#model_version:v2022.01.01,score_date:2022-09-03T00:00:00+0000
cve,epss,percentile
CVE-2021-31956,0.14694,0.95655
CVE-2021-31800,0.25288,0.96834
CVE-2022-24780,0.21647,0.9639
CVE-2022-33174,0.19548,0.96209
CVE-2021-4034,0.13064,0.95434
CVE-2022-0543,0.94217,0.99945
CVE-2022-1292,0.17166,0.96024
CVE-2022-25845,0.17909,0.96068
CVE-2022-0847,0.08242,0.9322
CVE-2022-24124,0.26571,0.97005
CVE-2022-24637,0.10855,0.94461
CVE-2021-36260,0.87785,0.99769
CVE-2017-8917,0.90169,0.99839
CVE-2021-41078,0.02683,0.81438
CVE-2020-7246,0.87305,0.99733
CVE-2022-0492,0.04804,0.88734
CVE-2018-1932,0.11752,0.94946
CVE-2018-19320,0.01669,0.7505
CVE-2018-19323,0.15351,0.95751
CVE-2019-1932,0.02763,0.82184
CVE-2008-0166,0.38269,0.97884
CVE-2020-1472,0.95011,0.99962
CVE-2022-27254,0.0215,0.79193
CVE-2022-21371,0.54338,0.98704
CVE-2022-37042,0.63387,0.98926
CVE-2022-26809,0.2224,0.96443
CVE-2022-23779,0.08592,0.93626
CVE-2022-34265,0.15351,0.95751
CVE-2022-32250,0.05839,0.90002
CVE-2021-34527,0.25101,0.96781
CVE-2021-1675,0.16435,0.95927
CVE-2021-3560,0.05863,0.90059
CVE-2022-22947,0.69867,0.99097
CVE-2022-26134,0.86384,0.99693
CVE-2022-27255,0.19462,0.96197
CVE-2022-27924,0.05736,0.89855
CVE-2022-27925,0.14469,0.95631
CVE-2018-0798,0.64364,0.98962
CVE-2022-31793,0.26571,0.97005
CVE-2022-2414,0.09029,0.9384
CVE-2022-20229,0.15362,0.95777
CVE-2022-20224,0.15362,0.95777
CVE-2022-26923,0.02288,0.80615
CVE-2020-15802,0.05736,0.89855
CVE-2022-20361,0.15362,0.95777
CVE-2020-6364,0.15351,0.95751
CVE-2022-29247,0.15362,0.95777
CVE-2020-9496,0.95,0.99961
CVE-2022-34169,0.44262,0.98234
CVE-2017-0199,0.95487,0.99973
CVE-2017-11882,0.85133,0.99648
CVE-2017-11886,0.13331,0.95489
CVE-2013-2028,0.81899,0.99528
CVE-2011-0104,0.83525,0.99583
CVE-2012-0158,0.94693,0.99954
CVE-2010-3333,0.89491,0.99817
CVE-2022-31269,0.13364,0.95492
CVE-2022-33891,0.14055,0.95602
CVE-2021-44228,0.90484,0.99855
CVE-2021-21300,0.64953,0.98978
CVE-2021-43908,0.09127,0.93865
CVE-2022-31262,0.02737,0.82124
CVE-2022-36446,0.85641,0.99664
CVE-2021-4154,0.01669,0.7505
CVE-2021-44852,0.02763,0.82184
CVE-2022-21894,0.01372,0.70731
CVE-2022-21881,0.01405,0.71226
CVE-2022-31101,0.11752,0.94946
CVE-2021-20038,0.63387,0.98926
CVE-2022-31061,0.09029,0.9384
CVE-2007-2447,0.79403,0.99447
CVE-2021-23841,0.35455,0.97734
CVE-2021-41773,0.92452,0.99905
CVE-2022-29582,0.04804,0.88734
CVE-2022-22620,0.18168,0.96092
CVE-2020-2038,0.09029,0.9384
CVE-2021-3060,0.2155,0.96387
CVE-2021-43617,0.12492,0.95161
CVE-2022-36946,0.05736,0.89855
CVE-2022-21661,0.17166,0.96024
CVE-2022-34918,0.04804,0.88734
CVE-2022-30190,0.69589,0.99086
CVE-2022-29464,0.91841,0.99888
CVE-2015-5531,0.70621,0.99128
CVE-2014-3120,0.75248,0.99291
CVE-2016-0728,0.05531,0.89518
CVE-2017-1000251,0.41897,0.98156
CVE-2022-22965,0.95668,0.9998
CVE-2021-41349,0.09127,0.93865
CVE-2022-26138,0.16531,0.95952
CVE-2022-21449,0.27302,0.97051
CVE-2022-2185,0.46456,0.98312
CVE-2015-1427,0.75248,0.99291
CVE-2022-1119,0.26571,0.97005
CVE-2018-10933,0.92171,0.99898
CVE-2018-7750,0.38053,0.9786
CVE-2021-42013,0.79611,0.99458
CVE-2020-2509,0.09029,0.9384
CVE-2022-28219,0.96053,0.99989
CVE-2018-2628,0.94899,0.99958
CVE-2022-30333,0.73665,0.99251
CVE-2019-12735,0.09422,0.93961
CVE-2019-15107,0.9572,0.99983
CVE-2022-35131,0.06915,0.91833
CVE-2002-2420,0.13011,0.95428
CVE-2022-23131,0.16531,0.95952
CVE-2021-22205,0.69867,0.99097
CVE-2022-29078,0.12492,0.95161
CVE-2019-17621,0.91305,0.99874
CVE-2017-7921,0.26571,0.97005
CVE-2019-8985,0.15362,0.95777
CVE-2022-35899,0.01412,0.72153
CVE-2022-20138,0.02763,0.82184
CVE-2021-20138,0.01366,0.70717
CVE-2021-36955,0.01372,0.70731
CVE-2022-22029,0.2224,0.96443
CVE-2022-22039,0.09891,0.94112
CVE-2017-7529,0.74623,0.99279
CVE-2018-19052,0.12492,0.95161
CVE-2022-0848,0.12492,0.95161
CVE-2020-3580,0.3708,0.97809
CVE-2021-46422,0.2217,0.96438
CVE-2022-20866,0.16581,0.95953
CVE-2022-22978,0.12492,0.95161
CVE-2022-1421,0.02561,0.81191
CVE-2022-31138,0.27305,0.97053
CVE-2022-31245,0.09029,0.9384
CVE-2022-33980,0.22009,0.9643
CVE-2021-25094,0.12492,0.95161
CVE-2020-17530,0.78038,0.99396
CVE-2021-31805,0.69867,0.99097
CVE-2021-27965,0.09029,0.9384
CVE-2019-18845,0.01404,0.71221
CVE-2009-4049,0.02339,0.80637
CVE-2022-23222,0.04804,0.88734
CVE-2022-31854,0.14469,0.95631
CVE-2020-5902,0.96817,0.99999
CVE-2022-26135,0.11752,0.94946
CVE-2020-7471,0.24563,0.96683
CVE-2020-0136,0.02763,0.82184
CVE-2022-20133,0.02763,0.82184
CVE-2020-27368,0.01404,0.71221
CVE-2022-30887,0.15362,0.95777
CVE-2021-3156,0.58695,0.98811
CVE-2017-12629,0.93075,0.99923
CVE-2022-1388,0.91511,0.99877
CVE-2019-6447,0.50278,0.98631
CVE-2022-24342,0.05246,0.89228
CVE-2019-5420,0.93095,0.99924
CVE-2022-26763,0.0244,0.80838
CVE-2022-20130,0.15362,0.95777
CVE-2022-29885,0.05736,0.89855
CVE-2021-42237,0.93138,0.99927
CVE-2020-26413,0.10828,0.94442
CVE-2021-23017,0.4762,0.98458
CVE-2021-25003,0.10855,0.94461
CVE-2020-6468,0.18152,0.96091
CVE-2022-34962,0.03867,0.84862
CVE-2022-34961,0.03867,0.84862
CVE-2022-34963,0.03867,0.84862
CVE-2016-5195,0.11512,0.94836
CVE-2022-1903,0.09029,0.9384
CVE-2018-3990,0.01669,0.7505
CVE-2014-6271,0.96235,0.99995
CVE-2021-26855,0.9621,0.99994
CVE-2021-27065,0.61804,0.98887
CVE-2021-38314,0.08592,0.93626
CVE-2019-10742,0.05736,0.89855
CVE-2022-29455,0.06344,0.90515
CVE-2021-21551,0.02319,0.80625
CVE-2020-17519,0.94781,0.99956
CVE-2022-22980,0.09029,0.9384
CVE-2019-19945,0.04499,0.88264
CVE-2021-22005,0.92029,0.99895
CVE-2022-26937,0.2224,0.96443
CVE-2018-4084,0.01512,0.72795
CVE-2019-17662,0.87485,0.99743
CVE-2016-4977,0.61083,0.98875
CVE-2022-22963,0.94581,0.99952
CVE-2022-22588,0.01404,0.71221
CVE-2002-1614,0.0319,0.83311
CVE-2022-26757,0.03189,0.8331
CVE-2017-9841,0.79022,0.99441
CVE-2012-2982,0.82628,0.99547
CVE-2022-30023,0.11752,0.94946
CVE-2018-15856,0.02008,0.78476
CVE-2018-18839,0.05736,0.89855
CVE-2018-19854,0.04804,0.88734
CVE-2019-3560,0.04499,0.88264
CVE-2019-12874,0.20148,0.96258
CVE-2019-1010319,0.04713,0.88663
CVE-2022-30525,0.92833,0.99918
CVE-2022-31294,0.02561,0.81191
CVE-2021-38540,0.34905,0.97694
CVE-2020-27786,0.02737,0.82124
CVE-2022-24086,0.35544,0.97738
CVE-2021-3749,0.23437,0.96553
CVE-2022-30075,0.52138,0.98667
CVE-2017-13156,0.14929,0.95683
CVE-2018-11776,0.957,0.99982
CVE-2022-23642,0.59769,0.98831
CVE-2018-17240,0.12492,0.95161
CVE-2020-11898,0.27336,0.97056
CVE-2017-8570,0.90147,0.99837
CVE-2019-1205,0.21188,0.96376
CVE-2020-0796,0.95643,0.99978
CVE-2017-8464,0.96393,0.99997
CVE-2020-17087,0.01372,0.70731
CVE-2021-43230,0.01372,0.70731
CVE-2021-43231,0.01372,0.70731
CVE-2021-43240,0.01372,0.70731
CVE-2021-43229,0.01372,0.70731
CVE-2019-3396,0.96089,0.99991
CVE-2021-0589,0.02763,0.82184
CVE-2022-24713,0.27298,0.97049
CVE-2022-29622,0.26894,0.97022
CVE-2022-32988,0.02561,0.81191
CVE-2021-25076,0.11752,0.94946
CVE-2020-29607,0.44855,0.98259
CVE-2021-30190,0.10855,0.94461
CVE-2022-26133,0.50604,0.98634
CVE-2021-3129,0.92488,0.99908
CVE-2021-22054,0.16531,0.95952
CVE-2022-22954,0.93243,0.99929
CVE-2022-0997,0.01404,0.71221
CVE-2022-0486,0.01404,0.71221
CVE-2011-2523,0.123,0.95105
CVE-2014-7169,0.83508,0.99582
CVE-2014-7186,0.84572,0.99623
CVE-2022-30910,0.09029,0.9384
CVE-2020-2551,0.95975,0.99986
CVE-2020-13935,0.49348,0.98531
CVE-2018-6574,0.25691,0.96886
CVE-2022-24644,0.18069,0.96075
CVE-2021-40444,0.90841,0.99862
CVE-2010-5301,0.46483,0.98314
CVE-2019-16759,0.96817,0.99999
CVE-2022-27438,0.53745,0.98694
CVE-2022-29303,0.16531,0.95952
CVE-2022-23337,0.09029,0.9384
CVE-2019-8942,0.66572,0.99005
CVE-2019-8943,0.14004,0.95598
CVE-2021-43408,0.09029,0.9384
CVE-2021-44444,0.01404,0.71221
CVE-2022-1598,0.08592,0.93626
CVE-2021-24160,0.2385,0.96589
CVE-2017-7494,0.95647,0.99979
CVE-2022-22972,0.16531,0.95952
CVE-2021-22986,0.93998,0.9994
CVE-2021-41451,0.06947,0.91838
CVE-2021-46353,0.05463,0.89462
CVE-2021-41445,0.34951,0.97695
CVE-2021-41442,0.08662,0.93645
CVE-2021-41436,0.31437,0.97473
CVE-2021-41435,0.28446,0.97169
CVE-2021-41450,0.06947,0.91838
CVE-2021-41449,0.01669,0.7505
CVE-2021-41441,0.04134,0.85369
CVE-2021-37910,0.04499,0.88264
CVE-2021-40288,0.04499,0.88264
CVE-2021-41753,0.04499,0.88264
CVE-2021-41788,0.04499,0.88264
CVE-2017-6516,0.06339,0.90513
CVE-2022-28346,0.123,0.95105
CVE-2022-24494,0.01372,0.70731
CVE-2018-25031,0.04134,0.85369
CVE-2019-15642,0.52138,0.98667
CVE-2018-6242,0.01404,0.71221
CVE-2022-0540,0.2217,0.96438
CVE-2021-45960,0.19053,0.96159
CVE-2021-46143,0.03305,0.83533
CVE-2021-0308,0.03886,0.84939
CVE-2022-29221,0.22705,0.96464
CVE-2022-21789,0.02763,0.82184
CVE-2020-25213,0.9572,0.99983
CVE-2022-25235,0.17166,0.96024
CVE-2021-25804,0.04499,0.88264
CVE-2019-11358,0.58527,0.98799
CVE-2022-24706,0.261,0.96947
CVE-2022-26726,0.04134,0.85369
CVE-2022-1040,0.4552,0.98274
CVE-2022-21971,0.12761,0.95375
CVE-2022-22916,0.2385,0.96589
CVE-2022-26318,0.15362,0.95777
CVE-2021-0302,0.02763,0.82184
CVE-2010-1622,0.72128,0.99193
CVE-2022-30489,0.04983,0.89001
CVE-2022-30780,0.07176,0.91934
CVE-2021-3572,0.0307,0.82948
CVE-2017-9096,0.09187,0.93917
CVE-2021-46417,0.2217,0.96438
CVE-2020-4450,0.46456,0.98312
CVE-2020-4464,0.44855,0.98259
CVE-2022-24611,0.01404,0.71221
CVE-2022-21907,0.47552,0.98457
CVE-2022-1597,0.04983,0.89001
CVE-2014-8609,0.01669,0.7505
CVE-2021-21972,0.94315,0.99947
CVE-2022-24734,0.7825,0.9942
CVE-2021-41117,0.19462,0.96197
CVE-2022-1051,0.02561,0.81191
CVE-2022-22968,0.05736,0.89855
CVE-2022-23253,0.02288,0.80615
CVE-2020-0688,0.7993,0.99479
CVE-2022-25315,0.17166,0.96024
CVE-2022-25314,0.19173,0.96167
CVE-2022-25313,0.11613,0.94848
CVE-2022-28944,0.37924,0.97847
CVE-2022-23852,0.17909,0.96068
CVE-2020-25540,0.73957,0.99258
CVE-2020-13945,0.16531,0.95952
CVE-2021-45232,0.8603,0.99683
CVE-2015-0311,0.93665,0.99935
CVE-2021-21980,0.10855,0.94461
CVE-2020-3452,0.8197,0.99529
CVE-2018-0296,0.96113,0.99993
CVE-2016-10190,0.24218,0.96659
CVE-2021-43287,0.2217,0.96438
CVE-2022-0441,0.71189,0.99141
CVE-2022-25236,0.17166,0.96024
CVE-2022-24924,0.04499,0.88264
CVE-2019-9053,0.23092,0.96509
CVE-2022-25262,0.09029,0.9384
CVE-2021-39174,0.11752,0.94946
CVE-2021-22204,0.49799,0.98622
CVE-2022-22204,0.04499,0.88264
CVE-2020-0215,0.02763,0.82184
CVE-2018-17552,0.14903,0.95681
CVE-2018-17553,0.44855,0.98259
CVE-2022-24707,0.14043,0.95601
CVE-2021-43893,0.02342,0.80637
CVE-2022-1077,0.09029,0.9384
CVE-2020-0418,0.04002,0.85272
CVE-2021-0963,0.02763,0.82184
CVE-2020-0155,0.02763,0.82184
CVE-2021-0313,0.07931,0.9297
CVE-2020-0198,0.25398,0.96856
CVE-2021-0516,0.15362,0.95777
CVE-2021-25837,0.04499,0.88264
CVE-2021-30937,0.03189,0.8331
CVE-2020-0453,0.02763,0.82184
CVE-2021-24507,0.09029,0.9384
CVE-2020-0452,0.53745,0.98694
CVE-2021-0329,0.02763,0.82184
CVE-2021-0328,0.02763,0.82184
CVE-2022-23990,0.17909,0.96068
CVE-2019-2215,0.16489,0.95934
CVE-2016-3714,0.92622,0.99909
CVE-2021-0326,0.12388,0.95122
CVE-2021-39692,0.02763,0.82184
CVE-2021-32157,0.05246,0.89228
CVE-2021-43857,0.52138,0.98667
CVE-2018-7600,0.96053,0.99989
CVE-2021-32849,0.14469,0.95631
CVE-2021-35042,0.1468,0.95655
CVE-2021-35942,0.15351,0.95751
CVE-2013-2006,0.04804,0.88734
CVE-2013-0212,0.25977,0.96919
CVE-2022-29548,0.04983,0.89001
CVE-2021-42697,0.07176,0.91934
CVE-2021-36460,0.01412,0.72153
CVE-2014-8767,0.3572,0.9775
CVE-2014-8768,0.51365,0.98648
CVE-2014-8769,0.37149,0.97815
CVE-2019-15166,0.23437,0.96553
CVE-2021-0340,0.13054,0.95433
CVE-2020-0183,0.02763,0.82184
CVE-2021-0522,0.15362,0.95777
CVE-2021-44142,0.52138,0.98667
CVE-2022-29597,0.10855,0.94461
CVE-2022-29598,0.02561,0.81191
CVE-2021-0519,0.02763,0.82184
CVE-2016-10924,0.16531,0.95952
CVE-2022-0265,0.09029,0.9384
CVE-2021-0474,0.15362,0.95777
CVE-2021-0431,0.15362,0.95777
CVE-2021-0435,0.15362,0.95777
CVE-2018-14714,0.09029,0.9384
CVE-2020-36109,0.15362,0.95777
CVE-2020-0176,0.15362,0.95777
CVE-2021-36981,0.2385,0.96589
CVE-2022-1329,0.44855,0.98259
CVE-2022-29968,0.01669,0.7505
CVE-2015-1635,0.93779,0.99937
CVE-2020-27824,0.0215,0.79193
CVE-2022-29072,0.02737,0.82124
CVE-2022-0778,0.35455,0.97734
CVE-2021-0594,0.02763,0.82184
CVE-2021-21220,0.84469,0.99615
CVE-2021-21224,0.57747,0.98767
CVE-2021-22555,0.16128,0.95896
CVE-2021-31955,0.01614,0.74877
CVE-2021-3449,0.35455,0.97734
CVE-2021-42321,0.31667,0.97479
CVE-2021-42913,0.10855,0.94461
CVE-2021-44529,0.32533,0.97516
CVE-2021-44827,0.11752,0.94946
CVE-2020-0001,0.02763,0.82184
CVE-2021-39749,0.02763,0.82184
CVE-2017-18349,0.46456,0.98312
CVE-2017-12149,0.51193,0.98643
CVE-2022-0185,0.01787,0.75954
CVE-2017-5638,0.95674,0.9998
CVE-2015-6967,0.58828,0.98811
CVE-2019-11447,0.352,0.97713
CVE-2019-16113,0.73227,0.99228
CVE-2020-27955,0.93519,0.99933
CVE-2022-24497,0.2224,0.96443
CVE-2022-24097,0.07947,0.92973
CVE-2021-0316,0.15362,0.95777
CVE-2022-24675,0.16306,0.95921
CVE-2021-30731,0.01404,0.71221
CVE-2005-1794,0.1825,0.96106
CVE-2003-0264,0.65746,0.98986
CVE-2022-22822,0.15351,0.95751
CVE-2022-22827,0.09187,0.93917
CVE-2020-0138,0.15362,0.95777
CVE-2021-0507,0.02763,0.82184
CVE-2018-5146,0.18006,0.96072
CVE-2019-8014,0.31326,0.9747
CVE-2020-28653,0.46456,0.98312
CVE-2012-4869,0.87318,0.99738
CVE-2018-9995,0.49787,0.98621
CVE-2018-1002105,0.38053,0.9786
CVE-2022-28117,0.05372,0.8944
CVE-2022-32119,0.11752,0.94946
CVE-2019-1653,0.95043,0.99963
CVE-2020-24186,0.92488,0.99908
CVE-2022-25636,0.04804,0.88734
CVE-2021-0476,0.02763,0.82184
CVE-2020-0471,0.15362,0.95777
CVE-2020-0377,0.15362,0.95777
CVE-2020-0413,0.15362,0.95777
CVE-2017-9506,0.3231,0.97496
CVE-2021-40438,0.97224,1
CVE-2022-1015,0.01669,0.7505
CVE-2022-1016,0.01669,0.7505
CVE-2022-1026,0.09029,0.9384
CVE-2022-22536,0.19548,0.96209
CVE-2021-37740,0.05736,0.89855
CVE-2020-0451,0.13054,0.95433
CVE-2021-42278,0.02288,0.80615
CVE-2021-42287,0.02288,0.80615
CVE-2021-0397,0.15362,0.95777
CVE-2021-3864,0.0309,0.82991
CVE-2020-0225,0.15362,0.95777
CVE-2022-24934,0.2385,0.96589
CVE-2009-2265,0.92736,0.99915
CVE-2009-3555,0.68651,0.99071
CVE-2022-23884,0.09029,0.9384
CVE-2020-25613,0.10742,0.94421
CVE-2019-9193,0.88202,0.9979
CVE-2020-3187,0.83714,0.99591
CVE-2021-21017,0.31326,0.9747
CVE-2020-0551,0.02683,0.81438
CVE-2020-10673,0.12339,0.95119
CVE-2020-10987,0.09029,0.9384
CVE-2020-11113,0.12339,0.95119
CVE-2020-11881,0.04499,0.88264
CVE-2020-12351,0.01404,0.71221
CVE-2020-14195,0.20148,0.96258
CVE-2020-14871,0.92145,0.99898
CVE-2020-15916,0.09029,0.9384
CVE-2020-17453,0.06344,0.90515
CVE-2020-17456,0.69867,0.99097
CVE-2020-1967,0.35455,0.97734
CVE-2020-24297,0.09029,0.9384
CVE-2020-24616,0.17166,0.96024
CVE-2020-24750,0.17166,0.96024
CVE-2020-2555,0.94023,0.99941
CVE-2020-28414,0.02561,0.81191
CVE-2020-28415,0.02561,0.81191
CVE-2020-3153,0.01669,0.7505
CVE-2020-3433,0.02683,0.81438
CVE-2020-3434,0.01404,0.71221
CVE-2020-3435,0.01404,0.71221
CVE-2020-35498,0.07176,0.91934
CVE-2020-5014,0.02683,0.81438
CVE-2020-5398,0.78803,0.99436
CVE-2020-5903,0.02561,0.81191
CVE-2021-27928,0.66572,0.99005
CVE-2017-0037,0.96089,0.99992
CVE-2022-21668,0.13141,0.95472
CVE-2022-0995,0.02448,0.80841
CVE-2022-28113,0.14469,0.95631
CVE-2022-26629,0.09029,0.9384
CVE-2022-23648,0.17166,0.96024
CVE-2018-20250,0.84806,0.9963
CVE-2019-16278,0.95739,0.99984
CVE-2020-8163,0.81717,0.99523
CVE-2022-27666,0.01669,0.7505
CVE-2020-1034,0.01372,0.70731
CVE-2021-43530,0.02561,0.81191
CVE-2022-0824,0.66053,0.98994
CVE-2020-6418,0.93592,0.99934
CVE-2020-36518,0.07176,0.91934
CVE-2017-1000004,0.19766,0.96211
CVE-2013-0156,0.90401,0.99853
CVE-2013-0269,0.37149,0.97815
CVE-2013-1300,0.03613,0.84252
CVE-2013-1488,0.94311,0.99947
CVE-2013-1491,0.63697,0.98933
CVE-2013-1690,0.83349,0.99571
CVE-2013-2094,0.03821,0.84849
CVE-2013-2186,0.42034,0.98158
CVE-2013-2595,0.01404,0.71221
CVE-2013-2596,0.07834,0.92961
CVE-2013-2597,0.01404,0.71221
CVE-2013-2729,0.83248,0.99568
CVE-2013-2730,0.79391,0.99446
CVE-2013-5211,0.88124,0.99775
CVE-2013-5842,0.37149,0.97815
CVE-2013-6117,0.71512,0.99153
CVE-2013-6282,0.12992,0.95426
CVE-2014-0038,0.02302,0.80624
CVE-2014-0160,0.96076,0.9999
CVE-2014-0521,0.144,0.95622
CVE-2014-0816,0.02424,0.80763
CVE-2014-1266,0.17166,0.96024
CVE-2014-3153,0.02302,0.80624
CVE-2014-3566,0.93672,0.99936
CVE-2014-3625,0.15351,0.95751
CVE-2014-4113,0.05685,0.89813
CVE-2014-4210,0.42473,0.98176
CVE-2014-4322,0.02243,0.80454
CVE-2014-4323,0.01404,0.71221
CVE-2014-4377,0.11545,0.94838
CVE-2014-4378,0.09425,0.93964
CVE-2014-7911,0.03033,0.82853
CVE-2014-7920,0.09029,0.9384
CVE-2014-7921,0.09029,0.9384
CVE-2015-0057,0.01961,0.77613
CVE-2015-0313,0.94129,0.99943
CVE-2015-1528,0.01787,0.75954
CVE-2015-1538,0.76704,0.99361
CVE-2015-1701,0.03613,0.84252
CVE-2015-1805,0.06674,0.91154
CVE-2015-2546,0.11712,0.94931
CVE-2015-3152,0.23437,0.96553
CVE-2015-3306,0.93768,0.99936
CVE-2015-3636,0.05839,0.90002
CVE-2015-4852,0.92712,0.99915
CVE-2015-5119,0.91006,0.99866
CVE-2015-5477,0.91598,0.99879
CVE-2015-5602,0.03821,0.84849
CVE-2015-6086,0.72279,0.99201
CVE-2015-6095,0.02829,0.82353
CVE-2015-6132,0.86149,0.99688
CVE-2015-6612,0.01404,0.71221
CVE-2015-6620,0.01404,0.71221
CVE-2015-6639,0.02594,0.81245
CVE-2015-7547,0.92385,0.99903
CVE-2015-7755,0.88933,0.99803
CVE-2015-7756,0.27336,0.97056
CVE-2016-0040,0.03613,0.84252
CVE-2016-0049,0.39684,0.98012
CVE-2016-0051,0.05138,0.89051
CVE-2016-0189,0.94913,0.99958
CVE-2016-0638,0.56542,0.98746
CVE-2016-0792,0.92987,0.99921
CVE-2016-0801,0.51202,0.98643
CVE-2016-0846,0.02594,0.81245
CVE-2016-10033,0.96287,0.99996
CVE-2016-10709,0.73472,0.99241
CVE-2016-1757,0.03961,0.85213
CVE-2016-1764,0.03283,0.83531
CVE-2016-2107,0.59678,0.98825
CVE-2016-2431,0.01404,0.71221
CVE-2016-2434,0.01404,0.71221
CVE-2016-3308,0.02746,0.82132
CVE-2016-3309,0.01961,0.77613
CVE-2016-3510,0.89342,0.99812
CVE-2016-4622,0.29396,0.97214
CVE-2016-4655,0.06,0.90115
CVE-2016-4656,0.02194,0.80198
CVE-2016-6366,0.91774,0.99887
CVE-2016-6515,0.47641,0.98461
CVE-2016-6754,0.43909,0.98227
CVE-2016-7200,0.91084,0.99869
CVE-2016-7201,0.91084,0.99869
CVE-2016-7255,0.01961,0.77613
CVE-2017-0144,0.96089,0.99992
CVE-2017-0145,0.93222,0.99928
CVE-2017-0785,0.08167,0.93074
CVE-2017-1000353,0.93095,0.99924
CVE-2017-10271,0.94548,0.99952
CVE-2017-12617,0.94973,0.9996
CVE-2017-17099,0.03982,0.85264
CVE-2017-18047,0.64825,0.98975
CVE-2017-3248,0.92145,0.99898
CVE-2017-3506,0.85574,0.99663
CVE-2017-5715,0.76928,0.99371
CVE-2017-5753,0.76928,0.99371
CVE-2017-7269,0.95146,0.99965
CVE-2017-8759,0.91829,0.99887
CVE-2017-9805,0.95975,0.99987
CVE-2018-0802,0.75486,0.99315
CVE-2018-0886,0.9428,0.99946
CVE-2018-13379,0.95288,0.99967
CVE-2018-13382,0.1294,0.95418
CVE-2018-14847,0.93463,0.99931
CVE-2018-15473,0.36609,0.97783
CVE-2018-15982,0.83578,0.99586
CVE-2018-1999002,0.21804,0.96396
CVE-2018-2893,0.79432,0.99448
CVE-2018-2894,0.79432,0.99448
CVE-2018-3191,0.65932,0.98992
CVE-2018-3245,0.60694,0.98852
CVE-2018-3252,0.60694,0.98852
CVE-2018-8120,0.60397,0.98843
CVE-2018-8174,0.91472,0.99876
CVE-2018-8453,0.39806,0.98026
CVE-2018-8581,0.14175,0.95611
CVE-2018-8897,0.12625,0.95331
CVE-2019-0604,0.8487,0.99633
CVE-2019-0708,0.96235,0.99995
CVE-2019-0841,0.40935,0.98129
CVE-2019-1003000,0.92349,0.99902
CVE-2019-1003001,0.90163,0.99839
CVE-2019-1003002,0.90163,0.99839
CVE-2019-1040,0.22106,0.96431
CVE-2019-11043,0.96,0.99988
CVE-2019-11510,0.96507,0.99997
CVE-2019-11708,0.18199,0.96104
CVE-2019-11932,0.64352,0.98961
CVE-2019-12586,0.01512,0.72795
CVE-2019-12587,0.01512,0.72795
CVE-2019-12588,0.01512,0.72795
CVE-2019-1322,0.01405,0.71226
CVE-2019-13272,0.0241,0.80752
CVE-2019-1405,0.01405,0.71226
CVE-2019-17558,0.96094,0.99992
CVE-2019-18935,0.76704,0.99361
CVE-2019-19781,0.95611,0.99975
CVE-2019-2107,0.43909,0.98227
CVE-2019-2618,0.50195,0.98629
CVE-2019-2725,0.96288,0.99996
CVE-2019-2729,0.59672,0.98825
CVE-2019-2890,0.39619,0.98011
CVE-2019-5736,0.68367,0.99067
CVE-2019-5786,0.8736,0.9974
CVE-2019-6340,0.94596,0.99953
CVE-2019-9810,0.3661,0.97784
CVE-2020-0601,0.3832,0.97885
CVE-2020-0609,0.37706,0.97842
CVE-2020-0610,0.37706,0.97842
CVE-2020-0674,0.95631,0.99977
CVE-2020-0683,0.01865,0.76283
CVE-2020-0787,0.09099,0.9386
CVE-2020-10199,0.89013,0.99805
CVE-2020-10204,0.77248000000000006,0.99382
CVE-2020-11444,0.09029,0.9384
CVE-2020-11651,0.27336,0.97056
CVE-2020-11652,0.162,0.95908
CVE-2020-1362,0.01372,0.70731
CVE-2020-14750,0.95975,0.99986
CVE-2020-14882,0.94926,0.99959
CVE-2020-14883,0.56697,0.9875
CVE-2020-1938,0.96554,0.99998
CVE-2020-2546,0.49393,0.98537
CVE-2020-25684,0.19173,0.96167
CVE-2020-25685,0.14862,0.95674
CVE-2020-25686,0.14862,0.95674
CVE-2020-2798,0.39619,0.98011
CVE-2020-2801,0.49393,0.98537
CVE-2020-2883,0.9296,0.99921
CVE-2020-2884,0.49393,0.98537
CVE-2020-2915,0.13646,0.95563
CVE-2020-2950,0.16239,0.95913
CVE-2020-6286,0.05463,0.89462
CVE-2020-6287,0.95175,0.99966
CVE-2020-8012,0.53773,0.98697
CVE-2021-1732,0.01413,0.72153
CVE-2021-26084,0.96199,0.99993
CVE-2021-31166,0.85478,0.9966
CVE-2021-31195,0.3577,0.97753
CVE-2021-31196,0.09891,0.94112
CVE-2021-31207,0.02355,0.80649
CVE-2021-34473,0.61804,0.98887
CVE-2021-34523,0.16784,0.9597
CVE-2021-3493,0.08816,0.93665
CVE-2021-43798,0.88556,0.99799
CVE-2021-45046,0.71951,0.99169
CVE-2021-45105,0.44262,0.98234
CVE-2022-2022,0.02561,0.81191
CVE-2022-20699,0.68501,0.99068
CVE-2022-21882,0.01405,0.71226
CVE-2019-7609,0.75393,0.99313
CVE-2022-24112,0.69867,0.99097
CVE-2022-22639,0.02259,0.8058
CVE-2022-27226,0.44999,0.98262
CVE-2022-25640,0.04499,0.88264
CVE-2022-25949,0.01404,0.71221
CVE-2021-21975,0.7302,0.99222
CVE-2021-21983,0.04499,0.88264
CVE-2022-26503,0.01404,0.71221
CVE-2004-2687,0.73149,0.99225
CVE-2021-39165,0.09029,0.9384
CVE-2021-30955,0.02132,0.79162
CVE-2021-29441,0.2217,0.96438
CVE-2020-0443,0.02763,0.82184
CVE-2022-22909,0.2385,0.96589
CVE-2020-15175,0.09029,0.9384
CVE-2018-15727,0.76943,0.99372
CVE-2017-14954,0.01963,0.77711
CVE-2017-18344,0.045469999999999997,0.88283
CVE-2017-5123,0.02243,0.80454
CVE-2022-27134,0.04499,0.88264
CVE-2021-41277,0.16531,0.95952
CVE-2022-24122,0.02008,0.78476
CVE-2022-0853,0.04499,0.88264
CVE-2019-10999,0.19462,0.96197
CVE-2020-14144,0.84994,0.99646
CVE-2022-0487,0.02008,0.78476
CVE-2022-23940,0.2385,0.96589
CVE-2022-0829,0.06511,0.90633
CVE-2022-29593,0.05736,0.89855
CVE-2022-22946,0.01404,0.71221
CVE-2018-11235,0.33956,0.97597
CVE-2022-25090,0.15351,0.95751
CVE-2022-25064,0.46456,0.98312
CVE-2022-0529,0.02682,0.81431
CVE-2022-0530,0.04955,0.88905
CVE-2022-21974,0.12761,0.95375
CVE-2020-18326,0.07376,0.92243
CVE-2021-46702,0.01653,0.75023
CVE-2021-40875,0.26571,0.97005
CVE-2021-25461,0.01404,0.71221
CVE-2020-18324,0.03283,0.83531
CVE-2022-22845,0.15351,0.95751
CVE-2021-44521,0.42841,0.98186
CVE-2016-3116,0.42892,0.98199
CVE-2022-26159,0.12965,0.95421
CVE-2017-7651,0.07176,0.91934
CVE-2021-40449,0.09099,0.9386
CVE-2021-1965,0.09029,0.9384
CVE-2021-45007,0.02561,0.81191
CVE-2018-6479,0.04499,0.88264
CVE-2022-23046,0.11752,0.94946
CVE-2021-45416,0.02561,0.81191
CVE-2014-1767,0.01961,0.77613
CVE-2020-9484,0.89957,0.99835
CVE-2021-1883,0.0215,0.79193
CVE-2021-1585,0.46456,0.98312
CVE-2022-25089,0.15351,0.95751
CVE-2019-2205,0.15362,0.95777
CVE-2012-1876,0.91133,0.9987
CVE-2022-21877,0.01653,0.75024
CVE-2020-7247,0.95112,0.99964
CVE-2015-1328,0.02569,0.81202
CVE-2020-35749,0.44467,0.98237
CVE-2017-0505,0.02412,0.80753
CVE-2020-14321,0.40594,0.981
CVE-2013-1763,0.03821,0.84849
CVE-2019-17497,0.05246,0.89228
CVE-2018-4993,0.72153,0.99194
CVE-2020-35476,0.26588,0.97008
CVE-2021-0928,0.02763,0.82184
CVE-2013-3660,0.06037,0.90151
CVE-2018-0114,0.18528,0.9613
CVE-2018-16763,0.90608,0.99858
CVE-2022-24125,0.09029,0.9384
CVE-2022-24126,0.2385,0.96589
CVE-2021-4032,0.01412,0.72153
CVE-2021-43789,0.14903,0.95681
CVE-2017-11366,0.51031,0.9864
CVE-2018-14009,0.46456,0.98312
CVE-2021-4024,0.05736,0.89855
CVE-2022-22828,0.09029,0.9384
CVE-2021-4031,0.04499,0.88264
CVE-2022-23967,0.2385,0.96589
CVE-2010-1240,0.72143,0.99194
CVE-2022-0332,0.10855,0.94461
CVE-2021-40346,0.16306,0.95921
CVE-2019-18818,0.21866,0.96418
CVE-2019-19609,0.52138,0.98667
CVE-2021-32099,0.12492,0.95161
CVE-2015-0252,0.70441,0.99123000000000006
CVE-2016-0729,0.52134,0.98663
CVE-2016-4463,0.34284,0.97608
CVE-2017-12627,0.182,0.96105
CVE-2018-1311,0.261,0.96947
CVE-2018-18955,0.12625,0.95331
CVE-2021-43297,0.14055,0.95602
CVE-2019-17147,0.18069,0.96075
CVE-2021-28476,0.25101,0.96781
CVE-2021-24084,0.01614,0.74877
CVE-2021-24145,0.57119,0.98761
CVE-2021-38560,0.02561,0.81191
CVE-2021-4045,0.09029,0.9384
CVE-2021-42342,0.09029,0.9384
CVE-2021-42392,0.48334,0.98495
CVE-2021-43947,0.37252999999999997,0.97819
CVE-2021-45897,0.44855,0.98259
CVE-2021-45901,0.05736,0.89855
CVE-2021-46005,0.04983,0.89001
CVE-2021-46108,0.02561,0.81191
CVE-2022-0219,0.01404,0.71221
CVE-2022-0236,0.12492,0.95161
CVE-2022-21241,0.05246,0.89228
CVE-2022-21252,0.12991,0.95426
CVE-2022-21658,0.10675,0.94418
CVE-2022-21660,0.09029,0.9384
CVE-2022-21999,0.07627,0.92601
CVE-2022-22296,0.04499,0.88264
CVE-2022-22850,0.02561,0.81191
CVE-2022-22851,0.02561,0.81191
CVE-2022-22852,0.02561,0.81191
CVE-2022-23378,0.02561,0.81191
CVE-2021-46080,0.02561,0.81191
CVE-2021-24750,0.20994,0.96337
CVE-2021-46078,0.02561,0.81191
CVE-2021-32648,0.12492,0.95161
CVE-2021-35211,0.29514,0.97301
CVE-2015-9235,0.18199,0.96104
CVE-2019-18276,0.04082,0.85323
CVE-2020-9715,0.11151,0.94642
CVE-2021-0144,0.01404,0.71221
CVE-2021-0157,0.01404,0.71221
CVE-2021-0158,0.01404,0.71221
CVE-2019-9465,0.02763,0.82184
CVE-2012-5519,0.02395,0.80707
CVE-2020-7352,0.0258,0.8123
CVE-2021-22214,0.25896,0.96911
CVE-2014-7205,0.87411,0.99741
CVE-2012-2593,0.03483,0.84059
CVE-2021-30657,0.02795,0.82241
CVE-2021-30853,0.01404,0.71221
CVE-2016-10555,0.06726,0.91174
CVE-2018-1285,0.35688,0.97747
CVE-2020-11546,0.26588,0.97008
CVE-2021-46079,0.09029,0.9384
CVE-2021-46076,0.09029,0.9384
CVE-2021-40859,0.19548,0.96209
CVE-2021-45041,0.11752,0.94946
CVE-2022-29383,0.16531,0.95952
CVE-2022-23731,0.01404,0.71221
CVE-2020-35191,0.09029,0.9384
CVE-2017-11176,0.045469999999999997,0.88283
CVE-2021-44733,0.02008,0.78476
CVE-2016-4437,0.9454,0.99951
CVE-2019-6693,0.09029,0.9384
CVE-2016-10140,0.18199,0.96104
CVE-2006-3392,0.82188,0.99539
CVE-2021-43224,0.01614,0.74877
CVE-2021-43226,0.01372,0.70731
CVE-2021-43891,0.12761,0.95375
CVE-2021-43907,0.2224,0.96443
CVE-2017-0781,0.16387,0.95924
CVE-2021-35448,0.01412,0.72153
CVE-2019-16516,0.08934,0.93695
CVE-2021-44832,0.68637,0.9907
CVE-2021-23758,0.2385,0.96589
CVE-2021-45043,0.16531,0.95952
CVE-2021-39685,0.02763,0.82184
CVE-2019-17571,0.54004,0.987
CVE-2017-5645,0.39794,0.98026
CVE-2020-9488,0.34284,0.97608
CVE-2021-4104,0.68637,0.9907
CVE-2021-42550,0.11569,0.94843
CVE-2022-23302,0.60409,0.98844
CVE-2022-23305,0.1588,0.95888
CVE-2022-23307,0.17188,0.96026
CVE-2021-43008,0.15351,0.95751
CVE-2021-43325,0.01404,0.71221
CVE-2021-43326,0.01412,0.72153
CVE-2021-40839,0.14862,0.95674
CVE-2021-43936,0.19462,0.96197
CVE-2021-36749,0.16531,0.95952
CVE-2021-39863,0.07947,0.92973
CVE-2016-10956,0.2217,0.96438
CVE-2018-1207,0.2217,0.96438
CVE-2021-44077,0.957,0.99981
CVE-2019-15126,0.16672,0.95965
CVE-2020-5510,0.05473,0.895
CVE-2020-5509,0.15362,0.95777
CVE-2021-42008,0.01669,0.7505
CVE-2021-35616,0.06977,0.91857
CVE-2014-6287,0.93132,0.99925
CVE-2019-9367,0.15362,0.95777
CVE-2021-42835,0.02737,0.82124
CVE-2021-41379,0.01405,0.71226
CVE-2021-43883,0.01372,0.70731
CVE-2021-21086,0.07947,0.92973
CVE-2021-42230,0.15362,0.95777
CVE-2021-30807,0.02132,0.79162
CVE-2021-30860,0.04955,0.88905
CVE-2017-2824,0.43761,0.98222
CVE-2021-21042,0.144,0.95622
CVE-2020-0097,0.01404,0.71221
CVE-2020-0074,0.02763,0.82184
CVE-2021-24074,0.3577,0.97753
CVE-2021-24094,0.3577,0.97753
CVE-2021-24086,0.13392,0.95494
CVE-2021-44217,0.04134,0.85369
CVE-2020-14066,0.09029,0.9384
CVE-2020-14065,0.04499,0.88264
CVE-2020-14064,0.04499,0.88264
CVE-2010-2861,0.75893,0.99333
CVE-2017-12635,0.97109,0.99999
CVE-2017-16894,0.12492,0.95161
CVE-2018-6910,0.16531,0.95952
CVE-2018-7662,0.08592,0.93626
CVE-2019-17506,0.19548,0.96209
CVE-2020-11991,0.16531,0.95952
CVE-2020-9597,0.31326,0.9747
CVE-2021-26885,0.01372,0.70731
CVE-2021-29490,0.08592,0.93626
CVE-2021-3019,0.16531,0.95952
CVE-2021-3223,0.16531,0.95952
CVE-2021-40539,0.95954,0.99985
CVE-2005-2428,0.35802,0.97753
CVE-2007-0885,0.17477,0.96043
CVE-2009-0545,0.80797,0.99499
CVE-2009-4223,0.22986,0.96487
CVE-2010-1871,0.84803,0.99629
CVE-2011-4618,0.13689,0.95565
CVE-2011-4624,0.13302,0.95488
CVE-2011-4926,0.15578,0.95789
CVE-2011-5107,0.07214,0.92071
CVE-2011-5179,0.07214,0.92071
CVE-2011-5181,0.08464,0.93608
CVE-2011-5265,0.08428,0.93606
CVE-2012-0901,0.05958,0.90104
CVE-2012-2371,0.12622,0.9533
CVE-2012-4242,0.06066,0.90155
CVE-2012-5913,0.08428,0.93606
CVE-2013-2287,0.06066,0.90155
CVE-2013-3526,0.08428,0.93606
CVE-2014-2321,0.25896,0.96911
CVE-2014-2323,0.27336,0.97056
CVE-2014-9094,0.08428,0.93606
CVE-2015-6477,0.06344,0.90515
CVE-2016-0957,0.37566,0.97835
CVE-2017-0929,0.7302,0.99222
CVE-2017-10075,0.65722,0.98986
CVE-2017-11444,0.8603,0.99683
CVE-2017-12615,0.92481,0.99906
CVE-2017-14849,0.70524,0.99123000000000006
CVE-2017-15715,0.4579,0.98286
CVE-2017-16806,0.89162,0.99811
CVE-2017-17562,0.95344,0.99971
CVE-2017-5487,0.43883,0.98225
CVE-2017-6360,0.6474,0.98975
CVE-2017-6361,0.84741,0.99628
CVE-2017-7391,0.27452,0.9706
CVE-2018-1000129,0.32465,0.97514
CVE-2018-1000600,0.09949,0.94272
CVE-2018-11409,0.34103,0.976
CVE-2018-11759,0.88119,0.99775
CVE-2018-11784,0.83521,0.99583
CVE-2018-1247,0.15326,0.9573
CVE-2018-12634,0.2217,0.96438
CVE-2018-1271,0.6066,0.98851
CVE-2018-14728,0.85424,0.99659
CVE-2018-15640,0.82512,0.99545
CVE-2018-16668,0.08592,0.93626
CVE-2018-16670,0.08592,0.93626
CVE-2018-16671,0.08592,0.93626
CVE-2018-18069,0.40188,0.98038
CVE-2018-18264,0.65368,0.98983
CVE-2018-18326,0.62923,0.98917
CVE-2018-19386,0.40188,0.98038
CVE-2018-19439,0.37597,0.97835
CVE-2018-20062,0.84378,0.99611
CVE-2018-20824,0.3708,0.97809
CVE-2018-2791,0.8661,0.99702
CVE-2018-3167,0.16201,0.95909
CVE-2018-3714,0.70275,0.99118
CVE-2018-3760,0.65368,0.98983
CVE-2018-5230,0.3708,0.97809
CVE-2018-6389,0.68582,0.99069
CVE-2018-7490,0.73957,0.99258
CVE-2018-9126,0.83714,0.99591
CVE-2019-0230,0.89451,0.99816
CVE-2019-10475,0.60626,0.9885
CVE-2019-11248,0.62923,0.98917
CVE-2019-11580,0.95885,0.99984
CVE-2019-11581,0.94893,0.99957
CVE-2019-11600,0.93596,0.99935
CVE-2019-12314,0.81716,0.99523
CVE-2019-12461,0.21602,0.96389
CVE-2019-12593,0.74902,0.99284
CVE-2019-14205,0.65409,0.98984
CVE-2019-14322,0.7302,0.99222
CVE-2019-14470,0.09306,0.93944
CVE-2019-14696,0.21602,0.96389
CVE-2019-14974,0.26478,0.96988
CVE-2019-15043,0.55217,0.98725
CVE-2019-15859,0.25896,0.96911
CVE-2019-15889,0.0946,0.9397
CVE-2019-16097,0.70999,0.99135
CVE-2019-16662,0.95569,0.99974
CVE-2019-17382,0.85424,0.99659
CVE-2019-18394,0.8603,0.99683
CVE-2019-19368,0.60626,0.9885
CVE-2019-19719,0.459,0.98291
CVE-2019-19908,0.32333,0.97496
CVE-2019-19985,0.34103,0.976
CVE-2019-20141,0.40188,0.98038
CVE-2019-2588,0.7453,0.99277
CVE-2019-3799,0.76585,0.99353
CVE-2019-5418,0.95021,0.99962
CVE-2019-6112,0.3708,0.97809
CVE-2019-7192,0.79418,0.99447
CVE-2019-7238,0.8603,0.99683
CVE-2019-8442,0.7862,0.99432
CVE-2019-8446,0.52978,0.98682
CVE-2019-8449,0.37236,0.97816
CVE-2019-8451,0.71662,0.99155
CVE-2019-8903,0.88079,0.99774
CVE-2019-8982,0.71473,0.99149
CVE-2019-9082,0.84749,0.99629
CVE-2019-9670,0.81114,0.99505999999999994
CVE-2019-9978,0.55361,0.98729
CVE-2020-0618,0.94676,0.99954
CVE-2020-10148,0.84378,0.99611
CVE-2020-10220,0.5359,0.98687
CVE-2020-11034,0.33921,0.97596
CVE-2020-11450,0.72564,0.99208
CVE-2020-1147,0.94102,0.99943
CVE-2020-11530,0.81261,0.9951
CVE-2020-11710,0.83066,0.99564
CVE-2020-11854,0.75393,0.99313
CVE-2020-12145,0.8603,0.99683
CVE-2020-12271,0.86372,0.99693
CVE-2020-12720,0.87663,0.99768
CVE-2020-13167,0.94294,0.99946
CVE-2020-13379,0.81386,0.9951
CVE-2020-13937,0.56228,0.98738
CVE-2020-13942,0.83568,0.99585
CVE-2020-14179,0.32508,0.97515
CVE-2020-14181,0.93921,0.99938
CVE-2020-15004,0.36986,0.97804
CVE-2020-15129,0.54192,0.98703
CVE-2020-15505,0.95523,0.99973
CVE-2020-15920,0.94727,0.99955
CVE-2020-16139,0.87849,0.99769
CVE-2020-16270,0.24919,0.96734
CVE-2020-16846,0.87118,0.9972
CVE-2020-16952,0.83195,0.99567
CVE-2020-17506,0.4293,0.982
CVE-2020-19625,0.3846,0.97891
CVE-2020-2096,0.4177,0.98153
CVE-2020-2140,0.53509,0.98686
CVE-2020-2199,0.47685,0.98463
CVE-2020-22840,0.26221,0.96956
CVE-2020-23517,0.04983,0.89001
CVE-2020-24223,0.25812,0.96905
CVE-2020-24312,0.7302,0.99222
CVE-2020-24550,0.47685,0.98463
CVE-2020-24609,0.26478,0.96988
CVE-2020-24765,0.7036,0.99121
CVE-2020-24949,0.3846,0.97891
CVE-2020-27982,0.40188,0.98038
CVE-2020-28188,0.86372,0.99693
CVE-2020-29164,0.40188,0.98038
CVE-2020-29395,0.07942,0.92972
CVE-2020-35846,0.84741,0.99628
CVE-2020-36112,0.10356,0.94366
CVE-2020-3952,0.80908,0.995
CVE-2020-4038,0.40367,0.98042
CVE-2020-4463,0.7036,0.99121
CVE-2020-5284,0.58625,0.9881
CVE-2020-5377,0.86888,0.99709
CVE-2020-5405,0.61985,0.98888
CVE-2020-5410,0.9094,0.99864
CVE-2020-5412,0.74908,0.99284
CVE-2020-5777,0.86888,0.99709
CVE-2020-7048,0.62208,0.9889
CVE-2020-7209,0.95351,0.99971
CVE-2020-7473,0.82397,0.99541
CVE-2020-8091,0.3708,0.97809
CVE-2020-8115,0.459,0.98291
CVE-2020-8193,0.73862,0.99255
CVE-2020-8209,0.87267,0.99732
CVE-2020-8512,0.25812,0.96905
CVE-2020-8772,0.8603,0.99683
CVE-2020-8982,0.68182,0.99063
CVE-2020-9047,0.67311,0.99044
CVE-2020-9054,0.8946,0.99816
CVE-2020-9315,0.79477,0.9945
CVE-2020-9344,0.40188,0.98038
CVE-2020-9402,0.162,0.95908
CVE-2020-9757,0.83066,0.99564
CVE-2021-20837,0.26571,0.97005
CVE-2021-21402,0.58035,0.98771
CVE-2021-21978,0.94404,0.99949
CVE-2021-22122,0.3708,0.97809
CVE-2021-22873,0.42472,0.98175
CVE-2021-24286,0.02561,0.81191
CVE-2021-24291,0.04983,0.89001
CVE-2021-25646,0.9294,0.99919
CVE-2021-26475,0.04983,0.89001
CVE-2021-27132,0.16531,0.95952
CVE-2021-28937,0.19548,0.96209
CVE-2021-29622,0.33921,0.97596
CVE-2021-30461,0.26588,0.97008
CVE-2021-31249,0.10828,0.94442
CVE-2021-31250,0.05944,0.90103
CVE-2021-31537,0.07924,0.92969
CVE-2021-31581,0.02763,0.82184
CVE-2021-32820,0.26571,0.97005
CVE-2021-33221,0.16531,0.95952
CVE-2021-3374,0.08592,0.93626
CVE-2021-3377,0.04983,0.89001
CVE-2021-3378,0.82994,0.99558
CVE-2021-33904,0.04983,0.89001
CVE-2019-16313,0.16531,0.95952
CVE-2019-16920,0.69867,0.99097
CVE-2020-27986,0.16531,0.95952
CVE-2021-2109,0.43245,0.98205
CVE-2021-40531,0.2385,0.96589
CVE-2021-37580,0.16531,0.95952
CVE-2018-7422,0.42738,0.98182
CVE-2013-2171,0.01834,0.76196
CVE-2020-28032,0.20148,0.96258
CVE-2020-35314,0.53745,0.98694
CVE-2018-19571,0.17187,0.96026
CVE-2018-20148,0.17166,0.96024
CVE-2020-5504,0.14469,0.95631
CVE-2021-21315,0.0399,0.8527
CVE-2020-7699,0.20776,0.96334
CVE-2019-18370,0.09029,0.9384
CVE-2019-18371,0.16531,0.95952
CVE-2021-36808,0.01404,0.71221
CVE-2021-43267,0.123,0.95105
CVE-2021-33026,0.15362,0.95777
CVE-2021-2205,0.13646,0.95563
CVE-2021-42671,0.14903,0.95681
CVE-2021-42670,0.46456,0.98312
CVE-2021-42669,0.14903,0.95681
CVE-2021-42668,0.53745,0.98694
CVE-2021-42667,0.46456,0.98312
CVE-2021-42666,0.52138,0.98667
CVE-2021-42665,0.15351,0.95751
CVE-2021-42664,0.03867,0.84862
CVE-2021-42662,0.03867,0.84862
CVE-2021-42663,0.02561,0.81191
CVE-2020-0022,0.12388,0.95122
CVE-2021-26294,0.29184,0.97203
CVE-2021-29156,0.19548,0.96209
CVE-2021-34429,0.27302,0.97051
CVE-2021-24545,0.02561,0.81191
CVE-2021-42694,0.12262,0.95096
CVE-2021-42574,0.30325,0.97392
CVE-2021-22119,0.19291,0.96189
CVE-2021-41646,0.2385,0.96589
CVE-2021-41644,0.09029,0.9384
CVE-2021-41643,0.15362,0.95777
CVE-2018-8947,0.29468,0.97299
CVE-2020-10963,0.24176,0.96657
CVE-2021-42327,0.01669,0.7505
CVE-2020-0668,0.23063,0.96507
CVE-2021-30573,0.27766,0.97091
CVE-2018-1123,0.23437,0.96553
CVE-2021-2471,0.13646,0.95563
CVE-2021-23463,0.15351,0.95751
CVE-2019-3980,0.09029,0.9384
CVE-2019-6339,0.46456,0.98312
CVE-2021-21234,0.63727,0.98934
CVE-2021-24884,0.37924,0.97847
CVE-2021-33044,0.2217,0.96438
CVE-2022-22948,0.09029,0.9384
CVE-2020-11022,0.17112,0.96008
CVE-2020-11023,0.25024,0.96737
CVE-2020-25078,0.16531,0.95952
CVE-2021-30682,0.03543,0.84131
CVE-2021-26920,0.14973,0.95686
CVE-2021-38295,0.01404,0.71221
CVE-2021-30858,0.19803,0.96214
CVE-2020-10770,0.08592,0.93626
CVE-2019-14287,0.39898,0.98029
CVE-2021-37980,0.09187,0.93917
CVE-2019-1881,0.05246,0.89228
CVE-2021-40904,0.18069,0.96075
CVE-2021-40905,0.18069,0.96075
CVE-2021-40906,0.02561,0.81191
CVE-2021-34486,0.01372,0.70731
CVE-2021-33045,0.12492,0.95161
CVE-2019-15858,0.30558,0.97397
CVE-2016-9079,0.92627,0.99911
CVE-2021-27513,0.09029,0.9384
CVE-2021-41381,0.26571,0.97005
CVE-2019-15032,0.05736,0.89855
CVE-2019-15033,0.11752,0.94946
CVE-2020-28043,0.09029,0.9384
CVE-2020-9376,0.2217,0.96438
CVE-2020-9377,0.44855,0.98259
CVE-2021-35492,0.06511,0.90633
CVE-2021-3625,0.09029,0.9384
CVE-2014-2815,0.77148,0.9938
CVE-2019-12840,0.63825,0.98937
CVE-2021-26085,0.08592,0.93626
CVE-2021-24563,0.02561,0.81191
CVE-2018-15961,0.95996,0.99987
CVE-2021-21973,0.08592,0.93626
CVE-2021-22893,0.53745,0.98694
CVE-2018-6892,0.92466,0.99905
CVE-2021-35296,0.09029,0.9384
CVE-2021-41648,0.26571,0.97005
CVE-2021-42171,0.14043,0.95601
CVE-2021-41651,0.09029,0.9384
CVE-2021-41649,0.26571,0.97005
CVE-2021-41647,0.18199,0.96104
CVE-2021-33739,0.01372,0.70731
CVE-2021-38647,0.95952,0.99985
CVE-2015-3090,0.92759,0.99916
CVE-2015-3105,0.92759,0.99916
CVE-2015-5122,0.91006,0.99866
CVE-2021-22911,0.15351,0.95751
CVE-2021-2456,0.16239,0.95913
CVE-2021-2302,0.13646,0.95563
CVE-2021-36711,0.48334,0.98495
CVE-2020-2853,0.08384,0.93598
CVE-2018-18925,0.26588,0.97008
CVE-2021-40845,0.27305,0.97053
CVE-2020-0041,0.02763,0.82184
CVE-2020-25233,0.01404,0.71221
CVE-2021-37678,0.02683,0.81438
CVE-2019-9791,0.30487,0.97394
CVE-2021-39115,0.09029,0.9384
CVE-2021-36798,0.04499,0.88264
CVE-2018-15877,0.68116,0.99062
CVE-2021-34646,0.09029,0.9384
CVE-2021-28663,0.09029,0.9384
CVE-2020-8515,0.64728,0.98974
CVE-2021-33766,0.13392,0.95494
CVE-2021-40353,0.09029,0.9384
CVE-2016-10045,0.84546,0.99616
CVE-2002-20001,0.07176,0.91934
CVE-2020-25223,0.92488,0.99908
CVE-2021-29447,0.11569,0.94843
CVE-2021-22123,0.10855,0.94461
CVE-2020-27223,0.4729,0.98448
CVE-2021-39408,0.02561,0.81191
CVE-2017-3599,0.52297,0.98668
CVE-2021-32644,0.02561,0.81191
CVE-2021-38619,0.03283,0.83531
CVE-2021-38699,0.04857,0.88818
CVE-2021-36934,0.09099,0.9386
CVE-2021-38602,0.02561,0.81191
CVE-2020-35606,0.42113,0.98159
CVE-2017-1000117,0.85995,0.99679
CVE-2021-34423,0.19462,0.96197
CVE-2020-1020,0.37706,0.97842
CVE-2021-2394,0.41812,0.98154
CVE-2021-0485,0.02763,0.82184
CVE-2020-35847,0.21866,0.96418
CVE-2020-35848,0.26571,0.97005
CVE-2021-38149,0.02561,0.81191
CVE-2017-1000486,0.71078,0.99139
CVE-2021-40222,0.15362,0.95777
CVE-2021-40223,0.02561,0.81191
CVE-2016-8740,0.72654,0.99214
CVE-2021-2204,0.2729,0.97049
CVE-2018-3149,0.18006,0.96072
CVE-2020-14756,0.13646,0.95563
CVE-2019-18634,0.045469999999999997,0.88283
CVE-2021-24155,0.57119,0.98761
CVE-2018-3810,0.26571,0.97005
CVE-2021-1480,0.02763,0.82184
CVE-2020-5248,0.04499,0.88264
CVE-2018-12636,0.0717,0.9192
CVE-2019-7304,0.29468,0.97299
CVE-2020-28502,0.15351,0.95751
CVE-2021-3438,0.01404,0.71221
CVE-2021-36563,0.0307,0.82948
CVE-2019-13764,0.18557,0.9613
CVE-2020-35545,0.10855,0.94461
CVE-2021-22146,0.12492,0.95161
CVE-2021-38185,0.02682,0.81431
CVE-2020-9483,0.16531,0.95952
CVE-2021-36799,0.01412,0.72153
CVE-2020-15778,0.01787,0.75954
CVE-2017-5689,0.9397,0.99939
CVE-2021-34558,0.17112,0.96008
CVE-2020-8277,0.23437,0.96553
CVE-2011-1249,0.02116,0.79124
CVE-2021-26814,0.19462,0.96197
CVE-2022-25943,0.01412,0.72153
CVE-2017-0143,0.93222,0.99928
CVE-2020-1956,0.2406,0.96635
CVE-2008-4250,0.90909,0.99863
CVE-2018-15139,0.14469,0.95631
CVE-2019-14530,0.25237,0.96831
CVE-2021-37152,0.02561,0.81191
CVE-2016-3088,0.94469,0.9995
CVE-2021-27850,0.92909,0.99918
CVE-2021-35464,0.92488,0.99908
CVE-2020-7115,0.24923,0.96735
CVE-2019-9787,0.6125,0.98876
CVE-2019-12725,0.71078,0.99139
CVE-2020-15368,0.01404,0.71221
CVE-2021-3492,0.02008,0.78476
CVE-2021-35475,0.0307,0.82948
CVE-2021-21425,0.74952,0.99285
CVE-2019-12744,0.52583,0.98677
CVE-2021-29337,0.01404,0.71221
CVE-2017-14980,0.53848,0.98699
CVE-2019-17240,0.33195,0.97557
CVE-2018-19422,0.09029,0.9384
CVE-2021-22201,0.11752,0.94946
CVE-2020-11060,0.11752,0.94946
CVE-2021-32537,0.01404,0.71221
CVE-2021-26714,0.09029,0.9384
CVE-2018-16509,0.74368,0.99271
CVE-2017-9554,0.84684,0.99626
CVE-2021-25641,0.09029,0.9384
CVE-2021-29440,0.27305,0.97053
CVE-2021-21985,0.95312,0.99968
CVE-2018-16167,0.16531,0.95952
CVE-2018-6905,0.0307,0.82948
CVE-2008-4654,0.82193,0.99539
CVE-2017-8367,0.02013,0.7848
CVE-2017-15950,0.02958,0.82792
CVE-2021-21389,0.20994,0.96337
CVE-2021-3707,0.01412,0.72153
CVE-2021-3708,0.01412,0.72153
CVE-2020-8813,0.48174,0.98489
CVE-2020-14295,0.81483,0.99511
CVE-2021-21974,0.12388,0.95122
CVE-2017-9248,0.10764,0.94422
CVE-2017-13208,0.46456,0.98312
CVE-2020-11978,0.16531,0.95952
CVE-2020-13927,0.16531,0.95952
CVE-2019-13917,0.53745,0.98694
CVE-2019-15846,0.70009,0.99103
CVE-2020-28018,0.20148,0.96258
CVE-2019-8091,0.15362,0.95777
CVE-2014-0282,0.82163,0.99537
CVE-2020-28008,0.02763,0.82184
CVE-2021-31184,0.01614,0.74877
CVE-2017-17058,0.29468,0.97299
CVE-2021-21349,0.37149,0.97815
CVE-2021-21341,0.53308,0.98684
CVE-2020-13957,0.71951,0.99169
CVE-2021-31856,0.16531,0.95952
CVE-2021-31727,0.01404,0.71221
CVE-2021-31728,0.02763,0.82184
CVE-2015-8562,0.93861000000000006,0.99937
CVE-2021-28482,0.09891,0.94112
CVE-2018-17463,0.93304,0.9993
CVE-2020-10977,0.08051,0.93021
CVE-2020-23342,0.33195,0.97557
CVE-2009-0182,0.20563,0.96291
CVE-2017-5674,0.10855,0.94461
CVE-2018-4878,0.75301,0.99294
CVE-2018-18333,0.01512,0.72795
CVE-2021-30128,0.261,0.96947
CVE-2019-3810,0.07176,0.91934
CVE-2019-20933,0.26571,0.97005
CVE-2020-8958,0.14469,0.95631
CVE-2018-8611,0.01681,0.75056
CVE-2021-27905,0.261,0.96947
CVE-2018-5158,0.12262,0.95096
CVE-2015-4000,0.83617,0.99587
CVE-2018-6065,0.47642,0.98462
CVE-2021-26415,0.01405,0.71226
CVE-2020-10518,0.44855,0.98259
CVE-2021-22192,0.21903,0.96425
CVE-2021-25735,0.05463,0.89462
CVE-2020-35489,0.69867,0.99097
CVE-2021-31761,0.44999,0.98262
CVE-2021-31760,0.44999,0.98262
CVE-2019-7489,0.15362,0.95777
CVE-2019-7488,0.09029,0.9384
CVE-2020-1350,0.49632,0.98545
CVE-2021-28480,0.3577,0.97753
CVE-2021-28481,0.3577,0.97753
CVE-2021-28483,0.05315,0.89376
CVE-2018-9206,0.94023,0.99941
CVE-2020-14364,0.0631,0.90495
CVE-2020-14372,0.01669,0.7505
CVE-2021-30481,0.43408,0.9821
CVE-2020-7461,0.12941,0.95419
CVE-2021-26295,0.96064,0.9999
CVE-2003-0201,0.90163,0.99838
CVE-2018-19585,0.07176,0.91934
CVE-2013-0303,0.09029,0.9384
CVE-2021-25374,0.09029,0.9384
CVE-2021-27180,0.02561,0.81191
CVE-2021-27181,0.05246,0.89228
CVE-2021-27182,0.10855,0.94461
CVE-2021-27183,0.2385,0.96589
CVE-2020-35729,0.92398,0.99904
CVE-2020-9472,0.07931,0.9297
CVE-2017-9627,0.07176,0.91934
CVE-2017-9629,0.51031,0.9864
CVE-2017-9631,0.07176,0.91934
CVE-2018-11228,0.46456,0.98312
CVE-2018-13341,0.09029,0.9384
CVE-2020-21224,0.3846,0.97891
CVE-2020-1337,0.20167,0.96259
CVE-2020-12593,0.09029,0.9384
CVE-2020-5839,0.09029,0.9384
CVE-2019-19547,0.03283,0.83531
CVE-2020-9922,0.06722,0.91172
CVE-2014-0226,0.87955,0.9977
CVE-1999-0016,0.43067,0.98203
CVE-2020-13401,0.1538,0.95778
CVE-2019-8852,0.02763,0.82184
CVE-2020-27904,0.03097,0.82992
CVE-2021-1699,0.01614,0.74877
CVE-2021-26828,0.11752,0.94946
CVE-2020-9905,0.05736,0.89855
CVE-2020-9909,0.16694,0.95966
CVE-2020-9920,0.05736,0.89855
CVE-2020-9945,0.03283,0.83531
CVE-2020-9947,0.19916,0.96216
CVE-2020-9949,0.0244,0.80838
CVE-2020-9951,0.19803,0.96214
CVE-2020-9954,0.02132,0.79162
CVE-2020-9956,0.02132,0.79162
CVE-2020-9958,0.01404,0.71221
CVE-2020-9959,0.01404,0.71221
CVE-2020-9960,0.02132,0.79162
CVE-2020-9961,0.04955,0.88905
CVE-2020-9962,0.02132,0.79162
CVE-2020-9963,0.01512,0.72795
CVE-2020-9964,0.01404,0.71221
CVE-2020-9965,0.02132,0.79162
CVE-2020-9966,0.02132,0.79162
CVE-2020-9967,0.0215,0.79193
CVE-2020-9968,0.07258,0.92091
CVE-2020-9969,0.01787,0.75954
CVE-2020-9971,0.04752,0.887
CVE-2020-9972,0.02132,0.79162
CVE-2020-9973,0.02132,0.79162
CVE-2020-9974,0.0513,0.8905
CVE-2020-9975,0.02132,0.79162
CVE-2020-9976,0.0467,0.88544
CVE-2020-9977,0.01512,0.72795
CVE-2020-9978,0.01669,0.7505
CVE-2020-9979,0.01669,0.7505
CVE-2020-9980,0.02132,0.79162
CVE-2020-9981,0.04123,0.85359
CVE-2020-9982,0.01404,0.71221
CVE-2020-9983,0.19803,0.96214
CVE-2020-9984,0.03189,0.8331
CVE-2020-9985,0.02132,0.79162
CVE-2020-9987,0.02561,0.81191
CVE-2020-9988,0.01412,0.72153
CVE-2020-9990,0.02763,0.82184
CVE-2020-9992,0.02132,0.79162
CVE-2020-9993,0.03283,0.83531
CVE-2020-9994,0.01787,0.75954
CVE-2020-9995,0.02561,0.81191
CVE-2020-9996,0.01512,0.72795
CVE-2020-9997,0.01653,0.75023
CVE-2020-9999,0.03189,0.8331
CVE-2020-23839,0.04134,0.85369
CVE-2021-29267,0.02561,0.81191
CVE-2017-16541,0.26363,0.9696
CVE-2020-11932,0.01404,0.71221
CVE-2021-23123,0.03771,0.84412
CVE-2019-0232,0.94954,0.9996
CVE-2020-11819,0.16135,0.95898
CVE-2017-0100,0.01961,0.77613
CVE-2021-21123,0.20186,0.96261
CVE-2021-21129,0.20186,0.96261
CVE-2021-21130,0.20186,0.96261
CVE-2021-21131,0.20186,0.96261
CVE-2021-21141,0.20186,0.96261
CVE-2021-21172,0.1609,0.95895
CVE-2016-2555,0.79367,0.99445
CVE-2017-1000170,0.16531,0.95952
CVE-2018-1000861,0.89154,0.99808
CVE-2019-1003029,0.66621,0.99007
CVE-2019-3403,0.08592,0.93626
CVE-2020-17136,0.09099,0.9386
CVE-2019-20361,0.69724,0.9909
CVE-2021-26857,0.29336,0.97205
CVE-2020-6516,0.17642,0.96055
CVE-2021-24027,0.09029,0.9384
CVE-2010-5230,0.04627,0.88466
CVE-2021-26858,0.29336,0.97205
CVE-2021-26865,0.01817,0.76119
CVE-2020-1066,0.01372,0.70731
CVE-2018-17254,0.10356,0.94366
CVE-2020-3980,0.01404,0.71221
CVE-2020-3957,0.01404,0.71221
CVE-2019-7550,0.04499,0.88264
CVE-2018-10142,0.09029,0.9384
CVE-2018-6961,0.55189,0.98724
CVE-2017-1635,0.11705,0.9493
CVE-2020-35682,0.09029,0.9384
CVE-2019-1144,0.7692,0.99369
CVE-2020-28926,0.53745,0.98694
CVE-2021-25679,0.03867,0.84862
CVE-2021-25680,0.03283,0.83531
CVE-2021-25681,0.14903,0.95681
CVE-2021-23132,0.03771,0.84412
CVE-2021-27246,0.02763,0.82184
CVE-2019-7214,0.29468,0.97299
CVE-2020-11883,0.04499,0.88264
CVE-2021-26119,0.07176,0.91934
CVE-2015-3224,0.88354,0.99793
CVE-2021-25281,0.17166,0.96024
CVE-2021-25282,0.16306,0.95921
CVE-2021-27963,0.04499,0.88264
CVE-2021-27964,0.12492,0.95161
CVE-2019-17026,0.07256,0.92089
CVE-2020-0082,0.02763,0.82184
CVE-2021-21110,0.22916,0.96486
CVE-2020-8417,0.05246,0.89228
CVE-2019-25024,0.09029,0.9384
CVE-2015-1769,0.02503,0.80877
CVE-2021-1727,0.01372,0.70731
CVE-2021-26708,0.0309,0.82991
CVE-2021-27211,0.15351,0.95751
CVE-2021-24085,0.01554,0.74097
CVE-2020-8637,0.09029,0.9384
CVE-2020-8638,0.09029,0.9384
CVE-2020-8165,0.20148,0.96258
CVE-2021-21014,0.15362,0.95777
CVE-2017-15673,0.09029,0.9384
CVE-1999-0532,0.70395,0.99121
CVE-2020-29134,0.15351,0.95751
CVE-2000-0643,0.06947,0.91838
CVE-2000-0649,0.33924,0.97597
CVE-2021-3165,0.11752,0.94946
CVE-2020-7384,0.48473,0.98505
CVE-2016-7076,0.02719,0.82075
CVE-2017-1000367,0.05463,0.89459
CVE-2017-1000368,0.03676,0.84266
CVE-2021-23239,0.02008,0.78476
CVE-2012-0809,0.02084,0.79035
CVE-2012-2337,0.04804,0.88734
CVE-2013-1775,0.02302,0.80624
CVE-2014-0106,0.04804,0.88734
CVE-2014-9680,0.01669,0.7505
CVE-2019-1068,0.10205,0.94321
CVE-2019-5544,0.20148,0.96258
CVE-2020-3992,0.46456,0.98312
CVE-2019-17195,0.35688,0.97747
CVE-2021-1994,0.49393,0.98537
CVE-2021-2047,0.49393,0.98537
CVE-2021-2064,0.49393,0.98537
CVE-2021-2075,0.49393,0.98537
CVE-2021-2108,0.49393,0.98537
CVE-2020-11990,0.01404,0.71221
CVE-2012-0002,0.91145,0.9987
CVE-2012-0152,0.64856,0.98976
CVE-2020-17523,0.25352,0.96838
CVE-2016-1000027,0.69181,0.99079
CVE-2021-3345,0.02008,0.78476
CVE-2015-5347,0.03283,0.83531
CVE-2019-7482,0.15362,0.95777
CVE-2020-8840,0.24563,0.96683
CVE-2020-25782,0.09029,0.9384
CVE-2020-25783,0.09029,0.9384
CVE-2020-25784,0.09029,0.9384
CVE-2020-25785,0.09029,0.9384
CVE-2020-23160,0.44855,0.98259
CVE-2020-23161,0.11752,0.94946
CVE-2020-23162,0.12492,0.95161
CVE-2018-7669,0.29468,0.97299
CVE-2020-8597,0.24563,0.96683
CVE-2020-26217,0.78544,0.99429
CVE-2020-26259,0.26127,0.96955
CVE-2020-26258,0.25977,0.96919
CVE-2021-32471,0.02683,0.81438
CVE-2020-35713,0.2217,0.96438
CVE-2021-3164,0.2385,0.96589
CVE-2017-9791,0.95344,0.99971
CVE-2018-1335,0.92398,0.99904
CVE-2019-8791,0.02561,0.81191
CVE-2019-8792,0.1666,0.95958
CVE-2021-2119,0.01412,0.72153
CVE-2021-21087,0.07394,0.92246
CVE-2021-21345,0.30131,0.97376
CVE-2018-17562,0.09029,0.9384
CVE-2022-25084,0.09029,0.9384
CVE-2019-19509,0.55029,0.98712
CVE-2020-13638,0.09029,0.9384
CVE-2020-15568,0.16531,0.95952
CVE-2020-17518,0.34284,0.97608
CVE-2020-20508,0.02561,0.81191
CVE-2020-29552,0.18199,0.96104
CVE-2020-35656,0.2385,0.96589
CVE-2021-3017,0.19548,0.96209
CVE-2021-3297,0.02778,0.8221
CVE-2019-8605,0.02629,0.81261
CVE-2015-8239,0.01669,0.7505
CVE-2020-7200,0.77219,0.99382
CVE-2020-6207,0.91456,0.99876
CVE-2019-0887,0.55035,0.98713
CVE-2020-11975,0.2155,0.96387
CVE-2020-36188,0.17166,0.96024
CVE-2020-36184,0.17166,0.96024
CVE-2010-2331,0.34378,0.97611
CVE-2019-16724,0.74845,0.99283
CVE-2019-17415,0.15362,0.95777
CVE-2019-18655,0.2385,0.96589
CVE-2020-36179,0.17166,0.96024
CVE-2020-36180,0.17166,0.96024
CVE-2020-36181,0.17166,0.96024
CVE-2020-36182,0.17166,0.96024
CVE-2020-8175,0.01404,0.71221
CVE-2020-1206,0.14388,0.9562
CVE-2020-21378,0.09029,0.9384
CVE-2019-12384,0.78242,0.9942
CVE-2020-14815,0.08102,0.93069
CVE-2020-15257,0.02008,0.78476
CVE-2020-16875,0.30941,0.97417
CVE-2020-16898,0.23639,0.96562
CVE-2020-17083,0.09891,0.94112
CVE-2020-17143,0.02288,0.80615
CVE-2020-17144,0.09891,0.94112
CVE-2020-2229,0.0418,0.85432
CVE-2020-25483,0.15362,0.95777
CVE-2020-26238,0.67992,0.99059
CVE-2020-26935,0.17166,0.96024
CVE-2020-27131,0.09029,0.9384
CVE-2020-27533,0.03513,0.84094
CVE-2020-28642,0.09029,0.9384
CVE-2020-29133,0.02561,0.81191
CVE-2020-29436,0.09029,0.9384
CVE-2020-29564,0.09029,0.9384
CVE-2020-29583,0.1468,0.95655
CVE-2020-35616,0.03771,0.84412
CVE-2020-35728,0.20271,0.96266
CVE-2020-6019,0.04499,0.88264
CVE-2020-6308,0.1034,0.94363
CVE-2020-8255,0.10855,0.94461
CVE-2016-4999,0.123,0.95105
CVE-2017-16651,0.04804,0.88734
CVE-2020-35262,0.03283,0.83531
CVE-2018-13797,0.15351,0.95751
CVE-2020-25498,0.03867,0.84862
CVE-2014-4688,0.21246,0.96377
CVE-2020-8287,0.16306,0.95921
CVE-2018-15133,0.2385,0.96589
CVE-2020-7961,0.95613,0.99976
CVE-2021-26943,0.02683,0.81438
CVE-2019-18683,0.05839,0.90002
CVE-2020-15999,0.17642,0.96055
CVE-2016-9795,0.01669,0.7505
CVE-2019-19544,0.01404,0.71221
CVE-2015-5377,0.53745,0.98694
CVE-2020-9470,0.01404,0.71221
CVE-2020-8635,0.01404,0.71221
CVE-2020-14645,0.49393,0.98537
CVE-2016-8863,0.30386,0.97393
CVE-2020-35590,0.09029,0.9384
CVE-2020-17057,0.01372,0.70731
CVE-2020-28243,0.04804,0.88734
CVE-2020-35669,0.02561,0.81191
CVE-2017-11610,0.93386,0.9993
CVE-2019-0752,0.58424,0.98795
CVE-2019-0768,0.33643,0.97573
CVE-2019-1221,0.34454,0.97622
CVE-2019-5782,0.57747,0.98767
CVE-2019-7582,0.05246,0.89228
CVE-2020-28647,0.09,0.93729
CVE-2019-15588,0.2385,0.96589
CVE-2019-5475,0.15362,0.95777
CVE-2020-35488,0.1294,0.95418
CVE-2020-27949,0.01404,0.71221
CVE-2020-15002,0.04499,0.88264
CVE-2020-8554,0.1538,0.95778
CVE-2020-29254,0.07376,0.92243
CVE-2020-17533,0.05372,0.8944
CVE-2020-15256,0.09029,0.9384
CVE-2020-26226,0.05246,0.89228
CVE-2020-7750,0.05246,0.89228
CVE-2019-5454,0.09029,0.9384
CVE-2020-0108,0.02763,0.82184
CVE-2020-0113,0.02763,0.82184
CVE-2020-0313,0.02763,0.82184
CVE-2019-17041,0.17909,0.96068
CVE-2020-25637,0.01412,0.72153
CVE-2020-29669,0.11752,0.94946
CVE-2019-14450,0.2385,0.96589
CVE-2020-27950,0.05132,0.89051
CVE-2016-10735,0.17112,0.96008
CVE-2020-11079,0.2385,0.96589
CVE-2020-14000,0.2385,0.96589
CVE-2020-15095,0.04411,0.8756
CVE-2020-15123,0.09187,0.93917
CVE-2020-15138,0.18516,0.96128
CVE-2020-15156,0.07376,0.92243
CVE-2020-4051,0.03867,0.84862
CVE-2020-5258,0.11534,0.94838
CVE-2020-7638,0.04499,0.88264
CVE-2020-7676,0.10919,0.94476
CVE-2020-8116,0.07176,0.91934
CVE-2020-8135,0.09029,0.9384
CVE-2020-8203,0.19173,0.96167
CVE-2020-8205,0.09029,0.9384
CVE-2019-16763,0.02561,0.81191
CVE-2019-19507,0.04499,0.88264
CVE-2019-20149,0.04499,0.88264
CVE-2019-5414,0.09029,0.9384
CVE-2019-5423,0.09029,0.9384
CVE-2019-5444,0.04499,0.88264
CVE-2019-5479,0.04499,0.88264
CVE-2019-5483,0.04499,0.88264
CVE-2019-5484,0.07176,0.91934
CVE-2019-8331,0.27007,0.97024
CVE-2019-10061,0.12492,0.95161
CVE-2019-10090,0.02561,0.81191
CVE-2019-1010091,0.06652,0.91151
CVE-2019-1010266,0.06726,0.91174
CVE-2019-10744,0.13257,0.95484
CVE-2019-10746,0.15351,0.95751
CVE-2019-10747,0.15351,0.95751
CVE-2019-10750,0.09029,0.9384
CVE-2019-10757,0.09029,0.9384
CVE-2019-10759,0.15362,0.95777
CVE-2019-10771,0.02561,0.81191
CVE-2019-10776,0.09029,0.9384
CVE-2019-10777,0.09029,0.9384
CVE-2019-10778,0.15362,0.95777
CVE-2019-10781,0.09029,0.9384
CVE-2019-10785,0.03283,0.83531
CVE-2019-12313,0.03283,0.83531
CVE-2019-13173,0.07176,0.91934
CVE-2019-13506,0.05189,0.8914
CVE-2019-14862,0.04134,0.85369
CVE-2019-15478,0.06722,0.91172
CVE-2019-15479,0.02561,0.81191
CVE-2019-15482,0.02561,0.81191
CVE-2018-16479,0.09029,0.9384
CVE-2018-16484,0.02561,0.81191
CVE-2018-16485,0.09029,0.9384
CVE-2018-16487,0.04499,0.88264
CVE-2018-16489,0.09029,0.9384
CVE-2018-16490,0.04499,0.88264
CVE-2018-16491,0.09029,0.9384
CVE-2018-16492,0.09029,0.9384
CVE-2018-19048,0.04134,0.85369
CVE-2018-20164,0.07176,0.91934
CVE-2018-20676,0.17112,0.96008
CVE-2018-20677,0.17112,0.96008
CVE-2018-20801,0.05736,0.89855
CVE-2018-20835,0.05736,0.89855
CVE-2018-21036,0.08662,0.93645
CVE-2018-3719,0.09029,0.9384
CVE-2018-3721,0.05372,0.8944
CVE-2018-3722,0.09029,0.9384
CVE-2018-3726,0.02561,0.81191
CVE-2018-3728,0.1691,0.9599
CVE-2018-3731,0.09029,0.9384
CVE-2018-3732,0.09029,0.9384
CVE-2018-3733,0.09029,0.9384
CVE-2018-3738,0.01404,0.71221
CVE-2018-3746,0.09029,0.9384
CVE-2018-3747,0.02561,0.81191
CVE-2018-3783,0.09029,0.9384
CVE-2018-6333,0.15362,0.95777
CVE-2018-6341,0.02561,0.81191
CVE-2018-7560,0.04499,0.88264
CVE-2018-1000086,0.18516,0.96128
CVE-2018-1000620,0.09029,0.9384
CVE-2018-1002204,0.0215,0.79193
CVE-2018-11093,0.02561,0.81191
CVE-2018-13863,0.04499,0.88264
CVE-2018-14040,0.17112,0.96008
CVE-2018-14041,0.17112,0.96008
CVE-2018-14042,0.17112,0.96008
CVE-2018-14380,0.02561,0.81191
CVE-2018-16460,0.09029,0.9384
CVE-2018-16478,0.05463,0.89462
CVE-2018-16480,0.02561,0.81191
CVE-2017-16029,0.10855,0.94461
CVE-2017-16030,0.04499,0.88264
CVE-2017-16043,0.02561,0.81191
CVE-2017-16084,0.09029,0.9384
CVE-2017-16098,0.04499,0.88264
CVE-2017-16107,0.10855,0.94461
CVE-2017-16118,0.04499,0.88264
CVE-2017-16119,0.04499,0.88264
CVE-2017-16138,0.04499,0.88264
CVE-2017-16224,0.02561,0.81191
CVE-2017-18214,0.05736,0.89855
CVE-2017-18352,0.03283,0.83531
CVE-2017-18353,0.05736,0.89855
CVE-2017-18354,0.12492,0.95161
CVE-2017-18355,0.12492,0.95161
CVE-2017-1001004,0.15203,0.95705
CVE-2017-16003,0.2385,0.96589
CVE-2017-16023,0.04499,0.88264
CVE-2017-16028,0.04499,0.88264
CVE-2018-15919,0.05736,0.89855
CVE-2019-15813,0.21263,0.96378
CVE-2020-24227,0.09029,0.9384
CVE-2019-19520,0.0309,0.82991
CVE-2019-19522,0.02008,0.78476
CVE-2018-19986,0.10855,0.94461
CVE-2018-19987,0.09029,0.9384
CVE-2018-1111,0.91041,0.99868
CVE-2017-17215,0.48173,0.98488
CVE-2020-28054,0.12492,0.95161
CVE-2020-4040,0.04134,0.85369
CVE-2020-16012,0.02561,0.81191
CVE-2020-25705,0.09029,0.9384
CVE-2020-15349,0.01404,0.71221
CVE-2020-27192,0.01404,0.71221
CVE-2018-6481,0.53773,0.98697
CVE-2020-16126,0.01404,0.71221
CVE-2020-16127,0.01404,0.71221
CVE-2013-4730,0.75699,0.99328
CVE-2020-10189,0.93481,0.99932
CVE-2020-27603,0.09029,0.9384
CVE-2020-28413,0.05473,0.895
CVE-2020-23968,0.01512,0.72795
CVE-2020-12928,0.01404,0.71221
CVE-2019-7357,0.05246,0.89228
CVE-2020-27194,0.01404,0.71221
CVE-2020-8835,0.04804,0.88734
CVE-2020-28351,0.07942,0.92972
CVE-2020-28328,0.52583,0.98677
CVE-2016-6415,0.80648,0.99492
CVE-2017-9769,0.82094,0.99533
CVE-2019-7356,0.02561,0.81191
CVE-2020-7752,0.11752,0.94946
CVE-2020-11059,0.10855,0.94461
CVE-2019-10765,0.09029,0.9384
CVE-2019-10745,0.04499,0.88264
CVE-2018-8035,0.08831,0.93679
CVE-2017-15361,0.24563,0.96683
CVE-2019-8979,0.09029,0.9384
CVE-2020-13277,0.38323,0.97886
CVE-2020-27976,0.09029,0.9384
CVE-2019-10779,0.02561,0.81191
CVE-2020-1054,0.09099,0.9386
CVE-2020-15148,0.3846,0.97891
CVE-2020-1481,0.37706,0.97842
CVE-2015-5369,0.07176,0.91934
CVE-2020-8239,0.09029,0.9384
CVE-2020-8241,0.05246,0.89228
CVE-2018-3295,0.01787,0.75954
CVE-2020-27688,0.09029,0.9384
CVE-2018-19859,0.04499,0.88264
CVE-2020-16938,0.01614,0.74877
CVE-2020-14644,0.49393,0.98537
CVE-2020-16947,0.61804,0.98887
CVE-2019-13633,0.02561,0.81191
CVE-2019-10172,0.34284,0.97608
CVE-2020-16939,0.01405,0.71226
CVE-2020-15227,0.26571,0.97005
CVE-2019-1477,0.01372,0.70731
CVE-2020-13955,0.09029,0.9384
CVE-2020-14955,0.01404,0.71221
CVE-2020-26061,0.04499,0.88264
CVE-2018-2392,0.08592,0.93626
CVE-2018-2393,0.04499,0.88264
CVE-2020-26525,0.12492,0.95161
CVE-2018-12421,0.12492,0.95161
CVE-2019-19393,0.02561,0.81191
CVE-2018-5353,0.46456,0.98312
CVE-2015-6305,0.04383,0.87448
CVE-2020-9768,0.02132,0.79162
CVE-2020-14293,0.17187,0.96026
CVE-2020-15492,0.34789,0.97693
CVE-2014-0472,0.2558,0.96862
CVE-2020-25867,0.04499,0.88264
CVE-2020-13933,0.35688,0.97747
CVE-2020-25515,0.01412,0.72153
CVE-2020-25514,0.01512,0.72795
CVE-2020-25487,0.01412,0.72153
CVE-2020-1048,0.20167,0.96259
CVE-2020-14386,0.04804,0.88734
CVE-2020-25265,0.02561,0.81191
CVE-2020-25266,0.01404,0.71221
CVE-2020-17382,0.02243,0.80454
CVE-2020-15873,0.14469,0.95631
CVE-2020-23934,0.21252,0.96378
CVE-2013-4362,0.04778,0.88718
CVE-2020-8152,0.01412,0.72153
CVE-2020-8290,0.01412,0.72153
CVE-2020-8150,0.01669,0.7505
CVE-2020-8289,0.13141,0.95472
CVE-2020-0114,0.02763,0.82184
CVE-2020-0096,0.02763,0.82184
CVE-2020-25200,0.05736,0.89855
CVE-2020-0890,0.01372,0.70731
CVE-2020-13162,0.04804,0.88734
CVE-2020-25068,0.12492,0.95161
CVE-2020-13259,0.23848,0.96575
CVE-2020-13260,0.04144,0.85371
CVE-2020-16152,0.63673,0.98932
CVE-2020-8218,0.19462,0.96197
CVE-2017-9822,0.59278,0.98822
CVE-2018-19321,0.01669,0.7505
CVE-2020-1493,0.18093,0.96079
CVE-2018-4407,0.14469,0.95631
CVE-2020-24572,0.27305,0.97053
CVE-2015-2545,0.60913,0.98858
CVE-2017-0261,0.5769,0.98766
CVE-2020-17496,0.95381,0.99972
CVE-2020-12856,0.12492,0.95161
CVE-2020-14292,0.01787,0.75954
CVE-2012-1823,0.92683,0.99914
CVE-2012-2311,0.63697,0.98933
CVE-2019-0162,0.01653,0.75023
CVE-2019-11224,0.09029,0.9384
CVE-2016-2067,0.01512,0.72795
CVE-2016-4010,0.89156,0.9981
CVE-2020-6514,0.17112,0.96008
CVE-2020-6519,0.47641,0.98461
CVE-2020-8816,0.84911,0.99634
CVE-2013-3214,0.29468,0.97299
CVE-2020-0104,0.04002,0.85272
CVE-2020-15956,0.15118,0.95692
CVE-2020-9767,0.01404,0.71221
CVE-2015-5254,0.67675,0.99054
CVE-2020-13996,0.09029,0.9384
CVE-2020-13424,0.09029,0.9384
CVE-2020-13094,0.0307,0.82948
CVE-2020-13151,0.92212,0.99899
CVE-2017-8046,0.33195,0.97557
CVE-2020-9495,0.11664,0.94849000000000006
CVE-2020-15931,0.09029,0.9384
CVE-2020-1313,0.4131,0.98135
CVE-2020-1349,0.23639,0.96562
CVE-2020-9934,0.02164,0.79196
CVE-2020-15906,0.09029,0.9384
CVE-2020-8559,0.06915,0.91833
CVE-2020-12432,0.02561,0.81191
CVE-2014-4241,0.14402,0.95623
CVE-2020-11896,0.67992,0.99059
CVE-2019-0808,0.2046,0.96281
CVE-2020-1361,0.01817,0.76119
CVE-2018-1297,0.12492,0.95161
CVE-2020-1948,0.09029,0.9384
CVE-2018-15835,0.12492,0.95161
CVE-2019-18988,0.11196,0.94651
CVE-2020-8195,0.09029,0.9384
CVE-2020-8196,0.04499,0.88264
CVE-2020-25399,0.01404,0.71221
CVE-2020-25398,0.05246,0.89228
CVE-2019-1351,0.20369,0.96277
CVE-2020-24033,0.05246,0.89228
CVE-2020-8558,0.01512,0.72795
CVE-2020-1764,0.04499,0.88264
CVE-2020-27199,0.09029,0.9384
CVE-2020-13640,0.15351,0.95751
CVE-2020-23489,0.09029,0.9384
CVE-2020-23490,0.09029,0.9384
CVE-2020-7693,0.10742,0.94421
CVE-2007-3308,0.15351,0.95751
CVE-2008-2019,0.123,0.95105
CVE-2020-14947,0.52583,0.98677
CVE-2020-11519,0.02683,0.81438
CVE-2020-11520,0.02683,0.81438
CVE-2020-12828,0.09029,0.9384
CVE-2020-15392,0.04499,0.88264
CVE-2020-2021,0.10855,0.94461
CVE-2018-7602,0.73819,0.99254
CVE-2020-10665,0.01412,0.72153
CVE-2012-2122,0.90391,0.99853
CVE-2004-1561,0.85681,0.99666
CVE-2020-13777,0.17166,0.96024
CVE-2013-4547,0.40746,0.98117
CVE-2020-13158,0.16531,0.95952
CVE-2020-12712,0.33195,0.97557
CVE-2003-0282,0.05781,0.89867
CVE-2020-1301,0.09891,0.94112
CVE-2020-11493,0.05246,0.89228
CVE-2020-11492,0.01404,0.71221
CVE-2020-6096,0.48334,0.98495
CVE-2020-10749,0.06726,0.91174
CVE-2020-13886,0.05736,0.89855
CVE-2020-12695,0.42485,0.98178
CVE-2020-13254,0.17166,0.96024
CVE-2020-10759,0.01404,0.71221
CVE-2019-1385,0.01405,0.71226
CVE-2020-12078,0.14469,0.95631
CVE-2020-9283,0.18528,0.9613
CVE-2019-7616,0.09029,0.9384
CVE-2020-12753,0.2155,0.96387
CVE-2020-3956,0.52583,0.98677
CVE-2017-0213,0.02185,0.80059
CVE-2008-4687,0.85289,0.9965
CVE-2019-8641,0.34789,0.97693
CVE-2017-11317,0.51031,0.9864
CVE-2017-11357,0.21929,0.96428
CVE-2019-0623,0.01681,0.75056
CVE-2019-7195,0.09029,0.9384
CVE-2019-12814,0.28421,0.97168
CVE-2019-12086,0.24563,0.96683
CVE-2017-17485,0.70009,0.99103
CVE-2016-5734,0.91,0.99864
CVE-2019-8656,0.01404,0.71221
CVE-2019-19844,0.34552,0.97639
CVE-2020-8617,0.92627,0.99911
CVE-2020-11579,0.15351,0.95751
CVE-2019-1458,0.39228,0.97933
CVE-2019-1759,0.17903,0.96066
CVE-2020-12800,0.87648,0.99767
CVE-2009-0229,0.03232,0.83451
CVE-2020-8004,0.09029,0.9384
CVE-2019-1083,0.25826,0.96906
CVE-2020-1015,0.01372,0.70731
CVE-2019-6111,0.23437,0.96553
CVE-2016-4971,0.48051,0.98486
CVE-2017-1000112,0.15854,0.95887
CVE-2017-16995,0.02195,0.80199
CVE-2019-10149,0.94954,0.9996
CVE-2017-5941,0.3828,0.97885
CVE-2020-12717,0.01404,0.71221
CVE-2019-5763,0.1609,0.95895
CVE-2020-12116,0.7302,0.99222
CVE-2020-12696,0.02561,0.81191
CVE-2018-18649,0.2385,0.96589
CVE-2019-5822,0.18152,0.96091
CVE-2019-15605,0.24563,0.96683
CVE-2020-12629,0.0418,0.85432
CVE-2019-8936,0.23437,0.96553
CVE-2020-12112,0.15351,0.95751
CVE-2020-0624,0.01372,0.70731
CVE-2020-0883,0.37706,0.97842
CVE-2017-7525,0.39671,0.98012
CVE-2020-11890,0.03771,0.84412
CVE-2020-0910,0.05315,0.89376
CVE-2004-1769,0.50936,0.98637
CVE-2020-1283,0.1753,0.96052
CVE-2020-8103,0.01404,0.71221
CVE-2020-5260,0.24563,0.96683
CVE-2020-0798,0.01372,0.70731
CVE-2020-5837,0.01404,0.71221
CVE-2019-20085,0.89162,0.99811
CVE-2020-1102,0.09891,0.94112
CVE-2019-1010054,0.05246,0.89228
CVE-2019-3010,0.17164,0.96011
CVE-2019-11707,0.33195,0.97557
CVE-2020-1958,0.2406,0.96635
CVE-2019-6207,0.01963,0.77711
CVE-2018-12386,0.6189,0.98888
CVE-2020-11650,0.04499,0.88264
CVE-2020-10551,0.01404,0.71221
CVE-2020-7283,0.01404,0.71221
CVE-2020-0814,0.01817,0.76119
CVE-2020-14368,0.05246,0.89228
CVE-2020-11107,0.1666,0.95958
CVE-2019-14079,0.01404,0.71221
CVE-2020-11108,0.91632,0.9988
CVE-2019-0193,0.31966,0.97486
CVE-2018-1273,0.86372,0.99693
CVE-2016-3081,0.95616,0.99976
CVE-2017-12611,0.58526,0.98798
CVE-2020-10560,0.10855,0.94461
CVE-2020-11547,0.08592,0.93626
CVE-2020-9375,0.15118,0.95692
CVE-2020-0069,0.02683,0.81438
CVE-2019-14326,0.01404,0.71221
CVE-2020-10663,0.34284,0.97608
CVE-2017-12636,0.46426,0.98304
CVE-2019-13720,0.27766,0.97091
CVE-2020-10239,0.07626,0.92601
CVE-2019-19943,0.08367,0.93298
CVE-2020-10558,0.02561,0.81191
CVE-2019-13086,0.09029,0.9384
CVE-2018-17873,0.01404,0.71221
CVE-2020-0976,0.01554,0.74097
CVE-2020-2553,0.06977,0.91857
CVE-2020-1947,0.10855,0.94461
CVE-2017-6640,0.12492,0.95161
CVE-2020-7931,0.2385,0.96589
CVE-2020-5254,0.09029,0.9384
CVE-2012-2688,0.24563,0.96683
CVE-2020-9461,0.0307,0.82948
CVE-2020-9460,0.0307,0.82948
CVE-2020-10238,0.07626,0.92601
CVE-2014-1807,0.01429,0.72365
CVE-2018-6789,0.49849,0.98623
CVE-2019-5096,0.15362,0.95777
CVE-2019-2888,0.2729,0.97049
CVE-2020-9548,0.24563,0.96683
CVE-2020-9547,0.24563,0.96683
CVE-2016-3113,0.02561,0.81191
CVE-2020-9038,0.0418,0.85432
CVE-2020-8809,0.19462,0.96197
CVE-2020-8810,0.19462,0.96197
CVE-2019-17564,0.09029,0.9384
CVE-2020-0753,0.01372,0.70731
CVE-2020-0754,0.01372,0.70731
CVE-2015-2291,0.02759,0.82136
CVE-2015-7501,0.42034,0.98158
CVE-2017-7504,0.21929,0.96428
CVE-2020-7799,0.14469,0.95631
CVE-2020-9083,0.01404,0.71221
CVE-2020-9380,0.10855,0.94461
CVE-2020-9008,0.02561,0.81191
CVE-2013-6987,0.26609,0.97009
CVE-2020-0728,0.02702,0.8207
CVE-2018-1000030,0.0309,0.82991
CVE-2017-8529,0.07593,0.92581
CVE-2020-8950,0.01404,0.71221
CVE-2019-20059,0.09187,0.93917
CVE-2011-4862,0.88698,0.99801
CVE-2019-14514,0.09029,0.9384
CVE-2020-5236,0.04499,0.88264
CVE-2020-11539,0.01404,0.71221
CVE-2014-2630,0.05947,0.90103
CVE-2019-14041,0.01404,0.71221
CVE-2019-14040,0.02763,0.82184
CVE-2004-2271,0.77169,0.99381
CVE-2019-14314,0.12492,0.95161
CVE-2019-19550,0.10855,0.94461
CVE-2020-5844,0.11752,0.94946
CVE-2020-7980,0.45466,0.98273
CVE-2019-1125,0.02641,0.81368
CVE-2016-5003,0.67675,0.99054
CVE-2019-17570,0.40573,0.98054
CVE-2020-3833,0.02561,0.81191
CVE-2020-1611,0.09029,0.9384
CVE-2017-8809,0.12492,0.95161
CVE-2019-12180,0.01404,0.71221
CVE-2010-1411,0.35465,0.97735
CVE-2019-8591,0.02594,0.81245
CVE-2017-2751,0.01404,0.71221
CVE-2019-14615,0.09115,0.93862
CVE-2019-19699,0.52138,0.98667
CVE-2019-16406,0.04411,0.8756
CVE-2019-17221,0.10855,0.94461
CVE-2019-2196,0.02763,0.82184
CVE-2019-2198,0.02763,0.82184
CVE-2019-1108,0.02732,0.82119
CVE-2019-3663,0.01404,0.71221
CVE-2019-20224,0.25237,0.96831
CVE-2019-20197,0.10855,0.94461
CVE-2019-5630,0.05246,0.89228
CVE-2019-1215,0.01865,0.76283
CVE-2019-10758,0.26588,0.97008
CVE-2019-17427,0.04134,0.85369
CVE-2019-18890,0.1691,0.9599
CVE-2020-6861,0.01404,0.71221
CVE-2013-3664,0.35949,0.97756
CVE-2013-2977,0.21181,0.96375
CVE-2019-20326,0.03068,0.82943
CVE-2019-8601,0.19916,0.96216
CVE-2019-13404,0.01404,0.71221
CVE-2011-0751,0.34759,0.97689
CVE-2013-3651,0.15351,0.95751
CVE-2019-17495,0.17166,0.96024
CVE-2019-19203,0.08934,0.93695
CVE-2019-11730,0.18006,0.96072
CVE-2018-12613,0.8892,0.99802
CVE-2018-5955,0.86601,0.99702
CVE-2016-3861,0.26962,0.97023
CVE-2019-12750,0.01669,0.7505
CVE-2017-16778,0.01404,0.71221
CVE-2019-17633,0.05246,0.89228
CVE-2019-10092,0.94047,0.99942
CVE-2019-19738,0.02561,0.81191
CVE-2019-19733,0.02561,0.81191
CVE-2019-19315,0.01404,0.71221
CVE-2019-11687,0.01787,0.75954
CVE-2019-19734,0.09029,0.9384
CVE-2019-19732,0.09029,0.9384
CVE-2019-19735,0.09029,0.9384
CVE-2019-19356,0.44855,0.98259
CVE-2014-1322,0.02013,0.7848
CVE-2010-3490,0.20307,0.96267
CVE-2019-16889,0.05736,0.89855
CVE-2019-19576,0.34552,0.97639
CVE-2019-19634,0.12492,0.95161
CVE-2019-5489,0.06674,0.91154
CVE-2019-1476,0.01909,0.76503
CVE-2019-5699,0.02683,0.81438
CVE-2019-5700,0.02683,0.81438
CVE-2007-0038,0.75579,0.99319
CVE-2019-1422,0.01405,0.71226
CVE-2017-12945,0.29982,0.97369000000000006
CVE-2019-1388,0.01405,0.71226
CVE-2019-16663,0.51349,0.98645
CVE-2017-10951,0.30927,0.97417
CVE-2017-10952,0.37486,0.97832
CVE-2019-5825,0.82995,0.99558
CVE-2019-19204,0.19173,0.96167
CVE-2019-19012,0.2558,0.96862
CVE-2012-1889,0.91428,0.99875
CVE-2019-15972,0.10855,0.94461
CVE-2019-12409,0.26271,0.96958
CVE-2019-11931,0.01404,0.71221
CVE-2019-12890,0.23848,0.96575
CVE-2019-17234,0.04499,0.88264
CVE-2018-8045,0.14127,0.95608
CVE-2016-8007,0.01404,0.71221
CVE-2019-6715,0.7036,0.99121
CVE-2019-18885,0.04804,0.88734
CVE-2019-13024,0.27428,0.97059
CVE-2018-16858,0.93132,0.99925
CVE-2019-5010,0.19173,0.96167
CVE-2019-11933,0.15362,0.95777
CVE-2017-0005,0.02746,0.82132
CVE-2019-14745,0.0189,0.76448
CVE-2019-7610,0.26894,0.97022
CVE-2019-13497,0.02561,0.81191
CVE-2019-13496,0.09029,0.9384
CVE-2019-13498,0.09029,0.9384
CVE-2019-0192,0.79611,0.99458
CVE-2019-17625,0.13054,0.95433
CVE-2016-2098,0.93015,0.99922
CVE-2017-8465,0.01681,0.75056
CVE-2019-1315,0.01372,0.70731
CVE-2019-0227,0.468,0.98439
CVE-2019-8781,0.02763,0.82184
CVE-2019-18839,0.18069,0.96075
CVE-2019-18873,0.18064,0.96073
CVE-2000-0979,0.42529,0.9818
CVE-2020-6650,0.02763,0.82184
CVE-2019-9168,0.02561,0.81191
CVE-2019-13051,0.09187,0.93917
CVE-2019-17424,0.09214,0.93927
CVE-2019-17596,0.23437,0.96553
CVE-2019-16405,0.74778,0.99282
CVE-2019-17080,0.04121,0.85358
CVE-2020-7934,0.0418,0.85432
CVE-2012-5959,0.63697,0.98933
CVE-2012-5960,0.6149,0.98882
CVE-2017-18635,0.11613,0.94848
CVE-2019-16279,0.05736,0.89855
CVE-2019-16728,0.02561,0.81191
CVE-2019-9745,0.01404,0.71221
CVE-2019-11269,0.05128,0.89049
CVE-2019-3778,0.07176,0.91934
CVE-2019-6329,0.01404,0.71221
CVE-2020-6058,0.09029,0.9384
CVE-2020-9268,0.09029,0.9384
CVE-2020-9340,0.09029,0.9384
CVE-2020-6060,0.04499,0.88264
CVE-2018-12015,0.26127,0.96955
CVE-2019-8320,0.07176,0.91934
CVE-2019-9891,0.15362,0.95777
CVE-2018-8712,0.10855,0.94461
CVE-2019-13188,0.09029,0.9384
CVE-2019-13189,0.02561,0.81191
CVE-2019-15641,0.10855,0.94461
CVE-2020-8825,0.03513,0.84094
CVE-2019-7731,0.15362,0.95777
CVE-2018-7182,0.47641,0.98461
CVE-2019-13348,0.09029,0.9384
CVE-2019-13349,0.09029,0.9384
CVE-2019-9213,0.045469999999999997,0.88283
CVE-2019-9624,0.82212,0.9954
CVE-2019-13115,0.39085,0.97932
CVE-2019-17498,0.27339,0.97058
CVE-2018-18778,0.16531,0.95952
CVE-2019-6110,0.07256,0.92089
CVE-2018-11770,0.69203,0.9908
CVE-2019-1218,0.01859,0.76261
CVE-2017-3066,0.88118,0.99774
CVE-2019-17124,0.09029,0.9384
CVE-2018-15686,0.07152,0.91911
CVE-2018-16866,0.05839,0.90002
CVE-2018-16888,0.01669,0.7505
CVE-2019-12562,0.1294,0.95418
CVE-2019-13025,0.09029,0.9384
CVE-2019-16941,0.21296,0.96379
CVE-2019-14220,0.01404,0.71221
CVE-2019-10392,0.09029,0.9384
CVE-2019-16692,0.05473,0.895
CVE-2019-1609,0.01366,0.70717
CVE-2019-15120,0.03283,0.83531
CVE-2019-12489,0.23848,0.96575
CVE-2018-14667,0.69181,0.99079
CVE-2019-3929,0.92301,0.99902
CVE-2019-14830,0.02561,0.81191
CVE-2019-14912,0.02561,0.81191
CVE-2019-19278,0.01404,0.71221
CVE-2019-7284,0.02561,0.81191
CVE-2018-19278,0.04499,0.88264
CVE-2018-7284,0.26743,0.97018
CVE-2017-0075,0.37993,0.97848
CVE-2019-1253,0.0216,0.79195
CVE-2019-16098,0.02763,0.82184
CVE-2019-1579,0.53745,0.98694
CVE-2017-16744,0.11752,0.94946
CVE-2017-16748,0.12492,0.95161
CVE-2019-11539,0.92799,0.99917
CVE-2019-14319,0.01787,0.75954
CVE-2006-6184,0.71464,0.99149
CVE-2019-15799,0.14043,0.95601
CVE-2019-15801,0.09029,0.9384
CVE-2019-15802,0.09029,0.9384
CVE-2019-3394,0.10855,0.94461
CVE-2018-5728,0.04499,0.88264
CVE-2016-6210,0.49183,0.9853
CVE-2019-15029,0.26473,0.96987
CVE-2019-15511,0.01404,0.71221
CVE-2019-14540,0.24563,0.96683
CVE-2019-15233,0.02561,0.81191
CVE-2015-2080,0.49183,0.9853
CVE-2017-14719,0.123,0.95105
CVE-2017-11774,0.36086,0.97775
CVE-2017-12542,0.9302,0.99922
CVE-2019-9506,0.08927,0.93692
CVE-2019-15053,0.05246,0.89228
CVE-2019-10708,0.09029,0.9384
CVE-2019-14529,0.09029,0.9384
CVE-2019-1010298,0.15362,0.95777
CVE-2019-13361,0.01404,0.71221
CVE-2019-14751,0.19173,0.96167
CVE-2019-6225,0.0278,0.8221
CVE-2019-14537,0.15351,0.95751
CVE-2019-13143,0.09029,0.9384
CVE-2019-2525,0.01669,0.7505
CVE-2019-2548,0.01412,0.72153
CVE-2019-7839,0.46701,0.9832
CVE-2017-9830,0.18008,0.96072
CVE-2018-3055,0.01512,0.72795
CVE-2018-3085,0.01512,0.72795
CVE-2019-1132,0.01865,0.76283
CVE-2019-10207,0.01404,0.71221
CVE-2019-12815,0.70009,0.99103
CVE-2018-18368,0.01404,0.71221
CVE-2019-14339,0.03705,0.84333
CVE-2019-1096,0.01931,0.7713
CVE-2018-0708,0.11569,0.94843
CVE-2014-4699,0.04381,0.87447
CVE-2019-11477,0.60808,0.98853
CVE-2019-10915,0.01669,0.7505
CVE-2018-18852,0.10855,0.94461
CVE-2019-6453,0.57609,0.98764
CVE-2019-13574,0.23891,0.9659
CVE-2019-13063,0.23848,0.96575
CVE-2019-9766,0.03586,0.8416
CVE-2019-0539,0.95631,0.99977
CVE-2018-20718,0.09029,0.9384
CVE-2019-12889,0.01404,0.71221
CVE-2017-11104,0.16306,0.95921
CVE-2017-3143,0.27597,0.97088
CVE-2016-3238,0.5769,0.98766
CVE-2019-12272,0.10855,0.94461
CVE-2012-4431,0.45114,0.98265
CVE-2019-12594,0.17166,0.96024
CVE-2018-3639,0.17247,0.9603
CVE-2019-12949,0.02561,0.81191
CVE-2019-0888,0.34454,0.97622
CVE-2017-3428,0.08102,0.93069
CVE-2015-3337,0.46671,0.98318
CVE-2018-17456,0.89435,0.99814
CVE-2019-1019,0.06857,0.91815
CVE-2019-12836,0.05246,0.89228
CVE-2011-1571,0.20307,0.96267
CVE-2019-12181,0.56606,0.98748
CVE-2019-1064,0.01641,0.74927
CVE-2009-1244,0.04819,0.88738
CVE-2019-12476,0.02777,0.82208
CVE-2018-8718,0.32306,0.97495
CVE-2018-11564,0.0418,0.85432
CVE-2018-10118,0.03513,0.84094
CVE-2019-8561,0.03758,0.84389
CVE-2019-0859,0.01641,0.74927
CVE-2019-12543,0.03483,0.84059
CVE-2019-12542,0.03483,0.84059
CVE-2019-12541,0.03483,0.84059
CVE-2019-12538,0.03483,0.84059
CVE-2019-1069,0.0169,0.75138
CVE-2019-0709,0.05493,0.89517
CVE-2019-8956,0.0309,0.82991
CVE-2014-0094,0.65754,0.98987
CVE-2014-0112,0.74587,0.99278
CVE-2014-0114,0.8439,0.99612
CVE-2019-12169,0.84855,0.99632
CVE-2019-12170,0.44855,0.98259
CVE-2019-11881,0.02561,0.81191
CVE-2019-12460,0.04144,0.85371
CVE-2019-9596,0.04134,0.85369
CVE-2019-9597,0.04134,0.85369
CVE-2019-1821,0.95089,0.99964
CVE-2019-1652,0.4441,0.98236
CVE-2019-12189,0.04144,0.85371
CVE-2019-12185,0.24176,0.96657
CVE-2019-0803,0.01909,0.76503
CVE-2019-8540,0.01787,0.75954
CVE-2019-6446,0.67992,0.99059
CVE-2018-1000140,0.67992,0.99059
CVE-2019-9896,0.01669,0.7505
CVE-2019-2615,0.50195,0.98629
CVE-2019-0211,0.82178,0.99538
CVE-2019-6977,0.38053,0.9786
CVE-2019-10869,0.19462,0.96197
CVE-2006-3592,0.02719,0.82075
CVE-2006-3952,0.65425,0.98985
CVE-2019-8978,0.1468,0.95655
CVE-2019-6203,0.39978,0.9803
CVE-2019-9621,0.34552,0.97639
CVE-2018-20580,0.34789,0.97693
CVE-2017-8890,0.04804,0.88734
CVE-2019-5624,0.21903,0.96425
CVE-2019-3719,0.02763,0.82184
CVE-2018-1000224,0.05736,0.89855
CVE-2018-20434,0.89156,0.9981
CVE-2018-2019,0.11752,0.94946
CVE-2009-5147,0.08934,0.93695
CVE-2014-0130,0.15351,0.95751
CVE-2014-7818,0.12492,0.95161
CVE-2014-7829,0.15351,0.95751
CVE-2015-7576,0.3572,0.9775
CVE-2015-7581,0.26127,0.96955
CVE-2016-0751,0.26127,0.96955
CVE-2016-0752,0.92627,0.99911
CVE-2019-6467,0.04499,0.88264
CVE-2017-6971,0.32306,0.97495
CVE-2019-11523,0.09029,0.9384
CVE-2019-3398,0.55029,0.98712
CVE-2019-8997,0.09029,0.9384
CVE-2018-18500,0.24563,0.96683
CVE-2019-11223,0.53745,0.98694
CVE-2018-2879,0.20148,0.96258
CVE-2019-9730,0.01412,0.72153
CVE-2019-11076,0.10855,0.94461
CVE-2018-4411,0.01404,0.71221
CVE-2018-16706,0.04499,0.88264
CVE-2019-10008,0.21252,0.96378
CVE-2018-16854,0.09187,0.93917
CVE-2019-3847,0.0307,0.82948
CVE-2019-1002101,0.05132,0.89051
CVE-2018-4124,0.123,0.95105
CVE-2019-6690,0.23437,0.96553
CVE-2019-10685,0.03483,0.84059
CVE-2018-9276,0.69279,0.99081
CVE-2019-11061,0.01512,0.72795
CVE-2019-11063,0.01512,0.72795
CVE-2019-5419,0.16306,0.95921
CVE-2011-3368,0.92045,0.99896
CVE-2019-0986,0.01641,0.74927
CVE-2016-0095,0.02746,0.82132
CVE-2018-11686,0.24923,0.96735
CVE-2018-16890,0.23285,0.96535
CVE-2017-18262,0.03283,0.83531
CVE-2018-13257,0.02561,0.81191
CVE-2018-1133,0.45297,0.98268
CVE-2019-9653,0.12492,0.95161
CVE-2019-9580,0.03283,0.83531
CVE-2019-9729,0.01404,0.71221
CVE-2018-19276,0.9051,0.99856
CVE-2019-9673,0.18516,0.96128
CVE-2018-17246,0.26571,0.97005
CVE-2018-4441,0.30487,0.97394
CVE-2018-8639,0.01681,0.75056
CVE-2019-7642,0.10855,0.94461
CVE-2018-9493,0.02737,0.82124
CVE-2010-3130,0.27203,0.97046
CVE-2016-0014,0.01681,0.75056
CVE-2019-5737,0.14862,0.95674
CVE-2018-2025,0.01404,0.71221
CVE-2019-6249,0.23848,0.96575
CVE-2018-12086,0.07176,0.91934
CVE-2012-6636,0.18152,0.96091
CVE-2009-1330,0.09885,0.94104
CVE-2019-8389,0.01404,0.71221
CVE-2019-6440,0.25144,0.96829
CVE-2019-7219,0.04983,0.89001
CVE-2018-20162,0.11752,0.94946
CVE-2018-4193,0.01985,0.7845
CVE-2015-0941,0.09069,0.93844
CVE-2019-9599,0.1294,0.95418
CVE-2018-6622,0.01404,0.71221
CVE-2016-10277,0.03124,0.83079
CVE-2019-7216,0.01404,0.71221
CVE-2011-3556,0.89403,0.99814
CVE-2017-0248,0.12126,0.94971
CVE-2018-10920,0.04499,0.88264
CVE-2018-11761,0.08663,0.93646
CVE-2015-2794,0.86357,0.9969
CVE-2019-6263,0.0418,0.85432
CVE-2019-6487,0.15362,0.95777
CVE-2016-2783,0.09029,0.9384
CVE-2018-20555,0.12492,0.95161
CVE-2017-15277,0.12262,0.95096
CVE-2019-5893,0.05473,0.895
CVE-2009-4660,0.63473,0.98928
CVE-2009-1324,0.09885,0.94104
CVE-2018-11788,0.09029,0.9384
CVE-2017-1000499,0.33195,0.97557
CVE-2018-8373,0.6002,0.98841
CVE-2018-8420,0.6002,0.98841
CVE-2014-5284,0.02013,0.7848
CVE-2017-9544,0.19689,0.9621
CVE-2018-4431,0.01669,0.7505
CVE-2018-20343,0.02763,0.82184
CVE-2015-9251,0.17112,0.96008
CVE-2012-5106,0.53773,0.98697
CVE-2007-1567,0.31124,0.97459
CVE-2009-0689,0.4569,0.98285
CVE-2018-19788,0.162,0.95908
CVE-2018-1270,0.70009,0.99103
CVE-2018-12533,0.2558,0.96862
CVE-2018-16875,0.29823,0.97366
CVE-2018-16156,0.03254,0.83468
CVE-2016-8636,0.03625,0.84257
CVE-2018-17431,0.86717,0.99706
CVE-2018-4242,0.02132,0.79162
CVE-2018-19911,0.05246,0.89228
CVE-2004-2167,0.50936,0.98637
CVE-2018-19487,0.09029,0.9384
CVE-2018-19488,0.09029,0.9384
CVE-2017-14493,0.72976,0.99219
CVE-2014-8682,0.16518,0.95934
CVE-2015-3456,0.23847,0.96571
CVE-2016-2233,0.15118,0.95692
CVE-2016-1240,0.10394,0.94369
CVE-2018-8021,0.37458,0.9783
CVE-2018-19125,0.07176,0.91934
CVE-2018-19126,0.53745,0.98694
CVE-2018-4415,0.01404,0.71221
CVE-2017-16082,0.2385,0.96589
CVE-2018-19207,0.88485,0.99795
CVE-2018-19537,0.15362,0.95777
CVE-2018-4013,0.26894,0.97022
CVE-2018-19466,0.12492,0.95161
CVE-2008-0128,0.46647,0.98317
CVE-2017-16943,0.49778,0.9862
CVE-2018-7489,0.70009,0.99103
CVE-2018-10936,0.15351,0.95751
CVE-2018-1324,0.04398,0.87547
CVE-2018-1313,0.23649,0.96563
CVE-2018-8038,0.24927,0.96736
CVE-2018-8039,0.35688,0.97747
CVE-2018-12540,0.07256,0.92089
CVE-2018-12537,0.14862,0.95674
CVE-2018-12418,0.01404,0.71221
CVE-2017-2666,0.19291,0.96189
CVE-2017-12624,0.12652,0.95333
CVE-2018-13864,0.09029,0.9384
CVE-2018-1259,0.15351,0.95751
CVE-2016-6798,0.09029,0.9384
CVE-2016-4438,0.45623,0.98284
CVE-2016-0793,0.34789,0.97693
CVE-2014-8110,0.06861,0.91815
CVE-2013-4002,0.45114,0.98265
CVE-2012-5575,0.46647,0.98317
CVE-2018-16323,0.33195,0.97557
CVE-2018-19131,0.03283,0.83531
CVE-2016-4657,0.42323,0.98169
CVE-2018-9539,0.02683,0.81438
CVE-2018-10517,0.24176,0.96657
CVE-2018-19127,0.38753,0.97908
CVE-2017-9101,0.84157,0.99599
CVE-2018-14665,0.40827,0.98118
CVE-2018-18714,0.02763,0.82184
CVE-2018-17961,0.05239,0.89152
CVE-2018-1323,0.261,0.96947
CVE-2018-14772,0.15362,0.95777
CVE-2018-8440,0.25551,0.96859
CVE-2018-17144,0.07176,0.91934
CVE-2018-11882,0.01404,0.71221
CVE-2018-12018,0.07176,0.91934
CVE-2018-16119,0.2385,0.96589
CVE-2018-18387,0.09029,0.9384
CVE-2018-18026,0.02763,0.82184
CVE-2017-15120,0.07176,0.91934
CVE-2017-8291,0.91349,0.99875
CVE-2018-8495,0.58533,0.988
CVE-2018-14634,0.03821,0.84849
CVE-2016-1555,0.94828,0.99956
CVE-2017-18044,0.67202,0.99041
CVE-2018-17182,0.045469999999999997,0.88283
CVE-2007-4607,0.85681,0.99666
CVE-2018-15365,0.02561,0.81191
CVE-2017-15095,0.35033,0.97711
CVE-2018-1275,0.70009,0.99103
CVE-2018-16712,0.09029,0.9384
CVE-2017-6079,0.10855,0.94461
CVE-2018-17081,0.02561,0.81191
CVE-2018-17418,0.09029,0.9384
CVE-2018-16711,0.09029,0.9384
CVE-2018-1000802,0.17166,0.96024
CVE-2018-16713,0.09029,0.9384
CVE-2018-4087,0.03209,0.8333
CVE-2018-4327,0.01404,0.71221
CVE-2018-4330,0.01512,0.72795
CVE-2017-6913,0.02561,0.81191
CVE-2018-15832,0.16135,0.95898
CVE-2018-8353,0.94501,0.9995
CVE-2018-4121,0.43051,0.98203
CVE-2018-15131,0.04499,0.88264
CVE-2018-10949,0.04499,0.88264
CVE-2018-14729,0.14469,0.95631
CVE-2017-11783,0.0169,0.75138
CVE-2018-2844,0.01669,0.7505
CVE-2017-3000,0.35524,0.97737
CVE-2018-8414,0.6002,0.98841
CVE-2018-0952,0.02185,0.80059
CVE-2018-15499,0.01404,0.71221
CVE-2018-9948,0.50739,0.98634
CVE-2018-8172,0.58503,0.98798
CVE-2018-5740,0.68064,0.9906
CVE-2018-4233,0.29055,0.97193
CVE-2018-9958,0.60811,0.98853
CVE-2011-3192,0.90636,0.99859
CVE-2016-5639,0.33195,0.97557
CVE-2016-5640,0.12492,0.95161
CVE-2017-2370,0.03961,0.85213
CVE-2018-14083,0.09029,0.9384
CVE-2017-0478,0.09743,0.94006
CVE-2017-0541,0.09743,0.94006
CVE-2018-13784,0.34789,0.97693
CVE-2014-6577,0.14469,0.95631
CVE-2014-3704,0.93531,0.99934
CVE-2014-6332,0.95644,0.99978
CVE-2018-12895,0.21647,0.9639
CVE-2018-12596,0.33195,0.97557
CVE-2017-11519,0.09029,0.9384
CVE-2018-11510,0.55189,0.98724
CVE-2017-1000253,0.045469999999999997,0.88283
CVE-2018-0624,0.04627,0.88466
CVE-2018-0824,0.93437,0.99931
CVE-2012-5613,0.90127,0.99837
CVE-2018-4243,0.03209,0.8333
CVE-2018-10821,0.02561,0.81191
CVE-2018-1088,0.20148,0.96258
CVE-2018-1112,0.11569,0.94843
CVE-2018-12031,0.16531,0.95952
CVE-2018-10561,0.12492,0.95161
CVE-2018-10562,0.2217,0.96438
CVE-2018-4241,0.03209,0.8333
CVE-2018-1000117,0.02683,0.81438
CVE-2017-0806,0.01512,0.72795
CVE-2018-11631,0.01404,0.71221
CVE-2018-4150,0.0244,0.80838
CVE-2018-11517,0.04499,0.88264
CVE-2018-8065,0.78807,0.99437
CVE-2017-15944,0.95223,0.99966
CVE-2018-1000529,0.02561,0.81191
CVE-2018-9059,0.46483,0.98314
CVE-2018-11311,0.29468,0.97299
CVE-2015-3837,0.03033,0.82853
CVE-2017-11907,0.71741,0.99157
CVE-2001-1442,0.02339,0.80637
CVE-2002-0991,0.01935,0.77136
CVE-2002-0740,0.01935,0.77136
CVE-2001-0758,0.09029,0.9384
CVE-2001-0680,0.1468,0.95655
CVE-2018-4248,0.15351,0.95751
CVE-2018-8115,0.56075,0.98737
CVE-2017-0411,0.03124,0.83079
CVE-2018-8733,0.123,0.95105
CVE-2018-8734,0.123,0.95105
CVE-2018-8735,0.46725,0.98436
CVE-2018-8736,0.11569,0.94843
CVE-2018-1000199,0.0631,0.90495
CVE-2018-10546,0.16306,0.95921
CVE-2018-10583,0.92627,0.99911
CVE-2018-5234,0.03124,0.83079
CVE-2018-1026,0.56075,0.98737
CVE-2018-8060,0.01404,0.71221
CVE-2018-8061,0.01404,0.71221
CVE-2018-9160,0.82094,0.99533
CVE-2018-6518,0.02561,0.81191
CVE-2012-4929,0.18006,0.96072
CVE-2018-7747,0.05466,0.89463
CVE-2018-1010,0.56075,0.98737
CVE-2018-6546,0.29468,0.97299
CVE-2018-1305,0.28819,0.97176
CVE-2018-8941,0.15362,0.95777
CVE-2002-0288,0.13011,0.95428
CVE-2016-0974,0.75301,0.99294
CVE-2018-8820,0.09029,0.9384
CVE-2017-14322,0.29468,0.97299
CVE-2018-8970,0.12492,0.95161
CVE-2017-1002101,0.14469,0.95631
CVE-2018-4901,0.42023,0.98157
CVE-2016-3749,0.01404,0.71221
CVE-2018-4879,0.46701,0.9832
CVE-2018-2380,0.16386,0.95923
CVE-2015-7450,0.94469,0.9995
CVE-2015-8103,0.94201,0.99944
CVE-2016-1291,0.43761,0.98222
CVE-2017-13253,0.03124,0.83079
CVE-2018-8078,0.02561,0.81191
CVE-2018-1304,0.40504,0.98045
CVE-2017-11427,0.09029,0.9384
CVE-2018-6396,0.05473,0.895
CVE-2017-7374,0.01669,0.7505
CVE-2018-4185,0.15351,0.95751
CVE-2018-7197,0.02561,0.81191
CVE-2018-4280,0.01787,0.75954
CVE-2013-2217,0.01669,0.7505
CVE-2017-15303,0.01404,0.71221
CVE-2018-7249,0.01641,0.74927
CVE-2018-7250,0.01641,0.74927
CVE-2009-1437,0.27506,0.97062
CVE-2018-7211,0.09029,0.9384
CVE-2017-10352,0.34783,0.97689
CVE-2009-2698,0.03482,0.84055
CVE-2016-4117,0.95652,0.99979
CVE-2016-0034,0.38723,0.97907
CVE-2015-5374,0.23476,0.96556
CVE-2016-7190,0.76371,0.99343
CVE-2018-6791,0.02682,0.81431
CVE-2018-6376,0.14991,0.95686
CVE-2018-6890,0.02561,0.81191
CVE-2017-11826,0.64405,0.98964
CVE-2018-0101,0.57609,0.98764
CVE-2018-1000001,0.14827,0.95666
CVE-2006-4777,0.88774,0.99801
CVE-2009-1151,0.86435,0.99695
CVE-2016-2569,0.16306,0.95921
CVE-2018-6407,0.04499,0.88264
CVE-2018-6408,0.05246,0.89228
CVE-2018-2636,0.39773,0.98025
CVE-2018-1000006,0.89358,0.99813
CVE-2018-5951,0.04499,0.88264
CVE-2016-1542,0.34732,0.97688
CVE-2016-1543,0.23171,0.96526
CVE-2016-5063,0.17479,0.96043
CVE-2017-8802,0.03867,0.84862
CVE-2017-1000475,0.02013,0.7848
CVE-2010-0802,0.04617,0.8846
CVE-2016-7637,0.03356,0.83629
CVE-2017-5754,0.76928,0.99371
CVE-2017-6736,0.51157,0.98642
CVE-2017-0807,0.15351,0.95751
CVE-2017-0564,0.02412,0.80753
CVE-2015-0802,0.31437,0.97473
CVE-2015-0816,0.3572,0.9775
CVE-2018-7171,0.12492,0.95161
CVE-2018-7203,0.03483,0.84059
CVE-2014-10069,0.12492,0.95161
CVE-2012-4681,0.92021,0.99894
CVE-2017-17692,0.86402,0.99694
CVE-2017-16997,0.0215,0.79193
CVE-2009-4462,0.68293,0.99066
CVE-2009-4463,0.1468,0.95655
CVE-2010-4730,0.14043,0.95601
CVE-2010-4731,0.14043,0.95601
CVE-2010-4732,0.37942,0.97848
CVE-2010-4733,0.10855,0.94461
CVE-2017-9097,0.14903,0.95681
CVE-2017-3881,0.95332,0.99969
CVE-2014-2324,0.37149,0.97815
CVE-2017-0554,0.01512,0.72795
CVE-2017-13672,0.04804,0.88734
CVE-2017-15708,0.48334,0.98495
CVE-2018-4331,0.15351,0.95751
CVE-2010-0426,0.05839,0.90002
CVE-2018-4343,0.01787,0.75954
CVE-2016-6516,0.01787,0.75954
CVE-2017-7038,0.05189,0.8914
CVE-2017-4995,0.34454,0.97621
CVE-2017-8045,0.21929,0.96428
CVE-2017-13872,0.93524,0.99933
CVE-2017-1000405,0.03636,0.84258
CVE-2009-4137,0.62788,0.98915
CVE-2009-4140,0.90816,0.99862
CVE-2016-2334,0.31559,0.97475
CVE-2017-13089,0.12262,0.95096
CVE-2017-5124,0.15025,0.95689
CVE-2017-1000250,0.08421,0.93604
CVE-2015-8279,0.10855,0.94461
CVE-2017-16524,0.23122,0.96525
CVE-2017-14491,0.78085,0.99398
CVE-2010-4221,0.85681,0.99666
CVE-2017-17309,0.09029,0.9384
CVE-2017-5721,0.02485,0.80863
CVE-2016-10034,0.76704,0.99361
CVE-2017-12792,0.02561,0.81191
CVE-2010-3332,0.86114,0.99687
CVE-2017-7089,0.06487,0.90626
CVE-2017-10616,0.04499,0.88264
CVE-2017-10617,0.04499,0.88264
CVE-2017-9476,0.01404,0.71221
CVE-2017-13868,0.05239,0.89152
CVE-2017-12717,0.07769,0.92799
CVE-2018-4110,0.14903,0.95681
CVE-2017-14243,0.23848,0.96575
CVE-2017-14244,0.23848,0.96575
CVE-2017-6558,0.23848,0.96575
CVE-2017-12852,0.04499,0.88264
CVE-2017-9798,0.95523,0.99974
CVE-2017-18486,0.32306,0.97495
CVE-2012-2660,0.21571,0.96387
CVE-2012-2694,0.2558,0.96862
CVE-2013-0155,0.27336,0.97056
CVE-2016-6317,0.07176,0.91934
CVE-2017-7092,0.26335,0.96959
CVE-2017-10235,0.01412,0.72153
CVE-2017-0782,0.11255,0.94654
CVE-2017-0783,0.01779,0.75903
CVE-2017-14315,0.01787,0.75954
CVE-2017-8628,0.07576,0.92534
CVE-2017-13833,0.02194,0.80198
CVE-2017-7173,0.01404,0.71221
CVE-2015-6835,0.46675,0.98318
CVE-2017-14263,0.09029,0.9384
CVE-2017-14262,0.09029,0.9384
CVE-2017-11611,0.02561,0.81191
CVE-2017-7998,0.02561,0.81191
CVE-2017-8625,0.12937,0.95416
CVE-2017-8634,0.8457,0.99622
CVE-2017-8635,0.8457,0.99622
CVE-2017-8636,0.85466,0.9966
CVE-2017-8638,0.1411,0.95607
CVE-2017-8639,0.1411,0.95607
CVE-2017-8640,0.8457,0.99622
CVE-2017-8641,0.8457,0.99622
CVE-2017-8645,0.8457,0.99622
CVE-2017-8646,0.8457,0.99622
CVE-2017-8647,0.1411,0.95607
CVE-2017-8655,0.1411,0.95607
CVE-2017-8656,0.8457,0.99622
CVE-2017-8657,0.8457,0.99622
CVE-2017-8670,0.8457,0.99622
CVE-2017-8671,0.8457,0.99622
CVE-2017-8672,0.1411,0.95607
CVE-2017-8674,0.1411,0.95607
CVE-2017-9934,0.02746,0.82133
CVE-2016-7608,0.02013,0.7848
CVE-2017-9779,0.01404,0.71221
CVE-2017-2368,0.01512,0.72795
CVE-2017-10661,0.04407,0.87551
CVE-2017-7047,0.32053,0.97488
CVE-2017-8486,0.01988,0.7845
CVE-2017-2388,0.02594,0.81245
CVE-2016-6271,0.05736,0.89855
CVE-2014-9322,0.03821,0.84849
CVE-2014-1303,0.51628,0.98654
CVE-2017-3241,0.48051,0.98486
CVE-2017-18345,0.29468,0.97299
CVE-2015-0235,0.87375,0.9974
CVE-2017-2793,0.08419,0.93603
CVE-2012-6066,0.73623,0.99244
CVE-2017-9609,0.0307,0.82948
CVE-2017-2671,0.03821,0.84849
CVE-2017-7472,0.03821,0.84849
CVE-2017-7441,0.01404,0.71221
CVE-2017-6008,0.02013,0.7848
CVE-2017-8382,0.15436,0.95782
CVE-2011-1237,0.0275,0.82133
CVE-2017-8295,0.23476,0.96556
CVE-2008-1613,0.04518,0.88265
CVE-2008-5416,0.9021,0.9984
CVE-2016-6662,0.56354,0.98740000000000006
CVE-2003-0727,0.87172,0.99725
CVE-2017-5693,0.04499,0.88264
CVE-2011-4107,0.36821,0.97787
CVE-2021-31796,0.15351,0.95751
CVE-2017-5633,0.23122,0.96525
CVE-2017-0108,0.84184,0.996
CVE-2017-0014,0.48805,0.98514
CVE-2016-5345,0.01412,0.72153
CVE-2017-7188,0.0307,0.82948
CVE-2016-3955,0.37149,0.97815
CVE-2016-2173,0.51031,0.9864
CVE-2017-0038,0.54553,0.98704
CVE-2014-9301,0.21929,0.96426
CVE-2017-6206,0.33195,0.97557
CVE-2017-6370,0.04499,0.88264
CVE-2016-0099,0.03613,0.84252
CVE-2017-0065,0.22861,0.96485
CVE-2014-0050,0.91194,0.99872
CVE-2015-1855,0.08934,0.93695
CVE-2015-7551,0.04467,0.87733
CVE-2016-9066,0.16306,0.95921
CVE-2016-4669,0.03432,0.83933
CVE-2016-7644,0.02194,0.80198
CVE-2012-1723,0.90084,0.99836
CVE-2016-9244,0.45409,0.98273
CVE-2015-1579,0.16531,0.95952
CVE-2017-3730,0.4277,0.98183
CVE-2009-3103,0.88004,0.99773
CVE-2016-1827,0.03961,0.85213
CVE-2016-8467,0.01412,0.72153
CVE-2016-9920,0.49418,0.98539
CVE-2017-5005,0.51031,0.9864
CVE-2016-8610,0.49928,0.98624
CVE-2012-0003,0.92021,0.99894
CVE-2016-1825,0.01916,0.76516
CVE-2016-7617,0.01985,0.7845
CVE-2016-9192,0.01669,0.7505
CVE-2016-8655,0.02195,0.80199
CVE-2016-8016,0.03867,0.84862
CVE-2016-8017,0.08128,0.93072
CVE-2016-8018,0.03867,0.84862
CVE-2016-8019,0.04134,0.85369
CVE-2016-8020,0.49418,0.98539
CVE-2016-8021,0.0919,0.93918
CVE-2016-8022,0.27628,0.97088
CVE-2016-8023,0.15351,0.95751
CVE-2016-8024,0.15351,0.95751
CVE-2016-8025,0.14469,0.95631
CVE-2016-5696,0.3572,0.9775
CVE-2016-1494,0.19173,0.96167
CVE-2016-7434,0.43883,0.98225
CVE-2006-3747,0.79461,0.99449
CVE-2016-8869,0.64384,0.98963
CVE-2016-8870,0.63109,0.98919
CVE-2016-8367,0.05463,0.89462
CVE-2016-8374,0.05463,0.89462
CVE-2016-8858,0.26127,0.96955
CVE-2016-6663,0.05839,0.90002
CVE-2016-8462,0.01963,0.77711
CVE-2008-7220,0.24563,0.96683
CVE-2016-0199,0.87445,0.99742
CVE-2008-2938,0.80128,0.99485
CVE-2014-2064,0.05736,0.89855
CVE-2008-2370,0.73462,0.9924
CVE-2011-0013,0.35664,0.97745
CVE-2014-1904,0.17642,0.96055
CVE-2015-3839,0.01669,0.7505
CVE-2015-3864,0.92242,0.99901
CVE-2016-2776,0.91707,0.99884
CVE-2016-1287,0.57473,0.98763
CVE-2009-0473,0.04134,0.85369
CVE-2016-5699,0.25182,0.9683
CVE-2016-4845,0.09187,0.93917
CVE-2016-4825,0.05736,0.89855
CVE-2011-2461,0.13302,0.95488
CVE-2012-0056,0.03482,0.84055
CVE-2016-4631,0.32972,0.97535
CVE-2016-3962,0.04499,0.88264
CVE-2016-3989,0.09029,0.9384
CVE-2010-0738,0.83245,0.99567
CVE-2016-2468,0.01404,0.71221
CVE-2016-1734,0.01916,0.76516
CVE-2015-4870,0.46115,0.98301
CVE-2016-1758,0.01787,0.75954
CVE-2016-1828,0.03961,0.85213
CVE-2008-4609,0.30507,0.97395
CVE-2008-6970,0.04518,0.88265
CVE-2015-8277,0.65578,0.98985
CVE-2015-7214,0.37149,0.97815
CVE-2016-3141,0.37149,0.97815
CVE-2015-8660,0.03821,0.84849
CVE-2015-8543,0.05839,0.90002
CVE-2016-3959,0.26127,0.96955
CVE-2016-2402,0.07176,0.91934
CVE-2016-5636,0.37149,0.97815
CVE-2013-4434,0.28446,0.97169
CVE-2015-8710,0.17166,0.96024
CVE-2015-8299,0.21929,0.96428
CVE-2015-6637,0.01404,0.71221
CVE-2015-6640,0.01512,0.72795
CVE-2015-6606,0.01404,0.71221
CVE-2015-2898,0.21181,0.96375
CVE-2015-2900,0.09029,0.9384
CVE-2015-6006,0.20376,0.96278
CVE-2015-7765,0.24158,0.96651
CVE-2011-4317,0.68093,0.99061
CVE-2015-8088,0.0245,0.80842
CVE-2014-4943,0.03821,0.84849
CVE-2015-6576,0.17187,0.96026
CVE-2015-6357,0.16901,0.95987
CVE-2015-5847,0.04411,0.8756
CVE-2015-5864,0.01412,0.72153
CVE-2015-5932,0.01404,0.71221
CVE-2015-7297,0.93264,0.99929
CVE-2015-7857,0.64384,0.98963
CVE-2015-7858,0.64384,0.98963
CVE-2015-1641,0.6145,0.9888
CVE-2015-3073,0.54804,0.98709
CVE-2014-7951,0.08167,0.93074
CVE-2014-7953,0.02462,0.80846
CVE-2015-2153,0.44938,0.9826
CVE-2014-4076,0.04733,0.88698
CVE-2015-4495,0.91899,0.99891
CVE-2015-1560,0.18199,0.96104
CVE-2015-1561,0.14469,0.95631
CVE-2015-2925,0.06674,0.91154
CVE-2010-3904,0.02095,0.79058
CVE-2015-2315,0.04134,0.85369
CVE-2013-1965,0.2217,0.96438
CVE-2012-4792,0.95294,0.99968
CVE-2015-1318,0.02302,0.80624
CVE-2015-1130,0.02302,0.80624
CVE-2015-3673,0.02302,0.80624
CVE-2015-2208,0.84953,0.99635
CVE-2015-1592,0.92242,0.99901
CVE-2011-3389,0.40949,0.9813
CVE-2013-2842,0.40746,0.98117
CVE-2015-0204,0.63336,0.98925
CVE-2015-0291,0.49928,0.98624
CVE-2011-1720,0.41856,0.98155
CVE-2015-1140,0.01669,0.7505
CVE-2015-1474,0.123,0.95105
CVE-2015-0072,0.81846,0.99527
CVE-2010-4258,0.06674,0.91154
CVE-2011-1593,0.05839,0.90002
CVE-2010-3437,0.03482,0.84055
CVE-2010-4165,0.03482,0.84055
CVE-2014-8757,0.0215,0.79193
CVE-2011-4919,0.12492,0.95161
CVE-2014-0101,0.35525,0.97737
CVE-2014-6598,0.08102,0.93069
CVE-2014-1447,0.08942,0.93696
CVE-2014-9390,0.78077,0.99397
CVE-2014-0196,0.03744,0.84387
CVE-2014-9016,0.88952,0.99804
CVE-2014-9034,0.39505,0.98009
CVE-2007-0843,0.0222,0.80429
CVE-2000-0170,0.01935,0.77136
CVE-2014-7236,0.86402,0.99694
CVE-2014-4936,0.80089,0.99481
CVE-2005-1125,0.16636,0.95954
CVE-2013-6668,0.24563,0.96683
CVE-2014-1677,0.34789,0.97693
CVE-2014-0224,0.95231,0.99967
CVE-2012-3137,0.46778,0.98438
CVE-2014-0195,0.75509,0.99316
CVE-2014-3466,0.17024,0.95995
CVE-2015-0006,0.2522,0.9683
CVE-2014-0166,0.15351,0.95751
CVE-2014-2734,0.27336,0.97056
CVE-2013-2072,0.0309,0.82991
CVE-2013-4348,0.08934,0.93695
CVE-2010-4804,0.77002,0.99374
CVE-2012-3152,0.83532,0.99584
CVE-2012-3153,0.72217,0.99198
CVE-2013-5065,0.03613,0.84252
CVE-2013-4378,0.05189,0.8914
CVE-2012-3716,0.18371,0.96126
CVE-2010-3971,0.89395,0.99813
CVE-2011-2894,0.28446,0.97169
CVE-2013-4175,0.01404,0.71221
CVE-2013-3319,0.69528,0.99085
CVE-2012-4220,0.03033,0.82853
CVE-2011-1485,0.02095,0.79058
CVE-2013-1081,0.75027,0.99287
CVE-2012-5958,0.9169,0.99883
CVE-2013-0229,0.81627,0.99522
CVE-2013-0230,0.79546,0.99451
CVE-2013-0333,0.94364,0.99948
CVE-2013-5664,0.02561,0.81191
CVE-2011-3026,0.26363,0.9696
CVE-2012-0053,0.73462,0.9924
CVE-2008-0228,0.09187,0.93917
CVE-2011-0228,0.17166,0.96024
CVE-2010-4476,0.54162,0.98702
CVE-2010-1205,0.8253,0.99546
CVE-2019-18418,0.23848,0.96575
CVE-2020-16899,0.23965,0.96612
CVE-2019-19383,0.09029,0.9384
CVE-2019-8513,0.0241,0.80752
CVE-2019-8565,0.32949,0.97534
CVE-2019-1987,0.04006,0.85279
CVE-2019-16394,0.19173,0.96167
CVE-2020-25790,0.29982,0.97369000000000006
CVE-2019-12190,0.02561,0.81191
CVE-2019-12252,0.29982,0.97369000000000006
CVE-2020-1983,0.04804,0.88734
CVE-2022-0001,0.0095,0.30554
CVE-2022-0002,0.0095,0.30554
CVE-2022-0004,0.00885,0.26162
CVE-2022-0005,0.00885,0.26162
CVE-2022-0011,0.00885,0.26162
CVE-2022-0012,0.00885,0.26162
CVE-2022-0013,0.00885,0.26162
CVE-2022-0014,0.00885,0.26162
CVE-2022-0015,0.00885,0.26162
CVE-2022-0016,0.00885,0.26162
CVE-2022-0017,0.01036,0.41241
CVE-2022-0018,0.00885,0.26162
CVE-2022-0019,0.00885,0.26162
CVE-2022-0020,0.00885,0.26162
CVE-2022-0021,0.00885,0.26162
CVE-2022-0022,0.00885,0.26162
CVE-2022-0023,0.00885,0.26162
CVE-2022-0024,0.01086,0.51674
CVE-2022-0025,0.00885,0.26162
CVE-2022-0026,0.00885,0.26162
CVE-2022-0027,0.00885,0.26162
CVE-2022-0028,0.00885,0.26162
CVE-2022-0070,0.00885,0.26162
CVE-2022-0071,0.00885,0.26162
CVE-2022-0079,0.00885,0.26162
CVE-2022-0080,0.00885,0.26162
CVE-2022-0083,0.00885,0.26162
CVE-2022-0084,0.01018,0.38792
CVE-2022-0085,0.00885,0.26162
CVE-2022-0086,0.00885,0.26162
CVE-2022-0087,0.00885,0.26162
CVE-2022-0088,0.00885,0.26162
CVE-2022-0090,0.0089,0.2856
CVE-2022-0093,0.0089,0.2856
CVE-2022-0096,0.01213,0.6557
CVE-2022-0097,0.01018,0.38792
CVE-2022-0098,0.01018,0.38792
CVE-2022-0099,0.01213,0.6557
CVE-2022-0100,0.01213,0.6557
CVE-2022-0101,0.01213,0.6557
CVE-2022-0102,0.01213,0.6557
CVE-2022-0103,0.01213,0.6557
CVE-2022-0104,0.01213,0.6557
CVE-2022-0105,0.01213,0.6557
CVE-2022-0106,0.01213,0.6557
CVE-2022-0107,0.01018,0.38792
CVE-2022-0108,0.01213,0.6557
CVE-2022-0109,0.01213,0.6557
CVE-2022-0110,0.01213,0.6557
CVE-2022-0111,0.01213,0.6557
CVE-2022-0112,0.01213,0.6557
CVE-2022-0113,0.01213,0.6557
CVE-2022-0114,0.01213,0.6557
CVE-2022-0115,0.01213,0.6557
CVE-2022-0116,0.01213,0.6557
CVE-2022-0117,0.01213,0.6557
CVE-2022-0118,0.01213,0.6557
CVE-2022-0120,0.01213,0.6557
CVE-2022-0121,0.00885,0.26162
CVE-2022-0122,0.00885,0.26162
CVE-2022-0123,0.00885,0.26162
CVE-2022-0124,0.0089,0.2856
CVE-2022-0125,0.0089,0.2856
CVE-2022-0128,0.01537,0.73595
CVE-2022-0129,0.00885,0.26162
CVE-2022-0130,0.01156,0.60033
CVE-2022-0131,0.00885,0.26162
CVE-2022-0132,0.00885,0.26162
CVE-2022-0133,0.00885,0.26162
CVE-2022-0134,0.00885,0.26162
CVE-2022-0135,0.01036,0.41241
CVE-2022-0136,0.0089,0.2856
CVE-2022-0138,0.00885,0.26162
CVE-2022-0139,0.00885,0.26162
CVE-2022-0140,0.00885,0.26162
CVE-2022-0141,0.00885,0.26162
CVE-2022-0142,0.0144,0.7265
CVE-2022-0144,0.00885,0.26162
CVE-2022-0145,0.00885,0.26162
CVE-2022-0147,0.00885,0.26162
CVE-2022-0148,0.00885,0.26162
CVE-2022-0149,0.00885,0.26162
CVE-2022-0150,0.00885,0.26162
CVE-2022-0151,0.00885,0.26162
CVE-2022-0152,0.00885,0.26162
CVE-2022-0153,0.00885,0.26162
CVE-2022-0154,0.0089,0.2856
CVE-2022-0155,0.00885,0.26162
CVE-2022-0156,0.01537,0.73595
CVE-2022-0157,0.0095,0.30554
CVE-2022-0158,0.01537,0.73595
CVE-2022-0159,0.00885,0.26162
CVE-2022-0161,0.00885,0.26162
CVE-2022-0162,0.01055,0.50287
CVE-2022-0163,0.00885,0.26162
CVE-2022-0164,0.00885,0.26162
CVE-2022-0165,0.00885,0.26162
CVE-2022-0166,0.00885,0.26162
CVE-2022-0167,0.00885,0.26162
CVE-2022-0168,0.0089,0.2856
CVE-2022-0169,0.00885,0.26162
CVE-2022-0170,0.00885,0.26162
CVE-2022-0171,0.0089,0.2856
CVE-2022-0172,0.00885,0.26162
CVE-2022-0173,0.01018,0.38792
CVE-2022-0174,0.00885,0.26162
CVE-2022-0175,0.0095,0.30554
CVE-2022-0176,0.00885,0.26162
CVE-2022-0178,0.00885,0.26162
CVE-2022-0179,0.00885,0.26162
CVE-2022-0180,0.01136,0.57949
CVE-2022-0181,0.01136,0.57949
CVE-2022-0182,0.01061,0.51015
CVE-2022-0183,0.00885,0.26162
CVE-2022-0184,0.00885,0.26162
CVE-2022-0186,0.00885,0.26162
CVE-2022-0188,0.00885,0.26162
CVE-2022-0189,0.00885,0.26162
CVE-2022-0190,0.00885,0.26162
CVE-2022-0191,0.00885,0.26162
CVE-2022-0192,0.00885,0.26162
CVE-2022-0193,0.00885,0.26162
CVE-2022-0196,0.01018,0.38792
CVE-2022-0197,0.01018,0.38792
CVE-2022-0198,0.00885,0.26162
CVE-2022-0199,0.00885,0.26162
CVE-2022-0200,0.00885,0.26162
CVE-2022-0201,0.00885,0.26162
CVE-2022-0203,0.00885,0.26162
CVE-2022-0204,0.01018,0.38792
CVE-2022-0205,0.00885,0.26162
CVE-2022-0206,0.00885,0.26162
CVE-2022-0207,0.0095,0.30554
CVE-2022-0208,0.00885,0.26162
CVE-2022-0209,0.00885,0.26162
CVE-2022-0210,0.0089,0.2856
CVE-2022-0211,0.00885,0.26162
CVE-2022-0212,0.00885,0.26162
CVE-2022-0213,0.01018,0.38792
CVE-2022-0214,0.00885,0.26162
CVE-2022-0215,0.01018,0.38792
CVE-2022-0216,0.0095,0.30554
CVE-2022-0217,0.00954,0.34522
CVE-2022-0218,0.00885,0.26162
CVE-2022-0220,0.00885,0.26162
CVE-2022-0221,0.00885,0.26162
CVE-2022-0224,0.00885,0.26162
CVE-2022-0225,0.00885,0.26162
CVE-2022-0226,0.00885,0.26162
CVE-2022-0228,0.00885,0.26162
CVE-2022-0229,0.00885,0.26162
CVE-2022-0230,0.00885,0.26162
CVE-2022-0231,0.00885,0.26162
CVE-2022-0232,0.0089,0.2856
CVE-2022-0233,0.0089,0.2856
CVE-2022-0234,0.00885,0.26162
CVE-2022-0235,0.00885,0.26162
CVE-2022-0237,0.01005,0.36332
CVE-2022-0238,0.01018,0.38792
CVE-2022-0239,0.00885,0.26162
CVE-2022-0240,0.00885,0.26162
CVE-2022-0242,0.00885,0.26162
CVE-2022-0243,0.00885,0.26162
CVE-2022-0244,0.00954,0.34522
CVE-2022-0245,0.00885,0.26162
CVE-2022-0246,0.00885,0.26162
CVE-2022-0247,0.00885,0.26162
CVE-2022-0248,0.00885,0.26162
CVE-2022-0249,0.00954,0.34522
CVE-2022-0250,0.00885,0.26162
CVE-2022-0251,0.00885,0.26162
CVE-2022-0252,0.00885,0.26162
CVE-2022-0253,0.00885,0.26162
CVE-2022-0254,0.00954,0.34522
CVE-2022-0255,0.00885,0.26162
CVE-2022-0256,0.00885,0.26162
CVE-2022-0257,0.00885,0.26162
CVE-2022-0258,0.00885,0.26162
CVE-2022-0260,0.00885,0.26162
CVE-2022-0261,0.01018,0.38792
CVE-2022-0262,0.00885,0.26162
CVE-2022-0263,0.00885,0.26162
CVE-2022-0264,0.00885,0.26162
CVE-2022-0266,0.00885,0.26162
CVE-2022-0267,0.00885,0.26162
CVE-2022-0268,0.00885,0.26162
CVE-2022-0269,0.00885,0.26162
CVE-2022-0270,0.00885,0.26162
CVE-2022-0271,0.00885,0.26162
CVE-2022-0272,0.00885,0.26162
CVE-2022-0273,0.00885,0.26162
CVE-2022-0274,0.00885,0.26162
CVE-2022-0277,0.00885,0.26162
CVE-2022-0278,0.00885,0.26162
CVE-2022-0279,0.00885,0.26162
CVE-2022-0280,0.00885,0.26162
CVE-2022-0281,0.00885,0.26162
CVE-2022-0282,0.00885,0.26162
CVE-2022-0283,0.00885,0.26162
CVE-2022-0284,0.01018,0.38792
CVE-2022-0285,0.00885,0.26162
CVE-2022-0286,0.0089,0.2856
CVE-2022-0287,0.00885,0.26162
CVE-2022-0288,0.00885,0.26162
CVE-2022-0289,0.01136,0.57949
CVE-2022-0290,0.01136,0.57949
CVE-2022-0291,0.01055,0.50287
CVE-2022-0292,0.01055,0.50287
CVE-2022-0293,0.01055,0.50287
CVE-2022-0294,0.01055,0.50287
CVE-2022-0295,0.01055,0.50287
CVE-2022-0296,0.01055,0.50287
CVE-2022-0297,0.01055,0.50287
CVE-2022-0298,0.01055,0.50287
CVE-2022-0300,0.01055,0.50287
CVE-2022-0301,0.00885,0.26162
CVE-2022-0302,0.00885,0.26162
CVE-2022-0304,0.01055,0.50287
CVE-2022-0305,0.01055,0.50287
CVE-2022-0306,0.01136,0.57949
CVE-2022-0307,0.01055,0.50287
CVE-2022-0308,0.01055,0.50287
CVE-2022-0309,0.01055,0.50287
CVE-2022-0310,0.01055,0.50287
CVE-2022-0311,0.01055,0.50287
CVE-2022-0313,0.00885,0.26162
CVE-2022-0314,0.00885,0.26162
CVE-2022-0315,0.00885,0.26162
CVE-2022-0317,0.00885,0.26162
CVE-2022-0318,0.00954,0.34522
CVE-2022-0319,0.01018,0.38792
CVE-2022-0320,0.00885,0.26162
CVE-2022-0321,0.00885,0.26162
CVE-2022-0322,0.0089,0.2856
CVE-2022-0323,0.00885,0.26162
CVE-2022-0326,0.00885,0.26162
CVE-2022-0327,0.00885,0.26162
CVE-2022-0328,0.00885,0.26162
CVE-2022-0330,0.0089,0.2856
CVE-2022-0331,0.01055,0.50287
CVE-2022-0333,0.00885,0.26162
CVE-2022-0334,0.00885,0.26162
CVE-2022-0335,0.00885,0.26162
CVE-2022-0336,0.01034,0.39824
CVE-2022-0338,0.00885,0.26162
CVE-2022-0339,0.00885,0.26162
CVE-2022-0341,0.00885,0.26162
CVE-2022-0342,0.00885,0.26162
CVE-2022-0343,0.00885,0.26162
CVE-2022-0344,0.00954,0.34522
CVE-2022-0345,0.00885,0.26162
CVE-2022-0346,0.00885,0.26162
CVE-2022-0347,0.00885,0.26162
CVE-2022-0348,0.00885,0.26162
CVE-2022-0349,0.00885,0.26162
CVE-2022-0350,0.00885,0.26162
CVE-2022-0351,0.0095,0.30554
CVE-2022-0352,0.00885,0.26162
CVE-2022-0354,0.01005,0.36332
CVE-2022-0355,0.00885,0.26162
CVE-2022-0358,0.0089,0.2856
CVE-2022-0359,0.01018,0.38792
CVE-2022-0360,0.00885,0.26162
CVE-2022-0361,0.01018,0.38792
CVE-2022-0362,0.00885,0.26162
CVE-2022-0363,0.00885,0.26162
CVE-2022-0364,0.00885,0.26162
CVE-2022-0365,0.02055,0.7893
CVE-2022-0366,0.00885,0.26162
CVE-2022-0367,0.00954,0.34522
CVE-2022-0368,0.01018,0.38792
CVE-2022-0370,0.00885,0.26162
CVE-2022-0371,0.00885,0.26162
CVE-2022-0372,0.00885,0.26162
CVE-2022-0373,0.0089,0.2856
CVE-2022-0374,0.00885,0.26162
CVE-2022-0375,0.00885,0.26162
CVE-2022-0376,0.00885,0.26162
CVE-2022-0377,0.0089,0.2856
CVE-2022-0378,0.00885,0.26162
CVE-2022-0379,0.00885,0.26162
CVE-2022-0380,0.00885,0.26162
CVE-2022-0381,0.00954,0.34522
CVE-2022-0382,0.00885,0.26162
CVE-2022-0383,0.00885,0.26162
CVE-2022-0384,0.00885,0.26162
CVE-2022-0385,0.00885,0.26162
CVE-2022-0386,0.01086,0.51674
CVE-2022-0387,0.00885,0.26162
CVE-2022-0388,0.00885,0.26162
CVE-2022-0389,0.00885,0.26162
CVE-2022-0390,0.0089,0.2856
CVE-2022-0391,0.01018,0.38792
CVE-2022-0392,0.00954,0.34522
CVE-2022-0393,0.01018,0.38792
CVE-2022-0394,0.00885,0.26162
CVE-2022-0395,0.00885,0.26162
CVE-2022-0396,0.00954,0.34522
CVE-2022-0397,0.00885,0.26162
CVE-2022-0398,0.00885,0.26162
CVE-2022-0399,0.00885,0.26162
CVE-2022-0400,0.00954,0.34522
CVE-2022-0401,0.00885,0.26162
CVE-2022-0403,0.00885,0.26162
CVE-2022-0404,0.00885,0.26162
CVE-2022-0405,0.00885,0.26162
CVE-2022-0406,0.00885,0.26162
CVE-2022-0407,0.00954,0.34522
CVE-2022-0408,0.01108,0.53389
CVE-2022-0409,0.00885,0.26162
CVE-2022-0410,0.00885,0.26162
CVE-2022-0411,0.00885,0.26162
CVE-2022-0412,0.00885,0.26162
CVE-2022-0413,0.01108,0.53389
CVE-2022-0414,0.00885,0.26162
CVE-2022-0415,0.01978,0.78447
CVE-2022-0417,0.01108,0.53389
CVE-2022-0418,0.00885,0.26162
CVE-2022-0419,0.01108,0.53389
CVE-2022-0420,0.00885,0.26162
CVE-2022-0422,0.00885,0.26162
CVE-2022-0423,0.00885,0.26162
CVE-2022-0424,0.00885,0.26162
CVE-2022-0425,0.00885,0.26162
CVE-2022-0426,0.00885,0.26162
CVE-2022-0427,0.00954,0.34522
CVE-2022-0428,0.00885,0.26162
CVE-2022-0429,0.00885,0.26162
CVE-2022-0430,0.00885,0.26162
CVE-2022-0431,0.00885,0.26162
CVE-2022-0432,0.00885,0.26162
CVE-2022-0433,0.0089,0.2856
CVE-2022-0434,0.00885,0.26162
CVE-2022-0435,0.01061,0.51015
CVE-2022-0436,0.00885,0.26162
CVE-2022-0437,0.00885,0.26162
CVE-2022-0439,0.00885,0.26162
CVE-2022-0440,0.00885,0.26162
CVE-2022-0442,0.00885,0.26162
CVE-2022-0443,0.01108,0.53389
CVE-2022-0444,0.00885,0.26162
CVE-2022-0445,0.00885,0.26162
CVE-2022-0446,0.00885,0.26162
CVE-2022-0447,0.00885,0.26162
CVE-2022-0448,0.00885,0.26162
CVE-2022-0449,0.00885,0.26162
CVE-2022-0450,0.00885,0.26162
CVE-2022-0451,0.00885,0.26162
CVE-2022-0452,0.01055,0.50287
CVE-2022-0453,0.01055,0.50287
CVE-2022-0454,0.01055,0.50287
CVE-2022-0455,0.01055,0.50287
CVE-2022-0456,0.01055,0.50287
CVE-2022-0457,0.01055,0.50287
CVE-2022-0458,0.01055,0.50287
CVE-2022-0459,0.01055,0.50287
CVE-2022-0460,0.01055,0.50287
CVE-2022-0461,0.01055,0.50287
CVE-2022-0462,0.01055,0.50287
CVE-2022-0463,0.01055,0.50287
CVE-2022-0464,0.01055,0.50287
CVE-2022-0465,0.01055,0.50287
CVE-2022-0466,0.00885,0.26162
CVE-2022-0467,0.01055,0.50287
CVE-2022-0468,0.01055,0.50287
CVE-2022-0469,0.01055,0.50287
CVE-2022-0470,0.01055,0.50287
CVE-2022-0471,0.00885,0.26162
CVE-2022-0472,0.00885,0.26162
CVE-2022-0473,0.00885,0.26162
CVE-2022-0474,0.00885,0.26162
CVE-2022-0475,0.00885,0.26162
CVE-2022-0476,0.01018,0.38792
CVE-2022-0477,0.00885,0.26162
CVE-2022-0478,0.00885,0.26162
CVE-2022-0479,0.00885,0.26162
CVE-2022-0480,0.01034,0.39824
CVE-2022-0481,0.00885,0.26162
CVE-2022-0482,0.01018,0.38792
CVE-2022-0483,0.00885,0.26162
CVE-2022-0484,0.00885,0.26162
CVE-2022-0485,0.01018,0.38792
CVE-2022-0488,0.00885,0.26162
CVE-2022-0489,0.0089,0.2856
CVE-2022-0493,0.00885,0.26162
CVE-2022-0494,0.0095,0.30554
CVE-2022-0496,0.01018,0.38792
CVE-2022-0497,0.00954,0.34522
CVE-2022-0499,0.00885,0.26162
CVE-2022-0500,0.01282,0.67298
CVE-2022-0501,0.00885,0.26162
CVE-2022-0502,0.00885,0.26162
CVE-2022-0503,0.00885,0.26162
CVE-2022-0504,0.00885,0.26162
CVE-2022-0505,0.00885,0.26162
CVE-2022-0506,0.00885,0.26162
CVE-2022-0507,0.00885,0.26162
CVE-2022-0508,0.00885,0.26162
CVE-2022-0509,0.00885,0.26162
CVE-2022-0510,0.00885,0.26162
CVE-2022-0512,0.00885,0.26162
CVE-2022-0513,0.00885,0.26162
CVE-2022-0514,0.00885,0.26162
CVE-2022-0515,0.00885,0.26162
CVE-2022-0516,0.0095,0.30554
CVE-2022-0518,0.01018,0.38792
CVE-2022-0519,0.01018,0.38792
CVE-2022-0520,0.01018,0.38792
CVE-2022-0521,0.01018,0.38792
CVE-2022-0522,0.01018,0.38792
CVE-2022-0523,0.01018,0.38792
CVE-2022-0524,0.00885,0.26162
CVE-2022-0525,0.00885,0.26162
CVE-2022-0526,0.00885,0.26162
CVE-2022-0527,0.00885,0.26162
CVE-2022-0528,0.00885,0.26162
CVE-2022-0531,0.00885,0.26162
CVE-2022-0532,0.00885,0.26162
CVE-2022-0533,0.00885,0.26162
CVE-2022-0534,0.00954,0.34522
CVE-2022-0535,0.00885,0.26162
CVE-2022-0536,0.00885,0.26162
CVE-2022-0537,0.00885,0.26162
CVE-2022-0538,0.00885,0.26162
CVE-2022-0539,0.00885,0.26162
CVE-2022-0541,0.00885,0.26162
CVE-2022-0542,0.00885,0.26162
CVE-2022-0544,0.00954,0.34522
CVE-2022-0545,0.01559,0.742
CVE-2022-0546,0.0149,0.72731
CVE-2022-0547,0.01108,0.53389
CVE-2022-0549,0.00885,0.26162
CVE-2022-0550,0.00885,0.26162
CVE-2022-0551,0.00885,0.26162
CVE-2022-0552,0.00954,0.34522
CVE-2022-0554,0.01018,0.38792
CVE-2022-0556,0.01036,0.41241
CVE-2022-0557,0.02204,0.80286
CVE-2022-0558,0.00885,0.26162
CVE-2022-0559,0.01018,0.38792
CVE-2022-0560,0.00885,0.26162
CVE-2022-0561,0.01108,0.53389
CVE-2022-0562,0.01108,0.53389
CVE-2022-0563,0.00885,0.26162
CVE-2022-0564,0.01136,0.57949
CVE-2022-0565,0.00885,0.26162
CVE-2022-0567,0.00885,0.26162
CVE-2022-0569,0.00885,0.26162
CVE-2022-0570,0.00885,0.26162
CVE-2022-0571,0.01018,0.38792
CVE-2022-0572,0.01018,0.38792
CVE-2022-0573,0.01978,0.78447
CVE-2022-0574,0.00885,0.26162
CVE-2022-0575,0.0089,0.2856
CVE-2022-0576,0.00954,0.34522
CVE-2022-0577,0.0089,0.2856
CVE-2022-0578,0.00885,0.26162
CVE-2022-0579,0.00885,0.26162
CVE-2022-0580,0.0089,0.2856
CVE-2022-0581,0.01108,0.53389
CVE-2022-0582,0.01108,0.53389
CVE-2022-0583,0.01108,0.53389
CVE-2022-0585,0.01018,0.38792
CVE-2022-0586,0.01108,0.53389
CVE-2022-0587,0.0089,0.2856
CVE-2022-0588,0.0089,0.2856
CVE-2022-0589,0.0089,0.2856
CVE-2022-0590,0.00885,0.26162
CVE-2022-0591,0.00885,0.26162
CVE-2022-0592,0.00885,0.26162
CVE-2022-0593,0.00885,0.26162
CVE-2022-0594,0.00885,0.26162
CVE-2022-0595,0.00885,0.26162
CVE-2022-0596,0.00885,0.26162
CVE-2022-0597,0.00885,0.26162
CVE-2022-0598,0.00885,0.26162
CVE-2022-0599,0.00885,0.26162
CVE-2022-0600,0.00885,0.26162
CVE-2022-0601,0.00885,0.26162
CVE-2022-0602,0.00885,0.26162
CVE-2022-0603,0.01055,0.50287
CVE-2022-0604,0.00885,0.26162
CVE-2022-0605,0.00885,0.26162
CVE-2022-0606,0.01055,0.50287
CVE-2022-0607,0.01055,0.50287
CVE-2022-0608,0.01055,0.50287
CVE-2022-0609,0.01055,0.50287
CVE-2022-0610,0.01055,0.50287
CVE-2022-0611,0.00885,0.26162
CVE-2022-0612,0.00885,0.26162
CVE-2022-0613,0.00954,0.34522
CVE-2022-0614,0.00885,0.26162
CVE-2022-0615,0.00885,0.26162
CVE-2022-0616,0.00885,0.26162
CVE-2022-0617,0.01104,0.52279
CVE-2022-0618,0.00885,0.26162
CVE-2022-0619,0.00885,0.26162
CVE-2022-0620,0.00885,0.26162
CVE-2022-0621,0.00885,0.26162
CVE-2022-0622,0.00885,0.26162
CVE-2022-0623,0.00885,0.26162
CVE-2022-0624,0.00885,0.26162
CVE-2022-0625,0.00885,0.26162
CVE-2022-0626,0.00885,0.26162
CVE-2022-0627,0.00885,0.26162
CVE-2022-0628,0.00885,0.26162
CVE-2022-0629,0.01018,0.38792
CVE-2022-0630,0.00885,0.26162
CVE-2022-0631,0.00885,0.26162
CVE-2022-0632,0.00885,0.26162
CVE-2022-0633,0.0095,0.30554
CVE-2022-0634,0.00885,0.26162
CVE-2022-0635,0.00885,0.26162
CVE-2022-0636,0.00885,0.26162
CVE-2022-0638,0.00885,0.26162
CVE-2022-0639,0.00885,0.26162
CVE-2022-0640,0.00885,0.26162
CVE-2022-0641,0.00885,0.26162
CVE-2022-0642,0.00885,0.26162
CVE-2022-0643,0.00885,0.26162
CVE-2022-0645,0.00885,0.26162
CVE-2022-0646,0.00885,0.26162
CVE-2022-0647,0.00885,0.26162
CVE-2022-0648,0.00885,0.26162
CVE-2022-0649,0.00885,0.26162
CVE-2022-0651,0.00954,0.34522
CVE-2022-0652,0.00885,0.26162
CVE-2022-0653,0.00885,0.26162
CVE-2022-0654,0.00885,0.26162
CVE-2022-0656,0.00885,0.26162
CVE-2022-0657,0.00885,0.26162
CVE-2022-0658,0.00885,0.26162
CVE-2022-0659,0.00885,0.26162
CVE-2022-0660,0.00885,0.26162
CVE-2022-0661,0.01156,0.60033
CVE-2022-0662,0.00885,0.26162
CVE-2022-0663,0.00885,0.26162
CVE-2022-0664,0.00885,0.26162
CVE-2022-0665,0.00885,0.26162
CVE-2022-0666,0.00885,0.26162
CVE-2022-0667,0.00885,0.26162
CVE-2022-0669,0.0095,0.30554
CVE-2022-0670,0.00954,0.34522
CVE-2022-0671,0.00885,0.26162
CVE-2022-0672,0.00885,0.26162
CVE-2022-0673,0.00885,0.26162
CVE-2022-0674,0.00885,0.26162
CVE-2022-0675,0.00885,0.26162
CVE-2022-0676,0.01018,0.38792
CVE-2022-0677,0.00885,0.26162
CVE-2022-0678,0.00885,0.26162
CVE-2022-0679,0.00885,0.26162
CVE-2022-0680,0.00885,0.26162
CVE-2022-0681,0.00885,0.26162
CVE-2022-0683,0.00885,0.26162
CVE-2022-0684,0.00885,0.26162
CVE-2022-0685,0.01018,0.38792
CVE-2022-0686,0.00954,0.34522
CVE-2022-0687,0.00885,0.26162
CVE-2022-0688,0.00885,0.26162
CVE-2022-0689,0.00885,0.26162
CVE-2022-0690,0.00885,0.26162
CVE-2022-0691,0.00954,0.34522
CVE-2022-0692,0.00885,0.26162
CVE-2022-0693,0.00885,0.26162
CVE-2022-0694,0.00885,0.26162
CVE-2022-0695,0.01018,0.38792
CVE-2022-0696,0.00954,0.34522
CVE-2022-0697,0.00885,0.26162
CVE-2022-0700,0.00885,0.26162
CVE-2022-0701,0.00885,0.26162
CVE-2022-0702,0.00885,0.26162
CVE-2022-0703,0.00885,0.26162
CVE-2022-0704,0.00885,0.26162
CVE-2022-0705,0.00885,0.26162
CVE-2022-0706,0.00885,0.26162
CVE-2022-0707,0.00885,0.26162
CVE-2022-0708,0.00885,0.26162
CVE-2022-0709,0.00885,0.26162
CVE-2022-0710,0.00885,0.26162
CVE-2022-0711,0.01018,0.38792
CVE-2022-0712,0.01018,0.38792
CVE-2022-0713,0.01018,0.38792
CVE-2022-0714,0.01108,0.53389
CVE-2022-0715,0.00885,0.26162
CVE-2022-0717,0.00885,0.26162
CVE-2022-0718,0.0095,0.30554
CVE-2022-0719,0.00885,0.26162
CVE-2022-0720,0.00885,0.26162
CVE-2022-0721,0.00885,0.26162
CVE-2022-0722,0.00885,0.26162
CVE-2022-0723,0.00885,0.26162
CVE-2022-0724,0.00885,0.26162
CVE-2022-0725,0.00885,0.26162
CVE-2022-0726,0.00885,0.26162
CVE-2022-0727,0.00885,0.26162
CVE-2022-0728,0.00885,0.26162
CVE-2022-0729,0.01034,0.39824
CVE-2022-0730,0.01018,0.38792
CVE-2022-0731,0.00885,0.26162
CVE-2022-0732,0.01018,0.38792
CVE-2022-0734,0.00885,0.26162
CVE-2022-0735,0.00885,0.26162
CVE-2022-0736,0.00885,0.26162
CVE-2022-0737,0.00885,0.26162
CVE-2022-0738,0.00885,0.26162
CVE-2022-0739,0.00885,0.26162
CVE-2022-0740,0.0089,0.2856
CVE-2022-0741,0.00954,0.34522
CVE-2022-0742,0.01136,0.57949
CVE-2022-0743,0.00885,0.26162
CVE-2022-0745,0.00885,0.26162
CVE-2022-0746,0.00885,0.26162
CVE-2022-0747,0.00885,0.26162
CVE-2022-0748,0.01086,0.51674
CVE-2022-0749,0.00954,0.34522
CVE-2022-0750,0.00885,0.26162
CVE-2022-0751,0.00954,0.34522
CVE-2022-0752,0.00885,0.26162
CVE-2022-0753,0.00885,0.26162
CVE-2022-0754,0.00885,0.26162
CVE-2022-0755,0.00885,0.26162
CVE-2022-0756,0.00885,0.26162
CVE-2022-0757,0.00885,0.26162
CVE-2022-0758,0.00885,0.26162
CVE-2022-0759,0.00885,0.26162
CVE-2022-0760,0.00885,0.26162
CVE-2022-0762,0.00885,0.26162
CVE-2022-0763,0.00885,0.26162
CVE-2022-0764,0.01011,0.36346
CVE-2022-0765,0.00885,0.26162
CVE-2022-0766,0.00885,0.26162
CVE-2022-0767,0.00885,0.26162
CVE-2022-0768,0.00885,0.26162
CVE-2022-0769,0.00885,0.26162
CVE-2022-0770,0.00885,0.26162
CVE-2022-0771,0.00885,0.26162
CVE-2022-0772,0.00885,0.26162
CVE-2022-0773,0.00885,0.26162
CVE-2022-0776,0.00885,0.26162
CVE-2022-0777,0.00885,0.26162
CVE-2022-0779,0.00885,0.26162
CVE-2022-0780,0.00885,0.26162
CVE-2022-0781,0.00885,0.26162
CVE-2022-0782,0.00885,0.26162
CVE-2022-0783,0.00885,0.26162
CVE-2022-0784,0.00885,0.26162
CVE-2022-0785,0.00885,0.26162
CVE-2022-0786,0.00885,0.26162
CVE-2022-0787,0.00885,0.26162
CVE-2022-0788,0.00885,0.26162
CVE-2022-0789,0.01136,0.57949
CVE-2022-0790,0.01136,0.57949
CVE-2022-0791,0.01136,0.57949
CVE-2022-0792,0.01136,0.57949
CVE-2022-0793,0.00954,0.34522
CVE-2022-0794,0.01136,0.57949
CVE-2022-0795,0.01136,0.57949
CVE-2022-0796,0.01136,0.57949
CVE-2022-0797,0.01136,0.57949
CVE-2022-0798,0.00954,0.34522
CVE-2022-0799,0.01136,0.57949
CVE-2022-0800,0.01136,0.57949
CVE-2022-0802,0.01136,0.57949
CVE-2022-0803,0.01136,0.57949
CVE-2022-0804,0.01136,0.57949
CVE-2022-0805,0.01136,0.57949
CVE-2022-0806,0.01136,0.57949
CVE-2022-0807,0.01136,0.57949
CVE-2022-0808,0.01136,0.57949
CVE-2022-0809,0.01136,0.57949
CVE-2022-0811,0.0144,0.7265
CVE-2022-0812,0.0095,0.30554
CVE-2022-0813,0.00885,0.26162
CVE-2022-0814,0.00885,0.26162
CVE-2022-0815,0.01055,0.50287
CVE-2022-0817,0.00885,0.26162
CVE-2022-0818,0.00885,0.26162
CVE-2022-0819,0.00885,0.26162
CVE-2022-0820,0.00885,0.26162
CVE-2022-0821,0.00885,0.26162
CVE-2022-0822,0.00885,0.26162
CVE-2022-0823,0.00885,0.26162
CVE-2022-0825,0.00885,0.26162
CVE-2022-0826,0.00885,0.26162
CVE-2022-0827,0.00885,0.26162
CVE-2022-0828,0.00885,0.26162
CVE-2022-0830,0.00885,0.26162
CVE-2022-0831,0.00885,0.26162
CVE-2022-0832,0.00885,0.26162
CVE-2022-0833,0.00885,0.26162
CVE-2022-0834,0.00885,0.26162
CVE-2022-0835,0.00885,0.26162
CVE-2022-0836,0.00885,0.26162
CVE-2022-0837,0.00885,0.26162
CVE-2022-0838,0.00885,0.26162
CVE-2022-0839,0.00954,0.34522
CVE-2022-0840,0.00885,0.26162
CVE-2022-0841,0.02055,0.7893
CVE-2022-0842,0.01055,0.50287
CVE-2022-0845,0.00885,0.26162
CVE-2022-0846,0.00885,0.26162
CVE-2022-0849,0.00885,0.26162
CVE-2022-0850,0.0095,0.30554
CVE-2022-0851,0.00885,0.26162
CVE-2022-0852,0.0095,0.30554
CVE-2022-0854,0.0095,0.30554
CVE-2022-0855,0.00885,0.26162
CVE-2022-0856,0.00885,0.26162
CVE-2022-0857,0.01055,0.50287
CVE-2022-0858,0.01055,0.50287
CVE-2022-0859,0.00885,0.26162
CVE-2022-0860,0.01018,0.38792
CVE-2022-0861,0.00885,0.26162
CVE-2022-0862,0.01055,0.50287
CVE-2022-0863,0.01156,0.60033
CVE-2022-0864,0.00885,0.26162
CVE-2022-0865,0.01108,0.53389
CVE-2022-0866,0.00885,0.26162
CVE-2022-0867,0.00885,0.26162
CVE-2022-0868,0.00885,0.26162
CVE-2022-0869,0.00885,0.26162
CVE-2022-0870,0.00885,0.26162
CVE-2022-0871,0.00885,0.26162
CVE-2022-0873,0.00885,0.26162
CVE-2022-0874,0.00885,0.26162
CVE-2022-0875,0.00885,0.26162
CVE-2022-0876,0.00885,0.26162
CVE-2022-0877,0.00885,0.26162
CVE-2022-0878,0.00885,0.26162
CVE-2022-0879,0.00885,0.26162
CVE-2022-0880,0.00885,0.26162
CVE-2022-0881,0.00885,0.26162
CVE-2022-0882,0.00885,0.26162
CVE-2022-0883,0.00885,0.26162
CVE-2022-0884,0.00885,0.26162
CVE-2022-0885,0.00885,0.26162
CVE-2022-0887,0.00885,0.26162
CVE-2022-0888,0.02432,0.8082
CVE-2022-0889,0.00885,0.26162
CVE-2022-0890,0.00885,0.26162
CVE-2022-0891,0.01108,0.53389
CVE-2022-0892,0.00885,0.26162
CVE-2022-0893,0.00885,0.26162
CVE-2022-0894,0.00885,0.26162
CVE-2022-0895,0.00885,0.26162
CVE-2022-0896,0.00885,0.26162
CVE-2022-0897,0.00885,0.26162
CVE-2022-0898,0.00885,0.26162
CVE-2022-0899,0.00885,0.26162
CVE-2022-0900,0.00885,0.26162
CVE-2022-0901,0.00885,0.26162
CVE-2022-0902,0.02055,0.7893
CVE-2022-0903,0.00885,0.26162
CVE-2022-0904,0.00885,0.26162
CVE-2022-0905,0.00885,0.26162
CVE-2022-0906,0.00885,0.26162
CVE-2022-0907,0.01108,0.53389
CVE-2022-0908,0.01108,0.53389
CVE-2022-0909,0.01108,0.53389
CVE-2022-0910,0.00885,0.26162
CVE-2022-0911,0.00885,0.26162
CVE-2022-0912,0.00885,0.26162
CVE-2022-0913,0.00885,0.26162
CVE-2022-0914,0.00885,0.26162
CVE-2022-0915,0.00885,0.26162
CVE-2022-0916,0.00885,0.26162
CVE-2022-0918,0.00885,0.26162
CVE-2022-0919,0.00885,0.26162
CVE-2022-0920,0.00885,0.26162
CVE-2022-0921,0.01888,0.76438
CVE-2022-0922,0.00885,0.26162
CVE-2022-0923,0.00885,0.26162
CVE-2022-0924,0.01108,0.53389
CVE-2022-0926,0.00885,0.26162
CVE-2022-0928,0.00885,0.26162
CVE-2022-0929,0.00885,0.26162
CVE-2022-0930,0.00885,0.26162
CVE-2022-0932,0.00885,0.26162
CVE-2022-0934,0.0095,0.30554
CVE-2022-0935,0.00885,0.26162
CVE-2022-0936,0.00885,0.26162
CVE-2022-0937,0.00885,0.26162
CVE-2022-0938,0.00885,0.26162
CVE-2022-0939,0.00885,0.26162
CVE-2022-0940,0.00885,0.26162
CVE-2022-0941,0.00885,0.26162
CVE-2022-0942,0.00885,0.26162
CVE-2022-0943,0.01034,0.39824
CVE-2022-0944,0.00885,0.26162
CVE-2022-0945,0.00885,0.26162
CVE-2022-0946,0.00885,0.26162
CVE-2022-0947,0.00885,0.26162
CVE-2022-0948,0.00885,0.26162
CVE-2022-0949,0.00885,0.26162
CVE-2022-0950,0.00885,0.26162
CVE-2022-0951,0.00885,0.26162
CVE-2022-0952,0.00885,0.26162
CVE-2022-0953,0.00885,0.26162
CVE-2022-0954,0.00885,0.26162
CVE-2022-0955,0.00885,0.26162
CVE-2022-0956,0.00885,0.26162
CVE-2022-0957,0.00885,0.26162
CVE-2022-0958,0.00885,0.26162
CVE-2022-0959,0.00885,0.26162
CVE-2022-0960,0.00885,0.26162
CVE-2022-0961,0.00885,0.26162
CVE-2022-0962,0.00885,0.26162
CVE-2022-0963,0.00885,0.26162
CVE-2022-0964,0.00885,0.26162
CVE-2022-0965,0.00885,0.26162
CVE-2022-0966,0.00885,0.26162
CVE-2022-0967,0.0089,0.2856
CVE-2022-0968,0.00885,0.26162
CVE-2022-0969,0.00885,0.26162
CVE-2022-0970,0.00885,0.26162
CVE-2022-0971,0.01136,0.57949
CVE-2022-0972,0.00954,0.34522
CVE-2022-0973,0.01136,0.57949
CVE-2022-0974,0.01136,0.57949
CVE-2022-0975,0.01136,0.57949
CVE-2022-0976,0.01136,0.57949
CVE-2022-0977,0.01136,0.57949
CVE-2022-0978,0.01136,0.57949
CVE-2022-0979,0.01136,0.57949
CVE-2022-0980,0.00954,0.34522
CVE-2022-0981,0.00885,0.26162
CVE-2022-0982,0.00885,0.26162
CVE-2022-0983,0.00885,0.26162
CVE-2022-0984,0.00885,0.26162
CVE-2022-0985,0.00885,0.26162
CVE-2022-0986,0.00885,0.26162
CVE-2022-0987,0.00885,0.26162
CVE-2022-0988,0.00885,0.26162
CVE-2022-0989,0.00885,0.26162
CVE-2022-0990,0.00885,0.26162
CVE-2022-0991,0.00885,0.26162
CVE-2022-0992,0.00885,0.26162
CVE-2022-0993,0.00885,0.26162
CVE-2022-0994,0.00885,0.26162
CVE-2022-0996,0.0095,0.30554
CVE-2022-0998,0.0089,0.2856
CVE-2022-0999,0.00885,0.26162
CVE-2022-1000,0.00885,0.26162
CVE-2022-1001,0.00885,0.26162
CVE-2022-1002,0.00885,0.26162
CVE-2022-1003,0.00885,0.26162
CVE-2022-1004,0.00885,0.26162
CVE-2022-1005,0.00885,0.26162
CVE-2022-1006,0.00885,0.26162
CVE-2022-1007,0.00885,0.26162
CVE-2022-1008,0.00885,0.26162
CVE-2022-1009,0.00885,0.26162
CVE-2022-1010,0.00885,0.26162
CVE-2022-1011,0.0095,0.30554
CVE-2022-1012,0.00885,0.26162
CVE-2022-1013,0.00885,0.26162
CVE-2022-1014,0.00885,0.26162
CVE-2022-1018,0.00885,0.26162
CVE-2022-1019,0.00885,0.26162
CVE-2022-1020,0.00885,0.26162
CVE-2022-1021,0.00885,0.26162
CVE-2022-1022,0.00885,0.26162
CVE-2022-1023,0.00885,0.26162
CVE-2022-1025,0.00885,0.26162
CVE-2022-1027,0.00885,0.26162
CVE-2022-1028,0.00885,0.26162
CVE-2022-1029,0.00885,0.26162
CVE-2022-1030,0.02055,0.7893
CVE-2022-1031,0.00885,0.26162
CVE-2022-1032,0.00885,0.26162
CVE-2022-1033,0.00885,0.26162
CVE-2022-1034,0.00885,0.26162
CVE-2022-1035,0.00885,0.26162
CVE-2022-1036,0.00885,0.26162
CVE-2022-1037,0.00885,0.26162
CVE-2022-1039,0.00885,0.26162
CVE-2022-1041,0.00885,0.26162
CVE-2022-1042,0.00885,0.26162
CVE-2022-1043,0.0095,0.30554
CVE-2022-1044,0.00885,0.26162
CVE-2022-1045,0.00885,0.26162
CVE-2022-1046,0.00885,0.26162
CVE-2022-1047,0.00885,0.26162
CVE-2022-1048,0.0095,0.30554
CVE-2022-1049,0.00885,0.26162
CVE-2022-1050,0.00885,0.26162
CVE-2022-1052,0.00885,0.26162
CVE-2022-1053,0.01108,0.53389
CVE-2022-1054,0.00885,0.26162
CVE-2022-1055,0.0095,0.30554
CVE-2022-1056,0.00954,0.34522
CVE-2022-1057,0.00885,0.26162
CVE-2022-1058,0.00885,0.26162
CVE-2022-1061,0.00885,0.26162
CVE-2022-1062,0.00885,0.26162
CVE-2022-1063,0.00885,0.26162
CVE-2022-1064,0.00885,0.26162
CVE-2022-1065,0.01055,0.50287
CVE-2022-1067,0.00885,0.26162
CVE-2022-1068,0.00885,0.26162
CVE-2022-1069,0.00885,0.26162
CVE-2022-1071,0.00885,0.26162
CVE-2022-1073,0.00885,0.26162
CVE-2022-1074,0.00885,0.26162
CVE-2022-1075,0.00885,0.26162
CVE-2022-1076,0.00885,0.26162
CVE-2022-1078,0.00885,0.26162
CVE-2022-1079,0.00885,0.26162
CVE-2022-1080,0.00885,0.26162
CVE-2022-1081,0.00885,0.26162
CVE-2022-1082,0.00885,0.26162
CVE-2022-1083,0.00885,0.26162
CVE-2022-1084,0.00885,0.26162
CVE-2022-1085,0.00885,0.26162
CVE-2022-1086,0.00885,0.26162
CVE-2022-1087,0.0089,0.2856
CVE-2022-1088,0.00885,0.26162
CVE-2022-1089,0.00885,0.26162
CVE-2022-1090,0.00885,0.26162
CVE-2022-1091,0.00885,0.26162
CVE-2022-1092,0.00885,0.26162
CVE-2022-1093,0.00885,0.26162
CVE-2022-1094,0.00885,0.26162
CVE-2022-1095,0.00885,0.26162
CVE-2022-1096,0.01136,0.57949
CVE-2022-1098,0.00885,0.26162
CVE-2022-1099,0.00885,0.26162
CVE-2022-1100,0.00885,0.26162
CVE-2022-1103,0.00885,0.26162
CVE-2022-1104,0.00885,0.26162
CVE-2022-1105,0.00885,0.26162
CVE-2022-1106,0.00885,0.26162
CVE-2022-1107,0.01036,0.41241
CVE-2022-1108,0.01036,0.41241
CVE-2022-1110,0.00885,0.26162
CVE-2022-1111,0.00885,0.26162
CVE-2022-1112,0.00885,0.26162
CVE-2022-1113,0.00885,0.26162
CVE-2022-1114,0.00885,0.26162
CVE-2022-1115,0.0095,0.30554
CVE-2022-1116,0.0095,0.30554
CVE-2022-1117,0.01549,0.74092
CVE-2022-1118,0.01036,0.41241
CVE-2022-1120,0.0089,0.2856
CVE-2022-1121,0.00885,0.26162
CVE-2022-1122,0.01018,0.38792
CVE-2022-1123,0.00885,0.26162
CVE-2022-1124,0.0089,0.2856
CVE-2022-1125,0.01136,0.57949
CVE-2022-1127,0.01136,0.57949
CVE-2022-1128,0.00954,0.34522
CVE-2022-1129,0.01136,0.57949
CVE-2022-1130,0.01136,0.57949
CVE-2022-1131,0.01136,0.57949
CVE-2022-1132,0.00954,0.34522
CVE-2022-1133,0.01136,0.57949
CVE-2022-1134,0.01136,0.57949
CVE-2022-1135,0.01136,0.57949
CVE-2022-1136,0.00954,0.34522
CVE-2022-1137,0.00954,0.34522
CVE-2022-1138,0.01136,0.57949
CVE-2022-1139,0.01136,0.57949
CVE-2022-1141,0.01136,0.57949
CVE-2022-1142,0.01136,0.57949
CVE-2022-1143,0.01136,0.57949
CVE-2022-1144,0.01136,0.57949
CVE-2022-1145,0.00954,0.34522
CVE-2022-1146,0.01136,0.57949
CVE-2022-1148,0.00954,0.34522
CVE-2022-1152,0.00885,0.26162
CVE-2022-1153,0.00885,0.26162
CVE-2022-1154,0.01108,0.53389
CVE-2022-1155,0.00885,0.26162
CVE-2022-1156,0.00885,0.26162
CVE-2022-1157,0.00885,0.26162
CVE-2022-1158,0.00885,0.26162
CVE-2022-1159,0.00885,0.26162
CVE-2022-1160,0.01018,0.38792
CVE-2022-1161,0.00885,0.26162
CVE-2022-1162,0.00954,0.34522
CVE-2022-1163,0.0095,0.30554
CVE-2022-1164,0.00885,0.26162
CVE-2022-1165,0.00885,0.26162
CVE-2022-1166,0.00885,0.26162
CVE-2022-1167,0.00954,0.34522
CVE-2022-1168,0.00885,0.26162
CVE-2022-1169,0.00885,0.26162
CVE-2022-1170,0.00885,0.26162
CVE-2022-1171,0.00885,0.26162
CVE-2022-1172,0.00885,0.26162
CVE-2022-1173,0.00885,0.26162
CVE-2022-1174,0.00954,0.34522
CVE-2022-1175,0.01018,0.38792
CVE-2022-1176,0.00885,0.26162
CVE-2022-1177,0.00885,0.26162
CVE-2022-1178,0.00885,0.26162
CVE-2022-1179,0.00885,0.26162
CVE-2022-1180,0.00885,0.26162
CVE-2022-1181,0.00885,0.26162
CVE-2022-1182,0.00885,0.26162
CVE-2022-1183,0.00885,0.26162
CVE-2022-1184,0.0089,0.2856
CVE-2022-1185,0.0089,0.2856
CVE-2022-1186,0.00885,0.26162
CVE-2022-1187,0.00885,0.26162
CVE-2022-1188,0.00954,0.34522
CVE-2022-1189,0.00885,0.26162
CVE-2022-1190,0.0089,0.2856
CVE-2022-1191,0.00885,0.26162
CVE-2022-1192,0.00885,0.26162
CVE-2022-1193,0.0089,0.2856
CVE-2022-1195,0.01034,0.39824
CVE-2022-1198,0.0095,0.30554
CVE-2022-1199,0.01034,0.39824
CVE-2022-1201,0.00885,0.26162
CVE-2022-1202,0.00885,0.26162
CVE-2022-1203,0.00885,0.26162
CVE-2022-1204,0.0095,0.30554
CVE-2022-1205,0.0095,0.30554
CVE-2022-1207,0.00885,0.26162
CVE-2022-1208,0.0089,0.2856
CVE-2022-1209,0.0095,0.30554
CVE-2022-1210,0.01018,0.38792
CVE-2022-1211,0.00954,0.34522
CVE-2022-1212,0.0144,0.7265
CVE-2022-1213,0.00885,0.26162
CVE-2022-1215,0.00885,0.26162
CVE-2022-1216,0.00885,0.26162
CVE-2022-1217,0.00885,0.26162
CVE-2022-1218,0.00885,0.26162
CVE-2022-1219,0.00885,0.26162
CVE-2022-1220,0.00885,0.26162
CVE-2022-1221,0.00885,0.26162
CVE-2022-1222,0.00885,0.26162
CVE-2022-1223,0.00885,0.26162
CVE-2022-1224,0.00885,0.26162
CVE-2022-1225,0.00885,0.26162
CVE-2022-1227,0.00954,0.34522
CVE-2022-1228,0.00885,0.26162
CVE-2022-1231,0.02509,0.81058
CVE-2022-1232,0.01136,0.57949
CVE-2022-1233,0.00885,0.26162
CVE-2022-1234,0.00885,0.26162
CVE-2022-1235,0.00885,0.26162
CVE-2022-1236,0.00885,0.26162
CVE-2022-1237,0.00885,0.26162
CVE-2022-1238,0.00885,0.26162
CVE-2022-1239,0.00885,0.26162
CVE-2022-1240,0.00885,0.26162
CVE-2022-1241,0.00885,0.26162
CVE-2022-1243,0.00885,0.26162
CVE-2022-1244,0.00885,0.26162
CVE-2022-1245,0.00885,0.26162
CVE-2022-1247,0.00885,0.26162
CVE-2022-1248,0.00885,0.26162
CVE-2022-1249,0.00885,0.26162
CVE-2022-1250,0.00885,0.26162
CVE-2022-1251,0.00885,0.26162
CVE-2022-1252,0.00885,0.26162
CVE-2022-1253,0.00885,0.26162
CVE-2022-1254,0.01055,0.50287
CVE-2022-1255,0.00885,0.26162
CVE-2022-1256,0.00885,0.26162
CVE-2022-1257,0.00885,0.26162
CVE-2022-1258,0.01086,0.51674
CVE-2022-1259,0.00885,0.26162
CVE-2022-1261,0.00885,0.26162
CVE-2022-1262,0.01005,0.35949
CVE-2022-1263,0.0095,0.30554
CVE-2022-1264,0.00885,0.26162
CVE-2022-1265,0.00885,0.26162
CVE-2022-1266,0.00885,0.26162
CVE-2022-1267,0.00885,0.26162
CVE-2022-1268,0.00885,0.26162
CVE-2022-1269,0.00885,0.26162
CVE-2022-1271,0.01232,0.66248
CVE-2022-1273,0.00885,0.26162
CVE-2022-1275,0.00885,0.26162
CVE-2022-1276,0.0144,0.7265
CVE-2022-1277,0.00885,0.26162
CVE-2022-1279,0.00885,0.26162
CVE-2022-1280,0.00885,0.26162
CVE-2022-1281,0.00885,0.26162
CVE-2022-1282,0.00885,0.26162
CVE-2022-1283,0.00885,0.26162
CVE-2022-1284,0.00885,0.26162
CVE-2022-1285,0.00885,0.26162
CVE-2022-1286,0.0144,0.7265
CVE-2022-1287,0.00885,0.26162
CVE-2022-1288,0.00885,0.26162
CVE-2022-1289,0.00954,0.34522
CVE-2022-1290,0.00885,0.26162
CVE-2022-1291,0.00885,0.26162
CVE-2022-1293,0.00885,0.26162
CVE-2022-1294,0.00885,0.26162
CVE-2022-1295,0.00885,0.26162
CVE-2022-1296,0.00885,0.26162
CVE-2022-1297,0.00885,0.26162
CVE-2022-1298,0.00885,0.26162
CVE-2022-1299,0.00885,0.26162
CVE-2022-1300,0.01086,0.51674
CVE-2022-1301,0.00885,0.26162
CVE-2022-1302,0.00885,0.26162
CVE-2022-1303,0.00885,0.26162
CVE-2022-1304,0.01036,0.41241
CVE-2022-1305,0.01136,0.57949
CVE-2022-1306,0.01136,0.57949
CVE-2022-1307,0.01136,0.57949
CVE-2022-1308,0.01136,0.57949
CVE-2022-1309,0.01136,0.57949
CVE-2022-1310,0.01136,0.57949
CVE-2022-1311,0.01136,0.57949
CVE-2022-1312,0.00954,0.34522
CVE-2022-1313,0.01136,0.57949
CVE-2022-1314,0.01136,0.57949
CVE-2022-1316,0.00885,0.26162
CVE-2022-1318,0.00885,0.26162
CVE-2022-1319,0.0095,0.30554
CVE-2022-1320,0.00885,0.26162
CVE-2022-1321,0.00885,0.26162
CVE-2022-1322,0.00885,0.26162
CVE-2022-1323,0.00885,0.26162
CVE-2022-1324,0.00885,0.26162
CVE-2022-1325,0.01034,0.39824
CVE-2022-1326,0.00885,0.26162
CVE-2022-1327,0.00885,0.26162
CVE-2022-1328,0.01108,0.53389
CVE-2022-1330,0.00885,0.26162
CVE-2022-1331,0.00885,0.26162
CVE-2022-1332,0.00885,0.26162
CVE-2022-1333,0.00885,0.26162
CVE-2022-1334,0.00885,0.26162
CVE-2022-1335,0.00885,0.26162
CVE-2022-1336,0.00885,0.26162
CVE-2022-1337,0.00885,0.26162
CVE-2022-1338,0.00885,0.26162
CVE-2022-1339,0.00885,0.26162
CVE-2022-1340,0.00885,0.26162
CVE-2022-1341,0.00885,0.26162
CVE-2022-1342,0.00885,0.26162
CVE-2022-1343,0.00954,0.34522
CVE-2022-1344,0.00885,0.26162
CVE-2022-1345,0.00885,0.26162
CVE-2022-1346,0.00885,0.26162
CVE-2022-1347,0.00885,0.26162
CVE-2022-1348,0.02422,0.80762
CVE-2022-1349,0.00885,0.26162
CVE-2022-1350,0.00954,0.34522
CVE-2022-1351,0.00885,0.26162
CVE-2022-1352,0.00954,0.34522
CVE-2022-1353,0.01034,0.39824
CVE-2022-1354,0.0095,0.30554
CVE-2022-1355,0.0095,0.30554
CVE-2022-1356,0.00885,0.26162
CVE-2022-1357,0.01086,0.51674
CVE-2022-1358,0.00885,0.26162
CVE-2022-1359,0.00885,0.26162
CVE-2022-1360,0.01156,0.60033
CVE-2022-1361,0.00885,0.26162
CVE-2022-1362,0.00885,0.26162
CVE-2022-1364,0.01136,0.57949
CVE-2022-1365,0.00885,0.26162
CVE-2022-1366,0.00885,0.26162
CVE-2022-1367,0.00885,0.26162
CVE-2022-1369,0.00885,0.26162
CVE-2022-1370,0.00885,0.26162
CVE-2022-1371,0.00885,0.26162
CVE-2022-1372,0.00885,0.26162
CVE-2022-1373,0.0144,0.7265
CVE-2022-1374,0.00885,0.26162
CVE-2022-1375,0.00885,0.26162
CVE-2022-1376,0.00885,0.26162
CVE-2022-1377,0.00885,0.26162
CVE-2022-1378,0.00885,0.26162
CVE-2022-1379,0.01018,0.38792
CVE-2022-1380,0.00885,0.26162
CVE-2022-1381,0.04836,0.88802
CVE-2022-1382,0.00885,0.26162
CVE-2022-1383,0.00885,0.26162
CVE-2022-1384,0.00885,0.26162
CVE-2022-1385,0.00885,0.26162
CVE-2022-1386,0.00954,0.34522
CVE-2022-1387,0.00885,0.26162
CVE-2022-1389,0.00885,0.26162
CVE-2022-1390,0.00885,0.26162
CVE-2022-1391,0.00885,0.26162
CVE-2022-1392,0.00885,0.26162
CVE-2022-1393,0.00885,0.26162
CVE-2022-1394,0.00885,0.26162
CVE-2022-1395,0.00885,0.26162
CVE-2022-1396,0.00885,0.26162
CVE-2022-1397,0.00885,0.26162
CVE-2022-1398,0.00885,0.26162
CVE-2022-1399,0.00885,0.26162
CVE-2022-1400,0.00885,0.26162
CVE-2022-1401,0.00885,0.26162
CVE-2022-1402,0.00885,0.26162
CVE-2022-1403,0.00885,0.26162
CVE-2022-1404,0.00885,0.26162
CVE-2022-1405,0.00885,0.26162
CVE-2022-1406,0.0089,0.2856
CVE-2022-1407,0.00885,0.26162
CVE-2022-1408,0.00885,0.26162
CVE-2022-1409,0.00885,0.26162
CVE-2022-1410,0.02055,0.7893
CVE-2022-1411,0.00885,0.26162
CVE-2022-1412,0.00885,0.26162
CVE-2022-1413,0.00885,0.26162
CVE-2022-1416,0.0089,0.2856
CVE-2022-1417,0.0089,0.2856
CVE-2022-1418,0.00885,0.26162
CVE-2022-1419,0.00885,0.26162
CVE-2022-1420,0.01018,0.38792
CVE-2022-1422,0.00885,0.26162
CVE-2022-1423,0.02199,0.80273
CVE-2022-1424,0.00885,0.26162
CVE-2022-1425,0.00885,0.26162
CVE-2022-1426,0.00954,0.34522
CVE-2022-1427,0.01005,0.36332
CVE-2022-1428,0.00885,0.26162
CVE-2022-1429,0.00885,0.26162
CVE-2022-1430,0.00885,0.26162
CVE-2022-1431,0.00954,0.34522
CVE-2022-1432,0.00885,0.26162
CVE-2022-1433,0.00954,0.34522
CVE-2022-1434,0.00954,0.34522
CVE-2022-1435,0.00885,0.26162
CVE-2022-1436,0.00885,0.26162
CVE-2022-1437,0.00885,0.26162
CVE-2022-1439,0.00885,0.26162
CVE-2022-1440,0.02055,0.7893
CVE-2022-1441,0.00885,0.26162
CVE-2022-1442,0.00954,0.34522
CVE-2022-1444,0.00885,0.26162
CVE-2022-1445,0.00885,0.26162
CVE-2022-1451,0.00885,0.26162
CVE-2022-1452,0.00885,0.26162
CVE-2022-1453,0.00954,0.34522
CVE-2022-1455,0.00885,0.26162
CVE-2022-1456,0.00885,0.26162
CVE-2022-1457,0.00885,0.26162
CVE-2022-1458,0.00885,0.26162
CVE-2022-1459,0.00885,0.26162
CVE-2022-1460,0.0089,0.2856
CVE-2022-1461,0.00885,0.26162
CVE-2022-1462,0.00885,0.26162
CVE-2022-1463,0.00885,0.26162
CVE-2022-1464,0.00885,0.26162
CVE-2022-1465,0.00885,0.26162
CVE-2022-1466,0.0089,0.2856
CVE-2022-1467,0.00885,0.26162
CVE-2022-1468,0.00885,0.26162
CVE-2022-1469,0.00885,0.26162
CVE-2022-1470,0.00885,0.26162
CVE-2022-1472,0.00885,0.26162
CVE-2022-1473,0.00954,0.34522
CVE-2022-1474,0.00885,0.26162
CVE-2022-1475,0.00885,0.26162
CVE-2022-1476,0.00885,0.26162
CVE-2022-1477,0.01136,0.57949
CVE-2022-1478,0.01136,0.57949
CVE-2022-1479,0.01136,0.57949
CVE-2022-1481,0.01136,0.57949
CVE-2022-1482,0.01136,0.57949
CVE-2022-1483,0.01136,0.57949
CVE-2022-1484,0.01136,0.57949
CVE-2022-1485,0.01136,0.57949
CVE-2022-1486,0.01136,0.57949
CVE-2022-1487,0.01136,0.57949
CVE-2022-1488,0.00954,0.34522
CVE-2022-1489,0.01136,0.57949
CVE-2022-1490,0.01136,0.57949
CVE-2022-1491,0.01136,0.57949
CVE-2022-1492,0.01136,0.57949
CVE-2022-1493,0.01136,0.57949
CVE-2022-1494,0.01136,0.57949
CVE-2022-1495,0.01136,0.57949
CVE-2022-1496,0.01136,0.57949
CVE-2022-1497,0.01136,0.57949
CVE-2022-1498,0.01136,0.57949
CVE-2022-1499,0.01136,0.57949
CVE-2022-1500,0.01136,0.57949
CVE-2022-1501,0.01136,0.57949
CVE-2022-1502,0.00885,0.26162
CVE-2022-1503,0.00885,0.26162
CVE-2022-1504,0.00885,0.26162
CVE-2022-1505,0.00885,0.26162
CVE-2022-1506,0.00885,0.26162
CVE-2022-1507,0.01018,0.38792
CVE-2022-1508,0.0095,0.30554
CVE-2022-1509,0.01978,0.78447
CVE-2022-1510,0.00954,0.34522
CVE-2022-1511,0.00885,0.26162
CVE-2022-1512,0.00885,0.26162
CVE-2022-1513,0.01086,0.51674
CVE-2022-1514,0.00885,0.26162
CVE-2022-1515,0.00885,0.26162
CVE-2022-1516,0.0095,0.30554
CVE-2022-1517,0.01086,0.51674
CVE-2022-1518,0.00885,0.26162
CVE-2022-1519,0.00885,0.26162
CVE-2022-1521,0.00885,0.26162
CVE-2022-1524,0.00885,0.26162
CVE-2022-1526,0.00885,0.26162
CVE-2022-1527,0.00885,0.26162
CVE-2022-1528,0.00885,0.26162
CVE-2022-1530,0.00885,0.26162
CVE-2022-1531,0.01978,0.78447
CVE-2022-1532,0.00885,0.26162
CVE-2022-1533,0.01005,0.36332
CVE-2022-1534,0.00885,0.26162
CVE-2022-1536,0.00885,0.26162
CVE-2022-1537,0.00885,0.26162
CVE-2022-1539,0.00885,0.26162
CVE-2022-1541,0.00885,0.26162
CVE-2022-1542,0.00885,0.26162
CVE-2022-1543,0.00885,0.26162
CVE-2022-1544,0.01005,0.36332
CVE-2022-1545,0.00885,0.26162
CVE-2022-1546,0.00885,0.26162
CVE-2022-1547,0.00885,0.26162
CVE-2022-1548,0.00885,0.26162
CVE-2022-1549,0.00885,0.26162
CVE-2022-1551,0.00885,0.26162
CVE-2022-1552,0.0095,0.30554
CVE-2022-1553,0.00885,0.26162
CVE-2022-1554,0.00885,0.26162
CVE-2022-1555,0.00885,0.26162
CVE-2022-1556,0.00885,0.26162
CVE-2022-1557,0.00885,0.26162
CVE-2022-1558,0.00885,0.26162
CVE-2022-1559,0.00885,0.26162
CVE-2022-1560,0.00885,0.26162
CVE-2022-1561,0.01055,0.50287
CVE-2022-1562,0.00885,0.26162
CVE-2022-1564,0.00885,0.26162
CVE-2022-1565,0.02432,0.8082
CVE-2022-1566,0.00885,0.26162
CVE-2022-1567,0.00885,0.26162
CVE-2022-1568,0.00885,0.26162
CVE-2022-1569,0.00885,0.26162
CVE-2022-1570,0.00885,0.26162
CVE-2022-1571,0.00885,0.26162
CVE-2022-1572,0.00885,0.26162
CVE-2022-1573,0.00885,0.26162
CVE-2022-1574,0.00885,0.26162
CVE-2022-1575,0.0144,0.7265
CVE-2022-1576,0.00885,0.26162
CVE-2022-1577,0.00885,0.26162
CVE-2022-1582,0.00885,0.26162
CVE-2022-1583,0.00885,0.26162
CVE-2022-1584,0.00885,0.26162
CVE-2022-1585,0.00885,0.26162
CVE-2022-1586,0.01108,0.53389
CVE-2022-1587,0.01108,0.53389
CVE-2022-1589,0.00885,0.26162
CVE-2022-1590,0.00885,0.26162
CVE-2022-1592,0.00885,0.26162
CVE-2022-1593,0.00885,0.26162
CVE-2022-1594,0.00885,0.26162
CVE-2022-1595,0.00885,0.26162
CVE-2022-1596,0.00885,0.26162
CVE-2022-1599,0.00885,0.26162
CVE-2022-1600,0.00885,0.26162
CVE-2022-1603,0.00885,0.26162
CVE-2022-1604,0.00885,0.26162
CVE-2022-1605,0.00885,0.26162
CVE-2022-1608,0.00885,0.26162
CVE-2022-1610,0.00885,0.26162
CVE-2022-1611,0.00885,0.26162
CVE-2022-1612,0.00885,0.26162
CVE-2022-1614,0.00885,0.26162
CVE-2022-1615,0.00885,0.26162
CVE-2022-1616,0.05786,0.8994
CVE-2022-1619,0.05786,0.8994
CVE-2022-1620,0.01108,0.53389
CVE-2022-1621,0.04836,0.88802
CVE-2022-1622,0.01108,0.53389
CVE-2022-1623,0.01108,0.53389
CVE-2022-1624,0.00885,0.26162
CVE-2022-1625,0.00885,0.26162
CVE-2022-1626,0.00885,0.26162
CVE-2022-1627,0.00885,0.26162
CVE-2022-1629,0.04836,0.88802
CVE-2022-1630,0.00885,0.26162
CVE-2022-1631,0.00954,0.34522
CVE-2022-1632,0.00885,0.26162
CVE-2022-1633,0.01136,0.57949
CVE-2022-1634,0.01136,0.57949
CVE-2022-1635,0.01136,0.57949
CVE-2022-1636,0.01136,0.57949
CVE-2022-1637,0.01136,0.57949
CVE-2022-1638,0.01055,0.50287
CVE-2022-1639,0.01136,0.57949
CVE-2022-1640,0.01136,0.57949
CVE-2022-1641,0.01136,0.57949
CVE-2022-1642,0.01086,0.51674
CVE-2022-1643,0.00885,0.26162
CVE-2022-1644,0.00885,0.26162
CVE-2022-1645,0.00885,0.26162
CVE-2022-1646,0.00885,0.26162
CVE-2022-1647,0.00885,0.26162
CVE-2022-1648,0.01978,0.78447
CVE-2022-1649,0.00885,0.26162
CVE-2022-1650,0.00885,0.26162
CVE-2022-1651,0.00885,0.26162
CVE-2022-1652,0.01365,0.70715
CVE-2022-1653,0.00885,0.26162
CVE-2022-1654,0.00885,0.26162
CVE-2022-1655,0.00885,0.26162
CVE-2022-1656,0.00885,0.26162
CVE-2022-1657,0.00885,0.26162
CVE-2022-1658,0.00885,0.26162
CVE-2022-1659,0.00885,0.26162
CVE-2022-1660,0.01086,0.51674
CVE-2022-1661,0.00885,0.26162
CVE-2022-1662,0.00885,0.26162
CVE-2022-1663,0.00885,0.26162
CVE-2022-1664,0.01108,0.53389
CVE-2022-1665,0.00885,0.26162
CVE-2022-1666,0.00885,0.26162
CVE-2022-1667,0.00885,0.26162
CVE-2022-1668,0.01055,0.50287
CVE-2022-1669,0.00885,0.26162
CVE-2022-1670,0.00885,0.26162
CVE-2022-1671,0.0089,0.2856
CVE-2022-1672,0.00885,0.26162
CVE-2022-1673,0.00885,0.26162
CVE-2022-1674,0.01108,0.53389
CVE-2022-1677,0.00885,0.26162
CVE-2022-1678,0.01108,0.53389
CVE-2022-1679,0.00885,0.26162
CVE-2022-1680,0.00885,0.26162
CVE-2022-1681,0.00885,0.26162
CVE-2022-1682,0.00885,0.26162
CVE-2022-1683,0.00885,0.26162
CVE-2022-1684,0.00885,0.26162
CVE-2022-1685,0.00885,0.26162
CVE-2022-1686,0.00885,0.26162
CVE-2022-1687,0.00885,0.26162
CVE-2022-1688,0.00885,0.26162
CVE-2022-1689,0.00885,0.26162
CVE-2022-1690,0.00885,0.26162
CVE-2022-1691,0.00885,0.26162
CVE-2022-1692,0.00885,0.26162
CVE-2022-1694,0.00885,0.26162
CVE-2022-1695,0.00885,0.26162
CVE-2022-1698,0.00885,0.26162
CVE-2022-1699,0.00885,0.26162
CVE-2022-1701,0.00885,0.26162
CVE-2022-1702,0.00885,0.26162
CVE-2022-1703,0.01156,0.60033
CVE-2022-1704,0.00885,0.26162
CVE-2022-1705,0.01108,0.53389
CVE-2022-1706,0.01104,0.52279
CVE-2022-1707,0.01018,0.38792
CVE-2022-1708,0.02509,0.81058
CVE-2022-1709,0.00885,0.26162
CVE-2022-1710,0.00885,0.26162
CVE-2022-1711,0.00885,0.26162
CVE-2022-1712,0.00885,0.26162
CVE-2022-1713,0.00885,0.26162
CVE-2022-1714,0.00885,0.26162
CVE-2022-1715,0.00885,0.26162
CVE-2022-1716,0.00885,0.26162
CVE-2022-1717,0.00885,0.26162
CVE-2022-1718,0.00885,0.26162
CVE-2022-1719,0.00885,0.26162
CVE-2022-1720,0.05786,0.8994
CVE-2022-1721,0.00885,0.26162
CVE-2022-1722,0.00885,0.26162
CVE-2022-1723,0.00885,0.26162
CVE-2022-1724,0.00885,0.26162
CVE-2022-1725,0.00885,0.26162
CVE-2022-1726,0.00885,0.26162
CVE-2022-1727,0.00885,0.26162
CVE-2022-1728,0.00885,0.26162
CVE-2022-1729,0.02485,0.80864
CVE-2022-1730,0.00885,0.26162
CVE-2022-1731,0.00885,0.26162
CVE-2022-1732,0.00885,0.26162
CVE-2022-1733,0.01034,0.39824
CVE-2022-1734,0.01034,0.39824
CVE-2022-1735,0.00954,0.34522
CVE-2022-1737,0.00885,0.26162
CVE-2022-1739,0.00885,0.26162
CVE-2022-1740,0.00885,0.26162
CVE-2022-1741,0.00885,0.26162
CVE-2022-1742,0.00885,0.26162
CVE-2022-1743,0.01036,0.41241
CVE-2022-1744,0.01036,0.41241
CVE-2022-1745,0.00885,0.26162
CVE-2022-1746,0.00885,0.26162
CVE-2022-1747,0.00885,0.26162
CVE-2022-1748,0.00885,0.26162
CVE-2022-1749,0.00885,0.26162
CVE-2022-1750,0.00885,0.26162
CVE-2022-1752,0.00885,0.26162
CVE-2022-1753,0.0089,0.2856
CVE-2022-1754,0.00885,0.26162
CVE-2022-1756,0.00885,0.26162
CVE-2022-1757,0.00885,0.26162
CVE-2022-1758,0.00885,0.26162
CVE-2022-1759,0.00885,0.26162
CVE-2022-1761,0.00885,0.26162
CVE-2022-1762,0.00885,0.26162
CVE-2022-1763,0.00885,0.26162
CVE-2022-1764,0.00885,0.26162
CVE-2022-1765,0.00885,0.26162
CVE-2022-1766,0.00885,0.26162
CVE-2022-1767,0.00885,0.26162
CVE-2022-1768,0.00954,0.34522
CVE-2022-1769,0.01034,0.39824
CVE-2022-1770,0.00885,0.26162
CVE-2022-1771,0.00954,0.34522
CVE-2022-1772,0.00885,0.26162
CVE-2022-1773,0.00885,0.26162
CVE-2022-1774,0.00885,0.26162
CVE-2022-1775,0.00885,0.26162
CVE-2022-1776,0.00885,0.26162
CVE-2022-1777,0.00885,0.26162
CVE-2022-1779,0.00885,0.26162
CVE-2022-1780,0.00885,0.26162
CVE-2022-1781,0.00885,0.26162
CVE-2022-1782,0.00885,0.26162
CVE-2022-1783,0.0089,0.2856
CVE-2022-1784,0.00885,0.26162
CVE-2022-1785,0.0089,0.2856
CVE-2022-1786,0.0089,0.2856
CVE-2022-1787,0.00885,0.26162
CVE-2022-1788,0.00885,0.26162
CVE-2022-1789,0.01108,0.53389
CVE-2022-1790,0.00885,0.26162
CVE-2022-1791,0.00885,0.26162
CVE-2022-1792,0.00885,0.26162
CVE-2022-1793,0.00885,0.26162
CVE-2022-1794,0.00885,0.26162
CVE-2022-1795,0.00885,0.26162
CVE-2022-1796,0.00954,0.34522
CVE-2022-1797,0.00885,0.26162
CVE-2022-1799,0.00885,0.26162
CVE-2022-1800,0.00885,0.26162
CVE-2022-1801,0.00885,0.26162
CVE-2022-1803,0.00885,0.26162
CVE-2022-1805,0.00885,0.26162
CVE-2022-1806,0.00885,0.26162
CVE-2022-1808,0.0144,0.7265
CVE-2022-1809,0.00885,0.26162
CVE-2022-1810,0.00885,0.26162
CVE-2022-1811,0.00885,0.26162
CVE-2022-1813,0.02055,0.7893
CVE-2022-1814,0.00885,0.26162
CVE-2022-1815,0.00885,0.26162
CVE-2022-1816,0.00885,0.26162
CVE-2022-1817,0.00885,0.26162
CVE-2022-1818,0.00885,0.26162
CVE-2022-1819,0.00885,0.26162
CVE-2022-1820,0.00885,0.26162
CVE-2022-1821,0.00885,0.26162
CVE-2022-1822,0.00885,0.26162
CVE-2022-1823,0.01036,0.41241
CVE-2022-1824,0.01036,0.41241
CVE-2022-1825,0.00885,0.26162
CVE-2022-1826,0.00885,0.26162
CVE-2022-1827,0.00885,0.26162
CVE-2022-1828,0.00885,0.26162
CVE-2022-1829,0.00885,0.26162
CVE-2022-1830,0.00885,0.26162
CVE-2022-1831,0.00885,0.26162
CVE-2022-1832,0.00885,0.26162
CVE-2022-1833,0.00885,0.26162
CVE-2022-1837,0.0144,0.7265
CVE-2022-1838,0.00885,0.26162
CVE-2022-1839,0.00885,0.26162
CVE-2022-1840,0.00885,0.26162
CVE-2022-1841,0.00885,0.26162
CVE-2022-1842,0.00885,0.26162
CVE-2022-1843,0.00885,0.26162
CVE-2022-1844,0.00885,0.26162
CVE-2022-1845,0.00885,0.26162
CVE-2022-1846,0.00885,0.26162
CVE-2022-1847,0.00885,0.26162
CVE-2022-1848,0.00885,0.26162
CVE-2022-1849,0.00885,0.26162
CVE-2022-1850,0.00885,0.26162
CVE-2022-1851,0.01108,0.53389
CVE-2022-1852,0.00885,0.26162
CVE-2022-1853,0.01136,0.57949
CVE-2022-1854,0.01136,0.57949
CVE-2022-1855,0.01136,0.57949
CVE-2022-1856,0.00954,0.34522
CVE-2022-1857,0.01136,0.57949
CVE-2022-1858,0.01136,0.57949
CVE-2022-1859,0.01136,0.57949
CVE-2022-1860,0.01136,0.57949
CVE-2022-1861,0.01136,0.57949
CVE-2022-1862,0.00954,0.34522
CVE-2022-1863,0.00954,0.34522
CVE-2022-1864,0.00954,0.34522
CVE-2022-1865,0.00954,0.34522
CVE-2022-1866,0.01136,0.57949
CVE-2022-1867,0.01136,0.57949
CVE-2022-1868,0.00954,0.34522
CVE-2022-1869,0.01136,0.57949
CVE-2022-1870,0.00954,0.34522
CVE-2022-1871,0.00954,0.34522
CVE-2022-1872,0.00954,0.34522
CVE-2022-1873,0.01136,0.57949
CVE-2022-1874,0.01136,0.57949
CVE-2022-1875,0.01136,0.57949
CVE-2022-1876,0.00954,0.34522
CVE-2022-1881,0.00885,0.26162
CVE-2022-1882,0.0089,0.2856
CVE-2022-1883,0.00885,0.26162
CVE-2022-1885,0.00885,0.26162
CVE-2022-1886,0.01018,0.38792
CVE-2022-1888,0.02559,0.81141
CVE-2022-1889,0.00885,0.26162
CVE-2022-1893,0.00885,0.26162
CVE-2022-1894,0.00885,0.26162
CVE-2022-1895,0.00885,0.26162
CVE-2022-1896,0.00885,0.26162
CVE-2022-1897,0.01108,0.53389
CVE-2022-1898,0.01108,0.53389
CVE-2022-1899,0.00885,0.26162
CVE-2022-1900,0.00885,0.26162
CVE-2022-1901,0.00885,0.26162
CVE-2022-1902,0.0089,0.2856
CVE-2022-1904,0.00885,0.26162
CVE-2022-1905,0.00885,0.26162
CVE-2022-1906,0.00885,0.26162
CVE-2022-1907,0.00885,0.26162
CVE-2022-1908,0.00885,0.26162
CVE-2022-1909,0.00885,0.26162
CVE-2022-1910,0.00885,0.26162
CVE-2022-1912,0.00885,0.26162
CVE-2022-1913,0.00885,0.26162
CVE-2022-1914,0.00885,0.26162
CVE-2022-1915,0.00885,0.26162
CVE-2022-1916,0.00885,0.26162
CVE-2022-1918,0.00885,0.26162
CVE-2022-1919,0.01136,0.57949
CVE-2022-1920,0.01559,0.742
CVE-2022-1921,0.01559,0.742
CVE-2022-1922,0.00954,0.34522
CVE-2022-1923,0.00954,0.34522
CVE-2022-1924,0.00954,0.34522
CVE-2022-1925,0.00954,0.34522
CVE-2022-1926,0.00885,0.26162
CVE-2022-1927,0.01108,0.53389
CVE-2022-1928,0.00885,0.26162
CVE-2022-1929,0.00885,0.26162
CVE-2022-1930,0.00885,0.26162
CVE-2022-1931,0.00885,0.26162
CVE-2022-1932,0.00885,0.26162
CVE-2022-1933,0.00885,0.26162
CVE-2022-1934,0.00885,0.26162
CVE-2022-1935,0.00885,0.26162
CVE-2022-1936,0.00885,0.26162
CVE-2022-1937,0.00885,0.26162
CVE-2022-1938,0.00885,0.26162
CVE-2022-1939,0.00885,0.26162
CVE-2022-1940,0.0089,0.2856
CVE-2022-1942,0.01018,0.38792
CVE-2022-1943,0.00885,0.26162
CVE-2022-1944,0.00885,0.26162
CVE-2022-1945,0.00885,0.26162
CVE-2022-1946,0.00885,0.26162
CVE-2022-1947,0.00885,0.26162
CVE-2022-1948,0.0089,0.2856
CVE-2022-1949,0.01055,0.50287
CVE-2022-1950,0.00885,0.26162
CVE-2022-1951,0.00885,0.26162
CVE-2022-1952,0.01424,0.72364
CVE-2022-1953,0.00885,0.26162
CVE-2022-1954,0.00954,0.34522
CVE-2022-1955,0.00954,0.34522
CVE-2022-1956,0.00885,0.26162
CVE-2022-1957,0.00885,0.26162
CVE-2022-1958,0.0089,0.2856
CVE-2022-1960,0.00885,0.26162
CVE-2022-1961,0.0089,0.2856
CVE-2022-1962,0.01034,0.39824
CVE-2022-1963,0.00954,0.34522
CVE-2022-1964,0.00885,0.26162
CVE-2022-1965,0.01055,0.50287
CVE-2022-1967,0.00885,0.26162
CVE-2022-1968,0.01018,0.38792
CVE-2022-1969,0.00885,0.26162
CVE-2022-1971,0.00885,0.26162
CVE-2022-1973,0.00885,0.26162
CVE-2022-1974,0.00885,0.26162
CVE-2022-1975,0.00885,0.26162
CVE-2022-1976,0.00885,0.26162
CVE-2022-1977,0.00885,0.26162
CVE-2022-1979,0.00885,0.26162
CVE-2022-1980,0.00885,0.26162
CVE-2022-1981,0.0089,0.2856
CVE-2022-1982,0.00885,0.26162
CVE-2022-1983,0.00885,0.26162
CVE-2022-1984,0.00885,0.26162
CVE-2022-1985,0.00954,0.34522
CVE-2022-1986,0.02055,0.7893
CVE-2022-1987,0.00885,0.26162
CVE-2022-1988,0.00885,0.26162
CVE-2022-1989,0.01055,0.50287
CVE-2022-1990,0.00885,0.26162
CVE-2022-1991,0.00885,0.26162
CVE-2022-1992,0.00885,0.26162
CVE-2022-1993,0.00885,0.26162
CVE-2022-1994,0.00885,0.26162
CVE-2022-1995,0.00885,0.26162
CVE-2022-1996,0.01108,0.53389
CVE-2022-1997,0.00885,0.26162
CVE-2022-1998,0.0089,0.2856
CVE-2022-1999,0.00885,0.26162
CVE-2022-2000,0.01018,0.38792
CVE-2022-20001,0.01559,0.742
CVE-2022-20002,0.01036,0.41241
CVE-2022-20004,0.01036,0.41241
CVE-2022-20005,0.01036,0.41241
CVE-2022-20006,0.01036,0.41241
CVE-2022-20007,0.01036,0.41241
CVE-2022-20008,0.01036,0.41241
CVE-2022-20009,0.01036,0.41241
CVE-2022-2001,0.00885,0.26162
CVE-2022-20010,0.01103,0.51945
CVE-2022-20011,0.01036,0.41241
CVE-2022-20012,0.01036,0.41241
CVE-2022-20013,0.01036,0.41241
CVE-2022-20014,0.01036,0.41241
CVE-2022-20015,0.01036,0.41241
CVE-2022-20016,0.01036,0.41241
CVE-2022-20017,0.01036,0.41241
CVE-2022-20018,0.01036,0.41241
CVE-2022-20019,0.01036,0.41241
CVE-2022-20020,0.01036,0.41241
CVE-2022-20021,0.01103,0.51945
CVE-2022-20022,0.01103,0.51945
CVE-2022-20023,0.01103,0.51945
CVE-2022-20024,0.01036,0.41241
CVE-2022-20025,0.01036,0.41241
CVE-2022-20026,0.01036,0.41241
CVE-2022-20027,0.01036,0.41241
CVE-2022-20028,0.01036,0.41241
CVE-2022-20029,0.01036,0.41241
CVE-2022-2003,0.00885,0.26162
CVE-2022-20030,0.01036,0.41241
CVE-2022-20031,0.01036,0.41241
CVE-2022-20032,0.01036,0.41241
CVE-2022-20033,0.01036,0.41241
CVE-2022-20034,0.01036,0.41241
CVE-2022-20035,0.01036,0.41241
CVE-2022-20036,0.01036,0.41241
CVE-2022-20037,0.01036,0.41241
CVE-2022-20038,0.01036,0.41241
CVE-2022-20039,0.01036,0.41241
CVE-2022-2004,0.00885,0.26162
CVE-2022-20040,0.01036,0.41241
CVE-2022-20041,0.01036,0.41241
CVE-2022-20042,0.01036,0.41241
CVE-2022-20043,0.01036,0.41241
CVE-2022-20044,0.01036,0.41241
CVE-2022-20045,0.01036,0.41241
CVE-2022-20046,0.01036,0.41241
CVE-2022-20047,0.01036,0.41241
CVE-2022-20048,0.01036,0.41241
CVE-2022-20049,0.01036,0.41241
CVE-2022-2005,0.00885,0.26162
CVE-2022-20050,0.01036,0.41241
CVE-2022-20051,0.01036,0.41241
CVE-2022-20052,0.01036,0.41241
CVE-2022-20053,0.01036,0.41241
CVE-2022-20054,0.01036,0.41241
CVE-2022-20055,0.01036,0.41241
CVE-2022-20056,0.01036,0.41241
CVE-2022-20057,0.01036,0.41241
CVE-2022-20058,0.01036,0.41241
CVE-2022-20059,0.01036,0.41241
CVE-2022-2006,0.11898,0.94958
CVE-2022-20060,0.01036,0.41241
CVE-2022-20062,0.01036,0.41241
CVE-2022-20063,0.01036,0.41241
CVE-2022-20064,0.01036,0.41241
CVE-2022-20065,0.01036,0.41241
CVE-2022-20066,0.01036,0.41241
CVE-2022-20067,0.01036,0.41241
CVE-2022-20068,0.01036,0.41241
CVE-2022-20069,0.01036,0.41241
CVE-2022-2007,0.01136,0.57949
CVE-2022-20070,0.01036,0.41241
CVE-2022-20071,0.01036,0.41241
CVE-2022-20072,0.01036,0.41241
CVE-2022-20073,0.01036,0.41241
CVE-2022-20074,0.01036,0.41241
CVE-2022-20075,0.01036,0.41241
CVE-2022-20076,0.01036,0.41241
CVE-2022-20077,0.01036,0.41241
CVE-2022-20078,0.01036,0.41241
CVE-2022-20079,0.01036,0.41241
CVE-2022-2008,0.01055,0.50287
CVE-2022-20080,0.01036,0.41241
CVE-2022-20081,0.01156,0.60033
CVE-2022-20082,0.01036,0.41241
CVE-2022-20083,0.01156,0.60033
CVE-2022-20084,0.01036,0.41241
CVE-2022-20085,0.01036,0.41241
CVE-2022-20087,0.01036,0.41241
CVE-2022-20088,0.01036,0.41241
CVE-2022-20089,0.01036,0.41241
CVE-2022-20090,0.01036,0.41241
CVE-2022-20091,0.01036,0.41241
CVE-2022-20092,0.01036,0.41241
CVE-2022-20093,0.01036,0.41241
CVE-2022-20094,0.01036,0.41241
CVE-2022-20095,0.01036,0.41241
CVE-2022-20096,0.01036,0.41241
CVE-2022-20097,0.01036,0.41241
CVE-2022-20098,0.01036,0.41241
CVE-2022-20099,0.01036,0.41241
CVE-2022-2010,0.01136,0.57949
CVE-2022-20100,0.01036,0.41241
CVE-2022-20101,0.01036,0.41241
CVE-2022-20102,0.01036,0.41241
CVE-2022-20103,0.01036,0.41241
CVE-2022-20104,0.01036,0.41241
CVE-2022-20105,0.01036,0.41241
CVE-2022-20106,0.01036,0.41241
CVE-2022-20107,0.01036,0.41241
CVE-2022-20108,0.01036,0.41241
CVE-2022-20109,0.01036,0.41241
CVE-2022-2011,0.01136,0.57949
CVE-2022-20110,0.01036,0.41241
CVE-2022-20111,0.01036,0.41241
CVE-2022-20112,0.01036,0.41241
CVE-2022-20113,0.01036,0.41241
CVE-2022-20114,0.01036,0.41241
CVE-2022-20115,0.01036,0.41241
CVE-2022-20116,0.01036,0.41241
CVE-2022-20117,0.01036,0.41241
CVE-2022-20118,0.01036,0.41241
CVE-2022-20119,0.01036,0.41241
CVE-2022-20120,0.00885,0.26162
CVE-2022-20121,0.01036,0.41241
CVE-2022-20122,0.00885,0.26162
CVE-2022-20123,0.01156,0.60033
CVE-2022-20124,0.01036,0.41241
CVE-2022-20125,0.01036,0.41241
CVE-2022-20126,0.01036,0.41241
CVE-2022-20127,0.01156,0.60033
CVE-2022-20129,0.01036,0.41241
CVE-2022-2013,0.00885,0.26162
CVE-2022-20131,0.01156,0.60033
CVE-2022-20132,0.01036,0.41241
CVE-2022-20134,0.01036,0.41241
CVE-2022-20135,0.01036,0.41241
CVE-2022-20137,0.01036,0.41241
CVE-2022-2014,0.00885,0.26162
CVE-2022-20140,0.01156,0.60033
CVE-2022-20141,0.01036,0.41241
CVE-2022-20142,0.01036,0.41241
CVE-2022-20143,0.01036,0.41241
CVE-2022-20144,0.01036,0.41241
CVE-2022-20145,0.01156,0.60033
CVE-2022-20146,0.01036,0.41241
CVE-2022-20147,0.01036,0.41241
CVE-2022-20148,0.01036,0.41241
CVE-2022-20149,0.00885,0.26162
CVE-2022-2015,0.00885,0.26162
CVE-2022-20151,0.00885,0.26162
CVE-2022-20152,0.01036,0.41241
CVE-2022-20153,0.01036,0.41241
CVE-2022-20154,0.01036,0.41241
CVE-2022-20155,0.01036,0.41241
CVE-2022-20156,0.01036,0.41241
CVE-2022-20158,0.01036,0.41241
CVE-2022-20159,0.01036,0.41241
CVE-2022-2016,0.00885,0.26162
CVE-2022-20160,0.00885,0.26162
CVE-2022-20162,0.01036,0.41241
CVE-2022-20164,0.00885,0.26162
CVE-2022-20165,0.01036,0.41241
CVE-2022-20166,0.01036,0.41241
CVE-2022-20167,0.00885,0.26162
CVE-2022-20168,0.00885,0.26162
CVE-2022-20169,0.00885,0.26162
CVE-2022-2017,0.00885,0.26162
CVE-2022-20170,0.00885,0.26162
CVE-2022-20171,0.00885,0.26162
CVE-2022-20172,0.01036,0.41241
CVE-2022-20173,0.00885,0.26162
CVE-2022-20174,0.01036,0.41241
CVE-2022-20175,0.00885,0.26162
CVE-2022-20176,0.01036,0.41241
CVE-2022-20177,0.00885,0.26162
CVE-2022-20178,0.01036,0.41241
CVE-2022-20179,0.00885,0.26162
CVE-2022-2018,0.00885,0.26162
CVE-2022-20180,0.01036,0.41241
CVE-2022-20181,0.00885,0.26162
CVE-2022-20182,0.01036,0.41241
CVE-2022-20183,0.01036,0.41241
CVE-2022-20184,0.00885,0.26162
CVE-2022-20185,0.01036,0.41241
CVE-2022-20186,0.01036,0.41241
CVE-2022-20188,0.00885,0.26162
CVE-2022-2019,0.00885,0.26162
CVE-2022-20190,0.00885,0.26162
CVE-2022-20191,0.00885,0.26162
CVE-2022-20192,0.01036,0.41241
CVE-2022-20193,0.01036,0.41241
CVE-2022-20194,0.01036,0.41241
CVE-2022-20195,0.01036,0.41241
CVE-2022-20196,0.01036,0.41241
CVE-2022-20197,0.01036,0.41241
CVE-2022-20198,0.01036,0.41241
CVE-2022-2020,0.00885,0.26162
CVE-2022-20200,0.01036,0.41241
CVE-2022-20201,0.01036,0.41241
CVE-2022-20202,0.01156,0.60033
CVE-2022-20203,0.01036,0.41241
CVE-2022-20204,0.01036,0.41241
CVE-2022-20205,0.01036,0.41241
CVE-2022-20206,0.01036,0.41241
CVE-2022-20207,0.01036,0.41241
CVE-2022-20208,0.01036,0.41241
CVE-2022-20209,0.01156,0.60033
CVE-2022-20210,0.00885,0.26162
CVE-2022-20212,0.01036,0.41241
CVE-2022-20216,0.00885,0.26162
CVE-2022-20217,0.00885,0.26162
CVE-2022-20218,0.01036,0.41241
CVE-2022-20219,0.01036,0.41241
CVE-2022-20220,0.01036,0.41241
CVE-2022-20221,0.01103,0.51945
CVE-2022-20222,0.01156,0.60033
CVE-2022-20223,0.01036,0.41241
CVE-2022-20225,0.01036,0.41241
CVE-2022-20226,0.01036,0.41241
CVE-2022-20227,0.01036,0.41241
CVE-2022-20228,0.01156,0.60033
CVE-2022-2023,0.00885,0.26162
CVE-2022-20230,0.01036,0.41241
CVE-2022-20233,0.01036,0.41241
CVE-2022-20234,0.00885,0.26162
CVE-2022-20236,0.00885,0.26162
CVE-2022-20237,0.01156,0.60033
CVE-2022-20238,0.00885,0.26162
CVE-2022-20239,0.00885,0.26162
CVE-2022-20241,0.01036,0.41241
CVE-2022-20242,0.01036,0.41241
CVE-2022-20243,0.01036,0.41241
CVE-2022-20244,0.01036,0.41241
CVE-2022-20245,0.01036,0.41241
CVE-2022-20246,0.01036,0.41241
CVE-2022-20247,0.01156,0.60033
CVE-2022-20248,0.01036,0.41241
CVE-2022-20249,0.01036,0.41241
CVE-2022-20250,0.01036,0.41241
CVE-2022-20251,0.01036,0.41241
CVE-2022-20252,0.01036,0.41241
CVE-2022-20253,0.01103,0.51945
CVE-2022-20254,0.01036,0.41241
CVE-2022-20255,0.01036,0.41241
CVE-2022-20256,0.01036,0.41241
CVE-2022-20257,0.01036,0.41241
CVE-2022-20258,0.01036,0.41241
CVE-2022-20259,0.01036,0.41241
CVE-2022-2026,0.00885,0.26162
CVE-2022-20260,0.01036,0.41241
CVE-2022-20261,0.01036,0.41241
CVE-2022-20262,0.01036,0.41241
CVE-2022-20263,0.01036,0.41241
CVE-2022-20265,0.01036,0.41241
CVE-2022-20266,0.01036,0.41241
CVE-2022-20267,0.01036,0.41241
CVE-2022-20268,0.01036,0.41241
CVE-2022-20269,0.01036,0.41241
CVE-2022-2027,0.00885,0.26162
CVE-2022-20270,0.01036,0.41241
CVE-2022-20271,0.01036,0.41241
CVE-2022-20272,0.00885,0.26162
CVE-2022-20273,0.01103,0.51945
CVE-2022-20274,0.01036,0.41241
CVE-2022-20275,0.01036,0.41241
CVE-2022-20276,0.01036,0.41241
CVE-2022-20277,0.01036,0.41241
CVE-2022-20278,0.01036,0.41241
CVE-2022-20279,0.01036,0.41241
CVE-2022-2028,0.00885,0.26162
CVE-2022-20280,0.01036,0.41241
CVE-2022-20281,0.01036,0.41241
CVE-2022-20282,0.01036,0.41241
CVE-2022-20283,0.01103,0.51945
CVE-2022-20284,0.01036,0.41241
CVE-2022-20285,0.01036,0.41241
CVE-2022-20286,0.01036,0.41241
CVE-2022-20287,0.01036,0.41241
CVE-2022-20288,0.01036,0.41241
CVE-2022-20289,0.01036,0.41241
CVE-2022-2029,0.00885,0.26162
CVE-2022-20290,0.01036,0.41241
CVE-2022-20291,0.01036,0.41241
CVE-2022-20292,0.01036,0.41241
CVE-2022-20293,0.01036,0.41241
CVE-2022-20294,0.01036,0.41241
CVE-2022-20295,0.01036,0.41241
CVE-2022-20296,0.01036,0.41241
CVE-2022-20297,0.01036,0.41241
CVE-2022-20298,0.01036,0.41241
CVE-2022-20299,0.01036,0.41241
CVE-2022-2030,0.00885,0.26162
CVE-2022-20300,0.01036,0.41241
CVE-2022-20301,0.01036,0.41241
CVE-2022-20302,0.01036,0.41241
CVE-2022-20303,0.01036,0.41241
CVE-2022-20304,0.01036,0.41241
CVE-2022-20305,0.01036,0.41241
CVE-2022-20306,0.01036,0.41241
CVE-2022-20307,0.01036,0.41241
CVE-2022-20308,0.01156,0.60033
CVE-2022-20309,0.01036,0.41241
CVE-2022-2031,0.00885,0.26162
CVE-2022-20310,0.01036,0.41241
CVE-2022-20311,0.01036,0.41241
CVE-2022-20312,0.01036,0.41241
CVE-2022-20313,0.01036,0.41241
CVE-2022-20314,0.01036,0.41241
CVE-2022-20315,0.01036,0.41241
CVE-2022-20316,0.01036,0.41241
CVE-2022-20317,0.01036,0.41241
CVE-2022-20318,0.01036,0.41241
CVE-2022-20319,0.01036,0.41241
CVE-2022-2032,0.00885,0.26162
CVE-2022-20320,0.01036,0.41241
CVE-2022-20321,0.01036,0.41241
CVE-2022-20322,0.01036,0.41241
CVE-2022-20323,0.01036,0.41241
CVE-2022-20324,0.01036,0.41241
CVE-2022-20325,0.01036,0.41241
CVE-2022-20326,0.01036,0.41241
CVE-2022-20327,0.01036,0.41241
CVE-2022-20328,0.01036,0.41241
CVE-2022-20329,0.01036,0.41241
CVE-2022-20330,0.01036,0.41241
CVE-2022-20331,0.01036,0.41241
CVE-2022-20332,0.01036,0.41241
CVE-2022-20333,0.01103,0.51945
CVE-2022-20334,0.01103,0.51945
CVE-2022-20335,0.01036,0.41241
CVE-2022-20336,0.01036,0.41241
CVE-2022-20338,0.01036,0.41241
CVE-2022-20339,0.01036,0.41241
CVE-2022-2034,0.00885,0.26162
CVE-2022-20340,0.01036,0.41241
CVE-2022-20341,0.01036,0.41241
CVE-2022-20342,0.01036,0.41241
CVE-2022-20344,0.01036,0.41241
CVE-2022-20345,0.01103,0.51945
CVE-2022-20346,0.01156,0.60033
CVE-2022-20347,0.01103,0.51945
CVE-2022-20348,0.01036,0.41241
CVE-2022-20349,0.01036,0.41241
CVE-2022-2035,0.00885,0.26162
CVE-2022-20350,0.01036,0.41241
CVE-2022-20352,0.01036,0.41241
CVE-2022-20353,0.01036,0.41241
CVE-2022-20354,0.01036,0.41241
CVE-2022-20355,0.01036,0.41241
CVE-2022-20356,0.01036,0.41241
CVE-2022-20357,0.01036,0.41241
CVE-2022-20358,0.01036,0.41241
CVE-2022-20359,0.01036,0.41241
CVE-2022-2036,0.00885,0.26162
CVE-2022-20360,0.01036,0.41241
CVE-2022-20362,0.01103,0.51945
CVE-2022-20365,0.00885,0.26162
CVE-2022-20366,0.01036,0.41241
CVE-2022-20367,0.01036,0.41241
CVE-2022-20368,0.00885,0.26162
CVE-2022-20369,0.01036,0.41241
CVE-2022-2037,0.00885,0.26162
CVE-2022-20370,0.00885,0.26162
CVE-2022-20371,0.01036,0.41241
CVE-2022-20372,0.01036,0.41241
CVE-2022-20373,0.01036,0.41241
CVE-2022-20374,0.01036,0.41241
CVE-2022-20375,0.01156,0.60033
CVE-2022-20376,0.01036,0.41241
CVE-2022-20377,0.01036,0.41241
CVE-2022-20378,0.00885,0.26162
CVE-2022-20379,0.01036,0.41241
CVE-2022-20380,0.00885,0.26162
CVE-2022-20381,0.00885,0.26162
CVE-2022-20382,0.01036,0.41241
CVE-2022-20383,0.01036,0.41241
CVE-2022-20384,0.00885,0.26162
CVE-2022-2039,0.00885,0.26162
CVE-2022-2040,0.00885,0.26162
CVE-2022-20400,0.01156,0.60033
CVE-2022-20401,0.01156,0.60033
CVE-2022-20402,0.00885,0.26162
CVE-2022-20403,0.00885,0.26162
CVE-2022-20404,0.00885,0.26162
CVE-2022-20405,0.00885,0.26162
CVE-2022-20406,0.00885,0.26162
CVE-2022-20407,0.00885,0.26162
CVE-2022-20408,0.00885,0.26162
CVE-2022-2041,0.00885,0.26162
CVE-2022-2042,0.00954,0.34522
CVE-2022-2043,0.00885,0.26162
CVE-2022-2044,0.00885,0.26162
CVE-2022-2046,0.00885,0.26162
CVE-2022-2047,0.0095,0.30554
CVE-2022-2048,0.01018,0.38792
CVE-2022-2049,0.00885,0.26162
CVE-2022-2050,0.00885,0.26162
CVE-2022-2053,0.00885,0.26162
CVE-2022-2054,0.01005,0.35949
CVE-2022-2056,0.01108,0.53389
CVE-2022-2057,0.01108,0.53389
CVE-2022-2058,0.01108,0.53389
CVE-2022-2059,0.00885,0.26162
CVE-2022-2060,0.00885,0.26162
CVE-2022-2061,0.00885,0.26162
CVE-2022-20612,0.00954,0.34522
CVE-2022-20613,0.00954,0.34522
CVE-2022-20614,0.0089,0.2856
CVE-2022-20615,0.0089,0.2856
CVE-2022-20616,0.00885,0.26162
CVE-2022-20617,0.02096,0.7907
CVE-2022-20618,0.00885,0.26162
CVE-2022-20619,0.00885,0.26162
CVE-2022-2062,0.00885,0.26162
CVE-2022-20620,0.00885,0.26162
CVE-2022-20621,0.00885,0.26162
CVE-2022-20622,0.01055,0.50287
CVE-2022-20623,0.01055,0.50287
CVE-2022-20624,0.01055,0.50287
CVE-2022-20625,0.00885,0.26162
CVE-2022-20627,0.01055,0.50287
CVE-2022-20628,0.01055,0.50287
CVE-2022-20629,0.01055,0.50287
CVE-2022-2063,0.00885,0.26162
CVE-2022-20630,0.00885,0.26162
CVE-2022-20635,0.01055,0.50287
CVE-2022-20636,0.01055,0.50287
CVE-2022-20637,0.01055,0.50287
CVE-2022-20638,0.01055,0.50287
CVE-2022-20639,0.01055,0.50287
CVE-2022-2064,0.00885,0.26162
CVE-2022-20640,0.01055,0.50287
CVE-2022-20641,0.01055,0.50287
CVE-2022-20642,0.01055,0.50287
CVE-2022-20643,0.01055,0.50287
CVE-2022-20644,0.01055,0.50287
CVE-2022-20645,0.01055,0.50287
CVE-2022-20646,0.01055,0.50287
CVE-2022-20647,0.01055,0.50287
CVE-2022-2065,0.00885,0.26162
CVE-2022-20650,0.01055,0.50287
CVE-2022-20651,0.00885,0.26162
CVE-2022-20653,0.01055,0.50287
CVE-2022-20658,0.01055,0.50287
CVE-2022-20659,0.01055,0.50287
CVE-2022-2066,0.00885,0.26162
CVE-2022-20660,0.00954,0.34522
CVE-2022-20661,0.00885,0.26162
CVE-2022-20664,0.01055,0.50287
CVE-2022-20665,0.01036,0.41241
CVE-2022-20666,0.01055,0.50287
CVE-2022-20667,0.01055,0.50287
CVE-2022-20668,0.01055,0.50287
CVE-2022-20669,0.01055,0.50287
CVE-2022-2067,0.00885,0.26162
CVE-2022-20670,0.01055,0.50287
CVE-2022-20671,0.01055,0.50287
CVE-2022-20672,0.01055,0.50287
CVE-2022-20673,0.01055,0.50287
CVE-2022-20674,0.01055,0.50287
CVE-2022-20675,0.01055,0.50287
CVE-2022-20676,0.00885,0.26162
CVE-2022-20677,0.01036,0.41241
CVE-2022-20678,0.01055,0.50287
CVE-2022-20679,0.01055,0.50287
CVE-2022-2068,0.02734,0.82121
CVE-2022-20680,0.01055,0.50287
CVE-2022-20681,0.00885,0.26162
CVE-2022-20682,0.01055,0.50287
CVE-2022-20683,0.01055,0.50287
CVE-2022-20684,0.00885,0.26162
CVE-2022-20692,0.01055,0.50287
CVE-2022-20693,0.01055,0.50287
CVE-2022-20694,0.01055,0.50287
CVE-2022-20695,0.01055,0.50287
CVE-2022-20697,0.01055,0.50287
CVE-2022-20698,0.01055,0.50287
CVE-2022-20700,0.01086,0.51674
CVE-2022-20701,0.01005,0.36332
CVE-2022-20702,0.0144,0.7265
CVE-2022-20703,0.0149,0.72731
CVE-2022-20704,0.0144,0.7265
CVE-2022-20705,0.02398,0.80734
CVE-2022-20706,0.0144,0.7265
CVE-2022-20707,0.02398,0.80734
CVE-2022-20708,0.0144,0.7265
CVE-2022-20709,0.0144,0.7265
CVE-2022-2071,0.00885,0.26162
CVE-2022-20710,0.01086,0.51674
CVE-2022-20711,0.0144,0.7265
CVE-2022-20712,0.01086,0.51674
CVE-2022-20713,0.01055,0.50287
CVE-2022-20714,0.01055,0.50287
CVE-2022-20715,0.01055,0.50287
CVE-2022-20716,0.00885,0.26162
CVE-2022-20717,0.00885,0.26162
CVE-2022-20718,0.0144,0.7265
CVE-2022-20719,0.0144,0.7265
CVE-2022-2072,0.00885,0.26162
CVE-2022-20720,0.0144,0.7265
CVE-2022-20721,0.0144,0.7265
CVE-2022-20722,0.0144,0.7265
CVE-2022-20723,0.0144,0.7265
CVE-2022-20724,0.0144,0.7265
CVE-2022-20725,0.0144,0.7265
CVE-2022-20726,0.01086,0.51674
CVE-2022-20727,0.01036,0.41241
CVE-2022-20729,0.00885,0.26162
CVE-2022-2073,0.00885,0.26162
CVE-2022-20730,0.01055,0.50287
CVE-2022-20731,0.00885,0.26162
CVE-2022-20732,0.00885,0.26162
CVE-2022-20733,0.01055,0.50287
CVE-2022-20734,0.00885,0.26162
CVE-2022-20735,0.01055,0.50287
CVE-2022-20736,0.01055,0.50287
CVE-2022-20737,0.01055,0.50287
CVE-2022-20738,0.01055,0.50287
CVE-2022-20739,0.00885,0.26162
CVE-2022-2074,0.00885,0.26162
CVE-2022-20740,0.01055,0.50287
CVE-2022-20741,0.01055,0.50287
CVE-2022-20742,0.01055,0.50287
CVE-2022-20743,0.01055,0.50287
CVE-2022-20744,0.01055,0.50287
CVE-2022-20745,0.01055,0.50287
CVE-2022-20746,0.01055,0.50287
CVE-2022-20747,0.01055,0.50287
CVE-2022-20748,0.01055,0.50287
CVE-2022-20749,0.01086,0.51674
CVE-2022-2075,0.00885,0.26162
CVE-2022-20750,0.01055,0.50287
CVE-2022-20751,0.01055,0.50287
CVE-2022-20752,0.01055,0.50287
CVE-2022-20753,0.01156,0.60033
CVE-2022-20754,0.01156,0.60033
CVE-2022-20755,0.01156,0.60033
CVE-2022-20756,0.01055,0.50287
CVE-2022-20757,0.01055,0.50287
CVE-2022-20758,0.01055,0.50287
CVE-2022-20759,0.01055,0.50287
CVE-2022-20760,0.01055,0.50287
CVE-2022-20761,0.00885,0.26162
CVE-2022-20762,0.01036,0.41241
CVE-2022-20763,0.01055,0.50287
CVE-2022-20764,0.01055,0.50287
CVE-2022-20765,0.01055,0.50287
CVE-2022-20767,0.01055,0.50287
CVE-2022-20768,0.01055,0.50287
CVE-2022-20770,0.01213,0.6557
CVE-2022-20771,0.01213,0.6557
CVE-2022-20773,0.01055,0.50287
CVE-2022-20774,0.01055,0.50287
CVE-2022-20777,0.00885,0.26162
CVE-2022-20778,0.01055,0.50287
CVE-2022-20779,0.00885,0.26162
CVE-2022-2078,0.00885,0.26162
CVE-2022-20780,0.00885,0.26162
CVE-2022-20781,0.01055,0.50287
CVE-2022-20782,0.01055,0.50287
CVE-2022-20783,0.01055,0.50287
CVE-2022-20784,0.01055,0.50287
CVE-2022-20785,0.01213,0.6557
CVE-2022-20786,0.01055,0.50287
CVE-2022-20787,0.01055,0.50287
CVE-2022-20788,0.01055,0.50287
CVE-2022-20789,0.01156,0.60033
CVE-2022-2079,0.00885,0.26162
CVE-2022-20790,0.01055,0.50287
CVE-2022-20791,0.01055,0.50287
CVE-2022-20792,0.01036,0.41241
CVE-2022-20794,0.01055,0.50287
CVE-2022-20795,0.01055,0.50287
CVE-2022-20796,0.0095,0.30554
CVE-2022-20797,0.01055,0.50287
CVE-2022-20798,0.01055,0.50287
CVE-2022-20799,0.01055,0.50287
CVE-2022-2080,0.00885,0.26162
CVE-2022-20800,0.01055,0.50287
CVE-2022-20801,0.01055,0.50287
CVE-2022-20802,0.01156,0.60033
CVE-2022-20804,0.00885,0.26162
CVE-2022-20805,0.00885,0.26162
CVE-2022-20806,0.01055,0.50287
CVE-2022-20807,0.01055,0.50287
CVE-2022-20808,0.01055,0.50287
CVE-2022-20809,0.01055,0.50287
CVE-2022-20812,0.01055,0.50287
CVE-2022-20813,0.01055,0.50287
CVE-2022-20815,0.01055,0.50287
CVE-2022-20816,0.01055,0.50287
CVE-2022-20817,0.01055,0.50287
CVE-2022-20819,0.01055,0.50287
CVE-2022-20820,0.01055,0.50287
CVE-2022-20821,0.01055,0.50287
CVE-2022-20823,0.01055,0.50287
CVE-2022-20824,0.01036,0.41241
CVE-2022-20825,0.01156,0.60033
CVE-2022-20827,0.01156,0.60033
CVE-2022-20828,0.20713,0.96332
CVE-2022-20829,0.04571,0.88388
CVE-2022-20841,0.01156,0.60033
CVE-2022-20842,0.01156,0.60033
CVE-2022-2085,0.01018,0.38792
CVE-2022-20852,0.01055,0.50287
CVE-2022-20857,0.01055,0.50287
CVE-2022-20858,0.01055,0.50287
CVE-2022-20859,0.01055,0.50287
CVE-2022-2086,0.00885,0.26162
CVE-2022-20860,0.01055,0.50287
CVE-2022-20861,0.01055,0.50287
CVE-2022-20862,0.01055,0.50287
CVE-2022-20865,0.00885,0.26162
CVE-2022-20869,0.01055,0.50287
CVE-2022-2087,0.00885,0.26162
CVE-2022-20873,0.01156,0.60033
CVE-2022-20874,0.01156,0.60033
CVE-2022-20875,0.01156,0.60033
CVE-2022-20876,0.01156,0.60033
CVE-2022-20877,0.01156,0.60033
CVE-2022-20878,0.01156,0.60033
CVE-2022-20879,0.01156,0.60033
CVE-2022-2088,0.00885,0.26162
CVE-2022-20880,0.01156,0.60033
CVE-2022-20881,0.01156,0.60033
CVE-2022-20882,0.01156,0.60033
CVE-2022-20883,0.01156,0.60033
CVE-2022-20884,0.01156,0.60033
CVE-2022-20885,0.01156,0.60033
CVE-2022-20886,0.01156,0.60033
CVE-2022-20887,0.01156,0.60033
CVE-2022-20888,0.01156,0.60033
CVE-2022-20889,0.01156,0.60033
CVE-2022-2089,0.00885,0.26162
CVE-2022-20890,0.01156,0.60033
CVE-2022-20891,0.01156,0.60033
CVE-2022-20892,0.01156,0.60033
CVE-2022-20893,0.01156,0.60033
CVE-2022-20894,0.01156,0.60033
CVE-2022-20895,0.01156,0.60033
CVE-2022-20896,0.01156,0.60033
CVE-2022-20897,0.01156,0.60033
CVE-2022-20898,0.01156,0.60033
CVE-2022-20899,0.01156,0.60033
CVE-2022-2090,0.00885,0.26162
CVE-2022-20900,0.01156,0.60033
CVE-2022-20901,0.01156,0.60033
CVE-2022-20902,0.01156,0.60033
CVE-2022-20903,0.01156,0.60033
CVE-2022-20904,0.01156,0.60033
CVE-2022-20906,0.01036,0.41241
CVE-2022-20907,0.01036,0.41241
CVE-2022-20908,0.01036,0.41241
CVE-2022-20909,0.01036,0.41241
CVE-2022-2091,0.00885,0.26162
CVE-2022-20910,0.01156,0.60033
CVE-2022-20911,0.01156,0.60033
CVE-2022-20912,0.01156,0.60033
CVE-2022-20913,0.01055,0.50287
CVE-2022-20914,0.01055,0.50287
CVE-2022-20916,0.01055,0.50287
CVE-2022-2092,0.00885,0.26162
CVE-2022-20921,0.01055,0.50287
CVE-2022-2093,0.00885,0.26162
CVE-2022-2095,0.0089,0.2856
CVE-2022-2097,0.01108,0.53389
CVE-2022-2098,0.00885,0.26162
CVE-2022-2099,0.00885,0.26162
CVE-2022-2100,0.00885,0.26162
CVE-2022-2101,0.0095,0.30554
CVE-2022-2102,0.00885,0.26162
CVE-2022-2103,0.00885,0.26162
CVE-2022-2104,0.00885,0.26162
CVE-2022-2105,0.00885,0.26162
CVE-2022-2106,0.00885,0.26162
CVE-2022-2107,0.00885,0.26162
CVE-2022-2108,0.00885,0.26162
CVE-2022-2111,0.00885,0.26162
CVE-2022-2112,0.00885,0.26162
CVE-2022-21122,0.02509,0.81058
CVE-2022-21123,0.01282,0.67298
CVE-2022-21124,0.01559,0.742
CVE-2022-21125,0.01547,0.74085
CVE-2022-21127,0.0095,0.30554
CVE-2022-21128,0.00885,0.26162
CVE-2022-2113,0.00885,0.26162
CVE-2022-21131,0.00885,0.26162
CVE-2022-21132,0.01055,0.50287
CVE-2022-21133,0.00885,0.26162
CVE-2022-21134,0.00885,0.26162
CVE-2022-21136,0.00885,0.26162
CVE-2022-21137,0.01559,0.742
CVE-2022-21139,0.00885,0.26162
CVE-2022-2114,0.00885,0.26162
CVE-2022-21140,0.00885,0.26162
CVE-2022-21141,0.01156,0.60033
CVE-2022-21142,0.01055,0.50287
CVE-2022-21143,0.00885,0.26162
CVE-2022-21144,0.00954,0.34522
CVE-2022-21145,0.00885,0.26162
CVE-2022-21146,0.01055,0.50287
CVE-2022-21147,0.00885,0.26162
CVE-2022-21148,0.00885,0.26162
CVE-2022-21149,0.00885,0.26162
CVE-2022-2115,0.00885,0.26162
CVE-2022-21151,0.0089,0.2856
CVE-2022-21152,0.00885,0.26162
CVE-2022-21153,0.00885,0.26162
CVE-2022-21154,0.00885,0.26162
CVE-2022-21155,0.00885,0.26162
CVE-2022-21156,0.00885,0.26162
CVE-2022-21157,0.00885,0.26162
CVE-2022-21158,0.00885,0.26162
CVE-2022-21159,0.00954,0.34522
CVE-2022-2116,0.00885,0.26162
CVE-2022-21160,0.00885,0.26162
CVE-2022-21164,0.00885,0.26162
CVE-2022-21165,0.02055,0.7893
CVE-2022-21166,0.01282,0.67298
CVE-2022-21167,0.0144,0.7265
CVE-2022-21168,0.00885,0.26162
CVE-2022-2117,0.00885,0.26162
CVE-2022-21170,0.01319,0.70416
CVE-2022-21172,0.00885,0.26162
CVE-2022-21173,0.00885,0.26162
CVE-2022-21174,0.00885,0.26162
CVE-2022-21176,0.00885,0.26162
CVE-2022-21177,0.00885,0.26162
CVE-2022-21178,0.01086,0.51674
CVE-2022-21179,0.01055,0.50287
CVE-2022-2118,0.00885,0.26162
CVE-2022-21180,0.0089,0.2856
CVE-2022-21181,0.00885,0.26162
CVE-2022-21182,0.00885,0.26162
CVE-2022-21184,0.00885,0.26162
CVE-2022-21186,0.02055,0.7893
CVE-2022-21187,0.02509,0.81058
CVE-2022-21189,0.01018,0.38792
CVE-2022-2119,0.01156,0.60033
CVE-2022-21190,0.01018,0.38792
CVE-2022-21193,0.01055,0.50287
CVE-2022-21194,0.00885,0.26162
CVE-2022-21195,0.00885,0.26162
CVE-2022-21196,0.01156,0.60033
CVE-2022-21197,0.00885,0.26162
CVE-2022-21199,0.00885,0.26162
CVE-2022-2120,0.01156,0.60033
CVE-2022-21201,0.00885,0.26162
CVE-2022-21202,0.00885,0.26162
CVE-2022-21203,0.00885,0.26162
CVE-2022-21204,0.00885,0.26162
CVE-2022-21205,0.00885,0.26162
CVE-2022-21208,0.01018,0.38792
CVE-2022-21209,0.01559,0.742
CVE-2022-2121,0.00885,0.26162
CVE-2022-21210,0.00885,0.26162
CVE-2022-21211,0.00885,0.26162
CVE-2022-21212,0.00885,0.26162
CVE-2022-21213,0.01018,0.38792
CVE-2022-21214,0.01036,0.41241
CVE-2022-21215,0.00885,0.26162
CVE-2022-21217,0.00885,0.26162
CVE-2022-21218,0.00885,0.26162
CVE-2022-21219,0.01036,0.41241
CVE-2022-2122,0.00954,0.34522
CVE-2022-21220,0.00885,0.26162
CVE-2022-21221,0.01018,0.38792
CVE-2022-21223,0.02055,0.7893
CVE-2022-21225,0.00885,0.26162
CVE-2022-21226,0.00885,0.26162
CVE-2022-21227,0.00954,0.34522
CVE-2022-21228,0.01036,0.41241
CVE-2022-21229,0.00885,0.26162
CVE-2022-2123,0.00885,0.26162
CVE-2022-21230,0.0095,0.30554
CVE-2022-21231,0.00885,0.26162
CVE-2022-21233,0.00885,0.26162
CVE-2022-21234,0.00885,0.26162
CVE-2022-21235,0.02055,0.7893
CVE-2022-21236,0.00885,0.26162
CVE-2022-21237,0.00885,0.26162
CVE-2022-21238,0.0144,0.7265
CVE-2022-2124,0.01108,0.53389
CVE-2022-21240,0.00885,0.26162
CVE-2022-21242,0.00885,0.26162
CVE-2022-21243,0.00885,0.26162
CVE-2022-21244,0.00885,0.26162
CVE-2022-21245,0.0095,0.30554
CVE-2022-21246,0.00885,0.26162
CVE-2022-21247,0.00885,0.26162
CVE-2022-21248,0.01183,0.60428
CVE-2022-21249,0.0095,0.30554
CVE-2022-2125,0.01018,0.38792
CVE-2022-21250,0.00885,0.26162
CVE-2022-21251,0.00885,0.26162
CVE-2022-21253,0.0095,0.30554
CVE-2022-21254,0.0095,0.30554
CVE-2022-21255,0.00885,0.26162
CVE-2022-21256,0.0095,0.30554
CVE-2022-21257,0.00885,0.26162
CVE-2022-21258,0.00885,0.26162
CVE-2022-21259,0.00885,0.26162
CVE-2022-2126,0.01108,0.53389
CVE-2022-21260,0.00885,0.26162
CVE-2022-21261,0.00885,0.26162
CVE-2022-21262,0.00885,0.26162
CVE-2022-21263,0.00885,0.26162
CVE-2022-21264,0.0095,0.30554
CVE-2022-21265,0.0095,0.30554
CVE-2022-21266,0.00885,0.26162
CVE-2022-21267,0.00885,0.26162
CVE-2022-21268,0.00885,0.26162
CVE-2022-21269,0.00885,0.26162
CVE-2022-21270,0.0095,0.30554
CVE-2022-21271,0.00954,0.34522
CVE-2022-21272,0.00885,0.26162
CVE-2022-21273,0.00885,0.26162
CVE-2022-21274,0.00885,0.26162
CVE-2022-21275,0.00885,0.26162
CVE-2022-21276,0.00885,0.26162
CVE-2022-21277,0.01018,0.38792
CVE-2022-21278,0.00885,0.26162
CVE-2022-21279,0.0089,0.2856
CVE-2022-2128,0.00885,0.26162
CVE-2022-21280,0.0089,0.2856
CVE-2022-21281,0.00885,0.26162
CVE-2022-21282,0.01018,0.38792
CVE-2022-21283,0.01108,0.53389
CVE-2022-21284,0.0089,0.2856
CVE-2022-21285,0.0089,0.2856
CVE-2022-21286,0.0089,0.2856
CVE-2022-21287,0.0089,0.2856
CVE-2022-21288,0.0089,0.2856
CVE-2022-21289,0.0089,0.2856
CVE-2022-2129,0.01018,0.38792
CVE-2022-21290,0.0089,0.2856
CVE-2022-21291,0.01018,0.38792
CVE-2022-21292,0.00885,0.26162
CVE-2022-21293,0.01108,0.53389
CVE-2022-21294,0.01018,0.38792
CVE-2022-21295,0.00885,0.26162
CVE-2022-21296,0.01018,0.38792
CVE-2022-21297,0.00885,0.26162
CVE-2022-21298,0.00885,0.26162
CVE-2022-21299,0.01018,0.38792
CVE-2022-2130,0.00885,0.26162
CVE-2022-21300,0.00885,0.26162
CVE-2022-21301,0.0095,0.30554
CVE-2022-21302,0.0095,0.30554
CVE-2022-21303,0.0095,0.30554
CVE-2022-21304,0.0095,0.30554
CVE-2022-21305,0.01018,0.38792
CVE-2022-21306,0.00885,0.26162
CVE-2022-21307,0.0089,0.2856
CVE-2022-21308,0.0089,0.2856
CVE-2022-21309,0.0089,0.2856
CVE-2022-2131,0.00885,0.26162
CVE-2022-21310,0.0089,0.2856
CVE-2022-21311,0.0089,0.2856
CVE-2022-21312,0.0089,0.2856
CVE-2022-21313,0.0089,0.2856
CVE-2022-21314,0.0089,0.2856
CVE-2022-21315,0.0089,0.2856
CVE-2022-21316,0.0089,0.2856
CVE-2022-21317,0.0089,0.2856
CVE-2022-21318,0.0089,0.2856
CVE-2022-21319,0.0089,0.2856
CVE-2022-2132,0.01061,0.51015
CVE-2022-21320,0.0089,0.2856
CVE-2022-21321,0.0089,0.2856
CVE-2022-21322,0.0089,0.2856
CVE-2022-21323,0.0089,0.2856
CVE-2022-21324,0.0089,0.2856
CVE-2022-21325,0.0089,0.2856
CVE-2022-21326,0.0089,0.2856
CVE-2022-21327,0.0089,0.2856
CVE-2022-21328,0.0089,0.2856
CVE-2022-21329,0.0089,0.2856
CVE-2022-2133,0.00885,0.26162
CVE-2022-21330,0.0089,0.2856
CVE-2022-21331,0.0089,0.2856
CVE-2022-21332,0.0089,0.2856
CVE-2022-21333,0.0089,0.2856
CVE-2022-21334,0.0089,0.2856
CVE-2022-21335,0.0089,0.2856
CVE-2022-21336,0.0089,0.2856
CVE-2022-21337,0.0089,0.2856
CVE-2022-21338,0.00885,0.26162
CVE-2022-21339,0.0095,0.30554
CVE-2022-2134,0.00885,0.26162
CVE-2022-21340,0.01018,0.38792
CVE-2022-21341,0.01018,0.38792
CVE-2022-21342,0.00885,0.26162
CVE-2022-21344,0.00885,0.26162
CVE-2022-21345,0.00885,0.26162
CVE-2022-21346,0.00885,0.26162
CVE-2022-21347,0.00885,0.26162
CVE-2022-21348,0.00885,0.26162
CVE-2022-21349,0.00954,0.34522
CVE-2022-2135,0.00885,0.26162
CVE-2022-21350,0.00885,0.26162
CVE-2022-21351,0.00885,0.26162
CVE-2022-21352,0.00885,0.26162
CVE-2022-21353,0.00885,0.26162
CVE-2022-21354,0.00885,0.26162
CVE-2022-21355,0.0089,0.2856
CVE-2022-21356,0.0089,0.2856
CVE-2022-21357,0.0089,0.2856
CVE-2022-21358,0.00885,0.26162
CVE-2022-21359,0.00885,0.26162
CVE-2022-2136,0.00885,0.26162
CVE-2022-21360,0.01018,0.38792
CVE-2022-21361,0.00885,0.26162
CVE-2022-21362,0.00885,0.26162
CVE-2022-21363,0.00885,0.26162
CVE-2022-21364,0.00885,0.26162
CVE-2022-21365,0.01018,0.38792
CVE-2022-21366,0.01018,0.38792
CVE-2022-21367,0.00885,0.26162
CVE-2022-21368,0.00885,0.26162
CVE-2022-21369,0.00885,0.26162
CVE-2022-2137,0.00885,0.26162
CVE-2022-21370,0.00885,0.26162
CVE-2022-21372,0.00885,0.26162
CVE-2022-21373,0.00885,0.26162
CVE-2022-21374,0.00885,0.26162
CVE-2022-21375,0.00885,0.26162
CVE-2022-21376,0.00885,0.26162
CVE-2022-21377,0.00885,0.26162
CVE-2022-21378,0.00885,0.26162
CVE-2022-21379,0.00885,0.26162
CVE-2022-2138,0.01086,0.51674
CVE-2022-21380,0.0089,0.2856
CVE-2022-21381,0.00885,0.26162
CVE-2022-21382,0.00885,0.26162
CVE-2022-21383,0.00885,0.26162
CVE-2022-21385,0.00885,0.26162
CVE-2022-21386,0.00885,0.26162
CVE-2022-21387,0.00885,0.26162
CVE-2022-21388,0.00885,0.26162
CVE-2022-21389,0.00885,0.26162
CVE-2022-2139,0.01086,0.51674
CVE-2022-21390,0.00885,0.26162
CVE-2022-21391,0.00885,0.26162
CVE-2022-21392,0.00885,0.26162
CVE-2022-21393,0.00885,0.26162
CVE-2022-21394,0.0089,0.2856
CVE-2022-21395,0.00885,0.26162
CVE-2022-21396,0.00885,0.26162
CVE-2022-21397,0.00885,0.26162
CVE-2022-21398,0.00885,0.26162
CVE-2022-21399,0.00885,0.26162
CVE-2022-2140,0.00885,0.26162
CVE-2022-21400,0.00885,0.26162
CVE-2022-21401,0.00885,0.26162
CVE-2022-21402,0.00885,0.26162
CVE-2022-21403,0.00885,0.26162
CVE-2022-21404,0.00885,0.26162
CVE-2022-21405,0.00885,0.26162
CVE-2022-21409,0.00885,0.26162
CVE-2022-2141,0.00885,0.26162
CVE-2022-21410,0.00885,0.26162
CVE-2022-21411,0.00885,0.26162
CVE-2022-21412,0.00885,0.26162
CVE-2022-21413,0.00885,0.26162
CVE-2022-21414,0.00885,0.26162
CVE-2022-21415,0.00885,0.26162
CVE-2022-21416,0.00885,0.26162
CVE-2022-21417,0.00885,0.26162
CVE-2022-21418,0.00885,0.26162
CVE-2022-21419,0.00885,0.26162
CVE-2022-2142,0.00885,0.26162
CVE-2022-21420,0.00885,0.26162
CVE-2022-21421,0.00885,0.26162
CVE-2022-21422,0.00885,0.26162
CVE-2022-21423,0.00885,0.26162
CVE-2022-21424,0.00885,0.26162
CVE-2022-21425,0.00885,0.26162
CVE-2022-21426,0.01018,0.38792
CVE-2022-21427,0.00885,0.26162
CVE-2022-21428,0.00885,0.26162
CVE-2022-21429,0.00885,0.26162
CVE-2022-2143,0.25724,0.96888
CVE-2022-21430,0.00885,0.26162
CVE-2022-21431,0.00885,0.26162
CVE-2022-21432,0.00885,0.26162
CVE-2022-21434,0.01018,0.38792
CVE-2022-21435,0.00885,0.26162
CVE-2022-21436,0.00885,0.26162
CVE-2022-21437,0.00885,0.26162
CVE-2022-21438,0.00885,0.26162
CVE-2022-21439,0.00885,0.26162
CVE-2022-2144,0.00885,0.26162
CVE-2022-21440,0.00885,0.26162
CVE-2022-21441,0.00885,0.26162
CVE-2022-21442,0.00885,0.26162
CVE-2022-21443,0.01018,0.38792
CVE-2022-21444,0.00885,0.26162
CVE-2022-21445,0.00885,0.26162
CVE-2022-21446,0.00885,0.26162
CVE-2022-21447,0.00885,0.26162
CVE-2022-21448,0.00885,0.26162
CVE-2022-2145,0.00885,0.26162
CVE-2022-21450,0.00885,0.26162
CVE-2022-21451,0.00885,0.26162
CVE-2022-21452,0.00885,0.26162
CVE-2022-21453,0.00885,0.26162
CVE-2022-21454,0.00885,0.26162
CVE-2022-21455,0.00885,0.26162
CVE-2022-21456,0.00885,0.26162
CVE-2022-21457,0.00885,0.26162
CVE-2022-21458,0.00885,0.26162
CVE-2022-21459,0.00885,0.26162
CVE-2022-2146,0.00885,0.26162
CVE-2022-21460,0.00885,0.26162
CVE-2022-21461,0.00885,0.26162
CVE-2022-21462,0.00885,0.26162
CVE-2022-21463,0.00885,0.26162
CVE-2022-21464,0.00885,0.26162
CVE-2022-21465,0.00885,0.26162
CVE-2022-21466,0.00885,0.26162
CVE-2022-21467,0.00885,0.26162
CVE-2022-21468,0.00885,0.26162
CVE-2022-21469,0.00885,0.26162
CVE-2022-2147,0.01036,0.41241
CVE-2022-21470,0.00885,0.26162
CVE-2022-21471,0.00885,0.26162
CVE-2022-21472,0.00885,0.26162
CVE-2022-21473,0.00885,0.26162
CVE-2022-21474,0.00885,0.26162
CVE-2022-21475,0.00885,0.26162
CVE-2022-21476,0.01018,0.38792
CVE-2022-21477,0.00885,0.26162
CVE-2022-21478,0.00885,0.26162
CVE-2022-21479,0.00885,0.26162
CVE-2022-2148,0.00885,0.26162
CVE-2022-21480,0.00885,0.26162
CVE-2022-21481,0.00885,0.26162
CVE-2022-21482,0.00885,0.26162
CVE-2022-21483,0.00885,0.26162
CVE-2022-21484,0.00885,0.26162
CVE-2022-21485,0.00885,0.26162
CVE-2022-21486,0.00885,0.26162
CVE-2022-21487,0.00885,0.26162
CVE-2022-21488,0.00885,0.26162
CVE-2022-21489,0.00885,0.26162
CVE-2022-2149,0.00885,0.26162
CVE-2022-21490,0.00885,0.26162
CVE-2022-21491,0.00885,0.26162
CVE-2022-21492,0.00885,0.26162
CVE-2022-21493,0.00885,0.26162
CVE-2022-21494,0.00885,0.26162
CVE-2022-21496,0.01018,0.38792
CVE-2022-21497,0.00885,0.26162
CVE-2022-21498,0.00885,0.26162
CVE-2022-21499,0.0089,0.2856
CVE-2022-21500,0.00885,0.26162
CVE-2022-21503,0.00885,0.26162
CVE-2022-21504,0.00885,0.26162
CVE-2022-21508,0.00885,0.26162
CVE-2022-21509,0.0095,0.30554
CVE-2022-2151,0.00885,0.26162
CVE-2022-21510,0.00885,0.26162
CVE-2022-21511,0.00885,0.26162
CVE-2022-21512,0.00885,0.26162
CVE-2022-21513,0.00885,0.26162
CVE-2022-21514,0.00885,0.26162
CVE-2022-21515,0.0095,0.30554
CVE-2022-21516,0.00885,0.26162
CVE-2022-21517,0.0095,0.30554
CVE-2022-21518,0.00885,0.26162
CVE-2022-21519,0.00885,0.26162
CVE-2022-2152,0.00885,0.26162
CVE-2022-21520,0.00885,0.26162
CVE-2022-21521,0.00885,0.26162
CVE-2022-21522,0.0095,0.30554
CVE-2022-21523,0.00885,0.26162
CVE-2022-21524,0.00885,0.26162
CVE-2022-21525,0.0095,0.30554
CVE-2022-21526,0.0095,0.30554
CVE-2022-21527,0.0095,0.30554
CVE-2022-21528,0.0095,0.30554
CVE-2022-21529,0.0095,0.30554
CVE-2022-2153,0.0095,0.30554
CVE-2022-21530,0.0095,0.30554
CVE-2022-21531,0.0095,0.30554
CVE-2022-21532,0.00885,0.26162
CVE-2022-21533,0.00885,0.26162
CVE-2022-21534,0.0095,0.30554
CVE-2022-21535,0.00885,0.26162
CVE-2022-21536,0.00885,0.26162
CVE-2022-21537,0.0095,0.30554
CVE-2022-21538,0.00885,0.26162
CVE-2022-21539,0.00885,0.26162
CVE-2022-21540,0.01537,0.73595
CVE-2022-21541,0.01537,0.73595
CVE-2022-21542,0.00885,0.26162
CVE-2022-21543,0.00885,0.26162
CVE-2022-21544,0.00885,0.26162
CVE-2022-21545,0.00885,0.26162
CVE-2022-21547,0.00885,0.26162
CVE-2022-21548,0.00885,0.26162
CVE-2022-21549,0.01018,0.38792
CVE-2022-21550,0.00885,0.26162
CVE-2022-21551,0.00885,0.26162
CVE-2022-21552,0.00885,0.26162
CVE-2022-21553,0.00885,0.26162
CVE-2022-21554,0.00885,0.26162
CVE-2022-21555,0.00885,0.26162
CVE-2022-21556,0.00885,0.26162
CVE-2022-21557,0.00885,0.26162
CVE-2022-21558,0.00885,0.26162
CVE-2022-21559,0.00885,0.26162
CVE-2022-2156,0.01213,0.6557
CVE-2022-21560,0.00885,0.26162
CVE-2022-21561,0.00885,0.26162
CVE-2022-21562,0.00885,0.26162
CVE-2022-21563,0.00885,0.26162
CVE-2022-21564,0.00885,0.26162
CVE-2022-21565,0.00885,0.26162
CVE-2022-21566,0.00885,0.26162
CVE-2022-21567,0.00885,0.26162
CVE-2022-21568,0.00885,0.26162
CVE-2022-21569,0.00885,0.26162
CVE-2022-2157,0.01213,0.6557
CVE-2022-21570,0.00885,0.26162
CVE-2022-21571,0.00885,0.26162
CVE-2022-21572,0.00885,0.26162
CVE-2022-21573,0.00885,0.26162
CVE-2022-21574,0.00885,0.26162
CVE-2022-21575,0.00885,0.26162
CVE-2022-21576,0.00885,0.26162
CVE-2022-21577,0.00885,0.26162
CVE-2022-21578,0.00885,0.26162
CVE-2022-21579,0.00885,0.26162
CVE-2022-2158,0.01213,0.6557
CVE-2022-21580,0.00885,0.26162
CVE-2022-21581,0.00885,0.26162
CVE-2022-21582,0.00885,0.26162
CVE-2022-21583,0.00885,0.26162
CVE-2022-21584,0.00885,0.26162
CVE-2022-21585,0.00885,0.26162
CVE-2022-21586,0.00885,0.26162
CVE-2022-2160,0.01018,0.38792
CVE-2022-2161,0.01213,0.6557
CVE-2022-2162,0.01213,0.6557
CVE-2022-2163,0.01108,0.53389
CVE-2022-2164,0.01018,0.38792
CVE-2022-21642,0.00885,0.26162
CVE-2022-21643,0.00885,0.26162
CVE-2022-21644,0.00885,0.26162
CVE-2022-21646,0.0095,0.30554
CVE-2022-21647,0.01055,0.50287
CVE-2022-21648,0.00885,0.26162
CVE-2022-21649,0.0095,0.30554
CVE-2022-2165,0.01213,0.6557
CVE-2022-21650,0.0095,0.30554
CVE-2022-21651,0.00954,0.34522
CVE-2022-21652,0.0089,0.2856
CVE-2022-21653,0.00885,0.26162
CVE-2022-21654,0.00885,0.26162
CVE-2022-21655,0.00885,0.26162
CVE-2022-21656,0.00885,0.26162
CVE-2022-21657,0.00885,0.26162
CVE-2022-21659,0.00885,0.26162
CVE-2022-21662,0.01034,0.39824
CVE-2022-21663,0.01034,0.39824
CVE-2022-21664,0.01034,0.39824
CVE-2022-21666,0.0089,0.2856
CVE-2022-21667,0.00954,0.34522
CVE-2022-21669,0.00885,0.26162
CVE-2022-21670,0.00885,0.26162
CVE-2022-21671,0.00885,0.26162
CVE-2022-21672,0.0095,0.30554
CVE-2022-21673,0.01034,0.39824
CVE-2022-21675,0.04836,0.88802
CVE-2022-21676,0.01183,0.60428
CVE-2022-21677,0.00885,0.26162
CVE-2022-21678,0.0089,0.2856
CVE-2022-21679,0.00885,0.26162
CVE-2022-2168,0.00885,0.26162
CVE-2022-21680,0.00954,0.34522
CVE-2022-21681,0.00885,0.26162
CVE-2022-21682,0.01034,0.39824
CVE-2022-21683,0.0089,0.2856
CVE-2022-21684,0.0089,0.2856
CVE-2022-21685,0.0089,0.2856
CVE-2022-21686,0.00954,0.34522
CVE-2022-21687,0.00885,0.26162
CVE-2022-21688,0.00885,0.26162
CVE-2022-21689,0.00885,0.26162
CVE-2022-2169,0.00885,0.26162
CVE-2022-21690,0.00885,0.26162
CVE-2022-21691,0.00885,0.26162
CVE-2022-21692,0.00885,0.26162
CVE-2022-21693,0.00885,0.26162
CVE-2022-21694,0.00954,0.34522
CVE-2022-21695,0.00885,0.26162
CVE-2022-21696,0.00885,0.26162
CVE-2022-21697,0.02199,0.80273
CVE-2022-21698,0.02686,0.82061
CVE-2022-21699,0.01505,0.72763
CVE-2022-2170,0.0115,0.5906
CVE-2022-21700,0.00885,0.26162
CVE-2022-21701,0.00885,0.26162
CVE-2022-21702,0.01034,0.39824
CVE-2022-21703,0.01108,0.53389
CVE-2022-21704,0.0095,0.30554
CVE-2022-21705,0.0144,0.7265
CVE-2022-21706,0.01018,0.38792
CVE-2022-21707,0.00885,0.26162
CVE-2022-21708,0.00885,0.26162
CVE-2022-2171,0.00885,0.26162
CVE-2022-21710,0.00954,0.34522
CVE-2022-21711,0.00954,0.34522
CVE-2022-21712,0.01108,0.53389
CVE-2022-21713,0.01034,0.39824
CVE-2022-21715,0.00954,0.34522
CVE-2022-21716,0.01183,0.60428
CVE-2022-21718,0.0089,0.2856
CVE-2022-21719,0.00954,0.34522
CVE-2022-2172,0.00885,0.26162
CVE-2022-21720,0.0089,0.2856
CVE-2022-21721,0.00954,0.34522
CVE-2022-21722,0.00954,0.34522
CVE-2022-21723,0.01018,0.38792
CVE-2022-21724,0.02762,0.82156
CVE-2022-21725,0.0089,0.2856
CVE-2022-21726,0.0089,0.2856
CVE-2022-21727,0.0089,0.2856
CVE-2022-21728,0.0095,0.30554
CVE-2022-21729,0.0089,0.2856
CVE-2022-2173,0.00885,0.26162
CVE-2022-21730,0.0089,0.2856
CVE-2022-21731,0.0095,0.30554
CVE-2022-21732,0.0089,0.2856
CVE-2022-21733,0.0089,0.2856
CVE-2022-21734,0.0089,0.2856
CVE-2022-21735,0.0089,0.2856
CVE-2022-21736,0.0089,0.2856
CVE-2022-21737,0.0089,0.2856
CVE-2022-21738,0.0089,0.2856
CVE-2022-21739,0.0089,0.2856
CVE-2022-2174,0.00885,0.26162
CVE-2022-21740,0.0095,0.30554
CVE-2022-21741,0.0089,0.2856
CVE-2022-21742,0.00885,0.26162
CVE-2022-21743,0.01036,0.41241
CVE-2022-21744,0.01156,0.60033
CVE-2022-21745,0.01103,0.51945
CVE-2022-21746,0.01036,0.41241
CVE-2022-21747,0.01036,0.41241
CVE-2022-21748,0.01036,0.41241
CVE-2022-21749,0.01036,0.41241
CVE-2022-2175,0.01018,0.38792
CVE-2022-21750,0.01036,0.41241
CVE-2022-21751,0.01036,0.41241
CVE-2022-21752,0.01036,0.41241
CVE-2022-21753,0.01036,0.41241
CVE-2022-21754,0.01036,0.41241
CVE-2022-21755,0.01036,0.41241
CVE-2022-21756,0.01036,0.41241
CVE-2022-21757,0.01156,0.60033
CVE-2022-21758,0.01036,0.41241
CVE-2022-21759,0.01036,0.41241
CVE-2022-21760,0.01036,0.41241
CVE-2022-21761,0.01036,0.41241
CVE-2022-21762,0.01036,0.41241
CVE-2022-21763,0.01036,0.41241
CVE-2022-21764,0.01036,0.41241
CVE-2022-21765,0.01036,0.41241
CVE-2022-21766,0.01036,0.41241
CVE-2022-21767,0.01036,0.41241
CVE-2022-21768,0.01036,0.41241
CVE-2022-21769,0.01036,0.41241
CVE-2022-21770,0.01036,0.41241
CVE-2022-21771,0.01036,0.41241
CVE-2022-21772,0.01036,0.41241
CVE-2022-21773,0.01036,0.41241
CVE-2022-21774,0.01036,0.41241
CVE-2022-21775,0.01036,0.41241
CVE-2022-21776,0.01036,0.41241
CVE-2022-21777,0.01036,0.41241
CVE-2022-21779,0.01036,0.41241
CVE-2022-21780,0.01036,0.41241
CVE-2022-21781,0.01036,0.41241
CVE-2022-21782,0.01036,0.41241
CVE-2022-21783,0.01036,0.41241
CVE-2022-21784,0.01036,0.41241
CVE-2022-21785,0.01036,0.41241
CVE-2022-21786,0.01036,0.41241
CVE-2022-21787,0.01036,0.41241
CVE-2022-21788,0.01036,0.41241
CVE-2022-2179,0.00885,0.26162
CVE-2022-21790,0.01036,0.41241
CVE-2022-21791,0.01036,0.41241
CVE-2022-21792,0.01036,0.41241
CVE-2022-21793,0.00885,0.26162
CVE-2022-21796,0.00885,0.26162
CVE-2022-21798,0.00885,0.26162
CVE-2022-21799,0.00885,0.26162
CVE-2022-2180,0.01156,0.60033
CVE-2022-21800,0.00885,0.26162
CVE-2022-21801,0.00885,0.26162
CVE-2022-21802,0.01018,0.38792
CVE-2022-21803,0.01018,0.38792
CVE-2022-21805,0.01055,0.50287
CVE-2022-21806,0.01156,0.60033
CVE-2022-21807,0.00885,0.26162
CVE-2022-21808,0.00885,0.26162
CVE-2022-21809,0.00885,0.26162
CVE-2022-2181,0.00885,0.26162
CVE-2022-21812,0.00885,0.26162
CVE-2022-21813,0.00885,0.26162
CVE-2022-21814,0.00885,0.26162
CVE-2022-21815,0.00885,0.26162
CVE-2022-21816,0.00885,0.26162
CVE-2022-21817,0.01156,0.60033
CVE-2022-21818,0.00885,0.26162
CVE-2022-21819,0.01036,0.41241
CVE-2022-2182,0.01018,0.38792
CVE-2022-21820,0.0144,0.7265
CVE-2022-21821,0.01103,0.51945
CVE-2022-21822,0.00885,0.26162
CVE-2022-21823,0.00885,0.26162
CVE-2022-21824,0.01108,0.53389
CVE-2022-21825,0.00885,0.26162
CVE-2022-21827,0.00885,0.26162
CVE-2022-21828,0.01086,0.51674
CVE-2022-21829,0.02509,0.81058
CVE-2022-2183,0.01018,0.38792
CVE-2022-21830,0.00885,0.26162
CVE-2022-21831,0.01086,0.51674
CVE-2022-21833,0.0115,0.5906
CVE-2022-21834,0.0115,0.5906
CVE-2022-21835,0.0115,0.5906
CVE-2022-21836,0.0115,0.5906
CVE-2022-21837,0.01967,0.77799
CVE-2022-21838,0.01178,0.60108
CVE-2022-21839,0.0115,0.5906
CVE-2022-2184,0.00885,0.26162
CVE-2022-21840,0.01601,0.74633
CVE-2022-21841,0.01528,0.72895
CVE-2022-21842,0.01528,0.72895
CVE-2022-21843,0.02251,0.80538
CVE-2022-21844,0.04475,0.87758
CVE-2022-21845,0.0115,0.5906
CVE-2022-21846,0.01877,0.76393
CVE-2022-21847,0.0115,0.5906
CVE-2022-21848,0.02251,0.80538
CVE-2022-21849,0.01601,0.74633
CVE-2022-21850,0.01601,0.74633
CVE-2022-21851,0.01601,0.74633
CVE-2022-21852,0.0115,0.5906
CVE-2022-21855,0.01877,0.76393
CVE-2022-21857,0.0115,0.5906
CVE-2022-21858,0.0115,0.5906
CVE-2022-21859,0.0115,0.5906
CVE-2022-2186,0.00885,0.26162
CVE-2022-21860,0.0115,0.5906
CVE-2022-21861,0.0115,0.5906
CVE-2022-21862,0.0115,0.5906
CVE-2022-21863,0.0115,0.5906
CVE-2022-21864,0.0115,0.5906
CVE-2022-21865,0.0115,0.5906
CVE-2022-21866,0.0115,0.5906
CVE-2022-21867,0.0115,0.5906
CVE-2022-21868,0.0115,0.5906
CVE-2022-21869,0.0115,0.5906
CVE-2022-2187,0.00885,0.26162
CVE-2022-21870,0.0115,0.5906
CVE-2022-21871,0.0115,0.5906
CVE-2022-21872,0.0115,0.5906
CVE-2022-21873,0.0115,0.5906
CVE-2022-21874,0.01601,0.74633
CVE-2022-21875,0.0115,0.5906
CVE-2022-21876,0.01178,0.60108
CVE-2022-21878,0.01528,0.72895
CVE-2022-21879,0.0115,0.5906
CVE-2022-21880,0.02251,0.80538
CVE-2022-21883,0.02251,0.80538
CVE-2022-21884,0.0115,0.5906
CVE-2022-21885,0.0115,0.5906
CVE-2022-21887,0.0115,0.5906
CVE-2022-21888,0.01528,0.72895
CVE-2022-21889,0.02251,0.80538
CVE-2022-2189,0.00885,0.26162
CVE-2022-21890,0.02251,0.80538
CVE-2022-21891,0.02251,0.80538
CVE-2022-21892,0.01528,0.72895
CVE-2022-21893,0.01967,0.77799
CVE-2022-21895,0.01178,0.60108
CVE-2022-21896,0.0115,0.5906
CVE-2022-21897,0.0115,0.5906
CVE-2022-21898,0.01601,0.74633
CVE-2022-21899,0.01178,0.60108
CVE-2022-21900,0.0115,0.5906
CVE-2022-21901,0.0115,0.5906
CVE-2022-21902,0.0115,0.5906
CVE-2022-21903,0.0115,0.5906
CVE-2022-21904,0.02251,0.80538
CVE-2022-21905,0.0115,0.5906
CVE-2022-21906,0.02251,0.80538
CVE-2022-21908,0.0115,0.5906
CVE-2022-2191,0.00885,0.26162
CVE-2022-21910,0.0115,0.5906
CVE-2022-21911,0.02251,0.80538
CVE-2022-21912,0.01877,0.76393
CVE-2022-21913,0.02251,0.80538
CVE-2022-21914,0.0115,0.5906
CVE-2022-21915,0.0115,0.5906
CVE-2022-21916,0.0115,0.5906
CVE-2022-21917,0.04475,0.87758
CVE-2022-21918,0.0115,0.5906
CVE-2022-21919,0.0115,0.5906
CVE-2022-2192,0.01055,0.50287
CVE-2022-21920,0.0115,0.5906
CVE-2022-21921,0.0115,0.5906
CVE-2022-21922,0.01967,0.77799
CVE-2022-21924,0.02251,0.80538
CVE-2022-21925,0.02251,0.80538
CVE-2022-21926,0.04475,0.87758
CVE-2022-21927,0.04475,0.87758
CVE-2022-21928,0.01528,0.72895
CVE-2022-21929,0.01528,0.72895
CVE-2022-2193,0.01055,0.50287
CVE-2022-21930,0.01601,0.74633
CVE-2022-21931,0.01601,0.74633
CVE-2022-21932,0.0115,0.5906
CVE-2022-21933,0.01036,0.41241
CVE-2022-21934,0.00885,0.26162
CVE-2022-21935,0.00885,0.26162
CVE-2022-21937,0.00885,0.26162
CVE-2022-21938,0.00885,0.26162
CVE-2022-2194,0.00885,0.26162
CVE-2022-21941,0.01005,0.35949
CVE-2022-21944,0.00885,0.26162
CVE-2022-21945,0.00885,0.26162
CVE-2022-21946,0.00885,0.26162
CVE-2022-21947,0.00885,0.26162
CVE-2022-21949,0.01055,0.50287
CVE-2022-21951,0.00885,0.26162
CVE-2022-21952,0.01055,0.50287
CVE-2022-21954,0.02251,0.80538
CVE-2022-21957,0.01967,0.77799
CVE-2022-21958,0.01528,0.72895
CVE-2022-21959,0.01528,0.72895
CVE-2022-21960,0.01528,0.72895
CVE-2022-21961,0.01528,0.72895
CVE-2022-21962,0.01528,0.72895
CVE-2022-21963,0.01528,0.72895
CVE-2022-21964,0.0115,0.5906
CVE-2022-21965,0.02251,0.80538
CVE-2022-21967,0.0115,0.5906
CVE-2022-21968,0.0115,0.5906
CVE-2022-21969,0.01877,0.76393
CVE-2022-2197,0.00885,0.26162
CVE-2022-21970,0.0115,0.5906
CVE-2022-21972,0.01601,0.74633
CVE-2022-21973,0.0115,0.5906
CVE-2022-21975,0.0115,0.5906
CVE-2022-21977,0.02251,0.80538
CVE-2022-21978,0.0115,0.5906
CVE-2022-21979,0.02251,0.80538
CVE-2022-2198,0.00885,0.26162
CVE-2022-21980,0.02251,0.80538
CVE-2022-21981,0.0115,0.5906
CVE-2022-21983,0.01601,0.74633
CVE-2022-21984,0.01967,0.77799
CVE-2022-21985,0.0115,0.5906
CVE-2022-21986,0.03678,0.84271
CVE-2022-21987,0.0115,0.5906
CVE-2022-21988,0.04475,0.87758
CVE-2022-21989,0.0115,0.5906
CVE-2022-2199,0.00885,0.26162
CVE-2022-21990,0.01601,0.74633
CVE-2022-21991,0.01601,0.74633
CVE-2022-21992,0.01528,0.72895
CVE-2022-21993,0.02251,0.80538
CVE-2022-21994,0.0115,0.5906
CVE-2022-21995,0.01528,0.72895
CVE-2022-21996,0.0115,0.5906
CVE-2022-21997,0.0115,0.5906
CVE-2022-21998,0.0115,0.5906
CVE-2022-22000,0.0115,0.5906
CVE-2022-22001,0.0115,0.5906
CVE-2022-22002,0.01178,0.60108
CVE-2022-22003,0.01528,0.72895
CVE-2022-22004,0.01528,0.72895
CVE-2022-22005,0.0455,0.88298
CVE-2022-22006,0.04475,0.87758
CVE-2022-22007,0.04475,0.87758
CVE-2022-22008,0.01877,0.76393
CVE-2022-22009,0.01877,0.76393
CVE-2022-22010,0.02251,0.80538
CVE-2022-22011,0.0115,0.5906
CVE-2022-22012,0.01601,0.74633
CVE-2022-22013,0.01967,0.77799
CVE-2022-22014,0.01967,0.77799
CVE-2022-22015,0.0115,0.5906
CVE-2022-22016,0.0115,0.5906
CVE-2022-22017,0.01601,0.74633
CVE-2022-22018,0.01528,0.72895
CVE-2022-22019,0.01601,0.74633
CVE-2022-22021,0.04683,0.8861
CVE-2022-22022,0.0115,0.5906
CVE-2022-22023,0.0115,0.5906
CVE-2022-22024,0.01528,0.72895
CVE-2022-22025,0.02251,0.80538
CVE-2022-22026,0.01178,0.60108
CVE-2022-22027,0.01528,0.72895
CVE-2022-22028,0.02251,0.80538
CVE-2022-22031,0.01178,0.60108
CVE-2022-22034,0.0115,0.5906
CVE-2022-22036,0.0115,0.5906
CVE-2022-22037,0.0115,0.5906
CVE-2022-22038,0.01601,0.74633
CVE-2022-22040,0.02251,0.80538
CVE-2022-22041,0.0115,0.5906
CVE-2022-22042,0.0115,0.5906
CVE-2022-22043,0.0115,0.5906
CVE-2022-22045,0.0115,0.5906
CVE-2022-22047,0.0115,0.5906
CVE-2022-22048,0.02251,0.80538
CVE-2022-22049,0.01178,0.60108
CVE-2022-22050,0.0115,0.5906
CVE-2022-22054,0.00885,0.26162
CVE-2022-22055,0.01055,0.50287
CVE-2022-22056,0.01055,0.50287
CVE-2022-22057,0.00885,0.26162
CVE-2022-22059,0.00885,0.26162
CVE-2022-2206,0.01018,0.38792
CVE-2022-22061,0.00885,0.26162
CVE-2022-22062,0.00885,0.26162
CVE-2022-22064,0.00885,0.26162
CVE-2022-22065,0.00885,0.26162
CVE-2022-22067,0.00885,0.26162
CVE-2022-22068,0.01036,0.41241
CVE-2022-22069,0.00885,0.26162
CVE-2022-2207,0.01018,0.38792
CVE-2022-22070,0.00885,0.26162
CVE-2022-22071,0.00885,0.26162
CVE-2022-22072,0.00885,0.26162
CVE-2022-2208,0.01018,0.38792
CVE-2022-22080,0.00885,0.26162
CVE-2022-22082,0.00885,0.26162
CVE-2022-22083,0.00885,0.26162
CVE-2022-22084,0.00885,0.26162
CVE-2022-22085,0.00885,0.26162
CVE-2022-22086,0.00885,0.26162
CVE-2022-22087,0.00885,0.26162
CVE-2022-22090,0.00885,0.26162
CVE-2022-22096,0.00885,0.26162
CVE-2022-22097,0.00885,0.26162
CVE-2022-22098,0.00885,0.26162
CVE-2022-22099,0.00885,0.26162
CVE-2022-2210,0.01018,0.38792
CVE-2022-22100,0.00885,0.26162
CVE-2022-22101,0.00885,0.26162
CVE-2022-22102,0.00885,0.26162
CVE-2022-22103,0.00885,0.26162
CVE-2022-22104,0.00885,0.26162
CVE-2022-22106,0.00885,0.26162
CVE-2022-22107,0.00885,0.26162
CVE-2022-22108,0.00885,0.26162
CVE-2022-22109,0.00885,0.26162
CVE-2022-2211,0.00885,0.26162
CVE-2022-22110,0.00885,0.26162
CVE-2022-22111,0.00885,0.26162
CVE-2022-22112,0.00885,0.26162
CVE-2022-22113,0.00885,0.26162
CVE-2022-22114,0.00885,0.26162
CVE-2022-22115,0.00885,0.26162
CVE-2022-22116,0.00885,0.26162
CVE-2022-22117,0.00885,0.26162
CVE-2022-2212,0.00885,0.26162
CVE-2022-22120,0.00885,0.26162
CVE-2022-22121,0.00885,0.26162
CVE-2022-22123,0.0089,0.2856
CVE-2022-22124,0.0089,0.2856
CVE-2022-22125,0.0089,0.2856
CVE-2022-22126,0.00885,0.26162
CVE-2022-22127,0.00885,0.26162
CVE-2022-2213,0.00885,0.26162
CVE-2022-22137,0.00885,0.26162
CVE-2022-22138,0.00885,0.26162
CVE-2022-22139,0.00885,0.26162
CVE-2022-2214,0.0089,0.2856
CVE-2022-22140,0.01086,0.51674
CVE-2022-22141,0.00885,0.26162
CVE-2022-22142,0.01055,0.50287
CVE-2022-22143,0.00954,0.34522
CVE-2022-22144,0.00885,0.26162
CVE-2022-22145,0.00885,0.26162
CVE-2022-22146,0.01055,0.50287
CVE-2022-22148,0.00885,0.26162
CVE-2022-22149,0.00885,0.26162
CVE-2022-2215,0.00885,0.26162
CVE-2022-22150,0.01086,0.51674
CVE-2022-22151,0.00885,0.26162
CVE-2022-22152,0.00885,0.26162
CVE-2022-22153,0.00885,0.26162
CVE-2022-22154,0.00885,0.26162
CVE-2022-22155,0.00885,0.26162
CVE-2022-22156,0.00885,0.26162
CVE-2022-22157,0.00885,0.26162
CVE-2022-22159,0.00885,0.26162
CVE-2022-2216,0.00885,0.26162
CVE-2022-22160,0.00885,0.26162
CVE-2022-22161,0.00885,0.26162
CVE-2022-22162,0.00885,0.26162
CVE-2022-22163,0.00885,0.26162
CVE-2022-22164,0.00885,0.26162
CVE-2022-22166,0.00885,0.26162
CVE-2022-22167,0.00885,0.26162
CVE-2022-22168,0.00885,0.26162
CVE-2022-22169,0.00885,0.26162
CVE-2022-2217,0.00885,0.26162
CVE-2022-22170,0.00885,0.26162
CVE-2022-22171,0.00885,0.26162
CVE-2022-22172,0.00885,0.26162
CVE-2022-22173,0.00885,0.26162
CVE-2022-22174,0.00885,0.26162
CVE-2022-22175,0.00885,0.26162
CVE-2022-22176,0.00885,0.26162
CVE-2022-22177,0.00885,0.26162
CVE-2022-22178,0.00885,0.26162
CVE-2022-22179,0.00885,0.26162
CVE-2022-2218,0.00885,0.26162
CVE-2022-22180,0.00885,0.26162
CVE-2022-22181,0.00885,0.26162
CVE-2022-22182,0.00885,0.26162
CVE-2022-22183,0.00885,0.26162
CVE-2022-22185,0.00885,0.26162
CVE-2022-22186,0.00885,0.26162
CVE-2022-22187,0.01005,0.36332
CVE-2022-22188,0.00885,0.26162
CVE-2022-22189,0.00885,0.26162
CVE-2022-2219,0.00885,0.26162
CVE-2022-22190,0.00885,0.26162
CVE-2022-22191,0.00885,0.26162
CVE-2022-22193,0.01036,0.41241
CVE-2022-22194,0.00885,0.26162
CVE-2022-22195,0.00885,0.26162
CVE-2022-22196,0.00885,0.26162
CVE-2022-22197,0.00885,0.26162
CVE-2022-22198,0.00885,0.26162
CVE-2022-2220,0.00885,0.26162
CVE-2022-22202,0.00885,0.26162
CVE-2022-22203,0.00885,0.26162
CVE-2022-22205,0.00885,0.26162
CVE-2022-22206,0.00885,0.26162
CVE-2022-22207,0.00885,0.26162
CVE-2022-22209,0.00885,0.26162
CVE-2022-2221,0.00885,0.26162
CVE-2022-22210,0.00885,0.26162
CVE-2022-22212,0.00885,0.26162
CVE-2022-22213,0.00885,0.26162
CVE-2022-22214,0.00885,0.26162
CVE-2022-22215,0.00885,0.26162
CVE-2022-22216,0.00885,0.26162
CVE-2022-22217,0.00885,0.26162
CVE-2022-2222,0.00885,0.26162
CVE-2022-22221,0.00885,0.26162
CVE-2022-2223,0.00885,0.26162
CVE-2022-2224,0.00885,0.26162
CVE-2022-2225,0.00885,0.26162
CVE-2022-22252,0.00885,0.26162
CVE-2022-22253,0.00885,0.26162
CVE-2022-22254,0.00885,0.26162
CVE-2022-22255,0.00885,0.26162
CVE-2022-22256,0.00885,0.26162
CVE-2022-22257,0.00885,0.26162
CVE-2022-22258,0.00954,0.34522
CVE-2022-22259,0.00885,0.26162
CVE-2022-22260,0.00885,0.26162
CVE-2022-22261,0.00885,0.26162
CVE-2022-22262,0.00885,0.26162
CVE-2022-22263,0.00885,0.26162
CVE-2022-22264,0.00885,0.26162
CVE-2022-22265,0.01036,0.41241
CVE-2022-22266,0.00885,0.26162
CVE-2022-22267,0.00885,0.26162
CVE-2022-22268,0.00885,0.26162
CVE-2022-22269,0.00885,0.26162
CVE-2022-2227,0.0089,0.2856
CVE-2022-22270,0.00885,0.26162
CVE-2022-22271,0.00885,0.26162
CVE-2022-22272,0.00885,0.26162
CVE-2022-22273,0.00885,0.26162
CVE-2022-22274,0.01156,0.60033
CVE-2022-22275,0.00885,0.26162
CVE-2022-22276,0.00885,0.26162
CVE-2022-22277,0.00885,0.26162
CVE-2022-22278,0.00885,0.26162
CVE-2022-22279,0.00885,0.26162
CVE-2022-2228,0.00885,0.26162
CVE-2022-22280,0.00885,0.26162
CVE-2022-22281,0.01036,0.41241
CVE-2022-22282,0.00885,0.26162
CVE-2022-22283,0.00885,0.26162
CVE-2022-22284,0.00885,0.26162
CVE-2022-22285,0.00885,0.26162
CVE-2022-22286,0.00885,0.26162
CVE-2022-22287,0.00885,0.26162
CVE-2022-22288,0.00885,0.26162
CVE-2022-22289,0.00885,0.26162
CVE-2022-2229,0.00954,0.34522
CVE-2022-22290,0.00885,0.26162
CVE-2022-22291,0.00885,0.26162
CVE-2022-22292,0.00885,0.26162
CVE-2022-22293,0.00885,0.26162
CVE-2022-22294,0.00885,0.26162
CVE-2022-22295,0.00885,0.26162
CVE-2022-22299,0.00885,0.26162
CVE-2022-2230,0.0089,0.2856
CVE-2022-22300,0.00885,0.26162
CVE-2022-22301,0.00885,0.26162
CVE-2022-22303,0.00885,0.26162
CVE-2022-22304,0.00885,0.26162
CVE-2022-22306,0.00885,0.26162
CVE-2022-22308,0.00885,0.26162
CVE-2022-22309,0.00885,0.26162
CVE-2022-2231,0.01018,0.38792
CVE-2022-22310,0.01055,0.50287
CVE-2022-22311,0.00885,0.26162
CVE-2022-22312,0.00885,0.26162
CVE-2022-22315,0.00885,0.26162
CVE-2022-22316,0.00885,0.26162
CVE-2022-22317,0.00885,0.26162
CVE-2022-22318,0.00885,0.26162
CVE-2022-22319,0.0089,0.2856
CVE-2022-22320,0.00885,0.26162
CVE-2022-22321,0.00885,0.26162
CVE-2022-22322,0.00885,0.26162
CVE-2022-22323,0.00885,0.26162
CVE-2022-22325,0.00885,0.26162
CVE-2022-22326,0.0089,0.2856
CVE-2022-22327,0.00885,0.26162
CVE-2022-22328,0.00885,0.26162
CVE-2022-22331,0.01055,0.50287
CVE-2022-22332,0.00885,0.26162
CVE-2022-22333,0.00885,0.26162
CVE-2022-22334,0.00885,0.26162
CVE-2022-22336,0.01055,0.50287
CVE-2022-22339,0.00885,0.26162
CVE-2022-2234,0.00885,0.26162
CVE-2022-22344,0.00885,0.26162
CVE-2022-22345,0.00885,0.26162
CVE-2022-22346,0.00885,0.26162
CVE-2022-22348,0.00885,0.26162
CVE-2022-22349,0.00885,0.26162
CVE-2022-2235,0.0089,0.2856
CVE-2022-22350,0.00885,0.26162
CVE-2022-22351,0.00885,0.26162
CVE-2022-22353,0.00885,0.26162
CVE-2022-22354,0.00954,0.34522
CVE-2022-22355,0.00885,0.26162
CVE-2022-22356,0.00885,0.26162
CVE-2022-22358,0.01055,0.50287
CVE-2022-22359,0.00885,0.26162
CVE-2022-22360,0.01055,0.50287
CVE-2022-22361,0.00885,0.26162
CVE-2022-22365,0.00885,0.26162
CVE-2022-22366,0.00885,0.26162
CVE-2022-22367,0.00885,0.26162
CVE-2022-22368,0.00885,0.26162
CVE-2022-22369,0.00885,0.26162
CVE-2022-22370,0.00885,0.26162
CVE-2022-22373,0.00885,0.26162
CVE-2022-22374,0.00885,0.26162
CVE-2022-2238,0.00885,0.26162
CVE-2022-22389,0.0089,0.2856
CVE-2022-2239,0.00885,0.26162
CVE-2022-22390,0.00954,0.34522
CVE-2022-22391,0.00885,0.26162
CVE-2022-22392,0.01005,0.36332
CVE-2022-22393,0.00885,0.26162
CVE-2022-22394,0.01055,0.50287
CVE-2022-22396,0.00885,0.26162
CVE-2022-2240,0.00885,0.26162
CVE-2022-22404,0.00885,0.26162
CVE-2022-2241,0.00885,0.26162
CVE-2022-22410,0.00885,0.26162
CVE-2022-22411,0.00885,0.26162
CVE-2022-22412,0.00885,0.26162
CVE-2022-22413,0.01055,0.50287
CVE-2022-22414,0.00885,0.26162
CVE-2022-22415,0.00885,0.26162
CVE-2022-22416,0.00885,0.26162
CVE-2022-22417,0.00885,0.26162
CVE-2022-2242,0.00885,0.26162
CVE-2022-22424,0.00885,0.26162
CVE-2022-22426,0.00885,0.26162
CVE-2022-22427,0.00885,0.26162
CVE-2022-2243,0.0089,0.2856
CVE-2022-22433,0.01055,0.50287
CVE-2022-22434,0.00885,0.26162
CVE-2022-22435,0.00885,0.26162
CVE-2022-22436,0.00885,0.26162
CVE-2022-2244,0.0089,0.2856
CVE-2022-22441,0.00885,0.26162
CVE-2022-22443,0.00885,0.26162
CVE-2022-22444,0.00885,0.26162
CVE-2022-22445,0.00885,0.26162
CVE-2022-2245,0.00885,0.26162
CVE-2022-22450,0.00885,0.26162
CVE-2022-22452,0.01055,0.50287
CVE-2022-22453,0.00885,0.26162
CVE-2022-22454,0.00885,0.26162
CVE-2022-22455,0.00885,0.26162
CVE-2022-22460,0.00885,0.26162
CVE-2022-22463,0.01055,0.50287
CVE-2022-22464,0.00885,0.26162
CVE-2022-22465,0.00885,0.26162
CVE-2022-22472,0.01055,0.50287
CVE-2022-22473,0.01055,0.50287
CVE-2022-22474,0.00885,0.26162
CVE-2022-22475,0.00885,0.26162
CVE-2022-22476,0.00885,0.26162
CVE-2022-22477,0.00885,0.26162
CVE-2022-22478,0.00885,0.26162
CVE-2022-22479,0.00885,0.26162
CVE-2022-22481,0.01055,0.50287
CVE-2022-22482,0.00885,0.26162
CVE-2022-22484,0.00885,0.26162
CVE-2022-22485,0.00885,0.26162
CVE-2022-22487,0.01055,0.50287
CVE-2022-22489,0.01055,0.50287
CVE-2022-22490,0.00885,0.26162
CVE-2022-22494,0.01055,0.50287
CVE-2022-22495,0.01055,0.50287
CVE-2022-22496,0.00885,0.26162
CVE-2022-22497,0.00885,0.26162
CVE-2022-2250,0.00954,0.34522
CVE-2022-22502,0.00885,0.26162
CVE-2022-22505,0.00885,0.26162
CVE-2022-22509,0.00885,0.26162
CVE-2022-22510,0.00885,0.26162
CVE-2022-22511,0.00885,0.26162
CVE-2022-22513,0.01055,0.50287
CVE-2022-22514,0.01055,0.50287
CVE-2022-22515,0.01055,0.50287
CVE-2022-22516,0.00885,0.26162
CVE-2022-22517,0.01055,0.50287
CVE-2022-22518,0.00885,0.26162
CVE-2022-22519,0.01055,0.50287
CVE-2022-2252,0.00885,0.26162
CVE-2022-22521,0.0095,0.30554
CVE-2022-22528,0.00885,0.26162
CVE-2022-22529,0.00885,0.26162
CVE-2022-2253,0.00885,0.26162
CVE-2022-22530,0.00885,0.26162
CVE-2022-22531,0.00885,0.26162
CVE-2022-22532,0.00885,0.26162
CVE-2022-22533,0.00885,0.26162
CVE-2022-22534,0.00885,0.26162
CVE-2022-22535,0.00885,0.26162
CVE-2022-22537,0.00885,0.26162
CVE-2022-22538,0.00885,0.26162
CVE-2022-22539,0.00885,0.26162
CVE-2022-2254,0.00885,0.26162
CVE-2022-22540,0.00885,0.26162
CVE-2022-22541,0.00885,0.26162
CVE-2022-22542,0.00885,0.26162
CVE-2022-22543,0.01055,0.50287
CVE-2022-22544,0.0144,0.7265
CVE-2022-22545,0.00885,0.26162
CVE-2022-22546,0.00885,0.26162
CVE-2022-22547,0.01018,0.38792
CVE-2022-22549,0.01055,0.50287
CVE-2022-2255,0.00954,0.34522
CVE-2022-22550,0.00885,0.26162
CVE-2022-22551,0.00885,0.26162
CVE-2022-22552,0.01055,0.50287
CVE-2022-22553,0.00885,0.26162
CVE-2022-22554,0.00885,0.26162
CVE-2022-22555,0.01036,0.41241
CVE-2022-22556,0.01055,0.50287
CVE-2022-22557,0.00885,0.26162
CVE-2022-22558,0.00885,0.26162
CVE-2022-22559,0.00885,0.26162
CVE-2022-2256,0.00885,0.26162
CVE-2022-22560,0.00885,0.26162
CVE-2022-22561,0.01055,0.50287
CVE-2022-22562,0.00885,0.26162
CVE-2022-22563,0.00885,0.26162
CVE-2022-22565,0.00885,0.26162
CVE-2022-22566,0.01036,0.41241
CVE-2022-22567,0.00885,0.26162
CVE-2022-2257,0.01018,0.38792
CVE-2022-22570,0.00885,0.26162
CVE-2022-22571,0.00885,0.26162
CVE-2022-22572,0.00885,0.26162
CVE-2022-22576,0.0095,0.30554
CVE-2022-22577,0.00885,0.26162
CVE-2022-22578,0.01018,0.38792
CVE-2022-22579,0.01237,0.66358
CVE-2022-22583,0.0089,0.2856
CVE-2022-22584,0.02107,0.79097
CVE-2022-22585,0.01018,0.38792
CVE-2022-22586,0.01086,0.51674
CVE-2022-22587,0.01843,0.76237
CVE-2022-22589,0.01537,0.73595
CVE-2022-22590,0.02031,0.78519
CVE-2022-22591,0.01036,0.41241
CVE-2022-22592,0.01108,0.53389
CVE-2022-22593,0.01363,0.70595
CVE-2022-22594,0.01018,0.38792
CVE-2022-22596,0.01005,0.36332
CVE-2022-22597,0.02107,0.79097
CVE-2022-22598,0.00885,0.26162
CVE-2022-22599,0.01018,0.38792
CVE-2022-2260,0.00885,0.26162
CVE-2022-22600,0.01018,0.38792
CVE-2022-22601,0.01036,0.41241
CVE-2022-22602,0.01036,0.41241
CVE-2022-22603,0.01036,0.41241
CVE-2022-22604,0.01036,0.41241
CVE-2022-22605,0.01036,0.41241
CVE-2022-22606,0.01036,0.41241
CVE-2022-22607,0.01036,0.41241
CVE-2022-22608,0.01036,0.41241
CVE-2022-22609,0.01018,0.38792
CVE-2022-2261,0.00885,0.26162
CVE-2022-22611,0.01237,0.66358
CVE-2022-22612,0.01018,0.38792
CVE-2022-22613,0.01363,0.70595
CVE-2022-22614,0.01363,0.70595
CVE-2022-22615,0.01363,0.70595
CVE-2022-22616,0.00954,0.34522
CVE-2022-22617,0.0095,0.30554
CVE-2022-22618,0.00885,0.26162
CVE-2022-2262,0.00885,0.26162
CVE-2022-22621,0.01018,0.38792
CVE-2022-22622,0.00885,0.26162
CVE-2022-22625,0.00954,0.34522
CVE-2022-22626,0.00954,0.34522
CVE-2022-22627,0.00954,0.34522
CVE-2022-2263,0.00885,0.26162
CVE-2022-22631,0.0089,0.2856
CVE-2022-22632,0.01018,0.38792
CVE-2022-22633,0.01237,0.66358
CVE-2022-22634,0.01005,0.36332
CVE-2022-22635,0.00885,0.26162
CVE-2022-22636,0.01005,0.36332
CVE-2022-22638,0.01034,0.39824
CVE-2022-2264,0.01018,0.38792
CVE-2022-22640,0.01237,0.66358
CVE-2022-22641,0.00954,0.34522
CVE-2022-22642,0.00885,0.26162
CVE-2022-22643,0.00885,0.26162
CVE-2022-22644,0.00885,0.26162
CVE-2022-22647,0.00954,0.34522
CVE-2022-22648,0.0089,0.2856
CVE-2022-22650,0.0089,0.2856
CVE-2022-22651,0.01055,0.50287
CVE-2022-22652,0.00885,0.26162
CVE-2022-22653,0.00885,0.26162
CVE-2022-22654,0.00885,0.26162
CVE-2022-22656,0.0089,0.2856
CVE-2022-22657,0.02107,0.79097
CVE-2022-22659,0.00885,0.26162
CVE-2022-22660,0.00885,0.26162
CVE-2022-22661,0.01237,0.66358
CVE-2022-22662,0.01108,0.53389
CVE-2022-22663,0.01018,0.38792
CVE-2022-22664,0.02107,0.79097
CVE-2022-22665,0.01108,0.53389
CVE-2022-22666,0.01018,0.38792
CVE-2022-22667,0.01036,0.41241
CVE-2022-22669,0.01036,0.41241
CVE-2022-2267,0.00885,0.26162
CVE-2022-22670,0.00954,0.34522
CVE-2022-22671,0.00885,0.26162
CVE-2022-22672,0.01237,0.66358
CVE-2022-22673,0.00885,0.26162
CVE-2022-22674,0.0089,0.2856
CVE-2022-22675,0.01237,0.66358
CVE-2022-22676,0.00885,0.26162
CVE-2022-22679,0.01055,0.50287
CVE-2022-2268,0.00885,0.26162
CVE-2022-22680,0.01055,0.50287
CVE-2022-22681,0.01055,0.50287
CVE-2022-22682,0.01055,0.50287
CVE-2022-22683,0.01156,0.60033
CVE-2022-22684,0.01055,0.50287
CVE-2022-22685,0.01055,0.50287
CVE-2022-22686,0.01055,0.50287
CVE-2022-22687,0.01156,0.60033
CVE-2022-22688,0.01055,0.50287
CVE-2022-22689,0.01086,0.51674
CVE-2022-2269,0.00885,0.26162
CVE-2022-22690,0.00885,0.26162
CVE-2022-22691,0.00885,0.26162
CVE-2022-2270,0.00954,0.34522
CVE-2022-22700,0.00885,0.26162
CVE-2022-22701,0.00885,0.26162
CVE-2022-22702,0.00885,0.26162
CVE-2022-22703,0.00885,0.26162
CVE-2022-22704,0.00885,0.26162
CVE-2022-22706,0.00885,0.26162
CVE-2022-22707,0.01055,0.50287
CVE-2022-22709,0.01528,0.72895
CVE-2022-22710,0.0115,0.5906
CVE-2022-22711,0.02251,0.80538
CVE-2022-22712,0.0115,0.5906
CVE-2022-22713,0.0115,0.5906
CVE-2022-22715,0.0115,0.5906
CVE-2022-22716,0.02844,0.8238
CVE-2022-22717,0.01178,0.60108
CVE-2022-22718,0.0115,0.5906
CVE-2022-22719,0.05242,0.89216
CVE-2022-2272,0.01055,0.50287
CVE-2022-22720,0.05242,0.89216
CVE-2022-22721,0.05242,0.89216
CVE-2022-22722,0.00885,0.26162
CVE-2022-22723,0.01036,0.41241
CVE-2022-22724,0.00885,0.26162
CVE-2022-22725,0.01036,0.41241
CVE-2022-22726,0.00885,0.26162
CVE-2022-22727,0.00885,0.26162
CVE-2022-22728,0.01484,0.72722
CVE-2022-22729,0.00885,0.26162
CVE-2022-2273,0.00885,0.26162
CVE-2022-22730,0.00885,0.26162
CVE-2022-22733,0.00885,0.26162
CVE-2022-22734,0.00885,0.26162
CVE-2022-22735,0.00885,0.26162
CVE-2022-2274,0.05634,0.89764
CVE-2022-2275,0.00885,0.26162
CVE-2022-2276,0.00885,0.26162
CVE-2022-22765,0.00885,0.26162
CVE-2022-22766,0.00885,0.26162
CVE-2022-22767,0.00885,0.26162
CVE-2022-22769,0.00885,0.26162
CVE-2022-22770,0.00885,0.26162
CVE-2022-22771,0.00885,0.26162
CVE-2022-22772,0.01978,0.78447
CVE-2022-22773,0.00885,0.26162
CVE-2022-22774,0.00885,0.26162
CVE-2022-22775,0.00885,0.26162
CVE-2022-22776,0.00885,0.26162
CVE-2022-22777,0.00885,0.26162
CVE-2022-22778,0.00885,0.26162
CVE-2022-22779,0.00885,0.26162
CVE-2022-2278,0.00885,0.26162
CVE-2022-22780,0.00885,0.26162
CVE-2022-22781,0.00885,0.26162
CVE-2022-22782,0.00885,0.26162
CVE-2022-22783,0.00885,0.26162
CVE-2022-22784,0.00885,0.26162
CVE-2022-22785,0.00885,0.26162
CVE-2022-22786,0.00885,0.26162
CVE-2022-22787,0.00885,0.26162
CVE-2022-22788,0.00885,0.26162
CVE-2022-22789,0.00885,0.26162
CVE-2022-2279,0.00885,0.26162
CVE-2022-22790,0.00885,0.26162
CVE-2022-22791,0.00885,0.26162
CVE-2022-22792,0.00885,0.26162
CVE-2022-22793,0.00885,0.26162
CVE-2022-22794,0.01156,0.60033
CVE-2022-22795,0.00885,0.26162
CVE-2022-22796,0.00885,0.26162
CVE-2022-22797,0.00885,0.26162
CVE-2022-22798,0.00885,0.26162
CVE-2022-2280,0.00885,0.26162
CVE-2022-22804,0.00885,0.26162
CVE-2022-22805,0.01156,0.60033
CVE-2022-22806,0.00885,0.26162
CVE-2022-22807,0.00885,0.26162
CVE-2022-22808,0.01055,0.50287
CVE-2022-22809,0.00885,0.26162
CVE-2022-2281,0.00954,0.34522
CVE-2022-22810,0.00885,0.26162
CVE-2022-22811,0.00885,0.26162
CVE-2022-22812,0.00885,0.26162
CVE-2022-22813,0.00885,0.26162
CVE-2022-22814,0.00885,0.26162
CVE-2022-22815,0.01018,0.38792
CVE-2022-22816,0.01018,0.38792
CVE-2022-22817,0.01018,0.38792
CVE-2022-22818,0.01018,0.38792
CVE-2022-22819,0.01005,0.36332
CVE-2022-22820,0.00885,0.26162
CVE-2022-22821,0.00885,0.26162
CVE-2022-22823,0.01018,0.38792
CVE-2022-22824,0.01018,0.38792
CVE-2022-22825,0.01018,0.38792
CVE-2022-22826,0.01018,0.38792
CVE-2022-22831,0.01018,0.38792
CVE-2022-22832,0.01018,0.38792
CVE-2022-22833,0.01018,0.38792
CVE-2022-22834,0.04571,0.88388
CVE-2022-22835,0.0089,0.2856
CVE-2022-22836,0.00885,0.26162
CVE-2022-2284,0.01018,0.38792
CVE-2022-22844,0.01018,0.38792
CVE-2022-22846,0.00885,0.26162
CVE-2022-22847,0.00885,0.26162
CVE-2022-2285,0.01018,0.38792
CVE-2022-22853,0.0089,0.2856
CVE-2022-22854,0.00885,0.26162
CVE-2022-2286,0.01018,0.38792
CVE-2022-22868,0.0089,0.2856
CVE-2022-2287,0.01018,0.38792
CVE-2022-2288,0.01018,0.38792
CVE-2022-22880,0.00885,0.26162
CVE-2022-22881,0.00885,0.26162
CVE-2022-22885,0.00885,0.26162
CVE-2022-22888,0.00885,0.26162
CVE-2022-2289,0.01018,0.38792
CVE-2022-22890,0.00885,0.26162
CVE-2022-22891,0.00885,0.26162
CVE-2022-22892,0.00885,0.26162
CVE-2022-22893,0.00885,0.26162
CVE-2022-22894,0.00885,0.26162
CVE-2022-22895,0.00885,0.26162
CVE-2022-22897,0.00885,0.26162
CVE-2022-22899,0.00954,0.34522
CVE-2022-2290,0.00885,0.26162
CVE-2022-22901,0.00954,0.34522
CVE-2022-22908,0.00885,0.26162
CVE-2022-2291,0.00885,0.26162
CVE-2022-22912,0.01156,0.60033
CVE-2022-22914,0.00885,0.26162
CVE-2022-22919,0.00885,0.26162
CVE-2022-2292,0.00885,0.26162
CVE-2022-22922,0.00885,0.26162
CVE-2022-22928,0.01086,0.51674
CVE-2022-22929,0.01338,0.70562
CVE-2022-2293,0.00885,0.26162
CVE-2022-22930,0.01156,0.60033
CVE-2022-22931,0.00885,0.26162
CVE-2022-22932,0.00885,0.26162
CVE-2022-22934,0.00954,0.34522
CVE-2022-22935,0.00954,0.34522
CVE-2022-22936,0.00954,0.34522
CVE-2022-22938,0.00885,0.26162
CVE-2022-22939,0.00885,0.26162
CVE-2022-2294,0.01319,0.70416
CVE-2022-22941,0.0089,0.2856
CVE-2022-22943,0.01036,0.41241
CVE-2022-22944,0.00885,0.26162
CVE-2022-22945,0.00885,0.26162
CVE-2022-2295,0.01213,0.6557
CVE-2022-22950,0.00885,0.26162
CVE-2022-22951,0.01156,0.60033
CVE-2022-22952,0.01338,0.70562
CVE-2022-22953,0.00885,0.26162
CVE-2022-22955,0.00885,0.26162
CVE-2022-22956,0.00885,0.26162
CVE-2022-22957,0.01156,0.60033
CVE-2022-22958,0.01156,0.60033
CVE-2022-22959,0.00885,0.26162
CVE-2022-2296,0.01213,0.6557
CVE-2022-22960,0.00885,0.26162
CVE-2022-22961,0.00885,0.26162
CVE-2022-22962,0.00885,0.26162
CVE-2022-22964,0.00885,0.26162
CVE-2022-22966,0.01156,0.60033
CVE-2022-22967,0.00885,0.26162
CVE-2022-22969,0.00885,0.26162
CVE-2022-2297,0.00885,0.26162
CVE-2022-22970,0.0089,0.2856
CVE-2022-22971,0.0089,0.2856
CVE-2022-22973,0.00885,0.26162
CVE-2022-22975,0.00885,0.26162
CVE-2022-22976,0.00954,0.34522
CVE-2022-22977,0.00885,0.26162
CVE-2022-22979,0.00885,0.26162
CVE-2022-2298,0.00885,0.26162
CVE-2022-22982,0.00885,0.26162
CVE-2022-22983,0.00885,0.26162
CVE-2022-22985,0.00885,0.26162
CVE-2022-22986,0.00954,0.34522
CVE-2022-22987,0.00885,0.26162
CVE-2022-22988,0.00885,0.26162
CVE-2022-22989,0.00885,0.26162
CVE-2022-2299,0.00885,0.26162
CVE-2022-22990,0.05634,0.89764
CVE-2022-22991,0.01005,0.35949
CVE-2022-22992,0.01156,0.60033
CVE-2022-22993,0.00885,0.26162
CVE-2022-22994,0.01978,0.78447
CVE-2022-22995,0.01086,0.51674
CVE-2022-22996,0.01036,0.41241
CVE-2022-22997,0.01156,0.60033
CVE-2022-22998,0.00885,0.26162
CVE-2022-22999,0.00885,0.26162
CVE-2022-2300,0.00885,0.26162
CVE-2022-23000,0.00885,0.26162
CVE-2022-23001,0.00885,0.26162
CVE-2022-23002,0.00885,0.26162
CVE-2022-23003,0.00885,0.26162
CVE-2022-23004,0.00885,0.26162
CVE-2022-23008,0.00885,0.26162
CVE-2022-23009,0.00885,0.26162
CVE-2022-2301,0.00885,0.26162
CVE-2022-23010,0.00885,0.26162
CVE-2022-23011,0.00885,0.26162
CVE-2022-23012,0.00885,0.26162
CVE-2022-23013,0.00885,0.26162
CVE-2022-23014,0.00885,0.26162
CVE-2022-23015,0.00885,0.26162
CVE-2022-23016,0.00885,0.26162
CVE-2022-23017,0.00885,0.26162
CVE-2022-23018,0.00885,0.26162
CVE-2022-23019,0.00885,0.26162
CVE-2022-2302,0.01055,0.50287
CVE-2022-23020,0.00885,0.26162
CVE-2022-23021,0.00885,0.26162
CVE-2022-23022,0.00885,0.26162
CVE-2022-23023,0.00885,0.26162
CVE-2022-23024,0.00885,0.26162
CVE-2022-23025,0.00885,0.26162
CVE-2022-23026,0.00885,0.26162
CVE-2022-23027,0.00885,0.26162
CVE-2022-23028,0.00885,0.26162
CVE-2022-23029,0.00885,0.26162
CVE-2022-2303,0.0089,0.2856
CVE-2022-23030,0.00885,0.26162
CVE-2022-23031,0.00885,0.26162
CVE-2022-23032,0.00885,0.26162
CVE-2022-23033,0.0095,0.30554
CVE-2022-23034,0.0095,0.30554
CVE-2022-23035,0.01018,0.38792
CVE-2022-23036,0.00885,0.26162
CVE-2022-23037,0.00885,0.26162
CVE-2022-23038,0.00885,0.26162
CVE-2022-23039,0.00885,0.26162
CVE-2022-2304,0.01018,0.38792
CVE-2022-23040,0.00885,0.26162
CVE-2022-23041,0.00885,0.26162
CVE-2022-23042,0.00885,0.26162
CVE-2022-23043,0.00885,0.26162
CVE-2022-23045,0.00885,0.26162
CVE-2022-23047,0.0089,0.2856
CVE-2022-23048,0.0089,0.2856
CVE-2022-23049,0.0089,0.2856
CVE-2022-2305,0.00885,0.26162
CVE-2022-23050,0.00885,0.26162
CVE-2022-23051,0.00885,0.26162
CVE-2022-23052,0.00885,0.26162
CVE-2022-23053,0.00885,0.26162
CVE-2022-23054,0.00885,0.26162
CVE-2022-23055,0.00885,0.26162
CVE-2022-23056,0.00885,0.26162
CVE-2022-23057,0.00885,0.26162
CVE-2022-23058,0.00885,0.26162
CVE-2022-23059,0.00885,0.26162
CVE-2022-2306,0.00885,0.26162
CVE-2022-23060,0.00885,0.26162
CVE-2022-23061,0.00885,0.26162
CVE-2022-23063,0.00885,0.26162
CVE-2022-23064,0.00885,0.26162
CVE-2022-23065,0.00885,0.26162
CVE-2022-23066,0.02509,0.81058
CVE-2022-23067,0.00885,0.26162
CVE-2022-23068,0.00885,0.26162
CVE-2022-2307,0.00885,0.26162
CVE-2022-23071,0.00885,0.26162
CVE-2022-23072,0.00885,0.26162
CVE-2022-23073,0.00885,0.26162
CVE-2022-23074,0.00885,0.26162
CVE-2022-23077,0.00885,0.26162
CVE-2022-23078,0.00885,0.26162
CVE-2022-23079,0.00885,0.26162
CVE-2022-2308,0.00885,0.26162
CVE-2022-23080,0.00885,0.26162
CVE-2022-23081,0.00885,0.26162
CVE-2022-23082,0.00885,0.26162
CVE-2022-23083,0.01086,0.51674
CVE-2022-2309,0.00954,0.34522
CVE-2022-23094,0.01213,0.6557
CVE-2022-23095,0.01036,0.41241
CVE-2022-23096,0.00954,0.34522
CVE-2022-23097,0.00954,0.34522
CVE-2022-23098,0.00954,0.34522
CVE-2022-23099,0.00885,0.26162
CVE-2022-2310,0.01055,0.50287
CVE-2022-23100,0.02055,0.7893
CVE-2022-23101,0.00885,0.26162
CVE-2022-23102,0.00954,0.34522
CVE-2022-23103,0.00885,0.26162
CVE-2022-23104,0.00885,0.26162
CVE-2022-23105,0.00885,0.26162
CVE-2022-23106,0.00885,0.26162
CVE-2022-23107,0.00885,0.26162
CVE-2022-23108,0.00885,0.26162
CVE-2022-23109,0.00885,0.26162
CVE-2022-23110,0.00885,0.26162
CVE-2022-23111,0.00885,0.26162
CVE-2022-23112,0.00885,0.26162
CVE-2022-23113,0.00885,0.26162
CVE-2022-23114,0.00885,0.26162
CVE-2022-23115,0.00885,0.26162
CVE-2022-23116,0.00885,0.26162
CVE-2022-23117,0.00885,0.26162
CVE-2022-23118,0.00885,0.26162
CVE-2022-23119,0.00885,0.26162
CVE-2022-2312,0.00885,0.26162
CVE-2022-23120,0.00885,0.26162
CVE-2022-23126,0.01018,0.38792
CVE-2022-23127,0.01136,0.57949
CVE-2022-23128,0.01136,0.57949
CVE-2022-23129,0.0089,0.2856
CVE-2022-2313,0.01036,0.41241
CVE-2022-23130,0.00954,0.34522
CVE-2022-23132,0.00954,0.34522
CVE-2022-23133,0.0089,0.2856
CVE-2022-23134,0.01018,0.38792
CVE-2022-23135,0.00885,0.26162
CVE-2022-23136,0.00885,0.26162
CVE-2022-23137,0.00885,0.26162
CVE-2022-23138,0.00885,0.26162
CVE-2022-23139,0.00885,0.26162
CVE-2022-2314,0.00885,0.26162
CVE-2022-23141,0.00885,0.26162
CVE-2022-23142,0.00885,0.26162
CVE-2022-23155,0.01338,0.70562
CVE-2022-23156,0.00885,0.26162
CVE-2022-23157,0.00885,0.26162
CVE-2022-23158,0.00885,0.26162
CVE-2022-23159,0.00885,0.26162
CVE-2022-2316,0.00885,0.26162
CVE-2022-23160,0.00885,0.26162
CVE-2022-23161,0.00885,0.26162
CVE-2022-23163,0.00885,0.26162
CVE-2022-23165,0.00885,0.26162
CVE-2022-23166,0.00885,0.26162
CVE-2022-23167,0.00885,0.26162
CVE-2022-23168,0.00885,0.26162
CVE-2022-23169,0.00885,0.26162
CVE-2022-2317,0.00885,0.26162
CVE-2022-23170,0.00885,0.26162
CVE-2022-23171,0.00885,0.26162
CVE-2022-23172,0.00885,0.26162
CVE-2022-23173,0.00885,0.26162
CVE-2022-23176,0.01132,0.54372
CVE-2022-23178,0.00885,0.26162
CVE-2022-2318,0.00885,0.26162
CVE-2022-23181,0.01164,0.60046
CVE-2022-23182,0.00885,0.26162
CVE-2022-23183,0.01061,0.51015
CVE-2022-23184,0.00885,0.26162
CVE-2022-23186,0.01223,0.65839
CVE-2022-23187,0.01223,0.65839
CVE-2022-23188,0.01223,0.65839
CVE-2022-23189,0.01046,0.41635
CVE-2022-2319,0.00885,0.26162
CVE-2022-23190,0.01046,0.41635
CVE-2022-23191,0.01046,0.41635
CVE-2022-23192,0.01046,0.41635
CVE-2022-23193,0.01046,0.41635
CVE-2022-23194,0.01046,0.41635
CVE-2022-23195,0.01046,0.41635
CVE-2022-23196,0.01046,0.41635
CVE-2022-23197,0.01046,0.41635
CVE-2022-23198,0.01046,0.41635
CVE-2022-23199,0.01046,0.41635
CVE-2022-2320,0.01549,0.74092
CVE-2022-23200,0.01768,0.7561
CVE-2022-23201,0.01046,0.41635
CVE-2022-23202,0.01223,0.65839
CVE-2022-23203,0.01223,0.65839
CVE-2022-23204,0.01046,0.41635
CVE-2022-23205,0.01223,0.65839
CVE-2022-23206,0.00885,0.26162
CVE-2022-2321,0.00885,0.26162
CVE-2022-23218,0.02398,0.80734
CVE-2022-23219,0.02398,0.80734
CVE-2022-23220,0.01365,0.70715
CVE-2022-23221,0.09801,0.94069
CVE-2022-23223,0.00954,0.34522
CVE-2022-23227,0.02509,0.81058
CVE-2022-23228,0.01055,0.50287
CVE-2022-2323,0.01156,0.60033
CVE-2022-23232,0.00885,0.26162
CVE-2022-23233,0.00885,0.26162
CVE-2022-23234,0.00885,0.26162
CVE-2022-23235,0.00885,0.26162
CVE-2022-23236,0.00885,0.26162
CVE-2022-23237,0.00885,0.26162
CVE-2022-23238,0.01055,0.50287
CVE-2022-2324,0.00885,0.26162
CVE-2022-23242,0.00885,0.26162
CVE-2022-2325,0.00885,0.26162
CVE-2022-23252,0.0115,0.5906
CVE-2022-23254,0.0115,0.5906
CVE-2022-23255,0.02251,0.80538
CVE-2022-23256,0.02251,0.80538
CVE-2022-23257,0.01877,0.76393
CVE-2022-23258,0.02251,0.80538
CVE-2022-23259,0.01967,0.77799
CVE-2022-2326,0.00954,0.34522
CVE-2022-23261,0.02251,0.80538
CVE-2022-23262,0.02251,0.80538
CVE-2022-23263,0.02251,0.80538
CVE-2022-23265,0.0455,0.88298
CVE-2022-23266,0.01178,0.60108
CVE-2022-23267,0.05569,0.89556
CVE-2022-23268,0.0115,0.5906
CVE-2022-23269,0.02251,0.80538
CVE-2022-2327,0.00885,0.26162
CVE-2022-23270,0.01601,0.74633
CVE-2022-23271,0.0115,0.5906
CVE-2022-23272,0.0115,0.5906
CVE-2022-23273,0.0115,0.5906
CVE-2022-23274,0.01967,0.77799
CVE-2022-23276,0.0115,0.5906
CVE-2022-23277,0.0455,0.88298
CVE-2022-23278,0.02251,0.80538
CVE-2022-23279,0.0115,0.5906
CVE-2022-2328,0.00885,0.26162
CVE-2022-23280,0.02844,0.8238
CVE-2022-23281,0.01178,0.60108
CVE-2022-23282,0.01528,0.72895
CVE-2022-23283,0.0115,0.5906
CVE-2022-23284,0.0115,0.5906
CVE-2022-23285,0.01601,0.74633
CVE-2022-23286,0.0115,0.5906
CVE-2022-23287,0.0115,0.5906
CVE-2022-23288,0.0115,0.5906
CVE-2022-23290,0.0115,0.5906
CVE-2022-23291,0.0115,0.5906
CVE-2022-23292,0.02251,0.80538
CVE-2022-23293,0.0115,0.5906
CVE-2022-23294,0.01967,0.77799
CVE-2022-23295,0.01528,0.72895
CVE-2022-23296,0.01178,0.60108
CVE-2022-23297,0.0115,0.5906
CVE-2022-23298,0.0115,0.5906
CVE-2022-23299,0.01178,0.60108
CVE-2022-2330,0.01055,0.50287
CVE-2022-23300,0.01528,0.72895
CVE-2022-23301,0.01528,0.72895
CVE-2022-23303,0.00885,0.26162
CVE-2022-23304,0.00885,0.26162
CVE-2022-23308,0.02686,0.82061
CVE-2022-23312,0.00885,0.26162
CVE-2022-23314,0.00885,0.26162
CVE-2022-23315,0.00885,0.26162
CVE-2022-23316,0.00885,0.26162
CVE-2022-23317,0.00885,0.26162
CVE-2022-23318,0.00885,0.26162
CVE-2022-23319,0.00885,0.26162
CVE-2022-23320,0.01018,0.38792
CVE-2022-23321,0.0089,0.2856
CVE-2022-23327,0.01018,0.38792
CVE-2022-23328,0.01018,0.38792
CVE-2022-23329,0.00885,0.26162
CVE-2022-23330,0.01156,0.60033
CVE-2022-23331,0.00885,0.26162
CVE-2022-23332,0.01061,0.51015
CVE-2022-23335,0.00885,0.26162
CVE-2022-23336,0.00885,0.26162
CVE-2022-2334,0.0144,0.7265
CVE-2022-23340,0.01055,0.50287
CVE-2022-23342,0.00885,0.26162
CVE-2022-23345,0.00954,0.34522
CVE-2022-23346,0.0089,0.2856
CVE-2022-23347,0.00954,0.34522
CVE-2022-23348,0.00954,0.34522
CVE-2022-23349,0.00954,0.34522
CVE-2022-2335,0.00885,0.26162
CVE-2022-23350,0.0089,0.2856
CVE-2022-23352,0.00954,0.34522
CVE-2022-23357,0.00885,0.26162
CVE-2022-23358,0.00885,0.26162
CVE-2022-2336,0.00885,0.26162
CVE-2022-23363,0.00885,0.26162
CVE-2022-23364,0.00885,0.26162
CVE-2022-23365,0.00885,0.26162
CVE-2022-23366,0.01018,0.38792
CVE-2022-23367,0.00885,0.26162
CVE-2022-2337,0.00885,0.26162
CVE-2022-23375,0.04571,0.88388
CVE-2022-23376,0.01018,0.38792
CVE-2022-23377,0.00885,0.26162
CVE-2022-23379,0.00885,0.26162
CVE-2022-2338,0.00885,0.26162
CVE-2022-23380,0.00885,0.26162
CVE-2022-23383,0.00954,0.34522
CVE-2022-23384,0.00885,0.26162
CVE-2022-23387,0.00885,0.26162
CVE-2022-23389,0.01156,0.60033
CVE-2022-2339,0.00885,0.26162
CVE-2022-23390,0.00885,0.26162
CVE-2022-23391,0.00885,0.26162
CVE-2022-23395,0.00885,0.26162
CVE-2022-23397,0.00885,0.26162
CVE-2022-23399,0.00885,0.26162
CVE-2022-2340,0.00885,0.26162
CVE-2022-23400,0.00885,0.26162
CVE-2022-23401,0.00885,0.26162
CVE-2022-23402,0.00885,0.26162
CVE-2022-23403,0.00885,0.26162
CVE-2022-23408,0.00885,0.26162
CVE-2022-23409,0.01061,0.51015
CVE-2022-2341,0.00885,0.26162
CVE-2022-23410,0.01103,0.51945
CVE-2022-2342,0.00885,0.26162
CVE-2022-23425,0.00885,0.26162
CVE-2022-23426,0.00885,0.26162
CVE-2022-23427,0.00885,0.26162
CVE-2022-23428,0.01036,0.41241
CVE-2022-23429,0.00885,0.26162
CVE-2022-2343,0.01018,0.38792
CVE-2022-23431,0.01036,0.41241
CVE-2022-23432,0.01036,0.41241
CVE-2022-23433,0.00885,0.26162
CVE-2022-23434,0.00885,0.26162
CVE-2022-23435,0.00885,0.26162
CVE-2022-23437,0.01246,0.66436
CVE-2022-23438,0.01055,0.50287
CVE-2022-2344,0.01018,0.38792
CVE-2022-23440,0.00885,0.26162
CVE-2022-23441,0.00885,0.26162
CVE-2022-23442,0.00885,0.26162
CVE-2022-23443,0.00885,0.26162
CVE-2022-23446,0.00885,0.26162
CVE-2022-23448,0.01036,0.41241
CVE-2022-23449,0.01036,0.41241
CVE-2022-2345,0.01018,0.38792
CVE-2022-23450,0.01156,0.60033
CVE-2022-23452,0.0095,0.30554
CVE-2022-23456,0.00885,0.26162
CVE-2022-23457,0.01018,0.38792
CVE-2022-23459,0.00885,0.26162
CVE-2022-23460,0.00885,0.26162
CVE-2022-2353,0.00885,0.26162
CVE-2022-2354,0.00885,0.26162
CVE-2022-2355,0.00885,0.26162
CVE-2022-23557,0.0089,0.2856
CVE-2022-23558,0.0095,0.30554
CVE-2022-23559,0.0095,0.30554
CVE-2022-2356,0.00885,0.26162
CVE-2022-23560,0.0089,0.2856
CVE-2022-23561,0.00885,0.26162
CVE-2022-23562,0.0095,0.30554
CVE-2022-23563,0.00885,0.26162
CVE-2022-23564,0.00885,0.26162
CVE-2022-23565,0.00885,0.26162
CVE-2022-23566,0.0095,0.30554
CVE-2022-23567,0.0095,0.30554
CVE-2022-23568,0.0095,0.30554
CVE-2022-23569,0.00885,0.26162
CVE-2022-2357,0.01055,0.50287
CVE-2022-23570,0.02199,0.80273
CVE-2022-23571,0.00885,0.26162
CVE-2022-23572,0.02199,0.80273
CVE-2022-23573,0.0089,0.2856
CVE-2022-23574,0.0089,0.2856
CVE-2022-23575,0.0089,0.2856
CVE-2022-23576,0.0089,0.2856
CVE-2022-23577,0.0089,0.2856
CVE-2022-23578,0.0089,0.2856
CVE-2022-23579,0.0089,0.2856
CVE-2022-23580,0.0089,0.2856
CVE-2022-23581,0.0095,0.30554
CVE-2022-23582,0.0089,0.2856
CVE-2022-23583,0.0089,0.2856
CVE-2022-23584,0.0089,0.2856
CVE-2022-23585,0.02199,0.80273
CVE-2022-23586,0.0095,0.30554
CVE-2022-23587,0.00954,0.34522
CVE-2022-23588,0.0095,0.30554
CVE-2022-23589,0.0095,0.30554
CVE-2022-23590,0.00954,0.34522
CVE-2022-23591,0.0144,0.7265
CVE-2022-23592,0.0089,0.2856
CVE-2022-23593,0.00954,0.34522
CVE-2022-23594,0.00885,0.26162
CVE-2022-23595,0.0089,0.2856
CVE-2022-23596,0.00954,0.34522
CVE-2022-23597,0.0144,0.7265
CVE-2022-23598,0.01018,0.38792
CVE-2022-23599,0.00885,0.26162
CVE-2022-23600,0.00885,0.26162
CVE-2022-23601,0.00885,0.26162
CVE-2022-23602,0.00885,0.26162
CVE-2022-23603,0.00954,0.34522
CVE-2022-23604,0.0089,0.2856
CVE-2022-23605,0.00885,0.26162
CVE-2022-23606,0.00885,0.26162
CVE-2022-23607,0.00885,0.26162
CVE-2022-23608,0.01108,0.53389
CVE-2022-23609,0.00885,0.26162
CVE-2022-2361,0.00885,0.26162
CVE-2022-23610,0.00885,0.26162
CVE-2022-23611,0.02055,0.7893
CVE-2022-23612,0.01018,0.38792
CVE-2022-23613,0.01365,0.70715
CVE-2022-23614,0.01183,0.60428
CVE-2022-23615,0.0089,0.2856
CVE-2022-23616,0.01978,0.78447
CVE-2022-23617,0.0095,0.30554
CVE-2022-23618,0.00954,0.34522
CVE-2022-23619,0.00954,0.34522
CVE-2022-2362,0.00885,0.26162
CVE-2022-23620,0.00954,0.34522
CVE-2022-23621,0.0089,0.2856
CVE-2022-23622,0.00954,0.34522
CVE-2022-23623,0.00885,0.26162
CVE-2022-23624,0.00885,0.26162
CVE-2022-23625,0.0089,0.2856
CVE-2022-23626,0.0089,0.2856
CVE-2022-23627,0.01034,0.39824
CVE-2022-23628,0.01018,0.38792
CVE-2022-2363,0.00885,0.26162
CVE-2022-23630,0.0089,0.2856
CVE-2022-23631,0.00885,0.26162
CVE-2022-23632,0.01018,0.38792
CVE-2022-23633,0.00954,0.34522
CVE-2022-23634,0.01537,0.73595
CVE-2022-23635,0.00954,0.34522
CVE-2022-23636,0.00885,0.26162
CVE-2022-23637,0.00885,0.26162
CVE-2022-23638,0.00885,0.26162
CVE-2022-23639,0.00954,0.34522
CVE-2022-2364,0.00885,0.26162
CVE-2022-23640,0.00885,0.26162
CVE-2022-23641,0.0089,0.2856
CVE-2022-23643,0.00885,0.26162
CVE-2022-23644,0.00885,0.26162
CVE-2022-23645,0.01034,0.39824
CVE-2022-23646,0.00954,0.34522
CVE-2022-23647,0.00954,0.34522
CVE-2022-23649,0.00885,0.26162
CVE-2022-2365,0.00885,0.26162
CVE-2022-23650,0.0095,0.30554
CVE-2022-23651,0.0089,0.2856
CVE-2022-23652,0.0089,0.2856
CVE-2022-23653,0.00885,0.26162
CVE-2022-23654,0.00885,0.26162
CVE-2022-23655,0.00885,0.26162
CVE-2022-23656,0.0144,0.7265
CVE-2022-23657,0.01055,0.50287
CVE-2022-23658,0.01055,0.50287
CVE-2022-23659,0.00885,0.26162
CVE-2022-2366,0.00885,0.26162
CVE-2022-23660,0.01055,0.50287
CVE-2022-23661,0.01055,0.50287
CVE-2022-23662,0.01055,0.50287
CVE-2022-23663,0.01055,0.50287
CVE-2022-23664,0.01055,0.50287
CVE-2022-23665,0.01055,0.50287
CVE-2022-23666,0.01055,0.50287
CVE-2022-23667,0.01055,0.50287
CVE-2022-23668,0.01055,0.50287
CVE-2022-23669,0.01055,0.50287
CVE-2022-2367,0.00885,0.26162
CVE-2022-23670,0.01055,0.50287
CVE-2022-23671,0.01055,0.50287
CVE-2022-23672,0.01055,0.50287
CVE-2022-23673,0.01055,0.50287
CVE-2022-23674,0.01055,0.50287
CVE-2022-23675,0.01055,0.50287
CVE-2022-23676,0.01156,0.60033
CVE-2022-23677,0.01156,0.60033
CVE-2022-2368,0.00885,0.26162
CVE-2022-2369,0.00885,0.26162
CVE-2022-23697,0.00885,0.26162
CVE-2022-23698,0.00885,0.26162
CVE-2022-23699,0.00885,0.26162
CVE-2022-2370,0.00885,0.26162
CVE-2022-23700,0.00885,0.26162
CVE-2022-23701,0.00885,0.26162
CVE-2022-23702,0.00885,0.26162
CVE-2022-23703,0.00885,0.26162
CVE-2022-23704,0.01055,0.50287
CVE-2022-23705,0.01086,0.51674
CVE-2022-23706,0.00885,0.26162
CVE-2022-23707,0.00885,0.26162
CVE-2022-23708,0.00885,0.26162
CVE-2022-23709,0.00885,0.26162
CVE-2022-2371,0.00885,0.26162
CVE-2022-23710,0.00885,0.26162
CVE-2022-23711,0.00885,0.26162
CVE-2022-23712,0.00954,0.34522
CVE-2022-23713,0.00885,0.26162
CVE-2022-23714,0.00885,0.26162
CVE-2022-23715,0.00885,0.26162
CVE-2022-23717,0.00885,0.26162
CVE-2022-23718,0.01978,0.78447
CVE-2022-23719,0.01005,0.36332
CVE-2022-2372,0.00885,0.26162
CVE-2022-23720,0.00885,0.26162
CVE-2022-23722,0.00885,0.26162
CVE-2022-23723,0.00885,0.26162
CVE-2022-23724,0.00885,0.26162
CVE-2022-23725,0.00885,0.26162
CVE-2022-23727,0.00885,0.26162
CVE-2022-23728,0.00885,0.26162
CVE-2022-23729,0.00885,0.26162
CVE-2022-2373,0.00885,0.26162
CVE-2022-23730,0.00885,0.26162
CVE-2022-23732,0.01018,0.38792
CVE-2022-23733,0.0089,0.2856
CVE-2022-2374,0.00885,0.26162
CVE-2022-23742,0.00885,0.26162
CVE-2022-23743,0.00885,0.26162
CVE-2022-23744,0.00885,0.26162
CVE-2022-23745,0.00885,0.26162
CVE-2022-23747,0.00885,0.26162
CVE-2022-2375,0.00885,0.26162
CVE-2022-23763,0.01055,0.50287
CVE-2022-23764,0.01156,0.60033
CVE-2022-23765,0.01055,0.50287
CVE-2022-2377,0.00885,0.26162
CVE-2022-23772,0.01108,0.53389
CVE-2022-23773,0.01018,0.38792
CVE-2022-23774,0.00885,0.26162
CVE-2022-23775,0.00885,0.26162
CVE-2022-2378,0.00885,0.26162
CVE-2022-2379,0.00885,0.26162
CVE-2022-23793,0.00885,0.26162
CVE-2022-23794,0.00885,0.26162
CVE-2022-23795,0.00885,0.26162
CVE-2022-23796,0.00885,0.26162
CVE-2022-23797,0.00885,0.26162
CVE-2022-23798,0.00885,0.26162
CVE-2022-23799,0.00885,0.26162
CVE-2022-2380,0.00885,0.26162
CVE-2022-23800,0.00885,0.26162
CVE-2022-23801,0.00885,0.26162
CVE-2022-23802,0.00885,0.26162
CVE-2022-23803,0.01559,0.742
CVE-2022-23804,0.01559,0.742
CVE-2022-23805,0.00885,0.26162
CVE-2022-23806,0.01108,0.53389
CVE-2022-23807,0.00885,0.26162
CVE-2022-23808,0.00885,0.26162
CVE-2022-2381,0.00885,0.26162
CVE-2022-23810,0.01055,0.50287
CVE-2022-23812,0.01108,0.53389
CVE-2022-2382,0.00885,0.26162
CVE-2022-23822,0.00885,0.26162
CVE-2022-23823,0.00885,0.26162
CVE-2022-23825,0.01034,0.39824
CVE-2022-2383,0.00885,0.26162
CVE-2022-23833,0.01018,0.38792
CVE-2022-23835,0.00885,0.26162
CVE-2022-23837,0.01018,0.38792
CVE-2022-2384,0.00885,0.26162
CVE-2022-23848,0.00885,0.26162
CVE-2022-23849,0.00885,0.26162
CVE-2022-2385,0.00885,0.26162
CVE-2022-23850,0.00885,0.26162
CVE-2022-23853,0.00885,0.26162
CVE-2022-23855,0.00885,0.26162
CVE-2022-23856,0.00885,0.26162
CVE-2022-23857,0.00885,0.26162
CVE-2022-23858,0.00885,0.26162
CVE-2022-2386,0.00885,0.26162
CVE-2022-23863,0.00885,0.26162
CVE-2022-23865,0.00885,0.26162
CVE-2022-23868,0.00885,0.26162
CVE-2022-23869,0.00885,0.26162
CVE-2022-23871,0.00885,0.26162
CVE-2022-23872,0.00885,0.26162
CVE-2022-23873,0.00885,0.26162
CVE-2022-23878,0.01086,0.51674
CVE-2022-2388,0.00885,0.26162
CVE-2022-23880,0.01338,0.70562
CVE-2022-23881,0.01156,0.60033
CVE-2022-23882,0.00885,0.26162
CVE-2022-23887,0.00885,0.26162
CVE-2022-23888,0.00885,0.26162
CVE-2022-23889,0.00885,0.26162
CVE-2022-2389,0.00885,0.26162
CVE-2022-23896,0.00885,0.26162
CVE-2022-23898,0.00885,0.26162
CVE-2022-23899,0.00885,0.26162
CVE-2022-2390,0.00885,0.26162
CVE-2022-23900,0.01978,0.78447
CVE-2022-23901,0.00885,0.26162
CVE-2022-23902,0.00885,0.26162
CVE-2022-23903,0.00885,0.26162
CVE-2022-23904,0.00885,0.26162
CVE-2022-23906,0.01156,0.60033
CVE-2022-23907,0.00885,0.26162
CVE-2022-23909,0.00885,0.26162
CVE-2022-2391,0.00885,0.26162
CVE-2022-23911,0.00885,0.26162
CVE-2022-23912,0.00885,0.26162
CVE-2022-23913,0.00885,0.26162
CVE-2022-23915,0.04571,0.88388
CVE-2022-23916,0.01055,0.50287
CVE-2022-23918,0.00885,0.26162
CVE-2022-23919,0.00885,0.26162
CVE-2022-2392,0.00885,0.26162
CVE-2022-23921,0.01036,0.41241
CVE-2022-23922,0.00885,0.26162
CVE-2022-23923,0.00885,0.26162
CVE-2022-23924,0.01234,0.66258
CVE-2022-23925,0.01234,0.66258
CVE-2022-23926,0.01234,0.66258
CVE-2022-23927,0.01234,0.66258
CVE-2022-23928,0.01234,0.66258
CVE-2022-23929,0.01234,0.66258
CVE-2022-2393,0.00885,0.26162
CVE-2022-23930,0.01234,0.66258
CVE-2022-23931,0.01234,0.66258
CVE-2022-23932,0.01234,0.66258
CVE-2022-23933,0.01234,0.66258
CVE-2022-23934,0.01234,0.66258
CVE-2022-23935,0.01005,0.35949
CVE-2022-23937,0.03581,0.8416
CVE-2022-2394,0.00885,0.26162
CVE-2022-23942,0.00954,0.34522
CVE-2022-23943,0.03032,0.82851
CVE-2022-23944,0.01246,0.66436
CVE-2022-23945,0.00954,0.34522
CVE-2022-23946,0.01559,0.742
CVE-2022-23947,0.01559,0.742
CVE-2022-2395,0.00885,0.26162
CVE-2022-23953,0.00885,0.26162
CVE-2022-23954,0.00885,0.26162
CVE-2022-23955,0.00885,0.26162
CVE-2022-23956,0.00885,0.26162
CVE-2022-23957,0.00885,0.26162
CVE-2022-23958,0.00885,0.26162
CVE-2022-23959,0.01018,0.38792
CVE-2022-2396,0.00885,0.26162
CVE-2022-23960,0.0095,0.30554
CVE-2022-23968,0.01055,0.50287
CVE-2022-23970,0.00885,0.26162
CVE-2022-23971,0.00885,0.26162
CVE-2022-23972,0.00885,0.26162
CVE-2022-23973,0.01036,0.41241
CVE-2022-23974,0.00885,0.26162
CVE-2022-23975,0.00885,0.26162
CVE-2022-23976,0.00885,0.26162
CVE-2022-23979,0.00885,0.26162
CVE-2022-2398,0.00885,0.26162
CVE-2022-23980,0.00885,0.26162
CVE-2022-23981,0.00885,0.26162
CVE-2022-23982,0.00885,0.26162
CVE-2022-23983,0.00885,0.26162
CVE-2022-23984,0.00885,0.26162
CVE-2022-23985,0.01719,0.75183
CVE-2022-23986,0.01055,0.50287
CVE-2022-23987,0.00885,0.26162
CVE-2022-23988,0.00885,0.26162
CVE-2022-23989,0.00885,0.26162
CVE-2022-2399,0.01055,0.50287
CVE-2022-23992,0.01055,0.50287
CVE-2022-23993,0.00885,0.26162
CVE-2022-23994,0.00885,0.26162
CVE-2022-23995,0.00885,0.26162
CVE-2022-23996,0.00885,0.26162
CVE-2022-23997,0.00885,0.26162
CVE-2022-23998,0.00885,0.26162
CVE-2022-23999,0.00885,0.26162
CVE-2022-2400,0.00885,0.26162
CVE-2022-24000,0.00885,0.26162
CVE-2022-24001,0.00885,0.26162
CVE-2022-24002,0.00885,0.26162
CVE-2022-24003,0.00885,0.26162
CVE-2022-24004,0.00885,0.26162
CVE-2022-24005,0.00885,0.26162
CVE-2022-24006,0.00885,0.26162
CVE-2022-24007,0.00885,0.26162
CVE-2022-24008,0.00885,0.26162
CVE-2022-24009,0.00885,0.26162
CVE-2022-2401,0.00885,0.26162
CVE-2022-24010,0.00885,0.26162
CVE-2022-24011,0.00885,0.26162
CVE-2022-24012,0.00885,0.26162
CVE-2022-24013,0.00885,0.26162
CVE-2022-24014,0.00885,0.26162
CVE-2022-24015,0.00885,0.26162
CVE-2022-24016,0.00885,0.26162
CVE-2022-24017,0.00885,0.26162
CVE-2022-24018,0.00885,0.26162
CVE-2022-24019,0.00885,0.26162
CVE-2022-24020,0.00885,0.26162
CVE-2022-24021,0.00885,0.26162
CVE-2022-24022,0.00885,0.26162
CVE-2022-24023,0.00885,0.26162
CVE-2022-24024,0.00885,0.26162
CVE-2022-24025,0.00885,0.26162
CVE-2022-24026,0.00885,0.26162
CVE-2022-24027,0.00885,0.26162
CVE-2022-24028,0.00885,0.26162
CVE-2022-24029,0.00885,0.26162
CVE-2022-2403,0.00885,0.26162
CVE-2022-24030,0.0095,0.30554
CVE-2022-24031,0.0095,0.30554
CVE-2022-24032,0.00885,0.26162
CVE-2022-24039,0.00885,0.26162
CVE-2022-24040,0.00885,0.26162
CVE-2022-24041,0.00885,0.26162
CVE-2022-24042,0.00885,0.26162
CVE-2022-24043,0.00885,0.26162
CVE-2022-24044,0.00885,0.26162
CVE-2022-24045,0.00885,0.26162
CVE-2022-24046,0.01036,0.41241
CVE-2022-24047,0.01055,0.50287
CVE-2022-24048,0.01505,0.72763
CVE-2022-24049,0.01156,0.60033
CVE-2022-24050,0.01505,0.72763
CVE-2022-24051,0.01505,0.72763
CVE-2022-24052,0.01505,0.72763
CVE-2022-24055,0.01103,0.51945
CVE-2022-24056,0.01103,0.51945
CVE-2022-24057,0.01103,0.51945
CVE-2022-24058,0.01103,0.51945
CVE-2022-24059,0.01103,0.51945
CVE-2022-2406,0.00885,0.26162
CVE-2022-24060,0.01103,0.51945
CVE-2022-24061,0.01103,0.51945
CVE-2022-24062,0.01103,0.51945
CVE-2022-24063,0.01103,0.51945
CVE-2022-24064,0.01103,0.51945
CVE-2022-24065,0.02359,0.80663
CVE-2022-24066,0.02359,0.80663
CVE-2022-24069,0.01365,0.70715
CVE-2022-2407,0.00885,0.26162
CVE-2022-24070,0.01859,0.7626
CVE-2022-24071,0.00885,0.26162
CVE-2022-24072,0.00885,0.26162
CVE-2022-24073,0.00885,0.26162
CVE-2022-24074,0.00885,0.26162
CVE-2022-24075,0.00885,0.26162
CVE-2022-24077,0.01036,0.41241
CVE-2022-2408,0.00885,0.26162
CVE-2022-24082,0.00885,0.26162
CVE-2022-24083,0.00885,0.26162
CVE-2022-2409,0.00885,0.26162
CVE-2022-24090,0.01046,0.41635
CVE-2022-24091,0.01223,0.65839
CVE-2022-24092,0.01223,0.65839
CVE-2022-24094,0.01223,0.65839
CVE-2022-24095,0.01223,0.65839
CVE-2022-24096,0.01223,0.65839
CVE-2022-24098,0.01223,0.65839
CVE-2022-24099,0.01046,0.41635
CVE-2022-2410,0.00885,0.26162
CVE-2022-24101,0.01046,0.41635
CVE-2022-24102,0.01223,0.65839
CVE-2022-24103,0.01223,0.65839
CVE-2022-24104,0.01223,0.65839
CVE-2022-24105,0.01223,0.65839
CVE-2022-24106,0.01018,0.38792
CVE-2022-24107,0.01018,0.38792
CVE-2022-24108,0.05634,0.89764
CVE-2022-2411,0.00885,0.26162
CVE-2022-24110,0.00885,0.26162
CVE-2022-24111,0.00885,0.26162
CVE-2022-24113,0.00885,0.26162
CVE-2022-24114,0.00885,0.26162
CVE-2022-24115,0.00885,0.26162
CVE-2022-2412,0.00885,0.26162
CVE-2022-24121,0.00885,0.26162
CVE-2022-24123,0.01689,0.75137
CVE-2022-24127,0.00885,0.26162
CVE-2022-24128,0.00885,0.26162
CVE-2022-24129,0.00954,0.34522
CVE-2022-24130,0.01183,0.60428
CVE-2022-24131,0.01086,0.51674
CVE-2022-24132,0.00885,0.26162
CVE-2022-24135,0.00885,0.26162
CVE-2022-24136,0.00885,0.26162
CVE-2022-24138,0.01365,0.70715
CVE-2022-24139,0.0089,0.2856
CVE-2022-24140,0.04571,0.88388
CVE-2022-24141,0.0089,0.2856
CVE-2022-24142,0.00885,0.26162
CVE-2022-24143,0.00885,0.26162
CVE-2022-24144,0.02055,0.7893
CVE-2022-24145,0.00885,0.26162
CVE-2022-24146,0.00885,0.26162
CVE-2022-24147,0.00885,0.26162
CVE-2022-24148,0.02055,0.7893
CVE-2022-24149,0.00885,0.26162
CVE-2022-2415,0.01136,0.57949
CVE-2022-24150,0.02055,0.7893
CVE-2022-24151,0.00885,0.26162
CVE-2022-24152,0.00885,0.26162
CVE-2022-24153,0.00885,0.26162
CVE-2022-24154,0.00885,0.26162
CVE-2022-24155,0.00885,0.26162
CVE-2022-24156,0.00885,0.26162
CVE-2022-24157,0.00885,0.26162
CVE-2022-24158,0.00885,0.26162
CVE-2022-24159,0.00885,0.26162
CVE-2022-24160,0.00885,0.26162
CVE-2022-24161,0.00885,0.26162
CVE-2022-24162,0.00885,0.26162
CVE-2022-24163,0.00885,0.26162
CVE-2022-24164,0.00885,0.26162
CVE-2022-24165,0.02055,0.7893
CVE-2022-24166,0.00885,0.26162
CVE-2022-24167,0.02055,0.7893
CVE-2022-24168,0.02055,0.7893
CVE-2022-24169,0.00885,0.26162
CVE-2022-2417,0.00885,0.26162
CVE-2022-24170,0.02055,0.7893
CVE-2022-24171,0.02055,0.7893
CVE-2022-24172,0.00885,0.26162
CVE-2022-24177,0.00885,0.26162
CVE-2022-2418,0.00885,0.26162
CVE-2022-24181,0.01055,0.50287
CVE-2022-2419,0.00885,0.26162
CVE-2022-24191,0.00885,0.26162
CVE-2022-24193,0.02359,0.80663
CVE-2022-24196,0.00885,0.26162
CVE-2022-24197,0.00885,0.26162
CVE-2022-24198,0.00885,0.26162
CVE-2022-2420,0.00885,0.26162
CVE-2022-24206,0.00885,0.26162
CVE-2022-24218,0.00885,0.26162
CVE-2022-24219,0.00885,0.26162
CVE-2022-24220,0.00885,0.26162
CVE-2022-24221,0.00885,0.26162
CVE-2022-24222,0.00885,0.26162
CVE-2022-24223,0.00885,0.26162
CVE-2022-24226,0.00885,0.26162
CVE-2022-24227,0.00885,0.26162
CVE-2022-24229,0.01136,0.57949
CVE-2022-2423,0.00885,0.26162
CVE-2022-24231,0.00885,0.26162
CVE-2022-24232,0.01036,0.41241
CVE-2022-24235,0.0144,0.7265
CVE-2022-24236,0.00885,0.26162
CVE-2022-24237,0.02055,0.7893
CVE-2022-24238,0.00954,0.34522
CVE-2022-24239,0.00954,0.34522
CVE-2022-2424,0.00885,0.26162
CVE-2022-24240,0.00954,0.34522
CVE-2022-24241,0.00954,0.34522
CVE-2022-24247,0.01978,0.78447
CVE-2022-24248,0.00885,0.26162
CVE-2022-24249,0.00885,0.26162
CVE-2022-2425,0.00885,0.26162
CVE-2022-24251,0.0089,0.2856
CVE-2022-24252,0.04571,0.88388
CVE-2022-24253,0.0089,0.2856
CVE-2022-24254,0.04571,0.88388
CVE-2022-24255,0.0089,0.2856
CVE-2022-24259,0.00885,0.26162
CVE-2022-2426,0.00885,0.26162
CVE-2022-24260,0.00885,0.26162
CVE-2022-24262,0.01055,0.50287
CVE-2022-24263,0.01018,0.38792
CVE-2022-24264,0.00885,0.26162
CVE-2022-24265,0.00885,0.26162
CVE-2022-24266,0.00885,0.26162
CVE-2022-24272,0.00885,0.26162
CVE-2022-24278,0.01018,0.38792
CVE-2022-24279,0.00885,0.26162
CVE-2022-24281,0.00885,0.26162
CVE-2022-24282,0.01086,0.51674
CVE-2022-24285,0.00885,0.26162
CVE-2022-24286,0.00885,0.26162
CVE-2022-24287,0.00885,0.26162
CVE-2022-24288,0.02055,0.7893
CVE-2022-24289,0.0144,0.7265
CVE-2022-24290,0.00885,0.26162
CVE-2022-24291,0.01377,0.70912
CVE-2022-24292,0.01377,0.70912
CVE-2022-24293,0.01377,0.70912
CVE-2022-24294,0.00885,0.26162
CVE-2022-24295,0.02055,0.7893
CVE-2022-24296,0.01136,0.57949
CVE-2022-24297,0.00885,0.26162
CVE-2022-24298,0.00885,0.26162
CVE-2022-24299,0.01055,0.50287
CVE-2022-24300,0.01018,0.38792
CVE-2022-24301,0.00954,0.34522
CVE-2022-24302,0.01108,0.53389
CVE-2022-24303,0.01018,0.38792
CVE-2022-24304,0.00954,0.34522
CVE-2022-24305,0.00885,0.26162
CVE-2022-24306,0.00885,0.26162
CVE-2022-24307,0.00885,0.26162
CVE-2022-24308,0.00885,0.26162
CVE-2022-24309,0.00885,0.26162
CVE-2022-24310,0.01156,0.60033
CVE-2022-24311,0.01978,0.78447
CVE-2022-24312,0.01978,0.78447
CVE-2022-24313,0.01978,0.78447
CVE-2022-24314,0.00885,0.26162
CVE-2022-24315,0.00885,0.26162
CVE-2022-24316,0.00885,0.26162
CVE-2022-24317,0.00885,0.26162
CVE-2022-24318,0.00885,0.26162
CVE-2022-24319,0.00885,0.26162
CVE-2022-24320,0.00885,0.26162
CVE-2022-24321,0.00885,0.26162
CVE-2022-24322,0.00885,0.26162
CVE-2022-24323,0.00885,0.26162
CVE-2022-24327,0.00885,0.26162
CVE-2022-24328,0.00885,0.26162
CVE-2022-24329,0.01018,0.38792
CVE-2022-24330,0.00885,0.26162
CVE-2022-24331,0.00885,0.26162
CVE-2022-24332,0.00885,0.26162
CVE-2022-24333,0.00885,0.26162
CVE-2022-24334,0.00885,0.26162
CVE-2022-24335,0.00885,0.26162
CVE-2022-24336,0.00885,0.26162
CVE-2022-24337,0.00885,0.26162
CVE-2022-24338,0.00885,0.26162
CVE-2022-24339,0.00885,0.26162
CVE-2022-24340,0.00885,0.26162
CVE-2022-24341,0.00885,0.26162
CVE-2022-24343,0.00885,0.26162
CVE-2022-24344,0.00885,0.26162
CVE-2022-24345,0.01005,0.36332
CVE-2022-24346,0.01005,0.36332
CVE-2022-24347,0.00885,0.26162
CVE-2022-24348,0.00885,0.26162
CVE-2022-24349,0.0095,0.30554
CVE-2022-2435,0.00885,0.26162
CVE-2022-24354,0.01036,0.41241
CVE-2022-24355,0.01036,0.41241
CVE-2022-24356,0.01689,0.75137
CVE-2022-24357,0.01689,0.75137
CVE-2022-24358,0.01689,0.75137
CVE-2022-24359,0.01689,0.75137
CVE-2022-24360,0.01689,0.75137
CVE-2022-24361,0.01689,0.75137
CVE-2022-24362,0.01689,0.75137
CVE-2022-24363,0.01689,0.75137
CVE-2022-24364,0.01689,0.75137
CVE-2022-24365,0.01689,0.75137
CVE-2022-24366,0.01689,0.75137
CVE-2022-24367,0.01689,0.75137
CVE-2022-24368,0.01689,0.75137
CVE-2022-24369,0.01689,0.75137
CVE-2022-2437,0.00885,0.26162
CVE-2022-24370,0.01689,0.75137
CVE-2022-24372,0.00954,0.34522
CVE-2022-24374,0.01055,0.50287
CVE-2022-24375,0.01018,0.38792
CVE-2022-24376,0.02055,0.7893
CVE-2022-24378,0.00885,0.26162
CVE-2022-24381,0.00885,0.26162
CVE-2022-24382,0.00885,0.26162
CVE-2022-24383,0.01036,0.41241
CVE-2022-24384,0.00885,0.26162
CVE-2022-24385,0.00885,0.26162
CVE-2022-24386,0.00885,0.26162
CVE-2022-24387,0.00885,0.26162
CVE-2022-24388,0.00885,0.26162
CVE-2022-24389,0.00885,0.26162
CVE-2022-24390,0.00885,0.26162
CVE-2022-24391,0.00885,0.26162
CVE-2022-24392,0.02055,0.7893
CVE-2022-24393,0.02055,0.7893
CVE-2022-24394,0.02055,0.7893
CVE-2022-24395,0.00885,0.26162
CVE-2022-24396,0.0095,0.30554
CVE-2022-24397,0.0144,0.7265
CVE-2022-24398,0.00885,0.26162
CVE-2022-24399,0.01018,0.38792
CVE-2022-24405,0.02055,0.7893
CVE-2022-24406,0.00885,0.26162
CVE-2022-24407,0.01282,0.67298
CVE-2022-24408,0.00885,0.26162
CVE-2022-24409,0.00885,0.26162
CVE-2022-24411,0.00885,0.26162
CVE-2022-24412,0.00885,0.26162
CVE-2022-24413,0.00885,0.26162
CVE-2022-24414,0.00885,0.26162
CVE-2022-24415,0.01036,0.41241
CVE-2022-24416,0.01036,0.41241
CVE-2022-24417,0.01036,0.41241
CVE-2022-24418,0.01036,0.41241
CVE-2022-24419,0.01036,0.41241
CVE-2022-24420,0.01036,0.41241
CVE-2022-24421,0.01036,0.41241
CVE-2022-24422,0.01055,0.50287
CVE-2022-24423,0.01055,0.50287
CVE-2022-24424,0.01055,0.50287
CVE-2022-24426,0.00885,0.26162
CVE-2022-24428,0.00885,0.26162
CVE-2022-24429,0.00954,0.34522
CVE-2022-2443,0.00885,0.26162
CVE-2022-24432,0.01055,0.50287
CVE-2022-24433,0.02509,0.81058
CVE-2022-24434,0.01018,0.38792
CVE-2022-24435,0.01055,0.50287
CVE-2022-24436,0.00885,0.26162
CVE-2022-24437,0.02211,0.80357
CVE-2022-2444,0.0095,0.30554
CVE-2022-24440,0.02211,0.80357
CVE-2022-24442,0.00885,0.26162
CVE-2022-24444,0.01018,0.38792
CVE-2022-24446,0.00885,0.26162
CVE-2022-24447,0.00885,0.26162
CVE-2022-24448,0.01282,0.67298
CVE-2022-24449,0.00885,0.26162
CVE-2022-24450,0.00885,0.26162
CVE-2022-24451,0.01528,0.72895
CVE-2022-24452,0.01528,0.72895
CVE-2022-24453,0.04475,0.87758
CVE-2022-24454,0.0115,0.5906
CVE-2022-24455,0.01184,0.60433
CVE-2022-24456,0.04475,0.87758
CVE-2022-24457,0.04475,0.87758
CVE-2022-24459,0.0115,0.5906
CVE-2022-24460,0.02251,0.80538
CVE-2022-24461,0.04475,0.87758
CVE-2022-24462,0.02251,0.80538
CVE-2022-24463,0.0115,0.5906
CVE-2022-24464,0.10061,0.9429
CVE-2022-24465,0.0115,0.5906
CVE-2022-24466,0.0115,0.5906
CVE-2022-24467,0.01967,0.77799
CVE-2022-24468,0.01967,0.77799
CVE-2022-24469,0.0115,0.5906
CVE-2022-2447,0.01055,0.50287
CVE-2022-24470,0.01967,0.77799
CVE-2022-24471,0.01967,0.77799
CVE-2022-24472,0.0115,0.5906
CVE-2022-24473,0.01528,0.72895
CVE-2022-24474,0.0115,0.5906
CVE-2022-24475,0.02844,0.8238
CVE-2022-24477,0.0115,0.5906
CVE-2022-24479,0.0115,0.5906
CVE-2022-24481,0.0115,0.5906
CVE-2022-24482,0.0115,0.5906
CVE-2022-24483,0.0115,0.5906
CVE-2022-24484,0.0115,0.5906
CVE-2022-24485,0.01601,0.74633
CVE-2022-24486,0.0115,0.5906
CVE-2022-24487,0.01967,0.77799
CVE-2022-24488,0.0115,0.5906
CVE-2022-24489,0.0115,0.5906
CVE-2022-24490,0.0115,0.5906
CVE-2022-24491,0.01601,0.74633
CVE-2022-24492,0.01601,0.74633
CVE-2022-24493,0.0115,0.5906
CVE-2022-24495,0.01528,0.72895
CVE-2022-24496,0.0115,0.5906
CVE-2022-24498,0.0115,0.5906
CVE-2022-24499,0.0115,0.5906
CVE-2022-24500,0.01601,0.74633
CVE-2022-24501,0.01528,0.72895
CVE-2022-24502,0.02251,0.80538
CVE-2022-24503,0.02251,0.80538
CVE-2022-24505,0.0115,0.5906
CVE-2022-24506,0.0115,0.5906
CVE-2022-24507,0.0115,0.5906
CVE-2022-24508,0.01967,0.77799
CVE-2022-24509,0.04475,0.87758
CVE-2022-24510,0.04475,0.87758
CVE-2022-24511,0.02251,0.80538
CVE-2022-24512,0.402,0.98041
CVE-2022-24513,0.0115,0.5906
CVE-2022-24515,0.0115,0.5906
CVE-2022-24516,0.02251,0.80538
CVE-2022-24517,0.01967,0.77799
CVE-2022-24518,0.0115,0.5906
CVE-2022-24519,0.0115,0.5906
CVE-2022-24520,0.01967,0.77799
CVE-2022-24521,0.0115,0.5906
CVE-2022-24522,0.02251,0.80538
CVE-2022-24523,0.02844,0.8238
CVE-2022-24525,0.0115,0.5906
CVE-2022-24526,0.02251,0.80538
CVE-2022-24527,0.0115,0.5906
CVE-2022-24528,0.01601,0.74633
CVE-2022-2453,0.00885,0.26162
CVE-2022-24530,0.0115,0.5906
CVE-2022-24532,0.01528,0.72895
CVE-2022-24533,0.01967,0.77799
CVE-2022-24534,0.01601,0.74633
CVE-2022-24536,0.01967,0.77799
CVE-2022-24537,0.01877,0.76393
CVE-2022-24538,0.0115,0.5906
CVE-2022-24539,0.0115,0.5906
CVE-2022-2454,0.00885,0.26162
CVE-2022-24540,0.0115,0.5906
CVE-2022-24541,0.01601,0.74633
CVE-2022-24542,0.0115,0.5906
CVE-2022-24543,0.01528,0.72895
CVE-2022-24544,0.0115,0.5906
CVE-2022-24545,0.04683,0.8861
CVE-2022-24546,0.0115,0.5906
CVE-2022-24547,0.0115,0.5906
CVE-2022-24548,0.02251,0.80538
CVE-2022-24549,0.0115,0.5906
CVE-2022-24550,0.0115,0.5906
CVE-2022-24551,0.00885,0.26162
CVE-2022-24552,0.01156,0.60033
CVE-2022-24553,0.02432,0.8082
CVE-2022-2456,0.0089,0.2856
CVE-2022-24562,0.05634,0.89764
CVE-2022-24563,0.0089,0.2856
CVE-2022-24564,0.00885,0.26162
CVE-2022-24565,0.00885,0.26162
CVE-2022-24566,0.00885,0.26162
CVE-2022-24568,0.00885,0.26162
CVE-2022-2457,0.00885,0.26162
CVE-2022-24571,0.00954,0.34522
CVE-2022-24572,0.00885,0.26162
CVE-2022-24573,0.00885,0.26162
CVE-2022-24574,0.00885,0.26162
CVE-2022-24575,0.00885,0.26162
CVE-2022-24576,0.00885,0.26162
CVE-2022-24577,0.00954,0.34522
CVE-2022-24578,0.00885,0.26162
CVE-2022-2458,0.00885,0.26162
CVE-2022-24581,0.00954,0.34522
CVE-2022-24582,0.00885,0.26162
CVE-2022-24584,0.0095,0.30554
CVE-2022-24585,0.00885,0.26162
CVE-2022-24586,0.00885,0.26162
CVE-2022-24587,0.00885,0.26162
CVE-2022-24588,0.00885,0.26162
CVE-2022-24589,0.00885,0.26162
CVE-2022-2459,0.0089,0.2856
CVE-2022-24590,0.00885,0.26162
CVE-2022-24594,0.00885,0.26162
CVE-2022-24595,0.00885,0.26162
CVE-2022-24599,0.00885,0.26162
CVE-2022-2460,0.00885,0.26162
CVE-2022-24600,0.00885,0.26162
CVE-2022-24601,0.00885,0.26162
CVE-2022-24602,0.00885,0.26162
CVE-2022-24603,0.00885,0.26162
CVE-2022-24604,0.00885,0.26162
CVE-2022-24605,0.00885,0.26162
CVE-2022-24606,0.00885,0.26162
CVE-2022-24607,0.00885,0.26162
CVE-2022-24608,0.00885,0.26162
CVE-2022-24609,0.00885,0.26162
CVE-2022-24610,0.00885,0.26162
CVE-2022-24612,0.00885,0.26162
CVE-2022-24613,0.00885,0.26162
CVE-2022-24614,0.00885,0.26162
CVE-2022-24615,0.00885,0.26162
CVE-2022-24618,0.00885,0.26162
CVE-2022-24620,0.00885,0.26162
CVE-2022-2463,0.00885,0.26162
CVE-2022-24633,0.00885,0.26162
CVE-2022-2464,0.00885,0.26162
CVE-2022-24643,0.0089,0.2856
CVE-2022-24646,0.00954,0.34522
CVE-2022-24647,0.00885,0.26162
CVE-2022-2465,0.01103,0.51945
CVE-2022-24651,0.01424,0.72364
CVE-2022-24652,0.01424,0.72364
CVE-2022-24654,0.0089,0.2856
CVE-2022-24655,0.01365,0.70715
CVE-2022-24656,0.00885,0.26162
CVE-2022-24657,0.00885,0.26162
CVE-2022-24659,0.00885,0.26162
CVE-2022-2466,0.00885,0.26162
CVE-2022-24660,0.00885,0.26162
CVE-2022-24661,0.01036,0.41241
CVE-2022-24663,0.01086,0.51674
CVE-2022-24664,0.01086,0.51674
CVE-2022-24665,0.01086,0.51674
CVE-2022-24666,0.00885,0.26162
CVE-2022-24667,0.00885,0.26162
CVE-2022-24668,0.00885,0.26162
CVE-2022-2467,0.00885,0.26162
CVE-2022-24671,0.00885,0.26162
CVE-2022-24676,0.00885,0.26162
CVE-2022-24677,0.01156,0.60033
CVE-2022-24678,0.00954,0.34522
CVE-2022-24679,0.0089,0.2856
CVE-2022-2468,0.00885,0.26162
CVE-2022-24680,0.0089,0.2856
CVE-2022-24681,0.0176,0.7531
CVE-2022-24682,0.01018,0.38792
CVE-2022-24683,0.00954,0.34522
CVE-2022-24684,0.0095,0.30554
CVE-2022-24685,0.01018,0.38792
CVE-2022-24686,0.00954,0.34522
CVE-2022-24687,0.0095,0.30554
CVE-2022-24688,0.02432,0.8082
CVE-2022-24689,0.01055,0.50287
CVE-2022-2469,0.0089,0.2856
CVE-2022-24690,0.00885,0.26162
CVE-2022-24691,0.00885,0.26162
CVE-2022-24692,0.0144,0.7265
CVE-2022-24693,0.01136,0.57949
CVE-2022-24694,0.00885,0.26162
CVE-2022-24696,0.00885,0.26162
CVE-2022-2470,0.00885,0.26162
CVE-2022-24700,0.00885,0.26162
CVE-2022-24701,0.00885,0.26162
CVE-2022-24702,0.01018,0.38792
CVE-2022-24704,0.00885,0.26162
CVE-2022-24705,0.00885,0.26162
CVE-2022-24708,0.00885,0.26162
CVE-2022-24709,0.00885,0.26162
CVE-2022-24710,0.0095,0.30554
CVE-2022-24711,0.00885,0.26162
CVE-2022-24712,0.01055,0.50287
CVE-2022-24714,0.00954,0.34522
CVE-2022-24715,0.02199,0.80273
CVE-2022-24716,0.00954,0.34522
CVE-2022-24717,0.01018,0.38792
CVE-2022-24718,0.0089,0.2856
CVE-2022-24719,0.01018,0.38792
CVE-2022-24720,0.00885,0.26162
CVE-2022-24721,0.01055,0.50287
CVE-2022-24722,0.01018,0.38792
CVE-2022-24723,0.01018,0.38792
CVE-2022-24724,0.07154,0.91917
CVE-2022-24725,0.0089,0.2856
CVE-2022-24726,0.00954,0.34522
CVE-2022-24728,0.0095,0.30554
CVE-2022-24729,0.01018,0.38792
CVE-2022-24730,0.00885,0.26162
CVE-2022-24731,0.00885,0.26162
CVE-2022-24732,0.00885,0.26162
CVE-2022-24733,0.01018,0.38792
CVE-2022-24735,0.02378,0.80704
CVE-2022-24736,0.01282,0.67298
CVE-2022-24737,0.01108,0.53389
CVE-2022-24738,0.00954,0.34522
CVE-2022-24739,0.01018,0.38792
CVE-2022-24740,0.00885,0.26162
CVE-2022-24741,0.01018,0.38792
CVE-2022-24742,0.01018,0.38792
CVE-2022-24743,0.00954,0.34522
CVE-2022-24744,0.00885,0.26162
CVE-2022-24745,0.00885,0.26162
CVE-2022-24746,0.00954,0.34522
CVE-2022-24747,0.00954,0.34522
CVE-2022-24748,0.00885,0.26162
CVE-2022-24749,0.01018,0.38792
CVE-2022-24750,0.0089,0.2856
CVE-2022-24751,0.00954,0.34522
CVE-2022-24752,0.01018,0.38792
CVE-2022-24753,0.00885,0.26162
CVE-2022-24754,0.00954,0.34522
CVE-2022-24755,0.01018,0.38792
CVE-2022-24756,0.01018,0.38792
CVE-2022-24757,0.00885,0.26162
CVE-2022-24758,0.00885,0.26162
CVE-2022-24759,0.00954,0.34522
CVE-2022-2476,0.00885,0.26162
CVE-2022-24760,0.05634,0.89764
CVE-2022-24761,0.01018,0.38792
CVE-2022-24762,0.01018,0.38792
CVE-2022-24763,0.00954,0.34522
CVE-2022-24764,0.00954,0.34522
CVE-2022-24765,0.01282,0.67298
CVE-2022-24766,0.00954,0.34522
CVE-2022-24767,0.02844,0.8238
CVE-2022-24768,0.0095,0.30554
CVE-2022-24769,0.01537,0.73595
CVE-2022-2477,0.00954,0.34522
CVE-2022-24770,0.00954,0.34522
CVE-2022-24771,0.00885,0.26162
CVE-2022-24772,0.00954,0.34522
CVE-2022-24773,0.00954,0.34522
CVE-2022-24774,0.0089,0.2856
CVE-2022-24775,0.01018,0.38792
CVE-2022-24776,0.00954,0.34522
CVE-2022-24777,0.00885,0.26162
CVE-2022-24778,0.01319,0.70416
CVE-2022-2478,0.01055,0.50287
CVE-2022-24781,0.0089,0.2856
CVE-2022-24782,0.0089,0.2856
CVE-2022-24783,0.00885,0.26162
CVE-2022-24784,0.00954,0.34522
CVE-2022-24785,0.01108,0.53389
CVE-2022-24786,0.00885,0.26162
CVE-2022-24787,0.00885,0.26162
CVE-2022-24788,0.00885,0.26162
CVE-2022-24789,0.00885,0.26162
CVE-2022-2479,0.00954,0.34522
CVE-2022-24790,0.01018,0.38792
CVE-2022-24791,0.00885,0.26162
CVE-2022-24792,0.00954,0.34522
CVE-2022-24793,0.00954,0.34522
CVE-2022-24794,0.00885,0.26162
CVE-2022-24795,0.02509,0.81058
CVE-2022-24796,0.02432,0.8082
CVE-2022-24797,0.00954,0.34522
CVE-2022-24798,0.00954,0.34522
CVE-2022-24799,0.00954,0.34522
CVE-2022-2480,0.01213,0.6557
CVE-2022-24800,0.01978,0.78447
CVE-2022-24801,0.01108,0.53389
CVE-2022-24802,0.00954,0.34522
CVE-2022-24803,0.00954,0.34522
CVE-2022-24804,0.00885,0.26162
CVE-2022-2481,0.01136,0.57949
CVE-2022-24811,0.0089,0.2856
CVE-2022-24812,0.0095,0.30554
CVE-2022-24813,0.00954,0.34522
CVE-2022-24814,0.00954,0.34522
CVE-2022-24815,0.00954,0.34522
CVE-2022-24816,0.01978,0.78447
CVE-2022-24817,0.00885,0.26162
CVE-2022-24818,0.02275,0.80593
CVE-2022-24819,0.00885,0.26162
CVE-2022-24820,0.00885,0.26162
CVE-2022-24821,0.00885,0.26162
CVE-2022-24822,0.01018,0.38792
CVE-2022-24823,0.0095,0.30554
CVE-2022-24824,0.00885,0.26162
CVE-2022-24825,0.00885,0.26162
CVE-2022-24826,0.01005,0.36332
CVE-2022-24827,0.00954,0.34522
CVE-2022-24828,0.01108,0.53389
CVE-2022-24829,0.00885,0.26162
CVE-2022-24830,0.01978,0.78447
CVE-2022-24831,0.00885,0.26162
CVE-2022-24832,0.01104,0.52279
CVE-2022-24833,0.0144,0.7265
CVE-2022-24836,0.01108,0.53389
CVE-2022-24837,0.00954,0.34522
CVE-2022-24838,0.02211,0.80357
CVE-2022-24839,0.00954,0.34522
CVE-2022-24840,0.00885,0.26162
CVE-2022-24841,0.00885,0.26162
CVE-2022-24842,0.0089,0.2856
CVE-2022-24843,0.00954,0.34522
CVE-2022-24844,0.00885,0.26162
CVE-2022-24845,0.00885,0.26162
CVE-2022-24846,0.01086,0.51674
CVE-2022-24847,0.01086,0.51674
CVE-2022-24848,0.0095,0.30554
CVE-2022-24849,0.00885,0.26162
CVE-2022-2485,0.00885,0.26162
CVE-2022-24850,0.00885,0.26162
CVE-2022-24851,0.0095,0.30554
CVE-2022-24853,0.00954,0.34522
CVE-2022-24854,0.00885,0.26162
CVE-2022-24855,0.00885,0.26162
CVE-2022-24856,0.01018,0.38792
CVE-2022-24857,0.0095,0.30554
CVE-2022-24858,0.00954,0.34522
CVE-2022-24859,0.01018,0.38792
CVE-2022-2486,0.02055,0.7893
CVE-2022-24860,0.01018,0.38792
CVE-2022-24861,0.04571,0.88388
CVE-2022-24862,0.00885,0.26162
CVE-2022-24863,0.01018,0.38792
CVE-2022-24864,0.0089,0.2856
CVE-2022-24865,0.0089,0.2856
CVE-2022-24866,0.00885,0.26162
CVE-2022-24867,0.00885,0.26162
CVE-2022-24868,0.00885,0.26162
CVE-2022-24869,0.0095,0.30554
CVE-2022-2487,0.02055,0.7893
CVE-2022-24870,0.0089,0.2856
CVE-2022-24871,0.0089,0.2856
CVE-2022-24872,0.0089,0.2856
CVE-2022-24873,0.00954,0.34522
CVE-2022-24875,0.00885,0.26162
CVE-2022-24876,0.00885,0.26162
CVE-2022-24877,0.00885,0.26162
CVE-2022-24878,0.00885,0.26162
CVE-2022-24879,0.00954,0.34522
CVE-2022-2488,0.02055,0.7893
CVE-2022-24880,0.01018,0.38792
CVE-2022-24881,0.05634,0.89764
CVE-2022-24882,0.01108,0.53389
CVE-2022-24883,0.01108,0.53389
CVE-2022-24884,0.01183,0.60428
CVE-2022-24885,0.00954,0.34522
CVE-2022-24886,0.0089,0.2856
CVE-2022-24887,0.00954,0.34522
CVE-2022-24888,0.0095,0.30554
CVE-2022-24889,0.01018,0.38792
CVE-2022-2489,0.00885,0.26162
CVE-2022-24890,0.0095,0.30554
CVE-2022-24891,0.01018,0.38792
CVE-2022-24892,0.0089,0.2856
CVE-2022-24893,0.00885,0.26162
CVE-2022-24896,0.0095,0.30554
CVE-2022-24897,0.0095,0.30554
CVE-2022-24898,0.0089,0.2856
CVE-2022-24899,0.00954,0.34522
CVE-2022-2490,0.00885,0.26162
CVE-2022-24900,0.01018,0.38792
CVE-2022-24901,0.00885,0.26162
CVE-2022-24902,0.00885,0.26162
CVE-2022-24903,0.05634,0.89764
CVE-2022-24904,0.0095,0.30554
CVE-2022-24905,0.01018,0.38792
CVE-2022-24906,0.0089,0.2856
CVE-2022-2491,0.00885,0.26162
CVE-2022-24910,0.01888,0.76438
CVE-2022-24912,0.00954,0.34522
CVE-2022-24915,0.00885,0.26162
CVE-2022-24916,0.01018,0.38792
CVE-2022-24917,0.0095,0.30554
CVE-2022-24918,0.0095,0.30554
CVE-2022-24919,0.0095,0.30554
CVE-2022-2492,0.00885,0.26162
CVE-2022-24921,0.01018,0.38792
CVE-2022-24923,0.00885,0.26162
CVE-2022-24925,0.00885,0.26162
CVE-2022-24926,0.00885,0.26162
CVE-2022-24927,0.00885,0.26162
CVE-2022-24928,0.00885,0.26162
CVE-2022-24929,0.00885,0.26162
CVE-2022-2493,0.00885,0.26162
CVE-2022-24930,0.00885,0.26162
CVE-2022-24931,0.00885,0.26162
CVE-2022-24932,0.00885,0.26162
CVE-2022-24935,0.00885,0.26162
CVE-2022-2494,0.00885,0.26162
CVE-2022-24946,0.01136,0.57949
CVE-2022-24947,0.00885,0.26162
CVE-2022-24948,0.00885,0.26162
CVE-2022-24949,0.00885,0.26162
CVE-2022-2495,0.00885,0.26162
CVE-2022-24950,0.00885,0.26162
CVE-2022-24951,0.00885,0.26162
CVE-2022-24952,0.00885,0.26162
CVE-2022-24953,0.00885,0.26162
CVE-2022-24954,0.00885,0.26162
CVE-2022-24955,0.00885,0.26162
CVE-2022-24956,0.01055,0.50287
CVE-2022-24957,0.00885,0.26162
CVE-2022-24958,0.01034,0.39824
CVE-2022-24959,0.0095,0.30554
CVE-2022-24960,0.00885,0.26162
CVE-2022-24961,0.01018,0.38792
CVE-2022-24967,0.00885,0.26162
CVE-2022-24968,0.00885,0.26162
CVE-2022-24969,0.00885,0.26162
CVE-2022-2497,0.0089,0.2856
CVE-2022-24971,0.01689,0.75137
CVE-2022-24974,0.00885,0.26162
CVE-2022-24975,0.00885,0.26162
CVE-2022-24976,0.00954,0.34522
CVE-2022-24977,0.05634,0.89764
CVE-2022-24978,0.00885,0.26162
CVE-2022-24979,0.00885,0.26162
CVE-2022-2498,0.00954,0.34522
CVE-2022-24980,0.00885,0.26162
CVE-2022-24981,0.01136,0.57949
CVE-2022-24982,0.01061,0.51015
CVE-2022-24983,0.05634,0.89764
CVE-2022-24984,0.05634,0.89764
CVE-2022-24985,0.01061,0.51015
CVE-2022-24986,0.00885,0.26162
CVE-2022-24988,0.00885,0.26162
CVE-2022-2499,0.0089,0.2856
CVE-2022-24992,0.00954,0.34522
CVE-2022-24995,0.00885,0.26162
CVE-2022-2500,0.0089,0.2856
CVE-2022-25003,0.00954,0.34522
CVE-2022-25004,0.00954,0.34522
CVE-2022-25008,0.00885,0.26162
CVE-2022-2501,0.00954,0.34522
CVE-2022-25010,0.00885,0.26162
CVE-2022-25012,0.00885,0.26162
CVE-2022-25013,0.00885,0.26162
CVE-2022-25014,0.00885,0.26162
CVE-2022-25015,0.00885,0.26162
CVE-2022-25016,0.01338,0.70562
CVE-2022-25017,0.02055,0.7893
CVE-2022-25018,0.02199,0.80273
CVE-2022-25020,0.0095,0.30554
CVE-2022-25022,0.0095,0.30554
CVE-2022-25023,0.00885,0.26162
CVE-2022-25028,0.00885,0.26162
CVE-2022-2503,0.01036,0.41241
CVE-2022-25031,0.00885,0.26162
CVE-2022-25041,0.0089,0.2856
CVE-2022-25044,0.00885,0.26162
CVE-2022-25045,0.00885,0.26162
CVE-2022-25046,0.01086,0.51674
CVE-2022-25047,0.00885,0.26162
CVE-2022-25048,0.02055,0.7893
CVE-2022-25050,0.00954,0.34522
CVE-2022-25051,0.00954,0.34522
CVE-2022-25060,0.02211,0.80357
CVE-2022-25061,0.02211,0.80357
CVE-2022-25062,0.00954,0.34522
CVE-2022-25069,0.01689,0.75137
CVE-2022-25072,0.01086,0.51674
CVE-2022-25073,0.01086,0.51674
CVE-2022-25074,0.01086,0.51674
CVE-2022-25075,0.02055,0.7893
CVE-2022-25076,0.02055,0.7893
CVE-2022-25077,0.02055,0.7893
CVE-2022-25078,0.02055,0.7893
CVE-2022-25079,0.02055,0.7893
CVE-2022-25080,0.02055,0.7893
CVE-2022-25081,0.02055,0.7893
CVE-2022-25082,0.02055,0.7893
CVE-2022-25083,0.02055,0.7893
CVE-2022-2509,0.01018,0.38792
CVE-2022-25094,0.01156,0.60033
CVE-2022-25095,0.00885,0.26162
CVE-2022-25096,0.00954,0.34522
CVE-2022-25098,0.00885,0.26162
CVE-2022-25099,0.01036,0.41241
CVE-2022-2510,0.00885,0.26162
CVE-2022-25101,0.01036,0.41241
CVE-2022-25104,0.00885,0.26162
CVE-2022-25106,0.00954,0.34522
CVE-2022-25108,0.00885,0.26162
CVE-2022-2511,0.00885,0.26162
CVE-2022-25114,0.00885,0.26162
CVE-2022-25115,0.01103,0.51945
CVE-2022-2512,0.00885,0.26162
CVE-2022-25125,0.00885,0.26162
CVE-2022-25130,0.02055,0.7893
CVE-2022-25131,0.02055,0.7893
CVE-2022-25132,0.02055,0.7893
CVE-2022-25133,0.02055,0.7893
CVE-2022-25134,0.02055,0.7893
CVE-2022-25135,0.02055,0.7893
CVE-2022-25136,0.02055,0.7893
CVE-2022-25137,0.02055,0.7893
CVE-2022-25138,0.00885,0.26162
CVE-2022-25139,0.00954,0.34522
CVE-2022-2514,0.00885,0.26162
CVE-2022-25146,0.00954,0.34522
CVE-2022-25148,0.00954,0.34522
CVE-2022-25149,0.00954,0.34522
CVE-2022-25150,0.00885,0.26162
CVE-2022-25151,0.01055,0.50287
CVE-2022-25152,0.0144,0.7265
CVE-2022-25153,0.00885,0.26162
CVE-2022-25154,0.00885,0.26162
CVE-2022-25155,0.01136,0.57949
CVE-2022-25156,0.01136,0.57949
CVE-2022-25157,0.01136,0.57949
CVE-2022-25158,0.01136,0.57949
CVE-2022-25159,0.01136,0.57949
CVE-2022-25160,0.01136,0.57949
CVE-2022-25161,0.05634,0.89764
CVE-2022-25162,0.01136,0.57949
CVE-2022-25163,0.01055,0.50287
CVE-2022-25165,0.00885,0.26162
CVE-2022-25166,0.00885,0.26162
CVE-2022-25167,0.05634,0.89764
CVE-2022-25168,0.01156,0.60033
CVE-2022-25169,0.01246,0.66436
CVE-2022-25170,0.01036,0.41241
CVE-2022-25172,0.00885,0.26162
CVE-2022-25173,0.00885,0.26162
CVE-2022-25174,0.00885,0.26162
CVE-2022-25175,0.00885,0.26162
CVE-2022-25176,0.00885,0.26162
CVE-2022-25177,0.00885,0.26162
CVE-2022-25178,0.00885,0.26162
CVE-2022-25179,0.00885,0.26162
CVE-2022-25180,0.00885,0.26162
CVE-2022-25181,0.02096,0.7907
CVE-2022-25182,0.02096,0.7907
CVE-2022-25183,0.02096,0.7907
CVE-2022-25184,0.00885,0.26162
CVE-2022-25185,0.00885,0.26162
CVE-2022-25186,0.00885,0.26162
CVE-2022-25187,0.00885,0.26162
CVE-2022-25188,0.00885,0.26162
CVE-2022-25189,0.00885,0.26162
CVE-2022-2519,0.00885,0.26162
CVE-2022-25190,0.00885,0.26162
CVE-2022-25191,0.00885,0.26162
CVE-2022-25192,0.00885,0.26162
CVE-2022-25193,0.00885,0.26162
CVE-2022-25194,0.00885,0.26162
CVE-2022-25195,0.00885,0.26162
CVE-2022-25196,0.00885,0.26162
CVE-2022-25197,0.00885,0.26162
CVE-2022-25198,0.00885,0.26162
CVE-2022-25199,0.00885,0.26162
CVE-2022-2520,0.00885,0.26162
CVE-2022-25200,0.00885,0.26162
CVE-2022-25201,0.00885,0.26162
CVE-2022-25202,0.00885,0.26162
CVE-2022-25203,0.00885,0.26162
CVE-2022-25204,0.00885,0.26162
CVE-2022-25205,0.00885,0.26162
CVE-2022-25206,0.00885,0.26162
CVE-2022-25207,0.00885,0.26162
CVE-2022-25208,0.00885,0.26162
CVE-2022-25209,0.00885,0.26162
CVE-2022-2521,0.00885,0.26162
CVE-2022-25210,0.00885,0.26162
CVE-2022-25211,0.00885,0.26162
CVE-2022-25212,0.00885,0.26162
CVE-2022-25213,0.00885,0.26162
CVE-2022-25214,0.01055,0.50287
CVE-2022-25215,0.01055,0.50287
CVE-2022-25216,0.01055,0.50287
CVE-2022-25217,0.00885,0.26162
CVE-2022-25218,0.00885,0.26162
CVE-2022-25219,0.00885,0.26162
CVE-2022-2522,0.01018,0.38792
CVE-2022-25220,0.00885,0.26162
CVE-2022-25221,0.00885,0.26162
CVE-2022-25222,0.00885,0.26162
CVE-2022-25223,0.00885,0.26162
CVE-2022-25224,0.00885,0.26162
CVE-2022-25225,0.01978,0.78447
CVE-2022-25226,0.01086,0.51674
CVE-2022-25227,0.01055,0.50287
CVE-2022-25228,0.00885,0.26162
CVE-2022-25229,0.00885,0.26162
CVE-2022-2523,0.00885,0.26162
CVE-2022-25230,0.01036,0.41241
CVE-2022-25231,0.00954,0.34522
CVE-2022-25234,0.01036,0.41241
CVE-2022-25237,0.01978,0.78447
CVE-2022-25238,0.0095,0.30554
CVE-2022-25241,0.00954,0.34522
CVE-2022-25242,0.00885,0.26162
CVE-2022-25243,0.0089,0.2856
CVE-2022-25244,0.00885,0.26162
CVE-2022-25245,0.0176,0.7531
CVE-2022-25246,0.01055,0.50287
CVE-2022-25247,0.01978,0.78447
CVE-2022-25248,0.00885,0.26162
CVE-2022-25249,0.01055,0.50287
CVE-2022-25250,0.01055,0.50287
CVE-2022-25251,0.01055,0.50287
CVE-2022-25252,0.01055,0.50287
CVE-2022-25255,0.0095,0.30554
CVE-2022-25256,0.00954,0.34522
CVE-2022-25258,0.01183,0.60428
CVE-2022-25259,0.00885,0.26162
CVE-2022-25260,0.00885,0.26162
CVE-2022-25261,0.00885,0.26162
CVE-2022-25263,0.02055,0.7893
CVE-2022-25264,0.00885,0.26162
CVE-2022-25265,0.01365,0.70715
CVE-2022-25266,0.00885,0.26162
CVE-2022-25267,0.00885,0.26162
CVE-2022-25268,0.00885,0.26162
CVE-2022-25269,0.00885,0.26162
CVE-2022-25270,0.00885,0.26162
CVE-2022-25271,0.00885,0.26162
CVE-2022-25290,0.01055,0.50287
CVE-2022-25291,0.01156,0.60033
CVE-2022-25292,0.01978,0.78447
CVE-2022-25293,0.01978,0.78447
CVE-2022-25294,0.00885,0.26162
CVE-2022-25296,0.00885,0.26162
CVE-2022-25297,0.0089,0.2856
CVE-2022-25298,0.00885,0.26162
CVE-2022-25299,0.00885,0.26162
CVE-2022-25301,0.00885,0.26162
CVE-2022-25302,0.00885,0.26162
CVE-2022-25303,0.00954,0.34522
CVE-2022-25304,0.00954,0.34522
CVE-2022-25305,0.00954,0.34522
CVE-2022-25306,0.00954,0.34522
CVE-2022-25307,0.00954,0.34522
CVE-2022-2531,0.00954,0.34522
CVE-2022-25311,0.00885,0.26162
CVE-2022-25312,0.00885,0.26162
CVE-2022-25317,0.00885,0.26162
CVE-2022-25318,0.00885,0.26162
CVE-2022-25319,0.00885,0.26162
CVE-2022-2532,0.00885,0.26162
CVE-2022-25320,0.00885,0.26162
CVE-2022-25321,0.00885,0.26162
CVE-2022-25322,0.00885,0.26162
CVE-2022-25323,0.00885,0.26162
CVE-2022-25324,0.00885,0.26162
CVE-2022-25325,0.01036,0.41241
CVE-2022-25326,0.00885,0.26162
CVE-2022-25327,0.00885,0.26162
CVE-2022-25328,0.00885,0.26162
CVE-2022-25329,0.01055,0.50287
CVE-2022-25330,0.01978,0.78447
CVE-2022-25331,0.01055,0.50287
CVE-2022-25335,0.01018,0.38792
CVE-2022-25336,0.00885,0.26162
CVE-2022-25337,0.00885,0.26162
CVE-2022-25338,0.00885,0.26162
CVE-2022-25339,0.00885,0.26162
CVE-2022-2534,0.00885,0.26162
CVE-2022-25342,0.00885,0.26162
CVE-2022-25343,0.00885,0.26162
CVE-2022-25344,0.00885,0.26162
CVE-2022-25345,0.00885,0.26162
CVE-2022-25347,0.00885,0.26162
CVE-2022-25348,0.01005,0.36332
CVE-2022-25349,0.00954,0.34522
CVE-2022-2535,0.00885,0.26162
CVE-2022-25352,0.00954,0.34522
CVE-2022-25354,0.00954,0.34522
CVE-2022-25355,0.01055,0.50287
CVE-2022-25356,0.00954,0.34522
CVE-2022-25357,0.00885,0.26162
CVE-2022-25358,0.00885,0.26162
CVE-2022-25359,0.01055,0.50287
CVE-2022-25360,0.01055,0.50287
CVE-2022-25361,0.01055,0.50287
CVE-2022-25363,0.01055,0.50287
CVE-2022-25364,0.00885,0.26162
CVE-2022-25365,0.00885,0.26162
CVE-2022-25366,0.00885,0.26162
CVE-2022-25368,0.0089,0.2856
CVE-2022-2537,0.00885,0.26162
CVE-2022-25370,0.00885,0.26162
CVE-2022-25371,0.03948,0.85208
CVE-2022-25372,0.0089,0.2856
CVE-2022-25373,0.0089,0.2856
CVE-2022-25374,0.00885,0.26162
CVE-2022-25375,0.01104,0.52279
CVE-2022-2538,0.00885,0.26162
CVE-2022-25389,0.00885,0.26162
CVE-2022-2539,0.00885,0.26162
CVE-2022-25390,0.01156,0.60033
CVE-2022-25393,0.00885,0.26162
CVE-2022-25394,0.00885,0.26162
CVE-2022-25395,0.00885,0.26162
CVE-2022-25396,0.00885,0.26162
CVE-2022-25398,0.00885,0.26162
CVE-2022-25399,0.00885,0.26162
CVE-2022-25401,0.00885,0.26162
CVE-2022-25402,0.00885,0.26162
CVE-2022-25403,0.00885,0.26162
CVE-2022-25404,0.00885,0.26162
CVE-2022-25405,0.00885,0.26162
CVE-2022-25406,0.00885,0.26162
CVE-2022-25407,0.00885,0.26162
CVE-2022-25408,0.00885,0.26162
CVE-2022-25409,0.00885,0.26162
CVE-2022-25410,0.00885,0.26162
CVE-2022-25411,0.01156,0.60033
CVE-2022-25412,0.00885,0.26162
CVE-2022-25413,0.00885,0.26162
CVE-2022-25414,0.00885,0.26162
CVE-2022-25417,0.00885,0.26162
CVE-2022-25418,0.00885,0.26162
CVE-2022-25420,0.01086,0.51674
CVE-2022-25427,0.00885,0.26162
CVE-2022-25428,0.00885,0.26162
CVE-2022-25429,0.00885,0.26162
CVE-2022-25431,0.00885,0.26162
CVE-2022-25433,0.00885,0.26162
CVE-2022-25434,0.00885,0.26162
CVE-2022-25435,0.00885,0.26162
CVE-2022-25437,0.00885,0.26162
CVE-2022-25438,0.01156,0.60033
CVE-2022-25439,0.00885,0.26162
CVE-2022-2544,0.00885,0.26162
CVE-2022-25440,0.00885,0.26162
CVE-2022-25441,0.01156,0.60033
CVE-2022-25445,0.00885,0.26162
CVE-2022-25446,0.00885,0.26162
CVE-2022-25447,0.00885,0.26162
CVE-2022-25448,0.00885,0.26162
CVE-2022-25449,0.00885,0.26162
CVE-2022-25450,0.00885,0.26162
CVE-2022-25451,0.00885,0.26162
CVE-2022-25452,0.00885,0.26162
CVE-2022-25453,0.00885,0.26162
CVE-2022-25454,0.00885,0.26162
CVE-2022-25455,0.00885,0.26162
CVE-2022-25456,0.00885,0.26162
CVE-2022-25457,0.00885,0.26162
CVE-2022-25458,0.00885,0.26162
CVE-2022-25459,0.00885,0.26162
CVE-2022-25460,0.00885,0.26162
CVE-2022-25461,0.00885,0.26162
CVE-2022-25462,0.00885,0.26162
CVE-2022-25464,0.00885,0.26162
CVE-2022-25465,0.00885,0.26162
CVE-2022-2547,0.00885,0.26162
CVE-2022-25471,0.0089,0.2856
CVE-2022-25481,0.00885,0.26162
CVE-2022-25484,0.00885,0.26162
CVE-2022-25485,0.00885,0.26162
CVE-2022-25486,0.00885,0.26162
CVE-2022-25487,0.01978,0.78447
CVE-2022-25488,0.00885,0.26162
CVE-2022-25489,0.00885,0.26162
CVE-2022-2549,0.00885,0.26162
CVE-2022-25490,0.00885,0.26162
CVE-2022-25491,0.00885,0.26162
CVE-2022-25492,0.00885,0.26162
CVE-2022-25493,0.00885,0.26162
CVE-2022-25494,0.00885,0.26162
CVE-2022-25495,0.01086,0.51674
CVE-2022-25497,0.00885,0.26162
CVE-2022-25498,0.01156,0.60033
CVE-2022-2550,0.02055,0.7893
CVE-2022-25505,0.00885,0.26162
CVE-2022-25506,0.00885,0.26162
CVE-2022-25507,0.00885,0.26162
CVE-2022-25508,0.00885,0.26162
CVE-2022-2551,0.00885,0.26162
CVE-2022-25510,0.00885,0.26162
CVE-2022-25511,0.00885,0.26162
CVE-2022-25512,0.00885,0.26162
CVE-2022-25514,0.00885,0.26162
CVE-2022-25515,0.00885,0.26162
CVE-2022-25516,0.00885,0.26162
CVE-2022-25517,0.00885,0.26162
CVE-2022-25518,0.00885,0.26162
CVE-2022-2552,0.00885,0.26162
CVE-2022-25521,0.00885,0.26162
CVE-2022-25523,0.00954,0.34522
CVE-2022-2553,0.00885,0.26162
CVE-2022-25546,0.00885,0.26162
CVE-2022-25547,0.00885,0.26162
CVE-2022-25548,0.00885,0.26162
CVE-2022-25549,0.00885,0.26162
CVE-2022-2555,0.00885,0.26162
CVE-2022-25550,0.00885,0.26162
CVE-2022-25551,0.00885,0.26162
CVE-2022-25552,0.00885,0.26162
CVE-2022-25553,0.00885,0.26162
CVE-2022-25554,0.00885,0.26162
CVE-2022-25555,0.00885,0.26162
CVE-2022-25556,0.00885,0.26162
CVE-2022-25557,0.00885,0.26162
CVE-2022-25558,0.00885,0.26162
CVE-2022-2556,0.00885,0.26162
CVE-2022-25560,0.00885,0.26162
CVE-2022-25561,0.00885,0.26162
CVE-2022-25566,0.00885,0.26162
CVE-2022-25568,0.00885,0.26162
CVE-2022-25569,0.00885,0.26162
CVE-2022-2557,0.00885,0.26162
CVE-2022-25570,0.00885,0.26162
CVE-2022-25571,0.00885,0.26162
CVE-2022-25574,0.00885,0.26162
CVE-2022-25575,0.00885,0.26162
CVE-2022-25576,0.00885,0.26162
CVE-2022-25577,0.00885,0.26162
CVE-2022-25578,0.0144,0.7265
CVE-2022-2558,0.00885,0.26162
CVE-2022-25581,0.01276,0.66501
CVE-2022-25582,0.00885,0.26162
CVE-2022-25584,0.00885,0.26162
CVE-2022-25585,0.00885,0.26162
CVE-2022-2559,0.00885,0.26162
CVE-2022-25590,0.00954,0.34522
CVE-2022-25591,0.00885,0.26162
CVE-2022-25594,0.01055,0.50287
CVE-2022-25595,0.00885,0.26162
CVE-2022-25596,0.01036,0.41241
CVE-2022-25597,0.01005,0.35949
CVE-2022-25598,0.00885,0.26162
CVE-2022-25599,0.00885,0.26162
CVE-2022-25600,0.01018,0.38792
CVE-2022-25601,0.01018,0.38792
CVE-2022-25602,0.00885,0.26162
CVE-2022-25603,0.00885,0.26162
CVE-2022-25604,0.00885,0.26162
CVE-2022-25605,0.00885,0.26162
CVE-2022-25606,0.00885,0.26162
CVE-2022-25607,0.00885,0.26162
CVE-2022-25608,0.00885,0.26162
CVE-2022-25609,0.00885,0.26162
CVE-2022-25610,0.00885,0.26162
CVE-2022-25611,0.00885,0.26162
CVE-2022-25612,0.00885,0.26162
CVE-2022-25613,0.00885,0.26162
CVE-2022-25614,0.00885,0.26162
CVE-2022-25615,0.00885,0.26162
CVE-2022-25617,0.00885,0.26162
CVE-2022-25618,0.00885,0.26162
CVE-2022-25619,0.01005,0.35949
CVE-2022-25620,0.01086,0.51674
CVE-2022-25621,0.01055,0.50287
CVE-2022-25622,0.00885,0.26162
CVE-2022-25623,0.00885,0.26162
CVE-2022-25625,0.00885,0.26162
CVE-2022-25634,0.01018,0.38792
CVE-2022-25635,0.00885,0.26162
CVE-2022-25638,0.00885,0.26162
CVE-2022-2564,0.00885,0.26162
CVE-2022-25641,0.00885,0.26162
CVE-2022-25642,0.04836,0.88802
CVE-2022-25643,0.00954,0.34522
CVE-2022-25644,0.0144,0.7265
CVE-2022-25645,0.00954,0.34522
CVE-2022-25646,0.00954,0.34522
CVE-2022-25647,0.01108,0.53389
CVE-2022-25648,0.02564,0.81198
CVE-2022-25649,0.00885,0.26162
CVE-2022-25650,0.00885,0.26162
CVE-2022-25651,0.00885,0.26162
CVE-2022-25657,0.00885,0.26162
CVE-2022-25658,0.00885,0.26162
CVE-2022-25659,0.00885,0.26162
CVE-2022-25668,0.00885,0.26162
CVE-2022-2568,0.01055,0.50287
CVE-2022-25680,0.00885,0.26162
CVE-2022-2569,0.00885,0.26162
CVE-2022-2571,0.00885,0.26162
CVE-2022-25751,0.01055,0.50287
CVE-2022-25752,0.01055,0.50287
CVE-2022-25753,0.01156,0.60033
CVE-2022-25754,0.01055,0.50287
CVE-2022-25755,0.01055,0.50287
CVE-2022-25756,0.00885,0.26162
CVE-2022-25757,0.00885,0.26162
CVE-2022-25758,0.00954,0.34522
CVE-2022-25759,0.01213,0.6557
CVE-2022-2576,0.00885,0.26162
CVE-2022-25760,0.00885,0.26162
CVE-2022-25761,0.01018,0.38792
CVE-2022-25762,0.00954,0.34522
CVE-2022-25763,0.01246,0.66436
CVE-2022-25766,0.04571,0.88388
CVE-2022-25767,0.01978,0.78447
CVE-2022-2577,0.00885,0.26162
CVE-2022-25772,0.01055,0.50287
CVE-2022-25778,0.00885,0.26162
CVE-2022-25779,0.00885,0.26162
CVE-2022-2578,0.00885,0.26162
CVE-2022-25780,0.00885,0.26162
CVE-2022-25781,0.00885,0.26162
CVE-2022-25782,0.00885,0.26162
CVE-2022-25783,0.00885,0.26162
CVE-2022-25784,0.00885,0.26162
CVE-2022-25785,0.01086,0.51674
CVE-2022-25786,0.00885,0.26162
CVE-2022-25787,0.00885,0.26162
CVE-2022-25788,0.01036,0.41241
CVE-2022-25789,0.01036,0.41241
CVE-2022-2579,0.00885,0.26162
CVE-2022-25790,0.01036,0.41241
CVE-2022-25791,0.01036,0.41241
CVE-2022-25792,0.01036,0.41241
CVE-2022-25793,0.01036,0.41241
CVE-2022-25794,0.01036,0.41241
CVE-2022-25795,0.01005,0.36332
CVE-2022-25796,0.01036,0.41241
CVE-2022-25797,0.01103,0.51945
CVE-2022-25799,0.00885,0.26162
CVE-2022-2580,0.00885,0.26162
CVE-2022-25800,0.00954,0.34522
CVE-2022-25801,0.00954,0.34522
CVE-2022-25802,0.00954,0.34522
CVE-2022-25803,0.00885,0.26162
CVE-2022-25804,0.00885,0.26162
CVE-2022-25805,0.00885,0.26162
CVE-2022-25806,0.00885,0.26162
CVE-2022-25807,0.00885,0.26162
CVE-2022-25809,0.01156,0.60033
CVE-2022-2581,0.00885,0.26162
CVE-2022-25810,0.00885,0.26162
CVE-2022-25811,0.00885,0.26162
CVE-2022-25812,0.00885,0.26162
CVE-2022-25813,0.00885,0.26162
CVE-2022-25814,0.00885,0.26162
CVE-2022-25815,0.00885,0.26162
CVE-2022-25816,0.00885,0.26162
CVE-2022-25817,0.00885,0.26162
CVE-2022-25818,0.01086,0.51674
CVE-2022-25819,0.00885,0.26162
CVE-2022-25820,0.00885,0.26162
CVE-2022-25821,0.00885,0.26162
CVE-2022-25822,0.00885,0.26162
CVE-2022-25823,0.00885,0.26162
CVE-2022-25824,0.00885,0.26162
CVE-2022-25825,0.00885,0.26162
CVE-2022-25826,0.00885,0.26162
CVE-2022-25827,0.00885,0.26162
CVE-2022-25828,0.00885,0.26162
CVE-2022-25829,0.00885,0.26162
CVE-2022-25830,0.00885,0.26162
CVE-2022-25831,0.00885,0.26162
CVE-2022-25832,0.00885,0.26162
CVE-2022-25833,0.00885,0.26162
CVE-2022-25838,0.00885,0.26162
CVE-2022-25839,0.00885,0.26162
CVE-2022-25841,0.00885,0.26162
CVE-2022-25842,0.05634,0.89764
CVE-2022-25844,0.01108,0.53389
CVE-2022-25850,0.00885,0.26162
CVE-2022-25851,0.01018,0.38792
CVE-2022-25852,0.00885,0.26162
CVE-2022-25854,0.01018,0.38792
CVE-2022-25856,0.00954,0.34522
CVE-2022-25857,0.01018,0.38792
CVE-2022-25858,0.01018,0.38792
CVE-2022-25862,0.00885,0.26162
CVE-2022-25863,0.01018,0.38792
CVE-2022-25865,0.08229,0.93219
CVE-2022-25866,0.02211,0.80357
CVE-2022-25867,0.01018,0.38792
CVE-2022-25869,0.01018,0.38792
CVE-2022-2587,0.01055,0.50287
CVE-2022-25871,0.00885,0.26162
CVE-2022-25872,0.00885,0.26162
CVE-2022-25875,0.00954,0.34522
CVE-2022-25876,0.0089,0.2856
CVE-2022-25878,0.01018,0.38792
CVE-2022-25880,0.00885,0.26162
CVE-2022-25887,0.01018,0.38792
CVE-2022-25888,0.00954,0.34522
CVE-2022-2589,0.00885,0.26162
CVE-2022-25891,0.01018,0.38792
CVE-2022-25896,0.00954,0.34522
CVE-2022-25898,0.01108,0.53389
CVE-2022-25899,0.00885,0.26162
CVE-2022-2590,0.00885,0.26162
CVE-2022-25900,0.02055,0.7893
CVE-2022-25903,0.00954,0.34522
CVE-2022-25907,0.00954,0.34522
CVE-2022-2591,0.00885,0.26162
CVE-2022-25915,0.00885,0.26162
CVE-2022-25921,0.0144,0.7265
CVE-2022-25922,0.00885,0.26162
CVE-2022-2593,0.00885,0.26162
CVE-2022-2594,0.00885,0.26162
CVE-2022-25942,0.01036,0.41241
CVE-2022-25946,0.00885,0.26162
CVE-2022-2595,0.00885,0.26162
CVE-2022-25959,0.01005,0.36332
CVE-2022-2596,0.00885,0.26162
CVE-2022-25966,0.00885,0.26162
CVE-2022-25969,0.01005,0.36332
CVE-2022-25972,0.01036,0.41241
CVE-2022-25973,0.01005,0.36332
CVE-2022-2598,0.00885,0.26162
CVE-2022-25980,0.00885,0.26162
CVE-2022-25986,0.01055,0.50287
CVE-2022-25989,0.00885,0.26162
CVE-2022-2599,0.00885,0.26162
CVE-2022-25990,0.00885,0.26162
CVE-2022-25995,0.0144,0.7265
CVE-2022-25996,0.00885,0.26162
CVE-2022-25999,0.00885,0.26162
CVE-2022-2600,0.00885,0.26162
CVE-2022-26002,0.01978,0.78447
CVE-2022-26007,0.0144,0.7265
CVE-2022-26009,0.00885,0.26162
CVE-2022-26013,0.00885,0.26162
CVE-2022-26017,0.00885,0.26162
CVE-2022-26019,0.01978,0.78447
CVE-2022-26020,0.00885,0.26162
CVE-2022-26022,0.01005,0.36332
CVE-2022-26026,0.00885,0.26162
CVE-2022-2603,0.01136,0.57949
CVE-2022-26034,0.00885,0.26162
CVE-2022-2604,0.01136,0.57949
CVE-2022-26041,0.01055,0.50287
CVE-2022-26042,0.0144,0.7265
CVE-2022-26043,0.00885,0.26162
CVE-2022-2605,0.01136,0.57949
CVE-2022-26051,0.01055,0.50287
CVE-2022-26054,0.01055,0.50287
CVE-2022-26057,0.00885,0.26162
CVE-2022-26059,0.00885,0.26162
CVE-2022-2606,0.01136,0.57949
CVE-2022-26061,0.01036,0.41241
CVE-2022-26065,0.00885,0.26162
CVE-2022-26067,0.00885,0.26162
CVE-2022-26068,0.00885,0.26162
CVE-2022-26069,0.00885,0.26162
CVE-2022-2607,0.01055,0.50287
CVE-2022-26070,0.00885,0.26162
CVE-2022-26071,0.01055,0.50287
CVE-2022-26073,0.00885,0.26162
CVE-2022-26074,0.00885,0.26162
CVE-2022-26075,0.01978,0.78447
CVE-2022-26077,0.00885,0.26162
CVE-2022-26078,0.00885,0.26162
CVE-2022-2608,0.01136,0.57949
CVE-2022-26081,0.01005,0.36332
CVE-2022-26082,0.01156,0.60033
CVE-2022-26085,0.0144,0.7265
CVE-2022-2609,0.01136,0.57949
CVE-2022-26090,0.00885,0.26162
CVE-2022-26091,0.00885,0.26162
CVE-2022-26092,0.01036,0.41241
CVE-2022-26093,0.01055,0.50287
CVE-2022-26094,0.01055,0.50287
CVE-2022-26095,0.01055,0.50287
CVE-2022-26096,0.01055,0.50287
CVE-2022-26097,0.01055,0.50287
CVE-2022-26098,0.01156,0.60033
CVE-2022-26099,0.01055,0.50287
CVE-2022-2610,0.01136,0.57949
CVE-2022-26100,0.00885,0.26162
CVE-2022-26101,0.01018,0.38792
CVE-2022-26102,0.00885,0.26162
CVE-2022-26103,0.00885,0.26162
CVE-2022-26104,0.00885,0.26162
CVE-2022-26105,0.0144,0.7265
CVE-2022-26106,0.00885,0.26162
CVE-2022-26107,0.00885,0.26162
CVE-2022-26108,0.00885,0.26162
CVE-2022-26109,0.00885,0.26162
CVE-2022-2611,0.01136,0.57949
CVE-2022-26110,0.0089,0.2856
CVE-2022-26111,0.01978,0.78447
CVE-2022-26113,0.01036,0.41241
CVE-2022-26116,0.00885,0.26162
CVE-2022-26117,0.00885,0.26162
CVE-2022-26118,0.00885,0.26162
CVE-2022-2612,0.01136,0.57949
CVE-2022-26120,0.00885,0.26162
CVE-2022-26125,0.00885,0.26162
CVE-2022-26126,0.01018,0.38792
CVE-2022-26127,0.00885,0.26162
CVE-2022-26128,0.00885,0.26162
CVE-2022-26129,0.00885,0.26162
CVE-2022-2613,0.01136,0.57949
CVE-2022-26130,0.00885,0.26162
CVE-2022-26131,0.00885,0.26162
CVE-2022-26136,0.01408,0.72072
CVE-2022-26137,0.01408,0.72072
CVE-2022-2614,0.01136,0.57949
CVE-2022-26143,0.01319,0.70416
CVE-2022-26144,0.01086,0.51674
CVE-2022-26146,0.00885,0.26162
CVE-2022-26147,0.02055,0.7893
CVE-2022-26148,0.00885,0.26162
CVE-2022-26149,0.01156,0.60033
CVE-2022-2615,0.01136,0.57949
CVE-2022-26151,0.02066,0.78986
CVE-2022-26155,0.00885,0.26162
CVE-2022-26156,0.00885,0.26162
CVE-2022-26157,0.00885,0.26162
CVE-2022-26158,0.00885,0.26162
CVE-2022-2616,0.00954,0.34522
CVE-2022-26169,0.00885,0.26162
CVE-2022-2617,0.00954,0.34522
CVE-2022-26170,0.00885,0.26162
CVE-2022-26171,0.00885,0.26162
CVE-2022-26173,0.01018,0.38792
CVE-2022-26174,0.01156,0.60033
CVE-2022-2618,0.01136,0.57949
CVE-2022-26180,0.00885,0.26162
CVE-2022-26181,0.00954,0.34522
CVE-2022-26183,0.00885,0.26162
CVE-2022-26184,0.00885,0.26162
CVE-2022-26186,0.02055,0.7893
CVE-2022-26187,0.02055,0.7893
CVE-2022-26188,0.02055,0.7893
CVE-2022-26189,0.02055,0.7893
CVE-2022-2619,0.00954,0.34522
CVE-2022-26197,0.00885,0.26162
CVE-2022-26198,0.01086,0.51674
CVE-2022-2620,0.01136,0.57949
CVE-2022-26201,0.00885,0.26162
CVE-2022-26205,0.01156,0.60033
CVE-2022-26206,0.02055,0.7893
CVE-2022-26207,0.02055,0.7893
CVE-2022-26208,0.02055,0.7893
CVE-2022-26209,0.02055,0.7893
CVE-2022-2621,0.00954,0.34522
CVE-2022-26210,0.02055,0.7893
CVE-2022-26211,0.02055,0.7893
CVE-2022-26212,0.02055,0.7893
CVE-2022-26213,0.02055,0.7893
CVE-2022-26214,0.02055,0.7893
CVE-2022-2622,0.01136,0.57949
CVE-2022-2623,0.01136,0.57949
CVE-2022-26233,0.00885,0.26162
CVE-2022-2624,0.01136,0.57949
CVE-2022-26243,0.00885,0.26162
CVE-2022-26244,0.00885,0.26162
CVE-2022-26245,0.00885,0.26162
CVE-2022-26246,0.00885,0.26162
CVE-2022-26247,0.00885,0.26162
CVE-2022-26249,0.01086,0.51674
CVE-2022-2625,0.00885,0.26162
CVE-2022-26250,0.0089,0.2856
CVE-2022-26251,0.02199,0.80273
CVE-2022-26252,0.00885,0.26162
CVE-2022-26254,0.00885,0.26162
CVE-2022-26255,0.01086,0.51674
CVE-2022-26258,0.05634,0.89764
CVE-2022-26259,0.00885,0.26162
CVE-2022-2626,0.00885,0.26162
CVE-2022-26260,0.00885,0.26162
CVE-2022-26263,0.00954,0.34522
CVE-2022-26265,0.01156,0.60033
CVE-2022-26266,0.00885,0.26162
CVE-2022-26267,0.00885,0.26162
CVE-2022-26268,0.00885,0.26162
CVE-2022-26269,0.00954,0.34522
CVE-2022-26271,0.00885,0.26162
CVE-2022-26272,0.01156,0.60033
CVE-2022-26273,0.00885,0.26162
CVE-2022-26276,0.00885,0.26162
CVE-2022-26278,0.00885,0.26162
CVE-2022-26279,0.00885,0.26162
CVE-2022-26280,0.00954,0.34522
CVE-2022-26281,0.00954,0.34522
CVE-2022-26283,0.00885,0.26162
CVE-2022-26284,0.00885,0.26162
CVE-2022-26285,0.00885,0.26162
CVE-2022-26289,0.02055,0.7893
CVE-2022-26290,0.02055,0.7893
CVE-2022-26291,0.00954,0.34522
CVE-2022-26293,0.01018,0.38792
CVE-2022-26295,0.00885,0.26162
CVE-2022-26296,0.00885,0.26162
CVE-2022-26300,0.00885,0.26162
CVE-2022-26301,0.00885,0.26162
CVE-2022-26302,0.01005,0.36332
CVE-2022-26303,0.00885,0.26162
CVE-2022-26305,0.01086,0.51674
CVE-2022-26306,0.00885,0.26162
CVE-2022-26307,0.00885,0.26162
CVE-2022-26308,0.00885,0.26162
CVE-2022-26309,0.00885,0.26162
CVE-2022-2631,0.00885,0.26162
CVE-2022-26310,0.00885,0.26162
CVE-2022-26311,0.00885,0.26162
CVE-2022-26313,0.00885,0.26162
CVE-2022-26314,0.01055,0.50287
CVE-2022-26315,0.00885,0.26162
CVE-2022-26317,0.01086,0.51674
CVE-2022-26319,0.00885,0.26162
CVE-2022-26320,0.01018,0.38792
CVE-2022-26325,0.00885,0.26162
CVE-2022-26326,0.00885,0.26162
CVE-2022-26330,0.00885,0.26162
CVE-2022-26331,0.00885,0.26162
CVE-2022-26332,0.00885,0.26162
CVE-2022-26334,0.01055,0.50287
CVE-2022-26335,0.01055,0.50287
CVE-2022-26336,0.00885,0.26162
CVE-2022-26337,0.00885,0.26162
CVE-2022-26338,0.00885,0.26162
CVE-2022-2634,0.00885,0.26162
CVE-2022-26340,0.00885,0.26162
CVE-2022-26342,0.00885,0.26162
CVE-2022-26344,0.00885,0.26162
CVE-2022-26346,0.00885,0.26162
CVE-2022-26348,0.00885,0.26162
CVE-2022-26349,0.00885,0.26162
CVE-2022-26352,0.49583,0.98544
CVE-2022-26353,0.01018,0.38792
CVE-2022-26354,0.0095,0.30554
CVE-2022-26355,0.00885,0.26162
CVE-2022-26356,0.01034,0.39824
CVE-2022-26357,0.01034,0.39824
CVE-2022-26358,0.01034,0.39824
CVE-2022-26359,0.01034,0.39824
CVE-2022-2636,0.00885,0.26162
CVE-2022-26360,0.01034,0.39824
CVE-2022-26361,0.01034,0.39824
CVE-2022-26362,0.01104,0.52279
CVE-2022-26363,0.01034,0.39824
CVE-2022-26364,0.01104,0.52279
CVE-2022-26365,0.01034,0.39824
CVE-2022-26368,0.01055,0.50287
CVE-2022-26370,0.00885,0.26162
CVE-2022-26372,0.00885,0.26162
CVE-2022-26373,0.00885,0.26162
CVE-2022-26374,0.00885,0.26162
CVE-2022-26376,0.00885,0.26162
CVE-2022-26377,0.01742,0.75235
CVE-2022-2638,0.00885,0.26162
CVE-2022-26380,0.00885,0.26162
CVE-2022-2639,0.00885,0.26162
CVE-2022-26413,0.01005,0.35949
CVE-2022-26414,0.00885,0.26162
CVE-2022-26415,0.00885,0.26162
CVE-2022-26417,0.01005,0.36332
CVE-2022-26419,0.01559,0.742
CVE-2022-26420,0.01978,0.78447
CVE-2022-26426,0.01036,0.41241
CVE-2022-26427,0.01036,0.41241
CVE-2022-26428,0.01036,0.41241
CVE-2022-26429,0.01036,0.41241
CVE-2022-2643,0.00885,0.26162
CVE-2022-26430,0.01036,0.41241
CVE-2022-26431,0.01036,0.41241
CVE-2022-26432,0.01036,0.41241
CVE-2022-26433,0.01036,0.41241
CVE-2022-26434,0.01036,0.41241
CVE-2022-26435,0.01036,0.41241
CVE-2022-26436,0.01036,0.41241
CVE-2022-26437,0.01156,0.60033
CVE-2022-26438,0.01036,0.41241
CVE-2022-26439,0.01036,0.41241
CVE-2022-2644,0.00885,0.26162
CVE-2022-26440,0.01036,0.41241
CVE-2022-26441,0.01036,0.41241
CVE-2022-26442,0.01036,0.41241
CVE-2022-26443,0.01036,0.41241
CVE-2022-26444,0.01036,0.41241
CVE-2022-26445,0.01036,0.41241
CVE-2022-2645,0.00885,0.26162
CVE-2022-2646,0.00885,0.26162
CVE-2022-2647,0.00885,0.26162
CVE-2022-26476,0.00885,0.26162
CVE-2022-26477,0.00885,0.26162
CVE-2022-26479,0.00954,0.34522
CVE-2022-2648,0.00885,0.26162
CVE-2022-26481,0.02055,0.7893
CVE-2022-26482,0.02066,0.78986
CVE-2022-26483,0.00885,0.26162
CVE-2022-26484,0.01055,0.50287
CVE-2022-26488,0.00885,0.26162
CVE-2022-26490,0.01034,0.39824
CVE-2022-26491,0.01319,0.70416
CVE-2022-26493,0.00885,0.26162
CVE-2022-26494,0.00885,0.26162
CVE-2022-26495,0.01108,0.53389
CVE-2022-26496,0.01108,0.53389
CVE-2022-26497,0.00885,0.26162
CVE-2022-26498,0.01923,0.77074
CVE-2022-26499,0.01923,0.77074
CVE-2022-26500,0.01978,0.78447
CVE-2022-26501,0.0144,0.7265
CVE-2022-26504,0.0144,0.7265
CVE-2022-26505,0.01018,0.38792
CVE-2022-26507,0.00885,0.26162
CVE-2022-2651,0.00885,0.26162
CVE-2022-26510,0.00885,0.26162
CVE-2022-26511,0.00885,0.26162
CVE-2022-26514,0.00885,0.26162
CVE-2022-26516,0.00885,0.26162
CVE-2022-26517,0.00885,0.26162
CVE-2022-26518,0.01978,0.78447
CVE-2022-26519,0.00885,0.26162
CVE-2022-2652,0.00885,0.26162
CVE-2022-26520,0.01018,0.38792
CVE-2022-26521,0.01156,0.60033
CVE-2022-26526,0.0095,0.30554
CVE-2022-26527,0.00885,0.26162
CVE-2022-26528,0.00885,0.26162
CVE-2022-26529,0.00885,0.26162
CVE-2022-2653,0.00885,0.26162
CVE-2022-26530,0.00954,0.34522
CVE-2022-26531,0.0089,0.2856
CVE-2022-26532,0.0089,0.2856
CVE-2022-26533,0.00885,0.26162
CVE-2022-26534,0.00885,0.26162
CVE-2022-26536,0.02055,0.7893
CVE-2022-26546,0.00885,0.26162
CVE-2022-26555,0.00885,0.26162
CVE-2022-2656,0.00885,0.26162
CVE-2022-26562,0.00885,0.26162
CVE-2022-26564,0.00885,0.26162
CVE-2022-26565,0.00885,0.26162
CVE-2022-26572,0.00885,0.26162
CVE-2022-26573,0.00885,0.26162
CVE-2022-26585,0.00885,0.26162
CVE-2022-26588,0.00885,0.26162
CVE-2022-26589,0.00885,0.26162
CVE-2022-26591,0.00885,0.26162
CVE-2022-26593,0.01055,0.50287
CVE-2022-26594,0.01055,0.50287
CVE-2022-26595,0.01055,0.50287
CVE-2022-26596,0.01055,0.50287
CVE-2022-26597,0.01055,0.50287
CVE-2022-26605,0.00885,0.26162
CVE-2022-26607,0.04571,0.88388
CVE-2022-2661,0.00885,0.26162
CVE-2022-26612,0.00885,0.26162
CVE-2022-26613,0.00954,0.34522
CVE-2022-26615,0.00885,0.26162
CVE-2022-26616,0.00885,0.26162
CVE-2022-26619,0.00885,0.26162
CVE-2022-2662,0.00885,0.26162
CVE-2022-26624,0.00885,0.26162
CVE-2022-26627,0.01086,0.51674
CVE-2022-26628,0.00885,0.26162
CVE-2022-2663,0.00885,0.26162
CVE-2022-26630,0.00885,0.26162
CVE-2022-26631,0.00885,0.26162
CVE-2022-26632,0.00885,0.26162
CVE-2022-26633,0.00885,0.26162
CVE-2022-26634,0.00885,0.26162
CVE-2022-26635,0.00885,0.26162
CVE-2022-26639,0.00885,0.26162
CVE-2022-2664,0.00885,0.26162
CVE-2022-26640,0.00885,0.26162
CVE-2022-26641,0.00885,0.26162
CVE-2022-26642,0.00885,0.26162
CVE-2022-26643,0.00954,0.34522
CVE-2022-26644,0.00885,0.26162
CVE-2022-26645,0.02432,0.8082
CVE-2022-26646,0.00885,0.26162
CVE-2022-26647,0.01055,0.50287
CVE-2022-26648,0.01055,0.50287
CVE-2022-26649,0.01055,0.50287
CVE-2022-2665,0.00885,0.26162
CVE-2022-26650,0.00885,0.26162
CVE-2022-26651,0.01923,0.77074
CVE-2022-26652,0.0095,0.30554
CVE-2022-26653,0.00885,0.26162
CVE-2022-26654,0.01055,0.50287
CVE-2022-26655,0.01055,0.50287
CVE-2022-26656,0.01055,0.50287
CVE-2022-26657,0.01055,0.50287
CVE-2022-26659,0.0089,0.2856
CVE-2022-26660,0.00885,0.26162
CVE-2022-26661,0.01034,0.39824
CVE-2022-26662,0.01108,0.53389
CVE-2022-26665,0.01018,0.38792
CVE-2022-26666,0.00885,0.26162
CVE-2022-26667,0.00885,0.26162
CVE-2022-26668,0.01055,0.50287
CVE-2022-26669,0.01055,0.50287
CVE-2022-2667,0.00885,0.26162
CVE-2022-26670,0.01005,0.35949
CVE-2022-26671,0.01055,0.50287
CVE-2022-26672,0.01055,0.50287
CVE-2022-26673,0.01055,0.50287
CVE-2022-26674,0.01156,0.60033
CVE-2022-26675,0.01055,0.50287
CVE-2022-26676,0.01055,0.50287
CVE-2022-2668,0.00885,0.26162
CVE-2022-26688,0.0089,0.2856
CVE-2022-26690,0.00885,0.26162
CVE-2022-26691,0.01282,0.67298
CVE-2022-26693,0.00885,0.26162
CVE-2022-26694,0.00885,0.26162
CVE-2022-26697,0.00954,0.34522
CVE-2022-26698,0.00954,0.34522
CVE-2022-26701,0.01843,0.76237
CVE-2022-26702,0.01237,0.66358
CVE-2022-26703,0.00885,0.26162
CVE-2022-26704,0.01108,0.53389
CVE-2022-26706,0.01018,0.38792
CVE-2022-26708,0.01843,0.76237
CVE-2022-2671,0.00885,0.26162
CVE-2022-26711,0.03822,0.84853
CVE-2022-26712,0.00885,0.26162
CVE-2022-26714,0.01363,0.70595
CVE-2022-26715,0.00954,0.34522
CVE-2022-26718,0.00885,0.26162
CVE-2022-2672,0.00885,0.26162
CVE-2022-26720,0.01237,0.66358
CVE-2022-26721,0.00954,0.34522
CVE-2022-26722,0.00954,0.34522
CVE-2022-26723,0.0144,0.7265
CVE-2022-26724,0.00885,0.26162
CVE-2022-26725,0.00885,0.26162
CVE-2022-26727,0.00885,0.26162
CVE-2022-26728,0.00954,0.34522
CVE-2022-2673,0.00885,0.26162
CVE-2022-26731,0.00954,0.34522
CVE-2022-26736,0.01237,0.66358
CVE-2022-26737,0.01237,0.66358
CVE-2022-26738,0.01237,0.66358
CVE-2022-26739,0.01237,0.66358
CVE-2022-2674,0.00885,0.26162
CVE-2022-26740,0.01237,0.66358
CVE-2022-26741,0.01036,0.41241
CVE-2022-26742,0.01036,0.41241
CVE-2022-26743,0.01036,0.41241
CVE-2022-26744,0.01036,0.41241
CVE-2022-26745,0.00885,0.26162
CVE-2022-26746,0.00954,0.34522
CVE-2022-26747,0.00885,0.26162
CVE-2022-26748,0.01843,0.76237
CVE-2022-26749,0.01036,0.41241
CVE-2022-2675,0.00954,0.34522
CVE-2022-26750,0.01036,0.41241
CVE-2022-26751,0.01237,0.66358
CVE-2022-26752,0.01036,0.41241
CVE-2022-26753,0.01036,0.41241
CVE-2022-26754,0.01036,0.41241
CVE-2022-26755,0.00954,0.34522
CVE-2022-26756,0.01237,0.66358
CVE-2022-2676,0.00885,0.26162
CVE-2022-26761,0.01005,0.36332
CVE-2022-26764,0.01237,0.66358
CVE-2022-26765,0.0095,0.30554
CVE-2022-26766,0.01108,0.53389
CVE-2022-26767,0.00885,0.26162
CVE-2022-26768,0.01363,0.70595
CVE-2022-26769,0.01237,0.66358
CVE-2022-2677,0.00885,0.26162
CVE-2022-26770,0.01237,0.66358
CVE-2022-26771,0.01237,0.66358
CVE-2022-26772,0.01036,0.41241
CVE-2022-26773,0.00885,0.26162
CVE-2022-26774,0.00885,0.26162
CVE-2022-26775,0.01843,0.76237
CVE-2022-26776,0.01843,0.76237
CVE-2022-26777,0.00885,0.26162
CVE-2022-26778,0.00885,0.26162
CVE-2022-26779,0.0089,0.2856
CVE-2022-2678,0.00885,0.26162
CVE-2022-26780,0.01978,0.78447
CVE-2022-26781,0.01978,0.78447
CVE-2022-26782,0.01978,0.78447
CVE-2022-26783,0.0115,0.5906
CVE-2022-26784,0.0115,0.5906
CVE-2022-26785,0.0115,0.5906
CVE-2022-26786,0.0115,0.5906
CVE-2022-26787,0.0115,0.5906
CVE-2022-26788,0.0115,0.5906
CVE-2022-26789,0.0115,0.5906
CVE-2022-2679,0.00885,0.26162
CVE-2022-26790,0.0115,0.5906
CVE-2022-26791,0.0115,0.5906
CVE-2022-26792,0.0115,0.5906
CVE-2022-26793,0.0115,0.5906
CVE-2022-26794,0.0115,0.5906
CVE-2022-26795,0.0115,0.5906
CVE-2022-26796,0.0115,0.5906
CVE-2022-26797,0.0115,0.5906
CVE-2022-26798,0.0115,0.5906
CVE-2022-2680,0.00885,0.26162
CVE-2022-26801,0.0115,0.5906
CVE-2022-26802,0.0115,0.5906
CVE-2022-26803,0.0115,0.5906
CVE-2022-26807,0.0115,0.5906
CVE-2022-26808,0.0115,0.5906
CVE-2022-2681,0.00885,0.26162
CVE-2022-26810,0.0115,0.5906
CVE-2022-26811,0.01967,0.77799
CVE-2022-26812,0.01967,0.77799
CVE-2022-26813,0.01967,0.77799
CVE-2022-26814,0.01967,0.77799
CVE-2022-26815,0.01967,0.77799
CVE-2022-26816,0.0115,0.5906
CVE-2022-26817,0.01967,0.77799
CVE-2022-26818,0.01967,0.77799
CVE-2022-26819,0.01967,0.77799
CVE-2022-2682,0.00885,0.26162
CVE-2022-26820,0.01967,0.77799
CVE-2022-26821,0.01967,0.77799
CVE-2022-26822,0.01967,0.77799
CVE-2022-26823,0.01967,0.77799
CVE-2022-26824,0.01967,0.77799
CVE-2022-26825,0.01967,0.77799
CVE-2022-26826,0.01967,0.77799
CVE-2022-26827,0.0115,0.5906
CVE-2022-26828,0.0115,0.5906
CVE-2022-26829,0.01967,0.77799
CVE-2022-2683,0.00885,0.26162
CVE-2022-26830,0.01601,0.74633
CVE-2022-26831,0.02251,0.80538
CVE-2022-26832,0.02251,0.80538
CVE-2022-26833,0.00885,0.26162
CVE-2022-26834,0.01055,0.50287
CVE-2022-26835,0.00885,0.26162
CVE-2022-26836,0.00885,0.26162
CVE-2022-26839,0.00885,0.26162
CVE-2022-2684,0.00885,0.26162
CVE-2022-26842,0.0144,0.7265
CVE-2022-26844,0.00885,0.26162
CVE-2022-26846,0.04571,0.88388
CVE-2022-26847,0.01018,0.38792
CVE-2022-2685,0.00954,0.34522
CVE-2022-26850,0.00885,0.26162
CVE-2022-26851,0.00885,0.26162
CVE-2022-26852,0.01055,0.50287
CVE-2022-26854,0.00885,0.26162
CVE-2022-26855,0.00885,0.26162
CVE-2022-26856,0.00885,0.26162
CVE-2022-26857,0.01055,0.50287
CVE-2022-2686,0.00885,0.26162
CVE-2022-26862,0.00885,0.26162
CVE-2022-26863,0.00885,0.26162
CVE-2022-26864,0.00885,0.26162
CVE-2022-26865,0.00885,0.26162
CVE-2022-26866,0.00885,0.26162
CVE-2022-26867,0.00885,0.26162
CVE-2022-26868,0.01036,0.41241
CVE-2022-26869,0.01156,0.60033
CVE-2022-2687,0.00885,0.26162
CVE-2022-26871,0.05634,0.89764
CVE-2022-26874,0.0095,0.30554
CVE-2022-26877,0.01055,0.50287
CVE-2022-26878,0.0095,0.30554
CVE-2022-2688,0.00885,0.26162
CVE-2022-26887,0.00885,0.26162
CVE-2022-26889,0.00885,0.26162
CVE-2022-2689,0.00885,0.26162
CVE-2022-26890,0.00885,0.26162
CVE-2022-26891,0.02844,0.8238
CVE-2022-26894,0.02844,0.8238
CVE-2022-26895,0.02844,0.8238
CVE-2022-26896,0.0115,0.5906
CVE-2022-26897,0.0115,0.5906
CVE-2022-26898,0.01967,0.77799
CVE-2022-2690,0.00885,0.26162
CVE-2022-26900,0.02844,0.8238
CVE-2022-26901,0.01528,0.72895
CVE-2022-26903,0.01528,0.72895
CVE-2022-26904,0.0867,0.93647
CVE-2022-26905,0.02844,0.8238
CVE-2022-26907,0.0115,0.5906
CVE-2022-26908,0.02844,0.8238
CVE-2022-26909,0.02844,0.8238
CVE-2022-2691,0.00885,0.26162
CVE-2022-26910,0.02251,0.80538
CVE-2022-26911,0.0115,0.5906
CVE-2022-26912,0.02844,0.8238
CVE-2022-26913,0.02251,0.80538
CVE-2022-26914,0.0115,0.5906
CVE-2022-26915,0.02251,0.80538
CVE-2022-26916,0.01528,0.72895
CVE-2022-26917,0.01528,0.72895
CVE-2022-26918,0.01528,0.72895
CVE-2022-26919,0.01601,0.74633
CVE-2022-2692,0.00885,0.26162
CVE-2022-26920,0.0115,0.5906
CVE-2022-26921,0.0115,0.5906
CVE-2022-26924,0.02251,0.80538
CVE-2022-26925,0.02251,0.80538
CVE-2022-26926,0.01528,0.72895
CVE-2022-26927,0.01601,0.74633
CVE-2022-2693,0.00885,0.26162
CVE-2022-26930,0.0115,0.5906
CVE-2022-26931,0.0115,0.5906
CVE-2022-26932,0.0115,0.5906
CVE-2022-26933,0.0115,0.5906
CVE-2022-26934,0.02251,0.80538
CVE-2022-26935,0.02251,0.80538
CVE-2022-26936,0.0115,0.5906
CVE-2022-26938,0.0115,0.5906
CVE-2022-26939,0.0115,0.5906
CVE-2022-2694,0.00885,0.26162
CVE-2022-26940,0.0115,0.5906
CVE-2022-26944,0.00885,0.26162
CVE-2022-26945,0.00885,0.26162
CVE-2022-26947,0.01055,0.50287
CVE-2022-26948,0.00885,0.26162
CVE-2022-26949,0.01055,0.50287
CVE-2022-26950,0.00885,0.26162
CVE-2022-26951,0.00885,0.26162
CVE-2022-26952,0.00954,0.34522
CVE-2022-26953,0.00954,0.34522
CVE-2022-26960,0.01136,0.57949
CVE-2022-26965,0.01978,0.78447
CVE-2022-26966,0.0095,0.30554
CVE-2022-26967,0.00885,0.26162
CVE-2022-2697,0.00885,0.26162
CVE-2022-26971,0.00885,0.26162
CVE-2022-26972,0.00885,0.26162
CVE-2022-26973,0.00885,0.26162
CVE-2022-26974,0.00885,0.26162
CVE-2022-26975,0.00885,0.26162
CVE-2022-26976,0.00885,0.26162
CVE-2022-26977,0.00885,0.26162
CVE-2022-26978,0.00885,0.26162
CVE-2022-26979,0.00885,0.26162
CVE-2022-2698,0.00885,0.26162
CVE-2022-26980,0.00885,0.26162
CVE-2022-26981,0.01537,0.73595
CVE-2022-26982,0.01156,0.60033
CVE-2022-26986,0.01055,0.50287
CVE-2022-26987,0.04571,0.88388
CVE-2022-26988,0.04571,0.88388
CVE-2022-2699,0.00885,0.26162
CVE-2022-26990,0.02055,0.7893
CVE-2022-26991,0.02055,0.7893
CVE-2022-26992,0.02055,0.7893
CVE-2022-26993,0.02055,0.7893
CVE-2022-26994,0.02055,0.7893
CVE-2022-26995,0.02055,0.7893
CVE-2022-26996,0.02055,0.7893
CVE-2022-26997,0.02055,0.7893
CVE-2022-26998,0.02055,0.7893
CVE-2022-26999,0.02055,0.7893
CVE-2022-2700,0.00885,0.26162
CVE-2022-27000,0.02055,0.7893
CVE-2022-27001,0.02055,0.7893
CVE-2022-27002,0.02055,0.7893
CVE-2022-27003,0.02055,0.7893
CVE-2022-27004,0.02055,0.7893
CVE-2022-27005,0.02055,0.7893
CVE-2022-27007,0.00954,0.34522
CVE-2022-27008,0.00954,0.34522
CVE-2022-2701,0.00885,0.26162
CVE-2022-27016,0.00885,0.26162
CVE-2022-2702,0.00885,0.26162
CVE-2022-27022,0.00885,0.26162
CVE-2022-2703,0.00885,0.26162
CVE-2022-2704,0.00885,0.26162
CVE-2022-27041,0.00885,0.26162
CVE-2022-27043,0.00885,0.26162
CVE-2022-27044,0.00885,0.26162
CVE-2022-27046,0.00885,0.26162
CVE-2022-27047,0.00885,0.26162
CVE-2022-27048,0.00885,0.26162
CVE-2022-27049,0.00885,0.26162
CVE-2022-2705,0.00885,0.26162
CVE-2022-27050,0.00885,0.26162
CVE-2022-27052,0.00885,0.26162
CVE-2022-27055,0.00954,0.34522
CVE-2022-2706,0.00885,0.26162
CVE-2022-27061,0.02199,0.80273
CVE-2022-27062,0.0089,0.2856
CVE-2022-27063,0.00954,0.34522
CVE-2022-27064,0.02199,0.80273
CVE-2022-2707,0.00885,0.26162
CVE-2022-27076,0.02055,0.7893
CVE-2022-27077,0.02055,0.7893
CVE-2022-27078,0.02055,0.7893
CVE-2022-27079,0.02055,0.7893
CVE-2022-2708,0.00885,0.26162
CVE-2022-27080,0.02055,0.7893
CVE-2022-27081,0.02055,0.7893
CVE-2022-27082,0.02055,0.7893
CVE-2022-27083,0.02055,0.7893
CVE-2022-27088,0.00885,0.26162
CVE-2022-27089,0.00885,0.26162
CVE-2022-27090,0.00885,0.26162
CVE-2022-27094,0.00885,0.26162
CVE-2022-27095,0.00885,0.26162
CVE-2022-27103,0.00954,0.34522
CVE-2022-27104,0.00954,0.34522
CVE-2022-27105,0.00885,0.26162
CVE-2022-27107,0.00885,0.26162
CVE-2022-27108,0.00885,0.26162
CVE-2022-27109,0.00885,0.26162
CVE-2022-27110,0.00885,0.26162
CVE-2022-27111,0.00885,0.26162
CVE-2022-27114,0.00954,0.34522
CVE-2022-27115,0.01424,0.72364
CVE-2022-27123,0.00885,0.26162
CVE-2022-27124,0.00885,0.26162
CVE-2022-27125,0.00885,0.26162
CVE-2022-27126,0.00885,0.26162
CVE-2022-27127,0.00885,0.26162
CVE-2022-27128,0.00885,0.26162
CVE-2022-27129,0.01338,0.70562
CVE-2022-2713,0.00885,0.26162
CVE-2022-27131,0.01338,0.70562
CVE-2022-27133,0.00885,0.26162
CVE-2022-27135,0.00954,0.34522
CVE-2022-27139,0.01773,0.75668
CVE-2022-27140,0.01338,0.70562
CVE-2022-27145,0.00885,0.26162
CVE-2022-27146,0.00885,0.26162
CVE-2022-27147,0.00885,0.26162
CVE-2022-27148,0.00885,0.26162
CVE-2022-2715,0.00885,0.26162
CVE-2022-27152,0.00885,0.26162
CVE-2022-27156,0.00885,0.26162
CVE-2022-27157,0.00885,0.26162
CVE-2022-27158,0.00885,0.26162
CVE-2022-27161,0.00885,0.26162
CVE-2022-27162,0.00885,0.26162
CVE-2022-27163,0.00885,0.26162
CVE-2022-27164,0.00885,0.26162
CVE-2022-27165,0.00885,0.26162
CVE-2022-27166,0.00885,0.26162
CVE-2022-27167,0.00885,0.26162
CVE-2022-27168,0.01213,0.6557
CVE-2022-27169,0.00885,0.26162
CVE-2022-27172,0.0144,0.7265
CVE-2022-27174,0.01055,0.50287
CVE-2022-27175,0.00885,0.26162
CVE-2022-27176,0.00885,0.26162
CVE-2022-27177,0.01156,0.60033
CVE-2022-27178,0.00885,0.26162
CVE-2022-27179,0.00885,0.26162
CVE-2022-27181,0.00885,0.26162
CVE-2022-27182,0.00885,0.26162
CVE-2022-27183,0.00885,0.26162
CVE-2022-27184,0.01036,0.41241
CVE-2022-27185,0.00885,0.26162
CVE-2022-27188,0.01005,0.35949
CVE-2022-27189,0.00885,0.26162
CVE-2022-2719,0.00885,0.26162
CVE-2022-27191,0.02686,0.82061
CVE-2022-27192,0.00885,0.26162
CVE-2022-27193,0.00885,0.26162
CVE-2022-27194,0.01055,0.50287
CVE-2022-27195,0.00885,0.26162
CVE-2022-27196,0.00885,0.26162
CVE-2022-27197,0.00885,0.26162
CVE-2022-27198,0.00885,0.26162
CVE-2022-27199,0.00885,0.26162
CVE-2022-27200,0.00885,0.26162
CVE-2022-27201,0.02096,0.7907
CVE-2022-27202,0.00885,0.26162
CVE-2022-27203,0.00885,0.26162
CVE-2022-27204,0.00885,0.26162
CVE-2022-27205,0.00885,0.26162
CVE-2022-27206,0.00885,0.26162
CVE-2022-27207,0.00885,0.26162
CVE-2022-27208,0.00885,0.26162
CVE-2022-27209,0.00885,0.26162
CVE-2022-27210,0.00885,0.26162
CVE-2022-27211,0.00885,0.26162
CVE-2022-27212,0.00885,0.26162
CVE-2022-27213,0.00885,0.26162
CVE-2022-27214,0.00885,0.26162
CVE-2022-27215,0.00885,0.26162
CVE-2022-27216,0.00885,0.26162
CVE-2022-27217,0.00885,0.26162
CVE-2022-27218,0.00885,0.26162
CVE-2022-27219,0.00885,0.26162
CVE-2022-2722,0.00885,0.26162
CVE-2022-27220,0.00885,0.26162
CVE-2022-27221,0.00885,0.26162
CVE-2022-27223,0.0095,0.30554
CVE-2022-27224,0.02066,0.78986
CVE-2022-27225,0.00885,0.26162
CVE-2022-27227,0.01537,0.73595
CVE-2022-27228,0.01156,0.60033
CVE-2022-2723,0.00885,0.26162
CVE-2022-27230,0.00885,0.26162
CVE-2022-27231,0.00954,0.34522
CVE-2022-27235,0.00885,0.26162
CVE-2022-27237,0.00885,0.26162
CVE-2022-27238,0.00885,0.26162
CVE-2022-27239,0.01282,0.67298
CVE-2022-2724,0.00885,0.26162
CVE-2022-27240,0.00885,0.26162
CVE-2022-27241,0.01055,0.50287
CVE-2022-27242,0.00885,0.26162
CVE-2022-27243,0.00885,0.26162
CVE-2022-27244,0.00885,0.26162
CVE-2022-27245,0.00885,0.26162
CVE-2022-27246,0.00885,0.26162
CVE-2022-27247,0.00885,0.26162
CVE-2022-27248,0.01055,0.50287
CVE-2022-27249,0.02432,0.8082
CVE-2022-2725,0.00885,0.26162
CVE-2022-27250,0.00885,0.26162
CVE-2022-27256,0.01136,0.57949
CVE-2022-27257,0.01055,0.50287
CVE-2022-27258,0.01055,0.50287
CVE-2022-2726,0.00885,0.26162
CVE-2022-27260,0.02509,0.81058
CVE-2022-27261,0.00885,0.26162
CVE-2022-27262,0.01773,0.75668
CVE-2022-27263,0.01773,0.75668
CVE-2022-27268,0.01978,0.78447
CVE-2022-27269,0.01978,0.78447
CVE-2022-2727,0.00885,0.26162
CVE-2022-27270,0.01978,0.78447
CVE-2022-27271,0.01978,0.78447
CVE-2022-27272,0.01978,0.78447
CVE-2022-27273,0.01978,0.78447
CVE-2022-27274,0.01978,0.78447
CVE-2022-27275,0.01978,0.78447
CVE-2022-27276,0.01978,0.78447
CVE-2022-27277,0.00885,0.26162
CVE-2022-27279,0.00885,0.26162
CVE-2022-2728,0.00885,0.26162
CVE-2022-27280,0.00885,0.26162
CVE-2022-27286,0.00885,0.26162
CVE-2022-27287,0.00885,0.26162
CVE-2022-27288,0.00885,0.26162
CVE-2022-27289,0.00885,0.26162
CVE-2022-2729,0.00885,0.26162
CVE-2022-27290,0.00885,0.26162
CVE-2022-27291,0.00885,0.26162
CVE-2022-27292,0.00885,0.26162
CVE-2022-27293,0.00885,0.26162
CVE-2022-27294,0.00885,0.26162
CVE-2022-27295,0.00885,0.26162
CVE-2022-27299,0.00885,0.26162
CVE-2022-2730,0.00885,0.26162
CVE-2022-27304,0.00885,0.26162
CVE-2022-27305,0.00954,0.34522
CVE-2022-27308,0.0089,0.2856
CVE-2022-2731,0.00885,0.26162
CVE-2022-27311,0.00954,0.34522
CVE-2022-27313,0.00885,0.26162
CVE-2022-2732,0.00885,0.26162
CVE-2022-2733,0.00885,0.26162
CVE-2022-27330,0.00885,0.26162
CVE-2022-27331,0.00885,0.26162
CVE-2022-27332,0.00885,0.26162
CVE-2022-27333,0.00885,0.26162
CVE-2022-27336,0.01156,0.60033
CVE-2022-27337,0.00954,0.34522
CVE-2022-2734,0.00885,0.26162
CVE-2022-27340,0.00885,0.26162
CVE-2022-27341,0.00885,0.26162
CVE-2022-27342,0.00885,0.26162
CVE-2022-27346,0.02199,0.80273
CVE-2022-27348,0.0089,0.2856
CVE-2022-27349,0.02199,0.80273
CVE-2022-27351,0.02509,0.81058
CVE-2022-27352,0.02199,0.80273
CVE-2022-27357,0.02509,0.81058
CVE-2022-27359,0.00885,0.26162
CVE-2022-2736,0.00885,0.26162
CVE-2022-27360,0.00954,0.34522
CVE-2022-27365,0.00885,0.26162
CVE-2022-27366,0.00885,0.26162
CVE-2022-27367,0.00885,0.26162
CVE-2022-27368,0.00885,0.26162
CVE-2022-27369,0.00885,0.26162
CVE-2022-27373,0.01156,0.60033
CVE-2022-27374,0.00885,0.26162
CVE-2022-27375,0.00885,0.26162
CVE-2022-27376,0.00885,0.26162
CVE-2022-27377,0.00885,0.26162
CVE-2022-27378,0.00885,0.26162
CVE-2022-27379,0.00885,0.26162
CVE-2022-2738,0.02485,0.80864
CVE-2022-27380,0.00885,0.26162
CVE-2022-27381,0.00885,0.26162
CVE-2022-27382,0.00885,0.26162
CVE-2022-27383,0.00885,0.26162
CVE-2022-27384,0.00885,0.26162
CVE-2022-27385,0.00885,0.26162
CVE-2022-27386,0.00885,0.26162
CVE-2022-27387,0.00885,0.26162
CVE-2022-2739,0.00885,0.26162
CVE-2022-2740,0.00885,0.26162
CVE-2022-27404,0.01108,0.53389
CVE-2022-27405,0.01108,0.53389
CVE-2022-27406,0.01108,0.53389
CVE-2022-27411,0.02055,0.7893
CVE-2022-27412,0.00885,0.26162
CVE-2022-27413,0.00885,0.26162
CVE-2022-27416,0.00885,0.26162
CVE-2022-27418,0.00885,0.26162
CVE-2022-27419,0.00885,0.26162
CVE-2022-27420,0.00885,0.26162
CVE-2022-27421,0.00885,0.26162
CVE-2022-27422,0.00885,0.26162
CVE-2022-27423,0.00885,0.26162
CVE-2022-27425,0.00885,0.26162
CVE-2022-27426,0.00885,0.26162
CVE-2022-27428,0.00885,0.26162
CVE-2022-27429,0.00885,0.26162
CVE-2022-27431,0.00885,0.26162
CVE-2022-27432,0.00885,0.26162
CVE-2022-27434,0.00885,0.26162
CVE-2022-27435,0.0089,0.2856
CVE-2022-27436,0.0089,0.2856
CVE-2022-2744,0.00885,0.26162
CVE-2022-27441,0.00885,0.26162
CVE-2022-27442,0.00885,0.26162
CVE-2022-27444,0.00885,0.26162
CVE-2022-27445,0.00885,0.26162
CVE-2022-27446,0.00885,0.26162
CVE-2022-27447,0.00885,0.26162
CVE-2022-27448,0.00885,0.26162
CVE-2022-27449,0.00885,0.26162
CVE-2022-2745,0.00885,0.26162
CVE-2022-27451,0.00885,0.26162
CVE-2022-27452,0.00885,0.26162
CVE-2022-27455,0.00885,0.26162
CVE-2022-27456,0.00885,0.26162
CVE-2022-27457,0.00885,0.26162
CVE-2022-27458,0.00885,0.26162
CVE-2022-2746,0.00885,0.26162
CVE-2022-27461,0.00885,0.26162
CVE-2022-27462,0.00885,0.26162
CVE-2022-27463,0.00885,0.26162
CVE-2022-27466,0.00885,0.26162
CVE-2022-27468,0.01773,0.75668
CVE-2022-27469,0.00885,0.26162
CVE-2022-2747,0.00885,0.26162
CVE-2022-27470,0.01018,0.38792
CVE-2022-27472,0.00885,0.26162
CVE-2022-27473,0.00885,0.26162
CVE-2022-27474,0.01978,0.78447
CVE-2022-27475,0.0144,0.7265
CVE-2022-27476,0.00885,0.26162
CVE-2022-27477,0.00885,0.26162
CVE-2022-27478,0.01156,0.60033
CVE-2022-27479,0.00954,0.34522
CVE-2022-2748,0.00885,0.26162
CVE-2022-27480,0.00954,0.34522
CVE-2022-27481,0.00885,0.26162
CVE-2022-27483,0.02055,0.7893
CVE-2022-27484,0.00885,0.26162
CVE-2022-2749,0.00885,0.26162
CVE-2022-27493,0.00885,0.26162
CVE-2022-27495,0.00885,0.26162
CVE-2022-27496,0.01055,0.50287
CVE-2022-2750,0.00885,0.26162
CVE-2022-27500,0.00885,0.26162
CVE-2022-27502,0.00885,0.26162
CVE-2022-27503,0.00885,0.26162
CVE-2022-27505,0.00885,0.26162
CVE-2022-27506,0.00885,0.26162
CVE-2022-27509,0.00885,0.26162
CVE-2022-2751,0.00885,0.26162
CVE-2022-27511,0.01055,0.50287
CVE-2022-27512,0.00885,0.26162
CVE-2022-27523,0.01036,0.41241
CVE-2022-27524,0.01036,0.41241
CVE-2022-27525,0.01036,0.41241
CVE-2022-27526,0.01036,0.41241
CVE-2022-27527,0.01036,0.41241
CVE-2022-27528,0.01036,0.41241
CVE-2022-27529,0.01036,0.41241
CVE-2022-27530,0.01036,0.41241
CVE-2022-27531,0.01036,0.41241
CVE-2022-27532,0.01036,0.41241
CVE-2022-27534,0.01086,0.51674
CVE-2022-27535,0.0095,0.30554
CVE-2022-27536,0.00954,0.34522
CVE-2022-27544,0.00885,0.26162
CVE-2022-27545,0.00885,0.26162
CVE-2022-27546,0.01055,0.50287
CVE-2022-27547,0.00885,0.26162
CVE-2022-27548,0.00885,0.26162
CVE-2022-27549,0.00885,0.26162
CVE-2022-27551,0.00885,0.26162
CVE-2022-27558,0.00885,0.26162
CVE-2022-2756,0.00885,0.26162
CVE-2022-27560,0.00885,0.26162
CVE-2022-27563,0.00885,0.26162
CVE-2022-27567,0.01055,0.50287
CVE-2022-27568,0.01156,0.60033
CVE-2022-27569,0.01156,0.60033
CVE-2022-27570,0.01156,0.60033
CVE-2022-27571,0.01156,0.60033
CVE-2022-27572,0.01156,0.60033
CVE-2022-27573,0.00885,0.26162
CVE-2022-27574,0.00885,0.26162
CVE-2022-27575,0.00885,0.26162
CVE-2022-27576,0.00885,0.26162
CVE-2022-27577,0.00885,0.26162
CVE-2022-27578,0.00885,0.26162
CVE-2022-27579,0.01036,0.41241
CVE-2022-2758,0.00885,0.26162
CVE-2022-27580,0.01036,0.41241
CVE-2022-27588,0.00885,0.26162
CVE-2022-2759,0.00885,0.26162
CVE-2022-27607,0.00885,0.26162
CVE-2022-27608,0.00885,0.26162
CVE-2022-27609,0.00885,0.26162
CVE-2022-27610,0.01055,0.50287
CVE-2022-27611,0.01055,0.50287
CVE-2022-27612,0.01055,0.50287
CVE-2022-27613,0.01055,0.50287
CVE-2022-27614,0.01055,0.50287
CVE-2022-27615,0.01055,0.50287
CVE-2022-27616,0.01055,0.50287
CVE-2022-27617,0.01055,0.50287
CVE-2022-27618,0.01055,0.50287
CVE-2022-27619,0.00885,0.26162
CVE-2022-27620,0.01055,0.50287
CVE-2022-27621,0.01055,0.50287
CVE-2022-27627,0.01055,0.50287
CVE-2022-27629,0.01136,0.57949
CVE-2022-27630,0.00885,0.26162
CVE-2022-27631,0.00885,0.26162
CVE-2022-27632,0.01055,0.50287
CVE-2022-27633,0.00885,0.26162
CVE-2022-27634,0.01042,0.41244
CVE-2022-27636,0.00885,0.26162
CVE-2022-27637,0.01055,0.50287
CVE-2022-2764,0.00885,0.26162
CVE-2022-27640,0.00885,0.26162
CVE-2022-27649,0.01034,0.39824
CVE-2022-2765,0.00885,0.26162
CVE-2022-27650,0.0095,0.30554
CVE-2022-27651,0.01034,0.39824
CVE-2022-27652,0.00885,0.26162
CVE-2022-27653,0.00885,0.26162
CVE-2022-27654,0.00885,0.26162
CVE-2022-27655,0.00885,0.26162
CVE-2022-27656,0.00885,0.26162
CVE-2022-27657,0.01132,0.54372
CVE-2022-27658,0.00885,0.26162
CVE-2022-27659,0.00885,0.26162
CVE-2022-2766,0.00885,0.26162
CVE-2022-27660,0.00885,0.26162
CVE-2022-27661,0.01055,0.50287
CVE-2022-27662,0.00885,0.26162
CVE-2022-27667,0.00885,0.26162
CVE-2022-27668,0.00885,0.26162
CVE-2022-27669,0.00885,0.26162
CVE-2022-2767,0.00885,0.26162
CVE-2022-27670,0.00885,0.26162
CVE-2022-27671,0.00885,0.26162
CVE-2022-2768,0.00885,0.26162
CVE-2022-2769,0.00885,0.26162
CVE-2022-2770,0.00885,0.26162
CVE-2022-2771,0.00885,0.26162
CVE-2022-2772,0.00885,0.26162
CVE-2022-2773,0.00885,0.26162
CVE-2022-2774,0.00885,0.26162
CVE-2022-2776,0.00885,0.26162
CVE-2022-2777,0.00885,0.26162
CVE-2022-27772,0.00885,0.26162
CVE-2022-27774,0.0089,0.2856
CVE-2022-27775,0.00954,0.34522
CVE-2022-27776,0.01018,0.38792
CVE-2022-27777,0.00885,0.26162
CVE-2022-27778,0.01018,0.38792
CVE-2022-27779,0.00885,0.26162
CVE-2022-27780,0.00885,0.26162
CVE-2022-27781,0.01018,0.38792
CVE-2022-27782,0.01018,0.38792
CVE-2022-27783,0.01223,0.65839
CVE-2022-27784,0.01223,0.65839
CVE-2022-27785,0.01223,0.65839
CVE-2022-27786,0.01223,0.65839
CVE-2022-27787,0.01223,0.65839
CVE-2022-27788,0.01223,0.65839
CVE-2022-27789,0.01223,0.65839
CVE-2022-2779,0.00885,0.26162
CVE-2022-27790,0.01223,0.65839
CVE-2022-27791,0.01223,0.65839
CVE-2022-27792,0.01223,0.65839
CVE-2022-27793,0.01223,0.65839
CVE-2022-27794,0.01223,0.65839
CVE-2022-27795,0.01223,0.65839
CVE-2022-27796,0.01223,0.65839
CVE-2022-27797,0.01223,0.65839
CVE-2022-27798,0.01223,0.65839
CVE-2022-27799,0.01223,0.65839
CVE-2022-27800,0.01223,0.65839
CVE-2022-27801,0.01223,0.65839
CVE-2022-27802,0.01223,0.65839
CVE-2022-27803,0.01055,0.50287
CVE-2022-27806,0.02055,0.7893
CVE-2022-27807,0.01055,0.50287
CVE-2022-27811,0.02055,0.7893
CVE-2022-27812,0.00885,0.26162
CVE-2022-27814,0.00885,0.26162
CVE-2022-27815,0.00954,0.34522
CVE-2022-27816,0.0089,0.2856
CVE-2022-27817,0.00885,0.26162
CVE-2022-27818,0.00954,0.34522
CVE-2022-27819,0.00954,0.34522
CVE-2022-27820,0.00954,0.34522
CVE-2022-27821,0.00885,0.26162
CVE-2022-27822,0.00885,0.26162
CVE-2022-27823,0.00885,0.26162
CVE-2022-27824,0.00885,0.26162
CVE-2022-27825,0.00885,0.26162
CVE-2022-27826,0.00885,0.26162
CVE-2022-27827,0.00885,0.26162
CVE-2022-27828,0.00885,0.26162
CVE-2022-27829,0.00885,0.26162
CVE-2022-27830,0.00885,0.26162
CVE-2022-27831,0.00885,0.26162
CVE-2022-27832,0.00885,0.26162
CVE-2022-27833,0.00885,0.26162
CVE-2022-27834,0.00885,0.26162
CVE-2022-27835,0.00885,0.26162
CVE-2022-27836,0.00885,0.26162
CVE-2022-27837,0.00885,0.26162
CVE-2022-27838,0.00885,0.26162
CVE-2022-27839,0.00885,0.26162
CVE-2022-27840,0.00885,0.26162
CVE-2022-27841,0.00885,0.26162
CVE-2022-27842,0.00885,0.26162
CVE-2022-27843,0.00885,0.26162
CVE-2022-27844,0.00885,0.26162
CVE-2022-27845,0.00885,0.26162
CVE-2022-27846,0.00885,0.26162
CVE-2022-27847,0.00885,0.26162
CVE-2022-27848,0.00885,0.26162
CVE-2022-27849,0.00885,0.26162
CVE-2022-27850,0.00885,0.26162
CVE-2022-27851,0.00885,0.26162
CVE-2022-27852,0.00885,0.26162
CVE-2022-27853,0.00885,0.26162
CVE-2022-27854,0.00885,0.26162
CVE-2022-27859,0.00885,0.26162
CVE-2022-27860,0.00885,0.26162
CVE-2022-27862,0.00885,0.26162
CVE-2022-27863,0.00885,0.26162
CVE-2022-27864,0.01156,0.60033
CVE-2022-27865,0.01036,0.41241
CVE-2022-27866,0.01036,0.41241
CVE-2022-27867,0.01036,0.41241
CVE-2022-27868,0.01036,0.41241
CVE-2022-27869,0.01036,0.41241
CVE-2022-2787,0.0089,0.2856
CVE-2022-27870,0.01036,0.41241
CVE-2022-27871,0.01036,0.41241
CVE-2022-27872,0.01036,0.41241
CVE-2022-27873,0.00885,0.26162
CVE-2022-27875,0.00885,0.26162
CVE-2022-27878,0.00885,0.26162
CVE-2022-2788,0.00885,0.26162
CVE-2022-27880,0.00885,0.26162
CVE-2022-27881,0.01018,0.38792
CVE-2022-27882,0.01018,0.38792
CVE-2022-27883,0.00885,0.26162
CVE-2022-27884,0.00885,0.26162
CVE-2022-27885,0.00885,0.26162
CVE-2022-27886,0.00885,0.26162
CVE-2022-27887,0.00885,0.26162
CVE-2022-27888,0.00885,0.26162
CVE-2022-27889,0.00885,0.26162
CVE-2022-2789,0.00885,0.26162
CVE-2022-2790,0.00885,0.26162
CVE-2022-27903,0.01055,0.50287
CVE-2022-27904,0.00885,0.26162
CVE-2022-27905,0.00885,0.26162
CVE-2022-27906,0.00885,0.26162
CVE-2022-27907,0.00885,0.26162
CVE-2022-27908,0.00885,0.26162
CVE-2022-27909,0.01055,0.50287
CVE-2022-27910,0.00885,0.26162
CVE-2022-27911,0.00885,0.26162
CVE-2022-27919,0.01156,0.60033
CVE-2022-2792,0.00885,0.26162
CVE-2022-27920,0.00954,0.34522
CVE-2022-27926,0.00954,0.34522
CVE-2022-27927,0.00954,0.34522
CVE-2022-27928,0.01055,0.50287
CVE-2022-27929,0.01055,0.50287
CVE-2022-2793,0.00885,0.26162
CVE-2022-27930,0.01055,0.50287
CVE-2022-27931,0.01055,0.50287
CVE-2022-27932,0.01055,0.50287
CVE-2022-27933,0.01055,0.50287
CVE-2022-27934,0.01055,0.50287
CVE-2022-27935,0.01055,0.50287
CVE-2022-27936,0.01055,0.50287
CVE-2022-27937,0.01055,0.50287
CVE-2022-27938,0.00885,0.26162
CVE-2022-27939,0.00885,0.26162
CVE-2022-27940,0.00885,0.26162
CVE-2022-27941,0.00885,0.26162
CVE-2022-27942,0.00885,0.26162
CVE-2022-27943,0.00885,0.26162
CVE-2022-27944,0.00885,0.26162
CVE-2022-27945,0.01055,0.50287
CVE-2022-27946,0.01055,0.50287
CVE-2022-27947,0.01055,0.50287
CVE-2022-27948,0.00954,0.34522
CVE-2022-27950,0.0095,0.30554
CVE-2022-27952,0.01773,0.75668
CVE-2022-27958,0.00885,0.26162
CVE-2022-2796,0.00885,0.26162
CVE-2022-27960,0.00885,0.26162
CVE-2022-27961,0.00885,0.26162
CVE-2022-27962,0.00885,0.26162
CVE-2022-27963,0.01005,0.36332
CVE-2022-27964,0.01005,0.36332
CVE-2022-27965,0.01005,0.36332
CVE-2022-27966,0.01005,0.36332
CVE-2022-2797,0.00885,0.26162
CVE-2022-27982,0.01156,0.60033
CVE-2022-27983,0.00885,0.26162
CVE-2022-27984,0.00885,0.26162
CVE-2022-27985,0.00885,0.26162
CVE-2022-27991,0.00885,0.26162
CVE-2022-27992,0.00885,0.26162
CVE-2022-2800,0.00885,0.26162
CVE-2022-28000,0.00885,0.26162
CVE-2022-28001,0.00885,0.26162
CVE-2022-28002,0.00885,0.26162
CVE-2022-28005,0.05634,0.89764
CVE-2022-28006,0.0089,0.2856
CVE-2022-28007,0.00885,0.26162
CVE-2022-28008,0.00885,0.26162
CVE-2022-28009,0.00885,0.26162
CVE-2022-2801,0.00885,0.26162
CVE-2022-28010,0.00885,0.26162
CVE-2022-28011,0.00885,0.26162
CVE-2022-28012,0.00885,0.26162
CVE-2022-28013,0.00885,0.26162
CVE-2022-28014,0.00885,0.26162
CVE-2022-28015,0.00885,0.26162
CVE-2022-28016,0.00885,0.26162
CVE-2022-28017,0.00885,0.26162
CVE-2022-28018,0.00885,0.26162
CVE-2022-28019,0.00885,0.26162
CVE-2022-2802,0.00885,0.26162
CVE-2022-28020,0.00885,0.26162
CVE-2022-28021,0.01156,0.60033
CVE-2022-28022,0.00885,0.26162
CVE-2022-28023,0.00885,0.26162
CVE-2022-28024,0.00885,0.26162
CVE-2022-28025,0.00885,0.26162
CVE-2022-28026,0.00885,0.26162
CVE-2022-28028,0.00885,0.26162
CVE-2022-28029,0.00885,0.26162
CVE-2022-2803,0.00885,0.26162
CVE-2022-28030,0.00885,0.26162
CVE-2022-28032,0.00885,0.26162
CVE-2022-28033,0.00885,0.26162
CVE-2022-28034,0.00885,0.26162
CVE-2022-28035,0.00885,0.26162
CVE-2022-28036,0.00885,0.26162
CVE-2022-2804,0.00885,0.26162
CVE-2022-28041,0.01537,0.73595
CVE-2022-28042,0.01018,0.38792
CVE-2022-28044,0.01018,0.38792
CVE-2022-28048,0.01018,0.38792
CVE-2022-28049,0.00954,0.34522
CVE-2022-28051,0.0089,0.2856
CVE-2022-28052,0.01689,0.75137
CVE-2022-28053,0.01338,0.70562
CVE-2022-28054,0.01086,0.51674
CVE-2022-28055,0.02055,0.7893
CVE-2022-28056,0.00885,0.26162
CVE-2022-28058,0.00885,0.26162
CVE-2022-28059,0.00885,0.26162
CVE-2022-2806,0.00885,0.26162
CVE-2022-28060,0.01018,0.38792
CVE-2022-28062,0.01773,0.75668
CVE-2022-28063,0.00885,0.26162
CVE-2022-28067,0.00885,0.26162
CVE-2022-28074,0.00885,0.26162
CVE-2022-28076,0.01156,0.60033
CVE-2022-28077,0.00885,0.26162
CVE-2022-28078,0.00885,0.26162
CVE-2022-28079,0.0095,0.30554
CVE-2022-28080,0.0095,0.30554
CVE-2022-28081,0.00885,0.26162
CVE-2022-28082,0.00885,0.26162
CVE-2022-28085,0.01005,0.36332
CVE-2022-28090,0.00885,0.26162
CVE-2022-28093,0.02509,0.81058
CVE-2022-28094,0.00954,0.34522
CVE-2022-28096,0.01156,0.60033
CVE-2022-28099,0.0089,0.2856
CVE-2022-28101,0.00885,0.26162
CVE-2022-28102,0.00885,0.26162
CVE-2022-28104,0.00885,0.26162
CVE-2022-28105,0.00885,0.26162
CVE-2022-28106,0.00885,0.26162
CVE-2022-28108,0.00954,0.34522
CVE-2022-28109,0.02509,0.81058
CVE-2022-2811,0.00885,0.26162
CVE-2022-28110,0.00885,0.26162
CVE-2022-28111,0.01018,0.38792
CVE-2022-28114,0.00885,0.26162
CVE-2022-28115,0.00885,0.26162
CVE-2022-28116,0.00885,0.26162
CVE-2022-28118,0.02509,0.81058
CVE-2022-2812,0.00885,0.26162
CVE-2022-28120,0.00885,0.26162
CVE-2022-28127,0.00885,0.26162
CVE-2022-28128,0.01005,0.36332
CVE-2022-28129,0.01246,0.66436
CVE-2022-2813,0.00885,0.26162
CVE-2022-28131,0.01108,0.53389
CVE-2022-28133,0.00885,0.26162
CVE-2022-28134,0.00885,0.26162
CVE-2022-28135,0.00885,0.26162
CVE-2022-28136,0.00885,0.26162
CVE-2022-28137,0.00885,0.26162
CVE-2022-28138,0.00885,0.26162
CVE-2022-28139,0.00885,0.26162
CVE-2022-2814,0.00885,0.26162
CVE-2022-28140,0.00885,0.26162
CVE-2022-28141,0.00885,0.26162
CVE-2022-28142,0.00885,0.26162
CVE-2022-28143,0.00885,0.26162
CVE-2022-28144,0.00885,0.26162
CVE-2022-28145,0.00885,0.26162
CVE-2022-28146,0.00885,0.26162
CVE-2022-28147,0.00885,0.26162
CVE-2022-28148,0.00885,0.26162
CVE-2022-28149,0.00885,0.26162
CVE-2022-28150,0.00885,0.26162
CVE-2022-28151,0.00885,0.26162
CVE-2022-28152,0.00885,0.26162
CVE-2022-28153,0.00885,0.26162
CVE-2022-28154,0.00885,0.26162
CVE-2022-28155,0.00885,0.26162
CVE-2022-28156,0.00885,0.26162
CVE-2022-28157,0.00885,0.26162
CVE-2022-28158,0.00885,0.26162
CVE-2022-28159,0.00885,0.26162
CVE-2022-2816,0.00954,0.34522
CVE-2022-28160,0.00885,0.26162
CVE-2022-28161,0.00885,0.26162
CVE-2022-28162,0.00885,0.26162
CVE-2022-28163,0.00885,0.26162
CVE-2022-28164,0.00885,0.26162
CVE-2022-28165,0.01055,0.50287
CVE-2022-28166,0.00885,0.26162
CVE-2022-28167,0.00885,0.26162
CVE-2022-28168,0.00885,0.26162
CVE-2022-2817,0.00954,0.34522
CVE-2022-28171,0.00885,0.26162
CVE-2022-28172,0.00885,0.26162
CVE-2022-2818,0.00885,0.26162
CVE-2022-28181,0.01086,0.51674
CVE-2022-28182,0.01086,0.51674
CVE-2022-28183,0.00885,0.26162
CVE-2022-28184,0.00885,0.26162
CVE-2022-28185,0.00885,0.26162
CVE-2022-28186,0.00885,0.26162
CVE-2022-28187,0.00885,0.26162
CVE-2022-28188,0.00885,0.26162
CVE-2022-28189,0.00885,0.26162
CVE-2022-2819,0.00954,0.34522
CVE-2022-28190,0.00885,0.26162
CVE-2022-28191,0.00885,0.26162
CVE-2022-28192,0.00885,0.26162
CVE-2022-28193,0.01036,0.41241
CVE-2022-28194,0.01036,0.41241
CVE-2022-28195,0.01036,0.41241
CVE-2022-28196,0.01036,0.41241
CVE-2022-28197,0.01036,0.41241
CVE-2022-28198,0.01036,0.41241
CVE-2022-28199,0.01055,0.50287
CVE-2022-2820,0.00885,0.26162
CVE-2022-28200,0.01036,0.41241
CVE-2022-28202,0.00885,0.26162
CVE-2022-28205,0.00885,0.26162
CVE-2022-28206,0.00885,0.26162
CVE-2022-28209,0.00885,0.26162
CVE-2022-2821,0.00885,0.26162
CVE-2022-28213,0.0089,0.2856
CVE-2022-28214,0.00885,0.26162
CVE-2022-28215,0.00885,0.26162
CVE-2022-28216,0.00885,0.26162
CVE-2022-28217,0.00885,0.26162
CVE-2022-28218,0.0089,0.2856
CVE-2022-2822,0.00885,0.26162
CVE-2022-28221,0.00885,0.26162
CVE-2022-28222,0.00885,0.26162
CVE-2022-28223,0.00885,0.26162
CVE-2022-28224,0.00885,0.26162
CVE-2022-28225,0.00885,0.26162
CVE-2022-28226,0.00885,0.26162
CVE-2022-28230,0.01223,0.65839
CVE-2022-28231,0.01223,0.65839
CVE-2022-28232,0.01223,0.65839
CVE-2022-28233,0.01223,0.65839
CVE-2022-28234,0.01223,0.65839
CVE-2022-28235,0.01223,0.65839
CVE-2022-28236,0.01223,0.65839
CVE-2022-28237,0.01223,0.65839
CVE-2022-28238,0.01223,0.65839
CVE-2022-28239,0.01223,0.65839
CVE-2022-2824,0.00885,0.26162
CVE-2022-28240,0.01223,0.65839
CVE-2022-28241,0.01223,0.65839
CVE-2022-28242,0.01223,0.65839
CVE-2022-28243,0.01223,0.65839
CVE-2022-28244,0.01046,0.41635
CVE-2022-28245,0.01046,0.41635
CVE-2022-28246,0.01046,0.41635
CVE-2022-28247,0.01046,0.41635
CVE-2022-28248,0.01046,0.41635
CVE-2022-28249,0.01046,0.41635
CVE-2022-28250,0.01046,0.41635
CVE-2022-28251,0.01046,0.41635
CVE-2022-28252,0.01046,0.41635
CVE-2022-28253,0.01046,0.41635
CVE-2022-28254,0.01046,0.41635
CVE-2022-28255,0.01046,0.41635
CVE-2022-28256,0.01046,0.41635
CVE-2022-28257,0.01046,0.41635
CVE-2022-28258,0.01046,0.41635
CVE-2022-28259,0.01046,0.41635
CVE-2022-28260,0.01046,0.41635
CVE-2022-28261,0.01046,0.41635
CVE-2022-28262,0.01046,0.41635
CVE-2022-28263,0.01046,0.41635
CVE-2022-28264,0.01046,0.41635
CVE-2022-28265,0.01046,0.41635
CVE-2022-28266,0.01046,0.41635
CVE-2022-28267,0.01046,0.41635
CVE-2022-28268,0.01046,0.41635
CVE-2022-28269,0.01046,0.41635
CVE-2022-28270,0.01223,0.65839
CVE-2022-28271,0.01223,0.65839
CVE-2022-28272,0.01223,0.65839
CVE-2022-28273,0.01223,0.65839
CVE-2022-28274,0.01223,0.65839
CVE-2022-28275,0.01223,0.65839
CVE-2022-28276,0.01223,0.65839
CVE-2022-28277,0.01223,0.65839
CVE-2022-28278,0.01223,0.65839
CVE-2022-28279,0.01223,0.65839
CVE-2022-2829,0.00885,0.26162
CVE-2022-28290,0.00885,0.26162
CVE-2022-2831,0.00954,0.34522
CVE-2022-2832,0.00954,0.34522
CVE-2022-28323,0.00954,0.34522
CVE-2022-28327,0.01537,0.73595
CVE-2022-28328,0.00885,0.26162
CVE-2022-28329,0.00885,0.26162
CVE-2022-2833,0.00885,0.26162
CVE-2022-28330,0.00954,0.34522
CVE-2022-28345,0.01213,0.6557
CVE-2022-28347,0.01018,0.38792
CVE-2022-28348,0.00885,0.26162
CVE-2022-28349,0.00885,0.26162
CVE-2022-28350,0.00885,0.26162
CVE-2022-28352,0.00885,0.26162
CVE-2022-28355,0.01018,0.38792
CVE-2022-28356,0.01034,0.39824
CVE-2022-28363,0.00954,0.34522
CVE-2022-28364,0.0089,0.2856
CVE-2022-28365,0.00954,0.34522
CVE-2022-28366,0.00954,0.34522
CVE-2022-28367,0.00885,0.26162
CVE-2022-28368,0.06729,0.91198
CVE-2022-28369,0.01055,0.50287
CVE-2022-28370,0.00885,0.26162
CVE-2022-28371,0.00885,0.26162
CVE-2022-28372,0.00885,0.26162
CVE-2022-28373,0.01978,0.78447
CVE-2022-28374,0.01978,0.78447
CVE-2022-28375,0.01978,0.78447
CVE-2022-28376,0.00885,0.26162
CVE-2022-28377,0.00885,0.26162
CVE-2022-28378,0.00885,0.26162
CVE-2022-28379,0.00885,0.26162
CVE-2022-2838,0.00885,0.26162
CVE-2022-28380,0.00885,0.26162
CVE-2022-28381,0.32352,0.97498
CVE-2022-28382,0.01537,0.73595
CVE-2022-28383,0.01537,0.73595
CVE-2022-28384,0.01034,0.39824
CVE-2022-28385,0.01108,0.53389
CVE-2022-28386,0.01108,0.53389
CVE-2022-28387,0.01108,0.53389
CVE-2022-28388,0.01034,0.39824
CVE-2022-28389,0.01034,0.39824
CVE-2022-28390,0.01104,0.52279
CVE-2022-28391,0.04836,0.88802
CVE-2022-28394,0.00954,0.34522
CVE-2022-28397,0.02762,0.82156
CVE-2022-2841,0.0095,0.30554
CVE-2022-28410,0.00885,0.26162
CVE-2022-28411,0.00885,0.26162
CVE-2022-28412,0.00885,0.26162
CVE-2022-28413,0.00885,0.26162
CVE-2022-28414,0.00885,0.26162
CVE-2022-28415,0.00885,0.26162
CVE-2022-28416,0.00885,0.26162
CVE-2022-28417,0.00885,0.26162
CVE-2022-2842,0.00885,0.26162
CVE-2022-28420,0.00885,0.26162
CVE-2022-28421,0.00885,0.26162
CVE-2022-28422,0.00885,0.26162
CVE-2022-28423,0.00885,0.26162
CVE-2022-28424,0.00885,0.26162
CVE-2022-28425,0.00885,0.26162
CVE-2022-28426,0.00885,0.26162
CVE-2022-28427,0.00885,0.26162
CVE-2022-28429,0.00885,0.26162
CVE-2022-2843,0.00885,0.26162
CVE-2022-28431,0.00885,0.26162
CVE-2022-28432,0.00885,0.26162
CVE-2022-28433,0.00885,0.26162
CVE-2022-28434,0.00885,0.26162
CVE-2022-28435,0.00885,0.26162
CVE-2022-28436,0.00885,0.26162
CVE-2022-28437,0.00885,0.26162
CVE-2022-28438,0.00885,0.26162
CVE-2022-28439,0.00885,0.26162
CVE-2022-2844,0.00885,0.26162
CVE-2022-28440,0.01338,0.70562
CVE-2022-28443,0.00885,0.26162
CVE-2022-28444,0.00885,0.26162
CVE-2022-28445,0.00885,0.26162
CVE-2022-28448,0.00885,0.26162
CVE-2022-28449,0.00885,0.26162
CVE-2022-2845,0.00954,0.34522
CVE-2022-28450,0.01055,0.50287
CVE-2022-28451,0.00885,0.26162
CVE-2022-28452,0.01018,0.38792
CVE-2022-28454,0.00954,0.34522
CVE-2022-2846,0.00885,0.26162
CVE-2022-28461,0.00885,0.26162
CVE-2022-28462,0.00885,0.26162
CVE-2022-28463,0.01018,0.38792
CVE-2022-28464,0.01156,0.60033
CVE-2022-28467,0.00885,0.26162
CVE-2022-28468,0.00885,0.26162
CVE-2022-2847,0.00885,0.26162
CVE-2022-28470,0.02509,0.81058
CVE-2022-28471,0.00885,0.26162
CVE-2022-28477,0.00885,0.26162
CVE-2022-28478,0.00885,0.26162
CVE-2022-28479,0.00885,0.26162
CVE-2022-28480,0.00885,0.26162
CVE-2022-28481,0.00954,0.34522
CVE-2022-28487,0.00885,0.26162
CVE-2022-28488,0.00885,0.26162
CVE-2022-2849,0.00885,0.26162
CVE-2022-28505,0.00885,0.26162
CVE-2022-28506,0.01018,0.38792
CVE-2022-28507,0.00885,0.26162
CVE-2022-28508,0.00954,0.34522
CVE-2022-28512,0.00885,0.26162
CVE-2022-28521,0.00885,0.26162
CVE-2022-28522,0.00885,0.26162
CVE-2022-28523,0.00885,0.26162
CVE-2022-28524,0.00885,0.26162
CVE-2022-28525,0.00885,0.26162
CVE-2022-28527,0.00885,0.26162
CVE-2022-28528,0.00885,0.26162
CVE-2022-28530,0.00885,0.26162
CVE-2022-28531,0.00885,0.26162
CVE-2022-28533,0.00885,0.26162
CVE-2022-28541,0.01036,0.41241
CVE-2022-28542,0.00885,0.26162
CVE-2022-28543,0.00885,0.26162
CVE-2022-28544,0.00885,0.26162
CVE-2022-28545,0.00885,0.26162
CVE-2022-28552,0.00885,0.26162
CVE-2022-28556,0.00885,0.26162
CVE-2022-28557,0.01086,0.51674
CVE-2022-28560,0.00885,0.26162
CVE-2022-28561,0.00885,0.26162
CVE-2022-28568,0.05634,0.89764
CVE-2022-28571,0.02055,0.7893
CVE-2022-28572,0.02055,0.7893
CVE-2022-28573,0.02055,0.7893
CVE-2022-28575,0.02055,0.7893
CVE-2022-28577,0.02055,0.7893
CVE-2022-28578,0.02055,0.7893
CVE-2022-28579,0.02055,0.7893
CVE-2022-28580,0.02055,0.7893
CVE-2022-28581,0.02055,0.7893
CVE-2022-28582,0.02055,0.7893
CVE-2022-28583,0.02055,0.7893
CVE-2022-28584,0.02055,0.7893
CVE-2022-28585,0.00885,0.26162
CVE-2022-28586,0.00885,0.26162
CVE-2022-28588,0.00885,0.26162
CVE-2022-28589,0.00885,0.26162
CVE-2022-28590,0.01156,0.60033
CVE-2022-28598,0.00954,0.34522
CVE-2022-28599,0.00885,0.26162
CVE-2022-28601,0.01055,0.50287
CVE-2022-28605,0.01055,0.50287
CVE-2022-28606,0.00954,0.34522
CVE-2022-28612,0.00885,0.26162
CVE-2022-28613,0.00885,0.26162
CVE-2022-28614,0.01742,0.75235
CVE-2022-28615,0.01742,0.75235
CVE-2022-28616,0.00885,0.26162
CVE-2022-28617,0.01055,0.50287
CVE-2022-28618,0.02055,0.7893
CVE-2022-28619,0.00885,0.26162
CVE-2022-2862,0.00885,0.26162
CVE-2022-28620,0.01055,0.50287
CVE-2022-28621,0.01055,0.50287
CVE-2022-28622,0.01055,0.50287
CVE-2022-28623,0.00885,0.26162
CVE-2022-28624,0.00885,0.26162
CVE-2022-28625,0.00885,0.26162
CVE-2022-28626,0.01036,0.41241
CVE-2022-28627,0.01036,0.41241
CVE-2022-28628,0.01036,0.41241
CVE-2022-28629,0.01036,0.41241
CVE-2022-28630,0.01036,0.41241
CVE-2022-28631,0.01036,0.41241
CVE-2022-28632,0.01036,0.41241
CVE-2022-28633,0.00885,0.26162
CVE-2022-28634,0.01036,0.41241
CVE-2022-28635,0.01036,0.41241
CVE-2022-28636,0.01036,0.41241
CVE-2022-28648,0.00885,0.26162
CVE-2022-28649,0.00885,0.26162
CVE-2022-28650,0.00885,0.26162
CVE-2022-28651,0.00885,0.26162
CVE-2022-2866,0.01036,0.41241
CVE-2022-28660,0.00885,0.26162
CVE-2022-28661,0.01086,0.51674
CVE-2022-28662,0.00885,0.26162
CVE-2022-28663,0.01036,0.41241
CVE-2022-28664,0.00885,0.26162
CVE-2022-28665,0.00885,0.26162
CVE-2022-28666,0.00885,0.26162
CVE-2022-28668,0.01103,0.51945
CVE-2022-28669,0.01611,0.74874
CVE-2022-2867,0.00885,0.26162
CVE-2022-28670,0.01611,0.74874
CVE-2022-28671,0.01611,0.74874
CVE-2022-28672,0.01611,0.74874
CVE-2022-28673,0.01611,0.74874
CVE-2022-28674,0.01611,0.74874
CVE-2022-28675,0.01611,0.74874
CVE-2022-28676,0.01611,0.74874
CVE-2022-28677,0.01611,0.74874
CVE-2022-28678,0.01611,0.74874
CVE-2022-28679,0.01611,0.74874
CVE-2022-2868,0.00885,0.26162
CVE-2022-28680,0.01611,0.74874
CVE-2022-28681,0.01611,0.74874
CVE-2022-28682,0.01611,0.74874
CVE-2022-28683,0.01611,0.74874
CVE-2022-28684,0.01156,0.60033
CVE-2022-2869,0.00885,0.26162
CVE-2022-28690,0.01036,0.41241
CVE-2022-28691,0.00885,0.26162
CVE-2022-28692,0.01055,0.50287
CVE-2022-28695,0.00885,0.26162
CVE-2022-28696,0.00885,0.26162
CVE-2022-28697,0.00885,0.26162
CVE-2022-2870,0.00885,0.26162
CVE-2022-28700,0.00885,0.26162
CVE-2022-28701,0.00885,0.26162
CVE-2022-28702,0.00885,0.26162
CVE-2022-28704,0.01055,0.50287
CVE-2022-28705,0.00885,0.26162
CVE-2022-28706,0.00885,0.26162
CVE-2022-28707,0.00885,0.26162
CVE-2022-28708,0.00885,0.26162
CVE-2022-28709,0.00885,0.26162
CVE-2022-2871,0.00885,0.26162
CVE-2022-28710,0.00885,0.26162
CVE-2022-28711,0.00885,0.26162
CVE-2022-28712,0.0144,0.7265
CVE-2022-28713,0.01055,0.50287
CVE-2022-28714,0.00885,0.26162
CVE-2022-28715,0.01055,0.50287
CVE-2022-28716,0.00885,0.26162
CVE-2022-28717,0.01055,0.50287
CVE-2022-28718,0.01055,0.50287
CVE-2022-28719,0.01978,0.78447
CVE-2022-2873,0.00885,0.26162
CVE-2022-28730,0.00885,0.26162
CVE-2022-28731,0.00885,0.26162
CVE-2022-28732,0.00885,0.26162
CVE-2022-28738,0.01018,0.38792
CVE-2022-28739,0.01018,0.38792
CVE-2022-2874,0.00885,0.26162
CVE-2022-28743,0.01055,0.50287
CVE-2022-28747,0.01978,0.78447
CVE-2022-28749,0.00885,0.26162
CVE-2022-28750,0.01086,0.51674
CVE-2022-28751,0.00885,0.26162
CVE-2022-28752,0.00885,0.26162
CVE-2022-28753,0.00885,0.26162
CVE-2022-28754,0.00885,0.26162
CVE-2022-28755,0.01156,0.60033
CVE-2022-28756,0.00885,0.26162
CVE-2022-28757,0.00885,0.26162
CVE-2022-2876,0.00885,0.26162
CVE-2022-28770,0.0144,0.7265
CVE-2022-28771,0.00885,0.26162
CVE-2022-28772,0.00885,0.26162
CVE-2022-28773,0.00885,0.26162
CVE-2022-28774,0.00885,0.26162
CVE-2022-28775,0.00885,0.26162
CVE-2022-28776,0.00885,0.26162
CVE-2022-28777,0.00885,0.26162
CVE-2022-28778,0.00885,0.26162
CVE-2022-28779,0.01036,0.41241
CVE-2022-28780,0.00885,0.26162
CVE-2022-28781,0.00885,0.26162
CVE-2022-28782,0.00885,0.26162
CVE-2022-28783,0.00885,0.26162
CVE-2022-28784,0.00885,0.26162
CVE-2022-28785,0.00885,0.26162
CVE-2022-28786,0.00885,0.26162
CVE-2022-28787,0.00885,0.26162
CVE-2022-28788,0.00885,0.26162
CVE-2022-28789,0.00885,0.26162
CVE-2022-28790,0.00885,0.26162
CVE-2022-28791,0.00885,0.26162
CVE-2022-28792,0.01036,0.41241
CVE-2022-28793,0.00885,0.26162
CVE-2022-28794,0.00885,0.26162
CVE-2022-28795,0.00885,0.26162
CVE-2022-28796,0.0089,0.2856
CVE-2022-28799,0.00954,0.34522
CVE-2022-28803,0.00885,0.26162
CVE-2022-28805,0.01108,0.53389
CVE-2022-28806,0.01365,0.70715
CVE-2022-28807,0.01036,0.41241
CVE-2022-28808,0.01036,0.41241
CVE-2022-28809,0.01036,0.41241
CVE-2022-28810,0.52594,0.98678
CVE-2022-28818,0.01046,0.41635
CVE-2022-28819,0.01223,0.65839
CVE-2022-28820,0.01046,0.41635
CVE-2022-28821,0.01223,0.65839
CVE-2022-28822,0.01223,0.65839
CVE-2022-28823,0.01223,0.65839
CVE-2022-28824,0.01223,0.65839
CVE-2022-28825,0.01223,0.65839
CVE-2022-28826,0.01223,0.65839
CVE-2022-28827,0.01223,0.65839
CVE-2022-28828,0.01223,0.65839
CVE-2022-28829,0.01223,0.65839
CVE-2022-28830,0.01046,0.41635
CVE-2022-28837,0.01046,0.41635
CVE-2022-28838,0.01223,0.65839
CVE-2022-28839,0.01223,0.65839
CVE-2022-28840,0.01223,0.65839
CVE-2022-28841,0.01223,0.65839
CVE-2022-28842,0.01223,0.65839
CVE-2022-28843,0.01223,0.65839
CVE-2022-28844,0.01223,0.65839
CVE-2022-28845,0.01223,0.65839
CVE-2022-28846,0.01223,0.65839
CVE-2022-28847,0.01223,0.65839
CVE-2022-28848,0.01223,0.65839
CVE-2022-28849,0.01223,0.65839
CVE-2022-2885,0.00885,0.26162
CVE-2022-28850,0.01046,0.41635
CVE-2022-28858,0.00885,0.26162
CVE-2022-28859,0.00885,0.26162
CVE-2022-2886,0.00885,0.26162
CVE-2022-28860,0.00885,0.26162
CVE-2022-28861,0.00885,0.26162
CVE-2022-28862,0.00885,0.26162
CVE-2022-28868,0.00885,0.26162
CVE-2022-28869,0.00885,0.26162
CVE-2022-28870,0.00885,0.26162
CVE-2022-28871,0.00885,0.26162
CVE-2022-28872,0.00885,0.26162
CVE-2022-28873,0.00885,0.26162
CVE-2022-28874,0.00885,0.26162
CVE-2022-28875,0.00885,0.26162
CVE-2022-28876,0.00885,0.26162
CVE-2022-28877,0.01005,0.36332
CVE-2022-28878,0.00885,0.26162
CVE-2022-28879,0.00885,0.26162
CVE-2022-28880,0.00885,0.26162
CVE-2022-28881,0.00885,0.26162
CVE-2022-28882,0.00885,0.26162
CVE-2022-28883,0.00885,0.26162
CVE-2022-28888,0.05634,0.89764
CVE-2022-28889,0.00885,0.26162
CVE-2022-2889,0.00954,0.34522
CVE-2022-28890,0.00885,0.26162
CVE-2022-28892,0.00885,0.26162
CVE-2022-28893,0.01034,0.39824
CVE-2022-28895,0.02055,0.7893
CVE-2022-28896,0.02055,0.7893
CVE-2022-2890,0.00885,0.26162
CVE-2022-28901,0.02055,0.7893
CVE-2022-28905,0.02055,0.7893
CVE-2022-28906,0.02055,0.7893
CVE-2022-28907,0.02055,0.7893
CVE-2022-28908,0.02055,0.7893
CVE-2022-28909,0.02055,0.7893
CVE-2022-28910,0.02055,0.7893
CVE-2022-28911,0.02055,0.7893
CVE-2022-28912,0.02055,0.7893
CVE-2022-28913,0.02055,0.7893
CVE-2022-28915,0.02055,0.7893
CVE-2022-28917,0.00885,0.26162
CVE-2022-28918,0.00885,0.26162
CVE-2022-28919,0.01018,0.38792
CVE-2022-2892,0.00885,0.26162
CVE-2022-28920,0.00885,0.26162
CVE-2022-28921,0.00885,0.26162
CVE-2022-28924,0.00885,0.26162
CVE-2022-28927,0.01978,0.78447
CVE-2022-28929,0.00885,0.26162
CVE-2022-28930,0.00885,0.26162
CVE-2022-28932,0.01018,0.38792
CVE-2022-28935,0.02055,0.7893
CVE-2022-28936,0.00885,0.26162
CVE-2022-28937,0.00885,0.26162
CVE-2022-2894,0.00885,0.26162
CVE-2022-28940,0.00885,0.26162
CVE-2022-28945,0.01018,0.38792
CVE-2022-28946,0.00885,0.26162
CVE-2022-28948,0.00885,0.26162
CVE-2022-2895,0.00885,0.26162
CVE-2022-28955,0.00885,0.26162
CVE-2022-28956,0.00885,0.26162
CVE-2022-28958,0.01978,0.78447
CVE-2022-28959,0.01018,0.38792
CVE-2022-2896,0.00885,0.26162
CVE-2022-28960,0.0095,0.30554
CVE-2022-28961,0.0095,0.30554
CVE-2022-28962,0.00885,0.26162
CVE-2022-28964,0.00885,0.26162
CVE-2022-28965,0.01005,0.36332
CVE-2022-28966,0.00885,0.26162
CVE-2022-28969,0.00885,0.26162
CVE-2022-2897,0.00885,0.26162
CVE-2022-28970,0.00885,0.26162
CVE-2022-28971,0.00885,0.26162
CVE-2022-28972,0.00885,0.26162
CVE-2022-28973,0.00885,0.26162
CVE-2022-2898,0.00885,0.26162
CVE-2022-28985,0.00885,0.26162
CVE-2022-28986,0.01136,0.57949
CVE-2022-28987,0.0176,0.7531
CVE-2022-28990,0.00885,0.26162
CVE-2022-28991,0.00885,0.26162
CVE-2022-28992,0.00885,0.26162
CVE-2022-28993,0.00885,0.26162
CVE-2022-28994,0.01055,0.50287
CVE-2022-28995,0.01156,0.60033
CVE-2022-28997,0.01018,0.38792
CVE-2022-28998,0.0095,0.30554
CVE-2022-28999,0.01086,0.51674
CVE-2022-29001,0.00885,0.26162
CVE-2022-29002,0.00885,0.26162
CVE-2022-29004,0.00954,0.34522
CVE-2022-29005,0.00954,0.34522
CVE-2022-29006,0.00885,0.26162
CVE-2022-29007,0.00885,0.26162
CVE-2022-29008,0.00885,0.26162
CVE-2022-29009,0.00885,0.26162
CVE-2022-29013,0.02211,0.80357
CVE-2022-29014,0.00954,0.34522
CVE-2022-29017,0.00885,0.26162
CVE-2022-29020,0.00885,0.26162
CVE-2022-29021,0.00885,0.26162
CVE-2022-29022,0.00885,0.26162
CVE-2022-29023,0.00885,0.26162
CVE-2022-29028,0.00885,0.26162
CVE-2022-29029,0.00885,0.26162
CVE-2022-29030,0.00885,0.26162
CVE-2022-29031,0.00885,0.26162
CVE-2022-29032,0.00885,0.26162
CVE-2022-29033,0.00885,0.26162
CVE-2022-29034,0.00954,0.34522
CVE-2022-29035,0.00885,0.26162
CVE-2022-29036,0.00885,0.26162
CVE-2022-29037,0.00885,0.26162
CVE-2022-29038,0.00885,0.26162
CVE-2022-29039,0.00885,0.26162
CVE-2022-29040,0.00885,0.26162
CVE-2022-29041,0.00885,0.26162
CVE-2022-29042,0.00885,0.26162
CVE-2022-29043,0.00885,0.26162
CVE-2022-29044,0.00885,0.26162
CVE-2022-29045,0.00885,0.26162
CVE-2022-29046,0.0089,0.2856
CVE-2022-29047,0.00885,0.26162
CVE-2022-29048,0.00954,0.34522
CVE-2022-29049,0.00885,0.26162
CVE-2022-29050,0.00885,0.26162
CVE-2022-29051,0.00885,0.26162
CVE-2022-29052,0.00885,0.26162
CVE-2022-29057,0.01055,0.50287
CVE-2022-29060,0.00885,0.26162
CVE-2022-29063,0.00885,0.26162
CVE-2022-29071,0.00885,0.26162
CVE-2022-29077,0.00954,0.34522
CVE-2022-29080,0.02055,0.7893
CVE-2022-29081,0.00885,0.26162
CVE-2022-29082,0.01055,0.50287
CVE-2022-29083,0.00885,0.26162
CVE-2022-29084,0.01055,0.50287
CVE-2022-29085,0.00885,0.26162
CVE-2022-2909,0.00885,0.26162
CVE-2022-29090,0.00885,0.26162
CVE-2022-29091,0.01156,0.60033
CVE-2022-29092,0.00885,0.26162
CVE-2022-29093,0.00885,0.26162
CVE-2022-29094,0.00885,0.26162
CVE-2022-29095,0.01086,0.51674
CVE-2022-29096,0.01086,0.51674
CVE-2022-29097,0.01055,0.50287
CVE-2022-29098,0.01055,0.50287
CVE-2022-29102,0.0115,0.5906
CVE-2022-29103,0.0115,0.5906
CVE-2022-29104,0.0115,0.5906
CVE-2022-29105,0.01528,0.72895
CVE-2022-29106,0.0115,0.5906
CVE-2022-29107,0.02251,0.80538
CVE-2022-29108,0.01967,0.77799
CVE-2022-29109,0.01528,0.72895
CVE-2022-29110,0.01528,0.72895
CVE-2022-29111,0.01528,0.72895
CVE-2022-29112,0.02251,0.80538
CVE-2022-29113,0.0115,0.5906
CVE-2022-29114,0.0115,0.5906
CVE-2022-29115,0.01528,0.72895
CVE-2022-29116,0.0115,0.5906
CVE-2022-29117,0.05569,0.89556
CVE-2022-29119,0.01528,0.72895
CVE-2022-29120,0.0115,0.5906
CVE-2022-29121,0.02251,0.80538
CVE-2022-29122,0.0115,0.5906
CVE-2022-29123,0.0115,0.5906
CVE-2022-29125,0.0115,0.5906
CVE-2022-29126,0.0115,0.5906
CVE-2022-29127,0.02251,0.80538
CVE-2022-29128,0.01967,0.77799
CVE-2022-29129,0.01967,0.77799
CVE-2022-29130,0.01601,0.74633
CVE-2022-29131,0.01967,0.77799
CVE-2022-29132,0.0115,0.5906
CVE-2022-29133,0.0115,0.5906
CVE-2022-29134,0.0115,0.5906
CVE-2022-29135,0.0115,0.5906
CVE-2022-29137,0.01967,0.77799
CVE-2022-29138,0.0115,0.5906
CVE-2022-29139,0.01601,0.74633
CVE-2022-29140,0.0115,0.5906
CVE-2022-29141,0.01967,0.77799
CVE-2022-29142,0.0115,0.5906
CVE-2022-29143,0.01967,0.77799
CVE-2022-29145,0.05569,0.89556
CVE-2022-29148,0.01601,0.74633
CVE-2022-29149,0.0115,0.5906
CVE-2022-2915,0.01156,0.60033
CVE-2022-29150,0.0115,0.5906
CVE-2022-29151,0.0115,0.5906
CVE-2022-29152,0.00885,0.26162
CVE-2022-29153,0.01018,0.38792
CVE-2022-29154,0.01018,0.38792
CVE-2022-29155,0.01018,0.38792
CVE-2022-29156,0.0089,0.2856
CVE-2022-29158,0.00885,0.26162
CVE-2022-29159,0.0089,0.2856
CVE-2022-29160,0.0089,0.2856
CVE-2022-29161,0.00954,0.34522
CVE-2022-29162,0.01034,0.39824
CVE-2022-29163,0.0095,0.30554
CVE-2022-29164,0.0089,0.2856
CVE-2022-29165,0.01018,0.38792
CVE-2022-29166,0.00885,0.26162
CVE-2022-29167,0.00885,0.26162
CVE-2022-29168,0.01086,0.51674
CVE-2022-29169,0.00954,0.34522
CVE-2022-29170,0.0095,0.30554
CVE-2022-29171,0.01156,0.60033
CVE-2022-29172,0.00885,0.26162
CVE-2022-29173,0.00885,0.26162
CVE-2022-29174,0.00885,0.26162
CVE-2022-29176,0.0089,0.2856
CVE-2022-29177,0.00885,0.26162
CVE-2022-29178,0.0095,0.30554
CVE-2022-29179,0.0095,0.30554
CVE-2022-29180,0.00885,0.26162
CVE-2022-29181,0.01018,0.38792
CVE-2022-29182,0.01018,0.38792
CVE-2022-29183,0.01018,0.38792
CVE-2022-29184,0.04571,0.88388
CVE-2022-29185,0.0089,0.2856
CVE-2022-29186,0.00885,0.26162
CVE-2022-29187,0.01034,0.39824
CVE-2022-29188,0.00885,0.26162
CVE-2022-29189,0.01136,0.57949
CVE-2022-29190,0.00954,0.34522
CVE-2022-29191,0.01034,0.39824
CVE-2022-29192,0.01034,0.39824
CVE-2022-29193,0.01034,0.39824
CVE-2022-29194,0.01034,0.39824
CVE-2022-29195,0.01034,0.39824
CVE-2022-29196,0.01034,0.39824
CVE-2022-29197,0.01034,0.39824
CVE-2022-29198,0.01034,0.39824
CVE-2022-29199,0.01034,0.39824
CVE-2022-29200,0.01034,0.39824
CVE-2022-29201,0.01034,0.39824
CVE-2022-29202,0.01104,0.52279
CVE-2022-29203,0.01034,0.39824
CVE-2022-29204,0.01282,0.67298
CVE-2022-29205,0.01104,0.52279
CVE-2022-29206,0.01505,0.72763
CVE-2022-29207,0.01034,0.39824
CVE-2022-29208,0.01034,0.39824
CVE-2022-29209,0.01282,0.67298
CVE-2022-2921,0.00885,0.26162
CVE-2022-29210,0.0095,0.30554
CVE-2022-29211,0.01282,0.67298
CVE-2022-29212,0.01104,0.52279
CVE-2022-29213,0.01104,0.52279
CVE-2022-29214,0.00885,0.26162
CVE-2022-29215,0.00885,0.26162
CVE-2022-29216,0.01104,0.52279
CVE-2022-29217,0.01018,0.38792
CVE-2022-29218,0.00885,0.26162
CVE-2022-29219,0.00954,0.34522
CVE-2022-29220,0.0089,0.2856
CVE-2022-29222,0.00954,0.34522
CVE-2022-29223,0.02844,0.8238
CVE-2022-29224,0.00885,0.26162
CVE-2022-29225,0.00885,0.26162
CVE-2022-29226,0.00885,0.26162
CVE-2022-29227,0.00885,0.26162
CVE-2022-29228,0.00885,0.26162
CVE-2022-29229,0.00885,0.26162
CVE-2022-2923,0.00954,0.34522
CVE-2022-29230,0.0089,0.2856
CVE-2022-29232,0.0095,0.30554
CVE-2022-29233,0.0095,0.30554
CVE-2022-29234,0.0095,0.30554
CVE-2022-29235,0.01018,0.38792
CVE-2022-29236,0.0095,0.30554
CVE-2022-29237,0.00885,0.26162
CVE-2022-29238,0.01086,0.51674
CVE-2022-29241,0.00885,0.26162
CVE-2022-29242,0.01018,0.38792
CVE-2022-29243,0.0095,0.30554
CVE-2022-29244,0.01537,0.73595
CVE-2022-29245,0.01018,0.38792
CVE-2022-29246,0.06171,0.90256
CVE-2022-29248,0.01018,0.38792
CVE-2022-29249,0.00885,0.26162
CVE-2022-29250,0.00885,0.26162
CVE-2022-29251,0.00954,0.34522
CVE-2022-29252,0.00954,0.34522
CVE-2022-29253,0.0089,0.2856
CVE-2022-29254,0.00885,0.26162
CVE-2022-29255,0.00885,0.26162
CVE-2022-29256,0.00885,0.26162
CVE-2022-29257,0.00885,0.26162
CVE-2022-29258,0.00954,0.34522
CVE-2022-29263,0.00885,0.26162
CVE-2022-29264,0.0144,0.7265
CVE-2022-29265,0.00885,0.26162
CVE-2022-29266,0.00885,0.26162
CVE-2022-29269,0.0095,0.30554
CVE-2022-2927,0.00885,0.26162
CVE-2022-29270,0.0095,0.30554
CVE-2022-29271,0.0095,0.30554
CVE-2022-29272,0.01018,0.38792
CVE-2022-29281,0.0144,0.7265
CVE-2022-29286,0.01055,0.50287
CVE-2022-29287,0.00885,0.26162
CVE-2022-29296,0.00885,0.26162
CVE-2022-29298,0.00885,0.26162
CVE-2022-2930,0.00885,0.26162
CVE-2022-29302,0.00885,0.26162
CVE-2022-29304,0.00885,0.26162
CVE-2022-29305,0.00885,0.26162
CVE-2022-29306,0.00885,0.26162
CVE-2022-29307,0.02055,0.7893
CVE-2022-29309,0.00885,0.26162
CVE-2022-29315,0.00885,0.26162
CVE-2022-29316,0.00885,0.26162
CVE-2022-29317,0.00885,0.26162
CVE-2022-29318,0.01338,0.70562
CVE-2022-2932,0.00885,0.26162
CVE-2022-29320,0.00885,0.26162
CVE-2022-29321,0.00885,0.26162
CVE-2022-29322,0.00885,0.26162
CVE-2022-29323,0.00885,0.26162
CVE-2022-29324,0.00885,0.26162
CVE-2022-29325,0.00885,0.26162
CVE-2022-29326,0.00885,0.26162
CVE-2022-29327,0.00885,0.26162
CVE-2022-29328,0.00885,0.26162
CVE-2022-29329,0.00885,0.26162
CVE-2022-29330,0.00885,0.26162
CVE-2022-29332,0.00885,0.26162
CVE-2022-29333,0.01018,0.38792
CVE-2022-29334,0.00885,0.26162
CVE-2022-29337,0.02055,0.7893
CVE-2022-29339,0.00885,0.26162
CVE-2022-29340,0.00885,0.26162
CVE-2022-29347,0.00954,0.34522
CVE-2022-29349,0.00885,0.26162
CVE-2022-29351,0.02509,0.81058
CVE-2022-29353,0.01338,0.70562
CVE-2022-29354,0.01338,0.70562
CVE-2022-29358,0.00885,0.26162
CVE-2022-29359,0.00885,0.26162
CVE-2022-29360,0.00885,0.26162
CVE-2022-29361,0.00885,0.26162
CVE-2022-29362,0.00885,0.26162
CVE-2022-29363,0.00885,0.26162
CVE-2022-29368,0.00885,0.26162
CVE-2022-29369,0.00885,0.26162
CVE-2022-29376,0.01086,0.51674
CVE-2022-29377,0.00885,0.26162
CVE-2022-29379,0.00954,0.34522
CVE-2022-2938,0.00885,0.26162
CVE-2022-29380,0.00885,0.26162
CVE-2022-29391,0.00885,0.26162
CVE-2022-29392,0.00885,0.26162
CVE-2022-29393,0.00885,0.26162
CVE-2022-29394,0.00885,0.26162
CVE-2022-29395,0.00885,0.26162
CVE-2022-29396,0.00885,0.26162
CVE-2022-29397,0.00885,0.26162
CVE-2022-29398,0.00885,0.26162
CVE-2022-29399,0.00885,0.26162
CVE-2022-29402,0.00885,0.26162
CVE-2022-29404,0.01742,0.75235
CVE-2022-29405,0.00885,0.26162
CVE-2022-29406,0.00885,0.26162
CVE-2022-29408,0.00885,0.26162
CVE-2022-29410,0.00885,0.26162
CVE-2022-29411,0.00885,0.26162
CVE-2022-29412,0.00885,0.26162
CVE-2022-29413,0.00885,0.26162
CVE-2022-29414,0.00885,0.26162
CVE-2022-29415,0.00885,0.26162
CVE-2022-29417,0.00885,0.26162
CVE-2022-29418,0.00885,0.26162
CVE-2022-29419,0.00885,0.26162
CVE-2022-29420,0.00885,0.26162
CVE-2022-29421,0.00885,0.26162
CVE-2022-29422,0.00885,0.26162
CVE-2022-29423,0.00885,0.26162
CVE-2022-29424,0.00885,0.26162
CVE-2022-29425,0.00885,0.26162
CVE-2022-29426,0.00885,0.26162
CVE-2022-29427,0.00885,0.26162
CVE-2022-29428,0.00885,0.26162
CVE-2022-29429,0.01689,0.75137
CVE-2022-29430,0.00885,0.26162
CVE-2022-29431,0.00885,0.26162
CVE-2022-29432,0.00885,0.26162
CVE-2022-29433,0.00885,0.26162
CVE-2022-29434,0.00885,0.26162
CVE-2022-29435,0.00885,0.26162
CVE-2022-29436,0.00885,0.26162
CVE-2022-29437,0.00885,0.26162
CVE-2022-29438,0.00885,0.26162
CVE-2022-29439,0.00885,0.26162
CVE-2022-29440,0.00885,0.26162
CVE-2022-29441,0.00885,0.26162
CVE-2022-29442,0.00885,0.26162
CVE-2022-29443,0.00885,0.26162
CVE-2022-29444,0.00885,0.26162
CVE-2022-29445,0.00885,0.26162
CVE-2022-29446,0.00885,0.26162
CVE-2022-29447,0.00885,0.26162
CVE-2022-29448,0.00885,0.26162
CVE-2022-29449,0.00885,0.26162
CVE-2022-29450,0.00885,0.26162
CVE-2022-29451,0.00885,0.26162
CVE-2022-29452,0.00885,0.26162
CVE-2022-29453,0.00885,0.26162
CVE-2022-29454,0.00885,0.26162
CVE-2022-29457,0.0089,0.2856
CVE-2022-29458,0.00885,0.26162
CVE-2022-2946,0.00954,0.34522
CVE-2022-29465,0.00885,0.26162
CVE-2022-29467,0.01055,0.50287
CVE-2022-29468,0.00885,0.26162
CVE-2022-29471,0.01055,0.50287
CVE-2022-29473,0.00885,0.26162
CVE-2022-29474,0.00885,0.26162
CVE-2022-29476,0.00885,0.26162
CVE-2022-29479,0.00885,0.26162
CVE-2022-29480,0.00885,0.26162
CVE-2022-29482,0.00885,0.26162
CVE-2022-29483,0.00885,0.26162
CVE-2022-29484,0.01055,0.50287
CVE-2022-29485,0.01213,0.6557
CVE-2022-29487,0.01055,0.50287
CVE-2022-29488,0.01036,0.41241
CVE-2022-29491,0.00885,0.26162
CVE-2022-29495,0.00885,0.26162
CVE-2022-29496,0.01086,0.51674
CVE-2022-29498,0.00885,0.26162
CVE-2022-29499,0.01156,0.60033
CVE-2022-29500,0.01034,0.39824
CVE-2022-29501,0.02422,0.80762
CVE-2022-29502,0.01108,0.53389
CVE-2022-29505,0.00885,0.26162
CVE-2022-29506,0.01559,0.742
CVE-2022-29507,0.00885,0.26162
CVE-2022-29509,0.01136,0.57949
CVE-2022-29512,0.01055,0.50287
CVE-2022-29513,0.01055,0.50287
CVE-2022-29516,0.01055,0.50287
CVE-2022-29518,0.00885,0.26162
CVE-2022-29519,0.01018,0.38792
CVE-2022-29522,0.01005,0.36332
CVE-2022-29524,0.01559,0.742
CVE-2022-29525,0.01055,0.50287
CVE-2022-29526,0.01537,0.73595
CVE-2022-29527,0.0089,0.2856
CVE-2022-29528,0.00954,0.34522
CVE-2022-29529,0.00885,0.26162
CVE-2022-2953,0.00954,0.34522
CVE-2022-29530,0.00885,0.26162
CVE-2022-29531,0.00885,0.26162
CVE-2022-29532,0.00885,0.26162
CVE-2022-29533,0.00885,0.26162
CVE-2022-29534,0.00885,0.26162
CVE-2022-29535,0.00885,0.26162
CVE-2022-29536,0.01108,0.53389
CVE-2022-29537,0.00885,0.26162
CVE-2022-29538,0.00885,0.26162
CVE-2022-29539,0.02055,0.7893
CVE-2022-29540,0.01055,0.50287
CVE-2022-29546,0.00885,0.26162
CVE-2022-29547,0.00954,0.34522
CVE-2022-29549,0.00954,0.34522
CVE-2022-29550,0.00885,0.26162
CVE-2022-29555,0.00885,0.26162
CVE-2022-29556,0.00885,0.26162
CVE-2022-29558,0.02055,0.7893
CVE-2022-2956,0.00885,0.26162
CVE-2022-29560,0.02055,0.7893
CVE-2022-29564,0.00885,0.26162
CVE-2022-29566,0.00885,0.26162
CVE-2022-29567,0.00885,0.26162
CVE-2022-2957,0.00885,0.26162
CVE-2022-29577,0.00954,0.34522
CVE-2022-29578,0.01055,0.50287
CVE-2022-29581,0.01034,0.39824
CVE-2022-29583,0.01036,0.41241
CVE-2022-29584,0.00885,0.26162
CVE-2022-29585,0.00885,0.26162
CVE-2022-29586,0.00885,0.26162
CVE-2022-29587,0.00885,0.26162
CVE-2022-29588,0.00885,0.26162
CVE-2022-29589,0.00885,0.26162
CVE-2022-2959,0.00885,0.26162
CVE-2022-29591,0.00885,0.26162
CVE-2022-29592,0.02055,0.7893
CVE-2022-29594,0.00885,0.26162
CVE-2022-29596,0.00885,0.26162
CVE-2022-29599,0.01246,0.66436
CVE-2022-29600,0.00885,0.26162
CVE-2022-29601,0.00885,0.26162
CVE-2022-29602,0.00885,0.26162
CVE-2022-29603,0.01055,0.50287
CVE-2022-2961,0.00885,0.26162
CVE-2022-29610,0.00885,0.26162
CVE-2022-29611,0.00885,0.26162
CVE-2022-29612,0.00885,0.26162
CVE-2022-29613,0.00885,0.26162
CVE-2022-29614,0.00885,0.26162
CVE-2022-29615,0.00885,0.26162
CVE-2022-29616,0.00885,0.26162
CVE-2022-29617,0.00885,0.26162
CVE-2022-29618,0.0144,0.7265
CVE-2022-29619,0.00885,0.26162
CVE-2022-29620,0.00954,0.34522
CVE-2022-29623,0.01276,0.66501
CVE-2022-29624,0.01773,0.75668
CVE-2022-29627,0.00885,0.26162
CVE-2022-29628,0.00885,0.26162
CVE-2022-29631,0.00885,0.26162
CVE-2022-29632,0.01338,0.70562
CVE-2022-29633,0.00885,0.26162
CVE-2022-29637,0.00885,0.26162
CVE-2022-29638,0.00885,0.26162
CVE-2022-29639,0.02055,0.7893
CVE-2022-29640,0.00885,0.26162
CVE-2022-29641,0.00885,0.26162
CVE-2022-29642,0.00885,0.26162
CVE-2022-29643,0.00885,0.26162
CVE-2022-29644,0.00885,0.26162
CVE-2022-29645,0.00885,0.26162
CVE-2022-29646,0.00885,0.26162
CVE-2022-29647,0.00885,0.26162
CVE-2022-29648,0.00885,0.26162
CVE-2022-2965,0.00885,0.26162
CVE-2022-29650,0.00885,0.26162
CVE-2022-29651,0.01338,0.70562
CVE-2022-29652,0.00885,0.26162
CVE-2022-29653,0.00885,0.26162
CVE-2022-29655,0.01338,0.70562
CVE-2022-29656,0.00885,0.26162
CVE-2022-29659,0.00954,0.34522
CVE-2022-29660,0.00885,0.26162
CVE-2022-29661,0.00885,0.26162
CVE-2022-29662,0.00885,0.26162
CVE-2022-29663,0.00885,0.26162
CVE-2022-29664,0.00885,0.26162
CVE-2022-29665,0.00885,0.26162
CVE-2022-29666,0.00885,0.26162
CVE-2022-29667,0.00885,0.26162
CVE-2022-29669,0.00885,0.26162
CVE-2022-29670,0.00885,0.26162
CVE-2022-29676,0.00885,0.26162
CVE-2022-29680,0.00885,0.26162
CVE-2022-29681,0.00885,0.26162
CVE-2022-29682,0.00885,0.26162
CVE-2022-29683,0.00885,0.26162
CVE-2022-29684,0.00885,0.26162
CVE-2022-29685,0.00885,0.26162
CVE-2022-29686,0.00885,0.26162
CVE-2022-29687,0.00885,0.26162
CVE-2022-29688,0.00885,0.26162
CVE-2022-29689,0.00885,0.26162
CVE-2022-29692,0.00885,0.26162
CVE-2022-29693,0.00885,0.26162
CVE-2022-29694,0.01018,0.38792
CVE-2022-29695,0.00885,0.26162
CVE-2022-29700,0.00885,0.26162
CVE-2022-29701,0.00885,0.26162
CVE-2022-29704,0.00885,0.26162
CVE-2022-29709,0.00954,0.34522
CVE-2022-29710,0.00885,0.26162
CVE-2022-29711,0.00885,0.26162
CVE-2022-29712,0.02055,0.7893
CVE-2022-29718,0.01055,0.50287
CVE-2022-29720,0.00885,0.26162
CVE-2022-29721,0.00885,0.26162
CVE-2022-29725,0.01338,0.70562
CVE-2022-29727,0.0089,0.2856
CVE-2022-29728,0.00885,0.26162
CVE-2022-29729,0.00885,0.26162
CVE-2022-29730,0.00885,0.26162
CVE-2022-29731,0.00885,0.26162
CVE-2022-29732,0.00885,0.26162
CVE-2022-29733,0.00885,0.26162
CVE-2022-29734,0.00885,0.26162
CVE-2022-29735,0.00885,0.26162
CVE-2022-29738,0.00885,0.26162
CVE-2022-29739,0.00885,0.26162
CVE-2022-29741,0.00885,0.26162
CVE-2022-29745,0.00885,0.26162
CVE-2022-29746,0.00885,0.26162
CVE-2022-29747,0.00885,0.26162
CVE-2022-29748,0.00885,0.26162
CVE-2022-29749,0.00885,0.26162
CVE-2022-29750,0.00885,0.26162
CVE-2022-29751,0.00885,0.26162
CVE-2022-29767,0.00885,0.26162
CVE-2022-29770,0.00885,0.26162
CVE-2022-29773,0.00885,0.26162
CVE-2022-29774,0.05634,0.89764
CVE-2022-29775,0.00885,0.26162
CVE-2022-29776,0.00954,0.34522
CVE-2022-29777,0.00954,0.34522
CVE-2022-29778,0.00885,0.26162
CVE-2022-29779,0.00885,0.26162
CVE-2022-2978,0.00885,0.26162
CVE-2022-29780,0.00885,0.26162
CVE-2022-29784,0.00885,0.26162
CVE-2022-29788,0.00885,0.26162
CVE-2022-29789,0.00885,0.26162
CVE-2022-29790,0.00885,0.26162
CVE-2022-29791,0.00885,0.26162
CVE-2022-29792,0.00885,0.26162
CVE-2022-29793,0.00954,0.34522
CVE-2022-29794,0.00885,0.26162
CVE-2022-29795,0.00885,0.26162
CVE-2022-29796,0.00885,0.26162
CVE-2022-29797,0.00885,0.26162
CVE-2022-29798,0.00885,0.26162
CVE-2022-2980,0.00885,0.26162
CVE-2022-29801,0.00885,0.26162
CVE-2022-29804,0.01018,0.38792
CVE-2022-29805,0.01978,0.78447
CVE-2022-29806,0.58589,0.98809
CVE-2022-29807,0.11029,0.94631
CVE-2022-29808,0.00885,0.26162
CVE-2022-29810,0.0089,0.2856
CVE-2022-29811,0.00885,0.26162
CVE-2022-29812,0.00885,0.26162
CVE-2022-29813,0.01036,0.41241
CVE-2022-29814,0.01036,0.41241
CVE-2022-29815,0.01036,0.41241
CVE-2022-29816,0.00885,0.26162
CVE-2022-29817,0.00885,0.26162
CVE-2022-29818,0.00885,0.26162
CVE-2022-29819,0.01036,0.41241
CVE-2022-2982,0.00885,0.26162
CVE-2022-29820,0.00885,0.26162
CVE-2022-29821,0.01036,0.41241
CVE-2022-29824,0.01537,0.73595
CVE-2022-29834,0.01055,0.50287
CVE-2022-29845,0.00885,0.26162
CVE-2022-29846,0.00885,0.26162
CVE-2022-29847,0.00885,0.26162
CVE-2022-29848,0.00885,0.26162
CVE-2022-29849,0.01878,0.76394
CVE-2022-29850,0.00885,0.26162
CVE-2022-29854,0.01559,0.742
CVE-2022-29855,0.01559,0.742
CVE-2022-29856,0.00885,0.26162
CVE-2022-29858,0.01034,0.39824
CVE-2022-29859,0.00885,0.26162
CVE-2022-29862,0.01055,0.50287
CVE-2022-29863,0.01055,0.50287
CVE-2022-29864,0.01055,0.50287
CVE-2022-29865,0.01055,0.50287
CVE-2022-29866,0.01055,0.50287
CVE-2022-29868,0.00885,0.26162
CVE-2022-29869,0.01108,0.53389
CVE-2022-29872,0.00885,0.26162
CVE-2022-29873,0.00885,0.26162
CVE-2022-29874,0.00885,0.26162
CVE-2022-29875,0.01086,0.51674
CVE-2022-29876,0.00885,0.26162
CVE-2022-29877,0.00885,0.26162
CVE-2022-29878,0.00885,0.26162
CVE-2022-29879,0.00885,0.26162
CVE-2022-29880,0.00885,0.26162
CVE-2022-29881,0.00885,0.26162
CVE-2022-29882,0.00885,0.26162
CVE-2022-29883,0.00885,0.26162
CVE-2022-29884,0.01055,0.50287
CVE-2022-29886,0.01036,0.41241
CVE-2022-29890,0.00885,0.26162
CVE-2022-29891,0.01055,0.50287
CVE-2022-29892,0.01055,0.50287
CVE-2022-29894,0.0089,0.2856
CVE-2022-29897,0.01086,0.51674
CVE-2022-29898,0.01338,0.70562
CVE-2022-29900,0.01365,0.70715
CVE-2022-29901,0.01864,0.7628
CVE-2022-29903,0.00885,0.26162
CVE-2022-29904,0.00885,0.26162
CVE-2022-29905,0.00885,0.26162
CVE-2022-29906,0.00885,0.26162
CVE-2022-29907,0.00885,0.26162
CVE-2022-2991,0.01005,0.36332
CVE-2022-29923,0.00885,0.26162
CVE-2022-29925,0.01005,0.36332
CVE-2022-29927,0.00885,0.26162
CVE-2022-29928,0.00885,0.26162
CVE-2022-29929,0.00885,0.26162
CVE-2022-29930,0.00885,0.26162
CVE-2022-29931,0.00885,0.26162
CVE-2022-29932,0.00885,0.26162
CVE-2022-29933,0.01213,0.6557
CVE-2022-29934,0.00885,0.26162
CVE-2022-29935,0.00885,0.26162
CVE-2022-29936,0.01156,0.60033
CVE-2022-29937,0.00885,0.26162
CVE-2022-29938,0.0089,0.2856
CVE-2022-29939,0.0089,0.2856
CVE-2022-29940,0.0089,0.2856
CVE-2022-29942,0.00885,0.26162
CVE-2022-29943,0.00885,0.26162
CVE-2022-29945,0.00954,0.34522
CVE-2022-29947,0.00885,0.26162
CVE-2022-29948,0.00954,0.34522
CVE-2022-29950,0.01055,0.50287
CVE-2022-29951,0.00885,0.26162
CVE-2022-29952,0.00885,0.26162
CVE-2022-29953,0.00885,0.26162
CVE-2022-29957,0.00885,0.26162
CVE-2022-29958,0.00885,0.26162
CVE-2022-29959,0.00885,0.26162
CVE-2022-2996,0.00885,0.26162
CVE-2022-29960,0.0089,0.2856
CVE-2022-29962,0.00885,0.26162
CVE-2022-29963,0.00885,0.26162
CVE-2022-29964,0.00885,0.26162
CVE-2022-29965,0.00885,0.26162
CVE-2022-29967,0.00885,0.26162
CVE-2022-29969,0.00885,0.26162
CVE-2022-2997,0.00885,0.26162
CVE-2022-29970,0.00885,0.26162
CVE-2022-29971,0.01365,0.70715
CVE-2022-29972,0.01365,0.70715
CVE-2022-29973,0.00885,0.26162
CVE-2022-29975,0.00885,0.26162
CVE-2022-29976,0.00885,0.26162
CVE-2022-29977,0.01055,0.50287
CVE-2022-29978,0.01055,0.50287
CVE-2022-29979,0.00885,0.26162
CVE-2022-29980,0.00885,0.26162
CVE-2022-29981,0.00885,0.26162
CVE-2022-29982,0.00885,0.26162
CVE-2022-29983,0.00885,0.26162
CVE-2022-29984,0.00885,0.26162
CVE-2022-29985,0.00885,0.26162
CVE-2022-29986,0.00885,0.26162
CVE-2022-29987,0.00885,0.26162
CVE-2022-29988,0.00885,0.26162
CVE-2022-29989,0.00885,0.26162
CVE-2022-29990,0.00885,0.26162
CVE-2022-29992,0.00885,0.26162
CVE-2022-29993,0.00885,0.26162
CVE-2022-29994,0.00885,0.26162
CVE-2022-29995,0.00885,0.26162
CVE-2022-29998,0.00885,0.26162
CVE-2022-29999,0.00885,0.26162
CVE-2022-30000,0.00885,0.26162
CVE-2022-30001,0.00885,0.26162
CVE-2022-30002,0.00885,0.26162
CVE-2022-30007,0.00885,0.26162
CVE-2022-30011,0.00885,0.26162
CVE-2022-30012,0.00885,0.26162
CVE-2022-30013,0.00885,0.26162
CVE-2022-30014,0.00954,0.34522
CVE-2022-30015,0.00885,0.26162
CVE-2022-30016,0.00885,0.26162
CVE-2022-30017,0.00885,0.26162
CVE-2022-30018,0.00885,0.26162
CVE-2022-30024,0.04571,0.88388
CVE-2022-30028,0.00885,0.26162
CVE-2022-30033,0.00885,0.26162
CVE-2022-30034,0.00954,0.34522
CVE-2022-30036,0.00885,0.26162
CVE-2022-30040,0.00885,0.26162
CVE-2022-30045,0.00885,0.26162
CVE-2022-30047,0.00885,0.26162
CVE-2022-30048,0.00885,0.26162
CVE-2022-30049,0.00885,0.26162
CVE-2022-30050,0.00885,0.26162
CVE-2022-30052,0.00885,0.26162
CVE-2022-30053,0.00885,0.26162
CVE-2022-30054,0.00885,0.26162
CVE-2022-30055,0.01978,0.78447
CVE-2022-30057,0.00885,0.26162
CVE-2022-30058,0.00885,0.26162
CVE-2022-30059,0.00885,0.26162
CVE-2022-30060,0.00885,0.26162
CVE-2022-30061,0.00885,0.26162
CVE-2022-30062,0.00885,0.26162
CVE-2022-30063,0.01086,0.51674
CVE-2022-30065,0.01036,0.41241
CVE-2022-30067,0.00885,0.26162
CVE-2022-30072,0.0089,0.2856
CVE-2022-30073,0.00885,0.26162
CVE-2022-30083,0.00885,0.26162
CVE-2022-30105,0.01055,0.50287
CVE-2022-30110,0.00885,0.26162
CVE-2022-30111,0.00954,0.34522
CVE-2022-30113,0.00885,0.26162
CVE-2022-30115,0.00885,0.26162
CVE-2022-30117,0.00954,0.34522
CVE-2022-30118,0.00954,0.34522
CVE-2022-30119,0.00954,0.34522
CVE-2022-3012,0.00885,0.26162
CVE-2022-30120,0.00954,0.34522
CVE-2022-30126,0.01742,0.75235
CVE-2022-30127,0.02844,0.8238
CVE-2022-30128,0.02844,0.8238
CVE-2022-30129,0.04683,0.8861
CVE-2022-3013,0.00885,0.26162
CVE-2022-30130,0.02251,0.80538
CVE-2022-30131,0.0115,0.5906
CVE-2022-30132,0.0115,0.5906
CVE-2022-30133,0.01601,0.74633
CVE-2022-30134,0.02251,0.80538
CVE-2022-30135,0.0115,0.5906
CVE-2022-30136,0.01601,0.74633
CVE-2022-30137,0.0115,0.5906
CVE-2022-30138,0.0115,0.5906
CVE-2022-30139,0.01601,0.74633
CVE-2022-3014,0.00885,0.26162
CVE-2022-30140,0.01601,0.74633
CVE-2022-30141,0.01601,0.74633
CVE-2022-30142,0.01601,0.74633
CVE-2022-30143,0.01601,0.74633
CVE-2022-30144,0.01528,0.72895
CVE-2022-30145,0.01601,0.74633
CVE-2022-30146,0.01601,0.74633
CVE-2022-30147,0.0115,0.5906
CVE-2022-30148,0.0115,0.5906
CVE-2022-30149,0.01601,0.74633
CVE-2022-3015,0.00885,0.26162
CVE-2022-30150,0.01178,0.60108
CVE-2022-30151,0.0115,0.5906
CVE-2022-30152,0.02251,0.80538
CVE-2022-30153,0.01601,0.74633
CVE-2022-30154,0.0115,0.5906
CVE-2022-30155,0.02844,0.8238
CVE-2022-30157,0.01967,0.77799
CVE-2022-30158,0.01967,0.77799
CVE-2022-30159,0.02251,0.80538
CVE-2022-3016,0.00885,0.26162
CVE-2022-30160,0.0115,0.5906
CVE-2022-30161,0.01601,0.74633
CVE-2022-30162,0.0115,0.5906
CVE-2022-30163,0.01967,0.77799
CVE-2022-30164,0.01178,0.60108
CVE-2022-30165,0.01178,0.60108
CVE-2022-30166,0.01178,0.60108
CVE-2022-30167,0.01528,0.72895
CVE-2022-30168,0.01528,0.72895
CVE-2022-3017,0.00885,0.26162
CVE-2022-30171,0.02251,0.80538
CVE-2022-30172,0.02251,0.80538
CVE-2022-30173,0.01528,0.72895
CVE-2022-30174,0.01877,0.76393
CVE-2022-30175,0.01528,0.72895
CVE-2022-30176,0.01528,0.72895
CVE-2022-30177,0.01528,0.72895
CVE-2022-30178,0.01528,0.72895
CVE-2022-30179,0.01528,0.72895
CVE-2022-30180,0.02251,0.80538
CVE-2022-30181,0.0115,0.5906
CVE-2022-30184,0.03678,0.84271
CVE-2022-30187,0.0115,0.5906
CVE-2022-30188,0.01528,0.72895
CVE-2022-30189,0.02251,0.80538
CVE-2022-3019,0.00885,0.26162
CVE-2022-30192,0.02844,0.8238
CVE-2022-30193,0.01528,0.72895
CVE-2022-30194,0.01967,0.77799
CVE-2022-30197,0.0115,0.5906
CVE-2022-30202,0.0115,0.5906
CVE-2022-30203,0.0115,0.5906
CVE-2022-30205,0.0115,0.5906
CVE-2022-30206,0.0115,0.5906
CVE-2022-30208,0.0115,0.5906
CVE-2022-30209,0.02251,0.80538
CVE-2022-30211,0.01967,0.77799
CVE-2022-30212,0.0115,0.5906
CVE-2022-30213,0.0115,0.5906
CVE-2022-30214,0.01967,0.77799
CVE-2022-30215,0.0115,0.5906
CVE-2022-30216,0.0115,0.5906
CVE-2022-30220,0.0115,0.5906
CVE-2022-30221,0.01601,0.74633
CVE-2022-30222,0.01528,0.72895
CVE-2022-30223,0.0115,0.5906
CVE-2022-30224,0.0115,0.5906
CVE-2022-30225,0.0115,0.5906
CVE-2022-30226,0.0115,0.5906
CVE-2022-30228,0.00885,0.26162
CVE-2022-30229,0.00885,0.26162
CVE-2022-30230,0.00885,0.26162
CVE-2022-30231,0.00885,0.26162
CVE-2022-30232,0.01156,0.60033
CVE-2022-30233,0.00885,0.26162
CVE-2022-30234,0.00885,0.26162
CVE-2022-30235,0.00885,0.26162
CVE-2022-30236,0.00885,0.26162
CVE-2022-30237,0.00885,0.26162
CVE-2022-30238,0.00885,0.26162
CVE-2022-30239,0.01365,0.70715
CVE-2022-30240,0.01365,0.70715
CVE-2022-30241,0.00885,0.26162
CVE-2022-30242,0.01061,0.51015
CVE-2022-30243,0.01061,0.51015
CVE-2022-30244,0.01061,0.51015
CVE-2022-30245,0.01136,0.57949
CVE-2022-30262,0.00885,0.26162
CVE-2022-30264,0.00885,0.26162
CVE-2022-30269,0.00885,0.26162
CVE-2022-30270,0.00885,0.26162
CVE-2022-30271,0.00885,0.26162
CVE-2022-30272,0.00885,0.26162
CVE-2022-30273,0.00954,0.34522
CVE-2022-30274,0.00885,0.26162
CVE-2022-30275,0.00885,0.26162
CVE-2022-30276,0.00885,0.26162
CVE-2022-30277,0.00885,0.26162
CVE-2022-30278,0.01055,0.50287
CVE-2022-30279,0.00885,0.26162
CVE-2022-3028,0.0095,0.30554
CVE-2022-30284,0.05634,0.89764
CVE-2022-30285,0.00885,0.26162
CVE-2022-30286,0.01213,0.6557
CVE-2022-30287,0.0089,0.2856
CVE-2022-30288,0.00954,0.34522
CVE-2022-30289,0.00885,0.26162
CVE-2022-30290,0.00885,0.26162
CVE-2022-30292,0.01108,0.53389
CVE-2022-30293,0.01108,0.53389
CVE-2022-30295,0.00885,0.26162
CVE-2022-30296,0.00885,0.26162
CVE-2022-30301,0.00885,0.26162
CVE-2022-30302,0.00885,0.26162
CVE-2022-30308,0.01086,0.51674
CVE-2022-30309,0.01086,0.51674
CVE-2022-30310,0.01086,0.51674
CVE-2022-30311,0.01086,0.51674
CVE-2022-30313,0.00885,0.26162
CVE-2022-30314,0.00885,0.26162
CVE-2022-30315,0.01885,0.76424
CVE-2022-30316,0.01799,0.76031
CVE-2022-30317,0.00885,0.26162
CVE-2022-30318,0.03767,0.8441
CVE-2022-30319,0.00885,0.26162
CVE-2022-30320,0.00885,0.26162
CVE-2022-30321,0.02211,0.80357
CVE-2022-30322,0.01018,0.38792
CVE-2022-30323,0.01018,0.38792
CVE-2022-30324,0.00885,0.26162
CVE-2022-30325,0.00885,0.26162
CVE-2022-30326,0.00885,0.26162
CVE-2022-30327,0.00885,0.26162
CVE-2022-30328,0.00885,0.26162
CVE-2022-30329,0.00885,0.26162
CVE-2022-30330,0.00954,0.34522
CVE-2022-30334,0.01018,0.38792
CVE-2022-30335,0.00954,0.34522
CVE-2022-30337,0.00885,0.26162
CVE-2022-30349,0.00885,0.26162
CVE-2022-3035,0.00885,0.26162
CVE-2022-30352,0.00885,0.26162
CVE-2022-30367,0.00885,0.26162
CVE-2022-3037,0.00885,0.26162
CVE-2022-30370,0.00885,0.26162
CVE-2022-30371,0.00885,0.26162
CVE-2022-30372,0.00885,0.26162
CVE-2022-30373,0.00885,0.26162
CVE-2022-30374,0.00885,0.26162
CVE-2022-30375,0.00885,0.26162
CVE-2022-30376,0.00885,0.26162
CVE-2022-30378,0.00885,0.26162
CVE-2022-30379,0.00885,0.26162
CVE-2022-30381,0.00885,0.26162
CVE-2022-30384,0.00885,0.26162
CVE-2022-30385,0.00885,0.26162
CVE-2022-30386,0.00885,0.26162
CVE-2022-30387,0.00885,0.26162
CVE-2022-30391,0.00885,0.26162
CVE-2022-30392,0.00885,0.26162
CVE-2022-30393,0.00885,0.26162
CVE-2022-30395,0.00885,0.26162
CVE-2022-30396,0.00885,0.26162
CVE-2022-30398,0.00885,0.26162
CVE-2022-30399,0.00885,0.26162
CVE-2022-30400,0.00885,0.26162
CVE-2022-30401,0.00885,0.26162
CVE-2022-30402,0.00885,0.26162
CVE-2022-30403,0.00885,0.26162
CVE-2022-30404,0.00885,0.26162
CVE-2022-30407,0.00885,0.26162
CVE-2022-30408,0.00885,0.26162
CVE-2022-30411,0.00885,0.26162
CVE-2022-30412,0.00885,0.26162
CVE-2022-30413,0.00885,0.26162
CVE-2022-30414,0.00885,0.26162
CVE-2022-30415,0.00885,0.26162
CVE-2022-30417,0.00885,0.26162
CVE-2022-30422,0.01978,0.78447
CVE-2022-30423,0.01338,0.70562
CVE-2022-30425,0.02066,0.78986
CVE-2022-30427,0.00885,0.26162
CVE-2022-30428,0.00885,0.26162
CVE-2022-30429,0.00885,0.26162
CVE-2022-30448,0.00885,0.26162
CVE-2022-30449,0.00885,0.26162
CVE-2022-30450,0.01156,0.60033
CVE-2022-30451,0.01086,0.51674
CVE-2022-30452,0.00885,0.26162
CVE-2022-30453,0.00885,0.26162
CVE-2022-30454,0.00885,0.26162
CVE-2022-30455,0.00885,0.26162
CVE-2022-30456,0.00885,0.26162
CVE-2022-30458,0.00885,0.26162
CVE-2022-30459,0.00885,0.26162
CVE-2022-30460,0.00885,0.26162
CVE-2022-30461,0.00885,0.26162
CVE-2022-30462,0.00885,0.26162
CVE-2022-30463,0.00885,0.26162
CVE-2022-30464,0.00885,0.26162
CVE-2022-30466,0.00885,0.26162
CVE-2022-30467,0.01055,0.50287
CVE-2022-30469,0.00885,0.26162
CVE-2022-30470,0.01156,0.60033
CVE-2022-30472,0.00885,0.26162
CVE-2022-30473,0.00885,0.26162
CVE-2022-30474,0.00885,0.26162
CVE-2022-30475,0.00885,0.26162
CVE-2022-30476,0.00885,0.26162
CVE-2022-30477,0.00885,0.26162
CVE-2022-30478,0.00954,0.34522
CVE-2022-30481,0.00954,0.34522
CVE-2022-30482,0.0089,0.2856
CVE-2022-30490,0.00885,0.26162
CVE-2022-30493,0.01055,0.50287
CVE-2022-30494,0.01055,0.50287
CVE-2022-30495,0.00885,0.26162
CVE-2022-30496,0.00885,0.26162
CVE-2022-30500,0.00885,0.26162
CVE-2022-30503,0.00885,0.26162
CVE-2022-30506,0.01338,0.70562
CVE-2022-30508,0.00885,0.26162
CVE-2022-30510,0.00885,0.26162
CVE-2022-30511,0.00885,0.26162
CVE-2022-30512,0.00885,0.26162
CVE-2022-30513,0.00885,0.26162
CVE-2022-30514,0.00885,0.26162
CVE-2022-30516,0.00885,0.26162
CVE-2022-30517,0.00885,0.26162
CVE-2022-30518,0.00885,0.26162
CVE-2022-30521,0.00885,0.26162
CVE-2022-30522,0.01742,0.75235
CVE-2022-30523,0.00885,0.26162
CVE-2022-30524,0.01055,0.50287
CVE-2022-30526,0.01732,0.75198
CVE-2022-30532,0.00885,0.26162
CVE-2022-30533,0.00885,0.26162
CVE-2022-30534,0.0144,0.7265
CVE-2022-30535,0.00885,0.26162
CVE-2022-30536,0.00885,0.26162
CVE-2022-30538,0.01005,0.36332
CVE-2022-30540,0.01036,0.41241
CVE-2022-30546,0.01005,0.36332
CVE-2022-30547,0.0144,0.7265
CVE-2022-30549,0.01559,0.742
CVE-2022-30550,0.0089,0.2856
CVE-2022-30551,0.01136,0.57949
CVE-2022-30552,0.00885,0.26162
CVE-2022-30556,0.01742,0.75235
CVE-2022-30557,0.01086,0.51674
CVE-2022-30560,0.00885,0.26162
CVE-2022-30561,0.00885,0.26162
CVE-2022-30562,0.00885,0.26162
CVE-2022-30563,0.00885,0.26162
CVE-2022-30570,0.00885,0.26162
CVE-2022-30571,0.00885,0.26162
CVE-2022-30572,0.00885,0.26162
CVE-2022-30573,0.00885,0.26162
CVE-2022-30574,0.00885,0.26162
CVE-2022-30575,0.00885,0.26162
CVE-2022-30576,0.00885,0.26162
CVE-2022-30580,0.01365,0.70715
CVE-2022-30584,0.00885,0.26162
CVE-2022-30585,0.01055,0.50287
CVE-2022-30586,0.0144,0.7265
CVE-2022-30587,0.00885,0.26162
CVE-2022-30591,0.00885,0.26162
CVE-2022-30592,0.00885,0.26162
CVE-2022-30594,0.01104,0.52279
CVE-2022-30595,0.00885,0.26162
CVE-2022-30596,0.01034,0.39824
CVE-2022-30597,0.01108,0.53389
CVE-2022-30598,0.01034,0.39824
CVE-2022-30599,0.01108,0.53389
CVE-2022-30600,0.01108,0.53389
CVE-2022-30601,0.00885,0.26162
CVE-2022-30602,0.01055,0.50287
CVE-2022-30604,0.01055,0.50287
CVE-2022-30605,0.00885,0.26162
CVE-2022-30607,0.00885,0.26162
CVE-2022-3061,0.00885,0.26162
CVE-2022-30610,0.00885,0.26162
CVE-2022-30611,0.01055,0.50287
CVE-2022-30614,0.01055,0.50287
CVE-2022-30616,0.00885,0.26162
CVE-2022-30617,0.00885,0.26162
CVE-2022-30618,0.00885,0.26162
CVE-2022-30619,0.00885,0.26162
CVE-2022-30620,0.00885,0.26162
CVE-2022-30621,0.01055,0.50287
CVE-2022-30622,0.00885,0.26162
CVE-2022-30623,0.00885,0.26162
CVE-2022-30624,0.00885,0.26162
CVE-2022-30625,0.00885,0.26162
CVE-2022-30626,0.00885,0.26162
CVE-2022-30627,0.00885,0.26162
CVE-2022-30628,0.00885,0.26162
CVE-2022-30629,0.01108,0.53389
CVE-2022-30630,0.01108,0.53389
CVE-2022-30631,0.01108,0.53389
CVE-2022-30632,0.01108,0.53389
CVE-2022-30633,0.01108,0.53389
CVE-2022-30634,0.01018,0.38792
CVE-2022-30635,0.01108,0.53389
CVE-2022-30647,0.01223,0.65839
CVE-2022-30648,0.01223,0.65839
CVE-2022-30649,0.01223,0.65839
CVE-2022-3065,0.00885,0.26162
CVE-2022-30650,0.01223,0.65839
CVE-2022-30651,0.01223,0.65839
CVE-2022-30652,0.01223,0.65839
CVE-2022-30653,0.01223,0.65839
CVE-2022-30654,0.01223,0.65839
CVE-2022-30655,0.01223,0.65839
CVE-2022-30656,0.01223,0.65839
CVE-2022-30657,0.01223,0.65839
CVE-2022-30658,0.01223,0.65839
CVE-2022-30659,0.01223,0.65839
CVE-2022-30660,0.01223,0.65839
CVE-2022-30661,0.01223,0.65839
CVE-2022-30662,0.01223,0.65839
CVE-2022-30663,0.01223,0.65839
CVE-2022-30664,0.01223,0.65839
CVE-2022-30665,0.01223,0.65839
CVE-2022-30666,0.01046,0.41635
CVE-2022-30667,0.01046,0.41635
CVE-2022-30668,0.01046,0.41635
CVE-2022-30669,0.01046,0.41635
CVE-2022-30670,0.01046,0.41635
CVE-2022-30687,0.00885,0.26162
CVE-2022-30688,0.01034,0.39824
CVE-2022-30689,0.00954,0.34522
CVE-2022-30690,0.0144,0.7265
CVE-2022-30693,0.01055,0.50287
CVE-2022-30695,0.00885,0.26162
CVE-2022-30696,0.00885,0.26162
CVE-2022-30697,0.00885,0.26162
CVE-2022-30698,0.0089,0.2856
CVE-2022-30699,0.0089,0.2856
CVE-2022-30700,0.00885,0.26162
CVE-2022-30701,0.00885,0.26162
CVE-2022-30702,0.00885,0.26162
CVE-2022-30703,0.00885,0.26162
CVE-2022-30706,0.01055,0.50287
CVE-2022-30707,0.01018,0.38792
CVE-2022-30708,0.05822,0.89949
CVE-2022-30709,0.00885,0.26162
CVE-2022-30710,0.00885,0.26162
CVE-2022-30711,0.00885,0.26162
CVE-2022-30712,0.00885,0.26162
CVE-2022-30713,0.00885,0.26162
CVE-2022-30714,0.00885,0.26162
CVE-2022-30715,0.00885,0.26162
CVE-2022-30716,0.00885,0.26162
CVE-2022-30717,0.00885,0.26162
CVE-2022-30719,0.00885,0.26162
CVE-2022-3072,0.00885,0.26162
CVE-2022-30720,0.00885,0.26162
CVE-2022-30721,0.00885,0.26162
CVE-2022-30722,0.00885,0.26162
CVE-2022-30723,0.00885,0.26162
CVE-2022-30724,0.00885,0.26162
CVE-2022-30725,0.00885,0.26162
CVE-2022-30726,0.00885,0.26162
CVE-2022-30727,0.00885,0.26162
CVE-2022-30728,0.00885,0.26162
CVE-2022-30729,0.00885,0.26162
CVE-2022-30730,0.00885,0.26162
CVE-2022-30731,0.00885,0.26162
CVE-2022-30732,0.00885,0.26162
CVE-2022-30733,0.00885,0.26162
CVE-2022-30734,0.00885,0.26162
CVE-2022-30735,0.00885,0.26162
CVE-2022-30736,0.00885,0.26162
CVE-2022-30737,0.00885,0.26162
CVE-2022-30738,0.00885,0.26162
CVE-2022-30739,0.00885,0.26162
CVE-2022-30740,0.00885,0.26162
CVE-2022-30741,0.00885,0.26162
CVE-2022-30742,0.00885,0.26162
CVE-2022-30743,0.00885,0.26162
CVE-2022-30744,0.01036,0.41241
CVE-2022-30745,0.00885,0.26162
CVE-2022-30746,0.00885,0.26162
CVE-2022-30747,0.00885,0.26162
CVE-2022-30748,0.00885,0.26162
CVE-2022-30749,0.00885,0.26162
CVE-2022-30750,0.00885,0.26162
CVE-2022-30751,0.00885,0.26162
CVE-2022-30752,0.00885,0.26162
CVE-2022-30753,0.00885,0.26162
CVE-2022-30754,0.00885,0.26162
CVE-2022-30755,0.00885,0.26162
CVE-2022-30756,0.00885,0.26162
CVE-2022-30757,0.00885,0.26162
CVE-2022-30758,0.00885,0.26162
CVE-2022-30760,0.01055,0.50287
CVE-2022-30763,0.00954,0.34522
CVE-2022-30765,0.00885,0.26162
CVE-2022-30767,0.01018,0.38792
CVE-2022-30770,0.00954,0.34522
CVE-2022-30775,0.00885,0.26162
CVE-2022-30776,0.00885,0.26162
CVE-2022-30777,0.00885,0.26162
CVE-2022-3078,0.00885,0.26162
CVE-2022-30781,0.00954,0.34522
CVE-2022-30782,0.00885,0.26162
CVE-2022-30783,0.01282,0.67298
CVE-2022-30784,0.01183,0.60428
CVE-2022-30785,0.01282,0.67298
CVE-2022-30786,0.01183,0.60428
CVE-2022-30787,0.01282,0.67298
CVE-2022-30788,0.01183,0.60428
CVE-2022-30789,0.01183,0.60428
CVE-2022-30790,0.00885,0.26162
CVE-2022-30791,0.00885,0.26162
CVE-2022-30792,0.00885,0.26162
CVE-2022-30794,0.00885,0.26162
CVE-2022-30795,0.00885,0.26162
CVE-2022-30797,0.00885,0.26162
CVE-2022-30798,0.00885,0.26162
CVE-2022-30799,0.00885,0.26162
CVE-2022-30804,0.00885,0.26162
CVE-2022-30808,0.01086,0.51674
CVE-2022-30809,0.00885,0.26162
CVE-2022-30810,0.00885,0.26162
CVE-2022-30813,0.00885,0.26162
CVE-2022-30814,0.00885,0.26162
CVE-2022-30815,0.00885,0.26162
CVE-2022-30816,0.00885,0.26162
CVE-2022-30817,0.00885,0.26162
CVE-2022-30818,0.00885,0.26162
CVE-2022-30819,0.00885,0.26162
CVE-2022-30820,0.00885,0.26162
CVE-2022-30821,0.00885,0.26162
CVE-2022-30822,0.00885,0.26162
CVE-2022-30823,0.00885,0.26162
CVE-2022-30825,0.00885,0.26162
CVE-2022-30826,0.00885,0.26162
CVE-2022-30827,0.00885,0.26162
CVE-2022-30828,0.00885,0.26162
CVE-2022-30829,0.00885,0.26162
CVE-2022-30830,0.00885,0.26162
CVE-2022-30831,0.00885,0.26162
CVE-2022-30832,0.00885,0.26162
CVE-2022-30833,0.00885,0.26162
CVE-2022-30834,0.00885,0.26162
CVE-2022-30835,0.00885,0.26162
CVE-2022-30836,0.00885,0.26162
CVE-2022-30837,0.00885,0.26162
CVE-2022-30838,0.00885,0.26162
CVE-2022-30839,0.00885,0.26162
CVE-2022-30842,0.00885,0.26162
CVE-2022-30843,0.00885,0.26162
CVE-2022-30852,0.0089,0.2856
CVE-2022-30860,0.01156,0.60033
CVE-2022-30861,0.00885,0.26162
CVE-2022-30863,0.00885,0.26162
CVE-2022-30874,0.0089,0.2856
CVE-2022-30875,0.00885,0.26162
CVE-2022-30877,0.02509,0.81058
CVE-2022-30882,0.02509,0.81058
CVE-2022-30885,0.02509,0.81058
CVE-2022-30886,0.00885,0.26162
CVE-2022-30898,0.01055,0.50287
CVE-2022-30899,0.00885,0.26162
CVE-2022-30903,0.00885,0.26162
CVE-2022-30909,0.00885,0.26162
CVE-2022-30912,0.00885,0.26162
CVE-2022-30913,0.00885,0.26162
CVE-2022-30914,0.00885,0.26162
CVE-2022-30915,0.00885,0.26162
CVE-2022-30916,0.00885,0.26162
CVE-2022-30917,0.00885,0.26162
CVE-2022-30918,0.00885,0.26162
CVE-2022-30919,0.00885,0.26162
CVE-2022-30920,0.00885,0.26162
CVE-2022-30921,0.00885,0.26162
CVE-2022-30922,0.00885,0.26162
CVE-2022-30923,0.00885,0.26162
CVE-2022-30924,0.00885,0.26162
CVE-2022-30925,0.00885,0.26162
CVE-2022-30926,0.00885,0.26162
CVE-2022-30927,0.00954,0.34522
CVE-2022-30929,0.00885,0.26162
CVE-2022-30930,0.00885,0.26162
CVE-2022-30931,0.00885,0.26162
CVE-2022-30937,0.00885,0.26162
CVE-2022-30938,0.00885,0.26162
CVE-2022-30943,0.01055,0.50287
CVE-2022-30944,0.00885,0.26162
CVE-2022-30945,0.00885,0.26162
CVE-2022-30946,0.00885,0.26162
CVE-2022-30947,0.00885,0.26162
CVE-2022-30948,0.00885,0.26162
CVE-2022-30949,0.00885,0.26162
CVE-2022-30950,0.00885,0.26162
CVE-2022-30951,0.00885,0.26162
CVE-2022-30952,0.00885,0.26162
CVE-2022-30953,0.00885,0.26162
CVE-2022-30954,0.00885,0.26162
CVE-2022-30955,0.00885,0.26162
CVE-2022-30956,0.00885,0.26162
CVE-2022-30957,0.00885,0.26162
CVE-2022-30958,0.00885,0.26162
CVE-2022-30959,0.00885,0.26162
CVE-2022-30960,0.00885,0.26162
CVE-2022-30961,0.00885,0.26162
CVE-2022-30962,0.00885,0.26162
CVE-2022-30963,0.00885,0.26162
CVE-2022-30964,0.00885,0.26162
CVE-2022-30965,0.00885,0.26162
CVE-2022-30966,0.00885,0.26162
CVE-2022-30967,0.00885,0.26162
CVE-2022-30968,0.00885,0.26162
CVE-2022-30969,0.01086,0.51674
CVE-2022-30970,0.00885,0.26162
CVE-2022-30971,0.00885,0.26162
CVE-2022-30972,0.00885,0.26162
CVE-2022-30973,0.01246,0.66436
CVE-2022-30974,0.00885,0.26162
CVE-2022-30975,0.00885,0.26162
CVE-2022-30976,0.00954,0.34522
CVE-2022-30981,0.01086,0.51674
CVE-2022-30982,0.00885,0.26162
CVE-2022-30984,0.00885,0.26162
CVE-2022-30990,0.00885,0.26162
CVE-2022-30991,0.00885,0.26162
CVE-2022-30992,0.00885,0.26162
CVE-2022-30993,0.00885,0.26162
CVE-2022-30994,0.00885,0.26162
CVE-2022-30997,0.0095,0.30554
CVE-2022-30998,0.00885,0.26162
CVE-2022-30999,0.02199,0.80273
CVE-2022-31000,0.0144,0.7265
CVE-2022-31001,0.00954,0.34522
CVE-2022-31002,0.00954,0.34522
CVE-2022-31003,0.05634,0.89764
CVE-2022-31004,0.00885,0.26162
CVE-2022-31005,0.00954,0.34522
CVE-2022-31007,0.00885,0.26162
CVE-2022-31009,0.00885,0.26162
CVE-2022-31011,0.00885,0.26162
CVE-2022-31012,0.00885,0.26162
CVE-2022-31013,0.00954,0.34522
CVE-2022-31014,0.02066,0.78986
CVE-2022-31015,0.01018,0.38792
CVE-2022-31016,0.00885,0.26162
CVE-2022-31017,0.00885,0.26162
CVE-2022-31018,0.00954,0.34522
CVE-2022-31019,0.00885,0.26162
CVE-2022-31022,0.00885,0.26162
CVE-2022-31023,0.00954,0.34522
CVE-2022-31024,0.00954,0.34522
CVE-2022-31025,0.01018,0.38792
CVE-2022-31026,0.00885,0.26162
CVE-2022-31027,0.00885,0.26162
CVE-2022-31028,0.01018,0.38792
CVE-2022-31029,0.00885,0.26162
CVE-2022-31030,0.01034,0.39824
CVE-2022-31031,0.00885,0.26162
CVE-2022-31032,0.01034,0.39824
CVE-2022-31033,0.01018,0.38792
CVE-2022-31034,0.00885,0.26162
CVE-2022-31035,0.0089,0.2856
CVE-2022-31036,0.00885,0.26162
CVE-2022-31038,0.0089,0.2856
CVE-2022-31039,0.00885,0.26162
CVE-2022-31040,0.00885,0.26162
CVE-2022-31041,0.00885,0.26162
CVE-2022-31042,0.01018,0.38792
CVE-2022-31043,0.01018,0.38792
CVE-2022-31044,0.00885,0.26162
CVE-2022-31045,0.00885,0.26162
CVE-2022-31046,0.0089,0.2856
CVE-2022-31047,0.0089,0.2856
CVE-2022-31048,0.0089,0.2856
CVE-2022-31049,0.0089,0.2856
CVE-2022-31050,0.0089,0.2856
CVE-2022-31051,0.02509,0.81058
CVE-2022-31052,0.01132,0.54372
CVE-2022-31053,0.00885,0.26162
CVE-2022-31054,0.01018,0.38792
CVE-2022-31055,0.00954,0.34522
CVE-2022-31056,0.00885,0.26162
CVE-2022-31057,0.0095,0.30554
CVE-2022-31058,0.0095,0.30554
CVE-2022-31059,0.0089,0.2856
CVE-2022-31060,0.00954,0.34522
CVE-2022-31062,0.00885,0.26162
CVE-2022-31063,0.0095,0.30554
CVE-2022-31064,0.01034,0.39824
CVE-2022-31065,0.00954,0.34522
CVE-2022-31066,0.0089,0.2856
CVE-2022-31068,0.00885,0.26162
CVE-2022-31069,0.00885,0.26162
CVE-2022-31070,0.00885,0.26162
CVE-2022-31071,0.00885,0.26162
CVE-2022-31072,0.00885,0.26162
CVE-2022-31073,0.01018,0.38792
CVE-2022-31074,0.00885,0.26162
CVE-2022-31075,0.00885,0.26162
CVE-2022-31076,0.00885,0.26162
CVE-2022-31077,0.0089,0.2856
CVE-2022-31078,0.00885,0.26162
CVE-2022-31079,0.00885,0.26162
CVE-2022-31080,0.00885,0.26162
CVE-2022-31081,0.01108,0.53389
CVE-2022-31082,0.00885,0.26162
CVE-2022-31083,0.01018,0.38792
CVE-2022-31084,0.02509,0.81058
CVE-2022-31085,0.00954,0.34522
CVE-2022-31086,0.04571,0.88388
CVE-2022-31087,0.01365,0.70715
CVE-2022-31088,0.00954,0.34522
CVE-2022-31089,0.00885,0.26162
CVE-2022-31090,0.00885,0.26162
CVE-2022-31091,0.00885,0.26162
CVE-2022-31092,0.00954,0.34522
CVE-2022-31093,0.01018,0.38792
CVE-2022-31094,0.00954,0.34522
CVE-2022-31095,0.00885,0.26162
CVE-2022-31096,0.00885,0.26162
CVE-2022-31097,0.0095,0.30554
CVE-2022-31098,0.01055,0.50287
CVE-2022-31099,0.00885,0.26162
CVE-2022-31100,0.00885,0.26162
CVE-2022-31102,0.00954,0.34522
CVE-2022-31103,0.00954,0.34522
CVE-2022-31104,0.02762,0.82156
CVE-2022-31105,0.00954,0.34522
CVE-2022-31106,0.00885,0.26162
CVE-2022-31107,0.0095,0.30554
CVE-2022-31108,0.00885,0.26162
CVE-2022-31109,0.00954,0.34522
CVE-2022-31110,0.00954,0.34522
CVE-2022-31111,0.02509,0.81058
CVE-2022-31112,0.01108,0.53389
CVE-2022-31113,0.00885,0.26162
CVE-2022-31115,0.00954,0.34522
CVE-2022-31116,0.01018,0.38792
CVE-2022-31117,0.01018,0.38792
CVE-2022-31118,0.00885,0.26162
CVE-2022-31119,0.0089,0.2856
CVE-2022-31120,0.0089,0.2856
CVE-2022-31121,0.01018,0.38792
CVE-2022-31124,0.0095,0.30554
CVE-2022-31125,0.01055,0.50287
CVE-2022-31126,0.01156,0.60033
CVE-2022-31127,0.01018,0.38792
CVE-2022-31128,0.0095,0.30554
CVE-2022-31129,0.01108,0.53389
CVE-2022-31131,0.0089,0.2856
CVE-2022-31132,0.00885,0.26162
CVE-2022-31133,0.0095,0.30554
CVE-2022-31134,0.0089,0.2856
CVE-2022-31135,0.00885,0.26162
CVE-2022-31136,0.00885,0.26162
CVE-2022-31137,0.58589,0.98809
CVE-2022-31139,0.00954,0.34522
CVE-2022-31140,0.00885,0.26162
CVE-2022-31142,0.01018,0.38792
CVE-2022-31144,0.01978,0.78447
CVE-2022-31145,0.02199,0.80273
CVE-2022-31146,0.0089,0.2856
CVE-2022-31147,0.00954,0.34522
CVE-2022-31148,0.0089,0.2856
CVE-2022-31150,0.00954,0.34522
CVE-2022-31151,0.00954,0.34522
CVE-2022-31152,0.0095,0.30554
CVE-2022-31153,0.01034,0.39824
CVE-2022-31154,0.00885,0.26162
CVE-2022-31155,0.00885,0.26162
CVE-2022-31156,0.00885,0.26162
CVE-2022-31157,0.00885,0.26162
CVE-2022-31158,0.00885,0.26162
CVE-2022-31159,0.00885,0.26162
CVE-2022-31160,0.01018,0.38792
CVE-2022-31161,0.00885,0.26162
CVE-2022-31162,0.00885,0.26162
CVE-2022-31163,0.01108,0.53389
CVE-2022-31164,0.00885,0.26162
CVE-2022-31168,0.0089,0.2856
CVE-2022-31169,0.0144,0.7265
CVE-2022-31170,0.00885,0.26162
CVE-2022-31172,0.00885,0.26162
CVE-2022-31173,0.01018,0.38792
CVE-2022-31175,0.01018,0.38792
CVE-2022-31176,0.00885,0.26162
CVE-2022-31177,0.00885,0.26162
CVE-2022-31178,0.00885,0.26162
CVE-2022-31179,0.00954,0.34522
CVE-2022-31180,0.01018,0.38792
CVE-2022-31181,0.00954,0.34522
CVE-2022-31182,0.00885,0.26162
CVE-2022-31183,0.00954,0.34522
CVE-2022-31184,0.00885,0.26162
CVE-2022-31185,0.00885,0.26162
CVE-2022-31186,0.0095,0.30554
CVE-2022-31188,0.00885,0.26162
CVE-2022-31189,0.00885,0.26162
CVE-2022-31190,0.00954,0.34522
CVE-2022-31191,0.01018,0.38792
CVE-2022-31192,0.00954,0.34522
CVE-2022-31193,0.00954,0.34522
CVE-2022-31194,0.0089,0.2856
CVE-2022-31195,0.0089,0.2856
CVE-2022-31196,0.0089,0.2856
CVE-2022-31197,0.00885,0.26162
CVE-2022-31198,0.00885,0.26162
CVE-2022-31201,0.00885,0.26162
CVE-2022-31202,0.00885,0.26162
CVE-2022-31204,0.00885,0.26162
CVE-2022-31205,0.00885,0.26162
CVE-2022-31206,0.0144,0.7265
CVE-2022-31207,0.0144,0.7265
CVE-2022-31208,0.00885,0.26162
CVE-2022-31209,0.00885,0.26162
CVE-2022-31210,0.00885,0.26162
CVE-2022-31211,0.00885,0.26162
CVE-2022-31212,0.00885,0.26162
CVE-2022-31213,0.00885,0.26162
CVE-2022-31214,0.01365,0.70715
CVE-2022-31215,0.01055,0.50287
CVE-2022-31216,0.00885,0.26162
CVE-2022-31217,0.00885,0.26162
CVE-2022-31218,0.00885,0.26162
CVE-2022-31219,0.00885,0.26162
CVE-2022-31229,0.00885,0.26162
CVE-2022-31230,0.00885,0.26162
CVE-2022-31232,0.01055,0.50287
CVE-2022-31233,0.00885,0.26162
CVE-2022-31234,0.01055,0.50287
CVE-2022-31237,0.00885,0.26162
CVE-2022-31238,0.00885,0.26162
CVE-2022-31246,0.00885,0.26162
CVE-2022-31248,0.01055,0.50287
CVE-2022-31250,0.00885,0.26162
CVE-2022-31257,0.00885,0.26162
CVE-2022-31258,0.00885,0.26162
CVE-2022-31259,0.00954,0.34522
CVE-2022-31260,0.00885,0.26162
CVE-2022-31261,0.01055,0.50287
CVE-2022-31263,0.00885,0.26162
CVE-2022-31264,0.00885,0.26162
CVE-2022-31265,0.01156,0.60033
CVE-2022-31266,0.01055,0.50287
CVE-2022-31267,0.00885,0.26162
CVE-2022-31268,0.00885,0.26162
CVE-2022-31273,0.00885,0.26162
CVE-2022-31277,0.00885,0.26162
CVE-2022-31282,0.00885,0.26162
CVE-2022-31285,0.00885,0.26162
CVE-2022-31287,0.00885,0.26162
CVE-2022-31290,0.0095,0.30554
CVE-2022-31291,0.00885,0.26162
CVE-2022-31295,0.00885,0.26162
CVE-2022-31296,0.00885,0.26162
CVE-2022-31298,0.0089,0.2856
CVE-2022-31299,0.00954,0.34522
CVE-2022-31300,0.0089,0.2856
CVE-2022-31301,0.0089,0.2856
CVE-2022-31302,0.00885,0.26162
CVE-2022-31303,0.00885,0.26162
CVE-2022-31306,0.00885,0.26162
CVE-2022-31307,0.00885,0.26162
CVE-2022-31308,0.01086,0.51674
CVE-2022-31309,0.01086,0.51674
CVE-2022-31311,0.00885,0.26162
CVE-2022-31313,0.02509,0.81058
CVE-2022-31321,0.00885,0.26162
CVE-2022-31325,0.0095,0.30554
CVE-2022-31327,0.00885,0.26162
CVE-2022-31328,0.00885,0.26162
CVE-2022-31329,0.00885,0.26162
CVE-2022-31335,0.00885,0.26162
CVE-2022-31336,0.00885,0.26162
CVE-2022-31337,0.00885,0.26162
CVE-2022-31338,0.00885,0.26162
CVE-2022-31339,0.00885,0.26162
CVE-2022-31340,0.00885,0.26162
CVE-2022-31342,0.00885,0.26162
CVE-2022-31343,0.00885,0.26162
CVE-2022-31344,0.00885,0.26162
CVE-2022-31345,0.00885,0.26162
CVE-2022-31346,0.00885,0.26162
CVE-2022-31347,0.00885,0.26162
CVE-2022-31348,0.00885,0.26162
CVE-2022-31350,0.00885,0.26162
CVE-2022-31351,0.00885,0.26162
CVE-2022-31352,0.00885,0.26162
CVE-2022-31353,0.00885,0.26162
CVE-2022-31354,0.00885,0.26162
CVE-2022-31355,0.00885,0.26162
CVE-2022-31356,0.00885,0.26162
CVE-2022-31357,0.00885,0.26162
CVE-2022-31361,0.00885,0.26162
CVE-2022-31362,0.00885,0.26162
CVE-2022-31372,0.00885,0.26162
CVE-2022-31373,0.00885,0.26162
CVE-2022-31374,0.01338,0.70562
CVE-2022-31382,0.00954,0.34522
CVE-2022-31383,0.00954,0.34522
CVE-2022-31384,0.00954,0.34522
CVE-2022-31386,0.00885,0.26162
CVE-2022-31390,0.00885,0.26162
CVE-2022-31393,0.00885,0.26162
CVE-2022-31395,0.00885,0.26162
CVE-2022-31398,0.00885,0.26162
CVE-2022-31400,0.00885,0.26162
CVE-2022-31402,0.00954,0.34522
CVE-2022-31403,0.00954,0.34522
CVE-2022-31415,0.00885,0.26162
CVE-2022-31446,0.01156,0.60033
CVE-2022-31447,0.00885,0.26162
CVE-2022-31459,0.00954,0.34522
CVE-2022-31460,0.00954,0.34522
CVE-2022-31461,0.00954,0.34522
CVE-2022-31462,0.00954,0.34522
CVE-2022-31463,0.00954,0.34522
CVE-2022-31464,0.00885,0.26162
CVE-2022-31465,0.00885,0.26162
CVE-2022-31466,0.00885,0.26162
CVE-2022-31467,0.01036,0.41241
CVE-2022-31470,0.00885,0.26162
CVE-2022-31471,0.01136,0.57949
CVE-2022-31472,0.01055,0.50287
CVE-2022-31473,0.00885,0.26162
CVE-2022-31475,0.00885,0.26162
CVE-2022-31478,0.00885,0.26162
CVE-2022-31479,0.00885,0.26162
CVE-2022-31480,0.00885,0.26162
CVE-2022-31481,0.01086,0.51674
CVE-2022-31482,0.00885,0.26162
CVE-2022-31483,0.00885,0.26162
CVE-2022-31484,0.00885,0.26162
CVE-2022-31485,0.00885,0.26162
CVE-2022-31486,0.00885,0.26162
CVE-2022-31487,0.00885,0.26162
CVE-2022-31488,0.00885,0.26162
CVE-2022-31489,0.00885,0.26162
CVE-2022-31492,0.00954,0.34522
CVE-2022-31493,0.00954,0.34522
CVE-2022-31494,0.00954,0.34522
CVE-2022-31495,0.00954,0.34522
CVE-2022-31496,0.0089,0.2856
CVE-2022-31497,0.00954,0.34522
CVE-2022-31498,0.00954,0.34522
CVE-2022-31499,0.00954,0.34522
CVE-2022-31500,0.00885,0.26162
CVE-2022-31501,0.00885,0.26162
CVE-2022-31502,0.00885,0.26162
CVE-2022-31503,0.00954,0.34522
CVE-2022-31504,0.00885,0.26162
CVE-2022-31505,0.00885,0.26162
CVE-2022-31506,0.00885,0.26162
CVE-2022-31507,0.00954,0.34522
CVE-2022-31508,0.00885,0.26162
CVE-2022-31509,0.00885,0.26162
CVE-2022-31510,0.00885,0.26162
CVE-2022-31511,0.00885,0.26162
CVE-2022-31512,0.00885,0.26162
CVE-2022-31513,0.00885,0.26162
CVE-2022-31514,0.00885,0.26162
CVE-2022-31515,0.00885,0.26162
CVE-2022-31516,0.00885,0.26162
CVE-2022-31517,0.00885,0.26162
CVE-2022-31518,0.00885,0.26162
CVE-2022-31519,0.00885,0.26162
CVE-2022-31520,0.00885,0.26162
CVE-2022-31521,0.00885,0.26162
CVE-2022-31522,0.00885,0.26162
CVE-2022-31523,0.00885,0.26162
CVE-2022-31524,0.00885,0.26162
CVE-2022-31525,0.00885,0.26162
CVE-2022-31526,0.00885,0.26162
CVE-2022-31527,0.00885,0.26162
CVE-2022-31528,0.00885,0.26162
CVE-2022-31529,0.00885,0.26162
CVE-2022-31530,0.00885,0.26162
CVE-2022-31531,0.00885,0.26162
CVE-2022-31532,0.00885,0.26162
CVE-2022-31533,0.00885,0.26162
CVE-2022-31534,0.00885,0.26162
CVE-2022-31535,0.00885,0.26162
CVE-2022-31536,0.00885,0.26162
CVE-2022-31537,0.00885,0.26162
CVE-2022-31538,0.00885,0.26162
CVE-2022-31539,0.00885,0.26162
CVE-2022-31540,0.00885,0.26162
CVE-2022-31541,0.00885,0.26162
CVE-2022-31542,0.00885,0.26162
CVE-2022-31543,0.00885,0.26162
CVE-2022-31544,0.00885,0.26162
CVE-2022-31545,0.00885,0.26162
CVE-2022-31546,0.00885,0.26162
CVE-2022-31547,0.00885,0.26162
CVE-2022-31548,0.00885,0.26162
CVE-2022-31549,0.00885,0.26162
CVE-2022-31550,0.00885,0.26162
CVE-2022-31551,0.00885,0.26162
CVE-2022-31552,0.00885,0.26162
CVE-2022-31553,0.00885,0.26162
CVE-2022-31554,0.00885,0.26162
CVE-2022-31555,0.00885,0.26162
CVE-2022-31556,0.00885,0.26162
CVE-2022-31557,0.00885,0.26162
CVE-2022-31558,0.00885,0.26162
CVE-2022-31559,0.00885,0.26162
CVE-2022-31560,0.00885,0.26162
CVE-2022-31561,0.00885,0.26162
CVE-2022-31562,0.00885,0.26162
CVE-2022-31563,0.00885,0.26162
CVE-2022-31564,0.00885,0.26162
CVE-2022-31565,0.00885,0.26162
CVE-2022-31566,0.00885,0.26162
CVE-2022-31567,0.00885,0.26162
CVE-2022-31568,0.00885,0.26162
CVE-2022-31570,0.00885,0.26162
CVE-2022-31571,0.00885,0.26162
CVE-2022-31572,0.00885,0.26162
CVE-2022-31573,0.00885,0.26162
CVE-2022-31574,0.00885,0.26162
CVE-2022-31575,0.00885,0.26162
CVE-2022-31576,0.00885,0.26162
CVE-2022-31577,0.00885,0.26162
CVE-2022-31578,0.00885,0.26162
CVE-2022-31579,0.00885,0.26162
CVE-2022-31580,0.00885,0.26162
CVE-2022-31581,0.00885,0.26162
CVE-2022-31582,0.00885,0.26162
CVE-2022-31583,0.00885,0.26162
CVE-2022-31584,0.00885,0.26162
CVE-2022-31585,0.00885,0.26162
CVE-2022-31586,0.00885,0.26162
CVE-2022-31587,0.00885,0.26162
CVE-2022-31588,0.00885,0.26162
CVE-2022-31589,0.00885,0.26162
CVE-2022-31590,0.00885,0.26162
CVE-2022-31591,0.00885,0.26162
CVE-2022-31592,0.00885,0.26162
CVE-2022-31593,0.00885,0.26162
CVE-2022-31594,0.00885,0.26162
CVE-2022-31595,0.00885,0.26162
CVE-2022-31597,0.00885,0.26162
CVE-2022-31598,0.00885,0.26162
CVE-2022-31599,0.01036,0.41241
CVE-2022-31600,0.01036,0.41241
CVE-2022-31601,0.01036,0.41241
CVE-2022-31602,0.01036,0.41241
CVE-2022-31603,0.01036,0.41241
CVE-2022-31604,0.01156,0.60033
CVE-2022-31605,0.01156,0.60033
CVE-2022-31609,0.00885,0.26162
CVE-2022-31614,0.01036,0.41241
CVE-2022-31618,0.00885,0.26162
CVE-2022-31619,0.01156,0.60033
CVE-2022-31620,0.00885,0.26162
CVE-2022-31621,0.0089,0.2856
CVE-2022-31622,0.0089,0.2856
CVE-2022-31623,0.0089,0.2856
CVE-2022-31624,0.0089,0.2856
CVE-2022-31625,0.01018,0.38792
CVE-2022-31626,0.04571,0.88388
CVE-2022-31627,0.00885,0.26162
CVE-2022-31648,0.00885,0.26162
CVE-2022-31649,0.00954,0.34522
CVE-2022-31650,0.00885,0.26162
CVE-2022-31651,0.00885,0.26162
CVE-2022-31654,0.00885,0.26162
CVE-2022-31655,0.00885,0.26162
CVE-2022-31656,0.00885,0.26162
CVE-2022-31657,0.00885,0.26162
CVE-2022-31658,0.01156,0.60033
CVE-2022-31659,0.01156,0.60033
CVE-2022-31660,0.03573,0.84155
CVE-2022-31661,0.00885,0.26162
CVE-2022-31662,0.00885,0.26162
CVE-2022-31663,0.00885,0.26162
CVE-2022-31664,0.00885,0.26162
CVE-2022-31665,0.01156,0.60033
CVE-2022-31672,0.00885,0.26162
CVE-2022-31673,0.01156,0.60033
CVE-2022-31674,0.00885,0.26162
CVE-2022-31675,0.00885,0.26162
CVE-2022-31676,0.0095,0.30554
CVE-2022-31677,0.00885,0.26162
CVE-2022-31734,0.00885,0.26162
CVE-2022-31751,0.0089,0.2856
CVE-2022-31752,0.00885,0.26162
CVE-2022-31753,0.00885,0.26162
CVE-2022-31754,0.00885,0.26162
CVE-2022-31755,0.0089,0.2856
CVE-2022-31756,0.00885,0.26162
CVE-2022-31757,0.00885,0.26162
CVE-2022-31758,0.00885,0.26162
CVE-2022-31759,0.00885,0.26162
CVE-2022-31760,0.00885,0.26162
CVE-2022-31761,0.00885,0.26162
CVE-2022-31762,0.0089,0.2856
CVE-2022-31763,0.00885,0.26162
CVE-2022-31767,0.01136,0.57949
CVE-2022-31768,0.01055,0.50287
CVE-2022-31769,0.01055,0.50287
CVE-2022-31770,0.00885,0.26162
CVE-2022-31773,0.00885,0.26162
CVE-2022-31774,0.00885,0.26162
CVE-2022-31775,0.01055,0.50287
CVE-2022-31776,0.00885,0.26162
CVE-2022-31778,0.00885,0.26162
CVE-2022-31779,0.01246,0.66436
CVE-2022-31780,0.01246,0.66436
CVE-2022-31781,0.00885,0.26162
CVE-2022-31782,0.00885,0.26162
CVE-2022-31783,0.00954,0.34522
CVE-2022-31784,0.0144,0.7265
CVE-2022-31786,0.00885,0.26162
CVE-2022-31787,0.00885,0.26162
CVE-2022-31788,0.00885,0.26162
CVE-2022-31794,0.00954,0.34522
CVE-2022-31795,0.00954,0.34522
CVE-2022-31796,0.00885,0.26162
CVE-2022-31798,0.00954,0.34522
CVE-2022-31799,0.01108,0.53389
CVE-2022-31800,0.01055,0.50287
CVE-2022-31801,0.01055,0.50287
CVE-2022-31802,0.00885,0.26162
CVE-2022-31803,0.00885,0.26162
CVE-2022-31804,0.00885,0.26162
CVE-2022-31805,0.00885,0.26162
CVE-2022-31806,0.00885,0.26162
CVE-2022-31813,0.01742,0.75235
CVE-2022-31827,0.00885,0.26162
CVE-2022-31830,0.00885,0.26162
CVE-2022-31836,0.00885,0.26162
CVE-2022-31845,0.0144,0.7265
CVE-2022-31846,0.0144,0.7265
CVE-2022-31847,0.00885,0.26162
CVE-2022-31849,0.01156,0.60033
CVE-2022-31856,0.00885,0.26162
CVE-2022-31873,0.00885,0.26162
CVE-2022-31874,0.02055,0.7893
CVE-2022-31875,0.00885,0.26162
CVE-2022-31876,0.00885,0.26162
CVE-2022-31879,0.00885,0.26162
CVE-2022-31883,0.0089,0.2856
CVE-2022-31884,0.0089,0.2856
CVE-2022-31885,0.02211,0.80357
CVE-2022-31886,0.01018,0.38792
CVE-2022-31887,0.00954,0.34522
CVE-2022-31897,0.00885,0.26162
CVE-2022-31904,0.00954,0.34522
CVE-2022-31906,0.00885,0.26162
CVE-2022-31908,0.00885,0.26162
CVE-2022-31910,0.00885,0.26162
CVE-2022-31911,0.00885,0.26162
CVE-2022-31912,0.00885,0.26162
CVE-2022-31913,0.00885,0.26162
CVE-2022-31914,0.00885,0.26162
CVE-2022-31941,0.00885,0.26162
CVE-2022-31943,0.00885,0.26162
CVE-2022-31945,0.00885,0.26162
CVE-2022-31946,0.00885,0.26162
CVE-2022-31948,0.00885,0.26162
CVE-2022-31951,0.00885,0.26162
CVE-2022-31952,0.00885,0.26162
CVE-2022-31953,0.00885,0.26162
CVE-2022-31956,0.00885,0.26162
CVE-2022-31957,0.00885,0.26162
CVE-2022-31959,0.00885,0.26162
CVE-2022-31961,0.00885,0.26162
CVE-2022-31962,0.00885,0.26162
CVE-2022-31964,0.00885,0.26162
CVE-2022-31965,0.00885,0.26162
CVE-2022-31966,0.00885,0.26162
CVE-2022-31969,0.00885,0.26162
CVE-2022-31970,0.00885,0.26162
CVE-2022-31971,0.00885,0.26162
CVE-2022-31973,0.00885,0.26162
CVE-2022-31974,0.00885,0.26162
CVE-2022-31975,0.00885,0.26162
CVE-2022-31976,0.00885,0.26162
CVE-2022-31977,0.00885,0.26162
CVE-2022-31978,0.00885,0.26162
CVE-2022-31980,0.00885,0.26162
CVE-2022-31981,0.00885,0.26162
CVE-2022-31982,0.00885,0.26162
CVE-2022-31983,0.00885,0.26162
CVE-2022-31984,0.00885,0.26162
CVE-2022-31985,0.00885,0.26162
CVE-2022-31986,0.00885,0.26162
CVE-2022-31988,0.00885,0.26162
CVE-2022-31989,0.00885,0.26162
CVE-2022-31990,0.00885,0.26162
CVE-2022-31991,0.00885,0.26162
CVE-2022-31992,0.00885,0.26162
CVE-2022-31993,0.00885,0.26162
CVE-2022-31994,0.00885,0.26162
CVE-2022-31996,0.00885,0.26162
CVE-2022-31998,0.00885,0.26162
CVE-2022-32000,0.00885,0.26162
CVE-2022-32001,0.00885,0.26162
CVE-2022-32002,0.00885,0.26162
CVE-2022-32003,0.00885,0.26162
CVE-2022-32004,0.00885,0.26162
CVE-2022-32005,0.00885,0.26162
CVE-2022-32006,0.00885,0.26162
CVE-2022-32007,0.00885,0.26162
CVE-2022-32008,0.00885,0.26162
CVE-2022-32010,0.00885,0.26162
CVE-2022-32011,0.00885,0.26162
CVE-2022-32012,0.00885,0.26162
CVE-2022-32013,0.00885,0.26162
CVE-2022-32014,0.00885,0.26162
CVE-2022-32015,0.00885,0.26162
CVE-2022-32016,0.00885,0.26162
CVE-2022-32017,0.00885,0.26162
CVE-2022-32018,0.00885,0.26162
CVE-2022-32019,0.01086,0.51674
CVE-2022-32020,0.01086,0.51674
CVE-2022-32021,0.00885,0.26162
CVE-2022-32022,0.00885,0.26162
CVE-2022-32024,0.00885,0.26162
CVE-2022-32025,0.00885,0.26162
CVE-2022-32026,0.00885,0.26162
CVE-2022-32027,0.00885,0.26162
CVE-2022-32028,0.00885,0.26162
CVE-2022-32030,0.00885,0.26162
CVE-2022-32031,0.00885,0.26162
CVE-2022-32032,0.00885,0.26162
CVE-2022-32033,0.00885,0.26162
CVE-2022-32034,0.00885,0.26162
CVE-2022-32035,0.00885,0.26162
CVE-2022-32036,0.00885,0.26162
CVE-2022-32037,0.00885,0.26162
CVE-2022-32039,0.00885,0.26162
CVE-2022-32040,0.00885,0.26162
CVE-2022-32041,0.00885,0.26162
CVE-2022-32043,0.00885,0.26162
CVE-2022-32044,0.00885,0.26162
CVE-2022-32045,0.00885,0.26162
CVE-2022-32046,0.00885,0.26162
CVE-2022-32047,0.00885,0.26162
CVE-2022-32048,0.00885,0.26162
CVE-2022-32049,0.00885,0.26162
CVE-2022-32050,0.00885,0.26162
CVE-2022-32051,0.00885,0.26162
CVE-2022-32052,0.00885,0.26162
CVE-2022-32053,0.00885,0.26162
CVE-2022-32054,0.01156,0.60033
CVE-2022-32055,0.00885,0.26162
CVE-2022-32056,0.00885,0.26162
CVE-2022-32058,0.00885,0.26162
CVE-2022-32060,0.01338,0.70562
CVE-2022-32061,0.01338,0.70562
CVE-2022-32065,0.02199,0.80273
CVE-2022-32073,0.00885,0.26162
CVE-2022-32074,0.0089,0.2856
CVE-2022-32081,0.00885,0.26162
CVE-2022-32082,0.00885,0.26162
CVE-2022-32083,0.00885,0.26162
CVE-2022-32084,0.00885,0.26162
CVE-2022-32085,0.00885,0.26162
CVE-2022-32086,0.00885,0.26162
CVE-2022-32087,0.00885,0.26162
CVE-2022-32088,0.00885,0.26162
CVE-2022-32089,0.00885,0.26162
CVE-2022-32091,0.00885,0.26162
CVE-2022-32092,0.02055,0.7893
CVE-2022-32093,0.00885,0.26162
CVE-2022-32094,0.00885,0.26162
CVE-2022-32095,0.00885,0.26162
CVE-2022-32096,0.00885,0.26162
CVE-2022-32101,0.00885,0.26162
CVE-2022-32114,0.01773,0.75668
CVE-2022-32115,0.00954,0.34522
CVE-2022-32117,0.00885,0.26162
CVE-2022-32118,0.00885,0.26162
CVE-2022-32124,0.00885,0.26162
CVE-2022-32125,0.00885,0.26162
CVE-2022-32126,0.00885,0.26162
CVE-2022-32127,0.00885,0.26162
CVE-2022-32128,0.00885,0.26162
CVE-2022-32129,0.00885,0.26162
CVE-2022-32130,0.00885,0.26162
CVE-2022-32131,0.00885,0.26162
CVE-2022-32136,0.01055,0.50287
CVE-2022-32137,0.01055,0.50287
CVE-2022-32138,0.01055,0.50287
CVE-2022-32139,0.01055,0.50287
CVE-2022-32140,0.01055,0.50287
CVE-2022-32141,0.01055,0.50287
CVE-2022-32142,0.01055,0.50287
CVE-2022-32143,0.01055,0.50287
CVE-2022-32145,0.00885,0.26162
CVE-2022-32148,0.01108,0.53389
CVE-2022-32151,0.01018,0.38792
CVE-2022-32152,0.01034,0.39824
CVE-2022-32153,0.01108,0.53389
CVE-2022-32154,0.01108,0.53389
CVE-2022-32155,0.00954,0.34522
CVE-2022-32156,0.00954,0.34522
CVE-2022-32157,0.01018,0.38792
CVE-2022-32158,0.0144,0.7265
CVE-2022-32159,0.00885,0.26162
CVE-2022-32189,0.01108,0.53389
CVE-2022-32192,0.00885,0.26162
CVE-2022-32193,0.00885,0.26162
CVE-2022-32195,0.00885,0.26162
CVE-2022-32200,0.00954,0.34522
CVE-2022-32201,0.00885,0.26162
CVE-2022-32202,0.00885,0.26162
CVE-2022-32205,0.00954,0.34522
CVE-2022-32206,0.01018,0.38792
CVE-2022-32207,0.00954,0.34522
CVE-2022-32208,0.01018,0.38792
CVE-2022-32209,0.00954,0.34522
CVE-2022-32210,0.00885,0.26162
CVE-2022-32212,0.02211,0.80357
CVE-2022-32213,0.00885,0.26162
CVE-2022-32214,0.00885,0.26162
CVE-2022-32215,0.00885,0.26162
CVE-2022-32222,0.00885,0.26162
CVE-2022-32223,0.01005,0.36332
CVE-2022-32225,0.01086,0.51674
CVE-2022-32230,0.05569,0.89556
CVE-2022-32235,0.00885,0.26162
CVE-2022-32236,0.00885,0.26162
CVE-2022-32237,0.00885,0.26162
CVE-2022-32238,0.00885,0.26162
CVE-2022-32239,0.00885,0.26162
CVE-2022-32240,0.00885,0.26162
CVE-2022-32241,0.00885,0.26162
CVE-2022-32242,0.00885,0.26162
CVE-2022-32243,0.00885,0.26162
CVE-2022-32245,0.00885,0.26162
CVE-2022-32246,0.00885,0.26162
CVE-2022-32247,0.0144,0.7265
CVE-2022-32248,0.00885,0.26162
CVE-2022-32249,0.00885,0.26162
CVE-2022-32251,0.00885,0.26162
CVE-2022-32252,0.00885,0.26162
CVE-2022-32253,0.00885,0.26162
CVE-2022-32254,0.00885,0.26162
CVE-2022-32255,0.00885,0.26162
CVE-2022-32256,0.00885,0.26162
CVE-2022-32258,0.00885,0.26162
CVE-2022-32259,0.00885,0.26162
CVE-2022-32260,0.00885,0.26162
CVE-2022-32261,0.00885,0.26162
CVE-2022-32262,0.01338,0.70562
CVE-2022-32263,0.01055,0.50287
CVE-2022-32265,0.00954,0.34522
CVE-2022-32268,0.01156,0.60033
CVE-2022-32269,0.0144,0.7265
CVE-2022-32270,0.01978,0.78447
CVE-2022-32271,0.01689,0.75137
CVE-2022-32272,0.01108,0.53389
CVE-2022-32273,0.00885,0.26162
CVE-2022-32274,0.00885,0.26162
CVE-2022-32275,0.01018,0.38792
CVE-2022-32276,0.00885,0.26162
CVE-2022-32278,0.02509,0.81058
CVE-2022-32280,0.00885,0.26162
CVE-2022-32282,0.00885,0.26162
CVE-2022-32283,0.01055,0.50287
CVE-2022-32284,0.01213,0.6557
CVE-2022-32285,0.00885,0.26162
CVE-2022-32286,0.00885,0.26162
CVE-2022-32289,0.00885,0.26162
CVE-2022-32290,0.00885,0.26162
CVE-2022-32291,0.01086,0.51674
CVE-2022-32292,0.01978,0.78447
CVE-2022-32293,0.02509,0.81058
CVE-2022-32294,0.01018,0.38792
CVE-2022-32295,0.00954,0.34522
CVE-2022-32296,0.0095,0.30554
CVE-2022-32297,0.00885,0.26162
CVE-2022-32298,0.00885,0.26162
CVE-2022-32299,0.00885,0.26162
CVE-2022-32300,0.00885,0.26162
CVE-2022-32301,0.00885,0.26162
CVE-2022-32302,0.00885,0.26162
CVE-2022-32308,0.01055,0.50287
CVE-2022-32310,0.00885,0.26162
CVE-2022-32311,0.00885,0.26162
CVE-2022-32317,0.00885,0.26162
CVE-2022-32318,0.00885,0.26162
CVE-2022-32320,0.00954,0.34522
CVE-2022-32323,0.00885,0.26162
CVE-2022-32324,0.00885,0.26162
CVE-2022-32325,0.00885,0.26162
CVE-2022-32328,0.00885,0.26162
CVE-2022-32330,0.00885,0.26162
CVE-2022-32331,0.00885,0.26162
CVE-2022-32332,0.00885,0.26162
CVE-2022-32333,0.00885,0.26162
CVE-2022-32334,0.00885,0.26162
CVE-2022-32335,0.00885,0.26162
CVE-2022-32336,0.00885,0.26162
CVE-2022-32337,0.00885,0.26162
CVE-2022-32338,0.00885,0.26162
CVE-2022-32339,0.00885,0.26162
CVE-2022-32340,0.00885,0.26162
CVE-2022-32341,0.00885,0.26162
CVE-2022-32342,0.00885,0.26162
CVE-2022-32343,0.00885,0.26162
CVE-2022-32344,0.00885,0.26162
CVE-2022-32345,0.00885,0.26162
CVE-2022-32346,0.00885,0.26162
CVE-2022-32347,0.00885,0.26162
CVE-2022-32348,0.00885,0.26162
CVE-2022-32349,0.00885,0.26162
CVE-2022-32350,0.00885,0.26162
CVE-2022-32351,0.00885,0.26162
CVE-2022-32352,0.00885,0.26162
CVE-2022-32353,0.00885,0.26162
CVE-2022-32354,0.00885,0.26162
CVE-2022-32355,0.00885,0.26162
CVE-2022-32358,0.00885,0.26162
CVE-2022-32359,0.00885,0.26162
CVE-2022-32362,0.00885,0.26162
CVE-2022-32363,0.00885,0.26162
CVE-2022-32364,0.00885,0.26162
CVE-2022-32365,0.00885,0.26162
CVE-2022-32366,0.00885,0.26162
CVE-2022-32367,0.00885,0.26162
CVE-2022-32368,0.00885,0.26162
CVE-2022-32370,0.00885,0.26162
CVE-2022-32371,0.00885,0.26162
CVE-2022-32372,0.00885,0.26162
CVE-2022-32373,0.00885,0.26162
CVE-2022-32374,0.00885,0.26162
CVE-2022-32375,0.00885,0.26162
CVE-2022-32376,0.00885,0.26162
CVE-2022-32377,0.00885,0.26162
CVE-2022-32378,0.00885,0.26162
CVE-2022-32379,0.00885,0.26162
CVE-2022-32380,0.00885,0.26162
CVE-2022-32381,0.00885,0.26162
CVE-2022-32383,0.00885,0.26162
CVE-2022-32384,0.00954,0.34522
CVE-2022-32385,0.02509,0.81058
CVE-2022-32386,0.01018,0.38792
CVE-2022-32387,0.00885,0.26162
CVE-2022-32389,0.00954,0.34522
CVE-2022-32391,0.00885,0.26162
CVE-2022-32392,0.00885,0.26162
CVE-2022-32393,0.00885,0.26162
CVE-2022-32394,0.00885,0.26162
CVE-2022-32395,0.00885,0.26162
CVE-2022-32396,0.00885,0.26162
CVE-2022-32397,0.00885,0.26162
CVE-2022-32398,0.00885,0.26162
CVE-2022-32399,0.00885,0.26162
CVE-2022-32400,0.00885,0.26162
CVE-2022-32401,0.00885,0.26162
CVE-2022-32402,0.00885,0.26162
CVE-2022-32403,0.00885,0.26162
CVE-2022-32404,0.00885,0.26162
CVE-2022-32405,0.00885,0.26162
CVE-2022-32406,0.00885,0.26162
CVE-2022-32409,0.00885,0.26162
CVE-2022-32411,0.00885,0.26162
CVE-2022-32412,0.00885,0.26162
CVE-2022-32413,0.01338,0.70562
CVE-2022-32414,0.00885,0.26162
CVE-2022-32415,0.00885,0.26162
CVE-2022-32416,0.00885,0.26162
CVE-2022-32417,0.01156,0.60033
CVE-2022-32420,0.01156,0.60033
CVE-2022-32425,0.00885,0.26162
CVE-2022-32427,0.00885,0.26162
CVE-2022-32429,0.01156,0.60033
CVE-2022-32430,0.00885,0.26162
CVE-2022-32433,0.01086,0.51674
CVE-2022-32434,0.00885,0.26162
CVE-2022-32441,0.00885,0.26162
CVE-2022-32442,0.00885,0.26162
CVE-2022-32444,0.00885,0.26162
CVE-2022-32449,0.02055,0.7893
CVE-2022-32450,0.0095,0.30554
CVE-2022-32453,0.01055,0.50287
CVE-2022-32455,0.00885,0.26162
CVE-2022-32456,0.01055,0.50287
CVE-2022-32457,0.01055,0.50287
CVE-2022-32458,0.01055,0.50287
CVE-2022-32480,0.01055,0.50287
CVE-2022-32481,0.00885,0.26162
CVE-2022-32498,0.01036,0.41241
CVE-2022-32511,0.01018,0.38792
CVE-2022-32530,0.00885,0.26162
CVE-2022-32532,0.00885,0.26162
CVE-2022-32533,0.00954,0.34522
CVE-2022-32534,0.01086,0.51674
CVE-2022-32535,0.00885,0.26162
CVE-2022-32536,0.00885,0.26162
CVE-2022-32543,0.01036,0.41241
CVE-2022-32544,0.01055,0.50287
CVE-2022-32545,0.00954,0.34522
CVE-2022-32546,0.00954,0.34522
CVE-2022-32547,0.00954,0.34522
CVE-2022-32548,0.00885,0.26162
CVE-2022-32549,0.00885,0.26162
CVE-2022-32550,0.00885,0.26162
CVE-2022-32551,0.00885,0.26162
CVE-2022-32552,0.00885,0.26162
CVE-2022-32553,0.00885,0.26162
CVE-2022-32554,0.00885,0.26162
CVE-2022-32556,0.00954,0.34522
CVE-2022-32557,0.00954,0.34522
CVE-2022-32558,0.00954,0.34522
CVE-2022-32559,0.00954,0.34522
CVE-2022-32560,0.00954,0.34522
CVE-2022-32561,0.0089,0.2856
CVE-2022-32562,0.0089,0.2856
CVE-2022-32563,0.00885,0.26162
CVE-2022-32564,0.00954,0.34522
CVE-2022-32565,0.00954,0.34522
CVE-2022-32567,0.00885,0.26162
CVE-2022-32572,0.0144,0.7265
CVE-2022-32579,0.00885,0.26162
CVE-2022-32583,0.01055,0.50287
CVE-2022-32585,0.01086,0.51674
CVE-2022-32739,0.00885,0.26162
CVE-2022-32740,0.00885,0.26162
CVE-2022-32741,0.00885,0.26162
CVE-2022-32742,0.00885,0.26162
CVE-2022-32743,0.00885,0.26162
CVE-2022-32744,0.00885,0.26162
CVE-2022-32745,0.00885,0.26162
CVE-2022-32746,0.00885,0.26162
CVE-2022-32750,0.00885,0.26162
CVE-2022-32761,0.00885,0.26162
CVE-2022-32768,0.00885,0.26162
CVE-2022-32769,0.00885,0.26162
CVE-2022-32770,0.0144,0.7265
CVE-2022-32771,0.0144,0.7265
CVE-2022-32772,0.0144,0.7265
CVE-2022-32777,0.00885,0.26162
CVE-2022-32778,0.00885,0.26162
CVE-2022-32793,0.01018,0.38792
CVE-2022-32810,0.01237,0.66358
CVE-2022-32811,0.01237,0.66358
CVE-2022-32812,0.01237,0.66358
CVE-2022-32813,0.01363,0.70595
CVE-2022-32834,0.00954,0.34522
CVE-2022-32837,0.00954,0.34522
CVE-2022-32838,0.01018,0.38792
CVE-2022-32839,0.04583,0.8839
CVE-2022-32840,0.01237,0.66358
CVE-2022-32857,0.01108,0.53389
CVE-2022-32893,0.02806,0.82312
CVE-2022-32894,0.01237,0.66358
CVE-2022-32958,0.01055,0.50287
CVE-2022-32959,0.01036,0.41241
CVE-2022-32960,0.01036,0.41241
CVE-2022-32961,0.01036,0.41241
CVE-2022-32962,0.01036,0.41241
CVE-2022-32963,0.01055,0.50287
CVE-2022-32964,0.01055,0.50287
CVE-2022-32965,0.01978,0.78447
CVE-2022-32969,0.00954,0.34522
CVE-2022-32973,0.00885,0.26162
CVE-2022-32974,0.00885,0.26162
CVE-2022-32978,0.00885,0.26162
CVE-2022-32981,0.00885,0.26162
CVE-2022-32983,0.00885,0.26162
CVE-2022-32985,0.00885,0.26162
CVE-2022-32987,0.00885,0.26162
CVE-2022-32990,0.00885,0.26162
CVE-2022-32991,0.00885,0.26162
CVE-2022-32992,0.00885,0.26162
CVE-2022-32993,0.00885,0.26162
CVE-2022-32994,0.00885,0.26162
CVE-2022-32995,0.00885,0.26162
CVE-2022-32996,0.02509,0.81058
CVE-2022-32997,0.02509,0.81058
CVE-2022-32998,0.02509,0.81058
CVE-2022-32999,0.02509,0.81058
CVE-2022-33000,0.02509,0.81058
CVE-2022-33001,0.02509,0.81058
CVE-2022-33002,0.02509,0.81058
CVE-2022-33003,0.02509,0.81058
CVE-2022-33004,0.02509,0.81058
CVE-2022-33005,0.00885,0.26162
CVE-2022-33007,0.00885,0.26162
CVE-2022-33009,0.0089,0.2856
CVE-2022-33011,0.01018,0.38792
CVE-2022-33021,0.00885,0.26162
CVE-2022-33023,0.00885,0.26162
CVE-2022-33024,0.00885,0.26162
CVE-2022-33025,0.00885,0.26162
CVE-2022-33026,0.00885,0.26162
CVE-2022-33027,0.00885,0.26162
CVE-2022-33028,0.00885,0.26162
CVE-2022-33032,0.00885,0.26162
CVE-2022-33033,0.00885,0.26162
CVE-2022-33034,0.00885,0.26162
CVE-2022-33035,0.00885,0.26162
CVE-2022-33036,0.01036,0.41241
CVE-2022-33037,0.01036,0.41241
CVE-2022-33042,0.00885,0.26162
CVE-2022-33043,0.00885,0.26162
CVE-2022-33047,0.00885,0.26162
CVE-2022-33048,0.00885,0.26162
CVE-2022-33049,0.00885,0.26162
CVE-2022-33055,0.00885,0.26162
CVE-2022-33056,0.00885,0.26162
CVE-2022-33057,0.00885,0.26162
CVE-2022-33058,0.00885,0.26162
CVE-2022-33059,0.00885,0.26162
CVE-2022-33060,0.00885,0.26162
CVE-2022-33061,0.00885,0.26162
CVE-2022-33067,0.00885,0.26162
CVE-2022-33068,0.01018,0.38792
CVE-2022-33069,0.00885,0.26162
CVE-2022-33070,0.00885,0.26162
CVE-2022-33075,0.0089,0.2856
CVE-2022-33082,0.00885,0.26162
CVE-2022-33085,0.01156,0.60033
CVE-2022-33087,0.00885,0.26162
CVE-2022-33092,0.00885,0.26162
CVE-2022-33093,0.00885,0.26162
CVE-2022-33094,0.00885,0.26162
CVE-2022-33095,0.00885,0.26162
CVE-2022-33096,0.00885,0.26162
CVE-2022-33097,0.00885,0.26162
CVE-2022-33098,0.00885,0.26162
CVE-2022-33099,0.01108,0.53389
CVE-2022-33103,0.00885,0.26162
CVE-2022-33105,0.01018,0.38792
CVE-2022-33107,0.01086,0.51674
CVE-2022-33108,0.00954,0.34522
CVE-2022-33113,0.00885,0.26162
CVE-2022-33114,0.00885,0.26162
CVE-2022-33116,0.0095,0.30554
CVE-2022-33119,0.00885,0.26162
CVE-2022-33121,0.00885,0.26162
CVE-2022-33122,0.00885,0.26162
CVE-2022-33124,0.00885,0.26162
CVE-2022-33127,0.00885,0.26162
CVE-2022-33128,0.00885,0.26162
CVE-2022-33137,0.01055,0.50287
CVE-2022-33138,0.01055,0.50287
CVE-2022-33139,0.00885,0.26162
CVE-2022-33140,0.02055,0.7893
CVE-2022-33142,0.00885,0.26162
CVE-2022-33146,0.01213,0.6557
CVE-2022-33147,0.00885,0.26162
CVE-2022-33148,0.00885,0.26162
CVE-2022-33149,0.00885,0.26162
CVE-2022-33151,0.01055,0.50287
CVE-2022-33154,0.00885,0.26162
CVE-2022-33155,0.00885,0.26162
CVE-2022-33156,0.00885,0.26162
CVE-2022-33157,0.00885,0.26162
CVE-2022-33158,0.00885,0.26162
CVE-2022-33169,0.00885,0.26162
CVE-2022-33171,0.01018,0.38792
CVE-2022-33172,0.00885,0.26162
CVE-2022-33173,0.00954,0.34522
CVE-2022-33175,0.00885,0.26162
CVE-2022-33191,0.00885,0.26162
CVE-2022-33198,0.00885,0.26162
CVE-2022-33201,0.00885,0.26162
CVE-2022-33202,0.00885,0.26162
CVE-2022-33203,0.00885,0.26162
CVE-2022-33208,0.01055,0.50287
CVE-2022-33209,0.00885,0.26162
CVE-2022-33311,0.01055,0.50287
CVE-2022-33312,0.01086,0.51674
CVE-2022-33313,0.01086,0.51674
CVE-2022-33314,0.01086,0.51674
CVE-2022-33315,0.00885,0.26162
CVE-2022-33316,0.00885,0.26162
CVE-2022-33317,0.00885,0.26162
CVE-2022-33318,0.01055,0.50287
CVE-2022-33319,0.01055,0.50287
CVE-2022-33320,0.00885,0.26162
CVE-2022-33325,0.01086,0.51674
CVE-2022-33326,0.01086,0.51674
CVE-2022-33327,0.01086,0.51674
CVE-2022-33328,0.01086,0.51674
CVE-2022-33329,0.01086,0.51674
CVE-2022-33631,0.0115,0.5906
CVE-2022-33632,0.02251,0.80538
CVE-2022-33633,0.01967,0.77799
CVE-2022-33636,0.04683,0.8861
CVE-2022-33637,0.0115,0.5906
CVE-2022-33638,0.02844,0.8238
CVE-2022-33639,0.02844,0.8238
CVE-2022-33640,0.0115,0.5906
CVE-2022-33641,0.0115,0.5906
CVE-2022-33642,0.0115,0.5906
CVE-2022-33643,0.0115,0.5906
CVE-2022-33644,0.0115,0.5906
CVE-2022-33646,0.0115,0.5906
CVE-2022-33648,0.01528,0.72895
CVE-2022-33649,0.02844,0.8238
CVE-2022-33650,0.0115,0.5906
CVE-2022-33651,0.0115,0.5906
CVE-2022-33652,0.0115,0.5906
CVE-2022-33653,0.0115,0.5906
CVE-2022-33654,0.0115,0.5906
CVE-2022-33655,0.0115,0.5906
CVE-2022-33656,0.0115,0.5906
CVE-2022-33657,0.0115,0.5906
CVE-2022-33658,0.0115,0.5906
CVE-2022-33659,0.0115,0.5906
CVE-2022-33660,0.0115,0.5906
CVE-2022-33661,0.0115,0.5906
CVE-2022-33662,0.0115,0.5906
CVE-2022-33663,0.0115,0.5906
CVE-2022-33664,0.0115,0.5906
CVE-2022-33665,0.0115,0.5906
CVE-2022-33666,0.0115,0.5906
CVE-2022-33667,0.0115,0.5906
CVE-2022-33668,0.0115,0.5906
CVE-2022-33669,0.0115,0.5906
CVE-2022-33670,0.0115,0.5906
CVE-2022-33671,0.0115,0.5906
CVE-2022-33672,0.0115,0.5906
CVE-2022-33673,0.0115,0.5906
CVE-2022-33674,0.02251,0.80538
CVE-2022-33675,0.0115,0.5906
CVE-2022-33676,0.01967,0.77799
CVE-2022-33677,0.0115,0.5906
CVE-2022-33678,0.01967,0.77799
CVE-2022-33680,0.02251,0.80538
CVE-2022-33685,0.00885,0.26162
CVE-2022-33686,0.00885,0.26162
CVE-2022-33687,0.00885,0.26162
CVE-2022-33688,0.00885,0.26162
CVE-2022-33689,0.00885,0.26162
CVE-2022-33690,0.00885,0.26162
CVE-2022-33691,0.00885,0.26162
CVE-2022-33692,0.00885,0.26162
CVE-2022-33693,0.00885,0.26162
CVE-2022-33694,0.00885,0.26162
CVE-2022-33695,0.00885,0.26162
CVE-2022-33696,0.00885,0.26162
CVE-2022-33697,0.00885,0.26162
CVE-2022-33698,0.00885,0.26162
CVE-2022-33699,0.00885,0.26162
CVE-2022-33700,0.00885,0.26162
CVE-2022-33701,0.00885,0.26162
CVE-2022-33702,0.00885,0.26162
CVE-2022-33703,0.00885,0.26162
CVE-2022-33704,0.00885,0.26162
CVE-2022-33705,0.00885,0.26162
CVE-2022-33706,0.00885,0.26162
CVE-2022-33707,0.00885,0.26162
CVE-2022-33708,0.00885,0.26162
CVE-2022-33709,0.00885,0.26162
CVE-2022-33710,0.00885,0.26162
CVE-2022-33711,0.00885,0.26162
CVE-2022-33712,0.00885,0.26162
CVE-2022-33713,0.00885,0.26162
CVE-2022-33714,0.00885,0.26162
CVE-2022-33715,0.00885,0.26162
CVE-2022-33716,0.00885,0.26162
CVE-2022-33717,0.00885,0.26162
CVE-2022-33718,0.00885,0.26162
CVE-2022-33719,0.00885,0.26162
CVE-2022-33720,0.00885,0.26162
CVE-2022-33721,0.00885,0.26162
CVE-2022-33722,0.00885,0.26162
CVE-2022-33723,0.00885,0.26162
CVE-2022-33724,0.00885,0.26162
CVE-2022-33725,0.00885,0.26162
CVE-2022-33726,0.00885,0.26162
CVE-2022-33727,0.00885,0.26162
CVE-2022-33728,0.00885,0.26162
CVE-2022-33729,0.00885,0.26162
CVE-2022-33730,0.01036,0.41241
CVE-2022-33731,0.00885,0.26162
CVE-2022-33732,0.00885,0.26162
CVE-2022-33733,0.00885,0.26162
CVE-2022-33734,0.00885,0.26162
CVE-2022-33736,0.01055,0.50287
CVE-2022-33737,0.00885,0.26162
CVE-2022-33738,0.00885,0.26162
CVE-2022-33739,0.01055,0.50287
CVE-2022-33740,0.01034,0.39824
CVE-2022-33741,0.01034,0.39824
CVE-2022-33742,0.01034,0.39824
CVE-2022-33743,0.0095,0.30554
CVE-2022-33744,0.0095,0.30554
CVE-2022-33745,0.01034,0.39824
CVE-2022-33750,0.01055,0.50287
CVE-2022-33751,0.01055,0.50287
CVE-2022-33752,0.01156,0.60033
CVE-2022-33753,0.00885,0.26162
CVE-2022-33754,0.01156,0.60033
CVE-2022-33755,0.01055,0.50287
CVE-2022-33756,0.01055,0.50287
CVE-2022-33879,0.00954,0.34522
CVE-2022-33881,0.01036,0.41241
CVE-2022-33900,0.00885,0.26162
CVE-2022-33901,0.00885,0.26162
CVE-2022-33903,0.00885,0.26162
CVE-2022-33910,0.01061,0.51015
CVE-2022-33911,0.00954,0.34522
CVE-2022-33912,0.00885,0.26162
CVE-2022-33913,0.00885,0.26162
CVE-2022-33915,0.00885,0.26162
CVE-2022-33916,0.01055,0.50287
CVE-2022-33917,0.00885,0.26162
CVE-2022-33923,0.01036,0.41241
CVE-2022-33924,0.00885,0.26162
CVE-2022-33925,0.01055,0.50287
CVE-2022-33926,0.00885,0.26162
CVE-2022-33927,0.00885,0.26162
CVE-2022-33928,0.00885,0.26162
CVE-2022-33929,0.01086,0.51674
CVE-2022-33930,0.00885,0.26162
CVE-2022-33931,0.00885,0.26162
CVE-2022-33932,0.00885,0.26162
CVE-2022-33935,0.00885,0.26162
CVE-2022-33936,0.00885,0.26162
CVE-2022-33939,0.00954,0.34522
CVE-2022-33943,0.00885,0.26162
CVE-2022-33944,0.00885,0.26162
CVE-2022-33947,0.00885,0.26162
CVE-2022-33948,0.01005,0.35949
CVE-2022-33953,0.00885,0.26162
CVE-2022-33955,0.01559,0.742
CVE-2022-33960,0.00885,0.26162
CVE-2022-33962,0.00885,0.26162
CVE-2022-33965,0.00885,0.26162
CVE-2022-33967,0.01559,0.742
CVE-2022-33968,0.00885,0.26162
CVE-2022-33969,0.00885,0.26162
CVE-2022-33970,0.00885,0.26162
CVE-2022-33971,0.00885,0.26162
CVE-2022-33977,0.01136,0.57949
CVE-2022-33981,0.01034,0.39824
CVE-2022-33987,0.00954,0.34522
CVE-2022-33988,0.00954,0.34522
CVE-2022-33989,0.00954,0.34522
CVE-2022-33990,0.01018,0.38792
CVE-2022-33991,0.00954,0.34522
CVE-2022-33992,0.00954,0.34522
CVE-2022-33993,0.01018,0.38792
CVE-2022-33994,0.00885,0.26162
CVE-2022-33995,0.00885,0.26162
CVE-2022-33996,0.00885,0.26162
CVE-2022-34000,0.00885,0.26162
CVE-2022-34001,0.00885,0.26162
CVE-2022-34005,0.01156,0.60033
CVE-2022-34006,0.00885,0.26162
CVE-2022-34007,0.01108,0.53389
CVE-2022-34008,0.00885,0.26162
CVE-2022-34009,0.00885,0.26162
CVE-2022-34011,0.00885,0.26162
CVE-2022-34012,0.00885,0.26162
CVE-2022-34013,0.00885,0.26162
CVE-2022-34023,0.00885,0.26162
CVE-2022-34024,0.00885,0.26162
CVE-2022-34025,0.00885,0.26162
CVE-2022-34027,0.00885,0.26162
CVE-2022-34028,0.00885,0.26162
CVE-2022-34029,0.00885,0.26162
CVE-2022-34030,0.00885,0.26162
CVE-2022-34031,0.00885,0.26162
CVE-2022-34032,0.00885,0.26162
CVE-2022-34033,0.00954,0.34522
CVE-2022-34035,0.00954,0.34522
CVE-2022-34037,0.00885,0.26162
CVE-2022-34042,0.00885,0.26162
CVE-2022-34043,0.01036,0.41241
CVE-2022-34045,0.00885,0.26162
CVE-2022-34046,0.00885,0.26162
CVE-2022-34047,0.00885,0.26162
CVE-2022-34048,0.00885,0.26162
CVE-2022-34049,0.00885,0.26162
CVE-2022-34053,0.02509,0.81058
CVE-2022-34054,0.02509,0.81058
CVE-2022-34055,0.02509,0.81058
CVE-2022-34056,0.02509,0.81058
CVE-2022-34057,0.0144,0.7265
CVE-2022-34059,0.02509,0.81058
CVE-2022-34060,0.02509,0.81058
CVE-2022-34061,0.02509,0.81058
CVE-2022-34064,0.0144,0.7265
CVE-2022-34065,0.02509,0.81058
CVE-2022-34066,0.02509,0.81058
CVE-2022-34067,0.00885,0.26162
CVE-2022-34092,0.01018,0.38792
CVE-2022-34093,0.01018,0.38792
CVE-2022-34094,0.01018,0.38792
CVE-2022-34112,0.00885,0.26162
CVE-2022-34113,0.01086,0.51674
CVE-2022-34114,0.00885,0.26162
CVE-2022-34115,0.00885,0.26162
CVE-2022-34120,0.01156,0.60033
CVE-2022-34121,0.00885,0.26162
CVE-2022-34132,0.00885,0.26162
CVE-2022-34133,0.00885,0.26162
CVE-2022-34134,0.00885,0.26162
CVE-2022-34140,0.0089,0.2856
CVE-2022-34149,0.00885,0.26162
CVE-2022-34150,0.00885,0.26162
CVE-2022-34151,0.01055,0.50287
CVE-2022-34154,0.00885,0.26162
CVE-2022-34156,0.00885,0.26162
CVE-2022-34158,0.00885,0.26162
CVE-2022-34160,0.01136,0.57949
CVE-2022-34161,0.00954,0.34522
CVE-2022-34162,0.01136,0.57949
CVE-2022-34163,0.00954,0.34522
CVE-2022-34164,0.0089,0.2856
CVE-2022-34166,0.0089,0.2856
CVE-2022-34167,0.0089,0.2856
CVE-2022-34170,0.00885,0.26162
CVE-2022-34171,0.00885,0.26162
CVE-2022-34172,0.00885,0.26162
CVE-2022-34173,0.00885,0.26162
CVE-2022-34174,0.00885,0.26162
CVE-2022-34175,0.00885,0.26162
CVE-2022-34176,0.00885,0.26162
CVE-2022-34177,0.00885,0.26162
CVE-2022-34178,0.00885,0.26162
CVE-2022-34179,0.00885,0.26162
CVE-2022-34180,0.00885,0.26162
CVE-2022-34181,0.00885,0.26162
CVE-2022-34182,0.00885,0.26162
CVE-2022-34183,0.00885,0.26162
CVE-2022-34184,0.00885,0.26162
CVE-2022-34185,0.00885,0.26162
CVE-2022-34186,0.00885,0.26162
CVE-2022-34187,0.00885,0.26162
CVE-2022-34188,0.00885,0.26162
CVE-2022-34189,0.00885,0.26162
CVE-2022-34190,0.00885,0.26162
CVE-2022-34191,0.00885,0.26162
CVE-2022-34192,0.00885,0.26162
CVE-2022-34193,0.00885,0.26162
CVE-2022-34194,0.00885,0.26162
CVE-2022-34195,0.00885,0.26162
CVE-2022-34196,0.00885,0.26162
CVE-2022-34197,0.00885,0.26162
CVE-2022-34198,0.00885,0.26162
CVE-2022-34199,0.00885,0.26162
CVE-2022-34200,0.00885,0.26162
CVE-2022-34201,0.00885,0.26162
CVE-2022-34202,0.00885,0.26162
CVE-2022-34203,0.00885,0.26162
CVE-2022-34204,0.00885,0.26162
CVE-2022-34205,0.00885,0.26162
CVE-2022-34206,0.00885,0.26162
CVE-2022-34207,0.00885,0.26162
CVE-2022-34208,0.00885,0.26162
CVE-2022-34209,0.00885,0.26162
CVE-2022-34210,0.00885,0.26162
CVE-2022-34211,0.00885,0.26162
CVE-2022-34212,0.00885,0.26162
CVE-2022-34213,0.00885,0.26162
CVE-2022-34215,0.01223,0.65839
CVE-2022-34216,0.01223,0.65839
CVE-2022-34217,0.01223,0.65839
CVE-2022-34219,0.01223,0.65839
CVE-2022-34220,0.01223,0.65839
CVE-2022-34221,0.01223,0.65839
CVE-2022-34222,0.01223,0.65839
CVE-2022-34223,0.01223,0.65839
CVE-2022-34225,0.01223,0.65839
CVE-2022-34226,0.01223,0.65839
CVE-2022-34228,0.01223,0.65839
CVE-2022-34229,0.01223,0.65839
CVE-2022-34230,0.01223,0.65839
CVE-2022-34232,0.01046,0.41635
CVE-2022-34233,0.01046,0.41635
CVE-2022-34234,0.01046,0.41635
CVE-2022-34235,0.01046,0.41635
CVE-2022-34236,0.01046,0.41635
CVE-2022-34237,0.01046,0.41635
CVE-2022-34239,0.01046,0.41635
CVE-2022-34241,0.01223,0.65839
CVE-2022-34242,0.01223,0.65839
CVE-2022-34243,0.01223,0.65839
CVE-2022-34244,0.01046,0.41635
CVE-2022-34245,0.01223,0.65839
CVE-2022-34246,0.01223,0.65839
CVE-2022-34247,0.01223,0.65839
CVE-2022-34248,0.01223,0.65839
CVE-2022-34249,0.01223,0.65839
CVE-2022-34250,0.01223,0.65839
CVE-2022-34251,0.01223,0.65839
CVE-2022-34252,0.01046,0.41635
CVE-2022-34253,0.01156,0.60033
CVE-2022-34254,0.01046,0.41635
CVE-2022-34255,0.01046,0.41635
CVE-2022-34256,0.01046,0.41635
CVE-2022-34257,0.01046,0.41635
CVE-2022-34258,0.01046,0.41635
CVE-2022-34259,0.01046,0.41635
CVE-2022-34260,0.01223,0.65839
CVE-2022-34261,0.01046,0.41635
CVE-2022-34262,0.01046,0.41635
CVE-2022-34263,0.01223,0.65839
CVE-2022-34264,0.01046,0.41635
CVE-2022-34266,0.00885,0.26162
CVE-2022-34272,0.01036,0.41241
CVE-2022-34273,0.01036,0.41241
CVE-2022-34274,0.01036,0.41241
CVE-2022-34275,0.01036,0.41241
CVE-2022-34276,0.01036,0.41241
CVE-2022-34277,0.01036,0.41241
CVE-2022-34278,0.01036,0.41241
CVE-2022-34279,0.01036,0.41241
CVE-2022-34280,0.01036,0.41241
CVE-2022-34281,0.01036,0.41241
CVE-2022-34282,0.00885,0.26162
CVE-2022-34283,0.00885,0.26162
CVE-2022-34284,0.01036,0.41241
CVE-2022-34285,0.00885,0.26162
CVE-2022-34286,0.01036,0.41241
CVE-2022-34287,0.00885,0.26162
CVE-2022-34288,0.00885,0.26162
CVE-2022-34289,0.01036,0.41241
CVE-2022-34290,0.00885,0.26162
CVE-2022-34291,0.00885,0.26162
CVE-2022-34293,0.01055,0.50287
CVE-2022-34294,0.01018,0.38792
CVE-2022-34295,0.01018,0.38792
CVE-2022-34296,0.00885,0.26162
CVE-2022-34298,0.00954,0.34522
CVE-2022-34299,0.00885,0.26162
CVE-2022-34300,0.00885,0.26162
CVE-2022-34301,0.00902,0.28567
CVE-2022-34302,0.00902,0.28567
CVE-2022-34303,0.00902,0.28567
CVE-2022-34305,0.01246,0.66436
CVE-2022-34306,0.0089,0.2856
CVE-2022-34307,0.00954,0.34522
CVE-2022-34328,0.00885,0.26162
CVE-2022-34338,0.00885,0.26162
CVE-2022-34345,0.00885,0.26162
CVE-2022-34347,0.00885,0.26162
CVE-2022-34358,0.00885,0.26162
CVE-2022-34365,0.00885,0.26162
CVE-2022-34367,0.01055,0.50287
CVE-2022-34368,0.00885,0.26162
CVE-2022-34369,0.00885,0.26162
CVE-2022-34371,0.00885,0.26162
CVE-2022-34372,0.01055,0.50287
CVE-2022-34373,0.00885,0.26162
CVE-2022-34374,0.01055,0.50287
CVE-2022-34375,0.01055,0.50287
CVE-2022-34378,0.00885,0.26162
CVE-2022-34379,0.01055,0.50287
CVE-2022-34380,0.00885,0.26162
CVE-2022-34382,0.00885,0.26162
CVE-2022-34383,0.02559,0.81141
CVE-2022-34464,0.00885,0.26162
CVE-2022-34465,0.01036,0.41241
CVE-2022-34466,0.00885,0.26162
CVE-2022-34467,0.00885,0.26162
CVE-2022-34486,0.01055,0.50287
CVE-2022-34487,0.00885,0.26162
CVE-2022-34488,0.00885,0.26162
CVE-2022-34494,0.00885,0.26162
CVE-2022-34495,0.00885,0.26162
CVE-2022-34496,0.00885,0.26162
CVE-2022-34500,0.02509,0.81058
CVE-2022-34501,0.02509,0.81058
CVE-2022-34502,0.00885,0.26162
CVE-2022-34503,0.00885,0.26162
CVE-2022-34509,0.02509,0.81058
CVE-2022-34520,0.00885,0.26162
CVE-2022-34526,0.00885,0.26162
CVE-2022-34527,0.02055,0.7893
CVE-2022-34528,0.00885,0.26162
CVE-2022-34529,0.00885,0.26162
CVE-2022-34530,0.00885,0.26162
CVE-2022-34531,0.01156,0.60033
CVE-2022-34534,0.00885,0.26162
CVE-2022-34535,0.00885,0.26162
CVE-2022-34536,0.00885,0.26162
CVE-2022-34537,0.00885,0.26162
CVE-2022-34538,0.02055,0.7893
CVE-2022-34539,0.02055,0.7893
CVE-2022-34540,0.02055,0.7893
CVE-2022-34549,0.00885,0.26162
CVE-2022-34550,0.00885,0.26162
CVE-2022-34551,0.00885,0.26162
CVE-2022-34555,0.01156,0.60033
CVE-2022-34556,0.00885,0.26162
CVE-2022-34557,0.00885,0.26162
CVE-2022-34558,0.01086,0.51674
CVE-2022-34567,0.0095,0.30554
CVE-2022-34568,0.00885,0.26162
CVE-2022-34570,0.00885,0.26162
CVE-2022-34571,0.00885,0.26162
CVE-2022-34572,0.00885,0.26162
CVE-2022-34573,0.00885,0.26162
CVE-2022-34574,0.00885,0.26162
CVE-2022-34575,0.00885,0.26162
CVE-2022-34576,0.01086,0.51674
CVE-2022-34577,0.0144,0.7265
CVE-2022-34578,0.00885,0.26162
CVE-2022-34580,0.00885,0.26162
CVE-2022-34586,0.00885,0.26162
CVE-2022-34588,0.00885,0.26162
CVE-2022-34590,0.00885,0.26162
CVE-2022-34592,0.02055,0.7893
CVE-2022-34593,0.00885,0.26162
CVE-2022-34594,0.00885,0.26162
CVE-2022-34595,0.02055,0.7893
CVE-2022-34596,0.02055,0.7893
CVE-2022-34597,0.02055,0.7893
CVE-2022-34598,0.00885,0.26162
CVE-2022-34599,0.00885,0.26162
CVE-2022-34600,0.00885,0.26162
CVE-2022-34601,0.00885,0.26162
CVE-2022-34602,0.00885,0.26162
CVE-2022-34603,0.00885,0.26162
CVE-2022-34604,0.00885,0.26162
CVE-2022-34605,0.00885,0.26162
CVE-2022-34606,0.00885,0.26162
CVE-2022-34607,0.00885,0.26162
CVE-2022-34608,0.00885,0.26162
CVE-2022-34609,0.00885,0.26162
CVE-2022-34610,0.00885,0.26162
CVE-2022-34611,0.0089,0.2856
CVE-2022-34612,0.00885,0.26162
CVE-2022-34613,0.02509,0.81058
CVE-2022-34615,0.01018,0.38792
CVE-2022-34618,0.0095,0.30554
CVE-2022-34619,0.0095,0.30554
CVE-2022-34621,0.0095,0.30554
CVE-2022-34623,0.01018,0.38792
CVE-2022-34624,0.00954,0.34522
CVE-2022-34625,0.02199,0.80273
CVE-2022-34632,0.00954,0.34522
CVE-2022-34633,0.00885,0.26162
CVE-2022-34634,0.00885,0.26162
CVE-2022-34635,0.00885,0.26162
CVE-2022-34636,0.00885,0.26162
CVE-2022-34637,0.00885,0.26162
CVE-2022-34639,0.00885,0.26162
CVE-2022-34640,0.00885,0.26162
CVE-2022-34641,0.0089,0.2856
CVE-2022-34642,0.00885,0.26162
CVE-2022-34643,0.00885,0.26162
CVE-2022-34648,0.00885,0.26162
CVE-2022-34650,0.00885,0.26162
CVE-2022-34651,0.00885,0.26162
CVE-2022-34652,0.00885,0.26162
CVE-2022-34655,0.00885,0.26162
CVE-2022-34658,0.00885,0.26162
CVE-2022-34659,0.00885,0.26162
CVE-2022-34660,0.01156,0.60033
CVE-2022-34661,0.00885,0.26162
CVE-2022-34663,0.00885,0.26162
CVE-2022-34668,0.01156,0.60033
CVE-2022-34685,0.02251,0.80538
CVE-2022-34686,0.02251,0.80538
CVE-2022-34687,0.01528,0.72895
CVE-2022-34690,0.0115,0.5906
CVE-2022-34691,0.0115,0.5906
CVE-2022-34692,0.02251,0.80538
CVE-2022-34696,0.01877,0.76393
CVE-2022-34699,0.0115,0.5906
CVE-2022-34701,0.02251,0.80538
CVE-2022-34702,0.01601,0.74633
CVE-2022-34703,0.0115,0.5906
CVE-2022-34704,0.0115,0.5906
CVE-2022-34705,0.0115,0.5906
CVE-2022-34706,0.0115,0.5906
CVE-2022-34707,0.0115,0.5906
CVE-2022-34708,0.0115,0.5906
CVE-2022-34709,0.0115,0.5906
CVE-2022-34710,0.0115,0.5906
CVE-2022-34711,0.0115,0.5906
CVE-2022-34712,0.0115,0.5906
CVE-2022-34713,0.01528,0.72895
CVE-2022-34714,0.01601,0.74633
CVE-2022-34715,0.01601,0.74633
CVE-2022-34716,0.02251,0.80538
CVE-2022-34717,0.01601,0.74633
CVE-2022-34735,0.00885,0.26162
CVE-2022-34736,0.00885,0.26162
CVE-2022-34737,0.00885,0.26162
CVE-2022-34738,0.00885,0.26162
CVE-2022-34739,0.00885,0.26162
CVE-2022-34740,0.00885,0.26162
CVE-2022-34741,0.00885,0.26162
CVE-2022-34742,0.00954,0.34522
CVE-2022-34743,0.00885,0.26162
CVE-2022-34748,0.01036,0.41241
CVE-2022-34749,0.00885,0.26162
CVE-2022-34750,0.00954,0.34522
CVE-2022-34753,0.02055,0.7893
CVE-2022-34754,0.00885,0.26162
CVE-2022-34756,0.01156,0.60033
CVE-2022-34757,0.00885,0.26162
CVE-2022-34758,0.00885,0.26162
CVE-2022-34759,0.00885,0.26162
CVE-2022-34760,0.00885,0.26162
CVE-2022-34761,0.00885,0.26162
CVE-2022-34762,0.00885,0.26162
CVE-2022-34763,0.00885,0.26162
CVE-2022-34764,0.00885,0.26162
CVE-2022-34765,0.00885,0.26162
CVE-2022-34767,0.00885,0.26162
CVE-2022-34768,0.00885,0.26162
CVE-2022-34769,0.01005,0.35949
CVE-2022-34770,0.00885,0.26162
CVE-2022-34771,0.00885,0.26162
CVE-2022-34772,0.00885,0.26162
CVE-2022-34773,0.00885,0.26162
CVE-2022-34774,0.00885,0.26162
CVE-2022-34775,0.00885,0.26162
CVE-2022-34776,0.00885,0.26162
CVE-2022-34777,0.00885,0.26162
CVE-2022-34778,0.00885,0.26162
CVE-2022-34779,0.00885,0.26162
CVE-2022-34780,0.00885,0.26162
CVE-2022-34781,0.00885,0.26162
CVE-2022-34782,0.00885,0.26162
CVE-2022-34783,0.00885,0.26162
CVE-2022-34784,0.00885,0.26162
CVE-2022-34785,0.00885,0.26162
CVE-2022-34786,0.00885,0.26162
CVE-2022-34787,0.00885,0.26162
CVE-2022-34788,0.00885,0.26162
CVE-2022-34789,0.00885,0.26162
CVE-2022-34790,0.00885,0.26162
CVE-2022-34791,0.00885,0.26162
CVE-2022-34792,0.00885,0.26162
CVE-2022-34793,0.00885,0.26162
CVE-2022-34794,0.00885,0.26162
CVE-2022-34795,0.00885,0.26162
CVE-2022-34796,0.00885,0.26162
CVE-2022-34797,0.00885,0.26162
CVE-2022-34798,0.00885,0.26162
CVE-2022-34799,0.00885,0.26162
CVE-2022-34800,0.00885,0.26162
CVE-2022-34801,0.00885,0.26162
CVE-2022-34802,0.00885,0.26162
CVE-2022-34803,0.00885,0.26162
CVE-2022-34804,0.00885,0.26162
CVE-2022-34805,0.00885,0.26162
CVE-2022-34806,0.00885,0.26162
CVE-2022-34807,0.00885,0.26162
CVE-2022-34808,0.00885,0.26162
CVE-2022-34809,0.00885,0.26162
CVE-2022-34810,0.00885,0.26162
CVE-2022-34811,0.00885,0.26162
CVE-2022-34812,0.00885,0.26162
CVE-2022-34813,0.00885,0.26162
CVE-2022-34814,0.00885,0.26162
CVE-2022-34815,0.00885,0.26162
CVE-2022-34816,0.00885,0.26162
CVE-2022-34817,0.00885,0.26162
CVE-2022-34818,0.00885,0.26162
CVE-2022-34819,0.01086,0.51674
CVE-2022-34820,0.01086,0.51674
CVE-2022-34821,0.01086,0.51674
CVE-2022-34826,0.00885,0.26162
CVE-2022-34829,0.00885,0.26162
CVE-2022-34835,0.00954,0.34522
CVE-2022-34836,0.00885,0.26162
CVE-2022-34837,0.00885,0.26162
CVE-2022-34838,0.00885,0.26162
CVE-2022-34839,0.00885,0.26162
CVE-2022-34844,0.00885,0.26162
CVE-2022-34851,0.00885,0.26162
CVE-2022-34853,0.00885,0.26162
CVE-2022-34857,0.00885,0.26162
CVE-2022-34858,0.00885,0.26162
CVE-2022-34862,0.00885,0.26162
CVE-2022-34865,0.00885,0.26162
CVE-2022-34866,0.00885,0.26162
CVE-2022-34868,0.00885,0.26162
CVE-2022-34871,0.01055,0.50287
CVE-2022-34872,0.01055,0.50287
CVE-2022-34873,0.01611,0.74874
CVE-2022-34874,0.01611,0.74874
CVE-2022-34875,0.01611,0.74874
CVE-2022-34876,0.00885,0.26162
CVE-2022-34877,0.00885,0.26162
CVE-2022-34878,0.00885,0.26162
CVE-2022-34879,0.00885,0.26162
CVE-2022-34889,0.01005,0.36332
CVE-2022-34890,0.01005,0.36332
CVE-2022-34891,0.01005,0.36332
CVE-2022-34892,0.01005,0.36332
CVE-2022-34894,0.00885,0.26162
CVE-2022-34899,0.01005,0.36332
CVE-2022-34900,0.01005,0.36332
CVE-2022-34901,0.01005,0.36332
CVE-2022-34902,0.01005,0.36332
CVE-2022-34903,0.01537,0.73595
CVE-2022-34906,0.00885,0.26162
CVE-2022-34907,0.00885,0.26162
CVE-2022-34911,0.00885,0.26162
CVE-2022-34912,0.00885,0.26162
CVE-2022-34913,0.00885,0.26162
CVE-2022-34914,0.00885,0.26162
CVE-2022-34916,0.01978,0.78447
CVE-2022-34919,0.00885,0.26162
CVE-2022-34924,0.00885,0.26162
CVE-2022-34927,0.00885,0.26162
CVE-2022-34928,0.00885,0.26162
CVE-2022-34937,0.01086,0.51674
CVE-2022-34945,0.00885,0.26162
CVE-2022-34946,0.00885,0.26162
CVE-2022-34947,0.00885,0.26162
CVE-2022-34948,0.00885,0.26162
CVE-2022-34949,0.00885,0.26162
CVE-2022-34950,0.00885,0.26162
CVE-2022-34951,0.00885,0.26162
CVE-2022-34952,0.00885,0.26162
CVE-2022-34953,0.00885,0.26162
CVE-2022-34954,0.00885,0.26162
CVE-2022-34955,0.00885,0.26162
CVE-2022-34956,0.00885,0.26162
CVE-2022-34960,0.00885,0.26162
CVE-2022-34964,0.0095,0.30554
CVE-2022-34965,0.02199,0.80273
CVE-2022-34966,0.01018,0.38792
CVE-2022-34967,0.00885,0.26162
CVE-2022-34968,0.00885,0.26162
CVE-2022-34969,0.00885,0.26162
CVE-2022-34970,0.02509,0.81058
CVE-2022-34971,0.01338,0.70562
CVE-2022-34972,0.00885,0.26162
CVE-2022-34973,0.00885,0.26162
CVE-2022-34974,0.02055,0.7893
CVE-2022-34981,0.02509,0.81058
CVE-2022-34982,0.02509,0.81058
CVE-2022-34983,0.02509,0.81058
CVE-2022-34988,0.00885,0.26162
CVE-2022-34989,0.00885,0.26162
CVE-2022-34991,0.00885,0.26162
CVE-2022-34992,0.00885,0.26162
CVE-2022-34993,0.00885,0.26162
CVE-2022-34998,0.00885,0.26162
CVE-2022-34999,0.00885,0.26162
CVE-2022-35000,0.00885,0.26162
CVE-2022-35002,0.00885,0.26162
CVE-2022-35003,0.00885,0.26162
CVE-2022-35004,0.00885,0.26162
CVE-2022-35007,0.00885,0.26162
CVE-2022-35008,0.00885,0.26162
CVE-2022-35009,0.00885,0.26162
CVE-2022-35010,0.00885,0.26162
CVE-2022-35011,0.00885,0.26162
CVE-2022-35012,0.00885,0.26162
CVE-2022-35013,0.00885,0.26162
CVE-2022-35014,0.00885,0.26162
CVE-2022-35015,0.00885,0.26162
CVE-2022-35016,0.00885,0.26162
CVE-2022-35017,0.00885,0.26162
CVE-2022-35018,0.00885,0.26162
CVE-2022-35019,0.00885,0.26162
CVE-2022-35020,0.00885,0.26162
CVE-2022-35100,0.00885,0.26162
CVE-2022-35101,0.00885,0.26162
CVE-2022-35104,0.00885,0.26162
CVE-2022-35105,0.00885,0.26162
CVE-2022-35106,0.00885,0.26162
CVE-2022-35107,0.00885,0.26162
CVE-2022-35108,0.00885,0.26162
CVE-2022-35109,0.00885,0.26162
CVE-2022-35110,0.00885,0.26162
CVE-2022-35111,0.00885,0.26162
CVE-2022-35113,0.00885,0.26162
CVE-2022-35114,0.00885,0.26162
CVE-2022-35115,0.00885,0.26162
CVE-2022-35117,0.00885,0.26162
CVE-2022-35118,0.00885,0.26162
CVE-2022-35121,0.00885,0.26162
CVE-2022-35122,0.00885,0.26162
CVE-2022-35133,0.00885,0.26162
CVE-2022-35142,0.01018,0.38792
CVE-2022-35143,0.01018,0.38792
CVE-2022-35144,0.0095,0.30554
CVE-2022-35147,0.00885,0.26162
CVE-2022-35148,0.00885,0.26162
CVE-2022-35150,0.00885,0.26162
CVE-2022-35151,0.00885,0.26162
CVE-2022-35153,0.02055,0.7893
CVE-2022-35154,0.00885,0.26162
CVE-2022-35158,0.00885,0.26162
CVE-2022-35161,0.00885,0.26162
CVE-2022-35162,0.00885,0.26162
CVE-2022-35163,0.00885,0.26162
CVE-2022-35164,0.00885,0.26162
CVE-2022-35165,0.00885,0.26162
CVE-2022-35166,0.00885,0.26162
CVE-2022-35167,0.0089,0.2856
CVE-2022-35168,0.00885,0.26162
CVE-2022-35169,0.00885,0.26162
CVE-2022-35170,0.00885,0.26162
CVE-2022-35171,0.00885,0.26162
CVE-2022-35172,0.00885,0.26162
CVE-2022-35173,0.00954,0.34522
CVE-2022-35174,0.00885,0.26162
CVE-2022-35175,0.00885,0.26162
CVE-2022-35191,0.01018,0.38792
CVE-2022-35192,0.01018,0.38792
CVE-2022-35198,0.00885,0.26162
CVE-2022-35201,0.05634,0.89764
CVE-2022-35203,0.0089,0.2856
CVE-2022-35204,0.00954,0.34522
CVE-2022-35212,0.00885,0.26162
CVE-2022-35213,0.00885,0.26162
CVE-2022-35216,0.01055,0.50287
CVE-2022-35217,0.01036,0.41241
CVE-2022-35218,0.00885,0.26162
CVE-2022-35219,0.00885,0.26162
CVE-2022-35220,0.01055,0.50287
CVE-2022-35221,0.01055,0.50287
CVE-2022-35222,0.01036,0.41241
CVE-2022-35223,0.01978,0.78447
CVE-2022-35224,0.0144,0.7265
CVE-2022-35225,0.00885,0.26162
CVE-2022-35227,0.01055,0.50287
CVE-2022-35228,0.00885,0.26162
CVE-2022-35229,0.00885,0.26162
CVE-2022-35230,0.00885,0.26162
CVE-2022-35234,0.00885,0.26162
CVE-2022-35235,0.00885,0.26162
CVE-2022-35236,0.00885,0.26162
CVE-2022-35239,0.01061,0.51015
CVE-2022-35240,0.00885,0.26162
CVE-2022-35241,0.00885,0.26162
CVE-2022-35242,0.00885,0.26162
CVE-2022-35243,0.00885,0.26162
CVE-2022-35245,0.00885,0.26162
CVE-2022-35272,0.00885,0.26162
CVE-2022-35278,0.00885,0.26162
CVE-2022-35280,0.00885,0.26162
CVE-2022-35283,0.00885,0.26162
CVE-2022-35284,0.00885,0.26162
CVE-2022-35285,0.00885,0.26162
CVE-2022-35286,0.00885,0.26162
CVE-2022-35287,0.00885,0.26162
CVE-2022-35288,0.00885,0.26162
CVE-2022-35290,0.00885,0.26162
CVE-2022-35291,0.00885,0.26162
CVE-2022-35293,0.00885,0.26162
CVE-2022-35403,0.00885,0.26162
CVE-2022-35404,0.00885,0.26162
CVE-2022-35405,0.3065,0.97413
CVE-2022-35406,0.00885,0.26162
CVE-2022-35409,0.00885,0.26162
CVE-2022-35410,0.01018,0.38792
CVE-2022-35411,0.05634,0.89764
CVE-2022-35412,0.00885,0.26162
CVE-2022-35414,0.01104,0.52279
CVE-2022-35416,0.00885,0.26162
CVE-2022-35421,0.00885,0.26162
CVE-2022-35422,0.00885,0.26162
CVE-2022-35426,0.00885,0.26162
CVE-2022-35433,0.00885,0.26162
CVE-2022-35434,0.00885,0.26162
CVE-2022-35447,0.00885,0.26162
CVE-2022-35448,0.00885,0.26162
CVE-2022-35449,0.00885,0.26162
CVE-2022-35450,0.00885,0.26162
CVE-2022-35451,0.00885,0.26162
CVE-2022-35452,0.00885,0.26162
CVE-2022-35453,0.00885,0.26162
CVE-2022-35454,0.00885,0.26162
CVE-2022-35455,0.00885,0.26162
CVE-2022-35456,0.00885,0.26162
CVE-2022-35458,0.00885,0.26162
CVE-2022-35459,0.00885,0.26162
CVE-2022-35460,0.00885,0.26162
CVE-2022-35461,0.00885,0.26162
CVE-2022-35462,0.00885,0.26162
CVE-2022-35463,0.00885,0.26162
CVE-2022-35464,0.00885,0.26162
CVE-2022-35465,0.00885,0.26162
CVE-2022-35466,0.00885,0.26162
CVE-2022-35467,0.00885,0.26162
CVE-2022-35468,0.00885,0.26162
CVE-2022-35469,0.00885,0.26162
CVE-2022-35470,0.00885,0.26162
CVE-2022-35471,0.00885,0.26162
CVE-2022-35472,0.00885,0.26162
CVE-2022-35473,0.00885,0.26162
CVE-2022-35474,0.00885,0.26162
CVE-2022-35475,0.00885,0.26162
CVE-2022-35476,0.00885,0.26162
CVE-2022-35477,0.00885,0.26162
CVE-2022-35478,0.00885,0.26162
CVE-2022-35479,0.00885,0.26162
CVE-2022-35481,0.00885,0.26162
CVE-2022-35482,0.00885,0.26162
CVE-2022-35483,0.00885,0.26162
CVE-2022-35484,0.00885,0.26162
CVE-2022-35485,0.00885,0.26162
CVE-2022-35486,0.00885,0.26162
CVE-2022-35487,0.00885,0.26162
CVE-2022-35488,0.00885,0.26162
CVE-2022-35489,0.00885,0.26162
CVE-2022-35490,0.00885,0.26162
CVE-2022-35491,0.00885,0.26162
CVE-2022-35493,0.01055,0.50287
CVE-2022-35505,0.00885,0.26162
CVE-2022-35506,0.00885,0.26162
CVE-2022-35509,0.00885,0.26162
CVE-2022-35516,0.01156,0.60033
CVE-2022-35517,0.02055,0.7893
CVE-2022-35518,0.02055,0.7893
CVE-2022-35519,0.02055,0.7893
CVE-2022-35520,0.02055,0.7893
CVE-2022-35521,0.02055,0.7893
CVE-2022-35522,0.02055,0.7893
CVE-2022-35523,0.02055,0.7893
CVE-2022-35524,0.02055,0.7893
CVE-2022-35525,0.02055,0.7893
CVE-2022-35526,0.02055,0.7893
CVE-2022-35533,0.02055,0.7893
CVE-2022-35534,0.02055,0.7893
CVE-2022-35535,0.02055,0.7893
CVE-2022-35536,0.02055,0.7893
CVE-2022-35537,0.02055,0.7893
CVE-2022-35538,0.02055,0.7893
CVE-2022-35540,0.01055,0.50287
CVE-2022-35554,0.00954,0.34522
CVE-2022-35555,0.01086,0.51674
CVE-2022-35557,0.00885,0.26162
CVE-2022-35558,0.00885,0.26162
CVE-2022-35559,0.01086,0.51674
CVE-2022-35560,0.00885,0.26162
CVE-2022-35561,0.00885,0.26162
CVE-2022-35569,0.00885,0.26162
CVE-2022-35583,0.00954,0.34522
CVE-2022-35585,0.01055,0.50287
CVE-2022-35587,0.01055,0.50287
CVE-2022-35589,0.01055,0.50287
CVE-2022-35590,0.01055,0.50287
CVE-2022-35598,0.00885,0.26162
CVE-2022-35599,0.00885,0.26162
CVE-2022-35601,0.00885,0.26162
CVE-2022-35602,0.00885,0.26162
CVE-2022-35603,0.00885,0.26162
CVE-2022-35604,0.00885,0.26162
CVE-2022-35605,0.00885,0.26162
CVE-2022-35606,0.00885,0.26162
CVE-2022-35619,0.01978,0.78447
CVE-2022-35620,0.01978,0.78447
CVE-2022-35623,0.00885,0.26162
CVE-2022-35624,0.00885,0.26162
CVE-2022-35628,0.00885,0.26162
CVE-2022-35629,0.00885,0.26162
CVE-2022-35630,0.00885,0.26162
CVE-2022-35631,0.00885,0.26162
CVE-2022-35632,0.00885,0.26162
CVE-2022-35639,0.00885,0.26162
CVE-2022-35643,0.01055,0.50287
CVE-2022-35648,0.00954,0.34522
CVE-2022-35649,0.05634,0.89764
CVE-2022-35650,0.01213,0.6557
CVE-2022-35651,0.01213,0.6557
CVE-2022-35652,0.01213,0.6557
CVE-2022-35653,0.01213,0.6557
CVE-2022-35654,0.00885,0.26162
CVE-2022-35655,0.00885,0.26162
CVE-2022-35656,0.00885,0.26162
CVE-2022-35665,0.01223,0.65839
CVE-2022-35666,0.01223,0.65839
CVE-2022-35667,0.01223,0.65839
CVE-2022-35668,0.01046,0.41635
CVE-2022-35669,0.01046,0.41635
CVE-2022-35670,0.01046,0.41635
CVE-2022-35671,0.01046,0.41635
CVE-2022-35672,0.01223,0.65839
CVE-2022-35673,0.01223,0.65839
CVE-2022-35674,0.01223,0.65839
CVE-2022-35675,0.01223,0.65839
CVE-2022-35676,0.01223,0.65839
CVE-2022-35677,0.01223,0.65839
CVE-2022-35678,0.01046,0.41635
CVE-2022-35692,0.01046,0.41635
CVE-2022-35697,0.01046,0.41635
CVE-2022-35714,0.00885,0.26162
CVE-2022-35715,0.01055,0.50287
CVE-2022-35716,0.00885,0.26162
CVE-2022-35724,0.00885,0.26162
CVE-2022-35726,0.00885,0.26162
CVE-2022-35728,0.00885,0.26162
CVE-2022-35733,0.01055,0.50287
CVE-2022-35734,0.00885,0.26162
CVE-2022-35735,0.00885,0.26162
CVE-2022-35737,0.00885,0.26162
CVE-2022-35741,0.00954,0.34522
CVE-2022-35760,0.02251,0.80538
CVE-2022-35761,0.0115,0.5906
CVE-2022-35762,0.0115,0.5906
CVE-2022-35763,0.0115,0.5906
CVE-2022-35764,0.0115,0.5906
CVE-2022-35765,0.0115,0.5906
CVE-2022-35766,0.01601,0.74633
CVE-2022-35767,0.01601,0.74633
CVE-2022-35768,0.0115,0.5906
CVE-2022-35769,0.02251,0.80538
CVE-2022-35771,0.0115,0.5906
CVE-2022-35772,0.01967,0.77799
CVE-2022-35773,0.01528,0.72895
CVE-2022-35774,0.0115,0.5906
CVE-2022-35775,0.0115,0.5906
CVE-2022-35776,0.0115,0.5906
CVE-2022-35777,0.01601,0.74633
CVE-2022-35779,0.01528,0.72895
CVE-2022-35780,0.0115,0.5906
CVE-2022-35781,0.0115,0.5906
CVE-2022-35782,0.0115,0.5906
CVE-2022-35783,0.0115,0.5906
CVE-2022-35784,0.0115,0.5906
CVE-2022-35785,0.0115,0.5906
CVE-2022-35786,0.0115,0.5906
CVE-2022-35787,0.0115,0.5906
CVE-2022-35788,0.0115,0.5906
CVE-2022-35789,0.0115,0.5906
CVE-2022-35790,0.0115,0.5906
CVE-2022-35791,0.0115,0.5906
CVE-2022-35792,0.0115,0.5906
CVE-2022-35793,0.0115,0.5906
CVE-2022-35794,0.01601,0.74633
CVE-2022-35795,0.0115,0.5906
CVE-2022-35796,0.02844,0.8238
CVE-2022-35797,0.02251,0.80538
CVE-2022-35799,0.0115,0.5906
CVE-2022-35800,0.0115,0.5906
CVE-2022-35801,0.0115,0.5906
CVE-2022-35802,0.0115,0.5906
CVE-2022-35804,0.01601,0.74633
CVE-2022-35806,0.01528,0.72895
CVE-2022-35807,0.0115,0.5906
CVE-2022-35808,0.0115,0.5906
CVE-2022-35809,0.0115,0.5906
CVE-2022-35810,0.0115,0.5906
CVE-2022-35811,0.0115,0.5906
CVE-2022-35812,0.0115,0.5906
CVE-2022-35813,0.0115,0.5906
CVE-2022-35814,0.0115,0.5906
CVE-2022-35815,0.0115,0.5906
CVE-2022-35816,0.0115,0.5906
CVE-2022-35817,0.0115,0.5906
CVE-2022-35818,0.0115,0.5906
CVE-2022-35819,0.0115,0.5906
CVE-2022-35820,0.0115,0.5906
CVE-2022-35821,0.01178,0.60108
CVE-2022-35822,0.0115,0.5906
CVE-2022-35824,0.01967,0.77799
CVE-2022-35825,0.01601,0.74633
CVE-2022-35826,0.01601,0.74633
CVE-2022-35827,0.01601,0.74633
CVE-2022-35857,0.01156,0.60033
CVE-2022-35858,0.00885,0.26162
CVE-2022-35861,0.00885,0.26162
CVE-2022-35864,0.01055,0.50287
CVE-2022-35865,0.01978,0.78447
CVE-2022-35866,0.01055,0.50287
CVE-2022-35867,0.01036,0.41241
CVE-2022-35869,0.01055,0.50287
CVE-2022-35870,0.01611,0.74874
CVE-2022-35871,0.01611,0.74874
CVE-2022-35872,0.01611,0.74874
CVE-2022-35873,0.01611,0.74874
CVE-2022-35882,0.00885,0.26162
CVE-2022-35890,0.00885,0.26162
CVE-2022-35900,0.00885,0.26162
CVE-2022-35901,0.00885,0.26162
CVE-2022-35902,0.00885,0.26162
CVE-2022-35903,0.00885,0.26162
CVE-2022-35904,0.00885,0.26162
CVE-2022-35905,0.00885,0.26162
CVE-2022-35906,0.00885,0.26162
CVE-2022-35909,0.0089,0.2856
CVE-2022-35910,0.0089,0.2856
CVE-2022-35911,0.01136,0.57949
CVE-2022-35912,0.05634,0.89764
CVE-2022-35915,0.00885,0.26162
CVE-2022-35916,0.00885,0.26162
CVE-2022-35917,0.01018,0.38792
CVE-2022-35918,0.00885,0.26162
CVE-2022-35919,0.0089,0.2856
CVE-2022-35920,0.00954,0.34522
CVE-2022-35921,0.00885,0.26162
CVE-2022-35922,0.01018,0.38792
CVE-2022-35923,0.00954,0.34522
CVE-2022-35924,0.01183,0.60428
CVE-2022-35925,0.00954,0.34522
CVE-2022-35926,0.01018,0.38792
CVE-2022-35927,0.00954,0.34522
CVE-2022-35928,0.00885,0.26162
CVE-2022-35929,0.00885,0.26162
CVE-2022-35930,0.0089,0.2856
CVE-2022-35932,0.01537,0.73595
CVE-2022-35933,0.00885,0.26162
CVE-2022-35936,0.00954,0.34522
CVE-2022-35942,0.00885,0.26162
CVE-2022-35943,0.01018,0.38792
CVE-2022-35948,0.00954,0.34522
CVE-2022-35949,0.00954,0.34522
CVE-2022-35953,0.00885,0.26162
CVE-2022-35954,0.00885,0.26162
CVE-2022-35956,0.00885,0.26162
CVE-2022-35961,0.0089,0.2856
CVE-2022-35962,0.0089,0.2856
CVE-2022-35975,0.01156,0.60033
CVE-2022-35976,0.01086,0.51674
CVE-2022-35978,0.00954,0.34522
CVE-2022-35980,0.00954,0.34522
CVE-2022-36006,0.04571,0.88388
CVE-2022-36007,0.0095,0.30554
CVE-2022-36008,0.0089,0.2856
CVE-2022-36009,0.0089,0.2856
CVE-2022-36010,0.00885,0.26162
CVE-2022-36023,0.00885,0.26162
CVE-2022-36024,0.00885,0.26162
CVE-2022-36030,0.00885,0.26162
CVE-2022-36031,0.00885,0.26162
CVE-2022-36033,0.00954,0.34522
CVE-2022-36034,0.00885,0.26162
CVE-2022-36035,0.00885,0.26162
CVE-2022-36036,0.00885,0.26162
CVE-2022-36037,0.01549,0.74092
CVE-2022-36045,0.0089,0.2856
CVE-2022-36046,0.00885,0.26162
CVE-2022-36048,0.00885,0.26162
CVE-2022-36051,0.0089,0.2856
CVE-2022-36052,0.00885,0.26162
CVE-2022-36053,0.00885,0.26162
CVE-2022-36054,0.00885,0.26162
CVE-2022-36055,0.00885,0.26162
CVE-2022-36071,0.00885,0.26162
CVE-2022-36076,0.0089,0.2856
CVE-2022-36078,0.0089,0.2856
CVE-2022-36115,0.0089,0.2856
CVE-2022-36116,0.0089,0.2856
CVE-2022-36117,0.0089,0.2856
CVE-2022-36118,0.0089,0.2856
CVE-2022-36119,0.04571,0.88388
CVE-2022-36120,0.00954,0.34522
CVE-2022-36121,0.0089,0.2856
CVE-2022-36123,0.01034,0.39824
CVE-2022-36124,0.00885,0.26162
CVE-2022-36125,0.00885,0.26162
CVE-2022-36126,0.04571,0.88388
CVE-2022-36127,0.00885,0.26162
CVE-2022-36129,0.00954,0.34522
CVE-2022-36130,0.00885,0.26162
CVE-2022-36131,0.00885,0.26162
CVE-2022-36139,0.00885,0.26162
CVE-2022-36140,0.00885,0.26162
CVE-2022-36141,0.00885,0.26162
CVE-2022-36142,0.00885,0.26162
CVE-2022-36143,0.00885,0.26162
CVE-2022-36144,0.00885,0.26162
CVE-2022-36145,0.00885,0.26162
CVE-2022-36146,0.00885,0.26162
CVE-2022-36148,0.00885,0.26162
CVE-2022-36149,0.00885,0.26162
CVE-2022-36150,0.00885,0.26162
CVE-2022-36151,0.00885,0.26162
CVE-2022-36152,0.00885,0.26162
CVE-2022-36153,0.00885,0.26162
CVE-2022-36155,0.00885,0.26162
CVE-2022-36157,0.00885,0.26162
CVE-2022-36161,0.00885,0.26162
CVE-2022-36168,0.00885,0.26162
CVE-2022-36170,0.00885,0.26162
CVE-2022-36171,0.00885,0.26162
CVE-2022-36186,0.00885,0.26162
CVE-2022-36190,0.00885,0.26162
CVE-2022-36191,0.00885,0.26162
CVE-2022-36194,0.00885,0.26162
CVE-2022-36197,0.01338,0.70562
CVE-2022-36198,0.00885,0.26162
CVE-2022-36200,0.00885,0.26162
CVE-2022-36201,0.0089,0.2856
CVE-2022-36202,0.0089,0.2856
CVE-2022-36203,0.0089,0.2856
CVE-2022-36215,0.01156,0.60033
CVE-2022-36216,0.01156,0.60033
CVE-2022-36220,0.0144,0.7265
CVE-2022-36224,0.00885,0.26162
CVE-2022-36225,0.00885,0.26162
CVE-2022-36226,0.00885,0.26162
CVE-2022-36233,0.00885,0.26162
CVE-2022-36234,0.00885,0.26162
CVE-2022-36242,0.00885,0.26162
CVE-2022-36251,0.00885,0.26162
CVE-2022-36261,0.00885,0.26162
CVE-2022-36262,0.01018,0.38792
CVE-2022-36263,0.01036,0.41241
CVE-2022-36264,0.01055,0.50287
CVE-2022-36265,0.00885,0.26162
CVE-2022-36266,0.00954,0.34522
CVE-2022-36267,0.05634,0.89764
CVE-2022-36270,0.01086,0.51674
CVE-2022-36272,0.00885,0.26162
CVE-2022-36273,0.02055,0.7893
CVE-2022-36282,0.00885,0.26162
CVE-2022-36284,0.00885,0.26162
CVE-2022-36285,0.00885,0.26162
CVE-2022-36288,0.00885,0.26162
CVE-2022-36292,0.00885,0.26162
CVE-2022-36293,0.0144,0.7265
CVE-2022-36296,0.00885,0.26162
CVE-2022-36301,0.01055,0.50287
CVE-2022-36302,0.00885,0.26162
CVE-2022-36303,0.00885,0.26162
CVE-2022-36304,0.00885,0.26162
CVE-2022-36305,0.00885,0.26162
CVE-2022-36306,0.00885,0.26162
CVE-2022-36307,0.00885,0.26162
CVE-2022-36308,0.00885,0.26162
CVE-2022-36309,0.02055,0.7893
CVE-2022-36310,0.00885,0.26162
CVE-2022-36311,0.00885,0.26162
CVE-2022-36312,0.00885,0.26162
CVE-2022-36313,0.00954,0.34522
CVE-2022-36321,0.00885,0.26162
CVE-2022-36322,0.00885,0.26162
CVE-2022-36323,0.01055,0.50287
CVE-2022-36324,0.01055,0.50287
CVE-2022-36325,0.01055,0.50287
CVE-2022-36336,0.00885,0.26162
CVE-2022-36341,0.00885,0.26162
CVE-2022-36343,0.00885,0.26162
CVE-2022-36344,0.00885,0.26162
CVE-2022-36346,0.00885,0.26162
CVE-2022-36347,0.00885,0.26162
CVE-2022-36350,0.01055,0.50287
CVE-2022-36355,0.00885,0.26162
CVE-2022-36358,0.00885,0.26162
CVE-2022-36359,0.01018,0.38792
CVE-2022-36364,0.01978,0.78447
CVE-2022-36373,0.00885,0.26162
CVE-2022-36375,0.00885,0.26162
CVE-2022-36378,0.00885,0.26162
CVE-2022-36379,0.00885,0.26162
CVE-2022-36381,0.02055,0.7893
CVE-2022-36389,0.00885,0.26162
CVE-2022-36394,0.00885,0.26162
CVE-2022-36405,0.00885,0.26162
CVE-2022-36412,0.00885,0.26162
CVE-2022-36414,0.00885,0.26162
CVE-2022-36415,0.00885,0.26162
CVE-2022-36444,0.01156,0.60033
CVE-2022-36447,0.00885,0.26162
CVE-2022-36449,0.00885,0.26162
CVE-2022-36450,0.01978,0.78447
CVE-2022-36455,0.01005,0.35949
CVE-2022-36456,0.01005,0.35949
CVE-2022-36458,0.01005,0.35949
CVE-2022-36459,0.01005,0.35949
CVE-2022-36460,0.01005,0.35949
CVE-2022-36461,0.01005,0.35949
CVE-2022-36462,0.00885,0.26162
CVE-2022-36463,0.00885,0.26162
CVE-2022-36464,0.00885,0.26162
CVE-2022-36465,0.00885,0.26162
CVE-2022-36466,0.00885,0.26162
CVE-2022-36467,0.00885,0.26162
CVE-2022-36468,0.00885,0.26162
CVE-2022-36469,0.00885,0.26162
CVE-2022-36470,0.00885,0.26162
CVE-2022-36471,0.00885,0.26162
CVE-2022-36472,0.00885,0.26162
CVE-2022-36473,0.00885,0.26162
CVE-2022-36474,0.00885,0.26162
CVE-2022-36475,0.00885,0.26162
CVE-2022-36477,0.00885,0.26162
CVE-2022-36478,0.00885,0.26162
CVE-2022-36479,0.01005,0.35949
CVE-2022-36480,0.00885,0.26162
CVE-2022-36481,0.01005,0.35949
CVE-2022-36482,0.01005,0.35949
CVE-2022-36483,0.00885,0.26162
CVE-2022-36484,0.00885,0.26162
CVE-2022-36485,0.01005,0.35949
CVE-2022-36486,0.01005,0.35949
CVE-2022-36487,0.01005,0.35949
CVE-2022-36488,0.00885,0.26162
CVE-2022-36489,0.00885,0.26162
CVE-2022-36490,0.00885,0.26162
CVE-2022-36491,0.00885,0.26162
CVE-2022-36492,0.00885,0.26162
CVE-2022-36493,0.00885,0.26162
CVE-2022-36494,0.00885,0.26162
CVE-2022-36495,0.00885,0.26162
CVE-2022-36496,0.00885,0.26162
CVE-2022-36497,0.00885,0.26162
CVE-2022-36498,0.00885,0.26162
CVE-2022-36499,0.00885,0.26162
CVE-2022-36500,0.00885,0.26162
CVE-2022-36501,0.00885,0.26162
CVE-2022-36502,0.00885,0.26162
CVE-2022-36503,0.00885,0.26162
CVE-2022-36504,0.00885,0.26162
CVE-2022-36505,0.00885,0.26162
CVE-2022-36506,0.00885,0.26162
CVE-2022-36507,0.00885,0.26162
CVE-2022-36508,0.00885,0.26162
CVE-2022-36509,0.01005,0.35949
CVE-2022-36510,0.01005,0.35949
CVE-2022-36511,0.00885,0.26162
CVE-2022-36513,0.00885,0.26162
CVE-2022-36514,0.00885,0.26162
CVE-2022-36515,0.00885,0.26162
CVE-2022-36516,0.00885,0.26162
CVE-2022-36517,0.00885,0.26162
CVE-2022-36518,0.00885,0.26162
CVE-2022-36519,0.00885,0.26162
CVE-2022-36520,0.00885,0.26162
CVE-2022-36521,0.00885,0.26162
CVE-2022-36522,0.00885,0.26162
CVE-2022-36523,0.02055,0.7893
CVE-2022-36524,0.00954,0.34522
CVE-2022-36525,0.00885,0.26162
CVE-2022-36526,0.00954,0.34522
CVE-2022-36527,0.00885,0.26162
CVE-2022-36529,0.00885,0.26162
CVE-2022-36530,0.01018,0.38792
CVE-2022-36537,0.00885,0.26162
CVE-2022-36542,0.00885,0.26162
CVE-2022-36543,0.00885,0.26162
CVE-2022-36544,0.00885,0.26162
CVE-2022-36545,0.00885,0.26162
CVE-2022-36546,0.00885,0.26162
CVE-2022-36547,0.00885,0.26162
CVE-2022-36548,0.00885,0.26162
CVE-2022-36552,0.0089,0.2856
CVE-2022-36553,0.02211,0.80357
CVE-2022-36554,0.02211,0.80357
CVE-2022-36555,0.00954,0.34522
CVE-2022-36556,0.02055,0.7893
CVE-2022-36557,0.01773,0.75668
CVE-2022-36558,0.00885,0.26162
CVE-2022-36559,0.02055,0.7893
CVE-2022-36560,0.00885,0.26162
CVE-2022-36561,0.00885,0.26162
CVE-2022-36562,0.02559,0.81141
CVE-2022-36563,0.02559,0.81141
CVE-2022-36564,0.02559,0.81141
CVE-2022-36565,0.02559,0.81141
CVE-2022-36566,0.01005,0.35949
CVE-2022-36568,0.00885,0.26162
CVE-2022-36569,0.00885,0.26162
CVE-2022-36570,0.00885,0.26162
CVE-2022-36571,0.00885,0.26162
CVE-2022-36572,0.01156,0.60033
CVE-2022-36573,0.00885,0.26162
CVE-2022-36577,0.00885,0.26162
CVE-2022-36578,0.00885,0.26162
CVE-2022-36579,0.00885,0.26162
CVE-2022-36580,0.01338,0.70562
CVE-2022-36581,0.00885,0.26162
CVE-2022-36582,0.01338,0.70562
CVE-2022-36583,0.00885,0.26162
CVE-2022-36593,0.00885,0.26162
CVE-2022-36594,0.00885,0.26162
CVE-2022-36599,0.00885,0.26162
CVE-2022-36600,0.00885,0.26162
CVE-2022-36601,0.00885,0.26162
CVE-2022-36602,0.02722,0.82089
CVE-2022-36603,0.02722,0.82089
CVE-2022-36604,0.00885,0.26162
CVE-2022-36605,0.00885,0.26162
CVE-2022-36606,0.00885,0.26162
CVE-2022-36609,0.00885,0.26162
CVE-2022-36610,0.00885,0.26162
CVE-2022-36611,0.00885,0.26162
CVE-2022-36612,0.00885,0.26162
CVE-2022-36613,0.00885,0.26162
CVE-2022-36614,0.00885,0.26162
CVE-2022-36615,0.00885,0.26162
CVE-2022-36616,0.00885,0.26162
CVE-2022-36619,0.00885,0.26162
CVE-2022-36620,0.00885,0.26162
CVE-2022-36621,0.0089,0.2856
CVE-2022-36622,0.0095,0.30554
CVE-2022-36633,0.01689,0.75137
CVE-2022-36636,0.00885,0.26162
CVE-2022-36637,0.00885,0.26162
CVE-2022-36638,0.00885,0.26162
CVE-2022-36639,0.00885,0.26162
CVE-2022-36640,0.01034,0.39824
CVE-2022-36642,0.0095,0.30554
CVE-2022-36647,0.00885,0.26162
CVE-2022-36657,0.00885,0.26162
CVE-2022-36671,0.00885,0.26162
CVE-2022-36672,0.00885,0.26162
CVE-2022-36674,0.00885,0.26162
CVE-2022-36675,0.00885,0.26162
CVE-2022-36676,0.00885,0.26162
CVE-2022-36678,0.00885,0.26162
CVE-2022-36679,0.00885,0.26162
CVE-2022-36680,0.00885,0.26162
CVE-2022-36681,0.00885,0.26162
CVE-2022-36682,0.00885,0.26162
CVE-2022-36683,0.00885,0.26162
CVE-2022-36686,0.00885,0.26162
CVE-2022-36687,0.00885,0.26162
CVE-2022-36688,0.00885,0.26162
CVE-2022-36689,0.00885,0.26162
CVE-2022-36690,0.00885,0.26162
CVE-2022-36692,0.00885,0.26162
CVE-2022-36693,0.00885,0.26162
CVE-2022-36695,0.00885,0.26162
CVE-2022-36696,0.00885,0.26162
CVE-2022-36697,0.00885,0.26162
CVE-2022-36698,0.00885,0.26162
CVE-2022-36699,0.00885,0.26162
CVE-2022-36700,0.00885,0.26162
CVE-2022-36701,0.00885,0.26162
CVE-2022-36703,0.00885,0.26162
CVE-2022-36704,0.00885,0.26162
CVE-2022-36705,0.00885,0.26162
CVE-2022-36706,0.00885,0.26162
CVE-2022-36708,0.00885,0.26162
CVE-2022-36709,0.00885,0.26162
CVE-2022-36711,0.00885,0.26162
CVE-2022-36712,0.00885,0.26162
CVE-2022-36713,0.00885,0.26162
CVE-2022-36714,0.00885,0.26162
CVE-2022-36715,0.00885,0.26162
CVE-2022-36716,0.00885,0.26162
CVE-2022-36719,0.00885,0.26162
CVE-2022-36720,0.00885,0.26162
CVE-2022-36721,0.00885,0.26162
CVE-2022-36722,0.00885,0.26162
CVE-2022-36725,0.00885,0.26162
CVE-2022-36727,0.00885,0.26162
CVE-2022-36728,0.00885,0.26162
CVE-2022-36729,0.00885,0.26162
CVE-2022-36730,0.00885,0.26162
CVE-2022-36731,0.00885,0.26162
CVE-2022-36732,0.00885,0.26162
CVE-2022-36733,0.00885,0.26162
CVE-2022-36734,0.00885,0.26162
CVE-2022-36735,0.00885,0.26162
CVE-2022-36745,0.00885,0.26162
CVE-2022-36746,0.00885,0.26162
CVE-2022-36747,0.00885,0.26162
CVE-2022-36748,0.00885,0.26162
CVE-2022-36749,0.01005,0.35949
CVE-2022-36750,0.00885,0.26162
CVE-2022-36752,0.00885,0.26162
CVE-2022-36754,0.00885,0.26162
CVE-2022-36755,0.00885,0.26162
CVE-2022-36756,0.02055,0.7893
CVE-2022-36759,0.00885,0.26162
CVE-2022-36773,0.01055,0.50287
CVE-2022-36796,0.00885,0.26162
CVE-2022-36799,0.01156,0.60033
CVE-2022-36800,0.01055,0.50287
CVE-2022-36801,0.01055,0.50287
CVE-2022-36804,0.01156,0.60033
CVE-2022-36829,0.00885,0.26162
CVE-2022-36830,0.00885,0.26162
CVE-2022-36831,0.00885,0.26162
CVE-2022-36832,0.00885,0.26162
CVE-2022-36833,0.00885,0.26162
CVE-2022-36834,0.00885,0.26162
CVE-2022-36835,0.00885,0.26162
CVE-2022-36836,0.00885,0.26162
CVE-2022-36837,0.00885,0.26162
CVE-2022-36838,0.00885,0.26162
CVE-2022-36839,0.00885,0.26162
CVE-2022-36840,0.01036,0.41241
CVE-2022-36879,0.0095,0.30554
CVE-2022-36880,0.00885,0.26162
CVE-2022-36881,0.00885,0.26162
CVE-2022-36882,0.00885,0.26162
CVE-2022-36883,0.00885,0.26162
CVE-2022-36884,0.00885,0.26162
CVE-2022-36885,0.00885,0.26162
CVE-2022-36886,0.00885,0.26162
CVE-2022-36887,0.00885,0.26162
CVE-2022-36888,0.00885,0.26162
CVE-2022-36889,0.00885,0.26162
CVE-2022-36890,0.00885,0.26162
CVE-2022-36891,0.00885,0.26162
CVE-2022-36892,0.00885,0.26162
CVE-2022-36893,0.00885,0.26162
CVE-2022-36894,0.00885,0.26162
CVE-2022-36895,0.00885,0.26162
CVE-2022-36896,0.00885,0.26162
CVE-2022-36897,0.00885,0.26162
CVE-2022-36898,0.00885,0.26162
CVE-2022-36899,0.02096,0.7907
CVE-2022-36900,0.02096,0.7907
CVE-2022-36901,0.00885,0.26162
CVE-2022-36902,0.00885,0.26162
CVE-2022-36903,0.00885,0.26162
CVE-2022-36904,0.00885,0.26162
CVE-2022-36905,0.00885,0.26162
CVE-2022-36906,0.00885,0.26162
CVE-2022-36907,0.00885,0.26162
CVE-2022-36908,0.00885,0.26162
CVE-2022-36909,0.00885,0.26162
CVE-2022-36910,0.00885,0.26162
CVE-2022-36911,0.00885,0.26162
CVE-2022-36912,0.00885,0.26162
CVE-2022-36913,0.00885,0.26162
CVE-2022-36914,0.00885,0.26162
CVE-2022-36915,0.00885,0.26162
CVE-2022-36916,0.00885,0.26162
CVE-2022-36917,0.00885,0.26162
CVE-2022-36918,0.00885,0.26162
CVE-2022-36919,0.00885,0.26162
CVE-2022-36920,0.00885,0.26162
CVE-2022-36921,0.00885,0.26162
CVE-2022-36922,0.00885,0.26162
CVE-2022-36923,0.00885,0.26162
CVE-2022-36945,0.01213,0.6557
CVE-2022-36947,0.00954,0.34522
CVE-2022-36948,0.00885,0.26162
CVE-2022-36949,0.00885,0.26162
CVE-2022-36950,0.01156,0.60033
CVE-2022-36951,0.01055,0.50287
CVE-2022-36952,0.00885,0.26162
CVE-2022-36953,0.01055,0.50287
CVE-2022-36954,0.01055,0.50287
CVE-2022-36955,0.00885,0.26162
CVE-2022-36956,0.01086,0.51674
CVE-2022-36967,0.01689,0.75137
CVE-2022-36968,0.00885,0.26162
CVE-2022-36984,0.00885,0.26162
CVE-2022-36985,0.00885,0.26162
CVE-2022-36986,0.00885,0.26162
CVE-2022-36987,0.00885,0.26162
CVE-2022-36988,0.00885,0.26162
CVE-2022-36989,0.00885,0.26162
CVE-2022-36990,0.00885,0.26162
CVE-2022-36991,0.00885,0.26162
CVE-2022-36992,0.00885,0.26162
CVE-2022-36993,0.00885,0.26162
CVE-2022-36994,0.00885,0.26162
CVE-2022-36995,0.00885,0.26162
CVE-2022-36996,0.00885,0.26162
CVE-2022-36997,0.00885,0.26162
CVE-2022-36998,0.00885,0.26162
CVE-2022-36999,0.00885,0.26162
CVE-2022-37000,0.00885,0.26162
CVE-2022-37001,0.00885,0.26162
CVE-2022-37002,0.00885,0.26162
CVE-2022-37003,0.00885,0.26162
CVE-2022-37004,0.00885,0.26162
CVE-2022-37005,0.00885,0.26162
CVE-2022-37006,0.00885,0.26162
CVE-2022-37007,0.00885,0.26162
CVE-2022-37008,0.00885,0.26162
CVE-2022-37009,0.01036,0.41241
CVE-2022-37010,0.00885,0.26162
CVE-2022-37021,0.00885,0.26162
CVE-2022-37022,0.00885,0.26162
CVE-2022-37023,0.00885,0.26162
CVE-2022-37024,0.01156,0.60033
CVE-2022-37025,0.01365,0.70715
CVE-2022-37030,0.01005,0.36332
CVE-2022-37035,0.01978,0.78447
CVE-2022-37041,0.00885,0.26162
CVE-2022-37043,0.00885,0.26162
CVE-2022-37044,0.00885,0.26162
CVE-2022-37047,0.00885,0.26162
CVE-2022-37048,0.00885,0.26162
CVE-2022-37049,0.00885,0.26162
CVE-2022-37053,0.02055,0.7893
CVE-2022-37055,0.00885,0.26162
CVE-2022-37056,0.02055,0.7893
CVE-2022-37057,0.02055,0.7893
CVE-2022-37059,0.00885,0.26162
CVE-2022-37060,0.01136,0.57949
CVE-2022-37061,0.01213,0.6557
CVE-2022-37062,0.01136,0.57949
CVE-2022-37063,0.01061,0.51015
CVE-2022-37066,0.00885,0.26162
CVE-2022-37067,0.00885,0.26162
CVE-2022-37068,0.00885,0.26162
CVE-2022-37069,0.00885,0.26162
CVE-2022-37070,0.02055,0.7893
CVE-2022-37071,0.00885,0.26162
CVE-2022-37072,0.00885,0.26162
CVE-2022-37073,0.00885,0.26162
CVE-2022-37074,0.00885,0.26162
CVE-2022-37075,0.00885,0.26162
CVE-2022-37076,0.01005,0.35949
CVE-2022-37077,0.00885,0.26162
CVE-2022-37078,0.01005,0.35949
CVE-2022-37079,0.01005,0.35949
CVE-2022-37080,0.00885,0.26162
CVE-2022-37081,0.01005,0.35949
CVE-2022-37082,0.01005,0.35949
CVE-2022-37083,0.01005,0.35949
CVE-2022-37084,0.00885,0.26162
CVE-2022-37085,0.00885,0.26162
CVE-2022-37086,0.00885,0.26162
CVE-2022-37087,0.00885,0.26162
CVE-2022-37088,0.00885,0.26162
CVE-2022-37089,0.00885,0.26162
CVE-2022-37090,0.00885,0.26162
CVE-2022-37091,0.00885,0.26162
CVE-2022-37092,0.00885,0.26162
CVE-2022-37093,0.00885,0.26162
CVE-2022-37094,0.00885,0.26162
CVE-2022-37095,0.00885,0.26162
CVE-2022-37096,0.00885,0.26162
CVE-2022-37097,0.00885,0.26162
CVE-2022-37098,0.00885,0.26162
CVE-2022-37099,0.00885,0.26162
CVE-2022-37100,0.00885,0.26162
CVE-2022-37111,0.00885,0.26162
CVE-2022-37112,0.00885,0.26162
CVE-2022-37113,0.00885,0.26162
CVE-2022-37122,0.0089,0.2856
CVE-2022-37123,0.02055,0.7893
CVE-2022-37125,0.01005,0.35949
CVE-2022-37128,0.00885,0.26162
CVE-2022-37129,0.02055,0.7893
CVE-2022-37130,0.02055,0.7893
CVE-2022-37133,0.00885,0.26162
CVE-2022-37134,0.00885,0.26162
CVE-2022-37149,0.01005,0.35949
CVE-2022-37150,0.00885,0.26162
CVE-2022-37151,0.00885,0.26162
CVE-2022-37152,0.00885,0.26162
CVE-2022-37153,0.00885,0.26162
CVE-2022-37158,0.00885,0.26162
CVE-2022-37159,0.01424,0.72364
CVE-2022-37160,0.00885,0.26162
CVE-2022-37161,0.00885,0.26162
CVE-2022-37162,0.01086,0.51674
CVE-2022-37172,0.02559,0.81141
CVE-2022-37173,0.02559,0.81141
CVE-2022-37175,0.00885,0.26162
CVE-2022-37176,0.0089,0.2856
CVE-2022-37177,0.00885,0.26162
CVE-2022-37178,0.00885,0.26162
CVE-2022-37181,0.00885,0.26162
CVE-2022-37183,0.00885,0.26162
CVE-2022-37184,0.00885,0.26162
CVE-2022-37199,0.00885,0.26162
CVE-2022-37223,0.00885,0.26162
CVE-2022-37237,0.00885,0.26162
CVE-2022-37238,0.00885,0.26162
CVE-2022-37239,0.00885,0.26162
CVE-2022-37240,0.00885,0.26162
CVE-2022-37241,0.00885,0.26162
CVE-2022-37242,0.00885,0.26162
CVE-2022-37243,0.00885,0.26162
CVE-2022-37244,0.00885,0.26162
CVE-2022-37245,0.00885,0.26162
CVE-2022-37254,0.00885,0.26162
CVE-2022-37292,0.00885,0.26162
CVE-2022-37305,0.01213,0.6557
CVE-2022-37315,0.00885,0.26162
CVE-2022-37316,0.00885,0.26162
CVE-2022-37317,0.01055,0.50287
CVE-2022-37318,0.00885,0.26162
CVE-2022-37333,0.01061,0.51015
CVE-2022-37393,0.0781,0.92959
CVE-2022-37394,0.0089,0.2856
CVE-2022-37396,0.01036,0.41241
CVE-2022-37397,0.00885,0.26162
CVE-2022-37398,0.00885,0.26162
CVE-2022-37400,0.00885,0.26162
CVE-2022-37401,0.00885,0.26162
CVE-2022-37415,0.00885,0.26162
CVE-2022-37416,0.00885,0.26162
CVE-2022-37418,0.01213,0.6557
CVE-2022-37422,0.00885,0.26162
CVE-2022-37423,0.00885,0.26162
CVE-2022-37428,0.0089,0.2856
CVE-2022-37431,0.00885,0.26162
CVE-2022-37434,0.01537,0.73595
CVE-2022-37435,0.00885,0.26162
CVE-2022-37437,0.00885,0.26162
CVE-2022-37438,0.00885,0.26162
CVE-2022-37439,0.00885,0.26162
CVE-2022-37450,0.01018,0.38792
CVE-2022-37451,0.01183,0.60428
CVE-2022-37452,0.01108,0.53389
CVE-2022-37458,0.0089,0.2856
CVE-2022-37459,0.01005,0.36332
CVE-2022-37679,0.00885,0.26162
CVE-2022-37680,0.00885,0.26162
CVE-2022-37681,0.00885,0.26162
CVE-2022-37768,0.00885,0.26162
CVE-2022-37769,0.00885,0.26162
CVE-2022-37770,0.00885,0.26162
CVE-2022-37781,0.00885,0.26162
CVE-2022-37798,0.00885,0.26162
CVE-2022-37799,0.00885,0.26162
CVE-2022-37800,0.00885,0.26162
CVE-2022-37801,0.00885,0.26162
CVE-2022-37802,0.00885,0.26162
CVE-2022-37803,0.00885,0.26162
CVE-2022-37804,0.00885,0.26162
CVE-2022-37805,0.00885,0.26162
CVE-2022-37806,0.00885,0.26162
CVE-2022-37807,0.00885,0.26162
CVE-2022-37808,0.00885,0.26162
CVE-2022-37809,0.00885,0.26162
CVE-2022-37810,0.02055,0.7893
CVE-2022-37811,0.00885,0.26162
CVE-2022-37812,0.00885,0.26162
CVE-2022-37813,0.00885,0.26162
CVE-2022-37814,0.00885,0.26162
CVE-2022-37815,0.00885,0.26162
CVE-2022-37816,0.00885,0.26162
CVE-2022-37817,0.00885,0.26162
CVE-2022-37818,0.00885,0.26162
CVE-2022-37819,0.00885,0.26162
CVE-2022-37820,0.00885,0.26162
CVE-2022-37821,0.00885,0.26162
CVE-2022-37822,0.00885,0.26162
CVE-2022-37823,0.00885,0.26162
CVE-2022-37824,0.00885,0.26162
CVE-2022-37952,0.00885,0.26162
CVE-2022-37953,0.00885,0.26162
CVE-2022-38054,0.00885,0.26162
CVE-2022-38078,0.0144,0.7265
CVE-2022-38080,0.01061,0.51015
CVE-2022-38089,0.01061,0.51015
CVE-2022-38116,0.01055,0.50287
CVE-2022-38118,0.01055,0.50287
CVE-2022-38126,0.00885,0.26162
CVE-2022-38127,0.00885,0.26162
CVE-2022-38128,0.00885,0.26162
CVE-2022-38129,0.01055,0.50287
CVE-2022-38130,0.01055,0.50287
CVE-2022-38132,0.01005,0.35949
CVE-2022-38133,0.00885,0.26162
CVE-2022-38149,0.00885,0.26162
CVE-2022-38150,0.00954,0.34522
CVE-2022-38152,0.0095,0.30554
CVE-2022-38153,0.0095,0.30554
CVE-2022-38155,0.00885,0.26162
CVE-2022-38161,0.00954,0.34522
CVE-2022-38170,0.0089,0.2856
CVE-2022-38171,0.01834,0.76202
CVE-2022-38172,0.00885,0.26162
CVE-2022-38179,0.00885,0.26162
CVE-2022-38180,0.00885,0.26162
CVE-2022-38183,0.00885,0.26162
CVE-2022-38184,0.01055,0.50287
CVE-2022-38186,0.01055,0.50287
CVE-2022-38187,0.00885,0.26162
CVE-2022-38188,0.01055,0.50287
CVE-2022-38189,0.01055,0.50287
CVE-2022-38190,0.01055,0.50287
CVE-2022-38191,0.01055,0.50287
CVE-2022-38192,0.01055,0.50287
CVE-2022-38193,0.01156,0.60033
CVE-2022-38194,0.00885,0.26162
CVE-2022-38216,0.00885,0.26162
CVE-2022-38221,0.01156,0.60033
CVE-2022-38222,0.00885,0.26162
CVE-2022-38223,0.00885,0.26162
CVE-2022-38227,0.00885,0.26162
CVE-2022-38228,0.00885,0.26162
CVE-2022-38229,0.00885,0.26162
CVE-2022-38230,0.00885,0.26162
CVE-2022-38231,0.00885,0.26162
CVE-2022-38233,0.00885,0.26162
CVE-2022-38234,0.00885,0.26162
CVE-2022-38235,0.00885,0.26162
CVE-2022-38236,0.00885,0.26162
CVE-2022-38237,0.00885,0.26162
CVE-2022-38238,0.00885,0.26162
CVE-2022-38357,0.00885,0.26162
CVE-2022-38358,0.00885,0.26162
CVE-2022-38359,0.00885,0.26162
CVE-2022-38362,0.00885,0.26162
CVE-2022-38368,0.00885,0.26162
CVE-2022-38392,0.00885,0.26162
CVE-2022-38463,0.00885,0.26162
CVE-2022-38493,0.00885,0.26162
CVE-2022-38510,0.00885,0.26162
CVE-2022-38511,0.01005,0.35949
CVE-2022-38533,0.00885,0.26162
CVE-2022-38555,0.00885,0.26162
CVE-2022-38556,0.00885,0.26162
CVE-2022-38557,0.00885,0.26162
CVE-2022-38562,0.00885,0.26162
CVE-2022-38563,0.00885,0.26162
CVE-2022-38564,0.00885,0.26162
CVE-2022-38565,0.00885,0.26162
CVE-2022-38566,0.00885,0.26162
CVE-2022-38567,0.00885,0.26162
CVE-2022-38568,0.00885,0.26162
CVE-2022-38569,0.00885,0.26162
CVE-2022-38570,0.00885,0.26162
CVE-2022-38571,0.00885,0.26162
CVE-2022-38625,0.0089,0.2856
CVE-2022-38663,0.00885,0.26162
CVE-2022-38664,0.00885,0.26162
CVE-2022-38665,0.00885,0.26162
CVE-2022-38667,0.01086,0.51674
CVE-2022-38668,0.00885,0.26162
CVE-2022-38772,0.01978,0.78447
CVE-2022-38784,0.01719,0.75183
CVE-2022-38790,0.0095,0.30554
CVE-2022-38791,0.00885,0.26162
CVE-2022-38792,0.02509,0.81058
CVE-2022-38794,0.00885,0.26162
CVE-2022-38812,0.00885,0.26162
CVE-2022-39028,0.0089,0.2856
CVE-2022-39046,0.00885,0.26162
CVE-2022-39047,0.0095,0.30554
CVE-2022-39170,0.00885,0.26162
CVE-2022-39176,0.00885,0.26162
CVE-2022-39177,0.00885,0.26162
CVE-2022-39188,0.0095,0.30554
CVE-2022-39189,0.0095,0.30554
CVE-2022-39190,0.0095,0.30554
CVE-2022-39194,0.00885,0.26162
CVE-2021-0001,0.00885,0.26162
CVE-2021-0002,0.0095,0.30554
CVE-2021-0003,0.00885,0.26162
CVE-2021-0004,0.0089,0.2856
CVE-2021-0005,0.00885,0.26162
CVE-2021-0006,0.00885,0.26162
CVE-2021-0007,0.00885,0.26162
CVE-2021-0008,0.00885,0.26162
CVE-2021-0009,0.00885,0.26162
CVE-2021-0012,0.00885,0.26162
CVE-2021-0013,0.00885,0.26162
CVE-2021-0051,0.00885,0.26162
CVE-2021-0052,0.00885,0.26162
CVE-2021-0053,0.00885,0.26162
CVE-2021-0054,0.00885,0.26162
CVE-2021-0055,0.00885,0.26162
CVE-2021-0056,0.00885,0.26162
CVE-2021-0057,0.00885,0.26162
CVE-2021-0058,0.00885,0.26162
CVE-2021-0060,0.00885,0.26162
CVE-2021-0061,0.00885,0.26162
CVE-2021-0062,0.00885,0.26162
CVE-2021-0063,0.00885,0.26162
CVE-2021-0064,0.00885,0.26162
CVE-2021-0065,0.00885,0.26162
CVE-2021-0066,0.00885,0.26162
CVE-2021-0067,0.00885,0.26162
CVE-2021-0069,0.00885,0.26162
CVE-2021-0070,0.00885,0.26162
CVE-2021-0071,0.00885,0.26162
CVE-2021-0072,0.00885,0.26162
CVE-2021-0073,0.00885,0.26162
CVE-2021-0074,0.00885,0.26162
CVE-2021-0075,0.00885,0.26162
CVE-2021-0076,0.00885,0.26162
CVE-2021-0077,0.00885,0.26162
CVE-2021-0078,0.00885,0.26162
CVE-2021-0079,0.00885,0.26162
CVE-2021-0082,0.00885,0.26162
CVE-2021-0083,0.00885,0.26162
CVE-2021-0084,0.00885,0.26162
CVE-2021-0086,0.01104,0.52279
CVE-2021-0089,0.01104,0.52279
CVE-2021-0090,0.00885,0.26162
CVE-2021-0091,0.00885,0.26162
CVE-2021-0092,0.00885,0.26162
CVE-2021-0093,0.00885,0.26162
CVE-2021-0094,0.00885,0.26162
CVE-2021-0095,0.00885,0.26162
CVE-2021-0096,0.00885,0.26162
CVE-2021-0097,0.00885,0.26162
CVE-2021-0098,0.00885,0.26162
CVE-2021-0099,0.00885,0.26162
CVE-2021-0100,0.00885,0.26162
CVE-2021-0101,0.00885,0.26162
CVE-2021-0102,0.00885,0.26162
CVE-2021-0103,0.00885,0.26162
CVE-2021-0104,0.00885,0.26162
CVE-2021-0105,0.00885,0.26162
CVE-2021-0106,0.00885,0.26162
CVE-2021-0107,0.00885,0.26162
CVE-2021-0108,0.00885,0.26162
CVE-2021-0109,0.00885,0.26162
CVE-2021-0110,0.00885,0.26162
CVE-2021-0111,0.00885,0.26162
CVE-2021-0112,0.00885,0.26162
CVE-2021-0113,0.00885,0.26162
CVE-2021-0114,0.00885,0.26162
CVE-2021-0115,0.00885,0.26162
CVE-2021-0116,0.00885,0.26162
CVE-2021-0117,0.00885,0.26162
CVE-2021-0118,0.00885,0.26162
CVE-2021-0119,0.00885,0.26162
CVE-2021-0120,0.00885,0.26162
CVE-2021-0121,0.00885,0.26162
CVE-2021-0124,0.00885,0.26162
CVE-2021-0125,0.00885,0.26162
CVE-2021-0126,0.00885,0.26162
CVE-2021-0127,0.00885,0.26162
CVE-2021-0129,0.01034,0.39824
CVE-2021-0131,0.00885,0.26162
CVE-2021-0132,0.00885,0.26162
CVE-2021-0133,0.00885,0.26162
CVE-2021-0134,0.00885,0.26162
CVE-2021-0135,0.00885,0.26162
CVE-2021-0143,0.00885,0.26162
CVE-2021-0145,0.00885,0.26162
CVE-2021-0146,0.00885,0.26162
CVE-2021-0147,0.00885,0.26162
CVE-2021-0148,0.00885,0.26162
CVE-2021-0151,0.00885,0.26162
CVE-2021-0152,0.00885,0.26162
CVE-2021-0153,0.00885,0.26162
CVE-2021-0154,0.00885,0.26162
CVE-2021-0155,0.00885,0.26162
CVE-2021-0156,0.00885,0.26162
CVE-2021-0159,0.00885,0.26162
CVE-2021-0160,0.00885,0.26162
CVE-2021-0161,0.00885,0.26162
CVE-2021-0162,0.00885,0.26162
CVE-2021-0163,0.00885,0.26162
CVE-2021-0164,0.00885,0.26162
CVE-2021-0165,0.00885,0.26162
CVE-2021-0166,0.00885,0.26162
CVE-2021-0167,0.00885,0.26162
CVE-2021-0168,0.00885,0.26162
CVE-2021-0169,0.00885,0.26162
CVE-2021-0170,0.00885,0.26162
CVE-2021-0171,0.00885,0.26162
CVE-2021-0172,0.00885,0.26162
CVE-2021-0173,0.00885,0.26162
CVE-2021-0174,0.00885,0.26162
CVE-2021-0175,0.00885,0.26162
CVE-2021-0176,0.00885,0.26162
CVE-2021-0177,0.00885,0.26162
CVE-2021-0178,0.00885,0.26162
CVE-2021-0179,0.00885,0.26162
CVE-2021-0180,0.00885,0.26162
CVE-2021-0182,0.00885,0.26162
CVE-2021-0183,0.00885,0.26162
CVE-2021-0186,0.00885,0.26162
CVE-2021-0188,0.00885,0.26162
CVE-2021-0189,0.00885,0.26162
CVE-2021-0190,0.00885,0.26162
CVE-2021-0193,0.00885,0.26162
CVE-2021-0194,0.00885,0.26162
CVE-2021-0196,0.00885,0.26162
CVE-2021-0197,0.00885,0.26162
CVE-2021-0198,0.00885,0.26162
CVE-2021-0199,0.00885,0.26162
CVE-2021-0200,0.00885,0.26162
CVE-2021-0202,0.00885,0.26162
CVE-2021-0203,0.00885,0.26162
CVE-2021-0204,0.00885,0.26162
CVE-2021-0205,0.00885,0.26162
CVE-2021-0206,0.00885,0.26162
CVE-2021-0207,0.00885,0.26162
CVE-2021-0208,0.00954,0.34522
CVE-2021-0209,0.00885,0.26162
CVE-2021-0210,0.00885,0.26162
CVE-2021-0211,0.00885,0.26162
CVE-2021-0212,0.00885,0.26162
CVE-2021-0214,0.00885,0.26162
CVE-2021-0215,0.00885,0.26162
CVE-2021-0216,0.00885,0.26162
CVE-2021-0217,0.00885,0.26162
CVE-2021-0218,0.01005,0.35949
CVE-2021-0219,0.01005,0.35949
CVE-2021-0220,0.01086,0.51674
CVE-2021-0221,0.00885,0.26162
CVE-2021-0222,0.00885,0.26162
CVE-2021-0223,0.00885,0.26162
CVE-2021-0224,0.00885,0.26162
CVE-2021-0225,0.00885,0.26162
CVE-2021-0226,0.00885,0.26162
CVE-2021-0227,0.00885,0.26162
CVE-2021-0228,0.00885,0.26162
CVE-2021-0229,0.00885,0.26162
CVE-2021-0230,0.00885,0.26162
CVE-2021-0231,0.00885,0.26162
CVE-2021-0232,0.00885,0.26162
CVE-2021-0233,0.00885,0.26162
CVE-2021-0234,0.00885,0.26162
CVE-2021-0235,0.00885,0.26162
CVE-2021-0236,0.00885,0.26162
CVE-2021-0237,0.00885,0.26162
CVE-2021-0238,0.00885,0.26162
CVE-2021-0239,0.00885,0.26162
CVE-2021-0240,0.00885,0.26162
CVE-2021-0241,0.00885,0.26162
CVE-2021-0242,0.00885,0.26162
CVE-2021-0243,0.00885,0.26162
CVE-2021-0244,0.00885,0.26162
CVE-2021-0245,0.00885,0.26162
CVE-2021-0246,0.00885,0.26162
CVE-2021-0247,0.01086,0.51674
CVE-2021-0248,0.00885,0.26162
CVE-2021-0249,0.01086,0.51674
CVE-2021-0250,0.00885,0.26162
CVE-2021-0251,0.00885,0.26162
CVE-2021-0252,0.01005,0.36332
CVE-2021-0253,0.01005,0.36332
CVE-2021-0254,0.01156,0.60033
CVE-2021-0255,0.00885,0.26162
CVE-2021-0256,0.00885,0.26162
CVE-2021-0257,0.00885,0.26162
CVE-2021-0258,0.00885,0.26162
CVE-2021-0259,0.00885,0.26162
CVE-2021-0260,0.00885,0.26162
CVE-2021-0261,0.00885,0.26162
CVE-2021-0262,0.00885,0.26162
CVE-2021-0263,0.00885,0.26162
CVE-2021-0264,0.00885,0.26162
CVE-2021-0265,0.01055,0.50287
CVE-2021-0266,0.00885,0.26162
CVE-2021-0267,0.00885,0.26162
CVE-2021-0268,0.00885,0.26162
CVE-2021-0269,0.00885,0.26162
CVE-2021-0270,0.00885,0.26162
CVE-2021-0271,0.00885,0.26162
CVE-2021-0272,0.00885,0.26162
CVE-2021-0273,0.00885,0.26162
CVE-2021-0275,0.00885,0.26162
CVE-2021-0276,0.01156,0.60033
CVE-2021-0277,0.01103,0.51945
CVE-2021-0278,0.00885,0.26162
CVE-2021-0279,0.00885,0.26162
CVE-2021-0280,0.00885,0.26162
CVE-2021-0281,0.00885,0.26162
CVE-2021-0282,0.00885,0.26162
CVE-2021-0283,0.00885,0.26162
CVE-2021-0284,0.00885,0.26162
CVE-2021-0285,0.00885,0.26162
CVE-2021-0286,0.00885,0.26162
CVE-2021-0287,0.00885,0.26162
CVE-2021-0288,0.00885,0.26162
CVE-2021-0289,0.00885,0.26162
CVE-2021-0290,0.00885,0.26162
CVE-2021-0291,0.00885,0.26162
CVE-2021-0292,0.00885,0.26162
CVE-2021-0293,0.01036,0.41241
CVE-2021-0294,0.00885,0.26162
CVE-2021-0295,0.00885,0.26162
CVE-2021-0296,0.00885,0.26162
CVE-2021-0297,0.00885,0.26162
CVE-2021-0298,0.01036,0.41241
CVE-2021-0299,0.00885,0.26162
CVE-2021-0301,0.01036,0.41241
CVE-2021-0303,0.01036,0.41241
CVE-2021-0304,0.01036,0.41241
CVE-2021-0305,0.01036,0.41241
CVE-2021-0306,0.01036,0.41241
CVE-2021-0307,0.01036,0.41241
CVE-2021-0309,0.01036,0.41241
CVE-2021-0310,0.01036,0.41241
CVE-2021-0311,0.01156,0.60033
CVE-2021-0312,0.01156,0.60033
CVE-2021-0314,0.01036,0.41241
CVE-2021-0315,0.01036,0.41241
CVE-2021-0317,0.01036,0.41241
CVE-2021-0318,0.01036,0.41241
CVE-2021-0319,0.01036,0.41241
CVE-2021-0320,0.01036,0.41241
CVE-2021-0321,0.01036,0.41241
CVE-2021-0322,0.01036,0.41241
CVE-2021-0324,0.00885,0.26162
CVE-2021-0325,0.01156,0.60033
CVE-2021-0327,0.01036,0.41241
CVE-2021-0330,0.01036,0.41241
CVE-2021-0331,0.01036,0.41241
CVE-2021-0332,0.01036,0.41241
CVE-2021-0333,0.01036,0.41241
CVE-2021-0334,0.01036,0.41241
CVE-2021-0335,0.01156,0.60033
CVE-2021-0336,0.01036,0.41241
CVE-2021-0337,0.01036,0.41241
CVE-2021-0338,0.01036,0.41241
CVE-2021-0339,0.01036,0.41241
CVE-2021-0341,0.01156,0.60033
CVE-2021-0342,0.01036,0.41241
CVE-2021-0343,0.01036,0.41241
CVE-2021-0344,0.01036,0.41241
CVE-2021-0345,0.01036,0.41241
CVE-2021-0346,0.01036,0.41241
CVE-2021-0347,0.01036,0.41241
CVE-2021-0348,0.01036,0.41241
CVE-2021-0349,0.01036,0.41241
CVE-2021-0350,0.01036,0.41241
CVE-2021-0351,0.01156,0.60033
CVE-2021-0352,0.01036,0.41241
CVE-2021-0353,0.01036,0.41241
CVE-2021-0354,0.01036,0.41241
CVE-2021-0355,0.01036,0.41241
CVE-2021-0356,0.01036,0.41241
CVE-2021-0357,0.01036,0.41241
CVE-2021-0358,0.01036,0.41241
CVE-2021-0359,0.01036,0.41241
CVE-2021-0360,0.01036,0.41241
CVE-2021-0361,0.01036,0.41241
CVE-2021-0362,0.01036,0.41241
CVE-2021-0363,0.01036,0.41241
CVE-2021-0364,0.01036,0.41241
CVE-2021-0365,0.01036,0.41241
CVE-2021-0366,0.01036,0.41241
CVE-2021-0367,0.01036,0.41241
CVE-2021-0368,0.01156,0.60033
CVE-2021-0369,0.01036,0.41241
CVE-2021-0370,0.01036,0.41241
CVE-2021-0371,0.01036,0.41241
CVE-2021-0372,0.01036,0.41241
CVE-2021-0374,0.01036,0.41241
CVE-2021-0375,0.01036,0.41241
CVE-2021-0376,0.01036,0.41241
CVE-2021-0377,0.01036,0.41241
CVE-2021-0378,0.01156,0.60033
CVE-2021-0379,0.01156,0.60033
CVE-2021-0380,0.01036,0.41241
CVE-2021-0381,0.01036,0.41241
CVE-2021-0382,0.01036,0.41241
CVE-2021-0383,0.01036,0.41241
CVE-2021-0385,0.01036,0.41241
CVE-2021-0386,0.01036,0.41241
CVE-2021-0387,0.01036,0.41241
CVE-2021-0388,0.01036,0.41241
CVE-2021-0389,0.01036,0.41241
CVE-2021-0390,0.01036,0.41241
CVE-2021-0391,0.01036,0.41241
CVE-2021-0392,0.01036,0.41241
CVE-2021-0393,0.01103,0.51945
CVE-2021-0394,0.01036,0.41241
CVE-2021-0395,0.01036,0.41241
CVE-2021-0396,0.01156,0.60033
CVE-2021-0398,0.01036,0.41241
CVE-2021-0399,0.01036,0.41241
CVE-2021-0400,0.01036,0.41241
CVE-2021-0401,0.01036,0.41241
CVE-2021-0402,0.01036,0.41241
CVE-2021-0403,0.01036,0.41241
CVE-2021-0404,0.01036,0.41241
CVE-2021-0405,0.01036,0.41241
CVE-2021-0406,0.01036,0.41241
CVE-2021-0407,0.01036,0.41241
CVE-2021-0408,0.01036,0.41241
CVE-2021-0409,0.01036,0.41241
CVE-2021-0410,0.01036,0.41241
CVE-2021-0411,0.01036,0.41241
CVE-2021-0412,0.01036,0.41241
CVE-2021-0413,0.01036,0.41241
CVE-2021-0414,0.01036,0.41241
CVE-2021-0415,0.01036,0.41241
CVE-2021-0416,0.01036,0.41241
CVE-2021-0417,0.01036,0.41241
CVE-2021-0418,0.01036,0.41241
CVE-2021-0419,0.01036,0.41241
CVE-2021-0420,0.01036,0.41241
CVE-2021-0421,0.01036,0.41241
CVE-2021-0422,0.01036,0.41241
CVE-2021-0423,0.01036,0.41241
CVE-2021-0424,0.01036,0.41241
CVE-2021-0425,0.01036,0.41241
CVE-2021-0426,0.01036,0.41241
CVE-2021-0427,0.01036,0.41241
CVE-2021-0428,0.01036,0.41241
CVE-2021-0429,0.01036,0.41241
CVE-2021-0430,0.01978,0.78447
CVE-2021-0432,0.01036,0.41241
CVE-2021-0433,0.01036,0.41241
CVE-2021-0434,0.01036,0.41241
CVE-2021-0436,0.01036,0.41241
CVE-2021-0437,0.01036,0.41241
CVE-2021-0438,0.01036,0.41241
CVE-2021-0439,0.01036,0.41241
CVE-2021-0441,0.01036,0.41241
CVE-2021-0442,0.01036,0.41241
CVE-2021-0443,0.01036,0.41241
CVE-2021-0444,0.01036,0.41241
CVE-2021-0445,0.01036,0.41241
CVE-2021-0446,0.01036,0.41241
CVE-2021-0449,0.01036,0.41241
CVE-2021-0450,0.01036,0.41241
CVE-2021-0451,0.01036,0.41241
CVE-2021-0452,0.01036,0.41241
CVE-2021-0453,0.01036,0.41241
CVE-2021-0454,0.01036,0.41241
CVE-2021-0455,0.01036,0.41241
CVE-2021-0456,0.01036,0.41241
CVE-2021-0457,0.01005,0.36332
CVE-2021-0458,0.01005,0.36332
CVE-2021-0459,0.01005,0.36332
CVE-2021-0460,0.01036,0.41241
CVE-2021-0461,0.01036,0.41241
CVE-2021-0462,0.01005,0.36332
CVE-2021-0463,0.01036,0.41241
CVE-2021-0464,0.01036,0.41241
CVE-2021-0465,0.01036,0.41241
CVE-2021-0466,0.01156,0.60033
CVE-2021-0467,0.01036,0.41241
CVE-2021-0468,0.01036,0.41241
CVE-2021-0471,0.01036,0.41241
CVE-2021-0472,0.01036,0.41241
CVE-2021-0473,0.01103,0.51945
CVE-2021-0475,0.01103,0.51945
CVE-2021-0477,0.01036,0.41241
CVE-2021-0478,0.01036,0.41241
CVE-2021-0480,0.01036,0.41241
CVE-2021-0481,0.01036,0.41241
CVE-2021-0482,0.01036,0.41241
CVE-2021-0483,0.01036,0.41241
CVE-2021-0484,0.01036,0.41241
CVE-2021-0486,0.01036,0.41241
CVE-2021-0487,0.01036,0.41241
CVE-2021-0488,0.01036,0.41241
CVE-2021-0489,0.01036,0.41241
CVE-2021-0490,0.01036,0.41241
CVE-2021-0491,0.01036,0.41241
CVE-2021-0492,0.01036,0.41241
CVE-2021-0493,0.01036,0.41241
CVE-2021-0494,0.01036,0.41241
CVE-2021-0495,0.01036,0.41241
CVE-2021-0496,0.01036,0.41241
CVE-2021-0497,0.01036,0.41241
CVE-2021-0498,0.01036,0.41241
CVE-2021-0504,0.01103,0.51945
CVE-2021-0505,0.01036,0.41241
CVE-2021-0506,0.01036,0.41241
CVE-2021-0508,0.01036,0.41241
CVE-2021-0509,0.01036,0.41241
CVE-2021-0510,0.01036,0.41241
CVE-2021-0511,0.01036,0.41241
CVE-2021-0512,0.01036,0.41241
CVE-2021-0513,0.01036,0.41241
CVE-2021-0514,0.01156,0.60033
CVE-2021-0515,0.01156,0.60033
CVE-2021-0517,0.01156,0.60033
CVE-2021-0518,0.01036,0.41241
CVE-2021-0520,0.01036,0.41241
CVE-2021-0521,0.01036,0.41241
CVE-2021-0523,0.01036,0.41241
CVE-2021-0524,0.01036,0.41241
CVE-2021-0525,0.01036,0.41241
CVE-2021-0526,0.01036,0.41241
CVE-2021-0527,0.01036,0.41241
CVE-2021-0528,0.01036,0.41241
CVE-2021-0529,0.01036,0.41241
CVE-2021-0530,0.01036,0.41241
CVE-2021-0531,0.01036,0.41241
CVE-2021-0532,0.01036,0.41241
CVE-2021-0533,0.01036,0.41241
CVE-2021-0534,0.01036,0.41241
CVE-2021-0535,0.01036,0.41241
CVE-2021-0536,0.01036,0.41241
CVE-2021-0537,0.01036,0.41241
CVE-2021-0538,0.01036,0.41241
CVE-2021-0539,0.01036,0.41241
CVE-2021-0540,0.01036,0.41241
CVE-2021-0541,0.01036,0.41241
CVE-2021-0542,0.01036,0.41241
CVE-2021-0543,0.01036,0.41241
CVE-2021-0544,0.01036,0.41241
CVE-2021-0545,0.01036,0.41241
CVE-2021-0546,0.01036,0.41241
CVE-2021-0547,0.01036,0.41241
CVE-2021-0548,0.01036,0.41241
CVE-2021-0549,0.01036,0.41241
CVE-2021-0550,0.01036,0.41241
CVE-2021-0551,0.01156,0.60033
CVE-2021-0552,0.01036,0.41241
CVE-2021-0553,0.01036,0.41241
CVE-2021-0554,0.01036,0.41241
CVE-2021-0555,0.01156,0.60033
CVE-2021-0556,0.01036,0.41241
CVE-2021-0557,0.01156,0.60033
CVE-2021-0558,0.01156,0.60033
CVE-2021-0559,0.01156,0.60033
CVE-2021-0561,0.01365,0.70715
CVE-2021-0562,0.01036,0.41241
CVE-2021-0563,0.01036,0.41241
CVE-2021-0564,0.01036,0.41241
CVE-2021-0565,0.01036,0.41241
CVE-2021-0566,0.01036,0.41241
CVE-2021-0567,0.01036,0.41241
CVE-2021-0568,0.01036,0.41241
CVE-2021-0569,0.01036,0.41241
CVE-2021-0570,0.01036,0.41241
CVE-2021-0571,0.01036,0.41241
CVE-2021-0572,0.01036,0.41241
CVE-2021-0573,0.01036,0.41241
CVE-2021-0574,0.01036,0.41241
CVE-2021-0576,0.01036,0.41241
CVE-2021-0577,0.01036,0.41241
CVE-2021-0578,0.01103,0.51945
CVE-2021-0579,0.01103,0.51945
CVE-2021-0580,0.01103,0.51945
CVE-2021-0581,0.01103,0.51945
CVE-2021-0582,0.01103,0.51945
CVE-2021-0583,0.01036,0.41241
CVE-2021-0584,0.01036,0.41241
CVE-2021-0585,0.01036,0.41241
CVE-2021-0586,0.01036,0.41241
CVE-2021-0587,0.01036,0.41241
CVE-2021-0588,0.01036,0.41241
CVE-2021-0590,0.01036,0.41241
CVE-2021-0591,0.01036,0.41241
CVE-2021-0592,0.01156,0.60033
CVE-2021-0593,0.01036,0.41241
CVE-2021-0595,0.01036,0.41241
CVE-2021-0596,0.01156,0.60033
CVE-2021-0597,0.01036,0.41241
CVE-2021-0598,0.01036,0.41241
CVE-2021-0599,0.01036,0.41241
CVE-2021-0600,0.01036,0.41241
CVE-2021-0601,0.01036,0.41241
CVE-2021-0602,0.01036,0.41241
CVE-2021-0603,0.01036,0.41241
CVE-2021-0604,0.01036,0.41241
CVE-2021-0605,0.01036,0.41241
CVE-2021-0606,0.01036,0.41241
CVE-2021-0607,0.01036,0.41241
CVE-2021-0608,0.01036,0.41241
CVE-2021-0610,0.01036,0.41241
CVE-2021-0611,0.01036,0.41241
CVE-2021-0612,0.01036,0.41241
CVE-2021-0613,0.01036,0.41241
CVE-2021-0614,0.01036,0.41241
CVE-2021-0615,0.01036,0.41241
CVE-2021-0616,0.01036,0.41241
CVE-2021-0617,0.01036,0.41241
CVE-2021-0618,0.01036,0.41241
CVE-2021-0619,0.01036,0.41241
CVE-2021-0620,0.01036,0.41241
CVE-2021-0621,0.01036,0.41241
CVE-2021-0622,0.01036,0.41241
CVE-2021-0623,0.01036,0.41241
CVE-2021-0624,0.01036,0.41241
CVE-2021-0625,0.01036,0.41241
CVE-2021-0626,0.01036,0.41241
CVE-2021-0627,0.01036,0.41241
CVE-2021-0628,0.01036,0.41241
CVE-2021-0629,0.01036,0.41241
CVE-2021-0630,0.01156,0.60033
CVE-2021-0631,0.01156,0.60033
CVE-2021-0632,0.01103,0.51945
CVE-2021-0633,0.01036,0.41241
CVE-2021-0634,0.01036,0.41241
CVE-2021-0635,0.00885,0.26162
CVE-2021-0636,0.00885,0.26162
CVE-2021-0639,0.01036,0.41241
CVE-2021-0640,0.01036,0.41241
CVE-2021-0641,0.01036,0.41241
CVE-2021-0642,0.01036,0.41241
CVE-2021-0643,0.01036,0.41241
CVE-2021-0644,0.01036,0.41241
CVE-2021-0645,0.01036,0.41241
CVE-2021-0646,0.01036,0.41241
CVE-2021-0649,0.01036,0.41241
CVE-2021-0650,0.01156,0.60033
CVE-2021-0651,0.01036,0.41241
CVE-2021-0652,0.01036,0.41241
CVE-2021-0653,0.01036,0.41241
CVE-2021-0654,0.01036,0.41241
CVE-2021-0655,0.01036,0.41241
CVE-2021-0656,0.01036,0.41241
CVE-2021-0657,0.01036,0.41241
CVE-2021-0658,0.01036,0.41241
CVE-2021-0659,0.01036,0.41241
CVE-2021-0660,0.01086,0.51674
CVE-2021-0661,0.01036,0.41241
CVE-2021-0662,0.01036,0.41241
CVE-2021-0663,0.01036,0.41241
CVE-2021-0664,0.01036,0.41241
CVE-2021-0665,0.01036,0.41241
CVE-2021-0666,0.01036,0.41241
CVE-2021-0667,0.01036,0.41241
CVE-2021-0668,0.01036,0.41241
CVE-2021-0669,0.01036,0.41241
CVE-2021-0670,0.01036,0.41241
CVE-2021-0671,0.01036,0.41241
CVE-2021-0672,0.01036,0.41241
CVE-2021-0673,0.00885,0.26162
CVE-2021-0674,0.00885,0.26162
CVE-2021-0675,0.01036,0.41241
CVE-2021-0676,0.00885,0.26162
CVE-2021-0677,0.00885,0.26162
CVE-2021-0678,0.00885,0.26162
CVE-2021-0679,0.00885,0.26162
CVE-2021-0680,0.01036,0.41241
CVE-2021-0681,0.01036,0.41241
CVE-2021-0682,0.01036,0.41241
CVE-2021-0683,0.01036,0.41241
CVE-2021-0684,0.01036,0.41241
CVE-2021-0685,0.01036,0.41241
CVE-2021-0686,0.01036,0.41241
CVE-2021-0687,0.01036,0.41241
CVE-2021-0688,0.01036,0.41241
CVE-2021-0689,0.01036,0.41241
CVE-2021-0690,0.01156,0.60033
CVE-2021-0691,0.01036,0.41241
CVE-2021-0692,0.01036,0.41241
CVE-2021-0693,0.01036,0.41241
CVE-2021-0694,0.01036,0.41241
CVE-2021-0695,0.01036,0.41241
CVE-2021-0698,0.01036,0.41241
CVE-2021-0702,0.01036,0.41241
CVE-2021-0703,0.01036,0.41241
CVE-2021-0704,0.01036,0.41241
CVE-2021-0705,0.01036,0.41241
CVE-2021-0706,0.01036,0.41241
CVE-2021-0707,0.01036,0.41241
CVE-2021-0708,0.01036,0.41241
CVE-2021-0734,0.01036,0.41241
CVE-2021-0735,0.01036,0.41241
CVE-2021-0769,0.01036,0.41241
CVE-2021-0799,0.01036,0.41241
CVE-2021-0869,0.01156,0.60033
CVE-2021-0870,0.01978,0.78447
CVE-2021-0887,0.01036,0.41241
CVE-2021-0889,0.01156,0.60033
CVE-2021-0891,0.00885,0.26162
CVE-2021-0893,0.00885,0.26162
CVE-2021-0894,0.00885,0.26162
CVE-2021-0895,0.00885,0.26162
CVE-2021-0896,0.00885,0.26162
CVE-2021-0897,0.00885,0.26162
CVE-2021-0898,0.00885,0.26162
CVE-2021-0899,0.00885,0.26162
CVE-2021-0900,0.00885,0.26162
CVE-2021-0901,0.00885,0.26162
CVE-2021-0902,0.00885,0.26162
CVE-2021-0903,0.00885,0.26162
CVE-2021-0904,0.01036,0.41241
CVE-2021-0918,0.01103,0.51945
CVE-2021-0919,0.01036,0.41241
CVE-2021-0920,0.01005,0.36332
CVE-2021-0921,0.01036,0.41241
CVE-2021-0922,0.01036,0.41241
CVE-2021-0923,0.01036,0.41241
CVE-2021-0924,0.01036,0.41241
CVE-2021-0925,0.01156,0.60033
CVE-2021-0926,0.01036,0.41241
CVE-2021-0927,0.01036,0.41241
CVE-2021-0929,0.01036,0.41241
CVE-2021-0930,0.01103,0.51945
CVE-2021-0931,0.01036,0.41241
CVE-2021-0932,0.01036,0.41241
CVE-2021-0933,0.01103,0.51945
CVE-2021-0935,0.01036,0.41241
CVE-2021-0936,0.01036,0.41241
CVE-2021-0938,0.01036,0.41241
CVE-2021-0939,0.01036,0.41241
CVE-2021-0940,0.01036,0.41241
CVE-2021-0941,0.01036,0.41241
CVE-2021-0946,0.00885,0.26162
CVE-2021-0947,0.00885,0.26162
CVE-2021-0952,0.01036,0.41241
CVE-2021-0953,0.01036,0.41241
CVE-2021-0954,0.01036,0.41241
CVE-2021-0955,0.01036,0.41241
CVE-2021-0956,0.01156,0.60033
CVE-2021-0957,0.01036,0.41241
CVE-2021-0958,0.01036,0.41241
CVE-2021-0959,0.01036,0.41241
CVE-2021-0961,0.01036,0.41241
CVE-2021-0964,0.01156,0.60033
CVE-2021-0965,0.01036,0.41241
CVE-2021-0966,0.01036,0.41241
CVE-2021-0967,0.01156,0.60033
CVE-2021-0968,0.01156,0.60033
CVE-2021-0969,0.01156,0.60033
CVE-2021-0970,0.01036,0.41241
CVE-2021-0971,0.01156,0.60033
CVE-2021-0973,0.01036,0.41241
CVE-2021-0975,0.01036,0.41241
CVE-2021-0976,0.01156,0.60033
CVE-2021-0977,0.01036,0.41241
CVE-2021-0978,0.01036,0.41241
CVE-2021-0979,0.01036,0.41241
CVE-2021-0981,0.01036,0.41241
CVE-2021-0982,0.01036,0.41241
CVE-2021-0983,0.01036,0.41241
CVE-2021-0984,0.01036,0.41241
CVE-2021-0985,0.01036,0.41241
CVE-2021-0986,0.01036,0.41241
CVE-2021-0987,0.01036,0.41241
CVE-2021-0988,0.01036,0.41241
CVE-2021-0989,0.01036,0.41241
CVE-2021-0990,0.01036,0.41241
CVE-2021-0991,0.01036,0.41241
CVE-2021-0992,0.01036,0.41241
CVE-2021-0993,0.01156,0.60033
CVE-2021-0994,0.01036,0.41241
CVE-2021-0995,0.01036,0.41241
CVE-2021-0996,0.01036,0.41241
CVE-2021-0997,0.01036,0.41241
CVE-2021-0998,0.01036,0.41241
CVE-2021-0999,0.01036,0.41241
CVE-2021-1000,0.01036,0.41241
CVE-2021-1001,0.01036,0.41241
CVE-2021-1002,0.01156,0.60033
CVE-2021-1003,0.01036,0.41241
CVE-2021-1004,0.01036,0.41241
CVE-2021-1005,0.01036,0.41241
CVE-2021-1006,0.01036,0.41241
CVE-2021-1007,0.01036,0.41241
CVE-2021-1008,0.01036,0.41241
CVE-2021-1009,0.01036,0.41241
CVE-2021-1010,0.01036,0.41241
CVE-2021-1011,0.01036,0.41241
CVE-2021-1012,0.01036,0.41241
CVE-2021-1013,0.01036,0.41241
CVE-2021-1014,0.01036,0.41241
CVE-2021-1015,0.01036,0.41241
CVE-2021-1016,0.01036,0.41241
CVE-2021-1017,0.01036,0.41241
CVE-2021-1018,0.01036,0.41241
CVE-2021-1019,0.01036,0.41241
CVE-2021-1020,0.01036,0.41241
CVE-2021-1021,0.01036,0.41241
CVE-2021-1022,0.01156,0.60033
CVE-2021-1023,0.01036,0.41241
CVE-2021-1024,0.01036,0.41241
CVE-2021-1025,0.01036,0.41241
CVE-2021-1026,0.01036,0.41241
CVE-2021-1027,0.01036,0.41241
CVE-2021-1028,0.01036,0.41241
CVE-2021-1029,0.01036,0.41241
CVE-2021-1030,0.01036,0.41241
CVE-2021-1031,0.01036,0.41241
CVE-2021-1032,0.01036,0.41241
CVE-2021-1033,0.01036,0.41241
CVE-2021-1034,0.01036,0.41241
CVE-2021-1035,0.01036,0.41241
CVE-2021-1036,0.01036,0.41241
CVE-2021-1037,0.00885,0.26162
CVE-2021-1038,0.01036,0.41241
CVE-2021-1039,0.01036,0.41241
CVE-2021-1040,0.01036,0.41241
CVE-2021-1041,0.01036,0.41241
CVE-2021-1042,0.01036,0.41241
CVE-2021-1043,0.01036,0.41241
CVE-2021-1044,0.01036,0.41241
CVE-2021-1045,0.00885,0.26162
CVE-2021-1046,0.01036,0.41241
CVE-2021-1047,0.01036,0.41241
CVE-2021-1048,0.01036,0.41241
CVE-2021-1049,0.00885,0.26162
CVE-2021-1051,0.00885,0.26162
CVE-2021-1052,0.00885,0.26162
CVE-2021-1053,0.00885,0.26162
CVE-2021-1054,0.00885,0.26162
CVE-2021-1055,0.00885,0.26162
CVE-2021-1056,0.00885,0.26162
CVE-2021-1057,0.00885,0.26162
CVE-2021-1058,0.00885,0.26162
CVE-2021-1059,0.00885,0.26162
CVE-2021-1060,0.00885,0.26162
CVE-2021-1061,0.00885,0.26162
CVE-2021-1062,0.00885,0.26162
CVE-2021-1063,0.00885,0.26162
CVE-2021-1064,0.00885,0.26162
CVE-2021-1065,0.00885,0.26162
CVE-2021-1066,0.00885,0.26162
CVE-2021-1067,0.00885,0.26162
CVE-2021-1068,0.00885,0.26162
CVE-2021-1069,0.00885,0.26162
CVE-2021-1070,0.00885,0.26162
CVE-2021-1071,0.00885,0.26162
CVE-2021-1072,0.00885,0.26162
CVE-2021-1073,0.00885,0.26162
CVE-2021-1074,0.01036,0.41241
CVE-2021-1075,0.01036,0.41241
CVE-2021-1076,0.00885,0.26162
CVE-2021-1077,0.00885,0.26162
CVE-2021-1078,0.00885,0.26162
CVE-2021-1079,0.01036,0.41241
CVE-2021-1080,0.00885,0.26162
CVE-2021-1081,0.00885,0.26162
CVE-2021-1082,0.00885,0.26162
CVE-2021-1083,0.00885,0.26162
CVE-2021-1084,0.00885,0.26162
CVE-2021-1085,0.00885,0.26162
CVE-2021-1086,0.00885,0.26162
CVE-2021-1087,0.00885,0.26162
CVE-2021-1088,0.00885,0.26162
CVE-2021-1089,0.01036,0.41241
CVE-2021-1090,0.00885,0.26162
CVE-2021-1091,0.00885,0.26162
CVE-2021-1092,0.00885,0.26162
CVE-2021-1093,0.00885,0.26162
CVE-2021-1094,0.00885,0.26162
CVE-2021-1095,0.00885,0.26162
CVE-2021-1096,0.00885,0.26162
CVE-2021-1097,0.00885,0.26162
CVE-2021-1098,0.00885,0.26162
CVE-2021-1099,0.00885,0.26162
CVE-2021-1100,0.00885,0.26162
CVE-2021-1101,0.00885,0.26162
CVE-2021-1102,0.00885,0.26162
CVE-2021-1103,0.00885,0.26162
CVE-2021-1104,0.00885,0.26162
CVE-2021-1105,0.00885,0.26162
CVE-2021-1106,0.00885,0.26162
CVE-2021-1107,0.01005,0.36332
CVE-2021-1108,0.00885,0.26162
CVE-2021-1109,0.00885,0.26162
CVE-2021-1110,0.00885,0.26162
CVE-2021-1111,0.00885,0.26162
CVE-2021-1112,0.00885,0.26162
CVE-2021-1113,0.00885,0.26162
CVE-2021-1114,0.00885,0.26162
CVE-2021-1115,0.00885,0.26162
CVE-2021-1116,0.00885,0.26162
CVE-2021-1117,0.00885,0.26162
CVE-2021-1118,0.00885,0.26162
CVE-2021-1119,0.01036,0.41241
CVE-2021-1120,0.01036,0.41241
CVE-2021-1121,0.00885,0.26162
CVE-2021-1122,0.00885,0.26162
CVE-2021-1123,0.00885,0.26162
CVE-2021-1125,0.00885,0.26162
CVE-2021-1126,0.00885,0.26162
CVE-2021-1127,0.01055,0.50287
CVE-2021-1128,0.01036,0.41241
CVE-2021-1129,0.01055,0.50287
CVE-2021-1130,0.01055,0.50287
CVE-2021-1131,0.00885,0.26162
CVE-2021-1133,0.01055,0.50287
CVE-2021-1134,0.01055,0.50287
CVE-2021-1135,0.01055,0.50287
CVE-2021-1136,0.00885,0.26162
CVE-2021-1137,0.01103,0.51945
CVE-2021-1138,0.01055,0.50287
CVE-2021-1139,0.01055,0.50287
CVE-2021-1140,0.01055,0.50287
CVE-2021-1141,0.01055,0.50287
CVE-2021-1142,0.01055,0.50287
CVE-2021-1143,0.01055,0.50287
CVE-2021-1144,0.01055,0.50287
CVE-2021-1145,0.01055,0.50287
CVE-2021-1146,0.01156,0.60033
CVE-2021-1147,0.01156,0.60033
CVE-2021-1148,0.01156,0.60033
CVE-2021-1149,0.01156,0.60033
CVE-2021-1150,0.01156,0.60033
CVE-2021-1151,0.01055,0.50287
CVE-2021-1152,0.01055,0.50287
CVE-2021-1153,0.01055,0.50287
CVE-2021-1154,0.01055,0.50287
CVE-2021-1155,0.01055,0.50287
CVE-2021-1156,0.01055,0.50287
CVE-2021-1157,0.01055,0.50287
CVE-2021-1158,0.01055,0.50287
CVE-2021-1159,0.01156,0.60033
CVE-2021-1160,0.01156,0.60033
CVE-2021-1161,0.01156,0.60033
CVE-2021-1162,0.01156,0.60033
CVE-2021-1163,0.01156,0.60033
CVE-2021-1164,0.01156,0.60033
CVE-2021-1165,0.01156,0.60033
CVE-2021-1166,0.01156,0.60033
CVE-2021-1167,0.04929,0.88894
CVE-2021-1168,0.01156,0.60033
CVE-2021-1169,0.01156,0.60033
CVE-2021-1170,0.01156,0.60033
CVE-2021-1171,0.01156,0.60033
CVE-2021-1172,0.01156,0.60033
CVE-2021-1173,0.01156,0.60033
CVE-2021-1174,0.01156,0.60033
CVE-2021-1175,0.01156,0.60033
CVE-2021-1176,0.01156,0.60033
CVE-2021-1177,0.01156,0.60033
CVE-2021-1178,0.01156,0.60033
CVE-2021-1179,0.01156,0.60033
CVE-2021-1180,0.01156,0.60033
CVE-2021-1181,0.01156,0.60033
CVE-2021-1182,0.01156,0.60033
CVE-2021-1183,0.01156,0.60033
CVE-2021-1184,0.01156,0.60033
CVE-2021-1185,0.01156,0.60033
CVE-2021-1186,0.01156,0.60033
CVE-2021-1187,0.01156,0.60033
CVE-2021-1188,0.01156,0.60033
CVE-2021-1189,0.01156,0.60033
CVE-2021-1190,0.01156,0.60033
CVE-2021-1191,0.01156,0.60033
CVE-2021-1192,0.01156,0.60033
CVE-2021-1193,0.01156,0.60033
CVE-2021-1194,0.01156,0.60033
CVE-2021-1195,0.01156,0.60033
CVE-2021-1196,0.01156,0.60033
CVE-2021-1197,0.01156,0.60033
CVE-2021-1198,0.01156,0.60033
CVE-2021-1199,0.01156,0.60033
CVE-2021-1200,0.01156,0.60033
CVE-2021-1201,0.01156,0.60033
CVE-2021-1202,0.01156,0.60033
CVE-2021-1203,0.01156,0.60033
CVE-2021-1204,0.01156,0.60033
CVE-2021-1205,0.01156,0.60033
CVE-2021-1206,0.01156,0.60033
CVE-2021-1207,0.01156,0.60033
CVE-2021-1208,0.01156,0.60033
CVE-2021-1209,0.01156,0.60033
CVE-2021-1210,0.01156,0.60033
CVE-2021-1211,0.01156,0.60033
CVE-2021-1212,0.01156,0.60033
CVE-2021-1213,0.01156,0.60033
CVE-2021-1214,0.01156,0.60033
CVE-2021-1215,0.01156,0.60033
CVE-2021-1216,0.01156,0.60033
CVE-2021-1217,0.01156,0.60033
CVE-2021-1218,0.01055,0.50287
CVE-2021-1219,0.00885,0.26162
CVE-2021-1220,0.01055,0.50287
CVE-2021-1221,0.01055,0.50287
CVE-2021-1222,0.01055,0.50287
CVE-2021-1223,0.01055,0.50287
CVE-2021-1224,0.01055,0.50287
CVE-2021-1225,0.01055,0.50287
CVE-2021-1226,0.01055,0.50287
CVE-2021-1227,0.01055,0.50287
CVE-2021-1228,0.00885,0.26162
CVE-2021-1229,0.01055,0.50287
CVE-2021-1230,0.01055,0.50287
CVE-2021-1231,0.00885,0.26162
CVE-2021-1233,0.00885,0.26162
CVE-2021-1235,0.00885,0.26162
CVE-2021-1236,0.01055,0.50287
CVE-2021-1237,0.01036,0.41241
CVE-2021-1238,0.01055,0.50287
CVE-2021-1239,0.01055,0.50287
CVE-2021-1240,0.01036,0.41241
CVE-2021-1241,0.01055,0.50287
CVE-2021-1242,0.01055,0.50287
CVE-2021-1243,0.01055,0.50287
CVE-2021-1244,0.00885,0.26162
CVE-2021-1245,0.01055,0.50287
CVE-2021-1246,0.01055,0.50287
CVE-2021-1247,0.01055,0.50287
CVE-2021-1248,0.01055,0.50287
CVE-2021-1249,0.01055,0.50287
CVE-2021-1250,0.01055,0.50287
CVE-2021-1251,0.01036,0.41241
CVE-2021-1252,0.01055,0.50287
CVE-2021-1253,0.01055,0.50287
CVE-2021-1254,0.01055,0.50287
CVE-2021-1255,0.01055,0.50287
CVE-2021-1256,0.00885,0.26162
CVE-2021-1257,0.01055,0.50287
CVE-2021-1258,0.00885,0.26162
CVE-2021-1259,0.01055,0.50287
CVE-2021-1260,0.01005,0.35949
CVE-2021-1261,0.01005,0.35949
CVE-2021-1262,0.01005,0.35949
CVE-2021-1263,0.01005,0.35949
CVE-2021-1264,0.01156,0.60033
CVE-2021-1265,0.01055,0.50287
CVE-2021-1266,0.01055,0.50287
CVE-2021-1267,0.01055,0.50287
CVE-2021-1268,0.00885,0.26162
CVE-2021-1269,0.01055,0.50287
CVE-2021-1270,0.01055,0.50287
CVE-2021-1271,0.01055,0.50287
CVE-2021-1272,0.01055,0.50287
CVE-2021-1273,0.01055,0.50287
CVE-2021-1274,0.01055,0.50287
CVE-2021-1275,0.01156,0.60033
CVE-2021-1276,0.00885,0.26162
CVE-2021-1277,0.00885,0.26162
CVE-2021-1278,0.01055,0.50287
CVE-2021-1279,0.01055,0.50287
CVE-2021-1280,0.01036,0.41241
CVE-2021-1281,0.00885,0.26162
CVE-2021-1282,0.00885,0.26162
CVE-2021-1283,0.00885,0.26162
CVE-2021-1284,0.00885,0.26162
CVE-2021-1286,0.01055,0.50287
CVE-2021-1287,0.01156,0.60033
CVE-2021-1288,0.01055,0.50287
CVE-2021-1289,0.01156,0.60033
CVE-2021-1290,0.01156,0.60033
CVE-2021-1291,0.01156,0.60033
CVE-2021-1292,0.01156,0.60033
CVE-2021-1293,0.01156,0.60033
CVE-2021-1294,0.01156,0.60033
CVE-2021-1295,0.01156,0.60033
CVE-2021-1296,0.01055,0.50287
CVE-2021-1297,0.01055,0.50287
CVE-2021-1298,0.02055,0.7893
CVE-2021-1299,0.02055,0.7893
CVE-2021-1300,0.01055,0.50287
CVE-2021-1301,0.01055,0.50287
CVE-2021-1302,0.01055,0.50287
CVE-2021-1303,0.01055,0.50287
CVE-2021-1304,0.01055,0.50287
CVE-2021-1305,0.01055,0.50287
CVE-2021-1306,0.00885,0.26162
CVE-2021-1307,0.01156,0.60033
CVE-2021-1308,0.01036,0.41241
CVE-2021-1309,0.01036,0.41241
CVE-2021-1310,0.01055,0.50287
CVE-2021-1311,0.01055,0.50287
CVE-2021-1312,0.01055,0.50287
CVE-2021-1313,0.01055,0.50287
CVE-2021-1314,0.01156,0.60033
CVE-2021-1315,0.01156,0.60033
CVE-2021-1316,0.01156,0.60033
CVE-2021-1317,0.01156,0.60033
CVE-2021-1318,0.01156,0.60033
CVE-2021-1319,0.01156,0.60033
CVE-2021-1320,0.01156,0.60033
CVE-2021-1321,0.01156,0.60033
CVE-2021-1322,0.01156,0.60033
CVE-2021-1323,0.01156,0.60033
CVE-2021-1324,0.01156,0.60033
CVE-2021-1325,0.01156,0.60033
CVE-2021-1326,0.01156,0.60033
CVE-2021-1327,0.01156,0.60033
CVE-2021-1328,0.01156,0.60033
CVE-2021-1329,0.01156,0.60033
CVE-2021-1330,0.01156,0.60033
CVE-2021-1331,0.01156,0.60033
CVE-2021-1332,0.01156,0.60033
CVE-2021-1333,0.01156,0.60033
CVE-2021-1334,0.01156,0.60033
CVE-2021-1335,0.01156,0.60033
CVE-2021-1336,0.01156,0.60033
CVE-2021-1337,0.01156,0.60033
CVE-2021-1338,0.01156,0.60033
CVE-2021-1339,0.01156,0.60033
CVE-2021-1340,0.01156,0.60033
CVE-2021-1341,0.01156,0.60033
CVE-2021-1342,0.01156,0.60033
CVE-2021-1343,0.01156,0.60033
CVE-2021-1344,0.01156,0.60033
CVE-2021-1345,0.01156,0.60033
CVE-2021-1346,0.01156,0.60033
CVE-2021-1347,0.01156,0.60033
CVE-2021-1348,0.01156,0.60033
CVE-2021-1349,0.01055,0.50287
CVE-2021-1350,0.01055,0.50287
CVE-2021-1351,0.01055,0.50287
CVE-2021-1352,0.00885,0.26162
CVE-2021-1353,0.01055,0.50287
CVE-2021-1354,0.00885,0.26162
CVE-2021-1355,0.00885,0.26162
CVE-2021-1356,0.01055,0.50287
CVE-2021-1357,0.00885,0.26162
CVE-2021-1358,0.01055,0.50287
CVE-2021-1359,0.01055,0.50287
CVE-2021-1360,0.01156,0.60033
CVE-2021-1361,0.01055,0.50287
CVE-2021-1362,0.01156,0.60033
CVE-2021-1363,0.01055,0.50287
CVE-2021-1364,0.00885,0.26162
CVE-2021-1365,0.01055,0.50287
CVE-2021-1366,0.01036,0.41241
CVE-2021-1367,0.00885,0.26162
CVE-2021-1368,0.01036,0.41241
CVE-2021-1369,0.01055,0.50287
CVE-2021-1370,0.00885,0.26162
CVE-2021-1371,0.00885,0.26162
CVE-2021-1372,0.00885,0.26162
CVE-2021-1373,0.01055,0.50287
CVE-2021-1374,0.01055,0.50287
CVE-2021-1375,0.01036,0.41241
CVE-2021-1376,0.01036,0.41241
CVE-2021-1377,0.01055,0.50287
CVE-2021-1378,0.01055,0.50287
CVE-2021-1380,0.01055,0.50287
CVE-2021-1381,0.00885,0.26162
CVE-2021-1382,0.00885,0.26162
CVE-2021-1383,0.00885,0.26162
CVE-2021-1384,0.01055,0.50287
CVE-2021-1385,0.01055,0.50287
CVE-2021-1386,0.01036,0.41241
CVE-2021-1387,0.01055,0.50287
CVE-2021-1388,0.01055,0.50287
CVE-2021-1389,0.01055,0.50287
CVE-2021-1390,0.01036,0.41241
CVE-2021-1391,0.00885,0.26162
CVE-2021-1392,0.00885,0.26162
CVE-2021-1393,0.01055,0.50287
CVE-2021-1394,0.01055,0.50287
CVE-2021-1395,0.01055,0.50287
CVE-2021-1396,0.01055,0.50287
CVE-2021-1397,0.01055,0.50287
CVE-2021-1398,0.01036,0.41241
CVE-2021-1399,0.01055,0.50287
CVE-2021-1400,0.01055,0.50287
CVE-2021-1401,0.01055,0.50287
CVE-2021-1402,0.01055,0.50287
CVE-2021-1403,0.01055,0.50287
CVE-2021-1404,0.01055,0.50287
CVE-2021-1405,0.01136,0.57949
CVE-2021-1406,0.01055,0.50287
CVE-2021-1407,0.01055,0.50287
CVE-2021-1408,0.01055,0.50287
CVE-2021-1409,0.01055,0.50287
CVE-2021-1411,0.00885,0.26162
CVE-2021-1412,0.01055,0.50287
CVE-2021-1413,0.01978,0.78447
CVE-2021-1414,0.01978,0.78447
CVE-2021-1415,0.01978,0.78447
CVE-2021-1416,0.01055,0.50287
CVE-2021-1417,0.00885,0.26162
CVE-2021-1418,0.00885,0.26162
CVE-2021-1419,0.00885,0.26162
CVE-2021-1420,0.01055,0.50287
CVE-2021-1421,0.01036,0.41241
CVE-2021-1422,0.01055,0.50287
CVE-2021-1423,0.00885,0.26162
CVE-2021-1426,0.01036,0.41241
CVE-2021-1427,0.01036,0.41241
CVE-2021-1428,0.01036,0.41241
CVE-2021-1429,0.01036,0.41241
CVE-2021-1430,0.01036,0.41241
CVE-2021-1431,0.01055,0.50287
CVE-2021-1432,0.00885,0.26162
CVE-2021-1433,0.01055,0.50287
CVE-2021-1434,0.00885,0.26162
CVE-2021-1435,0.01055,0.50287
CVE-2021-1436,0.00885,0.26162
CVE-2021-1437,0.01055,0.50287
CVE-2021-1438,0.00885,0.26162
CVE-2021-1439,0.00885,0.26162
CVE-2021-1441,0.00885,0.26162
CVE-2021-1442,0.00885,0.26162
CVE-2021-1443,0.01156,0.60033
CVE-2021-1445,0.01055,0.50287
CVE-2021-1446,0.01055,0.50287
CVE-2021-1447,0.00885,0.26162
CVE-2021-1448,0.00885,0.26162
CVE-2021-1449,0.00885,0.26162
CVE-2021-1450,0.00885,0.26162
CVE-2021-1451,0.01156,0.60033
CVE-2021-1452,0.00885,0.26162
CVE-2021-1453,0.00885,0.26162
CVE-2021-1454,0.00885,0.26162
CVE-2021-1455,0.01055,0.50287
CVE-2021-1456,0.01055,0.50287
CVE-2021-1457,0.01055,0.50287
CVE-2021-1458,0.01055,0.50287
CVE-2021-1459,0.01156,0.60033
CVE-2021-1460,0.01055,0.50287
CVE-2021-1463,0.01055,0.50287
CVE-2021-1467,0.01055,0.50287
CVE-2021-1468,0.01156,0.60033
CVE-2021-1469,0.00885,0.26162
CVE-2021-1471,0.00885,0.26162
CVE-2021-1472,0.01136,0.57949
CVE-2021-1473,0.01136,0.57949
CVE-2021-1474,0.01055,0.50287
CVE-2021-1475,0.01055,0.50287
CVE-2021-1476,0.00885,0.26162
CVE-2021-1477,0.01055,0.50287
CVE-2021-1478,0.01055,0.50287
CVE-2021-1479,0.01156,0.60033
CVE-2021-1485,0.00885,0.26162
CVE-2021-1486,0.01055,0.50287
CVE-2021-1487,0.01055,0.50287
CVE-2021-1488,0.00885,0.26162
CVE-2021-1489,0.01055,0.50287
CVE-2021-1490,0.01055,0.50287
CVE-2021-1492,0.00885,0.26162
CVE-2021-1493,0.01055,0.50287
CVE-2021-1495,0.01055,0.50287
CVE-2021-1496,0.01036,0.41241
CVE-2021-1497,0.01055,0.50287
CVE-2021-1498,0.01055,0.50287
CVE-2021-1499,0.48292,0.98493
CVE-2021-1500,0.01055,0.50287
CVE-2021-1501,0.01055,0.50287
CVE-2021-1502,0.01036,0.41241
CVE-2021-1503,0.01036,0.41241
CVE-2021-1504,0.01055,0.50287
CVE-2021-1505,0.01156,0.60033
CVE-2021-1506,0.01156,0.60033
CVE-2021-1507,0.01055,0.50287
CVE-2021-1508,0.01156,0.60033
CVE-2021-1509,0.01086,0.51674
CVE-2021-1510,0.01086,0.51674
CVE-2021-1511,0.01086,0.51674
CVE-2021-1512,0.00885,0.26162
CVE-2021-1513,0.01055,0.50287
CVE-2021-1514,0.00885,0.26162
CVE-2021-1515,0.00885,0.26162
CVE-2021-1516,0.01055,0.50287
CVE-2021-1517,0.01055,0.50287
CVE-2021-1518,0.01156,0.60033
CVE-2021-1519,0.00885,0.26162
CVE-2021-1520,0.00885,0.26162
CVE-2021-1521,0.00885,0.26162
CVE-2021-1522,0.01055,0.50287
CVE-2021-1523,0.01055,0.50287
CVE-2021-1524,0.01055,0.50287
CVE-2021-1525,0.01055,0.50287
CVE-2021-1526,0.01036,0.41241
CVE-2021-1527,0.00885,0.26162
CVE-2021-1528,0.00885,0.26162
CVE-2021-1529,0.00885,0.26162
CVE-2021-1530,0.01055,0.50287
CVE-2021-1531,0.01055,0.50287
CVE-2021-1532,0.01055,0.50287
CVE-2021-1534,0.01055,0.50287
CVE-2021-1535,0.01055,0.50287
CVE-2021-1536,0.01036,0.41241
CVE-2021-1537,0.00885,0.26162
CVE-2021-1538,0.01156,0.60033
CVE-2021-1539,0.01055,0.50287
CVE-2021-1540,0.01055,0.50287
CVE-2021-1541,0.00885,0.26162
CVE-2021-1542,0.00885,0.26162
CVE-2021-1543,0.00885,0.26162
CVE-2021-1544,0.00885,0.26162
CVE-2021-1546,0.00885,0.26162
CVE-2021-1547,0.01055,0.50287
CVE-2021-1548,0.01055,0.50287
CVE-2021-1549,0.01055,0.50287
CVE-2021-1550,0.01055,0.50287
CVE-2021-1551,0.01055,0.50287
CVE-2021-1552,0.01055,0.50287
CVE-2021-1553,0.01055,0.50287
CVE-2021-1554,0.01055,0.50287
CVE-2021-1555,0.01055,0.50287
CVE-2021-1557,0.01036,0.41241
CVE-2021-1558,0.01036,0.41241
CVE-2021-1559,0.01156,0.60033
CVE-2021-1560,0.01156,0.60033
CVE-2021-1561,0.01055,0.50287
CVE-2021-1562,0.01055,0.50287
CVE-2021-1563,0.00885,0.26162
CVE-2021-1564,0.00885,0.26162
CVE-2021-1565,0.01055,0.50287
CVE-2021-1566,0.01055,0.50287
CVE-2021-1567,0.01036,0.41241
CVE-2021-1568,0.00885,0.26162
CVE-2021-1569,0.00885,0.26162
CVE-2021-1570,0.00885,0.26162
CVE-2021-1571,0.00885,0.26162
CVE-2021-1572,0.00885,0.26162
CVE-2021-1573,0.01055,0.50287
CVE-2021-1574,0.01055,0.50287
CVE-2021-1575,0.01055,0.50287
CVE-2021-1576,0.01055,0.50287
CVE-2021-1577,0.01055,0.50287
CVE-2021-1578,0.01055,0.50287
CVE-2021-1579,0.01055,0.50287
CVE-2021-1580,0.01055,0.50287
CVE-2021-1581,0.01055,0.50287
CVE-2021-1582,0.01055,0.50287
CVE-2021-1583,0.00885,0.26162
CVE-2021-1584,0.01036,0.41241
CVE-2021-1586,0.01055,0.50287
CVE-2021-1587,0.01055,0.50287
CVE-2021-1588,0.01055,0.50287
CVE-2021-1589,0.01055,0.50287
CVE-2021-1590,0.01055,0.50287
CVE-2021-1591,0.01055,0.50287
CVE-2021-1592,0.01055,0.50287
CVE-2021-1593,0.01036,0.41241
CVE-2021-1594,0.01055,0.50287
CVE-2021-1595,0.00885,0.26162
CVE-2021-1596,0.00885,0.26162
CVE-2021-1597,0.00885,0.26162
CVE-2021-1598,0.00885,0.26162
CVE-2021-1599,0.01156,0.60033
CVE-2021-1600,0.00885,0.26162
CVE-2021-1601,0.00885,0.26162
CVE-2021-1602,0.01055,0.50287
CVE-2021-1603,0.01055,0.50287
CVE-2021-1604,0.01055,0.50287
CVE-2021-1605,0.01055,0.50287
CVE-2021-1606,0.01055,0.50287
CVE-2021-1607,0.01055,0.50287
CVE-2021-1609,0.01086,0.51674
CVE-2021-1610,0.01086,0.51674
CVE-2021-1611,0.01055,0.50287
CVE-2021-1612,0.00885,0.26162
CVE-2021-1614,0.01055,0.50287
CVE-2021-1615,0.01055,0.50287
CVE-2021-1616,0.01055,0.50287
CVE-2021-1617,0.01055,0.50287
CVE-2021-1618,0.01055,0.50287
CVE-2021-1619,0.01055,0.50287
CVE-2021-1620,0.01055,0.50287
CVE-2021-1621,0.00885,0.26162
CVE-2021-1622,0.01055,0.50287
CVE-2021-1623,0.01055,0.50287
CVE-2021-1624,0.01055,0.50287
CVE-2021-1625,0.01055,0.50287
CVE-2021-1626,0.01156,0.60033
CVE-2021-1627,0.00885,0.26162
CVE-2021-1628,0.00885,0.26162
CVE-2021-1629,0.00954,0.34522
CVE-2021-1630,0.00885,0.26162
CVE-2021-1636,0.0115,0.5906
CVE-2021-1637,0.0115,0.5906
CVE-2021-1638,0.0115,0.5906
CVE-2021-1639,0.01648,0.74957
CVE-2021-1640,0.01178,0.60108
CVE-2021-1641,0.02632,0.81366
CVE-2021-1642,0.0115,0.5906
CVE-2021-1643,0.01789,0.76008
CVE-2021-1644,0.01789,0.76008
CVE-2021-1645,0.03678,0.84271
CVE-2021-1646,0.0115,0.5906
CVE-2021-1647,0.01877,0.76393
CVE-2021-1648,0.01178,0.60108
CVE-2021-1649,0.0115,0.5906
CVE-2021-1650,0.0115,0.5906
CVE-2021-1651,0.0115,0.5906
CVE-2021-1652,0.0115,0.5906
CVE-2021-1653,0.0115,0.5906
CVE-2021-1654,0.0115,0.5906
CVE-2021-1655,0.0115,0.5906
CVE-2021-1656,0.0115,0.5906
CVE-2021-1657,0.01877,0.76393
CVE-2021-1658,0.01967,0.77799
CVE-2021-1659,0.0115,0.5906
CVE-2021-1660,0.01967,0.77799
CVE-2021-1661,0.0115,0.5906
CVE-2021-1662,0.0115,0.5906
CVE-2021-1663,0.0115,0.5906
CVE-2021-1664,0.01967,0.77799
CVE-2021-1665,0.01789,0.76008
CVE-2021-1666,0.01967,0.77799
CVE-2021-1667,0.01967,0.77799
CVE-2021-1668,0.01789,0.76008
CVE-2021-1669,0.0115,0.5906
CVE-2021-1670,0.0115,0.5906
CVE-2021-1671,0.01967,0.77799
CVE-2021-1672,0.0115,0.5906
CVE-2021-1673,0.01967,0.77799
CVE-2021-1674,0.0115,0.5906
CVE-2021-1676,0.0115,0.5906
CVE-2021-1677,0.0115,0.5906
CVE-2021-1678,0.02632,0.81366
CVE-2021-1679,0.02632,0.81366
CVE-2021-1680,0.0115,0.5906
CVE-2021-1681,0.0115,0.5906
CVE-2021-1682,0.0115,0.5906
CVE-2021-1683,0.0115,0.5906
CVE-2021-1684,0.0115,0.5906
CVE-2021-1685,0.0115,0.5906
CVE-2021-1686,0.0115,0.5906
CVE-2021-1687,0.0115,0.5906
CVE-2021-1688,0.0115,0.5906
CVE-2021-1689,0.0115,0.5906
CVE-2021-1690,0.0115,0.5906
CVE-2021-1691,0.0115,0.5906
CVE-2021-1692,0.0115,0.5906
CVE-2021-1693,0.0115,0.5906
CVE-2021-1694,0.02632,0.81366
CVE-2021-1695,0.0115,0.5906
CVE-2021-1696,0.02632,0.81366
CVE-2021-1697,0.0115,0.5906
CVE-2021-1698,0.0115,0.5906
CVE-2021-1700,0.01967,0.77799
CVE-2021-1701,0.01967,0.77799
CVE-2021-1702,0.0115,0.5906
CVE-2021-1703,0.0115,0.5906
CVE-2021-1704,0.0115,0.5906
CVE-2021-1705,0.02649,0.81391
CVE-2021-1706,0.0115,0.5906
CVE-2021-1707,0.01967,0.77799
CVE-2021-1708,0.0115,0.5906
CVE-2021-1709,0.0115,0.5906
CVE-2021-1710,0.01789,0.76008
CVE-2021-1711,0.01789,0.76008
CVE-2021-1712,0.0115,0.5906
CVE-2021-1713,0.01789,0.76008
CVE-2021-1714,0.01789,0.76008
CVE-2021-1715,0.01789,0.76008
CVE-2021-1716,0.01789,0.76008
CVE-2021-1717,0.02632,0.81366
CVE-2021-1718,0.0115,0.5906
CVE-2021-1719,0.0115,0.5906
CVE-2021-1721,0.02427,0.80786
CVE-2021-1722,0.01728,0.75198
CVE-2021-1723,0.02632,0.81366
CVE-2021-1724,0.0115,0.5906
CVE-2021-1725,0.0115,0.5906
CVE-2021-1726,0.0115,0.5906
CVE-2021-1728,0.0115,0.5906
CVE-2021-1729,0.01178,0.60108
CVE-2021-1730,0.02427,0.80786
CVE-2021-1731,0.0115,0.5906
CVE-2021-1733,0.0115,0.5906
CVE-2021-1734,0.02427,0.80786
CVE-2021-1736,0.01036,0.41241
CVE-2021-1737,0.01005,0.36332
CVE-2021-1738,0.01005,0.36332
CVE-2021-1739,0.01034,0.39824
CVE-2021-1740,0.0095,0.30554
CVE-2021-1741,0.01237,0.66358
CVE-2021-1742,0.01237,0.66358
CVE-2021-1743,0.01237,0.66358
CVE-2021-1744,0.01237,0.66358
CVE-2021-1745,0.01005,0.36332
CVE-2021-1746,0.01237,0.66358
CVE-2021-1747,0.01237,0.66358
CVE-2021-1748,0.01843,0.76237
CVE-2021-1750,0.01237,0.66358
CVE-2021-1751,0.01036,0.41241
CVE-2021-1753,0.01005,0.36332
CVE-2021-1754,0.01237,0.66358
CVE-2021-1755,0.00885,0.26162
CVE-2021-1756,0.00885,0.26162
CVE-2021-1757,0.0095,0.30554
CVE-2021-1758,0.03272,0.83517
CVE-2021-1759,0.01237,0.66358
CVE-2021-1760,0.01237,0.66358
CVE-2021-1761,0.01213,0.6557
CVE-2021-1762,0.01005,0.36332
CVE-2021-1763,0.01005,0.36332
CVE-2021-1764,0.01213,0.6557
CVE-2021-1765,0.01018,0.38792
CVE-2021-1766,0.01018,0.38792
CVE-2021-1767,0.00885,0.26162
CVE-2021-1768,0.01005,0.36332
CVE-2021-1769,0.0095,0.30554
CVE-2021-1770,0.01843,0.76237
CVE-2021-1771,0.00885,0.26162
CVE-2021-1772,0.01237,0.66358
CVE-2021-1773,0.01018,0.38792
CVE-2021-1774,0.01237,0.66358
CVE-2021-1775,0.01036,0.41241
CVE-2021-1776,0.01237,0.66358
CVE-2021-1777,0.01237,0.66358
CVE-2021-1778,0.01018,0.38792
CVE-2021-1779,0.01036,0.41241
CVE-2021-1780,0.00885,0.26162
CVE-2021-1781,0.00885,0.26162
CVE-2021-1782,0.0095,0.30554
CVE-2021-1783,0.01237,0.66358
CVE-2021-1784,0.00954,0.34522
CVE-2021-1785,0.01237,0.66358
CVE-2021-1786,0.0095,0.30554
CVE-2021-1787,0.0095,0.30554
CVE-2021-1788,0.02031,0.78519
CVE-2021-1789,0.02166,0.79205
CVE-2021-1790,0.01036,0.41241
CVE-2021-1791,0.01018,0.38792
CVE-2021-1792,0.03272,0.83517
CVE-2021-1793,0.01237,0.66358
CVE-2021-1794,0.01156,0.60033
CVE-2021-1795,0.01156,0.60033
CVE-2021-1796,0.01156,0.60033
CVE-2021-1797,0.01104,0.52279
CVE-2021-1799,0.01183,0.60428
CVE-2021-1800,0.00885,0.26162
CVE-2021-1801,0.01108,0.53389
CVE-2021-1802,0.00885,0.26162
CVE-2021-1803,0.00885,0.26162
CVE-2021-1805,0.01237,0.66358
CVE-2021-1806,0.01237,0.66358
CVE-2021-1807,0.00885,0.26162
CVE-2021-1808,0.01108,0.53389
CVE-2021-1809,0.01108,0.53389
CVE-2021-1810,0.00954,0.34522
CVE-2021-1811,0.01183,0.60428
CVE-2021-1812,0.01036,0.41241
CVE-2021-1813,0.01108,0.53389
CVE-2021-1814,0.01005,0.36332
CVE-2021-1815,0.0095,0.30554
CVE-2021-1816,0.01237,0.66358
CVE-2021-1817,0.01843,0.76237
CVE-2021-1818,0.03822,0.84853
CVE-2021-1820,0.01018,0.38792
CVE-2021-1821,0.00885,0.26162
CVE-2021-1822,0.0089,0.2856
CVE-2021-1824,0.00885,0.26162
CVE-2021-1825,0.01108,0.53389
CVE-2021-1826,0.01018,0.38792
CVE-2021-1828,0.00954,0.34522
CVE-2021-1829,0.01086,0.51674
CVE-2021-1830,0.00885,0.26162
CVE-2021-1831,0.00885,0.26162
CVE-2021-1832,0.01018,0.38792
CVE-2021-1833,0.00885,0.26162
CVE-2021-1834,0.01843,0.76237
CVE-2021-1835,0.00885,0.26162
CVE-2021-1836,0.00885,0.26162
CVE-2021-1837,0.00885,0.26162
CVE-2021-1838,0.01036,0.41241
CVE-2021-1839,0.0089,0.2856
CVE-2021-1840,0.0089,0.2856
CVE-2021-1841,0.01005,0.36332
CVE-2021-1843,0.01363,0.70595
CVE-2021-1844,0.02166,0.79205
CVE-2021-1846,0.01018,0.38792
CVE-2021-1847,0.02107,0.79097
CVE-2021-1848,0.00885,0.26162
CVE-2021-1849,0.01018,0.38792
CVE-2021-1851,0.02031,0.78519
CVE-2021-1852,0.00885,0.26162
CVE-2021-1853,0.00885,0.26162
CVE-2021-1854,0.00885,0.26162
CVE-2021-1855,0.00885,0.26162
CVE-2021-1857,0.01183,0.60428
CVE-2021-1858,0.01237,0.66358
CVE-2021-1859,0.00885,0.26162
CVE-2021-1860,0.01108,0.53389
CVE-2021-1861,0.00885,0.26162
CVE-2021-1862,0.00885,0.26162
CVE-2021-1863,0.00885,0.26162
CVE-2021-1864,0.01843,0.76237
CVE-2021-1865,0.00885,0.26162
CVE-2021-1867,0.0144,0.7265
CVE-2021-1868,0.01034,0.39824
CVE-2021-1870,0.03822,0.84853
CVE-2021-1871,0.03822,0.84853
CVE-2021-1872,0.00954,0.34522
CVE-2021-1873,0.00954,0.34522
CVE-2021-1874,0.01086,0.51674
CVE-2021-1875,0.01108,0.53389
CVE-2021-1876,0.01843,0.76237
CVE-2021-1877,0.00885,0.26162
CVE-2021-1878,0.0089,0.2856
CVE-2021-1879,0.00954,0.34522
CVE-2021-1880,0.01005,0.36332
CVE-2021-1881,0.01363,0.70595
CVE-2021-1882,0.01018,0.38792
CVE-2021-1884,0.01319,0.70416
CVE-2021-1885,0.01237,0.66358
CVE-2021-1886,0.00885,0.26162
CVE-2021-1887,0.00885,0.26162
CVE-2021-1888,0.00885,0.26162
CVE-2021-1889,0.00885,0.26162
CVE-2021-1890,0.00885,0.26162
CVE-2021-1891,0.00885,0.26162
CVE-2021-1892,0.00885,0.26162
CVE-2021-1894,0.00885,0.26162
CVE-2021-1895,0.00885,0.26162
CVE-2021-1896,0.00885,0.26162
CVE-2021-1897,0.00885,0.26162
CVE-2021-1898,0.00885,0.26162
CVE-2021-1899,0.00885,0.26162
CVE-2021-1900,0.00885,0.26162
CVE-2021-1901,0.00885,0.26162
CVE-2021-1903,0.00885,0.26162
CVE-2021-1904,0.00885,0.26162
CVE-2021-1905,0.00885,0.26162
CVE-2021-1906,0.00885,0.26162
CVE-2021-1907,0.00885,0.26162
CVE-2021-1909,0.00885,0.26162
CVE-2021-1910,0.00885,0.26162
CVE-2021-1912,0.00885,0.26162
CVE-2021-1913,0.00885,0.26162
CVE-2021-1914,0.00885,0.26162
CVE-2021-1915,0.00885,0.26162
CVE-2021-1916,0.00885,0.26162
CVE-2021-1917,0.00885,0.26162
CVE-2021-1918,0.00885,0.26162
CVE-2021-1919,0.00885,0.26162
CVE-2021-1920,0.00885,0.26162
CVE-2021-1921,0.00885,0.26162
CVE-2021-1923,0.00885,0.26162
CVE-2021-1924,0.00885,0.26162
CVE-2021-1925,0.00885,0.26162
CVE-2021-1927,0.00885,0.26162
CVE-2021-1928,0.00885,0.26162
CVE-2021-1929,0.00885,0.26162
CVE-2021-1930,0.00885,0.26162
CVE-2021-1931,0.00885,0.26162
CVE-2021-1932,0.00885,0.26162
CVE-2021-1933,0.00885,0.26162
CVE-2021-1934,0.00885,0.26162
CVE-2021-1935,0.00885,0.26162
CVE-2021-1936,0.00885,0.26162
CVE-2021-1937,0.00885,0.26162
CVE-2021-1938,0.00885,0.26162
CVE-2021-1939,0.00885,0.26162
CVE-2021-1940,0.00885,0.26162
CVE-2021-1941,0.00885,0.26162
CVE-2021-1942,0.00885,0.26162
CVE-2021-1943,0.00885,0.26162
CVE-2021-1945,0.00885,0.26162
CVE-2021-1946,0.00885,0.26162
CVE-2021-1947,0.00885,0.26162
CVE-2021-1948,0.00885,0.26162
CVE-2021-1949,0.00885,0.26162
CVE-2021-1950,0.00885,0.26162
CVE-2021-1952,0.00885,0.26162
CVE-2021-1953,0.00885,0.26162
CVE-2021-1954,0.00885,0.26162
CVE-2021-1955,0.00885,0.26162
CVE-2021-1956,0.00885,0.26162
CVE-2021-1957,0.00885,0.26162
CVE-2021-1958,0.00885,0.26162
CVE-2021-1959,0.00885,0.26162
CVE-2021-1960,0.00885,0.26162
CVE-2021-1961,0.00885,0.26162
CVE-2021-1962,0.00885,0.26162
CVE-2021-1963,0.00885,0.26162
CVE-2021-1964,0.00885,0.26162
CVE-2021-1966,0.00885,0.26162
CVE-2021-1967,0.00885,0.26162
CVE-2021-1968,0.00885,0.26162
CVE-2021-1969,0.00885,0.26162
CVE-2021-1970,0.00885,0.26162
CVE-2021-1971,0.00885,0.26162
CVE-2021-1972,0.00885,0.26162
CVE-2021-1973,0.00885,0.26162
CVE-2021-1974,0.00885,0.26162
CVE-2021-1975,0.00885,0.26162
CVE-2021-1976,0.00885,0.26162
CVE-2021-1977,0.00885,0.26162
CVE-2021-1979,0.00885,0.26162
CVE-2021-1980,0.00885,0.26162
CVE-2021-1981,0.00885,0.26162
CVE-2021-1982,0.00885,0.26162
CVE-2021-1983,0.00885,0.26162
CVE-2021-1984,0.00885,0.26162
CVE-2021-1985,0.00885,0.26162
CVE-2021-1993,0.00885,0.26162
CVE-2021-1995,0.00885,0.26162
CVE-2021-1996,0.00885,0.26162
CVE-2021-1997,0.00885,0.26162
CVE-2021-1998,0.0095,0.30554
CVE-2021-1999,0.00885,0.26162
CVE-2021-2000,0.00885,0.26162
CVE-2021-20001,0.01018,0.38792
CVE-2021-2001,0.0095,0.30554
CVE-2021-20016,0.01055,0.50287
CVE-2021-20017,0.02055,0.7893
CVE-2021-20018,0.00885,0.26162
CVE-2021-20019,0.00885,0.26162
CVE-2021-2002,0.0095,0.30554
CVE-2021-20020,0.01156,0.60033
CVE-2021-20021,0.00885,0.26162
CVE-2021-20022,0.00885,0.26162
CVE-2021-20023,0.00885,0.26162
CVE-2021-20024,0.00885,0.26162
CVE-2021-20025,0.00885,0.26162
CVE-2021-20026,0.02055,0.7893
CVE-2021-20027,0.01055,0.50287
CVE-2021-20028,0.00885,0.26162
CVE-2021-2003,0.00885,0.26162
CVE-2021-20031,0.01055,0.50287
CVE-2021-20032,0.01156,0.60033
CVE-2021-20034,0.01055,0.50287
CVE-2021-20035,0.01055,0.50287
CVE-2021-20037,0.01036,0.41241
CVE-2021-20039,0.22486,0.96446
CVE-2021-2004,0.00885,0.26162
CVE-2021-20040,0.01055,0.50287
CVE-2021-20041,0.00885,0.26162
CVE-2021-20042,0.01055,0.50287
CVE-2021-20043,0.01156,0.60033
CVE-2021-20044,0.01055,0.50287
CVE-2021-20045,0.01156,0.60033
CVE-2021-20046,0.01156,0.60033
CVE-2021-20047,0.01103,0.51945
CVE-2021-20048,0.01156,0.60033
CVE-2021-20049,0.01055,0.50287
CVE-2021-2005,0.00885,0.26162
CVE-2021-20050,0.00885,0.26162
CVE-2021-20051,0.01036,0.41241
CVE-2021-2006,0.0095,0.30554
CVE-2021-20066,0.0144,0.7265
CVE-2021-20067,0.00885,0.26162
CVE-2021-20068,0.00885,0.26162
CVE-2021-20069,0.00885,0.26162
CVE-2021-2007,0.01018,0.38792
CVE-2021-20070,0.00885,0.26162
CVE-2021-20071,0.00885,0.26162
CVE-2021-20072,0.00885,0.26162
CVE-2021-20073,0.00885,0.26162
CVE-2021-20074,0.00885,0.26162
CVE-2021-20075,0.00885,0.26162
CVE-2021-20076,0.01156,0.60033
CVE-2021-20077,0.0089,0.2856
CVE-2021-20078,0.01055,0.50287
CVE-2021-20079,0.00885,0.26162
CVE-2021-2008,0.00885,0.26162
CVE-2021-20080,0.01055,0.50287
CVE-2021-20081,0.01055,0.50287
CVE-2021-20083,0.0095,0.30554
CVE-2021-20084,0.00885,0.26162
CVE-2021-20085,0.00885,0.26162
CVE-2021-20086,0.00885,0.26162
CVE-2021-20087,0.00885,0.26162
CVE-2021-20088,0.00885,0.26162
CVE-2021-20089,0.00885,0.26162
CVE-2021-2009,0.0095,0.30554
CVE-2021-20090,0.01055,0.50287
CVE-2021-20091,0.01156,0.60033
CVE-2021-20092,0.00885,0.26162
CVE-2021-20093,0.01213,0.6557
CVE-2021-20094,0.01213,0.6557
CVE-2021-20096,0.01055,0.50287
CVE-2021-20099,0.00885,0.26162
CVE-2021-2010,0.0095,0.30554
CVE-2021-20100,0.00885,0.26162
CVE-2021-20101,0.00885,0.26162
CVE-2021-20102,0.00885,0.26162
CVE-2021-20103,0.00885,0.26162
CVE-2021-20104,0.01156,0.60033
CVE-2021-20105,0.00885,0.26162
CVE-2021-20106,0.00885,0.26162
CVE-2021-20107,0.00885,0.26162
CVE-2021-20108,0.01055,0.50287
CVE-2021-20109,0.00885,0.26162
CVE-2021-2011,0.01018,0.38792
CVE-2021-20110,0.01156,0.60033
CVE-2021-20111,0.00885,0.26162
CVE-2021-20112,0.00885,0.26162
CVE-2021-20113,0.00885,0.26162
CVE-2021-20114,0.00885,0.26162
CVE-2021-20115,0.00885,0.26162
CVE-2021-20116,0.00885,0.26162
CVE-2021-20117,0.00885,0.26162
CVE-2021-20118,0.00885,0.26162
CVE-2021-20119,0.00885,0.26162
CVE-2021-2012,0.0095,0.30554
CVE-2021-20120,0.00885,0.26162
CVE-2021-20121,0.00885,0.26162
CVE-2021-20122,0.01055,0.50287
CVE-2021-20123,0.00885,0.26162
CVE-2021-20124,0.00885,0.26162
CVE-2021-20125,0.00885,0.26162
CVE-2021-20126,0.00885,0.26162
CVE-2021-20127,0.00885,0.26162
CVE-2021-20128,0.00885,0.26162
CVE-2021-20129,0.00885,0.26162
CVE-2021-2013,0.00885,0.26162
CVE-2021-20130,0.01424,0.72364
CVE-2021-20131,0.01424,0.72364
CVE-2021-20132,0.01055,0.50287
CVE-2021-20133,0.01055,0.50287
CVE-2021-20134,0.01103,0.51945
CVE-2021-20135,0.00885,0.26162
CVE-2021-20136,0.01156,0.60033
CVE-2021-20137,0.01086,0.51674
CVE-2021-20139,0.01055,0.50287
CVE-2021-2014,0.0089,0.2856
CVE-2021-20140,0.01055,0.50287
CVE-2021-20141,0.01055,0.50287
CVE-2021-20142,0.01055,0.50287
CVE-2021-20143,0.01055,0.50287
CVE-2021-20144,0.01055,0.50287
CVE-2021-20145,0.00885,0.26162
CVE-2021-20146,0.00885,0.26162
CVE-2021-20147,0.01055,0.50287
CVE-2021-20148,0.00885,0.26162
CVE-2021-20149,0.00885,0.26162
CVE-2021-2015,0.00885,0.26162
CVE-2021-20150,0.00885,0.26162
CVE-2021-20151,0.00885,0.26162
CVE-2021-20152,0.00885,0.26162
CVE-2021-20153,0.01103,0.51945
CVE-2021-20154,0.00885,0.26162
CVE-2021-20155,0.00885,0.26162
CVE-2021-20156,0.00885,0.26162
CVE-2021-20157,0.00885,0.26162
CVE-2021-20158,0.00885,0.26162
CVE-2021-20159,0.02055,0.7893
CVE-2021-2016,0.0095,0.30554
CVE-2021-20160,0.02055,0.7893
CVE-2021-20161,0.00885,0.26162
CVE-2021-20162,0.00885,0.26162
CVE-2021-20163,0.00885,0.26162
CVE-2021-20164,0.00885,0.26162
CVE-2021-20165,0.00885,0.26162
CVE-2021-20166,0.00885,0.26162
CVE-2021-20167,0.01005,0.35949
CVE-2021-20168,0.00885,0.26162
CVE-2021-20169,0.00885,0.26162
CVE-2021-2017,0.00885,0.26162
CVE-2021-20170,0.00885,0.26162
CVE-2021-20171,0.00885,0.26162
CVE-2021-20172,0.00885,0.26162
CVE-2021-20173,0.02055,0.7893
CVE-2021-20174,0.00885,0.26162
CVE-2021-20175,0.00885,0.26162
CVE-2021-20176,0.00885,0.26162
CVE-2021-20177,0.00885,0.26162
CVE-2021-20178,0.0095,0.30554
CVE-2021-20179,0.01282,0.67298
CVE-2021-2018,0.00885,0.26162
CVE-2021-20180,0.00885,0.26162
CVE-2021-20181,0.0095,0.30554
CVE-2021-20182,0.00885,0.26162
CVE-2021-20183,0.00885,0.26162
CVE-2021-20184,0.00885,0.26162
CVE-2021-20185,0.00885,0.26162
CVE-2021-20186,0.00885,0.26162
CVE-2021-20187,0.00885,0.26162
CVE-2021-20188,0.00885,0.26162
CVE-2021-2019,0.0095,0.30554
CVE-2021-20190,0.01742,0.75235
CVE-2021-20191,0.00885,0.26162
CVE-2021-20193,0.01018,0.38792
CVE-2021-20194,0.01005,0.36332
CVE-2021-20195,0.00885,0.26162
CVE-2021-20196,0.0095,0.30554
CVE-2021-20197,0.0095,0.30554
CVE-2021-20198,0.01055,0.50287
CVE-2021-20199,0.01018,0.38792
CVE-2021-2020,0.0095,0.30554
CVE-2021-20201,0.01136,0.57949
CVE-2021-20202,0.00885,0.26162
CVE-2021-20203,0.0095,0.30554
CVE-2021-20204,0.02509,0.81058
CVE-2021-20205,0.00954,0.34522
CVE-2021-20206,0.00885,0.26162
CVE-2021-20208,0.0095,0.30554
CVE-2021-20209,0.01018,0.38792
CVE-2021-2021,0.0095,0.30554
CVE-2021-20210,0.00954,0.34522
CVE-2021-20211,0.00954,0.34522
CVE-2021-20212,0.00954,0.34522
CVE-2021-20213,0.00954,0.34522
CVE-2021-20214,0.00954,0.34522
CVE-2021-20215,0.00954,0.34522
CVE-2021-20216,0.01018,0.38792
CVE-2021-20217,0.00885,0.26162
CVE-2021-20218,0.00885,0.26162
CVE-2021-20219,0.00885,0.26162
CVE-2021-2022,0.0095,0.30554
CVE-2021-20220,0.00885,0.26162
CVE-2021-20221,0.0095,0.30554
CVE-2021-20222,0.00885,0.26162
CVE-2021-20223,0.00954,0.34522
CVE-2021-20224,0.00954,0.34522
CVE-2021-20225,0.0095,0.30554
CVE-2021-20226,0.00885,0.26162
CVE-2021-20227,0.01505,0.72763
CVE-2021-20228,0.00954,0.34522
CVE-2021-20229,0.0089,0.2856
CVE-2021-2023,0.00885,0.26162
CVE-2021-20230,0.00954,0.34522
CVE-2021-20231,0.01537,0.73595
CVE-2021-20232,0.01537,0.73595
CVE-2021-20233,0.0095,0.30554
CVE-2021-20234,0.00885,0.26162
CVE-2021-20235,0.01055,0.50287
CVE-2021-20236,0.00885,0.26162
CVE-2021-20237,0.01055,0.50287
CVE-2021-20238,0.00885,0.26162
CVE-2021-20239,0.00885,0.26162
CVE-2021-2024,0.0089,0.2856
CVE-2021-20240,0.02509,0.81058
CVE-2021-20241,0.00954,0.34522
CVE-2021-20243,0.00954,0.34522
CVE-2021-20244,0.00954,0.34522
CVE-2021-20245,0.00954,0.34522
CVE-2021-20246,0.00885,0.26162
CVE-2021-20247,0.01108,0.53389
CVE-2021-2025,0.00885,0.26162
CVE-2021-20250,0.00885,0.26162
CVE-2021-20252,0.00885,0.26162
CVE-2021-20253,0.00885,0.26162
CVE-2021-20254,0.01034,0.39824
CVE-2021-20255,0.0095,0.30554
CVE-2021-20256,0.00885,0.26162
CVE-2021-20257,0.01034,0.39824
CVE-2021-20259,0.00885,0.26162
CVE-2021-2026,0.00885,0.26162
CVE-2021-20260,0.00885,0.26162
CVE-2021-20261,0.00885,0.26162
CVE-2021-20262,0.00885,0.26162
CVE-2021-20263,0.0095,0.30554
CVE-2021-20264,0.00885,0.26162
CVE-2021-20265,0.0089,0.2856
CVE-2021-20266,0.0095,0.30554
CVE-2021-20267,0.0089,0.2856
CVE-2021-20268,0.0089,0.2856
CVE-2021-20269,0.00885,0.26162
CVE-2021-2027,0.00885,0.26162
CVE-2021-20270,0.01018,0.38792
CVE-2021-20271,0.01719,0.75183
CVE-2021-20272,0.01018,0.38792
CVE-2021-20273,0.01018,0.38792
CVE-2021-20274,0.00954,0.34522
CVE-2021-20275,0.01018,0.38792
CVE-2021-20276,0.01018,0.38792
CVE-2021-20277,0.01537,0.73595
CVE-2021-20278,0.00885,0.26162
CVE-2021-20279,0.0095,0.30554
CVE-2021-2028,0.0089,0.2856
CVE-2021-20280,0.01034,0.39824
CVE-2021-20281,0.01018,0.38792
CVE-2021-20282,0.01018,0.38792
CVE-2021-20283,0.0095,0.30554
CVE-2021-20284,0.01018,0.38792
CVE-2021-20285,0.00885,0.26162
CVE-2021-20286,0.00885,0.26162
CVE-2021-20288,0.0095,0.30554
CVE-2021-20289,0.00885,0.26162
CVE-2021-2029,0.00885,0.26162
CVE-2021-20290,0.00885,0.26162
CVE-2021-20291,0.01108,0.53389
CVE-2021-20292,0.01005,0.36332
CVE-2021-20293,0.00885,0.26162
CVE-2021-20294,0.01108,0.53389
CVE-2021-20295,0.0089,0.2856
CVE-2021-20296,0.01018,0.38792
CVE-2021-20297,0.00885,0.26162
CVE-2021-20298,0.01018,0.38792
CVE-2021-20299,0.00954,0.34522
CVE-2021-2030,0.0089,0.2856
CVE-2021-20300,0.00954,0.34522
CVE-2021-20302,0.00954,0.34522
CVE-2021-20303,0.00954,0.34522
CVE-2021-20304,0.01018,0.38792
CVE-2021-20305,0.01108,0.53389
CVE-2021-20306,0.00885,0.26162
CVE-2021-20307,0.01108,0.53389
CVE-2021-20308,0.02398,0.80734
CVE-2021-20309,0.00885,0.26162
CVE-2021-2031,0.0089,0.2856
CVE-2021-20310,0.00885,0.26162
CVE-2021-20311,0.00885,0.26162
CVE-2021-20312,0.00885,0.26162
CVE-2021-20313,0.00885,0.26162
CVE-2021-20314,0.02398,0.80734
CVE-2021-20315,0.00885,0.26162
CVE-2021-20316,0.0095,0.30554
CVE-2021-20317,0.01034,0.39824
CVE-2021-20318,0.01156,0.60033
CVE-2021-20319,0.00954,0.34522
CVE-2021-2032,0.0089,0.2856
CVE-2021-20320,0.00885,0.26162
CVE-2021-20321,0.0095,0.30554
CVE-2021-20322,0.01974,0.7812
CVE-2021-20323,0.00885,0.26162
CVE-2021-20324,0.00885,0.26162
CVE-2021-20325,0.00885,0.26162
CVE-2021-20326,0.00885,0.26162
CVE-2021-20327,0.00885,0.26162
CVE-2021-20328,0.00885,0.26162
CVE-2021-20329,0.00885,0.26162
CVE-2021-2033,0.00885,0.26162
CVE-2021-20330,0.00885,0.26162
CVE-2021-20331,0.00885,0.26162
CVE-2021-20332,0.00885,0.26162
CVE-2021-20333,0.00885,0.26162
CVE-2021-20334,0.00885,0.26162
CVE-2021-20335,0.00885,0.26162
CVE-2021-20336,0.00885,0.26162
CVE-2021-20337,0.00885,0.26162
CVE-2021-20338,0.00885,0.26162
CVE-2021-2034,0.00885,0.26162
CVE-2021-20340,0.00885,0.26162
CVE-2021-20341,0.00885,0.26162
CVE-2021-20343,0.00885,0.26162
CVE-2021-20345,0.00885,0.26162
CVE-2021-20346,0.00885,0.26162
CVE-2021-20347,0.00885,0.26162
CVE-2021-20348,0.00885,0.26162
CVE-2021-20349,0.00885,0.26162
CVE-2021-2035,0.00885,0.26162
CVE-2021-20350,0.00885,0.26162
CVE-2021-20351,0.00885,0.26162
CVE-2021-20352,0.00885,0.26162
CVE-2021-20353,0.01136,0.57949
CVE-2021-20354,0.01055,0.50287
CVE-2021-20355,0.01055,0.50287
CVE-2021-20357,0.00885,0.26162
CVE-2021-20358,0.00885,0.26162
CVE-2021-20359,0.00885,0.26162
CVE-2021-2036,0.0089,0.2856
CVE-2021-20360,0.00885,0.26162
CVE-2021-20361,0.00885,0.26162
CVE-2021-20362,0.00885,0.26162
CVE-2021-20363,0.00885,0.26162
CVE-2021-20364,0.00885,0.26162
CVE-2021-20365,0.00885,0.26162
CVE-2021-20366,0.00885,0.26162
CVE-2021-20368,0.00885,0.26162
CVE-2021-20369,0.00885,0.26162
CVE-2021-20371,0.01055,0.50287
CVE-2021-20372,0.01055,0.50287
CVE-2021-20373,0.00954,0.34522
CVE-2021-20374,0.00885,0.26162
CVE-2021-20375,0.00885,0.26162
CVE-2021-20376,0.00885,0.26162
CVE-2021-20377,0.01055,0.50287
CVE-2021-20378,0.00885,0.26162
CVE-2021-20379,0.00885,0.26162
CVE-2021-2038,0.0089,0.2856
CVE-2021-20380,0.01055,0.50287
CVE-2021-20385,0.01055,0.50287
CVE-2021-20386,0.00885,0.26162
CVE-2021-20389,0.00885,0.26162
CVE-2021-2039,0.00885,0.26162
CVE-2021-20391,0.00885,0.26162
CVE-2021-20392,0.00885,0.26162
CVE-2021-20393,0.01055,0.50287
CVE-2021-20396,0.00885,0.26162
CVE-2021-20397,0.00885,0.26162
CVE-2021-20399,0.01055,0.50287
CVE-2021-2040,0.00885,0.26162
CVE-2021-20400,0.00885,0.26162
CVE-2021-20401,0.00885,0.26162
CVE-2021-20402,0.01055,0.50287
CVE-2021-20403,0.00885,0.26162
CVE-2021-20404,0.00885,0.26162
CVE-2021-20405,0.00885,0.26162
CVE-2021-20406,0.00885,0.26162
CVE-2021-20407,0.00885,0.26162
CVE-2021-20408,0.00885,0.26162
CVE-2021-20409,0.01055,0.50287
CVE-2021-2041,0.00885,0.26162
CVE-2021-20410,0.00885,0.26162
CVE-2021-20411,0.00885,0.26162
CVE-2021-20412,0.00885,0.26162
CVE-2021-20413,0.01055,0.50287
CVE-2021-20414,0.00885,0.26162
CVE-2021-20415,0.01055,0.50287
CVE-2021-20416,0.01055,0.50287
CVE-2021-20417,0.01055,0.50287
CVE-2021-20418,0.00885,0.26162
CVE-2021-20419,0.00885,0.26162
CVE-2021-2042,0.0089,0.2856
CVE-2021-20420,0.00885,0.26162
CVE-2021-20421,0.00885,0.26162
CVE-2021-20422,0.00885,0.26162
CVE-2021-20423,0.00885,0.26162
CVE-2021-20424,0.01055,0.50287
CVE-2021-20426,0.00885,0.26162
CVE-2021-20427,0.01055,0.50287
CVE-2021-20428,0.01055,0.50287
CVE-2021-20429,0.00885,0.26162
CVE-2021-2043,0.00885,0.26162
CVE-2021-20430,0.01055,0.50287
CVE-2021-20431,0.00885,0.26162
CVE-2021-20432,0.00885,0.26162
CVE-2021-20433,0.00885,0.26162
CVE-2021-20434,0.00885,0.26162
CVE-2021-20435,0.00885,0.26162
CVE-2021-20439,0.00885,0.26162
CVE-2021-2044,0.00885,0.26162
CVE-2021-20440,0.00885,0.26162
CVE-2021-20441,0.00885,0.26162
CVE-2021-20442,0.00885,0.26162
CVE-2021-20443,0.00885,0.26162
CVE-2021-20444,0.00885,0.26162
CVE-2021-20445,0.00885,0.26162
CVE-2021-20446,0.00885,0.26162
CVE-2021-20447,0.00885,0.26162
CVE-2021-20448,0.00885,0.26162
CVE-2021-2045,0.00885,0.26162
CVE-2021-20453,0.01055,0.50287
CVE-2021-20454,0.01055,0.50287
CVE-2021-2046,0.0089,0.2856
CVE-2021-20461,0.0089,0.2856
CVE-2021-20464,0.0089,0.2856
CVE-2021-20468,0.00885,0.26162
CVE-2021-20470,0.00954,0.34522
CVE-2021-20473,0.00885,0.26162
CVE-2021-20474,0.00885,0.26162
CVE-2021-20477,0.00885,0.26162
CVE-2021-20478,0.00885,0.26162
CVE-2021-20479,0.00885,0.26162
CVE-2021-2048,0.0089,0.2856
CVE-2021-20480,0.01055,0.50287
CVE-2021-20481,0.00885,0.26162
CVE-2021-20482,0.01055,0.50287
CVE-2021-20483,0.01055,0.50287
CVE-2021-20484,0.00885,0.26162
CVE-2021-20485,0.01055,0.50287
CVE-2021-20486,0.00885,0.26162
CVE-2021-20487,0.00885,0.26162
CVE-2021-20488,0.00885,0.26162
CVE-2021-20489,0.00885,0.26162
CVE-2021-2049,0.00885,0.26162
CVE-2021-20490,0.00885,0.26162
CVE-2021-20491,0.00885,0.26162
CVE-2021-20492,0.01055,0.50287
CVE-2021-20493,0.00954,0.34522
CVE-2021-20494,0.00885,0.26162
CVE-2021-20496,0.00885,0.26162
CVE-2021-20497,0.00885,0.26162
CVE-2021-20498,0.00885,0.26162
CVE-2021-20499,0.01055,0.50287
CVE-2021-2050,0.00885,0.26162
CVE-2021-20500,0.00885,0.26162
CVE-2021-20501,0.01055,0.50287
CVE-2021-20502,0.01055,0.50287
CVE-2021-20503,0.00885,0.26162
CVE-2021-20504,0.00885,0.26162
CVE-2021-20505,0.00885,0.26162
CVE-2021-20506,0.00885,0.26162
CVE-2021-20507,0.00885,0.26162
CVE-2021-20508,0.01055,0.50287
CVE-2021-20509,0.01055,0.50287
CVE-2021-2051,0.00885,0.26162
CVE-2021-20510,0.00885,0.26162
CVE-2021-20511,0.01055,0.50287
CVE-2021-20515,0.01005,0.36332
CVE-2021-20517,0.01055,0.50287
CVE-2021-20518,0.00885,0.26162
CVE-2021-20519,0.00885,0.26162
CVE-2021-2052,0.00885,0.26162
CVE-2021-20520,0.00885,0.26162
CVE-2021-20523,0.01055,0.50287
CVE-2021-20524,0.00885,0.26162
CVE-2021-20526,0.01055,0.50287
CVE-2021-20527,0.00885,0.26162
CVE-2021-20528,0.00885,0.26162
CVE-2021-20529,0.00885,0.26162
CVE-2021-2053,0.00885,0.26162
CVE-2021-20532,0.00885,0.26162
CVE-2021-20533,0.01055,0.50287
CVE-2021-20534,0.01055,0.50287
CVE-2021-20535,0.00885,0.26162
CVE-2021-20536,0.00885,0.26162
CVE-2021-20537,0.00885,0.26162
CVE-2021-20538,0.00885,0.26162
CVE-2021-20539,0.00885,0.26162
CVE-2021-2054,0.00885,0.26162
CVE-2021-20540,0.00885,0.26162
CVE-2021-20541,0.00885,0.26162
CVE-2021-20543,0.01055,0.50287
CVE-2021-20544,0.00885,0.26162
CVE-2021-20546,0.00885,0.26162
CVE-2021-20549,0.00885,0.26162
CVE-2021-2055,0.0089,0.2856
CVE-2021-20550,0.00885,0.26162
CVE-2021-20551,0.00885,0.26162
CVE-2021-20552,0.01055,0.50287
CVE-2021-20554,0.00885,0.26162
CVE-2021-20557,0.01055,0.50287
CVE-2021-20559,0.00885,0.26162
CVE-2021-2056,0.0089,0.2856
CVE-2021-20560,0.01055,0.50287
CVE-2021-20561,0.00885,0.26162
CVE-2021-20562,0.0095,0.30554
CVE-2021-20563,0.00885,0.26162
CVE-2021-20564,0.01055,0.50287
CVE-2021-20565,0.00885,0.26162
CVE-2021-20566,0.00885,0.26162
CVE-2021-20567,0.00885,0.26162
CVE-2021-20569,0.00885,0.26162
CVE-2021-2057,0.00885,0.26162
CVE-2021-20571,0.00885,0.26162
CVE-2021-20572,0.01055,0.50287
CVE-2021-20573,0.01055,0.50287
CVE-2021-20574,0.01055,0.50287
CVE-2021-20575,0.00885,0.26162
CVE-2021-20576,0.01055,0.50287
CVE-2021-20577,0.00885,0.26162
CVE-2021-20578,0.00885,0.26162
CVE-2021-20579,0.0089,0.2856
CVE-2021-2058,0.0089,0.2856
CVE-2021-20580,0.00885,0.26162
CVE-2021-20582,0.00885,0.26162
CVE-2021-20583,0.00885,0.26162
CVE-2021-20584,0.01055,0.50287
CVE-2021-20585,0.00885,0.26162
CVE-2021-20586,0.01156,0.60033
CVE-2021-20587,0.01136,0.57949
CVE-2021-20588,0.01136,0.57949
CVE-2021-20589,0.01055,0.50287
CVE-2021-2059,0.00885,0.26162
CVE-2021-20590,0.01055,0.50287
CVE-2021-20591,0.01055,0.50287
CVE-2021-20592,0.01055,0.50287
CVE-2021-20593,0.01055,0.50287
CVE-2021-20594,0.01055,0.50287
CVE-2021-20595,0.01055,0.50287
CVE-2021-20596,0.01136,0.57949
CVE-2021-20597,0.01055,0.50287
CVE-2021-20598,0.01055,0.50287
CVE-2021-20599,0.01055,0.50287
CVE-2021-2060,0.0089,0.2856
CVE-2021-20600,0.01136,0.57949
CVE-2021-20601,0.01136,0.57949
CVE-2021-20606,0.00954,0.34522
CVE-2021-20607,0.00954,0.34522
CVE-2021-20608,0.00954,0.34522
CVE-2021-20609,0.01136,0.57949
CVE-2021-2061,0.0089,0.2856
CVE-2021-20610,0.01136,0.57949
CVE-2021-20611,0.01136,0.57949
CVE-2021-20612,0.01136,0.57949
CVE-2021-20613,0.01136,0.57949
CVE-2021-20616,0.00885,0.26162
CVE-2021-20617,0.01055,0.50287
CVE-2021-20618,0.01055,0.50287
CVE-2021-20619,0.01136,0.57949
CVE-2021-2062,0.00885,0.26162
CVE-2021-20620,0.01136,0.57949
CVE-2021-20621,0.01136,0.57949
CVE-2021-20622,0.01136,0.57949
CVE-2021-20623,0.01978,0.78447
CVE-2021-20624,0.00885,0.26162
CVE-2021-20625,0.00885,0.26162
CVE-2021-20626,0.00885,0.26162
CVE-2021-20627,0.01055,0.50287
CVE-2021-20628,0.01055,0.50287
CVE-2021-20629,0.01055,0.50287
CVE-2021-2063,0.00885,0.26162
CVE-2021-20630,0.00885,0.26162
CVE-2021-20631,0.00885,0.26162
CVE-2021-20632,0.00885,0.26162
CVE-2021-20633,0.00885,0.26162
CVE-2021-20634,0.00885,0.26162
CVE-2021-20635,0.00885,0.26162
CVE-2021-20636,0.01055,0.50287
CVE-2021-20637,0.01055,0.50287
CVE-2021-20638,0.00885,0.26162
CVE-2021-20639,0.00885,0.26162
CVE-2021-20640,0.0089,0.2856
CVE-2021-20641,0.01055,0.50287
CVE-2021-20642,0.01055,0.50287
CVE-2021-20643,0.01055,0.50287
CVE-2021-20644,0.00885,0.26162
CVE-2021-20645,0.01055,0.50287
CVE-2021-20646,0.01055,0.50287
CVE-2021-20647,0.01055,0.50287
CVE-2021-20648,0.00885,0.26162
CVE-2021-20649,0.00885,0.26162
CVE-2021-2065,0.0089,0.2856
CVE-2021-20650,0.01055,0.50287
CVE-2021-20651,0.01055,0.50287
CVE-2021-20652,0.01055,0.50287
CVE-2021-20653,0.01055,0.50287
CVE-2021-20654,0.00885,0.26162
CVE-2021-20655,0.01055,0.50287
CVE-2021-20656,0.0089,0.2856
CVE-2021-20657,0.0089,0.2856
CVE-2021-20658,0.00954,0.34522
CVE-2021-20659,0.02199,0.80273
CVE-2021-2066,0.00885,0.26162
CVE-2021-20660,0.00954,0.34522
CVE-2021-20661,0.0089,0.2856
CVE-2021-20662,0.00954,0.34522
CVE-2021-20663,0.01055,0.50287
CVE-2021-20664,0.01055,0.50287
CVE-2021-20665,0.01055,0.50287
CVE-2021-20667,0.01055,0.50287
CVE-2021-20668,0.00885,0.26162
CVE-2021-20669,0.00885,0.26162
CVE-2021-2067,0.00885,0.26162
CVE-2021-20670,0.01055,0.50287
CVE-2021-20671,0.01978,0.78447
CVE-2021-20672,0.01055,0.50287
CVE-2021-20673,0.01055,0.50287
CVE-2021-20674,0.01005,0.36332
CVE-2021-20675,0.01055,0.50287
CVE-2021-20676,0.01055,0.50287
CVE-2021-20677,0.01055,0.50287
CVE-2021-20678,0.01061,0.51015
CVE-2021-20679,0.00954,0.34522
CVE-2021-2068,0.00885,0.26162
CVE-2021-20680,0.01055,0.50287
CVE-2021-20681,0.01055,0.50287
CVE-2021-20682,0.01055,0.50287
CVE-2021-20683,0.01055,0.50287
CVE-2021-20684,0.01055,0.50287
CVE-2021-20685,0.01055,0.50287
CVE-2021-20686,0.01055,0.50287
CVE-2021-20687,0.01055,0.50287
CVE-2021-20688,0.01055,0.50287
CVE-2021-20689,0.01055,0.50287
CVE-2021-2069,0.00885,0.26162
CVE-2021-20690,0.01055,0.50287
CVE-2021-20691,0.01055,0.50287
CVE-2021-20692,0.00885,0.26162
CVE-2021-20693,0.01055,0.50287
CVE-2021-20694,0.01055,0.50287
CVE-2021-20695,0.01055,0.50287
CVE-2021-20696,0.01055,0.50287
CVE-2021-20697,0.01055,0.50287
CVE-2021-20698,0.00885,0.26162
CVE-2021-20699,0.00885,0.26162
CVE-2021-2070,0.0089,0.2856
CVE-2021-20700,0.01156,0.60033
CVE-2021-20701,0.01156,0.60033
CVE-2021-20702,0.01156,0.60033
CVE-2021-20703,0.01156,0.60033
CVE-2021-20704,0.01156,0.60033
CVE-2021-20705,0.01055,0.50287
CVE-2021-20706,0.01055,0.50287
CVE-2021-20707,0.00885,0.26162
CVE-2021-20708,0.00885,0.26162
CVE-2021-20709,0.00885,0.26162
CVE-2021-2071,0.00885,0.26162
CVE-2021-20710,0.01055,0.50287
CVE-2021-20711,0.00885,0.26162
CVE-2021-20712,0.00885,0.26162
CVE-2021-20713,0.00885,0.26162
CVE-2021-20714,0.01061,0.51015
CVE-2021-20715,0.01055,0.50287
CVE-2021-20716,0.01885,0.76424
CVE-2021-20717,0.04836,0.88802
CVE-2021-20718,0.01319,0.70416
CVE-2021-20719,0.00885,0.26162
CVE-2021-2072,0.0089,0.2856
CVE-2021-20720,0.01055,0.50287
CVE-2021-20721,0.01055,0.50287
CVE-2021-20722,0.01005,0.36332
CVE-2021-20723,0.01055,0.50287
CVE-2021-20724,0.01055,0.50287
CVE-2021-20725,0.01055,0.50287
CVE-2021-20726,0.01005,0.36332
CVE-2021-20727,0.00954,0.34522
CVE-2021-20728,0.01055,0.50287
CVE-2021-20729,0.01055,0.50287
CVE-2021-2073,0.00885,0.26162
CVE-2021-20730,0.00885,0.26162
CVE-2021-20731,0.00885,0.26162
CVE-2021-20732,0.00885,0.26162
CVE-2021-20733,0.01055,0.50287
CVE-2021-20734,0.01055,0.50287
CVE-2021-20735,0.01213,0.6557
CVE-2021-20736,0.01055,0.50287
CVE-2021-20737,0.01055,0.50287
CVE-2021-20738,0.00885,0.26162
CVE-2021-20739,0.00885,0.26162
CVE-2021-2074,0.00885,0.26162
CVE-2021-20740,0.01061,0.51015
CVE-2021-20741,0.01055,0.50287
CVE-2021-20742,0.01055,0.50287
CVE-2021-20743,0.01055,0.50287
CVE-2021-20744,0.01055,0.50287
CVE-2021-20745,0.00954,0.34522
CVE-2021-20746,0.01132,0.54372
CVE-2021-20747,0.01055,0.50287
CVE-2021-20748,0.00885,0.26162
CVE-2021-20749,0.01061,0.51015
CVE-2021-20750,0.01136,0.57949
CVE-2021-20751,0.01055,0.50287
CVE-2021-20752,0.01055,0.50287
CVE-2021-20753,0.01055,0.50287
CVE-2021-20754,0.01055,0.50287
CVE-2021-20755,0.01055,0.50287
CVE-2021-20756,0.01055,0.50287
CVE-2021-20757,0.01055,0.50287
CVE-2021-20758,0.01055,0.50287
CVE-2021-20759,0.01055,0.50287
CVE-2021-2076,0.0089,0.2856
CVE-2021-20760,0.01055,0.50287
CVE-2021-20761,0.01055,0.50287
CVE-2021-20762,0.01055,0.50287
CVE-2021-20763,0.01055,0.50287
CVE-2021-20764,0.01055,0.50287
CVE-2021-20765,0.01055,0.50287
CVE-2021-20766,0.01055,0.50287
CVE-2021-20767,0.01055,0.50287
CVE-2021-20768,0.01055,0.50287
CVE-2021-20769,0.01055,0.50287
CVE-2021-2077,0.00885,0.26162
CVE-2021-20770,0.01055,0.50287
CVE-2021-20771,0.01055,0.50287
CVE-2021-20772,0.01055,0.50287
CVE-2021-20773,0.01055,0.50287
CVE-2021-20774,0.01055,0.50287
CVE-2021-20775,0.01055,0.50287
CVE-2021-20776,0.00885,0.26162
CVE-2021-20777,0.01055,0.50287
CVE-2021-20778,0.01136,0.57949
CVE-2021-20779,0.01136,0.57949
CVE-2021-2078,0.00885,0.26162
CVE-2021-20780,0.01136,0.57949
CVE-2021-20781,0.01136,0.57949
CVE-2021-20782,0.01136,0.57949
CVE-2021-20783,0.01055,0.50287
CVE-2021-20784,0.01136,0.57949
CVE-2021-20785,0.01055,0.50287
CVE-2021-20786,0.01055,0.50287
CVE-2021-20787,0.01055,0.50287
CVE-2021-20788,0.01055,0.50287
CVE-2021-20789,0.01055,0.50287
CVE-2021-2079,0.00885,0.26162
CVE-2021-20790,0.0144,0.7265
CVE-2021-20791,0.00885,0.26162
CVE-2021-20792,0.01213,0.6557
CVE-2021-20793,0.01559,0.742
CVE-2021-20795,0.01055,0.50287
CVE-2021-20796,0.01055,0.50287
CVE-2021-20797,0.01055,0.50287
CVE-2021-20798,0.01055,0.50287
CVE-2021-20799,0.01055,0.50287
CVE-2021-2080,0.00885,0.26162
CVE-2021-20800,0.01055,0.50287
CVE-2021-20801,0.01055,0.50287
CVE-2021-20802,0.01055,0.50287
CVE-2021-20803,0.01055,0.50287
CVE-2021-20804,0.01055,0.50287
CVE-2021-20805,0.01055,0.50287
CVE-2021-20806,0.01055,0.50287
CVE-2021-20807,0.01055,0.50287
CVE-2021-20808,0.01055,0.50287
CVE-2021-20809,0.01055,0.50287
CVE-2021-2081,0.0089,0.2856
CVE-2021-20810,0.01055,0.50287
CVE-2021-20811,0.01055,0.50287
CVE-2021-20812,0.01055,0.50287
CVE-2021-20813,0.01055,0.50287
CVE-2021-20814,0.01055,0.50287
CVE-2021-20815,0.01055,0.50287
CVE-2021-2082,0.00885,0.26162
CVE-2021-20825,0.01055,0.50287
CVE-2021-20826,0.00885,0.26162
CVE-2021-20827,0.00885,0.26162
CVE-2021-20828,0.01055,0.50287
CVE-2021-20829,0.01055,0.50287
CVE-2021-2083,0.00885,0.26162
CVE-2021-20831,0.01055,0.50287
CVE-2021-20832,0.00885,0.26162
CVE-2021-20833,0.00885,0.26162
CVE-2021-20834,0.01136,0.57949
CVE-2021-20835,0.01055,0.50287
CVE-2021-20836,0.01005,0.36332
CVE-2021-20838,0.01055,0.50287
CVE-2021-20839,0.01055,0.50287
CVE-2021-2084,0.00885,0.26162
CVE-2021-20840,0.01136,0.57949
CVE-2021-20841,0.01055,0.50287
CVE-2021-20842,0.01055,0.50287
CVE-2021-20843,0.01132,0.54372
CVE-2021-20844,0.01132,0.54372
CVE-2021-20845,0.01136,0.57949
CVE-2021-20846,0.01136,0.57949
CVE-2021-20847,0.01055,0.50287
CVE-2021-20848,0.01055,0.50287
CVE-2021-2085,0.00885,0.26162
CVE-2021-20850,0.01055,0.50287
CVE-2021-20851,0.01055,0.50287
CVE-2021-20852,0.00885,0.26162
CVE-2021-20853,0.00885,0.26162
CVE-2021-20854,0.00885,0.26162
CVE-2021-20855,0.01055,0.50287
CVE-2021-20856,0.01055,0.50287
CVE-2021-20857,0.01055,0.50287
CVE-2021-20858,0.01055,0.50287
CVE-2021-20859,0.00885,0.26162
CVE-2021-2086,0.00885,0.26162
CVE-2021-20860,0.01055,0.50287
CVE-2021-20861,0.00885,0.26162
CVE-2021-20862,0.00885,0.26162
CVE-2021-20863,0.01005,0.35949
CVE-2021-20864,0.00885,0.26162
CVE-2021-20865,0.00954,0.34522
CVE-2021-20866,0.0089,0.2856
CVE-2021-20867,0.0089,0.2856
CVE-2021-20868,0.0095,0.30554
CVE-2021-20869,0.01018,0.38792
CVE-2021-2087,0.0089,0.2856
CVE-2021-20870,0.01018,0.38792
CVE-2021-20871,0.01018,0.38792
CVE-2021-20872,0.01018,0.38792
CVE-2021-20873,0.00885,0.26162
CVE-2021-20874,0.01055,0.50287
CVE-2021-20875,0.01055,0.50287
CVE-2021-20876,0.00885,0.26162
CVE-2021-20877,0.01132,0.54372
CVE-2021-2088,0.0089,0.2856
CVE-2021-2089,0.00885,0.26162
CVE-2021-2090,0.00885,0.26162
CVE-2021-2091,0.00885,0.26162
CVE-2021-2092,0.00885,0.26162
CVE-2021-2093,0.00885,0.26162
CVE-2021-2094,0.00885,0.26162
CVE-2021-2096,0.00885,0.26162
CVE-2021-2097,0.00885,0.26162
CVE-2021-2098,0.00885,0.26162
CVE-2021-20986,0.00885,0.26162
CVE-2021-20987,0.00885,0.26162
CVE-2021-20988,0.00885,0.26162
CVE-2021-20989,0.00954,0.34522
CVE-2021-2099,0.00885,0.26162
CVE-2021-20990,0.00954,0.34522
CVE-2021-20991,0.02066,0.78986
CVE-2021-20992,0.00954,0.34522
CVE-2021-20993,0.00885,0.26162
CVE-2021-20994,0.00885,0.26162
CVE-2021-20995,0.00885,0.26162
CVE-2021-20996,0.00885,0.26162
CVE-2021-20997,0.00885,0.26162
CVE-2021-20998,0.00885,0.26162
CVE-2021-20999,0.00885,0.26162
CVE-2021-2100,0.00885,0.26162
CVE-2021-21000,0.00885,0.26162
CVE-2021-21001,0.00885,0.26162
CVE-2021-21002,0.00885,0.26162
CVE-2021-21003,0.00885,0.26162
CVE-2021-21004,0.00885,0.26162
CVE-2021-21005,0.00885,0.26162
CVE-2021-21006,0.01223,0.65839
CVE-2021-21007,0.01223,0.65839
CVE-2021-21008,0.01223,0.65839
CVE-2021-21009,0.01046,0.41635
CVE-2021-2101,0.00885,0.26162
CVE-2021-21010,0.01223,0.65839
CVE-2021-21011,0.01046,0.41635
CVE-2021-21012,0.01046,0.41635
CVE-2021-21013,0.01046,0.41635
CVE-2021-21015,0.01086,0.51674
CVE-2021-21016,0.01156,0.60033
CVE-2021-21018,0.01086,0.51674
CVE-2021-21019,0.01086,0.51674
CVE-2021-2102,0.00885,0.26162
CVE-2021-21020,0.00885,0.26162
CVE-2021-21021,0.01282,0.66661
CVE-2021-21022,0.00885,0.26162
CVE-2021-21023,0.01086,0.51674
CVE-2021-21024,0.00885,0.26162
CVE-2021-21025,0.01086,0.51674
CVE-2021-21026,0.00885,0.26162
CVE-2021-21027,0.00885,0.26162
CVE-2021-21028,0.01282,0.66661
CVE-2021-21029,0.01086,0.51674
CVE-2021-2103,0.00885,0.26162
CVE-2021-21030,0.01086,0.51674
CVE-2021-21031,0.00885,0.26162
CVE-2021-21032,0.00885,0.26162
CVE-2021-21033,0.01282,0.66661
CVE-2021-21034,0.01046,0.41635
CVE-2021-21035,0.01282,0.66661
CVE-2021-21036,0.01223,0.65839
CVE-2021-21037,0.01223,0.65839
CVE-2021-21038,0.01223,0.65839
CVE-2021-21039,0.01223,0.65839
CVE-2021-2104,0.00885,0.26162
CVE-2021-21040,0.01223,0.65839
CVE-2021-21041,0.01223,0.65839
CVE-2021-21043,0.01046,0.41635
CVE-2021-21044,0.01223,0.65839
CVE-2021-21045,0.01046,0.41635
CVE-2021-21046,0.01046,0.41635
CVE-2021-21047,0.01223,0.65839
CVE-2021-21048,0.01223,0.65839
CVE-2021-21049,0.01223,0.65839
CVE-2021-2105,0.00885,0.26162
CVE-2021-21050,0.01223,0.65839
CVE-2021-21051,0.01223,0.65839
CVE-2021-21052,0.01223,0.65839
CVE-2021-21053,0.01223,0.65839
CVE-2021-21054,0.01223,0.65839
CVE-2021-21055,0.01046,0.41635
CVE-2021-21056,0.01768,0.7561
CVE-2021-21057,0.01046,0.41635
CVE-2021-21058,0.01223,0.65839
CVE-2021-21059,0.01223,0.65839
CVE-2021-2106,0.00885,0.26162
CVE-2021-21060,0.01046,0.41635
CVE-2021-21061,0.01046,0.41635
CVE-2021-21062,0.01223,0.65839
CVE-2021-21063,0.01223,0.65839
CVE-2021-21064,0.00885,0.26162
CVE-2021-21065,0.01223,0.65839
CVE-2021-21066,0.01223,0.65839
CVE-2021-21067,0.01223,0.65839
CVE-2021-21068,0.01046,0.41635
CVE-2021-21069,0.01046,0.41635
CVE-2021-2107,0.00885,0.26162
CVE-2021-21070,0.01046,0.41635
CVE-2021-21071,0.01223,0.65839
CVE-2021-21072,0.01046,0.41635
CVE-2021-21073,0.01046,0.41635
CVE-2021-21074,0.01046,0.41635
CVE-2021-21075,0.01046,0.41635
CVE-2021-21076,0.01046,0.41635
CVE-2021-21077,0.01223,0.65839
CVE-2021-21078,0.01223,0.65839
CVE-2021-21079,0.01046,0.41635
CVE-2021-21080,0.01046,0.41635
CVE-2021-21082,0.01223,0.65839
CVE-2021-21083,0.01046,0.41635
CVE-2021-21084,0.01046,0.41635
CVE-2021-21085,0.01223,0.65839
CVE-2021-21089,0.01046,0.41635
CVE-2021-21090,0.01156,0.60033
CVE-2021-21091,0.01046,0.41635
CVE-2021-21092,0.01768,0.7561
CVE-2021-21093,0.01768,0.7561
CVE-2021-21094,0.01768,0.7561
CVE-2021-21095,0.01768,0.7561
CVE-2021-21096,0.01046,0.41635
CVE-2021-21098,0.01156,0.60033
CVE-2021-21099,0.01156,0.60033
CVE-2021-2110,0.00885,0.26162
CVE-2021-21100,0.01046,0.41635
CVE-2021-21101,0.01282,0.66661
CVE-2021-21102,0.01282,0.66661
CVE-2021-21103,0.01046,0.41635
CVE-2021-21104,0.01156,0.60033
CVE-2021-21105,0.01156,0.60033
CVE-2021-21106,0.01319,0.70416
CVE-2021-21107,0.01319,0.70416
CVE-2021-21108,0.01319,0.70416
CVE-2021-21109,0.01319,0.70416
CVE-2021-2111,0.00885,0.26162
CVE-2021-21111,0.01108,0.53389
CVE-2021-21112,0.01319,0.70416
CVE-2021-21113,0.01319,0.70416
CVE-2021-21114,0.01319,0.70416
CVE-2021-21115,0.01319,0.70416
CVE-2021-21116,0.01319,0.70416
CVE-2021-21117,0.00885,0.26162
CVE-2021-21118,0.1002,0.94283
CVE-2021-21119,0.1002,0.94283
CVE-2021-2112,0.00885,0.26162
CVE-2021-21120,0.1002,0.94283
CVE-2021-21121,0.1002,0.94283
CVE-2021-21122,0.1002,0.94283
CVE-2021-21124,0.1002,0.94283
CVE-2021-21125,0.1002,0.94283
CVE-2021-21126,0.1002,0.94283
CVE-2021-21127,0.1002,0.94283
CVE-2021-21128,0.1002,0.94283
CVE-2021-2113,0.00885,0.26162
CVE-2021-21132,0.1002,0.94283
CVE-2021-21133,0.03678,0.84271
CVE-2021-21134,0.1002,0.94283
CVE-2021-21135,0.1002,0.94283
CVE-2021-21136,0.1002,0.94283
CVE-2021-21137,0.1002,0.94283
CVE-2021-21138,0.00885,0.26162
CVE-2021-21139,0.1002,0.94283
CVE-2021-2114,0.00885,0.26162
CVE-2021-21140,0.05421,0.89454
CVE-2021-21142,0.01213,0.6557
CVE-2021-21143,0.01018,0.38792
CVE-2021-21144,0.01018,0.38792
CVE-2021-21145,0.01213,0.6557
CVE-2021-21146,0.01213,0.6557
CVE-2021-21147,0.01018,0.38792
CVE-2021-21148,0.01319,0.70416
CVE-2021-21149,0.01213,0.6557
CVE-2021-2115,0.00885,0.26162
CVE-2021-21150,0.01213,0.6557
CVE-2021-21151,0.01213,0.6557
CVE-2021-21152,0.01213,0.6557
CVE-2021-21153,0.01213,0.6557
CVE-2021-21154,0.01213,0.6557
CVE-2021-21155,0.01213,0.6557
CVE-2021-21156,0.01319,0.70416
CVE-2021-21157,0.1613,0.95896
CVE-2021-21159,0.01319,0.70416
CVE-2021-2116,0.00885,0.26162
CVE-2021-21160,0.01408,0.72072
CVE-2021-21161,0.01319,0.70416
CVE-2021-21162,0.01319,0.70416
CVE-2021-21163,0.01319,0.70416
CVE-2021-21164,0.01213,0.6557
CVE-2021-21165,0.01319,0.70416
CVE-2021-21166,0.01319,0.70416
CVE-2021-21167,0.01319,0.70416
CVE-2021-21168,0.01319,0.70416
CVE-2021-21169,0.01319,0.70416
CVE-2021-2117,0.00885,0.26162
CVE-2021-21170,0.01319,0.70416
CVE-2021-21171,0.01319,0.70416
CVE-2021-21173,0.01319,0.70416
CVE-2021-21174,0.01319,0.70416
CVE-2021-21175,0.01319,0.70416
CVE-2021-21176,0.01319,0.70416
CVE-2021-21177,0.01319,0.70416
CVE-2021-21178,0.01319,0.70416
CVE-2021-21179,0.01319,0.70416
CVE-2021-2118,0.00885,0.26162
CVE-2021-21180,0.01319,0.70416
CVE-2021-21181,0.01319,0.70416
CVE-2021-21182,0.01319,0.70416
CVE-2021-21183,0.01319,0.70416
CVE-2021-21184,0.01319,0.70416
CVE-2021-21185,0.01108,0.53389
CVE-2021-21186,0.01108,0.53389
CVE-2021-21187,0.01319,0.70416
CVE-2021-21188,0.01319,0.70416
CVE-2021-21189,0.01319,0.70416
CVE-2021-21190,0.01319,0.70416
CVE-2021-21191,0.01213,0.6557
CVE-2021-21192,0.01213,0.6557
CVE-2021-21193,0.01213,0.6557
CVE-2021-21194,0.01319,0.70416
CVE-2021-21195,0.01319,0.70416
CVE-2021-21196,0.01319,0.70416
CVE-2021-21197,0.01319,0.70416
CVE-2021-21198,0.01319,0.70416
CVE-2021-21199,0.01319,0.70416
CVE-2021-2120,0.00885,0.26162
CVE-2021-21201,0.01319,0.70416
CVE-2021-21202,0.01108,0.53389
CVE-2021-21203,0.01319,0.70416
CVE-2021-21204,0.01319,0.70416
CVE-2021-21205,0.01319,0.70416
CVE-2021-21206,0.01319,0.70416
CVE-2021-21207,0.01108,0.53389
CVE-2021-21208,0.01108,0.53389
CVE-2021-21209,0.01319,0.70416
CVE-2021-2121,0.00885,0.26162
CVE-2021-21210,0.01319,0.70416
CVE-2021-21211,0.01319,0.70416
CVE-2021-21212,0.01319,0.70416
CVE-2021-21213,0.01319,0.70416
CVE-2021-21214,0.01319,0.70416
CVE-2021-21215,0.01319,0.70416
CVE-2021-21216,0.01319,0.70416
CVE-2021-21217,0.01319,0.70416
CVE-2021-21218,0.01319,0.70416
CVE-2021-21219,0.01319,0.70416
CVE-2021-2122,0.0089,0.2856
CVE-2021-21221,0.01319,0.70416
CVE-2021-21222,0.01319,0.70416
CVE-2021-21223,0.01319,0.70416
CVE-2021-21225,0.01319,0.70416
CVE-2021-21226,0.01319,0.70416
CVE-2021-21227,0.01319,0.70416
CVE-2021-21228,0.01108,0.53389
CVE-2021-21229,0.01319,0.70416
CVE-2021-2123,0.00885,0.26162
CVE-2021-21230,0.01319,0.70416
CVE-2021-21231,0.01319,0.70416
CVE-2021-21232,0.01319,0.70416
CVE-2021-21233,0.01319,0.70416
CVE-2021-21235,0.00954,0.34522
CVE-2021-21236,0.01018,0.38792
CVE-2021-21237,0.01365,0.70715
CVE-2021-21238,0.01018,0.38792
CVE-2021-21239,0.01108,0.53389
CVE-2021-2124,0.00885,0.26162
CVE-2021-21240,0.01018,0.38792
CVE-2021-21241,0.01108,0.53389
CVE-2021-21242,0.01978,0.78447
CVE-2021-21243,0.00885,0.26162
CVE-2021-21244,0.00885,0.26162
CVE-2021-21245,0.00885,0.26162
CVE-2021-21246,0.00885,0.26162
CVE-2021-21247,0.00885,0.26162
CVE-2021-21248,0.00885,0.26162
CVE-2021-21249,0.01978,0.78447
CVE-2021-2125,0.00885,0.26162
CVE-2021-21250,0.00885,0.26162
CVE-2021-21251,0.00885,0.26162
CVE-2021-21252,0.01018,0.38792
CVE-2021-21253,0.00885,0.26162
CVE-2021-21254,0.0089,0.2856
CVE-2021-21255,0.00885,0.26162
CVE-2021-21257,0.00885,0.26162
CVE-2021-21258,0.00885,0.26162
CVE-2021-21259,0.01018,0.38792
CVE-2021-2126,0.00885,0.26162
CVE-2021-21260,0.00885,0.26162
CVE-2021-21261,0.01606,0.74722
CVE-2021-21263,0.01018,0.38792
CVE-2021-21264,0.00885,0.26162
CVE-2021-21265,0.00954,0.34522
CVE-2021-21266,0.0095,0.30554
CVE-2021-21267,0.01018,0.38792
CVE-2021-21269,0.00885,0.26162
CVE-2021-2127,0.00885,0.26162
CVE-2021-21270,0.0095,0.30554
CVE-2021-21271,0.0089,0.2856
CVE-2021-21272,0.0095,0.30554
CVE-2021-21273,0.01018,0.38792
CVE-2021-21274,0.01018,0.38792
CVE-2021-21275,0.01018,0.38792
CVE-2021-21276,0.00954,0.34522
CVE-2021-21277,0.04571,0.88388
CVE-2021-21278,0.00954,0.34522
CVE-2021-21279,0.00885,0.26162
CVE-2021-2128,0.00885,0.26162
CVE-2021-21280,0.00885,0.26162
CVE-2021-21281,0.00885,0.26162
CVE-2021-21282,0.00885,0.26162
CVE-2021-21283,0.0095,0.30554
CVE-2021-21284,0.01104,0.52279
CVE-2021-21285,0.01183,0.60428
CVE-2021-21286,0.00885,0.26162
CVE-2021-21287,0.0214,0.79167
CVE-2021-21288,0.0095,0.30554
CVE-2021-21289,0.02734,0.82121
CVE-2021-2129,0.00885,0.26162
CVE-2021-21290,0.01547,0.74085
CVE-2021-21291,0.01018,0.38792
CVE-2021-21292,0.00954,0.34522
CVE-2021-21293,0.00954,0.34522
CVE-2021-21294,0.00954,0.34522
CVE-2021-21295,0.10214,0.94358
CVE-2021-21296,0.02199,0.80273
CVE-2021-21297,0.0095,0.30554
CVE-2021-21298,0.0095,0.30554
CVE-2021-21299,0.01018,0.38792
CVE-2021-2130,0.00885,0.26162
CVE-2021-21301,0.0089,0.2856
CVE-2021-21302,0.0089,0.2856
CVE-2021-21303,0.0089,0.2856
CVE-2021-21304,0.01018,0.38792
CVE-2021-21305,0.04571,0.88388
CVE-2021-21306,0.01018,0.38792
CVE-2021-21307,0.52526,0.98673
CVE-2021-21308,0.00954,0.34522
CVE-2021-21309,0.04571,0.88388
CVE-2021-2131,0.00885,0.26162
CVE-2021-21310,0.00954,0.34522
CVE-2021-21311,0.01018,0.38792
CVE-2021-21312,0.00885,0.26162
CVE-2021-21313,0.00885,0.26162
CVE-2021-21314,0.00885,0.26162
CVE-2021-21316,0.01018,0.38792
CVE-2021-21317,0.01136,0.57949
CVE-2021-21318,0.00885,0.26162
CVE-2021-21319,0.0095,0.30554
CVE-2021-21320,0.01018,0.38792
CVE-2021-21321,0.00954,0.34522
CVE-2021-21322,0.00954,0.34522
CVE-2021-21323,0.01018,0.38792
CVE-2021-21324,0.0089,0.2856
CVE-2021-21325,0.00885,0.26162
CVE-2021-21326,0.00885,0.26162
CVE-2021-21327,0.00954,0.34522
CVE-2021-21328,0.01018,0.38792
CVE-2021-21329,0.00954,0.34522
CVE-2021-21330,0.01183,0.60428
CVE-2021-21331,0.00885,0.26162
CVE-2021-21332,0.01018,0.38792
CVE-2021-21333,0.01018,0.38792
CVE-2021-21334,0.01104,0.52279
CVE-2021-21335,0.00954,0.34522
CVE-2021-21336,0.0095,0.30554
CVE-2021-21337,0.01018,0.38792
CVE-2021-21338,0.00954,0.34522
CVE-2021-21339,0.00954,0.34522
CVE-2021-2134,0.00885,0.26162
CVE-2021-21340,0.0089,0.2856
CVE-2021-21342,0.02686,0.82061
CVE-2021-21343,0.02686,0.82061
CVE-2021-21344,0.10667,0.94413
CVE-2021-21346,0.10667,0.94413
CVE-2021-21347,0.10667,0.94413
CVE-2021-21348,0.03779,0.84781
CVE-2021-2135,0.00885,0.26162
CVE-2021-21350,0.10667,0.94413
CVE-2021-21351,0.07876,0.92965
CVE-2021-21352,0.00954,0.34522
CVE-2021-21353,0.06729,0.91198
CVE-2021-21354,0.01108,0.53389
CVE-2021-21355,0.00954,0.34522
CVE-2021-21357,0.0089,0.2856
CVE-2021-21358,0.0089,0.2856
CVE-2021-21359,0.00954,0.34522
CVE-2021-2136,0.00885,0.26162
CVE-2021-21360,0.01018,0.38792
CVE-2021-21361,0.01018,0.38792
CVE-2021-21362,0.0095,0.30554
CVE-2021-21363,0.00885,0.26162
CVE-2021-21364,0.00885,0.26162
CVE-2021-21365,0.0089,0.2856
CVE-2021-21366,0.01018,0.38792
CVE-2021-21367,0.01108,0.53389
CVE-2021-21368,0.01034,0.39824
CVE-2021-21369,0.0095,0.30554
CVE-2021-2137,0.00885,0.26162
CVE-2021-21370,0.0089,0.2856
CVE-2021-21371,0.01018,0.38792
CVE-2021-21372,0.02509,0.81058
CVE-2021-21373,0.02509,0.81058
CVE-2021-21374,0.02509,0.81058
CVE-2021-21375,0.01018,0.38792
CVE-2021-21376,0.0095,0.30554
CVE-2021-21377,0.0095,0.30554
CVE-2021-21378,0.00954,0.34522
CVE-2021-21379,0.00885,0.26162
CVE-2021-2138,0.00885,0.26162
CVE-2021-21380,0.00885,0.26162
CVE-2021-21381,0.01537,0.73595
CVE-2021-21382,0.01034,0.39824
CVE-2021-21383,0.0089,0.2856
CVE-2021-21384,0.0095,0.30554
CVE-2021-21385,0.00954,0.34522
CVE-2021-21386,0.01055,0.50287
CVE-2021-21387,0.00885,0.26162
CVE-2021-21388,0.02359,0.80663
CVE-2021-21390,0.00954,0.34522
CVE-2021-21391,0.01537,0.73595
CVE-2021-21392,0.0095,0.30554
CVE-2021-21393,0.0095,0.30554
CVE-2021-21394,0.0095,0.30554
CVE-2021-21396,0.0089,0.2856
CVE-2021-21398,0.0089,0.2856
CVE-2021-21399,0.00885,0.26162
CVE-2021-2140,0.00885,0.26162
CVE-2021-21400,0.01018,0.38792
CVE-2021-21401,0.0095,0.30554
CVE-2021-21403,0.00885,0.26162
CVE-2021-21404,0.01018,0.38792
CVE-2021-21405,0.00954,0.34522
CVE-2021-21406,0.02055,0.7893
CVE-2021-21407,0.00885,0.26162
CVE-2021-21408,0.01034,0.39824
CVE-2021-21409,0.02686,0.82061
CVE-2021-2141,0.00885,0.26162
CVE-2021-21410,0.00885,0.26162
CVE-2021-21411,0.0095,0.30554
CVE-2021-21412,0.02199,0.80273
CVE-2021-21413,0.01559,0.742
CVE-2021-21414,0.04571,0.88388
CVE-2021-21415,0.04836,0.88802
CVE-2021-21416,0.00885,0.26162
CVE-2021-21417,0.01018,0.38792
CVE-2021-21418,0.0095,0.30554
CVE-2021-21419,0.00954,0.34522
CVE-2021-2142,0.00885,0.26162
CVE-2021-21420,0.00885,0.26162
CVE-2021-21421,0.00885,0.26162
CVE-2021-21422,0.00954,0.34522
CVE-2021-21423,0.02199,0.80273
CVE-2021-21424,0.01108,0.53389
CVE-2021-21426,0.00885,0.26162
CVE-2021-21427,0.00885,0.26162
CVE-2021-21428,0.00885,0.26162
CVE-2021-21429,0.00885,0.26162
CVE-2021-21430,0.0089,0.2856
CVE-2021-21431,0.0089,0.2856
CVE-2021-21432,0.0095,0.30554
CVE-2021-21433,0.04571,0.88388
CVE-2021-21434,0.00885,0.26162
CVE-2021-21435,0.00885,0.26162
CVE-2021-21436,0.00885,0.26162
CVE-2021-21437,0.00885,0.26162
CVE-2021-21438,0.00885,0.26162
CVE-2021-21439,0.00885,0.26162
CVE-2021-2144,0.00885,0.26162
CVE-2021-21440,0.00885,0.26162
CVE-2021-21441,0.00885,0.26162
CVE-2021-21442,0.00885,0.26162
CVE-2021-21443,0.00885,0.26162
CVE-2021-21444,0.00885,0.26162
CVE-2021-21445,0.00885,0.26162
CVE-2021-21446,0.00885,0.26162
CVE-2021-21447,0.00885,0.26162
CVE-2021-21448,0.00885,0.26162
CVE-2021-21449,0.00885,0.26162
CVE-2021-2145,0.0089,0.2856
CVE-2021-21450,0.00885,0.26162
CVE-2021-21451,0.00885,0.26162
CVE-2021-21452,0.00885,0.26162
CVE-2021-21453,0.00885,0.26162
CVE-2021-21454,0.00885,0.26162
CVE-2021-21455,0.00885,0.26162
CVE-2021-21456,0.00885,0.26162
CVE-2021-21457,0.00885,0.26162
CVE-2021-21458,0.00885,0.26162
CVE-2021-21459,0.00885,0.26162
CVE-2021-2146,0.0095,0.30554
CVE-2021-21460,0.00885,0.26162
CVE-2021-21461,0.00885,0.26162
CVE-2021-21462,0.00885,0.26162
CVE-2021-21463,0.00885,0.26162
CVE-2021-21464,0.00885,0.26162
CVE-2021-21465,0.0095,0.30554
CVE-2021-21466,0.0095,0.30554
CVE-2021-21467,0.00885,0.26162
CVE-2021-21468,0.0095,0.30554
CVE-2021-21469,0.00885,0.26162
CVE-2021-2147,0.00885,0.26162
CVE-2021-21470,0.00885,0.26162
CVE-2021-21471,0.00885,0.26162
CVE-2021-21472,0.00885,0.26162
CVE-2021-21473,0.0095,0.30554
CVE-2021-21474,0.00885,0.26162
CVE-2021-21475,0.00885,0.26162
CVE-2021-21476,0.00885,0.26162
CVE-2021-21477,0.01978,0.78447
CVE-2021-21478,0.00885,0.26162
CVE-2021-21479,0.00885,0.26162
CVE-2021-21480,0.04571,0.88388
CVE-2021-21481,0.00885,0.26162
CVE-2021-21482,0.00885,0.26162
CVE-2021-21483,0.00885,0.26162
CVE-2021-21484,0.00885,0.26162
CVE-2021-21485,0.00885,0.26162
CVE-2021-21486,0.00885,0.26162
CVE-2021-21487,0.00885,0.26162
CVE-2021-21488,0.01055,0.50287
CVE-2021-21489,0.0144,0.7265
CVE-2021-2149,0.00885,0.26162
CVE-2021-21490,0.00885,0.26162
CVE-2021-21491,0.00885,0.26162
CVE-2021-21492,0.00885,0.26162
CVE-2021-21493,0.02686,0.82061
CVE-2021-21494,0.00885,0.26162
CVE-2021-21495,0.00885,0.26162
CVE-2021-2150,0.00885,0.26162
CVE-2021-21501,0.00954,0.34522
CVE-2021-21502,0.00885,0.26162
CVE-2021-21503,0.00885,0.26162
CVE-2021-21505,0.01055,0.50287
CVE-2021-21506,0.00885,0.26162
CVE-2021-21507,0.01055,0.50287
CVE-2021-2151,0.00885,0.26162
CVE-2021-21510,0.01055,0.50287
CVE-2021-21511,0.01055,0.50287
CVE-2021-21512,0.00885,0.26162
CVE-2021-21513,0.01055,0.50287
CVE-2021-21514,0.01055,0.50287
CVE-2021-21515,0.01055,0.50287
CVE-2021-21517,0.01055,0.50287
CVE-2021-21518,0.01036,0.41241
CVE-2021-2152,0.00885,0.26162
CVE-2021-21522,0.00885,0.26162
CVE-2021-21524,0.01156,0.60033
CVE-2021-21526,0.00885,0.26162
CVE-2021-21527,0.00885,0.26162
CVE-2021-21528,0.00885,0.26162
CVE-2021-21529,0.00885,0.26162
CVE-2021-2153,0.00885,0.26162
CVE-2021-21530,0.00885,0.26162
CVE-2021-21531,0.00885,0.26162
CVE-2021-21532,0.00885,0.26162
CVE-2021-21533,0.00885,0.26162
CVE-2021-21534,0.00885,0.26162
CVE-2021-21535,0.00885,0.26162
CVE-2021-21536,0.00885,0.26162
CVE-2021-21537,0.00885,0.26162
CVE-2021-21538,0.01055,0.50287
CVE-2021-21539,0.01055,0.50287
CVE-2021-2154,0.01034,0.39824
CVE-2021-21540,0.01055,0.50287
CVE-2021-21541,0.01055,0.50287
CVE-2021-21542,0.01055,0.50287
CVE-2021-21543,0.01055,0.50287
CVE-2021-21544,0.01055,0.50287
CVE-2021-21545,0.01036,0.41241
CVE-2021-21546,0.00885,0.26162
CVE-2021-21547,0.00885,0.26162
CVE-2021-21549,0.00885,0.26162
CVE-2021-2155,0.00885,0.26162
CVE-2021-21550,0.00885,0.26162
CVE-2021-21552,0.0115,0.5906
CVE-2021-21553,0.00885,0.26162
CVE-2021-21554,0.01036,0.41241
CVE-2021-21555,0.01036,0.41241
CVE-2021-21556,0.01036,0.41241
CVE-2021-21557,0.01036,0.41241
CVE-2021-21558,0.00885,0.26162
CVE-2021-21559,0.00885,0.26162
CVE-2021-2156,0.00885,0.26162
CVE-2021-21561,0.00885,0.26162
CVE-2021-21562,0.00885,0.26162
CVE-2021-21563,0.00885,0.26162
CVE-2021-21564,0.01055,0.50287
CVE-2021-21565,0.00885,0.26162
CVE-2021-21567,0.00885,0.26162
CVE-2021-21568,0.00885,0.26162
CVE-2021-21569,0.00885,0.26162
CVE-2021-2157,0.00885,0.26162
CVE-2021-21570,0.00885,0.26162
CVE-2021-21571,0.01055,0.50287
CVE-2021-21572,0.00885,0.26162
CVE-2021-21573,0.00885,0.26162
CVE-2021-21574,0.00885,0.26162
CVE-2021-21576,0.01055,0.50287
CVE-2021-21577,0.01055,0.50287
CVE-2021-21578,0.01055,0.50287
CVE-2021-21579,0.01055,0.50287
CVE-2021-2158,0.00885,0.26162
CVE-2021-21580,0.00885,0.26162
CVE-2021-21581,0.01055,0.50287
CVE-2021-21584,0.00885,0.26162
CVE-2021-21585,0.01055,0.50287
CVE-2021-21586,0.01055,0.50287
CVE-2021-21587,0.00885,0.26162
CVE-2021-21588,0.00885,0.26162
CVE-2021-21589,0.00885,0.26162
CVE-2021-2159,0.00885,0.26162
CVE-2021-21590,0.00885,0.26162
CVE-2021-21591,0.00885,0.26162
CVE-2021-21592,0.01055,0.50287
CVE-2021-21594,0.00885,0.26162
CVE-2021-21595,0.00885,0.26162
CVE-2021-21596,0.01103,0.51945
CVE-2021-21597,0.00885,0.26162
CVE-2021-21598,0.00885,0.26162
CVE-2021-21599,0.01005,0.35949
CVE-2021-2160,0.00885,0.26162
CVE-2021-21600,0.00885,0.26162
CVE-2021-21601,0.00885,0.26162
CVE-2021-21602,0.00885,0.26162
CVE-2021-21603,0.00885,0.26162
CVE-2021-21604,0.00885,0.26162
CVE-2021-21605,0.00885,0.26162
CVE-2021-21606,0.00885,0.26162
CVE-2021-21607,0.00885,0.26162
CVE-2021-21608,0.00885,0.26162
CVE-2021-21609,0.00885,0.26162
CVE-2021-2161,0.01537,0.73595
CVE-2021-21610,0.00885,0.26162
CVE-2021-21611,0.00885,0.26162
CVE-2021-21612,0.00885,0.26162
CVE-2021-21613,0.00885,0.26162
CVE-2021-21614,0.00885,0.26162
CVE-2021-21615,0.00885,0.26162
CVE-2021-21616,0.00885,0.26162
CVE-2021-21617,0.00885,0.26162
CVE-2021-21618,0.00885,0.26162
CVE-2021-21619,0.00885,0.26162
CVE-2021-2162,0.00885,0.26162
CVE-2021-21620,0.00885,0.26162
CVE-2021-21621,0.00885,0.26162
CVE-2021-21622,0.00885,0.26162
CVE-2021-21623,0.00885,0.26162
CVE-2021-21624,0.00885,0.26162
CVE-2021-21625,0.00885,0.26162
CVE-2021-21626,0.00885,0.26162
CVE-2021-21627,0.00885,0.26162
CVE-2021-21628,0.00885,0.26162
CVE-2021-21629,0.00885,0.26162
CVE-2021-2163,0.01537,0.73595
CVE-2021-21630,0.00885,0.26162
CVE-2021-21631,0.00885,0.26162
CVE-2021-21632,0.00885,0.26162
CVE-2021-21633,0.00885,0.26162
CVE-2021-21634,0.00885,0.26162
CVE-2021-21635,0.00885,0.26162
CVE-2021-21636,0.00885,0.26162
CVE-2021-21637,0.00885,0.26162
CVE-2021-21638,0.00885,0.26162
CVE-2021-21639,0.00885,0.26162
CVE-2021-2164,0.0095,0.30554
CVE-2021-21640,0.00885,0.26162
CVE-2021-21641,0.00885,0.26162
CVE-2021-21642,0.00885,0.26162
CVE-2021-21643,0.00885,0.26162
CVE-2021-21644,0.00885,0.26162
CVE-2021-21645,0.00885,0.26162
CVE-2021-21646,0.02096,0.7907
CVE-2021-21647,0.00885,0.26162
CVE-2021-21648,0.00885,0.26162
CVE-2021-21649,0.00885,0.26162
CVE-2021-21650,0.00885,0.26162
CVE-2021-21651,0.00885,0.26162
CVE-2021-21652,0.00885,0.26162
CVE-2021-21653,0.00885,0.26162
CVE-2021-21654,0.00885,0.26162
CVE-2021-21655,0.00885,0.26162
CVE-2021-21656,0.00885,0.26162
CVE-2021-21657,0.00885,0.26162
CVE-2021-21658,0.00885,0.26162
CVE-2021-21659,0.00885,0.26162
CVE-2021-2166,0.01282,0.67298
CVE-2021-21660,0.0089,0.2856
CVE-2021-21661,0.00885,0.26162
CVE-2021-21662,0.00885,0.26162
CVE-2021-21663,0.00885,0.26162
CVE-2021-21664,0.00885,0.26162
CVE-2021-21665,0.00885,0.26162
CVE-2021-21666,0.00885,0.26162
CVE-2021-21667,0.00885,0.26162
CVE-2021-21668,0.00885,0.26162
CVE-2021-21669,0.00885,0.26162
CVE-2021-2167,0.00885,0.26162
CVE-2021-21670,0.00885,0.26162
CVE-2021-21671,0.00885,0.26162
CVE-2021-21672,0.0089,0.2856
CVE-2021-21673,0.00885,0.26162
CVE-2021-21674,0.00885,0.26162
CVE-2021-21675,0.00885,0.26162
CVE-2021-21676,0.00885,0.26162
CVE-2021-21677,0.01978,0.78447
CVE-2021-21678,0.00885,0.26162
CVE-2021-21679,0.00885,0.26162
CVE-2021-21680,0.00885,0.26162
CVE-2021-21681,0.00885,0.26162
CVE-2021-21682,0.00885,0.26162
CVE-2021-21683,0.00885,0.26162
CVE-2021-21684,0.00885,0.26162
CVE-2021-21685,0.00885,0.26162
CVE-2021-21686,0.00885,0.26162
CVE-2021-21687,0.00885,0.26162
CVE-2021-21688,0.00885,0.26162
CVE-2021-21689,0.00885,0.26162
CVE-2021-2169,0.0095,0.30554
CVE-2021-21690,0.00885,0.26162
CVE-2021-21691,0.00885,0.26162
CVE-2021-21692,0.00885,0.26162
CVE-2021-21693,0.00885,0.26162
CVE-2021-21694,0.00885,0.26162
CVE-2021-21695,0.00885,0.26162
CVE-2021-21696,0.02096,0.7907
CVE-2021-21697,0.00885,0.26162
CVE-2021-21698,0.00885,0.26162
CVE-2021-21699,0.00885,0.26162
CVE-2021-2170,0.0095,0.30554
CVE-2021-21700,0.00885,0.26162
CVE-2021-21701,0.0089,0.2856
CVE-2021-21702,0.01108,0.53389
CVE-2021-21703,0.01282,0.67298
CVE-2021-21704,0.01018,0.38792
CVE-2021-21705,0.00954,0.34522
CVE-2021-21706,0.00885,0.26162
CVE-2021-21707,0.01018,0.38792
CVE-2021-21708,0.00885,0.26162
CVE-2021-2171,0.0095,0.30554
CVE-2021-2172,0.0095,0.30554
CVE-2021-21722,0.00885,0.26162
CVE-2021-21723,0.01055,0.50287
CVE-2021-21724,0.00885,0.26162
CVE-2021-21725,0.00885,0.26162
CVE-2021-21726,0.00885,0.26162
CVE-2021-21727,0.01055,0.50287
CVE-2021-21728,0.00885,0.26162
CVE-2021-21729,0.00885,0.26162
CVE-2021-2173,0.00885,0.26162
CVE-2021-21730,0.00885,0.26162
CVE-2021-21731,0.00885,0.26162
CVE-2021-21732,0.00885,0.26162
CVE-2021-21733,0.00885,0.26162
CVE-2021-21734,0.00885,0.26162
CVE-2021-21735,0.00885,0.26162
CVE-2021-21736,0.00885,0.26162
CVE-2021-21737,0.00885,0.26162
CVE-2021-21738,0.00885,0.26162
CVE-2021-21739,0.00885,0.26162
CVE-2021-2174,0.0095,0.30554
CVE-2021-21740,0.00885,0.26162
CVE-2021-21741,0.01086,0.51674
CVE-2021-21742,0.00885,0.26162
CVE-2021-21743,0.00885,0.26162
CVE-2021-21744,0.00885,0.26162
CVE-2021-21745,0.00885,0.26162
CVE-2021-21746,0.00885,0.26162
CVE-2021-21747,0.00885,0.26162
CVE-2021-21748,0.01086,0.51674
CVE-2021-21749,0.01086,0.51674
CVE-2021-2175,0.00885,0.26162
CVE-2021-21750,0.00885,0.26162
CVE-2021-21751,0.00885,0.26162
CVE-2021-2177,0.00885,0.26162
CVE-2021-21772,0.02762,0.82156
CVE-2021-21773,0.00885,0.26162
CVE-2021-21775,0.0095,0.30554
CVE-2021-21776,0.00885,0.26162
CVE-2021-21777,0.00885,0.26162
CVE-2021-21778,0.00885,0.26162
CVE-2021-21779,0.01018,0.38792
CVE-2021-2178,0.0095,0.30554
CVE-2021-21781,0.00885,0.26162
CVE-2021-21782,0.00885,0.26162
CVE-2021-21783,0.05634,0.89764
CVE-2021-21784,0.00885,0.26162
CVE-2021-21785,0.00885,0.26162
CVE-2021-21786,0.00885,0.26162
CVE-2021-21787,0.00885,0.26162
CVE-2021-21788,0.00885,0.26162
CVE-2021-21789,0.00885,0.26162
CVE-2021-2179,0.0095,0.30554
CVE-2021-21790,0.00885,0.26162
CVE-2021-21791,0.00885,0.26162
CVE-2021-21792,0.00885,0.26162
CVE-2021-21793,0.00885,0.26162
CVE-2021-21794,0.00885,0.26162
CVE-2021-21795,0.00885,0.26162
CVE-2021-21796,0.01036,0.41241
CVE-2021-21797,0.01036,0.41241
CVE-2021-21798,0.01036,0.41241
CVE-2021-21799,0.01086,0.51674
CVE-2021-2180,0.01034,0.39824
CVE-2021-21800,0.01086,0.51674
CVE-2021-21801,0.01086,0.51674
CVE-2021-21802,0.01086,0.51674
CVE-2021-21803,0.01086,0.51674
CVE-2021-21804,0.01086,0.51674
CVE-2021-21805,0.01086,0.51674
CVE-2021-21806,0.01689,0.75137
CVE-2021-21807,0.00885,0.26162
CVE-2021-21808,0.00885,0.26162
CVE-2021-21809,0.13612,0.95555
CVE-2021-2181,0.00885,0.26162
CVE-2021-21810,0.00885,0.26162
CVE-2021-21811,0.00885,0.26162
CVE-2021-21812,0.00885,0.26162
CVE-2021-21813,0.00885,0.26162
CVE-2021-21814,0.00885,0.26162
CVE-2021-21815,0.00885,0.26162
CVE-2021-21816,0.00885,0.26162
CVE-2021-21817,0.00885,0.26162
CVE-2021-21818,0.00885,0.26162
CVE-2021-21819,0.01086,0.51674
CVE-2021-2182,0.00885,0.26162
CVE-2021-21820,0.01086,0.51674
CVE-2021-21821,0.01086,0.51674
CVE-2021-21822,0.01086,0.51674
CVE-2021-21823,0.00885,0.26162
CVE-2021-21824,0.00885,0.26162
CVE-2021-21825,0.01156,0.60033
CVE-2021-21826,0.00885,0.26162
CVE-2021-21827,0.00885,0.26162
CVE-2021-21828,0.00885,0.26162
CVE-2021-21829,0.01156,0.60033
CVE-2021-2183,0.00885,0.26162
CVE-2021-21830,0.01156,0.60033
CVE-2021-21831,0.01086,0.51674
CVE-2021-21832,0.00885,0.26162
CVE-2021-21833,0.00885,0.26162
CVE-2021-21834,0.00885,0.26162
CVE-2021-21835,0.00885,0.26162
CVE-2021-21836,0.00885,0.26162
CVE-2021-21837,0.00954,0.34522
CVE-2021-21838,0.00954,0.34522
CVE-2021-21839,0.00954,0.34522
CVE-2021-2184,0.00885,0.26162
CVE-2021-21840,0.00885,0.26162
CVE-2021-21841,0.00885,0.26162
CVE-2021-21842,0.00885,0.26162
CVE-2021-21843,0.00954,0.34522
CVE-2021-21844,0.00954,0.34522
CVE-2021-21845,0.00954,0.34522
CVE-2021-21846,0.00954,0.34522
CVE-2021-21847,0.00954,0.34522
CVE-2021-21848,0.00885,0.26162
CVE-2021-21849,0.00885,0.26162
CVE-2021-2185,0.00885,0.26162
CVE-2021-21850,0.00885,0.26162
CVE-2021-21851,0.00885,0.26162
CVE-2021-21852,0.00885,0.26162
CVE-2021-21853,0.00885,0.26162
CVE-2021-21854,0.00885,0.26162
CVE-2021-21855,0.00885,0.26162
CVE-2021-21856,0.00885,0.26162
CVE-2021-21857,0.00885,0.26162
CVE-2021-21858,0.00885,0.26162
CVE-2021-21859,0.00885,0.26162
CVE-2021-2186,0.00885,0.26162
CVE-2021-21860,0.00885,0.26162
CVE-2021-21861,0.00885,0.26162
CVE-2021-21862,0.00885,0.26162
CVE-2021-21863,0.01036,0.41241
CVE-2021-21864,0.01005,0.36332
CVE-2021-21865,0.01005,0.36332
CVE-2021-21866,0.01005,0.36332
CVE-2021-21867,0.01005,0.36332
CVE-2021-21868,0.01005,0.36332
CVE-2021-21869,0.01005,0.36332
CVE-2021-2187,0.00885,0.26162
CVE-2021-21870,0.01086,0.51674
CVE-2021-21871,0.00885,0.26162
CVE-2021-21872,0.01086,0.51674
CVE-2021-21873,0.01086,0.51674
CVE-2021-21874,0.01086,0.51674
CVE-2021-21875,0.01086,0.51674
CVE-2021-21876,0.01086,0.51674
CVE-2021-21877,0.01086,0.51674
CVE-2021-21878,0.00885,0.26162
CVE-2021-21879,0.00885,0.26162
CVE-2021-2188,0.00885,0.26162
CVE-2021-21880,0.00885,0.26162
CVE-2021-21881,0.01086,0.51674
CVE-2021-21882,0.01086,0.51674
CVE-2021-21883,0.01086,0.51674
CVE-2021-21884,0.01086,0.51674
CVE-2021-21885,0.00885,0.26162
CVE-2021-21886,0.00885,0.26162
CVE-2021-21887,0.01156,0.60033
CVE-2021-21888,0.01086,0.51674
CVE-2021-21889,0.01156,0.60033
CVE-2021-2189,0.00885,0.26162
CVE-2021-21890,0.01156,0.60033
CVE-2021-21891,0.01156,0.60033
CVE-2021-21892,0.01156,0.60033
CVE-2021-21893,0.01086,0.51674
CVE-2021-21894,0.00885,0.26162
CVE-2021-21895,0.00885,0.26162
CVE-2021-21896,0.00885,0.26162
CVE-2021-21897,0.02509,0.81058
CVE-2021-21898,0.02509,0.81058
CVE-2021-21899,0.02509,0.81058
CVE-2021-2190,0.00885,0.26162
CVE-2021-21900,0.02509,0.81058
CVE-2021-21901,0.00885,0.26162
CVE-2021-21902,0.00885,0.26162
CVE-2021-21903,0.00885,0.26162
CVE-2021-21904,0.00885,0.26162
CVE-2021-21905,0.00885,0.26162
CVE-2021-21906,0.00885,0.26162
CVE-2021-21907,0.00885,0.26162
CVE-2021-21908,0.00885,0.26162
CVE-2021-21909,0.00885,0.26162
CVE-2021-2191,0.00885,0.26162
CVE-2021-21910,0.00885,0.26162
CVE-2021-21911,0.00885,0.26162
CVE-2021-21912,0.00885,0.26162
CVE-2021-21913,0.01086,0.51674
CVE-2021-21914,0.01086,0.51674
CVE-2021-21915,0.00885,0.26162
CVE-2021-21916,0.00885,0.26162
CVE-2021-21917,0.00885,0.26162
CVE-2021-21918,0.00885,0.26162
CVE-2021-21919,0.00885,0.26162
CVE-2021-2192,0.00885,0.26162
CVE-2021-21920,0.00885,0.26162
CVE-2021-21921,0.00885,0.26162
CVE-2021-21922,0.00885,0.26162
CVE-2021-21923,0.00885,0.26162
CVE-2021-21924,0.00885,0.26162
CVE-2021-21925,0.00885,0.26162
CVE-2021-21926,0.00885,0.26162
CVE-2021-21927,0.00885,0.26162
CVE-2021-21928,0.00885,0.26162
CVE-2021-21929,0.00885,0.26162
CVE-2021-2193,0.0095,0.30554
CVE-2021-21930,0.00885,0.26162
CVE-2021-21931,0.00885,0.26162
CVE-2021-21932,0.00885,0.26162
CVE-2021-21933,0.00885,0.26162
CVE-2021-21934,0.00885,0.26162
CVE-2021-21935,0.00885,0.26162
CVE-2021-21936,0.00885,0.26162
CVE-2021-21937,0.00885,0.26162
CVE-2021-21938,0.01086,0.51674
CVE-2021-21939,0.01086,0.51674
CVE-2021-2194,0.0095,0.30554
CVE-2021-21940,0.00885,0.26162
CVE-2021-21941,0.01156,0.60033
CVE-2021-21942,0.01156,0.60033
CVE-2021-21943,0.01086,0.51674
CVE-2021-21944,0.00885,0.26162
CVE-2021-21945,0.00885,0.26162
CVE-2021-21946,0.00885,0.26162
CVE-2021-21947,0.00885,0.26162
CVE-2021-21948,0.00885,0.26162
CVE-2021-21949,0.00885,0.26162
CVE-2021-2195,0.00885,0.26162
CVE-2021-21950,0.01086,0.51674
CVE-2021-21951,0.01086,0.51674
CVE-2021-21952,0.00885,0.26162
CVE-2021-21953,0.00885,0.26162
CVE-2021-21954,0.01086,0.51674
CVE-2021-21955,0.00885,0.26162
CVE-2021-21956,0.01036,0.41241
CVE-2021-21957,0.01005,0.35949
CVE-2021-21958,0.01036,0.41241
CVE-2021-21959,0.00885,0.26162
CVE-2021-2196,0.0095,0.30554
CVE-2021-21960,0.01156,0.60033
CVE-2021-21961,0.01156,0.60033
CVE-2021-21962,0.01156,0.60033
CVE-2021-21963,0.00885,0.26162
CVE-2021-21964,0.00885,0.26162
CVE-2021-21965,0.01055,0.50287
CVE-2021-21966,0.00885,0.26162
CVE-2021-21967,0.00885,0.26162
CVE-2021-21968,0.00885,0.26162
CVE-2021-21969,0.00885,0.26162
CVE-2021-2197,0.00885,0.26162
CVE-2021-21970,0.00885,0.26162
CVE-2021-21971,0.00885,0.26162
CVE-2021-21976,0.01156,0.60033
CVE-2021-21979,0.00885,0.26162
CVE-2021-2198,0.00885,0.26162
CVE-2021-21981,0.00885,0.26162
CVE-2021-21982,0.00885,0.26162
CVE-2021-21984,0.01156,0.60033
CVE-2021-21986,0.00885,0.26162
CVE-2021-21987,0.00885,0.26162
CVE-2021-21988,0.00885,0.26162
CVE-2021-21989,0.00885,0.26162
CVE-2021-2199,0.00885,0.26162
CVE-2021-21990,0.00885,0.26162
CVE-2021-21991,0.00885,0.26162
CVE-2021-21992,0.00885,0.26162
CVE-2021-21993,0.00885,0.26162
CVE-2021-21994,0.00885,0.26162
CVE-2021-21995,0.00885,0.26162
CVE-2021-21996,0.01034,0.39824
CVE-2021-21997,0.00885,0.26162
CVE-2021-21998,0.00885,0.26162
CVE-2021-21999,0.00885,0.26162
CVE-2021-2200,0.00885,0.26162
CVE-2021-22000,0.00954,0.34522
CVE-2021-22001,0.00885,0.26162
CVE-2021-22002,0.00885,0.26162
CVE-2021-22003,0.00885,0.26162
CVE-2021-22004,0.0095,0.30554
CVE-2021-22006,0.00885,0.26162
CVE-2021-22007,0.00885,0.26162
CVE-2021-22008,0.00885,0.26162
CVE-2021-22009,0.00885,0.26162
CVE-2021-2201,0.00885,0.26162
CVE-2021-22010,0.00885,0.26162
CVE-2021-22011,0.00885,0.26162
CVE-2021-22012,0.00885,0.26162
CVE-2021-22013,0.00885,0.26162
CVE-2021-22014,0.01086,0.51674
CVE-2021-22015,0.00885,0.26162
CVE-2021-22016,0.00885,0.26162
CVE-2021-22017,0.00885,0.26162
CVE-2021-22018,0.00885,0.26162
CVE-2021-22019,0.00885,0.26162
CVE-2021-2202,0.00885,0.26162
CVE-2021-22020,0.00885,0.26162
CVE-2021-22021,0.00885,0.26162
CVE-2021-22022,0.00885,0.26162
CVE-2021-22023,0.00885,0.26162
CVE-2021-22024,0.00885,0.26162
CVE-2021-22025,0.00885,0.26162
CVE-2021-22026,0.00885,0.26162
CVE-2021-22027,0.00885,0.26162
CVE-2021-22028,0.00885,0.26162
CVE-2021-22029,0.00885,0.26162
CVE-2021-2203,0.00885,0.26162
CVE-2021-22030,0.01086,0.51674
CVE-2021-22033,0.00885,0.26162
CVE-2021-22034,0.00885,0.26162
CVE-2021-22035,0.00885,0.26162
CVE-2021-22036,0.00885,0.26162
CVE-2021-22037,0.00885,0.26162
CVE-2021-22038,0.00885,0.26162
CVE-2021-22040,0.01036,0.41241
CVE-2021-22041,0.01036,0.41241
CVE-2021-22042,0.00885,0.26162
CVE-2021-22043,0.00885,0.26162
CVE-2021-22044,0.00885,0.26162
CVE-2021-22045,0.01365,0.70715
CVE-2021-22047,0.00885,0.26162
CVE-2021-22048,0.0089,0.2856
CVE-2021-22049,0.00885,0.26162
CVE-2021-22050,0.00885,0.26162
CVE-2021-22051,0.00885,0.26162
CVE-2021-22053,0.01086,0.51674
CVE-2021-22055,0.01055,0.50287
CVE-2021-22056,0.00885,0.26162
CVE-2021-22057,0.00885,0.26162
CVE-2021-2206,0.00885,0.26162
CVE-2021-22060,0.00885,0.26162
CVE-2021-2207,0.00885,0.26162
CVE-2021-2208,0.00885,0.26162
CVE-2021-2209,0.00885,0.26162
CVE-2021-22095,0.00885,0.26162
CVE-2021-22096,0.0089,0.2856
CVE-2021-22097,0.00885,0.26162
CVE-2021-22098,0.00885,0.26162
CVE-2021-2210,0.00885,0.26162
CVE-2021-22100,0.00885,0.26162
CVE-2021-22101,0.00885,0.26162
CVE-2021-2211,0.00885,0.26162
CVE-2021-22112,0.01532,0.72898
CVE-2021-22113,0.00885,0.26162
CVE-2021-22114,0.00885,0.26162
CVE-2021-22115,0.00885,0.26162
CVE-2021-22116,0.00885,0.26162
CVE-2021-22117,0.00885,0.26162
CVE-2021-22118,0.01034,0.39824
CVE-2021-2212,0.00885,0.26162
CVE-2021-22124,0.00885,0.26162
CVE-2021-22125,0.00885,0.26162
CVE-2021-22127,0.01036,0.41241
CVE-2021-22128,0.01055,0.50287
CVE-2021-22129,0.00885,0.26162
CVE-2021-2213,0.00885,0.26162
CVE-2021-22130,0.01156,0.60033
CVE-2021-22131,0.00885,0.26162
CVE-2021-22132,0.0089,0.2856
CVE-2021-22133,0.00885,0.26162
CVE-2021-22134,0.0089,0.2856
CVE-2021-22135,0.00885,0.26162
CVE-2021-22136,0.00885,0.26162
CVE-2021-22137,0.00885,0.26162
CVE-2021-22138,0.00885,0.26162
CVE-2021-22139,0.00885,0.26162
CVE-2021-2214,0.00885,0.26162
CVE-2021-22140,0.00885,0.26162
CVE-2021-22144,0.0089,0.2856
CVE-2021-22145,0.0214,0.79167
CVE-2021-22147,0.0089,0.2856
CVE-2021-22148,0.00885,0.26162
CVE-2021-22149,0.00885,0.26162
CVE-2021-2215,0.00885,0.26162
CVE-2021-22152,0.00885,0.26162
CVE-2021-22153,0.01103,0.51945
CVE-2021-22154,0.00885,0.26162
CVE-2021-22155,0.00885,0.26162
CVE-2021-22156,0.0144,0.7265
CVE-2021-22157,0.00885,0.26162
CVE-2021-22158,0.00885,0.26162
CVE-2021-22159,0.00885,0.26162
CVE-2021-2216,0.00885,0.26162
CVE-2021-22160,0.01859,0.7626
CVE-2021-22161,0.00885,0.26162
CVE-2021-22166,0.00885,0.26162
CVE-2021-22167,0.00954,0.34522
CVE-2021-22168,0.00885,0.26162
CVE-2021-22169,0.00885,0.26162
CVE-2021-2217,0.00885,0.26162
CVE-2021-22170,0.00885,0.26162
CVE-2021-22171,0.00954,0.34522
CVE-2021-22172,0.0089,0.2856
CVE-2021-22173,0.01108,0.53389
CVE-2021-22174,0.01108,0.53389
CVE-2021-22175,0.00954,0.34522
CVE-2021-22176,0.0089,0.2856
CVE-2021-22177,0.0089,0.2856
CVE-2021-22178,0.0089,0.2856
CVE-2021-22179,0.0089,0.2856
CVE-2021-2218,0.00885,0.26162
CVE-2021-22180,0.0089,0.2856
CVE-2021-22181,0.00885,0.26162
CVE-2021-22182,0.0089,0.2856
CVE-2021-22183,0.0089,0.2856
CVE-2021-22184,0.00885,0.26162
CVE-2021-22185,0.0089,0.2856
CVE-2021-22186,0.00885,0.26162
CVE-2021-22187,0.00885,0.26162
CVE-2021-22188,0.00954,0.34522
CVE-2021-22189,0.00885,0.26162
CVE-2021-2219,0.00885,0.26162
CVE-2021-22190,0.0089,0.2856
CVE-2021-22191,0.05786,0.8994
CVE-2021-22193,0.0089,0.2856
CVE-2021-22194,0.00885,0.26162
CVE-2021-22195,0.01005,0.36332
CVE-2021-22196,0.0089,0.2856
CVE-2021-22197,0.00885,0.26162
CVE-2021-22198,0.0089,0.2856
CVE-2021-22199,0.0089,0.2856
CVE-2021-2220,0.00885,0.26162
CVE-2021-22200,0.00885,0.26162
CVE-2021-22202,0.00954,0.34522
CVE-2021-22203,0.00954,0.34522
CVE-2021-22206,0.0089,0.2856
CVE-2021-22207,0.01282,0.67298
CVE-2021-22208,0.00885,0.26162
CVE-2021-22209,0.00885,0.26162
CVE-2021-2221,0.00885,0.26162
CVE-2021-22210,0.00885,0.26162
CVE-2021-22211,0.00885,0.26162
CVE-2021-22212,0.01018,0.38792
CVE-2021-22213,0.00954,0.34522
CVE-2021-22215,0.00885,0.26162
CVE-2021-22216,0.00885,0.26162
CVE-2021-22217,0.0089,0.2856
CVE-2021-22218,0.0089,0.2856
CVE-2021-22219,0.00885,0.26162
CVE-2021-2222,0.00885,0.26162
CVE-2021-22220,0.0089,0.2856
CVE-2021-22221,0.00885,0.26162
CVE-2021-22222,0.01108,0.53389
CVE-2021-22223,0.00954,0.34522
CVE-2021-22224,0.00954,0.34522
CVE-2021-22225,0.00885,0.26162
CVE-2021-22226,0.00885,0.26162
CVE-2021-22227,0.00954,0.34522
CVE-2021-22228,0.0089,0.2856
CVE-2021-22229,0.00885,0.26162
CVE-2021-2223,0.00885,0.26162
CVE-2021-22230,0.00885,0.26162
CVE-2021-22231,0.0089,0.2856
CVE-2021-22232,0.0089,0.2856
CVE-2021-22233,0.00885,0.26162
CVE-2021-22234,0.0089,0.2856
CVE-2021-22235,0.01018,0.38792
CVE-2021-22236,0.00885,0.26162
CVE-2021-22237,0.00885,0.26162
CVE-2021-22238,0.0089,0.2856
CVE-2021-22239,0.00885,0.26162
CVE-2021-2224,0.00885,0.26162
CVE-2021-22240,0.0089,0.2856
CVE-2021-22241,0.0089,0.2856
CVE-2021-22242,0.0089,0.2856
CVE-2021-22243,0.00885,0.26162
CVE-2021-22244,0.0089,0.2856
CVE-2021-22245,0.0089,0.2856
CVE-2021-22246,0.0089,0.2856
CVE-2021-22247,0.0089,0.2856
CVE-2021-22248,0.00885,0.26162
CVE-2021-22249,0.0089,0.2856
CVE-2021-2225,0.00885,0.26162
CVE-2021-22250,0.0089,0.2856
CVE-2021-22251,0.0089,0.2856
CVE-2021-22252,0.0089,0.2856
CVE-2021-22253,0.0089,0.2856
CVE-2021-22254,0.0089,0.2856
CVE-2021-22255,0.01061,0.51015
CVE-2021-22256,0.0089,0.2856
CVE-2021-22257,0.00885,0.26162
CVE-2021-22258,0.0089,0.2856
CVE-2021-22259,0.00885,0.26162
CVE-2021-2226,0.00885,0.26162
CVE-2021-22260,0.0089,0.2856
CVE-2021-22261,0.0089,0.2856
CVE-2021-22262,0.0089,0.2856
CVE-2021-22263,0.0089,0.2856
CVE-2021-22264,0.00885,0.26162
CVE-2021-22267,0.00954,0.34522
CVE-2021-2227,0.00885,0.26162
CVE-2021-22272,0.00885,0.26162
CVE-2021-22275,0.00885,0.26162
CVE-2021-22276,0.00885,0.26162
CVE-2021-22277,0.00885,0.26162
CVE-2021-22278,0.00885,0.26162
CVE-2021-22279,0.00885,0.26162
CVE-2021-2228,0.00885,0.26162
CVE-2021-22284,0.01086,0.51674
CVE-2021-22285,0.00885,0.26162
CVE-2021-22286,0.00885,0.26162
CVE-2021-22288,0.00885,0.26162
CVE-2021-22289,0.01086,0.51674
CVE-2021-2229,0.00885,0.26162
CVE-2021-22292,0.00885,0.26162
CVE-2021-22293,0.00885,0.26162
CVE-2021-22294,0.00885,0.26162
CVE-2021-22295,0.00885,0.26162
CVE-2021-22296,0.0089,0.2856
CVE-2021-22298,0.00885,0.26162
CVE-2021-22299,0.00885,0.26162
CVE-2021-2230,0.00885,0.26162
CVE-2021-22300,0.00885,0.26162
CVE-2021-22301,0.00885,0.26162
CVE-2021-22302,0.00885,0.26162
CVE-2021-22303,0.00885,0.26162
CVE-2021-22304,0.00885,0.26162
CVE-2021-22305,0.00885,0.26162
CVE-2021-22306,0.00885,0.26162
CVE-2021-22307,0.00885,0.26162
CVE-2021-22308,0.00885,0.26162
CVE-2021-22309,0.00885,0.26162
CVE-2021-2231,0.00885,0.26162
CVE-2021-22310,0.00885,0.26162
CVE-2021-22311,0.00885,0.26162
CVE-2021-22312,0.01055,0.50287
CVE-2021-22313,0.00885,0.26162
CVE-2021-22314,0.00885,0.26162
CVE-2021-22316,0.00885,0.26162
CVE-2021-22317,0.00885,0.26162
CVE-2021-22318,0.00885,0.26162
CVE-2021-22319,0.00885,0.26162
CVE-2021-2232,0.00885,0.26162
CVE-2021-22320,0.00885,0.26162
CVE-2021-22321,0.00885,0.26162
CVE-2021-22322,0.00885,0.26162
CVE-2021-22323,0.00885,0.26162
CVE-2021-22324,0.00885,0.26162
CVE-2021-22325,0.00885,0.26162
CVE-2021-22326,0.00885,0.26162
CVE-2021-22327,0.00885,0.26162
CVE-2021-22328,0.00885,0.26162
CVE-2021-22329,0.00885,0.26162
CVE-2021-2233,0.00885,0.26162
CVE-2021-22330,0.00885,0.26162
CVE-2021-22331,0.00885,0.26162
CVE-2021-22332,0.00885,0.26162
CVE-2021-22333,0.00885,0.26162
CVE-2021-22334,0.00885,0.26162
CVE-2021-22335,0.00885,0.26162
CVE-2021-22336,0.00885,0.26162
CVE-2021-22337,0.00885,0.26162
CVE-2021-22338,0.00885,0.26162
CVE-2021-22339,0.00885,0.26162
CVE-2021-2234,0.00885,0.26162
CVE-2021-22340,0.00885,0.26162
CVE-2021-22341,0.00885,0.26162
CVE-2021-22342,0.00885,0.26162
CVE-2021-22343,0.00885,0.26162
CVE-2021-22344,0.00885,0.26162
CVE-2021-22345,0.00885,0.26162
CVE-2021-22346,0.00885,0.26162
CVE-2021-22347,0.00885,0.26162
CVE-2021-22348,0.00885,0.26162
CVE-2021-22349,0.00885,0.26162
CVE-2021-2235,0.01086,0.51674
CVE-2021-22350,0.00885,0.26162
CVE-2021-22351,0.00885,0.26162
CVE-2021-22352,0.00885,0.26162
CVE-2021-22353,0.00885,0.26162
CVE-2021-22354,0.00885,0.26162
CVE-2021-22356,0.00885,0.26162
CVE-2021-22357,0.00885,0.26162
CVE-2021-22358,0.00885,0.26162
CVE-2021-22359,0.00885,0.26162
CVE-2021-2236,0.00885,0.26162
CVE-2021-22360,0.00885,0.26162
CVE-2021-22361,0.00885,0.26162
CVE-2021-22362,0.00885,0.26162
CVE-2021-22363,0.00885,0.26162
CVE-2021-22364,0.00885,0.26162
CVE-2021-22365,0.00885,0.26162
CVE-2021-22366,0.00885,0.26162
CVE-2021-22367,0.00885,0.26162
CVE-2021-22368,0.00885,0.26162
CVE-2021-22369,0.00885,0.26162
CVE-2021-2237,0.00885,0.26162
CVE-2021-22370,0.00885,0.26162
CVE-2021-22371,0.00885,0.26162
CVE-2021-22372,0.00885,0.26162
CVE-2021-22373,0.00885,0.26162
CVE-2021-22374,0.00885,0.26162
CVE-2021-22375,0.00885,0.26162
CVE-2021-22376,0.00885,0.26162
CVE-2021-22377,0.02055,0.7893
CVE-2021-22378,0.00885,0.26162
CVE-2021-22379,0.00885,0.26162
CVE-2021-2238,0.00885,0.26162
CVE-2021-22380,0.00885,0.26162
CVE-2021-22381,0.00885,0.26162
CVE-2021-22382,0.00885,0.26162
CVE-2021-22383,0.00885,0.26162
CVE-2021-22384,0.00885,0.26162
CVE-2021-22385,0.01005,0.36332
CVE-2021-22386,0.00885,0.26162
CVE-2021-22387,0.00885,0.26162
CVE-2021-22388,0.00885,0.26162
CVE-2021-22389,0.00885,0.26162
CVE-2021-2239,0.00885,0.26162
CVE-2021-22390,0.00885,0.26162
CVE-2021-22391,0.00885,0.26162
CVE-2021-22392,0.00885,0.26162
CVE-2021-22393,0.00885,0.26162
CVE-2021-22394,0.00885,0.26162
CVE-2021-22395,0.00885,0.26162
CVE-2021-22396,0.00885,0.26162
CVE-2021-22397,0.00885,0.26162
CVE-2021-22398,0.00885,0.26162
CVE-2021-22399,0.00885,0.26162
CVE-2021-2240,0.00885,0.26162
CVE-2021-22400,0.00885,0.26162
CVE-2021-22401,0.00885,0.26162
CVE-2021-22402,0.00885,0.26162
CVE-2021-22403,0.00885,0.26162
CVE-2021-22404,0.00885,0.26162
CVE-2021-22405,0.00885,0.26162
CVE-2021-22406,0.00885,0.26162
CVE-2021-22407,0.00885,0.26162
CVE-2021-22409,0.00885,0.26162
CVE-2021-2241,0.00885,0.26162
CVE-2021-22410,0.00885,0.26162
CVE-2021-22411,0.00885,0.26162
CVE-2021-22412,0.00885,0.26162
CVE-2021-22413,0.00885,0.26162
CVE-2021-22414,0.00885,0.26162
CVE-2021-22415,0.00885,0.26162
CVE-2021-22416,0.01036,0.41241
CVE-2021-22417,0.00885,0.26162
CVE-2021-22418,0.00885,0.26162
CVE-2021-22419,0.00885,0.26162
CVE-2021-2242,0.00885,0.26162
CVE-2021-22420,0.00885,0.26162
CVE-2021-22421,0.00885,0.26162
CVE-2021-22422,0.00885,0.26162
CVE-2021-22423,0.00885,0.26162
CVE-2021-22424,0.00885,0.26162
CVE-2021-22425,0.00885,0.26162
CVE-2021-22426,0.00885,0.26162
CVE-2021-22427,0.00885,0.26162
CVE-2021-22428,0.00885,0.26162
CVE-2021-22429,0.00885,0.26162
CVE-2021-22430,0.00885,0.26162
CVE-2021-22431,0.00885,0.26162
CVE-2021-22432,0.00885,0.26162
CVE-2021-22433,0.00885,0.26162
CVE-2021-22434,0.00885,0.26162
CVE-2021-22435,0.00885,0.26162
CVE-2021-22436,0.00885,0.26162
CVE-2021-22437,0.00885,0.26162
CVE-2021-22438,0.00885,0.26162
CVE-2021-22439,0.00885,0.26162
CVE-2021-2244,0.00885,0.26162
CVE-2021-22440,0.00885,0.26162
CVE-2021-22441,0.00885,0.26162
CVE-2021-22442,0.00885,0.26162
CVE-2021-22443,0.00885,0.26162
CVE-2021-22444,0.00885,0.26162
CVE-2021-22445,0.00885,0.26162
CVE-2021-22446,0.00885,0.26162
CVE-2021-22447,0.00885,0.26162
CVE-2021-22448,0.00885,0.26162
CVE-2021-22449,0.00885,0.26162
CVE-2021-2245,0.00885,0.26162
CVE-2021-22450,0.00885,0.26162
CVE-2021-22451,0.00885,0.26162
CVE-2021-22452,0.00885,0.26162
CVE-2021-22453,0.00885,0.26162
CVE-2021-22454,0.00885,0.26162
CVE-2021-22455,0.00885,0.26162
CVE-2021-22456,0.00885,0.26162
CVE-2021-22457,0.00885,0.26162
CVE-2021-22458,0.01036,0.41241
CVE-2021-22459,0.00885,0.26162
CVE-2021-2246,0.00885,0.26162
CVE-2021-22460,0.00885,0.26162
CVE-2021-22461,0.00885,0.26162
CVE-2021-22462,0.00885,0.26162
CVE-2021-22463,0.00885,0.26162
CVE-2021-22464,0.00885,0.26162
CVE-2021-22465,0.00885,0.26162
CVE-2021-22466,0.00885,0.26162
CVE-2021-22467,0.00885,0.26162
CVE-2021-22468,0.00885,0.26162
CVE-2021-22469,0.00885,0.26162
CVE-2021-2247,0.00885,0.26162
CVE-2021-22470,0.00885,0.26162
CVE-2021-22471,0.00885,0.26162
CVE-2021-22472,0.00885,0.26162
CVE-2021-22473,0.00885,0.26162
CVE-2021-22474,0.00885,0.26162
CVE-2021-22475,0.00885,0.26162
CVE-2021-22478,0.00885,0.26162
CVE-2021-22479,0.00885,0.26162
CVE-2021-2248,0.00885,0.26162
CVE-2021-22480,0.00885,0.26162
CVE-2021-22481,0.00885,0.26162
CVE-2021-22482,0.00885,0.26162
CVE-2021-22483,0.00885,0.26162
CVE-2021-22485,0.00885,0.26162
CVE-2021-22486,0.00885,0.26162
CVE-2021-22487,0.00885,0.26162
CVE-2021-22488,0.00885,0.26162
CVE-2021-22489,0.00885,0.26162
CVE-2021-2249,0.00885,0.26162
CVE-2021-22490,0.00885,0.26162
CVE-2021-22491,0.00885,0.26162
CVE-2021-22492,0.00885,0.26162
CVE-2021-22494,0.00885,0.26162
CVE-2021-22495,0.00885,0.26162
CVE-2021-22496,0.00885,0.26162
CVE-2021-22497,0.00885,0.26162
CVE-2021-22498,0.00885,0.26162
CVE-2021-22499,0.00885,0.26162
CVE-2021-2250,0.0089,0.2856
CVE-2021-22500,0.00885,0.26162
CVE-2021-22502,0.83727,0.99592
CVE-2021-22504,0.01156,0.60033
CVE-2021-22505,0.01086,0.51674
CVE-2021-22506,0.00885,0.26162
CVE-2021-22507,0.01055,0.50287
CVE-2021-2251,0.00885,0.26162
CVE-2021-22510,0.00885,0.26162
CVE-2021-22511,0.00885,0.26162
CVE-2021-22512,0.00885,0.26162
CVE-2021-22513,0.00885,0.26162
CVE-2021-22514,0.01156,0.60033
CVE-2021-22515,0.00885,0.26162
CVE-2021-22516,0.00885,0.26162
CVE-2021-22517,0.00885,0.26162
CVE-2021-22519,0.01156,0.60033
CVE-2021-2252,0.00885,0.26162
CVE-2021-22521,0.00885,0.26162
CVE-2021-22522,0.00885,0.26162
CVE-2021-22523,0.00885,0.26162
CVE-2021-22524,0.00885,0.26162
CVE-2021-22525,0.00885,0.26162
CVE-2021-22526,0.00885,0.26162
CVE-2021-22527,0.00885,0.26162
CVE-2021-22528,0.00885,0.26162
CVE-2021-2253,0.00885,0.26162
CVE-2021-22531,0.00885,0.26162
CVE-2021-22535,0.00885,0.26162
CVE-2021-22538,0.0095,0.30554
CVE-2021-22539,0.00885,0.26162
CVE-2021-2254,0.00885,0.26162
CVE-2021-22540,0.00885,0.26162
CVE-2021-22543,0.01034,0.39824
CVE-2021-22545,0.01036,0.41241
CVE-2021-22547,0.00885,0.26162
CVE-2021-22548,0.00885,0.26162
CVE-2021-22549,0.00885,0.26162
CVE-2021-2255,0.00885,0.26162
CVE-2021-22550,0.00885,0.26162
CVE-2021-22552,0.00885,0.26162
CVE-2021-22553,0.00885,0.26162
CVE-2021-22556,0.01005,0.36332
CVE-2021-22557,0.01005,0.36332
CVE-2021-2256,0.00885,0.26162
CVE-2021-22563,0.00885,0.26162
CVE-2021-22564,0.00885,0.26162
CVE-2021-22565,0.00885,0.26162
CVE-2021-22566,0.00885,0.26162
CVE-2021-22567,0.00885,0.26162
CVE-2021-22568,0.00954,0.34522
CVE-2021-22569,0.01018,0.38792
CVE-2021-2257,0.00885,0.26162
CVE-2021-22570,0.01537,0.73595
CVE-2021-22571,0.0089,0.2856
CVE-2021-22572,0.00885,0.26162
CVE-2021-22573,0.00885,0.26162
CVE-2021-2258,0.00885,0.26162
CVE-2021-2259,0.00885,0.26162
CVE-2021-2260,0.00885,0.26162
CVE-2021-22600,0.0089,0.2856
CVE-2021-2261,0.00885,0.26162
CVE-2021-2262,0.00885,0.26162
CVE-2021-2263,0.00885,0.26162
CVE-2021-22637,0.01005,0.36332
CVE-2021-22638,0.01036,0.41241
CVE-2021-22639,0.01005,0.36332
CVE-2021-2264,0.0095,0.30554
CVE-2021-22640,0.00885,0.26162
CVE-2021-22641,0.01005,0.36332
CVE-2021-22642,0.00885,0.26162
CVE-2021-22643,0.01559,0.742
CVE-2021-22644,0.00885,0.26162
CVE-2021-22645,0.00954,0.34522
CVE-2021-22646,0.01086,0.51674
CVE-2021-22647,0.01719,0.75183
CVE-2021-22648,0.00885,0.26162
CVE-2021-22649,0.01559,0.742
CVE-2021-22650,0.01086,0.51674
CVE-2021-22651,0.00954,0.34522
CVE-2021-22652,0.25724,0.96888
CVE-2021-22653,0.01036,0.41241
CVE-2021-22654,0.00954,0.34522
CVE-2021-22655,0.01036,0.41241
CVE-2021-22656,0.00885,0.26162
CVE-2021-22657,0.00885,0.26162
CVE-2021-22658,0.00885,0.26162
CVE-2021-22659,0.01055,0.50287
CVE-2021-2266,0.00885,0.26162
CVE-2021-22660,0.01559,0.742
CVE-2021-22661,0.00885,0.26162
CVE-2021-22662,0.01036,0.41241
CVE-2021-22663,0.01036,0.41241
CVE-2021-22664,0.01005,0.36332
CVE-2021-22665,0.00885,0.26162
CVE-2021-22666,0.01036,0.41241
CVE-2021-22667,0.0144,0.7265
CVE-2021-22668,0.01086,0.51674
CVE-2021-22669,0.00885,0.26162
CVE-2021-2267,0.00885,0.26162
CVE-2021-22670,0.01036,0.41241
CVE-2021-22671,0.01086,0.51674
CVE-2021-22672,0.01005,0.36332
CVE-2021-22673,0.01086,0.51674
CVE-2021-22674,0.00885,0.26162
CVE-2021-22675,0.01086,0.51674
CVE-2021-22676,0.00885,0.26162
CVE-2021-22677,0.01036,0.41241
CVE-2021-22678,0.01036,0.41241
CVE-2021-22679,0.01086,0.51674
CVE-2021-2268,0.00885,0.26162
CVE-2021-22680,0.01156,0.60033
CVE-2021-22681,0.00885,0.26162
CVE-2021-22682,0.00885,0.26162
CVE-2021-22683,0.01036,0.41241
CVE-2021-22684,0.00885,0.26162
CVE-2021-2269,0.00885,0.26162
CVE-2021-22696,0.03032,0.82851
CVE-2021-22697,0.04836,0.88802
CVE-2021-22698,0.04836,0.88802
CVE-2021-22699,0.00885,0.26162
CVE-2021-2270,0.00885,0.26162
CVE-2021-22701,0.00885,0.26162
CVE-2021-22702,0.00885,0.26162
CVE-2021-22703,0.00885,0.26162
CVE-2021-22704,0.00885,0.26162
CVE-2021-22705,0.00885,0.26162
CVE-2021-22706,0.00885,0.26162
CVE-2021-22707,0.00885,0.26162
CVE-2021-22708,0.00885,0.26162
CVE-2021-22709,0.01611,0.74874
CVE-2021-2271,0.00885,0.26162
CVE-2021-22710,0.01611,0.74874
CVE-2021-22711,0.00885,0.26162
CVE-2021-22712,0.00885,0.26162
CVE-2021-22713,0.00885,0.26162
CVE-2021-22714,0.01156,0.60033
CVE-2021-22716,0.01888,0.76438
CVE-2021-22717,0.01978,0.78447
CVE-2021-22718,0.01611,0.74874
CVE-2021-22719,0.01978,0.78447
CVE-2021-2272,0.00885,0.26162
CVE-2021-22720,0.04571,0.88388
CVE-2021-22721,0.00885,0.26162
CVE-2021-22722,0.00885,0.26162
CVE-2021-22723,0.00885,0.26162
CVE-2021-22724,0.00885,0.26162
CVE-2021-22725,0.00885,0.26162
CVE-2021-22726,0.00885,0.26162
CVE-2021-22727,0.00885,0.26162
CVE-2021-22728,0.00885,0.26162
CVE-2021-22729,0.00885,0.26162
CVE-2021-2273,0.00885,0.26162
CVE-2021-22730,0.00885,0.26162
CVE-2021-22731,0.01055,0.50287
CVE-2021-22732,0.01036,0.41241
CVE-2021-22733,0.00885,0.26162
CVE-2021-22734,0.01156,0.60033
CVE-2021-22735,0.01156,0.60033
CVE-2021-22736,0.00885,0.26162
CVE-2021-22737,0.00885,0.26162
CVE-2021-22738,0.00885,0.26162
CVE-2021-22739,0.00885,0.26162
CVE-2021-2274,0.00885,0.26162
CVE-2021-22740,0.00885,0.26162
CVE-2021-22741,0.00885,0.26162
CVE-2021-22742,0.00885,0.26162
CVE-2021-22743,0.00885,0.26162
CVE-2021-22744,0.00885,0.26162
CVE-2021-22745,0.00885,0.26162
CVE-2021-22746,0.00885,0.26162
CVE-2021-22747,0.00885,0.26162
CVE-2021-22748,0.01156,0.60033
CVE-2021-22749,0.00885,0.26162
CVE-2021-2275,0.00885,0.26162
CVE-2021-22750,0.01103,0.51945
CVE-2021-22751,0.01036,0.41241
CVE-2021-22752,0.01103,0.51945
CVE-2021-22753,0.01103,0.51945
CVE-2021-22754,0.01103,0.51945
CVE-2021-22755,0.01103,0.51945
CVE-2021-22756,0.01103,0.51945
CVE-2021-22757,0.01103,0.51945
CVE-2021-22758,0.01103,0.51945
CVE-2021-22759,0.01103,0.51945
CVE-2021-2276,0.00885,0.26162
CVE-2021-22760,0.01103,0.51945
CVE-2021-22761,0.00885,0.26162
CVE-2021-22762,0.01103,0.51945
CVE-2021-22763,0.00885,0.26162
CVE-2021-22764,0.00885,0.26162
CVE-2021-22765,0.01156,0.60033
CVE-2021-22766,0.00885,0.26162
CVE-2021-22767,0.01156,0.60033
CVE-2021-22768,0.01156,0.60033
CVE-2021-22769,0.00885,0.26162
CVE-2021-2277,0.00885,0.26162
CVE-2021-22770,0.00885,0.26162
CVE-2021-22771,0.01036,0.41241
CVE-2021-22772,0.00885,0.26162
CVE-2021-22773,0.00885,0.26162
CVE-2021-22774,0.00885,0.26162
CVE-2021-22775,0.01036,0.41241
CVE-2021-22777,0.01036,0.41241
CVE-2021-22778,0.00885,0.26162
CVE-2021-22779,0.00885,0.26162
CVE-2021-2278,0.00885,0.26162
CVE-2021-22780,0.00885,0.26162
CVE-2021-22781,0.00885,0.26162
CVE-2021-22782,0.00885,0.26162
CVE-2021-22783,0.00885,0.26162
CVE-2021-22784,0.00885,0.26162
CVE-2021-22785,0.00885,0.26162
CVE-2021-22787,0.00885,0.26162
CVE-2021-22788,0.00885,0.26162
CVE-2021-22789,0.00885,0.26162
CVE-2021-2279,0.00954,0.34522
CVE-2021-22790,0.00885,0.26162
CVE-2021-22791,0.00885,0.26162
CVE-2021-22792,0.00885,0.26162
CVE-2021-22793,0.00885,0.26162
CVE-2021-22794,0.01156,0.60033
CVE-2021-22795,0.01156,0.60033
CVE-2021-22796,0.01103,0.51945
CVE-2021-22797,0.01036,0.41241
CVE-2021-22798,0.00885,0.26162
CVE-2021-22799,0.00885,0.26162
CVE-2021-2280,0.00885,0.26162
CVE-2021-22800,0.00885,0.26162
CVE-2021-22801,0.01086,0.51674
CVE-2021-22802,0.01156,0.60033
CVE-2021-22803,0.01156,0.60033
CVE-2021-22804,0.00885,0.26162
CVE-2021-22805,0.00885,0.26162
CVE-2021-22806,0.00885,0.26162
CVE-2021-22807,0.01036,0.41241
CVE-2021-22808,0.01036,0.41241
CVE-2021-22809,0.00885,0.26162
CVE-2021-2281,0.00885,0.26162
CVE-2021-22810,0.01086,0.51674
CVE-2021-22811,0.01086,0.51674
CVE-2021-22812,0.01086,0.51674
CVE-2021-22813,0.01086,0.51674
CVE-2021-22814,0.01086,0.51674
CVE-2021-22815,0.00885,0.26162
CVE-2021-22816,0.00885,0.26162
CVE-2021-22817,0.00885,0.26162
CVE-2021-22818,0.00885,0.26162
CVE-2021-22819,0.00885,0.26162
CVE-2021-2282,0.00885,0.26162
CVE-2021-22820,0.00885,0.26162
CVE-2021-22821,0.00885,0.26162
CVE-2021-22822,0.00885,0.26162
CVE-2021-22823,0.00885,0.26162
CVE-2021-22824,0.00885,0.26162
CVE-2021-22825,0.00885,0.26162
CVE-2021-22826,0.01086,0.51674
CVE-2021-22827,0.01086,0.51674
CVE-2021-2283,0.00885,0.26162
CVE-2021-2284,0.00885,0.26162
CVE-2021-22847,0.01055,0.50287
CVE-2021-22848,0.01055,0.50287
CVE-2021-22849,0.00885,0.26162
CVE-2021-2285,0.00885,0.26162
CVE-2021-22850,0.00885,0.26162
CVE-2021-22851,0.00885,0.26162
CVE-2021-22852,0.00885,0.26162
CVE-2021-22853,0.01055,0.50287
CVE-2021-22854,0.01055,0.50287
CVE-2021-22855,0.00885,0.26162
CVE-2021-22856,0.01055,0.50287
CVE-2021-22857,0.00885,0.26162
CVE-2021-22858,0.00885,0.26162
CVE-2021-22859,0.01136,0.57949
CVE-2021-2286,0.00885,0.26162
CVE-2021-22860,0.01136,0.57949
CVE-2021-22861,0.0095,0.30554
CVE-2021-22862,0.00885,0.26162
CVE-2021-22863,0.0095,0.30554
CVE-2021-22864,0.04571,0.88388
CVE-2021-22865,0.00954,0.34522
CVE-2021-22866,0.00885,0.26162
CVE-2021-22867,0.0089,0.2856
CVE-2021-22868,0.0089,0.2856
CVE-2021-22869,0.00885,0.26162
CVE-2021-2287,0.00885,0.26162
CVE-2021-22870,0.0089,0.2856
CVE-2021-22871,0.01034,0.39824
CVE-2021-22872,0.01108,0.53389
CVE-2021-22874,0.00954,0.34522
CVE-2021-22875,0.00954,0.34522
CVE-2021-22876,0.01537,0.73595
CVE-2021-22877,0.0095,0.30554
CVE-2021-22878,0.0095,0.30554
CVE-2021-22879,0.01018,0.38792
CVE-2021-2288,0.00885,0.26162
CVE-2021-22880,0.01108,0.53389
CVE-2021-22881,0.01108,0.53389
CVE-2021-22882,0.00885,0.26162
CVE-2021-22883,0.01537,0.73595
CVE-2021-22884,0.01537,0.73595
CVE-2021-22885,0.02509,0.81058
CVE-2021-22886,0.01136,0.57949
CVE-2021-22887,0.00885,0.26162
CVE-2021-22888,0.00954,0.34522
CVE-2021-22889,0.00954,0.34522
CVE-2021-2289,0.00885,0.26162
CVE-2021-22890,0.01537,0.73595
CVE-2021-22891,0.00885,0.26162
CVE-2021-22892,0.00885,0.26162
CVE-2021-22894,0.01156,0.60033
CVE-2021-22895,0.01018,0.38792
CVE-2021-22896,0.0095,0.30554
CVE-2021-22897,0.01183,0.60428
CVE-2021-22898,0.02686,0.82061
CVE-2021-22899,0.01156,0.60033
CVE-2021-2290,0.00885,0.26162
CVE-2021-22900,0.00885,0.26162
CVE-2021-22901,0.09801,0.94069
CVE-2021-22902,0.00885,0.26162
CVE-2021-22903,0.00885,0.26162
CVE-2021-22904,0.00954,0.34522
CVE-2021-22905,0.00885,0.26162
CVE-2021-22906,0.00885,0.26162
CVE-2021-22907,0.00885,0.26162
CVE-2021-22908,0.01156,0.60033
CVE-2021-22909,0.00885,0.26162
CVE-2021-2291,0.0089,0.2856
CVE-2021-22910,0.00885,0.26162
CVE-2021-22912,0.00885,0.26162
CVE-2021-22913,0.00885,0.26162
CVE-2021-22914,0.00885,0.26162
CVE-2021-22915,0.01018,0.38792
CVE-2021-22916,0.00885,0.26162
CVE-2021-22917,0.00885,0.26162
CVE-2021-22918,0.01018,0.38792
CVE-2021-22919,0.00885,0.26162
CVE-2021-2292,0.00885,0.26162
CVE-2021-22920,0.00885,0.26162
CVE-2021-22921,0.01018,0.38792
CVE-2021-22922,0.01537,0.73595
CVE-2021-22923,0.01018,0.38792
CVE-2021-22924,0.02686,0.82061
CVE-2021-22925,0.01537,0.73595
CVE-2021-22926,0.01537,0.73595
CVE-2021-22927,0.00885,0.26162
CVE-2021-22928,0.00885,0.26162
CVE-2021-22929,0.00885,0.26162
CVE-2021-2293,0.00885,0.26162
CVE-2021-22930,0.01018,0.38792
CVE-2021-22931,0.07154,0.91917
CVE-2021-22932,0.00885,0.26162
CVE-2021-22933,0.00885,0.26162
CVE-2021-22934,0.00885,0.26162
CVE-2021-22935,0.02055,0.7893
CVE-2021-22936,0.00885,0.26162
CVE-2021-22937,0.00885,0.26162
CVE-2021-22938,0.02055,0.7893
CVE-2021-22939,0.01108,0.53389
CVE-2021-2294,0.00885,0.26162
CVE-2021-22940,0.01108,0.53389
CVE-2021-22941,0.00885,0.26162
CVE-2021-22942,0.00885,0.26162
CVE-2021-22943,0.00885,0.26162
CVE-2021-22944,0.00885,0.26162
CVE-2021-22945,0.01537,0.73595
CVE-2021-22946,0.02686,0.82061
CVE-2021-22947,0.02686,0.82061
CVE-2021-22948,0.00885,0.26162
CVE-2021-22949,0.00885,0.26162
CVE-2021-2295,0.00885,0.26162
CVE-2021-22950,0.00885,0.26162
CVE-2021-22951,0.00885,0.26162
CVE-2021-22952,0.00885,0.26162
CVE-2021-22953,0.00885,0.26162
CVE-2021-22954,0.00885,0.26162
CVE-2021-22955,0.00885,0.26162
CVE-2021-22956,0.00885,0.26162
CVE-2021-22957,0.00885,0.26162
CVE-2021-22958,0.00885,0.26162
CVE-2021-22959,0.00954,0.34522
CVE-2021-2296,0.0089,0.2856
CVE-2021-22960,0.00954,0.34522
CVE-2021-22961,0.01086,0.51674
CVE-2021-22963,0.01055,0.50287
CVE-2021-22964,0.01055,0.50287
CVE-2021-22965,0.00885,0.26162
CVE-2021-22966,0.00885,0.26162
CVE-2021-22967,0.00885,0.26162
CVE-2021-22968,0.02432,0.8082
CVE-2021-22969,0.00885,0.26162
CVE-2021-2297,0.0089,0.2856
CVE-2021-22970,0.00954,0.34522
CVE-2021-22973,0.00885,0.26162
CVE-2021-22974,0.00885,0.26162
CVE-2021-22975,0.00885,0.26162
CVE-2021-22976,0.00885,0.26162
CVE-2021-22977,0.00885,0.26162
CVE-2021-22978,0.00885,0.26162
CVE-2021-22979,0.00885,0.26162
CVE-2021-2298,0.00885,0.26162
CVE-2021-22980,0.00885,0.26162
CVE-2021-22981,0.00885,0.26162
CVE-2021-22982,0.00885,0.26162
CVE-2021-22983,0.00885,0.26162
CVE-2021-22984,0.00885,0.26162
CVE-2021-22985,0.00885,0.26162
CVE-2021-22987,0.01042,0.41244
CVE-2021-22988,0.01042,0.41244
CVE-2021-22989,0.01042,0.41244
CVE-2021-2299,0.00885,0.26162
CVE-2021-22990,0.01042,0.41244
CVE-2021-22991,0.04445,0.87709
CVE-2021-22992,0.04445,0.87709
CVE-2021-22993,0.00885,0.26162
CVE-2021-22994,0.00885,0.26162
CVE-2021-22995,0.00885,0.26162
CVE-2021-22996,0.00885,0.26162
CVE-2021-22997,0.00885,0.26162
CVE-2021-22998,0.00885,0.26162
CVE-2021-22999,0.00885,0.26162
CVE-2021-2300,0.00885,0.26162
CVE-2021-23000,0.00885,0.26162
CVE-2021-23001,0.00885,0.26162
CVE-2021-23002,0.00885,0.26162
CVE-2021-23003,0.00885,0.26162
CVE-2021-23004,0.00885,0.26162
CVE-2021-23005,0.00885,0.26162
CVE-2021-23006,0.00885,0.26162
CVE-2021-23007,0.00885,0.26162
CVE-2021-23008,0.00885,0.26162
CVE-2021-23009,0.00885,0.26162
CVE-2021-2301,0.00885,0.26162
CVE-2021-23010,0.00885,0.26162
CVE-2021-23011,0.00885,0.26162
CVE-2021-23012,0.00885,0.26162
CVE-2021-23013,0.00885,0.26162
CVE-2021-23014,0.00885,0.26162
CVE-2021-23015,0.00885,0.26162
CVE-2021-23016,0.00885,0.26162
CVE-2021-23018,0.00885,0.26162
CVE-2021-23019,0.00885,0.26162
CVE-2021-23020,0.00885,0.26162
CVE-2021-23021,0.00885,0.26162
CVE-2021-23022,0.00885,0.26162
CVE-2021-23023,0.00885,0.26162
CVE-2021-23024,0.01978,0.78447
CVE-2021-23025,0.01042,0.41244
CVE-2021-23026,0.00885,0.26162
CVE-2021-23027,0.00885,0.26162
CVE-2021-23028,0.00885,0.26162
CVE-2021-23029,0.00885,0.26162
CVE-2021-2303,0.00885,0.26162
CVE-2021-23030,0.00885,0.26162
CVE-2021-23031,0.00885,0.26162
CVE-2021-23032,0.00885,0.26162
CVE-2021-23033,0.00885,0.26162
CVE-2021-23034,0.00885,0.26162
CVE-2021-23035,0.00885,0.26162
CVE-2021-23036,0.00885,0.26162
CVE-2021-23037,0.00885,0.26162
CVE-2021-23038,0.00885,0.26162
CVE-2021-23039,0.00885,0.26162
CVE-2021-2304,0.00885,0.26162
CVE-2021-23040,0.00885,0.26162
CVE-2021-23041,0.00885,0.26162
CVE-2021-23042,0.00885,0.26162
CVE-2021-23043,0.00885,0.26162
CVE-2021-23044,0.00885,0.26162
CVE-2021-23045,0.00885,0.26162
CVE-2021-23046,0.00885,0.26162
CVE-2021-23047,0.00885,0.26162
CVE-2021-23048,0.00885,0.26162
CVE-2021-23049,0.00885,0.26162
CVE-2021-2305,0.00885,0.26162
CVE-2021-23050,0.00885,0.26162
CVE-2021-23051,0.00885,0.26162
CVE-2021-23052,0.00885,0.26162
CVE-2021-23053,0.00885,0.26162
CVE-2021-23054,0.00885,0.26162
CVE-2021-23055,0.00885,0.26162
CVE-2021-2306,0.00885,0.26162
CVE-2021-2307,0.00885,0.26162
CVE-2021-2308,0.00885,0.26162
CVE-2021-2309,0.0089,0.2856
CVE-2021-2310,0.0089,0.2856
CVE-2021-2311,0.00885,0.26162
CVE-2021-2312,0.00885,0.26162
CVE-2021-23124,0.00885,0.26162
CVE-2021-23125,0.00885,0.26162
CVE-2021-23126,0.00885,0.26162
CVE-2021-23127,0.00885,0.26162
CVE-2021-23128,0.00885,0.26162
CVE-2021-23129,0.00885,0.26162
CVE-2021-23130,0.00885,0.26162
CVE-2021-23131,0.00885,0.26162
CVE-2021-23133,0.01282,0.67298
CVE-2021-23134,0.01034,0.39824
CVE-2021-23135,0.00885,0.26162
CVE-2021-23136,0.00885,0.26162
CVE-2021-23138,0.02378,0.80704
CVE-2021-23139,0.00885,0.26162
CVE-2021-2314,0.00885,0.26162
CVE-2021-23140,0.00885,0.26162
CVE-2021-23146,0.00885,0.26162
CVE-2021-23147,0.00885,0.26162
CVE-2021-2315,0.00885,0.26162
CVE-2021-23150,0.00885,0.26162
CVE-2021-23152,0.00885,0.26162
CVE-2021-23154,0.00885,0.26162
CVE-2021-23155,0.00885,0.26162
CVE-2021-23157,0.01559,0.742
CVE-2021-23158,0.02398,0.80734
CVE-2021-23159,0.01018,0.38792
CVE-2021-2316,0.00885,0.26162
CVE-2021-23162,0.00885,0.26162
CVE-2021-23163,0.00885,0.26162
CVE-2021-23165,0.02398,0.80734
CVE-2021-23167,0.00885,0.26162
CVE-2021-23168,0.00885,0.26162
CVE-2021-23169,0.02509,0.81058
CVE-2021-2317,0.00885,0.26162
CVE-2021-23172,0.01018,0.38792
CVE-2021-23173,0.00885,0.26162
CVE-2021-23174,0.0089,0.2856
CVE-2021-23175,0.00885,0.26162
CVE-2021-23177,0.01018,0.38792
CVE-2021-23179,0.00885,0.26162
CVE-2021-2318,0.00885,0.26162
CVE-2021-23180,0.0149,0.72731
CVE-2021-23182,0.00885,0.26162
CVE-2021-23188,0.00885,0.26162
CVE-2021-2319,0.00885,0.26162
CVE-2021-23191,0.01018,0.38792
CVE-2021-23192,0.00954,0.34522
CVE-2021-23193,0.00885,0.26162
CVE-2021-23195,0.00885,0.26162
CVE-2021-23196,0.00885,0.26162
CVE-2021-23197,0.01036,0.41241
CVE-2021-23198,0.00885,0.26162
CVE-2021-2320,0.00885,0.26162
CVE-2021-23201,0.00885,0.26162
CVE-2021-23204,0.00885,0.26162
CVE-2021-23205,0.00885,0.26162
CVE-2021-23206,0.0149,0.72731
CVE-2021-23207,0.00885,0.26162
CVE-2021-23209,0.00885,0.26162
CVE-2021-2321,0.00885,0.26162
CVE-2021-23210,0.01018,0.38792
CVE-2021-23211,0.00885,0.26162
CVE-2021-23214,0.01018,0.38792
CVE-2021-23215,0.00954,0.34522
CVE-2021-23217,0.01036,0.41241
CVE-2021-23218,0.00885,0.26162
CVE-2021-23219,0.00885,0.26162
CVE-2021-2322,0.00885,0.26162
CVE-2021-23222,0.01018,0.38792
CVE-2021-23223,0.00885,0.26162
CVE-2021-23225,0.00885,0.26162
CVE-2021-23227,0.00885,0.26162
CVE-2021-23228,0.00885,0.26162
CVE-2021-2323,0.00885,0.26162
CVE-2021-23230,0.00885,0.26162
CVE-2021-23233,0.00885,0.26162
CVE-2021-23236,0.00885,0.26162
CVE-2021-2324,0.00885,0.26162
CVE-2021-23240,0.01104,0.52279
CVE-2021-23241,0.00954,0.34522
CVE-2021-23242,0.00954,0.34522
CVE-2021-23243,0.00885,0.26162
CVE-2021-23244,0.00885,0.26162
CVE-2021-23246,0.00885,0.26162
CVE-2021-23247,0.01086,0.51674
CVE-2021-23253,0.00885,0.26162
CVE-2021-23258,0.00885,0.26162
CVE-2021-23259,0.00885,0.26162
CVE-2021-2326,0.00885,0.26162
CVE-2021-23260,0.00885,0.26162
CVE-2021-23261,0.00885,0.26162
CVE-2021-23262,0.00885,0.26162
CVE-2021-23263,0.01055,0.50287
CVE-2021-23264,0.01055,0.50287
CVE-2021-23265,0.00885,0.26162
CVE-2021-23266,0.00885,0.26162
CVE-2021-23267,0.00885,0.26162
CVE-2021-23270,0.00885,0.26162
CVE-2021-23271,0.00885,0.26162
CVE-2021-23272,0.00885,0.26162
CVE-2021-23273,0.00885,0.26162
CVE-2021-23274,0.00885,0.26162
CVE-2021-23275,0.00885,0.26162
CVE-2021-23276,0.00885,0.26162
CVE-2021-23277,0.00885,0.26162
CVE-2021-23278,0.00885,0.26162
CVE-2021-23279,0.00885,0.26162
CVE-2021-2328,0.00885,0.26162
CVE-2021-23280,0.00885,0.26162
CVE-2021-23281,0.01156,0.60033
CVE-2021-23283,0.00885,0.26162
CVE-2021-23284,0.00885,0.26162
CVE-2021-23285,0.00885,0.26162
CVE-2021-23286,0.00885,0.26162
CVE-2021-23287,0.00885,0.26162
CVE-2021-23288,0.00885,0.26162
CVE-2021-2329,0.00885,0.26162
CVE-2021-2330,0.00885,0.26162
CVE-2021-2332,0.00885,0.26162
CVE-2021-23326,0.02359,0.80663
CVE-2021-23327,0.01018,0.38792
CVE-2021-23328,0.00885,0.26162
CVE-2021-23329,0.00885,0.26162
CVE-2021-2333,0.00885,0.26162
CVE-2021-23330,0.02211,0.80357
CVE-2021-23331,0.00885,0.26162
CVE-2021-23335,0.00885,0.26162
CVE-2021-23336,0.02686,0.82061
CVE-2021-23337,0.02961,0.82792
CVE-2021-23338,0.01178,0.60108
CVE-2021-23339,0.00885,0.26162
CVE-2021-2334,0.00885,0.26162
CVE-2021-23340,0.0089,0.2856
CVE-2021-23341,0.01108,0.53389
CVE-2021-23342,0.01018,0.38792
CVE-2021-23343,0.01018,0.38792
CVE-2021-23344,0.01978,0.78447
CVE-2021-23345,0.00885,0.26162
CVE-2021-23346,0.01108,0.53389
CVE-2021-23347,0.00885,0.26162
CVE-2021-23348,0.0095,0.30554
CVE-2021-2335,0.00885,0.26162
CVE-2021-23351,0.01034,0.39824
CVE-2021-23352,0.00954,0.34522
CVE-2021-23353,0.01108,0.53389
CVE-2021-23354,0.00954,0.34522
CVE-2021-23355,0.00885,0.26162
CVE-2021-23356,0.00885,0.26162
CVE-2021-23357,0.00885,0.26162
CVE-2021-23358,0.01791,0.76026
CVE-2021-23359,0.00885,0.26162
CVE-2021-2336,0.00885,0.26162
CVE-2021-23360,0.0089,0.2856
CVE-2021-23362,0.01108,0.53389
CVE-2021-23363,0.0089,0.2856
CVE-2021-23364,0.01018,0.38792
CVE-2021-23365,0.01018,0.38792
CVE-2021-23368,0.01537,0.73595
CVE-2021-23369,0.06729,0.91198
CVE-2021-2337,0.00885,0.26162
CVE-2021-23370,0.01108,0.53389
CVE-2021-23371,0.00954,0.34522
CVE-2021-23372,0.00885,0.26162
CVE-2021-23373,0.00885,0.26162
CVE-2021-23374,0.00885,0.26162
CVE-2021-23375,0.00885,0.26162
CVE-2021-23376,0.00885,0.26162
CVE-2021-23377,0.00885,0.26162
CVE-2021-23378,0.00885,0.26162
CVE-2021-23379,0.00885,0.26162
CVE-2021-2338,0.00885,0.26162
CVE-2021-23380,0.00885,0.26162
CVE-2021-23381,0.00885,0.26162
CVE-2021-23382,0.00954,0.34522
CVE-2021-23383,0.01108,0.53389
CVE-2021-23384,0.00885,0.26162
CVE-2021-23385,0.00954,0.34522
CVE-2021-23386,0.0095,0.30554
CVE-2021-23387,0.00954,0.34522
CVE-2021-23388,0.00954,0.34522
CVE-2021-23389,0.02509,0.81058
CVE-2021-2339,0.0095,0.30554
CVE-2021-23390,0.02509,0.81058
CVE-2021-23391,0.00885,0.26162
CVE-2021-23392,0.00954,0.34522
CVE-2021-23393,0.00885,0.26162
CVE-2021-23394,0.05634,0.89764
CVE-2021-23395,0.00885,0.26162
CVE-2021-23396,0.00885,0.26162
CVE-2021-23397,0.00885,0.26162
CVE-2021-23398,0.01018,0.38792
CVE-2021-23399,0.00885,0.26162
CVE-2021-2340,0.0095,0.30554
CVE-2021-23400,0.01018,0.38792
CVE-2021-23401,0.00954,0.34522
CVE-2021-23402,0.00885,0.26162
CVE-2021-23403,0.00885,0.26162
CVE-2021-23404,0.00885,0.26162
CVE-2021-23405,0.00885,0.26162
CVE-2021-23406,0.01018,0.38792
CVE-2021-23407,0.00954,0.34522
CVE-2021-23408,0.01018,0.38792
CVE-2021-23409,0.01018,0.38792
CVE-2021-2341,0.01537,0.73595
CVE-2021-23411,0.00954,0.34522
CVE-2021-23412,0.02211,0.80357
CVE-2021-23413,0.01108,0.53389
CVE-2021-23414,0.02509,0.81058
CVE-2021-23415,0.00885,0.26162
CVE-2021-23416,0.00885,0.26162
CVE-2021-23417,0.00885,0.26162
CVE-2021-23418,0.01018,0.38792
CVE-2021-23419,0.00885,0.26162
CVE-2021-2342,0.0095,0.30554
CVE-2021-23420,0.01018,0.38792
CVE-2021-23421,0.00885,0.26162
CVE-2021-23422,0.00885,0.26162
CVE-2021-23423,0.00885,0.26162
CVE-2021-23424,0.00954,0.34522
CVE-2021-23425,0.00954,0.34522
CVE-2021-23426,0.00885,0.26162
CVE-2021-23427,0.00885,0.26162
CVE-2021-23428,0.00954,0.34522
CVE-2021-23429,0.00885,0.26162
CVE-2021-2343,0.00885,0.26162
CVE-2021-23430,0.00885,0.26162
CVE-2021-23431,0.00885,0.26162
CVE-2021-23432,0.00885,0.26162
CVE-2021-23433,0.00954,0.34522
CVE-2021-23434,0.01018,0.38792
CVE-2021-23435,0.00885,0.26162
CVE-2021-23436,0.00954,0.34522
CVE-2021-23437,0.01018,0.38792
CVE-2021-23438,0.00954,0.34522
CVE-2021-23439,0.00954,0.34522
CVE-2021-2344,0.00885,0.26162
CVE-2021-23440,0.01108,0.53389
CVE-2021-23442,0.00954,0.34522
CVE-2021-23443,0.00885,0.26162
CVE-2021-23444,0.01108,0.53389
CVE-2021-23445,0.01018,0.38792
CVE-2021-23446,0.01183,0.60428
CVE-2021-23447,0.00954,0.34522
CVE-2021-23448,0.00885,0.26162
CVE-2021-23449,0.02509,0.81058
CVE-2021-2345,0.00885,0.26162
CVE-2021-23450,0.01183,0.60428
CVE-2021-23451,0.00954,0.34522
CVE-2021-23452,0.00885,0.26162
CVE-2021-2346,0.00885,0.26162
CVE-2021-23460,0.01018,0.38792
CVE-2021-2347,0.00885,0.26162
CVE-2021-23470,0.00885,0.26162
CVE-2021-23472,0.01108,0.53389
CVE-2021-2348,0.00885,0.26162
CVE-2021-23484,0.00954,0.34522
CVE-2021-2349,0.00885,0.26162
CVE-2021-23490,0.00954,0.34522
CVE-2021-23495,0.00954,0.34522
CVE-2021-23497,0.03693,0.843
CVE-2021-2350,0.00885,0.26162
CVE-2021-23507,0.01018,0.38792
CVE-2021-23509,0.01018,0.38792
CVE-2021-2351,0.01537,0.73595
CVE-2021-23514,0.00954,0.34522
CVE-2021-23518,0.00954,0.34522
CVE-2021-2352,0.0095,0.30554
CVE-2021-23520,0.00954,0.34522
CVE-2021-23521,0.01005,0.36332
CVE-2021-2353,0.00885,0.26162
CVE-2021-2354,0.0095,0.30554
CVE-2021-23543,0.00885,0.26162
CVE-2021-2355,0.00885,0.26162
CVE-2021-23555,0.0144,0.7265
CVE-2021-23556,0.0095,0.30554
CVE-2021-23558,0.00954,0.34522
CVE-2021-2356,0.0095,0.30554
CVE-2021-23561,0.00885,0.26162
CVE-2021-23562,0.01108,0.53389
CVE-2021-23566,0.0095,0.30554
CVE-2021-23567,0.01018,0.38792
CVE-2021-23568,0.01018,0.38792
CVE-2021-2357,0.0095,0.30554
CVE-2021-23574,0.01108,0.53389
CVE-2021-2358,0.00885,0.26162
CVE-2021-2359,0.00885,0.26162
CVE-2021-23592,0.00954,0.34522
CVE-2021-23594,0.00885,0.26162
CVE-2021-23597,0.00954,0.34522
CVE-2021-2360,0.00885,0.26162
CVE-2021-2361,0.00885,0.26162
CVE-2021-2362,0.00885,0.26162
CVE-2021-23624,0.00885,0.26162
CVE-2021-2363,0.00885,0.26162
CVE-2021-23631,0.01018,0.38792
CVE-2021-23632,0.01156,0.60033
CVE-2021-23639,0.05634,0.89764
CVE-2021-2364,0.00885,0.26162
CVE-2021-23648,0.01108,0.53389
CVE-2021-2365,0.00885,0.26162
CVE-2021-23654,0.00885,0.26162
CVE-2021-2366,0.00885,0.26162
CVE-2021-23663,0.00885,0.26162
CVE-2021-23664,0.00885,0.26162
CVE-2021-2367,0.0095,0.30554
CVE-2021-23673,0.00885,0.26162
CVE-2021-2368,0.00885,0.26162
CVE-2021-23682,0.01108,0.53389
CVE-2021-2369,0.01018,0.38792
CVE-2021-2370,0.0095,0.30554
CVE-2021-23700,0.00885,0.26162
CVE-2021-23702,0.00885,0.26162
CVE-2021-2371,0.00885,0.26162
CVE-2021-23718,0.00954,0.34522
CVE-2021-2372,0.01034,0.39824
CVE-2021-23727,0.02066,0.78986
CVE-2021-2373,0.00885,0.26162
CVE-2021-23732,0.00885,0.26162
CVE-2021-2374,0.0095,0.30554
CVE-2021-2375,0.00885,0.26162
CVE-2021-2376,0.00885,0.26162
CVE-2021-23760,0.01156,0.60033
CVE-2021-2377,0.00885,0.26162
CVE-2021-23771,0.00885,0.26162
CVE-2021-23772,0.0089,0.2856
CVE-2021-2378,0.00885,0.26162
CVE-2021-23784,0.00954,0.34522
CVE-2021-23792,0.00885,0.26162
CVE-2021-23797,0.00885,0.26162
CVE-2021-2380,0.00885,0.26162
CVE-2021-23803,0.00954,0.34522
CVE-2021-23807,0.01018,0.38792
CVE-2021-2381,0.00885,0.26162
CVE-2021-23814,0.00885,0.26162
CVE-2021-2382,0.00885,0.26162
CVE-2021-23820,0.00954,0.34522
CVE-2021-23824,0.00954,0.34522
CVE-2021-23827,0.0089,0.2856
CVE-2021-2383,0.0095,0.30554
CVE-2021-23835,0.0089,0.2856
CVE-2021-23836,0.0089,0.2856
CVE-2021-23837,0.0089,0.2856
CVE-2021-23838,0.0089,0.2856
CVE-2021-23839,0.01183,0.60428
CVE-2021-2384,0.0095,0.30554
CVE-2021-23840,0.0472,0.88691
CVE-2021-23842,0.00885,0.26162
CVE-2021-23843,0.00885,0.26162
CVE-2021-23845,0.00885,0.26162
CVE-2021-23846,0.00885,0.26162
CVE-2021-23847,0.01055,0.50287
CVE-2021-23848,0.00885,0.26162
CVE-2021-23849,0.01055,0.50287
CVE-2021-2385,0.0095,0.30554
CVE-2021-23850,0.01156,0.60033
CVE-2021-23851,0.01156,0.60033
CVE-2021-23852,0.00885,0.26162
CVE-2021-23853,0.00885,0.26162
CVE-2021-23854,0.00885,0.26162
CVE-2021-23855,0.00885,0.26162
CVE-2021-23856,0.00885,0.26162
CVE-2021-23857,0.00885,0.26162
CVE-2021-23858,0.00885,0.26162
CVE-2021-23859,0.00885,0.26162
CVE-2021-2386,0.00885,0.26162
CVE-2021-23860,0.00885,0.26162
CVE-2021-23861,0.00885,0.26162
CVE-2021-23862,0.00885,0.26162
CVE-2021-23863,0.00885,0.26162
CVE-2021-2387,0.00885,0.26162
CVE-2021-23872,0.00885,0.26162
CVE-2021-23873,0.00885,0.26162
CVE-2021-23874,0.01036,0.41241
CVE-2021-23876,0.00885,0.26162
CVE-2021-23877,0.00885,0.26162
CVE-2021-23878,0.00885,0.26162
CVE-2021-23879,0.01036,0.41241
CVE-2021-2388,0.01018,0.38792
CVE-2021-23880,0.00885,0.26162
CVE-2021-23881,0.00885,0.26162
CVE-2021-23882,0.00885,0.26162
CVE-2021-23883,0.00885,0.26162
CVE-2021-23884,0.00885,0.26162
CVE-2021-23885,0.00885,0.26162
CVE-2021-23886,0.00885,0.26162
CVE-2021-23887,0.00885,0.26162
CVE-2021-23888,0.00885,0.26162
CVE-2021-23889,0.00885,0.26162
CVE-2021-2389,0.01018,0.38792
CVE-2021-23890,0.00885,0.26162
CVE-2021-23891,0.00885,0.26162
CVE-2021-23892,0.00885,0.26162
CVE-2021-23893,0.00885,0.26162
CVE-2021-23894,0.01055,0.50287
CVE-2021-23895,0.01055,0.50287
CVE-2021-23896,0.00885,0.26162
CVE-2021-23899,0.00954,0.34522
CVE-2021-2390,0.00954,0.34522
CVE-2021-23900,0.00954,0.34522
CVE-2021-23901,0.01246,0.66436
CVE-2021-23906,0.05634,0.89764
CVE-2021-23907,0.05634,0.89764
CVE-2021-23908,0.05634,0.89764
CVE-2021-23909,0.05634,0.89764
CVE-2021-2391,0.00885,0.26162
CVE-2021-23910,0.00954,0.34522
CVE-2021-2392,0.00885,0.26162
CVE-2021-23921,0.00885,0.26162
CVE-2021-23922,0.00885,0.26162
CVE-2021-23923,0.00885,0.26162
CVE-2021-23924,0.00885,0.26162
CVE-2021-23925,0.00885,0.26162
CVE-2021-23926,0.01859,0.7626
CVE-2021-23927,0.00885,0.26162
CVE-2021-23928,0.00885,0.26162
CVE-2021-23929,0.00885,0.26162
CVE-2021-2393,0.00885,0.26162
CVE-2021-23930,0.00885,0.26162
CVE-2021-23931,0.00885,0.26162
CVE-2021-23932,0.00885,0.26162
CVE-2021-23933,0.00885,0.26162
CVE-2021-23934,0.00885,0.26162
CVE-2021-23935,0.00885,0.26162
CVE-2021-23936,0.00885,0.26162
CVE-2021-23937,0.01246,0.66436
CVE-2021-2395,0.00885,0.26162
CVE-2021-23953,0.01018,0.38792
CVE-2021-23954,0.01018,0.38792
CVE-2021-23955,0.00885,0.26162
CVE-2021-23956,0.00885,0.26162
CVE-2021-23957,0.00885,0.26162
CVE-2021-23958,0.00885,0.26162
CVE-2021-23959,0.00885,0.26162
CVE-2021-2396,0.00885,0.26162
CVE-2021-23960,0.01018,0.38792
CVE-2021-23961,0.01183,0.60428
CVE-2021-23962,0.00885,0.26162
CVE-2021-23963,0.00885,0.26162
CVE-2021-23964,0.01018,0.38792
CVE-2021-23965,0.00885,0.26162
CVE-2021-23968,0.01183,0.60428
CVE-2021-23969,0.01183,0.60428
CVE-2021-2397,0.00885,0.26162
CVE-2021-23970,0.00954,0.34522
CVE-2021-23971,0.00954,0.34522
CVE-2021-23972,0.00954,0.34522
CVE-2021-23973,0.01183,0.60428
CVE-2021-23974,0.00954,0.34522
CVE-2021-23975,0.00954,0.34522
CVE-2021-23976,0.00954,0.34522
CVE-2021-23977,0.00954,0.34522
CVE-2021-23978,0.01183,0.60428
CVE-2021-23979,0.00885,0.26162
CVE-2021-2398,0.00885,0.26162
CVE-2021-23981,0.01018,0.38792
CVE-2021-23982,0.01018,0.38792
CVE-2021-23983,0.00885,0.26162
CVE-2021-23984,0.01018,0.38792
CVE-2021-23985,0.01055,0.50287
CVE-2021-23986,0.00885,0.26162
CVE-2021-23987,0.01018,0.38792
CVE-2021-23988,0.00885,0.26162
CVE-2021-2399,0.00885,0.26162
CVE-2021-23991,0.00885,0.26162
CVE-2021-23992,0.00885,0.26162
CVE-2021-23993,0.00885,0.26162
CVE-2021-23994,0.01018,0.38792
CVE-2021-23995,0.01018,0.38792
CVE-2021-23996,0.00885,0.26162
CVE-2021-23997,0.00885,0.26162
CVE-2021-23998,0.01018,0.38792
CVE-2021-23999,0.01018,0.38792
CVE-2021-2400,0.00885,0.26162
CVE-2021-24000,0.00885,0.26162
CVE-2021-24001,0.00885,0.26162
CVE-2021-24002,0.01018,0.38792
CVE-2021-24005,0.00885,0.26162
CVE-2021-24006,0.00885,0.26162
CVE-2021-24007,0.00885,0.26162
CVE-2021-24009,0.00885,0.26162
CVE-2021-2401,0.00885,0.26162
CVE-2021-24010,0.00885,0.26162
CVE-2021-24011,0.00885,0.26162
CVE-2021-24012,0.00885,0.26162
CVE-2021-24013,0.00885,0.26162
CVE-2021-24014,0.00885,0.26162
CVE-2021-24015,0.00885,0.26162
CVE-2021-24016,0.00885,0.26162
CVE-2021-24017,0.00885,0.26162
CVE-2021-24018,0.01036,0.41241
CVE-2021-24019,0.00885,0.26162
CVE-2021-2402,0.00885,0.26162
CVE-2021-24020,0.00885,0.26162
CVE-2021-24021,0.01055,0.50287
CVE-2021-24022,0.00885,0.26162
CVE-2021-24023,0.00885,0.26162
CVE-2021-24024,0.01055,0.50287
CVE-2021-24025,0.00885,0.26162
CVE-2021-24026,0.00885,0.26162
CVE-2021-24028,0.0144,0.7265
CVE-2021-24029,0.00885,0.26162
CVE-2021-2403,0.00885,0.26162
CVE-2021-24030,0.01086,0.51674
CVE-2021-24031,0.0089,0.2856
CVE-2021-24032,0.0089,0.2856
CVE-2021-24033,0.02055,0.7893
CVE-2021-24035,0.00885,0.26162
CVE-2021-24036,0.05634,0.89764
CVE-2021-24037,0.0144,0.7265
CVE-2021-24038,0.00885,0.26162
CVE-2021-2404,0.00885,0.26162
CVE-2021-24040,0.05634,0.89764
CVE-2021-24041,0.00885,0.26162
CVE-2021-24042,0.00885,0.26162
CVE-2021-24043,0.00885,0.26162
CVE-2021-24044,0.00885,0.26162
CVE-2021-24045,0.00885,0.26162
CVE-2021-24046,0.00885,0.26162
CVE-2021-2405,0.00885,0.26162
CVE-2021-2406,0.00885,0.26162
CVE-2021-24066,0.01967,0.77799
CVE-2021-24067,0.01648,0.74957
CVE-2021-24068,0.01648,0.74957
CVE-2021-24069,0.01648,0.74957
CVE-2021-2407,0.00885,0.26162
CVE-2021-24070,0.01648,0.74957
CVE-2021-24071,0.0115,0.5906
CVE-2021-24072,0.01967,0.77799
CVE-2021-24073,0.02427,0.80786
CVE-2021-24075,0.0115,0.5906
CVE-2021-24076,0.0115,0.5906
CVE-2021-24077,0.01728,0.75198
CVE-2021-24078,0.01728,0.75198
CVE-2021-24079,0.0115,0.5906
CVE-2021-2408,0.00885,0.26162
CVE-2021-24080,0.02427,0.80786
CVE-2021-24081,0.01648,0.74957
CVE-2021-24082,0.0115,0.5906
CVE-2021-24083,0.01648,0.74957
CVE-2021-24087,0.00885,0.26162
CVE-2021-24088,0.01967,0.77799
CVE-2021-24089,0.01648,0.74957
CVE-2021-2409,0.0089,0.2856
CVE-2021-24090,0.02427,0.80786
CVE-2021-24091,0.04683,0.8861
CVE-2021-24092,0.0115,0.5906
CVE-2021-24093,0.04683,0.8861
CVE-2021-24095,0.0115,0.5906
CVE-2021-24096,0.0115,0.5906
CVE-2021-24098,0.0115,0.5906
CVE-2021-24099,0.0115,0.5906
CVE-2021-2410,0.00885,0.26162
CVE-2021-24100,0.0115,0.5906
CVE-2021-24101,0.0115,0.5906
CVE-2021-24102,0.0115,0.5906
CVE-2021-24103,0.0115,0.5906
CVE-2021-24104,0.02427,0.80786
CVE-2021-24105,0.01648,0.74957
CVE-2021-24106,0.0115,0.5906
CVE-2021-24107,0.0115,0.5906
CVE-2021-24108,0.01648,0.74957
CVE-2021-24109,0.0115,0.5906
CVE-2021-2411,0.00885,0.26162
CVE-2021-24110,0.01648,0.74957
CVE-2021-24111,0.02427,0.80786
CVE-2021-24112,0.01728,0.75198
CVE-2021-24113,0.02427,0.80786
CVE-2021-24114,0.0115,0.5906
CVE-2021-24115,0.00954,0.34522
CVE-2021-24116,0.00885,0.26162
CVE-2021-24117,0.0089,0.2856
CVE-2021-24119,0.0095,0.30554
CVE-2021-2412,0.00885,0.26162
CVE-2021-24122,0.03032,0.82851
CVE-2021-24123,0.00885,0.26162
CVE-2021-24124,0.00885,0.26162
CVE-2021-24125,0.00885,0.26162
CVE-2021-24126,0.00885,0.26162
CVE-2021-24127,0.00885,0.26162
CVE-2021-24128,0.00885,0.26162
CVE-2021-24129,0.00885,0.26162
CVE-2021-24130,0.00885,0.26162
CVE-2021-24131,0.00885,0.26162
CVE-2021-24132,0.00885,0.26162
CVE-2021-24133,0.00885,0.26162
CVE-2021-24134,0.00885,0.26162
CVE-2021-24135,0.01055,0.50287
CVE-2021-24136,0.01055,0.50287
CVE-2021-24137,0.00885,0.26162
CVE-2021-24138,0.00885,0.26162
CVE-2021-24139,0.00885,0.26162
CVE-2021-2414,0.00885,0.26162
CVE-2021-24140,0.00885,0.26162
CVE-2021-24141,0.00885,0.26162
CVE-2021-24142,0.00885,0.26162
CVE-2021-24143,0.00885,0.26162
CVE-2021-24144,0.01055,0.50287
CVE-2021-24146,0.00885,0.26162
CVE-2021-24147,0.00885,0.26162
CVE-2021-24148,0.00885,0.26162
CVE-2021-24149,0.00885,0.26162
CVE-2021-2415,0.00885,0.26162
CVE-2021-24150,0.00885,0.26162
CVE-2021-24152,0.00885,0.26162
CVE-2021-24153,0.0089,0.2856
CVE-2021-24154,0.00885,0.26162
CVE-2021-24156,0.00885,0.26162
CVE-2021-24157,0.00885,0.26162
CVE-2021-24158,0.00885,0.26162
CVE-2021-24159,0.00885,0.26162
CVE-2021-2416,0.00885,0.26162
CVE-2021-24161,0.01689,0.75137
CVE-2021-24162,0.00885,0.26162
CVE-2021-24163,0.00885,0.26162
CVE-2021-24164,0.00885,0.26162
CVE-2021-24165,0.00885,0.26162
CVE-2021-24166,0.00885,0.26162
CVE-2021-24167,0.00885,0.26162
CVE-2021-24168,0.00885,0.26162
CVE-2021-24169,0.00885,0.26162
CVE-2021-2417,0.00885,0.26162
CVE-2021-24170,0.00885,0.26162
CVE-2021-24171,0.00885,0.26162
CVE-2021-24172,0.00885,0.26162
CVE-2021-24173,0.00885,0.26162
CVE-2021-24174,0.00885,0.26162
CVE-2021-24175,0.00954,0.34522
CVE-2021-24176,0.00885,0.26162
CVE-2021-24177,0.0089,0.2856
CVE-2021-24178,0.00885,0.26162
CVE-2021-24179,0.00885,0.26162
CVE-2021-2418,0.00885,0.26162
CVE-2021-24180,0.00885,0.26162
CVE-2021-24181,0.00885,0.26162
CVE-2021-24182,0.00885,0.26162
CVE-2021-24183,0.00885,0.26162
CVE-2021-24184,0.00885,0.26162
CVE-2021-24185,0.00885,0.26162
CVE-2021-24186,0.00885,0.26162
CVE-2021-24187,0.00885,0.26162
CVE-2021-24188,0.00885,0.26162
CVE-2021-24189,0.00885,0.26162
CVE-2021-2419,0.00885,0.26162
CVE-2021-24190,0.00885,0.26162
CVE-2021-24191,0.00885,0.26162
CVE-2021-24192,0.00885,0.26162
CVE-2021-24193,0.00885,0.26162
CVE-2021-24194,0.00885,0.26162
CVE-2021-24195,0.00885,0.26162
CVE-2021-24196,0.00885,0.26162
CVE-2021-24197,0.0089,0.2856
CVE-2021-24198,0.0089,0.2856
CVE-2021-24199,0.0089,0.2856
CVE-2021-2420,0.00885,0.26162
CVE-2021-24200,0.0089,0.2856
CVE-2021-24201,0.00885,0.26162
CVE-2021-24202,0.00885,0.26162
CVE-2021-24203,0.00885,0.26162
CVE-2021-24204,0.00885,0.26162
CVE-2021-24205,0.00885,0.26162
CVE-2021-24206,0.00885,0.26162
CVE-2021-24207,0.00885,0.26162
CVE-2021-24208,0.00885,0.26162
CVE-2021-24209,0.0089,0.2856
CVE-2021-2421,0.00885,0.26162
CVE-2021-24210,0.00885,0.26162
CVE-2021-24211,0.00885,0.26162
CVE-2021-24212,0.00885,0.26162
CVE-2021-24213,0.00885,0.26162
CVE-2021-24214,0.00885,0.26162
CVE-2021-24215,0.00885,0.26162
CVE-2021-24216,0.00885,0.26162
CVE-2021-24217,0.01978,0.78447
CVE-2021-24218,0.00885,0.26162
CVE-2021-24219,0.00885,0.26162
CVE-2021-2422,0.00885,0.26162
CVE-2021-24220,0.00885,0.26162
CVE-2021-24221,0.00885,0.26162
CVE-2021-24222,0.00885,0.26162
CVE-2021-24223,0.00885,0.26162
CVE-2021-24224,0.00885,0.26162
CVE-2021-24225,0.00885,0.26162
CVE-2021-24226,0.00885,0.26162
CVE-2021-24227,0.00885,0.26162
CVE-2021-24228,0.00885,0.26162
CVE-2021-24229,0.00885,0.26162
CVE-2021-2423,0.00885,0.26162
CVE-2021-24230,0.00885,0.26162
CVE-2021-24231,0.00885,0.26162
CVE-2021-24232,0.00885,0.26162
CVE-2021-24233,0.00954,0.34522
CVE-2021-24234,0.00954,0.34522
CVE-2021-24235,0.00885,0.26162
CVE-2021-24236,0.00885,0.26162
CVE-2021-24237,0.01018,0.38792
CVE-2021-24238,0.0095,0.30554
CVE-2021-24239,0.00885,0.26162
CVE-2021-2424,0.00885,0.26162
CVE-2021-24240,0.01978,0.78447
CVE-2021-24241,0.00954,0.34522
CVE-2021-24242,0.00885,0.26162
CVE-2021-24243,0.00885,0.26162
CVE-2021-24244,0.00885,0.26162
CVE-2021-24245,0.00885,0.26162
CVE-2021-24246,0.00885,0.26162
CVE-2021-24247,0.00885,0.26162
CVE-2021-24248,0.00885,0.26162
CVE-2021-24249,0.00885,0.26162
CVE-2021-2425,0.00885,0.26162
CVE-2021-24250,0.00885,0.26162
CVE-2021-24251,0.00885,0.26162
CVE-2021-24252,0.00885,0.26162
CVE-2021-24253,0.00885,0.26162
CVE-2021-24254,0.00885,0.26162
CVE-2021-24255,0.00885,0.26162
CVE-2021-24256,0.00885,0.26162
CVE-2021-24257,0.00885,0.26162
CVE-2021-24258,0.00885,0.26162
CVE-2021-24259,0.00885,0.26162
CVE-2021-2426,0.00885,0.26162
CVE-2021-24260,0.00885,0.26162
CVE-2021-24261,0.00885,0.26162
CVE-2021-24262,0.00885,0.26162
CVE-2021-24263,0.00885,0.26162
CVE-2021-24264,0.00885,0.26162
CVE-2021-24265,0.00885,0.26162
CVE-2021-24266,0.00885,0.26162
CVE-2021-24267,0.00885,0.26162
CVE-2021-24268,0.00885,0.26162
CVE-2021-24269,0.00885,0.26162
CVE-2021-2427,0.00885,0.26162
CVE-2021-24270,0.00885,0.26162
CVE-2021-24271,0.00885,0.26162
CVE-2021-24272,0.00885,0.26162
CVE-2021-24273,0.00885,0.26162
CVE-2021-24274,0.00885,0.26162
CVE-2021-24275,0.00885,0.26162
CVE-2021-24276,0.00885,0.26162
CVE-2021-24277,0.00885,0.26162
CVE-2021-24278,0.00885,0.26162
CVE-2021-24279,0.00885,0.26162
CVE-2021-2428,0.00885,0.26162
CVE-2021-24280,0.00885,0.26162
CVE-2021-24281,0.00885,0.26162
CVE-2021-24282,0.00885,0.26162
CVE-2021-24283,0.00885,0.26162
CVE-2021-24284,0.00954,0.34522
CVE-2021-24285,0.00885,0.26162
CVE-2021-24287,0.00885,0.26162
CVE-2021-24288,0.00885,0.26162
CVE-2021-24289,0.00885,0.26162
CVE-2021-2429,0.00954,0.34522
CVE-2021-24290,0.00885,0.26162
CVE-2021-24292,0.00885,0.26162
CVE-2021-24293,0.00885,0.26162
CVE-2021-24294,0.00885,0.26162
CVE-2021-24295,0.00885,0.26162
CVE-2021-24296,0.00885,0.26162
CVE-2021-24297,0.00885,0.26162
CVE-2021-24298,0.00885,0.26162
CVE-2021-24299,0.00885,0.26162
CVE-2021-2430,0.00885,0.26162
CVE-2021-24300,0.00885,0.26162
CVE-2021-24301,0.00885,0.26162
CVE-2021-24302,0.00885,0.26162
CVE-2021-24303,0.00885,0.26162
CVE-2021-24304,0.00885,0.26162
CVE-2021-24305,0.00885,0.26162
CVE-2021-24306,0.00885,0.26162
CVE-2021-24307,0.0144,0.7265
CVE-2021-24308,0.0089,0.2856
CVE-2021-24309,0.00885,0.26162
CVE-2021-2431,0.00885,0.26162
CVE-2021-24310,0.00885,0.26162
CVE-2021-24311,0.00885,0.26162
CVE-2021-24312,0.00885,0.26162
CVE-2021-24313,0.00885,0.26162
CVE-2021-24314,0.00885,0.26162
CVE-2021-24315,0.00885,0.26162
CVE-2021-24316,0.00954,0.34522
CVE-2021-24317,0.00885,0.26162
CVE-2021-24318,0.00885,0.26162
CVE-2021-24319,0.00885,0.26162
CVE-2021-2432,0.01018,0.38792
CVE-2021-24320,0.00885,0.26162
CVE-2021-24321,0.00885,0.26162
CVE-2021-24322,0.00885,0.26162
CVE-2021-24323,0.00885,0.26162
CVE-2021-24324,0.00885,0.26162
CVE-2021-24325,0.00885,0.26162
CVE-2021-24326,0.00885,0.26162
CVE-2021-24327,0.00885,0.26162
CVE-2021-24328,0.0095,0.30554
CVE-2021-24329,0.00885,0.26162
CVE-2021-2433,0.00885,0.26162
CVE-2021-24330,0.00885,0.26162
CVE-2021-24331,0.00885,0.26162
CVE-2021-24332,0.00885,0.26162
CVE-2021-24333,0.01018,0.38792
CVE-2021-24334,0.00885,0.26162
CVE-2021-24335,0.00954,0.34522
CVE-2021-24336,0.00885,0.26162
CVE-2021-24337,0.00885,0.26162
CVE-2021-24338,0.00885,0.26162
CVE-2021-24339,0.00885,0.26162
CVE-2021-2434,0.00885,0.26162
CVE-2021-24340,0.00885,0.26162
CVE-2021-24341,0.00885,0.26162
CVE-2021-24342,0.00885,0.26162
CVE-2021-24343,0.00885,0.26162
CVE-2021-24344,0.00885,0.26162
CVE-2021-24345,0.00885,0.26162
CVE-2021-24346,0.00885,0.26162
CVE-2021-24347,0.17954,0.96069
CVE-2021-24348,0.00885,0.26162
CVE-2021-24349,0.00885,0.26162
CVE-2021-2435,0.00885,0.26162
CVE-2021-24350,0.00885,0.26162
CVE-2021-24351,0.00885,0.26162
CVE-2021-24352,0.00885,0.26162
CVE-2021-24353,0.00885,0.26162
CVE-2021-24354,0.00885,0.26162
CVE-2021-24355,0.00885,0.26162
CVE-2021-24356,0.00885,0.26162
CVE-2021-24357,0.00885,0.26162
CVE-2021-24358,0.00885,0.26162
CVE-2021-24359,0.00885,0.26162
CVE-2021-2436,0.00885,0.26162
CVE-2021-24360,0.00885,0.26162
CVE-2021-24361,0.00885,0.26162
CVE-2021-24362,0.00885,0.26162
CVE-2021-24363,0.00885,0.26162
CVE-2021-24364,0.00885,0.26162
CVE-2021-24365,0.00885,0.26162
CVE-2021-24366,0.00885,0.26162
CVE-2021-24367,0.00885,0.26162
CVE-2021-24368,0.00885,0.26162
CVE-2021-24369,0.00885,0.26162
CVE-2021-2437,0.00885,0.26162
CVE-2021-24370,0.05634,0.89764
CVE-2021-24371,0.00885,0.26162
CVE-2021-24372,0.00885,0.26162
CVE-2021-24373,0.00885,0.26162
CVE-2021-24374,0.00885,0.26162
CVE-2021-24375,0.00885,0.26162
CVE-2021-24376,0.01156,0.60033
CVE-2021-24377,0.00885,0.26162
CVE-2021-24378,0.00885,0.26162
CVE-2021-24379,0.00885,0.26162
CVE-2021-2438,0.00885,0.26162
CVE-2021-24380,0.00885,0.26162
CVE-2021-24381,0.00885,0.26162
CVE-2021-24382,0.00885,0.26162
CVE-2021-24383,0.00885,0.26162
CVE-2021-24384,0.00885,0.26162
CVE-2021-24385,0.00885,0.26162
CVE-2021-24386,0.00885,0.26162
CVE-2021-24387,0.00885,0.26162
CVE-2021-24388,0.00885,0.26162
CVE-2021-24389,0.00885,0.26162
CVE-2021-2439,0.00885,0.26162
CVE-2021-24390,0.00885,0.26162
CVE-2021-24391,0.00885,0.26162
CVE-2021-24392,0.00885,0.26162
CVE-2021-24393,0.00885,0.26162
CVE-2021-24394,0.00885,0.26162
CVE-2021-24395,0.00885,0.26162
CVE-2021-24396,0.00885,0.26162
CVE-2021-24397,0.00885,0.26162
CVE-2021-24398,0.00885,0.26162
CVE-2021-24399,0.00885,0.26162
CVE-2021-2440,0.00885,0.26162
CVE-2021-24400,0.00885,0.26162
CVE-2021-24401,0.00885,0.26162
CVE-2021-24402,0.00885,0.26162
CVE-2021-24403,0.00885,0.26162
CVE-2021-24404,0.00885,0.26162
CVE-2021-24405,0.00885,0.26162
CVE-2021-24406,0.00885,0.26162
CVE-2021-24407,0.00885,0.26162
CVE-2021-24408,0.00885,0.26162
CVE-2021-24409,0.00885,0.26162
CVE-2021-2441,0.00885,0.26162
CVE-2021-24410,0.00885,0.26162
CVE-2021-24411,0.00885,0.26162
CVE-2021-24412,0.00885,0.26162
CVE-2021-24413,0.00885,0.26162
CVE-2021-24414,0.00885,0.26162
CVE-2021-24415,0.00885,0.26162
CVE-2021-24416,0.00885,0.26162
CVE-2021-24418,0.00885,0.26162
CVE-2021-24419,0.00885,0.26162
CVE-2021-2442,0.00885,0.26162
CVE-2021-24420,0.00885,0.26162
CVE-2021-24421,0.00885,0.26162
CVE-2021-24423,0.00885,0.26162
CVE-2021-24424,0.00885,0.26162
CVE-2021-24425,0.00885,0.26162
CVE-2021-24426,0.00885,0.26162
CVE-2021-24427,0.00885,0.26162
CVE-2021-24428,0.00885,0.26162
CVE-2021-24429,0.00885,0.26162
CVE-2021-2443,0.00885,0.26162
CVE-2021-24430,0.00885,0.26162
CVE-2021-24431,0.00885,0.26162
CVE-2021-24434,0.00885,0.26162
CVE-2021-24435,0.00885,0.26162
CVE-2021-24436,0.00885,0.26162
CVE-2021-24437,0.00885,0.26162
CVE-2021-24438,0.00885,0.26162
CVE-2021-24439,0.00885,0.26162
CVE-2021-2444,0.00885,0.26162
CVE-2021-24440,0.00885,0.26162
CVE-2021-24441,0.00885,0.26162
CVE-2021-24442,0.00885,0.26162
CVE-2021-24443,0.00885,0.26162
CVE-2021-24444,0.00885,0.26162
CVE-2021-24445,0.00885,0.26162
CVE-2021-24446,0.00885,0.26162
CVE-2021-24447,0.00885,0.26162
CVE-2021-24448,0.00885,0.26162
CVE-2021-2445,0.00885,0.26162
CVE-2021-24450,0.00885,0.26162
CVE-2021-24451,0.00885,0.26162
CVE-2021-24452,0.00885,0.26162
CVE-2021-24453,0.01156,0.60033
CVE-2021-24454,0.0144,0.7265
CVE-2021-24455,0.00885,0.26162
CVE-2021-24456,0.00885,0.26162
CVE-2021-24457,0.00885,0.26162
CVE-2021-24458,0.00885,0.26162
CVE-2021-24459,0.00885,0.26162
CVE-2021-2446,0.00885,0.26162
CVE-2021-24460,0.00885,0.26162
CVE-2021-24461,0.00885,0.26162
CVE-2021-24462,0.00885,0.26162
CVE-2021-24463,0.00885,0.26162
CVE-2021-24464,0.00885,0.26162
CVE-2021-24465,0.00885,0.26162
CVE-2021-24466,0.00885,0.26162
CVE-2021-24467,0.00885,0.26162
CVE-2021-24468,0.00885,0.26162
CVE-2021-2447,0.00885,0.26162
CVE-2021-24470,0.00885,0.26162
CVE-2021-24471,0.00885,0.26162
CVE-2021-24472,0.01055,0.50287
CVE-2021-24473,0.00885,0.26162
CVE-2021-24474,0.00885,0.26162
CVE-2021-24476,0.00885,0.26162
CVE-2021-24477,0.00885,0.26162
CVE-2021-24478,0.00885,0.26162
CVE-2021-24479,0.00885,0.26162
CVE-2021-2448,0.00885,0.26162
CVE-2021-24480,0.00885,0.26162
CVE-2021-24481,0.00885,0.26162
CVE-2021-24482,0.00885,0.26162
CVE-2021-24483,0.00885,0.26162
CVE-2021-24484,0.00885,0.26162
CVE-2021-24485,0.00885,0.26162
CVE-2021-24486,0.00885,0.26162
CVE-2021-24487,0.00885,0.26162
CVE-2021-24488,0.00885,0.26162
CVE-2021-24489,0.00885,0.26162
CVE-2021-2449,0.00885,0.26162
CVE-2021-24490,0.00885,0.26162
CVE-2021-24491,0.00885,0.26162
CVE-2021-24492,0.00885,0.26162
CVE-2021-24493,0.00885,0.26162
CVE-2021-24494,0.00885,0.26162
CVE-2021-24495,0.00885,0.26162
CVE-2021-24496,0.00885,0.26162
CVE-2021-24497,0.00885,0.26162
CVE-2021-24498,0.00885,0.26162
CVE-2021-24499,0.00885,0.26162
CVE-2021-2450,0.00885,0.26162
CVE-2021-24500,0.00885,0.26162
CVE-2021-24501,0.00885,0.26162
CVE-2021-24502,0.00885,0.26162
CVE-2021-24503,0.00885,0.26162
CVE-2021-24504,0.00885,0.26162
CVE-2021-24505,0.00885,0.26162
CVE-2021-24506,0.00885,0.26162
CVE-2021-24508,0.00885,0.26162
CVE-2021-24509,0.00885,0.26162
CVE-2021-2451,0.00885,0.26162
CVE-2021-24510,0.00885,0.26162
CVE-2021-24511,0.00885,0.26162
CVE-2021-24512,0.00885,0.26162
CVE-2021-24513,0.00885,0.26162
CVE-2021-24514,0.00885,0.26162
CVE-2021-24515,0.00885,0.26162
CVE-2021-24516,0.00885,0.26162
CVE-2021-24517,0.00885,0.26162
CVE-2021-24518,0.00885,0.26162
CVE-2021-24519,0.00885,0.26162
CVE-2021-2452,0.00885,0.26162
CVE-2021-24520,0.00885,0.26162
CVE-2021-24521,0.00885,0.26162
CVE-2021-24522,0.00885,0.26162
CVE-2021-24523,0.00885,0.26162
CVE-2021-24524,0.00885,0.26162
CVE-2021-24525,0.00885,0.26162
CVE-2021-24526,0.00885,0.26162
CVE-2021-24527,0.00885,0.26162
CVE-2021-24528,0.00885,0.26162
CVE-2021-24529,0.00885,0.26162
CVE-2021-2453,0.00885,0.26162
CVE-2021-24530,0.00885,0.26162
CVE-2021-24531,0.00885,0.26162
CVE-2021-24533,0.00885,0.26162
CVE-2021-24534,0.00885,0.26162
CVE-2021-24535,0.00885,0.26162
CVE-2021-24536,0.00885,0.26162
CVE-2021-24537,0.00885,0.26162
CVE-2021-24538,0.00885,0.26162
CVE-2021-24539,0.00885,0.26162
CVE-2021-2454,0.00885,0.26162
CVE-2021-24540,0.00885,0.26162
CVE-2021-24541,0.00885,0.26162
CVE-2021-24543,0.00885,0.26162
CVE-2021-24544,0.00885,0.26162
CVE-2021-24546,0.00885,0.26162
CVE-2021-24547,0.00885,0.26162
CVE-2021-24548,0.00885,0.26162
CVE-2021-24549,0.00885,0.26162
CVE-2021-2455,0.00885,0.26162
CVE-2021-24550,0.00885,0.26162
CVE-2021-24551,0.00885,0.26162
CVE-2021-24552,0.00885,0.26162
CVE-2021-24553,0.00885,0.26162
CVE-2021-24554,0.00885,0.26162
CVE-2021-24555,0.00885,0.26162
CVE-2021-24556,0.00885,0.26162
CVE-2021-24557,0.00885,0.26162
CVE-2021-24558,0.00885,0.26162
CVE-2021-24560,0.00885,0.26162
CVE-2021-24561,0.00885,0.26162
CVE-2021-24562,0.00885,0.26162
CVE-2021-24564,0.00885,0.26162
CVE-2021-24565,0.00885,0.26162
CVE-2021-24568,0.00885,0.26162
CVE-2021-24569,0.00885,0.26162
CVE-2021-2457,0.00885,0.26162
CVE-2021-24570,0.00885,0.26162
CVE-2021-24571,0.00885,0.26162
CVE-2021-24572,0.00885,0.26162
CVE-2021-24574,0.00885,0.26162
CVE-2021-24575,0.00885,0.26162
CVE-2021-24576,0.00885,0.26162
CVE-2021-24577,0.00885,0.26162
CVE-2021-24578,0.00885,0.26162
CVE-2021-24579,0.00885,0.26162
CVE-2021-2458,0.00885,0.26162
CVE-2021-24580,0.00885,0.26162
CVE-2021-24581,0.00885,0.26162
CVE-2021-24582,0.00885,0.26162
CVE-2021-24583,0.00885,0.26162
CVE-2021-24584,0.00885,0.26162
CVE-2021-24585,0.00885,0.26162
CVE-2021-24586,0.00885,0.26162
CVE-2021-24587,0.00885,0.26162
CVE-2021-24588,0.00885,0.26162
CVE-2021-24590,0.00885,0.26162
CVE-2021-24591,0.00885,0.26162
CVE-2021-24592,0.00885,0.26162
CVE-2021-24593,0.00885,0.26162
CVE-2021-24594,0.00885,0.26162
CVE-2021-24595,0.00885,0.26162
CVE-2021-24596,0.00885,0.26162
CVE-2021-24597,0.00885,0.26162
CVE-2021-24598,0.00885,0.26162
CVE-2021-24599,0.00885,0.26162
CVE-2021-2460,0.00885,0.26162
CVE-2021-24600,0.00885,0.26162
CVE-2021-24601,0.00885,0.26162
CVE-2021-24602,0.00885,0.26162
CVE-2021-24603,0.00885,0.26162
CVE-2021-24604,0.00885,0.26162
CVE-2021-24605,0.00885,0.26162
CVE-2021-24606,0.00885,0.26162
CVE-2021-24607,0.00885,0.26162
CVE-2021-24608,0.00885,0.26162
CVE-2021-24609,0.00885,0.26162
CVE-2021-2461,0.00885,0.26162
CVE-2021-24610,0.00885,0.26162
CVE-2021-24611,0.00885,0.26162
CVE-2021-24612,0.00885,0.26162
CVE-2021-24613,0.00885,0.26162
CVE-2021-24614,0.00885,0.26162
CVE-2021-24615,0.00885,0.26162
CVE-2021-24616,0.00885,0.26162
CVE-2021-24617,0.00885,0.26162
CVE-2021-24618,0.00885,0.26162
CVE-2021-24619,0.00885,0.26162
CVE-2021-2462,0.00885,0.26162
CVE-2021-24620,0.00885,0.26162
CVE-2021-24621,0.00885,0.26162
CVE-2021-24622,0.00885,0.26162
CVE-2021-24623,0.00885,0.26162
CVE-2021-24624,0.00885,0.26162
CVE-2021-24625,0.00885,0.26162
CVE-2021-24626,0.00885,0.26162
CVE-2021-24627,0.00885,0.26162
CVE-2021-24628,0.00885,0.26162
CVE-2021-24629,0.00885,0.26162
CVE-2021-2463,0.00885,0.26162
CVE-2021-24630,0.00885,0.26162
CVE-2021-24631,0.00885,0.26162
CVE-2021-24632,0.00885,0.26162
CVE-2021-24633,0.00885,0.26162
CVE-2021-24634,0.00885,0.26162
CVE-2021-24635,0.00885,0.26162
CVE-2021-24636,0.00885,0.26162
CVE-2021-24637,0.00885,0.26162
CVE-2021-24638,0.00885,0.26162
CVE-2021-24639,0.00885,0.26162
CVE-2021-2464,0.00885,0.26162
CVE-2021-24640,0.00885,0.26162
CVE-2021-24641,0.00885,0.26162
CVE-2021-24642,0.00885,0.26162
CVE-2021-24643,0.00885,0.26162
CVE-2021-24644,0.00885,0.26162
CVE-2021-24645,0.00885,0.26162
CVE-2021-24646,0.00885,0.26162
CVE-2021-24647,0.00885,0.26162
CVE-2021-24648,0.00885,0.26162
CVE-2021-24651,0.00885,0.26162
CVE-2021-24652,0.00885,0.26162
CVE-2021-24653,0.00885,0.26162
CVE-2021-24654,0.00885,0.26162
CVE-2021-24655,0.00885,0.26162
CVE-2021-24656,0.00885,0.26162
CVE-2021-24657,0.00885,0.26162
CVE-2021-24658,0.00885,0.26162
CVE-2021-24659,0.00885,0.26162
CVE-2021-24660,0.00885,0.26162
CVE-2021-24661,0.00885,0.26162
CVE-2021-24662,0.00885,0.26162
CVE-2021-24663,0.00885,0.26162
CVE-2021-24664,0.00885,0.26162
CVE-2021-24665,0.00885,0.26162
CVE-2021-24666,0.00885,0.26162
CVE-2021-24667,0.00885,0.26162
CVE-2021-24668,0.00885,0.26162
CVE-2021-24669,0.00885,0.26162
CVE-2021-24670,0.00885,0.26162
CVE-2021-24671,0.00885,0.26162
CVE-2021-24672,0.00885,0.26162
CVE-2021-24673,0.00885,0.26162
CVE-2021-24674,0.00885,0.26162
CVE-2021-24675,0.00885,0.26162
CVE-2021-24676,0.00885,0.26162
CVE-2021-24677,0.00885,0.26162
CVE-2021-24678,0.00885,0.26162
CVE-2021-24679,0.00885,0.26162
CVE-2021-24680,0.00885,0.26162
CVE-2021-24681,0.00885,0.26162
CVE-2021-24682,0.00885,0.26162
CVE-2021-24683,0.00885,0.26162
CVE-2021-24684,0.02055,0.7893
CVE-2021-24685,0.00885,0.26162
CVE-2021-24686,0.00885,0.26162
CVE-2021-24687,0.00885,0.26162
CVE-2021-24688,0.00885,0.26162
CVE-2021-24689,0.00885,0.26162
CVE-2021-24690,0.00885,0.26162
CVE-2021-24691,0.00885,0.26162
CVE-2021-24692,0.00885,0.26162
CVE-2021-24693,0.00885,0.26162
CVE-2021-24694,0.00885,0.26162
CVE-2021-24695,0.00885,0.26162
CVE-2021-24696,0.00885,0.26162
CVE-2021-24697,0.00885,0.26162
CVE-2021-24698,0.00885,0.26162
CVE-2021-24699,0.00885,0.26162
CVE-2021-24700,0.00885,0.26162
CVE-2021-24701,0.00885,0.26162
CVE-2021-24702,0.00885,0.26162
CVE-2021-24703,0.00885,0.26162
CVE-2021-24704,0.00885,0.26162
CVE-2021-24705,0.00885,0.26162
CVE-2021-24706,0.00885,0.26162
CVE-2021-24707,0.00885,0.26162
CVE-2021-24708,0.00885,0.26162
CVE-2021-24709,0.00885,0.26162
CVE-2021-24710,0.00885,0.26162
CVE-2021-24711,0.00885,0.26162
CVE-2021-24712,0.00885,0.26162
CVE-2021-24713,0.00885,0.26162
CVE-2021-24714,0.00885,0.26162
CVE-2021-24715,0.00885,0.26162
CVE-2021-24716,0.00885,0.26162
CVE-2021-24717,0.00885,0.26162
CVE-2021-24718,0.00885,0.26162
CVE-2021-24719,0.00885,0.26162
CVE-2021-24720,0.0089,0.2856
CVE-2021-24721,0.00885,0.26162
CVE-2021-24722,0.00885,0.26162
CVE-2021-24723,0.00885,0.26162
CVE-2021-24724,0.0089,0.2856
CVE-2021-24725,0.00885,0.26162
CVE-2021-24726,0.00885,0.26162
CVE-2021-24727,0.0089,0.2856
CVE-2021-24728,0.0089,0.2856
CVE-2021-24729,0.00885,0.26162
CVE-2021-24730,0.00885,0.26162
CVE-2021-24731,0.00885,0.26162
CVE-2021-24732,0.00885,0.26162
CVE-2021-24733,0.00885,0.26162
CVE-2021-24734,0.00885,0.26162
CVE-2021-24735,0.00885,0.26162
CVE-2021-24736,0.00885,0.26162
CVE-2021-24737,0.00885,0.26162
CVE-2021-24738,0.00885,0.26162
CVE-2021-24739,0.00885,0.26162
CVE-2021-2474,0.00885,0.26162
CVE-2021-24740,0.00885,0.26162
CVE-2021-24741,0.00954,0.34522
CVE-2021-24742,0.00885,0.26162
CVE-2021-24743,0.00885,0.26162
CVE-2021-24744,0.00885,0.26162
CVE-2021-24745,0.00885,0.26162
CVE-2021-24746,0.00885,0.26162
CVE-2021-24747,0.00885,0.26162
CVE-2021-24748,0.00885,0.26162
CVE-2021-24749,0.00885,0.26162
CVE-2021-2475,0.00885,0.26162
CVE-2021-24751,0.00885,0.26162
CVE-2021-24752,0.00885,0.26162
CVE-2021-24753,0.00885,0.26162
CVE-2021-24754,0.00885,0.26162
CVE-2021-24755,0.00885,0.26162
CVE-2021-24756,0.00885,0.26162
CVE-2021-24757,0.00885,0.26162
CVE-2021-24758,0.00885,0.26162
CVE-2021-24759,0.00885,0.26162
CVE-2021-2476,0.00885,0.26162
CVE-2021-24760,0.00885,0.26162
CVE-2021-24761,0.00885,0.26162
CVE-2021-24762,0.00885,0.26162
CVE-2021-24763,0.00885,0.26162
CVE-2021-24764,0.00885,0.26162
CVE-2021-24765,0.00885,0.26162
CVE-2021-24766,0.00885,0.26162
CVE-2021-24767,0.00885,0.26162
CVE-2021-24768,0.00885,0.26162
CVE-2021-24769,0.00885,0.26162
CVE-2021-2477,0.00885,0.26162
CVE-2021-24770,0.00885,0.26162
CVE-2021-24771,0.00885,0.26162
CVE-2021-24772,0.00885,0.26162
CVE-2021-24773,0.00885,0.26162
CVE-2021-24774,0.00885,0.26162
CVE-2021-24775,0.00885,0.26162
CVE-2021-24776,0.00885,0.26162
CVE-2021-24777,0.00885,0.26162
CVE-2021-24778,0.00885,0.26162
CVE-2021-24779,0.00885,0.26162
CVE-2021-2478,0.0095,0.30554
CVE-2021-24780,0.00885,0.26162
CVE-2021-24781,0.00885,0.26162
CVE-2021-24782,0.00885,0.26162
CVE-2021-24783,0.00885,0.26162
CVE-2021-24784,0.00885,0.26162
CVE-2021-24785,0.00885,0.26162
CVE-2021-24786,0.00885,0.26162
CVE-2021-24787,0.00885,0.26162
CVE-2021-24788,0.00885,0.26162
CVE-2021-24789,0.00885,0.26162
CVE-2021-2479,0.0095,0.30554
CVE-2021-24790,0.00885,0.26162
CVE-2021-24791,0.00885,0.26162
CVE-2021-24792,0.00885,0.26162
CVE-2021-24793,0.00885,0.26162
CVE-2021-24794,0.00885,0.26162
CVE-2021-24795,0.00885,0.26162
CVE-2021-24796,0.00885,0.26162
CVE-2021-24797,0.00885,0.26162
CVE-2021-24798,0.00885,0.26162
CVE-2021-24799,0.00885,0.26162
CVE-2021-2480,0.00885,0.26162
CVE-2021-24800,0.00885,0.26162
CVE-2021-24801,0.00885,0.26162
CVE-2021-24802,0.00885,0.26162
CVE-2021-24803,0.00885,0.26162
CVE-2021-24804,0.00885,0.26162
CVE-2021-24805,0.00885,0.26162
CVE-2021-24806,0.00885,0.26162
CVE-2021-24807,0.0089,0.2856
CVE-2021-24808,0.00885,0.26162
CVE-2021-24809,0.00885,0.26162
CVE-2021-2481,0.0095,0.30554
CVE-2021-24810,0.00885,0.26162
CVE-2021-24811,0.00885,0.26162
CVE-2021-24812,0.00885,0.26162
CVE-2021-24813,0.00885,0.26162
CVE-2021-24814,0.00885,0.26162
CVE-2021-24815,0.00885,0.26162
CVE-2021-24816,0.00885,0.26162
CVE-2021-24817,0.00885,0.26162
CVE-2021-24818,0.00885,0.26162
CVE-2021-24819,0.00885,0.26162
CVE-2021-2482,0.00885,0.26162
CVE-2021-24820,0.00885,0.26162
CVE-2021-24821,0.00885,0.26162
CVE-2021-24822,0.00885,0.26162
CVE-2021-24823,0.00885,0.26162
CVE-2021-24824,0.00885,0.26162
CVE-2021-24825,0.00885,0.26162
CVE-2021-24826,0.00885,0.26162
CVE-2021-24827,0.00885,0.26162
CVE-2021-24828,0.00885,0.26162
CVE-2021-24829,0.00885,0.26162
CVE-2021-2483,0.00885,0.26162
CVE-2021-24830,0.00885,0.26162
CVE-2021-24831,0.00885,0.26162
CVE-2021-24832,0.00885,0.26162
CVE-2021-24833,0.0089,0.2856
CVE-2021-24834,0.0089,0.2856
CVE-2021-24835,0.00885,0.26162
CVE-2021-24836,0.00885,0.26162
CVE-2021-24838,0.00885,0.26162
CVE-2021-24839,0.00885,0.26162
CVE-2021-2484,0.00885,0.26162
CVE-2021-24840,0.00885,0.26162
CVE-2021-24841,0.00885,0.26162
CVE-2021-24842,0.00885,0.26162
CVE-2021-24843,0.00885,0.26162
CVE-2021-24844,0.00885,0.26162
CVE-2021-24845,0.00885,0.26162
CVE-2021-24846,0.00885,0.26162
CVE-2021-24847,0.00885,0.26162
CVE-2021-24848,0.00885,0.26162
CVE-2021-24849,0.00885,0.26162
CVE-2021-2485,0.00885,0.26162
CVE-2021-24850,0.00885,0.26162
CVE-2021-24851,0.00885,0.26162
CVE-2021-24852,0.00885,0.26162
CVE-2021-24853,0.00885,0.26162
CVE-2021-24854,0.00885,0.26162
CVE-2021-24855,0.00885,0.26162
CVE-2021-24856,0.00885,0.26162
CVE-2021-24857,0.00885,0.26162
CVE-2021-24858,0.00885,0.26162
CVE-2021-24859,0.00885,0.26162
CVE-2021-24860,0.00885,0.26162
CVE-2021-24861,0.00885,0.26162
CVE-2021-24862,0.20776,0.96334
CVE-2021-24863,0.00885,0.26162
CVE-2021-24864,0.00885,0.26162
CVE-2021-24865,0.00885,0.26162
CVE-2021-24866,0.00885,0.26162
CVE-2021-24867,0.00885,0.26162
CVE-2021-24868,0.00885,0.26162
CVE-2021-24871,0.00885,0.26162
CVE-2021-24872,0.00885,0.26162
CVE-2021-24873,0.00885,0.26162
CVE-2021-24874,0.00885,0.26162
CVE-2021-24875,0.00885,0.26162
CVE-2021-24876,0.00885,0.26162
CVE-2021-24877,0.00885,0.26162
CVE-2021-24878,0.00885,0.26162
CVE-2021-24879,0.00885,0.26162
CVE-2021-24880,0.00885,0.26162
CVE-2021-24882,0.00885,0.26162
CVE-2021-24883,0.0089,0.2856
CVE-2021-24885,0.00885,0.26162
CVE-2021-24888,0.00885,0.26162
CVE-2021-24889,0.00885,0.26162
CVE-2021-24891,0.00885,0.26162
CVE-2021-24892,0.01055,0.50287
CVE-2021-24893,0.00885,0.26162
CVE-2021-24894,0.00885,0.26162
CVE-2021-24895,0.00885,0.26162
CVE-2021-24896,0.00885,0.26162
CVE-2021-24897,0.00885,0.26162
CVE-2021-24898,0.00885,0.26162
CVE-2021-24899,0.00885,0.26162
CVE-2021-24900,0.00885,0.26162
CVE-2021-24901,0.00885,0.26162
CVE-2021-24902,0.00885,0.26162
CVE-2021-24903,0.00885,0.26162
CVE-2021-24904,0.00885,0.26162
CVE-2021-24905,0.01086,0.51674
CVE-2021-24906,0.00885,0.26162
CVE-2021-24907,0.00885,0.26162
CVE-2021-24908,0.00885,0.26162
CVE-2021-24909,0.00885,0.26162
CVE-2021-24910,0.00885,0.26162
CVE-2021-24911,0.00885,0.26162
CVE-2021-24912,0.00885,0.26162
CVE-2021-24913,0.00885,0.26162
CVE-2021-24914,0.00885,0.26162
CVE-2021-24915,0.00885,0.26162
CVE-2021-24917,0.38527,0.97893
CVE-2021-24918,0.00885,0.26162
CVE-2021-24919,0.00885,0.26162
CVE-2021-24920,0.00885,0.26162
CVE-2021-24921,0.00885,0.26162
CVE-2021-24922,0.00885,0.26162
CVE-2021-24923,0.00885,0.26162
CVE-2021-24924,0.00885,0.26162
CVE-2021-24925,0.00885,0.26162
CVE-2021-24926,0.00885,0.26162
CVE-2021-24927,0.00885,0.26162
CVE-2021-24928,0.00885,0.26162
CVE-2021-24930,0.00885,0.26162
CVE-2021-24931,0.31567,0.97479
CVE-2021-24932,0.00885,0.26162
CVE-2021-24933,0.00885,0.26162
CVE-2021-24934,0.00885,0.26162
CVE-2021-24935,0.00885,0.26162
CVE-2021-24936,0.00885,0.26162
CVE-2021-24937,0.00885,0.26162
CVE-2021-24938,0.00885,0.26162
CVE-2021-24939,0.00885,0.26162
CVE-2021-24940,0.00885,0.26162
CVE-2021-24941,0.00885,0.26162
CVE-2021-24943,0.00885,0.26162
CVE-2021-24944,0.00885,0.26162
CVE-2021-24945,0.00885,0.26162
CVE-2021-24946,0.33212,0.9756
CVE-2021-24947,0.00885,0.26162
CVE-2021-24948,0.00885,0.26162
CVE-2021-24949,0.00885,0.26162
CVE-2021-24950,0.00885,0.26162
CVE-2021-24951,0.00885,0.26162
CVE-2021-24952,0.00885,0.26162
CVE-2021-24953,0.00885,0.26162
CVE-2021-24954,0.00885,0.26162
CVE-2021-24955,0.00885,0.26162
CVE-2021-24956,0.00885,0.26162
CVE-2021-24957,0.00885,0.26162
CVE-2021-24958,0.00885,0.26162
CVE-2021-24959,0.00885,0.26162
CVE-2021-24960,0.00885,0.26162
CVE-2021-24961,0.00885,0.26162
CVE-2021-24962,0.01773,0.75668
CVE-2021-24963,0.00885,0.26162
CVE-2021-24964,0.00885,0.26162
CVE-2021-24965,0.00885,0.26162
CVE-2021-24966,0.00885,0.26162
CVE-2021-24967,0.00885,0.26162
CVE-2021-24968,0.00885,0.26162
CVE-2021-24969,0.00885,0.26162
CVE-2021-24970,0.00885,0.26162
CVE-2021-24971,0.00885,0.26162
CVE-2021-24972,0.00885,0.26162
CVE-2021-24973,0.00885,0.26162
CVE-2021-24974,0.00885,0.26162
CVE-2021-24975,0.00885,0.26162
CVE-2021-24976,0.00885,0.26162
CVE-2021-24977,0.00885,0.26162
CVE-2021-24978,0.00885,0.26162
CVE-2021-24979,0.00885,0.26162
CVE-2021-24980,0.00885,0.26162
CVE-2021-24981,0.01055,0.50287
CVE-2021-24982,0.00885,0.26162
CVE-2021-24983,0.00885,0.26162
CVE-2021-24984,0.00885,0.26162
CVE-2021-24985,0.00885,0.26162
CVE-2021-24986,0.00885,0.26162
CVE-2021-24987,0.00885,0.26162
CVE-2021-24988,0.00885,0.26162
CVE-2021-24989,0.00885,0.26162
CVE-2021-24991,0.00885,0.26162
CVE-2021-24992,0.00885,0.26162
CVE-2021-24993,0.00885,0.26162
CVE-2021-24994,0.00885,0.26162
CVE-2021-24995,0.00885,0.26162
CVE-2021-24996,0.00885,0.26162
CVE-2021-24997,0.00885,0.26162
CVE-2021-24998,0.00885,0.26162
CVE-2021-24999,0.00885,0.26162
CVE-2021-25000,0.00885,0.26162
CVE-2021-25001,0.00885,0.26162
CVE-2021-25002,0.00885,0.26162
CVE-2021-25004,0.00885,0.26162
CVE-2021-25005,0.00885,0.26162
CVE-2021-25006,0.00885,0.26162
CVE-2021-25007,0.00885,0.26162
CVE-2021-25008,0.00885,0.26162
CVE-2021-25009,0.00885,0.26162
CVE-2021-25010,0.00885,0.26162
CVE-2021-25011,0.00885,0.26162
CVE-2021-25012,0.00885,0.26162
CVE-2021-25013,0.00885,0.26162
CVE-2021-25014,0.00885,0.26162
CVE-2021-25015,0.00885,0.26162
CVE-2021-25016,0.00885,0.26162
CVE-2021-25017,0.00885,0.26162
CVE-2021-25018,0.00885,0.26162
CVE-2021-25019,0.00885,0.26162
CVE-2021-25020,0.00885,0.26162
CVE-2021-25021,0.00885,0.26162
CVE-2021-25022,0.00954,0.34522
CVE-2021-25023,0.00885,0.26162
CVE-2021-25024,0.00885,0.26162
CVE-2021-25025,0.00885,0.26162
CVE-2021-25026,0.00885,0.26162
CVE-2021-25027,0.00885,0.26162
CVE-2021-25028,0.00885,0.26162
CVE-2021-25029,0.00885,0.26162
CVE-2021-25030,0.00885,0.26162
CVE-2021-25031,0.00885,0.26162
CVE-2021-25032,0.00885,0.26162
CVE-2021-25033,0.00885,0.26162
CVE-2021-25034,0.00885,0.26162
CVE-2021-25035,0.00885,0.26162
CVE-2021-25036,0.04571,0.88388
CVE-2021-25037,0.0089,0.2856
CVE-2021-25038,0.00885,0.26162
CVE-2021-25039,0.00885,0.26162
CVE-2021-25040,0.00885,0.26162
CVE-2021-25041,0.00885,0.26162
CVE-2021-25042,0.00885,0.26162
CVE-2021-25043,0.00885,0.26162
CVE-2021-25045,0.00885,0.26162
CVE-2021-25046,0.00885,0.26162
CVE-2021-25047,0.00885,0.26162
CVE-2021-25048,0.00885,0.26162
CVE-2021-25049,0.00885,0.26162
CVE-2021-25050,0.00885,0.26162
CVE-2021-25051,0.00885,0.26162
CVE-2021-25052,0.00885,0.26162
CVE-2021-25053,0.00885,0.26162
CVE-2021-25054,0.00885,0.26162
CVE-2021-25055,0.00885,0.26162
CVE-2021-25056,0.00885,0.26162
CVE-2021-25057,0.00885,0.26162
CVE-2021-25058,0.00885,0.26162
CVE-2021-25060,0.00885,0.26162
CVE-2021-25061,0.00885,0.26162
CVE-2021-25062,0.00885,0.26162
CVE-2021-25063,0.00885,0.26162
CVE-2021-25064,0.00885,0.26162
CVE-2021-25065,0.00885,0.26162
CVE-2021-25066,0.00885,0.26162
CVE-2021-25067,0.00885,0.26162
CVE-2021-25068,0.00885,0.26162
CVE-2021-25069,0.00885,0.26162
CVE-2021-25070,0.00885,0.26162
CVE-2021-25071,0.00885,0.26162
CVE-2021-25072,0.00885,0.26162
CVE-2021-25073,0.00885,0.26162
CVE-2021-25074,0.00885,0.26162
CVE-2021-25075,0.00885,0.26162
CVE-2021-25077,0.00885,0.26162
CVE-2021-25078,0.00885,0.26162
CVE-2021-25079,0.00885,0.26162
CVE-2021-25080,0.00885,0.26162
CVE-2021-25081,0.00885,0.26162
CVE-2021-25082,0.00885,0.26162
CVE-2021-25083,0.00885,0.26162
CVE-2021-25084,0.00885,0.26162
CVE-2021-25085,0.00885,0.26162
CVE-2021-25086,0.00885,0.26162
CVE-2021-25087,0.00885,0.26162
CVE-2021-25088,0.00885,0.26162
CVE-2021-25089,0.00885,0.26162
CVE-2021-25090,0.00885,0.26162
CVE-2021-25091,0.00885,0.26162
CVE-2021-25092,0.00885,0.26162
CVE-2021-25093,0.00885,0.26162
CVE-2021-25095,0.00885,0.26162
CVE-2021-25096,0.00885,0.26162
CVE-2021-25097,0.00885,0.26162
CVE-2021-25098,0.00885,0.26162
CVE-2021-25099,0.00885,0.26162
CVE-2021-25100,0.00885,0.26162
CVE-2021-25101,0.00885,0.26162
CVE-2021-25102,0.00885,0.26162
CVE-2021-25103,0.00885,0.26162
CVE-2021-25104,0.00885,0.26162
CVE-2021-25105,0.00885,0.26162
CVE-2021-25106,0.00885,0.26162
CVE-2021-25107,0.00885,0.26162
CVE-2021-25108,0.00885,0.26162
CVE-2021-25109,0.00885,0.26162
CVE-2021-25110,0.00885,0.26162
CVE-2021-25111,0.00885,0.26162
CVE-2021-25112,0.00885,0.26162
CVE-2021-25113,0.00885,0.26162
CVE-2021-25114,0.00885,0.26162
CVE-2021-25115,0.00885,0.26162
CVE-2021-25116,0.00885,0.26162
CVE-2021-25118,0.00885,0.26162
CVE-2021-25119,0.00885,0.26162
CVE-2021-25120,0.00885,0.26162
CVE-2021-25121,0.00885,0.26162
CVE-2021-25122,0.05242,0.89216
CVE-2021-25123,0.00885,0.26162
CVE-2021-25124,0.00885,0.26162
CVE-2021-25125,0.00885,0.26162
CVE-2021-25126,0.00885,0.26162
CVE-2021-25127,0.00885,0.26162
CVE-2021-25128,0.00885,0.26162
CVE-2021-25129,0.00885,0.26162
CVE-2021-25130,0.00885,0.26162
CVE-2021-25131,0.00885,0.26162
CVE-2021-25132,0.00885,0.26162
CVE-2021-25133,0.00885,0.26162
CVE-2021-25134,0.00885,0.26162
CVE-2021-25135,0.00885,0.26162
CVE-2021-25136,0.00885,0.26162
CVE-2021-25137,0.00885,0.26162
CVE-2021-25138,0.00885,0.26162
CVE-2021-25139,0.01377,0.70912
CVE-2021-25140,0.01377,0.70912
CVE-2021-25141,0.00885,0.26162
CVE-2021-25142,0.00885,0.26162
CVE-2021-25143,0.01055,0.50287
CVE-2021-25144,0.01055,0.50287
CVE-2021-25145,0.00885,0.26162
CVE-2021-25146,0.01978,0.78447
CVE-2021-25147,0.01055,0.50287
CVE-2021-25148,0.00885,0.26162
CVE-2021-25149,0.01055,0.50287
CVE-2021-25150,0.01978,0.78447
CVE-2021-25151,0.00885,0.26162
CVE-2021-25152,0.00885,0.26162
CVE-2021-25153,0.01055,0.50287
CVE-2021-25154,0.01055,0.50287
CVE-2021-25155,0.0095,0.30554
CVE-2021-25156,0.0089,0.2856
CVE-2021-25157,0.0089,0.2856
CVE-2021-25158,0.00954,0.34522
CVE-2021-25159,0.0089,0.2856
CVE-2021-25160,0.0089,0.2856
CVE-2021-25161,0.00954,0.34522
CVE-2021-25162,0.05634,0.89764
CVE-2021-25163,0.01055,0.50287
CVE-2021-25164,0.01055,0.50287
CVE-2021-25165,0.01055,0.50287
CVE-2021-25166,0.01055,0.50287
CVE-2021-25167,0.01055,0.50287
CVE-2021-25168,0.00885,0.26162
CVE-2021-25169,0.00885,0.26162
CVE-2021-25170,0.00885,0.26162
CVE-2021-25171,0.00885,0.26162
CVE-2021-25172,0.01005,0.35949
CVE-2021-25173,0.01018,0.38792
CVE-2021-25174,0.01018,0.38792
CVE-2021-25175,0.0292,0.82471
CVE-2021-25176,0.01018,0.38792
CVE-2021-25177,0.01018,0.38792
CVE-2021-25178,0.01642,0.74929
CVE-2021-25179,0.01018,0.38792
CVE-2021-25195,0.0115,0.5906
CVE-2021-25197,0.01055,0.50287
CVE-2021-25200,0.01338,0.70562
CVE-2021-25201,0.01055,0.50287
CVE-2021-25202,0.01055,0.50287
CVE-2021-25203,0.01338,0.70562
CVE-2021-25204,0.01055,0.50287
CVE-2021-25205,0.01055,0.50287
CVE-2021-25206,0.01338,0.70562
CVE-2021-25207,0.01338,0.70562
CVE-2021-25208,0.01338,0.70562
CVE-2021-25209,0.01055,0.50287
CVE-2021-25210,0.01338,0.70562
CVE-2021-25211,0.01338,0.70562
CVE-2021-25212,0.01055,0.50287
CVE-2021-25213,0.01055,0.50287
CVE-2021-25214,0.02812,0.82335
CVE-2021-25215,0.03358,0.83641
CVE-2021-25216,0.13088,0.95436
CVE-2021-25217,0.01769,0.75614
CVE-2021-25218,0.01626,0.74899
CVE-2021-25219,0.06277,0.90346
CVE-2021-25220,0.01769,0.75614
CVE-2021-25224,0.00885,0.26162
CVE-2021-25225,0.00885,0.26162
CVE-2021-25226,0.00885,0.26162
CVE-2021-25227,0.00885,0.26162
CVE-2021-25228,0.01018,0.38792
CVE-2021-25229,0.00954,0.34522
CVE-2021-25230,0.00954,0.34522
CVE-2021-25231,0.01018,0.38792
CVE-2021-25232,0.00954,0.34522
CVE-2021-25233,0.01018,0.38792
CVE-2021-25234,0.01018,0.38792
CVE-2021-25235,0.00954,0.34522
CVE-2021-25236,0.00954,0.34522
CVE-2021-25237,0.00885,0.26162
CVE-2021-25238,0.00954,0.34522
CVE-2021-25239,0.01018,0.38792
CVE-2021-25240,0.01018,0.38792
CVE-2021-25241,0.00954,0.34522
CVE-2021-25242,0.01018,0.38792
CVE-2021-25243,0.01018,0.38792
CVE-2021-25244,0.00885,0.26162
CVE-2021-25245,0.00885,0.26162
CVE-2021-25246,0.01018,0.38792
CVE-2021-25247,0.01036,0.41241
CVE-2021-25248,0.0095,0.30554
CVE-2021-25249,0.0095,0.30554
CVE-2021-25250,0.0089,0.2856
CVE-2021-25251,0.00885,0.26162
CVE-2021-25252,0.00885,0.26162
CVE-2021-25253,0.0089,0.2856
CVE-2021-25261,0.00885,0.26162
CVE-2021-25263,0.00885,0.26162
CVE-2021-25264,0.01005,0.36332
CVE-2021-25265,0.0144,0.7265
CVE-2021-25266,0.00885,0.26162
CVE-2021-25267,0.00885,0.26162
CVE-2021-25268,0.00885,0.26162
CVE-2021-25269,0.00885,0.26162
CVE-2021-25270,0.01036,0.41241
CVE-2021-25271,0.00885,0.26162
CVE-2021-25273,0.00885,0.26162
CVE-2021-25274,0.01156,0.60033
CVE-2021-25275,0.00885,0.26162
CVE-2021-25276,0.00885,0.26162
CVE-2021-25277,0.00885,0.26162
CVE-2021-25278,0.00885,0.26162
CVE-2021-25283,0.01183,0.60428
CVE-2021-25284,0.01282,0.67298
CVE-2021-25287,0.01018,0.38792
CVE-2021-25288,0.01018,0.38792
CVE-2021-25289,0.00885,0.26162
CVE-2021-25290,0.00954,0.34522
CVE-2021-25291,0.00885,0.26162
CVE-2021-25292,0.00885,0.26162
CVE-2021-25293,0.00885,0.26162
CVE-2021-25294,0.05634,0.89764
CVE-2021-25295,0.00954,0.34522
CVE-2021-25296,0.02204,0.80286
CVE-2021-25297,0.02204,0.80286
CVE-2021-25298,0.02204,0.80286
CVE-2021-25299,0.04836,0.88802
CVE-2021-25306,0.01055,0.50287
CVE-2021-25309,0.01055,0.50287
CVE-2021-25310,0.01055,0.50287
CVE-2021-25311,0.00885,0.26162
CVE-2021-25312,0.00885,0.26162
CVE-2021-25313,0.01136,0.57949
CVE-2021-25314,0.00885,0.26162
CVE-2021-25315,0.01036,0.41241
CVE-2021-25316,0.00885,0.26162
CVE-2021-25317,0.0095,0.30554
CVE-2021-25318,0.00885,0.26162
CVE-2021-25319,0.00885,0.26162
CVE-2021-25320,0.00885,0.26162
CVE-2021-25321,0.00885,0.26162
CVE-2021-25322,0.00885,0.26162
CVE-2021-25323,0.00885,0.26162
CVE-2021-25324,0.00885,0.26162
CVE-2021-25325,0.00885,0.26162
CVE-2021-25326,0.0089,0.2856
CVE-2021-25327,0.00954,0.34522
CVE-2021-25328,0.02199,0.80273
CVE-2021-25329,0.03052,0.82933
CVE-2021-25330,0.00885,0.26162
CVE-2021-25331,0.00885,0.26162
CVE-2021-25332,0.00885,0.26162
CVE-2021-25333,0.00885,0.26162
CVE-2021-25334,0.00885,0.26162
CVE-2021-25335,0.00885,0.26162
CVE-2021-25336,0.00885,0.26162
CVE-2021-25337,0.00885,0.26162
CVE-2021-25338,0.00885,0.26162
CVE-2021-25339,0.00885,0.26162
CVE-2021-25340,0.00885,0.26162
CVE-2021-25341,0.00885,0.26162
CVE-2021-25342,0.00885,0.26162
CVE-2021-25343,0.00885,0.26162
CVE-2021-25344,0.00885,0.26162
CVE-2021-25345,0.00885,0.26162
CVE-2021-25346,0.02509,0.81058
CVE-2021-25347,0.00885,0.26162
CVE-2021-25348,0.00885,0.26162
CVE-2021-25349,0.00885,0.26162
CVE-2021-25350,0.00885,0.26162
CVE-2021-25351,0.00885,0.26162
CVE-2021-25352,0.00885,0.26162
CVE-2021-25353,0.00885,0.26162
CVE-2021-25354,0.00885,0.26162
CVE-2021-25355,0.00885,0.26162
CVE-2021-25356,0.0089,0.2856
CVE-2021-25357,0.00885,0.26162
CVE-2021-25358,0.00885,0.26162
CVE-2021-25359,0.00885,0.26162
CVE-2021-25360,0.0144,0.7265
CVE-2021-25361,0.00885,0.26162
CVE-2021-25362,0.00885,0.26162
CVE-2021-25363,0.00885,0.26162
CVE-2021-25364,0.00885,0.26162
CVE-2021-25365,0.00885,0.26162
CVE-2021-25366,0.00885,0.26162
CVE-2021-25367,0.00885,0.26162
CVE-2021-25368,0.00885,0.26162
CVE-2021-25369,0.00885,0.26162
CVE-2021-25370,0.00885,0.26162
CVE-2021-25371,0.00885,0.26162
CVE-2021-25372,0.00885,0.26162
CVE-2021-25373,0.00885,0.26162
CVE-2021-25375,0.01055,0.50287
CVE-2021-25376,0.00885,0.26162
CVE-2021-25377,0.00885,0.26162
CVE-2021-25378,0.00885,0.26162
CVE-2021-25379,0.00885,0.26162
CVE-2021-25380,0.00885,0.26162
CVE-2021-25381,0.00885,0.26162
CVE-2021-25382,0.00885,0.26162
CVE-2021-25383,0.01086,0.51674
CVE-2021-25384,0.01086,0.51674
CVE-2021-25385,0.01086,0.51674
CVE-2021-25386,0.01086,0.51674
CVE-2021-25387,0.01086,0.51674
CVE-2021-25388,0.00885,0.26162
CVE-2021-25389,0.00885,0.26162
CVE-2021-25390,0.00885,0.26162
CVE-2021-25391,0.00885,0.26162
CVE-2021-25392,0.00885,0.26162
CVE-2021-25393,0.00885,0.26162
CVE-2021-25394,0.00885,0.26162
CVE-2021-25395,0.00885,0.26162
CVE-2021-25396,0.01036,0.41241
CVE-2021-25397,0.00885,0.26162
CVE-2021-25398,0.00885,0.26162
CVE-2021-25399,0.00885,0.26162
CVE-2021-25400,0.00885,0.26162
CVE-2021-25401,0.00885,0.26162
CVE-2021-25402,0.00885,0.26162
CVE-2021-25403,0.00885,0.26162
CVE-2021-25404,0.00885,0.26162
CVE-2021-25405,0.00885,0.26162
CVE-2021-25406,0.00885,0.26162
CVE-2021-25407,0.00885,0.26162
CVE-2021-25408,0.01036,0.41241
CVE-2021-25409,0.00885,0.26162
CVE-2021-25410,0.00885,0.26162
CVE-2021-25411,0.00885,0.26162
CVE-2021-25412,0.00885,0.26162
CVE-2021-25413,0.00885,0.26162
CVE-2021-25414,0.00885,0.26162
CVE-2021-25415,0.00885,0.26162
CVE-2021-25416,0.00885,0.26162
CVE-2021-25417,0.00885,0.26162
CVE-2021-25418,0.00885,0.26162
CVE-2021-25419,0.00885,0.26162
CVE-2021-25420,0.00885,0.26162
CVE-2021-25421,0.00885,0.26162
CVE-2021-25422,0.00885,0.26162
CVE-2021-25423,0.00885,0.26162
CVE-2021-25424,0.00885,0.26162
CVE-2021-25425,0.00885,0.26162
CVE-2021-25426,0.00885,0.26162
CVE-2021-25427,0.00885,0.26162
CVE-2021-25428,0.00885,0.26162
CVE-2021-25429,0.00885,0.26162
CVE-2021-25430,0.00885,0.26162
CVE-2021-25431,0.00885,0.26162
CVE-2021-25432,0.00885,0.26162
CVE-2021-25433,0.00885,0.26162
CVE-2021-25434,0.01086,0.51674
CVE-2021-25435,0.01086,0.51674
CVE-2021-25436,0.01086,0.51674
CVE-2021-25437,0.01086,0.51674
CVE-2021-25438,0.00885,0.26162
CVE-2021-25439,0.00885,0.26162
CVE-2021-25440,0.00885,0.26162
CVE-2021-25441,0.00885,0.26162
CVE-2021-25442,0.00885,0.26162
CVE-2021-25443,0.00885,0.26162
CVE-2021-25444,0.00885,0.26162
CVE-2021-25445,0.00885,0.26162
CVE-2021-25446,0.00885,0.26162
CVE-2021-25447,0.00885,0.26162
CVE-2021-25448,0.00885,0.26162
CVE-2021-25449,0.01086,0.51674
CVE-2021-25450,0.00885,0.26162
CVE-2021-25451,0.00885,0.26162
CVE-2021-25452,0.00885,0.26162
CVE-2021-25453,0.00885,0.26162
CVE-2021-25454,0.00885,0.26162
CVE-2021-25455,0.00885,0.26162
CVE-2021-25456,0.00885,0.26162
CVE-2021-25457,0.00885,0.26162
CVE-2021-25458,0.00885,0.26162
CVE-2021-25459,0.00885,0.26162
CVE-2021-25460,0.00885,0.26162
CVE-2021-25462,0.00885,0.26162
CVE-2021-25463,0.00885,0.26162
CVE-2021-25464,0.00885,0.26162
CVE-2021-25465,0.00885,0.26162
CVE-2021-25466,0.00885,0.26162
CVE-2021-25467,0.00885,0.26162
CVE-2021-25468,0.00885,0.26162
CVE-2021-25469,0.01036,0.41241
CVE-2021-25470,0.00885,0.26162
CVE-2021-25471,0.00885,0.26162
CVE-2021-25472,0.00885,0.26162
CVE-2021-25473,0.00885,0.26162
CVE-2021-25474,0.00885,0.26162
CVE-2021-25475,0.01036,0.41241
CVE-2021-25476,0.00885,0.26162
CVE-2021-25477,0.01055,0.50287
CVE-2021-25478,0.01086,0.51674
CVE-2021-25479,0.01086,0.51674
CVE-2021-25480,0.01055,0.50287
CVE-2021-25481,0.00885,0.26162
CVE-2021-25482,0.00885,0.26162
CVE-2021-25483,0.00885,0.26162
CVE-2021-25484,0.00885,0.26162
CVE-2021-25485,0.00885,0.26162
CVE-2021-25486,0.00885,0.26162
CVE-2021-25487,0.01036,0.41241
CVE-2021-25488,0.00885,0.26162
CVE-2021-25489,0.00885,0.26162
CVE-2021-25490,0.00885,0.26162
CVE-2021-25491,0.00885,0.26162
CVE-2021-25492,0.00885,0.26162
CVE-2021-25493,0.00885,0.26162
CVE-2021-25494,0.01036,0.41241
CVE-2021-25495,0.01036,0.41241
CVE-2021-25496,0.01036,0.41241
CVE-2021-25497,0.01036,0.41241
CVE-2021-25498,0.01036,0.41241
CVE-2021-25499,0.00885,0.26162
CVE-2021-25500,0.00885,0.26162
CVE-2021-25501,0.00885,0.26162
CVE-2021-25502,0.00885,0.26162
CVE-2021-25503,0.01036,0.41241
CVE-2021-25504,0.00885,0.26162
CVE-2021-25505,0.00885,0.26162
CVE-2021-25506,0.00885,0.26162
CVE-2021-25507,0.00885,0.26162
CVE-2021-25508,0.00885,0.26162
CVE-2021-25509,0.00885,0.26162
CVE-2021-25510,0.01036,0.41241
CVE-2021-25511,0.00885,0.26162
CVE-2021-25512,0.00885,0.26162
CVE-2021-25513,0.00885,0.26162
CVE-2021-25514,0.00885,0.26162
CVE-2021-25515,0.00885,0.26162
CVE-2021-25516,0.00885,0.26162
CVE-2021-25517,0.01036,0.41241
CVE-2021-25518,0.01036,0.41241
CVE-2021-25519,0.00885,0.26162
CVE-2021-25520,0.00885,0.26162
CVE-2021-25521,0.00885,0.26162
CVE-2021-25522,0.00885,0.26162
CVE-2021-25523,0.00885,0.26162
CVE-2021-25524,0.00885,0.26162
CVE-2021-25525,0.00885,0.26162
CVE-2021-25526,0.00885,0.26162
CVE-2021-25527,0.00885,0.26162
CVE-2021-25630,0.00885,0.26162
CVE-2021-25631,0.00885,0.26162
CVE-2021-25633,0.00885,0.26162
CVE-2021-25634,0.00885,0.26162
CVE-2021-25636,0.00885,0.26162
CVE-2021-25640,0.00885,0.26162
CVE-2021-25642,0.00885,0.26162
CVE-2021-25643,0.00885,0.26162
CVE-2021-25644,0.00885,0.26162
CVE-2021-25645,0.00885,0.26162
CVE-2021-25647,0.01086,0.51674
CVE-2021-25648,0.00885,0.26162
CVE-2021-25649,0.00885,0.26162
CVE-2021-25650,0.00885,0.26162
CVE-2021-25651,0.00885,0.26162
CVE-2021-25652,0.00885,0.26162
CVE-2021-25653,0.00885,0.26162
CVE-2021-25654,0.01036,0.41241
CVE-2021-25655,0.00885,0.26162
CVE-2021-25656,0.00885,0.26162
CVE-2021-25657,0.00885,0.26162
CVE-2021-25659,0.00885,0.26162
CVE-2021-25660,0.00885,0.26162
CVE-2021-25661,0.00885,0.26162
CVE-2021-25662,0.0144,0.7265
CVE-2021-25663,0.00885,0.26162
CVE-2021-25664,0.00885,0.26162
CVE-2021-25665,0.01005,0.36332
CVE-2021-25666,0.00885,0.26162
CVE-2021-25667,0.01888,0.76438
CVE-2021-25668,0.01086,0.51674
CVE-2021-25669,0.01156,0.60033
CVE-2021-25670,0.01036,0.41241
CVE-2021-25671,0.00885,0.26162
CVE-2021-25672,0.00885,0.26162
CVE-2021-25673,0.00885,0.26162
CVE-2021-25674,0.00885,0.26162
CVE-2021-25675,0.00885,0.26162
CVE-2021-25676,0.00885,0.26162
CVE-2021-25677,0.00885,0.26162
CVE-2021-25678,0.01005,0.36332
CVE-2021-25682,0.00885,0.26162
CVE-2021-25683,0.00885,0.26162
CVE-2021-25684,0.00885,0.26162
CVE-2021-25688,0.00885,0.26162
CVE-2021-25689,0.01086,0.51674
CVE-2021-25690,0.00885,0.26162
CVE-2021-25692,0.00885,0.26162
CVE-2021-25693,0.00885,0.26162
CVE-2021-25694,0.00885,0.26162
CVE-2021-25695,0.01036,0.41241
CVE-2021-25698,0.00885,0.26162
CVE-2021-25699,0.00885,0.26162
CVE-2021-25701,0.00885,0.26162
CVE-2021-25737,0.0089,0.2856
CVE-2021-25738,0.01365,0.70715
CVE-2021-25740,0.0089,0.2856
CVE-2021-25741,0.0089,0.2856
CVE-2021-25742,0.0089,0.2856
CVE-2021-25743,0.00885,0.26162
CVE-2021-25745,0.0089,0.2856
CVE-2021-25746,0.0089,0.2856
CVE-2021-25755,0.0089,0.2856
CVE-2021-25756,0.00885,0.26162
CVE-2021-25757,0.00885,0.26162
CVE-2021-25758,0.01005,0.36332
CVE-2021-25759,0.00885,0.26162
CVE-2021-25760,0.00885,0.26162
CVE-2021-25761,0.00885,0.26162
CVE-2021-25762,0.00885,0.26162
CVE-2021-25763,0.00885,0.26162
CVE-2021-25764,0.00885,0.26162
CVE-2021-25765,0.00885,0.26162
CVE-2021-25766,0.00885,0.26162
CVE-2021-25767,0.0144,0.7265
CVE-2021-25768,0.00885,0.26162
CVE-2021-25769,0.00885,0.26162
CVE-2021-25770,0.0144,0.7265
CVE-2021-25771,0.00885,0.26162
CVE-2021-25772,0.00885,0.26162
CVE-2021-25773,0.00885,0.26162
CVE-2021-25774,0.00885,0.26162
CVE-2021-25775,0.00885,0.26162
CVE-2021-25776,0.00885,0.26162
CVE-2021-25777,0.00885,0.26162
CVE-2021-25778,0.00885,0.26162
CVE-2021-25779,0.00885,0.26162
CVE-2021-25780,0.01424,0.72364
CVE-2021-25783,0.00885,0.26162
CVE-2021-25784,0.00885,0.26162
CVE-2021-25785,0.00885,0.26162
CVE-2021-25790,0.0089,0.2856
CVE-2021-25791,0.0089,0.2856
CVE-2021-25801,0.00885,0.26162
CVE-2021-25802,0.00885,0.26162
CVE-2021-25803,0.00885,0.26162
CVE-2021-25808,0.01036,0.41241
CVE-2021-25809,0.00885,0.26162
CVE-2021-25810,0.00954,0.34522
CVE-2021-25811,0.00954,0.34522
CVE-2021-25812,0.02211,0.80357
CVE-2021-25829,0.01537,0.73595
CVE-2021-25830,0.06729,0.91198
CVE-2021-25831,0.06729,0.91198
CVE-2021-25832,0.06729,0.91198
CVE-2021-25833,0.06729,0.91198
CVE-2021-25834,0.00885,0.26162
CVE-2021-25835,0.00885,0.26162
CVE-2021-25836,0.00885,0.26162
CVE-2021-25838,0.00885,0.26162
CVE-2021-25839,0.00885,0.26162
CVE-2021-25845,0.00885,0.26162
CVE-2021-25846,0.00885,0.26162
CVE-2021-25847,0.00885,0.26162
CVE-2021-25848,0.00885,0.26162
CVE-2021-25849,0.00885,0.26162
CVE-2021-25863,0.00885,0.26162
CVE-2021-25864,0.00885,0.26162
CVE-2021-25874,0.01136,0.57949
CVE-2021-25875,0.01136,0.57949
CVE-2021-25876,0.01136,0.57949
CVE-2021-25877,0.0089,0.2856
CVE-2021-25878,0.01136,0.57949
CVE-2021-25893,0.0089,0.2856
CVE-2021-25894,0.00954,0.34522
CVE-2021-25898,0.00885,0.26162
CVE-2021-25899,0.00885,0.26162
CVE-2021-25900,0.00885,0.26162
CVE-2021-25901,0.00885,0.26162
CVE-2021-25902,0.00885,0.26162
CVE-2021-25903,0.00885,0.26162
CVE-2021-25904,0.00885,0.26162
CVE-2021-25905,0.00885,0.26162
CVE-2021-25906,0.00885,0.26162
CVE-2021-25907,0.00885,0.26162
CVE-2021-25908,0.00885,0.26162
CVE-2021-25909,0.01055,0.50287
CVE-2021-25910,0.00885,0.26162
CVE-2021-25912,0.01885,0.76424
CVE-2021-25913,0.03693,0.843
CVE-2021-25914,0.01885,0.76424
CVE-2021-25915,0.01885,0.76424
CVE-2021-25916,0.01885,0.76424
CVE-2021-25917,0.00885,0.26162
CVE-2021-25918,0.00885,0.26162
CVE-2021-25919,0.00885,0.26162
CVE-2021-25920,0.00885,0.26162
CVE-2021-25921,0.00885,0.26162
CVE-2021-25922,0.00885,0.26162
CVE-2021-25923,0.00885,0.26162
CVE-2021-25924,0.00885,0.26162
CVE-2021-25925,0.00885,0.26162
CVE-2021-25926,0.00885,0.26162
CVE-2021-25927,0.01885,0.76424
CVE-2021-25928,0.01885,0.76424
CVE-2021-25929,0.0089,0.2856
CVE-2021-25930,0.00954,0.34522
CVE-2021-25931,0.00954,0.34522
CVE-2021-25932,0.0095,0.30554
CVE-2021-25933,0.0095,0.30554
CVE-2021-25934,0.0089,0.2856
CVE-2021-25935,0.0089,0.2856
CVE-2021-25938,0.00885,0.26162
CVE-2021-25939,0.0089,0.2856
CVE-2021-25940,0.00885,0.26162
CVE-2021-25941,0.01885,0.76424
CVE-2021-25943,0.01885,0.76424
CVE-2021-25944,0.01156,0.60033
CVE-2021-25945,0.01156,0.60033
CVE-2021-25946,0.01885,0.76424
CVE-2021-25947,0.01156,0.60033
CVE-2021-25948,0.01885,0.76424
CVE-2021-25949,0.01885,0.76424
CVE-2021-25951,0.00885,0.26162
CVE-2021-25952,0.01885,0.76424
CVE-2021-25953,0.01156,0.60033
CVE-2021-25954,0.00885,0.26162
CVE-2021-25955,0.00885,0.26162
CVE-2021-25956,0.00885,0.26162
CVE-2021-25957,0.00885,0.26162
CVE-2021-25958,0.00885,0.26162
CVE-2021-25959,0.0144,0.7265
CVE-2021-25960,0.0089,0.2856
CVE-2021-25961,0.0089,0.2856
CVE-2021-25962,0.00885,0.26162
CVE-2021-25963,0.0144,0.7265
CVE-2021-25964,0.00885,0.26162
CVE-2021-25965,0.00885,0.26162
CVE-2021-25966,0.00885,0.26162
CVE-2021-25967,0.00885,0.26162
CVE-2021-25968,0.00885,0.26162
CVE-2021-25969,0.00885,0.26162
CVE-2021-25970,0.00885,0.26162
CVE-2021-25971,0.00885,0.26162
CVE-2021-25972,0.00885,0.26162
CVE-2021-25973,0.00885,0.26162
CVE-2021-25974,0.00885,0.26162
CVE-2021-25975,0.00885,0.26162
CVE-2021-25976,0.00885,0.26162
CVE-2021-25977,0.0144,0.7265
CVE-2021-25978,0.00885,0.26162
CVE-2021-25979,0.01055,0.50287
CVE-2021-25980,0.00885,0.26162
CVE-2021-25981,0.00954,0.34522
CVE-2021-25982,0.00885,0.26162
CVE-2021-25983,0.00885,0.26162
CVE-2021-25984,0.00885,0.26162
CVE-2021-25985,0.00885,0.26162
CVE-2021-25986,0.00885,0.26162
CVE-2021-25987,0.00885,0.26162
CVE-2021-25988,0.00885,0.26162
CVE-2021-25989,0.00885,0.26162
CVE-2021-25990,0.00885,0.26162
CVE-2021-25991,0.00885,0.26162
CVE-2021-25992,0.00885,0.26162
CVE-2021-25993,0.00885,0.26162
CVE-2021-25994,0.00885,0.26162
CVE-2021-26023,0.00885,0.26162
CVE-2021-26024,0.00885,0.26162
CVE-2021-26025,0.00885,0.26162
CVE-2021-26026,0.00885,0.26162
CVE-2021-26027,0.00885,0.26162
CVE-2021-26028,0.00885,0.26162
CVE-2021-26029,0.00885,0.26162
CVE-2021-26030,0.00885,0.26162
CVE-2021-26031,0.00885,0.26162
CVE-2021-26032,0.00885,0.26162
CVE-2021-26033,0.00885,0.26162
CVE-2021-26034,0.00885,0.26162
CVE-2021-26035,0.00885,0.26162
CVE-2021-26036,0.00885,0.26162
CVE-2021-26037,0.00885,0.26162
CVE-2021-26038,0.00885,0.26162
CVE-2021-26039,0.00885,0.26162
CVE-2021-26040,0.00885,0.26162
CVE-2021-26067,0.01055,0.50287
CVE-2021-26068,0.01156,0.60033
CVE-2021-26069,0.01055,0.50287
CVE-2021-26070,0.01055,0.50287
CVE-2021-26071,0.00885,0.26162
CVE-2021-26072,0.01055,0.50287
CVE-2021-26073,0.0089,0.2856
CVE-2021-26074,0.00885,0.26162
CVE-2021-26075,0.01055,0.50287
CVE-2021-26076,0.00885,0.26162
CVE-2021-26077,0.00885,0.26162
CVE-2021-26078,0.01055,0.50287
CVE-2021-26079,0.01055,0.50287
CVE-2021-26080,0.01055,0.50287
CVE-2021-26081,0.01055,0.50287
CVE-2021-26082,0.01055,0.50287
CVE-2021-26083,0.01055,0.50287
CVE-2021-26086,0.03435,0.83946
CVE-2021-26088,0.00885,0.26162
CVE-2021-26089,0.00885,0.26162
CVE-2021-26090,0.01055,0.50287
CVE-2021-26092,0.01055,0.50287
CVE-2021-26095,0.01055,0.50287
CVE-2021-26096,0.00885,0.26162
CVE-2021-26097,0.00885,0.26162
CVE-2021-26098,0.00885,0.26162
CVE-2021-26099,0.00885,0.26162
CVE-2021-26100,0.00885,0.26162
CVE-2021-26103,0.01055,0.50287
CVE-2021-26104,0.01005,0.35949
CVE-2021-26106,0.00885,0.26162
CVE-2021-26107,0.00885,0.26162
CVE-2021-26108,0.00885,0.26162
CVE-2021-26109,0.01086,0.51674
CVE-2021-26110,0.00885,0.26162
CVE-2021-26111,0.00885,0.26162
CVE-2021-26112,0.01086,0.51674
CVE-2021-26113,0.00885,0.26162
CVE-2021-26114,0.00885,0.26162
CVE-2021-26116,0.00885,0.26162
CVE-2021-26117,0.07767,0.92799
CVE-2021-26118,0.00954,0.34522
CVE-2021-26120,0.01018,0.38792
CVE-2021-26122,0.00885,0.26162
CVE-2021-26123,0.00885,0.26162
CVE-2021-26194,0.00885,0.26162
CVE-2021-26195,0.00885,0.26162
CVE-2021-26197,0.00885,0.26162
CVE-2021-26198,0.00885,0.26162
CVE-2021-26199,0.00885,0.26162
CVE-2021-26200,0.01564,0.74439
CVE-2021-26201,0.01564,0.74439
CVE-2021-26215,0.00885,0.26162
CVE-2021-26216,0.00885,0.26162
CVE-2021-26220,0.00885,0.26162
CVE-2021-26221,0.00885,0.26162
CVE-2021-26222,0.00885,0.26162
CVE-2021-26223,0.01055,0.50287
CVE-2021-26224,0.01055,0.50287
CVE-2021-26226,0.01055,0.50287
CVE-2021-26227,0.01055,0.50287
CVE-2021-26228,0.01055,0.50287
CVE-2021-26229,0.01055,0.50287
CVE-2021-26230,0.01055,0.50287
CVE-2021-26231,0.01055,0.50287
CVE-2021-26232,0.01055,0.50287
CVE-2021-26233,0.01036,0.41241
CVE-2021-26234,0.01036,0.41241
CVE-2021-26235,0.01036,0.41241
CVE-2021-26236,0.01559,0.742
CVE-2021-26237,0.01036,0.41241
CVE-2021-26247,0.01055,0.50287
CVE-2021-26248,0.00885,0.26162
CVE-2021-26252,0.01036,0.41241
CVE-2021-26253,0.00885,0.26162
CVE-2021-26254,0.00885,0.26162
CVE-2021-26256,0.00885,0.26162
CVE-2021-26257,0.00885,0.26162
CVE-2021-26258,0.00885,0.26162
CVE-2021-26259,0.01005,0.36332
CVE-2021-26260,0.00954,0.34522
CVE-2021-26262,0.00885,0.26162
CVE-2021-26264,0.00885,0.26162
CVE-2021-26266,0.00885,0.26162
CVE-2021-26267,0.00885,0.26162
CVE-2021-26271,0.01018,0.38792
CVE-2021-26272,0.01018,0.38792
CVE-2021-26273,0.0089,0.2856
CVE-2021-26274,0.0089,0.2856
CVE-2021-26275,0.02055,0.7893
CVE-2021-26276,0.00885,0.26162
CVE-2021-26291,0.05242,0.89216
CVE-2021-26293,0.00885,0.26162
CVE-2021-26296,0.01246,0.66436
CVE-2021-26303,0.00885,0.26162
CVE-2021-26304,0.00885,0.26162
CVE-2021-26305,0.00885,0.26162
CVE-2021-26306,0.00885,0.26162
CVE-2021-26307,0.00885,0.26162
CVE-2021-26308,0.00885,0.26162
CVE-2021-26309,0.00885,0.26162
CVE-2021-26310,0.00885,0.26162
CVE-2021-26311,0.01086,0.51674
CVE-2021-26312,0.00885,0.26162
CVE-2021-26313,0.01036,0.41241
CVE-2021-26314,0.01365,0.70715
CVE-2021-26315,0.00885,0.26162
CVE-2021-26317,0.01036,0.41241
CVE-2021-26318,0.00885,0.26162
CVE-2021-26320,0.00885,0.26162
CVE-2021-26321,0.00885,0.26162
CVE-2021-26322,0.00885,0.26162
CVE-2021-26323,0.00885,0.26162
CVE-2021-26324,0.00885,0.26162
CVE-2021-26325,0.00885,0.26162
CVE-2021-26326,0.00885,0.26162
CVE-2021-26327,0.00885,0.26162
CVE-2021-26329,0.00885,0.26162
CVE-2021-26330,0.00885,0.26162
CVE-2021-26331,0.01036,0.41241
CVE-2021-26332,0.00885,0.26162
CVE-2021-26333,0.0089,0.2856
CVE-2021-26334,0.01086,0.51674
CVE-2021-26335,0.01036,0.41241
CVE-2021-26336,0.00885,0.26162
CVE-2021-26337,0.00885,0.26162
CVE-2021-26338,0.00885,0.26162
CVE-2021-26339,0.00885,0.26162
CVE-2021-26340,0.00885,0.26162
CVE-2021-26341,0.00885,0.26162
CVE-2021-26342,0.00885,0.26162
CVE-2021-26347,0.00885,0.26162
CVE-2021-26348,0.00885,0.26162
CVE-2021-26349,0.00885,0.26162
CVE-2021-26350,0.00885,0.26162
CVE-2021-26351,0.00885,0.26162
CVE-2021-26352,0.00885,0.26162
CVE-2021-26353,0.00885,0.26162
CVE-2021-26361,0.00885,0.26162
CVE-2021-26362,0.00885,0.26162
CVE-2021-26363,0.00885,0.26162
CVE-2021-26364,0.00885,0.26162
CVE-2021-26366,0.00885,0.26162
CVE-2021-26368,0.00885,0.26162
CVE-2021-26369,0.00885,0.26162
CVE-2021-26370,0.00885,0.26162
CVE-2021-26372,0.00885,0.26162
CVE-2021-26373,0.00885,0.26162
CVE-2021-26375,0.00885,0.26162
CVE-2021-26376,0.00885,0.26162
CVE-2021-26378,0.00885,0.26162
CVE-2021-26382,0.00885,0.26162
CVE-2021-26384,0.00885,0.26162
CVE-2021-26386,0.01036,0.41241
CVE-2021-26388,0.00885,0.26162
CVE-2021-26390,0.00885,0.26162
CVE-2021-26400,0.00885,0.26162
CVE-2021-26401,0.00885,0.26162
CVE-2021-26408,0.00885,0.26162
CVE-2021-26411,0.02442,0.80839
CVE-2021-26412,0.01967,0.77799
CVE-2021-26413,0.0115,0.5906
CVE-2021-26414,0.02844,0.8238
CVE-2021-26416,0.0115,0.5906
CVE-2021-26417,0.0115,0.5906
CVE-2021-26418,0.02427,0.80786
CVE-2021-26419,0.02861,0.82385
CVE-2021-26420,0.0455,0.88298
CVE-2021-26421,0.02427,0.80786
CVE-2021-26422,0.01967,0.77799
CVE-2021-26423,0.02251,0.80538
CVE-2021-26424,0.01601,0.74633
CVE-2021-26425,0.0115,0.5906
CVE-2021-26426,0.0115,0.5906
CVE-2021-26427,0.01528,0.72895
CVE-2021-26428,0.0115,0.5906
CVE-2021-26429,0.0115,0.5906
CVE-2021-26430,0.0115,0.5906
CVE-2021-26431,0.01178,0.60108
CVE-2021-26432,0.01601,0.74633
CVE-2021-26433,0.02251,0.80538
CVE-2021-26434,0.01178,0.60108
CVE-2021-26435,0.02265,0.80587
CVE-2021-26436,0.02251,0.80538
CVE-2021-26437,0.02251,0.80538
CVE-2021-26439,0.02251,0.80538
CVE-2021-26441,0.01178,0.60108
CVE-2021-26442,0.0115,0.5906
CVE-2021-26443,0.01877,0.76393
CVE-2021-26444,0.02251,0.80538
CVE-2021-26461,0.01156,0.60033
CVE-2021-26471,0.01018,0.38792
CVE-2021-26472,0.01018,0.38792
CVE-2021-26473,0.01018,0.38792
CVE-2021-26474,0.01018,0.38792
CVE-2021-26476,0.01055,0.50287
CVE-2021-26528,0.00885,0.26162
CVE-2021-26529,0.00885,0.26162
CVE-2021-26530,0.00885,0.26162
CVE-2021-26539,0.00954,0.34522
CVE-2021-26540,0.00954,0.34522
CVE-2021-26541,0.02211,0.80357
CVE-2021-26543,0.02055,0.7893
CVE-2021-26544,0.0089,0.2856
CVE-2021-26549,0.0095,0.30554
CVE-2021-26550,0.0095,0.30554
CVE-2021-26551,0.0089,0.2856
CVE-2021-26556,0.00885,0.26162
CVE-2021-26557,0.00885,0.26162
CVE-2021-26558,0.00885,0.26162
CVE-2021-26559,0.0089,0.2856
CVE-2021-26560,0.00885,0.26162
CVE-2021-26561,0.0144,0.7265
CVE-2021-26562,0.0144,0.7265
CVE-2021-26563,0.01005,0.36332
CVE-2021-26564,0.00885,0.26162
CVE-2021-26565,0.00885,0.26162
CVE-2021-26566,0.00885,0.26162
CVE-2021-26567,0.0144,0.7265
CVE-2021-26569,0.01679,0.75053
CVE-2021-26570,0.00885,0.26162
CVE-2021-26571,0.00885,0.26162
CVE-2021-26572,0.00885,0.26162
CVE-2021-26573,0.00885,0.26162
CVE-2021-26574,0.00885,0.26162
CVE-2021-26575,0.00885,0.26162
CVE-2021-26576,0.01005,0.35949
CVE-2021-26577,0.00885,0.26162
CVE-2021-26578,0.00885,0.26162
CVE-2021-26579,0.00885,0.26162
CVE-2021-26580,0.00885,0.26162
CVE-2021-26581,0.00885,0.26162
CVE-2021-26582,0.00885,0.26162
CVE-2021-26583,0.01377,0.70912
CVE-2021-26584,0.00885,0.26162
CVE-2021-26585,0.00885,0.26162
CVE-2021-26586,0.00885,0.26162
CVE-2021-26587,0.00885,0.26162
CVE-2021-26588,0.01086,0.51674
CVE-2021-26589,0.00885,0.26162
CVE-2021-26593,0.00885,0.26162
CVE-2021-26594,0.00885,0.26162
CVE-2021-26595,0.00885,0.26162
CVE-2021-26596,0.00885,0.26162
CVE-2021-26597,0.01055,0.50287
CVE-2021-26598,0.01018,0.38792
CVE-2021-26599,0.01018,0.38792
CVE-2021-26600,0.01018,0.38792
CVE-2021-26601,0.0095,0.30554
CVE-2021-26603,0.00885,0.26162
CVE-2021-26605,0.00885,0.26162
CVE-2021-26606,0.01086,0.51674
CVE-2021-26607,0.01055,0.50287
CVE-2021-26608,0.01086,0.51674
CVE-2021-26609,0.01055,0.50287
CVE-2021-26610,0.00885,0.26162
CVE-2021-26611,0.01055,0.50287
CVE-2021-26612,0.01055,0.50287
CVE-2021-26613,0.00885,0.26162
CVE-2021-26614,0.01156,0.60033
CVE-2021-26615,0.00885,0.26162
CVE-2021-26616,0.02055,0.7893
CVE-2021-26617,0.01055,0.50287
CVE-2021-26618,0.01055,0.50287
CVE-2021-26619,0.01055,0.50287
CVE-2021-26620,0.01055,0.50287
CVE-2021-26621,0.01156,0.60033
CVE-2021-26622,0.01156,0.60033
CVE-2021-26623,0.01156,0.60033
CVE-2021-26624,0.01156,0.60033
CVE-2021-26625,0.01055,0.50287
CVE-2021-26626,0.01055,0.50287
CVE-2021-26627,0.01055,0.50287
CVE-2021-26628,0.01055,0.50287
CVE-2021-26629,0.00885,0.26162
CVE-2021-26630,0.01086,0.51674
CVE-2021-26631,0.01055,0.50287
CVE-2021-26633,0.00885,0.26162
CVE-2021-26634,0.01338,0.70562
CVE-2021-26635,0.01103,0.51945
CVE-2021-26636,0.01156,0.60033
CVE-2021-26637,0.00885,0.26162
CVE-2021-26638,0.01055,0.50287
CVE-2021-26639,0.01055,0.50287
CVE-2021-26675,0.01834,0.76202
CVE-2021-26676,0.01537,0.73595
CVE-2021-26677,0.01036,0.41241
CVE-2021-26678,0.01055,0.50287
CVE-2021-26679,0.01055,0.50287
CVE-2021-26680,0.01055,0.50287
CVE-2021-26681,0.01055,0.50287
CVE-2021-26682,0.01055,0.50287
CVE-2021-26683,0.01055,0.50287
CVE-2021-26684,0.01055,0.50287
CVE-2021-26685,0.01055,0.50287
CVE-2021-26686,0.01055,0.50287
CVE-2021-26687,0.00885,0.26162
CVE-2021-26688,0.00885,0.26162
CVE-2021-26689,0.00885,0.26162
CVE-2021-26690,0.03032,0.82851
CVE-2021-26691,0.07767,0.92799
CVE-2021-26697,0.01246,0.66436
CVE-2021-26698,0.01018,0.38792
CVE-2021-26699,0.01018,0.38792
CVE-2021-26700,0.01648,0.74957
CVE-2021-26701,0.43243,0.98205
CVE-2021-26702,0.00885,0.26162
CVE-2021-26703,0.01136,0.57949
CVE-2021-26704,0.01061,0.51015
CVE-2021-26705,0.00885,0.26162
CVE-2021-26706,0.00954,0.34522
CVE-2021-26707,0.01018,0.38792
CVE-2021-26709,0.01213,0.6557
CVE-2021-26710,0.01055,0.50287
CVE-2021-26711,0.01055,0.50287
CVE-2021-26712,0.01213,0.6557
CVE-2021-26713,0.01796,0.76028
CVE-2021-26715,0.00885,0.26162
CVE-2021-26716,0.00885,0.26162
CVE-2021-26717,0.02051,0.78585
CVE-2021-26718,0.00885,0.26162
CVE-2021-26719,0.00885,0.26162
CVE-2021-26720,0.01282,0.67298
CVE-2021-26722,0.00885,0.26162
CVE-2021-26723,0.02173,0.80027
CVE-2021-26724,0.01156,0.60033
CVE-2021-26725,0.00885,0.26162
CVE-2021-26726,0.01888,0.76438
CVE-2021-26739,0.01086,0.51674
CVE-2021-26740,0.01338,0.70562
CVE-2021-26746,0.00954,0.34522
CVE-2021-26747,0.01978,0.78447
CVE-2021-26750,0.00885,0.26162
CVE-2021-26751,0.00885,0.26162
CVE-2021-26752,0.00885,0.26162
CVE-2021-26753,0.00885,0.26162
CVE-2021-26754,0.00954,0.34522
CVE-2021-26758,0.0089,0.2856
CVE-2021-26762,0.01061,0.51015
CVE-2021-26764,0.01132,0.54372
CVE-2021-26765,0.01213,0.6557
CVE-2021-26776,0.00885,0.26162
CVE-2021-26777,0.01086,0.51674
CVE-2021-26786,0.01086,0.51674
CVE-2021-26787,0.00885,0.26162
CVE-2021-26788,0.00885,0.26162
CVE-2021-26794,0.01086,0.51674
CVE-2021-26795,0.00885,0.26162
CVE-2021-26797,0.00885,0.26162
CVE-2021-26799,0.01055,0.50287
CVE-2021-26800,0.00885,0.26162
CVE-2021-26804,0.01055,0.50287
CVE-2021-26805,0.00885,0.26162
CVE-2021-26807,0.00885,0.26162
CVE-2021-26809,0.08382,0.93597
CVE-2021-26810,0.01055,0.50287
CVE-2021-26812,0.00885,0.26162
CVE-2021-26813,0.01018,0.38792
CVE-2021-26822,0.07936,0.92971
CVE-2021-26824,0.00885,0.26162
CVE-2021-26825,0.01005,0.36332
CVE-2021-26826,0.01005,0.36332
CVE-2021-26827,0.01055,0.50287
CVE-2021-26829,0.00885,0.26162
CVE-2021-26830,0.01055,0.50287
CVE-2021-26832,0.00885,0.26162
CVE-2021-26833,0.01156,0.60033
CVE-2021-26834,0.0144,0.7265
CVE-2021-26835,0.01689,0.75137
CVE-2021-26843,0.00885,0.26162
CVE-2021-26844,0.01055,0.50287
CVE-2021-26845,0.00885,0.26162
CVE-2021-26854,0.01967,0.77799
CVE-2021-26859,0.0115,0.5906
CVE-2021-26860,0.0115,0.5906
CVE-2021-26861,0.01648,0.74957
CVE-2021-26862,0.01178,0.60108
CVE-2021-26863,0.01178,0.60108
CVE-2021-26864,0.0115,0.5906
CVE-2021-26866,0.01178,0.60108
CVE-2021-26867,0.01877,0.76393
CVE-2021-26868,0.0115,0.5906
CVE-2021-26869,0.0115,0.5906
CVE-2021-26870,0.0115,0.5906
CVE-2021-26871,0.0115,0.5906
CVE-2021-26872,0.0115,0.5906
CVE-2021-26873,0.01178,0.60108
CVE-2021-26874,0.0115,0.5906
CVE-2021-26875,0.0115,0.5906
CVE-2021-26876,0.01728,0.75198
CVE-2021-26877,0.01728,0.75198
CVE-2021-26878,0.0115,0.5906
CVE-2021-26879,0.02427,0.80786
CVE-2021-26880,0.0115,0.5906
CVE-2021-26881,0.01967,0.77799
CVE-2021-26882,0.0115,0.5906
CVE-2021-26884,0.0115,0.5906
CVE-2021-26886,0.01178,0.60108
CVE-2021-26887,0.0115,0.5906
CVE-2021-26889,0.01178,0.60108
CVE-2021-26890,0.01877,0.76393
CVE-2021-26891,0.00908,0.28614
CVE-2021-26892,0.01178,0.60108
CVE-2021-26893,0.01728,0.75198
CVE-2021-26894,0.01728,0.75198
CVE-2021-26895,0.01728,0.75198
CVE-2021-26896,0.02427,0.80786
CVE-2021-26897,0.01728,0.75198
CVE-2021-26898,0.0115,0.5906
CVE-2021-26899,0.0115,0.5906
CVE-2021-26900,0.01178,0.60108
CVE-2021-26901,0.0115,0.5906
CVE-2021-26902,0.01648,0.74957
CVE-2021-26903,0.00885,0.26162
CVE-2021-26904,0.00885,0.26162
CVE-2021-26905,0.00885,0.26162
CVE-2021-26906,0.02051,0.78585
CVE-2021-26908,0.00885,0.26162
CVE-2021-26909,0.00885,0.26162
CVE-2021-26910,0.01104,0.52279
CVE-2021-26911,0.01108,0.53389
CVE-2021-26912,0.05634,0.89764
CVE-2021-26913,0.05634,0.89764
CVE-2021-26914,0.58589,0.98809
CVE-2021-26915,0.05634,0.89764
CVE-2021-26916,0.01055,0.50287
CVE-2021-26917,0.0095,0.30554
CVE-2021-26918,0.00885,0.26162
CVE-2021-26919,0.03759,0.8439
CVE-2021-26921,0.00954,0.34522
CVE-2021-26923,0.00885,0.26162
CVE-2021-26924,0.00885,0.26162
CVE-2021-26925,0.0095,0.30554
CVE-2021-26926,0.01018,0.38792
CVE-2021-26927,0.01018,0.38792
CVE-2021-26928,0.00885,0.26162
CVE-2021-26929,0.01108,0.53389
CVE-2021-26930,0.01034,0.39824
CVE-2021-26931,0.01034,0.39824
CVE-2021-26932,0.01034,0.39824
CVE-2021-26933,0.0095,0.30554
CVE-2021-26934,0.0095,0.30554
CVE-2021-26935,0.01055,0.50287
CVE-2021-26936,0.00885,0.26162
CVE-2021-26937,0.01974,0.7812
CVE-2021-26938,0.00885,0.26162
CVE-2021-26939,0.00885,0.26162
CVE-2021-26945,0.00885,0.26162
CVE-2021-26948,0.01036,0.41241
CVE-2021-26950,0.00885,0.26162
CVE-2021-26951,0.00885,0.26162
CVE-2021-26952,0.00885,0.26162
CVE-2021-26953,0.00885,0.26162
CVE-2021-26954,0.00885,0.26162
CVE-2021-26955,0.00885,0.26162
CVE-2021-26956,0.00885,0.26162
CVE-2021-26957,0.00885,0.26162
CVE-2021-26958,0.00885,0.26162
CVE-2021-26960,0.01055,0.50287
CVE-2021-26961,0.01055,0.50287
CVE-2021-26962,0.01156,0.60033
CVE-2021-26963,0.01156,0.60033
CVE-2021-26964,0.01055,0.50287
CVE-2021-26965,0.01055,0.50287
CVE-2021-26966,0.01055,0.50287
CVE-2021-26967,0.01055,0.50287
CVE-2021-26968,0.01055,0.50287
CVE-2021-26969,0.01055,0.50287
CVE-2021-26970,0.01156,0.60033
CVE-2021-26971,0.01156,0.60033
CVE-2021-26987,0.01156,0.60033
CVE-2021-26988,0.00885,0.26162
CVE-2021-26989,0.01055,0.50287
CVE-2021-26990,0.01055,0.50287
CVE-2021-26991,0.01055,0.50287
CVE-2021-26992,0.01055,0.50287
CVE-2021-26993,0.01055,0.50287
CVE-2021-26994,0.00885,0.26162
CVE-2021-26995,0.01086,0.51674
CVE-2021-26996,0.01055,0.50287
CVE-2021-26997,0.01055,0.50287
CVE-2021-26998,0.00885,0.26162
CVE-2021-26999,0.00885,0.26162
CVE-2021-27001,0.00885,0.26162
CVE-2021-27002,0.01055,0.50287
CVE-2021-27003,0.00885,0.26162
CVE-2021-27004,0.00885,0.26162
CVE-2021-27005,0.01055,0.50287
CVE-2021-27006,0.00885,0.26162
CVE-2021-27007,0.00885,0.26162
CVE-2021-27018,0.00885,0.26162
CVE-2021-27019,0.00885,0.26162
CVE-2021-27020,0.00885,0.26162
CVE-2021-27021,0.00885,0.26162
CVE-2021-27022,0.00885,0.26162
CVE-2021-27023,0.00885,0.26162
CVE-2021-27024,0.00885,0.26162
CVE-2021-27025,0.00885,0.26162
CVE-2021-27026,0.00885,0.26162
CVE-2021-27027,0.01719,0.75183
CVE-2021-27028,0.04836,0.88802
CVE-2021-27029,0.00885,0.26162
CVE-2021-27030,0.04836,0.88802
CVE-2021-27031,0.00954,0.34522
CVE-2021-27032,0.0089,0.2856
CVE-2021-27033,0.01103,0.51945
CVE-2021-27034,0.04484,0.88224
CVE-2021-27035,0.01036,0.41241
CVE-2021-27036,0.01036,0.41241
CVE-2021-27037,0.01036,0.41241
CVE-2021-27038,0.01036,0.41241
CVE-2021-27039,0.01036,0.41241
CVE-2021-27040,0.01559,0.742
CVE-2021-27041,0.01036,0.41241
CVE-2021-27042,0.01036,0.41241
CVE-2021-27043,0.00885,0.26162
CVE-2021-27044,0.01103,0.51945
CVE-2021-27045,0.01036,0.41241
CVE-2021-27046,0.01036,0.41241
CVE-2021-27047,0.01648,0.74957
CVE-2021-27048,0.01648,0.74957
CVE-2021-27049,0.01648,0.74957
CVE-2021-27050,0.01648,0.74957
CVE-2021-27051,0.01648,0.74957
CVE-2021-27052,0.0115,0.5906
CVE-2021-27053,0.04475,0.87758
CVE-2021-27054,0.04475,0.87758
CVE-2021-27055,0.02427,0.80786
CVE-2021-27056,0.04475,0.87758
CVE-2021-27057,0.04475,0.87758
CVE-2021-27058,0.01648,0.74957
CVE-2021-27059,0.01967,0.77799
CVE-2021-27060,0.01648,0.74957
CVE-2021-27061,0.01648,0.74957
CVE-2021-27062,0.01648,0.74957
CVE-2021-27063,0.02427,0.80786
CVE-2021-27064,0.0115,0.5906
CVE-2021-27066,0.0115,0.5906
CVE-2021-27067,0.0115,0.5906
CVE-2021-27068,0.01967,0.77799
CVE-2021-27070,0.02844,0.8238
CVE-2021-27072,0.0115,0.5906
CVE-2021-27074,0.01226,0.6584
CVE-2021-27075,0.0115,0.5906
CVE-2021-27076,0.0455,0.88298
CVE-2021-27077,0.01743,0.75237
CVE-2021-27078,0.01967,0.77799
CVE-2021-27079,0.0115,0.5906
CVE-2021-27080,0.00902,0.28567
CVE-2021-27081,0.01648,0.74957
CVE-2021-27082,0.01648,0.74957
CVE-2021-27083,0.01648,0.74957
CVE-2021-27084,0.01648,0.74957
CVE-2021-27085,0.01728,0.75198
CVE-2021-27086,0.01178,0.60108
CVE-2021-27088,0.0115,0.5906
CVE-2021-27089,0.01648,0.74957
CVE-2021-27090,0.0115,0.5906
CVE-2021-27091,0.0115,0.5906
CVE-2021-27092,0.02427,0.80786
CVE-2021-27093,0.0115,0.5906
CVE-2021-27094,0.01178,0.60108
CVE-2021-27095,0.01648,0.74957
CVE-2021-27096,0.0115,0.5906
CVE-2021-27097,0.00954,0.34522
CVE-2021-27098,0.00885,0.26162
CVE-2021-27099,0.00885,0.26162
CVE-2021-27101,0.00885,0.26162
CVE-2021-27102,0.01005,0.36332
CVE-2021-27103,0.00885,0.26162
CVE-2021-27104,0.0144,0.7265
CVE-2021-27112,0.01156,0.60033
CVE-2021-27113,0.02055,0.7893
CVE-2021-27114,0.00885,0.26162
CVE-2021-27116,0.00885,0.26162
CVE-2021-27117,0.00885,0.26162
CVE-2021-27124,0.0089,0.2856
CVE-2021-27129,0.00885,0.26162
CVE-2021-27130,0.00885,0.26162
CVE-2021-27135,0.06525,0.90963
CVE-2021-27138,0.00954,0.34522
CVE-2021-27139,0.00885,0.26162
CVE-2021-27140,0.00885,0.26162
CVE-2021-27141,0.00885,0.26162
CVE-2021-27142,0.00885,0.26162
CVE-2021-27143,0.00885,0.26162
CVE-2021-27144,0.00885,0.26162
CVE-2021-27145,0.00885,0.26162
CVE-2021-27146,0.00885,0.26162
CVE-2021-27147,0.00885,0.26162
CVE-2021-27148,0.00885,0.26162
CVE-2021-27149,0.00885,0.26162
CVE-2021-27150,0.00885,0.26162
CVE-2021-27151,0.00885,0.26162
CVE-2021-27152,0.00885,0.26162
CVE-2021-27153,0.00885,0.26162
CVE-2021-27154,0.00885,0.26162
CVE-2021-27155,0.00885,0.26162
CVE-2021-27156,0.00885,0.26162
CVE-2021-27157,0.00885,0.26162
CVE-2021-27158,0.00885,0.26162
CVE-2021-27159,0.00885,0.26162
CVE-2021-27160,0.00885,0.26162
CVE-2021-27161,0.00885,0.26162
CVE-2021-27162,0.00885,0.26162
CVE-2021-27163,0.00885,0.26162
CVE-2021-27164,0.00885,0.26162
CVE-2021-27165,0.00885,0.26162
CVE-2021-27166,0.00885,0.26162
CVE-2021-27167,0.00885,0.26162
CVE-2021-27168,0.00885,0.26162
CVE-2021-27169,0.00885,0.26162
CVE-2021-27170,0.00885,0.26162
CVE-2021-27171,0.00885,0.26162
CVE-2021-27172,0.00885,0.26162
CVE-2021-27173,0.00885,0.26162
CVE-2021-27174,0.00885,0.26162
CVE-2021-27175,0.00885,0.26162
CVE-2021-27176,0.00885,0.26162
CVE-2021-27177,0.00885,0.26162
CVE-2021-27178,0.00885,0.26162
CVE-2021-27179,0.00885,0.26162
CVE-2021-27184,0.00885,0.26162
CVE-2021-27185,0.02359,0.80663
CVE-2021-27186,0.00954,0.34522
CVE-2021-27187,0.00885,0.26162
CVE-2021-27188,0.00885,0.26162
CVE-2021-27189,0.00954,0.34522
CVE-2021-27190,0.0095,0.30554
CVE-2021-27191,0.01018,0.38792
CVE-2021-27192,0.00885,0.26162
CVE-2021-27193,0.01055,0.50287
CVE-2021-27194,0.01055,0.50287
CVE-2021-27195,0.00885,0.26162
CVE-2021-27196,0.01108,0.53389
CVE-2021-27197,0.01055,0.50287
CVE-2021-27198,0.05634,0.89764
CVE-2021-27200,0.01136,0.57949
CVE-2021-27201,0.01061,0.51015
CVE-2021-27203,0.00885,0.26162
CVE-2021-27204,0.00885,0.26162
CVE-2021-27205,0.00885,0.26162
CVE-2021-27208,0.01559,0.742
CVE-2021-27209,0.00885,0.26162
CVE-2021-27210,0.01055,0.50287
CVE-2021-27212,0.01183,0.60428
CVE-2021-27213,0.02275,0.80593
CVE-2021-27214,0.01055,0.50287
CVE-2021-27215,0.00954,0.34522
CVE-2021-27216,0.01036,0.41241
CVE-2021-27217,0.0089,0.2856
CVE-2021-27218,0.01537,0.73595
CVE-2021-27219,0.01108,0.53389
CVE-2021-27220,0.00885,0.26162
CVE-2021-27221,0.01055,0.50287
CVE-2021-27222,0.01061,0.51015
CVE-2021-27223,0.00885,0.26162
CVE-2021-27224,0.05634,0.89764
CVE-2021-27225,0.00885,0.26162
CVE-2021-27228,0.00954,0.34522
CVE-2021-27229,0.04836,0.88802
CVE-2021-27230,0.0095,0.30554
CVE-2021-27231,0.01132,0.54372
CVE-2021-27232,0.01055,0.50287
CVE-2021-27233,0.00885,0.26162
CVE-2021-27234,0.00885,0.26162
CVE-2021-27235,0.00885,0.26162
CVE-2021-27236,0.01156,0.60033
CVE-2021-27237,0.02192,0.80195
CVE-2021-27239,0.01005,0.36332
CVE-2021-27240,0.01036,0.41241
CVE-2021-27241,0.00885,0.26162
CVE-2021-27242,0.01005,0.36332
CVE-2021-27243,0.01005,0.36332
CVE-2021-27244,0.01005,0.36332
CVE-2021-27245,0.01086,0.51674
CVE-2021-27247,0.01156,0.60033
CVE-2021-27248,0.01005,0.36332
CVE-2021-27249,0.01005,0.36332
CVE-2021-27250,0.00885,0.26162
CVE-2021-27251,0.01005,0.36332
CVE-2021-27252,0.01005,0.36332
CVE-2021-27253,0.01005,0.36332
CVE-2021-27254,0.01005,0.36332
CVE-2021-27255,0.01888,0.76438
CVE-2021-27256,0.01005,0.36332
CVE-2021-27257,0.01005,0.36332
CVE-2021-27258,0.01055,0.50287
CVE-2021-27259,0.01005,0.36332
CVE-2021-27260,0.01005,0.36332
CVE-2021-27261,0.01321,0.70521
CVE-2021-27262,0.01321,0.70521
CVE-2021-27263,0.01321,0.70521
CVE-2021-27264,0.01321,0.70521
CVE-2021-27265,0.01321,0.70521
CVE-2021-27266,0.01321,0.70521
CVE-2021-27267,0.01321,0.70521
CVE-2021-27268,0.01321,0.70521
CVE-2021-27269,0.01321,0.70521
CVE-2021-27270,0.01321,0.70521
CVE-2021-27271,0.01321,0.70521
CVE-2021-27272,0.01055,0.50287
CVE-2021-27273,0.01978,0.78447
CVE-2021-27274,0.01978,0.78447
CVE-2021-27275,0.01055,0.50287
CVE-2021-27276,0.01055,0.50287
CVE-2021-27277,0.01005,0.36332
CVE-2021-27278,0.01005,0.36332
CVE-2021-27279,0.0089,0.2856
CVE-2021-27288,0.01055,0.50287
CVE-2021-27290,0.01018,0.38792
CVE-2021-27291,0.01537,0.73595
CVE-2021-27292,0.00954,0.34522
CVE-2021-27293,0.00885,0.26162
CVE-2021-27306,0.00885,0.26162
CVE-2021-27308,0.01055,0.50287
CVE-2021-27309,0.00885,0.26162
CVE-2021-27310,0.00885,0.26162
CVE-2021-27314,0.00885,0.26162
CVE-2021-27315,0.00885,0.26162
CVE-2021-27316,0.00885,0.26162
CVE-2021-27317,0.01055,0.50287
CVE-2021-27318,0.01055,0.50287
CVE-2021-27319,0.00885,0.26162
CVE-2021-27320,0.00885,0.26162
CVE-2021-27328,0.0089,0.2856
CVE-2021-27329,0.00885,0.26162
CVE-2021-27330,0.01018,0.38792
CVE-2021-27332,0.01055,0.50287
CVE-2021-27335,0.01156,0.60033
CVE-2021-27338,0.00885,0.26162
CVE-2021-27340,0.00954,0.34522
CVE-2021-27341,0.00954,0.34522
CVE-2021-27342,0.01136,0.57949
CVE-2021-27343,0.00954,0.34522
CVE-2021-27345,0.00885,0.26162
CVE-2021-27347,0.00885,0.26162
CVE-2021-27349,0.00885,0.26162
CVE-2021-27351,0.00885,0.26162
CVE-2021-27352,0.0089,0.2856
CVE-2021-27357,0.00885,0.26162
CVE-2021-27358,0.01213,0.6557
CVE-2021-27362,0.01978,0.78447
CVE-2021-27363,0.01104,0.52279
CVE-2021-27364,0.01282,0.67298
CVE-2021-27365,0.01282,0.67298
CVE-2021-27367,0.00885,0.26162
CVE-2021-27368,0.00885,0.26162
CVE-2021-27369,0.00885,0.26162
CVE-2021-27370,0.0095,0.30554
CVE-2021-27371,0.00885,0.26162
CVE-2021-27372,0.00885,0.26162
CVE-2021-27374,0.00885,0.26162
CVE-2021-27375,0.00885,0.26162
CVE-2021-27376,0.00885,0.26162
CVE-2021-27377,0.00885,0.26162
CVE-2021-27378,0.00885,0.26162
CVE-2021-27379,0.0095,0.30554
CVE-2021-27380,0.01559,0.742
CVE-2021-27381,0.01036,0.41241
CVE-2021-27382,0.01559,0.742
CVE-2021-27383,0.00954,0.34522
CVE-2021-27384,0.02509,0.81058
CVE-2021-27385,0.01136,0.57949
CVE-2021-27386,0.01018,0.38792
CVE-2021-27387,0.01005,0.36332
CVE-2021-27388,0.01086,0.51674
CVE-2021-27389,0.00885,0.26162
CVE-2021-27390,0.01005,0.36332
CVE-2021-27391,0.01156,0.60033
CVE-2021-27392,0.01055,0.50287
CVE-2021-27393,0.00885,0.26162
CVE-2021-27394,0.00885,0.26162
CVE-2021-27395,0.00885,0.26162
CVE-2021-27396,0.01005,0.36332
CVE-2021-27397,0.01005,0.36332
CVE-2021-27398,0.01005,0.36332
CVE-2021-27399,0.01005,0.36332
CVE-2021-27400,0.00885,0.26162
CVE-2021-27401,0.00885,0.26162
CVE-2021-27402,0.00885,0.26162
CVE-2021-27403,0.00885,0.26162
CVE-2021-27404,0.00885,0.26162
CVE-2021-27405,0.01018,0.38792
CVE-2021-27408,0.01086,0.51674
CVE-2021-27410,0.01086,0.51674
CVE-2021-27411,0.00885,0.26162
CVE-2021-27412,0.01036,0.41241
CVE-2021-27413,0.01005,0.36332
CVE-2021-27414,0.00885,0.26162
CVE-2021-27416,0.00885,0.26162
CVE-2021-27417,0.00885,0.26162
CVE-2021-27418,0.00885,0.26162
CVE-2021-27419,0.01978,0.78447
CVE-2021-27420,0.00885,0.26162
CVE-2021-27421,0.00885,0.26162
CVE-2021-27422,0.00885,0.26162
CVE-2021-27424,0.00885,0.26162
CVE-2021-27425,0.01978,0.78447
CVE-2021-27426,0.00885,0.26162
CVE-2021-27427,0.01978,0.78447
CVE-2021-27428,0.00885,0.26162
CVE-2021-27430,0.00885,0.26162
CVE-2021-27431,0.01086,0.51674
CVE-2021-27432,0.00885,0.26162
CVE-2021-27433,0.01978,0.78447
CVE-2021-27434,0.00885,0.26162
CVE-2021-27435,0.01978,0.78447
CVE-2021-27436,0.00885,0.26162
CVE-2021-27437,0.00885,0.26162
CVE-2021-27438,0.00885,0.26162
CVE-2021-27439,0.01156,0.60033
CVE-2021-27440,0.00885,0.26162
CVE-2021-27442,0.01055,0.50287
CVE-2021-27444,0.00885,0.26162
CVE-2021-27445,0.00885,0.26162
CVE-2021-27446,0.01055,0.50287
CVE-2021-27447,0.01086,0.51674
CVE-2021-27448,0.00885,0.26162
CVE-2021-27449,0.02055,0.7893
CVE-2021-27450,0.00885,0.26162
CVE-2021-27451,0.00885,0.26162
CVE-2021-27452,0.00885,0.26162
CVE-2021-27453,0.00885,0.26162
CVE-2021-27454,0.00885,0.26162
CVE-2021-27455,0.00885,0.26162
CVE-2021-27456,0.00885,0.26162
CVE-2021-27457,0.00885,0.26162
CVE-2021-27458,0.00885,0.26162
CVE-2021-27459,0.01086,0.51674
CVE-2021-27460,0.01055,0.50287
CVE-2021-27461,0.00885,0.26162
CVE-2021-27462,0.01055,0.50287
CVE-2021-27463,0.00885,0.26162
CVE-2021-27464,0.01055,0.50287
CVE-2021-27465,0.00885,0.26162
CVE-2021-27466,0.01055,0.50287
CVE-2021-27467,0.00885,0.26162
CVE-2021-27468,0.01055,0.50287
CVE-2021-27470,0.01055,0.50287
CVE-2021-27471,0.00885,0.26162
CVE-2021-27472,0.0144,0.7265
CVE-2021-27473,0.00885,0.26162
CVE-2021-27474,0.01055,0.50287
CVE-2021-27475,0.01611,0.74874
CVE-2021-27476,0.01055,0.50287
CVE-2021-27477,0.00885,0.26162
CVE-2021-27478,0.00885,0.26162
CVE-2021-27479,0.00885,0.26162
CVE-2021-27480,0.00885,0.26162
CVE-2021-27481,0.00885,0.26162
CVE-2021-27482,0.00885,0.26162
CVE-2021-27483,0.00885,0.26162
CVE-2021-27485,0.00885,0.26162
CVE-2021-27486,0.01036,0.41241
CVE-2021-27487,0.00885,0.26162
CVE-2021-27488,0.01559,0.742
CVE-2021-27489,0.00885,0.26162
CVE-2021-27490,0.01559,0.742
CVE-2021-27491,0.00885,0.26162
CVE-2021-27492,0.01136,0.57949
CVE-2021-27493,0.00885,0.26162
CVE-2021-27494,0.01559,0.742
CVE-2021-27495,0.00885,0.26162
CVE-2021-27496,0.01559,0.742
CVE-2021-27497,0.00885,0.26162
CVE-2021-27498,0.00885,0.26162
CVE-2021-27499,0.00885,0.26162
CVE-2021-27500,0.00885,0.26162
CVE-2021-27501,0.00885,0.26162
CVE-2021-27503,0.00885,0.26162
CVE-2021-27505,0.00885,0.26162
CVE-2021-27506,0.00885,0.26162
CVE-2021-27509,0.00885,0.26162
CVE-2021-27514,0.00885,0.26162
CVE-2021-27515,0.01018,0.38792
CVE-2021-27516,0.00954,0.34522
CVE-2021-27517,0.01086,0.51674
CVE-2021-27519,0.01055,0.50287
CVE-2021-27520,0.01055,0.50287
CVE-2021-27522,0.01055,0.50287
CVE-2021-27526,0.01055,0.50287
CVE-2021-27527,0.01055,0.50287
CVE-2021-27528,0.01055,0.50287
CVE-2021-27529,0.01055,0.50287
CVE-2021-27530,0.01055,0.50287
CVE-2021-27531,0.01055,0.50287
CVE-2021-27544,0.01689,0.75137
CVE-2021-27545,0.01061,0.51015
CVE-2021-27548,0.00885,0.26162
CVE-2021-27549,0.01108,0.53389
CVE-2021-27550,0.00885,0.26162
CVE-2021-27556,0.01156,0.60033
CVE-2021-27557,0.00885,0.26162
CVE-2021-27558,0.01055,0.50287
CVE-2021-27559,0.00885,0.26162
CVE-2021-27561,0.02055,0.7893
CVE-2021-27562,0.00885,0.26162
CVE-2021-27564,0.00885,0.26162
CVE-2021-27565,0.01213,0.6557
CVE-2021-27568,0.01183,0.60428
CVE-2021-27569,0.00885,0.26162
CVE-2021-27570,0.00885,0.26162
CVE-2021-27571,0.00885,0.26162
CVE-2021-27572,0.01978,0.78447
CVE-2021-27573,0.01978,0.78447
CVE-2021-27574,0.00885,0.26162
CVE-2021-27576,0.00885,0.26162
CVE-2021-27577,0.00885,0.26162
CVE-2021-27578,0.01246,0.66436
CVE-2021-27579,0.00885,0.26162
CVE-2021-27581,0.00954,0.34522
CVE-2021-27582,0.00954,0.34522
CVE-2021-27583,0.00885,0.26162
CVE-2021-27584,0.00885,0.26162
CVE-2021-27585,0.01018,0.38792
CVE-2021-27586,0.00954,0.34522
CVE-2021-27587,0.01018,0.38792
CVE-2021-27588,0.00954,0.34522
CVE-2021-27589,0.00954,0.34522
CVE-2021-27590,0.00954,0.34522
CVE-2021-27591,0.00954,0.34522
CVE-2021-27592,0.01018,0.38792
CVE-2021-27593,0.00885,0.26162
CVE-2021-27594,0.00885,0.26162
CVE-2021-27595,0.00885,0.26162
CVE-2021-27596,0.00885,0.26162
CVE-2021-27597,0.01018,0.38792
CVE-2021-27598,0.00885,0.26162
CVE-2021-27599,0.00885,0.26162
CVE-2021-27600,0.0144,0.7265
CVE-2021-27601,0.00885,0.26162
CVE-2021-27602,0.01978,0.78447
CVE-2021-27603,0.00885,0.26162
CVE-2021-27604,0.00885,0.26162
CVE-2021-27605,0.00885,0.26162
CVE-2021-27606,0.01018,0.38792
CVE-2021-27607,0.01018,0.38792
CVE-2021-27608,0.00885,0.26162
CVE-2021-27609,0.00885,0.26162
CVE-2021-27610,0.00885,0.26162
CVE-2021-27611,0.00885,0.26162
CVE-2021-27612,0.00885,0.26162
CVE-2021-27613,0.00885,0.26162
CVE-2021-27614,0.00885,0.26162
CVE-2021-27615,0.0144,0.7265
CVE-2021-27616,0.00885,0.26162
CVE-2021-27617,0.00885,0.26162
CVE-2021-27618,0.00885,0.26162
CVE-2021-27619,0.00885,0.26162
CVE-2021-27620,0.01018,0.38792
CVE-2021-27621,0.00885,0.26162
CVE-2021-27622,0.01018,0.38792
CVE-2021-27623,0.00885,0.26162
CVE-2021-27624,0.01018,0.38792
CVE-2021-27625,0.01018,0.38792
CVE-2021-27626,0.01018,0.38792
CVE-2021-27627,0.01018,0.38792
CVE-2021-27628,0.01018,0.38792
CVE-2021-27629,0.01018,0.38792
CVE-2021-27630,0.01018,0.38792
CVE-2021-27631,0.01018,0.38792
CVE-2021-27632,0.01018,0.38792
CVE-2021-27633,0.01018,0.38792
CVE-2021-27634,0.01018,0.38792
CVE-2021-27635,0.0095,0.30554
CVE-2021-27637,0.00885,0.26162
CVE-2021-27638,0.00885,0.26162
CVE-2021-27639,0.00885,0.26162
CVE-2021-27640,0.00885,0.26162
CVE-2021-27641,0.00885,0.26162
CVE-2021-27642,0.00885,0.26162
CVE-2021-27643,0.00885,0.26162
CVE-2021-27644,0.0089,0.2856
CVE-2021-27645,0.0095,0.30554
CVE-2021-27646,0.0481,0.88737
CVE-2021-27647,0.01679,0.75053
CVE-2021-27648,0.01055,0.50287
CVE-2021-27649,0.01156,0.60033
CVE-2021-27651,0.00885,0.26162
CVE-2021-27653,0.00885,0.26162
CVE-2021-27654,0.00885,0.26162
CVE-2021-27656,0.00885,0.26162
CVE-2021-27657,0.0089,0.2856
CVE-2021-27658,0.0089,0.2856
CVE-2021-27659,0.00954,0.34522
CVE-2021-27660,0.01978,0.78447
CVE-2021-27661,0.00885,0.26162
CVE-2021-27662,0.00885,0.26162
CVE-2021-27663,0.01055,0.50287
CVE-2021-27664,0.01055,0.50287
CVE-2021-27665,0.01055,0.50287
CVE-2021-27668,0.00885,0.26162
CVE-2021-27670,0.00885,0.26162
CVE-2021-27671,0.00885,0.26162
CVE-2021-27672,0.01055,0.50287
CVE-2021-27673,0.01689,0.75137
CVE-2021-27676,0.00885,0.26162
CVE-2021-27677,0.01055,0.50287
CVE-2021-27678,0.01055,0.50287
CVE-2021-27679,0.01055,0.50287
CVE-2021-27691,0.01055,0.50287
CVE-2021-27692,0.01055,0.50287
CVE-2021-27693,0.00885,0.26162
CVE-2021-27695,0.01055,0.50287
CVE-2021-27697,0.00885,0.26162
CVE-2021-27698,0.00885,0.26162
CVE-2021-27705,0.01156,0.60033
CVE-2021-27706,0.01156,0.60033
CVE-2021-27707,0.01156,0.60033
CVE-2021-27708,0.01055,0.50287
CVE-2021-27710,0.01055,0.50287
CVE-2021-27722,0.00885,0.26162
CVE-2021-27730,0.00885,0.26162
CVE-2021-27731,0.00885,0.26162
CVE-2021-27733,0.00885,0.26162
CVE-2021-27734,0.01055,0.50287
CVE-2021-27736,0.0089,0.2856
CVE-2021-27737,0.01246,0.66436
CVE-2021-27738,0.00885,0.26162
CVE-2021-27741,0.00885,0.26162
CVE-2021-27746,0.00885,0.26162
CVE-2021-27751,0.00885,0.26162
CVE-2021-27753,0.00885,0.26162
CVE-2021-27755,0.00885,0.26162
CVE-2021-27756,0.00885,0.26162
CVE-2021-27757,0.00885,0.26162
CVE-2021-27758,0.00885,0.26162
CVE-2021-27759,0.00885,0.26162
CVE-2021-27760,0.01156,0.60033
CVE-2021-27761,0.00885,0.26162
CVE-2021-27762,0.00885,0.26162
CVE-2021-27764,0.00885,0.26162
CVE-2021-27765,0.00885,0.26162
CVE-2021-27766,0.00885,0.26162
CVE-2021-27767,0.00885,0.26162
CVE-2021-27768,0.00885,0.26162
CVE-2021-27769,0.00885,0.26162
CVE-2021-27770,0.00885,0.26162
CVE-2021-27771,0.00885,0.26162
CVE-2021-27772,0.00885,0.26162
CVE-2021-27773,0.00885,0.26162
CVE-2021-27777,0.00885,0.26162
CVE-2021-27778,0.00885,0.26162
CVE-2021-27779,0.00885,0.26162
CVE-2021-27780,0.00885,0.26162
CVE-2021-27781,0.00885,0.26162
CVE-2021-27783,0.00885,0.26162
CVE-2021-27785,0.00885,0.26162
CVE-2021-27786,0.00885,0.26162
CVE-2021-27789,0.00885,0.26162
CVE-2021-27790,0.01365,0.70715
CVE-2021-27791,0.00885,0.26162
CVE-2021-27792,0.0089,0.2856
CVE-2021-27793,0.00885,0.26162
CVE-2021-27794,0.00885,0.26162
CVE-2021-27796,0.00885,0.26162
CVE-2021-27797,0.00885,0.26162
CVE-2021-27798,0.00885,0.26162
CVE-2021-27799,0.01018,0.38792
CVE-2021-27803,0.02273,0.80589
CVE-2021-27804,0.01018,0.38792
CVE-2021-27807,0.05242,0.89216
CVE-2021-27811,0.00885,0.26162
CVE-2021-27815,0.01108,0.53389
CVE-2021-27817,0.01978,0.78447
CVE-2021-27821,0.0144,0.7265
CVE-2021-27822,0.00885,0.26162
CVE-2021-27823,0.00885,0.26162
CVE-2021-27828,0.00885,0.26162
CVE-2021-27836,0.01018,0.38792
CVE-2021-27839,0.00885,0.26162
CVE-2021-27845,0.00885,0.26162
CVE-2021-27847,0.00885,0.26162
CVE-2021-27851,0.00885,0.26162
CVE-2021-27852,0.01156,0.60033
CVE-2021-27855,0.01061,0.51015
CVE-2021-27856,0.00954,0.34522
CVE-2021-27857,0.01136,0.57949
CVE-2021-27858,0.01136,0.57949
CVE-2021-27859,0.01061,0.51015
CVE-2021-27860,0.01055,0.50287
CVE-2021-27876,0.00885,0.26162
CVE-2021-27877,0.00885,0.26162
CVE-2021-27878,0.00885,0.26162
CVE-2021-27884,0.00885,0.26162
CVE-2021-27885,0.00954,0.34522
CVE-2021-27886,0.02359,0.80663
CVE-2021-27887,0.00885,0.26162
CVE-2021-27888,0.00885,0.26162
CVE-2021-27889,0.00954,0.34522
CVE-2021-27890,0.00954,0.34522
CVE-2021-27891,0.00885,0.26162
CVE-2021-27892,0.00885,0.26162
CVE-2021-27893,0.00885,0.26162
CVE-2021-27899,0.01055,0.50287
CVE-2021-27900,0.00885,0.26162
CVE-2021-27901,0.00885,0.26162
CVE-2021-27902,0.00954,0.34522
CVE-2021-27903,0.05634,0.89764
CVE-2021-27904,0.00885,0.26162
CVE-2021-27906,0.05242,0.89216
CVE-2021-27907,0.00885,0.26162
CVE-2021-27908,0.00885,0.26162
CVE-2021-27909,0.00885,0.26162
CVE-2021-27910,0.00885,0.26162
CVE-2021-27911,0.00885,0.26162
CVE-2021-27912,0.00885,0.26162
CVE-2021-27913,0.00885,0.26162
CVE-2021-27914,0.00885,0.26162
CVE-2021-27918,0.00885,0.26162
CVE-2021-27919,0.01018,0.38792
CVE-2021-27921,0.01018,0.38792
CVE-2021-27922,0.01018,0.38792
CVE-2021-27923,0.01018,0.38792
CVE-2021-27924,0.00885,0.26162
CVE-2021-27925,0.00885,0.26162
CVE-2021-27927,0.00885,0.26162
CVE-2021-27930,0.00885,0.26162
CVE-2021-27931,0.00885,0.26162
CVE-2021-27933,0.00885,0.26162
CVE-2021-27935,0.00885,0.26162
CVE-2021-27938,0.00885,0.26162
CVE-2021-27940,0.00954,0.34522
CVE-2021-27941,0.00954,0.34522
CVE-2021-27942,0.01036,0.41241
CVE-2021-27943,0.00885,0.26162
CVE-2021-27944,0.01773,0.75668
CVE-2021-27945,0.00885,0.26162
CVE-2021-27946,0.00885,0.26162
CVE-2021-27947,0.00885,0.26162
CVE-2021-27948,0.00885,0.26162
CVE-2021-27949,0.00885,0.26162
CVE-2021-27950,0.0095,0.30554
CVE-2021-27952,0.00885,0.26162
CVE-2021-27953,0.00885,0.26162
CVE-2021-27954,0.00885,0.26162
CVE-2021-27956,0.0176,0.7531
CVE-2021-27962,0.01034,0.39824
CVE-2021-27969,0.00885,0.26162
CVE-2021-27971,0.00885,0.26162
CVE-2021-27973,0.00885,0.26162
CVE-2021-27983,0.01156,0.60033
CVE-2021-27984,0.01156,0.60033
CVE-2021-27989,0.00885,0.26162
CVE-2021-27990,0.00885,0.26162
CVE-2021-27999,0.00885,0.26162
CVE-2021-28000,0.01156,0.60033
CVE-2021-28001,0.01156,0.60033
CVE-2021-28002,0.01689,0.75137
CVE-2021-28006,0.00885,0.26162
CVE-2021-28007,0.00885,0.26162
CVE-2021-28021,0.01108,0.53389
CVE-2021-28022,0.00885,0.26162
CVE-2021-28023,0.00885,0.26162
CVE-2021-28024,0.00885,0.26162
CVE-2021-28026,0.01036,0.41241
CVE-2021-28027,0.00885,0.26162
CVE-2021-28028,0.00885,0.26162
CVE-2021-28029,0.00885,0.26162
CVE-2021-28030,0.00885,0.26162
CVE-2021-28031,0.00885,0.26162
CVE-2021-28032,0.00885,0.26162
CVE-2021-28033,0.00885,0.26162
CVE-2021-28034,0.00885,0.26162
CVE-2021-28035,0.00885,0.26162
CVE-2021-28036,0.00885,0.26162
CVE-2021-28037,0.00885,0.26162
CVE-2021-28038,0.0095,0.30554
CVE-2021-28039,0.0089,0.2856
CVE-2021-28040,0.00885,0.26162
CVE-2021-28041,0.01282,0.67298
CVE-2021-28042,0.01611,0.74874
CVE-2021-28047,0.01055,0.50287
CVE-2021-28048,0.01055,0.50287
CVE-2021-28053,0.01061,0.51015
CVE-2021-28054,0.01061,0.51015
CVE-2021-28055,0.00885,0.26162
CVE-2021-28060,0.01055,0.50287
CVE-2021-28070,0.00885,0.26162
CVE-2021-28075,0.00885,0.26162
CVE-2021-28079,0.00885,0.26162
CVE-2021-28088,0.01055,0.50287
CVE-2021-28089,0.01018,0.38792
CVE-2021-28090,0.01213,0.6557
CVE-2021-28091,0.01108,0.53389
CVE-2021-28092,0.01018,0.38792
CVE-2021-28093,0.00954,0.34522
CVE-2021-28094,0.00954,0.34522
CVE-2021-28095,0.00954,0.34522
CVE-2021-28096,0.00885,0.26162
CVE-2021-28098,0.00954,0.34522
CVE-2021-28099,0.00885,0.26162
CVE-2021-28100,0.00885,0.26162
CVE-2021-28109,0.00885,0.26162
CVE-2021-28110,0.00885,0.26162
CVE-2021-28111,0.04571,0.88388
CVE-2021-28112,0.01978,0.78447
CVE-2021-28113,0.02055,0.7893
CVE-2021-28114,0.0089,0.2856
CVE-2021-28115,0.00885,0.26162
CVE-2021-28116,0.07154,0.91917
CVE-2021-28117,0.01018,0.38792
CVE-2021-28119,0.01156,0.60033
CVE-2021-28121,0.00885,0.26162
CVE-2021-28122,0.01018,0.38792
CVE-2021-28123,0.00885,0.26162
CVE-2021-28124,0.00885,0.26162
CVE-2021-28125,0.00954,0.34522
CVE-2021-28126,0.00885,0.26162
CVE-2021-28127,0.00885,0.26162
CVE-2021-28128,0.0089,0.2856
CVE-2021-28129,0.01164,0.60046
CVE-2021-28130,0.00885,0.26162
CVE-2021-28131,0.01164,0.60046
CVE-2021-28132,0.01156,0.60033
CVE-2021-28133,0.01108,0.53389
CVE-2021-28134,0.05634,0.89764
CVE-2021-28135,0.01018,0.38792
CVE-2021-28136,0.01018,0.38792
CVE-2021-28139,0.01559,0.742
CVE-2021-28141,0.0144,0.7265
CVE-2021-28142,0.00885,0.26162
CVE-2021-28143,0.01005,0.35949
CVE-2021-28144,0.01132,0.54372
CVE-2021-28145,0.01055,0.50287
CVE-2021-28146,0.01034,0.39824
CVE-2021-28147,0.01104,0.52279
CVE-2021-28148,0.01183,0.60428
CVE-2021-28149,0.01055,0.50287
CVE-2021-28150,0.00885,0.26162
CVE-2021-28151,0.02055,0.7893
CVE-2021-28152,0.00885,0.26162
CVE-2021-28153,0.01108,0.53389
CVE-2021-28154,0.01055,0.50287
CVE-2021-28155,0.00885,0.26162
CVE-2021-28156,0.00954,0.34522
CVE-2021-28157,0.00885,0.26162
CVE-2021-28160,0.00885,0.26162
CVE-2021-28161,0.00885,0.26162
CVE-2021-28162,0.00885,0.26162
CVE-2021-28163,0.05269,0.893
CVE-2021-28164,0.02686,0.82061
CVE-2021-28165,0.15096,0.95691
CVE-2021-28166,0.00885,0.26162
CVE-2021-28167,0.00885,0.26162
CVE-2021-28168,0.01547,0.74085
CVE-2021-28169,0.02686,0.82061
CVE-2021-28170,0.00954,0.34522
CVE-2021-28171,0.00885,0.26162
CVE-2021-28172,0.01055,0.50287
CVE-2021-28173,0.01055,0.50287
CVE-2021-28174,0.01055,0.50287
CVE-2021-28175,0.01061,0.51015
CVE-2021-28176,0.01061,0.51015
CVE-2021-28177,0.01061,0.51015
CVE-2021-28178,0.01061,0.51015
CVE-2021-28179,0.01061,0.51015
CVE-2021-28180,0.01061,0.51015
CVE-2021-28181,0.01061,0.51015
CVE-2021-28182,0.01061,0.51015
CVE-2021-28183,0.01061,0.51015
CVE-2021-28184,0.01061,0.51015
CVE-2021-28185,0.01061,0.51015
CVE-2021-28186,0.01061,0.51015
CVE-2021-28187,0.01061,0.51015
CVE-2021-28188,0.01061,0.51015
CVE-2021-28189,0.01061,0.51015
CVE-2021-28190,0.01061,0.51015
CVE-2021-28191,0.01061,0.51015
CVE-2021-28192,0.01061,0.51015
CVE-2021-28193,0.01061,0.51015
CVE-2021-28194,0.01061,0.51015
CVE-2021-28195,0.01061,0.51015
CVE-2021-28196,0.01061,0.51015
CVE-2021-28197,0.01061,0.51015
CVE-2021-28198,0.01061,0.51015
CVE-2021-28199,0.01061,0.51015
CVE-2021-28200,0.01061,0.51015
CVE-2021-28201,0.01061,0.51015
CVE-2021-28202,0.01061,0.51015
CVE-2021-28203,0.01061,0.51015
CVE-2021-28204,0.01061,0.51015
CVE-2021-28205,0.01061,0.51015
CVE-2021-28206,0.01061,0.51015
CVE-2021-28207,0.01061,0.51015
CVE-2021-28208,0.01061,0.51015
CVE-2021-28209,0.01061,0.51015
CVE-2021-28210,0.00885,0.26162
CVE-2021-28211,0.00885,0.26162
CVE-2021-28213,0.00885,0.26162
CVE-2021-28216,0.00885,0.26162
CVE-2021-28233,0.00885,0.26162
CVE-2021-28236,0.00885,0.26162
CVE-2021-28237,0.00885,0.26162
CVE-2021-28242,0.01061,0.51015
CVE-2021-28245,0.00885,0.26162
CVE-2021-28246,0.00885,0.26162
CVE-2021-28247,0.01055,0.50287
CVE-2021-28248,0.00885,0.26162
CVE-2021-28249,0.00885,0.26162
CVE-2021-28250,0.00885,0.26162
CVE-2021-28269,0.0089,0.2856
CVE-2021-28271,0.0089,0.2856
CVE-2021-28275,0.00885,0.26162
CVE-2021-28276,0.00885,0.26162
CVE-2021-28277,0.00885,0.26162
CVE-2021-28278,0.00885,0.26162
CVE-2021-28280,0.01213,0.6557
CVE-2021-28290,0.00885,0.26162
CVE-2021-28293,0.00885,0.26162
CVE-2021-28294,0.01424,0.72364
CVE-2021-28295,0.00885,0.26162
CVE-2021-28300,0.01086,0.51674
CVE-2021-28302,0.00885,0.26162
CVE-2021-28305,0.00885,0.26162
CVE-2021-28306,0.00885,0.26162
CVE-2021-28307,0.00885,0.26162
CVE-2021-28308,0.00885,0.26162
CVE-2021-28309,0.0115,0.5906
CVE-2021-28310,0.0115,0.5906
CVE-2021-28311,0.02427,0.80786
CVE-2021-28312,0.02427,0.80786
CVE-2021-28313,0.01184,0.60433
CVE-2021-28314,0.0115,0.5906
CVE-2021-28315,0.01877,0.76393
CVE-2021-28316,0.02427,0.80786
CVE-2021-28317,0.0115,0.5906
CVE-2021-28318,0.0115,0.5906
CVE-2021-28319,0.02427,0.80786
CVE-2021-28320,0.0115,0.5906
CVE-2021-28321,0.01184,0.60433
CVE-2021-28322,0.01184,0.60433
CVE-2021-28323,0.01184,0.60433
CVE-2021-28324,0.02427,0.80786
CVE-2021-28325,0.0115,0.5906
CVE-2021-28326,0.01178,0.60108
CVE-2021-28327,0.01967,0.77799
CVE-2021-28328,0.0115,0.5906
CVE-2021-28329,0.01967,0.77799
CVE-2021-28330,0.01967,0.77799
CVE-2021-28331,0.01967,0.77799
CVE-2021-28332,0.01967,0.77799
CVE-2021-28333,0.01967,0.77799
CVE-2021-28334,0.01967,0.77799
CVE-2021-28335,0.01967,0.77799
CVE-2021-28336,0.01967,0.77799
CVE-2021-28337,0.01967,0.77799
CVE-2021-28338,0.01967,0.77799
CVE-2021-28339,0.01967,0.77799
CVE-2021-28340,0.01967,0.77799
CVE-2021-28341,0.01967,0.77799
CVE-2021-28342,0.01967,0.77799
CVE-2021-28343,0.01967,0.77799
CVE-2021-28344,0.01967,0.77799
CVE-2021-28345,0.01967,0.77799
CVE-2021-28346,0.01967,0.77799
CVE-2021-28347,0.0115,0.5906
CVE-2021-28348,0.01877,0.76393
CVE-2021-28349,0.01877,0.76393
CVE-2021-28350,0.01877,0.76393
CVE-2021-28351,0.0115,0.5906
CVE-2021-28352,0.01967,0.77799
CVE-2021-28353,0.01967,0.77799
CVE-2021-28354,0.01967,0.77799
CVE-2021-28355,0.01967,0.77799
CVE-2021-28356,0.01967,0.77799
CVE-2021-28357,0.01967,0.77799
CVE-2021-28358,0.01967,0.77799
CVE-2021-28359,0.00885,0.26162
CVE-2021-28361,0.00885,0.26162
CVE-2021-28362,0.00885,0.26162
CVE-2021-28363,0.01108,0.53389
CVE-2021-28372,0.00954,0.34522
CVE-2021-28373,0.00885,0.26162
CVE-2021-28374,0.00885,0.26162
CVE-2021-28375,0.01034,0.39824
CVE-2021-28376,0.00885,0.26162
CVE-2021-28377,0.00885,0.26162
CVE-2021-28378,0.0089,0.2856
CVE-2021-28379,0.00885,0.26162
CVE-2021-28380,0.00885,0.26162
CVE-2021-28381,0.00885,0.26162
CVE-2021-28382,0.00885,0.26162
CVE-2021-28399,0.00885,0.26162
CVE-2021-28417,0.01055,0.50287
CVE-2021-28418,0.01055,0.50287
CVE-2021-28419,0.00885,0.26162
CVE-2021-28420,0.01055,0.50287
CVE-2021-28423,0.01132,0.54372
CVE-2021-28424,0.01132,0.54372
CVE-2021-28428,0.00885,0.26162
CVE-2021-28434,0.01967,0.77799
CVE-2021-28435,0.0115,0.5906
CVE-2021-28436,0.0115,0.5906
CVE-2021-28437,0.0115,0.5906
CVE-2021-28438,0.0115,0.5906
CVE-2021-28439,0.02427,0.80786
CVE-2021-28440,0.0115,0.5906
CVE-2021-28441,0.0115,0.5906
CVE-2021-28442,0.0115,0.5906
CVE-2021-28443,0.0115,0.5906
CVE-2021-28444,0.0115,0.5906
CVE-2021-28445,0.01967,0.77799
CVE-2021-28446,0.0115,0.5906
CVE-2021-28447,0.01178,0.60108
CVE-2021-28448,0.01648,0.74957
CVE-2021-28449,0.01648,0.74957
CVE-2021-28450,0.0115,0.5906
CVE-2021-28451,0.01648,0.74957
CVE-2021-28452,0.02442,0.80839
CVE-2021-28453,0.04475,0.87758
CVE-2021-28454,0.04475,0.87758
CVE-2021-28455,0.01967,0.77799
CVE-2021-28456,0.02427,0.80786
CVE-2021-28457,0.01648,0.74957
CVE-2021-28458,0.02427,0.80786
CVE-2021-28459,0.03678,0.84271
CVE-2021-28460,0.00902,0.28567
CVE-2021-28461,0.0115,0.5906
CVE-2021-28464,0.01648,0.74957
CVE-2021-28465,0.14306,0.95614
CVE-2021-28466,0.01648,0.74957
CVE-2021-28468,0.04475,0.87758
CVE-2021-28469,0.01648,0.74957
CVE-2021-28470,0.01648,0.74957
CVE-2021-28471,0.01648,0.74957
CVE-2021-28472,0.01648,0.74957
CVE-2021-28473,0.01648,0.74957
CVE-2021-28474,0.0455,0.88298
CVE-2021-28475,0.01648,0.74957
CVE-2021-28477,0.01648,0.74957
CVE-2021-28478,0.02427,0.80786
CVE-2021-28479,0.0115,0.5906
CVE-2021-28484,0.00954,0.34522
CVE-2021-28488,0.0089,0.2856
CVE-2021-28490,0.00885,0.26162
CVE-2021-28492,0.00885,0.26162
CVE-2021-28493,0.00885,0.26162
CVE-2021-28494,0.00885,0.26162
CVE-2021-28495,0.00885,0.26162
CVE-2021-28496,0.00885,0.26162
CVE-2021-28497,0.00885,0.26162
CVE-2021-28498,0.00885,0.26162
CVE-2021-28499,0.00885,0.26162
CVE-2021-28500,0.00885,0.26162
CVE-2021-28501,0.00885,0.26162
CVE-2021-28503,0.01055,0.50287
CVE-2021-28504,0.00885,0.26162
CVE-2021-28505,0.00885,0.26162
CVE-2021-28506,0.00885,0.26162
CVE-2021-28507,0.00885,0.26162
CVE-2021-28508,0.00885,0.26162
CVE-2021-28509,0.00885,0.26162
CVE-2021-28511,0.00885,0.26162
CVE-2021-28543,0.01055,0.50287
CVE-2021-28544,0.01627,0.74906
CVE-2021-28545,0.01046,0.41635
CVE-2021-28546,0.01046,0.41635
CVE-2021-28547,0.01046,0.41635
CVE-2021-28548,0.01223,0.65839
CVE-2021-28549,0.01223,0.65839
CVE-2021-28550,0.01282,0.66661
CVE-2021-28551,0.01223,0.65839
CVE-2021-28552,0.01223,0.65839
CVE-2021-28553,0.01282,0.66661
CVE-2021-28554,0.01223,0.65839
CVE-2021-28555,0.01046,0.41635
CVE-2021-28556,0.01086,0.51674
CVE-2021-28557,0.01046,0.41635
CVE-2021-28558,0.01282,0.66661
CVE-2021-28559,0.01046,0.41635
CVE-2021-28560,0.01282,0.66661
CVE-2021-28561,0.01282,0.66661
CVE-2021-28562,0.01282,0.66661
CVE-2021-28563,0.00885,0.26162
CVE-2021-28564,0.01282,0.66661
CVE-2021-28565,0.01282,0.66661
CVE-2021-28566,0.00885,0.26162
CVE-2021-28567,0.00885,0.26162
CVE-2021-28568,0.01046,0.41635
CVE-2021-28569,0.01046,0.41635
CVE-2021-28570,0.01046,0.41635
CVE-2021-28571,0.01282,0.66661
CVE-2021-28573,0.01046,0.41635
CVE-2021-28574,0.01046,0.41635
CVE-2021-28575,0.01046,0.41635
CVE-2021-28576,0.01046,0.41635
CVE-2021-28579,0.01046,0.41635
CVE-2021-28580,0.01103,0.51945
CVE-2021-28581,0.01046,0.41635
CVE-2021-28583,0.00885,0.26162
CVE-2021-28584,0.00885,0.26162
CVE-2021-28585,0.00885,0.26162
CVE-2021-28586,0.01223,0.65839
CVE-2021-28587,0.01046,0.41635
CVE-2021-28588,0.01282,0.66661
CVE-2021-28589,0.01223,0.65839
CVE-2021-28590,0.01223,0.65839
CVE-2021-28591,0.01223,0.65839
CVE-2021-28592,0.01223,0.65839
CVE-2021-28593,0.01046,0.41635
CVE-2021-28594,0.01223,0.65839
CVE-2021-28595,0.01223,0.65839
CVE-2021-28596,0.01223,0.65839
CVE-2021-28597,0.01046,0.41635
CVE-2021-28600,0.01046,0.41635
CVE-2021-28601,0.01046,0.41635
CVE-2021-28602,0.01223,0.65839
CVE-2021-28603,0.01223,0.65839
CVE-2021-28604,0.01223,0.65839
CVE-2021-28605,0.01223,0.65839
CVE-2021-28606,0.01223,0.65839
CVE-2021-28607,0.01223,0.65839
CVE-2021-28608,0.01223,0.65839
CVE-2021-28609,0.01046,0.41635
CVE-2021-28610,0.01223,0.65839
CVE-2021-28611,0.01046,0.41635
CVE-2021-28612,0.01046,0.41635
CVE-2021-28613,0.01046,0.41635
CVE-2021-28614,0.01046,0.41635
CVE-2021-28615,0.01046,0.41635
CVE-2021-28616,0.01046,0.41635
CVE-2021-28617,0.01046,0.41635
CVE-2021-28618,0.01046,0.41635
CVE-2021-28619,0.01046,0.41635
CVE-2021-28620,0.01223,0.65839
CVE-2021-28621,0.01223,0.65839
CVE-2021-28622,0.01223,0.65839
CVE-2021-28623,0.01046,0.41635
CVE-2021-28624,0.01223,0.65839
CVE-2021-28625,0.01046,0.41635
CVE-2021-28626,0.01046,0.41635
CVE-2021-28627,0.01046,0.41635
CVE-2021-28628,0.01046,0.41635
CVE-2021-28629,0.01223,0.65839
CVE-2021-28630,0.01046,0.41635
CVE-2021-28631,0.01223,0.65839
CVE-2021-28632,0.01223,0.65839
CVE-2021-28633,0.01046,0.41635
CVE-2021-28634,0.01223,0.65839
CVE-2021-28635,0.01223,0.65839
CVE-2021-28636,0.01223,0.65839
CVE-2021-28637,0.01046,0.41635
CVE-2021-28638,0.01223,0.65839
CVE-2021-28639,0.01223,0.65839
CVE-2021-28640,0.01223,0.65839
CVE-2021-28641,0.01223,0.65839
CVE-2021-28642,0.01223,0.65839
CVE-2021-28643,0.01046,0.41635
CVE-2021-28645,0.0089,0.2856
CVE-2021-28646,0.00885,0.26162
CVE-2021-28647,0.00885,0.26162
CVE-2021-28648,0.00885,0.26162
CVE-2021-28649,0.00885,0.26162
CVE-2021-28650,0.0089,0.2856
CVE-2021-28651,0.01108,0.53389
CVE-2021-28652,0.01034,0.39824
CVE-2021-28653,0.00885,0.26162
CVE-2021-28657,0.01246,0.66436
CVE-2021-28658,0.01108,0.53389
CVE-2021-28660,0.0095,0.30554
CVE-2021-28661,0.00885,0.26162
CVE-2021-28662,0.01108,0.53389
CVE-2021-28664,0.00885,0.26162
CVE-2021-28665,0.00885,0.26162
CVE-2021-28667,0.00885,0.26162
CVE-2021-28668,0.00885,0.26162
CVE-2021-28669,0.00885,0.26162
CVE-2021-28670,0.00885,0.26162
CVE-2021-28671,0.01156,0.60033
CVE-2021-28672,0.01156,0.60033
CVE-2021-28673,0.01055,0.50287
CVE-2021-28674,0.00885,0.26162
CVE-2021-28675,0.00954,0.34522
CVE-2021-28676,0.01018,0.38792
CVE-2021-28677,0.01018,0.38792
CVE-2021-28678,0.01018,0.38792
CVE-2021-28680,0.00885,0.26162
CVE-2021-28681,0.00885,0.26162
CVE-2021-28682,0.00954,0.34522
CVE-2021-28683,0.00954,0.34522
CVE-2021-28684,0.00885,0.26162
CVE-2021-28685,0.00885,0.26162
CVE-2021-28686,0.00885,0.26162
CVE-2021-28687,0.00885,0.26162
CVE-2021-28688,0.0089,0.2856
CVE-2021-28689,0.01036,0.41241
CVE-2021-28690,0.00885,0.26162
CVE-2021-28691,0.0089,0.2856
CVE-2021-28692,0.00885,0.26162
CVE-2021-28693,0.00885,0.26162
CVE-2021-28694,0.01537,0.73595
CVE-2021-28695,0.01537,0.73595
CVE-2021-28696,0.01537,0.73595
CVE-2021-28697,0.01034,0.39824
CVE-2021-28698,0.01034,0.39824
CVE-2021-28699,0.01034,0.39824
CVE-2021-28700,0.01034,0.39824
CVE-2021-28701,0.01104,0.52279
CVE-2021-28702,0.01108,0.53389
CVE-2021-28703,0.00885,0.26162
CVE-2021-28704,0.0095,0.30554
CVE-2021-28705,0.0095,0.30554
CVE-2021-28706,0.01018,0.38792
CVE-2021-28707,0.0095,0.30554
CVE-2021-28708,0.0095,0.30554
CVE-2021-28709,0.0095,0.30554
CVE-2021-28710,0.0089,0.2856
CVE-2021-28711,0.0095,0.30554
CVE-2021-28712,0.0095,0.30554
CVE-2021-28713,0.0095,0.30554
CVE-2021-28714,0.0095,0.30554
CVE-2021-28715,0.0095,0.30554
CVE-2021-28789,0.01611,0.74874
CVE-2021-28790,0.01611,0.74874
CVE-2021-28791,0.01611,0.74874
CVE-2021-28792,0.01611,0.74874
CVE-2021-28793,0.01018,0.38792
CVE-2021-28794,0.00954,0.34522
CVE-2021-28796,0.00885,0.26162
CVE-2021-28797,0.01086,0.51674
CVE-2021-28798,0.00885,0.26162
CVE-2021-28799,0.01055,0.50287
CVE-2021-28800,0.02055,0.7893
CVE-2021-28801,0.00885,0.26162
CVE-2021-28802,0.02055,0.7893
CVE-2021-28803,0.00885,0.26162
CVE-2021-28804,0.02055,0.7893
CVE-2021-28805,0.00885,0.26162
CVE-2021-28806,0.00885,0.26162
CVE-2021-28807,0.01061,0.51015
CVE-2021-28809,0.00885,0.26162
CVE-2021-28810,0.00885,0.26162
CVE-2021-28811,0.01055,0.50287
CVE-2021-28812,0.01055,0.50287
CVE-2021-28813,0.01055,0.50287
CVE-2021-28814,0.01055,0.50287
CVE-2021-28815,0.01055,0.50287
CVE-2021-28816,0.01086,0.51674
CVE-2021-28817,0.00885,0.26162
CVE-2021-28818,0.00885,0.26162
CVE-2021-28819,0.00885,0.26162
CVE-2021-28820,0.00885,0.26162
CVE-2021-28821,0.00885,0.26162
CVE-2021-28822,0.00885,0.26162
CVE-2021-28823,0.00885,0.26162
CVE-2021-28824,0.00885,0.26162
CVE-2021-28825,0.00885,0.26162
CVE-2021-28826,0.00885,0.26162
CVE-2021-28827,0.00885,0.26162
CVE-2021-28828,0.00885,0.26162
CVE-2021-28829,0.00885,0.26162
CVE-2021-28830,0.00885,0.26162
CVE-2021-28831,0.01108,0.53389
CVE-2021-28832,0.01559,0.742
CVE-2021-28833,0.00885,0.26162
CVE-2021-28834,0.01108,0.53389
CVE-2021-28838,0.00954,0.34522
CVE-2021-28839,0.00954,0.34522
CVE-2021-28840,0.00954,0.34522
CVE-2021-28841,0.00885,0.26162
CVE-2021-28842,0.00885,0.26162
CVE-2021-28843,0.00885,0.26162
CVE-2021-28844,0.00885,0.26162
CVE-2021-28845,0.00885,0.26162
CVE-2021-28846,0.00885,0.26162
CVE-2021-28847,0.00885,0.26162
CVE-2021-28848,0.00954,0.34522
CVE-2021-28855,0.00885,0.26162
CVE-2021-28856,0.00885,0.26162
CVE-2021-28857,0.00885,0.26162
CVE-2021-28858,0.00885,0.26162
CVE-2021-28860,0.01108,0.53389
CVE-2021-28861,0.00954,0.34522
CVE-2021-28874,0.00954,0.34522
CVE-2021-28875,0.00885,0.26162
CVE-2021-28876,0.01018,0.38792
CVE-2021-28877,0.00885,0.26162
CVE-2021-28878,0.01018,0.38792
CVE-2021-28879,0.01018,0.38792
CVE-2021-28890,0.01055,0.50287
CVE-2021-28899,0.00885,0.26162
CVE-2021-28901,0.01055,0.50287
CVE-2021-28902,0.00885,0.26162
CVE-2021-28903,0.00885,0.26162
CVE-2021-28904,0.00885,0.26162
CVE-2021-28905,0.00885,0.26162
CVE-2021-28906,0.00885,0.26162
CVE-2021-28909,0.00885,0.26162
CVE-2021-28910,0.00885,0.26162
CVE-2021-28911,0.00885,0.26162
CVE-2021-28912,0.00885,0.26162
CVE-2021-28913,0.00885,0.26162
CVE-2021-28914,0.00885,0.26162
CVE-2021-28918,0.01319,0.70416
CVE-2021-28924,0.00885,0.26162
CVE-2021-28925,0.00885,0.26162
CVE-2021-28927,0.01365,0.70715
CVE-2021-28931,0.00885,0.26162
CVE-2021-28935,0.00885,0.26162
CVE-2021-28936,0.00954,0.34522
CVE-2021-28938,0.01086,0.51674
CVE-2021-28940,0.00954,0.34522
CVE-2021-28941,0.00885,0.26162
CVE-2021-28950,0.01034,0.39824
CVE-2021-28951,0.0095,0.30554
CVE-2021-28952,0.01034,0.39824
CVE-2021-28953,0.00954,0.34522
CVE-2021-28954,0.00885,0.26162
CVE-2021-28955,0.00885,0.26162
CVE-2021-28956,0.01018,0.38792
CVE-2021-28957,0.01955,0.77585
CVE-2021-28958,0.05634,0.89764
CVE-2021-28959,0.01978,0.78447
CVE-2021-28960,0.02055,0.7893
CVE-2021-28961,0.01055,0.50287
CVE-2021-28962,0.0089,0.2856
CVE-2021-28963,0.01018,0.38792
CVE-2021-28964,0.01034,0.39824
CVE-2021-28965,0.00954,0.34522
CVE-2021-28966,0.01055,0.50287
CVE-2021-28967,0.12696,0.95337
CVE-2021-28968,0.00885,0.26162
CVE-2021-28969,0.01055,0.50287
CVE-2021-28970,0.01055,0.50287
CVE-2021-28971,0.01034,0.39824
CVE-2021-28972,0.0095,0.30554
CVE-2021-28973,0.00885,0.26162
CVE-2021-28975,0.00885,0.26162
CVE-2021-28976,0.01156,0.60033
CVE-2021-28977,0.00885,0.26162
CVE-2021-28979,0.01136,0.57949
CVE-2021-28993,0.00885,0.26162
CVE-2021-28994,0.00954,0.34522
CVE-2021-29002,0.00885,0.26162
CVE-2021-29003,0.01978,0.78447
CVE-2021-29004,0.0095,0.30554
CVE-2021-29005,0.00885,0.26162
CVE-2021-29006,0.00885,0.26162
CVE-2021-29008,0.01055,0.50287
CVE-2021-29009,0.01055,0.50287
CVE-2021-29010,0.01055,0.50287
CVE-2021-29011,0.00954,0.34522
CVE-2021-29012,0.00954,0.34522
CVE-2021-29022,0.00885,0.26162
CVE-2021-29023,0.00885,0.26162
CVE-2021-29024,0.00885,0.26162
CVE-2021-29025,0.01055,0.50287
CVE-2021-29026,0.01055,0.50287
CVE-2021-29027,0.01055,0.50287
CVE-2021-29028,0.01055,0.50287
CVE-2021-29029,0.01055,0.50287
CVE-2021-29030,0.01055,0.50287
CVE-2021-29031,0.01055,0.50287
CVE-2021-29032,0.01055,0.50287
CVE-2021-29033,0.01055,0.50287
CVE-2021-29039,0.01055,0.50287
CVE-2021-29040,0.01055,0.50287
CVE-2021-29041,0.01055,0.50287
CVE-2021-29043,0.00885,0.26162
CVE-2021-29044,0.01055,0.50287
CVE-2021-29045,0.01055,0.50287
CVE-2021-29046,0.01055,0.50287
CVE-2021-29047,0.01055,0.50287
CVE-2021-29048,0.01055,0.50287
CVE-2021-29049,0.01055,0.50287
CVE-2021-29051,0.01055,0.50287
CVE-2021-29052,0.01055,0.50287
CVE-2021-29053,0.01055,0.50287
CVE-2021-29054,0.00954,0.34522
CVE-2021-29055,0.00885,0.26162
CVE-2021-29056,0.00885,0.26162
CVE-2021-29059,0.01018,0.38792
CVE-2021-29060,0.01018,0.38792
CVE-2021-29061,0.01018,0.38792
CVE-2021-29063,0.01183,0.60428
CVE-2021-29065,0.00885,0.26162
CVE-2021-29066,0.00885,0.26162
CVE-2021-29067,0.00885,0.26162
CVE-2021-29068,0.00885,0.26162
CVE-2021-29069,0.01005,0.35949
CVE-2021-29070,0.01005,0.35949
CVE-2021-29071,0.01005,0.35949
CVE-2021-29072,0.01005,0.35949
CVE-2021-29073,0.00885,0.26162
CVE-2021-29074,0.00885,0.26162
CVE-2021-29075,0.00885,0.26162
CVE-2021-29076,0.01005,0.35949
CVE-2021-29077,0.01005,0.35949
CVE-2021-29078,0.01005,0.35949
CVE-2021-29079,0.01005,0.35949
CVE-2021-29080,0.00885,0.26162
CVE-2021-29081,0.00885,0.26162
CVE-2021-29082,0.00885,0.26162
CVE-2021-29083,0.01156,0.60033
CVE-2021-29084,0.01055,0.50287
CVE-2021-29085,0.01055,0.50287
CVE-2021-29086,0.01055,0.50287
CVE-2021-29087,0.01055,0.50287
CVE-2021-29088,0.01036,0.41241
CVE-2021-29089,0.01055,0.50287
CVE-2021-29090,0.01055,0.50287
CVE-2021-29091,0.01055,0.50287
CVE-2021-29092,0.01156,0.60033
CVE-2021-29093,0.01086,0.51674
CVE-2021-29094,0.01086,0.51674
CVE-2021-29095,0.01086,0.51674
CVE-2021-29096,0.01005,0.36332
CVE-2021-29097,0.02378,0.80704
CVE-2021-29098,0.01559,0.742
CVE-2021-29099,0.00885,0.26162
CVE-2021-29100,0.01036,0.41241
CVE-2021-29101,0.01055,0.50287
CVE-2021-29102,0.01055,0.50287
CVE-2021-29103,0.01055,0.50287
CVE-2021-29104,0.01055,0.50287
CVE-2021-29105,0.01055,0.50287
CVE-2021-29106,0.01055,0.50287
CVE-2021-29107,0.01055,0.50287
CVE-2021-29108,0.01055,0.50287
CVE-2021-29109,0.01055,0.50287
CVE-2021-29110,0.01055,0.50287
CVE-2021-29112,0.00885,0.26162
CVE-2021-29113,0.01055,0.50287
CVE-2021-29114,0.01055,0.50287
CVE-2021-29115,0.01055,0.50287
CVE-2021-29116,0.01055,0.50287
CVE-2021-29117,0.01036,0.41241
CVE-2021-29118,0.00885,0.26162
CVE-2021-29133,0.01858,0.76249
CVE-2021-29134,0.00885,0.26162
CVE-2021-29136,0.0089,0.2856
CVE-2021-29137,0.01055,0.50287
CVE-2021-29138,0.01055,0.50287
CVE-2021-29139,0.00885,0.26162
CVE-2021-29140,0.01055,0.50287
CVE-2021-29141,0.01055,0.50287
CVE-2021-29142,0.00885,0.26162
CVE-2021-29143,0.01156,0.60033
CVE-2021-29144,0.01055,0.50287
CVE-2021-29145,0.01156,0.60033
CVE-2021-29146,0.00885,0.26162
CVE-2021-29147,0.01156,0.60033
CVE-2021-29148,0.00885,0.26162
CVE-2021-29149,0.00885,0.26162
CVE-2021-29150,0.00885,0.26162
CVE-2021-29151,0.01055,0.50287
CVE-2021-29152,0.01055,0.50287
CVE-2021-29154,0.01606,0.74722
CVE-2021-29155,0.01034,0.39824
CVE-2021-29157,0.0095,0.30554
CVE-2021-29158,0.00885,0.26162
CVE-2021-29159,0.00885,0.26162
CVE-2021-29200,0.01859,0.7626
CVE-2021-29201,0.01055,0.50287
CVE-2021-29202,0.00885,0.26162
CVE-2021-29203,0.02795,0.8224
CVE-2021-29204,0.01055,0.50287
CVE-2021-29205,0.01055,0.50287
CVE-2021-29206,0.01055,0.50287
CVE-2021-29207,0.01055,0.50287
CVE-2021-29208,0.00885,0.26162
CVE-2021-29209,0.00885,0.26162
CVE-2021-29210,0.00885,0.26162
CVE-2021-29211,0.01055,0.50287
CVE-2021-29212,0.00885,0.26162
CVE-2021-29213,0.00885,0.26162
CVE-2021-29214,0.00885,0.26162
CVE-2021-29215,0.00885,0.26162
CVE-2021-29216,0.00885,0.26162
CVE-2021-29217,0.01055,0.50287
CVE-2021-29218,0.00885,0.26162
CVE-2021-29219,0.00885,0.26162
CVE-2021-29220,0.01293,0.6731
CVE-2021-29221,0.01005,0.36332
CVE-2021-29238,0.00954,0.34522
CVE-2021-29239,0.0089,0.2856
CVE-2021-29240,0.00954,0.34522
CVE-2021-29241,0.00954,0.34522
CVE-2021-29242,0.00954,0.34522
CVE-2021-29243,0.00885,0.26162
CVE-2021-29245,0.00885,0.26162
CVE-2021-29246,0.01005,0.36332
CVE-2021-29247,0.01055,0.50287
CVE-2021-29248,0.01055,0.50287
CVE-2021-29249,0.00885,0.26162
CVE-2021-29250,0.00885,0.26162
CVE-2021-29251,0.00885,0.26162
CVE-2021-29252,0.01689,0.75137
CVE-2021-29253,0.00885,0.26162
CVE-2021-29255,0.00885,0.26162
CVE-2021-29256,0.00885,0.26162
CVE-2021-29258,0.01018,0.38792
CVE-2021-29261,0.01559,0.742
CVE-2021-29262,0.03032,0.82851
CVE-2021-29263,0.01005,0.36332
CVE-2021-29264,0.0089,0.2856
CVE-2021-29265,0.0089,0.2856
CVE-2021-29266,0.0089,0.2856
CVE-2021-29271,0.00885,0.26162
CVE-2021-29272,0.00885,0.26162
CVE-2021-29274,0.00885,0.26162
CVE-2021-29279,0.00885,0.26162
CVE-2021-29280,0.00885,0.26162
CVE-2021-29281,0.01018,0.38792
CVE-2021-29294,0.00885,0.26162
CVE-2021-29295,0.00885,0.26162
CVE-2021-29296,0.00885,0.26162
CVE-2021-29297,0.00885,0.26162
CVE-2021-29298,0.00885,0.26162
CVE-2021-29300,0.01055,0.50287
CVE-2021-29302,0.05634,0.89764
CVE-2021-29313,0.00885,0.26162
CVE-2021-29323,0.00885,0.26162
CVE-2021-29324,0.00885,0.26162
CVE-2021-29325,0.00885,0.26162
CVE-2021-29326,0.00885,0.26162
CVE-2021-29327,0.00885,0.26162
CVE-2021-29328,0.00885,0.26162
CVE-2021-29329,0.00885,0.26162
CVE-2021-29338,0.01213,0.6557
CVE-2021-29343,0.00885,0.26162
CVE-2021-29349,0.01055,0.50287
CVE-2021-29350,0.01055,0.50287
CVE-2021-29357,0.00885,0.26162
CVE-2021-29358,0.00885,0.26162
CVE-2021-29360,0.01036,0.41241
CVE-2021-29361,0.01036,0.41241
CVE-2021-29362,0.01036,0.41241
CVE-2021-29363,0.01036,0.41241
CVE-2021-29364,0.01036,0.41241
CVE-2021-29365,0.00885,0.26162
CVE-2021-29366,0.01036,0.41241
CVE-2021-29367,0.01036,0.41241
CVE-2021-29369,0.0144,0.7265
CVE-2021-29370,0.00885,0.26162
CVE-2021-29376,0.01213,0.6557
CVE-2021-29377,0.01338,0.70562
CVE-2021-29379,0.01083,0.51019
CVE-2021-29387,0.01055,0.50287
CVE-2021-29388,0.00885,0.26162
CVE-2021-29393,0.01978,0.78447
CVE-2021-29394,0.01055,0.50287
CVE-2021-29395,0.01055,0.50287
CVE-2021-29396,0.01055,0.50287
CVE-2021-29397,0.01055,0.50287
CVE-2021-29398,0.01055,0.50287
CVE-2021-29399,0.00954,0.34522
CVE-2021-29400,0.01055,0.50287
CVE-2021-29414,0.00954,0.34522
CVE-2021-29415,0.0089,0.2856
CVE-2021-29416,0.00885,0.26162
CVE-2021-29417,0.05634,0.89764
CVE-2021-29418,0.00954,0.34522
CVE-2021-29421,0.00954,0.34522
CVE-2021-29424,0.01108,0.53389
CVE-2021-29425,0.07767,0.92799
CVE-2021-29427,0.00885,0.26162
CVE-2021-29428,0.0095,0.30554
CVE-2021-29429,0.00885,0.26162
CVE-2021-29430,0.01108,0.53389
CVE-2021-29431,0.01034,0.39824
CVE-2021-29432,0.0095,0.30554
CVE-2021-29433,0.00885,0.26162
CVE-2021-29434,0.00885,0.26162
CVE-2021-29435,0.00954,0.34522
CVE-2021-29436,0.00954,0.34522
CVE-2021-29437,0.00885,0.26162
CVE-2021-29438,0.00885,0.26162
CVE-2021-29439,0.0144,0.7265
CVE-2021-29442,0.00954,0.34522
CVE-2021-29443,0.00885,0.26162
CVE-2021-29444,0.00885,0.26162
CVE-2021-29445,0.00885,0.26162
CVE-2021-29446,0.00885,0.26162
CVE-2021-29448,0.00885,0.26162
CVE-2021-29449,0.05227,0.89151
CVE-2021-29450,0.0095,0.30554
CVE-2021-29451,0.00954,0.34522
CVE-2021-29452,0.00885,0.26162
CVE-2021-29453,0.0089,0.2856
CVE-2021-29454,0.01104,0.52279
CVE-2021-29455,0.00954,0.34522
CVE-2021-29456,0.00885,0.26162
CVE-2021-29457,0.01719,0.75183
CVE-2021-29458,0.01018,0.38792
CVE-2021-29459,0.00885,0.26162
CVE-2021-29460,0.0089,0.2856
CVE-2021-29461,0.01156,0.60033
CVE-2021-29462,0.00885,0.26162
CVE-2021-29463,0.01018,0.38792
CVE-2021-29464,0.01559,0.742
CVE-2021-29465,0.01156,0.60033
CVE-2021-29466,0.01055,0.50287
CVE-2021-29467,0.00885,0.26162
CVE-2021-29468,0.01018,0.38792
CVE-2021-29469,0.01018,0.38792
CVE-2021-29470,0.01108,0.53389
CVE-2021-29471,0.01018,0.38792
CVE-2021-29472,0.05471,0.89498
CVE-2021-29473,0.01537,0.73595
CVE-2021-29474,0.00885,0.26162
CVE-2021-29475,0.00885,0.26162
CVE-2021-29476,0.00885,0.26162
CVE-2021-29477,0.05471,0.89498
CVE-2021-29478,0.04571,0.88388
CVE-2021-29479,0.00885,0.26162
CVE-2021-29480,0.00885,0.26162
CVE-2021-29481,0.00885,0.26162
CVE-2021-29482,0.00885,0.26162
CVE-2021-29483,0.00954,0.34522
CVE-2021-29484,0.01018,0.38792
CVE-2021-29485,0.01978,0.78447
CVE-2021-29486,0.01018,0.38792
CVE-2021-29487,0.00954,0.34522
CVE-2021-29488,0.00885,0.26162
CVE-2021-29489,0.0144,0.7265
CVE-2021-29492,0.01055,0.50287
CVE-2021-29493,0.00885,0.26162
CVE-2021-29495,0.00885,0.26162
CVE-2021-29499,0.00885,0.26162
CVE-2021-29500,0.00885,0.26162
CVE-2021-29501,0.00885,0.26162
CVE-2021-29502,0.00885,0.26162
CVE-2021-29503,0.00954,0.34522
CVE-2021-29504,0.01319,0.70416
CVE-2021-29505,0.02186,0.8012
CVE-2021-29506,0.0089,0.2856
CVE-2021-29507,0.00885,0.26162
CVE-2021-29508,0.00885,0.26162
CVE-2021-29509,0.01108,0.53389
CVE-2021-29510,0.01018,0.38792
CVE-2021-29511,0.0089,0.2856
CVE-2021-29512,0.00885,0.26162
CVE-2021-29513,0.00885,0.26162
CVE-2021-29514,0.00885,0.26162
CVE-2021-29515,0.00885,0.26162
CVE-2021-29516,0.00885,0.26162
CVE-2021-29517,0.00885,0.26162
CVE-2021-29518,0.00885,0.26162
CVE-2021-29519,0.00885,0.26162
CVE-2021-29520,0.00885,0.26162
CVE-2021-29521,0.00885,0.26162
CVE-2021-29522,0.00885,0.26162
CVE-2021-29523,0.00885,0.26162
CVE-2021-29524,0.00885,0.26162
CVE-2021-29525,0.00885,0.26162
CVE-2021-29526,0.00885,0.26162
CVE-2021-29527,0.00885,0.26162
CVE-2021-29528,0.00885,0.26162
CVE-2021-29529,0.00885,0.26162
CVE-2021-29530,0.01005,0.36332
CVE-2021-29531,0.00885,0.26162
CVE-2021-29532,0.00885,0.26162
CVE-2021-29533,0.01005,0.36332
CVE-2021-29534,0.00885,0.26162
CVE-2021-29535,0.00885,0.26162
CVE-2021-29536,0.00885,0.26162
CVE-2021-29537,0.00885,0.26162
CVE-2021-29538,0.00885,0.26162
CVE-2021-29539,0.00885,0.26162
CVE-2021-29540,0.00885,0.26162
CVE-2021-29541,0.00885,0.26162
CVE-2021-29542,0.00885,0.26162
CVE-2021-29543,0.00885,0.26162
CVE-2021-29544,0.00885,0.26162
CVE-2021-29545,0.00885,0.26162
CVE-2021-29546,0.00885,0.26162
CVE-2021-29547,0.00885,0.26162
CVE-2021-29548,0.00885,0.26162
CVE-2021-29549,0.00885,0.26162
CVE-2021-29550,0.00885,0.26162
CVE-2021-29551,0.01005,0.36332
CVE-2021-29552,0.00885,0.26162
CVE-2021-29553,0.00885,0.26162
CVE-2021-29554,0.00885,0.26162
CVE-2021-29555,0.00885,0.26162
CVE-2021-29556,0.00885,0.26162
CVE-2021-29557,0.00885,0.26162
CVE-2021-29558,0.00885,0.26162
CVE-2021-29559,0.00885,0.26162
CVE-2021-29560,0.00885,0.26162
CVE-2021-29561,0.00885,0.26162
CVE-2021-29562,0.00885,0.26162
CVE-2021-29563,0.00885,0.26162
CVE-2021-29564,0.00885,0.26162
CVE-2021-29565,0.00885,0.26162
CVE-2021-29566,0.00885,0.26162
CVE-2021-29567,0.00885,0.26162
CVE-2021-29568,0.00885,0.26162
CVE-2021-29569,0.00885,0.26162
CVE-2021-29570,0.00885,0.26162
CVE-2021-29571,0.01005,0.36332
CVE-2021-29572,0.00885,0.26162
CVE-2021-29573,0.00885,0.26162
CVE-2021-29574,0.00885,0.26162
CVE-2021-29575,0.00885,0.26162
CVE-2021-29576,0.00885,0.26162
CVE-2021-29577,0.00885,0.26162
CVE-2021-29578,0.00885,0.26162
CVE-2021-29579,0.00885,0.26162
CVE-2021-29580,0.00885,0.26162
CVE-2021-29581,0.00885,0.26162
CVE-2021-29582,0.00885,0.26162
CVE-2021-29583,0.00885,0.26162
CVE-2021-29584,0.00885,0.26162
CVE-2021-29585,0.00885,0.26162
CVE-2021-29586,0.00885,0.26162
CVE-2021-29587,0.00885,0.26162
CVE-2021-29588,0.00885,0.26162
CVE-2021-29589,0.00885,0.26162
CVE-2021-29590,0.00885,0.26162
CVE-2021-29591,0.0089,0.2856
CVE-2021-29592,0.00885,0.26162
CVE-2021-29593,0.00885,0.26162
CVE-2021-29594,0.00885,0.26162
CVE-2021-29595,0.00885,0.26162
CVE-2021-29596,0.00885,0.26162
CVE-2021-29597,0.00885,0.26162
CVE-2021-29598,0.00885,0.26162
CVE-2021-29599,0.00885,0.26162
CVE-2021-29600,0.00885,0.26162
CVE-2021-29601,0.00885,0.26162
CVE-2021-29602,0.00885,0.26162
CVE-2021-29603,0.00885,0.26162
CVE-2021-29604,0.00885,0.26162
CVE-2021-29605,0.00885,0.26162
CVE-2021-29606,0.00885,0.26162
CVE-2021-29607,0.0089,0.2856
CVE-2021-29608,0.0095,0.30554
CVE-2021-29609,0.0089,0.2856
CVE-2021-29610,0.00885,0.26162
CVE-2021-29611,0.00885,0.26162
CVE-2021-29612,0.01365,0.70715
CVE-2021-29613,0.0089,0.2856
CVE-2021-29614,0.00885,0.26162
CVE-2021-29615,0.00885,0.26162
CVE-2021-29616,0.00885,0.26162
CVE-2021-29617,0.0095,0.30554
CVE-2021-29618,0.0095,0.30554
CVE-2021-29619,0.00885,0.26162
CVE-2021-29620,0.00954,0.34522
CVE-2021-29621,0.01742,0.75235
CVE-2021-29623,0.01108,0.53389
CVE-2021-29624,0.01108,0.53389
CVE-2021-29625,0.00954,0.34522
CVE-2021-29626,0.00885,0.26162
CVE-2021-29627,0.00885,0.26162
CVE-2021-29628,0.00885,0.26162
CVE-2021-29629,0.00885,0.26162
CVE-2021-29630,0.0144,0.7265
CVE-2021-29631,0.01005,0.36332
CVE-2021-29632,0.00885,0.26162
CVE-2021-29641,0.04571,0.88388
CVE-2021-29642,0.00885,0.26162
CVE-2021-29643,0.00885,0.26162
CVE-2021-29644,0.01156,0.60033
CVE-2021-29645,0.01036,0.41241
CVE-2021-29646,0.0095,0.30554
CVE-2021-29647,0.01034,0.39824
CVE-2021-29648,0.0095,0.30554
CVE-2021-29649,0.0095,0.30554
CVE-2021-29650,0.01034,0.39824
CVE-2021-29651,0.00885,0.26162
CVE-2021-29652,0.00885,0.26162
CVE-2021-29653,0.00885,0.26162
CVE-2021-29654,0.01156,0.60033
CVE-2021-29655,0.00885,0.26162
CVE-2021-29656,0.00885,0.26162
CVE-2021-29657,0.01018,0.38792
CVE-2021-29658,0.00954,0.34522
CVE-2021-29659,0.01055,0.50287
CVE-2021-29660,0.00885,0.26162
CVE-2021-29661,0.00885,0.26162
CVE-2021-29662,0.01108,0.53389
CVE-2021-29663,0.00885,0.26162
CVE-2021-29665,0.01005,0.36332
CVE-2021-29666,0.00885,0.26162
CVE-2021-29667,0.01055,0.50287
CVE-2021-29668,0.00885,0.26162
CVE-2021-29670,0.00885,0.26162
CVE-2021-29671,0.00885,0.26162
CVE-2021-29672,0.01005,0.36332
CVE-2021-29673,0.00885,0.26162
CVE-2021-29676,0.01055,0.50287
CVE-2021-29677,0.00885,0.26162
CVE-2021-29678,0.0089,0.2856
CVE-2021-29679,0.02199,0.80273
CVE-2021-29681,0.00885,0.26162
CVE-2021-29682,0.01055,0.50287
CVE-2021-29683,0.00885,0.26162
CVE-2021-29686,0.00885,0.26162
CVE-2021-29687,0.01055,0.50287
CVE-2021-29688,0.01136,0.57949
CVE-2021-29691,0.00885,0.26162
CVE-2021-29692,0.01055,0.50287
CVE-2021-29693,0.00885,0.26162
CVE-2021-29694,0.00885,0.26162
CVE-2021-29695,0.01055,0.50287
CVE-2021-29696,0.01055,0.50287
CVE-2021-29697,0.01055,0.50287
CVE-2021-29699,0.00885,0.26162
CVE-2021-29700,0.00885,0.26162
CVE-2021-29701,0.00885,0.26162
CVE-2021-29702,0.00954,0.34522
CVE-2021-29703,0.00954,0.34522
CVE-2021-29704,0.00885,0.26162
CVE-2021-29706,0.00885,0.26162
CVE-2021-29707,0.00885,0.26162
CVE-2021-29708,0.00885,0.26162
CVE-2021-29711,0.00885,0.26162
CVE-2021-29712,0.00885,0.26162
CVE-2021-29713,0.00885,0.26162
CVE-2021-29714,0.00885,0.26162
CVE-2021-29715,0.01055,0.50287
CVE-2021-29716,0.0089,0.2856
CVE-2021-29719,0.00954,0.34522
CVE-2021-29722,0.00954,0.34522
CVE-2021-29723,0.00954,0.34522
CVE-2021-29725,0.01136,0.57949
CVE-2021-29726,0.00954,0.34522
CVE-2021-29727,0.00885,0.26162
CVE-2021-29728,0.0089,0.2856
CVE-2021-29730,0.01055,0.50287
CVE-2021-29735,0.00885,0.26162
CVE-2021-29736,0.01055,0.50287
CVE-2021-29737,0.00885,0.26162
CVE-2021-29738,0.00885,0.26162
CVE-2021-29739,0.01055,0.50287
CVE-2021-29740,0.01005,0.36332
CVE-2021-29741,0.00885,0.26162
CVE-2021-29742,0.00885,0.26162
CVE-2021-29743,0.00885,0.26162
CVE-2021-29744,0.00885,0.26162
CVE-2021-29745,0.0089,0.2856
CVE-2021-29747,0.01055,0.50287
CVE-2021-29749,0.0089,0.2856
CVE-2021-29750,0.00885,0.26162
CVE-2021-29751,0.0089,0.2856
CVE-2021-29752,0.0089,0.2856
CVE-2021-29753,0.00885,0.26162
CVE-2021-29754,0.00885,0.26162
CVE-2021-29755,0.00885,0.26162
CVE-2021-29756,0.00954,0.34522
CVE-2021-29757,0.00885,0.26162
CVE-2021-29758,0.00885,0.26162
CVE-2021-29759,0.00885,0.26162
CVE-2021-29760,0.00885,0.26162
CVE-2021-29761,0.00885,0.26162
CVE-2021-29763,0.00954,0.34522
CVE-2021-29764,0.0089,0.2856
CVE-2021-29765,0.00885,0.26162
CVE-2021-29766,0.01055,0.50287
CVE-2021-29767,0.01055,0.50287
CVE-2021-29768,0.0089,0.2856
CVE-2021-29769,0.00885,0.26162
CVE-2021-29770,0.00885,0.26162
CVE-2021-29771,0.00885,0.26162
CVE-2021-29772,0.00885,0.26162
CVE-2021-29773,0.01055,0.50287
CVE-2021-29774,0.00885,0.26162
CVE-2021-29775,0.0089,0.2856
CVE-2021-29776,0.00885,0.26162
CVE-2021-29777,0.0089,0.2856
CVE-2021-29779,0.00885,0.26162
CVE-2021-29780,0.00885,0.26162
CVE-2021-29781,0.01978,0.78447
CVE-2021-29784,0.01055,0.50287
CVE-2021-29785,0.01055,0.50287
CVE-2021-29786,0.00885,0.26162
CVE-2021-29788,0.00885,0.26162
CVE-2021-29790,0.00885,0.26162
CVE-2021-29792,0.00885,0.26162
CVE-2021-29794,0.00885,0.26162
CVE-2021-29795,0.00885,0.26162
CVE-2021-29798,0.01055,0.50287
CVE-2021-29799,0.00885,0.26162
CVE-2021-29800,0.00885,0.26162
CVE-2021-29801,0.00885,0.26162
CVE-2021-29802,0.00885,0.26162
CVE-2021-29803,0.00885,0.26162
CVE-2021-29804,0.00885,0.26162
CVE-2021-29805,0.00885,0.26162
CVE-2021-29806,0.00885,0.26162
CVE-2021-29807,0.00885,0.26162
CVE-2021-29808,0.00885,0.26162
CVE-2021-29809,0.00885,0.26162
CVE-2021-29810,0.00885,0.26162
CVE-2021-29811,0.00885,0.26162
CVE-2021-29812,0.00885,0.26162
CVE-2021-29813,0.00885,0.26162
CVE-2021-29814,0.00885,0.26162
CVE-2021-29815,0.00885,0.26162
CVE-2021-29816,0.00885,0.26162
CVE-2021-29817,0.00885,0.26162
CVE-2021-29818,0.00885,0.26162
CVE-2021-29819,0.00885,0.26162
CVE-2021-29820,0.00885,0.26162
CVE-2021-29821,0.00885,0.26162
CVE-2021-29822,0.00885,0.26162
CVE-2021-29823,0.00885,0.26162
CVE-2021-29824,0.0089,0.2856
CVE-2021-29825,0.00954,0.34522
CVE-2021-29831,0.01055,0.50287
CVE-2021-29832,0.00885,0.26162
CVE-2021-29833,0.00885,0.26162
CVE-2021-29834,0.00885,0.26162
CVE-2021-29835,0.00885,0.26162
CVE-2021-29836,0.00885,0.26162
CVE-2021-29837,0.00885,0.26162
CVE-2021-29838,0.01055,0.50287
CVE-2021-29841,0.00885,0.26162
CVE-2021-29842,0.01055,0.50287
CVE-2021-29843,0.00885,0.26162
CVE-2021-29844,0.00885,0.26162
CVE-2021-29845,0.00885,0.26162
CVE-2021-29846,0.00885,0.26162
CVE-2021-29847,0.00885,0.26162
CVE-2021-29849,0.00885,0.26162
CVE-2021-29851,0.01055,0.50287
CVE-2021-29852,0.00885,0.26162
CVE-2021-29853,0.00885,0.26162
CVE-2021-29854,0.01055,0.50287
CVE-2021-29855,0.00885,0.26162
CVE-2021-29856,0.00885,0.26162
CVE-2021-29859,0.00885,0.26162
CVE-2021-29860,0.00885,0.26162
CVE-2021-29861,0.00885,0.26162
CVE-2021-29862,0.00885,0.26162
CVE-2021-29863,0.00885,0.26162
CVE-2021-29864,0.01055,0.50287
CVE-2021-29865,0.01055,0.50287
CVE-2021-29867,0.0089,0.2856
CVE-2021-29868,0.00885,0.26162
CVE-2021-29872,0.01055,0.50287
CVE-2021-29873,0.0089,0.2856
CVE-2021-29875,0.00885,0.26162
CVE-2021-29878,0.00885,0.26162
CVE-2021-29880,0.00885,0.26162
CVE-2021-29883,0.00885,0.26162
CVE-2021-29888,0.00885,0.26162
CVE-2021-29891,0.00885,0.26162
CVE-2021-29894,0.00885,0.26162
CVE-2021-29899,0.00885,0.26162
CVE-2021-29903,0.01055,0.50287
CVE-2021-29904,0.00885,0.26162
CVE-2021-29905,0.00885,0.26162
CVE-2021-29906,0.00885,0.26162
CVE-2021-29907,0.0144,0.7265
CVE-2021-29908,0.00885,0.26162
CVE-2021-29912,0.00885,0.26162
CVE-2021-29921,0.02686,0.82061
CVE-2021-29922,0.01018,0.38792
CVE-2021-29923,0.01537,0.73595
CVE-2021-29929,0.00885,0.26162
CVE-2021-29930,0.00885,0.26162
CVE-2021-29931,0.00885,0.26162
CVE-2021-29932,0.00885,0.26162
CVE-2021-29933,0.00885,0.26162
CVE-2021-29934,0.00885,0.26162
CVE-2021-29935,0.00885,0.26162
CVE-2021-29936,0.00885,0.26162
CVE-2021-29937,0.00885,0.26162
CVE-2021-29938,0.00885,0.26162
CVE-2021-29939,0.00885,0.26162
CVE-2021-29940,0.00885,0.26162
CVE-2021-29941,0.00885,0.26162
CVE-2021-29942,0.00885,0.26162
CVE-2021-29943,0.00885,0.26162
CVE-2021-29944,0.0144,0.7265
CVE-2021-29945,0.01018,0.38792
CVE-2021-29946,0.01018,0.38792
CVE-2021-29947,0.00885,0.26162
CVE-2021-29948,0.00885,0.26162
CVE-2021-29949,0.00885,0.26162
CVE-2021-29950,0.00885,0.26162
CVE-2021-29951,0.01213,0.6557
CVE-2021-29952,0.00885,0.26162
CVE-2021-29953,0.00885,0.26162
CVE-2021-29954,0.00885,0.26162
CVE-2021-29955,0.02509,0.81058
CVE-2021-29956,0.00885,0.26162
CVE-2021-29957,0.00885,0.26162
CVE-2021-29958,0.00885,0.26162
CVE-2021-29959,0.00954,0.34522
CVE-2021-29960,0.00954,0.34522
CVE-2021-29961,0.00954,0.34522
CVE-2021-29962,0.00885,0.26162
CVE-2021-29963,0.00885,0.26162
CVE-2021-29964,0.01018,0.38792
CVE-2021-29965,0.00885,0.26162
CVE-2021-29966,0.00954,0.34522
CVE-2021-29967,0.01018,0.38792
CVE-2021-29968,0.00885,0.26162
CVE-2021-29969,0.00954,0.34522
CVE-2021-29970,0.01108,0.53389
CVE-2021-29971,0.00885,0.26162
CVE-2021-29972,0.00954,0.34522
CVE-2021-29973,0.00885,0.26162
CVE-2021-29974,0.00954,0.34522
CVE-2021-29975,0.00954,0.34522
CVE-2021-29976,0.01108,0.53389
CVE-2021-29977,0.00954,0.34522
CVE-2021-29978,0.02686,0.82061
CVE-2021-29979,0.0144,0.7265
CVE-2021-29980,0.01108,0.53389
CVE-2021-29981,0.01018,0.38792
CVE-2021-29982,0.01018,0.38792
CVE-2021-29983,0.00885,0.26162
CVE-2021-29984,0.01108,0.53389
CVE-2021-29985,0.01108,0.53389
CVE-2021-29986,0.01108,0.53389
CVE-2021-29987,0.01018,0.38792
CVE-2021-29988,0.01108,0.53389
CVE-2021-29989,0.01108,0.53389
CVE-2021-29990,0.00954,0.34522
CVE-2021-29991,0.00885,0.26162
CVE-2021-29993,0.00885,0.26162
CVE-2021-29994,0.00954,0.34522
CVE-2021-29995,0.04836,0.88802
CVE-2021-29996,0.01156,0.60033
CVE-2021-29997,0.03581,0.8416
CVE-2021-29998,0.04101,0.85353
CVE-2021-29999,0.03581,0.8416
CVE-2021-30000,0.0144,0.7265
CVE-2021-30002,0.01018,0.38792
CVE-2021-30003,0.00885,0.26162
CVE-2021-30004,0.00885,0.26162
CVE-2021-30005,0.01365,0.70715
CVE-2021-30006,0.00885,0.26162
CVE-2021-30014,0.00885,0.26162
CVE-2021-30015,0.00885,0.26162
CVE-2021-30019,0.00885,0.26162
CVE-2021-3002,0.00885,0.26162
CVE-2021-30020,0.00885,0.26162
CVE-2021-30022,0.00885,0.26162
CVE-2021-30027,0.00885,0.26162
CVE-2021-30028,0.00885,0.26162
CVE-2021-3003,0.00885,0.26162
CVE-2021-30030,0.00885,0.26162
CVE-2021-30034,0.00885,0.26162
CVE-2021-30039,0.00885,0.26162
CVE-2021-3004,0.00885,0.26162
CVE-2021-30042,0.00885,0.26162
CVE-2021-30044,0.00885,0.26162
CVE-2021-30045,0.00954,0.34522
CVE-2021-30046,0.00885,0.26162
CVE-2021-30048,0.00885,0.26162
CVE-2021-30049,0.00885,0.26162
CVE-2021-3005,0.01055,0.50287
CVE-2021-30055,0.01086,0.51674
CVE-2021-30056,0.00885,0.26162
CVE-2021-30057,0.00885,0.26162
CVE-2021-30058,0.00885,0.26162
CVE-2021-3006,0.00885,0.26162
CVE-2021-30061,0.01005,0.36332
CVE-2021-30062,0.00885,0.26162
CVE-2021-30063,0.00885,0.26162
CVE-2021-30064,0.00885,0.26162
CVE-2021-30065,0.00885,0.26162
CVE-2021-30066,0.00885,0.26162
CVE-2021-3007,0.05634,0.89764
CVE-2021-30070,0.00885,0.26162
CVE-2021-30071,0.00885,0.26162
CVE-2021-30072,0.00885,0.26162
CVE-2021-30074,0.00885,0.26162
CVE-2021-30080,0.00885,0.26162
CVE-2021-30081,0.00885,0.26162
CVE-2021-30082,0.01055,0.50287
CVE-2021-30083,0.01055,0.50287
CVE-2021-30086,0.00885,0.26162
CVE-2021-3010,0.01055,0.50287
CVE-2021-30108,0.00885,0.26162
CVE-2021-30109,0.00885,0.26162
CVE-2021-3011,0.00885,0.26162
CVE-2021-30110,0.04836,0.88802
CVE-2021-30111,0.0089,0.2856
CVE-2021-30112,0.01136,0.57949
CVE-2021-30113,0.00954,0.34522
CVE-2021-30114,0.01136,0.57949
CVE-2021-30116,0.00954,0.34522
CVE-2021-30117,0.00885,0.26162
CVE-2021-30118,0.01018,0.38792
CVE-2021-30119,0.0089,0.2856
CVE-2021-3012,0.01055,0.50287
CVE-2021-30120,0.00954,0.34522
CVE-2021-30121,0.0089,0.2856
CVE-2021-30123,0.04836,0.88802
CVE-2021-30124,0.05634,0.89764
CVE-2021-30125,0.00885,0.26162
CVE-2021-30126,0.00885,0.26162
CVE-2021-30127,0.00885,0.26162
CVE-2021-30129,0.01627,0.74906
CVE-2021-3013,0.0144,0.7265
CVE-2021-30130,0.00954,0.34522
CVE-2021-30132,0.00885,0.26162
CVE-2021-30133,0.01055,0.50287
CVE-2021-30137,0.00885,0.26162
CVE-2021-30139,0.00885,0.26162
CVE-2021-3014,0.00885,0.26162
CVE-2021-30140,0.0095,0.30554
CVE-2021-30141,0.00885,0.26162
CVE-2021-30144,0.01055,0.50287
CVE-2021-30145,0.04836,0.88802
CVE-2021-30146,0.00885,0.26162
CVE-2021-30147,0.00954,0.34522
CVE-2021-30149,0.0144,0.7265
CVE-2021-30150,0.00885,0.26162
CVE-2021-30151,0.00885,0.26162
CVE-2021-30152,0.01034,0.39824
CVE-2021-30154,0.01018,0.38792
CVE-2021-30155,0.01034,0.39824
CVE-2021-30156,0.0089,0.2856
CVE-2021-30157,0.01018,0.38792
CVE-2021-30158,0.01108,0.53389
CVE-2021-30159,0.01034,0.39824
CVE-2021-30161,0.00885,0.26162
CVE-2021-30162,0.00885,0.26162
CVE-2021-30163,0.00885,0.26162
CVE-2021-30164,0.00885,0.26162
CVE-2021-30165,0.01055,0.50287
CVE-2021-30166,0.01132,0.54372
CVE-2021-30167,0.01213,0.6557
CVE-2021-30168,0.01213,0.6557
CVE-2021-30169,0.01213,0.6557
CVE-2021-30170,0.01055,0.50287
CVE-2021-30171,0.01055,0.50287
CVE-2021-30172,0.01055,0.50287
CVE-2021-30173,0.01055,0.50287
CVE-2021-30174,0.01055,0.50287
CVE-2021-30175,0.00885,0.26162
CVE-2021-30176,0.00885,0.26162
CVE-2021-30177,0.01156,0.60033
CVE-2021-30178,0.0095,0.30554
CVE-2021-30179,0.00885,0.26162
CVE-2021-3018,0.01564,0.74439
CVE-2021-30180,0.00885,0.26162
CVE-2021-30181,0.00885,0.26162
CVE-2021-30183,0.00885,0.26162
CVE-2021-30184,0.01719,0.75183
CVE-2021-30185,0.00885,0.26162
CVE-2021-30186,0.00885,0.26162
CVE-2021-30187,0.00885,0.26162
CVE-2021-30188,0.00885,0.26162
CVE-2021-30189,0.00885,0.26162
CVE-2021-30191,0.00885,0.26162
CVE-2021-30192,0.00885,0.26162
CVE-2021-30193,0.00885,0.26162
CVE-2021-30194,0.00885,0.26162
CVE-2021-30195,0.00885,0.26162
CVE-2021-30199,0.00885,0.26162
CVE-2021-3020,0.0089,0.2856
CVE-2021-30201,0.01018,0.38792
CVE-2021-30209,0.00885,0.26162
CVE-2021-3021,0.00885,0.26162
CVE-2021-30211,0.00885,0.26162
CVE-2021-30212,0.00885,0.26162
CVE-2021-30213,0.00885,0.26162
CVE-2021-30214,0.00885,0.26162
CVE-2021-30218,0.00885,0.26162
CVE-2021-30219,0.00885,0.26162
CVE-2021-3022,0.00885,0.26162
CVE-2021-30224,0.00885,0.26162
CVE-2021-30227,0.00885,0.26162
CVE-2021-30228,0.01136,0.57949
CVE-2021-30229,0.01061,0.51015
CVE-2021-30230,0.01136,0.57949
CVE-2021-30231,0.01136,0.57949
CVE-2021-30232,0.01136,0.57949
CVE-2021-30233,0.01136,0.57949
CVE-2021-30234,0.01136,0.57949
CVE-2021-3024,0.00885,0.26162
CVE-2021-30245,0.02762,0.82156
CVE-2021-30246,0.00954,0.34522
CVE-2021-3025,0.00885,0.26162
CVE-2021-30254,0.00885,0.26162
CVE-2021-30255,0.00885,0.26162
CVE-2021-30256,0.00885,0.26162
CVE-2021-30257,0.00885,0.26162
CVE-2021-30258,0.00885,0.26162
CVE-2021-30259,0.00885,0.26162
CVE-2021-3026,0.00885,0.26162
CVE-2021-30260,0.00885,0.26162
CVE-2021-30261,0.00885,0.26162
CVE-2021-30262,0.00885,0.26162
CVE-2021-30263,0.00885,0.26162
CVE-2021-30264,0.00885,0.26162
CVE-2021-30265,0.00885,0.26162
CVE-2021-30266,0.00885,0.26162
CVE-2021-30267,0.00885,0.26162
CVE-2021-30268,0.00885,0.26162
CVE-2021-30269,0.00885,0.26162
CVE-2021-3027,0.0089,0.2856
CVE-2021-30270,0.00885,0.26162
CVE-2021-30271,0.00885,0.26162
CVE-2021-30272,0.00885,0.26162
CVE-2021-30273,0.00885,0.26162
CVE-2021-30274,0.00885,0.26162
CVE-2021-30275,0.00885,0.26162
CVE-2021-30276,0.00885,0.26162
CVE-2021-30278,0.00885,0.26162
CVE-2021-30279,0.00885,0.26162
CVE-2021-3028,0.02509,0.81058
CVE-2021-30281,0.00885,0.26162
CVE-2021-30282,0.00885,0.26162
CVE-2021-30283,0.00885,0.26162
CVE-2021-30284,0.00885,0.26162
CVE-2021-30285,0.00885,0.26162
CVE-2021-30287,0.00885,0.26162
CVE-2021-30288,0.00885,0.26162
CVE-2021-30289,0.00885,0.26162
CVE-2021-3029,0.02055,0.7893
CVE-2021-30290,0.00885,0.26162
CVE-2021-30291,0.00885,0.26162
CVE-2021-30292,0.00885,0.26162
CVE-2021-30293,0.00885,0.26162
CVE-2021-30294,0.00885,0.26162
CVE-2021-30295,0.00885,0.26162
CVE-2021-30297,0.00885,0.26162
CVE-2021-30298,0.00885,0.26162
CVE-2021-30300,0.00885,0.26162
CVE-2021-30301,0.00885,0.26162
CVE-2021-30302,0.00885,0.26162
CVE-2021-30303,0.00885,0.26162
CVE-2021-30304,0.00885,0.26162
CVE-2021-30305,0.00885,0.26162
CVE-2021-30306,0.00885,0.26162
CVE-2021-30307,0.00885,0.26162
CVE-2021-30308,0.00885,0.26162
CVE-2021-30309,0.00885,0.26162
CVE-2021-3031,0.00885,0.26162
CVE-2021-30310,0.00885,0.26162
CVE-2021-30311,0.00885,0.26162
CVE-2021-30312,0.00885,0.26162
CVE-2021-30313,0.00885,0.26162
CVE-2021-30314,0.00885,0.26162
CVE-2021-30315,0.00885,0.26162
CVE-2021-30316,0.00885,0.26162
CVE-2021-30317,0.00885,0.26162
CVE-2021-30318,0.00885,0.26162
CVE-2021-30319,0.00885,0.26162
CVE-2021-3032,0.00885,0.26162
CVE-2021-30321,0.00885,0.26162
CVE-2021-30322,0.00885,0.26162
CVE-2021-30323,0.00885,0.26162
CVE-2021-30324,0.00885,0.26162
CVE-2021-30325,0.00885,0.26162
CVE-2021-30326,0.00885,0.26162
CVE-2021-30327,0.00885,0.26162
CVE-2021-30328,0.00885,0.26162
CVE-2021-30329,0.00885,0.26162
CVE-2021-3033,0.00885,0.26162
CVE-2021-30330,0.00885,0.26162
CVE-2021-30331,0.00885,0.26162
CVE-2021-30332,0.00885,0.26162
CVE-2021-30333,0.00885,0.26162
CVE-2021-30334,0.00885,0.26162
CVE-2021-30335,0.00885,0.26162
CVE-2021-30336,0.00885,0.26162
CVE-2021-30337,0.00885,0.26162
CVE-2021-30338,0.00885,0.26162
CVE-2021-30339,0.00885,0.26162
CVE-2021-3034,0.00885,0.26162
CVE-2021-30340,0.00885,0.26162
CVE-2021-30341,0.00885,0.26162
CVE-2021-30342,0.00885,0.26162
CVE-2021-30343,0.00885,0.26162
CVE-2021-30344,0.00885,0.26162
CVE-2021-30345,0.00885,0.26162
CVE-2021-30346,0.00885,0.26162
CVE-2021-30347,0.00885,0.26162
CVE-2021-30348,0.00885,0.26162
CVE-2021-30349,0.00885,0.26162
CVE-2021-3035,0.01086,0.51674
CVE-2021-30350,0.00885,0.26162
CVE-2021-30351,0.00885,0.26162
CVE-2021-30353,0.00885,0.26162
CVE-2021-30354,0.01036,0.41241
CVE-2021-30355,0.00885,0.26162
CVE-2021-30356,0.00885,0.26162
CVE-2021-30357,0.00885,0.26162
CVE-2021-30358,0.00885,0.26162
CVE-2021-30359,0.00885,0.26162
CVE-2021-3036,0.00885,0.26162
CVE-2021-30360,0.00885,0.26162
CVE-2021-30361,0.00885,0.26162
CVE-2021-3037,0.00885,0.26162
CVE-2021-3038,0.00885,0.26162
CVE-2021-3039,0.00885,0.26162
CVE-2021-3040,0.01086,0.51674
CVE-2021-3041,0.00885,0.26162
CVE-2021-3042,0.00885,0.26162
CVE-2021-3043,0.01055,0.50287
CVE-2021-3044,0.01055,0.50287
CVE-2021-3045,0.00885,0.26162
CVE-2021-30454,0.00885,0.26162
CVE-2021-30455,0.00885,0.26162
CVE-2021-30456,0.00885,0.26162
CVE-2021-30457,0.00885,0.26162
CVE-2021-30458,0.00954,0.34522
CVE-2021-30459,0.00954,0.34522
CVE-2021-3046,0.00885,0.26162
CVE-2021-30462,0.00885,0.26162
CVE-2021-30463,0.00885,0.26162
CVE-2021-30464,0.01055,0.50287
CVE-2021-30465,0.01282,0.67298
CVE-2021-30468,0.05242,0.89216
CVE-2021-30469,0.00885,0.26162
CVE-2021-3047,0.00885,0.26162
CVE-2021-30470,0.00885,0.26162
CVE-2021-30471,0.00885,0.26162
CVE-2021-30472,0.00885,0.26162
CVE-2021-30473,0.00954,0.34522
CVE-2021-30474,0.00885,0.26162
CVE-2021-30475,0.00954,0.34522
CVE-2021-30476,0.00885,0.26162
CVE-2021-30477,0.00885,0.26162
CVE-2021-30478,0.00885,0.26162
CVE-2021-30479,0.00885,0.26162
CVE-2021-3048,0.00885,0.26162
CVE-2021-30480,0.07218,0.9208
CVE-2021-30482,0.00885,0.26162
CVE-2021-30483,0.00954,0.34522
CVE-2021-30485,0.00885,0.26162
CVE-2021-30486,0.00885,0.26162
CVE-2021-30487,0.00885,0.26162
CVE-2021-3049,0.00885,0.26162
CVE-2021-30490,0.00885,0.26162
CVE-2021-30493,0.0089,0.2856
CVE-2021-30494,0.0089,0.2856
CVE-2021-30496,0.01055,0.50287
CVE-2021-30497,0.01136,0.57949
CVE-2021-30498,0.01018,0.38792
CVE-2021-30499,0.01018,0.38792
CVE-2021-3050,0.02055,0.7893
CVE-2021-30500,0.0149,0.72731
CVE-2021-30501,0.01018,0.38792
CVE-2021-30502,0.05634,0.89764
CVE-2021-30503,0.05634,0.89764
CVE-2021-30504,0.00885,0.26162
CVE-2021-30506,0.01018,0.38792
CVE-2021-30507,0.01213,0.6557
CVE-2021-30508,0.01018,0.38792
CVE-2021-30509,0.01018,0.38792
CVE-2021-3051,0.00885,0.26162
CVE-2021-30510,0.01213,0.6557
CVE-2021-30511,0.01018,0.38792
CVE-2021-30512,0.01213,0.6557
CVE-2021-30513,0.01213,0.6557
CVE-2021-30514,0.01213,0.6557
CVE-2021-30515,0.01213,0.6557
CVE-2021-30516,0.01213,0.6557
CVE-2021-30517,0.01213,0.6557
CVE-2021-30518,0.01213,0.6557
CVE-2021-30519,0.01018,0.38792
CVE-2021-3052,0.00885,0.26162
CVE-2021-30520,0.01018,0.38792
CVE-2021-30521,0.01213,0.6557
CVE-2021-30522,0.01319,0.70416
CVE-2021-30523,0.01213,0.6557
CVE-2021-30524,0.01018,0.38792
CVE-2021-30525,0.01018,0.38792
CVE-2021-30526,0.01018,0.38792
CVE-2021-30527,0.01018,0.38792
CVE-2021-30528,0.01213,0.6557
CVE-2021-30529,0.01018,0.38792
CVE-2021-3053,0.00885,0.26162
CVE-2021-30530,0.01213,0.6557
CVE-2021-30531,0.01213,0.6557
CVE-2021-30532,0.01213,0.6557
CVE-2021-30533,0.01213,0.6557
CVE-2021-30534,0.01213,0.6557
CVE-2021-30535,0.01213,0.6557
CVE-2021-30536,0.01213,0.6557
CVE-2021-30537,0.01213,0.6557
CVE-2021-30538,0.01213,0.6557
CVE-2021-30539,0.01213,0.6557
CVE-2021-3054,0.01086,0.51674
CVE-2021-30540,0.01213,0.6557
CVE-2021-30541,0.01055,0.50287
CVE-2021-30542,0.01018,0.38792
CVE-2021-30543,0.01018,0.38792
CVE-2021-30544,0.01213,0.6557
CVE-2021-30545,0.01213,0.6557
CVE-2021-30546,0.01213,0.6557
CVE-2021-30547,0.01955,0.77585
CVE-2021-30548,0.01213,0.6557
CVE-2021-30549,0.01018,0.38792
CVE-2021-3055,0.00885,0.26162
CVE-2021-30550,0.01018,0.38792
CVE-2021-30551,0.01319,0.70416
CVE-2021-30552,0.01018,0.38792
CVE-2021-30553,0.01213,0.6557
CVE-2021-30554,0.01213,0.6557
CVE-2021-30555,0.01018,0.38792
CVE-2021-30556,0.01213,0.6557
CVE-2021-30557,0.01018,0.38792
CVE-2021-30559,0.01055,0.50287
CVE-2021-3056,0.01086,0.51674
CVE-2021-30560,0.01136,0.57949
CVE-2021-30561,0.01136,0.57949
CVE-2021-30562,0.01055,0.50287
CVE-2021-30563,0.01055,0.50287
CVE-2021-30564,0.01055,0.50287
CVE-2021-30565,0.01018,0.38792
CVE-2021-30566,0.01213,0.6557
CVE-2021-30567,0.01018,0.38792
CVE-2021-30568,0.01213,0.6557
CVE-2021-30569,0.01213,0.6557
CVE-2021-3057,0.01086,0.51674
CVE-2021-30571,0.01018,0.38792
CVE-2021-30572,0.01213,0.6557
CVE-2021-30574,0.01213,0.6557
CVE-2021-30575,0.01213,0.6557
CVE-2021-30576,0.01018,0.38792
CVE-2021-30577,0.01213,0.6557
CVE-2021-30578,0.01213,0.6557
CVE-2021-30579,0.01213,0.6557
CVE-2021-3058,0.02055,0.7893
CVE-2021-30580,0.01018,0.38792
CVE-2021-30581,0.01018,0.38792
CVE-2021-30582,0.01213,0.6557
CVE-2021-30583,0.01213,0.6557
CVE-2021-30584,0.01213,0.6557
CVE-2021-30585,0.01213,0.6557
CVE-2021-30586,0.01018,0.38792
CVE-2021-30587,0.01213,0.6557
CVE-2021-30588,0.01213,0.6557
CVE-2021-30589,0.01213,0.6557
CVE-2021-3059,0.02055,0.7893
CVE-2021-30590,0.01213,0.6557
CVE-2021-30591,0.01213,0.6557
CVE-2021-30592,0.01018,0.38792
CVE-2021-30593,0.01018,0.38792
CVE-2021-30594,0.01213,0.6557
CVE-2021-30596,0.01213,0.6557
CVE-2021-30597,0.01213,0.6557
CVE-2021-30598,0.04836,0.88802
CVE-2021-30599,0.04836,0.88802
CVE-2021-30600,0.01213,0.6557
CVE-2021-30601,0.01018,0.38792
CVE-2021-30602,0.01108,0.53389
CVE-2021-30603,0.01319,0.70416
CVE-2021-30604,0.01213,0.6557
CVE-2021-30605,0.00885,0.26162
CVE-2021-30606,0.0327,0.83515
CVE-2021-30607,0.0327,0.83515
CVE-2021-30608,0.04852,0.88817
CVE-2021-30609,0.0327,0.83515
CVE-2021-3061,0.02055,0.7893
CVE-2021-30610,0.0327,0.83515
CVE-2021-30611,0.04852,0.88817
CVE-2021-30612,0.04852,0.88817
CVE-2021-30613,0.0327,0.83515
CVE-2021-30614,0.02844,0.8238
CVE-2021-30615,0.02844,0.8238
CVE-2021-30616,0.0327,0.83515
CVE-2021-30617,0.02844,0.8238
CVE-2021-30618,0.02844,0.8238
CVE-2021-30619,0.02844,0.8238
CVE-2021-3062,0.00885,0.26162
CVE-2021-30620,0.02844,0.8238
CVE-2021-30621,0.02844,0.8238
CVE-2021-30622,0.04852,0.88817
CVE-2021-30623,0.0327,0.83515
CVE-2021-30624,0.0327,0.83515
CVE-2021-30625,0.01213,0.6557
CVE-2021-30626,0.01213,0.6557
CVE-2021-30627,0.01213,0.6557
CVE-2021-30628,0.01213,0.6557
CVE-2021-30629,0.01213,0.6557
CVE-2021-3063,0.00885,0.26162
CVE-2021-30630,0.01213,0.6557
CVE-2021-30632,0.01213,0.6557
CVE-2021-30633,0.01213,0.6557
CVE-2021-30635,0.01055,0.50287
CVE-2021-30636,0.00885,0.26162
CVE-2021-30637,0.00885,0.26162
CVE-2021-30638,0.01246,0.66436
CVE-2021-30639,0.01742,0.75235
CVE-2021-3064,0.01086,0.51674
CVE-2021-30640,0.03032,0.82851
CVE-2021-30641,0.03032,0.82851
CVE-2021-30642,0.01055,0.50287
CVE-2021-30648,0.00885,0.26162
CVE-2021-30650,0.01055,0.50287
CVE-2021-30651,0.00885,0.26162
CVE-2021-30652,0.01108,0.53389
CVE-2021-30653,0.01237,0.66358
CVE-2021-30654,0.00885,0.26162
CVE-2021-30655,0.0144,0.7265
CVE-2021-30656,0.00885,0.26162
CVE-2021-30658,0.00885,0.26162
CVE-2021-30659,0.00954,0.34522
CVE-2021-30660,0.01018,0.38792
CVE-2021-30661,0.02031,0.78519
CVE-2021-30662,0.01036,0.41241
CVE-2021-30663,0.01843,0.76237
CVE-2021-30664,0.02107,0.79097
CVE-2021-30665,0.01843,0.76237
CVE-2021-30666,0.01086,0.51674
CVE-2021-30667,0.00885,0.26162
CVE-2021-30668,0.00885,0.26162
CVE-2021-30669,0.00954,0.34522
CVE-2021-30671,0.00885,0.26162
CVE-2021-30672,0.00954,0.34522
CVE-2021-30673,0.00885,0.26162
CVE-2021-30674,0.00885,0.26162
CVE-2021-30675,0.00885,0.26162
CVE-2021-30676,0.0089,0.2856
CVE-2021-30677,0.01034,0.39824
CVE-2021-30678,0.03822,0.84853
CVE-2021-30679,0.00954,0.34522
CVE-2021-30680,0.00885,0.26162
CVE-2021-30681,0.01018,0.38792
CVE-2021-30683,0.01237,0.66358
CVE-2021-30684,0.01611,0.74874
CVE-2021-30685,0.01018,0.38792
CVE-2021-30686,0.01018,0.38792
CVE-2021-30687,0.01108,0.53389
CVE-2021-30688,0.00885,0.26162
CVE-2021-30689,0.01018,0.38792
CVE-2021-30690,0.00885,0.26162
CVE-2021-30691,0.01018,0.38792
CVE-2021-30692,0.01018,0.38792
CVE-2021-30693,0.01237,0.66358
CVE-2021-30694,0.01018,0.38792
CVE-2021-30695,0.01018,0.38792
CVE-2021-30696,0.00954,0.34522
CVE-2021-30697,0.01034,0.39824
CVE-2021-30698,0.01136,0.57949
CVE-2021-30699,0.00885,0.26162
CVE-2021-30700,0.01018,0.38792
CVE-2021-30701,0.01237,0.66358
CVE-2021-30702,0.00954,0.34522
CVE-2021-30703,0.01363,0.70595
CVE-2021-30704,0.01363,0.70595
CVE-2021-30705,0.01108,0.53389
CVE-2021-30706,0.01018,0.38792
CVE-2021-30707,0.01843,0.76237
CVE-2021-30708,0.01237,0.66358
CVE-2021-30709,0.01018,0.38792
CVE-2021-30710,0.01108,0.53389
CVE-2021-30712,0.03272,0.83517
CVE-2021-30713,0.0089,0.2856
CVE-2021-30714,0.00885,0.26162
CVE-2021-30715,0.01018,0.38792
CVE-2021-30716,0.00954,0.34522
CVE-2021-30717,0.01843,0.76237
CVE-2021-30718,0.00885,0.26162
CVE-2021-30719,0.00885,0.26162
CVE-2021-30720,0.01018,0.38792
CVE-2021-30721,0.0089,0.2856
CVE-2021-30722,0.00954,0.34522
CVE-2021-30723,0.01018,0.38792
CVE-2021-30724,0.01034,0.39824
CVE-2021-30725,0.01237,0.66358
CVE-2021-30726,0.01237,0.66358
CVE-2021-30727,0.01018,0.38792
CVE-2021-30728,0.01237,0.66358
CVE-2021-30729,0.00885,0.26162
CVE-2021-30733,0.01108,0.53389
CVE-2021-30734,0.01843,0.76237
CVE-2021-30735,0.01237,0.66358
CVE-2021-30736,0.01237,0.66358
CVE-2021-30737,0.02031,0.78519
CVE-2021-30738,0.00885,0.26162
CVE-2021-30739,0.0089,0.2856
CVE-2021-30740,0.01237,0.66358
CVE-2021-30741,0.00885,0.26162
CVE-2021-30742,0.01036,0.41241
CVE-2021-30743,0.01237,0.66358
CVE-2021-30744,0.01018,0.38792
CVE-2021-30746,0.01018,0.38792
CVE-2021-30748,0.01237,0.66358
CVE-2021-30749,0.01843,0.76237
CVE-2021-30750,0.00885,0.26162
CVE-2021-30751,0.00885,0.26162
CVE-2021-30752,0.01237,0.66358
CVE-2021-30753,0.01018,0.38792
CVE-2021-30755,0.00954,0.34522
CVE-2021-30756,0.00885,0.26162
CVE-2021-30757,0.00885,0.26162
CVE-2021-30758,0.01843,0.76237
CVE-2021-30759,0.01363,0.70595
CVE-2021-30760,0.01363,0.70595
CVE-2021-30761,0.01086,0.51674
CVE-2021-30762,0.01086,0.51674
CVE-2021-30763,0.00885,0.26162
CVE-2021-30764,0.02107,0.79097
CVE-2021-30765,0.01237,0.66358
CVE-2021-30766,0.01237,0.66358
CVE-2021-30767,0.0095,0.30554
CVE-2021-30768,0.01018,0.38792
CVE-2021-30769,0.00954,0.34522
CVE-2021-30770,0.01237,0.66358
CVE-2021-30771,0.01237,0.66358
CVE-2021-30772,0.00954,0.34522
CVE-2021-30773,0.00954,0.34522
CVE-2021-30774,0.01018,0.38792
CVE-2021-30775,0.01237,0.66358
CVE-2021-30776,0.01018,0.38792
CVE-2021-30777,0.00954,0.34522
CVE-2021-30778,0.00885,0.26162
CVE-2021-30779,0.01237,0.66358
CVE-2021-30780,0.01108,0.53389
CVE-2021-30781,0.01363,0.70595
CVE-2021-30782,0.00954,0.34522
CVE-2021-30783,0.0095,0.30554
CVE-2021-30784,0.01237,0.66358
CVE-2021-30785,0.01363,0.70595
CVE-2021-30786,0.01005,0.36332
CVE-2021-30787,0.00954,0.34522
CVE-2021-30788,0.01108,0.53389
CVE-2021-30789,0.01237,0.66358
CVE-2021-30790,0.02107,0.79097
CVE-2021-30791,0.01018,0.38792
CVE-2021-30792,0.01237,0.66358
CVE-2021-30793,0.01843,0.76237
CVE-2021-30795,0.01843,0.76237
CVE-2021-30796,0.01018,0.38792
CVE-2021-30797,0.01843,0.76237
CVE-2021-30798,0.00954,0.34522
CVE-2021-30799,0.01843,0.76237
CVE-2021-30800,0.01036,0.41241
CVE-2021-30802,0.0144,0.7265
CVE-2021-30803,0.00885,0.26162
CVE-2021-30804,0.00885,0.26162
CVE-2021-30805,0.01843,0.76237
CVE-2021-30808,0.01018,0.38792
CVE-2021-30809,0.02031,0.78519
CVE-2021-30810,0.01108,0.53389
CVE-2021-30811,0.01034,0.39824
CVE-2021-30813,0.00885,0.26162
CVE-2021-30814,0.01237,0.66358
CVE-2021-30815,0.00885,0.26162
CVE-2021-30816,0.00885,0.26162
CVE-2021-30817,0.00885,0.26162
CVE-2021-30818,0.02031,0.78519
CVE-2021-30819,0.00954,0.34522
CVE-2021-30820,0.01156,0.60033
CVE-2021-30821,0.01237,0.66358
CVE-2021-30823,0.01034,0.39824
CVE-2021-30824,0.01237,0.66358
CVE-2021-30825,0.01237,0.66358
CVE-2021-30826,0.00954,0.34522
CVE-2021-30827,0.00885,0.26162
CVE-2021-30828,0.00885,0.26162
CVE-2021-30829,0.00885,0.26162
CVE-2021-30830,0.01005,0.36332
CVE-2021-30831,0.01018,0.38792
CVE-2021-30832,0.0089,0.2856
CVE-2021-30833,0.00954,0.34522
CVE-2021-30834,0.01363,0.70595
CVE-2021-30835,0.01889,0.76448
CVE-2021-30836,0.01108,0.53389
CVE-2021-30837,0.01363,0.70595
CVE-2021-30838,0.01237,0.66358
CVE-2021-30840,0.01237,0.66358
CVE-2021-30841,0.01889,0.76448
CVE-2021-30842,0.01889,0.76448
CVE-2021-30843,0.01889,0.76448
CVE-2021-30844,0.01213,0.6557
CVE-2021-30845,0.00885,0.26162
CVE-2021-30846,0.01889,0.76448
CVE-2021-30847,0.01889,0.76448
CVE-2021-30848,0.01889,0.76448
CVE-2021-30849,0.01889,0.76448
CVE-2021-30850,0.01018,0.38792
CVE-2021-30851,0.02806,0.82312
CVE-2021-30852,0.02031,0.78519
CVE-2021-30854,0.00954,0.34522
CVE-2021-30855,0.01108,0.53389
CVE-2021-30856,0.00885,0.26162
CVE-2021-30857,0.01363,0.70595
CVE-2021-30859,0.01237,0.66358
CVE-2021-30861,0.00885,0.26162
CVE-2021-30862,0.01086,0.51674
CVE-2021-30863,0.00885,0.26162
CVE-2021-30864,0.00885,0.26162
CVE-2021-30865,0.01005,0.36332
CVE-2021-30866,0.01018,0.38792
CVE-2021-30867,0.00885,0.26162
CVE-2021-30868,0.01005,0.36332
CVE-2021-30869,0.01237,0.66358
CVE-2021-30870,0.00885,0.26162
CVE-2021-30871,0.0089,0.2856
CVE-2021-30873,0.00885,0.26162
CVE-2021-30874,0.00885,0.26162
CVE-2021-30875,0.00885,0.26162
CVE-2021-30876,0.00954,0.34522
CVE-2021-30877,0.00954,0.34522
CVE-2021-30879,0.00954,0.34522
CVE-2021-30880,0.00954,0.34522
CVE-2021-30881,0.01363,0.70595
CVE-2021-30882,0.00885,0.26162
CVE-2021-30883,0.01363,0.70595
CVE-2021-30884,0.01018,0.38792
CVE-2021-30886,0.01237,0.66358
CVE-2021-30887,0.01537,0.73595
CVE-2021-30888,0.01108,0.53389
CVE-2021-30889,0.01843,0.76237
CVE-2021-30890,0.01537,0.73595
CVE-2021-30892,0.00954,0.34522
CVE-2021-30894,0.01005,0.36332
CVE-2021-30895,0.01108,0.53389
CVE-2021-30896,0.01018,0.38792
CVE-2021-30897,0.00954,0.34522
CVE-2021-30898,0.00885,0.26162
CVE-2021-30899,0.01237,0.66358
CVE-2021-30900,0.01237,0.66358
CVE-2021-30901,0.01237,0.66358
CVE-2021-30902,0.01005,0.36332
CVE-2021-30903,0.01363,0.70595
CVE-2021-30904,0.00885,0.26162
CVE-2021-30905,0.01183,0.60428
CVE-2021-30906,0.01034,0.39824
CVE-2021-30907,0.01108,0.53389
CVE-2021-30908,0.00885,0.26162
CVE-2021-30909,0.01363,0.70595
CVE-2021-30910,0.01108,0.53389
CVE-2021-30911,0.01018,0.38792
CVE-2021-30912,0.00954,0.34522
CVE-2021-30913,0.00954,0.34522
CVE-2021-30914,0.01036,0.41241
CVE-2021-30915,0.01108,0.53389
CVE-2021-30916,0.01889,0.76448
CVE-2021-30917,0.01455,0.72673
CVE-2021-30918,0.01018,0.38792
CVE-2021-30919,0.01455,0.72673
CVE-2021-30920,0.00885,0.26162
CVE-2021-30921,0.00885,0.26162
CVE-2021-30922,0.01237,0.66358
CVE-2021-30923,0.01005,0.36332
CVE-2021-30924,0.01213,0.6557
CVE-2021-30925,0.00954,0.34522
CVE-2021-30926,0.01363,0.70595
CVE-2021-30927,0.01363,0.70595
CVE-2021-30928,0.01363,0.70595
CVE-2021-30929,0.01018,0.38792
CVE-2021-30930,0.00885,0.26162
CVE-2021-30931,0.00954,0.34522
CVE-2021-30932,0.00885,0.26162
CVE-2021-30933,0.01005,0.36332
CVE-2021-30934,0.02806,0.82312
CVE-2021-30935,0.01237,0.66358
CVE-2021-30936,0.02806,0.82312
CVE-2021-30938,0.00954,0.34522
CVE-2021-30939,0.01455,0.72673
CVE-2021-30940,0.01018,0.38792
CVE-2021-30941,0.01018,0.38792
CVE-2021-30942,0.01363,0.70595
CVE-2021-30943,0.0089,0.2856
CVE-2021-30944,0.01018,0.38792
CVE-2021-30945,0.01034,0.39824
CVE-2021-30946,0.01018,0.38792
CVE-2021-30947,0.01018,0.38792
CVE-2021-30948,0.00885,0.26162
CVE-2021-30949,0.01363,0.70595
CVE-2021-30950,0.00954,0.34522
CVE-2021-30951,0.02806,0.82312
CVE-2021-30952,0.01889,0.76448
CVE-2021-30953,0.02806,0.82312
CVE-2021-30954,0.01889,0.76448
CVE-2021-30956,0.00885,0.26162
CVE-2021-30957,0.01237,0.66358
CVE-2021-30958,0.01363,0.70595
CVE-2021-30959,0.00885,0.26162
CVE-2021-30960,0.01018,0.38792
CVE-2021-30961,0.00885,0.26162
CVE-2021-30962,0.00885,0.26162
CVE-2021-30963,0.00885,0.26162
CVE-2021-30964,0.00954,0.34522
CVE-2021-30965,0.00954,0.34522
CVE-2021-30966,0.01018,0.38792
CVE-2021-30967,0.00885,0.26162
CVE-2021-30968,0.01108,0.53389
CVE-2021-30969,0.01005,0.36332
CVE-2021-30970,0.00885,0.26162
CVE-2021-30971,0.01237,0.66358
CVE-2021-30972,0.0089,0.2856
CVE-2021-30973,0.01018,0.38792
CVE-2021-30975,0.01237,0.66358
CVE-2021-30976,0.00954,0.34522
CVE-2021-30977,0.01237,0.66358
CVE-2021-30979,0.01237,0.66358
CVE-2021-30980,0.01363,0.70595
CVE-2021-30981,0.01237,0.66358
CVE-2021-30982,0.01136,0.57949
CVE-2021-30983,0.01036,0.41241
CVE-2021-30984,0.02806,0.82312
CVE-2021-30985,0.01036,0.41241
CVE-2021-30986,0.00885,0.26162
CVE-2021-30987,0.00885,0.26162
CVE-2021-30988,0.00885,0.26162
CVE-2021-30990,0.00954,0.34522
CVE-2021-30991,0.01036,0.41241
CVE-2021-30992,0.00885,0.26162
CVE-2021-30993,0.01843,0.76237
CVE-2021-30994,0.00885,0.26162
CVE-2021-30995,0.01108,0.53389
CVE-2021-30996,0.01005,0.36332
CVE-2021-30997,0.00885,0.26162
CVE-2021-30998,0.00885,0.26162
CVE-2021-30999,0.00885,0.26162
CVE-2021-3100,0.0089,0.2856
CVE-2021-31000,0.01018,0.38792
CVE-2021-31001,0.00885,0.26162
CVE-2021-31004,0.00885,0.26162
CVE-2021-31005,0.00885,0.26162
CVE-2021-31006,0.00954,0.34522
CVE-2021-31007,0.01018,0.38792
CVE-2021-31008,0.01843,0.76237
CVE-2021-31009,0.00885,0.26162
CVE-2021-3101,0.00885,0.26162
CVE-2021-31010,0.01018,0.38792
CVE-2021-3109,0.00885,0.26162
CVE-2021-3110,0.01564,0.74439
CVE-2021-3111,0.0095,0.30554
CVE-2021-3113,0.08382,0.93597
CVE-2021-3114,0.01183,0.60428
CVE-2021-3115,0.04836,0.88802
CVE-2021-31152,0.00885,0.26162
CVE-2021-31153,0.00885,0.26162
CVE-2021-31154,0.00885,0.26162
CVE-2021-31155,0.00885,0.26162
CVE-2021-31158,0.00885,0.26162
CVE-2021-31159,0.03479,0.84045
CVE-2021-3116,0.00954,0.34522
CVE-2021-31160,0.00885,0.26162
CVE-2021-31162,0.01108,0.53389
CVE-2021-31164,0.00885,0.26162
CVE-2021-31165,0.01178,0.60108
CVE-2021-31167,0.01178,0.60108
CVE-2021-31168,0.01178,0.60108
CVE-2021-31169,0.01178,0.60108
CVE-2021-31170,0.01178,0.60108
CVE-2021-31171,0.0115,0.5906
CVE-2021-31172,0.02427,0.80786
CVE-2021-31173,0.0115,0.5906
CVE-2021-31174,0.0115,0.5906
CVE-2021-31175,0.04475,0.87758
CVE-2021-31176,0.04475,0.87758
CVE-2021-31177,0.04475,0.87758
CVE-2021-31178,0.02427,0.80786
CVE-2021-31179,0.01648,0.74957
CVE-2021-3118,0.01564,0.74439
CVE-2021-31180,0.01648,0.74957
CVE-2021-31181,0.41474,0.98143
CVE-2021-31182,0.02427,0.80786
CVE-2021-31183,0.02251,0.80538
CVE-2021-31185,0.0115,0.5906
CVE-2021-31186,0.02427,0.80786
CVE-2021-31187,0.01178,0.60108
CVE-2021-31188,0.01178,0.60108
CVE-2021-3119,0.01055,0.50287
CVE-2021-31190,0.0115,0.5906
CVE-2021-31191,0.0115,0.5906
CVE-2021-31192,0.01648,0.74957
CVE-2021-31193,0.0115,0.5906
CVE-2021-31194,0.01967,0.77799
CVE-2021-31198,0.04475,0.87758
CVE-2021-31199,0.0115,0.5906
CVE-2021-3120,0.02432,0.8082
CVE-2021-31200,0.01967,0.77799
CVE-2021-31201,0.0115,0.5906
CVE-2021-31204,0.01743,0.75237
CVE-2021-31205,0.02427,0.80786
CVE-2021-31206,0.04475,0.87758
CVE-2021-31208,0.0115,0.5906
CVE-2021-31209,0.02844,0.8238
CVE-2021-3121,0.01108,0.53389
CVE-2021-31211,0.01648,0.74957
CVE-2021-31213,0.01648,0.74957
CVE-2021-31214,0.01648,0.74957
CVE-2021-31215,0.04571,0.88388
CVE-2021-31216,0.00885,0.26162
CVE-2021-31217,0.00885,0.26162
CVE-2021-3122,0.02509,0.81058
CVE-2021-31220,0.00885,0.26162
CVE-2021-31221,0.00885,0.26162
CVE-2021-31222,0.00885,0.26162
CVE-2021-31223,0.00885,0.26162
CVE-2021-31224,0.00885,0.26162
CVE-2021-31225,0.00885,0.26162
CVE-2021-31226,0.00885,0.26162
CVE-2021-31227,0.00885,0.26162
CVE-2021-31228,0.00885,0.26162
CVE-2021-31229,0.00885,0.26162
CVE-2021-31231,0.0095,0.30554
CVE-2021-31232,0.0095,0.30554
CVE-2021-3124,0.01055,0.50287
CVE-2021-31245,0.01213,0.6557
CVE-2021-3125,0.01108,0.53389
CVE-2021-31251,0.00954,0.34522
CVE-2021-31252,0.00954,0.34522
CVE-2021-31254,0.01005,0.36332
CVE-2021-31255,0.01005,0.36332
CVE-2021-31256,0.00885,0.26162
CVE-2021-31257,0.00885,0.26162
CVE-2021-31258,0.00885,0.26162
CVE-2021-31259,0.00885,0.26162
CVE-2021-31260,0.00885,0.26162
CVE-2021-31261,0.00885,0.26162
CVE-2021-31262,0.00885,0.26162
CVE-2021-3127,0.00885,0.26162
CVE-2021-31272,0.02509,0.81058
CVE-2021-31274,0.0089,0.2856
CVE-2021-3128,0.02686,0.82061
CVE-2021-31292,0.01018,0.38792
CVE-2021-3130,0.00885,0.26162
CVE-2021-3131,0.00885,0.26162
CVE-2021-31315,0.01055,0.50287
CVE-2021-31316,0.00885,0.26162
CVE-2021-31317,0.01055,0.50287
CVE-2021-31318,0.01055,0.50287
CVE-2021-31319,0.01055,0.50287
CVE-2021-31320,0.01055,0.50287
CVE-2021-31321,0.01055,0.50287
CVE-2021-31322,0.01055,0.50287
CVE-2021-31323,0.01055,0.50287
CVE-2021-31324,0.01156,0.60033
CVE-2021-31326,0.00954,0.34522
CVE-2021-31327,0.00885,0.26162
CVE-2021-31329,0.00885,0.26162
CVE-2021-3133,0.00954,0.34522
CVE-2021-31330,0.0095,0.30554
CVE-2021-31337,0.01055,0.50287
CVE-2021-31338,0.00885,0.26162
CVE-2021-31339,0.00885,0.26162
CVE-2021-3134,0.00885,0.26162
CVE-2021-31340,0.00885,0.26162
CVE-2021-31341,0.00885,0.26162
CVE-2021-31342,0.0144,0.7265
CVE-2021-31343,0.0144,0.7265
CVE-2021-31344,0.01018,0.38792
CVE-2021-31345,0.01018,0.38792
CVE-2021-31346,0.01018,0.38792
CVE-2021-31347,0.00885,0.26162
CVE-2021-31348,0.00885,0.26162
CVE-2021-31349,0.01086,0.51674
CVE-2021-3135,0.00885,0.26162
CVE-2021-31350,0.00885,0.26162
CVE-2021-31351,0.00885,0.26162
CVE-2021-31352,0.01055,0.50287
CVE-2021-31353,0.00885,0.26162
CVE-2021-31354,0.01103,0.51945
CVE-2021-31355,0.01055,0.50287
CVE-2021-31356,0.01005,0.35949
CVE-2021-31357,0.01005,0.35949
CVE-2021-31358,0.01005,0.35949
CVE-2021-31359,0.00885,0.26162
CVE-2021-31360,0.00885,0.26162
CVE-2021-31361,0.00885,0.26162
CVE-2021-31362,0.00885,0.26162
CVE-2021-31363,0.00885,0.26162
CVE-2021-31364,0.00885,0.26162
CVE-2021-31365,0.00885,0.26162
CVE-2021-31366,0.00885,0.26162
CVE-2021-31367,0.00885,0.26162
CVE-2021-31368,0.00885,0.26162
CVE-2021-31369,0.00885,0.26162
CVE-2021-3137,0.02192,0.80195
CVE-2021-31370,0.00885,0.26162
CVE-2021-31371,0.00885,0.26162
CVE-2021-31372,0.00885,0.26162
CVE-2021-31373,0.01055,0.50287
CVE-2021-31374,0.00885,0.26162
CVE-2021-31375,0.00885,0.26162
CVE-2021-31376,0.00885,0.26162
CVE-2021-31377,0.00885,0.26162
CVE-2021-31378,0.00885,0.26162
CVE-2021-31379,0.00885,0.26162
CVE-2021-3138,0.00954,0.34522
CVE-2021-31380,0.01055,0.50287
CVE-2021-31381,0.01055,0.50287
CVE-2021-31382,0.00885,0.26162
CVE-2021-31383,0.00885,0.26162
CVE-2021-31384,0.00885,0.26162
CVE-2021-31385,0.00885,0.26162
CVE-2021-31386,0.01055,0.50287
CVE-2021-3139,0.01132,0.54372
CVE-2021-31399,0.00885,0.26162
CVE-2021-31400,0.00885,0.26162
CVE-2021-31401,0.00954,0.34522
CVE-2021-31402,0.00885,0.26162
CVE-2021-31403,0.0089,0.2856
CVE-2021-31404,0.00885,0.26162
CVE-2021-31405,0.00885,0.26162
CVE-2021-31406,0.00885,0.26162
CVE-2021-31407,0.01018,0.38792
CVE-2021-31408,0.00885,0.26162
CVE-2021-31409,0.00954,0.34522
CVE-2021-3141,0.00885,0.26162
CVE-2021-31410,0.01055,0.50287
CVE-2021-31411,0.00885,0.26162
CVE-2021-31412,0.00885,0.26162
CVE-2021-31414,0.01978,0.78447
CVE-2021-31417,0.01005,0.36332
CVE-2021-31418,0.01005,0.36332
CVE-2021-31419,0.01005,0.36332
CVE-2021-31420,0.01005,0.36332
CVE-2021-31421,0.00885,0.26162
CVE-2021-31422,0.01005,0.36332
CVE-2021-31423,0.01005,0.36332
CVE-2021-31424,0.01005,0.36332
CVE-2021-31425,0.01005,0.36332
CVE-2021-31426,0.01005,0.36332
CVE-2021-31427,0.01005,0.36332
CVE-2021-31428,0.01005,0.36332
CVE-2021-31429,0.01005,0.36332
CVE-2021-31430,0.01005,0.36332
CVE-2021-31431,0.01005,0.36332
CVE-2021-31432,0.01005,0.36332
CVE-2021-31433,0.01321,0.70521
CVE-2021-31434,0.01321,0.70521
CVE-2021-31435,0.01321,0.70521
CVE-2021-31436,0.01321,0.70521
CVE-2021-31437,0.01321,0.70521
CVE-2021-31438,0.01321,0.70521
CVE-2021-31439,0.01005,0.36332
CVE-2021-3144,0.01183,0.60428
CVE-2021-31440,0.01365,0.70715
CVE-2021-31441,0.01321,0.70521
CVE-2021-31442,0.01321,0.70521
CVE-2021-31443,0.01321,0.70521
CVE-2021-31444,0.01321,0.70521
CVE-2021-31445,0.01321,0.70521
CVE-2021-31446,0.01321,0.70521
CVE-2021-31447,0.01321,0.70521
CVE-2021-31448,0.01321,0.70521
CVE-2021-31449,0.01321,0.70521
CVE-2021-3145,0.00885,0.26162
CVE-2021-31450,0.01321,0.70521
CVE-2021-31451,0.01321,0.70521
CVE-2021-31452,0.01321,0.70521
CVE-2021-31453,0.01321,0.70521
CVE-2021-31454,0.01321,0.70521
CVE-2021-31455,0.01321,0.70521
CVE-2021-31456,0.01321,0.70521
CVE-2021-31457,0.01321,0.70521
CVE-2021-31458,0.01321,0.70521
CVE-2021-31459,0.01321,0.70521
CVE-2021-3146,0.00885,0.26162
CVE-2021-31460,0.01321,0.70521
CVE-2021-31461,0.01321,0.70521
CVE-2021-31462,0.01321,0.70521
CVE-2021-31463,0.01321,0.70521
CVE-2021-31464,0.01321,0.70521
CVE-2021-31465,0.01321,0.70521
CVE-2021-31466,0.01321,0.70521
CVE-2021-31467,0.01321,0.70521
CVE-2021-31468,0.01321,0.70521
CVE-2021-31469,0.01321,0.70521
CVE-2021-31470,0.01321,0.70521
CVE-2021-31471,0.01321,0.70521
CVE-2021-31472,0.01321,0.70521
CVE-2021-31473,0.01321,0.70521
CVE-2021-31474,0.01978,0.78447
CVE-2021-31475,0.01978,0.78447
CVE-2021-31476,0.01321,0.70521
CVE-2021-31477,0.01978,0.78447
CVE-2021-31478,0.01103,0.51945
CVE-2021-31479,0.01103,0.51945
CVE-2021-3148,0.02734,0.82121
CVE-2021-31480,0.01103,0.51945
CVE-2021-31481,0.01103,0.51945
CVE-2021-31482,0.01103,0.51945
CVE-2021-31483,0.01103,0.51945
CVE-2021-31484,0.01103,0.51945
CVE-2021-31485,0.01103,0.51945
CVE-2021-31486,0.01103,0.51945
CVE-2021-31487,0.01103,0.51945
CVE-2021-31488,0.01103,0.51945
CVE-2021-31489,0.01103,0.51945
CVE-2021-3149,0.02066,0.78986
CVE-2021-31490,0.01103,0.51945
CVE-2021-31491,0.01103,0.51945
CVE-2021-31492,0.01103,0.51945
CVE-2021-31493,0.01103,0.51945
CVE-2021-31494,0.01103,0.51945
CVE-2021-31495,0.01103,0.51945
CVE-2021-31496,0.01103,0.51945
CVE-2021-31497,0.01103,0.51945
CVE-2021-31498,0.01103,0.51945
CVE-2021-31499,0.01103,0.51945
CVE-2021-3150,0.00885,0.26162
CVE-2021-31500,0.01103,0.51945
CVE-2021-31501,0.01103,0.51945
CVE-2021-31502,0.01103,0.51945
CVE-2021-31503,0.01103,0.51945
CVE-2021-31504,0.01103,0.51945
CVE-2021-31505,0.01005,0.36332
CVE-2021-31506,0.01103,0.51945
CVE-2021-31507,0.01103,0.51945
CVE-2021-31508,0.01103,0.51945
CVE-2021-31509,0.01103,0.51945
CVE-2021-3151,0.01061,0.51015
CVE-2021-31510,0.01103,0.51945
CVE-2021-31511,0.01103,0.51945
CVE-2021-31512,0.01103,0.51945
CVE-2021-31513,0.01103,0.51945
CVE-2021-31514,0.01103,0.51945
CVE-2021-31515,0.01611,0.74874
CVE-2021-31516,0.01611,0.74874
CVE-2021-31517,0.00885,0.26162
CVE-2021-31518,0.00885,0.26162
CVE-2021-31519,0.00885,0.26162
CVE-2021-3152,0.00885,0.26162
CVE-2021-31520,0.01055,0.50287
CVE-2021-31521,0.00885,0.26162
CVE-2021-31522,0.00885,0.26162
CVE-2021-31523,0.00885,0.26162
CVE-2021-31525,0.01213,0.6557
CVE-2021-3153,0.00885,0.26162
CVE-2021-31530,0.00885,0.26162
CVE-2021-31531,0.00885,0.26162
CVE-2021-31532,0.00885,0.26162
CVE-2021-31535,0.10667,0.94413
CVE-2021-31538,0.00885,0.26162
CVE-2021-31539,0.0089,0.2856
CVE-2021-3154,0.00885,0.26162
CVE-2021-31540,0.0089,0.2856
CVE-2021-31542,0.01183,0.60428
CVE-2021-31545,0.00885,0.26162
CVE-2021-31546,0.00885,0.26162
CVE-2021-31547,0.0089,0.2856
CVE-2021-31548,0.00885,0.26162
CVE-2021-31549,0.0089,0.2856
CVE-2021-3155,0.0089,0.2856
CVE-2021-31550,0.00885,0.26162
CVE-2021-31551,0.01018,0.38792
CVE-2021-31552,0.00885,0.26162
CVE-2021-31553,0.01108,0.53389
CVE-2021-31554,0.00885,0.26162
CVE-2021-31555,0.00885,0.26162
CVE-2021-31556,0.01018,0.38792
CVE-2021-31558,0.00885,0.26162
CVE-2021-31559,0.00885,0.26162
CVE-2021-31562,0.00885,0.26162
CVE-2021-31566,0.01018,0.38792
CVE-2021-31567,0.0089,0.2856
CVE-2021-31571,0.00885,0.26162
CVE-2021-31572,0.00885,0.26162
CVE-2021-31579,0.00885,0.26162
CVE-2021-31580,0.01086,0.51674
CVE-2021-31583,0.0095,0.30554
CVE-2021-31584,0.01018,0.38792
CVE-2021-31585,0.00885,0.26162
CVE-2021-31586,0.00885,0.26162
CVE-2021-31589,0.00954,0.34522
CVE-2021-3159,0.00885,0.26162
CVE-2021-31590,0.01034,0.39824
CVE-2021-31597,0.01018,0.38792
CVE-2021-31598,0.00885,0.26162
CVE-2021-31599,0.00885,0.26162
CVE-2021-3160,0.01978,0.78447
CVE-2021-31600,0.00885,0.26162
CVE-2021-31601,0.00885,0.26162
CVE-2021-31602,0.00885,0.26162
CVE-2021-31604,0.00885,0.26162
CVE-2021-31605,0.02055,0.7893
CVE-2021-31606,0.00885,0.26162
CVE-2021-31607,0.01174,0.60051
CVE-2021-31609,0.00885,0.26162
CVE-2021-31610,0.01018,0.38792
CVE-2021-31611,0.01018,0.38792
CVE-2021-31612,0.00954,0.34522
CVE-2021-31613,0.01018,0.38792
CVE-2021-31615,0.00885,0.26162
CVE-2021-31616,0.02509,0.81058
CVE-2021-31617,0.01978,0.78447
CVE-2021-31618,0.03032,0.82851
CVE-2021-3162,0.00885,0.26162
CVE-2021-31624,0.01005,0.36332
CVE-2021-31627,0.01005,0.36332
CVE-2021-3163,0.01018,0.38792
CVE-2021-31630,0.01978,0.78447
CVE-2021-31631,0.00885,0.26162
CVE-2021-31632,0.01086,0.51674
CVE-2021-31641,0.01018,0.38792
CVE-2021-31642,0.0095,0.30554
CVE-2021-31643,0.0095,0.30554
CVE-2021-31645,0.01055,0.50287
CVE-2021-31646,0.00954,0.34522
CVE-2021-31649,0.00885,0.26162
CVE-2021-31655,0.00954,0.34522
CVE-2021-31658,0.00885,0.26162
CVE-2021-31659,0.00885,0.26162
CVE-2021-3166,0.00885,0.26162
CVE-2021-31660,0.00885,0.26162
CVE-2021-31661,0.00885,0.26162
CVE-2021-31662,0.00885,0.26162
CVE-2021-31663,0.00954,0.34522
CVE-2021-31664,0.00885,0.26162
CVE-2021-3167,0.0089,0.2856
CVE-2021-31671,0.00885,0.26162
CVE-2021-31673,0.01136,0.57949
CVE-2021-31674,0.01213,0.6557
CVE-2021-31676,0.00954,0.34522
CVE-2021-31677,0.00954,0.34522
CVE-2021-31678,0.00954,0.34522
CVE-2021-31679,0.00954,0.34522
CVE-2021-31682,0.00954,0.34522
CVE-2021-31684,0.01108,0.53389
CVE-2021-3169,0.00954,0.34522
CVE-2021-31698,0.00885,0.26162
CVE-2021-31701,0.00885,0.26162
CVE-2021-31702,0.00885,0.26162
CVE-2021-31703,0.00885,0.26162
CVE-2021-31712,0.0089,0.2856
CVE-2021-31718,0.04836,0.88802
CVE-2021-31721,0.00954,0.34522
CVE-2021-31726,0.01055,0.50287
CVE-2021-31731,0.00885,0.26162
CVE-2021-31737,0.01156,0.60033
CVE-2021-31738,0.00885,0.26162
CVE-2021-31745,0.00885,0.26162
CVE-2021-31746,0.01086,0.51674
CVE-2021-31747,0.00885,0.26162
CVE-2021-31755,0.01086,0.51674
CVE-2021-31756,0.01086,0.51674
CVE-2021-31757,0.01086,0.51674
CVE-2021-31758,0.01086,0.51674
CVE-2021-3176,0.00885,0.26162
CVE-2021-31762,0.01018,0.38792
CVE-2021-31769,0.01156,0.60033
CVE-2021-3177,0.10667,0.94413
CVE-2021-31776,0.0089,0.2856
CVE-2021-31777,0.0089,0.2856
CVE-2021-31778,0.00885,0.26162
CVE-2021-31779,0.00885,0.26162
CVE-2021-3178,0.01132,0.54372
CVE-2021-31780,0.00885,0.26162
CVE-2021-31783,0.00954,0.34522
CVE-2021-31784,0.01005,0.36332
CVE-2021-31785,0.00954,0.34522
CVE-2021-31786,0.00954,0.34522
CVE-2021-31787,0.00954,0.34522
CVE-2021-3179,0.0089,0.2856
CVE-2021-31791,0.00885,0.26162
CVE-2021-31792,0.0089,0.2856
CVE-2021-31793,0.00885,0.26162
CVE-2021-31794,0.00885,0.26162
CVE-2021-31795,0.00885,0.26162
CVE-2021-31797,0.01018,0.38792
CVE-2021-31798,0.0095,0.30554
CVE-2021-31799,0.01365,0.70715
CVE-2021-31802,0.22083,0.9643
CVE-2021-31803,0.00885,0.26162
CVE-2021-31804,0.00885,0.26162
CVE-2021-31806,0.01034,0.39824
CVE-2021-31807,0.01034,0.39824
CVE-2021-31808,0.01034,0.39824
CVE-2021-3181,0.01955,0.77585
CVE-2021-31810,0.01108,0.53389
CVE-2021-31811,0.05242,0.89216
CVE-2021-31812,0.05242,0.89216
CVE-2021-31813,0.00885,0.26162
CVE-2021-31814,0.00885,0.26162
CVE-2021-31815,0.00885,0.26162
CVE-2021-31816,0.00885,0.26162
CVE-2021-31817,0.00885,0.26162
CVE-2021-31818,0.00885,0.26162
CVE-2021-31819,0.01156,0.60033
CVE-2021-3182,0.00885,0.26162
CVE-2021-31820,0.00885,0.26162
CVE-2021-31821,0.00885,0.26162
CVE-2021-31822,0.00885,0.26162
CVE-2021-31826,0.01018,0.38792
CVE-2021-31827,0.00849,1e-5
CVE-2021-31828,0.0089,0.2856
CVE-2021-31829,0.01034,0.39824
CVE-2021-3183,0.00885,0.26162
CVE-2021-31830,0.00885,0.26162
CVE-2021-31831,0.01055,0.50287
CVE-2021-31832,0.00885,0.26162
CVE-2021-31833,0.00885,0.26162
CVE-2021-31834,0.00885,0.26162
CVE-2021-31835,0.00885,0.26162
CVE-2021-31836,0.00885,0.26162
CVE-2021-31837,0.01036,0.41241
CVE-2021-31838,0.02055,0.7893
CVE-2021-31839,0.00885,0.26162
CVE-2021-3184,0.00885,0.26162
CVE-2021-31840,0.01036,0.41241
CVE-2021-31841,0.01036,0.41241
CVE-2021-31842,0.00885,0.26162
CVE-2021-31843,0.00885,0.26162
CVE-2021-31844,0.01036,0.41241
CVE-2021-31845,0.01103,0.51945
CVE-2021-31847,0.01005,0.36332
CVE-2021-31848,0.01055,0.50287
CVE-2021-31849,0.01055,0.50287
CVE-2021-3185,0.0144,0.7265
CVE-2021-31850,0.01055,0.50287
CVE-2021-31851,0.01055,0.50287
CVE-2021-31852,0.01055,0.50287
CVE-2021-31853,0.01036,0.41241
CVE-2021-31854,0.01005,0.35949
CVE-2021-31855,0.00885,0.26162
CVE-2021-31857,0.00885,0.26162
CVE-2021-31858,0.01055,0.50287
CVE-2021-31859,0.00885,0.26162
CVE-2021-3186,0.02173,0.80027
CVE-2021-31862,0.00885,0.26162
CVE-2021-31863,0.00954,0.34522
CVE-2021-31864,0.00954,0.34522
CVE-2021-31865,0.00954,0.34522
CVE-2021-31866,0.00954,0.34522
CVE-2021-31867,0.00885,0.26162
CVE-2021-31868,0.00885,0.26162
CVE-2021-31869,0.00885,0.26162
CVE-2021-31870,0.01018,0.38792
CVE-2021-31871,0.01018,0.38792
CVE-2021-31872,0.01018,0.38792
CVE-2021-31873,0.01018,0.38792
CVE-2021-31874,0.00885,0.26162
CVE-2021-31875,0.00954,0.34522
CVE-2021-31876,0.01018,0.38792
CVE-2021-31878,0.01916,0.76518
CVE-2021-31879,0.00885,0.26162
CVE-2021-3188,0.00885,0.26162
CVE-2021-31881,0.00954,0.34522
CVE-2021-31882,0.00954,0.34522
CVE-2021-31883,0.00954,0.34522
CVE-2021-31884,0.00954,0.34522
CVE-2021-31885,0.00954,0.34522
CVE-2021-31886,0.01978,0.78447
CVE-2021-31887,0.01978,0.78447
CVE-2021-31888,0.01978,0.78447
CVE-2021-31889,0.01018,0.38792
CVE-2021-3189,0.00954,0.34522
CVE-2021-31890,0.01018,0.38792
CVE-2021-31891,0.01156,0.60033
CVE-2021-31892,0.00885,0.26162
CVE-2021-31893,0.01103,0.51945
CVE-2021-31894,0.00885,0.26162
CVE-2021-31895,0.01156,0.60033
CVE-2021-31897,0.0144,0.7265
CVE-2021-31898,0.00885,0.26162
CVE-2021-31899,0.0144,0.7265
CVE-2021-3190,0.02359,0.80663
CVE-2021-31900,0.00885,0.26162
CVE-2021-31901,0.00885,0.26162
CVE-2021-31902,0.00885,0.26162
CVE-2021-31903,0.00885,0.26162
CVE-2021-31904,0.00885,0.26162
CVE-2021-31905,0.00885,0.26162
CVE-2021-31906,0.00885,0.26162
CVE-2021-31907,0.00885,0.26162
CVE-2021-31908,0.00885,0.26162
CVE-2021-31909,0.01978,0.78447
CVE-2021-3191,0.01061,0.51015
CVE-2021-31910,0.00885,0.26162
CVE-2021-31911,0.00885,0.26162
CVE-2021-31912,0.00885,0.26162
CVE-2021-31913,0.00885,0.26162
CVE-2021-31914,0.0144,0.7265
CVE-2021-31915,0.01978,0.78447
CVE-2021-31916,0.0095,0.30554
CVE-2021-31917,0.00885,0.26162
CVE-2021-31918,0.00885,0.26162
CVE-2021-31919,0.00885,0.26162
CVE-2021-31920,0.00885,0.26162
CVE-2021-31921,0.00885,0.26162
CVE-2021-31922,0.00885,0.26162
CVE-2021-31923,0.00885,0.26162
CVE-2021-31924,0.01018,0.38792
CVE-2021-31925,0.01055,0.50287
CVE-2021-31926,0.01055,0.50287
CVE-2021-31927,0.00885,0.26162
CVE-2021-31928,0.00885,0.26162
CVE-2021-31929,0.00885,0.26162
CVE-2021-3193,0.00885,0.26162
CVE-2021-31930,0.01055,0.50287
CVE-2021-31932,0.00885,0.26162
CVE-2021-31933,0.04571,0.88388
CVE-2021-31934,0.00885,0.26162
CVE-2021-31935,0.00885,0.26162
CVE-2021-31936,0.02427,0.80786
CVE-2021-31938,0.02427,0.80786
CVE-2021-31939,0.04475,0.87758
CVE-2021-31940,0.01648,0.74957
CVE-2021-31941,0.04475,0.87758
CVE-2021-31942,0.01648,0.74957
CVE-2021-31943,0.01648,0.74957
CVE-2021-31944,0.02427,0.80786
CVE-2021-31945,0.04475,0.87758
CVE-2021-31946,0.14958,0.95685
CVE-2021-31947,0.01528,0.72895
CVE-2021-31948,0.0115,0.5906
CVE-2021-31949,0.01648,0.74957
CVE-2021-3195,0.00885,0.26162
CVE-2021-31950,0.01178,0.60108
CVE-2021-31951,0.0115,0.5906
CVE-2021-31952,0.0115,0.5906
CVE-2021-31953,0.0115,0.5906
CVE-2021-31954,0.01178,0.60108
CVE-2021-31957,0.06908,0.9183
CVE-2021-31958,0.02427,0.80786
CVE-2021-31959,0.02861,0.82385
CVE-2021-3196,0.0089,0.2856
CVE-2021-31960,0.0115,0.5906
CVE-2021-31961,0.01178,0.60108
CVE-2021-31962,0.02844,0.8238
CVE-2021-31963,0.01967,0.77799
CVE-2021-31964,0.0115,0.5906
CVE-2021-31965,0.0115,0.5906
CVE-2021-31966,0.01967,0.77799
CVE-2021-31967,0.01728,0.75198
CVE-2021-31968,0.02427,0.80786
CVE-2021-31969,0.01178,0.60108
CVE-2021-3197,0.01537,0.73595
CVE-2021-31970,0.01178,0.60108
CVE-2021-31971,0.02427,0.80786
CVE-2021-31972,0.0115,0.5906
CVE-2021-31973,0.0115,0.5906
CVE-2021-31974,0.02427,0.80786
CVE-2021-31975,0.02427,0.80786
CVE-2021-31976,0.02427,0.80786
CVE-2021-31977,0.02427,0.80786
CVE-2021-31978,0.0115,0.5906
CVE-2021-31979,0.0115,0.5906
CVE-2021-3198,0.00885,0.26162
CVE-2021-31980,0.01728,0.75198
CVE-2021-31983,0.04475,0.87758
CVE-2021-31984,0.01601,0.74633
CVE-2021-31985,0.04683,0.8861
CVE-2021-31986,0.00885,0.26162
CVE-2021-31987,0.00885,0.26162
CVE-2021-31988,0.00885,0.26162
CVE-2021-31989,0.00885,0.26162
CVE-2021-3199,0.05634,0.89764
CVE-2021-31996,0.00885,0.26162
CVE-2021-31997,0.00885,0.26162
CVE-2021-31998,0.00885,0.26162
CVE-2021-31999,0.00885,0.26162
CVE-2021-3200,0.00954,0.34522
CVE-2021-32000,0.00885,0.26162
CVE-2021-32001,0.00885,0.26162
CVE-2021-32002,0.00885,0.26162
CVE-2021-32003,0.00885,0.26162
CVE-2021-32004,0.00885,0.26162
CVE-2021-32005,0.01086,0.51674
CVE-2021-32006,0.00885,0.26162
CVE-2021-32008,0.00885,0.26162
CVE-2021-32009,0.00885,0.26162
CVE-2021-32010,0.00885,0.26162
CVE-2021-32012,0.01018,0.38792
CVE-2021-32013,0.01018,0.38792
CVE-2021-32014,0.01018,0.38792
CVE-2021-32015,0.00885,0.26162
CVE-2021-32016,0.01086,0.51674
CVE-2021-32017,0.00885,0.26162
CVE-2021-32018,0.00885,0.26162
CVE-2021-32019,0.00885,0.26162
CVE-2021-32020,0.00885,0.26162
CVE-2021-32021,0.01036,0.41241
CVE-2021-32022,0.01036,0.41241
CVE-2021-32023,0.01036,0.41241
CVE-2021-32024,0.01156,0.60033
CVE-2021-32025,0.00885,0.26162
CVE-2021-32027,0.0089,0.2856
CVE-2021-32028,0.0089,0.2856
CVE-2021-32029,0.0089,0.2856
CVE-2021-32030,0.00885,0.26162
CVE-2021-32032,0.00954,0.34522
CVE-2021-32033,0.00954,0.34522
CVE-2021-32036,0.00885,0.26162
CVE-2021-32037,0.00885,0.26162
CVE-2021-32039,0.00885,0.26162
CVE-2021-3204,0.00885,0.26162
CVE-2021-32040,0.01018,0.38792
CVE-2021-32051,0.00954,0.34522
CVE-2021-32052,0.01108,0.53389
CVE-2021-32053,0.00954,0.34522
CVE-2021-32054,0.00954,0.34522
CVE-2021-32055,0.01018,0.38792
CVE-2021-32056,0.01232,0.66248
CVE-2021-32061,0.00954,0.34522
CVE-2021-32062,0.01108,0.53389
CVE-2021-32066,0.01108,0.53389
CVE-2021-32067,0.00885,0.26162
CVE-2021-32068,0.00885,0.26162
CVE-2021-32069,0.00885,0.26162
CVE-2021-32070,0.00885,0.26162
CVE-2021-32071,0.00885,0.26162
CVE-2021-32072,0.00885,0.26162
CVE-2021-32073,0.01156,0.60033
CVE-2021-32074,0.01018,0.38792
CVE-2021-32075,0.01018,0.38792
CVE-2021-32076,0.00885,0.26162
CVE-2021-32077,0.00885,0.26162
CVE-2021-32078,0.0095,0.30554
CVE-2021-32089,0.0144,0.7265
CVE-2021-32090,0.00885,0.26162
CVE-2021-32091,0.00885,0.26162
CVE-2021-32092,0.01055,0.50287
CVE-2021-32093,0.00885,0.26162
CVE-2021-32094,0.00885,0.26162
CVE-2021-32095,0.00885,0.26162
CVE-2021-32096,0.00885,0.26162
CVE-2021-32098,0.00954,0.34522
CVE-2021-3210,0.01136,0.57949
CVE-2021-32100,0.01061,0.51015
CVE-2021-32101,0.01018,0.38792
CVE-2021-32102,0.0095,0.30554
CVE-2021-32103,0.0095,0.30554
CVE-2021-32104,0.0095,0.30554
CVE-2021-32106,0.0089,0.2856
CVE-2021-32122,0.00885,0.26162
CVE-2021-32132,0.00885,0.26162
CVE-2021-32134,0.00885,0.26162
CVE-2021-32135,0.00885,0.26162
CVE-2021-32136,0.01005,0.36332
CVE-2021-32137,0.01005,0.36332
CVE-2021-32138,0.00885,0.26162
CVE-2021-32139,0.00885,0.26162
CVE-2021-32156,0.00885,0.26162
CVE-2021-32158,0.00885,0.26162
CVE-2021-32159,0.00885,0.26162
CVE-2021-32160,0.00885,0.26162
CVE-2021-32161,0.00885,0.26162
CVE-2021-32162,0.00885,0.26162
CVE-2021-32172,0.08918,0.93689
CVE-2021-32198,0.00885,0.26162
CVE-2021-32202,0.00885,0.26162
CVE-2021-32233,0.00885,0.26162
CVE-2021-32234,0.01978,0.78447
CVE-2021-32238,0.0149,0.72731
CVE-2021-3224,0.00885,0.26162
CVE-2021-32243,0.00885,0.26162
CVE-2021-32244,0.01055,0.50287
CVE-2021-32245,0.00885,0.26162
CVE-2021-32263,0.00885,0.26162
CVE-2021-32265,0.01086,0.51674
CVE-2021-32268,0.01005,0.36332
CVE-2021-32269,0.00885,0.26162
CVE-2021-32270,0.00885,0.26162
CVE-2021-32271,0.01036,0.41241
CVE-2021-32272,0.01559,0.742
CVE-2021-32273,0.01005,0.36332
CVE-2021-32274,0.01559,0.742
CVE-2021-32275,0.00885,0.26162
CVE-2021-32276,0.00954,0.34522
CVE-2021-32277,0.01559,0.742
CVE-2021-32278,0.01559,0.742
CVE-2021-32280,0.00954,0.34522
CVE-2021-32281,0.01036,0.41241
CVE-2021-32282,0.00885,0.26162
CVE-2021-32283,0.00885,0.26162
CVE-2021-32284,0.00885,0.26162
CVE-2021-32285,0.00885,0.26162
CVE-2021-32286,0.01036,0.41241
CVE-2021-32287,0.01036,0.41241
CVE-2021-32288,0.01036,0.41241
CVE-2021-32289,0.00885,0.26162
CVE-2021-3229,0.00954,0.34522
CVE-2021-32294,0.01086,0.51674
CVE-2021-32297,0.01086,0.51674
CVE-2021-32298,0.01086,0.51674
CVE-2021-32299,0.01036,0.41241
CVE-2021-32305,0.01055,0.50287
CVE-2021-3239,0.07936,0.92971
CVE-2021-32399,0.01034,0.39824
CVE-2021-32402,0.00885,0.26162
CVE-2021-32403,0.00885,0.26162
CVE-2021-3242,0.00885,0.26162
CVE-2021-32424,0.00885,0.26162
CVE-2021-32426,0.00885,0.26162
CVE-2021-32428,0.01018,0.38792
CVE-2021-3243,0.00885,0.26162
CVE-2021-32434,0.01108,0.53389
CVE-2021-32435,0.01319,0.70416
CVE-2021-32436,0.01319,0.70416
CVE-2021-32437,0.00885,0.26162
CVE-2021-32438,0.00885,0.26162
CVE-2021-32439,0.01005,0.36332
CVE-2021-32440,0.00885,0.26162
CVE-2021-32453,0.00885,0.26162
CVE-2021-32454,0.00885,0.26162
CVE-2021-32455,0.00885,0.26162
CVE-2021-32456,0.00885,0.26162
CVE-2021-32457,0.00885,0.26162
CVE-2021-32458,0.01005,0.36332
CVE-2021-32459,0.00885,0.26162
CVE-2021-3246,0.02509,0.81058
CVE-2021-32460,0.00885,0.26162
CVE-2021-32461,0.00885,0.26162
CVE-2021-32462,0.01978,0.78447
CVE-2021-32463,0.0089,0.2856
CVE-2021-32464,0.0095,0.30554
CVE-2021-32465,0.01061,0.51015
CVE-2021-32466,0.0089,0.2856
CVE-2021-32467,0.00885,0.26162
CVE-2021-32468,0.00885,0.26162
CVE-2021-32469,0.00885,0.26162
CVE-2021-32470,0.00885,0.26162
CVE-2021-32472,0.00885,0.26162
CVE-2021-32473,0.00885,0.26162
CVE-2021-32474,0.00885,0.26162
CVE-2021-32475,0.00885,0.26162
CVE-2021-32476,0.00885,0.26162
CVE-2021-32477,0.00885,0.26162
CVE-2021-32478,0.00885,0.26162
CVE-2021-32481,0.00885,0.26162
CVE-2021-32482,0.00885,0.26162
CVE-2021-32483,0.00885,0.26162
CVE-2021-32484,0.01156,0.60033
CVE-2021-32485,0.01156,0.60033
CVE-2021-32486,0.01156,0.60033
CVE-2021-32487,0.01156,0.60033
CVE-2021-32489,0.00885,0.26162
CVE-2021-32490,0.00885,0.26162
CVE-2021-32491,0.00885,0.26162
CVE-2021-32492,0.00885,0.26162
CVE-2021-32493,0.00885,0.26162
CVE-2021-32496,0.00885,0.26162
CVE-2021-32497,0.00885,0.26162
CVE-2021-32498,0.00885,0.26162
CVE-2021-32499,0.00885,0.26162
CVE-2021-32503,0.00885,0.26162
CVE-2021-32504,0.00885,0.26162
CVE-2021-32506,0.01055,0.50287
CVE-2021-32507,0.01055,0.50287
CVE-2021-32508,0.01055,0.50287
CVE-2021-32509,0.01055,0.50287
CVE-2021-32510,0.01055,0.50287
CVE-2021-32511,0.01055,0.50287
CVE-2021-32512,0.01055,0.50287
CVE-2021-32513,0.01055,0.50287
CVE-2021-32514,0.01055,0.50287
CVE-2021-32515,0.00885,0.26162
CVE-2021-32516,0.01055,0.50287
CVE-2021-32517,0.01055,0.50287
CVE-2021-32518,0.01055,0.50287
CVE-2021-32519,0.01055,0.50287
CVE-2021-3252,0.00954,0.34522
CVE-2021-32520,0.00885,0.26162
CVE-2021-32521,0.00885,0.26162
CVE-2021-32522,0.01055,0.50287
CVE-2021-32523,0.01055,0.50287
CVE-2021-32524,0.01055,0.50287
CVE-2021-32525,0.01055,0.50287
CVE-2021-32526,0.01055,0.50287
CVE-2021-32527,0.01055,0.50287
CVE-2021-32528,0.01055,0.50287
CVE-2021-32529,0.01055,0.50287
CVE-2021-32530,0.01055,0.50287
CVE-2021-32531,0.01055,0.50287
CVE-2021-32532,0.01055,0.50287
CVE-2021-32533,0.01055,0.50287
CVE-2021-32534,0.01055,0.50287
CVE-2021-32535,0.01055,0.50287
CVE-2021-32536,0.01055,0.50287
CVE-2021-32538,0.01156,0.60033
CVE-2021-32539,0.01055,0.50287
CVE-2021-3254,0.01055,0.50287
CVE-2021-32540,0.00885,0.26162
CVE-2021-32541,0.01055,0.50287
CVE-2021-32542,0.00885,0.26162
CVE-2021-32543,0.01055,0.50287
CVE-2021-32544,0.01055,0.50287
CVE-2021-32545,0.01055,0.50287
CVE-2021-32546,0.01978,0.78447
CVE-2021-32547,0.00885,0.26162
CVE-2021-32548,0.00885,0.26162
CVE-2021-32549,0.00885,0.26162
CVE-2021-32550,0.00885,0.26162
CVE-2021-32551,0.00885,0.26162
CVE-2021-32552,0.00885,0.26162
CVE-2021-32553,0.00885,0.26162
CVE-2021-32554,0.00885,0.26162
CVE-2021-32555,0.00885,0.26162
CVE-2021-32556,0.00885,0.26162
CVE-2021-32557,0.00885,0.26162
CVE-2021-32558,0.0223,0.80449
CVE-2021-32559,0.0095,0.30554
CVE-2021-3256,0.00885,0.26162
CVE-2021-32560,0.0089,0.2856
CVE-2021-32561,0.00954,0.34522
CVE-2021-32563,0.02762,0.82156
CVE-2021-32565,0.00885,0.26162
CVE-2021-32566,0.00885,0.26162
CVE-2021-32567,0.00885,0.26162
CVE-2021-32568,0.00885,0.26162
CVE-2021-32569,0.00885,0.26162
CVE-2021-32570,0.00885,0.26162
CVE-2021-32571,0.00885,0.26162
CVE-2021-32572,0.00885,0.26162
CVE-2021-32573,0.00885,0.26162
CVE-2021-32574,0.01018,0.38792
CVE-2021-32575,0.00885,0.26162
CVE-2021-32576,0.00885,0.26162
CVE-2021-32577,0.00885,0.26162
CVE-2021-32578,0.00885,0.26162
CVE-2021-32579,0.01005,0.36332
CVE-2021-3258,0.03917,0.84989
CVE-2021-32580,0.00885,0.26162
CVE-2021-32581,0.00954,0.34522
CVE-2021-32582,0.00954,0.34522
CVE-2021-32585,0.00885,0.26162
CVE-2021-32586,0.00885,0.26162
CVE-2021-32587,0.00885,0.26162
CVE-2021-32588,0.00885,0.26162
CVE-2021-32590,0.00885,0.26162
CVE-2021-32591,0.00885,0.26162
CVE-2021-32592,0.00885,0.26162
CVE-2021-32593,0.01055,0.50287
CVE-2021-32594,0.00885,0.26162
CVE-2021-32595,0.00885,0.26162
CVE-2021-32596,0.00885,0.26162
CVE-2021-32597,0.01055,0.50287
CVE-2021-32598,0.01055,0.50287
CVE-2021-32600,0.00885,0.26162
CVE-2021-32602,0.00885,0.26162
CVE-2021-32603,0.00885,0.26162
CVE-2021-32604,0.0089,0.2856
CVE-2021-32605,0.01055,0.50287
CVE-2021-32606,0.01282,0.67298
CVE-2021-32607,0.00885,0.26162
CVE-2021-32608,0.00885,0.26162
CVE-2021-32609,0.00885,0.26162
CVE-2021-32610,0.01282,0.67298
CVE-2021-32611,0.00885,0.26162
CVE-2021-32612,0.01018,0.38792
CVE-2021-32613,0.01183,0.60428
CVE-2021-32614,0.01036,0.41241
CVE-2021-32615,0.00885,0.26162
CVE-2021-32616,0.00885,0.26162
CVE-2021-32617,0.01108,0.53389
CVE-2021-32618,0.00885,0.26162
CVE-2021-32619,0.00885,0.26162
CVE-2021-32620,0.0089,0.2856
CVE-2021-32621,0.0095,0.30554
CVE-2021-32622,0.01005,0.36332
CVE-2021-32623,0.00885,0.26162
CVE-2021-32624,0.00885,0.26162
CVE-2021-32625,0.04571,0.88388
CVE-2021-32626,0.07218,0.9208
CVE-2021-32627,0.05822,0.89949
CVE-2021-32628,0.05822,0.89949
CVE-2021-32629,0.0095,0.30554
CVE-2021-32630,0.0089,0.2856
CVE-2021-32631,0.0095,0.30554
CVE-2021-32632,0.00954,0.34522
CVE-2021-32633,0.0095,0.30554
CVE-2021-32634,0.01978,0.78447
CVE-2021-32635,0.02509,0.81058
CVE-2021-32637,0.00885,0.26162
CVE-2021-32638,0.0095,0.30554
CVE-2021-32639,0.0089,0.2856
CVE-2021-3264,0.00885,0.26162
CVE-2021-32640,0.01018,0.38792
CVE-2021-32641,0.02509,0.81058
CVE-2021-32642,0.01018,0.38792
CVE-2021-32643,0.00954,0.34522
CVE-2021-32645,0.01018,0.38792
CVE-2021-32646,0.00885,0.26162
CVE-2021-32647,0.01978,0.78447
CVE-2021-32649,0.00885,0.26162
CVE-2021-32650,0.0144,0.7265
CVE-2021-32651,0.00885,0.26162
CVE-2021-32652,0.00885,0.26162
CVE-2021-32653,0.0089,0.2856
CVE-2021-32654,0.00954,0.34522
CVE-2021-32655,0.0089,0.2856
CVE-2021-32656,0.00954,0.34522
CVE-2021-32657,0.0089,0.2856
CVE-2021-32658,0.00954,0.34522
CVE-2021-32659,0.0089,0.2856
CVE-2021-32660,0.00954,0.34522
CVE-2021-32661,0.0089,0.2856
CVE-2021-32662,0.0089,0.2856
CVE-2021-32663,0.00954,0.34522
CVE-2021-32664,0.0095,0.30554
CVE-2021-32665,0.00885,0.26162
CVE-2021-32666,0.00885,0.26162
CVE-2021-32667,0.00885,0.26162
CVE-2021-32668,0.00885,0.26162
CVE-2021-32669,0.00885,0.26162
CVE-2021-32670,0.01018,0.38792
CVE-2021-32671,0.00954,0.34522
CVE-2021-32672,0.01104,0.52279
CVE-2021-32673,0.01213,0.6557
CVE-2021-32674,0.0095,0.30554
CVE-2021-32675,0.01537,0.73595
CVE-2021-32676,0.00885,0.26162
CVE-2021-32677,0.00954,0.34522
CVE-2021-32678,0.01108,0.53389
CVE-2021-32679,0.01108,0.53389
CVE-2021-32680,0.01034,0.39824
CVE-2021-32681,0.0095,0.30554
CVE-2021-32682,0.49423,0.98539
CVE-2021-32683,0.00885,0.26162
CVE-2021-32684,0.00885,0.26162
CVE-2021-32685,0.00954,0.34522
CVE-2021-32686,0.01108,0.53389
CVE-2021-32687,0.05822,0.89949
CVE-2021-32688,0.01034,0.39824
CVE-2021-32689,0.0095,0.30554
CVE-2021-32690,0.00885,0.26162
CVE-2021-32691,0.00954,0.34522
CVE-2021-32693,0.0095,0.30554
CVE-2021-32694,0.00954,0.34522
CVE-2021-32695,0.00954,0.34522
CVE-2021-32696,0.01018,0.38792
CVE-2021-32697,0.01018,0.38792
CVE-2021-32698,0.00885,0.26162
CVE-2021-32699,0.00885,0.26162
CVE-2021-32700,0.00885,0.26162
CVE-2021-32701,0.00954,0.34522
CVE-2021-32702,0.02509,0.81058
CVE-2021-32703,0.01108,0.53389
CVE-2021-32704,0.00885,0.26162
CVE-2021-32705,0.01108,0.53389
CVE-2021-32706,0.09112,0.9386
CVE-2021-32707,0.0089,0.2856
CVE-2021-32708,0.02762,0.82156
CVE-2021-32709,0.00885,0.26162
CVE-2021-3271,0.0089,0.2856
CVE-2021-32710,0.00885,0.26162
CVE-2021-32711,0.00954,0.34522
CVE-2021-32712,0.00954,0.34522
CVE-2021-32713,0.0089,0.2856
CVE-2021-32714,0.00885,0.26162
CVE-2021-32715,0.00885,0.26162
CVE-2021-32716,0.0089,0.2856
CVE-2021-32717,0.00954,0.34522
CVE-2021-32718,0.02199,0.80273
CVE-2021-32719,0.02199,0.80273
CVE-2021-3272,0.00954,0.34522
CVE-2021-32720,0.00885,0.26162
CVE-2021-32721,0.00885,0.26162
CVE-2021-32722,0.0095,0.30554
CVE-2021-32723,0.01018,0.38792
CVE-2021-32724,0.00885,0.26162
CVE-2021-32725,0.01018,0.38792
CVE-2021-32726,0.01018,0.38792
CVE-2021-32727,0.01018,0.38792
CVE-2021-32728,0.0095,0.30554
CVE-2021-32729,0.00885,0.26162
CVE-2021-3273,0.00885,0.26162
CVE-2021-32730,0.0089,0.2856
CVE-2021-32731,0.00954,0.34522
CVE-2021-32732,0.01018,0.38792
CVE-2021-32733,0.00954,0.34522
CVE-2021-32734,0.01018,0.38792
CVE-2021-32735,0.00885,0.26162
CVE-2021-32736,0.00885,0.26162
CVE-2021-32737,0.00885,0.26162
CVE-2021-32738,0.00885,0.26162
CVE-2021-32739,0.0089,0.2856
CVE-2021-32740,0.01018,0.38792
CVE-2021-32741,0.00954,0.34522
CVE-2021-32742,0.00885,0.26162
CVE-2021-32743,0.0089,0.2856
CVE-2021-32744,0.00885,0.26162
CVE-2021-32745,0.00885,0.26162
CVE-2021-32746,0.0095,0.30554
CVE-2021-32747,0.0095,0.30554
CVE-2021-32748,0.0089,0.2856
CVE-2021-32749,0.05634,0.89764
CVE-2021-3275,0.01018,0.38792
CVE-2021-32750,0.00885,0.26162
CVE-2021-32751,0.02199,0.80273
CVE-2021-32752,0.00885,0.26162
CVE-2021-32753,0.00885,0.26162
CVE-2021-32754,0.00885,0.26162
CVE-2021-32755,0.00885,0.26162
CVE-2021-32756,0.01086,0.51674
CVE-2021-32758,0.0089,0.2856
CVE-2021-32759,0.0089,0.2856
CVE-2021-32760,0.01018,0.38792
CVE-2021-32761,0.05471,0.89498
CVE-2021-32762,0.01104,0.52279
CVE-2021-32763,0.00885,0.26162
CVE-2021-32764,0.00885,0.26162
CVE-2021-32765,0.0095,0.30554
CVE-2021-32766,0.00954,0.34522
CVE-2021-32767,0.00885,0.26162
CVE-2021-32768,0.00885,0.26162
CVE-2021-32769,0.00885,0.26162
CVE-2021-3277,0.01156,0.60033
CVE-2021-32770,0.00885,0.26162
CVE-2021-32771,0.01018,0.38792
CVE-2021-32772,0.04836,0.88802
CVE-2021-32773,0.00885,0.26162
CVE-2021-32774,0.00954,0.34522
CVE-2021-32775,0.00885,0.26162
CVE-2021-32776,0.00885,0.26162
CVE-2021-32777,0.00885,0.26162
CVE-2021-32778,0.00885,0.26162
CVE-2021-32779,0.00885,0.26162
CVE-2021-3278,0.01564,0.74439
CVE-2021-32780,0.00885,0.26162
CVE-2021-32781,0.00885,0.26162
CVE-2021-32782,0.0089,0.2856
CVE-2021-32783,0.0089,0.2856
CVE-2021-32785,0.02398,0.80734
CVE-2021-32786,0.01183,0.60428
CVE-2021-32787,0.00885,0.26162
CVE-2021-32788,0.0089,0.2856
CVE-2021-32789,0.02509,0.81058
CVE-2021-3279,0.00885,0.26162
CVE-2021-32790,0.00885,0.26162
CVE-2021-32791,0.01108,0.53389
CVE-2021-32792,0.01108,0.53389
CVE-2021-32793,0.01055,0.50287
CVE-2021-32794,0.0089,0.2856
CVE-2021-32795,0.00954,0.34522
CVE-2021-32796,0.00954,0.34522
CVE-2021-32797,0.01689,0.75137
CVE-2021-32798,0.0144,0.7265
CVE-2021-32800,0.0095,0.30554
CVE-2021-32801,0.0095,0.30554
CVE-2021-32802,0.01018,0.38792
CVE-2021-32803,0.01108,0.53389
CVE-2021-32804,0.01108,0.53389
CVE-2021-32805,0.00885,0.26162
CVE-2021-32806,0.00954,0.34522
CVE-2021-32807,0.04571,0.88388
CVE-2021-32808,0.01034,0.39824
CVE-2021-32809,0.01034,0.39824
CVE-2021-3281,0.01018,0.38792
CVE-2021-32810,0.02686,0.82061
CVE-2021-32811,0.04571,0.88388
CVE-2021-32812,0.00954,0.34522
CVE-2021-32813,0.00954,0.34522
CVE-2021-32814,0.0095,0.30554
CVE-2021-32815,0.01018,0.38792
CVE-2021-32816,0.00885,0.26162
CVE-2021-32817,0.01018,0.38792
CVE-2021-32818,0.00885,0.26162
CVE-2021-32819,0.01689,0.75137
CVE-2021-3282,0.00885,0.26162
CVE-2021-32822,0.00885,0.26162
CVE-2021-32823,0.01018,0.38792
CVE-2021-32825,0.00954,0.34522
CVE-2021-32826,0.00885,0.26162
CVE-2021-32827,0.0144,0.7265
CVE-2021-32829,0.04571,0.88388
CVE-2021-3283,0.00885,0.26162
CVE-2021-32830,0.04836,0.88802
CVE-2021-32831,0.02199,0.80273
CVE-2021-32832,0.0095,0.30554
CVE-2021-32833,0.00885,0.26162
CVE-2021-32834,0.00885,0.26162
CVE-2021-32835,0.01156,0.60033
CVE-2021-32836,0.01885,0.76424
CVE-2021-32838,0.01108,0.53389
CVE-2021-32839,0.00885,0.26162
CVE-2021-32840,0.02509,0.81058
CVE-2021-32841,0.00954,0.34522
CVE-2021-32842,0.00885,0.26162
CVE-2021-3285,0.00885,0.26162
CVE-2021-3286,0.00885,0.26162
CVE-2021-32862,0.00885,0.26162
CVE-2021-3287,0.01978,0.78447
CVE-2021-3291,0.00885,0.26162
CVE-2021-32917,0.01537,0.73595
CVE-2021-32918,0.01183,0.60428
CVE-2021-32919,0.01183,0.60428
CVE-2021-32920,0.01183,0.60428
CVE-2021-32921,0.01537,0.73595
CVE-2021-32923,0.00954,0.34522
CVE-2021-32924,0.0095,0.30554
CVE-2021-32925,0.0095,0.30554
CVE-2021-32926,0.00885,0.26162
CVE-2021-32927,0.00885,0.26162
CVE-2021-32928,0.00885,0.26162
CVE-2021-32929,0.00885,0.26162
CVE-2021-3293,0.00885,0.26162
CVE-2021-32930,0.01086,0.51674
CVE-2021-32931,0.01559,0.742
CVE-2021-32932,0.00885,0.26162
CVE-2021-32933,0.00885,0.26162
CVE-2021-32934,0.00885,0.26162
CVE-2021-32935,0.01055,0.50287
CVE-2021-32936,0.01559,0.742
CVE-2021-32937,0.00885,0.26162
CVE-2021-32938,0.01018,0.38792
CVE-2021-32939,0.01005,0.36332
CVE-2021-3294,0.02192,0.80195
CVE-2021-32940,0.01018,0.38792
CVE-2021-32941,0.01156,0.60033
CVE-2021-32942,0.00885,0.26162
CVE-2021-32943,0.01086,0.51674
CVE-2021-32944,0.01559,0.742
CVE-2021-32945,0.00885,0.26162
CVE-2021-32946,0.01559,0.742
CVE-2021-32947,0.01005,0.36332
CVE-2021-32948,0.01559,0.742
CVE-2021-32949,0.00885,0.26162
CVE-2021-32950,0.01018,0.38792
CVE-2021-32951,0.00885,0.26162
CVE-2021-32952,0.01559,0.742
CVE-2021-32953,0.00885,0.26162
CVE-2021-32954,0.00885,0.26162
CVE-2021-32955,0.01338,0.70562
CVE-2021-32956,0.00885,0.26162
CVE-2021-32957,0.00885,0.26162
CVE-2021-32958,0.00885,0.26162
CVE-2021-32959,0.00885,0.26162
CVE-2021-32960,0.01055,0.50287
CVE-2021-32961,0.01086,0.51674
CVE-2021-32962,0.01086,0.51674
CVE-2021-32963,0.00885,0.26162
CVE-2021-32964,0.00885,0.26162
CVE-2021-32965,0.01036,0.41241
CVE-2021-32966,0.00885,0.26162
CVE-2021-32967,0.00885,0.26162
CVE-2021-32968,0.01055,0.50287
CVE-2021-32969,0.01036,0.41241
CVE-2021-32970,0.01055,0.50287
CVE-2021-32971,0.00885,0.26162
CVE-2021-32972,0.00885,0.26162
CVE-2021-32974,0.01055,0.50287
CVE-2021-32975,0.01036,0.41241
CVE-2021-32976,0.01978,0.78447
CVE-2021-32977,0.00885,0.26162
CVE-2021-32978,0.00885,0.26162
CVE-2021-32979,0.00885,0.26162
CVE-2021-3298,0.02192,0.80195
CVE-2021-32980,0.00885,0.26162
CVE-2021-32981,0.00885,0.26162
CVE-2021-32982,0.00885,0.26162
CVE-2021-32983,0.01156,0.60033
CVE-2021-32984,0.00885,0.26162
CVE-2021-32985,0.00885,0.26162
CVE-2021-32986,0.00885,0.26162
CVE-2021-32987,0.00885,0.26162
CVE-2021-32988,0.01086,0.51674
CVE-2021-32989,0.00885,0.26162
CVE-2021-32990,0.01086,0.51674
CVE-2021-32991,0.00885,0.26162
CVE-2021-32992,0.01086,0.51674
CVE-2021-32993,0.00885,0.26162
CVE-2021-32994,0.00885,0.26162
CVE-2021-32995,0.01036,0.41241
CVE-2021-32996,0.00885,0.26162
CVE-2021-32997,0.00885,0.26162
CVE-2021-32998,0.01086,0.51674
CVE-2021-32999,0.00885,0.26162
CVE-2021-33000,0.01036,0.41241
CVE-2021-33001,0.01086,0.51674
CVE-2021-33002,0.01036,0.41241
CVE-2021-33003,0.00885,0.26162
CVE-2021-33004,0.01036,0.41241
CVE-2021-33005,0.01055,0.50287
CVE-2021-33007,0.01036,0.41241
CVE-2021-33008,0.00885,0.26162
CVE-2021-33009,0.01055,0.50287
CVE-2021-33010,0.00885,0.26162
CVE-2021-33011,0.00885,0.26162
CVE-2021-33012,0.01055,0.50287
CVE-2021-33013,0.00885,0.26162
CVE-2021-33014,0.00885,0.26162
CVE-2021-33015,0.01036,0.41241
CVE-2021-33016,0.00885,0.26162
CVE-2021-33017,0.00885,0.26162
CVE-2021-33018,0.00885,0.26162
CVE-2021-33019,0.01005,0.36332
CVE-2021-33020,0.00885,0.26162
CVE-2021-33021,0.01086,0.51674
CVE-2021-33022,0.00885,0.26162
CVE-2021-33023,0.01086,0.51674
CVE-2021-33024,0.00885,0.26162
CVE-2021-33025,0.00885,0.26162
CVE-2021-33027,0.00885,0.26162
CVE-2021-33031,0.01055,0.50287
CVE-2021-33032,0.05634,0.89764
CVE-2021-33033,0.01034,0.39824
CVE-2021-33034,0.01034,0.39824
CVE-2021-33035,0.01559,0.742
CVE-2021-33036,0.0089,0.2856
CVE-2021-33037,0.05242,0.89216
CVE-2021-33038,0.01018,0.38792
CVE-2021-3304,0.00885,0.26162
CVE-2021-33040,0.00954,0.34522
CVE-2021-33041,0.01156,0.60033
CVE-2021-33046,0.00954,0.34522
CVE-2021-33054,0.01018,0.38792
CVE-2021-33055,0.01978,0.78447
CVE-2021-33056,0.00885,0.26162
CVE-2021-33057,0.00954,0.34522
CVE-2021-33058,0.00885,0.26162
CVE-2021-33059,0.00885,0.26162
CVE-2021-33060,0.00885,0.26162
CVE-2021-33061,0.00885,0.26162
CVE-2021-33062,0.00885,0.26162
CVE-2021-33063,0.00885,0.26162
CVE-2021-33068,0.00885,0.26162
CVE-2021-33069,0.00885,0.26162
CVE-2021-33071,0.00885,0.26162
CVE-2021-33073,0.00885,0.26162
CVE-2021-33074,0.00885,0.26162
CVE-2021-33075,0.00885,0.26162
CVE-2021-33077,0.00885,0.26162
CVE-2021-33078,0.00885,0.26162
CVE-2021-3308,0.0095,0.30554
CVE-2021-33080,0.00885,0.26162
CVE-2021-33082,0.00885,0.26162
CVE-2021-33083,0.00885,0.26162
CVE-2021-33086,0.00885,0.26162
CVE-2021-33087,0.00885,0.26162
CVE-2021-33088,0.00885,0.26162
CVE-2021-33089,0.00885,0.26162
CVE-2021-3309,0.00954,0.34522
CVE-2021-33090,0.00885,0.26162
CVE-2021-33091,0.00885,0.26162
CVE-2021-33092,0.00885,0.26162
CVE-2021-33093,0.00885,0.26162
CVE-2021-33094,0.00885,0.26162
CVE-2021-33095,0.00885,0.26162
CVE-2021-33096,0.00885,0.26162
CVE-2021-33097,0.00885,0.26162
CVE-2021-33098,0.00885,0.26162
CVE-2021-3310,0.01005,0.36332
CVE-2021-33101,0.00885,0.26162
CVE-2021-33103,0.00885,0.26162
CVE-2021-33105,0.00885,0.26162
CVE-2021-33106,0.00885,0.26162
CVE-2021-33107,0.00885,0.26162
CVE-2021-33108,0.00885,0.26162
CVE-2021-3311,0.00954,0.34522
CVE-2021-33110,0.00885,0.26162
CVE-2021-33113,0.00885,0.26162
CVE-2021-33114,0.00885,0.26162
CVE-2021-33115,0.00885,0.26162
CVE-2021-33117,0.00885,0.26162
CVE-2021-33118,0.00885,0.26162
CVE-2021-33119,0.00885,0.26162
CVE-2021-3312,0.01055,0.50287
CVE-2021-33120,0.00885,0.26162
CVE-2021-33122,0.00885,0.26162
CVE-2021-33123,0.00885,0.26162
CVE-2021-33124,0.00885,0.26162
CVE-2021-33126,0.00885,0.26162
CVE-2021-33128,0.00885,0.26162
CVE-2021-33129,0.00885,0.26162
CVE-2021-3313,0.0095,0.30554
CVE-2021-33130,0.00885,0.26162
CVE-2021-33135,0.00885,0.26162
CVE-2021-33137,0.00885,0.26162
CVE-2021-33139,0.00885,0.26162
CVE-2021-3314,0.00885,0.26162
CVE-2021-33147,0.00885,0.26162
CVE-2021-33149,0.00885,0.26162
CVE-2021-3315,0.00885,0.26162
CVE-2021-33150,0.00885,0.26162
CVE-2021-33155,0.00885,0.26162
CVE-2021-33166,0.00885,0.26162
CVE-2021-3317,0.07308,0.9216
CVE-2021-33175,0.00885,0.26162
CVE-2021-33176,0.00885,0.26162
CVE-2021-33177,0.00885,0.26162
CVE-2021-33178,0.00885,0.26162
CVE-2021-33179,0.00885,0.26162
CVE-2021-3318,0.00885,0.26162
CVE-2021-33180,0.01055,0.50287
CVE-2021-33181,0.01055,0.50287
CVE-2021-33182,0.01055,0.50287
CVE-2021-33183,0.00885,0.26162
CVE-2021-33184,0.01055,0.50287
CVE-2021-33185,0.00885,0.26162
CVE-2021-33186,0.00885,0.26162
CVE-2021-3319,0.00885,0.26162
CVE-2021-33190,0.00954,0.34522
CVE-2021-33191,0.00954,0.34522
CVE-2021-33192,0.00885,0.26162
CVE-2021-33193,0.03032,0.82851
CVE-2021-33194,0.00954,0.34522
CVE-2021-33195,0.01018,0.38792
CVE-2021-33196,0.01018,0.38792
CVE-2021-33197,0.00954,0.34522
CVE-2021-33198,0.00954,0.34522
CVE-2021-33199,0.00885,0.26162
CVE-2021-3320,0.00885,0.26162
CVE-2021-33200,0.0095,0.30554
CVE-2021-33203,0.0095,0.30554
CVE-2021-33204,0.02509,0.81058
CVE-2021-33205,0.00885,0.26162
CVE-2021-33207,0.00885,0.26162
CVE-2021-33208,0.00885,0.26162
CVE-2021-33209,0.00885,0.26162
CVE-2021-3321,0.00885,0.26162
CVE-2021-33210,0.00885,0.26162
CVE-2021-33211,0.01055,0.50287
CVE-2021-33212,0.01055,0.50287
CVE-2021-33213,0.01055,0.50287
CVE-2021-33214,0.0095,0.30554
CVE-2021-33215,0.00885,0.26162
CVE-2021-33216,0.00885,0.26162
CVE-2021-33217,0.00885,0.26162
CVE-2021-33218,0.00885,0.26162
CVE-2021-33219,0.00885,0.26162
CVE-2021-3322,0.00885,0.26162
CVE-2021-33220,0.00885,0.26162
CVE-2021-3323,0.00885,0.26162
CVE-2021-33235,0.00885,0.26162
CVE-2021-33236,0.00885,0.26162
CVE-2021-3325,0.01319,0.70416
CVE-2021-33254,0.00885,0.26162
CVE-2021-33256,0.00885,0.26162
CVE-2021-33259,0.01018,0.38792
CVE-2021-3326,0.01108,0.53389
CVE-2021-33265,0.00885,0.26162
CVE-2021-33266,0.00885,0.26162
CVE-2021-33267,0.00885,0.26162
CVE-2021-33268,0.00885,0.26162
CVE-2021-33269,0.00885,0.26162
CVE-2021-3327,0.00885,0.26162
CVE-2021-33270,0.00885,0.26162
CVE-2021-33271,0.00885,0.26162
CVE-2021-33274,0.00885,0.26162
CVE-2021-3328,0.00885,0.26162
CVE-2021-33285,0.01282,0.67298
CVE-2021-33286,0.01365,0.70715
CVE-2021-33287,0.01104,0.52279
CVE-2021-33289,0.01505,0.72763
CVE-2021-33293,0.00954,0.34522
CVE-2021-33295,0.0089,0.2856
CVE-2021-3330,0.00885,0.26162
CVE-2021-3331,0.01213,0.6557
CVE-2021-33315,0.00885,0.26162
CVE-2021-33316,0.00885,0.26162
CVE-2021-33317,0.00885,0.26162
CVE-2021-33318,0.01018,0.38792
CVE-2021-3332,0.01055,0.50287
CVE-2021-33320,0.01055,0.50287
CVE-2021-33321,0.01055,0.50287
CVE-2021-33322,0.01055,0.50287
CVE-2021-33323,0.01055,0.50287
CVE-2021-33324,0.01055,0.50287
CVE-2021-33325,0.00885,0.26162
CVE-2021-33326,0.01055,0.50287
CVE-2021-33327,0.01055,0.50287
CVE-2021-33328,0.01055,0.50287
CVE-2021-3333,0.00885,0.26162
CVE-2021-33330,0.01055,0.50287
CVE-2021-33331,0.01055,0.50287
CVE-2021-33332,0.01055,0.50287
CVE-2021-33333,0.01055,0.50287
CVE-2021-33334,0.01055,0.50287
CVE-2021-33335,0.01055,0.50287
CVE-2021-33336,0.01055,0.50287
CVE-2021-33337,0.01055,0.50287
CVE-2021-33338,0.00885,0.26162
CVE-2021-33339,0.01055,0.50287
CVE-2021-33346,0.00885,0.26162
CVE-2021-33347,0.00885,0.26162
CVE-2021-33348,0.00885,0.26162
CVE-2021-33356,0.05471,0.89498
CVE-2021-33357,0.00885,0.26162
CVE-2021-33358,0.0089,0.2856
CVE-2021-33359,0.00885,0.26162
CVE-2021-3336,0.00885,0.26162
CVE-2021-33361,0.00885,0.26162
CVE-2021-33362,0.01005,0.36332
CVE-2021-33363,0.00885,0.26162
CVE-2021-33364,0.00885,0.26162
CVE-2021-33365,0.00885,0.26162
CVE-2021-33366,0.00885,0.26162
CVE-2021-3337,0.08382,0.93597
CVE-2021-33371,0.00885,0.26162
CVE-2021-3339,0.01178,0.60108
CVE-2021-33393,0.18946,0.96157
CVE-2021-33394,0.00885,0.26162
CVE-2021-3340,0.01055,0.50287
CVE-2021-33403,0.00885,0.26162
CVE-2021-33408,0.01055,0.50287
CVE-2021-3341,0.00885,0.26162
CVE-2021-3342,0.01136,0.57949
CVE-2021-33425,0.00885,0.26162
CVE-2021-33430,0.00885,0.26162
CVE-2021-33436,0.01365,0.70715
CVE-2021-33437,0.00885,0.26162
CVE-2021-33438,0.00885,0.26162
CVE-2021-33439,0.00885,0.26162
CVE-2021-3344,0.01086,0.51674
CVE-2021-33440,0.00885,0.26162
CVE-2021-33441,0.00885,0.26162
CVE-2021-33442,0.00885,0.26162
CVE-2021-33443,0.00885,0.26162
CVE-2021-33444,0.00885,0.26162
CVE-2021-33445,0.00885,0.26162
CVE-2021-33446,0.00885,0.26162
CVE-2021-33447,0.00885,0.26162
CVE-2021-33448,0.00885,0.26162
CVE-2021-33449,0.00885,0.26162
CVE-2021-33450,0.00885,0.26162
CVE-2021-33451,0.00885,0.26162
CVE-2021-33452,0.00885,0.26162
CVE-2021-33453,0.00885,0.26162
CVE-2021-33454,0.00885,0.26162
CVE-2021-33455,0.00885,0.26162
CVE-2021-33456,0.00885,0.26162
CVE-2021-33457,0.00885,0.26162
CVE-2021-33458,0.00885,0.26162
CVE-2021-33459,0.00885,0.26162
CVE-2021-3346,0.00954,0.34522
CVE-2021-33460,0.00885,0.26162
CVE-2021-33461,0.00885,0.26162
CVE-2021-33462,0.00885,0.26162
CVE-2021-33463,0.00885,0.26162
CVE-2021-33464,0.00885,0.26162
CVE-2021-33465,0.00885,0.26162
CVE-2021-33466,0.00885,0.26162
CVE-2021-33467,0.00885,0.26162
CVE-2021-33468,0.00885,0.26162
CVE-2021-33469,0.00885,0.26162
CVE-2021-3347,0.01864,0.7628
CVE-2021-33470,0.01018,0.38792
CVE-2021-33473,0.00954,0.34522
CVE-2021-33477,0.02993,0.82801
CVE-2021-33478,0.01036,0.41241
CVE-2021-33479,0.00885,0.26162
CVE-2021-3348,0.0095,0.30554
CVE-2021-33480,0.00954,0.34522
CVE-2021-33481,0.00885,0.26162
CVE-2021-33483,0.00885,0.26162
CVE-2021-33484,0.00885,0.26162
CVE-2021-33485,0.00885,0.26162
CVE-2021-33486,0.00885,0.26162
CVE-2021-33488,0.00954,0.34522
CVE-2021-33489,0.00954,0.34522
CVE-2021-3349,0.0089,0.2856
CVE-2021-33490,0.00954,0.34522
CVE-2021-33491,0.0089,0.2856
CVE-2021-33492,0.00954,0.34522
CVE-2021-33493,0.0089,0.2856
CVE-2021-33494,0.00954,0.34522
CVE-2021-33495,0.00954,0.34522
CVE-2021-33496,0.01018,0.38792
CVE-2021-33497,0.01018,0.38792
CVE-2021-33498,0.01055,0.50287
CVE-2021-33499,0.01055,0.50287
CVE-2021-3350,0.00885,0.26162
CVE-2021-33500,0.00954,0.34522
CVE-2021-33501,0.04836,0.88802
CVE-2021-33502,0.00885,0.26162
CVE-2021-33503,0.01108,0.53389
CVE-2021-33504,0.00885,0.26162
CVE-2021-33505,0.00885,0.26162
CVE-2021-33506,0.00954,0.34522
CVE-2021-33507,0.00885,0.26162
CVE-2021-33508,0.00885,0.26162
CVE-2021-33509,0.01055,0.50287
CVE-2021-3351,0.00885,0.26162
CVE-2021-33510,0.01055,0.50287
CVE-2021-33511,0.00885,0.26162
CVE-2021-33512,0.00885,0.26162
CVE-2021-33513,0.00885,0.26162
CVE-2021-33514,0.02055,0.7893
CVE-2021-33515,0.02359,0.80663
CVE-2021-33516,0.00885,0.26162
CVE-2021-3352,0.00885,0.26162
CVE-2021-33523,0.01055,0.50287
CVE-2021-33525,0.01978,0.78447
CVE-2021-33526,0.01036,0.41241
CVE-2021-33527,0.01156,0.60033
CVE-2021-33528,0.00885,0.26162
CVE-2021-33529,0.00885,0.26162
CVE-2021-33530,0.02055,0.7893
CVE-2021-33531,0.00885,0.26162
CVE-2021-33532,0.02055,0.7893
CVE-2021-33533,0.02055,0.7893
CVE-2021-33534,0.01086,0.51674
CVE-2021-33535,0.01156,0.60033
CVE-2021-33536,0.00885,0.26162
CVE-2021-33537,0.01156,0.60033
CVE-2021-33538,0.00885,0.26162
CVE-2021-33539,0.00885,0.26162
CVE-2021-33540,0.00885,0.26162
CVE-2021-33541,0.01055,0.50287
CVE-2021-33542,0.01611,0.74874
CVE-2021-33543,0.00885,0.26162
CVE-2021-33544,0.0144,0.7265
CVE-2021-33545,0.0144,0.7265
CVE-2021-33546,0.0144,0.7265
CVE-2021-33547,0.0144,0.7265
CVE-2021-33548,0.0144,0.7265
CVE-2021-33549,0.21481,0.96384
CVE-2021-3355,0.0095,0.30554
CVE-2021-33550,0.0144,0.7265
CVE-2021-33551,0.0144,0.7265
CVE-2021-33552,0.0144,0.7265
CVE-2021-33553,0.0144,0.7265
CVE-2021-33554,0.0144,0.7265
CVE-2021-33555,0.00885,0.26162
CVE-2021-33557,0.00885,0.26162
CVE-2021-33558,0.01055,0.50287
CVE-2021-33560,0.01537,0.73595
CVE-2021-33561,0.01061,0.51015
CVE-2021-33562,0.01061,0.51015
CVE-2021-33563,0.00885,0.26162
CVE-2021-33564,0.06729,0.91198
CVE-2021-33570,0.01104,0.52279
CVE-2021-33571,0.01018,0.38792
CVE-2021-33572,0.00885,0.26162
CVE-2021-33574,0.01108,0.53389
CVE-2021-33575,0.01978,0.78447
CVE-2021-33576,0.00885,0.26162
CVE-2021-33577,0.00885,0.26162
CVE-2021-33578,0.00885,0.26162
CVE-2021-33580,0.00885,0.26162
CVE-2021-33581,0.00885,0.26162
CVE-2021-33582,0.01319,0.70416
CVE-2021-33583,0.00885,0.26162
CVE-2021-33586,0.0089,0.2856
CVE-2021-33587,0.00885,0.26162
CVE-2021-33590,0.00885,0.26162
CVE-2021-33591,0.01156,0.60033
CVE-2021-33592,0.01156,0.60033
CVE-2021-33593,0.00885,0.26162
CVE-2021-33594,0.01061,0.51015
CVE-2021-33595,0.01061,0.51015
CVE-2021-33596,0.0095,0.30554
CVE-2021-33597,0.00885,0.26162
CVE-2021-33598,0.0089,0.2856
CVE-2021-33599,0.00885,0.26162
CVE-2021-33600,0.00885,0.26162
CVE-2021-33601,0.0144,0.7265
CVE-2021-33602,0.00885,0.26162
CVE-2021-33603,0.00885,0.26162
CVE-2021-33604,0.00885,0.26162
CVE-2021-33605,0.00885,0.26162
CVE-2021-33609,0.00885,0.26162
CVE-2021-33611,0.01055,0.50287
CVE-2021-33615,0.0089,0.2856
CVE-2021-33616,0.0095,0.30554
CVE-2021-33617,0.0176,0.7531
CVE-2021-33618,0.01018,0.38792
CVE-2021-33620,0.01034,0.39824
CVE-2021-33622,0.00885,0.26162
CVE-2021-33623,0.00954,0.34522
CVE-2021-33624,0.0095,0.30554
CVE-2021-33625,0.0095,0.30554
CVE-2021-33626,0.01365,0.70715
CVE-2021-33627,0.01365,0.70715
CVE-2021-33629,0.00885,0.26162
CVE-2021-33643,0.00885,0.26162
CVE-2021-33644,0.00885,0.26162
CVE-2021-33645,0.00885,0.26162
CVE-2021-33646,0.00885,0.26162
CVE-2021-33647,0.00885,0.26162
CVE-2021-33648,0.00885,0.26162
CVE-2021-33649,0.00885,0.26162
CVE-2021-33650,0.00885,0.26162
CVE-2021-33651,0.00885,0.26162
CVE-2021-33652,0.00885,0.26162
CVE-2021-33653,0.00885,0.26162
CVE-2021-33654,0.00885,0.26162
CVE-2021-33655,0.0089,0.2856
CVE-2021-33656,0.0089,0.2856
CVE-2021-33657,0.01086,0.51674
CVE-2021-33658,0.00885,0.26162
CVE-2021-33659,0.00885,0.26162
CVE-2021-33660,0.00885,0.26162
CVE-2021-33661,0.00885,0.26162
CVE-2021-33662,0.00885,0.26162
CVE-2021-33663,0.00885,0.26162
CVE-2021-33664,0.00885,0.26162
CVE-2021-33665,0.00885,0.26162
CVE-2021-33666,0.00885,0.26162
CVE-2021-33667,0.00885,0.26162
CVE-2021-33668,0.00885,0.26162
CVE-2021-33669,0.00885,0.26162
CVE-2021-33670,0.01018,0.38792
CVE-2021-33671,0.00885,0.26162
CVE-2021-33672,0.00885,0.26162
CVE-2021-33673,0.0144,0.7265
CVE-2021-33674,0.0144,0.7265
CVE-2021-33675,0.0144,0.7265
CVE-2021-33676,0.00885,0.26162
CVE-2021-33677,0.00885,0.26162
CVE-2021-33678,0.0095,0.30554
CVE-2021-33679,0.00885,0.26162
CVE-2021-33680,0.00885,0.26162
CVE-2021-33681,0.00885,0.26162
CVE-2021-33682,0.0144,0.7265
CVE-2021-33683,0.00885,0.26162
CVE-2021-33684,0.00885,0.26162
CVE-2021-33685,0.00885,0.26162
CVE-2021-33686,0.00885,0.26162
CVE-2021-33687,0.0095,0.30554
CVE-2021-33688,0.00885,0.26162
CVE-2021-33689,0.00885,0.26162
CVE-2021-33690,0.00885,0.26162
CVE-2021-33691,0.00885,0.26162
CVE-2021-33692,0.00885,0.26162
CVE-2021-33693,0.01005,0.36332
CVE-2021-33694,0.00885,0.26162
CVE-2021-33695,0.00885,0.26162
CVE-2021-33696,0.00885,0.26162
CVE-2021-33697,0.00885,0.26162
CVE-2021-33698,0.00885,0.26162
CVE-2021-33699,0.00885,0.26162
CVE-2021-3370,0.00885,0.26162
CVE-2021-33700,0.00885,0.26162
CVE-2021-33701,0.01034,0.39824
CVE-2021-33702,0.01018,0.38792
CVE-2021-33703,0.01018,0.38792
CVE-2021-33704,0.00885,0.26162
CVE-2021-33705,0.01018,0.38792
CVE-2021-33706,0.00885,0.26162
CVE-2021-33707,0.01213,0.6557
CVE-2021-33708,0.00885,0.26162
CVE-2021-33709,0.01055,0.50287
CVE-2021-33710,0.00885,0.26162
CVE-2021-33711,0.00885,0.26162
CVE-2021-33712,0.01055,0.50287
CVE-2021-33713,0.00885,0.26162
CVE-2021-33714,0.00885,0.26162
CVE-2021-33715,0.00885,0.26162
CVE-2021-33716,0.00885,0.26162
CVE-2021-33717,0.00885,0.26162
CVE-2021-33718,0.00885,0.26162
CVE-2021-33719,0.01156,0.60033
CVE-2021-33720,0.00885,0.26162
CVE-2021-33721,0.01156,0.60033
CVE-2021-33722,0.00885,0.26162
CVE-2021-33723,0.00885,0.26162
CVE-2021-33724,0.00885,0.26162
CVE-2021-33725,0.00885,0.26162
CVE-2021-33726,0.00885,0.26162
CVE-2021-33727,0.00885,0.26162
CVE-2021-33728,0.01086,0.51674
CVE-2021-33729,0.00885,0.26162
CVE-2021-33730,0.00885,0.26162
CVE-2021-33731,0.00885,0.26162
CVE-2021-33732,0.00885,0.26162
CVE-2021-33733,0.00885,0.26162
CVE-2021-33734,0.00885,0.26162
CVE-2021-33735,0.00885,0.26162
CVE-2021-33736,0.00885,0.26162
CVE-2021-33737,0.00885,0.26162
CVE-2021-33738,0.00885,0.26162
CVE-2021-33740,0.01528,0.72895
CVE-2021-33741,0.02427,0.80786
CVE-2021-33742,0.01728,0.75198
CVE-2021-33743,0.0115,0.5906
CVE-2021-33744,0.0115,0.5906
CVE-2021-33745,0.0115,0.5906
CVE-2021-33746,0.01967,0.77799
CVE-2021-33749,0.01601,0.74633
CVE-2021-3375,0.01086,0.51674
CVE-2021-33750,0.01601,0.74633
CVE-2021-33751,0.01178,0.60108
CVE-2021-33752,0.01601,0.74633
CVE-2021-33753,0.02251,0.80538
CVE-2021-33754,0.01967,0.77799
CVE-2021-33755,0.02251,0.80538
CVE-2021-33756,0.01601,0.74633
CVE-2021-33757,0.02251,0.80538
CVE-2021-33758,0.0115,0.5906
CVE-2021-33759,0.0115,0.5906
CVE-2021-3376,0.00885,0.26162
CVE-2021-33760,0.0115,0.5906
CVE-2021-33761,0.0115,0.5906
CVE-2021-33762,0.0115,0.5906
CVE-2021-33763,0.0115,0.5906
CVE-2021-33764,0.02251,0.80538
CVE-2021-33765,0.0115,0.5906
CVE-2021-33767,0.0115,0.5906
CVE-2021-33768,0.0115,0.5906
CVE-2021-33771,0.0115,0.5906
CVE-2021-33772,0.02251,0.80538
CVE-2021-33773,0.0115,0.5906
CVE-2021-33774,0.0115,0.5906
CVE-2021-33775,0.01528,0.72895
CVE-2021-33776,0.01528,0.72895
CVE-2021-33777,0.01528,0.72895
CVE-2021-33778,0.01528,0.72895
CVE-2021-33779,0.0115,0.5906
CVE-2021-33780,0.01967,0.77799
CVE-2021-33781,0.0115,0.5906
CVE-2021-33782,0.02251,0.80538
CVE-2021-33783,0.0115,0.5906
CVE-2021-33784,0.0115,0.5906
CVE-2021-33785,0.02251,0.80538
CVE-2021-33786,0.0115,0.5906
CVE-2021-33788,0.02251,0.80538
CVE-2021-33790,0.05634,0.89764
CVE-2021-33792,0.00885,0.26162
CVE-2021-33793,0.00885,0.26162
CVE-2021-33794,0.00885,0.26162
CVE-2021-33795,0.00885,0.26162
CVE-2021-3380,0.0095,0.30554
CVE-2021-33800,0.00885,0.26162
CVE-2021-33806,0.05634,0.89764
CVE-2021-33807,0.01018,0.38792
CVE-2021-33813,0.05242,0.89216
CVE-2021-33815,0.00885,0.26162
CVE-2021-33816,0.02509,0.81058
CVE-2021-33818,0.00954,0.34522
CVE-2021-3382,0.01055,0.50287
CVE-2021-33820,0.00954,0.34522
CVE-2021-33822,0.00954,0.34522
CVE-2021-33823,0.00885,0.26162
CVE-2021-33824,0.00954,0.34522
CVE-2021-33827,0.02055,0.7893
CVE-2021-33828,0.00885,0.26162
CVE-2021-33829,0.01319,0.70416
CVE-2021-33831,0.00885,0.26162
CVE-2021-33833,0.01018,0.38792
CVE-2021-33838,0.01213,0.6557
CVE-2021-33839,0.01213,0.6557
CVE-2021-3384,0.00885,0.26162
CVE-2021-33840,0.01055,0.50287
CVE-2021-33841,0.01055,0.50287
CVE-2021-33842,0.00885,0.26162
CVE-2021-33843,0.00885,0.26162
CVE-2021-33844,0.01018,0.38792
CVE-2021-33845,0.00885,0.26162
CVE-2021-33846,0.00885,0.26162
CVE-2021-33847,0.00885,0.26162
CVE-2021-33848,0.00885,0.26162
CVE-2021-33849,0.00885,0.26162
CVE-2021-33850,0.0115,0.5906
CVE-2021-33851,0.00885,0.26162
CVE-2021-33852,0.00885,0.26162
CVE-2021-33853,0.00885,0.26162
CVE-2021-33879,0.00885,0.26162
CVE-2021-33880,0.00954,0.34522
CVE-2021-33881,0.01018,0.38792
CVE-2021-33882,0.01055,0.50287
CVE-2021-33883,0.01055,0.50287
CVE-2021-33884,0.01055,0.50287
CVE-2021-33885,0.01978,0.78447
CVE-2021-33886,0.01055,0.50287
CVE-2021-33887,0.00954,0.34522
CVE-2021-33889,0.00954,0.34522
CVE-2021-33894,0.00885,0.26162
CVE-2021-33895,0.00885,0.26162
CVE-2021-33896,0.01018,0.38792
CVE-2021-33898,0.01156,0.60033
CVE-2021-33900,0.00885,0.26162
CVE-2021-33903,0.00885,0.26162
CVE-2021-33907,0.01156,0.60033
CVE-2021-33909,0.01547,0.74085
CVE-2021-3391,0.00954,0.34522
CVE-2021-33910,0.01547,0.74085
CVE-2021-33911,0.01156,0.60033
CVE-2021-33912,0.05634,0.89764
CVE-2021-33913,0.05634,0.89764
CVE-2021-3392,0.0095,0.30554
CVE-2021-33923,0.00885,0.26162
CVE-2021-33924,0.01055,0.50287
CVE-2021-33928,0.00885,0.26162
CVE-2021-33929,0.00885,0.26162
CVE-2021-3393,0.0089,0.2856
CVE-2021-33930,0.00885,0.26162
CVE-2021-33938,0.00885,0.26162
CVE-2021-3394,0.06593,0.90989
CVE-2021-33945,0.00885,0.26162
CVE-2021-3395,0.01055,0.50287
CVE-2021-3396,0.01978,0.78447
CVE-2021-33961,0.00885,0.26162
CVE-2021-33962,0.02359,0.80663
CVE-2021-33963,0.02359,0.80663
CVE-2021-33964,0.02204,0.80286
CVE-2021-33965,0.02204,0.80286
CVE-2021-33966,0.01086,0.51674
CVE-2021-3398,0.00885,0.26162
CVE-2021-33981,0.01055,0.50287
CVE-2021-33982,0.01055,0.50287
CVE-2021-33988,0.00885,0.26162
CVE-2021-3401,0.01978,0.78447
CVE-2021-3402,0.01018,0.38792
CVE-2021-3403,0.01611,0.74874
CVE-2021-3404,0.01611,0.74874
CVE-2021-3405,0.01108,0.53389
CVE-2021-3406,0.00954,0.34522
CVE-2021-34066,0.00885,0.26162
CVE-2021-34067,0.00885,0.26162
CVE-2021-34068,0.00885,0.26162
CVE-2021-34069,0.00885,0.26162
CVE-2021-3407,0.01108,0.53389
CVE-2021-34070,0.00885,0.26162
CVE-2021-34071,0.00885,0.26162
CVE-2021-34073,0.00885,0.26162
CVE-2021-34074,0.01424,0.72364
CVE-2021-34075,0.00885,0.26162
CVE-2021-34078,0.02055,0.7893
CVE-2021-34079,0.02055,0.7893
CVE-2021-34080,0.02055,0.7893
CVE-2021-34081,0.02055,0.7893
CVE-2021-34082,0.02055,0.7893
CVE-2021-34083,0.00954,0.34522
CVE-2021-34084,0.02055,0.7893
CVE-2021-34085,0.01055,0.50287
CVE-2021-34086,0.01018,0.38792
CVE-2021-34087,0.00954,0.34522
CVE-2021-3409,0.01365,0.70715
CVE-2021-3410,0.01505,0.72763
CVE-2021-3411,0.00885,0.26162
CVE-2021-34110,0.0095,0.30554
CVE-2021-34111,0.02055,0.7893
CVE-2021-3412,0.00885,0.26162
CVE-2021-34122,0.00885,0.26162
CVE-2021-34128,0.01055,0.50287
CVE-2021-34129,0.01055,0.50287
CVE-2021-3413,0.00885,0.26162
CVE-2021-3414,0.00885,0.26162
CVE-2021-34141,0.00885,0.26162
CVE-2021-34143,0.00954,0.34522
CVE-2021-34144,0.00954,0.34522
CVE-2021-34145,0.00885,0.26162
CVE-2021-34146,0.00885,0.26162
CVE-2021-34147,0.00885,0.26162
CVE-2021-34148,0.00885,0.26162
CVE-2021-34149,0.00954,0.34522
CVE-2021-34150,0.00885,0.26162
CVE-2021-3416,0.0095,0.30554
CVE-2021-34165,0.01055,0.50287
CVE-2021-34166,0.01055,0.50287
CVE-2021-3417,0.00885,0.26162
CVE-2021-34170,0.01156,0.60033
CVE-2021-34173,0.00885,0.26162
CVE-2021-34174,0.00885,0.26162
CVE-2021-3418,0.00885,0.26162
CVE-2021-34184,0.00885,0.26162
CVE-2021-34185,0.00885,0.26162
CVE-2021-34187,0.01018,0.38792
CVE-2021-34190,0.00885,0.26162
CVE-2021-3420,0.01018,0.38792
CVE-2021-34201,0.0095,0.30554
CVE-2021-34202,0.04571,0.88388
CVE-2021-34203,0.01018,0.38792
CVE-2021-34204,0.01018,0.38792
CVE-2021-34207,0.00885,0.26162
CVE-2021-3421,0.01018,0.38792
CVE-2021-34215,0.00885,0.26162
CVE-2021-34218,0.00885,0.26162
CVE-2021-3422,0.00885,0.26162
CVE-2021-34220,0.00885,0.26162
CVE-2021-34223,0.00885,0.26162
CVE-2021-34228,0.00885,0.26162
CVE-2021-3423,0.00885,0.26162
CVE-2021-34235,0.00885,0.26162
CVE-2021-3424,0.00885,0.26162
CVE-2021-34243,0.00885,0.26162
CVE-2021-34244,0.00885,0.26162
CVE-2021-3425,0.00885,0.26162
CVE-2021-34250,0.00885,0.26162
CVE-2021-34254,0.00885,0.26162
CVE-2021-34257,0.02432,0.8082
CVE-2021-34259,0.01036,0.41241
CVE-2021-3426,0.01547,0.74085
CVE-2021-34260,0.01036,0.41241
CVE-2021-34261,0.00885,0.26162
CVE-2021-34262,0.01036,0.41241
CVE-2021-34267,0.00885,0.26162
CVE-2021-34268,0.00885,0.26162
CVE-2021-3427,0.00885,0.26162
CVE-2021-34270,0.00885,0.26162
CVE-2021-34272,0.00885,0.26162
CVE-2021-34273,0.00885,0.26162
CVE-2021-3428,0.0089,0.2856
CVE-2021-34280,0.01103,0.51945
CVE-2021-34291,0.01005,0.36332
CVE-2021-34292,0.01005,0.36332
CVE-2021-34293,0.01005,0.36332
CVE-2021-34294,0.01005,0.36332
CVE-2021-34295,0.01005,0.36332
CVE-2021-34296,0.01005,0.36332
CVE-2021-34297,0.01005,0.36332
CVE-2021-34298,0.01005,0.36332
CVE-2021-34299,0.00885,0.26162
CVE-2021-3430,0.00885,0.26162
CVE-2021-34300,0.01005,0.36332
CVE-2021-34301,0.01005,0.36332
CVE-2021-34302,0.00885,0.26162
CVE-2021-34303,0.00885,0.26162
CVE-2021-34304,0.00885,0.26162
CVE-2021-34305,0.01559,0.742
CVE-2021-34306,0.01005,0.36332
CVE-2021-34307,0.00885,0.26162
CVE-2021-34308,0.00885,0.26162
CVE-2021-34309,0.01005,0.36332
CVE-2021-3431,0.00885,0.26162
CVE-2021-34310,0.01005,0.36332
CVE-2021-34311,0.01005,0.36332
CVE-2021-34312,0.01005,0.36332
CVE-2021-34313,0.01005,0.36332
CVE-2021-34314,0.01005,0.36332
CVE-2021-34315,0.01005,0.36332
CVE-2021-34316,0.01005,0.36332
CVE-2021-34317,0.01005,0.36332
CVE-2021-34318,0.01005,0.36332
CVE-2021-34319,0.01005,0.36332
CVE-2021-3432,0.00885,0.26162
CVE-2021-34320,0.00885,0.26162
CVE-2021-34321,0.00885,0.26162
CVE-2021-34322,0.00885,0.26162
CVE-2021-34323,0.01005,0.36332
CVE-2021-34324,0.01005,0.36332
CVE-2021-34325,0.00885,0.26162
CVE-2021-34326,0.01559,0.742
CVE-2021-34327,0.01559,0.742
CVE-2021-34328,0.01559,0.742
CVE-2021-34329,0.01559,0.742
CVE-2021-3433,0.00885,0.26162
CVE-2021-34330,0.01005,0.36332
CVE-2021-34331,0.01005,0.36332
CVE-2021-34332,0.00885,0.26162
CVE-2021-34333,0.00885,0.26162
CVE-2021-34334,0.01018,0.38792
CVE-2021-34335,0.01018,0.38792
CVE-2021-34338,0.00885,0.26162
CVE-2021-34339,0.00885,0.26162
CVE-2021-3434,0.00885,0.26162
CVE-2021-34340,0.00885,0.26162
CVE-2021-34341,0.00885,0.26162
CVE-2021-34342,0.00885,0.26162
CVE-2021-34343,0.01086,0.51674
CVE-2021-34344,0.01086,0.51674
CVE-2021-34345,0.01086,0.51674
CVE-2021-34346,0.01086,0.51674
CVE-2021-34348,0.01055,0.50287
CVE-2021-34349,0.01055,0.50287
CVE-2021-3435,0.00885,0.26162
CVE-2021-34351,0.01055,0.50287
CVE-2021-34352,0.01055,0.50287
CVE-2021-34354,0.01055,0.50287
CVE-2021-34355,0.01055,0.50287
CVE-2021-34356,0.01055,0.50287
CVE-2021-34357,0.01055,0.50287
CVE-2021-34358,0.00885,0.26162
CVE-2021-34359,0.01055,0.50287
CVE-2021-3436,0.00885,0.26162
CVE-2021-34360,0.01055,0.50287
CVE-2021-34361,0.01055,0.50287
CVE-2021-34362,0.01055,0.50287
CVE-2021-34363,0.01018,0.38792
CVE-2021-34364,0.00885,0.26162
CVE-2021-34369,0.01055,0.50287
CVE-2021-34370,0.00885,0.26162
CVE-2021-34371,0.01156,0.60033
CVE-2021-34372,0.00885,0.26162
CVE-2021-34373,0.00885,0.26162
CVE-2021-34374,0.00885,0.26162
CVE-2021-34375,0.00885,0.26162
CVE-2021-34376,0.00885,0.26162
CVE-2021-34377,0.00885,0.26162
CVE-2021-34378,0.00885,0.26162
CVE-2021-34379,0.00885,0.26162
CVE-2021-34380,0.01036,0.41241
CVE-2021-34381,0.00885,0.26162
CVE-2021-34382,0.00885,0.26162
CVE-2021-34383,0.00885,0.26162
CVE-2021-34384,0.01036,0.41241
CVE-2021-34385,0.00885,0.26162
CVE-2021-34386,0.00885,0.26162
CVE-2021-34387,0.00885,0.26162
CVE-2021-34388,0.01036,0.41241
CVE-2021-34389,0.00885,0.26162
CVE-2021-34390,0.00885,0.26162
CVE-2021-34391,0.00885,0.26162
CVE-2021-34392,0.00885,0.26162
CVE-2021-34393,0.01036,0.41241
CVE-2021-34394,0.00885,0.26162
CVE-2021-34395,0.00885,0.26162
CVE-2021-34396,0.00885,0.26162
CVE-2021-34397,0.00885,0.26162
CVE-2021-34398,0.00885,0.26162
CVE-2021-34399,0.00885,0.26162
CVE-2021-3440,0.00885,0.26162
CVE-2021-34400,0.00885,0.26162
CVE-2021-34401,0.01036,0.41241
CVE-2021-34402,0.00885,0.26162
CVE-2021-34403,0.00885,0.26162
CVE-2021-34404,0.00885,0.26162
CVE-2021-34405,0.00885,0.26162
CVE-2021-34406,0.00885,0.26162
CVE-2021-34408,0.00885,0.26162
CVE-2021-34409,0.00885,0.26162
CVE-2021-3441,0.00885,0.26162
CVE-2021-34410,0.00885,0.26162
CVE-2021-34411,0.00885,0.26162
CVE-2021-34412,0.00885,0.26162
CVE-2021-34413,0.00885,0.26162
CVE-2021-34414,0.01055,0.50287
CVE-2021-34415,0.00885,0.26162
CVE-2021-34416,0.01055,0.50287
CVE-2021-34417,0.01055,0.50287
CVE-2021-34418,0.00885,0.26162
CVE-2021-34419,0.00885,0.26162
CVE-2021-3442,0.00885,0.26162
CVE-2021-34420,0.00885,0.26162
CVE-2021-34421,0.00885,0.26162
CVE-2021-34422,0.01424,0.72364
CVE-2021-34424,0.00885,0.26162
CVE-2021-34425,0.00885,0.26162
CVE-2021-34426,0.00885,0.26162
CVE-2021-34427,0.00885,0.26162
CVE-2021-34428,0.01537,0.73595
CVE-2021-3443,0.00885,0.26162
CVE-2021-34430,0.01055,0.50287
CVE-2021-34431,0.00885,0.26162
CVE-2021-34432,0.00885,0.26162
CVE-2021-34433,0.00885,0.26162
CVE-2021-34434,0.00954,0.34522
CVE-2021-34435,0.00885,0.26162
CVE-2021-34436,0.01156,0.60033
CVE-2021-34438,0.01528,0.72895
CVE-2021-34439,0.01528,0.72895
CVE-2021-3444,0.01505,0.72763
CVE-2021-34440,0.0115,0.5906
CVE-2021-34441,0.01528,0.72895
CVE-2021-34442,0.02251,0.80538
CVE-2021-34444,0.0115,0.5906
CVE-2021-34445,0.0115,0.5906
CVE-2021-34446,0.02251,0.80538
CVE-2021-34447,0.01601,0.74633
CVE-2021-34448,0.02265,0.80587
CVE-2021-34449,0.0115,0.5906
CVE-2021-3445,0.02509,0.81058
CVE-2021-34450,0.01967,0.77799
CVE-2021-34451,0.02251,0.80538
CVE-2021-34452,0.01528,0.72895
CVE-2021-34453,0.02251,0.80538
CVE-2021-34454,0.0115,0.5906
CVE-2021-34455,0.0115,0.5906
CVE-2021-34456,0.0115,0.5906
CVE-2021-34457,0.0115,0.5906
CVE-2021-34458,0.01967,0.77799
CVE-2021-34459,0.0115,0.5906
CVE-2021-3446,0.00885,0.26162
CVE-2021-34460,0.0115,0.5906
CVE-2021-34461,0.0115,0.5906
CVE-2021-34462,0.01178,0.60108
CVE-2021-34464,0.01528,0.72895
CVE-2021-34466,0.02251,0.80538
CVE-2021-34467,0.01967,0.77799
CVE-2021-34468,0.04475,0.87758
CVE-2021-34469,0.02251,0.80538
CVE-2021-3447,0.0095,0.30554
CVE-2021-34470,0.01178,0.60108
CVE-2021-34471,0.0115,0.5906
CVE-2021-34474,0.01967,0.77799
CVE-2021-34476,0.02251,0.80538
CVE-2021-34477,0.0115,0.5906
CVE-2021-34478,0.04475,0.87758
CVE-2021-34479,0.02251,0.80538
CVE-2021-3448,0.01108,0.53389
CVE-2021-34480,0.02861,0.82385
CVE-2021-34481,0.0115,0.5906
CVE-2021-34483,0.0115,0.5906
CVE-2021-34484,0.0115,0.5906
CVE-2021-34485,0.0115,0.5906
CVE-2021-34487,0.0115,0.5906
CVE-2021-34488,0.0115,0.5906
CVE-2021-34489,0.01528,0.72895
CVE-2021-34490,0.02251,0.80538
CVE-2021-34491,0.0115,0.5906
CVE-2021-34492,0.02251,0.80538
CVE-2021-34493,0.0115,0.5906
CVE-2021-34494,0.01967,0.77799
CVE-2021-34496,0.0115,0.5906
CVE-2021-34497,0.01601,0.74633
CVE-2021-34498,0.01178,0.60108
CVE-2021-34499,0.0115,0.5906
CVE-2021-3450,0.29373,0.97208
CVE-2021-34500,0.0115,0.5906
CVE-2021-34501,0.04683,0.8861
CVE-2021-34503,0.01528,0.72895
CVE-2021-34504,0.01528,0.72895
CVE-2021-34507,0.02251,0.80538
CVE-2021-34508,0.01967,0.77799
CVE-2021-34509,0.0115,0.5906
CVE-2021-3451,0.00885,0.26162
CVE-2021-34510,0.01178,0.60108
CVE-2021-34511,0.0115,0.5906
CVE-2021-34512,0.01178,0.60108
CVE-2021-34513,0.01178,0.60108
CVE-2021-34514,0.0115,0.5906
CVE-2021-34516,0.02432,0.80793
CVE-2021-34517,0.02251,0.80538
CVE-2021-34518,0.01528,0.72895
CVE-2021-34519,0.02844,0.8238
CVE-2021-3452,0.01036,0.41241
CVE-2021-34520,0.0455,0.88298
CVE-2021-34521,0.01528,0.72895
CVE-2021-34522,0.01528,0.72895
CVE-2021-34524,0.01967,0.77799
CVE-2021-34525,0.01967,0.77799
CVE-2021-34528,0.01528,0.72895
CVE-2021-34529,0.04475,0.87758
CVE-2021-3453,0.00885,0.26162
CVE-2021-34530,0.01528,0.72895
CVE-2021-34532,0.0115,0.5906
CVE-2021-34533,0.01528,0.72895
CVE-2021-34534,0.01601,0.74633
CVE-2021-34535,0.01601,0.74633
CVE-2021-34536,0.0115,0.5906
CVE-2021-34537,0.0115,0.5906
CVE-2021-34538,0.00885,0.26162
CVE-2021-34539,0.01086,0.51674
CVE-2021-3454,0.00885,0.26162
CVE-2021-34540,0.00885,0.26162
CVE-2021-34543,0.01136,0.57949
CVE-2021-34544,0.0089,0.2856
CVE-2021-34546,0.01018,0.38792
CVE-2021-34547,0.00885,0.26162
CVE-2021-34548,0.01018,0.38792
CVE-2021-34549,0.00954,0.34522
CVE-2021-3455,0.00885,0.26162
CVE-2021-34550,0.00954,0.34522
CVE-2021-34551,0.05634,0.89764
CVE-2021-34552,0.01018,0.38792
CVE-2021-34553,0.01055,0.50287
CVE-2021-34555,0.01213,0.6557
CVE-2021-34556,0.01034,0.39824
CVE-2021-34557,0.01108,0.53389
CVE-2021-34559,0.01055,0.50287
CVE-2021-3456,0.00885,0.26162
CVE-2021-34560,0.00885,0.26162
CVE-2021-34561,0.00885,0.26162
CVE-2021-34562,0.00885,0.26162
CVE-2021-34563,0.00885,0.26162
CVE-2021-34564,0.00885,0.26162
CVE-2021-34565,0.00885,0.26162
CVE-2021-3457,0.00885,0.26162
CVE-2021-34570,0.00885,0.26162
CVE-2021-34571,0.00885,0.26162
CVE-2021-34572,0.00885,0.26162
CVE-2021-34573,0.00885,0.26162
CVE-2021-34574,0.00885,0.26162
CVE-2021-34575,0.00885,0.26162
CVE-2021-34576,0.00885,0.26162
CVE-2021-34578,0.00885,0.26162
CVE-2021-3458,0.00885,0.26162
CVE-2021-34580,0.00885,0.26162
CVE-2021-34581,0.00885,0.26162
CVE-2021-34582,0.00885,0.26162
CVE-2021-34583,0.00885,0.26162
CVE-2021-34584,0.00885,0.26162
CVE-2021-34585,0.00885,0.26162
CVE-2021-34586,0.00885,0.26162
CVE-2021-34587,0.00885,0.26162
CVE-2021-34588,0.00885,0.26162
CVE-2021-34589,0.00885,0.26162
CVE-2021-3459,0.00885,0.26162
CVE-2021-34590,0.00885,0.26162
CVE-2021-34591,0.00885,0.26162
CVE-2021-34592,0.02055,0.7893
CVE-2021-34593,0.01018,0.38792
CVE-2021-34594,0.00885,0.26162
CVE-2021-34595,0.00885,0.26162
CVE-2021-34596,0.00885,0.26162
CVE-2021-34597,0.00885,0.26162
CVE-2021-34598,0.00885,0.26162
CVE-2021-34599,0.00885,0.26162
CVE-2021-3460,0.00885,0.26162
CVE-2021-34600,0.00885,0.26162
CVE-2021-34601,0.00885,0.26162
CVE-2021-34602,0.02055,0.7893
CVE-2021-34605,0.01103,0.51945
CVE-2021-34606,0.01036,0.41241
CVE-2021-34609,0.01055,0.50287
CVE-2021-3461,0.00885,0.26162
CVE-2021-34610,0.01156,0.60033
CVE-2021-34611,0.01156,0.60033
CVE-2021-34612,0.01156,0.60033
CVE-2021-34613,0.01156,0.60033
CVE-2021-34614,0.01156,0.60033
CVE-2021-34615,0.01156,0.60033
CVE-2021-34616,0.01156,0.60033
CVE-2021-34617,0.00885,0.26162
CVE-2021-34618,0.01055,0.50287
CVE-2021-34619,0.00885,0.26162
CVE-2021-3462,0.00885,0.26162
CVE-2021-34620,0.00885,0.26162
CVE-2021-34621,0.00885,0.26162
CVE-2021-34622,0.00885,0.26162
CVE-2021-34623,0.00885,0.26162
CVE-2021-34624,0.00885,0.26162
CVE-2021-34625,0.00885,0.26162
CVE-2021-34626,0.00885,0.26162
CVE-2021-34627,0.00885,0.26162
CVE-2021-34628,0.00885,0.26162
CVE-2021-34629,0.00885,0.26162
CVE-2021-3463,0.00885,0.26162
CVE-2021-34630,0.00885,0.26162
CVE-2021-34631,0.00885,0.26162
CVE-2021-34632,0.00885,0.26162
CVE-2021-34633,0.00885,0.26162
CVE-2021-34634,0.00885,0.26162
CVE-2021-34635,0.00885,0.26162
CVE-2021-34636,0.00885,0.26162
CVE-2021-34637,0.00885,0.26162
CVE-2021-34638,0.00885,0.26162
CVE-2021-34639,0.00885,0.26162
CVE-2021-3464,0.00885,0.26162
CVE-2021-34640,0.00885,0.26162
CVE-2021-34641,0.00885,0.26162
CVE-2021-34642,0.00885,0.26162
CVE-2021-34643,0.00885,0.26162
CVE-2021-34644,0.00885,0.26162
CVE-2021-34645,0.00885,0.26162
CVE-2021-34647,0.00885,0.26162
CVE-2021-34648,0.00885,0.26162
CVE-2021-34649,0.00885,0.26162
CVE-2021-34650,0.00885,0.26162
CVE-2021-34651,0.00885,0.26162
CVE-2021-34652,0.00885,0.26162
CVE-2021-34653,0.00885,0.26162
CVE-2021-34654,0.00885,0.26162
CVE-2021-34655,0.00885,0.26162
CVE-2021-34656,0.00885,0.26162
CVE-2021-34657,0.00885,0.26162
CVE-2021-34658,0.00885,0.26162
CVE-2021-34659,0.00885,0.26162
CVE-2021-3466,0.01213,0.6557
CVE-2021-34660,0.00885,0.26162
CVE-2021-34661,0.00885,0.26162
CVE-2021-34663,0.00885,0.26162
CVE-2021-34664,0.00885,0.26162
CVE-2021-34665,0.00885,0.26162
CVE-2021-34666,0.00885,0.26162
CVE-2021-34667,0.00885,0.26162
CVE-2021-34668,0.00885,0.26162
CVE-2021-3467,0.00885,0.26162
CVE-2021-34675,0.00885,0.26162
CVE-2021-34676,0.00885,0.26162
CVE-2021-34679,0.00885,0.26162
CVE-2021-3468,0.00885,0.26162
CVE-2021-34682,0.00885,0.26162
CVE-2021-34683,0.01055,0.50287
CVE-2021-34684,0.00885,0.26162
CVE-2021-34685,0.01978,0.78447
CVE-2021-34687,0.00885,0.26162
CVE-2021-34688,0.00885,0.26162
CVE-2021-34689,0.00885,0.26162
CVE-2021-3469,0.00885,0.26162
CVE-2021-34690,0.00885,0.26162
CVE-2021-34691,0.00885,0.26162
CVE-2021-34692,0.00885,0.26162
CVE-2021-34693,0.01034,0.39824
CVE-2021-34696,0.01055,0.50287
CVE-2021-34697,0.01055,0.50287
CVE-2021-34698,0.01055,0.50287
CVE-2021-34699,0.01055,0.50287
CVE-2021-3470,0.00885,0.26162
CVE-2021-34700,0.00885,0.26162
CVE-2021-34701,0.01055,0.50287
CVE-2021-34702,0.01055,0.50287
CVE-2021-34703,0.01055,0.50287
CVE-2021-34704,0.01055,0.50287
CVE-2021-34705,0.01055,0.50287
CVE-2021-34706,0.01055,0.50287
CVE-2021-34707,0.01055,0.50287
CVE-2021-34708,0.01036,0.41241
CVE-2021-34709,0.01036,0.41241
CVE-2021-34710,0.01156,0.60033
CVE-2021-34711,0.00885,0.26162
CVE-2021-34712,0.01055,0.50287
CVE-2021-34713,0.00885,0.26162
CVE-2021-34714,0.00885,0.26162
CVE-2021-34715,0.01156,0.60033
CVE-2021-34716,0.01156,0.60033
CVE-2021-34718,0.01055,0.50287
CVE-2021-34719,0.00885,0.26162
CVE-2021-3472,0.01547,0.74085
CVE-2021-34720,0.01055,0.50287
CVE-2021-34721,0.00885,0.26162
CVE-2021-34722,0.00885,0.26162
CVE-2021-34723,0.00885,0.26162
CVE-2021-34724,0.01036,0.41241
CVE-2021-34725,0.00885,0.26162
CVE-2021-34726,0.00885,0.26162
CVE-2021-34727,0.01055,0.50287
CVE-2021-34728,0.00885,0.26162
CVE-2021-34729,0.00885,0.26162
CVE-2021-3473,0.00885,0.26162
CVE-2021-34730,0.01156,0.60033
CVE-2021-34731,0.01055,0.50287
CVE-2021-34732,0.01055,0.50287
CVE-2021-34733,0.00885,0.26162
CVE-2021-34734,0.00885,0.26162
CVE-2021-34735,0.01156,0.60033
CVE-2021-34736,0.01055,0.50287
CVE-2021-34737,0.01055,0.50287
CVE-2021-34738,0.00885,0.26162
CVE-2021-34739,0.01055,0.50287
CVE-2021-3474,0.01018,0.38792
CVE-2021-34740,0.00885,0.26162
CVE-2021-34741,0.01055,0.50287
CVE-2021-34742,0.01055,0.50287
CVE-2021-34743,0.01055,0.50287
CVE-2021-34744,0.00885,0.26162
CVE-2021-34745,0.00885,0.26162
CVE-2021-34746,0.01055,0.50287
CVE-2021-34748,0.01055,0.50287
CVE-2021-34749,0.01055,0.50287
CVE-2021-3475,0.01018,0.38792
CVE-2021-34754,0.01055,0.50287
CVE-2021-34755,0.00885,0.26162
CVE-2021-34756,0.00885,0.26162
CVE-2021-34757,0.00885,0.26162
CVE-2021-34758,0.00885,0.26162
CVE-2021-34759,0.01055,0.50287
CVE-2021-3476,0.01018,0.38792
CVE-2021-34760,0.01055,0.50287
CVE-2021-34761,0.00885,0.26162
CVE-2021-34762,0.01055,0.50287
CVE-2021-34763,0.00885,0.26162
CVE-2021-34764,0.00885,0.26162
CVE-2021-34765,0.01055,0.50287
CVE-2021-34766,0.01055,0.50287
CVE-2021-34767,0.00885,0.26162
CVE-2021-34768,0.01055,0.50287
CVE-2021-34769,0.01055,0.50287
CVE-2021-3477,0.01018,0.38792
CVE-2021-34770,0.01156,0.60033
CVE-2021-34771,0.01036,0.41241
CVE-2021-34772,0.01055,0.50287
CVE-2021-34773,0.01055,0.50287
CVE-2021-34774,0.01055,0.50287
CVE-2021-34775,0.01036,0.41241
CVE-2021-34776,0.01036,0.41241
CVE-2021-34777,0.01036,0.41241
CVE-2021-34778,0.01036,0.41241
CVE-2021-34779,0.01036,0.41241
CVE-2021-3478,0.01018,0.38792
CVE-2021-34780,0.01036,0.41241
CVE-2021-34781,0.01055,0.50287
CVE-2021-34782,0.01055,0.50287
CVE-2021-34783,0.01055,0.50287
CVE-2021-34784,0.01055,0.50287
CVE-2021-34785,0.01055,0.50287
CVE-2021-34786,0.01055,0.50287
CVE-2021-34787,0.01055,0.50287
CVE-2021-34788,0.01036,0.41241
CVE-2021-34789,0.01055,0.50287
CVE-2021-3479,0.01018,0.38792
CVE-2021-34790,0.01055,0.50287
CVE-2021-34791,0.01055,0.50287
CVE-2021-34792,0.01055,0.50287
CVE-2021-34793,0.01055,0.50287
CVE-2021-34794,0.01055,0.50287
CVE-2021-34795,0.01055,0.50287
CVE-2021-34797,0.00885,0.26162
CVE-2021-34798,0.07767,0.92799
CVE-2021-3480,0.00954,0.34522
CVE-2021-34800,0.00885,0.26162
CVE-2021-34801,0.01055,0.50287
CVE-2021-34802,0.00885,0.26162
CVE-2021-34803,0.01108,0.53389
CVE-2021-34805,0.00954,0.34522
CVE-2021-34807,0.01018,0.38792
CVE-2021-34808,0.01055,0.50287
CVE-2021-34809,0.01156,0.60033
CVE-2021-3481,0.01018,0.38792
CVE-2021-34810,0.01156,0.60033
CVE-2021-34811,0.01055,0.50287
CVE-2021-34812,0.01055,0.50287
CVE-2021-34813,0.05634,0.89764
CVE-2021-34814,0.00885,0.26162
CVE-2021-34815,0.0089,0.2856
CVE-2021-34816,0.0144,0.7265
CVE-2021-34817,0.01213,0.6557
CVE-2021-3482,0.01018,0.38792
CVE-2021-34820,0.01055,0.50287
CVE-2021-34821,0.01055,0.50287
CVE-2021-34823,0.01055,0.50287
CVE-2021-34824,0.00885,0.26162
CVE-2021-34825,0.00954,0.34522
CVE-2021-34827,0.01036,0.41241
CVE-2021-34828,0.01036,0.41241
CVE-2021-34829,0.01036,0.41241
CVE-2021-3483,0.0095,0.30554
CVE-2021-34830,0.01036,0.41241
CVE-2021-34831,0.01321,0.70521
CVE-2021-34832,0.01321,0.70521
CVE-2021-34833,0.01321,0.70521
CVE-2021-34834,0.01321,0.70521
CVE-2021-34835,0.01321,0.70521
CVE-2021-34836,0.01321,0.70521
CVE-2021-34837,0.01321,0.70521
CVE-2021-34838,0.01321,0.70521
CVE-2021-34839,0.01321,0.70521
CVE-2021-34840,0.01321,0.70521
CVE-2021-34841,0.01321,0.70521
CVE-2021-34842,0.01321,0.70521
CVE-2021-34843,0.01321,0.70521
CVE-2021-34844,0.01321,0.70521
CVE-2021-34845,0.01321,0.70521
CVE-2021-34846,0.01321,0.70521
CVE-2021-34847,0.01321,0.70521
CVE-2021-34848,0.01321,0.70521
CVE-2021-34849,0.01321,0.70521
CVE-2021-3485,0.01978,0.78447
CVE-2021-34850,0.01321,0.70521
CVE-2021-34851,0.01321,0.70521
CVE-2021-34852,0.01321,0.70521
CVE-2021-34853,0.01321,0.70521
CVE-2021-34854,0.01005,0.36332
CVE-2021-34855,0.01005,0.36332
CVE-2021-34856,0.01005,0.36332
CVE-2021-34857,0.01005,0.36332
CVE-2021-34858,0.01611,0.74874
CVE-2021-34859,0.01689,0.75137
CVE-2021-3486,0.00954,0.34522
CVE-2021-34860,0.00885,0.26162
CVE-2021-34861,0.01005,0.36332
CVE-2021-34862,0.01005,0.36332
CVE-2021-34863,0.01005,0.36332
CVE-2021-34864,0.01036,0.41241
CVE-2021-34865,0.01005,0.36332
CVE-2021-34866,0.01005,0.36332
CVE-2021-34867,0.01005,0.36332
CVE-2021-34868,0.01005,0.36332
CVE-2021-34869,0.01005,0.36332
CVE-2021-3487,0.01018,0.38792
CVE-2021-34870,0.00885,0.26162
CVE-2021-34871,0.01611,0.74874
CVE-2021-34872,0.01611,0.74874
CVE-2021-34873,0.01611,0.74874
CVE-2021-34874,0.01611,0.74874
CVE-2021-34875,0.01611,0.74874
CVE-2021-34876,0.01611,0.74874
CVE-2021-34877,0.01611,0.74874
CVE-2021-34878,0.01611,0.74874
CVE-2021-34879,0.01611,0.74874
CVE-2021-34880,0.01611,0.74874
CVE-2021-34881,0.01611,0.74874
CVE-2021-34882,0.01611,0.74874
CVE-2021-34883,0.01611,0.74874
CVE-2021-34884,0.01611,0.74874
CVE-2021-34885,0.01611,0.74874
CVE-2021-34886,0.01611,0.74874
CVE-2021-34887,0.01611,0.74874
CVE-2021-34888,0.01611,0.74874
CVE-2021-34889,0.01611,0.74874
CVE-2021-3489,0.01505,0.72763
CVE-2021-34890,0.01611,0.74874
CVE-2021-34891,0.01611,0.74874
CVE-2021-34892,0.01611,0.74874
CVE-2021-34893,0.01611,0.74874
CVE-2021-34894,0.01611,0.74874
CVE-2021-34895,0.01611,0.74874
CVE-2021-34896,0.01611,0.74874
CVE-2021-34897,0.01611,0.74874
CVE-2021-34898,0.01611,0.74874
CVE-2021-34899,0.01611,0.74874
CVE-2021-3490,0.07631,0.92602
CVE-2021-34900,0.01611,0.74874
CVE-2021-34901,0.01611,0.74874
CVE-2021-34902,0.01611,0.74874
CVE-2021-34903,0.01611,0.74874
CVE-2021-34904,0.01611,0.74874
CVE-2021-34905,0.01611,0.74874
CVE-2021-34906,0.01611,0.74874
CVE-2021-34907,0.01611,0.74874
CVE-2021-34908,0.01611,0.74874
CVE-2021-34909,0.01611,0.74874
CVE-2021-3491,0.01505,0.72763
CVE-2021-34910,0.01611,0.74874
CVE-2021-34911,0.01611,0.74874
CVE-2021-34912,0.01611,0.74874
CVE-2021-34913,0.01611,0.74874
CVE-2021-34914,0.01611,0.74874
CVE-2021-34915,0.01611,0.74874
CVE-2021-34916,0.01611,0.74874
CVE-2021-34917,0.01611,0.74874
CVE-2021-34918,0.01611,0.74874
CVE-2021-34919,0.01611,0.74874
CVE-2021-34920,0.01611,0.74874
CVE-2021-34921,0.01611,0.74874
CVE-2021-34922,0.01611,0.74874
CVE-2021-34923,0.01611,0.74874
CVE-2021-34924,0.01611,0.74874
CVE-2021-34925,0.01611,0.74874
CVE-2021-34926,0.01611,0.74874
CVE-2021-34927,0.01611,0.74874
CVE-2021-34928,0.01611,0.74874
CVE-2021-34929,0.01611,0.74874
CVE-2021-34930,0.01611,0.74874
CVE-2021-34931,0.01611,0.74874
CVE-2021-34932,0.01611,0.74874
CVE-2021-34933,0.01611,0.74874
CVE-2021-34934,0.01611,0.74874
CVE-2021-34935,0.01611,0.74874
CVE-2021-34936,0.01611,0.74874
CVE-2021-34937,0.01611,0.74874
CVE-2021-34938,0.01611,0.74874
CVE-2021-34939,0.01611,0.74874
CVE-2021-3494,0.00885,0.26162
CVE-2021-34940,0.01611,0.74874
CVE-2021-34941,0.01611,0.74874
CVE-2021-34942,0.01611,0.74874
CVE-2021-34943,0.01611,0.74874
CVE-2021-34944,0.01611,0.74874
CVE-2021-34945,0.01611,0.74874
CVE-2021-34946,0.01611,0.74874
CVE-2021-3495,0.00885,0.26162
CVE-2021-3496,0.00885,0.26162
CVE-2021-3497,0.01018,0.38792
CVE-2021-34977,0.00885,0.26162
CVE-2021-34978,0.01005,0.36332
CVE-2021-34979,0.01005,0.36332
CVE-2021-3498,0.01018,0.38792
CVE-2021-34980,0.01005,0.36332
CVE-2021-34984,0.01611,0.74874
CVE-2021-34985,0.01611,0.74874
CVE-2021-34986,0.01005,0.36332
CVE-2021-34987,0.01005,0.36332
CVE-2021-3499,0.00885,0.26162
CVE-2021-34991,0.01005,0.36332
CVE-2021-34992,0.01978,0.78447
CVE-2021-34993,0.01055,0.50287
CVE-2021-34994,0.01156,0.60033
CVE-2021-34995,0.01156,0.60033
CVE-2021-34996,0.01156,0.60033
CVE-2021-34997,0.01156,0.60033
CVE-2021-34998,0.01005,0.36332
CVE-2021-3500,0.00885,0.26162
CVE-2021-35003,0.01156,0.60033
CVE-2021-35004,0.01156,0.60033
CVE-2021-35005,0.01005,0.36332
CVE-2021-3501,0.0089,0.2856
CVE-2021-3502,0.00885,0.26162
CVE-2021-35027,0.01055,0.50287
CVE-2021-35028,0.01005,0.35949
CVE-2021-35029,0.01055,0.50287
CVE-2021-3503,0.01018,0.38792
CVE-2021-35030,0.00885,0.26162
CVE-2021-35031,0.00885,0.26162
CVE-2021-35032,0.00885,0.26162
CVE-2021-35033,0.00885,0.26162
CVE-2021-35034,0.01055,0.50287
CVE-2021-35035,0.01055,0.50287
CVE-2021-35037,0.00885,0.26162
CVE-2021-35039,0.01034,0.39824
CVE-2021-3504,0.01018,0.38792
CVE-2021-35041,0.00885,0.26162
CVE-2021-35043,0.01108,0.53389
CVE-2021-35045,0.01086,0.51674
CVE-2021-35046,0.00885,0.26162
CVE-2021-35047,0.00885,0.26162
CVE-2021-35048,0.00885,0.26162
CVE-2021-35049,0.02055,0.7893
CVE-2021-3505,0.0089,0.2856
CVE-2021-35050,0.00885,0.26162
CVE-2021-35052,0.00885,0.26162
CVE-2021-35053,0.00954,0.34522
CVE-2021-35054,0.00954,0.34522
CVE-2021-35055,0.00885,0.26162
CVE-2021-35056,0.00885,0.26162
CVE-2021-35059,0.00885,0.26162
CVE-2021-3506,0.01034,0.39824
CVE-2021-35060,0.00885,0.26162
CVE-2021-35061,0.01055,0.50287
CVE-2021-35062,0.00885,0.26162
CVE-2021-35063,0.01108,0.53389
CVE-2021-35064,0.00885,0.26162
CVE-2021-35066,0.00885,0.26162
CVE-2021-35067,0.00885,0.26162
CVE-2021-35068,0.00885,0.26162
CVE-2021-35069,0.00885,0.26162
CVE-2021-3507,0.00885,0.26162
CVE-2021-35070,0.00885,0.26162
CVE-2021-35071,0.00885,0.26162
CVE-2021-35072,0.00885,0.26162
CVE-2021-35073,0.00885,0.26162
CVE-2021-35074,0.00885,0.26162
CVE-2021-35075,0.00885,0.26162
CVE-2021-35076,0.00885,0.26162
CVE-2021-35077,0.00885,0.26162
CVE-2021-35078,0.00885,0.26162
CVE-2021-35079,0.00885,0.26162
CVE-2021-3508,0.00885,0.26162
CVE-2021-35080,0.00885,0.26162
CVE-2021-35081,0.00885,0.26162
CVE-2021-35082,0.00885,0.26162
CVE-2021-35083,0.00885,0.26162
CVE-2021-35084,0.00885,0.26162
CVE-2021-35085,0.00885,0.26162
CVE-2021-35086,0.00885,0.26162
CVE-2021-35087,0.00885,0.26162
CVE-2021-35088,0.00885,0.26162
CVE-2021-35089,0.00885,0.26162
CVE-2021-3509,0.01018,0.38792
CVE-2021-35090,0.00885,0.26162
CVE-2021-35091,0.00885,0.26162
CVE-2021-35092,0.00885,0.26162
CVE-2021-35093,0.00885,0.26162
CVE-2021-35094,0.00885,0.26162
CVE-2021-35095,0.00885,0.26162
CVE-2021-35096,0.00885,0.26162
CVE-2021-35097,0.00885,0.26162
CVE-2021-35098,0.00885,0.26162
CVE-2021-3510,0.00885,0.26162
CVE-2021-35100,0.00885,0.26162
CVE-2021-35101,0.00885,0.26162
CVE-2021-35102,0.00885,0.26162
CVE-2021-35103,0.00885,0.26162
CVE-2021-35104,0.00885,0.26162
CVE-2021-35105,0.00885,0.26162
CVE-2021-35106,0.00885,0.26162
CVE-2021-35108,0.00885,0.26162
CVE-2021-35109,0.00885,0.26162
CVE-2021-3511,0.01055,0.50287
CVE-2021-35110,0.00885,0.26162
CVE-2021-35111,0.00885,0.26162
CVE-2021-35112,0.00885,0.26162
CVE-2021-35113,0.00885,0.26162
CVE-2021-35114,0.00885,0.26162
CVE-2021-35115,0.00885,0.26162
CVE-2021-35116,0.00885,0.26162
CVE-2021-35117,0.00885,0.26162
CVE-2021-35118,0.00885,0.26162
CVE-2021-35119,0.00885,0.26162
CVE-2021-3512,0.01055,0.50287
CVE-2021-35120,0.00885,0.26162
CVE-2021-35121,0.00885,0.26162
CVE-2021-35122,0.00885,0.26162
CVE-2021-35123,0.00885,0.26162
CVE-2021-35126,0.00885,0.26162
CVE-2021-35129,0.00885,0.26162
CVE-2021-3513,0.00885,0.26162
CVE-2021-35130,0.00885,0.26162
CVE-2021-35132,0.00885,0.26162
CVE-2021-35133,0.00885,0.26162
CVE-2021-35134,0.00885,0.26162
CVE-2021-35135,0.00885,0.26162
CVE-2021-3514,0.00885,0.26162
CVE-2021-3515,0.01036,0.41241
CVE-2021-3516,0.01537,0.73595
CVE-2021-3517,0.02686,0.82061
CVE-2021-3518,0.02686,0.82061
CVE-2021-3519,0.00885,0.26162
CVE-2021-35193,0.00954,0.34522
CVE-2021-35196,0.01611,0.74874
CVE-2021-35197,0.01183,0.60428
CVE-2021-35198,0.00885,0.26162
CVE-2021-35199,0.00885,0.26162
CVE-2021-3520,0.01018,0.38792
CVE-2021-35200,0.00885,0.26162
CVE-2021-35201,0.00885,0.26162
CVE-2021-35202,0.00885,0.26162
CVE-2021-35203,0.00885,0.26162
CVE-2021-35204,0.00885,0.26162
CVE-2021-35205,0.00885,0.26162
CVE-2021-35206,0.01183,0.60428
CVE-2021-35207,0.01018,0.38792
CVE-2021-35208,0.0095,0.30554
CVE-2021-35209,0.01018,0.38792
CVE-2021-3521,0.01018,0.38792
CVE-2021-35210,0.00885,0.26162
CVE-2021-35212,0.0095,0.30554
CVE-2021-35213,0.0095,0.30554
CVE-2021-35214,0.00885,0.26162
CVE-2021-35215,0.04571,0.88388
CVE-2021-35216,0.04571,0.88388
CVE-2021-35217,0.04571,0.88388
CVE-2021-35218,0.04571,0.88388
CVE-2021-35219,0.0095,0.30554
CVE-2021-3522,0.01018,0.38792
CVE-2021-35220,0.04571,0.88388
CVE-2021-35221,0.07881,0.92966
CVE-2021-35222,0.04836,0.88802
CVE-2021-35223,0.04571,0.88388
CVE-2021-35225,0.0089,0.2856
CVE-2021-35227,0.00885,0.26162
CVE-2021-35228,0.00885,0.26162
CVE-2021-35229,0.00885,0.26162
CVE-2021-3523,0.00885,0.26162
CVE-2021-35230,0.00885,0.26162
CVE-2021-35231,0.00885,0.26162
CVE-2021-35232,0.00885,0.26162
CVE-2021-35233,0.00885,0.26162
CVE-2021-35234,0.01282,0.67298
CVE-2021-35235,0.0144,0.7265
CVE-2021-35236,0.00885,0.26162
CVE-2021-35237,0.00885,0.26162
CVE-2021-35238,0.01034,0.39824
CVE-2021-35239,0.0095,0.30554
CVE-2021-3524,0.01018,0.38792
CVE-2021-35240,0.0095,0.30554
CVE-2021-35242,0.00885,0.26162
CVE-2021-35243,0.00885,0.26162
CVE-2021-35244,0.04571,0.88388
CVE-2021-35245,0.00885,0.26162
CVE-2021-35247,0.00885,0.26162
CVE-2021-35248,0.0089,0.2856
CVE-2021-35249,0.00885,0.26162
CVE-2021-35250,0.00885,0.26162
CVE-2021-35251,0.00885,0.26162
CVE-2021-35254,0.00885,0.26162
CVE-2021-35265,0.01055,0.50287
CVE-2021-35266,0.01505,0.72763
CVE-2021-35267,0.01505,0.72763
CVE-2021-35268,0.01505,0.72763
CVE-2021-35269,0.01505,0.72763
CVE-2021-3527,0.01034,0.39824
CVE-2021-3528,0.00885,0.26162
CVE-2021-35283,0.00885,0.26162
CVE-2021-3529,0.00885,0.26162
CVE-2021-35297,0.01103,0.51945
CVE-2021-35298,0.01055,0.50287
CVE-2021-35299,0.00885,0.26162
CVE-2021-3530,0.01018,0.38792
CVE-2021-35300,0.01055,0.50287
CVE-2021-35301,0.01055,0.50287
CVE-2021-35302,0.01055,0.50287
CVE-2021-35303,0.01055,0.50287
CVE-2021-35306,0.00885,0.26162
CVE-2021-35307,0.00885,0.26162
CVE-2021-3531,0.01108,0.53389
CVE-2021-35312,0.00885,0.26162
CVE-2021-3532,0.00885,0.26162
CVE-2021-35323,0.00885,0.26162
CVE-2021-35324,0.00885,0.26162
CVE-2021-35325,0.00885,0.26162
CVE-2021-35326,0.00885,0.26162
CVE-2021-35327,0.00885,0.26162
CVE-2021-3533,0.00885,0.26162
CVE-2021-35331,0.01559,0.742
CVE-2021-35336,0.00885,0.26162
CVE-2021-35337,0.00885,0.26162
CVE-2021-35342,0.00885,0.26162
CVE-2021-35343,0.01055,0.50287
CVE-2021-35344,0.00885,0.26162
CVE-2021-35346,0.00885,0.26162
CVE-2021-3535,0.00885,0.26162
CVE-2021-35358,0.00885,0.26162
CVE-2021-3536,0.00885,0.26162
CVE-2021-35360,0.00885,0.26162
CVE-2021-35361,0.00885,0.26162
CVE-2021-35368,0.01018,0.38792
CVE-2021-3537,0.01537,0.73595
CVE-2021-3538,0.00954,0.34522
CVE-2021-35380,0.00954,0.34522
CVE-2021-3539,0.00885,0.26162
CVE-2021-35392,0.00954,0.34522
CVE-2021-35393,0.05634,0.89764
CVE-2021-35394,0.01213,0.6557
CVE-2021-35395,0.05634,0.89764
CVE-2021-35397,0.01213,0.6557
CVE-2021-3540,0.00885,0.26162
CVE-2021-3541,0.0089,0.2856
CVE-2021-35413,0.04571,0.88388
CVE-2021-35414,0.01108,0.53389
CVE-2021-35415,0.01104,0.52279
CVE-2021-3543,0.00885,0.26162
CVE-2021-35438,0.00885,0.26162
CVE-2021-3544,0.0095,0.30554
CVE-2021-35440,0.00954,0.34522
CVE-2021-35449,0.05227,0.89151
CVE-2021-3545,0.0095,0.30554
CVE-2021-35450,0.0144,0.7265
CVE-2021-35451,0.00885,0.26162
CVE-2021-35452,0.00885,0.26162
CVE-2021-35456,0.01055,0.50287
CVE-2021-35458,0.00954,0.34522
CVE-2021-3546,0.01365,0.70715
CVE-2021-35463,0.01055,0.50287
CVE-2021-35465,0.00885,0.26162
CVE-2021-35469,0.00885,0.26162
CVE-2021-3547,0.00885,0.26162
CVE-2021-35472,0.0095,0.30554
CVE-2021-35474,0.00885,0.26162
CVE-2021-35477,0.01034,0.39824
CVE-2021-35478,0.0089,0.2856
CVE-2021-35479,0.0089,0.2856
CVE-2021-3548,0.01036,0.41241
CVE-2021-35482,0.01103,0.51945
CVE-2021-35487,0.00885,0.26162
CVE-2021-35488,0.00885,0.26162
CVE-2021-35489,0.00885,0.26162
CVE-2021-3549,0.00885,0.26162
CVE-2021-35490,0.00885,0.26162
CVE-2021-35491,0.01136,0.57949
CVE-2021-35493,0.00885,0.26162
CVE-2021-35494,0.00885,0.26162
CVE-2021-35495,0.00885,0.26162
CVE-2021-35496,0.00885,0.26162
CVE-2021-35497,0.00885,0.26162
CVE-2021-35498,0.00885,0.26162
CVE-2021-35499,0.00885,0.26162
CVE-2021-3550,0.00885,0.26162
CVE-2021-35500,0.00885,0.26162
CVE-2021-35501,0.00885,0.26162
CVE-2021-35502,0.00885,0.26162
CVE-2021-35503,0.00885,0.26162
CVE-2021-35504,0.01978,0.78447
CVE-2021-35505,0.01978,0.78447
CVE-2021-35506,0.00885,0.26162
CVE-2021-35508,0.00885,0.26162
CVE-2021-3551,0.00885,0.26162
CVE-2021-35512,0.0176,0.7531
CVE-2021-35513,0.00954,0.34522
CVE-2021-35514,0.00885,0.26162
CVE-2021-35515,0.07767,0.92799
CVE-2021-35516,0.07767,0.92799
CVE-2021-35517,0.07767,0.92799
CVE-2021-3552,0.00885,0.26162
CVE-2021-35520,0.01365,0.70715
CVE-2021-35521,0.01061,0.51015
CVE-2021-35522,0.03693,0.843
CVE-2021-35523,0.0095,0.30554
CVE-2021-35525,0.01018,0.38792
CVE-2021-35526,0.00885,0.26162
CVE-2021-35527,0.00885,0.26162
CVE-2021-35528,0.00885,0.26162
CVE-2021-35529,0.0089,0.2856
CVE-2021-3553,0.00885,0.26162
CVE-2021-35530,0.00885,0.26162
CVE-2021-35531,0.00885,0.26162
CVE-2021-35532,0.00885,0.26162
CVE-2021-35533,0.00885,0.26162
CVE-2021-35534,0.0089,0.2856
CVE-2021-35535,0.00885,0.26162
CVE-2021-35536,0.00885,0.26162
CVE-2021-35537,0.00885,0.26162
CVE-2021-35538,0.00885,0.26162
CVE-2021-35539,0.00885,0.26162
CVE-2021-3554,0.00885,0.26162
CVE-2021-35540,0.00885,0.26162
CVE-2021-35541,0.00885,0.26162
CVE-2021-35542,0.00885,0.26162
CVE-2021-35543,0.00885,0.26162
CVE-2021-35545,0.00885,0.26162
CVE-2021-35546,0.0095,0.30554
CVE-2021-35549,0.00885,0.26162
CVE-2021-3555,0.01103,0.51945
CVE-2021-35550,0.01537,0.73595
CVE-2021-35551,0.00885,0.26162
CVE-2021-35552,0.00885,0.26162
CVE-2021-35553,0.00885,0.26162
CVE-2021-35554,0.00885,0.26162
CVE-2021-35556,0.01537,0.73595
CVE-2021-35557,0.00885,0.26162
CVE-2021-35558,0.00885,0.26162
CVE-2021-35559,0.01537,0.73595
CVE-2021-35560,0.00885,0.26162
CVE-2021-35561,0.01537,0.73595
CVE-2021-35562,0.00885,0.26162
CVE-2021-35563,0.01086,0.51674
CVE-2021-35564,0.01537,0.73595
CVE-2021-35565,0.01537,0.73595
CVE-2021-35566,0.00885,0.26162
CVE-2021-35567,0.01104,0.52279
CVE-2021-35568,0.00885,0.26162
CVE-2021-35569,0.00885,0.26162
CVE-2021-3557,0.00885,0.26162
CVE-2021-35570,0.00885,0.26162
CVE-2021-35571,0.00885,0.26162
CVE-2021-35572,0.00885,0.26162
CVE-2021-35573,0.00885,0.26162
CVE-2021-35574,0.00885,0.26162
CVE-2021-35575,0.0095,0.30554
CVE-2021-35576,0.00885,0.26162
CVE-2021-35577,0.0095,0.30554
CVE-2021-35578,0.01183,0.60428
CVE-2021-35580,0.00885,0.26162
CVE-2021-35581,0.00885,0.26162
CVE-2021-35582,0.00885,0.26162
CVE-2021-35583,0.00885,0.26162
CVE-2021-35584,0.00885,0.26162
CVE-2021-35585,0.00885,0.26162
CVE-2021-35586,0.01183,0.60428
CVE-2021-35587,0.00885,0.26162
CVE-2021-35588,0.01108,0.53389
CVE-2021-35589,0.00885,0.26162
CVE-2021-3559,0.00885,0.26162
CVE-2021-35590,0.0089,0.2856
CVE-2021-35591,0.0095,0.30554
CVE-2021-35592,0.0089,0.2856
CVE-2021-35593,0.0089,0.2856
CVE-2021-35594,0.0089,0.2856
CVE-2021-35595,0.00885,0.26162
CVE-2021-35596,0.0095,0.30554
CVE-2021-35597,0.0095,0.30554
CVE-2021-35598,0.0089,0.2856
CVE-2021-35599,0.00885,0.26162
CVE-2021-35601,0.00885,0.26162
CVE-2021-35602,0.0095,0.30554
CVE-2021-35603,0.01183,0.60428
CVE-2021-35604,0.01034,0.39824
CVE-2021-35606,0.00885,0.26162
CVE-2021-35607,0.0095,0.30554
CVE-2021-35608,0.0095,0.30554
CVE-2021-35609,0.00885,0.26162
CVE-2021-3561,0.01108,0.53389
CVE-2021-35610,0.0095,0.30554
CVE-2021-35611,0.00885,0.26162
CVE-2021-35612,0.00885,0.26162
CVE-2021-35613,0.00885,0.26162
CVE-2021-35617,0.00885,0.26162
CVE-2021-35618,0.00885,0.26162
CVE-2021-35619,0.00885,0.26162
CVE-2021-35620,0.00885,0.26162
CVE-2021-35621,0.0089,0.2856
CVE-2021-35622,0.00885,0.26162
CVE-2021-35623,0.00885,0.26162
CVE-2021-35624,0.00885,0.26162
CVE-2021-35625,0.00885,0.26162
CVE-2021-35626,0.00885,0.26162
CVE-2021-35627,0.00885,0.26162
CVE-2021-35628,0.00885,0.26162
CVE-2021-35629,0.00885,0.26162
CVE-2021-3563,0.01018,0.38792
CVE-2021-35630,0.00885,0.26162
CVE-2021-35631,0.00885,0.26162
CVE-2021-35632,0.00885,0.26162
CVE-2021-35633,0.00885,0.26162
CVE-2021-35634,0.00885,0.26162
CVE-2021-35635,0.00885,0.26162
CVE-2021-35636,0.00885,0.26162
CVE-2021-35637,0.00885,0.26162
CVE-2021-35638,0.00885,0.26162
CVE-2021-35639,0.00885,0.26162
CVE-2021-3564,0.01034,0.39824
CVE-2021-35640,0.00885,0.26162
CVE-2021-35641,0.00885,0.26162
CVE-2021-35642,0.00885,0.26162
CVE-2021-35643,0.00885,0.26162
CVE-2021-35644,0.00885,0.26162
CVE-2021-35645,0.00885,0.26162
CVE-2021-35646,0.00885,0.26162
CVE-2021-35647,0.00885,0.26162
CVE-2021-35648,0.00885,0.26162
CVE-2021-35649,0.00885,0.26162
CVE-2021-3565,0.00954,0.34522
CVE-2021-35650,0.00885,0.26162
CVE-2021-35651,0.00885,0.26162
CVE-2021-35652,0.00885,0.26162
CVE-2021-35653,0.00885,0.26162
CVE-2021-35654,0.00885,0.26162
CVE-2021-35655,0.00885,0.26162
CVE-2021-35656,0.00885,0.26162
CVE-2021-35657,0.00885,0.26162
CVE-2021-35658,0.00885,0.26162
CVE-2021-35659,0.00885,0.26162
CVE-2021-3566,0.00885,0.26162
CVE-2021-35660,0.00885,0.26162
CVE-2021-35661,0.00885,0.26162
CVE-2021-35662,0.00885,0.26162
CVE-2021-35665,0.00885,0.26162
CVE-2021-35666,0.00885,0.26162
CVE-2021-3567,0.00885,0.26162
CVE-2021-35683,0.00885,0.26162
CVE-2021-35686,0.00885,0.26162
CVE-2021-35687,0.00885,0.26162
CVE-2021-35689,0.01156,0.60033
CVE-2021-3569,0.00885,0.26162
CVE-2021-3570,0.04571,0.88388
CVE-2021-3571,0.01061,0.51015
CVE-2021-3573,0.0089,0.2856
CVE-2021-3574,0.00954,0.34522
CVE-2021-3575,0.01559,0.742
CVE-2021-3576,0.01365,0.70715
CVE-2021-3577,0.01103,0.51945
CVE-2021-3578,0.07218,0.9208
CVE-2021-3579,0.00885,0.26162
CVE-2021-3580,0.00954,0.34522
CVE-2021-3581,0.00885,0.26162
CVE-2021-3582,0.0089,0.2856
CVE-2021-3583,0.01005,0.35949
CVE-2021-3584,0.04571,0.88388
CVE-2021-3585,0.0095,0.30554
CVE-2021-3586,0.00885,0.26162
CVE-2021-3588,0.00885,0.26162
CVE-2021-3589,0.00885,0.26162
CVE-2021-3590,0.00885,0.26162
CVE-2021-3592,0.01034,0.39824
CVE-2021-3593,0.01034,0.39824
CVE-2021-35936,0.00885,0.26162
CVE-2021-35937,0.0095,0.30554
CVE-2021-35938,0.01034,0.39824
CVE-2021-35939,0.0095,0.30554
CVE-2021-3594,0.01034,0.39824
CVE-2021-35940,0.03052,0.82933
CVE-2021-35941,0.00885,0.26162
CVE-2021-35943,0.00885,0.26162
CVE-2021-35944,0.00885,0.26162
CVE-2021-35945,0.00885,0.26162
CVE-2021-35946,0.00885,0.26162
CVE-2021-35947,0.01055,0.50287
CVE-2021-35948,0.00885,0.26162
CVE-2021-35949,0.00885,0.26162
CVE-2021-3595,0.01034,0.39824
CVE-2021-35955,0.00885,0.26162
CVE-2021-35956,0.01132,0.54372
CVE-2021-35957,0.00885,0.26162
CVE-2021-35958,0.01018,0.38792
CVE-2021-35959,0.00885,0.26162
CVE-2021-3596,0.00954,0.34522
CVE-2021-35961,0.01055,0.50287
CVE-2021-35962,0.01055,0.50287
CVE-2021-35963,0.01055,0.50287
CVE-2021-35964,0.01055,0.50287
CVE-2021-35965,0.01055,0.50287
CVE-2021-35966,0.01055,0.50287
CVE-2021-35967,0.01055,0.50287
CVE-2021-35968,0.01055,0.50287
CVE-2021-35969,0.01055,0.50287
CVE-2021-3597,0.00885,0.26162
CVE-2021-35970,0.01213,0.6557
CVE-2021-35971,0.00885,0.26162
CVE-2021-35973,0.00885,0.26162
CVE-2021-35976,0.00954,0.34522
CVE-2021-35977,0.01086,0.51674
CVE-2021-35978,0.01978,0.78447
CVE-2021-35979,0.00885,0.26162
CVE-2021-3598,0.00885,0.26162
CVE-2021-35981,0.01223,0.65839
CVE-2021-35982,0.01223,0.65839
CVE-2021-35983,0.01223,0.65839
CVE-2021-35984,0.01046,0.41635
CVE-2021-35985,0.01046,0.41635
CVE-2021-35986,0.01046,0.41635
CVE-2021-35987,0.01046,0.41635
CVE-2021-35988,0.01046,0.41635
CVE-2021-35989,0.01223,0.65839
CVE-2021-3599,0.01036,0.41241
CVE-2021-35990,0.01223,0.65839
CVE-2021-35991,0.01046,0.41635
CVE-2021-35992,0.01046,0.41635
CVE-2021-35993,0.01223,0.65839
CVE-2021-35994,0.01223,0.65839
CVE-2021-35995,0.01046,0.41635
CVE-2021-35996,0.01223,0.65839
CVE-2021-35997,0.01223,0.65839
CVE-2021-35999,0.01223,0.65839
CVE-2021-36000,0.01223,0.65839
CVE-2021-36001,0.01046,0.41635
CVE-2021-36002,0.01046,0.41635
CVE-2021-36003,0.01046,0.41635
CVE-2021-36004,0.01156,0.60033
CVE-2021-36005,0.01223,0.65839
CVE-2021-36006,0.01046,0.41635
CVE-2021-36007,0.01046,0.41635
CVE-2021-36008,0.01046,0.41635
CVE-2021-36009,0.01768,0.7561
CVE-2021-36010,0.01046,0.41635
CVE-2021-36011,0.01223,0.65839
CVE-2021-36012,0.01046,0.41635
CVE-2021-36013,0.01223,0.65839
CVE-2021-36014,0.01046,0.41635
CVE-2021-36015,0.01223,0.65839
CVE-2021-36016,0.01046,0.41635
CVE-2021-36017,0.01223,0.65839
CVE-2021-36018,0.01046,0.41635
CVE-2021-36019,0.01046,0.41635
CVE-2021-3602,0.0095,0.30554
CVE-2021-36020,0.01156,0.60033
CVE-2021-36022,0.01156,0.60033
CVE-2021-36024,0.01156,0.60033
CVE-2021-36025,0.01156,0.60033
CVE-2021-36026,0.01046,0.41635
CVE-2021-36027,0.01046,0.41635
CVE-2021-36028,0.01156,0.60033
CVE-2021-36029,0.01156,0.60033
CVE-2021-3603,0.01018,0.38792
CVE-2021-36030,0.01046,0.41635
CVE-2021-36031,0.01156,0.60033
CVE-2021-36032,0.01046,0.41635
CVE-2021-36033,0.01156,0.60033
CVE-2021-36034,0.01156,0.60033
CVE-2021-36035,0.01156,0.60033
CVE-2021-36037,0.01046,0.41635
CVE-2021-36038,0.01046,0.41635
CVE-2021-36039,0.01046,0.41635
CVE-2021-3604,0.01055,0.50287
CVE-2021-36040,0.01156,0.60033
CVE-2021-36041,0.01156,0.60033
CVE-2021-36042,0.01424,0.72364
CVE-2021-36043,0.01156,0.60033
CVE-2021-36044,0.01046,0.41635
CVE-2021-36045,0.01046,0.41635
CVE-2021-36046,0.01223,0.65839
CVE-2021-36047,0.01223,0.65839
CVE-2021-36048,0.01223,0.65839
CVE-2021-36049,0.01223,0.65839
CVE-2021-3605,0.00885,0.26162
CVE-2021-36050,0.01223,0.65839
CVE-2021-36051,0.01223,0.65839
CVE-2021-36052,0.01223,0.65839
CVE-2021-36053,0.01046,0.41635
CVE-2021-36054,0.01046,0.41635
CVE-2021-36055,0.01223,0.65839
CVE-2021-36056,0.01223,0.65839
CVE-2021-36057,0.01046,0.41635
CVE-2021-36058,0.01046,0.41635
CVE-2021-36059,0.01223,0.65839
CVE-2021-3606,0.00885,0.26162
CVE-2021-36061,0.01046,0.41635
CVE-2021-36062,0.01046,0.41635
CVE-2021-36063,0.01046,0.41635
CVE-2021-36064,0.01223,0.65839
CVE-2021-36065,0.01223,0.65839
CVE-2021-36066,0.01223,0.65839
CVE-2021-36067,0.01223,0.65839
CVE-2021-36068,0.01223,0.65839
CVE-2021-36069,0.01223,0.65839
CVE-2021-3607,0.0095,0.30554
CVE-2021-36070,0.01223,0.65839
CVE-2021-36071,0.01046,0.41635
CVE-2021-36072,0.01223,0.65839
CVE-2021-36073,0.01223,0.65839
CVE-2021-36074,0.01046,0.41635
CVE-2021-36075,0.01223,0.65839
CVE-2021-36076,0.01223,0.65839
CVE-2021-36077,0.01046,0.41635
CVE-2021-36078,0.01223,0.65839
CVE-2021-36079,0.01223,0.65839
CVE-2021-3608,0.0095,0.30554
CVE-2021-36080,0.00954,0.34522
CVE-2021-36081,0.00954,0.34522
CVE-2021-36082,0.00954,0.34522
CVE-2021-36083,0.00954,0.34522
CVE-2021-36084,0.01018,0.38792
CVE-2021-36085,0.0095,0.30554
CVE-2021-36086,0.0095,0.30554
CVE-2021-36087,0.0095,0.30554
CVE-2021-36088,0.01018,0.38792
CVE-2021-36089,0.00954,0.34522
CVE-2021-3609,0.0095,0.30554
CVE-2021-36090,0.07767,0.92799
CVE-2021-36091,0.00885,0.26162
CVE-2021-36092,0.00885,0.26162
CVE-2021-36093,0.00885,0.26162
CVE-2021-36094,0.00885,0.26162
CVE-2021-36095,0.00885,0.26162
CVE-2021-36096,0.00885,0.26162
CVE-2021-36097,0.00885,0.26162
CVE-2021-3610,0.00885,0.26162
CVE-2021-36100,0.01086,0.51674
CVE-2021-3611,0.0095,0.30554
CVE-2021-3612,0.01034,0.39824
CVE-2021-36121,0.01156,0.60033
CVE-2021-36122,0.00885,0.26162
CVE-2021-36123,0.00885,0.26162
CVE-2021-36124,0.00885,0.26162
CVE-2021-36125,0.00885,0.26162
CVE-2021-36126,0.00885,0.26162
CVE-2021-36127,0.00885,0.26162
CVE-2021-36128,0.00954,0.34522
CVE-2021-36129,0.00885,0.26162
CVE-2021-3613,0.00885,0.26162
CVE-2021-36130,0.00885,0.26162
CVE-2021-36131,0.00885,0.26162
CVE-2021-36132,0.00885,0.26162
CVE-2021-36133,0.00885,0.26162
CVE-2021-36134,0.00885,0.26162
CVE-2021-3614,0.00885,0.26162
CVE-2021-36143,0.00885,0.26162
CVE-2021-36144,0.00885,0.26162
CVE-2021-36145,0.00885,0.26162
CVE-2021-36146,0.00885,0.26162
CVE-2021-36147,0.00885,0.26162
CVE-2021-36148,0.00885,0.26162
CVE-2021-3615,0.01005,0.36332
CVE-2021-36150,0.00885,0.26162
CVE-2021-36151,0.00885,0.26162
CVE-2021-36152,0.00885,0.26162
CVE-2021-36153,0.01136,0.57949
CVE-2021-36154,0.01136,0.57949
CVE-2021-36155,0.01136,0.57949
CVE-2021-36156,0.00885,0.26162
CVE-2021-36157,0.00885,0.26162
CVE-2021-36158,0.00885,0.26162
CVE-2021-36159,0.01108,0.53389
CVE-2021-3616,0.00885,0.26162
CVE-2021-36160,0.07767,0.92799
CVE-2021-36161,0.00885,0.26162
CVE-2021-36162,0.00885,0.26162
CVE-2021-36163,0.00885,0.26162
CVE-2021-36165,0.00885,0.26162
CVE-2021-36166,0.01055,0.50287
CVE-2021-36167,0.00885,0.26162
CVE-2021-36168,0.00885,0.26162
CVE-2021-36169,0.00885,0.26162
CVE-2021-3617,0.02055,0.7893
CVE-2021-36170,0.00885,0.26162
CVE-2021-36171,0.01055,0.50287
CVE-2021-36172,0.00885,0.26162
CVE-2021-36173,0.01086,0.51674
CVE-2021-36174,0.00885,0.26162
CVE-2021-36175,0.01055,0.50287
CVE-2021-36176,0.00885,0.26162
CVE-2021-36177,0.00885,0.26162
CVE-2021-36178,0.00885,0.26162
CVE-2021-36179,0.01086,0.51674
CVE-2021-3618,0.01108,0.53389
CVE-2021-36180,0.00885,0.26162
CVE-2021-36181,0.01086,0.51674
CVE-2021-36182,0.02055,0.7893
CVE-2021-36183,0.00885,0.26162
CVE-2021-36184,0.00885,0.26162
CVE-2021-36185,0.02055,0.7893
CVE-2021-36186,0.00885,0.26162
CVE-2021-36187,0.00885,0.26162
CVE-2021-36188,0.00885,0.26162
CVE-2021-36189,0.00885,0.26162
CVE-2021-3619,0.00885,0.26162
CVE-2021-36190,0.00885,0.26162
CVE-2021-36191,0.00885,0.26162
CVE-2021-36192,0.00885,0.26162
CVE-2021-36193,0.01086,0.51674
CVE-2021-36194,0.01086,0.51674
CVE-2021-36195,0.02055,0.7893
CVE-2021-36198,0.00885,0.26162
CVE-2021-36199,0.00885,0.26162
CVE-2021-3620,0.0089,0.2856
CVE-2021-36200,0.00885,0.26162
CVE-2021-36202,0.00885,0.26162
CVE-2021-36203,0.00885,0.26162
CVE-2021-36205,0.00885,0.26162
CVE-2021-36207,0.00885,0.26162
CVE-2021-36209,0.00885,0.26162
CVE-2021-3621,0.02055,0.7893
CVE-2021-36212,0.00885,0.26162
CVE-2021-36213,0.01018,0.38792
CVE-2021-36214,0.00885,0.26162
CVE-2021-36215,0.00885,0.26162
CVE-2021-36216,0.01036,0.41241
CVE-2021-36218,0.00885,0.26162
CVE-2021-36219,0.00885,0.26162
CVE-2021-3622,0.01018,0.38792
CVE-2021-36221,0.01537,0.73595
CVE-2021-36222,0.01319,0.70416
CVE-2021-3623,0.01108,0.53389
CVE-2021-36230,0.00885,0.26162
CVE-2021-36231,0.01055,0.50287
CVE-2021-36232,0.00885,0.26162
CVE-2021-36233,0.00885,0.26162
CVE-2021-36234,0.00885,0.26162
CVE-2021-36235,0.00885,0.26162
CVE-2021-3624,0.00885,0.26162
CVE-2021-3626,0.00885,0.26162
CVE-2021-36276,0.00885,0.26162
CVE-2021-36277,0.00885,0.26162
CVE-2021-36278,0.00885,0.26162
CVE-2021-36279,0.00885,0.26162
CVE-2021-3628,0.01061,0.51015
CVE-2021-36280,0.00885,0.26162
CVE-2021-36281,0.00885,0.26162
CVE-2021-36282,0.00885,0.26162
CVE-2021-36283,0.01036,0.41241
CVE-2021-36284,0.00885,0.26162
CVE-2021-36285,0.00885,0.26162
CVE-2021-36286,0.00885,0.26162
CVE-2021-36287,0.01156,0.60033
CVE-2021-36288,0.00885,0.26162
CVE-2021-36289,0.00885,0.26162
CVE-2021-3629,0.00885,0.26162
CVE-2021-36290,0.00885,0.26162
CVE-2021-36293,0.00885,0.26162
CVE-2021-36294,0.01055,0.50287
CVE-2021-36295,0.01156,0.60033
CVE-2021-36296,0.01156,0.60033
CVE-2021-36297,0.00885,0.26162
CVE-2021-36298,0.01055,0.50287
CVE-2021-36299,0.01055,0.50287
CVE-2021-3630,0.01108,0.53389
CVE-2021-36300,0.01055,0.50287
CVE-2021-36301,0.01156,0.60033
CVE-2021-36302,0.00885,0.26162
CVE-2021-36305,0.00885,0.26162
CVE-2021-36306,0.01055,0.50287
CVE-2021-36307,0.00885,0.26162
CVE-2021-36308,0.01055,0.50287
CVE-2021-36309,0.00885,0.26162
CVE-2021-3631,0.0095,0.30554
CVE-2021-36310,0.00885,0.26162
CVE-2021-36311,0.00885,0.26162
CVE-2021-36312,0.00885,0.26162
CVE-2021-36313,0.01086,0.51674
CVE-2021-36314,0.01156,0.60033
CVE-2021-36315,0.00885,0.26162
CVE-2021-36316,0.00885,0.26162
CVE-2021-36317,0.00885,0.26162
CVE-2021-36318,0.00885,0.26162
CVE-2021-36319,0.00885,0.26162
CVE-2021-3632,0.01018,0.38792
CVE-2021-36320,0.01055,0.50287
CVE-2021-36321,0.01055,0.50287
CVE-2021-36322,0.01055,0.50287
CVE-2021-36323,0.01036,0.41241
CVE-2021-36324,0.01036,0.41241
CVE-2021-36325,0.01036,0.41241
CVE-2021-36326,0.01055,0.50287
CVE-2021-36327,0.01055,0.50287
CVE-2021-36328,0.00885,0.26162
CVE-2021-36329,0.00885,0.26162
CVE-2021-3633,0.00885,0.26162
CVE-2021-36330,0.01055,0.50287
CVE-2021-36332,0.01055,0.50287
CVE-2021-36333,0.00885,0.26162
CVE-2021-36334,0.01086,0.51674
CVE-2021-36335,0.01156,0.60033
CVE-2021-36336,0.01086,0.51674
CVE-2021-36337,0.00885,0.26162
CVE-2021-36338,0.00885,0.26162
CVE-2021-36339,0.00885,0.26162
CVE-2021-3634,0.01034,0.39824
CVE-2021-36340,0.00885,0.26162
CVE-2021-36341,0.00885,0.26162
CVE-2021-36342,0.01036,0.41241
CVE-2021-36343,0.01036,0.41241
CVE-2021-36346,0.01055,0.50287
CVE-2021-36347,0.01156,0.60033
CVE-2021-36348,0.01055,0.50287
CVE-2021-36349,0.00885,0.26162
CVE-2021-3635,0.00885,0.26162
CVE-2021-36350,0.01055,0.50287
CVE-2021-36351,0.00885,0.26162
CVE-2021-36352,0.00885,0.26162
CVE-2021-36356,0.01978,0.78447
CVE-2021-36357,0.00885,0.26162
CVE-2021-36359,0.04571,0.88388
CVE-2021-3636,0.00885,0.26162
CVE-2021-36363,0.00885,0.26162
CVE-2021-36364,0.00885,0.26162
CVE-2021-36365,0.00885,0.26162
CVE-2021-36366,0.00885,0.26162
CVE-2021-36367,0.00885,0.26162
CVE-2021-36368,0.01018,0.38792
CVE-2021-3637,0.00885,0.26162
CVE-2021-36370,0.01108,0.53389
CVE-2021-36371,0.00885,0.26162
CVE-2021-36372,0.00885,0.26162
CVE-2021-36373,0.03032,0.82851
CVE-2021-36374,0.03032,0.82851
CVE-2021-36376,0.00954,0.34522
CVE-2021-36377,0.00885,0.26162
CVE-2021-3638,0.0095,0.30554
CVE-2021-36380,0.02055,0.7893
CVE-2021-36381,0.00885,0.26162
CVE-2021-36382,0.00885,0.26162
CVE-2021-36383,0.00885,0.26162
CVE-2021-36385,0.01136,0.57949
CVE-2021-36386,0.01108,0.53389
CVE-2021-36387,0.0095,0.30554
CVE-2021-36388,0.01018,0.38792
CVE-2021-36389,0.01018,0.38792
CVE-2021-3639,0.00954,0.34522
CVE-2021-3640,0.01282,0.67298
CVE-2021-36408,0.00885,0.26162
CVE-2021-36409,0.00885,0.26162
CVE-2021-3641,0.00885,0.26162
CVE-2021-36410,0.00885,0.26162
CVE-2021-36411,0.01055,0.50287
CVE-2021-36412,0.00885,0.26162
CVE-2021-36414,0.01036,0.41241
CVE-2021-36417,0.01036,0.41241
CVE-2021-3642,0.00885,0.26162
CVE-2021-3643,0.00885,0.26162
CVE-2021-3644,0.01034,0.39824
CVE-2021-36440,0.01424,0.72364
CVE-2021-3645,0.00885,0.26162
CVE-2021-36450,0.00954,0.34522
CVE-2021-36454,0.00885,0.26162
CVE-2021-36455,0.00885,0.26162
CVE-2021-3646,0.00885,0.26162
CVE-2021-36461,0.00885,0.26162
CVE-2021-3647,0.00885,0.26162
CVE-2021-36483,0.03804,0.84831
CVE-2021-3649,0.00885,0.26162
CVE-2021-36512,0.00885,0.26162
CVE-2021-36513,0.00954,0.34522
CVE-2021-3652,0.00885,0.26162
CVE-2021-3653,0.0095,0.30554
CVE-2021-36530,0.00885,0.26162
CVE-2021-36531,0.00885,0.26162
CVE-2021-3654,0.01108,0.53389
CVE-2021-36542,0.01055,0.50287
CVE-2021-36543,0.01055,0.50287
CVE-2021-36547,0.01156,0.60033
CVE-2021-36548,0.01156,0.60033
CVE-2021-3655,0.0089,0.2856
CVE-2021-36550,0.00885,0.26162
CVE-2021-36551,0.00885,0.26162
CVE-2021-3656,0.0095,0.30554
CVE-2021-36560,0.00885,0.26162
CVE-2021-36564,0.00885,0.26162
CVE-2021-36567,0.00885,0.26162
CVE-2021-3657,0.05634,0.89764
CVE-2021-3658,0.01018,0.38792
CVE-2021-36581,0.00885,0.26162
CVE-2021-36582,0.00885,0.26162
CVE-2021-36584,0.00885,0.26162
CVE-2021-3659,0.0089,0.2856
CVE-2021-3660,0.00954,0.34522
CVE-2021-36601,0.00885,0.26162
CVE-2021-36605,0.00885,0.26162
CVE-2021-36608,0.00885,0.26162
CVE-2021-36609,0.00885,0.26162
CVE-2021-36613,0.01055,0.50287
CVE-2021-36614,0.01055,0.50287
CVE-2021-3662,0.00885,0.26162
CVE-2021-36621,0.00954,0.34522
CVE-2021-36622,0.00885,0.26162
CVE-2021-36623,0.00885,0.26162
CVE-2021-36624,0.01055,0.50287
CVE-2021-36625,0.00885,0.26162
CVE-2021-3663,0.00885,0.26162
CVE-2021-3664,0.00885,0.26162
CVE-2021-36654,0.00885,0.26162
CVE-2021-3666,0.00885,0.26162
CVE-2021-36665,0.0089,0.2856
CVE-2021-36666,0.0089,0.2856
CVE-2021-36667,0.01011,0.36346
CVE-2021-36668,0.0089,0.2856
CVE-2021-3667,0.0095,0.30554
CVE-2021-3669,0.0095,0.30554
CVE-2021-36690,0.00885,0.26162
CVE-2021-36691,0.00885,0.26162
CVE-2021-36692,0.00954,0.34522
CVE-2021-36695,0.00885,0.26162
CVE-2021-36696,0.00885,0.26162
CVE-2021-36697,0.0089,0.2856
CVE-2021-36698,0.0089,0.2856
CVE-2021-3670,0.01282,0.67298
CVE-2021-36701,0.01055,0.50287
CVE-2021-36702,0.01055,0.50287
CVE-2021-36703,0.01055,0.50287
CVE-2021-36705,0.02055,0.7893
CVE-2021-36706,0.02055,0.7893
CVE-2021-36707,0.02055,0.7893
CVE-2021-36708,0.00885,0.26162
CVE-2021-3671,0.0089,0.2856
CVE-2021-36710,0.00885,0.26162
CVE-2021-36716,0.00885,0.26162
CVE-2021-36717,0.00885,0.26162
CVE-2021-36718,0.00885,0.26162
CVE-2021-36719,0.00885,0.26162
CVE-2021-3672,0.01018,0.38792
CVE-2021-36720,0.00885,0.26162
CVE-2021-36721,0.00885,0.26162
CVE-2021-36722,0.00885,0.26162
CVE-2021-36723,0.00885,0.26162
CVE-2021-36724,0.00885,0.26162
CVE-2021-3673,0.01108,0.53389
CVE-2021-36737,0.00885,0.26162
CVE-2021-36738,0.00885,0.26162
CVE-2021-36739,0.00885,0.26162
CVE-2021-36740,0.01108,0.53389
CVE-2021-36741,0.0095,0.30554
CVE-2021-36742,0.0095,0.30554
CVE-2021-36744,0.00885,0.26162
CVE-2021-36745,0.01136,0.57949
CVE-2021-36746,0.00885,0.26162
CVE-2021-36747,0.00885,0.26162
CVE-2021-36748,0.01136,0.57949
CVE-2021-3675,0.0089,0.2856
CVE-2021-36750,0.0095,0.30554
CVE-2021-36751,0.00885,0.26162
CVE-2021-36753,0.0095,0.30554
CVE-2021-36754,0.00954,0.34522
CVE-2021-36755,0.00885,0.26162
CVE-2021-36756,0.00885,0.26162
CVE-2021-36758,0.00885,0.26162
CVE-2021-36760,0.00885,0.26162
CVE-2021-36761,0.00885,0.26162
CVE-2021-36762,0.00954,0.34522
CVE-2021-36763,0.00885,0.26162
CVE-2021-36764,0.00885,0.26162
CVE-2021-36765,0.00885,0.26162
CVE-2021-36766,0.0089,0.2856
CVE-2021-36767,0.00885,0.26162
CVE-2021-36769,0.00885,0.26162
CVE-2021-3677,0.0089,0.2856
CVE-2021-36770,0.01183,0.60428
CVE-2021-36771,0.00885,0.26162
CVE-2021-36772,0.00885,0.26162
CVE-2021-36773,0.00954,0.34522
CVE-2021-36774,0.00885,0.26162
CVE-2021-36775,0.00885,0.26162
CVE-2021-36776,0.01055,0.50287
CVE-2021-36777,0.00885,0.26162
CVE-2021-36778,0.00885,0.26162
CVE-2021-36779,0.00885,0.26162
CVE-2021-3678,0.00885,0.26162
CVE-2021-36780,0.00885,0.26162
CVE-2021-36781,0.00885,0.26162
CVE-2021-36784,0.00885,0.26162
CVE-2021-36785,0.00885,0.26162
CVE-2021-36786,0.00885,0.26162
CVE-2021-36787,0.0095,0.30554
CVE-2021-36788,0.00885,0.26162
CVE-2021-36789,0.00885,0.26162
CVE-2021-3679,0.0095,0.30554
CVE-2021-36790,0.00885,0.26162
CVE-2021-36791,0.00885,0.26162
CVE-2021-36792,0.00885,0.26162
CVE-2021-36793,0.00885,0.26162
CVE-2021-36794,0.00954,0.34522
CVE-2021-36795,0.00885,0.26162
CVE-2021-36797,0.00885,0.26162
CVE-2021-3680,0.00885,0.26162
CVE-2021-36800,0.00885,0.26162
CVE-2021-36801,0.00885,0.26162
CVE-2021-36802,0.00885,0.26162
CVE-2021-36803,0.00885,0.26162
CVE-2021-36804,0.00954,0.34522
CVE-2021-36805,0.00885,0.26162
CVE-2021-36807,0.01086,0.51674
CVE-2021-36809,0.00885,0.26162
CVE-2021-3681,0.00885,0.26162
CVE-2021-3682,0.02199,0.80273
CVE-2021-36823,0.0089,0.2856
CVE-2021-36826,0.0089,0.2856
CVE-2021-36827,0.00885,0.26162
CVE-2021-36828,0.00885,0.26162
CVE-2021-3683,0.00885,0.26162
CVE-2021-36832,0.00885,0.26162
CVE-2021-36833,0.00885,0.26162
CVE-2021-36841,0.00885,0.26162
CVE-2021-36843,0.00885,0.26162
CVE-2021-36844,0.00885,0.26162
CVE-2021-36845,0.00885,0.26162
CVE-2021-36846,0.00885,0.26162
CVE-2021-36847,0.00885,0.26162
CVE-2021-36848,0.00885,0.26162
CVE-2021-36849,0.00885,0.26162
CVE-2021-36850,0.00885,0.26162
CVE-2021-36851,0.00885,0.26162
CVE-2021-36852,0.00885,0.26162
CVE-2021-36857,0.00885,0.26162
CVE-2021-36861,0.00885,0.26162
CVE-2021-36866,0.00885,0.26162
CVE-2021-36867,0.00885,0.26162
CVE-2021-36869,0.00885,0.26162
CVE-2021-36870,0.00885,0.26162
CVE-2021-36871,0.00885,0.26162
CVE-2021-36872,0.00885,0.26162
CVE-2021-36873,0.00885,0.26162
CVE-2021-36874,0.00885,0.26162
CVE-2021-36875,0.00885,0.26162
CVE-2021-36876,0.00885,0.26162
CVE-2021-36877,0.00885,0.26162
CVE-2021-36878,0.00885,0.26162
CVE-2021-36879,0.00885,0.26162
CVE-2021-3688,0.00885,0.26162
CVE-2021-36880,0.00885,0.26162
CVE-2021-36884,0.00885,0.26162
CVE-2021-36885,0.00885,0.26162
CVE-2021-36886,0.00885,0.26162
CVE-2021-36887,0.00885,0.26162
CVE-2021-36888,0.00885,0.26162
CVE-2021-36889,0.00885,0.26162
CVE-2021-3689,0.00885,0.26162
CVE-2021-36890,0.00885,0.26162
CVE-2021-36891,0.00885,0.26162
CVE-2021-36893,0.00885,0.26162
CVE-2021-36895,0.00885,0.26162
CVE-2021-36896,0.00885,0.26162
CVE-2021-3690,0.01018,0.38792
CVE-2021-36901,0.00885,0.26162
CVE-2021-36908,0.00954,0.34522
CVE-2021-36909,0.0089,0.2856
CVE-2021-36910,0.00885,0.26162
CVE-2021-36911,0.00885,0.26162
CVE-2021-36912,0.00885,0.26162
CVE-2021-36914,0.00885,0.26162
CVE-2021-36916,0.00954,0.34522
CVE-2021-36917,0.00954,0.34522
CVE-2021-36919,0.00885,0.26162
CVE-2021-3692,0.00885,0.26162
CVE-2021-36920,0.00885,0.26162
CVE-2021-36921,0.0089,0.2856
CVE-2021-36922,0.01005,0.36332
CVE-2021-36923,0.01005,0.36332
CVE-2021-36924,0.01005,0.36332
CVE-2021-36925,0.01005,0.36332
CVE-2021-36926,0.02251,0.80538
CVE-2021-36927,0.0115,0.5906
CVE-2021-36928,0.0115,0.5906
CVE-2021-36929,0.02251,0.80538
CVE-2021-3693,0.04836,0.88802
CVE-2021-36930,0.02251,0.80538
CVE-2021-36931,0.02251,0.80538
CVE-2021-36932,0.02251,0.80538
CVE-2021-36933,0.02251,0.80538
CVE-2021-36936,0.01601,0.74633
CVE-2021-36937,0.01528,0.72895
CVE-2021-36938,0.0115,0.5906
CVE-2021-3694,0.04836,0.88802
CVE-2021-36940,0.0115,0.5906
CVE-2021-36941,0.01528,0.72895
CVE-2021-36942,0.26327,0.96959
CVE-2021-36943,0.0115,0.5906
CVE-2021-36945,0.02251,0.80538
CVE-2021-36946,0.0115,0.5906
CVE-2021-36947,0.01967,0.77799
CVE-2021-36948,0.0115,0.5906
CVE-2021-36949,0.0115,0.5906
CVE-2021-3695,0.01036,0.41241
CVE-2021-36950,0.0115,0.5906
CVE-2021-36952,0.04475,0.87758
CVE-2021-36953,0.02251,0.80538
CVE-2021-36954,0.0115,0.5906
CVE-2021-36956,0.0115,0.5906
CVE-2021-36957,0.0115,0.5906
CVE-2021-36958,0.01528,0.72895
CVE-2021-36959,0.02251,0.80538
CVE-2021-3696,0.01036,0.41241
CVE-2021-36960,0.02251,0.80538
CVE-2021-36961,0.01178,0.60108
CVE-2021-36962,0.01178,0.60108
CVE-2021-36963,0.0115,0.5906
CVE-2021-36964,0.0115,0.5906
CVE-2021-36965,0.01601,0.74633
CVE-2021-36966,0.0115,0.5906
CVE-2021-36967,0.02251,0.80538
CVE-2021-36968,0.0115,0.5906
CVE-2021-36969,0.0115,0.5906
CVE-2021-3697,0.01036,0.41241
CVE-2021-36970,0.02251,0.80538
CVE-2021-36972,0.0115,0.5906
CVE-2021-36973,0.0115,0.5906
CVE-2021-36974,0.0115,0.5906
CVE-2021-36975,0.0115,0.5906
CVE-2021-36976,0.01537,0.73595
CVE-2021-36977,0.01018,0.38792
CVE-2021-36978,0.00954,0.34522
CVE-2021-36979,0.01018,0.38792
CVE-2021-3698,0.00885,0.26162
CVE-2021-36980,0.01183,0.60428
CVE-2021-36982,0.02211,0.80357
CVE-2021-36983,0.00885,0.26162
CVE-2021-36985,0.00885,0.26162
CVE-2021-36986,0.00885,0.26162
CVE-2021-36987,0.00885,0.26162
CVE-2021-36988,0.00885,0.26162
CVE-2021-36989,0.00885,0.26162
CVE-2021-36990,0.00885,0.26162
CVE-2021-36991,0.00885,0.26162
CVE-2021-36992,0.00885,0.26162
CVE-2021-36993,0.00885,0.26162
CVE-2021-36994,0.00885,0.26162
CVE-2021-36995,0.00885,0.26162
CVE-2021-36996,0.00885,0.26162
CVE-2021-36997,0.00885,0.26162
CVE-2021-36998,0.00885,0.26162
CVE-2021-36999,0.01103,0.51945
CVE-2021-3700,0.0089,0.2856
CVE-2021-37001,0.00885,0.26162
CVE-2021-37002,0.00885,0.26162
CVE-2021-37003,0.00885,0.26162
CVE-2021-37004,0.00885,0.26162
CVE-2021-37005,0.00885,0.26162
CVE-2021-37006,0.00885,0.26162
CVE-2021-37007,0.00885,0.26162
CVE-2021-37008,0.00885,0.26162
CVE-2021-37009,0.00885,0.26162
CVE-2021-3701,0.0095,0.30554
CVE-2021-37010,0.00885,0.26162
CVE-2021-37011,0.00885,0.26162
CVE-2021-37012,0.00885,0.26162
CVE-2021-37013,0.00885,0.26162
CVE-2021-37014,0.00885,0.26162
CVE-2021-37015,0.00885,0.26162
CVE-2021-37016,0.00885,0.26162
CVE-2021-37017,0.00885,0.26162
CVE-2021-37018,0.00885,0.26162
CVE-2021-37019,0.00885,0.26162
CVE-2021-3702,0.0089,0.2856
CVE-2021-37020,0.00885,0.26162
CVE-2021-37021,0.00885,0.26162
CVE-2021-37022,0.00885,0.26162
CVE-2021-37023,0.00885,0.26162
CVE-2021-37024,0.00885,0.26162
CVE-2021-37025,0.00885,0.26162
CVE-2021-37026,0.00885,0.26162
CVE-2021-37027,0.00885,0.26162
CVE-2021-37028,0.01005,0.35949
CVE-2021-37029,0.00885,0.26162
CVE-2021-3703,0.00885,0.26162
CVE-2021-37030,0.00885,0.26162
CVE-2021-37031,0.00885,0.26162
CVE-2021-37032,0.00885,0.26162
CVE-2021-37033,0.00885,0.26162
CVE-2021-37034,0.00885,0.26162
CVE-2021-37035,0.00885,0.26162
CVE-2021-37036,0.00885,0.26162
CVE-2021-37037,0.00885,0.26162
CVE-2021-37038,0.00885,0.26162
CVE-2021-37039,0.00885,0.26162
CVE-2021-3704,0.00885,0.26162
CVE-2021-37040,0.00885,0.26162
CVE-2021-37041,0.00885,0.26162
CVE-2021-37042,0.00885,0.26162
CVE-2021-37043,0.00885,0.26162
CVE-2021-37044,0.00885,0.26162
CVE-2021-37045,0.00885,0.26162
CVE-2021-37046,0.00885,0.26162
CVE-2021-37047,0.00885,0.26162
CVE-2021-37048,0.00885,0.26162
CVE-2021-37049,0.00885,0.26162
CVE-2021-3705,0.00885,0.26162
CVE-2021-37050,0.00885,0.26162
CVE-2021-37051,0.00885,0.26162
CVE-2021-37052,0.00885,0.26162
CVE-2021-37053,0.00885,0.26162
CVE-2021-37054,0.00885,0.26162
CVE-2021-37055,0.00885,0.26162
CVE-2021-37056,0.00885,0.26162
CVE-2021-37057,0.00885,0.26162
CVE-2021-37058,0.00885,0.26162
CVE-2021-37059,0.00885,0.26162
CVE-2021-3706,0.00885,0.26162
CVE-2021-37060,0.00885,0.26162
CVE-2021-37061,0.00885,0.26162
CVE-2021-37062,0.00885,0.26162
CVE-2021-37063,0.00885,0.26162
CVE-2021-37064,0.00885,0.26162
CVE-2021-37065,0.00885,0.26162
CVE-2021-37066,0.00885,0.26162
CVE-2021-37067,0.00885,0.26162
CVE-2021-37068,0.00885,0.26162
CVE-2021-37069,0.00885,0.26162
CVE-2021-37070,0.00885,0.26162
CVE-2021-37071,0.00885,0.26162
CVE-2021-37072,0.00885,0.26162
CVE-2021-37073,0.00885,0.26162
CVE-2021-37074,0.00885,0.26162
CVE-2021-37075,0.00885,0.26162
CVE-2021-37076,0.00885,0.26162
CVE-2021-37077,0.00885,0.26162
CVE-2021-37078,0.01055,0.50287
CVE-2021-37079,0.00885,0.26162
CVE-2021-37080,0.00885,0.26162
CVE-2021-37081,0.00885,0.26162
CVE-2021-37082,0.00885,0.26162
CVE-2021-37083,0.00885,0.26162
CVE-2021-37084,0.00885,0.26162
CVE-2021-37085,0.00885,0.26162
CVE-2021-37086,0.00885,0.26162
CVE-2021-37087,0.00885,0.26162
CVE-2021-37088,0.00885,0.26162
CVE-2021-37089,0.00885,0.26162
CVE-2021-3709,0.0095,0.30554
CVE-2021-37090,0.00885,0.26162
CVE-2021-37091,0.00885,0.26162
CVE-2021-37092,0.00885,0.26162
CVE-2021-37093,0.00885,0.26162
CVE-2021-37094,0.00885,0.26162
CVE-2021-37095,0.01156,0.60033
CVE-2021-37096,0.00885,0.26162
CVE-2021-37097,0.00885,0.26162
CVE-2021-37098,0.00885,0.26162
CVE-2021-37099,0.00885,0.26162
CVE-2021-3710,0.0095,0.30554
CVE-2021-37100,0.00885,0.26162
CVE-2021-37101,0.01036,0.41241
CVE-2021-37102,0.02055,0.7893
CVE-2021-37103,0.00885,0.26162
CVE-2021-37104,0.00885,0.26162
CVE-2021-37105,0.00885,0.26162
CVE-2021-37106,0.02055,0.7893
CVE-2021-37107,0.00885,0.26162
CVE-2021-37109,0.00885,0.26162
CVE-2021-3711,0.0472,0.88691
CVE-2021-37110,0.00885,0.26162
CVE-2021-37111,0.00885,0.26162
CVE-2021-37112,0.00885,0.26162
CVE-2021-37113,0.00885,0.26162
CVE-2021-37114,0.00885,0.26162
CVE-2021-37115,0.00885,0.26162
CVE-2021-37116,0.00885,0.26162
CVE-2021-37117,0.00885,0.26162
CVE-2021-37118,0.00885,0.26162
CVE-2021-37119,0.00885,0.26162
CVE-2021-3712,0.0472,0.88691
CVE-2021-37120,0.00885,0.26162
CVE-2021-37121,0.00885,0.26162
CVE-2021-37122,0.00885,0.26162
CVE-2021-37123,0.00885,0.26162
CVE-2021-37124,0.00885,0.26162
CVE-2021-37125,0.00885,0.26162
CVE-2021-37126,0.00885,0.26162
CVE-2021-37127,0.00885,0.26162
CVE-2021-37128,0.00885,0.26162
CVE-2021-37129,0.00885,0.26162
CVE-2021-3713,0.01365,0.70715
CVE-2021-37130,0.00885,0.26162
CVE-2021-37131,0.00885,0.26162
CVE-2021-37132,0.00885,0.26162
CVE-2021-37133,0.00885,0.26162
CVE-2021-37134,0.00885,0.26162
CVE-2021-37136,0.01537,0.73595
CVE-2021-37137,0.01537,0.73595
CVE-2021-3714,0.01018,0.38792
CVE-2021-37144,0.00885,0.26162
CVE-2021-37145,0.01978,0.78447
CVE-2021-37146,0.01136,0.57949
CVE-2021-37147,0.00885,0.26162
CVE-2021-37148,0.00885,0.26162
CVE-2021-37149,0.00885,0.26162
CVE-2021-3715,0.0095,0.30554
CVE-2021-37150,0.01246,0.66436
CVE-2021-37151,0.00885,0.26162
CVE-2021-37153,0.00885,0.26162
CVE-2021-37154,0.00885,0.26162
CVE-2021-37155,0.00885,0.26162
CVE-2021-37156,0.00885,0.26162
CVE-2021-37157,0.00885,0.26162
CVE-2021-37158,0.00885,0.26162
CVE-2021-37159,0.01018,0.38792
CVE-2021-3716,0.0095,0.30554
CVE-2021-37160,0.01018,0.38792
CVE-2021-37161,0.05634,0.89764
CVE-2021-37162,0.05634,0.89764
CVE-2021-37163,0.01018,0.38792
CVE-2021-37164,0.01018,0.38792
CVE-2021-37165,0.05634,0.89764
CVE-2021-37166,0.01018,0.38792
CVE-2021-37167,0.01018,0.38792
CVE-2021-3717,0.00885,0.26162
CVE-2021-37172,0.00885,0.26162
CVE-2021-37173,0.01055,0.50287
CVE-2021-37174,0.00885,0.26162
CVE-2021-37175,0.00885,0.26162
CVE-2021-37176,0.00885,0.26162
CVE-2021-37177,0.00885,0.26162
CVE-2021-37178,0.01055,0.50287
CVE-2021-37179,0.01005,0.36332
CVE-2021-3718,0.00885,0.26162
CVE-2021-37180,0.01005,0.36332
CVE-2021-37181,0.01086,0.51674
CVE-2021-37182,0.01055,0.50287
CVE-2021-37183,0.00885,0.26162
CVE-2021-37184,0.00885,0.26162
CVE-2021-37185,0.00885,0.26162
CVE-2021-37186,0.00885,0.26162
CVE-2021-37187,0.00885,0.26162
CVE-2021-37188,0.00885,0.26162
CVE-2021-37189,0.00885,0.26162
CVE-2021-3719,0.01036,0.41241
CVE-2021-37190,0.00885,0.26162
CVE-2021-37191,0.00885,0.26162
CVE-2021-37192,0.00885,0.26162
CVE-2021-37193,0.00885,0.26162
CVE-2021-37194,0.00885,0.26162
CVE-2021-37195,0.00885,0.26162
CVE-2021-37196,0.00885,0.26162
CVE-2021-37197,0.00885,0.26162
CVE-2021-37198,0.00885,0.26162
CVE-2021-37199,0.00885,0.26162
CVE-2021-3720,0.00885,0.26162
CVE-2021-37200,0.00885,0.26162
CVE-2021-37201,0.00885,0.26162
CVE-2021-37202,0.01005,0.36332
CVE-2021-37203,0.00885,0.26162
CVE-2021-37204,0.00885,0.26162
CVE-2021-37205,0.00885,0.26162
CVE-2021-37206,0.01055,0.50287
CVE-2021-37207,0.00885,0.26162
CVE-2021-37208,0.00885,0.26162
CVE-2021-37209,0.00885,0.26162
CVE-2021-3721,0.00885,0.26162
CVE-2021-37211,0.00885,0.26162
CVE-2021-37212,0.01055,0.50287
CVE-2021-37213,0.01055,0.50287
CVE-2021-37214,0.01055,0.50287
CVE-2021-37215,0.01055,0.50287
CVE-2021-37216,0.01055,0.50287
CVE-2021-37218,0.00885,0.26162
CVE-2021-37219,0.0089,0.2856
CVE-2021-3722,0.00885,0.26162
CVE-2021-37220,0.00954,0.34522
CVE-2021-37221,0.00885,0.26162
CVE-2021-37222,0.01885,0.76424
CVE-2021-37223,0.00885,0.26162
CVE-2021-3723,0.01086,0.51674
CVE-2021-37231,0.00885,0.26162
CVE-2021-37232,0.00885,0.26162
CVE-2021-3725,0.02055,0.7893
CVE-2021-37253,0.01108,0.53389
CVE-2021-37254,0.01055,0.50287
CVE-2021-3726,0.00885,0.26162
CVE-2021-37262,0.00885,0.26162
CVE-2021-37267,0.00885,0.26162
CVE-2021-3727,0.02055,0.7893
CVE-2021-37270,0.00885,0.26162
CVE-2021-37271,0.00885,0.26162
CVE-2021-37273,0.00885,0.26162
CVE-2021-37274,0.00885,0.26162
CVE-2021-3728,0.00885,0.26162
CVE-2021-37289,0.0089,0.2856
CVE-2021-3729,0.00885,0.26162
CVE-2021-37291,0.00885,0.26162
CVE-2021-37292,0.00885,0.26162
CVE-2021-37293,0.00885,0.26162
CVE-2021-3730,0.00885,0.26162
CVE-2021-3731,0.00954,0.34522
CVE-2021-3732,0.0095,0.30554
CVE-2021-37322,0.00885,0.26162
CVE-2021-37326,0.00885,0.26162
CVE-2021-3733,0.01034,0.39824
CVE-2021-37330,0.00885,0.26162
CVE-2021-37331,0.00885,0.26162
CVE-2021-37333,0.00885,0.26162
CVE-2021-37334,0.01679,0.75053
CVE-2021-3734,0.00885,0.26162
CVE-2021-37343,0.12316,0.95107
CVE-2021-37344,0.01156,0.60033
CVE-2021-37345,0.00885,0.26162
CVE-2021-37346,0.01156,0.60033
CVE-2021-37347,0.00885,0.26162
CVE-2021-37348,0.00885,0.26162
CVE-2021-37349,0.00885,0.26162
CVE-2021-3735,0.0089,0.2856
CVE-2021-37350,0.00885,0.26162
CVE-2021-37351,0.00885,0.26162
CVE-2021-37352,0.00885,0.26162
CVE-2021-37353,0.00885,0.26162
CVE-2021-37354,0.00885,0.26162
CVE-2021-37358,0.01156,0.60033
CVE-2021-3736,0.0089,0.2856
CVE-2021-37363,0.01005,0.36332
CVE-2021-37364,0.01559,0.742
CVE-2021-37365,0.00885,0.26162
CVE-2021-37366,0.00885,0.26162
CVE-2021-37367,0.01005,0.36332
CVE-2021-3737,0.01408,0.72072
CVE-2021-37371,0.00954,0.34522
CVE-2021-37372,0.04571,0.88388
CVE-2021-3738,0.0089,0.2856
CVE-2021-37381,0.00885,0.26162
CVE-2021-37388,0.01978,0.78447
CVE-2021-37389,0.00885,0.26162
CVE-2021-3739,0.01034,0.39824
CVE-2021-37390,0.00885,0.26162
CVE-2021-37391,0.0144,0.7265
CVE-2021-37392,0.00885,0.26162
CVE-2021-37393,0.00885,0.26162
CVE-2021-37394,0.00885,0.26162
CVE-2021-37400,0.01018,0.38792
CVE-2021-37401,0.01018,0.38792
CVE-2021-37402,0.00885,0.26162
CVE-2021-37403,0.00885,0.26162
CVE-2021-37404,0.0144,0.7265
CVE-2021-37409,0.00885,0.26162
CVE-2021-37412,0.00885,0.26162
CVE-2021-37413,0.01055,0.50287
CVE-2021-37414,0.00885,0.26162
CVE-2021-37415,0.00885,0.26162
CVE-2021-37416,0.00885,0.26162
CVE-2021-37417,0.00885,0.26162
CVE-2021-37419,0.0176,0.7531
CVE-2021-37420,0.0176,0.7531
CVE-2021-37421,0.00885,0.26162
CVE-2021-37422,0.00885,0.26162
CVE-2021-37423,0.00885,0.26162
CVE-2021-37424,0.00885,0.26162
CVE-2021-37425,0.01018,0.38792
CVE-2021-3743,0.01104,0.52279
CVE-2021-37436,0.01018,0.38792
CVE-2021-37439,0.00885,0.26162
CVE-2021-3744,0.01282,0.67298
CVE-2021-37440,0.00885,0.26162
CVE-2021-37441,0.00885,0.26162
CVE-2021-37442,0.00885,0.26162
CVE-2021-37443,0.00885,0.26162
CVE-2021-37444,0.0144,0.7265
CVE-2021-37445,0.00885,0.26162
CVE-2021-37446,0.00885,0.26162
CVE-2021-37447,0.00885,0.26162
CVE-2021-37448,0.00885,0.26162
CVE-2021-37449,0.00885,0.26162
CVE-2021-3745,0.00885,0.26162
CVE-2021-37450,0.00885,0.26162
CVE-2021-37451,0.00885,0.26162
CVE-2021-37452,0.00885,0.26162
CVE-2021-37453,0.00885,0.26162
CVE-2021-37454,0.00885,0.26162
CVE-2021-37455,0.00885,0.26162
CVE-2021-37456,0.00885,0.26162
CVE-2021-37457,0.00885,0.26162
CVE-2021-37458,0.00885,0.26162
CVE-2021-37459,0.00885,0.26162
CVE-2021-3746,0.00885,0.26162
CVE-2021-37460,0.00885,0.26162
CVE-2021-37461,0.00885,0.26162
CVE-2021-37462,0.00885,0.26162
CVE-2021-37463,0.00885,0.26162
CVE-2021-37464,0.00885,0.26162
CVE-2021-37465,0.00885,0.26162
CVE-2021-37466,0.00885,0.26162
CVE-2021-37467,0.00885,0.26162
CVE-2021-37468,0.00885,0.26162
CVE-2021-37469,0.00885,0.26162
CVE-2021-3747,0.00885,0.26162
CVE-2021-37470,0.00885,0.26162
CVE-2021-37471,0.00885,0.26162
CVE-2021-37473,0.02509,0.81058
CVE-2021-37475,0.02509,0.81058
CVE-2021-37476,0.02509,0.81058
CVE-2021-37477,0.02509,0.81058
CVE-2021-37478,0.02509,0.81058
CVE-2021-3748,0.01505,0.72763
CVE-2021-3750,0.01365,0.70715
CVE-2021-37504,0.01108,0.53389
CVE-2021-3751,0.00885,0.26162
CVE-2021-37517,0.00885,0.26162
CVE-2021-3752,0.01104,0.52279
CVE-2021-37524,0.01055,0.50287
CVE-2021-37529,0.00885,0.26162
CVE-2021-3753,0.0089,0.2856
CVE-2021-37530,0.00885,0.26162
CVE-2021-37531,0.0095,0.30554
CVE-2021-37532,0.00885,0.26162
CVE-2021-37534,0.00885,0.26162
CVE-2021-37535,0.00885,0.26162
CVE-2021-37538,0.01055,0.50287
CVE-2021-37539,0.01978,0.78447
CVE-2021-3754,0.00885,0.26162
CVE-2021-37540,0.00885,0.26162
CVE-2021-37541,0.00885,0.26162
CVE-2021-37542,0.00885,0.26162
CVE-2021-37543,0.01086,0.51674
CVE-2021-37544,0.00885,0.26162
CVE-2021-37545,0.00885,0.26162
CVE-2021-37546,0.00885,0.26162
CVE-2021-37547,0.00885,0.26162
CVE-2021-37548,0.00885,0.26162
CVE-2021-37549,0.00885,0.26162
CVE-2021-37550,0.00885,0.26162
CVE-2021-37551,0.00885,0.26162
CVE-2021-37552,0.00885,0.26162
CVE-2021-37553,0.00885,0.26162
CVE-2021-37554,0.00885,0.26162
CVE-2021-37555,0.00885,0.26162
CVE-2021-37556,0.01055,0.50287
CVE-2021-37557,0.01055,0.50287
CVE-2021-37558,0.01055,0.50287
CVE-2021-3756,0.01018,0.38792
CVE-2021-37560,0.00885,0.26162
CVE-2021-37561,0.00885,0.26162
CVE-2021-37562,0.00885,0.26162
CVE-2021-37563,0.00885,0.26162
CVE-2021-37564,0.00885,0.26162
CVE-2021-37565,0.00885,0.26162
CVE-2021-37566,0.00885,0.26162
CVE-2021-37567,0.00885,0.26162
CVE-2021-37568,0.00885,0.26162
CVE-2021-37569,0.00885,0.26162
CVE-2021-3757,0.00885,0.26162
CVE-2021-37570,0.00885,0.26162
CVE-2021-37571,0.00885,0.26162
CVE-2021-37572,0.00885,0.26162
CVE-2021-37573,0.00954,0.34522
CVE-2021-37576,0.01034,0.39824
CVE-2021-37578,0.01055,0.50287
CVE-2021-37579,0.00885,0.26162
CVE-2021-3758,0.00885,0.26162
CVE-2021-37583,0.00885,0.26162
CVE-2021-37584,0.00885,0.26162
CVE-2021-37586,0.00885,0.26162
CVE-2021-37587,0.0095,0.30554
CVE-2021-37588,0.01018,0.38792
CVE-2021-37589,0.00954,0.34522
CVE-2021-3759,0.0089,0.2856
CVE-2021-37592,0.00954,0.34522
CVE-2021-37593,0.05634,0.89764
CVE-2021-37594,0.00885,0.26162
CVE-2021-37595,0.00885,0.26162
CVE-2021-37596,0.00885,0.26162
CVE-2021-37597,0.00885,0.26162
CVE-2021-37598,0.00885,0.26162
CVE-2021-37599,0.01978,0.78447
CVE-2021-3760,0.0095,0.30554
CVE-2021-37600,0.00954,0.34522
CVE-2021-37601,0.01213,0.6557
CVE-2021-37604,0.01018,0.38792
CVE-2021-37605,0.01108,0.53389
CVE-2021-37606,0.00885,0.26162
CVE-2021-37608,0.05242,0.89216
CVE-2021-3761,0.00885,0.26162
CVE-2021-37613,0.00885,0.26162
CVE-2021-37614,0.0108,0.51018
CVE-2021-37615,0.01018,0.38792
CVE-2021-37616,0.01018,0.38792
CVE-2021-37617,0.0089,0.2856
CVE-2021-37618,0.01018,0.38792
CVE-2021-37619,0.01018,0.38792
CVE-2021-3762,0.05786,0.8994
CVE-2021-37620,0.01018,0.38792
CVE-2021-37621,0.01018,0.38792
CVE-2021-37622,0.01018,0.38792
CVE-2021-37623,0.01018,0.38792
CVE-2021-37624,0.01018,0.38792
CVE-2021-37625,0.00954,0.34522
CVE-2021-37626,0.00885,0.26162
CVE-2021-37627,0.00885,0.26162
CVE-2021-37628,0.00954,0.34522
CVE-2021-37629,0.00954,0.34522
CVE-2021-3763,0.0089,0.2856
CVE-2021-37630,0.0089,0.2856
CVE-2021-37631,0.0095,0.30554
CVE-2021-37632,0.01156,0.60033
CVE-2021-37633,0.00885,0.26162
CVE-2021-37634,0.00885,0.26162
CVE-2021-37635,0.00885,0.26162
CVE-2021-37636,0.00885,0.26162
CVE-2021-37637,0.00885,0.26162
CVE-2021-37638,0.00885,0.26162
CVE-2021-37639,0.00885,0.26162
CVE-2021-3764,0.0095,0.30554
CVE-2021-37640,0.00885,0.26162
CVE-2021-37641,0.00885,0.26162
CVE-2021-37642,0.00885,0.26162
CVE-2021-37643,0.00885,0.26162
CVE-2021-37644,0.00885,0.26162
CVE-2021-37645,0.00885,0.26162
CVE-2021-37646,0.00885,0.26162
CVE-2021-37647,0.00885,0.26162
CVE-2021-37648,0.01005,0.36332
CVE-2021-37649,0.00885,0.26162
CVE-2021-3765,0.00885,0.26162
CVE-2021-37650,0.00885,0.26162
CVE-2021-37651,0.00885,0.26162
CVE-2021-37652,0.00885,0.26162
CVE-2021-37653,0.00885,0.26162
CVE-2021-37654,0.00885,0.26162
CVE-2021-37655,0.00885,0.26162
CVE-2021-37656,0.00885,0.26162
CVE-2021-37657,0.00885,0.26162
CVE-2021-37658,0.00885,0.26162
CVE-2021-37659,0.00885,0.26162
CVE-2021-3766,0.00885,0.26162
CVE-2021-37660,0.00885,0.26162
CVE-2021-37661,0.00885,0.26162
CVE-2021-37662,0.0089,0.2856
CVE-2021-37663,0.00885,0.26162
CVE-2021-37664,0.00885,0.26162
CVE-2021-37665,0.0089,0.2856
CVE-2021-37666,0.00885,0.26162
CVE-2021-37667,0.00885,0.26162
CVE-2021-37668,0.00885,0.26162
CVE-2021-37669,0.0089,0.2856
CVE-2021-3767,0.00885,0.26162
CVE-2021-37670,0.00885,0.26162
CVE-2021-37671,0.00885,0.26162
CVE-2021-37672,0.00885,0.26162
CVE-2021-37673,0.00885,0.26162
CVE-2021-37674,0.0089,0.2856
CVE-2021-37675,0.00885,0.26162
CVE-2021-37676,0.00885,0.26162
CVE-2021-37677,0.00885,0.26162
CVE-2021-37679,0.00885,0.26162
CVE-2021-3768,0.00885,0.26162
CVE-2021-37680,0.00885,0.26162
CVE-2021-37681,0.00885,0.26162
CVE-2021-37682,0.0095,0.30554
CVE-2021-37683,0.00885,0.26162
CVE-2021-37684,0.00885,0.26162
CVE-2021-37685,0.00885,0.26162
CVE-2021-37686,0.01005,0.36332
CVE-2021-37687,0.0089,0.2856
CVE-2021-37688,0.00885,0.26162
CVE-2021-37689,0.00885,0.26162
CVE-2021-3769,0.00885,0.26162
CVE-2021-37690,0.00885,0.26162
CVE-2021-37691,0.00885,0.26162
CVE-2021-37692,0.0089,0.2856
CVE-2021-37693,0.00885,0.26162
CVE-2021-37694,0.00885,0.26162
CVE-2021-37695,0.01104,0.52279
CVE-2021-37696,0.00885,0.26162
CVE-2021-37697,0.00885,0.26162
CVE-2021-37698,0.01018,0.38792
CVE-2021-37699,0.00885,0.26162
CVE-2021-3770,0.01034,0.39824
CVE-2021-37700,0.02509,0.81058
CVE-2021-37701,0.01559,0.742
CVE-2021-37702,0.00885,0.26162
CVE-2021-37703,0.00885,0.26162
CVE-2021-37704,0.01104,0.52279
CVE-2021-37705,0.12696,0.95337
CVE-2021-37706,0.02509,0.81058
CVE-2021-37707,0.00885,0.26162
CVE-2021-37708,0.02055,0.7893
CVE-2021-37709,0.00885,0.26162
CVE-2021-37710,0.00885,0.26162
CVE-2021-37711,0.00885,0.26162
CVE-2021-37712,0.01559,0.742
CVE-2021-37713,0.01559,0.742
CVE-2021-37714,0.02686,0.82061
CVE-2021-37715,0.00885,0.26162
CVE-2021-37716,0.01055,0.50287
CVE-2021-37717,0.01978,0.78447
CVE-2021-37718,0.01978,0.78447
CVE-2021-37719,0.01156,0.60033
CVE-2021-3772,0.01108,0.53389
CVE-2021-37720,0.01978,0.78447
CVE-2021-37721,0.01978,0.78447
CVE-2021-37722,0.01978,0.78447
CVE-2021-37723,0.01978,0.78447
CVE-2021-37724,0.01978,0.78447
CVE-2021-37725,0.00885,0.26162
CVE-2021-37726,0.01055,0.50287
CVE-2021-37727,0.01978,0.78447
CVE-2021-37728,0.00885,0.26162
CVE-2021-37729,0.00885,0.26162
CVE-2021-3773,0.00885,0.26162
CVE-2021-37730,0.01978,0.78447
CVE-2021-37731,0.00885,0.26162
CVE-2021-37732,0.01978,0.78447
CVE-2021-37733,0.00885,0.26162
CVE-2021-37734,0.00885,0.26162
CVE-2021-37735,0.01055,0.50287
CVE-2021-37736,0.01055,0.50287
CVE-2021-37737,0.01055,0.50287
CVE-2021-37738,0.01055,0.50287
CVE-2021-37739,0.01156,0.60033
CVE-2021-3774,0.01055,0.50287
CVE-2021-37741,0.00885,0.26162
CVE-2021-37742,0.00885,0.26162
CVE-2021-37743,0.00885,0.26162
CVE-2021-37746,0.01018,0.38792
CVE-2021-37748,0.04571,0.88388
CVE-2021-37749,0.00954,0.34522
CVE-2021-3775,0.00885,0.26162
CVE-2021-37750,0.01034,0.39824
CVE-2021-37759,0.00885,0.26162
CVE-2021-3776,0.00885,0.26162
CVE-2021-37760,0.00885,0.26162
CVE-2021-37761,0.02432,0.8082
CVE-2021-37762,0.01978,0.78447
CVE-2021-37764,0.00885,0.26162
CVE-2021-3777,0.00885,0.26162
CVE-2021-37770,0.00885,0.26162
CVE-2021-37777,0.00885,0.26162
CVE-2021-37778,0.01086,0.51674
CVE-2021-3778,0.01183,0.60428
CVE-2021-37786,0.00885,0.26162
CVE-2021-37788,0.01055,0.50287
CVE-2021-3779,0.00885,0.26162
CVE-2021-37791,0.00885,0.26162
CVE-2021-37794,0.0089,0.2856
CVE-2021-3780,0.00885,0.26162
CVE-2021-37803,0.00885,0.26162
CVE-2021-37805,0.00885,0.26162
CVE-2021-37806,0.00954,0.34522
CVE-2021-37807,0.00885,0.26162
CVE-2021-37808,0.00954,0.34522
CVE-2021-3781,0.00885,0.26162
CVE-2021-3783,0.00885,0.26162
CVE-2021-37832,0.00885,0.26162
CVE-2021-37833,0.0144,0.7265
CVE-2021-37839,0.00885,0.26162
CVE-2021-37840,0.00885,0.26162
CVE-2021-37841,0.01036,0.41241
CVE-2021-37842,0.00885,0.26162
CVE-2021-37843,0.01055,0.50287
CVE-2021-37847,0.00885,0.26162
CVE-2021-37848,0.00885,0.26162
CVE-2021-3785,0.00885,0.26162
CVE-2021-37850,0.00885,0.26162
CVE-2021-37851,0.00885,0.26162
CVE-2021-37852,0.00885,0.26162
CVE-2021-37859,0.00885,0.26162
CVE-2021-3786,0.00885,0.26162
CVE-2021-37860,0.00885,0.26162
CVE-2021-37861,0.00885,0.26162
CVE-2021-37862,0.00885,0.26162
CVE-2021-37863,0.00885,0.26162
CVE-2021-37864,0.00885,0.26162
CVE-2021-37865,0.00885,0.26162
CVE-2021-37866,0.00885,0.26162
CVE-2021-37867,0.00885,0.26162
CVE-2021-3787,0.00885,0.26162
CVE-2021-3788,0.00885,0.26162
CVE-2021-3789,0.00885,0.26162
CVE-2021-3790,0.00885,0.26162
CVE-2021-37909,0.01156,0.60033
CVE-2021-3791,0.00885,0.26162
CVE-2021-37911,0.00885,0.26162
CVE-2021-37912,0.01055,0.50287
CVE-2021-37913,0.01055,0.50287
CVE-2021-37914,0.00885,0.26162
CVE-2021-37915,0.0089,0.2856
CVE-2021-37916,0.00885,0.26162
CVE-2021-37918,0.02432,0.8082
CVE-2021-37919,0.02432,0.8082
CVE-2021-3792,0.00885,0.26162
CVE-2021-37920,0.02432,0.8082
CVE-2021-37921,0.02432,0.8082
CVE-2021-37922,0.00885,0.26162
CVE-2021-37923,0.02432,0.8082
CVE-2021-37924,0.02432,0.8082
CVE-2021-37925,0.02055,0.7893
CVE-2021-37926,0.02432,0.8082
CVE-2021-37927,0.0176,0.7531
CVE-2021-37928,0.02432,0.8082
CVE-2021-37929,0.02432,0.8082
CVE-2021-3793,0.00885,0.26162
CVE-2021-37930,0.02432,0.8082
CVE-2021-37931,0.02432,0.8082
CVE-2021-37933,0.01055,0.50287
CVE-2021-37934,0.01055,0.50287
CVE-2021-37935,0.01055,0.50287
CVE-2021-37938,0.00885,0.26162
CVE-2021-37939,0.00885,0.26162
CVE-2021-3794,0.00885,0.26162
CVE-2021-37940,0.00885,0.26162
CVE-2021-37941,0.00885,0.26162
CVE-2021-3795,0.00885,0.26162
CVE-2021-37956,0.01213,0.6557
CVE-2021-37957,0.01213,0.6557
CVE-2021-37958,0.01213,0.6557
CVE-2021-37959,0.01018,0.38792
CVE-2021-3796,0.01183,0.60428
CVE-2021-37961,0.01213,0.6557
CVE-2021-37962,0.01213,0.6557
CVE-2021-37963,0.01213,0.6557
CVE-2021-37964,0.01018,0.38792
CVE-2021-37965,0.01213,0.6557
CVE-2021-37966,0.01213,0.6557
CVE-2021-37967,0.01213,0.6557
CVE-2021-37968,0.01213,0.6557
CVE-2021-37969,0.01213,0.6557
CVE-2021-3797,0.00885,0.26162
CVE-2021-37970,0.01213,0.6557
CVE-2021-37971,0.01213,0.6557
CVE-2021-37972,0.01319,0.70416
CVE-2021-37973,0.01213,0.6557
CVE-2021-37974,0.01319,0.70416
CVE-2021-37975,0.01319,0.70416
CVE-2021-37976,0.01319,0.70416
CVE-2021-37977,0.01213,0.6557
CVE-2021-37978,0.01213,0.6557
CVE-2021-37979,0.01213,0.6557
CVE-2021-3798,0.0095,0.30554
CVE-2021-37981,0.01136,0.57949
CVE-2021-37982,0.01136,0.57949
CVE-2021-37983,0.01136,0.57949
CVE-2021-37984,0.01136,0.57949
CVE-2021-37985,0.01136,0.57949
CVE-2021-37986,0.01136,0.57949
CVE-2021-37987,0.01136,0.57949
CVE-2021-37988,0.01136,0.57949
CVE-2021-37989,0.01136,0.57949
CVE-2021-3799,0.00885,0.26162
CVE-2021-37990,0.01136,0.57949
CVE-2021-37991,0.01136,0.57949
CVE-2021-37992,0.01136,0.57949
CVE-2021-37993,0.01136,0.57949
CVE-2021-37994,0.01136,0.57949
CVE-2021-37995,0.01136,0.57949
CVE-2021-37996,0.01136,0.57949
CVE-2021-37997,0.01213,0.6557
CVE-2021-37998,0.01213,0.6557
CVE-2021-37999,0.01213,0.6557
CVE-2021-3800,0.01018,0.38792
CVE-2021-38000,0.01213,0.6557
CVE-2021-38001,0.01213,0.6557
CVE-2021-38002,0.01213,0.6557
CVE-2021-38003,0.01213,0.6557
CVE-2021-38004,0.01136,0.57949
CVE-2021-38005,0.01213,0.6557
CVE-2021-38006,0.01213,0.6557
CVE-2021-38007,0.01213,0.6557
CVE-2021-38008,0.01213,0.6557
CVE-2021-38009,0.01213,0.6557
CVE-2021-3801,0.00885,0.26162
CVE-2021-38010,0.01213,0.6557
CVE-2021-38011,0.01213,0.6557
CVE-2021-38012,0.01213,0.6557
CVE-2021-38013,0.01213,0.6557
CVE-2021-38014,0.01213,0.6557
CVE-2021-38015,0.01018,0.38792
CVE-2021-38016,0.01213,0.6557
CVE-2021-38017,0.01213,0.6557
CVE-2021-38018,0.01213,0.6557
CVE-2021-38019,0.01213,0.6557
CVE-2021-3802,0.00885,0.26162
CVE-2021-38020,0.01213,0.6557
CVE-2021-38021,0.01213,0.6557
CVE-2021-38022,0.01213,0.6557
CVE-2021-3803,0.00885,0.26162
CVE-2021-3804,0.00885,0.26162
CVE-2021-3805,0.00885,0.26162
CVE-2021-3806,0.00885,0.26162
CVE-2021-3807,0.00954,0.34522
CVE-2021-38084,0.00885,0.26162
CVE-2021-38085,0.01858,0.76249
CVE-2021-38086,0.00885,0.26162
CVE-2021-38087,0.00885,0.26162
CVE-2021-38088,0.00885,0.26162
CVE-2021-38090,0.00885,0.26162
CVE-2021-38091,0.00885,0.26162
CVE-2021-38092,0.00885,0.26162
CVE-2021-38093,0.00885,0.26162
CVE-2021-38094,0.00885,0.26162
CVE-2021-38095,0.01055,0.50287
CVE-2021-38096,0.01689,0.75074
CVE-2021-38097,0.01689,0.75074
CVE-2021-38098,0.01689,0.75074
CVE-2021-38099,0.01689,0.75074
CVE-2021-3810,0.00885,0.26162
CVE-2021-38100,0.01689,0.75074
CVE-2021-38101,0.01689,0.75074
CVE-2021-38102,0.00885,0.26162
CVE-2021-38103,0.01689,0.75074
CVE-2021-38104,0.00885,0.26162
CVE-2021-38105,0.00885,0.26162
CVE-2021-38106,0.00885,0.26162
CVE-2021-38107,0.00885,0.26162
CVE-2021-38108,0.00885,0.26162
CVE-2021-38109,0.00885,0.26162
CVE-2021-3811,0.00885,0.26162
CVE-2021-38110,0.01689,0.75074
CVE-2021-38111,0.01055,0.50287
CVE-2021-38112,0.01689,0.75137
CVE-2021-38113,0.00885,0.26162
CVE-2021-38114,0.01018,0.38792
CVE-2021-38115,0.01055,0.50287
CVE-2021-3812,0.00885,0.26162
CVE-2021-38123,0.00885,0.26162
CVE-2021-38124,0.01156,0.60033
CVE-2021-38125,0.01156,0.60033
CVE-2021-38126,0.00885,0.26162
CVE-2021-38127,0.00885,0.26162
CVE-2021-38129,0.00885,0.26162
CVE-2021-3813,0.00885,0.26162
CVE-2021-38130,0.00885,0.26162
CVE-2021-38136,0.00885,0.26162
CVE-2021-38137,0.00885,0.26162
CVE-2021-38138,0.0089,0.2856
CVE-2021-3814,0.00885,0.26162
CVE-2021-38140,0.00885,0.26162
CVE-2021-38142,0.01888,0.76438
CVE-2021-38143,0.01018,0.38792
CVE-2021-38144,0.0095,0.30554
CVE-2021-38145,0.01018,0.38792
CVE-2021-38146,0.01055,0.50287
CVE-2021-38147,0.01978,0.78447
CVE-2021-38148,0.00885,0.26162
CVE-2021-3815,0.00885,0.26162
CVE-2021-38150,0.00885,0.26162
CVE-2021-38151,0.00885,0.26162
CVE-2021-38152,0.0089,0.2856
CVE-2021-38153,0.03032,0.82851
CVE-2021-38154,0.01055,0.50287
CVE-2021-38155,0.00954,0.34522
CVE-2021-38156,0.00885,0.26162
CVE-2021-38157,0.01018,0.38792
CVE-2021-38159,0.01055,0.50287
CVE-2021-3816,0.00885,0.26162
CVE-2021-38160,0.01034,0.39824
CVE-2021-38161,0.00885,0.26162
CVE-2021-38162,0.01018,0.38792
CVE-2021-38163,0.00885,0.26162
CVE-2021-38164,0.00885,0.26162
CVE-2021-38165,0.03407,0.83908
CVE-2021-38166,0.01034,0.39824
CVE-2021-38167,0.00885,0.26162
CVE-2021-38168,0.00885,0.26162
CVE-2021-38169,0.02055,0.7893
CVE-2021-3817,0.00954,0.34522
CVE-2021-38171,0.01018,0.38792
CVE-2021-38172,0.01018,0.38792
CVE-2021-38173,0.02509,0.81058
CVE-2021-38174,0.00885,0.26162
CVE-2021-38175,0.00885,0.26162
CVE-2021-38176,0.00885,0.26162
CVE-2021-38177,0.01018,0.38792
CVE-2021-38178,0.00885,0.26162
CVE-2021-38179,0.00885,0.26162
CVE-2021-3818,0.00885,0.26162
CVE-2021-38180,0.0144,0.7265
CVE-2021-38181,0.00885,0.26162
CVE-2021-38182,0.00885,0.26162
CVE-2021-38183,0.00885,0.26162
CVE-2021-38186,0.00885,0.26162
CVE-2021-38187,0.00885,0.26162
CVE-2021-38188,0.00885,0.26162
CVE-2021-38189,0.00885,0.26162
CVE-2021-3819,0.00885,0.26162
CVE-2021-38190,0.00885,0.26162
CVE-2021-38191,0.00885,0.26162
CVE-2021-38192,0.00885,0.26162
CVE-2021-38193,0.00885,0.26162
CVE-2021-38194,0.00885,0.26162
CVE-2021-38195,0.00885,0.26162
CVE-2021-38196,0.01978,0.78447
CVE-2021-38197,0.00885,0.26162
CVE-2021-38198,0.0095,0.30554
CVE-2021-38199,0.01108,0.53389
CVE-2021-3820,0.00885,0.26162
CVE-2021-38200,0.00885,0.26162
CVE-2021-38201,0.01136,0.57949
CVE-2021-38202,0.01136,0.57949
CVE-2021-38203,0.0089,0.2856
CVE-2021-38204,0.00954,0.34522
CVE-2021-38205,0.0095,0.30554
CVE-2021-38206,0.00885,0.26162
CVE-2021-38207,0.01136,0.57949
CVE-2021-38208,0.01034,0.39824
CVE-2021-38209,0.00885,0.26162
CVE-2021-3822,0.00885,0.26162
CVE-2021-38221,0.00885,0.26162
CVE-2021-3823,0.01086,0.51674
CVE-2021-3824,0.01055,0.50287
CVE-2021-38244,0.00885,0.26162
CVE-2021-3825,0.00885,0.26162
CVE-2021-38258,0.00885,0.26162
CVE-2021-3826,0.00885,0.26162
CVE-2021-38260,0.00885,0.26162
CVE-2021-38263,0.01136,0.57949
CVE-2021-38264,0.01055,0.50287
CVE-2021-38265,0.01055,0.50287
CVE-2021-38266,0.01136,0.57949
CVE-2021-38267,0.01055,0.50287
CVE-2021-38268,0.01061,0.51015
CVE-2021-38269,0.01055,0.50287
CVE-2021-3827,0.0095,0.30554
CVE-2021-38278,0.00885,0.26162
CVE-2021-3828,0.00885,0.26162
CVE-2021-38283,0.01055,0.50287
CVE-2021-38289,0.00885,0.26162
CVE-2021-3829,0.00885,0.26162
CVE-2021-38290,0.00885,0.26162
CVE-2021-38291,0.01018,0.38792
CVE-2021-38294,0.58589,0.98809
CVE-2021-38296,0.00885,0.26162
CVE-2021-38297,0.01108,0.53389
CVE-2021-38298,0.00885,0.26162
CVE-2021-38299,0.00885,0.26162
CVE-2021-3830,0.00885,0.26162
CVE-2021-38300,0.01505,0.72763
CVE-2021-38302,0.00885,0.26162
CVE-2021-38303,0.00885,0.26162
CVE-2021-38304,0.00885,0.26162
CVE-2021-38305,0.01611,0.74874
CVE-2021-38306,0.02211,0.80357
CVE-2021-3831,0.00885,0.26162
CVE-2021-38311,0.00885,0.26162
CVE-2021-38312,0.00885,0.26162
CVE-2021-38315,0.00885,0.26162
CVE-2021-38316,0.00885,0.26162
CVE-2021-38317,0.00885,0.26162
CVE-2021-38318,0.00885,0.26162
CVE-2021-38319,0.00885,0.26162
CVE-2021-3832,0.02432,0.8082
CVE-2021-38320,0.00885,0.26162
CVE-2021-38321,0.00885,0.26162
CVE-2021-38322,0.00885,0.26162
CVE-2021-38323,0.00885,0.26162
CVE-2021-38324,0.00885,0.26162
CVE-2021-38325,0.00885,0.26162
CVE-2021-38326,0.00885,0.26162
CVE-2021-38327,0.00885,0.26162
CVE-2021-38328,0.00885,0.26162
CVE-2021-38329,0.00885,0.26162
CVE-2021-3833,0.00885,0.26162
CVE-2021-38330,0.00885,0.26162
CVE-2021-38331,0.00885,0.26162
CVE-2021-38332,0.00885,0.26162
CVE-2021-38333,0.00885,0.26162
CVE-2021-38334,0.00885,0.26162
CVE-2021-38335,0.00885,0.26162
CVE-2021-38336,0.00885,0.26162
CVE-2021-38337,0.00885,0.26162
CVE-2021-38338,0.00885,0.26162
CVE-2021-38339,0.00885,0.26162
CVE-2021-3834,0.00885,0.26162
CVE-2021-38340,0.00885,0.26162
CVE-2021-38341,0.00885,0.26162
CVE-2021-38342,0.00885,0.26162
CVE-2021-38343,0.00885,0.26162
CVE-2021-38344,0.00885,0.26162
CVE-2021-38345,0.00885,0.26162
CVE-2021-38346,0.00885,0.26162
CVE-2021-38347,0.00885,0.26162
CVE-2021-38348,0.00885,0.26162
CVE-2021-38349,0.00885,0.26162
CVE-2021-3835,0.00885,0.26162
CVE-2021-38350,0.00885,0.26162
CVE-2021-38351,0.00885,0.26162
CVE-2021-38352,0.00885,0.26162
CVE-2021-38353,0.00885,0.26162
CVE-2021-38354,0.00885,0.26162
CVE-2021-38355,0.00885,0.26162
CVE-2021-38356,0.00885,0.26162
CVE-2021-38357,0.00885,0.26162
CVE-2021-38358,0.00885,0.26162
CVE-2021-38359,0.00885,0.26162
CVE-2021-3836,0.00885,0.26162
CVE-2021-38360,0.01978,0.78447
CVE-2021-38361,0.00885,0.26162
CVE-2021-38362,0.0089,0.2856
CVE-2021-38365,0.01055,0.50287
CVE-2021-38366,0.01156,0.60033
CVE-2021-3837,0.00885,0.26162
CVE-2021-38370,0.00885,0.26162
CVE-2021-38371,0.00954,0.34522
CVE-2021-38372,0.00885,0.26162
CVE-2021-38373,0.00885,0.26162
CVE-2021-38374,0.0095,0.30554
CVE-2021-38375,0.00954,0.34522
CVE-2021-38376,0.00954,0.34522
CVE-2021-38377,0.00954,0.34522
CVE-2021-38378,0.0089,0.2856
CVE-2021-38379,0.00885,0.26162
CVE-2021-38380,0.00885,0.26162
CVE-2021-38381,0.00885,0.26162
CVE-2021-38382,0.00885,0.26162
CVE-2021-38383,0.00885,0.26162
CVE-2021-38384,0.00885,0.26162
CVE-2021-38385,0.00954,0.34522
CVE-2021-38386,0.01055,0.50287
CVE-2021-38387,0.00885,0.26162
CVE-2021-38388,0.00885,0.26162
CVE-2021-38389,0.01086,0.51674
CVE-2021-3839,0.00954,0.34522
CVE-2021-38390,0.01156,0.60033
CVE-2021-38391,0.01156,0.60033
CVE-2021-38392,0.00885,0.26162
CVE-2021-38393,0.01156,0.60033
CVE-2021-38394,0.00885,0.26162
CVE-2021-38396,0.00885,0.26162
CVE-2021-38398,0.00885,0.26162
CVE-2021-3840,0.01156,0.60033
CVE-2021-38400,0.00885,0.26162
CVE-2021-38401,0.01036,0.41241
CVE-2021-38402,0.01036,0.41241
CVE-2021-38403,0.01086,0.51674
CVE-2021-38404,0.01036,0.41241
CVE-2021-38406,0.01036,0.41241
CVE-2021-38407,0.01086,0.51674
CVE-2021-38408,0.01156,0.60033
CVE-2021-38409,0.00885,0.26162
CVE-2021-38410,0.00885,0.26162
CVE-2021-38411,0.01086,0.51674
CVE-2021-38412,0.00885,0.26162
CVE-2021-38413,0.01036,0.41241
CVE-2021-38415,0.01036,0.41241
CVE-2021-38416,0.00885,0.26162
CVE-2021-38417,0.00885,0.26162
CVE-2021-38418,0.00885,0.26162
CVE-2021-38419,0.01036,0.41241
CVE-2021-3842,0.00885,0.26162
CVE-2021-38420,0.00885,0.26162
CVE-2021-38421,0.00885,0.26162
CVE-2021-38422,0.00885,0.26162
CVE-2021-38423,0.00885,0.26162
CVE-2021-38424,0.00885,0.26162
CVE-2021-38425,0.00885,0.26162
CVE-2021-38426,0.01036,0.41241
CVE-2021-38427,0.01005,0.36332
CVE-2021-38428,0.01086,0.51674
CVE-2021-38429,0.00885,0.26162
CVE-2021-3843,0.01036,0.41241
CVE-2021-38430,0.01036,0.41241
CVE-2021-38431,0.00885,0.26162
CVE-2021-38432,0.01086,0.51674
CVE-2021-38433,0.01005,0.36332
CVE-2021-38434,0.01036,0.41241
CVE-2021-38435,0.00885,0.26162
CVE-2021-38436,0.01036,0.41241
CVE-2021-38438,0.01036,0.41241
CVE-2021-38439,0.01086,0.51674
CVE-2021-38440,0.00885,0.26162
CVE-2021-38441,0.00885,0.26162
CVE-2021-38442,0.01036,0.41241
CVE-2021-38443,0.00885,0.26162
CVE-2021-38445,0.0144,0.7265
CVE-2021-38447,0.00885,0.26162
CVE-2021-38448,0.00885,0.26162
CVE-2021-38449,0.00885,0.26162
CVE-2021-3845,0.00885,0.26162
CVE-2021-38450,0.00885,0.26162
CVE-2021-38451,0.00885,0.26162
CVE-2021-38452,0.01086,0.51674
CVE-2021-38453,0.00885,0.26162
CVE-2021-38454,0.01086,0.51674
CVE-2021-38455,0.00885,0.26162
CVE-2021-38456,0.01086,0.51674
CVE-2021-38457,0.00885,0.26162
CVE-2021-38458,0.01086,0.51674
CVE-2021-38459,0.00885,0.26162
CVE-2021-3846,0.00885,0.26162
CVE-2021-38460,0.01086,0.51674
CVE-2021-38461,0.00885,0.26162
CVE-2021-38462,0.00885,0.26162
CVE-2021-38463,0.00885,0.26162
CVE-2021-38464,0.00885,0.26162
CVE-2021-38465,0.00885,0.26162
CVE-2021-38466,0.00885,0.26162
CVE-2021-38467,0.00885,0.26162
CVE-2021-38468,0.00885,0.26162
CVE-2021-38469,0.00885,0.26162
CVE-2021-3847,0.01005,0.36332
CVE-2021-38470,0.00885,0.26162
CVE-2021-38471,0.00885,0.26162
CVE-2021-38472,0.00885,0.26162
CVE-2021-38473,0.00885,0.26162
CVE-2021-38474,0.00885,0.26162
CVE-2021-38475,0.00885,0.26162
CVE-2021-38476,0.00885,0.26162
CVE-2021-38477,0.00885,0.26162
CVE-2021-38478,0.00885,0.26162
CVE-2021-38479,0.00885,0.26162
CVE-2021-3848,0.00885,0.26162
CVE-2021-38480,0.00885,0.26162
CVE-2021-38481,0.00885,0.26162
CVE-2021-38482,0.00885,0.26162
CVE-2021-38483,0.00885,0.26162
CVE-2021-38484,0.01156,0.60033
CVE-2021-38485,0.00885,0.26162
CVE-2021-38486,0.01086,0.51674
CVE-2021-38487,0.00885,0.26162
CVE-2021-38488,0.01086,0.51674
CVE-2021-3849,0.00885,0.26162
CVE-2021-38490,0.00885,0.26162
CVE-2021-38491,0.00954,0.34522
CVE-2021-38492,0.01108,0.53389
CVE-2021-38493,0.01108,0.53389
CVE-2021-38494,0.00885,0.26162
CVE-2021-38495,0.01018,0.38792
CVE-2021-38496,0.01183,0.60428
CVE-2021-38497,0.01018,0.38792
CVE-2021-38498,0.01018,0.38792
CVE-2021-38499,0.00885,0.26162
CVE-2021-3850,0.01018,0.38792
CVE-2021-38500,0.01183,0.60428
CVE-2021-38501,0.01018,0.38792
CVE-2021-38502,0.01018,0.38792
CVE-2021-38503,0.01537,0.73595
CVE-2021-38504,0.01537,0.73595
CVE-2021-38505,0.01018,0.38792
CVE-2021-38506,0.01537,0.73595
CVE-2021-38507,0.01537,0.73595
CVE-2021-38508,0.01537,0.73595
CVE-2021-38509,0.01537,0.73595
CVE-2021-3851,0.00885,0.26162
CVE-2021-38510,0.01018,0.38792
CVE-2021-38511,0.00885,0.26162
CVE-2021-38512,0.00954,0.34522
CVE-2021-38513,0.00885,0.26162
CVE-2021-38514,0.00885,0.26162
CVE-2021-38515,0.00885,0.26162
CVE-2021-38516,0.00885,0.26162
CVE-2021-38517,0.00885,0.26162
CVE-2021-38518,0.02055,0.7893
CVE-2021-38519,0.02055,0.7893
CVE-2021-3852,0.00885,0.26162
CVE-2021-38520,0.02055,0.7893
CVE-2021-38521,0.02055,0.7893
CVE-2021-38522,0.00885,0.26162
CVE-2021-38523,0.00885,0.26162
CVE-2021-38524,0.00885,0.26162
CVE-2021-38525,0.00885,0.26162
CVE-2021-38526,0.00885,0.26162
CVE-2021-38527,0.02055,0.7893
CVE-2021-38528,0.02055,0.7893
CVE-2021-38529,0.02055,0.7893
CVE-2021-3853,0.00885,0.26162
CVE-2021-38530,0.02055,0.7893
CVE-2021-38531,0.00885,0.26162
CVE-2021-38532,0.00885,0.26162
CVE-2021-38533,0.00885,0.26162
CVE-2021-38534,0.00885,0.26162
CVE-2021-38535,0.00885,0.26162
CVE-2021-38536,0.00885,0.26162
CVE-2021-38537,0.00885,0.26162
CVE-2021-38538,0.00885,0.26162
CVE-2021-38539,0.00885,0.26162
CVE-2021-38542,0.02055,0.7893
CVE-2021-38543,0.01055,0.50287
CVE-2021-38544,0.01055,0.50287
CVE-2021-38545,0.01055,0.50287
CVE-2021-38546,0.01055,0.50287
CVE-2021-38547,0.01055,0.50287
CVE-2021-38548,0.01055,0.50287
CVE-2021-38549,0.01055,0.50287
CVE-2021-38553,0.00885,0.26162
CVE-2021-38554,0.00885,0.26162
CVE-2021-38555,0.00885,0.26162
CVE-2021-38556,0.02066,0.78986
CVE-2021-38557,0.0089,0.2856
CVE-2021-38559,0.00885,0.26162
CVE-2021-3856,0.0095,0.30554
CVE-2021-38562,0.01018,0.38792
CVE-2021-38563,0.00885,0.26162
CVE-2021-38564,0.00885,0.26162
CVE-2021-38565,0.00885,0.26162
CVE-2021-38566,0.00885,0.26162
CVE-2021-38567,0.00885,0.26162
CVE-2021-38568,0.00885,0.26162
CVE-2021-38569,0.00885,0.26162
CVE-2021-3857,0.00885,0.26162
CVE-2021-38570,0.00885,0.26162
CVE-2021-38571,0.00885,0.26162
CVE-2021-38572,0.00885,0.26162
CVE-2021-38573,0.00885,0.26162
CVE-2021-38574,0.00885,0.26162
CVE-2021-38575,0.00885,0.26162
CVE-2021-38576,0.00885,0.26162
CVE-2021-38577,0.00885,0.26162
CVE-2021-38578,0.00885,0.26162
CVE-2021-3858,0.00885,0.26162
CVE-2021-38583,0.00954,0.34522
CVE-2021-38584,0.00885,0.26162
CVE-2021-38585,0.00885,0.26162
CVE-2021-38586,0.00885,0.26162
CVE-2021-38587,0.00885,0.26162
CVE-2021-38588,0.00885,0.26162
CVE-2021-38589,0.00885,0.26162
CVE-2021-3859,0.01018,0.38792
CVE-2021-38590,0.00885,0.26162
CVE-2021-38591,0.00885,0.26162
CVE-2021-38592,0.00885,0.26162
CVE-2021-38593,0.01537,0.73595
CVE-2021-38597,0.00885,0.26162
CVE-2021-38598,0.00885,0.26162
CVE-2021-38599,0.00885,0.26162
CVE-2021-3860,0.00885,0.26162
CVE-2021-38603,0.0089,0.2856
CVE-2021-38604,0.01183,0.60428
CVE-2021-38606,0.00885,0.26162
CVE-2021-38607,0.01055,0.50287
CVE-2021-38608,0.00885,0.26162
CVE-2021-3861,0.00885,0.26162
CVE-2021-38611,0.00885,0.26162
CVE-2021-38612,0.00885,0.26162
CVE-2021-38613,0.01978,0.78447
CVE-2021-38614,0.00885,0.26162
CVE-2021-38615,0.0089,0.2856
CVE-2021-38616,0.0089,0.2856
CVE-2021-38617,0.0089,0.2856
CVE-2021-38618,0.00885,0.26162
CVE-2021-3862,0.00885,0.26162
CVE-2021-38621,0.00885,0.26162
CVE-2021-38623,0.00885,0.26162
CVE-2021-38624,0.0115,0.5906
CVE-2021-38625,0.0115,0.5906
CVE-2021-38626,0.0115,0.5906
CVE-2021-38628,0.0115,0.5906
CVE-2021-38629,0.0115,0.5906
CVE-2021-3863,0.00885,0.26162
CVE-2021-38630,0.0115,0.5906
CVE-2021-38631,0.0115,0.5906
CVE-2021-38632,0.02251,0.80538
CVE-2021-38633,0.0115,0.5906
CVE-2021-38634,0.01178,0.60108
CVE-2021-38635,0.0115,0.5906
CVE-2021-38636,0.0115,0.5906
CVE-2021-38637,0.0115,0.5906
CVE-2021-38638,0.0115,0.5906
CVE-2021-38639,0.0115,0.5906
CVE-2021-38641,0.02251,0.80538
CVE-2021-38642,0.02251,0.80538
CVE-2021-38644,0.01528,0.72895
CVE-2021-38645,0.0115,0.5906
CVE-2021-38646,0.01528,0.72895
CVE-2021-38648,0.07277,0.92092
CVE-2021-38649,0.0115,0.5906
CVE-2021-38650,0.0115,0.5906
CVE-2021-38651,0.0115,0.5906
CVE-2021-38652,0.0115,0.5906
CVE-2021-38653,0.04475,0.87758
CVE-2021-38654,0.04475,0.87758
CVE-2021-38655,0.04475,0.87758
CVE-2021-38656,0.04475,0.87758
CVE-2021-38657,0.0115,0.5906
CVE-2021-38658,0.04475,0.87758
CVE-2021-38659,0.04475,0.87758
CVE-2021-3866,0.0089,0.2856
CVE-2021-38660,0.01528,0.72895
CVE-2021-38661,0.01528,0.72895
CVE-2021-38662,0.0115,0.5906
CVE-2021-38663,0.0115,0.5906
CVE-2021-38665,0.02251,0.80538
CVE-2021-38666,0.01601,0.74633
CVE-2021-38667,0.0115,0.5906
CVE-2021-38669,0.0115,0.5906
CVE-2021-38671,0.0115,0.5906
CVE-2021-38672,0.01877,0.76393
CVE-2021-38674,0.01055,0.50287
CVE-2021-38675,0.01055,0.50287
CVE-2021-38677,0.01055,0.50287
CVE-2021-38678,0.00885,0.26162
CVE-2021-38679,0.00885,0.26162
CVE-2021-38680,0.01055,0.50287
CVE-2021-38681,0.01055,0.50287
CVE-2021-38682,0.01086,0.51674
CVE-2021-38684,0.01086,0.51674
CVE-2021-38685,0.01055,0.50287
CVE-2021-38686,0.00885,0.26162
CVE-2021-38687,0.01086,0.51674
CVE-2021-38688,0.00885,0.26162
CVE-2021-38689,0.01086,0.51674
CVE-2021-3869,0.00885,0.26162
CVE-2021-38690,0.01086,0.51674
CVE-2021-38691,0.01086,0.51674
CVE-2021-38692,0.01086,0.51674
CVE-2021-38693,0.00885,0.26162
CVE-2021-38694,0.01018,0.38792
CVE-2021-38695,0.0095,0.30554
CVE-2021-38696,0.01018,0.38792
CVE-2021-38697,0.02509,0.81058
CVE-2021-38698,0.0089,0.2856
CVE-2021-38701,0.00885,0.26162
CVE-2021-38702,0.01018,0.38792
CVE-2021-38703,0.01978,0.78447
CVE-2021-38704,0.00885,0.26162
CVE-2021-38705,0.00885,0.26162
CVE-2021-38706,0.00885,0.26162
CVE-2021-38707,0.00885,0.26162
CVE-2021-38708,0.00885,0.26162
CVE-2021-38709,0.00885,0.26162
CVE-2021-38710,0.00885,0.26162
CVE-2021-38711,0.00885,0.26162
CVE-2021-38712,0.00885,0.26162
CVE-2021-38713,0.00885,0.26162
CVE-2021-38714,0.02509,0.81058
CVE-2021-3872,0.01108,0.53389
CVE-2021-38721,0.00885,0.26162
CVE-2021-38723,0.00885,0.26162
CVE-2021-38725,0.00885,0.26162
CVE-2021-38727,0.00954,0.34522
CVE-2021-3874,0.00885,0.26162
CVE-2021-38745,0.01086,0.51674
CVE-2021-3875,0.01108,0.53389
CVE-2021-38751,0.00885,0.26162
CVE-2021-38752,0.00885,0.26162
CVE-2021-38753,0.00885,0.26162
CVE-2021-38754,0.00954,0.34522
CVE-2021-38755,0.00885,0.26162
CVE-2021-38756,0.00885,0.26162
CVE-2021-38757,0.00885,0.26162
CVE-2021-38758,0.01018,0.38792
CVE-2021-38759,0.01018,0.38792
CVE-2021-38772,0.00885,0.26162
CVE-2021-3878,0.00885,0.26162
CVE-2021-38783,0.01018,0.38792
CVE-2021-38784,0.01018,0.38792
CVE-2021-38785,0.01018,0.38792
CVE-2021-38786,0.01018,0.38792
CVE-2021-38787,0.01018,0.38792
CVE-2021-38788,0.01018,0.38792
CVE-2021-38789,0.01018,0.38792
CVE-2021-3879,0.00885,0.26162
CVE-2021-3881,0.00885,0.26162
CVE-2021-3882,0.00954,0.34522
CVE-2021-38822,0.01338,0.70562
CVE-2021-38823,0.00885,0.26162
CVE-2021-38833,0.01018,0.38792
CVE-2021-38834,0.01055,0.50287
CVE-2021-38840,0.01018,0.38792
CVE-2021-38841,0.04571,0.88388
CVE-2021-38847,0.01338,0.70562
CVE-2021-38862,0.00885,0.26162
CVE-2021-38863,0.00885,0.26162
CVE-2021-38864,0.00885,0.26162
CVE-2021-38868,0.00885,0.26162
CVE-2021-38869,0.00885,0.26162
CVE-2021-38870,0.00885,0.26162
CVE-2021-38871,0.00885,0.26162
CVE-2021-38872,0.01055,0.50287
CVE-2021-38873,0.01055,0.50287
CVE-2021-38874,0.00885,0.26162
CVE-2021-38875,0.00885,0.26162
CVE-2021-38876,0.00885,0.26162
CVE-2021-38877,0.00885,0.26162
CVE-2021-38878,0.00885,0.26162
CVE-2021-38879,0.01055,0.50287
CVE-2021-3888,0.00885,0.26162
CVE-2021-38882,0.00885,0.26162
CVE-2021-38883,0.00885,0.26162
CVE-2021-38886,0.00954,0.34522
CVE-2021-38887,0.00885,0.26162
CVE-2021-3889,0.00885,0.26162
CVE-2021-38890,0.01055,0.50287
CVE-2021-38891,0.00885,0.26162
CVE-2021-38893,0.0089,0.2856
CVE-2021-38894,0.01055,0.50287
CVE-2021-38895,0.00885,0.26162
CVE-2021-38896,0.00885,0.26162
CVE-2021-38899,0.00885,0.26162
CVE-2021-38900,0.0089,0.2856
CVE-2021-38901,0.00885,0.26162
CVE-2021-38903,0.01061,0.51015
CVE-2021-38904,0.01136,0.57949
CVE-2021-38905,0.0089,0.2856
CVE-2021-38909,0.0089,0.2856
CVE-2021-38910,0.01055,0.50287
CVE-2021-38911,0.00885,0.26162
CVE-2021-38915,0.00885,0.26162
CVE-2021-38917,0.00885,0.26162
CVE-2021-38918,0.00885,0.26162
CVE-2021-38919,0.00885,0.26162
CVE-2021-38921,0.00885,0.26162
CVE-2021-38923,0.00885,0.26162
CVE-2021-38925,0.00885,0.26162
CVE-2021-38926,0.0089,0.2856
CVE-2021-38929,0.01055,0.50287
CVE-2021-38930,0.01055,0.50287
CVE-2021-38931,0.0089,0.2856
CVE-2021-38934,0.00885,0.26162
CVE-2021-38935,0.00885,0.26162
CVE-2021-38936,0.00885,0.26162
CVE-2021-38937,0.00885,0.26162
CVE-2021-38939,0.00885,0.26162
CVE-2021-38941,0.00885,0.26162
CVE-2021-38944,0.00885,0.26162
CVE-2021-38945,0.01136,0.57949
CVE-2021-38946,0.0089,0.2856
CVE-2021-38947,0.00885,0.26162
CVE-2021-38948,0.01055,0.50287
CVE-2021-38949,0.00885,0.26162
CVE-2021-38950,0.00885,0.26162
CVE-2021-38951,0.01055,0.50287
CVE-2021-38952,0.00885,0.26162
CVE-2021-38954,0.00885,0.26162
CVE-2021-38955,0.00885,0.26162
CVE-2021-38956,0.00885,0.26162
CVE-2021-38957,0.00885,0.26162
CVE-2021-38958,0.00885,0.26162
CVE-2021-38959,0.00885,0.26162
CVE-2021-38960,0.00885,0.26162
CVE-2021-38961,0.00885,0.26162
CVE-2021-38965,0.01055,0.50287
CVE-2021-38966,0.00885,0.26162
CVE-2021-38967,0.00885,0.26162
CVE-2021-38969,0.00885,0.26162
CVE-2021-3897,0.00885,0.26162
CVE-2021-38971,0.00885,0.26162
CVE-2021-38972,0.00885,0.26162
CVE-2021-38973,0.00885,0.26162
CVE-2021-38974,0.00885,0.26162
CVE-2021-38975,0.00885,0.26162
CVE-2021-38976,0.00885,0.26162
CVE-2021-38977,0.00885,0.26162
CVE-2021-38978,0.01055,0.50287
CVE-2021-38979,0.00885,0.26162
CVE-2021-3898,0.00885,0.26162
CVE-2021-38980,0.01055,0.50287
CVE-2021-38981,0.01055,0.50287
CVE-2021-38982,0.00885,0.26162
CVE-2021-38983,0.00885,0.26162
CVE-2021-38984,0.00885,0.26162
CVE-2021-38985,0.00885,0.26162
CVE-2021-38986,0.00885,0.26162
CVE-2021-38988,0.00885,0.26162
CVE-2021-38989,0.00885,0.26162
CVE-2021-38990,0.01365,0.70715
CVE-2021-38991,0.01005,0.36332
CVE-2021-38993,0.00885,0.26162
CVE-2021-38994,0.00885,0.26162
CVE-2021-38995,0.00885,0.26162
CVE-2021-38996,0.00885,0.26162
CVE-2021-38999,0.00885,0.26162
CVE-2021-3900,0.00885,0.26162
CVE-2021-39000,0.00885,0.26162
CVE-2021-39002,0.00954,0.34522
CVE-2021-39006,0.00885,0.26162
CVE-2021-39009,0.00885,0.26162
CVE-2021-3901,0.00885,0.26162
CVE-2021-39013,0.00885,0.26162
CVE-2021-39015,0.00885,0.26162
CVE-2021-39016,0.00885,0.26162
CVE-2021-39017,0.01055,0.50287
CVE-2021-39018,0.00885,0.26162
CVE-2021-39019,0.00885,0.26162
CVE-2021-39020,0.00885,0.26162
CVE-2021-39021,0.00885,0.26162
CVE-2021-39022,0.00885,0.26162
CVE-2021-39023,0.01055,0.50287
CVE-2021-39024,0.00885,0.26162
CVE-2021-39025,0.00885,0.26162
CVE-2021-39026,0.01055,0.50287
CVE-2021-39027,0.00885,0.26162
CVE-2021-39028,0.00885,0.26162
CVE-2021-3903,0.01034,0.39824
CVE-2021-39031,0.01055,0.50287
CVE-2021-39032,0.00885,0.26162
CVE-2021-39033,0.01055,0.50287
CVE-2021-39034,0.00885,0.26162
CVE-2021-39035,0.00885,0.26162
CVE-2021-39038,0.01055,0.50287
CVE-2021-3904,0.00885,0.26162
CVE-2021-39040,0.00885,0.26162
CVE-2021-39041,0.00885,0.26162
CVE-2021-39043,0.00885,0.26162
CVE-2021-39044,0.00885,0.26162
CVE-2021-39045,0.00885,0.26162
CVE-2021-39046,0.00885,0.26162
CVE-2021-39047,0.01018,0.38792
CVE-2021-39048,0.00885,0.26162
CVE-2021-39049,0.00885,0.26162
CVE-2021-3905,0.01018,0.38792
CVE-2021-39050,0.00885,0.26162
CVE-2021-39051,0.01055,0.50287
CVE-2021-39052,0.01055,0.50287
CVE-2021-39053,0.01055,0.50287
CVE-2021-39054,0.01055,0.50287
CVE-2021-39055,0.00885,0.26162
CVE-2021-39056,0.01055,0.50287
CVE-2021-39057,0.00885,0.26162
CVE-2021-39058,0.00885,0.26162
CVE-2021-39059,0.00885,0.26162
CVE-2021-3906,0.00885,0.26162
CVE-2021-39063,0.00885,0.26162
CVE-2021-39064,0.00885,0.26162
CVE-2021-39065,0.01055,0.50287
CVE-2021-39066,0.00885,0.26162
CVE-2021-39068,0.00885,0.26162
CVE-2021-3907,0.05634,0.89764
CVE-2021-39070,0.00885,0.26162
CVE-2021-39072,0.01055,0.50287
CVE-2021-39074,0.00885,0.26162
CVE-2021-39076,0.00885,0.26162
CVE-2021-39078,0.00885,0.26162
CVE-2021-39079,0.00885,0.26162
CVE-2021-3908,0.00885,0.26162
CVE-2021-39080,0.00885,0.26162
CVE-2021-39082,0.00885,0.26162
CVE-2021-39085,0.01055,0.50287
CVE-2021-39086,0.01055,0.50287
CVE-2021-39087,0.00885,0.26162
CVE-2021-39088,0.00885,0.26162
CVE-2021-3909,0.00954,0.34522
CVE-2021-3910,0.00885,0.26162
CVE-2021-39109,0.01055,0.50287
CVE-2021-3911,0.00885,0.26162
CVE-2021-39111,0.01055,0.50287
CVE-2021-39112,0.01055,0.50287
CVE-2021-39113,0.01055,0.50287
CVE-2021-39114,0.00885,0.26162
CVE-2021-39116,0.01055,0.50287
CVE-2021-39117,0.01055,0.50287
CVE-2021-39118,0.01055,0.50287
CVE-2021-39119,0.00885,0.26162
CVE-2021-3912,0.00885,0.26162
CVE-2021-39121,0.01055,0.50287
CVE-2021-39122,0.01055,0.50287
CVE-2021-39123,0.01055,0.50287
CVE-2021-39124,0.01055,0.50287
CVE-2021-39125,0.01055,0.50287
CVE-2021-39126,0.01055,0.50287
CVE-2021-39127,0.01055,0.50287
CVE-2021-39128,0.01055,0.50287
CVE-2021-39131,0.00954,0.34522
CVE-2021-39132,0.00885,0.26162
CVE-2021-39133,0.00885,0.26162
CVE-2021-39134,0.01018,0.38792
CVE-2021-39135,0.01018,0.38792
CVE-2021-39136,0.0095,0.30554
CVE-2021-39137,0.00885,0.26162
CVE-2021-39138,0.00954,0.34522
CVE-2021-39139,0.07218,0.9208
CVE-2021-3914,0.00885,0.26162
CVE-2021-39140,0.05394,0.89451
CVE-2021-39141,0.07218,0.9208
CVE-2021-39143,0.00885,0.26162
CVE-2021-39144,0.01815,0.76117
CVE-2021-39145,0.07218,0.9208
CVE-2021-39146,0.07218,0.9208
CVE-2021-39147,0.07218,0.9208
CVE-2021-39148,0.07218,0.9208
CVE-2021-39149,0.07218,0.9208
CVE-2021-3915,0.00885,0.26162
CVE-2021-39150,0.01815,0.76117
CVE-2021-39151,0.07218,0.9208
CVE-2021-39152,0.01815,0.76117
CVE-2021-39153,0.07218,0.9208
CVE-2021-39154,0.07218,0.9208
CVE-2021-39155,0.00885,0.26162
CVE-2021-39156,0.00885,0.26162
CVE-2021-39157,0.00954,0.34522
CVE-2021-39158,0.00885,0.26162
CVE-2021-39159,0.01978,0.78447
CVE-2021-3916,0.00885,0.26162
CVE-2021-39160,0.02509,0.81058
CVE-2021-39161,0.00885,0.26162
CVE-2021-39162,0.00954,0.34522
CVE-2021-39163,0.0095,0.30554
CVE-2021-39164,0.0095,0.30554
CVE-2021-39166,0.00885,0.26162
CVE-2021-39167,0.00954,0.34522
CVE-2021-39168,0.00954,0.34522
CVE-2021-39169,0.00885,0.26162
CVE-2021-3917,0.0095,0.30554
CVE-2021-39170,0.0095,0.30554
CVE-2021-39171,0.00885,0.26162
CVE-2021-39172,0.02199,0.80273
CVE-2021-39173,0.02199,0.80273
CVE-2021-39175,0.01018,0.38792
CVE-2021-39176,0.01018,0.38792
CVE-2021-39177,0.00954,0.34522
CVE-2021-39178,0.00885,0.26162
CVE-2021-39179,0.01061,0.51015
CVE-2021-3918,0.00885,0.26162
CVE-2021-39180,0.02199,0.80273
CVE-2021-39181,0.02199,0.80273
CVE-2021-39182,0.00885,0.26162
CVE-2021-39183,0.00885,0.26162
CVE-2021-39184,0.00885,0.26162
CVE-2021-39185,0.00885,0.26162
CVE-2021-39186,0.00954,0.34522
CVE-2021-39187,0.01018,0.38792
CVE-2021-39189,0.01018,0.38792
CVE-2021-39191,0.01108,0.53389
CVE-2021-39192,0.00885,0.26162
CVE-2021-39193,0.01018,0.38792
CVE-2021-39194,0.0089,0.2856
CVE-2021-39195,0.0089,0.2856
CVE-2021-39196,0.0089,0.2856
CVE-2021-39197,0.01018,0.38792
CVE-2021-39198,0.00885,0.26162
CVE-2021-39199,0.01018,0.38792
CVE-2021-3920,0.00885,0.26162
CVE-2021-39200,0.0089,0.2856
CVE-2021-39201,0.0089,0.2856
CVE-2021-39202,0.00885,0.26162
CVE-2021-39203,0.00885,0.26162
CVE-2021-39204,0.00954,0.34522
CVE-2021-39205,0.01018,0.38792
CVE-2021-39206,0.01018,0.38792
CVE-2021-39207,0.03458,0.84023
CVE-2021-39208,0.0089,0.2856
CVE-2021-39209,0.00885,0.26162
CVE-2021-3921,0.00885,0.26162
CVE-2021-39210,0.0089,0.2856
CVE-2021-39211,0.00885,0.26162
CVE-2021-39212,0.0089,0.2856
CVE-2021-39213,0.00885,0.26162
CVE-2021-39214,0.00885,0.26162
CVE-2021-39215,0.00885,0.26162
CVE-2021-39216,0.0095,0.30554
CVE-2021-39218,0.0095,0.30554
CVE-2021-39219,0.0095,0.30554
CVE-2021-3922,0.00885,0.26162
CVE-2021-39220,0.0089,0.2856
CVE-2021-39221,0.00885,0.26162
CVE-2021-39222,0.00954,0.34522
CVE-2021-39223,0.00954,0.34522
CVE-2021-39224,0.00885,0.26162
CVE-2021-39225,0.0089,0.2856
CVE-2021-39226,0.01183,0.60428
CVE-2021-39227,0.00954,0.34522
CVE-2021-39228,0.01018,0.38792
CVE-2021-39229,0.00954,0.34522
CVE-2021-39230,0.00885,0.26162
CVE-2021-39231,0.00885,0.26162
CVE-2021-39232,0.00885,0.26162
CVE-2021-39233,0.00885,0.26162
CVE-2021-39234,0.00885,0.26162
CVE-2021-39235,0.00885,0.26162
CVE-2021-39236,0.00885,0.26162
CVE-2021-39237,0.00885,0.26162
CVE-2021-39238,0.00885,0.26162
CVE-2021-39239,0.01246,0.66436
CVE-2021-3924,0.00885,0.26162
CVE-2021-39240,0.01108,0.53389
CVE-2021-39241,0.01018,0.38792
CVE-2021-39242,0.01018,0.38792
CVE-2021-39243,0.00885,0.26162
CVE-2021-39244,0.02055,0.7893
CVE-2021-39245,0.00885,0.26162
CVE-2021-39246,0.01018,0.38792
CVE-2021-39247,0.00885,0.26162
CVE-2021-39248,0.00885,0.26162
CVE-2021-39249,0.00885,0.26162
CVE-2021-39250,0.0144,0.7265
CVE-2021-39251,0.01282,0.67298
CVE-2021-39252,0.01034,0.39824
CVE-2021-39253,0.01034,0.39824
CVE-2021-39254,0.01034,0.39824
CVE-2021-39255,0.0095,0.30554
CVE-2021-39256,0.0095,0.30554
CVE-2021-39257,0.0095,0.30554
CVE-2021-39258,0.0095,0.30554
CVE-2021-39259,0.0095,0.30554
CVE-2021-39260,0.0095,0.30554
CVE-2021-39261,0.0095,0.30554
CVE-2021-39262,0.0095,0.30554
CVE-2021-39263,0.0095,0.30554
CVE-2021-39267,0.04836,0.88802
CVE-2021-39268,0.01136,0.57949
CVE-2021-3927,0.01183,0.60428
CVE-2021-39270,0.00885,0.26162
CVE-2021-39271,0.04571,0.88388
CVE-2021-39272,0.01108,0.53389
CVE-2021-39273,0.02199,0.80273
CVE-2021-39274,0.02509,0.81058
CVE-2021-39275,0.07767,0.92799
CVE-2021-39278,0.00885,0.26162
CVE-2021-39279,0.02055,0.7893
CVE-2021-3928,0.01104,0.52279
CVE-2021-39280,0.0144,0.7265
CVE-2021-39282,0.00885,0.26162
CVE-2021-39283,0.00885,0.26162
CVE-2021-39285,0.00885,0.26162
CVE-2021-39286,0.00885,0.26162
CVE-2021-39289,0.00885,0.26162
CVE-2021-3929,0.0095,0.30554
CVE-2021-39290,0.00885,0.26162
CVE-2021-39291,0.00885,0.26162
CVE-2021-39293,0.00954,0.34522
CVE-2021-39296,0.00885,0.26162
CVE-2021-39297,0.01234,0.66258
CVE-2021-39298,0.01234,0.66258
CVE-2021-39299,0.01234,0.66258
CVE-2021-3930,0.0095,0.30554
CVE-2021-39300,0.01234,0.66258
CVE-2021-39301,0.01234,0.66258
CVE-2021-39302,0.00885,0.26162
CVE-2021-39303,0.01018,0.38792
CVE-2021-39304,0.00885,0.26162
CVE-2021-39306,0.00885,0.26162
CVE-2021-39307,0.0144,0.7265
CVE-2021-39308,0.00885,0.26162
CVE-2021-39309,0.00885,0.26162
CVE-2021-3931,0.00885,0.26162
CVE-2021-39310,0.00885,0.26162
CVE-2021-39311,0.00885,0.26162
CVE-2021-39312,0.00954,0.34522
CVE-2021-39313,0.00885,0.26162
CVE-2021-39314,0.00885,0.26162
CVE-2021-39315,0.00885,0.26162
CVE-2021-39316,0.00885,0.26162
CVE-2021-39317,0.0095,0.30554
CVE-2021-39318,0.00885,0.26162
CVE-2021-39319,0.00885,0.26162
CVE-2021-3932,0.00885,0.26162
CVE-2021-39320,0.00885,0.26162
CVE-2021-39321,0.0089,0.2856
CVE-2021-39322,0.00885,0.26162
CVE-2021-39325,0.00885,0.26162
CVE-2021-39327,0.3958,0.9801
CVE-2021-39328,0.0089,0.2856
CVE-2021-39329,0.0089,0.2856
CVE-2021-3933,0.00885,0.26162
CVE-2021-39332,0.00885,0.26162
CVE-2021-39333,0.00885,0.26162
CVE-2021-39334,0.0089,0.2856
CVE-2021-39335,0.0089,0.2856
CVE-2021-39336,0.0089,0.2856
CVE-2021-39337,0.0089,0.2856
CVE-2021-39338,0.0089,0.2856
CVE-2021-39339,0.00885,0.26162
CVE-2021-3934,0.00885,0.26162
CVE-2021-39340,0.0089,0.2856
CVE-2021-39341,0.00954,0.34522
CVE-2021-39342,0.00885,0.26162
CVE-2021-39343,0.0089,0.2856
CVE-2021-39344,0.0089,0.2856
CVE-2021-39345,0.0089,0.2856
CVE-2021-39346,0.0089,0.2856
CVE-2021-39347,0.00885,0.26162
CVE-2021-39348,0.0089,0.2856
CVE-2021-39349,0.0089,0.2856
CVE-2021-3935,0.01018,0.38792
CVE-2021-39350,0.00885,0.26162
CVE-2021-39351,0.00885,0.26162
CVE-2021-39352,0.41033,0.98132
CVE-2021-39353,0.00885,0.26162
CVE-2021-39354,0.0089,0.2856
CVE-2021-39355,0.0089,0.2856
CVE-2021-39356,0.0089,0.2856
CVE-2021-39357,0.0089,0.2856
CVE-2021-39358,0.01018,0.38792
CVE-2021-39359,0.01018,0.38792
CVE-2021-39360,0.01018,0.38792
CVE-2021-39361,0.00885,0.26162
CVE-2021-39362,0.00885,0.26162
CVE-2021-39363,0.00954,0.34522
CVE-2021-39364,0.00954,0.34522
CVE-2021-39365,0.01018,0.38792
CVE-2021-39367,0.00885,0.26162
CVE-2021-39368,0.00885,0.26162
CVE-2021-39371,0.00954,0.34522
CVE-2021-39373,0.00885,0.26162
CVE-2021-39375,0.00885,0.26162
CVE-2021-39376,0.00885,0.26162
CVE-2021-39377,0.00954,0.34522
CVE-2021-39378,0.00954,0.34522
CVE-2021-39379,0.00954,0.34522
CVE-2021-3938,0.00885,0.26162
CVE-2021-39383,0.01156,0.60033
CVE-2021-39384,0.00885,0.26162
CVE-2021-3939,0.00885,0.26162
CVE-2021-39390,0.0089,0.2856
CVE-2021-39391,0.00885,0.26162
CVE-2021-39392,0.01978,0.78447
CVE-2021-39393,0.00885,0.26162
CVE-2021-39394,0.00885,0.26162
CVE-2021-39402,0.00885,0.26162
CVE-2021-39404,0.00885,0.26162
CVE-2021-39409,0.00885,0.26162
CVE-2021-3941,0.00885,0.26162
CVE-2021-39411,0.00885,0.26162
CVE-2021-39412,0.00885,0.26162
CVE-2021-39413,0.00885,0.26162
CVE-2021-39416,0.00954,0.34522
CVE-2021-39420,0.00885,0.26162
CVE-2021-3943,0.01978,0.78447
CVE-2021-39433,0.00885,0.26162
CVE-2021-3944,0.00885,0.26162
CVE-2021-3945,0.00885,0.26162
CVE-2021-39458,0.00885,0.26162
CVE-2021-39459,0.01978,0.78447
CVE-2021-3947,0.0089,0.2856
CVE-2021-39474,0.00885,0.26162
CVE-2021-3948,0.00885,0.26162
CVE-2021-39480,0.00885,0.26162
CVE-2021-39486,0.00885,0.26162
CVE-2021-39491,0.00885,0.26162
CVE-2021-39496,0.00885,0.26162
CVE-2021-39497,0.00954,0.34522
CVE-2021-39499,0.01055,0.50287
CVE-2021-3950,0.00885,0.26162
CVE-2021-39500,0.00885,0.26162
CVE-2021-39501,0.00885,0.26162
CVE-2021-39503,0.01978,0.78447
CVE-2021-39509,0.02211,0.80357
CVE-2021-39510,0.02211,0.80357
CVE-2021-39514,0.00885,0.26162
CVE-2021-39515,0.00885,0.26162
CVE-2021-39516,0.00885,0.26162
CVE-2021-39517,0.00885,0.26162
CVE-2021-39518,0.00885,0.26162
CVE-2021-39519,0.00885,0.26162
CVE-2021-39520,0.00885,0.26162
CVE-2021-39521,0.00885,0.26162
CVE-2021-39522,0.00885,0.26162
CVE-2021-39523,0.00885,0.26162
CVE-2021-39525,0.00885,0.26162
CVE-2021-39527,0.00885,0.26162
CVE-2021-39528,0.00885,0.26162
CVE-2021-39530,0.00885,0.26162
CVE-2021-39531,0.00885,0.26162
CVE-2021-39532,0.00885,0.26162
CVE-2021-39533,0.00885,0.26162
CVE-2021-39534,0.00885,0.26162
CVE-2021-39535,0.00885,0.26162
CVE-2021-39536,0.00885,0.26162
CVE-2021-39537,0.00954,0.34522
CVE-2021-39538,0.00885,0.26162
CVE-2021-39539,0.00885,0.26162
CVE-2021-39540,0.01036,0.41241
CVE-2021-39541,0.00885,0.26162
CVE-2021-39542,0.00885,0.26162
CVE-2021-39543,0.00885,0.26162
CVE-2021-39544,0.00885,0.26162
CVE-2021-39545,0.00885,0.26162
CVE-2021-39546,0.00885,0.26162
CVE-2021-39547,0.00885,0.26162
CVE-2021-39548,0.00885,0.26162
CVE-2021-39549,0.00885,0.26162
CVE-2021-39550,0.00885,0.26162
CVE-2021-39551,0.00885,0.26162
CVE-2021-39552,0.00885,0.26162
CVE-2021-39553,0.00885,0.26162
CVE-2021-39554,0.00885,0.26162
CVE-2021-39555,0.00885,0.26162
CVE-2021-39556,0.00885,0.26162
CVE-2021-39557,0.00885,0.26162
CVE-2021-39558,0.01036,0.41241
CVE-2021-39559,0.00885,0.26162
CVE-2021-3956,0.00885,0.26162
CVE-2021-39561,0.01036,0.41241
CVE-2021-39562,0.00885,0.26162
CVE-2021-39563,0.00885,0.26162
CVE-2021-39564,0.01036,0.41241
CVE-2021-39569,0.01036,0.41241
CVE-2021-3957,0.00885,0.26162
CVE-2021-39574,0.01036,0.41241
CVE-2021-39575,0.00885,0.26162
CVE-2021-39577,0.01036,0.41241
CVE-2021-39579,0.01036,0.41241
CVE-2021-3958,0.01055,0.50287
CVE-2021-39582,0.01036,0.41241
CVE-2021-39583,0.00885,0.26162
CVE-2021-39584,0.00885,0.26162
CVE-2021-39585,0.00885,0.26162
CVE-2021-39587,0.00885,0.26162
CVE-2021-39588,0.00885,0.26162
CVE-2021-39589,0.00885,0.26162
CVE-2021-3959,0.00885,0.26162
CVE-2021-39590,0.00885,0.26162
CVE-2021-39591,0.00885,0.26162
CVE-2021-39592,0.00885,0.26162
CVE-2021-39593,0.00885,0.26162
CVE-2021-39594,0.00885,0.26162
CVE-2021-39595,0.01036,0.41241
CVE-2021-39596,0.00885,0.26162
CVE-2021-39597,0.00885,0.26162
CVE-2021-39598,0.00885,0.26162
CVE-2021-39599,0.00885,0.26162
CVE-2021-3960,0.01036,0.41241
CVE-2021-39602,0.00885,0.26162
CVE-2021-39608,0.01978,0.78447
CVE-2021-39609,0.0089,0.2856
CVE-2021-3961,0.00885,0.26162
CVE-2021-39613,0.00954,0.34522
CVE-2021-39614,0.00954,0.34522
CVE-2021-39615,0.00954,0.34522
CVE-2021-39616,0.00885,0.26162
CVE-2021-39618,0.01036,0.41241
CVE-2021-39619,0.01036,0.41241
CVE-2021-3962,0.00954,0.34522
CVE-2021-39620,0.01036,0.41241
CVE-2021-39621,0.01036,0.41241
CVE-2021-39622,0.01036,0.41241
CVE-2021-39623,0.01156,0.60033
CVE-2021-39624,0.01036,0.41241
CVE-2021-39625,0.01036,0.41241
CVE-2021-39626,0.01036,0.41241
CVE-2021-39627,0.01036,0.41241
CVE-2021-39628,0.01036,0.41241
CVE-2021-39629,0.01036,0.41241
CVE-2021-3963,0.00885,0.26162
CVE-2021-39630,0.01036,0.41241
CVE-2021-39631,0.01036,0.41241
CVE-2021-39632,0.01036,0.41241
CVE-2021-39633,0.01036,0.41241
CVE-2021-39634,0.01036,0.41241
CVE-2021-39635,0.00885,0.26162
CVE-2021-39636,0.01036,0.41241
CVE-2021-39637,0.01036,0.41241
CVE-2021-39638,0.01036,0.41241
CVE-2021-39639,0.01036,0.41241
CVE-2021-3964,0.00885,0.26162
CVE-2021-39640,0.01036,0.41241
CVE-2021-39641,0.00885,0.26162
CVE-2021-39642,0.01036,0.41241
CVE-2021-39643,0.01036,0.41241
CVE-2021-39644,0.00885,0.26162
CVE-2021-39645,0.00885,0.26162
CVE-2021-39646,0.00885,0.26162
CVE-2021-39647,0.01036,0.41241
CVE-2021-39648,0.01036,0.41241
CVE-2021-39649,0.01036,0.41241
CVE-2021-3965,0.00885,0.26162
CVE-2021-39650,0.01036,0.41241
CVE-2021-39651,0.01036,0.41241
CVE-2021-39652,0.01036,0.41241
CVE-2021-39653,0.01036,0.41241
CVE-2021-39655,0.00885,0.26162
CVE-2021-39656,0.01036,0.41241
CVE-2021-39657,0.01036,0.41241
CVE-2021-39658,0.00885,0.26162
CVE-2021-39659,0.01036,0.41241
CVE-2021-39662,0.01036,0.41241
CVE-2021-39663,0.01036,0.41241
CVE-2021-39664,0.01036,0.41241
CVE-2021-39665,0.01156,0.60033
CVE-2021-39666,0.01036,0.41241
CVE-2021-39667,0.01156,0.60033
CVE-2021-39668,0.01036,0.41241
CVE-2021-39669,0.01036,0.41241
CVE-2021-3967,0.00885,0.26162
CVE-2021-39670,0.01036,0.41241
CVE-2021-39671,0.01086,0.51674
CVE-2021-39672,0.01036,0.41241
CVE-2021-39674,0.01036,0.41241
CVE-2021-39675,0.01156,0.60033
CVE-2021-39676,0.01036,0.41241
CVE-2021-39677,0.00885,0.26162
CVE-2021-39678,0.01036,0.41241
CVE-2021-39679,0.01036,0.41241
CVE-2021-3968,0.01034,0.39824
CVE-2021-39680,0.01036,0.41241
CVE-2021-39681,0.01036,0.41241
CVE-2021-39682,0.01036,0.41241
CVE-2021-39683,0.01036,0.41241
CVE-2021-39684,0.01036,0.41241
CVE-2021-39686,0.01036,0.41241
CVE-2021-39687,0.01036,0.41241
CVE-2021-39688,0.01036,0.41241
CVE-2021-39689,0.01036,0.41241
CVE-2021-3969,0.00885,0.26162
CVE-2021-39690,0.01036,0.41241
CVE-2021-39691,0.01036,0.41241
CVE-2021-39693,0.01036,0.41241
CVE-2021-39694,0.01036,0.41241
CVE-2021-39695,0.01036,0.41241
CVE-2021-39696,0.01036,0.41241
CVE-2021-39697,0.01036,0.41241
CVE-2021-39698,0.01036,0.41241
CVE-2021-3970,0.01036,0.41241
CVE-2021-39700,0.01036,0.41241
CVE-2021-39701,0.01036,0.41241
CVE-2021-39702,0.01036,0.41241
CVE-2021-39703,0.01036,0.41241
CVE-2021-39704,0.01036,0.41241
CVE-2021-39706,0.01036,0.41241
CVE-2021-39707,0.01036,0.41241
CVE-2021-39708,0.01156,0.60033
CVE-2021-39709,0.01036,0.41241
CVE-2021-3971,0.00885,0.26162
CVE-2021-39710,0.00885,0.26162
CVE-2021-39711,0.01036,0.41241
CVE-2021-39712,0.01036,0.41241
CVE-2021-39713,0.00954,0.34522
CVE-2021-39714,0.01036,0.41241
CVE-2021-39715,0.01036,0.41241
CVE-2021-39716,0.00885,0.26162
CVE-2021-39717,0.01036,0.41241
CVE-2021-39718,0.01036,0.41241
CVE-2021-39719,0.01036,0.41241
CVE-2021-3972,0.00885,0.26162
CVE-2021-39720,0.00885,0.26162
CVE-2021-39721,0.01036,0.41241
CVE-2021-39722,0.01036,0.41241
CVE-2021-39723,0.00885,0.26162
CVE-2021-39724,0.01036,0.41241
CVE-2021-39725,0.01036,0.41241
CVE-2021-39726,0.01156,0.60033
CVE-2021-39727,0.01036,0.41241
CVE-2021-39729,0.01036,0.41241
CVE-2021-3973,0.01108,0.53389
CVE-2021-39730,0.01036,0.41241
CVE-2021-39731,0.01036,0.41241
CVE-2021-39732,0.01036,0.41241
CVE-2021-39733,0.01036,0.41241
CVE-2021-39734,0.01036,0.41241
CVE-2021-39735,0.01036,0.41241
CVE-2021-39736,0.01036,0.41241
CVE-2021-39737,0.00885,0.26162
CVE-2021-39738,0.01036,0.41241
CVE-2021-39739,0.01036,0.41241
CVE-2021-3974,0.01108,0.53389
CVE-2021-39740,0.01036,0.41241
CVE-2021-39741,0.01036,0.41241
CVE-2021-39742,0.01036,0.41241
CVE-2021-39743,0.01036,0.41241
CVE-2021-39744,0.01036,0.41241
CVE-2021-39745,0.01036,0.41241
CVE-2021-39746,0.01036,0.41241
CVE-2021-39747,0.01036,0.41241
CVE-2021-39748,0.01036,0.41241
CVE-2021-3975,0.0095,0.30554
CVE-2021-39750,0.01036,0.41241
CVE-2021-39751,0.01036,0.41241
CVE-2021-39752,0.01036,0.41241
CVE-2021-39753,0.01036,0.41241
CVE-2021-39754,0.01036,0.41241
CVE-2021-39755,0.01036,0.41241
CVE-2021-39756,0.01036,0.41241
CVE-2021-39757,0.01036,0.41241
CVE-2021-39758,0.01036,0.41241
CVE-2021-39759,0.01036,0.41241
CVE-2021-3976,0.00885,0.26162
CVE-2021-39760,0.01036,0.41241
CVE-2021-39761,0.01036,0.41241
CVE-2021-39762,0.01156,0.60033
CVE-2021-39763,0.01036,0.41241
CVE-2021-39764,0.01036,0.41241
CVE-2021-39765,0.01036,0.41241
CVE-2021-39766,0.01036,0.41241
CVE-2021-39767,0.01036,0.41241
CVE-2021-39768,0.01036,0.41241
CVE-2021-39769,0.01036,0.41241
CVE-2021-3977,0.00885,0.26162
CVE-2021-39770,0.01036,0.41241
CVE-2021-39771,0.01036,0.41241
CVE-2021-39772,0.01036,0.41241
CVE-2021-39773,0.01036,0.41241
CVE-2021-39774,0.01036,0.41241
CVE-2021-39775,0.01036,0.41241
CVE-2021-39776,0.01036,0.41241
CVE-2021-39777,0.01036,0.41241
CVE-2021-39778,0.01036,0.41241
CVE-2021-39779,0.01036,0.41241
CVE-2021-39780,0.01036,0.41241
CVE-2021-39781,0.01036,0.41241
CVE-2021-39782,0.01036,0.41241
CVE-2021-39783,0.01036,0.41241
CVE-2021-39784,0.01036,0.41241
CVE-2021-39786,0.01036,0.41241
CVE-2021-39787,0.01036,0.41241
CVE-2021-39788,0.01036,0.41241
CVE-2021-39789,0.01036,0.41241
CVE-2021-3979,0.01018,0.38792
CVE-2021-39790,0.01036,0.41241
CVE-2021-39791,0.01036,0.41241
CVE-2021-39792,0.01036,0.41241
CVE-2021-39793,0.01036,0.41241
CVE-2021-39794,0.01036,0.41241
CVE-2021-39796,0.01036,0.41241
CVE-2021-39797,0.01036,0.41241
CVE-2021-39798,0.01036,0.41241
CVE-2021-39799,0.01036,0.41241
CVE-2021-3980,0.00885,0.26162
CVE-2021-39800,0.01036,0.41241
CVE-2021-39801,0.01036,0.41241
CVE-2021-39802,0.01036,0.41241
CVE-2021-39803,0.01156,0.60033
CVE-2021-39804,0.01086,0.51674
CVE-2021-39805,0.01103,0.51945
CVE-2021-39806,0.01036,0.41241
CVE-2021-39807,0.01036,0.41241
CVE-2021-39808,0.01036,0.41241
CVE-2021-39809,0.01156,0.60033
CVE-2021-3981,0.00885,0.26162
CVE-2021-39812,0.01036,0.41241
CVE-2021-39814,0.01036,0.41241
CVE-2021-39815,0.00885,0.26162
CVE-2021-39816,0.01223,0.65839
CVE-2021-39817,0.01223,0.65839
CVE-2021-39818,0.01223,0.65839
CVE-2021-39819,0.01223,0.65839
CVE-2021-3982,0.00885,0.26162
CVE-2021-39820,0.01282,0.66661
CVE-2021-39821,0.01223,0.65839
CVE-2021-39823,0.01223,0.65839
CVE-2021-39824,0.01223,0.65839
CVE-2021-39825,0.01223,0.65839
CVE-2021-39826,0.01223,0.65839
CVE-2021-39827,0.01046,0.41635
CVE-2021-39828,0.01046,0.41635
CVE-2021-39829,0.01223,0.65839
CVE-2021-3983,0.00885,0.26162
CVE-2021-39830,0.01223,0.65839
CVE-2021-39831,0.01223,0.65839
CVE-2021-39832,0.01223,0.65839
CVE-2021-39833,0.01046,0.41635
CVE-2021-39834,0.01046,0.41635
CVE-2021-39835,0.01046,0.41635
CVE-2021-39836,0.01223,0.65839
CVE-2021-39837,0.01223,0.65839
CVE-2021-39838,0.01223,0.65839
CVE-2021-39839,0.01223,0.65839
CVE-2021-3984,0.01108,0.53389
CVE-2021-39840,0.01223,0.65839
CVE-2021-39841,0.01223,0.65839
CVE-2021-39842,0.01223,0.65839
CVE-2021-39843,0.01223,0.65839
CVE-2021-39844,0.01046,0.41635
CVE-2021-39845,0.01046,0.41635
CVE-2021-39846,0.01046,0.41635
CVE-2021-39847,0.01223,0.65839
CVE-2021-39849,0.01046,0.41635
CVE-2021-3985,0.00885,0.26162
CVE-2021-39850,0.01046,0.41635
CVE-2021-39851,0.01046,0.41635
CVE-2021-39852,0.01046,0.41635
CVE-2021-39853,0.01046,0.41635
CVE-2021-39854,0.01046,0.41635
CVE-2021-39855,0.01046,0.41635
CVE-2021-39856,0.01046,0.41635
CVE-2021-39857,0.01046,0.41635
CVE-2021-39858,0.01046,0.41635
CVE-2021-39860,0.01046,0.41635
CVE-2021-39861,0.01046,0.41635
CVE-2021-39862,0.01046,0.41635
CVE-2021-39864,0.01046,0.41635
CVE-2021-39865,0.01046,0.41635
CVE-2021-39866,0.0089,0.2856
CVE-2021-39867,0.00885,0.26162
CVE-2021-39868,0.0089,0.2856
CVE-2021-39869,0.00954,0.34522
CVE-2021-39870,0.0089,0.2856
CVE-2021-39871,0.0089,0.2856
CVE-2021-39872,0.0089,0.2856
CVE-2021-39873,0.00954,0.34522
CVE-2021-39874,0.0089,0.2856
CVE-2021-39875,0.00954,0.34522
CVE-2021-39876,0.0089,0.2856
CVE-2021-39877,0.00954,0.34522
CVE-2021-39878,0.0089,0.2856
CVE-2021-39879,0.00885,0.26162
CVE-2021-39880,0.0089,0.2856
CVE-2021-39881,0.0089,0.2856
CVE-2021-39882,0.00885,0.26162
CVE-2021-39883,0.00885,0.26162
CVE-2021-39884,0.0089,0.2856
CVE-2021-39885,0.0089,0.2856
CVE-2021-39886,0.00885,0.26162
CVE-2021-39887,0.0089,0.2856
CVE-2021-39888,0.0089,0.2856
CVE-2021-39889,0.0089,0.2856
CVE-2021-3989,0.00885,0.26162
CVE-2021-39890,0.00885,0.26162
CVE-2021-39891,0.00885,0.26162
CVE-2021-39892,0.0089,0.2856
CVE-2021-39893,0.00885,0.26162
CVE-2021-39894,0.00885,0.26162
CVE-2021-39895,0.0089,0.2856
CVE-2021-39896,0.00885,0.26162
CVE-2021-39897,0.00954,0.34522
CVE-2021-39898,0.00954,0.34522
CVE-2021-39899,0.00885,0.26162
CVE-2021-3990,0.00885,0.26162
CVE-2021-39900,0.00885,0.26162
CVE-2021-39901,0.0089,0.2856
CVE-2021-39902,0.0089,0.2856
CVE-2021-39903,0.0089,0.2856
CVE-2021-39904,0.0089,0.2856
CVE-2021-39905,0.0089,0.2856
CVE-2021-39906,0.00954,0.34522
CVE-2021-39907,0.00954,0.34522
CVE-2021-39908,0.00954,0.34522
CVE-2021-39909,0.0089,0.2856
CVE-2021-39910,0.00954,0.34522
CVE-2021-39911,0.00885,0.26162
CVE-2021-39912,0.00954,0.34522
CVE-2021-39913,0.00885,0.26162
CVE-2021-39914,0.00885,0.26162
CVE-2021-39915,0.00954,0.34522
CVE-2021-39916,0.0089,0.2856
CVE-2021-39917,0.0089,0.2856
CVE-2021-39918,0.0089,0.2856
CVE-2021-39919,0.00885,0.26162
CVE-2021-3992,0.00885,0.26162
CVE-2021-39920,0.01108,0.53389
CVE-2021-39921,0.01108,0.53389
CVE-2021-39922,0.01108,0.53389
CVE-2021-39923,0.01018,0.38792
CVE-2021-39924,0.01108,0.53389
CVE-2021-39925,0.01108,0.53389
CVE-2021-39926,0.01108,0.53389
CVE-2021-39927,0.00885,0.26162
CVE-2021-39928,0.01108,0.53389
CVE-2021-39929,0.01108,0.53389
CVE-2021-3993,0.00885,0.26162
CVE-2021-39930,0.0089,0.2856
CVE-2021-39931,0.0089,0.2856
CVE-2021-39932,0.00885,0.26162
CVE-2021-39933,0.0089,0.2856
CVE-2021-39934,0.0089,0.2856
CVE-2021-39935,0.00954,0.34522
CVE-2021-39936,0.0089,0.2856
CVE-2021-39937,0.00885,0.26162
CVE-2021-39938,0.00885,0.26162
CVE-2021-39939,0.00885,0.26162
CVE-2021-3994,0.00885,0.26162
CVE-2021-39940,0.0089,0.2856
CVE-2021-39941,0.00954,0.34522
CVE-2021-39942,0.0089,0.2856
CVE-2021-39943,0.0089,0.2856
CVE-2021-39944,0.0089,0.2856
CVE-2021-39945,0.0089,0.2856
CVE-2021-39946,0.0089,0.2856
CVE-2021-39947,0.00885,0.26162
CVE-2021-3995,0.0095,0.30554
CVE-2021-3996,0.0095,0.30554
CVE-2021-39966,0.00885,0.26162
CVE-2021-39967,0.00885,0.26162
CVE-2021-39968,0.00885,0.26162
CVE-2021-39969,0.00885,0.26162
CVE-2021-3997,0.0095,0.30554
CVE-2021-39970,0.00885,0.26162
CVE-2021-39971,0.00885,0.26162
CVE-2021-39972,0.00885,0.26162
CVE-2021-39973,0.00885,0.26162
CVE-2021-39974,0.00885,0.26162
CVE-2021-39975,0.00885,0.26162
CVE-2021-39976,0.00885,0.26162
CVE-2021-39977,0.00885,0.26162
CVE-2021-39978,0.00885,0.26162
CVE-2021-39979,0.00885,0.26162
CVE-2021-3998,0.01108,0.53389
CVE-2021-39980,0.00885,0.26162
CVE-2021-39981,0.00885,0.26162
CVE-2021-39982,0.00885,0.26162
CVE-2021-39983,0.00885,0.26162
CVE-2021-39984,0.00885,0.26162
CVE-2021-39985,0.00885,0.26162
CVE-2021-39986,0.00885,0.26162
CVE-2021-39987,0.00885,0.26162
CVE-2021-39988,0.00885,0.26162
CVE-2021-39989,0.00885,0.26162
CVE-2021-3999,0.01505,0.72763
CVE-2021-39990,0.00885,0.26162
CVE-2021-39991,0.00885,0.26162
CVE-2021-39992,0.00885,0.26162
CVE-2021-39993,0.00885,0.26162
CVE-2021-39994,0.00885,0.26162
CVE-2021-39995,0.00885,0.26162
CVE-2021-39996,0.00885,0.26162
CVE-2021-39997,0.00885,0.26162
CVE-2021-39998,0.00885,0.26162
CVE-2021-39999,0.00885,0.26162
CVE-2021-4000,0.00885,0.26162
CVE-2021-40000,0.01036,0.41241
CVE-2021-40001,0.00885,0.26162
CVE-2021-40002,0.01036,0.41241
CVE-2021-40003,0.00885,0.26162
CVE-2021-40004,0.00885,0.26162
CVE-2021-40005,0.00885,0.26162
CVE-2021-40006,0.00885,0.26162
CVE-2021-40007,0.00885,0.26162
CVE-2021-40008,0.00885,0.26162
CVE-2021-40009,0.00885,0.26162
CVE-2021-4001,0.00885,0.26162
CVE-2021-40010,0.0144,0.7265
CVE-2021-40011,0.00954,0.34522
CVE-2021-40012,0.00954,0.34522
CVE-2021-40013,0.00885,0.26162
CVE-2021-40014,0.00885,0.26162
CVE-2021-40015,0.00885,0.26162
CVE-2021-40016,0.00885,0.26162
CVE-2021-40018,0.00885,0.26162
CVE-2021-4002,0.01104,0.52279
CVE-2021-40020,0.00885,0.26162
CVE-2021-40021,0.00885,0.26162
CVE-2021-40022,0.00885,0.26162
CVE-2021-40025,0.00885,0.26162
CVE-2021-40026,0.00885,0.26162
CVE-2021-40027,0.00885,0.26162
CVE-2021-40028,0.00885,0.26162
CVE-2021-40029,0.00885,0.26162
CVE-2021-40030,0.00885,0.26162
CVE-2021-40031,0.00885,0.26162
CVE-2021-40032,0.00885,0.26162
CVE-2021-40033,0.00885,0.26162
CVE-2021-40034,0.00885,0.26162
CVE-2021-40035,0.00885,0.26162
CVE-2021-40036,0.01086,0.51674
CVE-2021-40037,0.00885,0.26162
CVE-2021-40038,0.00885,0.26162
CVE-2021-40039,0.00885,0.26162
CVE-2021-40040,0.00885,0.26162
CVE-2021-40041,0.00885,0.26162
CVE-2021-40042,0.00885,0.26162
CVE-2021-40043,0.01005,0.35949
CVE-2021-40044,0.00885,0.26162
CVE-2021-40045,0.00885,0.26162
CVE-2021-40046,0.00885,0.26162
CVE-2021-40047,0.00885,0.26162
CVE-2021-40048,0.00885,0.26162
CVE-2021-40049,0.00885,0.26162
CVE-2021-4005,0.00885,0.26162
CVE-2021-40050,0.00885,0.26162
CVE-2021-40051,0.00885,0.26162
CVE-2021-40052,0.00885,0.26162
CVE-2021-40053,0.00885,0.26162
CVE-2021-40054,0.00885,0.26162
CVE-2021-40055,0.00885,0.26162
CVE-2021-40056,0.00885,0.26162
CVE-2021-40057,0.00885,0.26162
CVE-2021-40058,0.00885,0.26162
CVE-2021-40059,0.00885,0.26162
CVE-2021-40060,0.00885,0.26162
CVE-2021-40061,0.00885,0.26162
CVE-2021-40062,0.00885,0.26162
CVE-2021-40063,0.00885,0.26162
CVE-2021-40064,0.00885,0.26162
CVE-2021-40065,0.00885,0.26162
CVE-2021-40066,0.00885,0.26162
CVE-2021-40067,0.00885,0.26162
CVE-2021-4007,0.00885,0.26162
CVE-2021-4008,0.01282,0.67298
CVE-2021-40083,0.01055,0.50287
CVE-2021-40084,0.0144,0.7265
CVE-2021-40085,0.01034,0.39824
CVE-2021-40086,0.00885,0.26162
CVE-2021-40087,0.00885,0.26162
CVE-2021-40088,0.00885,0.26162
CVE-2021-40089,0.00885,0.26162
CVE-2021-4009,0.01282,0.67298
CVE-2021-40091,0.00885,0.26162
CVE-2021-40092,0.01055,0.50287
CVE-2021-40093,0.01055,0.50287
CVE-2021-40094,0.00885,0.26162
CVE-2021-40095,0.00885,0.26162
CVE-2021-40096,0.01055,0.50287
CVE-2021-40097,0.01978,0.78447
CVE-2021-40098,0.00885,0.26162
CVE-2021-40099,0.01978,0.78447
CVE-2021-4010,0.01282,0.67298
CVE-2021-40100,0.00885,0.26162
CVE-2021-40101,0.00885,0.26162
CVE-2021-40102,0.00885,0.26162
CVE-2021-40103,0.00885,0.26162
CVE-2021-40104,0.00885,0.26162
CVE-2021-40105,0.00885,0.26162
CVE-2021-40106,0.00885,0.26162
CVE-2021-40108,0.00885,0.26162
CVE-2021-40109,0.00885,0.26162
CVE-2021-4011,0.01282,0.67298
CVE-2021-40110,0.00885,0.26162
CVE-2021-40111,0.00885,0.26162
CVE-2021-40112,0.01055,0.50287
CVE-2021-40113,0.01055,0.50287
CVE-2021-40114,0.01055,0.50287
CVE-2021-40115,0.01055,0.50287
CVE-2021-40116,0.01055,0.50287
CVE-2021-40117,0.01055,0.50287
CVE-2021-40118,0.01055,0.50287
CVE-2021-40119,0.01055,0.50287
CVE-2021-40120,0.01055,0.50287
CVE-2021-40121,0.00885,0.26162
CVE-2021-40122,0.01055,0.50287
CVE-2021-40123,0.01055,0.50287
CVE-2021-40124,0.01036,0.41241
CVE-2021-40125,0.01055,0.50287
CVE-2021-40126,0.01055,0.50287
CVE-2021-40127,0.01055,0.50287
CVE-2021-40128,0.01055,0.50287
CVE-2021-40129,0.01055,0.50287
CVE-2021-40130,0.01055,0.50287
CVE-2021-40131,0.01156,0.60033
CVE-2021-40142,0.01136,0.57949
CVE-2021-40143,0.01055,0.50287
CVE-2021-40145,0.00954,0.34522
CVE-2021-40146,0.01978,0.78447
CVE-2021-40147,0.00885,0.26162
CVE-2021-40148,0.01156,0.60033
CVE-2021-40149,0.00954,0.34522
CVE-2021-4015,0.00885,0.26162
CVE-2021-40150,0.00885,0.26162
CVE-2021-40153,0.01108,0.53389
CVE-2021-40154,0.00885,0.26162
CVE-2021-40155,0.01036,0.41241
CVE-2021-40156,0.01036,0.41241
CVE-2021-40157,0.00885,0.26162
CVE-2021-40158,0.02378,0.80704
CVE-2021-40159,0.01559,0.742
CVE-2021-4016,0.00885,0.26162
CVE-2021-40160,0.01036,0.41241
CVE-2021-40161,0.01036,0.41241
CVE-2021-40167,0.01036,0.41241
CVE-2021-4017,0.00885,0.26162
CVE-2021-40170,0.00885,0.26162
CVE-2021-40171,0.00885,0.26162
CVE-2021-40172,0.00885,0.26162
CVE-2021-40173,0.00885,0.26162
CVE-2021-40174,0.00885,0.26162
CVE-2021-40175,0.01424,0.72364
CVE-2021-40176,0.00885,0.26162
CVE-2021-40177,0.01156,0.60033
CVE-2021-40178,0.00885,0.26162
CVE-2021-4018,0.00885,0.26162
CVE-2021-40180,0.01018,0.38792
CVE-2021-40186,0.00885,0.26162
CVE-2021-40188,0.01338,0.70562
CVE-2021-40189,0.01156,0.60033
CVE-2021-4019,0.01108,0.53389
CVE-2021-40191,0.00885,0.26162
CVE-2021-4020,0.00885,0.26162
CVE-2021-4021,0.00885,0.26162
CVE-2021-40212,0.0144,0.7265
CVE-2021-40214,0.0089,0.2856
CVE-2021-40219,0.04571,0.88388
CVE-2021-4022,0.00885,0.26162
CVE-2021-4023,0.00885,0.26162
CVE-2021-40238,0.01689,0.75137
CVE-2021-40239,0.00885,0.26162
CVE-2021-40247,0.00885,0.26162
CVE-2021-4026,0.00885,0.26162
CVE-2021-40260,0.00885,0.26162
CVE-2021-40261,0.00885,0.26162
CVE-2021-40279,0.00885,0.26162
CVE-2021-4028,0.01365,0.70715
CVE-2021-40280,0.00885,0.26162
CVE-2021-40281,0.00885,0.26162
CVE-2021-40282,0.00885,0.26162
CVE-2021-40284,0.01055,0.50287
CVE-2021-40285,0.00885,0.26162
CVE-2021-4029,0.01005,0.35949
CVE-2021-40292,0.00885,0.26162
CVE-2021-4030,0.00885,0.26162
CVE-2021-40309,0.0089,0.2856
CVE-2021-40310,0.0089,0.2856
CVE-2021-40313,0.00885,0.26162
CVE-2021-40317,0.00885,0.26162
CVE-2021-40323,0.01978,0.78447
CVE-2021-40324,0.00885,0.26162
CVE-2021-40325,0.00885,0.26162
CVE-2021-40326,0.00885,0.26162
CVE-2021-40327,0.00954,0.34522
CVE-2021-40329,0.00885,0.26162
CVE-2021-4033,0.00885,0.26162
CVE-2021-40330,0.00885,0.26162
CVE-2021-40333,0.00885,0.26162
CVE-2021-40334,0.00885,0.26162
CVE-2021-40335,0.00885,0.26162
CVE-2021-40336,0.00885,0.26162
CVE-2021-40337,0.00885,0.26162
CVE-2021-40338,0.00885,0.26162
CVE-2021-40339,0.00885,0.26162
CVE-2021-40340,0.00885,0.26162
CVE-2021-40343,0.0089,0.2856
CVE-2021-40344,0.04571,0.88388
CVE-2021-40345,0.02066,0.78986
CVE-2021-40347,0.01034,0.39824
CVE-2021-40348,0.00885,0.26162
CVE-2021-40349,0.00885,0.26162
CVE-2021-4035,0.00885,0.26162
CVE-2021-40350,0.00885,0.26162
CVE-2021-40352,0.0089,0.2856
CVE-2021-40354,0.00885,0.26162
CVE-2021-40355,0.00885,0.26162
CVE-2021-40356,0.00885,0.26162
CVE-2021-40357,0.00885,0.26162
CVE-2021-40358,0.00885,0.26162
CVE-2021-40359,0.00885,0.26162
CVE-2021-40360,0.00885,0.26162
CVE-2021-40363,0.00885,0.26162
CVE-2021-40364,0.00885,0.26162
CVE-2021-40366,0.01055,0.50287
CVE-2021-40368,0.00885,0.26162
CVE-2021-40369,0.00954,0.34522
CVE-2021-4037,0.01365,0.70715
CVE-2021-40371,0.05634,0.89764
CVE-2021-40373,0.0144,0.7265
CVE-2021-40374,0.01055,0.50287
CVE-2021-40375,0.01055,0.50287
CVE-2021-40376,0.0089,0.2856
CVE-2021-40377,0.00885,0.26162
CVE-2021-40378,0.00885,0.26162
CVE-2021-40379,0.00885,0.26162
CVE-2021-4038,0.01055,0.50287
CVE-2021-40380,0.00885,0.26162
CVE-2021-40381,0.00885,0.26162
CVE-2021-40382,0.00885,0.26162
CVE-2021-40385,0.00885,0.26162
CVE-2021-40386,0.01156,0.60033
CVE-2021-40387,0.01156,0.60033
CVE-2021-40388,0.00885,0.26162
CVE-2021-40389,0.00885,0.26162
CVE-2021-4039,0.02055,0.7893
CVE-2021-40390,0.00885,0.26162
CVE-2021-40391,0.02509,0.81058
CVE-2021-40392,0.00885,0.26162
CVE-2021-40393,0.01086,0.51674
CVE-2021-40394,0.01086,0.51674
CVE-2021-40396,0.00885,0.26162
CVE-2021-40397,0.00885,0.26162
CVE-2021-40398,0.00885,0.26162
CVE-2021-40399,0.01611,0.74874
CVE-2021-4040,0.01246,0.66436
CVE-2021-40400,0.00885,0.26162
CVE-2021-40401,0.01005,0.36332
CVE-2021-40402,0.00885,0.26162
CVE-2021-40403,0.00885,0.26162
CVE-2021-40404,0.00885,0.26162
CVE-2021-40405,0.00885,0.26162
CVE-2021-40406,0.00885,0.26162
CVE-2021-40407,0.02055,0.7893
CVE-2021-40408,0.02055,0.7893
CVE-2021-40409,0.02055,0.7893
CVE-2021-4041,0.00954,0.34522
CVE-2021-40410,0.02055,0.7893
CVE-2021-40411,0.02055,0.7893
CVE-2021-40412,0.02055,0.7893
CVE-2021-40413,0.00885,0.26162
CVE-2021-40414,0.00885,0.26162
CVE-2021-40415,0.00885,0.26162
CVE-2021-40416,0.00885,0.26162
CVE-2021-40417,0.01086,0.51674
CVE-2021-40418,0.01086,0.51674
CVE-2021-40419,0.00885,0.26162
CVE-2021-40420,0.01086,0.51674
CVE-2021-40422,0.01156,0.60033
CVE-2021-40423,0.00885,0.26162
CVE-2021-40424,0.00885,0.26162
CVE-2021-40425,0.00885,0.26162
CVE-2021-40426,0.00885,0.26162
CVE-2021-4043,0.00885,0.26162
CVE-2021-40439,0.01246,0.66436
CVE-2021-4044,0.00954,0.34522
CVE-2021-40440,0.0115,0.5906
CVE-2021-40441,0.0115,0.5906
CVE-2021-40442,0.01528,0.72895
CVE-2021-40443,0.0115,0.5906
CVE-2021-40447,0.0115,0.5906
CVE-2021-40448,0.02251,0.80538
CVE-2021-40450,0.0115,0.5906
CVE-2021-40452,0.01528,0.72895
CVE-2021-40453,0.01528,0.72895
CVE-2021-40454,0.0115,0.5906
CVE-2021-40455,0.0115,0.5906
CVE-2021-40456,0.02251,0.80538
CVE-2021-40457,0.02251,0.80538
CVE-2021-4046,0.00885,0.26162
CVE-2021-40460,0.0115,0.5906
CVE-2021-40461,0.01877,0.76393
CVE-2021-40462,0.01528,0.72895
CVE-2021-40463,0.0115,0.5906
CVE-2021-40464,0.0115,0.5906
CVE-2021-40465,0.01528,0.72895
CVE-2021-40466,0.0115,0.5906
CVE-2021-40467,0.0115,0.5906
CVE-2021-40468,0.0115,0.5906
CVE-2021-40469,0.01967,0.77799
CVE-2021-4047,0.00885,0.26162
CVE-2021-40470,0.0115,0.5906
CVE-2021-40471,0.01528,0.72895
CVE-2021-40472,0.0115,0.5906
CVE-2021-40473,0.01528,0.72895
CVE-2021-40474,0.01528,0.72895
CVE-2021-40475,0.0115,0.5906
CVE-2021-40476,0.02844,0.8238
CVE-2021-40477,0.0115,0.5906
CVE-2021-40478,0.01178,0.60108
CVE-2021-40479,0.01528,0.72895
CVE-2021-4048,0.01537,0.73595
CVE-2021-40480,0.04475,0.87758
CVE-2021-40481,0.04475,0.87758
CVE-2021-40482,0.02251,0.80538
CVE-2021-40483,0.0115,0.5906
CVE-2021-40484,0.0115,0.5906
CVE-2021-40485,0.01528,0.72895
CVE-2021-40486,0.04475,0.87758
CVE-2021-40487,0.0455,0.88298
CVE-2021-40488,0.01178,0.60108
CVE-2021-40489,0.01178,0.60108
CVE-2021-4049,0.00885,0.26162
CVE-2021-40490,0.01034,0.39824
CVE-2021-40491,0.00954,0.34522
CVE-2021-40492,0.0144,0.7265
CVE-2021-40493,0.00885,0.26162
CVE-2021-40494,0.00885,0.26162
CVE-2021-40495,0.00885,0.26162
CVE-2021-40496,0.0144,0.7265
CVE-2021-40497,0.00885,0.26162
CVE-2021-40498,0.00885,0.26162
CVE-2021-40499,0.00885,0.26162
CVE-2021-4050,0.00885,0.26162
CVE-2021-40500,0.00885,0.26162
CVE-2021-40501,0.00885,0.26162
CVE-2021-40502,0.00885,0.26162
CVE-2021-40503,0.00885,0.26162
CVE-2021-40504,0.00885,0.26162
CVE-2021-40509,0.0095,0.30554
CVE-2021-40510,0.01055,0.50287
CVE-2021-40511,0.00885,0.26162
CVE-2021-40516,0.01136,0.57949
CVE-2021-40517,0.00885,0.26162
CVE-2021-40518,0.00885,0.26162
CVE-2021-40519,0.00885,0.26162
CVE-2021-4052,0.01018,0.38792
CVE-2021-40520,0.00885,0.26162
CVE-2021-40521,0.01978,0.78447
CVE-2021-40523,0.00885,0.26162
CVE-2021-40524,0.00954,0.34522
CVE-2021-40525,0.00954,0.34522
CVE-2021-40526,0.01055,0.50287
CVE-2021-40527,0.01055,0.50287
CVE-2021-40528,0.01018,0.38792
CVE-2021-40529,0.01108,0.53389
CVE-2021-4053,0.01213,0.6557
CVE-2021-40530,0.01108,0.53389
CVE-2021-40532,0.00885,0.26162
CVE-2021-40537,0.00885,0.26162
CVE-2021-4054,0.01213,0.6557
CVE-2021-40540,0.00954,0.34522
CVE-2021-40541,0.00885,0.26162
CVE-2021-40542,0.00885,0.26162
CVE-2021-40543,0.00885,0.26162
CVE-2021-4055,0.01018,0.38792
CVE-2021-40553,0.01156,0.60033
CVE-2021-40559,0.00885,0.26162
CVE-2021-4056,0.01213,0.6557
CVE-2021-40562,0.00885,0.26162
CVE-2021-40563,0.00885,0.26162
CVE-2021-40564,0.00885,0.26162
CVE-2021-40565,0.00885,0.26162
CVE-2021-40566,0.00885,0.26162
CVE-2021-40567,0.00885,0.26162
CVE-2021-40568,0.01005,0.36332
CVE-2021-40569,0.00885,0.26162
CVE-2021-4057,0.01319,0.70416
CVE-2021-40570,0.01005,0.36332
CVE-2021-40571,0.01005,0.36332
CVE-2021-40572,0.00885,0.26162
CVE-2021-40573,0.00885,0.26162
CVE-2021-40574,0.01005,0.36332
CVE-2021-40575,0.00885,0.26162
CVE-2021-40576,0.00885,0.26162
CVE-2021-40577,0.00885,0.26162
CVE-2021-40578,0.0089,0.2856
CVE-2021-40579,0.00885,0.26162
CVE-2021-4058,0.01213,0.6557
CVE-2021-40589,0.00885,0.26162
CVE-2021-4059,0.01213,0.6557
CVE-2021-40592,0.00885,0.26162
CVE-2021-40595,0.00885,0.26162
CVE-2021-40596,0.00885,0.26162
CVE-2021-40597,0.00954,0.34522
CVE-2021-40604,0.01055,0.50287
CVE-2021-40606,0.00885,0.26162
CVE-2021-40607,0.00885,0.26162
CVE-2021-40608,0.00885,0.26162
CVE-2021-40609,0.00885,0.26162
CVE-2021-4061,0.01213,0.6557
CVE-2021-40610,0.00885,0.26162
CVE-2021-40612,0.0144,0.7265
CVE-2021-40616,0.00885,0.26162
CVE-2021-40617,0.00885,0.26162
CVE-2021-40618,0.00885,0.26162
CVE-2021-4062,0.01213,0.6557
CVE-2021-4063,0.01213,0.6557
CVE-2021-40633,0.01055,0.50287
CVE-2021-40635,0.00885,0.26162
CVE-2021-40636,0.00885,0.26162
CVE-2021-40637,0.00885,0.26162
CVE-2021-40639,0.00954,0.34522
CVE-2021-4064,0.01213,0.6557
CVE-2021-40642,0.00885,0.26162
CVE-2021-40643,0.01978,0.78447
CVE-2021-40644,0.00885,0.26162
CVE-2021-40645,0.00885,0.26162
CVE-2021-40649,0.00885,0.26162
CVE-2021-4065,0.01213,0.6557
CVE-2021-40650,0.00885,0.26162
CVE-2021-40651,0.0089,0.2856
CVE-2021-40654,0.00885,0.26162
CVE-2021-40655,0.00885,0.26162
CVE-2021-40656,0.00885,0.26162
CVE-2021-40658,0.00885,0.26162
CVE-2021-4066,0.01213,0.6557
CVE-2021-40660,0.00885,0.26162
CVE-2021-40662,0.00954,0.34522
CVE-2021-40663,0.00954,0.34522
CVE-2021-40668,0.00885,0.26162
CVE-2021-40669,0.00885,0.26162
CVE-2021-4067,0.01213,0.6557
CVE-2021-40670,0.00885,0.26162
CVE-2021-40674,0.00885,0.26162
CVE-2021-40678,0.00885,0.26162
CVE-2021-4068,0.01213,0.6557
CVE-2021-40680,0.00885,0.26162
CVE-2021-40683,0.01005,0.36332
CVE-2021-40684,0.00885,0.26162
CVE-2021-4069,0.01108,0.53389
CVE-2021-40690,0.05242,0.89216
CVE-2021-40691,0.00885,0.26162
CVE-2021-40692,0.00885,0.26162
CVE-2021-40693,0.00885,0.26162
CVE-2021-40694,0.00885,0.26162
CVE-2021-40695,0.00885,0.26162
CVE-2021-40697,0.01046,0.41635
CVE-2021-4070,0.00885,0.26162
CVE-2021-40700,0.01223,0.65839
CVE-2021-40701,0.01223,0.65839
CVE-2021-40702,0.01223,0.65839
CVE-2021-40703,0.01223,0.65839
CVE-2021-40708,0.01223,0.65839
CVE-2021-40709,0.01223,0.65839
CVE-2021-40710,0.01223,0.65839
CVE-2021-40711,0.01282,0.66661
CVE-2021-40712,0.01046,0.41635
CVE-2021-40713,0.01046,0.41635
CVE-2021-40714,0.01046,0.41635
CVE-2021-40715,0.01223,0.65839
CVE-2021-40716,0.01046,0.41635
CVE-2021-40719,0.01156,0.60033
CVE-2021-4072,0.00885,0.26162
CVE-2021-40720,0.01282,0.66661
CVE-2021-40721,0.01046,0.41635
CVE-2021-40722,0.01046,0.41635
CVE-2021-40724,0.01223,0.65839
CVE-2021-40725,0.01768,0.7561
CVE-2021-40726,0.01768,0.7561
CVE-2021-40727,0.01046,0.41635
CVE-2021-40728,0.01223,0.65839
CVE-2021-40729,0.01046,0.41635
CVE-2021-4073,0.00954,0.34522
CVE-2021-40730,0.01055,0.50287
CVE-2021-40731,0.01223,0.65839
CVE-2021-40732,0.01046,0.41635
CVE-2021-40733,0.01223,0.65839
CVE-2021-40734,0.01223,0.65839
CVE-2021-40735,0.01223,0.65839
CVE-2021-40736,0.01223,0.65839
CVE-2021-40737,0.01046,0.41635
CVE-2021-40738,0.01223,0.65839
CVE-2021-40739,0.01223,0.65839
CVE-2021-4074,0.00885,0.26162
CVE-2021-40740,0.01223,0.65839
CVE-2021-40741,0.01046,0.41635
CVE-2021-40742,0.01046,0.41635
CVE-2021-40745,0.01046,0.41635
CVE-2021-4075,0.00885,0.26162
CVE-2021-40750,0.01046,0.41635
CVE-2021-40751,0.01223,0.65839
CVE-2021-40752,0.01223,0.65839
CVE-2021-40753,0.01223,0.65839
CVE-2021-40754,0.01223,0.65839
CVE-2021-40755,0.01223,0.65839
CVE-2021-40756,0.01046,0.41635
CVE-2021-40757,0.01223,0.65839
CVE-2021-40758,0.01223,0.65839
CVE-2021-40759,0.01223,0.65839
CVE-2021-4076,0.00954,0.34522
CVE-2021-40760,0.01223,0.65839
CVE-2021-40761,0.01046,0.41635
CVE-2021-40762,0.01046,0.41635
CVE-2021-40763,0.01223,0.65839
CVE-2021-40764,0.01223,0.65839
CVE-2021-40765,0.01223,0.65839
CVE-2021-40766,0.01046,0.41635
CVE-2021-40767,0.01046,0.41635
CVE-2021-40768,0.01046,0.41635
CVE-2021-40769,0.01046,0.41635
CVE-2021-40770,0.01223,0.65839
CVE-2021-40771,0.01223,0.65839
CVE-2021-40772,0.01223,0.65839
CVE-2021-40773,0.01046,0.41635
CVE-2021-40774,0.01046,0.41635
CVE-2021-40775,0.01223,0.65839
CVE-2021-40776,0.01046,0.41635
CVE-2021-40777,0.01223,0.65839
CVE-2021-40778,0.01046,0.41635
CVE-2021-40779,0.01223,0.65839
CVE-2021-4078,0.01213,0.6557
CVE-2021-40780,0.01223,0.65839
CVE-2021-40781,0.01046,0.41635
CVE-2021-40782,0.01046,0.41635
CVE-2021-40783,0.01223,0.65839
CVE-2021-40784,0.01223,0.65839
CVE-2021-40785,0.01046,0.41635
CVE-2021-40786,0.01223,0.65839
CVE-2021-40787,0.01223,0.65839
CVE-2021-40788,0.01046,0.41635
CVE-2021-40789,0.01046,0.41635
CVE-2021-4079,0.01213,0.6557
CVE-2021-40792,0.01223,0.65839
CVE-2021-40793,0.01223,0.65839
CVE-2021-40794,0.01223,0.65839
CVE-2021-40796,0.01046,0.41635
CVE-2021-40797,0.0089,0.2856
CVE-2021-4080,0.00885,0.26162
CVE-2021-40809,0.0089,0.2856
CVE-2021-4081,0.00885,0.26162
CVE-2021-40812,0.00885,0.26162
CVE-2021-40813,0.01055,0.50287
CVE-2021-40814,0.00885,0.26162
CVE-2021-40818,0.00885,0.26162
CVE-2021-4082,0.00885,0.26162
CVE-2021-40822,0.01018,0.38792
CVE-2021-40823,0.00885,0.26162
CVE-2021-40824,0.00885,0.26162
CVE-2021-40825,0.01055,0.50287
CVE-2021-40826,0.01036,0.41241
CVE-2021-40827,0.01036,0.41241
CVE-2021-40828,0.01018,0.38792
CVE-2021-40829,0.01018,0.38792
CVE-2021-4083,0.01034,0.39824
CVE-2021-40830,0.01018,0.38792
CVE-2021-40831,0.0095,0.30554
CVE-2021-40832,0.00885,0.26162
CVE-2021-40833,0.00885,0.26162
CVE-2021-40834,0.01055,0.50287
CVE-2021-40835,0.01055,0.50287
CVE-2021-40836,0.00885,0.26162
CVE-2021-40837,0.00885,0.26162
CVE-2021-4084,0.00885,0.26162
CVE-2021-40840,0.00885,0.26162
CVE-2021-40841,0.00885,0.26162
CVE-2021-40842,0.00885,0.26162
CVE-2021-40843,0.00885,0.26162
CVE-2021-40846,0.00885,0.26162
CVE-2021-40847,0.01978,0.78447
CVE-2021-40848,0.01005,0.36332
CVE-2021-40849,0.00885,0.26162
CVE-2021-40850,0.00885,0.26162
CVE-2021-40851,0.00885,0.26162
CVE-2021-40852,0.00885,0.26162
CVE-2021-40853,0.00885,0.26162
CVE-2021-40854,0.00885,0.26162
CVE-2021-40855,0.00885,0.26162
CVE-2021-40856,0.00954,0.34522
CVE-2021-40857,0.0089,0.2856
CVE-2021-40858,0.0089,0.2856
CVE-2021-40860,0.0144,0.7265
CVE-2021-40861,0.0144,0.7265
CVE-2021-40862,0.00885,0.26162
CVE-2021-40864,0.00885,0.26162
CVE-2021-40865,0.01978,0.78447
CVE-2021-40866,0.00885,0.26162
CVE-2021-40867,0.00885,0.26162
CVE-2021-40868,0.00954,0.34522
CVE-2021-40870,0.02509,0.81058
CVE-2021-40871,0.01055,0.50287
CVE-2021-40872,0.01055,0.50287
CVE-2021-40873,0.01055,0.50287
CVE-2021-40874,0.00885,0.26162
CVE-2021-4088,0.01156,0.60033
CVE-2021-40881,0.01086,0.51674
CVE-2021-40882,0.00885,0.26162
CVE-2021-40883,0.01156,0.60033
CVE-2021-40884,0.00885,0.26162
CVE-2021-40886,0.00885,0.26162
CVE-2021-40887,0.00885,0.26162
CVE-2021-40888,0.00885,0.26162
CVE-2021-40889,0.01086,0.51674
CVE-2021-4089,0.00885,0.26162
CVE-2021-40892,0.00885,0.26162
CVE-2021-40893,0.00885,0.26162
CVE-2021-40894,0.00885,0.26162
CVE-2021-40895,0.00885,0.26162
CVE-2021-40896,0.00885,0.26162
CVE-2021-40897,0.00885,0.26162
CVE-2021-40898,0.00885,0.26162
CVE-2021-40899,0.00885,0.26162
CVE-2021-4090,0.0089,0.2856
CVE-2021-40900,0.00885,0.26162
CVE-2021-40901,0.00885,0.26162
CVE-2021-40902,0.00885,0.26162
CVE-2021-40903,0.00954,0.34522
CVE-2021-40907,0.00885,0.26162
CVE-2021-40908,0.00885,0.26162
CVE-2021-40909,0.01156,0.60033
CVE-2021-4091,0.00885,0.26162
CVE-2021-40910,0.00885,0.26162
CVE-2021-4092,0.00885,0.26162
CVE-2021-40921,0.01055,0.50287
CVE-2021-40922,0.01055,0.50287
CVE-2021-40923,0.01055,0.50287
CVE-2021-40924,0.01055,0.50287
CVE-2021-40925,0.01055,0.50287
CVE-2021-40926,0.01055,0.50287
CVE-2021-40927,0.01055,0.50287
CVE-2021-40928,0.01055,0.50287
CVE-2021-4093,0.00885,0.26162
CVE-2021-40940,0.00885,0.26162
CVE-2021-40941,0.00885,0.26162
CVE-2021-40942,0.00885,0.26162
CVE-2021-40943,0.00885,0.26162
CVE-2021-40944,0.00885,0.26162
CVE-2021-4095,0.0095,0.30554
CVE-2021-40954,0.01338,0.70562
CVE-2021-40955,0.00885,0.26162
CVE-2021-40956,0.00885,0.26162
CVE-2021-4096,0.00885,0.26162
CVE-2021-40960,0.00885,0.26162
CVE-2021-40961,0.0089,0.2856
CVE-2021-40964,0.00954,0.34522
CVE-2021-40965,0.00885,0.26162
CVE-2021-40966,0.00885,0.26162
CVE-2021-40968,0.01055,0.50287
CVE-2021-40969,0.01055,0.50287
CVE-2021-4097,0.00885,0.26162
CVE-2021-40970,0.01055,0.50287
CVE-2021-40971,0.01055,0.50287
CVE-2021-40972,0.01055,0.50287
CVE-2021-40973,0.01055,0.50287
CVE-2021-40975,0.01055,0.50287
CVE-2021-40978,0.01018,0.38792
CVE-2021-4098,0.01055,0.50287
CVE-2021-40981,0.00885,0.26162
CVE-2021-40985,0.00954,0.34522
CVE-2021-40986,0.01156,0.60033
CVE-2021-40987,0.01156,0.60033
CVE-2021-40988,0.01055,0.50287
CVE-2021-40989,0.00885,0.26162
CVE-2021-4099,0.01055,0.50287
CVE-2021-40990,0.01055,0.50287
CVE-2021-40991,0.01055,0.50287
CVE-2021-40992,0.01055,0.50287
CVE-2021-40993,0.01055,0.50287
CVE-2021-40994,0.01156,0.60033
CVE-2021-40995,0.01156,0.60033
CVE-2021-40996,0.01055,0.50287
CVE-2021-40997,0.01055,0.50287
CVE-2021-40998,0.01156,0.60033
CVE-2021-40999,0.01156,0.60033
CVE-2021-4100,0.01055,0.50287
CVE-2021-41000,0.01156,0.60033
CVE-2021-41001,0.01156,0.60033
CVE-2021-41002,0.00885,0.26162
CVE-2021-41003,0.02055,0.7893
CVE-2021-41004,0.00885,0.26162
CVE-2021-41005,0.00885,0.26162
CVE-2021-4101,0.01055,0.50287
CVE-2021-41011,0.00885,0.26162
CVE-2021-41013,0.00885,0.26162
CVE-2021-41014,0.00885,0.26162
CVE-2021-41015,0.00885,0.26162
CVE-2021-41016,0.02055,0.7893
CVE-2021-41017,0.01156,0.60033
CVE-2021-41018,0.02055,0.7893
CVE-2021-41019,0.00885,0.26162
CVE-2021-4102,0.01055,0.50287
CVE-2021-41020,0.00885,0.26162
CVE-2021-41021,0.00885,0.26162
CVE-2021-41022,0.00885,0.26162
CVE-2021-41023,0.00885,0.26162
CVE-2021-41024,0.00885,0.26162
CVE-2021-41025,0.01156,0.60033
CVE-2021-41026,0.00885,0.26162
CVE-2021-41027,0.00885,0.26162
CVE-2021-41028,0.00885,0.26162
CVE-2021-41029,0.00885,0.26162
CVE-2021-4103,0.00885,0.26162
CVE-2021-41030,0.00885,0.26162
CVE-2021-41031,0.00885,0.26162
CVE-2021-41032,0.00885,0.26162
CVE-2021-41033,0.00885,0.26162
CVE-2021-41034,0.00885,0.26162
CVE-2021-41035,0.00954,0.34522
CVE-2021-41036,0.00885,0.26162
CVE-2021-41037,0.00885,0.26162
CVE-2021-41038,0.00885,0.26162
CVE-2021-41039,0.00885,0.26162
CVE-2021-41040,0.00885,0.26162
CVE-2021-41041,0.00885,0.26162
CVE-2021-41042,0.00885,0.26162
CVE-2021-41043,0.00885,0.26162
CVE-2021-41054,0.00954,0.34522
CVE-2021-41055,0.01055,0.50287
CVE-2021-41057,0.0089,0.2856
CVE-2021-4106,0.00885,0.26162
CVE-2021-41061,0.00885,0.26162
CVE-2021-41063,0.01018,0.38792
CVE-2021-41065,0.00885,0.26162
CVE-2021-41066,0.00885,0.26162
CVE-2021-41067,0.00885,0.26162
CVE-2021-4107,0.00885,0.26162
CVE-2021-41072,0.01018,0.38792
CVE-2021-41073,0.01104,0.52279
CVE-2021-41075,0.00885,0.26162
CVE-2021-41077,0.01108,0.53389
CVE-2021-41079,0.01742,0.75235
CVE-2021-4108,0.00885,0.26162
CVE-2021-41080,0.00885,0.26162
CVE-2021-41081,0.00885,0.26162
CVE-2021-41082,0.00954,0.34522
CVE-2021-41083,0.00885,0.26162
CVE-2021-41084,0.01018,0.38792
CVE-2021-41086,0.0089,0.2856
CVE-2021-41087,0.00885,0.26162
CVE-2021-41088,0.00885,0.26162
CVE-2021-41089,0.0095,0.30554
CVE-2021-41090,0.01108,0.53389
CVE-2021-41091,0.0095,0.30554
CVE-2021-41092,0.01018,0.38792
CVE-2021-41093,0.01018,0.38792
CVE-2021-41094,0.00885,0.26162
CVE-2021-41095,0.00885,0.26162
CVE-2021-41096,0.00885,0.26162
CVE-2021-41097,0.01018,0.38792
CVE-2021-41098,0.00885,0.26162
CVE-2021-41099,0.04334,0.87046
CVE-2021-4110,0.00885,0.26162
CVE-2021-41100,0.00885,0.26162
CVE-2021-41101,0.00885,0.26162
CVE-2021-41103,0.01034,0.39824
CVE-2021-41104,0.00954,0.34522
CVE-2021-41105,0.01136,0.57949
CVE-2021-41106,0.0089,0.2856
CVE-2021-41109,0.00954,0.34522
CVE-2021-4111,0.00885,0.26162
CVE-2021-41110,0.00954,0.34522
CVE-2021-41111,0.00885,0.26162
CVE-2021-41112,0.00885,0.26162
CVE-2021-41113,0.00954,0.34522
CVE-2021-41114,0.00954,0.34522
CVE-2021-41115,0.0089,0.2856
CVE-2021-41116,0.02211,0.80357
CVE-2021-41118,0.00954,0.34522
CVE-2021-41119,0.00885,0.26162
CVE-2021-4112,0.00885,0.26162
CVE-2021-41120,0.00954,0.34522
CVE-2021-41121,0.00885,0.26162
CVE-2021-41122,0.00885,0.26162
CVE-2021-41123,0.00885,0.26162
CVE-2021-41124,0.00885,0.26162
CVE-2021-41125,0.0095,0.30554
CVE-2021-41126,0.00885,0.26162
CVE-2021-41127,0.00885,0.26162
CVE-2021-41128,0.0095,0.30554
CVE-2021-41129,0.01018,0.38792
CVE-2021-41130,0.0095,0.30554
CVE-2021-41131,0.00954,0.34522
CVE-2021-41132,0.00954,0.34522
CVE-2021-41133,0.01547,0.74085
CVE-2021-41134,0.00885,0.26162
CVE-2021-41135,0.0089,0.2856
CVE-2021-41136,0.0095,0.30554
CVE-2021-41137,0.0095,0.30554
CVE-2021-41138,0.02509,0.81058
CVE-2021-41139,0.00954,0.34522
CVE-2021-41140,0.00885,0.26162
CVE-2021-41141,0.00954,0.34522
CVE-2021-41142,0.0095,0.30554
CVE-2021-41145,0.00885,0.26162
CVE-2021-41146,0.0144,0.7265
CVE-2021-41147,0.0095,0.30554
CVE-2021-41148,0.0095,0.30554
CVE-2021-41149,0.00885,0.26162
CVE-2021-4115,0.0095,0.30554
CVE-2021-41150,0.0089,0.2856
CVE-2021-41151,0.00885,0.26162
CVE-2021-41152,0.0089,0.2856
CVE-2021-41153,0.00885,0.26162
CVE-2021-41154,0.0095,0.30554
CVE-2021-41155,0.0095,0.30554
CVE-2021-41156,0.00885,0.26162
CVE-2021-41157,0.01018,0.38792
CVE-2021-41158,0.00954,0.34522
CVE-2021-41159,0.00885,0.26162
CVE-2021-4116,0.00885,0.26162
CVE-2021-41160,0.01018,0.38792
CVE-2021-41161,0.00885,0.26162
CVE-2021-41162,0.00885,0.26162
CVE-2021-41163,0.01978,0.78447
CVE-2021-41164,0.01034,0.39824
CVE-2021-41165,0.01034,0.39824
CVE-2021-41166,0.01018,0.38792
CVE-2021-41167,0.00954,0.34522
CVE-2021-41168,0.00885,0.26162
CVE-2021-41169,0.00885,0.26162
CVE-2021-4117,0.00885,0.26162
CVE-2021-41170,0.00954,0.34522
CVE-2021-41171,0.0095,0.30554
CVE-2021-41172,0.02199,0.80273
CVE-2021-41173,0.0095,0.30554
CVE-2021-41174,0.03631,0.84257
CVE-2021-41175,0.0089,0.2856
CVE-2021-41176,0.00954,0.34522
CVE-2021-41177,0.0095,0.30554
CVE-2021-41178,0.02199,0.80273
CVE-2021-41179,0.0089,0.2856
CVE-2021-4118,0.00885,0.26162
CVE-2021-41180,0.00954,0.34522
CVE-2021-41181,0.00885,0.26162
CVE-2021-41182,0.02686,0.82061
CVE-2021-41183,0.02686,0.82061
CVE-2021-41184,0.01537,0.73595
CVE-2021-41185,0.0095,0.30554
CVE-2021-41186,0.00954,0.34522
CVE-2021-41187,0.00885,0.26162
CVE-2021-41188,0.0095,0.30554
CVE-2021-41189,0.0095,0.30554
CVE-2021-4119,0.00885,0.26162
CVE-2021-41190,0.01282,0.67298
CVE-2021-41191,0.00954,0.34522
CVE-2021-41192,0.0089,0.2856
CVE-2021-41193,0.01885,0.76424
CVE-2021-41194,0.00954,0.34522
CVE-2021-41195,0.0095,0.30554
CVE-2021-41196,0.0089,0.2856
CVE-2021-41197,0.01034,0.39824
CVE-2021-41198,0.0089,0.2856
CVE-2021-41199,0.0089,0.2856
CVE-2021-4120,0.0095,0.30554
CVE-2021-41200,0.0089,0.2856
CVE-2021-41201,0.01005,0.36332
CVE-2021-41202,0.0095,0.30554
CVE-2021-41203,0.0095,0.30554
CVE-2021-41204,0.00885,0.26162
CVE-2021-41205,0.00885,0.26162
CVE-2021-41206,0.01034,0.39824
CVE-2021-41207,0.00885,0.26162
CVE-2021-41208,0.00885,0.26162
CVE-2021-41209,0.00885,0.26162
CVE-2021-4121,0.00885,0.26162
CVE-2021-41210,0.00885,0.26162
CVE-2021-41211,0.00885,0.26162
CVE-2021-41212,0.00885,0.26162
CVE-2021-41213,0.00885,0.26162
CVE-2021-41214,0.00885,0.26162
CVE-2021-41215,0.00885,0.26162
CVE-2021-41216,0.00885,0.26162
CVE-2021-41217,0.00885,0.26162
CVE-2021-41218,0.00885,0.26162
CVE-2021-41219,0.00885,0.26162
CVE-2021-4122,0.01018,0.38792
CVE-2021-41220,0.00885,0.26162
CVE-2021-41221,0.00885,0.26162
CVE-2021-41222,0.00885,0.26162
CVE-2021-41223,0.00885,0.26162
CVE-2021-41224,0.00885,0.26162
CVE-2021-41225,0.00885,0.26162
CVE-2021-41226,0.00885,0.26162
CVE-2021-41227,0.0089,0.2856
CVE-2021-41228,0.00885,0.26162
CVE-2021-41229,0.00954,0.34522
CVE-2021-4123,0.00885,0.26162
CVE-2021-41230,0.00885,0.26162
CVE-2021-41232,0.00954,0.34522
CVE-2021-41233,0.00885,0.26162
CVE-2021-41236,0.0144,0.7265
CVE-2021-41238,0.00885,0.26162
CVE-2021-41239,0.01018,0.38792
CVE-2021-4124,0.00885,0.26162
CVE-2021-41241,0.0095,0.30554
CVE-2021-41242,0.0095,0.30554
CVE-2021-41243,0.02055,0.7893
CVE-2021-41244,0.0095,0.30554
CVE-2021-41245,0.00954,0.34522
CVE-2021-41246,0.00954,0.34522
CVE-2021-41247,0.00885,0.26162
CVE-2021-41248,0.00954,0.34522
CVE-2021-41249,0.00954,0.34522
CVE-2021-4125,0.01742,0.75235
CVE-2021-41250,0.00885,0.26162
CVE-2021-41251,0.00954,0.34522
CVE-2021-41252,0.0089,0.2856
CVE-2021-41253,0.01018,0.38792
CVE-2021-41254,0.00885,0.26162
CVE-2021-41256,0.00954,0.34522
CVE-2021-41258,0.0089,0.2856
CVE-2021-41259,0.00885,0.26162
CVE-2021-41260,0.00885,0.26162
CVE-2021-41261,0.00885,0.26162
CVE-2021-41262,0.00885,0.26162
CVE-2021-41263,0.00885,0.26162
CVE-2021-41264,0.00954,0.34522
CVE-2021-41265,0.0089,0.2856
CVE-2021-41266,0.00885,0.26162
CVE-2021-41267,0.01018,0.38792
CVE-2021-41268,0.0095,0.30554
CVE-2021-41269,0.05634,0.89764
CVE-2021-41270,0.01034,0.39824
CVE-2021-41271,0.00885,0.26162
CVE-2021-41272,0.00954,0.34522
CVE-2021-41273,0.00885,0.26162
CVE-2021-41274,0.00885,0.26162
CVE-2021-41275,0.00885,0.26162
CVE-2021-41276,0.0095,0.30554
CVE-2021-41278,0.00885,0.26162
CVE-2021-41279,0.00885,0.26162
CVE-2021-41280,0.02211,0.80357
CVE-2021-41281,0.01018,0.38792
CVE-2021-41282,0.34403,0.97619
CVE-2021-41285,0.00885,0.26162
CVE-2021-41286,0.00885,0.26162
CVE-2021-41288,0.00885,0.26162
CVE-2021-41289,0.00885,0.26162
CVE-2021-41290,0.01086,0.51674
CVE-2021-41291,0.00885,0.26162
CVE-2021-41292,0.00885,0.26162
CVE-2021-41293,0.00885,0.26162
CVE-2021-41294,0.00885,0.26162
CVE-2021-41295,0.00885,0.26162
CVE-2021-41296,0.00885,0.26162
CVE-2021-41297,0.00885,0.26162
CVE-2021-41298,0.00885,0.26162
CVE-2021-41299,0.01055,0.50287
CVE-2021-4130,0.00885,0.26162
CVE-2021-41300,0.00885,0.26162
CVE-2021-41301,0.00885,0.26162
CVE-2021-41302,0.00885,0.26162
CVE-2021-41303,0.01246,0.66436
CVE-2021-41304,0.01055,0.50287
CVE-2021-41305,0.01055,0.50287
CVE-2021-41306,0.01055,0.50287
CVE-2021-41307,0.01055,0.50287
CVE-2021-41308,0.01055,0.50287
CVE-2021-41309,0.00885,0.26162
CVE-2021-4131,0.00885,0.26162
CVE-2021-41310,0.01055,0.50287
CVE-2021-41311,0.00885,0.26162
CVE-2021-41312,0.01055,0.50287
CVE-2021-41313,0.01055,0.50287
CVE-2021-41314,0.00885,0.26162
CVE-2021-41315,0.00885,0.26162
CVE-2021-41316,0.0089,0.2856
CVE-2021-41317,0.00954,0.34522
CVE-2021-41318,0.0144,0.7265
CVE-2021-4132,0.00885,0.26162
CVE-2021-41320,0.00885,0.26162
CVE-2021-41322,0.00885,0.26162
CVE-2021-41323,0.01061,0.51015
CVE-2021-41324,0.01061,0.51015
CVE-2021-41325,0.0089,0.2856
CVE-2021-41326,0.00885,0.26162
CVE-2021-41329,0.00885,0.26162
CVE-2021-4133,0.0095,0.30554
CVE-2021-41330,0.01528,0.72895
CVE-2021-41331,0.01528,0.72895
CVE-2021-41332,0.0115,0.5906
CVE-2021-41333,0.01178,0.60108
CVE-2021-41334,0.0115,0.5906
CVE-2021-41335,0.0115,0.5906
CVE-2021-41336,0.0115,0.5906
CVE-2021-41337,0.0115,0.5906
CVE-2021-41338,0.0115,0.5906
CVE-2021-41339,0.0115,0.5906
CVE-2021-4134,0.00885,0.26162
CVE-2021-41340,0.01528,0.72895
CVE-2021-41342,0.01601,0.74633
CVE-2021-41343,0.0115,0.5906
CVE-2021-41344,0.0455,0.88298
CVE-2021-41345,0.01178,0.60108
CVE-2021-41346,0.0115,0.5906
CVE-2021-41347,0.01178,0.60108
CVE-2021-41348,0.0115,0.5906
CVE-2021-4135,0.00885,0.26162
CVE-2021-41350,0.02251,0.80538
CVE-2021-41351,0.02251,0.80538
CVE-2021-41352,0.02251,0.80538
CVE-2021-41353,0.0115,0.5906
CVE-2021-41354,0.0115,0.5906
CVE-2021-41355,0.02844,0.8238
CVE-2021-41356,0.02251,0.80538
CVE-2021-41357,0.0115,0.5906
CVE-2021-4136,0.01537,0.73595
CVE-2021-41360,0.01528,0.72895
CVE-2021-41361,0.0115,0.5906
CVE-2021-41363,0.0115,0.5906
CVE-2021-41365,0.0455,0.88298
CVE-2021-41366,0.0115,0.5906
CVE-2021-41367,0.0115,0.5906
CVE-2021-41368,0.04475,0.87758
CVE-2021-41370,0.0115,0.5906
CVE-2021-41371,0.0115,0.5906
CVE-2021-41372,0.02251,0.80538
CVE-2021-41373,0.0115,0.5906
CVE-2021-41374,0.0115,0.5906
CVE-2021-41375,0.0115,0.5906
CVE-2021-41376,0.0115,0.5906
CVE-2021-41377,0.0115,0.5906
CVE-2021-41378,0.01967,0.77799
CVE-2021-4138,0.00885,0.26162
CVE-2021-41380,0.00885,0.26162
CVE-2021-41382,0.00954,0.34522
CVE-2021-41383,0.00885,0.26162
CVE-2021-41385,0.00885,0.26162
CVE-2021-41387,0.00885,0.26162
CVE-2021-41388,0.00885,0.26162
CVE-2021-4139,0.00885,0.26162
CVE-2021-41390,0.00885,0.26162
CVE-2021-41391,0.00885,0.26162
CVE-2021-41392,0.01156,0.60033
CVE-2021-41393,0.01018,0.38792
CVE-2021-41394,0.01018,0.38792
CVE-2021-41395,0.00885,0.26162
CVE-2021-41396,0.00885,0.26162
CVE-2021-41402,0.01086,0.51674
CVE-2021-41403,0.00885,0.26162
CVE-2021-41408,0.00885,0.26162
CVE-2021-41411,0.00885,0.26162
CVE-2021-41413,0.00885,0.26162
CVE-2021-41415,0.00885,0.26162
CVE-2021-41418,0.00885,0.26162
CVE-2021-41419,0.05634,0.89764
CVE-2021-4142,0.0095,0.30554
CVE-2021-41420,0.0144,0.7265
CVE-2021-41421,0.00885,0.26162
CVE-2021-41426,0.00954,0.34522
CVE-2021-41427,0.00954,0.34522
CVE-2021-4143,0.00885,0.26162
CVE-2021-41432,0.01086,0.51674
CVE-2021-4144,0.02055,0.7893
CVE-2021-4145,0.0095,0.30554
CVE-2021-41456,0.00885,0.26162
CVE-2021-41457,0.00885,0.26162
CVE-2021-41458,0.00885,0.26162
CVE-2021-41459,0.00885,0.26162
CVE-2021-4146,0.00885,0.26162
CVE-2021-41460,0.00885,0.26162
CVE-2021-41461,0.01055,0.50287
CVE-2021-41462,0.01055,0.50287
CVE-2021-41463,0.01055,0.50287
CVE-2021-41464,0.01055,0.50287
CVE-2021-41465,0.01055,0.50287
CVE-2021-41467,0.01055,0.50287
CVE-2021-4147,0.00885,0.26162
CVE-2021-41471,0.00885,0.26162
CVE-2021-41472,0.00885,0.26162
CVE-2021-4148,0.0089,0.2856
CVE-2021-41487,0.00885,0.26162
CVE-2021-4149,0.0095,0.30554
CVE-2021-41490,0.00885,0.26162
CVE-2021-41492,0.00954,0.34522
CVE-2021-41495,0.00885,0.26162
CVE-2021-41496,0.00885,0.26162
CVE-2021-41497,0.00885,0.26162
CVE-2021-41498,0.00885,0.26162
CVE-2021-41499,0.00885,0.26162
CVE-2021-4150,0.0089,0.2856
CVE-2021-41500,0.00885,0.26162
CVE-2021-41502,0.00885,0.26162
CVE-2021-41503,0.00885,0.26162
CVE-2021-41504,0.00885,0.26162
CVE-2021-41506,0.01018,0.38792
CVE-2021-41511,0.01108,0.53389
CVE-2021-41524,0.01859,0.7626
CVE-2021-41525,0.00885,0.26162
CVE-2021-41530,0.00885,0.26162
CVE-2021-41531,0.00885,0.26162
CVE-2021-41532,0.00885,0.26162
CVE-2021-41533,0.00954,0.34522
CVE-2021-41534,0.00954,0.34522
CVE-2021-41535,0.01559,0.742
CVE-2021-41536,0.01005,0.36332
CVE-2021-41537,0.01005,0.36332
CVE-2021-41538,0.00954,0.34522
CVE-2021-41539,0.01005,0.36332
CVE-2021-41540,0.01005,0.36332
CVE-2021-41541,0.00885,0.26162
CVE-2021-41542,0.00885,0.26162
CVE-2021-41543,0.00885,0.26162
CVE-2021-41545,0.00885,0.26162
CVE-2021-41546,0.00885,0.26162
CVE-2021-41547,0.00885,0.26162
CVE-2021-4155,0.0095,0.30554
CVE-2021-41550,0.00885,0.26162
CVE-2021-41551,0.00885,0.26162
CVE-2021-41552,0.01005,0.35949
CVE-2021-41553,0.00885,0.26162
CVE-2021-41554,0.00885,0.26162
CVE-2021-41555,0.00885,0.26162
CVE-2021-41556,0.02509,0.81058
CVE-2021-41557,0.00885,0.26162
CVE-2021-41558,0.00885,0.26162
CVE-2021-41559,0.00954,0.34522
CVE-2021-4156,0.01018,0.38792
CVE-2021-41560,0.05634,0.89764
CVE-2021-41561,0.00885,0.26162
CVE-2021-41562,0.00885,0.26162
CVE-2021-41563,0.00885,0.26162
CVE-2021-41564,0.01055,0.50287
CVE-2021-41565,0.01055,0.50287
CVE-2021-41566,0.01424,0.72364
CVE-2021-41567,0.00885,0.26162
CVE-2021-41568,0.01055,0.50287
CVE-2021-41569,0.00885,0.26162
CVE-2021-4157,0.0095,0.30554
CVE-2021-41570,0.00885,0.26162
CVE-2021-41571,0.0089,0.2856
CVE-2021-41573,0.00885,0.26162
CVE-2021-41578,0.01036,0.41241
CVE-2021-41579,0.01036,0.41241
CVE-2021-4158,0.0095,0.30554
CVE-2021-41580,0.00954,0.34522
CVE-2021-41581,0.00885,0.26162
CVE-2021-41583,0.01055,0.50287
CVE-2021-41584,0.00885,0.26162
CVE-2021-41585,0.00885,0.26162
CVE-2021-41586,0.00885,0.26162
CVE-2021-41587,0.00885,0.26162
CVE-2021-41588,0.00885,0.26162
CVE-2021-41589,0.01978,0.78447
CVE-2021-4159,0.0095,0.30554
CVE-2021-41590,0.00885,0.26162
CVE-2021-41591,0.01018,0.38792
CVE-2021-41592,0.01018,0.38792
CVE-2021-41593,0.01108,0.53389
CVE-2021-41594,0.00885,0.26162
CVE-2021-41595,0.01018,0.38792
CVE-2021-41596,0.01018,0.38792
CVE-2021-41597,0.04836,0.88802
CVE-2021-41598,0.00954,0.34522
CVE-2021-41599,0.04571,0.88388
CVE-2021-4160,0.01108,0.53389
CVE-2021-41608,0.01055,0.50287
CVE-2021-41609,0.01055,0.50287
CVE-2021-4161,0.00885,0.26162
CVE-2021-41611,0.01018,0.38792
CVE-2021-41615,0.00885,0.26162
CVE-2021-41616,0.00885,0.26162
CVE-2021-41617,0.01282,0.67298
CVE-2021-41619,0.01978,0.78447
CVE-2021-4162,0.00885,0.26162
CVE-2021-41634,0.00885,0.26162
CVE-2021-41635,0.01055,0.50287
CVE-2021-41636,0.00885,0.26162
CVE-2021-41637,0.00885,0.26162
CVE-2021-41638,0.01055,0.50287
CVE-2021-41639,0.00885,0.26162
CVE-2021-4164,0.00885,0.26162
CVE-2021-41641,0.00885,0.26162
CVE-2021-41645,0.01156,0.60033
CVE-2021-41652,0.00885,0.26162
CVE-2021-41653,0.05634,0.89764
CVE-2021-41654,0.00885,0.26162
CVE-2021-41657,0.00954,0.34522
CVE-2021-41658,0.01086,0.51674
CVE-2021-41659,0.00885,0.26162
CVE-2021-4166,0.01537,0.73595
CVE-2021-41660,0.00885,0.26162
CVE-2021-41661,0.00885,0.26162
CVE-2021-41662,0.01424,0.72364
CVE-2021-41663,0.00954,0.34522
CVE-2021-41672,0.0144,0.7265
CVE-2021-41674,0.00954,0.34522
CVE-2021-41675,0.04571,0.88388
CVE-2021-41676,0.00885,0.26162
CVE-2021-41677,0.00885,0.26162
CVE-2021-41678,0.00885,0.26162
CVE-2021-41679,0.00885,0.26162
CVE-2021-4168,0.00885,0.26162
CVE-2021-41682,0.00885,0.26162
CVE-2021-41683,0.00885,0.26162
CVE-2021-41687,0.00885,0.26162
CVE-2021-41688,0.00885,0.26162
CVE-2021-41689,0.00885,0.26162
CVE-2021-4169,0.00885,0.26162
CVE-2021-41690,0.00885,0.26162
CVE-2021-41694,0.00885,0.26162
CVE-2021-41695,0.00885,0.26162
CVE-2021-41696,0.00885,0.26162
CVE-2021-41697,0.00885,0.26162
CVE-2021-4170,0.00885,0.26162
CVE-2021-4171,0.00885,0.26162
CVE-2021-41714,0.0089,0.2856
CVE-2021-41715,0.00885,0.26162
CVE-2021-41716,0.00885,0.26162
CVE-2021-4172,0.00885,0.26162
CVE-2021-41728,0.00885,0.26162
CVE-2021-41729,0.00885,0.26162
CVE-2021-4173,0.01537,0.73595
CVE-2021-41732,0.00885,0.26162
CVE-2021-41733,0.00885,0.26162
CVE-2021-41736,0.00885,0.26162
CVE-2021-41738,0.02055,0.7893
CVE-2021-41739,0.02055,0.7893
CVE-2021-41744,0.02055,0.7893
CVE-2021-41745,0.00885,0.26162
CVE-2021-41746,0.00885,0.26162
CVE-2021-41747,0.00885,0.26162
CVE-2021-41749,0.01978,0.78447
CVE-2021-4175,0.00885,0.26162
CVE-2021-41750,0.01136,0.57949
CVE-2021-41751,0.00885,0.26162
CVE-2021-41752,0.00885,0.26162
CVE-2021-41754,0.00885,0.26162
CVE-2021-41755,0.00885,0.26162
CVE-2021-41756,0.00885,0.26162
CVE-2021-4176,0.00885,0.26162
CVE-2021-41764,0.00954,0.34522
CVE-2021-41765,0.01978,0.78447
CVE-2021-41766,0.00885,0.26162
CVE-2021-41767,0.00885,0.26162
CVE-2021-41769,0.00885,0.26162
CVE-2021-4177,0.00885,0.26162
CVE-2021-41770,0.00885,0.26162
CVE-2021-41771,0.01183,0.60428
CVE-2021-41772,0.01108,0.53389
CVE-2021-4178,0.01365,0.70715
CVE-2021-41780,0.01036,0.41241
CVE-2021-41781,0.01036,0.41241
CVE-2021-41782,0.01036,0.41241
CVE-2021-41783,0.01036,0.41241
CVE-2021-41784,0.01036,0.41241
CVE-2021-41785,0.01036,0.41241
CVE-2021-41789,0.01103,0.51945
CVE-2021-4179,0.00885,0.26162
CVE-2021-41790,0.0144,0.7265
CVE-2021-41791,0.00885,0.26162
CVE-2021-41792,0.00885,0.26162
CVE-2021-41794,0.00885,0.26162
CVE-2021-41795,0.00885,0.26162
CVE-2021-41798,0.01018,0.38792
CVE-2021-41799,0.01018,0.38792
CVE-2021-4180,0.00885,0.26162
CVE-2021-41800,0.01108,0.53389
CVE-2021-41801,0.00885,0.26162
CVE-2021-41802,0.00885,0.26162
CVE-2021-41805,0.0089,0.2856
CVE-2021-41807,0.00885,0.26162
CVE-2021-41808,0.00885,0.26162
CVE-2021-41809,0.00885,0.26162
CVE-2021-4181,0.01108,0.53389
CVE-2021-41810,0.00885,0.26162
CVE-2021-41816,0.01108,0.53389
CVE-2021-41817,0.01018,0.38792
CVE-2021-41819,0.01018,0.38792
CVE-2021-4182,0.01108,0.53389
CVE-2021-41821,0.00885,0.26162
CVE-2021-41824,0.00954,0.34522
CVE-2021-41825,0.00885,0.26162
CVE-2021-41826,0.00885,0.26162
CVE-2021-41827,0.00885,0.26162
CVE-2021-41828,0.00885,0.26162
CVE-2021-41829,0.00885,0.26162
CVE-2021-4183,0.01108,0.53389
CVE-2021-41830,0.00885,0.26162
CVE-2021-41831,0.00885,0.26162
CVE-2021-41832,0.00885,0.26162
CVE-2021-41833,0.01978,0.78447
CVE-2021-41834,0.00885,0.26162
CVE-2021-41835,0.00885,0.26162
CVE-2021-41836,0.00885,0.26162
CVE-2021-41837,0.0095,0.30554
CVE-2021-41838,0.01365,0.70715
CVE-2021-41839,0.0095,0.30554
CVE-2021-4184,0.01108,0.53389
CVE-2021-41840,0.01365,0.70715
CVE-2021-41841,0.01365,0.70715
CVE-2021-41842,0.0144,0.7265
CVE-2021-41843,0.0095,0.30554
CVE-2021-41844,0.00885,0.26162
CVE-2021-41845,0.00885,0.26162
CVE-2021-41847,0.0089,0.2856
CVE-2021-41848,0.01365,0.70715
CVE-2021-41849,0.0095,0.30554
CVE-2021-4185,0.01108,0.53389
CVE-2021-41850,0.0095,0.30554
CVE-2021-4186,0.01108,0.53389
CVE-2021-41861,0.0095,0.30554
CVE-2021-41862,0.01086,0.51674
CVE-2021-41864,0.01282,0.67298
CVE-2021-41865,0.00885,0.26162
CVE-2021-41866,0.00885,0.26162
CVE-2021-41867,0.01055,0.50287
CVE-2021-41868,0.01055,0.50287
CVE-2021-41869,0.0095,0.30554
CVE-2021-4187,0.01537,0.73595
CVE-2021-41870,0.00885,0.26162
CVE-2021-41871,0.00885,0.26162
CVE-2021-41872,0.00885,0.26162
CVE-2021-41873,0.00885,0.26162
CVE-2021-41874,0.00885,0.26162
CVE-2021-41878,0.01136,0.57949
CVE-2021-4188,0.00885,0.26162
CVE-2021-4189,0.01108,0.53389
CVE-2021-4190,0.01018,0.38792
CVE-2021-4191,0.44041,0.98229
CVE-2021-41916,0.01055,0.50287
CVE-2021-41917,0.00885,0.26162
CVE-2021-41918,0.00885,0.26162
CVE-2021-41919,0.01156,0.60033
CVE-2021-4192,0.01537,0.73595
CVE-2021-41920,0.00885,0.26162
CVE-2021-41921,0.01338,0.70562
CVE-2021-41924,0.00885,0.26162
CVE-2021-41928,0.01086,0.51674
CVE-2021-41929,0.01086,0.51674
CVE-2021-4193,0.01537,0.73595
CVE-2021-41930,0.01086,0.51674
CVE-2021-41931,0.00885,0.26162
CVE-2021-41932,0.00885,0.26162
CVE-2021-41938,0.00885,0.26162
CVE-2021-4194,0.00885,0.26162
CVE-2021-41942,0.00885,0.26162
CVE-2021-41945,0.01108,0.53389
CVE-2021-41946,0.00885,0.26162
CVE-2021-41947,0.00885,0.26162
CVE-2021-41948,0.00885,0.26162
CVE-2021-41950,0.01055,0.50287
CVE-2021-41951,0.00885,0.26162
CVE-2021-41952,0.00885,0.26162
CVE-2021-41959,0.00885,0.26162
CVE-2021-41962,0.00885,0.26162
CVE-2021-41965,0.00885,0.26162
CVE-2021-4197,0.01034,0.39824
CVE-2021-41971,0.00885,0.26162
CVE-2021-41972,0.00885,0.26162
CVE-2021-41973,0.01246,0.66436
CVE-2021-41974,0.01055,0.50287
CVE-2021-41975,0.01055,0.50287
CVE-2021-41976,0.01055,0.50287
CVE-2021-4198,0.00885,0.26162
CVE-2021-41987,0.01978,0.78447
CVE-2021-4199,0.01055,0.50287
CVE-2021-41990,0.06729,0.91198
CVE-2021-41991,0.07154,0.91917
CVE-2021-41992,0.00885,0.26162
CVE-2021-41993,0.00885,0.26162
CVE-2021-41994,0.00885,0.26162
CVE-2021-41995,0.00885,0.26162
CVE-2021-4200,0.00885,0.26162
CVE-2021-42000,0.00885,0.26162
CVE-2021-42001,0.00885,0.26162
CVE-2021-42002,0.01156,0.60033
CVE-2021-42006,0.00885,0.26162
CVE-2021-42009,0.01164,0.60046
CVE-2021-4201,0.01055,0.50287
CVE-2021-42011,0.00885,0.26162
CVE-2021-42012,0.0089,0.2856
CVE-2021-42015,0.00885,0.26162
CVE-2021-42016,0.00885,0.26162
CVE-2021-42017,0.00885,0.26162
CVE-2021-42018,0.00885,0.26162
CVE-2021-42019,0.00885,0.26162
CVE-2021-4202,0.01104,0.52279
CVE-2021-42020,0.00885,0.26162
CVE-2021-42021,0.01055,0.50287
CVE-2021-42022,0.00885,0.26162
CVE-2021-42023,0.00885,0.26162
CVE-2021-42024,0.01036,0.41241
CVE-2021-42025,0.00885,0.26162
CVE-2021-42026,0.00885,0.26162
CVE-2021-42027,0.00885,0.26162
CVE-2021-42029,0.00885,0.26162
CVE-2021-4203,0.0095,0.30554
CVE-2021-4204,0.0095,0.30554
CVE-2021-42040,0.00885,0.26162
CVE-2021-42041,0.0144,0.7265
CVE-2021-42042,0.0144,0.7265
CVE-2021-42043,0.0144,0.7265
CVE-2021-42044,0.0144,0.7265
CVE-2021-42045,0.00885,0.26162
CVE-2021-42046,0.0089,0.2856
CVE-2021-42047,0.00885,0.26162
CVE-2021-42048,0.00885,0.26162
CVE-2021-42049,0.00885,0.26162
CVE-2021-42050,0.00954,0.34522
CVE-2021-42051,0.0089,0.2856
CVE-2021-42052,0.00885,0.26162
CVE-2021-42053,0.0089,0.2856
CVE-2021-42054,0.00885,0.26162
CVE-2021-42055,0.00885,0.26162
CVE-2021-42056,0.01036,0.41241
CVE-2021-42057,0.01036,0.41241
CVE-2021-42059,0.01365,0.70715
CVE-2021-4206,0.01365,0.70715
CVE-2021-42060,0.01365,0.70715
CVE-2021-42061,0.00885,0.26162
CVE-2021-42062,0.00885,0.26162
CVE-2021-42063,0.01018,0.38792
CVE-2021-42064,0.00885,0.26162
CVE-2021-42066,0.00885,0.26162
CVE-2021-42067,0.00885,0.26162
CVE-2021-42068,0.00885,0.26162
CVE-2021-42069,0.00954,0.34522
CVE-2021-4207,0.01365,0.70715
CVE-2021-42070,0.00885,0.26162
CVE-2021-42071,0.05634,0.89764
CVE-2021-42072,0.0095,0.30554
CVE-2021-42073,0.00885,0.26162
CVE-2021-42074,0.00885,0.26162
CVE-2021-42075,0.01055,0.50287
CVE-2021-42076,0.00885,0.26162
CVE-2021-42077,0.00885,0.26162
CVE-2021-42078,0.00885,0.26162
CVE-2021-4208,0.00885,0.26162
CVE-2021-42084,0.00885,0.26162
CVE-2021-42085,0.00885,0.26162
CVE-2021-42086,0.00885,0.26162
CVE-2021-42087,0.00885,0.26162
CVE-2021-42088,0.00885,0.26162
CVE-2021-42089,0.00885,0.26162
CVE-2021-4209,0.0095,0.30554
CVE-2021-42090,0.01156,0.60033
CVE-2021-42091,0.00885,0.26162
CVE-2021-42092,0.00885,0.26162
CVE-2021-42093,0.01086,0.51674
CVE-2021-42094,0.02055,0.7893
CVE-2021-42095,0.00885,0.26162
CVE-2021-42096,0.01132,0.54372
CVE-2021-42097,0.01132,0.54372
CVE-2021-42098,0.00885,0.26162
CVE-2021-42099,0.01978,0.78447
CVE-2021-4210,0.01036,0.41241
CVE-2021-42101,0.00885,0.26162
CVE-2021-42102,0.00885,0.26162
CVE-2021-42103,0.00885,0.26162
CVE-2021-42104,0.0089,0.2856
CVE-2021-42105,0.0089,0.2856
CVE-2021-42106,0.0089,0.2856
CVE-2021-42107,0.0089,0.2856
CVE-2021-42108,0.0089,0.2856
CVE-2021-42109,0.00885,0.26162
CVE-2021-4211,0.01036,0.41241
CVE-2021-42110,0.00885,0.26162
CVE-2021-42111,0.00885,0.26162
CVE-2021-42112,0.00954,0.34522
CVE-2021-42113,0.01365,0.70715
CVE-2021-42114,0.00954,0.34522
CVE-2021-42115,0.01055,0.50287
CVE-2021-42116,0.01055,0.50287
CVE-2021-42117,0.01156,0.60033
CVE-2021-42118,0.01055,0.50287
CVE-2021-42119,0.00885,0.26162
CVE-2021-4212,0.01036,0.41241
CVE-2021-42120,0.01055,0.50287
CVE-2021-42121,0.01055,0.50287
CVE-2021-42122,0.01055,0.50287
CVE-2021-42123,0.01055,0.50287
CVE-2021-42124,0.00885,0.26162
CVE-2021-42125,0.00885,0.26162
CVE-2021-42126,0.00885,0.26162
CVE-2021-42127,0.01086,0.51674
CVE-2021-42128,0.00885,0.26162
CVE-2021-42129,0.01086,0.51674
CVE-2021-4213,0.01018,0.38792
CVE-2021-42130,0.01086,0.51674
CVE-2021-42131,0.00885,0.26162
CVE-2021-42132,0.01086,0.51674
CVE-2021-42133,0.00885,0.26162
CVE-2021-42134,0.00885,0.26162
CVE-2021-42135,0.00885,0.26162
CVE-2021-42136,0.01061,0.51015
CVE-2021-42137,0.00885,0.26162
CVE-2021-42138,0.0089,0.2856
CVE-2021-42139,0.00954,0.34522
CVE-2021-4214,0.01018,0.38792
CVE-2021-4216,0.00885,0.26162
CVE-2021-42165,0.01061,0.51015
CVE-2021-42168,0.00885,0.26162
CVE-2021-42169,0.00885,0.26162
CVE-2021-4217,0.01559,0.742
CVE-2021-4218,0.0089,0.2856
CVE-2021-42183,0.00954,0.34522
CVE-2021-42185,0.00885,0.26162
CVE-2021-4219,0.00885,0.26162
CVE-2021-42192,0.0095,0.30554
CVE-2021-42194,0.00885,0.26162
CVE-2021-42195,0.01036,0.41241
CVE-2021-42196,0.00885,0.26162
CVE-2021-42197,0.01036,0.41241
CVE-2021-42198,0.00885,0.26162
CVE-2021-42199,0.01036,0.41241
CVE-2021-42200,0.00885,0.26162
CVE-2021-42201,0.01036,0.41241
CVE-2021-42202,0.00885,0.26162
CVE-2021-42203,0.01036,0.41241
CVE-2021-42204,0.01036,0.41241
CVE-2021-42216,0.00954,0.34522
CVE-2021-42218,0.00885,0.26162
CVE-2021-42219,0.00885,0.26162
CVE-2021-4222,0.00885,0.26162
CVE-2021-42220,0.00885,0.26162
CVE-2021-42223,0.00885,0.26162
CVE-2021-42224,0.00954,0.34522
CVE-2021-42227,0.00885,0.26162
CVE-2021-42228,0.00885,0.26162
CVE-2021-42232,0.02211,0.80357
CVE-2021-42233,0.0089,0.2856
CVE-2021-42235,0.00885,0.26162
CVE-2021-42242,0.01086,0.51674
CVE-2021-42244,0.00885,0.26162
CVE-2021-42245,0.00885,0.26162
CVE-2021-42248,0.00885,0.26162
CVE-2021-4225,0.00885,0.26162
CVE-2021-42250,0.00885,0.26162
CVE-2021-42252,0.0089,0.2856
CVE-2021-42254,0.00885,0.26162
CVE-2021-42255,0.00885,0.26162
CVE-2021-42257,0.0095,0.30554
CVE-2021-42258,0.28591,0.97175
CVE-2021-42260,0.00885,0.26162
CVE-2021-42261,0.00885,0.26162
CVE-2021-42262,0.00885,0.26162
CVE-2021-42263,0.01046,0.41635
CVE-2021-42264,0.01046,0.41635
CVE-2021-42266,0.01223,0.65839
CVE-2021-42267,0.01223,0.65839
CVE-2021-42268,0.01046,0.41635
CVE-2021-42269,0.01223,0.65839
CVE-2021-42270,0.01223,0.65839
CVE-2021-42271,0.01223,0.65839
CVE-2021-42272,0.01223,0.65839
CVE-2021-42274,0.0115,0.5906
CVE-2021-42275,0.01967,0.77799
CVE-2021-42276,0.01528,0.72895
CVE-2021-42277,0.01178,0.60108
CVE-2021-42279,0.02265,0.80587
CVE-2021-42280,0.01178,0.60108
CVE-2021-42282,0.0115,0.5906
CVE-2021-42283,0.0115,0.5906
CVE-2021-42284,0.02251,0.80538
CVE-2021-42285,0.0115,0.5906
CVE-2021-42286,0.0115,0.5906
CVE-2021-42288,0.02251,0.80538
CVE-2021-4229,0.00954,0.34522
CVE-2021-42291,0.0115,0.5906
CVE-2021-42292,0.02251,0.80538
CVE-2021-42293,0.0115,0.5906
CVE-2021-42294,0.01967,0.77799
CVE-2021-42295,0.02251,0.80538
CVE-2021-42296,0.01528,0.72895
CVE-2021-42297,0.02844,0.8238
CVE-2021-42298,0.01528,0.72895
CVE-2021-42299,0.02251,0.80538
CVE-2021-4230,0.00885,0.26162
CVE-2021-42300,0.0115,0.5906
CVE-2021-42301,0.02251,0.80538
CVE-2021-42302,0.02251,0.80538
CVE-2021-42303,0.02251,0.80538
CVE-2021-42304,0.02251,0.80538
CVE-2021-42305,0.02251,0.80538
CVE-2021-42306,0.0115,0.5906
CVE-2021-42308,0.02251,0.80538
CVE-2021-42309,0.0455,0.88298
CVE-2021-4231,0.0095,0.30554
CVE-2021-42310,0.01601,0.74633
CVE-2021-42311,0.04683,0.8861
CVE-2021-42312,0.0115,0.5906
CVE-2021-42313,0.04683,0.8861
CVE-2021-42314,0.01967,0.77799
CVE-2021-42315,0.01967,0.77799
CVE-2021-42316,0.01967,0.77799
CVE-2021-42319,0.0115,0.5906
CVE-2021-4232,0.00885,0.26162
CVE-2021-42320,0.0115,0.5906
CVE-2021-42322,0.0115,0.5906
CVE-2021-42323,0.02251,0.80538
CVE-2021-42324,0.00885,0.26162
CVE-2021-42325,0.00954,0.34522
CVE-2021-42326,0.01018,0.38792
CVE-2021-42329,0.01055,0.50287
CVE-2021-42330,0.01055,0.50287
CVE-2021-42331,0.01055,0.50287
CVE-2021-42332,0.01055,0.50287
CVE-2021-42333,0.01055,0.50287
CVE-2021-42334,0.01055,0.50287
CVE-2021-42335,0.01055,0.50287
CVE-2021-42336,0.01055,0.50287
CVE-2021-42337,0.01055,0.50287
CVE-2021-42338,0.01156,0.60033
CVE-2021-4234,0.00885,0.26162
CVE-2021-42340,0.04544,0.88279
CVE-2021-42341,0.01108,0.53389
CVE-2021-42343,0.05634,0.89764
CVE-2021-42357,0.00885,0.26162
CVE-2021-42358,0.00885,0.26162
CVE-2021-42359,0.00885,0.26162
CVE-2021-42360,0.00885,0.26162
CVE-2021-42361,0.00885,0.26162
CVE-2021-42362,0.32719,0.97522
CVE-2021-42363,0.00954,0.34522
CVE-2021-42364,0.00885,0.26162
CVE-2021-42365,0.00885,0.26162
CVE-2021-42367,0.00885,0.26162
CVE-2021-42369,0.00885,0.26162
CVE-2021-42370,0.00954,0.34522
CVE-2021-42371,0.00954,0.34522
CVE-2021-42372,0.01061,0.51015
CVE-2021-42373,0.0095,0.30554
CVE-2021-42374,0.0095,0.30554
CVE-2021-42375,0.0095,0.30554
CVE-2021-42376,0.0095,0.30554
CVE-2021-42377,0.03693,0.843
CVE-2021-42378,0.02199,0.80273
CVE-2021-42379,0.02199,0.80273
CVE-2021-42380,0.02199,0.80273
CVE-2021-42381,0.02199,0.80273
CVE-2021-42382,0.02199,0.80273
CVE-2021-42383,0.02199,0.80273
CVE-2021-42384,0.02199,0.80273
CVE-2021-42385,0.02199,0.80273
CVE-2021-42386,0.02199,0.80273
CVE-2021-42387,0.00885,0.26162
CVE-2021-42388,0.00885,0.26162
CVE-2021-42389,0.00885,0.26162
CVE-2021-42390,0.00885,0.26162
CVE-2021-42391,0.00885,0.26162
CVE-2021-42521,0.00885,0.26162
CVE-2021-42522,0.00885,0.26162
CVE-2021-42523,0.00885,0.26162
CVE-2021-42524,0.01223,0.65839
CVE-2021-42525,0.01046,0.41635
CVE-2021-42526,0.01223,0.65839
CVE-2021-42527,0.01223,0.65839
CVE-2021-42528,0.01046,0.41635
CVE-2021-42529,0.01223,0.65839
CVE-2021-42530,0.01223,0.65839
CVE-2021-42531,0.01223,0.65839
CVE-2021-42532,0.01223,0.65839
CVE-2021-42533,0.01223,0.65839
CVE-2021-42534,0.00885,0.26162
CVE-2021-42535,0.00885,0.26162
CVE-2021-42536,0.00885,0.26162
CVE-2021-42537,0.00885,0.26162
CVE-2021-42538,0.00885,0.26162
CVE-2021-42539,0.00885,0.26162
CVE-2021-42540,0.00885,0.26162
CVE-2021-42542,0.00885,0.26162
CVE-2021-42543,0.01036,0.41241
CVE-2021-42544,0.01055,0.50287
CVE-2021-42545,0.01055,0.50287
CVE-2021-42546,0.00885,0.26162
CVE-2021-42547,0.00885,0.26162
CVE-2021-42548,0.00885,0.26162
CVE-2021-42549,0.00885,0.26162
CVE-2021-42551,0.00885,0.26162
CVE-2021-42552,0.00885,0.26162
CVE-2021-42554,0.0095,0.30554
CVE-2021-42555,0.01055,0.50287
CVE-2021-42556,0.00885,0.26162
CVE-2021-42557,0.01055,0.50287
CVE-2021-42558,0.00885,0.26162
CVE-2021-42559,0.00885,0.26162
CVE-2021-42560,0.00885,0.26162
CVE-2021-42561,0.00885,0.26162
CVE-2021-42562,0.00885,0.26162
CVE-2021-42563,0.00885,0.26162
CVE-2021-42564,0.01055,0.50287
CVE-2021-42565,0.00885,0.26162
CVE-2021-42566,0.00885,0.26162
CVE-2021-42567,0.00885,0.26162
CVE-2021-42568,0.00885,0.26162
CVE-2021-42575,0.00954,0.34522
CVE-2021-42576,0.00885,0.26162
CVE-2021-42577,0.00885,0.26162
CVE-2021-42580,0.05634,0.89764
CVE-2021-42581,0.00885,0.26162
CVE-2021-42583,0.00885,0.26162
CVE-2021-42584,0.0089,0.2856
CVE-2021-42585,0.00885,0.26162
CVE-2021-42586,0.00885,0.26162
CVE-2021-42612,0.00885,0.26162
CVE-2021-42613,0.00885,0.26162
CVE-2021-42614,0.00885,0.26162
CVE-2021-42624,0.00885,0.26162
CVE-2021-42627,0.01018,0.38792
CVE-2021-42631,0.06729,0.91198
CVE-2021-42633,0.01108,0.53389
CVE-2021-42635,0.06729,0.91198
CVE-2021-42637,0.01108,0.53389
CVE-2021-42638,0.06729,0.91198
CVE-2021-42639,0.01108,0.53389
CVE-2021-42640,0.01108,0.53389
CVE-2021-42641,0.01108,0.53389
CVE-2021-42642,0.01108,0.53389
CVE-2021-42643,0.01086,0.51674
CVE-2021-42644,0.00885,0.26162
CVE-2021-42645,0.00885,0.26162
CVE-2021-42646,0.01018,0.38792
CVE-2021-42648,0.01086,0.51674
CVE-2021-42650,0.00885,0.26162
CVE-2021-42651,0.01156,0.60033
CVE-2021-42654,0.02509,0.81058
CVE-2021-42655,0.0089,0.2856
CVE-2021-42656,0.0089,0.2856
CVE-2021-42659,0.00885,0.26162
CVE-2021-42675,0.05634,0.89764
CVE-2021-42681,0.01036,0.41241
CVE-2021-42682,0.01036,0.41241
CVE-2021-42683,0.01036,0.41241
CVE-2021-42685,0.01036,0.41241
CVE-2021-42686,0.01036,0.41241
CVE-2021-42687,0.01036,0.41241
CVE-2021-42688,0.01036,0.41241
CVE-2021-42692,0.00885,0.26162
CVE-2021-42698,0.00885,0.26162
CVE-2021-42699,0.00885,0.26162
CVE-2021-42700,0.00885,0.26162
CVE-2021-42701,0.00885,0.26162
CVE-2021-42702,0.00885,0.26162
CVE-2021-42703,0.00885,0.26162
CVE-2021-42704,0.01005,0.36332
CVE-2021-42705,0.01036,0.41241
CVE-2021-42706,0.01036,0.41241
CVE-2021-42707,0.01036,0.41241
CVE-2021-42711,0.00885,0.26162
CVE-2021-42712,0.00885,0.26162
CVE-2021-42713,0.00885,0.26162
CVE-2021-42714,0.00885,0.26162
CVE-2021-42715,0.01537,0.73595
CVE-2021-42716,0.01537,0.73595
CVE-2021-42717,0.01018,0.38792
CVE-2021-42719,0.01223,0.65839
CVE-2021-42720,0.01223,0.65839
CVE-2021-42721,0.01223,0.65839
CVE-2021-42722,0.01223,0.65839
CVE-2021-42723,0.01223,0.65839
CVE-2021-42724,0.01223,0.65839
CVE-2021-42725,0.01223,0.65839
CVE-2021-42726,0.01223,0.65839
CVE-2021-42727,0.01223,0.65839
CVE-2021-42728,0.01223,0.65839
CVE-2021-42729,0.01223,0.65839
CVE-2021-42730,0.01223,0.65839
CVE-2021-42731,0.01223,0.65839
CVE-2021-42732,0.01046,0.41635
CVE-2021-42733,0.01046,0.41635
CVE-2021-42735,0.01223,0.65839
CVE-2021-42737,0.01223,0.65839
CVE-2021-42738,0.01223,0.65839
CVE-2021-42739,0.0089,0.2856
CVE-2021-42740,0.02211,0.80357
CVE-2021-42743,0.00885,0.26162
CVE-2021-42744,0.00885,0.26162
CVE-2021-42748,0.00885,0.26162
CVE-2021-42749,0.00885,0.26162
CVE-2021-42750,0.01055,0.50287
CVE-2021-42751,0.01055,0.50287
CVE-2021-42752,0.00885,0.26162
CVE-2021-42753,0.00885,0.26162
CVE-2021-42754,0.00885,0.26162
CVE-2021-42755,0.00885,0.26162
CVE-2021-42757,0.01036,0.41241
CVE-2021-42758,0.01055,0.50287
CVE-2021-42759,0.00885,0.26162
CVE-2021-42760,0.00885,0.26162
CVE-2021-42762,0.01282,0.67298
CVE-2021-42763,0.00885,0.26162
CVE-2021-42764,0.00885,0.26162
CVE-2021-42765,0.00885,0.26162
CVE-2021-42766,0.00885,0.26162
CVE-2021-42767,0.00885,0.26162
CVE-2021-42770,0.00954,0.34522
CVE-2021-42771,0.01365,0.70715
CVE-2021-42772,0.00885,0.26162
CVE-2021-42773,0.00885,0.26162
CVE-2021-42774,0.01055,0.50287
CVE-2021-42775,0.00885,0.26162
CVE-2021-42776,0.00885,0.26162
CVE-2021-42778,0.00954,0.34522
CVE-2021-42779,0.00954,0.34522
CVE-2021-42780,0.00954,0.34522
CVE-2021-42781,0.01108,0.53389
CVE-2021-42782,0.01108,0.53389
CVE-2021-42783,0.00885,0.26162
CVE-2021-42784,0.01055,0.50287
CVE-2021-42785,0.01055,0.50287
CVE-2021-42786,0.01156,0.60033
CVE-2021-42787,0.00885,0.26162
CVE-2021-42791,0.0089,0.2856
CVE-2021-42808,0.00885,0.26162
CVE-2021-42809,0.01036,0.41241
CVE-2021-42810,0.01005,0.36332
CVE-2021-42811,0.00885,0.26162
CVE-2021-42833,0.00885,0.26162
CVE-2021-42836,0.01018,0.38792
CVE-2021-42837,0.00885,0.26162
CVE-2021-42838,0.00885,0.26162
CVE-2021-42839,0.01424,0.72364
CVE-2021-42840,0.04571,0.88388
CVE-2021-42841,0.01055,0.50287
CVE-2021-42847,0.00885,0.26162
CVE-2021-42848,0.00885,0.26162
CVE-2021-42849,0.00885,0.26162
CVE-2021-42850,0.00885,0.26162
CVE-2021-42851,0.00885,0.26162
CVE-2021-42852,0.01005,0.35949
CVE-2021-42853,0.00885,0.26162
CVE-2021-42854,0.00885,0.26162
CVE-2021-42855,0.00885,0.26162
CVE-2021-42856,0.00885,0.26162
CVE-2021-42857,0.00885,0.26162
CVE-2021-42859,0.00885,0.26162
CVE-2021-42860,0.00885,0.26162
CVE-2021-42863,0.00885,0.26162
CVE-2021-42866,0.00885,0.26162
CVE-2021-42867,0.00885,0.26162
CVE-2021-42868,0.00885,0.26162
CVE-2021-42869,0.00885,0.26162
CVE-2021-42870,0.00885,0.26162
CVE-2021-42872,0.02509,0.81058
CVE-2021-42875,0.01136,0.57949
CVE-2021-42877,0.00954,0.34522
CVE-2021-42884,0.01055,0.50287
CVE-2021-42885,0.01055,0.50287
CVE-2021-42886,0.00885,0.26162
CVE-2021-42887,0.00885,0.26162
CVE-2021-42888,0.01055,0.50287
CVE-2021-42889,0.00885,0.26162
CVE-2021-42890,0.01055,0.50287
CVE-2021-42891,0.00885,0.26162
CVE-2021-42892,0.00885,0.26162
CVE-2021-42893,0.00885,0.26162
CVE-2021-42897,0.01156,0.60033
CVE-2021-42911,0.01086,0.51674
CVE-2021-42912,0.0089,0.2856
CVE-2021-42917,0.01018,0.38792
CVE-2021-42923,0.00885,0.26162
CVE-2021-42940,0.00885,0.26162
CVE-2021-42943,0.01055,0.50287
CVE-2021-42945,0.00885,0.26162
CVE-2021-42946,0.00885,0.26162
CVE-2021-42950,0.01978,0.78447
CVE-2021-42951,0.01978,0.78447
CVE-2021-42952,0.01978,0.78447
CVE-2021-42954,0.00885,0.26162
CVE-2021-42955,0.00885,0.26162
CVE-2021-42956,0.00885,0.26162
CVE-2021-42967,0.00885,0.26162
CVE-2021-42969,0.02055,0.7893
CVE-2021-42970,0.00885,0.26162
CVE-2021-42972,0.01036,0.41241
CVE-2021-42973,0.01036,0.41241
CVE-2021-42976,0.01036,0.41241
CVE-2021-42977,0.01036,0.41241
CVE-2021-42979,0.01036,0.41241
CVE-2021-42980,0.01036,0.41241
CVE-2021-42983,0.01036,0.41241
CVE-2021-42986,0.01036,0.41241
CVE-2021-42987,0.01036,0.41241
CVE-2021-42988,0.01036,0.41241
CVE-2021-42990,0.01036,0.41241
CVE-2021-42993,0.01036,0.41241
CVE-2021-42994,0.01036,0.41241
CVE-2021-42996,0.01036,0.41241
CVE-2021-43000,0.01036,0.41241
CVE-2021-43002,0.01036,0.41241
CVE-2021-43003,0.01036,0.41241
CVE-2021-43006,0.01036,0.41241
CVE-2021-43009,0.00885,0.26162
CVE-2021-43010,0.00885,0.26162
CVE-2021-43011,0.01223,0.65839
CVE-2021-43012,0.01223,0.65839
CVE-2021-43013,0.01223,0.65839
CVE-2021-43015,0.01223,0.65839
CVE-2021-43016,0.01046,0.41635
CVE-2021-43017,0.01046,0.41635
CVE-2021-43019,0.01046,0.41635
CVE-2021-43021,0.01223,0.65839
CVE-2021-43022,0.01223,0.65839
CVE-2021-43023,0.01223,0.65839
CVE-2021-43024,0.01223,0.65839
CVE-2021-43025,0.01223,0.65839
CVE-2021-43026,0.01223,0.65839
CVE-2021-43028,0.01223,0.65839
CVE-2021-43029,0.01223,0.65839
CVE-2021-43030,0.01055,0.50287
CVE-2021-43032,0.00885,0.26162
CVE-2021-43033,0.01156,0.60033
CVE-2021-43034,0.01036,0.41241
CVE-2021-43035,0.01156,0.60033
CVE-2021-43036,0.00885,0.26162
CVE-2021-43037,0.00885,0.26162
CVE-2021-43038,0.00885,0.26162
CVE-2021-43039,0.00885,0.26162
CVE-2021-43040,0.00885,0.26162
CVE-2021-43041,0.00885,0.26162
CVE-2021-43042,0.01055,0.50287
CVE-2021-43043,0.00885,0.26162
CVE-2021-43044,0.00885,0.26162
CVE-2021-43045,0.00885,0.26162
CVE-2021-43046,0.00885,0.26162
CVE-2021-43047,0.00885,0.26162
CVE-2021-43048,0.00885,0.26162
CVE-2021-43049,0.00885,0.26162
CVE-2021-43050,0.00885,0.26162
CVE-2021-43051,0.00885,0.26162
CVE-2021-43052,0.00885,0.26162
CVE-2021-43053,0.00885,0.26162
CVE-2021-43054,0.00885,0.26162
CVE-2021-43055,0.00885,0.26162
CVE-2021-43056,0.01034,0.39824
CVE-2021-43057,0.0095,0.30554
CVE-2021-43058,0.00885,0.26162
CVE-2021-43062,0.00885,0.26162
CVE-2021-43063,0.00885,0.26162
CVE-2021-43064,0.00885,0.26162
CVE-2021-43065,0.00885,0.26162
CVE-2021-43066,0.00885,0.26162
CVE-2021-43067,0.00885,0.26162
CVE-2021-43068,0.00885,0.26162
CVE-2021-43070,0.00885,0.26162
CVE-2021-43071,0.00885,0.26162
CVE-2021-43073,0.02055,0.7893
CVE-2021-43075,0.02055,0.7893
CVE-2021-43077,0.00885,0.26162
CVE-2021-43081,0.00885,0.26162
CVE-2021-43082,0.00885,0.26162
CVE-2021-43083,0.00885,0.26162
CVE-2021-43084,0.00885,0.26162
CVE-2021-43086,0.00885,0.26162
CVE-2021-43090,0.01018,0.38792
CVE-2021-43091,0.00885,0.26162
CVE-2021-43094,0.00954,0.34522
CVE-2021-43097,0.01086,0.51674
CVE-2021-43098,0.00885,0.26162
CVE-2021-43099,0.00885,0.26162
CVE-2021-43100,0.01338,0.70562
CVE-2021-43101,0.01338,0.70562
CVE-2021-43102,0.01338,0.70562
CVE-2021-43103,0.01338,0.70562
CVE-2021-43105,0.00885,0.26162
CVE-2021-43106,0.00885,0.26162
CVE-2021-43109,0.00885,0.26162
CVE-2021-43110,0.00885,0.26162
CVE-2021-43113,0.02055,0.7893
CVE-2021-43114,0.00885,0.26162
CVE-2021-43116,0.00885,0.26162
CVE-2021-43117,0.01338,0.70562
CVE-2021-43118,0.01156,0.60033
CVE-2021-43129,0.00954,0.34522
CVE-2021-43130,0.00885,0.26162
CVE-2021-43136,0.01018,0.38792
CVE-2021-43137,0.00885,0.26162
CVE-2021-43138,0.01108,0.53389
CVE-2021-43140,0.00954,0.34522
CVE-2021-43141,0.01018,0.38792
CVE-2021-43142,0.00885,0.26162
CVE-2021-43145,0.00885,0.26162
CVE-2021-43154,0.00885,0.26162
CVE-2021-43155,0.00885,0.26162
CVE-2021-43156,0.01055,0.50287
CVE-2021-43157,0.00885,0.26162
CVE-2021-43158,0.01055,0.50287
CVE-2021-43159,0.01978,0.78447
CVE-2021-43160,0.01978,0.78447
CVE-2021-43161,0.01978,0.78447
CVE-2021-43162,0.01978,0.78447
CVE-2021-43163,0.01978,0.78447
CVE-2021-43164,0.04571,0.88388
CVE-2021-43172,0.00885,0.26162
CVE-2021-43173,0.00954,0.34522
CVE-2021-43174,0.00885,0.26162
CVE-2021-43175,0.00885,0.26162
CVE-2021-43176,0.00885,0.26162
CVE-2021-43177,0.00885,0.26162
CVE-2021-43180,0.00885,0.26162
CVE-2021-43181,0.00885,0.26162
CVE-2021-43182,0.00885,0.26162
CVE-2021-43183,0.00885,0.26162
CVE-2021-43184,0.00885,0.26162
CVE-2021-43185,0.00885,0.26162
CVE-2021-43186,0.00885,0.26162
CVE-2021-43187,0.00885,0.26162
CVE-2021-43188,0.00885,0.26162
CVE-2021-43189,0.00885,0.26162
CVE-2021-43190,0.00885,0.26162
CVE-2021-43191,0.00885,0.26162
CVE-2021-43192,0.00885,0.26162
CVE-2021-43193,0.01156,0.60033
CVE-2021-43194,0.00885,0.26162
CVE-2021-43195,0.00885,0.26162
CVE-2021-43196,0.00885,0.26162
CVE-2021-43197,0.00885,0.26162
CVE-2021-43198,0.00885,0.26162
CVE-2021-43199,0.00885,0.26162
CVE-2021-43200,0.00885,0.26162
CVE-2021-43201,0.00885,0.26162
CVE-2021-43202,0.00885,0.26162
CVE-2021-43203,0.00885,0.26162
CVE-2021-43204,0.00885,0.26162
CVE-2021-43205,0.00885,0.26162
CVE-2021-43206,0.00885,0.26162
CVE-2021-43207,0.0115,0.5906
CVE-2021-43208,0.01528,0.72895
CVE-2021-43209,0.04475,0.87758
CVE-2021-43211,0.0115,0.5906
CVE-2021-43214,0.01601,0.74633
CVE-2021-43215,0.01601,0.74633
CVE-2021-43216,0.0115,0.5906
CVE-2021-43217,0.01601,0.74633
CVE-2021-43219,0.02251,0.80538
CVE-2021-43220,0.02251,0.80538
CVE-2021-43221,0.01601,0.74633
CVE-2021-43222,0.02251,0.80538
CVE-2021-43223,0.0115,0.5906
CVE-2021-43225,0.01601,0.74633
CVE-2021-43227,0.0115,0.5906
CVE-2021-43228,0.02251,0.80538
CVE-2021-43232,0.01528,0.72895
CVE-2021-43233,0.01601,0.74633
CVE-2021-43234,0.01528,0.72895
CVE-2021-43235,0.0115,0.5906
CVE-2021-43236,0.02251,0.80538
CVE-2021-43237,0.01178,0.60108
CVE-2021-43238,0.01178,0.60108
CVE-2021-43239,0.0115,0.5906
CVE-2021-43242,0.0115,0.5906
CVE-2021-43243,0.0115,0.5906
CVE-2021-43244,0.0115,0.5906
CVE-2021-43245,0.0115,0.5906
CVE-2021-43246,0.0115,0.5906
CVE-2021-43247,0.01178,0.60108
CVE-2021-43248,0.0115,0.5906
CVE-2021-43255,0.02251,0.80538
CVE-2021-43256,0.01528,0.72895
CVE-2021-43257,0.01005,0.36332
CVE-2021-43264,0.00885,0.26162
CVE-2021-43265,0.00885,0.26162
CVE-2021-43266,0.01365,0.70715
CVE-2021-43268,0.03581,0.8416
CVE-2021-43269,0.0144,0.7265
CVE-2021-43270,0.00885,0.26162
CVE-2021-43271,0.00885,0.26162
CVE-2021-43272,0.02509,0.81058
CVE-2021-43273,0.01559,0.742
CVE-2021-43274,0.01036,0.41241
CVE-2021-43275,0.01036,0.41241
CVE-2021-43276,0.01036,0.41241
CVE-2021-43277,0.01036,0.41241
CVE-2021-43278,0.01036,0.41241
CVE-2021-43279,0.01005,0.36332
CVE-2021-43280,0.01834,0.76202
CVE-2021-43281,0.01055,0.50287
CVE-2021-43282,0.00885,0.26162
CVE-2021-43283,0.02055,0.7893
CVE-2021-43284,0.00885,0.26162
CVE-2021-43286,0.02199,0.80273
CVE-2021-43288,0.0089,0.2856
CVE-2021-43289,0.01018,0.38792
CVE-2021-43290,0.01018,0.38792
CVE-2021-43293,0.01055,0.50287
CVE-2021-43294,0.00885,0.26162
CVE-2021-43295,0.00885,0.26162
CVE-2021-43296,0.00885,0.26162
CVE-2021-43298,0.00885,0.26162
CVE-2021-43299,0.00885,0.26162
CVE-2021-43300,0.00885,0.26162
CVE-2021-43301,0.00885,0.26162
CVE-2021-43302,0.00885,0.26162
CVE-2021-43303,0.00885,0.26162
CVE-2021-43304,0.00885,0.26162
CVE-2021-43305,0.00885,0.26162
CVE-2021-43306,0.00885,0.26162
CVE-2021-43307,0.00885,0.26162
CVE-2021-43308,0.00885,0.26162
CVE-2021-43309,0.00885,0.26162
CVE-2021-43319,0.02055,0.7893
CVE-2021-43323,0.01365,0.70715
CVE-2021-43324,0.00885,0.26162
CVE-2021-43327,0.00885,0.26162
CVE-2021-43329,0.01974,0.7812
CVE-2021-43331,0.00954,0.34522
CVE-2021-43332,0.0089,0.2856
CVE-2021-43333,0.00885,0.26162
CVE-2021-43334,0.00885,0.26162
CVE-2021-43336,0.01559,0.742
CVE-2021-43337,0.01034,0.39824
CVE-2021-43339,0.0089,0.2856
CVE-2021-43350,0.01246,0.66436
CVE-2021-43353,0.00885,0.26162
CVE-2021-43355,0.00885,0.26162
CVE-2021-43358,0.01055,0.50287
CVE-2021-43359,0.01156,0.60033
CVE-2021-43360,0.01156,0.60033
CVE-2021-43388,0.00885,0.26162
CVE-2021-43389,0.01282,0.67298
CVE-2021-43390,0.01559,0.742
CVE-2021-43391,0.01559,0.742
CVE-2021-43392,0.00885,0.26162
CVE-2021-43393,0.00885,0.26162
CVE-2021-43394,0.00885,0.26162
CVE-2021-43396,0.01136,0.57949
CVE-2021-43397,0.01132,0.54372
CVE-2021-43398,0.02509,0.81058
CVE-2021-43399,0.00885,0.26162
CVE-2021-43400,0.00885,0.26162
CVE-2021-43403,0.00885,0.26162
CVE-2021-43404,0.00885,0.26162
CVE-2021-43405,0.00885,0.26162
CVE-2021-43406,0.00885,0.26162
CVE-2021-43409,0.00885,0.26162
CVE-2021-43410,0.00885,0.26162
CVE-2021-43411,0.0089,0.2856
CVE-2021-43412,0.00885,0.26162
CVE-2021-43413,0.0095,0.30554
CVE-2021-43414,0.00885,0.26162
CVE-2021-43415,0.00885,0.26162
CVE-2021-43420,0.00885,0.26162
CVE-2021-43421,0.00885,0.26162
CVE-2021-43429,0.00885,0.26162
CVE-2021-43430,0.00885,0.26162
CVE-2021-43432,0.01018,0.38792
CVE-2021-43436,0.00885,0.26162
CVE-2021-43437,0.00885,0.26162
CVE-2021-43438,0.01055,0.50287
CVE-2021-43439,0.01055,0.50287
CVE-2021-43440,0.01689,0.75137
CVE-2021-43441,0.01055,0.50287
CVE-2021-43442,0.00885,0.26162
CVE-2021-43451,0.00954,0.34522
CVE-2021-43453,0.00885,0.26162
CVE-2021-43454,0.0089,0.2856
CVE-2021-43455,0.0089,0.2856
CVE-2021-43456,0.0089,0.2856
CVE-2021-43457,0.0089,0.2856
CVE-2021-43458,0.0089,0.2856
CVE-2021-43459,0.00885,0.26162
CVE-2021-43460,0.0089,0.2856
CVE-2021-43461,0.00885,0.26162
CVE-2021-43462,0.00885,0.26162
CVE-2021-43463,0.0089,0.2856
CVE-2021-43464,0.01086,0.51674
CVE-2021-43466,0.01978,0.78447
CVE-2021-43469,0.01086,0.51674
CVE-2021-43471,0.00885,0.26162
CVE-2021-43474,0.00885,0.26162
CVE-2021-43478,0.00885,0.26162
CVE-2021-43479,0.01156,0.60033
CVE-2021-43481,0.00954,0.34522
CVE-2021-43483,0.00885,0.26162
CVE-2021-43484,0.01156,0.60033
CVE-2021-43492,0.00885,0.26162
CVE-2021-43493,0.01086,0.51674
CVE-2021-43494,0.00885,0.26162
CVE-2021-43495,0.00885,0.26162
CVE-2021-43496,0.00885,0.26162
CVE-2021-43498,0.00885,0.26162
CVE-2021-43505,0.00885,0.26162
CVE-2021-43506,0.00885,0.26162
CVE-2021-43509,0.00885,0.26162
CVE-2021-43510,0.00885,0.26162
CVE-2021-43512,0.0089,0.2856
CVE-2021-43515,0.00885,0.26162
CVE-2021-43517,0.00885,0.26162
CVE-2021-43518,0.0149,0.72731
CVE-2021-43519,0.01018,0.38792
CVE-2021-43521,0.00885,0.26162
CVE-2021-43522,0.0089,0.2856
CVE-2021-43523,0.04836,0.88802
CVE-2021-43527,0.01108,0.53389
CVE-2021-43528,0.02509,0.81058
CVE-2021-43531,0.00885,0.26162
CVE-2021-43532,0.00885,0.26162
CVE-2021-43533,0.00885,0.26162
CVE-2021-43534,0.01183,0.60428
CVE-2021-43535,0.01183,0.60428
CVE-2021-43536,0.01537,0.73595
CVE-2021-43537,0.01537,0.73595
CVE-2021-43538,0.01537,0.73595
CVE-2021-43539,0.01537,0.73595
CVE-2021-43540,0.00954,0.34522
CVE-2021-43541,0.01537,0.73595
CVE-2021-43542,0.01537,0.73595
CVE-2021-43543,0.01537,0.73595
CVE-2021-43544,0.00885,0.26162
CVE-2021-43545,0.01537,0.73595
CVE-2021-43546,0.01537,0.73595
CVE-2021-43547,0.00885,0.26162
CVE-2021-43548,0.00885,0.26162
CVE-2021-43549,0.01055,0.50287
CVE-2021-43550,0.00885,0.26162
CVE-2021-43551,0.01055,0.50287
CVE-2021-43552,0.00885,0.26162
CVE-2021-43553,0.00885,0.26162
CVE-2021-43554,0.01559,0.742
CVE-2021-43555,0.01103,0.51945
CVE-2021-43556,0.01559,0.742
CVE-2021-43557,0.01246,0.66436
CVE-2021-43558,0.00885,0.26162
CVE-2021-43559,0.00885,0.26162
CVE-2021-43560,0.00885,0.26162
CVE-2021-43561,0.00885,0.26162
CVE-2021-43562,0.01156,0.60033
CVE-2021-43563,0.00885,0.26162
CVE-2021-43564,0.00885,0.26162
CVE-2021-43566,0.0089,0.2856
CVE-2021-43568,0.00885,0.26162
CVE-2021-43569,0.00885,0.26162
CVE-2021-43570,0.00885,0.26162
CVE-2021-43571,0.00885,0.26162
CVE-2021-43572,0.00954,0.34522
CVE-2021-43573,0.00885,0.26162
CVE-2021-43574,0.00885,0.26162
CVE-2021-43575,0.00885,0.26162
CVE-2021-43576,0.00954,0.34522
CVE-2021-43577,0.00885,0.26162
CVE-2021-43578,0.00885,0.26162
CVE-2021-43579,0.04836,0.88802
CVE-2021-43581,0.01086,0.51674
CVE-2021-43582,0.01005,0.36332
CVE-2021-43587,0.00885,0.26162
CVE-2021-43588,0.01055,0.50287
CVE-2021-43589,0.01036,0.41241
CVE-2021-43590,0.00885,0.26162
CVE-2021-43608,0.01018,0.38792
CVE-2021-43610,0.00885,0.26162
CVE-2021-43611,0.00885,0.26162
CVE-2021-43615,0.0095,0.30554
CVE-2021-43616,0.01108,0.53389
CVE-2021-43618,0.01018,0.38792
CVE-2021-43619,0.0095,0.30554
CVE-2021-43620,0.00954,0.34522
CVE-2021-43628,0.00885,0.26162
CVE-2021-43629,0.00885,0.26162
CVE-2021-43630,0.01978,0.78447
CVE-2021-43631,0.00885,0.26162
CVE-2021-43633,0.00885,0.26162
CVE-2021-43635,0.02509,0.81058
CVE-2021-43636,0.00885,0.26162
CVE-2021-43637,0.01036,0.41241
CVE-2021-43638,0.01036,0.41241
CVE-2021-43650,0.00885,0.26162
CVE-2021-43659,0.00885,0.26162
CVE-2021-43661,0.00885,0.26162
CVE-2021-43662,0.00885,0.26162
CVE-2021-43663,0.01005,0.35949
CVE-2021-43664,0.02055,0.7893
CVE-2021-43666,0.00885,0.26162
CVE-2021-43667,0.00885,0.26162
CVE-2021-43668,0.00885,0.26162
CVE-2021-43669,0.00885,0.26162
CVE-2021-43673,0.00885,0.26162
CVE-2021-43674,0.00885,0.26162
CVE-2021-43675,0.00954,0.34522
CVE-2021-43676,0.00885,0.26162
CVE-2021-43677,0.00885,0.26162
CVE-2021-43678,0.00885,0.26162
CVE-2021-43679,0.00885,0.26162
CVE-2021-43681,0.00885,0.26162
CVE-2021-43682,0.00885,0.26162
CVE-2021-43683,0.00885,0.26162
CVE-2021-43685,0.00885,0.26162
CVE-2021-43686,0.00885,0.26162
CVE-2021-43687,0.01018,0.38792
CVE-2021-43689,0.00885,0.26162
CVE-2021-43690,0.00885,0.26162
CVE-2021-43691,0.00885,0.26162
CVE-2021-43692,0.00885,0.26162
CVE-2021-43693,0.00885,0.26162
CVE-2021-43695,0.00885,0.26162
CVE-2021-43696,0.00885,0.26162
CVE-2021-43697,0.00885,0.26162
CVE-2021-43698,0.00885,0.26162
CVE-2021-43700,0.00885,0.26162
CVE-2021-43701,0.0089,0.2856
CVE-2021-43702,0.00885,0.26162
CVE-2021-43703,0.00885,0.26162
CVE-2021-43707,0.00885,0.26162
CVE-2021-43708,0.00885,0.26162
CVE-2021-43711,0.01086,0.51674
CVE-2021-43712,0.01061,0.51015
CVE-2021-43721,0.01156,0.60033
CVE-2021-43722,0.00885,0.26162
CVE-2021-43724,0.00885,0.26162
CVE-2021-43725,0.01055,0.50287
CVE-2021-43728,0.00885,0.26162
CVE-2021-43729,0.00885,0.26162
CVE-2021-43734,0.00885,0.26162
CVE-2021-43735,0.00885,0.26162
CVE-2021-43736,0.01156,0.60033
CVE-2021-43737,0.00885,0.26162
CVE-2021-43738,0.00885,0.26162
CVE-2021-43741,0.01978,0.78447
CVE-2021-43742,0.00885,0.26162
CVE-2021-43745,0.00885,0.26162
CVE-2021-43746,0.01055,0.50287
CVE-2021-43747,0.01223,0.65839
CVE-2021-43748,0.01046,0.41635
CVE-2021-43749,0.01046,0.41635
CVE-2021-43750,0.01046,0.41635
CVE-2021-43752,0.01046,0.41635
CVE-2021-43754,0.01223,0.65839
CVE-2021-43755,0.01223,0.65839
CVE-2021-43756,0.01223,0.65839
CVE-2021-43761,0.01046,0.41635
CVE-2021-43762,0.01046,0.41635
CVE-2021-43763,0.01046,0.41635
CVE-2021-43764,0.01046,0.41635
CVE-2021-43765,0.01046,0.41635
CVE-2021-43766,0.00885,0.26162
CVE-2021-43767,0.00885,0.26162
CVE-2021-43771,0.00885,0.26162
CVE-2021-43772,0.00885,0.26162
CVE-2021-43774,0.0089,0.2856
CVE-2021-43775,0.01018,0.38792
CVE-2021-43776,0.00885,0.26162
CVE-2021-43777,0.00885,0.26162
CVE-2021-43778,0.01018,0.38792
CVE-2021-43779,0.04571,0.88388
CVE-2021-43780,0.00885,0.26162
CVE-2021-43781,0.00885,0.26162
CVE-2021-43782,0.0095,0.30554
CVE-2021-43783,0.00885,0.26162
CVE-2021-43784,0.01034,0.39824
CVE-2021-43785,0.00954,0.34522
CVE-2021-43786,0.00954,0.34522
CVE-2021-43787,0.00954,0.34522
CVE-2021-43788,0.0089,0.2856
CVE-2021-43790,0.00954,0.34522
CVE-2021-43791,0.00885,0.26162
CVE-2021-43792,0.0089,0.2856
CVE-2021-43793,0.0089,0.2856
CVE-2021-43794,0.00885,0.26162
CVE-2021-43795,0.00954,0.34522
CVE-2021-43797,0.01018,0.38792
CVE-2021-43799,0.03693,0.843
CVE-2021-43800,0.00954,0.34522
CVE-2021-43801,0.00954,0.34522
CVE-2021-43802,0.02199,0.80273
CVE-2021-43803,0.01018,0.38792
CVE-2021-43804,0.00954,0.34522
CVE-2021-43805,0.00885,0.26162
CVE-2021-43806,0.0095,0.30554
CVE-2021-43807,0.00954,0.34522
CVE-2021-43808,0.01183,0.60428
CVE-2021-43809,0.01365,0.70715
CVE-2021-43810,0.01018,0.38792
CVE-2021-43811,0.01559,0.742
CVE-2021-43812,0.00885,0.26162
CVE-2021-43813,0.01104,0.52279
CVE-2021-43814,0.00954,0.34522
CVE-2021-43815,0.01034,0.39824
CVE-2021-43816,0.01034,0.39824
CVE-2021-43817,0.00885,0.26162
CVE-2021-43818,0.02686,0.82061
CVE-2021-43820,0.00885,0.26162
CVE-2021-43821,0.0095,0.30554
CVE-2021-43822,0.00885,0.26162
CVE-2021-43823,0.00885,0.26162
CVE-2021-43824,0.00885,0.26162
CVE-2021-43825,0.00885,0.26162
CVE-2021-43826,0.00885,0.26162
CVE-2021-43827,0.00885,0.26162
CVE-2021-43828,0.00885,0.26162
CVE-2021-43829,0.0089,0.2856
CVE-2021-43830,0.0095,0.30554
CVE-2021-43831,0.00885,0.26162
CVE-2021-43832,0.01156,0.60033
CVE-2021-43833,0.00885,0.26162
CVE-2021-43834,0.00885,0.26162
CVE-2021-43835,0.00885,0.26162
CVE-2021-43836,0.01978,0.78447
CVE-2021-43837,0.0089,0.2856
CVE-2021-43838,0.00885,0.26162
CVE-2021-43839,0.00954,0.34522
CVE-2021-43840,0.00885,0.26162
CVE-2021-43841,0.0095,0.30554
CVE-2021-43842,0.0089,0.2856
CVE-2021-43843,0.01018,0.38792
CVE-2021-43844,0.01689,0.75137
CVE-2021-43845,0.01018,0.38792
CVE-2021-43846,0.00954,0.34522
CVE-2021-43847,0.0095,0.30554
CVE-2021-43848,0.00885,0.26162
CVE-2021-43849,0.0089,0.2856
CVE-2021-43850,0.00885,0.26162
CVE-2021-43851,0.0089,0.2856
CVE-2021-43852,0.0144,0.7265
CVE-2021-43853,0.0089,0.2856
CVE-2021-43854,0.02398,0.80734
CVE-2021-43855,0.0089,0.2856
CVE-2021-43856,0.0089,0.2856
CVE-2021-43858,0.0095,0.30554
CVE-2021-43859,0.06525,0.90963
CVE-2021-43860,0.01537,0.73595
CVE-2021-43861,0.0089,0.2856
CVE-2021-43862,0.02199,0.80273
CVE-2021-43863,0.00954,0.34522
CVE-2021-43875,0.01528,0.72895
CVE-2021-43876,0.0115,0.5906
CVE-2021-43877,0.0115,0.5906
CVE-2021-43880,0.0115,0.5906
CVE-2021-43882,0.04683,0.8861
CVE-2021-43888,0.02251,0.80538
CVE-2021-43889,0.01967,0.77799
CVE-2021-43890,0.0115,0.5906
CVE-2021-43892,0.02251,0.80538
CVE-2021-43896,0.02251,0.80538
CVE-2021-43899,0.01601,0.74633
CVE-2021-43905,0.01601,0.74633
CVE-2021-43925,0.01055,0.50287
CVE-2021-43926,0.01055,0.50287
CVE-2021-43927,0.01055,0.50287
CVE-2021-43928,0.01055,0.50287
CVE-2021-43929,0.01055,0.50287
CVE-2021-43930,0.00885,0.26162
CVE-2021-43931,0.00885,0.26162
CVE-2021-43932,0.00885,0.26162
CVE-2021-43933,0.00885,0.26162
CVE-2021-43934,0.00885,0.26162
CVE-2021-43935,0.00885,0.26162
CVE-2021-43937,0.00885,0.26162
CVE-2021-43938,0.00885,0.26162
CVE-2021-43939,0.00885,0.26162
CVE-2021-43940,0.00885,0.26162
CVE-2021-43941,0.01055,0.50287
CVE-2021-43942,0.01055,0.50287
CVE-2021-43943,0.00885,0.26162
CVE-2021-43944,0.01156,0.60033
CVE-2021-43945,0.01055,0.50287
CVE-2021-43946,0.01055,0.50287
CVE-2021-43948,0.01055,0.50287
CVE-2021-43949,0.01055,0.50287
CVE-2021-43950,0.01055,0.50287
CVE-2021-43951,0.01055,0.50287
CVE-2021-43952,0.01055,0.50287
CVE-2021-43953,0.01055,0.50287
CVE-2021-43954,0.01055,0.50287
CVE-2021-43955,0.01055,0.50287
CVE-2021-43956,0.01055,0.50287
CVE-2021-43957,0.01055,0.50287
CVE-2021-43958,0.01055,0.50287
CVE-2021-43959,0.01055,0.50287
CVE-2021-43960,0.00885,0.26162
CVE-2021-43961,0.00885,0.26162
CVE-2021-43963,0.00885,0.26162
CVE-2021-43969,0.00885,0.26162
CVE-2021-43970,0.00885,0.26162
CVE-2021-43971,0.01061,0.51015
CVE-2021-43972,0.01061,0.51015
CVE-2021-43973,0.01061,0.51015
CVE-2021-43974,0.00954,0.34522
CVE-2021-43975,0.01034,0.39824
CVE-2021-43976,0.01537,0.73595
CVE-2021-43977,0.00885,0.26162
CVE-2021-43978,0.00885,0.26162
CVE-2021-43979,0.00885,0.26162
CVE-2021-43981,0.00885,0.26162
CVE-2021-43982,0.01036,0.41241
CVE-2021-43983,0.02378,0.80704
CVE-2021-43984,0.00885,0.26162
CVE-2021-43985,0.01055,0.50287
CVE-2021-43986,0.00885,0.26162
CVE-2021-43987,0.00885,0.26162
CVE-2021-43988,0.00885,0.26162
CVE-2021-43989,0.00885,0.26162
CVE-2021-43990,0.00885,0.26162
CVE-2021-43991,0.00885,0.26162
CVE-2021-43996,0.00954,0.34522
CVE-2021-43997,0.00885,0.26162
CVE-2021-43998,0.00885,0.26162
CVE-2021-43999,0.00885,0.26162
CVE-2021-44000,0.01005,0.36332
CVE-2021-44001,0.01005,0.36332
CVE-2021-44002,0.01005,0.36332
CVE-2021-44003,0.00885,0.26162
CVE-2021-44004,0.00885,0.26162
CVE-2021-44005,0.01036,0.41241
CVE-2021-44006,0.01036,0.41241
CVE-2021-44007,0.00885,0.26162
CVE-2021-44008,0.00885,0.26162
CVE-2021-44009,0.00885,0.26162
CVE-2021-44010,0.00885,0.26162
CVE-2021-44011,0.00885,0.26162
CVE-2021-44012,0.00885,0.26162
CVE-2021-44013,0.01005,0.36332
CVE-2021-44014,0.01005,0.36332
CVE-2021-44015,0.00885,0.26162
CVE-2021-44016,0.01005,0.36332
CVE-2021-44017,0.00885,0.26162
CVE-2021-44018,0.01005,0.36332
CVE-2021-44019,0.00885,0.26162
CVE-2021-44020,0.00885,0.26162
CVE-2021-44021,0.00885,0.26162
CVE-2021-44022,0.00885,0.26162
CVE-2021-44023,0.00885,0.26162
CVE-2021-44024,0.00885,0.26162
CVE-2021-44025,0.01183,0.60428
CVE-2021-44026,0.01108,0.53389
CVE-2021-44028,0.00885,0.26162
CVE-2021-44029,0.00885,0.26162
CVE-2021-44030,0.00885,0.26162
CVE-2021-44031,0.0587,0.9006
CVE-2021-44032,0.00954,0.34522
CVE-2021-44033,0.00954,0.34522
CVE-2021-44035,0.00885,0.26162
CVE-2021-44036,0.00885,0.26162
CVE-2021-44037,0.00885,0.26162
CVE-2021-44038,0.00885,0.26162
CVE-2021-44040,0.00885,0.26162
CVE-2021-44041,0.0144,0.7265
CVE-2021-44042,0.00885,0.26162
CVE-2021-44043,0.00885,0.26162
CVE-2021-44044,0.01036,0.41241
CVE-2021-44045,0.01036,0.41241
CVE-2021-44046,0.01036,0.41241
CVE-2021-44047,0.01036,0.41241
CVE-2021-44048,0.01036,0.41241
CVE-2021-44049,0.0095,0.30554
CVE-2021-44050,0.00885,0.26162
CVE-2021-44051,0.01055,0.50287
CVE-2021-44052,0.01055,0.50287
CVE-2021-44053,0.01055,0.50287
CVE-2021-44054,0.00885,0.26162
CVE-2021-44055,0.01055,0.50287
CVE-2021-44056,0.00885,0.26162
CVE-2021-44057,0.00885,0.26162
CVE-2021-44078,0.01559,0.742
CVE-2021-44079,0.05634,0.89764
CVE-2021-44080,0.02055,0.7893
CVE-2021-44081,0.00885,0.26162
CVE-2021-44082,0.04836,0.88802
CVE-2021-44087,0.05634,0.89764
CVE-2021-44088,0.01136,0.57949
CVE-2021-44090,0.00885,0.26162
CVE-2021-44091,0.00885,0.26162
CVE-2021-44092,0.00885,0.26162
CVE-2021-44093,0.01156,0.60033
CVE-2021-44094,0.01103,0.51945
CVE-2021-44095,0.01136,0.57949
CVE-2021-44096,0.01055,0.50287
CVE-2021-44097,0.01055,0.50287
CVE-2021-44098,0.01055,0.50287
CVE-2021-44108,0.01055,0.50287
CVE-2021-44109,0.01055,0.50287
CVE-2021-44111,0.00885,0.26162
CVE-2021-44114,0.01689,0.75137
CVE-2021-44116,0.00885,0.26162
CVE-2021-44117,0.00885,0.26162
CVE-2021-44118,0.0089,0.2856
CVE-2021-44120,0.00885,0.26162
CVE-2021-44122,0.00885,0.26162
CVE-2021-44123,0.01156,0.60033
CVE-2021-44124,0.00885,0.26162
CVE-2021-44127,0.00885,0.26162
CVE-2021-44132,0.01005,0.35949
CVE-2021-44135,0.00885,0.26162
CVE-2021-44138,0.01055,0.50287
CVE-2021-44139,0.00885,0.26162
CVE-2021-44140,0.01055,0.50287
CVE-2021-44141,0.00885,0.26162
CVE-2021-44143,0.06729,0.91198
CVE-2021-44144,0.00885,0.26162
CVE-2021-44145,0.00885,0.26162
CVE-2021-44147,0.01055,0.50287
CVE-2021-44148,0.00885,0.26162
CVE-2021-44149,0.00885,0.26162
CVE-2021-44150,0.00885,0.26162
CVE-2021-44151,0.00885,0.26162
CVE-2021-44152,0.00885,0.26162
CVE-2021-44153,0.00885,0.26162
CVE-2021-44154,0.00885,0.26162
CVE-2021-44155,0.00885,0.26162
CVE-2021-44158,0.01036,0.41241
CVE-2021-44159,0.01424,0.72364
CVE-2021-44160,0.01055,0.50287
CVE-2021-44161,0.00885,0.26162
CVE-2021-44162,0.01055,0.50287
CVE-2021-44163,0.01055,0.50287
CVE-2021-44164,0.01424,0.72364
CVE-2021-44165,0.01156,0.60033
CVE-2021-44166,0.01055,0.50287
CVE-2021-44167,0.00885,0.26162
CVE-2021-44168,0.00885,0.26162
CVE-2021-44169,0.00885,0.26162
CVE-2021-44170,0.00885,0.26162
CVE-2021-44176,0.01046,0.41635
CVE-2021-44177,0.01046,0.41635
CVE-2021-44178,0.01046,0.41635
CVE-2021-44179,0.01768,0.7561
CVE-2021-44180,0.01768,0.7561
CVE-2021-44181,0.01768,0.7561
CVE-2021-44182,0.01046,0.41635
CVE-2021-44183,0.01046,0.41635
CVE-2021-44185,0.01046,0.41635
CVE-2021-44186,0.01046,0.41635
CVE-2021-44187,0.01046,0.41635
CVE-2021-44198,0.00885,0.26162
CVE-2021-44199,0.00885,0.26162
CVE-2021-44200,0.00885,0.26162
CVE-2021-44201,0.00885,0.26162
CVE-2021-44202,0.00885,0.26162
CVE-2021-44203,0.00885,0.26162
CVE-2021-44204,0.00885,0.26162
CVE-2021-44205,0.00885,0.26162
CVE-2021-44206,0.00885,0.26162
CVE-2021-44207,0.00885,0.26162
CVE-2021-44208,0.00885,0.26162
CVE-2021-44209,0.00885,0.26162
CVE-2021-44210,0.00885,0.26162
CVE-2021-44211,0.00885,0.26162
CVE-2021-44212,0.00885,0.26162
CVE-2021-44213,0.00885,0.26162
CVE-2021-44215,0.00885,0.26162
CVE-2021-44216,0.00885,0.26162
CVE-2021-44219,0.00885,0.26162
CVE-2021-44221,0.01055,0.50287
CVE-2021-44222,0.01055,0.50287
CVE-2021-44223,0.01978,0.78447
CVE-2021-44224,0.05242,0.89216
CVE-2021-44225,0.0095,0.30554
CVE-2021-44226,0.0095,0.30554
CVE-2021-44227,0.00885,0.26162
CVE-2021-44230,0.00885,0.26162
CVE-2021-44231,0.00885,0.26162
CVE-2021-44232,0.00885,0.26162
CVE-2021-44233,0.00885,0.26162
CVE-2021-44234,0.00885,0.26162
CVE-2021-44235,0.01005,0.36332
CVE-2021-44238,0.01156,0.60033
CVE-2021-44244,0.00885,0.26162
CVE-2021-44245,0.00885,0.26162
CVE-2021-44246,0.00885,0.26162
CVE-2021-44247,0.02055,0.7893
CVE-2021-44249,0.00885,0.26162
CVE-2021-44255,0.01978,0.78447
CVE-2021-44259,0.01055,0.50287
CVE-2021-44260,0.01055,0.50287
CVE-2021-44261,0.01055,0.50287
CVE-2021-44262,0.01055,0.50287
CVE-2021-44263,0.00885,0.26162
CVE-2021-44266,0.00954,0.34522
CVE-2021-44269,0.01108,0.53389
CVE-2021-44273,0.00954,0.34522
CVE-2021-44277,0.00885,0.26162
CVE-2021-44278,0.00885,0.26162
CVE-2021-44279,0.00885,0.26162
CVE-2021-44280,0.01018,0.38792
CVE-2021-44299,0.00885,0.26162
CVE-2021-44302,0.00885,0.26162
CVE-2021-44310,0.00885,0.26162
CVE-2021-44312,0.00885,0.26162
CVE-2021-44315,0.00885,0.26162
CVE-2021-44317,0.00885,0.26162
CVE-2021-44321,0.00885,0.26162
CVE-2021-44331,0.00885,0.26162
CVE-2021-44334,0.00885,0.26162
CVE-2021-44335,0.00885,0.26162
CVE-2021-44339,0.00885,0.26162
CVE-2021-44340,0.00885,0.26162
CVE-2021-44342,0.00885,0.26162
CVE-2021-44343,0.00885,0.26162
CVE-2021-44345,0.00885,0.26162
CVE-2021-44347,0.00885,0.26162
CVE-2021-44348,0.00885,0.26162
CVE-2021-44349,0.00885,0.26162
CVE-2021-44350,0.00885,0.26162
CVE-2021-44351,0.00885,0.26162
CVE-2021-44352,0.00885,0.26162
CVE-2021-44354,0.00885,0.26162
CVE-2021-44355,0.00885,0.26162
CVE-2021-44356,0.00885,0.26162
CVE-2021-44357,0.00885,0.26162
CVE-2021-44358,0.00885,0.26162
CVE-2021-44359,0.00885,0.26162
CVE-2021-44360,0.00885,0.26162
CVE-2021-44361,0.00885,0.26162
CVE-2021-44362,0.00885,0.26162
CVE-2021-44363,0.00885,0.26162
CVE-2021-44364,0.00885,0.26162
CVE-2021-44365,0.00885,0.26162
CVE-2021-44366,0.00885,0.26162
CVE-2021-44367,0.00885,0.26162
CVE-2021-44368,0.00885,0.26162
CVE-2021-44369,0.00885,0.26162
CVE-2021-44370,0.00885,0.26162
CVE-2021-44371,0.00885,0.26162
CVE-2021-44372,0.00885,0.26162
CVE-2021-44373,0.00885,0.26162
CVE-2021-44374,0.00885,0.26162
CVE-2021-44375,0.00885,0.26162
CVE-2021-44376,0.00885,0.26162
CVE-2021-44377,0.00885,0.26162
CVE-2021-44378,0.00885,0.26162
CVE-2021-44379,0.00885,0.26162
CVE-2021-44380,0.00885,0.26162
CVE-2021-44381,0.00885,0.26162
CVE-2021-44382,0.00885,0.26162
CVE-2021-44383,0.00885,0.26162
CVE-2021-44384,0.00885,0.26162
CVE-2021-44385,0.00885,0.26162
CVE-2021-44386,0.00885,0.26162
CVE-2021-44387,0.00885,0.26162
CVE-2021-44388,0.00885,0.26162
CVE-2021-44389,0.00885,0.26162
CVE-2021-44390,0.00885,0.26162
CVE-2021-44391,0.00885,0.26162
CVE-2021-44392,0.00885,0.26162
CVE-2021-44393,0.00885,0.26162
CVE-2021-44394,0.00885,0.26162
CVE-2021-44395,0.00885,0.26162
CVE-2021-44396,0.00885,0.26162
CVE-2021-44397,0.00885,0.26162
CVE-2021-44398,0.00885,0.26162
CVE-2021-44399,0.00885,0.26162
CVE-2021-44400,0.00885,0.26162
CVE-2021-44401,0.00885,0.26162
CVE-2021-44402,0.00885,0.26162
CVE-2021-44403,0.00885,0.26162
CVE-2021-44404,0.00885,0.26162
CVE-2021-44405,0.00885,0.26162
CVE-2021-44406,0.00885,0.26162
CVE-2021-44407,0.00885,0.26162
CVE-2021-44408,0.00885,0.26162
CVE-2021-44409,0.00885,0.26162
CVE-2021-44410,0.00885,0.26162
CVE-2021-44411,0.00885,0.26162
CVE-2021-44412,0.00885,0.26162
CVE-2021-44413,0.00885,0.26162
CVE-2021-44414,0.00885,0.26162
CVE-2021-44415,0.00885,0.26162
CVE-2021-44416,0.00885,0.26162
CVE-2021-44417,0.00885,0.26162
CVE-2021-44418,0.00885,0.26162
CVE-2021-44419,0.00885,0.26162
CVE-2021-44420,0.01108,0.53389
CVE-2021-44421,0.0095,0.30554
CVE-2021-44422,0.01036,0.41241
CVE-2021-44423,0.01036,0.41241
CVE-2021-44427,0.01055,0.50287
CVE-2021-44428,0.01055,0.50287
CVE-2021-44429,0.01055,0.50287
CVE-2021-44430,0.01036,0.41241
CVE-2021-44431,0.00885,0.26162
CVE-2021-44432,0.01036,0.41241
CVE-2021-44433,0.01036,0.41241
CVE-2021-44434,0.01036,0.41241
CVE-2021-44435,0.01036,0.41241
CVE-2021-44436,0.00885,0.26162
CVE-2021-44437,0.01036,0.41241
CVE-2021-44438,0.01036,0.41241
CVE-2021-44439,0.00885,0.26162
CVE-2021-44440,0.01036,0.41241
CVE-2021-44441,0.01036,0.41241
CVE-2021-44442,0.01036,0.41241
CVE-2021-44443,0.01036,0.41241
CVE-2021-44445,0.01036,0.41241
CVE-2021-44446,0.01036,0.41241
CVE-2021-44447,0.01036,0.41241
CVE-2021-44448,0.00885,0.26162
CVE-2021-44449,0.01036,0.41241
CVE-2021-44450,0.00885,0.26162
CVE-2021-44451,0.00885,0.26162
CVE-2021-44453,0.00885,0.26162
CVE-2021-44454,0.00885,0.26162
CVE-2021-44458,0.00885,0.26162
CVE-2021-44462,0.00885,0.26162
CVE-2021-44463,0.00885,0.26162
CVE-2021-44464,0.00885,0.26162
CVE-2021-44466,0.00885,0.26162
CVE-2021-44470,0.00885,0.26162
CVE-2021-44471,0.00885,0.26162
CVE-2021-44477,0.00885,0.26162
CVE-2021-44478,0.01086,0.51674
CVE-2021-44479,0.00885,0.26162
CVE-2021-44480,0.01055,0.50287
CVE-2021-44481,0.00885,0.26162
CVE-2021-44482,0.00885,0.26162
CVE-2021-44483,0.00885,0.26162
CVE-2021-44484,0.00885,0.26162
CVE-2021-44485,0.00885,0.26162
CVE-2021-44486,0.01086,0.51674
CVE-2021-44487,0.00885,0.26162
CVE-2021-44488,0.00885,0.26162
CVE-2021-44489,0.00885,0.26162
CVE-2021-44490,0.00885,0.26162
CVE-2021-44491,0.00885,0.26162
CVE-2021-44492,0.00954,0.34522
CVE-2021-44493,0.00954,0.34522
CVE-2021-44494,0.00954,0.34522
CVE-2021-44495,0.00954,0.34522
CVE-2021-44496,0.02509,0.81058
CVE-2021-44497,0.00954,0.34522
CVE-2021-44498,0.00954,0.34522
CVE-2021-44499,0.00954,0.34522
CVE-2021-44500,0.00954,0.34522
CVE-2021-44501,0.00954,0.34522
CVE-2021-44502,0.00954,0.34522
CVE-2021-44503,0.00954,0.34522
CVE-2021-44504,0.00954,0.34522
CVE-2021-44505,0.00954,0.34522
CVE-2021-44506,0.00954,0.34522
CVE-2021-44507,0.00954,0.34522
CVE-2021-44508,0.00954,0.34522
CVE-2021-44509,0.00954,0.34522
CVE-2021-44510,0.00954,0.34522
CVE-2021-44512,0.00885,0.26162
CVE-2021-44513,0.00885,0.26162
CVE-2021-44514,0.00885,0.26162
CVE-2021-44515,0.05634,0.89764
CVE-2021-44518,0.00885,0.26162
CVE-2021-44519,0.04571,0.88388
CVE-2021-44520,0.04571,0.88388
CVE-2021-44522,0.01055,0.50287
CVE-2021-44523,0.01055,0.50287
CVE-2021-44524,0.01055,0.50287
CVE-2021-44525,0.00885,0.26162
CVE-2021-44526,0.00885,0.26162
CVE-2021-44527,0.00885,0.26162
CVE-2021-44528,0.00885,0.26162
CVE-2021-44530,0.00885,0.26162
CVE-2021-44531,0.01108,0.53389
CVE-2021-44532,0.01108,0.53389
CVE-2021-44533,0.01108,0.53389
CVE-2021-44537,0.04836,0.88802
CVE-2021-44538,0.01018,0.38792
CVE-2021-44540,0.00885,0.26162
CVE-2021-44541,0.00885,0.26162
CVE-2021-44542,0.00885,0.26162
CVE-2021-44543,0.00885,0.26162
CVE-2021-44544,0.00885,0.26162
CVE-2021-44545,0.00885,0.26162
CVE-2021-44548,0.01978,0.78447
CVE-2021-44549,0.00885,0.26162
CVE-2021-44550,0.00885,0.26162
CVE-2021-44554,0.00885,0.26162
CVE-2021-44556,0.00885,0.26162
CVE-2021-44557,0.00885,0.26162
CVE-2021-44564,0.00885,0.26162
CVE-2021-44565,0.0089,0.2856
CVE-2021-44566,0.0089,0.2856
CVE-2021-44567,0.01018,0.38792
CVE-2021-44568,0.01136,0.57949
CVE-2021-44581,0.00885,0.26162
CVE-2021-44582,0.00885,0.26162
CVE-2021-44584,0.00885,0.26162
CVE-2021-44585,0.00885,0.26162
CVE-2021-44586,0.00885,0.26162
CVE-2021-44590,0.00885,0.26162
CVE-2021-44591,0.00885,0.26162
CVE-2021-44593,0.05634,0.89764
CVE-2021-44595,0.02199,0.80273
CVE-2021-44596,0.05634,0.89764
CVE-2021-44597,0.00885,0.26162
CVE-2021-44598,0.00885,0.26162
CVE-2021-44599,0.00885,0.26162
CVE-2021-44600,0.00885,0.26162
CVE-2021-44607,0.00885,0.26162
CVE-2021-44608,0.00885,0.26162
CVE-2021-44610,0.00885,0.26162
CVE-2021-44617,0.00885,0.26162
CVE-2021-44618,0.00885,0.26162
CVE-2021-44620,0.02211,0.80357
CVE-2021-44622,0.01086,0.51674
CVE-2021-44623,0.00885,0.26162
CVE-2021-44625,0.00885,0.26162
CVE-2021-44626,0.01086,0.51674
CVE-2021-44627,0.01086,0.51674
CVE-2021-44628,0.01086,0.51674
CVE-2021-44629,0.01086,0.51674
CVE-2021-44630,0.01086,0.51674
CVE-2021-44631,0.01086,0.51674
CVE-2021-44632,0.01086,0.51674
CVE-2021-44647,0.0095,0.30554
CVE-2021-44648,0.01018,0.38792
CVE-2021-44649,0.00885,0.26162
CVE-2021-44650,0.01156,0.60033
CVE-2021-44651,0.01156,0.60033
CVE-2021-44652,0.01103,0.51945
CVE-2021-44653,0.00954,0.34522
CVE-2021-44655,0.00954,0.34522
CVE-2021-44657,0.02199,0.80273
CVE-2021-44659,0.01018,0.38792
CVE-2021-44662,0.00954,0.34522
CVE-2021-44663,0.05634,0.89764
CVE-2021-44664,0.0095,0.30554
CVE-2021-44665,0.00885,0.26162
CVE-2021-44667,0.00885,0.26162
CVE-2021-44673,0.01156,0.60033
CVE-2021-44674,0.0095,0.30554
CVE-2021-44675,0.01156,0.60033
CVE-2021-44676,0.00885,0.26162
CVE-2021-44677,0.00885,0.26162
CVE-2021-44678,0.00885,0.26162
CVE-2021-44679,0.00885,0.26162
CVE-2021-44680,0.00885,0.26162
CVE-2021-44681,0.00885,0.26162
CVE-2021-44682,0.00885,0.26162
CVE-2021-44683,0.00885,0.26162
CVE-2021-44684,0.02055,0.7893
CVE-2021-44685,0.0144,0.7265
CVE-2021-44686,0.01018,0.38792
CVE-2021-44692,0.01055,0.50287
CVE-2021-44697,0.01046,0.41635
CVE-2021-44698,0.01046,0.41635
CVE-2021-44699,0.01046,0.41635
CVE-2021-44700,0.01046,0.41635
CVE-2021-44701,0.01223,0.65839
CVE-2021-44702,0.01046,0.41635
CVE-2021-44703,0.01223,0.65839
CVE-2021-44704,0.01223,0.65839
CVE-2021-44705,0.01768,0.7561
CVE-2021-44706,0.01223,0.65839
CVE-2021-44707,0.01768,0.7561
CVE-2021-44708,0.01223,0.65839
CVE-2021-44709,0.01223,0.65839
CVE-2021-44710,0.01223,0.65839
CVE-2021-44711,0.01223,0.65839
CVE-2021-44712,0.01046,0.41635
CVE-2021-44713,0.01046,0.41635
CVE-2021-44714,0.01046,0.41635
CVE-2021-44715,0.01046,0.41635
CVE-2021-44716,0.01018,0.38792
CVE-2021-44717,0.01018,0.38792
CVE-2021-44718,0.00885,0.26162
CVE-2021-44719,0.0089,0.2856
CVE-2021-44720,0.00885,0.26162
CVE-2021-44725,0.00885,0.26162
CVE-2021-44726,0.00885,0.26162
CVE-2021-44730,0.01034,0.39824
CVE-2021-44731,0.01505,0.72763
CVE-2021-44732,0.01108,0.53389
CVE-2021-44734,0.01978,0.78447
CVE-2021-44735,0.02359,0.80663
CVE-2021-44736,0.00885,0.26162
CVE-2021-44737,0.00885,0.26162
CVE-2021-44738,0.01018,0.38792
CVE-2021-44739,0.01046,0.41635
CVE-2021-44740,0.01046,0.41635
CVE-2021-44741,0.01046,0.41635
CVE-2021-44742,0.01223,0.65839
CVE-2021-44743,0.01223,0.65839
CVE-2021-44746,0.01055,0.50287
CVE-2021-44747,0.00885,0.26162
CVE-2021-44748,0.00885,0.26162
CVE-2021-44749,0.01086,0.51674
CVE-2021-44750,0.01036,0.41241
CVE-2021-44751,0.00885,0.26162
CVE-2021-44757,0.00885,0.26162
CVE-2021-44759,0.00885,0.26162
CVE-2021-44760,0.00885,0.26162
CVE-2021-44768,0.00885,0.26162
CVE-2021-44777,0.00885,0.26162
CVE-2021-44779,0.00885,0.26162
CVE-2021-44790,0.07767,0.92799
CVE-2021-44791,0.00885,0.26162
CVE-2021-44792,0.01055,0.50287
CVE-2021-44793,0.01055,0.50287
CVE-2021-44794,0.01055,0.50287
CVE-2021-44795,0.01055,0.50287
CVE-2021-44828,0.00885,0.26162
CVE-2021-44829,0.01018,0.38792
CVE-2021-44833,0.00885,0.26162
CVE-2021-44836,0.00885,0.26162
CVE-2021-44837,0.00885,0.26162
CVE-2021-44838,0.00885,0.26162
CVE-2021-44839,0.00885,0.26162
CVE-2021-44840,0.00885,0.26162
CVE-2021-44847,0.05634,0.89764
CVE-2021-44848,0.00885,0.26162
CVE-2021-44850,0.00885,0.26162
CVE-2021-44857,0.00885,0.26162
CVE-2021-44858,0.00885,0.26162
CVE-2021-44859,0.01036,0.41241
CVE-2021-44860,0.01036,0.41241
CVE-2021-44864,0.00885,0.26162
CVE-2021-44866,0.00885,0.26162
CVE-2021-44868,0.00885,0.26162
CVE-2021-44874,0.00885,0.26162
CVE-2021-44875,0.00885,0.26162
CVE-2021-44876,0.00885,0.26162
CVE-2021-44877,0.00885,0.26162
CVE-2021-44878,0.00954,0.34522
CVE-2021-44879,0.01018,0.38792
CVE-2021-44880,0.02359,0.80663
CVE-2021-44881,0.02211,0.80357
CVE-2021-44882,0.02211,0.80357
CVE-2021-44886,0.00885,0.26162
CVE-2021-44892,0.01156,0.60033
CVE-2021-44896,0.00954,0.34522
CVE-2021-44899,0.00885,0.26162
CVE-2021-44900,0.00885,0.26162
CVE-2021-44901,0.00885,0.26162
CVE-2021-44903,0.00885,0.26162
CVE-2021-44905,0.01055,0.50287
CVE-2021-44906,0.01018,0.38792
CVE-2021-44908,0.00954,0.34522
CVE-2021-44911,0.00885,0.26162
CVE-2021-44912,0.00885,0.26162
CVE-2021-44915,0.00885,0.26162
CVE-2021-44916,0.01018,0.38792
CVE-2021-44917,0.00885,0.26162
CVE-2021-44918,0.00885,0.26162
CVE-2021-44919,0.00885,0.26162
CVE-2021-44920,0.00885,0.26162
CVE-2021-44921,0.00885,0.26162
CVE-2021-44922,0.00885,0.26162
CVE-2021-44923,0.00885,0.26162
CVE-2021-44924,0.00885,0.26162
CVE-2021-44925,0.00885,0.26162
CVE-2021-44926,0.00885,0.26162
CVE-2021-44927,0.00885,0.26162
CVE-2021-44935,0.00885,0.26162
CVE-2021-44937,0.00885,0.26162
CVE-2021-44942,0.00885,0.26162
CVE-2021-44949,0.00885,0.26162
CVE-2021-44954,0.00885,0.26162
CVE-2021-44956,0.00885,0.26162
CVE-2021-44957,0.00885,0.26162
CVE-2021-44960,0.00885,0.26162
CVE-2021-44961,0.00954,0.34522
CVE-2021-44962,0.00885,0.26162
CVE-2021-44964,0.01018,0.38792
CVE-2021-44965,0.00885,0.26162
CVE-2021-44966,0.00885,0.26162
CVE-2021-44967,0.01978,0.78447
CVE-2021-44968,0.01036,0.41241
CVE-2021-44969,0.00885,0.26162
CVE-2021-44970,0.00885,0.26162
CVE-2021-44971,0.02211,0.80357
CVE-2021-44974,0.00954,0.34522
CVE-2021-44975,0.00954,0.34522
CVE-2021-44977,0.00885,0.26162
CVE-2021-44978,0.01978,0.78447
CVE-2021-44981,0.01978,0.78447
CVE-2021-44983,0.00885,0.26162
CVE-2021-44988,0.00954,0.34522
CVE-2021-44992,0.00885,0.26162
CVE-2021-44993,0.00885,0.26162
CVE-2021-44994,0.00954,0.34522
CVE-2021-45003,0.01978,0.78447
CVE-2021-45005,0.00885,0.26162
CVE-2021-45008,0.00885,0.26162
CVE-2021-45010,0.05822,0.89949
CVE-2021-45014,0.00885,0.26162
CVE-2021-45015,0.00885,0.26162
CVE-2021-45017,0.00885,0.26162
CVE-2021-45018,0.00885,0.26162
CVE-2021-45024,0.00954,0.34522
CVE-2021-45025,0.00954,0.34522
CVE-2021-45026,0.00954,0.34522
CVE-2021-45027,0.00885,0.26162
CVE-2021-45029,0.00954,0.34522
CVE-2021-45031,0.00885,0.26162
CVE-2021-45033,0.00885,0.26162
CVE-2021-45034,0.00954,0.34522
CVE-2021-45038,0.00885,0.26162
CVE-2021-45040,0.01055,0.50287
CVE-2021-45042,0.0089,0.2856
CVE-2021-45051,0.01046,0.41635
CVE-2021-45052,0.01046,0.41635
CVE-2021-45053,0.01223,0.65839
CVE-2021-45054,0.01046,0.41635
CVE-2021-45055,0.01223,0.65839
CVE-2021-45056,0.01223,0.65839
CVE-2021-45057,0.01223,0.65839
CVE-2021-45058,0.01223,0.65839
CVE-2021-45059,0.01046,0.41635
CVE-2021-45060,0.01223,0.65839
CVE-2021-45061,0.01223,0.65839
CVE-2021-45062,0.01223,0.65839
CVE-2021-45063,0.01046,0.41635
CVE-2021-45064,0.01223,0.65839
CVE-2021-45067,0.01046,0.41635
CVE-2021-45068,0.01223,0.65839
CVE-2021-45074,0.00885,0.26162
CVE-2021-45077,0.00885,0.26162
CVE-2021-45078,0.01108,0.53389
CVE-2021-45079,0.00885,0.26162
CVE-2021-45081,0.00954,0.34522
CVE-2021-45082,0.0095,0.30554
CVE-2021-45083,0.01034,0.39824
CVE-2021-45085,0.01018,0.38792
CVE-2021-45086,0.00954,0.34522
CVE-2021-45087,0.01018,0.38792
CVE-2021-45088,0.01018,0.38792
CVE-2021-45089,0.00885,0.26162
CVE-2021-45090,0.01156,0.60033
CVE-2021-45091,0.00885,0.26162
CVE-2021-45092,0.00885,0.26162
CVE-2021-45095,0.01034,0.39824
CVE-2021-45096,0.00954,0.34522
CVE-2021-45097,0.00885,0.26162
CVE-2021-45098,0.01018,0.38792
CVE-2021-45099,0.00885,0.26162
CVE-2021-45100,0.01018,0.38792
CVE-2021-45101,0.00885,0.26162
CVE-2021-45102,0.00885,0.26162
CVE-2021-45103,0.00885,0.26162
CVE-2021-45104,0.00885,0.26162
CVE-2021-45106,0.00885,0.26162
CVE-2021-45115,0.01018,0.38792
CVE-2021-45116,0.01018,0.38792
CVE-2021-45117,0.00954,0.34522
CVE-2021-45222,0.0089,0.2856
CVE-2021-45223,0.0089,0.2856
CVE-2021-45224,0.00954,0.34522
CVE-2021-45225,0.00954,0.34522
CVE-2021-45226,0.00954,0.34522
CVE-2021-45227,0.00885,0.26162
CVE-2021-45228,0.00885,0.26162
CVE-2021-45229,0.00885,0.26162
CVE-2021-45230,0.00885,0.26162
CVE-2021-45231,0.00885,0.26162
CVE-2021-45252,0.00885,0.26162
CVE-2021-45253,0.00885,0.26162
CVE-2021-45255,0.00885,0.26162
CVE-2021-45256,0.00885,0.26162
CVE-2021-45257,0.00885,0.26162
CVE-2021-45258,0.00885,0.26162
CVE-2021-45259,0.00885,0.26162
CVE-2021-45260,0.00885,0.26162
CVE-2021-45261,0.00885,0.26162
CVE-2021-45262,0.00885,0.26162
CVE-2021-45263,0.00885,0.26162
CVE-2021-45266,0.00885,0.26162
CVE-2021-45267,0.00885,0.26162
CVE-2021-45268,0.01689,0.75137
CVE-2021-45281,0.00885,0.26162
CVE-2021-45286,0.00885,0.26162
CVE-2021-45288,0.00885,0.26162
CVE-2021-45289,0.00885,0.26162
CVE-2021-45290,0.00954,0.34522
CVE-2021-45291,0.00885,0.26162
CVE-2021-45292,0.00885,0.26162
CVE-2021-45293,0.00954,0.34522
CVE-2021-45297,0.00885,0.26162
CVE-2021-45310,0.00885,0.26162
CVE-2021-45325,0.00885,0.26162
CVE-2021-45326,0.00954,0.34522
CVE-2021-45327,0.02509,0.81058
CVE-2021-45328,0.00885,0.26162
CVE-2021-45329,0.00885,0.26162
CVE-2021-45330,0.00885,0.26162
CVE-2021-45331,0.00885,0.26162
CVE-2021-45334,0.01018,0.38792
CVE-2021-45335,0.00885,0.26162
CVE-2021-45336,0.00885,0.26162
CVE-2021-45337,0.00885,0.26162
CVE-2021-45338,0.0095,0.30554
CVE-2021-45339,0.00885,0.26162
CVE-2021-45340,0.00885,0.26162
CVE-2021-45341,0.00954,0.34522
CVE-2021-45342,0.00954,0.34522
CVE-2021-45343,0.00954,0.34522
CVE-2021-45346,0.0089,0.2856
CVE-2021-45347,0.00885,0.26162
CVE-2021-45348,0.00885,0.26162
CVE-2021-45357,0.00885,0.26162
CVE-2021-45364,0.01086,0.51674
CVE-2021-45379,0.00885,0.26162
CVE-2021-45380,0.00885,0.26162
CVE-2021-45382,0.01978,0.78447
CVE-2021-45385,0.00885,0.26162
CVE-2021-45386,0.00885,0.26162
CVE-2021-45387,0.00885,0.26162
CVE-2021-45389,0.00885,0.26162
CVE-2021-45391,0.01018,0.38792
CVE-2021-45392,0.01018,0.38792
CVE-2021-45394,0.00954,0.34522
CVE-2021-45401,0.02055,0.7893
CVE-2021-45402,0.0089,0.2856
CVE-2021-45406,0.0089,0.2856
CVE-2021-45408,0.00885,0.26162
CVE-2021-45411,0.02432,0.8082
CVE-2021-45414,0.01156,0.60033
CVE-2021-45417,0.0095,0.30554
CVE-2021-45418,0.0089,0.2856
CVE-2021-45419,0.0089,0.2856
CVE-2021-45420,0.00954,0.34522
CVE-2021-45421,0.00954,0.34522
CVE-2021-45422,0.00954,0.34522
CVE-2021-45425,0.01136,0.57949
CVE-2021-45427,0.00954,0.34522
CVE-2021-45428,0.00885,0.26162
CVE-2021-45429,0.00885,0.26162
CVE-2021-45435,0.00885,0.26162
CVE-2021-45440,0.00885,0.26162
CVE-2021-45441,0.00885,0.26162
CVE-2021-45442,0.00885,0.26162
CVE-2021-45444,0.02378,0.80704
CVE-2021-45445,0.00885,0.26162
CVE-2021-45449,0.00885,0.26162
CVE-2021-45450,0.00885,0.26162
CVE-2021-45451,0.00885,0.26162
CVE-2021-45452,0.01018,0.38792
CVE-2021-45454,0.00885,0.26162
CVE-2021-45456,0.00885,0.26162
CVE-2021-45457,0.00885,0.26162
CVE-2021-45458,0.00954,0.34522
CVE-2021-45459,0.02211,0.80357
CVE-2021-45460,0.00885,0.26162
CVE-2021-45461,0.05634,0.89764
CVE-2021-45462,0.00885,0.26162
CVE-2021-45463,0.01719,0.75183
CVE-2021-45468,0.01055,0.50287
CVE-2021-45469,0.01282,0.67298
CVE-2021-45470,0.00954,0.34522
CVE-2021-45471,0.01018,0.38792
CVE-2021-45472,0.00954,0.34522
CVE-2021-45473,0.00954,0.34522
CVE-2021-45474,0.00954,0.34522
CVE-2021-45480,0.0095,0.30554
CVE-2021-45481,0.00885,0.26162
CVE-2021-45482,0.00885,0.26162
CVE-2021-45483,0.00885,0.26162
CVE-2021-45484,0.00885,0.26162
CVE-2021-45485,0.01018,0.38792
CVE-2021-45486,0.0095,0.30554
CVE-2021-45487,0.00885,0.26162
CVE-2021-45488,0.00885,0.26162
CVE-2021-45489,0.00885,0.26162
CVE-2021-45490,0.00885,0.26162
CVE-2021-45491,0.00885,0.26162
CVE-2021-45492,0.00885,0.26162
CVE-2021-45493,0.00885,0.26162
CVE-2021-45494,0.00885,0.26162
CVE-2021-45495,0.00885,0.26162
CVE-2021-45496,0.00885,0.26162
CVE-2021-45497,0.00885,0.26162
CVE-2021-45498,0.00885,0.26162
CVE-2021-45499,0.00885,0.26162
CVE-2021-45500,0.00885,0.26162
CVE-2021-45501,0.00885,0.26162
CVE-2021-45502,0.00885,0.26162
CVE-2021-45503,0.00885,0.26162
CVE-2021-45504,0.00885,0.26162
CVE-2021-45505,0.00885,0.26162
CVE-2021-45506,0.00885,0.26162
CVE-2021-45507,0.00885,0.26162
CVE-2021-45508,0.00885,0.26162
CVE-2021-45509,0.00885,0.26162
CVE-2021-45510,0.00885,0.26162
CVE-2021-45511,0.00885,0.26162
CVE-2021-45512,0.00885,0.26162
CVE-2021-45513,0.01005,0.35949
CVE-2021-45514,0.01005,0.35949
CVE-2021-45515,0.00885,0.26162
CVE-2021-45516,0.00885,0.26162
CVE-2021-45517,0.00885,0.26162
CVE-2021-45518,0.00885,0.26162
CVE-2021-45519,0.00885,0.26162
CVE-2021-45520,0.00885,0.26162
CVE-2021-45521,0.00885,0.26162
CVE-2021-45522,0.00885,0.26162
CVE-2021-45523,0.00885,0.26162
CVE-2021-45524,0.00885,0.26162
CVE-2021-45525,0.00885,0.26162
CVE-2021-45526,0.00885,0.26162
CVE-2021-45527,0.00885,0.26162
CVE-2021-45528,0.00885,0.26162
CVE-2021-45529,0.00885,0.26162
CVE-2021-45530,0.00885,0.26162
CVE-2021-45531,0.02055,0.7893
CVE-2021-45532,0.01005,0.35949
CVE-2021-45533,0.01005,0.35949
CVE-2021-45534,0.01005,0.35949
CVE-2021-45535,0.01005,0.35949
CVE-2021-45536,0.01005,0.35949
CVE-2021-45537,0.01005,0.35949
CVE-2021-45538,0.01005,0.35949
CVE-2021-45539,0.01005,0.35949
CVE-2021-45540,0.01005,0.35949
CVE-2021-45541,0.02055,0.7893
CVE-2021-45542,0.01005,0.35949
CVE-2021-45543,0.01005,0.35949
CVE-2021-45544,0.02055,0.7893
CVE-2021-45545,0.01005,0.35949
CVE-2021-45546,0.02055,0.7893
CVE-2021-45547,0.02055,0.7893
CVE-2021-45548,0.02055,0.7893
CVE-2021-45549,0.01005,0.35949
CVE-2021-45550,0.01005,0.35949
CVE-2021-45551,0.02055,0.7893
CVE-2021-45552,0.02055,0.7893
CVE-2021-45553,0.02055,0.7893
CVE-2021-45554,0.01005,0.35949
CVE-2021-45555,0.01005,0.35949
CVE-2021-45556,0.02055,0.7893
CVE-2021-45557,0.02055,0.7893
CVE-2021-45558,0.01005,0.35949
CVE-2021-45559,0.01005,0.35949
CVE-2021-45560,0.01005,0.35949
CVE-2021-45561,0.01005,0.35949
CVE-2021-45562,0.01005,0.35949
CVE-2021-45563,0.01005,0.35949
CVE-2021-45564,0.01005,0.35949
CVE-2021-45565,0.01005,0.35949
CVE-2021-45566,0.01005,0.35949
CVE-2021-45567,0.01005,0.35949
CVE-2021-45568,0.01005,0.35949
CVE-2021-45569,0.01005,0.35949
CVE-2021-45570,0.01005,0.35949
CVE-2021-45571,0.01005,0.35949
CVE-2021-45572,0.01005,0.35949
CVE-2021-45573,0.00885,0.26162
CVE-2021-45574,0.01005,0.35949
CVE-2021-45575,0.01005,0.35949
CVE-2021-45576,0.01005,0.35949
CVE-2021-45577,0.01005,0.35949
CVE-2021-45578,0.01005,0.35949
CVE-2021-45579,0.01005,0.35949
CVE-2021-45580,0.01005,0.35949
CVE-2021-45581,0.01005,0.35949
CVE-2021-45582,0.01005,0.35949
CVE-2021-45583,0.01005,0.35949
CVE-2021-45584,0.01005,0.35949
CVE-2021-45585,0.01005,0.35949
CVE-2021-45586,0.01005,0.35949
CVE-2021-45587,0.01005,0.35949
CVE-2021-45588,0.01005,0.35949
CVE-2021-45589,0.01005,0.35949
CVE-2021-45590,0.01005,0.35949
CVE-2021-45591,0.01005,0.35949
CVE-2021-45592,0.01005,0.35949
CVE-2021-45593,0.01005,0.35949
CVE-2021-45594,0.01005,0.35949
CVE-2021-45595,0.02055,0.7893
CVE-2021-45596,0.02055,0.7893
CVE-2021-45597,0.02055,0.7893
CVE-2021-45598,0.02055,0.7893
CVE-2021-45599,0.02055,0.7893
CVE-2021-45600,0.02055,0.7893
CVE-2021-45601,0.02055,0.7893
CVE-2021-45602,0.01005,0.35949
CVE-2021-45603,0.00885,0.26162
CVE-2021-45604,0.00885,0.26162
CVE-2021-45605,0.00885,0.26162
CVE-2021-45606,0.00885,0.26162
CVE-2021-45607,0.00885,0.26162
CVE-2021-45608,0.01978,0.78447
CVE-2021-45609,0.00885,0.26162
CVE-2021-45610,0.00885,0.26162
CVE-2021-45611,0.00885,0.26162
CVE-2021-45612,0.02055,0.7893
CVE-2021-45613,0.02055,0.7893
CVE-2021-45614,0.02055,0.7893
CVE-2021-45615,0.01005,0.35949
CVE-2021-45616,0.02055,0.7893
CVE-2021-45617,0.02055,0.7893
CVE-2021-45618,0.02055,0.7893
CVE-2021-45619,0.02055,0.7893
CVE-2021-45620,0.02055,0.7893
CVE-2021-45621,0.02055,0.7893
CVE-2021-45622,0.02055,0.7893
CVE-2021-45623,0.02055,0.7893
CVE-2021-45624,0.02055,0.7893
CVE-2021-45625,0.02055,0.7893
CVE-2021-45626,0.01005,0.35949
CVE-2021-45627,0.02055,0.7893
CVE-2021-45628,0.01005,0.35949
CVE-2021-45629,0.01005,0.35949
CVE-2021-45630,0.02055,0.7893
CVE-2021-45631,0.01005,0.35949
CVE-2021-45632,0.01005,0.35949
CVE-2021-45633,0.01005,0.35949
CVE-2021-45634,0.01005,0.35949
CVE-2021-45635,0.01005,0.35949
CVE-2021-45636,0.00885,0.26162
CVE-2021-45637,0.00885,0.26162
CVE-2021-45638,0.00885,0.26162
CVE-2021-45639,0.00885,0.26162
CVE-2021-45640,0.00885,0.26162
CVE-2021-45641,0.00885,0.26162
CVE-2021-45642,0.00885,0.26162
CVE-2021-45643,0.00885,0.26162
CVE-2021-45644,0.00885,0.26162
CVE-2021-45645,0.00885,0.26162
CVE-2021-45646,0.00885,0.26162
CVE-2021-45647,0.00885,0.26162
CVE-2021-45648,0.00885,0.26162
CVE-2021-45649,0.00885,0.26162
CVE-2021-45650,0.00885,0.26162
CVE-2021-45651,0.00885,0.26162
CVE-2021-45652,0.00885,0.26162
CVE-2021-45653,0.00885,0.26162
CVE-2021-45654,0.00885,0.26162
CVE-2021-45655,0.00885,0.26162
CVE-2021-45656,0.00885,0.26162
CVE-2021-45657,0.00885,0.26162
CVE-2021-45658,0.00885,0.26162
CVE-2021-45659,0.00885,0.26162
CVE-2021-45660,0.00885,0.26162
CVE-2021-45661,0.00885,0.26162
CVE-2021-45662,0.00885,0.26162
CVE-2021-45663,0.00885,0.26162
CVE-2021-45664,0.00885,0.26162
CVE-2021-45665,0.00885,0.26162
CVE-2021-45666,0.00885,0.26162
CVE-2021-45667,0.00885,0.26162
CVE-2021-45668,0.00885,0.26162
CVE-2021-45669,0.00885,0.26162
CVE-2021-45670,0.00885,0.26162
CVE-2021-45671,0.00885,0.26162
CVE-2021-45672,0.00885,0.26162
CVE-2021-45673,0.00885,0.26162
CVE-2021-45674,0.00885,0.26162
CVE-2021-45675,0.00885,0.26162
CVE-2021-45676,0.00885,0.26162
CVE-2021-45677,0.00885,0.26162
CVE-2021-45678,0.00885,0.26162
CVE-2021-45679,0.00885,0.26162
CVE-2021-45680,0.00885,0.26162
CVE-2021-45681,0.00885,0.26162
CVE-2021-45682,0.00885,0.26162
CVE-2021-45683,0.00885,0.26162
CVE-2021-45684,0.00885,0.26162
CVE-2021-45685,0.00885,0.26162
CVE-2021-45686,0.00885,0.26162
CVE-2021-45687,0.00885,0.26162
CVE-2021-45688,0.00885,0.26162
CVE-2021-45689,0.00885,0.26162
CVE-2021-45690,0.00885,0.26162
CVE-2021-45691,0.00885,0.26162
CVE-2021-45692,0.00885,0.26162
CVE-2021-45693,0.00885,0.26162
CVE-2021-45694,0.00885,0.26162
CVE-2021-45695,0.0144,0.7265
CVE-2021-45696,0.00885,0.26162
CVE-2021-45697,0.00885,0.26162
CVE-2021-45698,0.00885,0.26162
CVE-2021-45699,0.01055,0.50287
CVE-2021-45700,0.00885,0.26162
CVE-2021-45701,0.00885,0.26162
CVE-2021-45702,0.00885,0.26162
CVE-2021-45703,0.00885,0.26162
CVE-2021-45704,0.00885,0.26162
CVE-2021-45705,0.00885,0.26162
CVE-2021-45706,0.00885,0.26162
CVE-2021-45707,0.00885,0.26162
CVE-2021-45708,0.00885,0.26162
CVE-2021-45709,0.00885,0.26162
CVE-2021-45710,0.00885,0.26162
CVE-2021-45711,0.01055,0.50287
CVE-2021-45712,0.00885,0.26162
CVE-2021-45713,0.00885,0.26162
CVE-2021-45714,0.00885,0.26162
CVE-2021-45715,0.00885,0.26162
CVE-2021-45716,0.00885,0.26162
CVE-2021-45717,0.00885,0.26162
CVE-2021-45718,0.00885,0.26162
CVE-2021-45719,0.00885,0.26162
CVE-2021-45720,0.00885,0.26162
CVE-2021-45721,0.00885,0.26162
CVE-2021-45729,0.00885,0.26162
CVE-2021-45730,0.00885,0.26162
CVE-2021-45732,0.00885,0.26162
CVE-2021-45733,0.02055,0.7893
CVE-2021-45734,0.00885,0.26162
CVE-2021-45735,0.00885,0.26162
CVE-2021-45736,0.00885,0.26162
CVE-2021-45737,0.00885,0.26162
CVE-2021-45738,0.02055,0.7893
CVE-2021-45739,0.00885,0.26162
CVE-2021-45740,0.00885,0.26162
CVE-2021-45741,0.00885,0.26162
CVE-2021-45742,0.02055,0.7893
CVE-2021-45744,0.00885,0.26162
CVE-2021-45745,0.00885,0.26162
CVE-2021-45746,0.00885,0.26162
CVE-2021-45756,0.00954,0.34522
CVE-2021-45757,0.00954,0.34522
CVE-2021-45760,0.00885,0.26162
CVE-2021-45761,0.00885,0.26162
CVE-2021-45762,0.00885,0.26162
CVE-2021-45763,0.00885,0.26162
CVE-2021-45764,0.00885,0.26162
CVE-2021-45767,0.00885,0.26162
CVE-2021-45769,0.00885,0.26162
CVE-2021-45773,0.00885,0.26162
CVE-2021-45783,0.00954,0.34522
CVE-2021-45786,0.00885,0.26162
CVE-2021-45787,0.00885,0.26162
CVE-2021-45788,0.00885,0.26162
CVE-2021-45789,0.00885,0.26162
CVE-2021-45790,0.00885,0.26162
CVE-2021-45791,0.00885,0.26162
CVE-2021-45792,0.00885,0.26162
CVE-2021-45793,0.00885,0.26162
CVE-2021-45794,0.00885,0.26162
CVE-2021-45802,0.00885,0.26162
CVE-2021-45803,0.00885,0.26162
CVE-2021-45806,0.0089,0.2856
CVE-2021-45807,0.02509,0.81058
CVE-2021-45808,0.0089,0.2856
CVE-2021-45809,0.00885,0.26162
CVE-2021-45810,0.00885,0.26162
CVE-2021-45812,0.00885,0.26162
CVE-2021-45813,0.00885,0.26162
CVE-2021-45814,0.00954,0.34522
CVE-2021-45815,0.00885,0.26162
CVE-2021-45818,0.00885,0.26162
CVE-2021-45819,0.00885,0.26162
CVE-2021-45821,0.04571,0.88388
CVE-2021-45822,0.00954,0.34522
CVE-2021-45829,0.00885,0.26162
CVE-2021-45830,0.00885,0.26162
CVE-2021-45831,0.00885,0.26162
CVE-2021-45832,0.00885,0.26162
CVE-2021-45833,0.00885,0.26162
CVE-2021-45834,0.02509,0.81058
CVE-2021-45835,0.02509,0.81058
CVE-2021-45836,0.00885,0.26162
CVE-2021-45837,0.00885,0.26162
CVE-2021-45839,0.00885,0.26162
CVE-2021-45840,0.00885,0.26162
CVE-2021-45841,0.00885,0.26162
CVE-2021-45842,0.00885,0.26162
CVE-2021-45843,0.00885,0.26162
CVE-2021-45844,0.01018,0.38792
CVE-2021-45845,0.00885,0.26162
CVE-2021-45846,0.00885,0.26162
CVE-2021-45847,0.00954,0.34522
CVE-2021-45848,0.00885,0.26162
CVE-2021-45851,0.00885,0.26162
CVE-2021-45852,0.00885,0.26162
CVE-2021-45856,0.01055,0.50287
CVE-2021-45860,0.00885,0.26162
CVE-2021-45861,0.00885,0.26162
CVE-2021-45863,0.00885,0.26162
CVE-2021-45864,0.00885,0.26162
CVE-2021-45865,0.00885,0.26162
CVE-2021-45866,0.00885,0.26162
CVE-2021-45868,0.01108,0.53389
CVE-2021-45876,0.02055,0.7893
CVE-2021-45877,0.00885,0.26162
CVE-2021-45878,0.00885,0.26162
CVE-2021-45884,0.01018,0.38792
CVE-2021-45885,0.00885,0.26162
CVE-2021-45886,0.00885,0.26162
CVE-2021-45887,0.01978,0.78447
CVE-2021-45888,0.00885,0.26162
CVE-2021-45889,0.00885,0.26162
CVE-2021-45890,0.01018,0.38792
CVE-2021-45891,0.00885,0.26162
CVE-2021-45892,0.00885,0.26162
CVE-2021-45893,0.00885,0.26162
CVE-2021-45894,0.00885,0.26162
CVE-2021-45895,0.00885,0.26162
CVE-2021-45896,0.00885,0.26162
CVE-2021-45898,0.00885,0.26162
CVE-2021-45899,0.01978,0.78447
CVE-2021-45900,0.00885,0.26162
CVE-2021-45903,0.01136,0.57949
CVE-2021-45904,0.00885,0.26162
CVE-2021-45905,0.00885,0.26162
CVE-2021-45906,0.00885,0.26162
CVE-2021-45907,0.00885,0.26162
CVE-2021-45908,0.00885,0.26162
CVE-2021-45909,0.00885,0.26162
CVE-2021-45910,0.00885,0.26162
CVE-2021-45911,0.00885,0.26162
CVE-2021-45912,0.00885,0.26162
CVE-2021-45913,0.00885,0.26162
CVE-2021-45914,0.01018,0.38792
CVE-2021-45915,0.01018,0.38792
CVE-2021-45916,0.00885,0.26162
CVE-2021-45917,0.01036,0.41241
CVE-2021-45918,0.01055,0.50287
CVE-2021-45919,0.00885,0.26162
CVE-2021-45926,0.0095,0.30554
CVE-2021-45927,0.0095,0.30554
CVE-2021-45928,0.0095,0.30554
CVE-2021-45929,0.00885,0.26162
CVE-2021-45930,0.01537,0.73595
CVE-2021-45931,0.01108,0.53389
CVE-2021-45932,0.00954,0.34522
CVE-2021-45933,0.00954,0.34522
CVE-2021-45934,0.00954,0.34522
CVE-2021-45935,0.00954,0.34522
CVE-2021-45936,0.00954,0.34522
CVE-2021-45937,0.00954,0.34522
CVE-2021-45938,0.00954,0.34522
CVE-2021-45939,0.00954,0.34522
CVE-2021-45940,0.00885,0.26162
CVE-2021-45941,0.00885,0.26162
CVE-2021-45942,0.01537,0.73595
CVE-2021-45943,0.01183,0.60428
CVE-2021-45944,0.01108,0.53389
CVE-2021-45946,0.00885,0.26162
CVE-2021-45947,0.00885,0.26162
CVE-2021-45948,0.00885,0.26162
CVE-2021-45949,0.01018,0.38792
CVE-2021-45950,0.00885,0.26162
CVE-2021-45951,0.01018,0.38792
CVE-2021-45952,0.01018,0.38792
CVE-2021-45953,0.01018,0.38792
CVE-2021-45954,0.01018,0.38792
CVE-2021-45955,0.01018,0.38792
CVE-2021-45956,0.01018,0.38792
CVE-2021-45957,0.01018,0.38792
CVE-2021-45958,0.01537,0.73595
CVE-2021-45966,0.05634,0.89764
CVE-2021-45967,0.01018,0.38792
CVE-2021-45968,0.01018,0.38792
CVE-2021-45969,0.0089,0.2856
CVE-2021-45970,0.0089,0.2856
CVE-2021-45971,0.0089,0.2856
CVE-2021-45972,0.00954,0.34522
CVE-2021-45975,0.01559,0.742
CVE-2021-45977,0.00885,0.26162
CVE-2021-45978,0.04836,0.88802
CVE-2021-45979,0.04836,0.88802
CVE-2021-45980,0.04836,0.88802
CVE-2021-45981,0.00885,0.26162
CVE-2021-45982,0.00885,0.26162
CVE-2021-45983,0.0144,0.7265
CVE-2021-45986,0.02055,0.7893
CVE-2021-45987,0.02055,0.7893
CVE-2021-45988,0.00885,0.26162
CVE-2021-45989,0.00885,0.26162
CVE-2021-45990,0.02055,0.7893
CVE-2021-45991,0.00885,0.26162
CVE-2021-45992,0.00885,0.26162
CVE-2021-45993,0.00885,0.26162
CVE-2021-45994,0.00885,0.26162
CVE-2021-45995,0.00885,0.26162
CVE-2021-45996,0.00885,0.26162
CVE-2021-45997,0.00885,0.26162
CVE-2021-45998,0.02211,0.80357
CVE-2021-46006,0.0089,0.2856
CVE-2021-46007,0.02211,0.80357
CVE-2021-46008,0.00954,0.34522
CVE-2021-46009,0.00954,0.34522
CVE-2021-46010,0.0089,0.2856
CVE-2021-46013,0.01424,0.72364
CVE-2021-46019,0.00954,0.34522
CVE-2021-46020,0.00885,0.26162
CVE-2021-46021,0.00954,0.34522
CVE-2021-46022,0.00954,0.34522
CVE-2021-46024,0.00885,0.26162
CVE-2021-46025,0.00885,0.26162
CVE-2021-46026,0.00885,0.26162
CVE-2021-46027,0.00885,0.26162
CVE-2021-46028,0.00885,0.26162
CVE-2021-46030,0.00885,0.26162
CVE-2021-46033,0.00885,0.26162
CVE-2021-46034,0.00885,0.26162
CVE-2021-46036,0.01338,0.70562
CVE-2021-46037,0.00885,0.26162
CVE-2021-46038,0.00885,0.26162
CVE-2021-46039,0.00885,0.26162
CVE-2021-46040,0.00885,0.26162
CVE-2021-46041,0.00885,0.26162
CVE-2021-46042,0.00885,0.26162
CVE-2021-46043,0.00885,0.26162
CVE-2021-46044,0.00885,0.26162
CVE-2021-46045,0.00885,0.26162
CVE-2021-46046,0.00885,0.26162
CVE-2021-46047,0.00885,0.26162
CVE-2021-46048,0.00885,0.26162
CVE-2021-46049,0.00885,0.26162
CVE-2021-46050,0.00885,0.26162
CVE-2021-46051,0.00885,0.26162
CVE-2021-46052,0.00885,0.26162
CVE-2021-46053,0.00885,0.26162
CVE-2021-46054,0.00885,0.26162
CVE-2021-46055,0.00885,0.26162
CVE-2021-46061,0.00885,0.26162
CVE-2021-46062,0.00885,0.26162
CVE-2021-46063,0.00885,0.26162
CVE-2021-46064,0.00954,0.34522
CVE-2021-46065,0.00885,0.26162
CVE-2021-46067,0.00885,0.26162
CVE-2021-46068,0.00885,0.26162
CVE-2021-46069,0.00885,0.26162
CVE-2021-46070,0.00885,0.26162
CVE-2021-46071,0.00885,0.26162
CVE-2021-46072,0.00885,0.26162
CVE-2021-46073,0.00885,0.26162
CVE-2021-46074,0.00885,0.26162
CVE-2021-46075,0.00885,0.26162
CVE-2021-46082,0.00885,0.26162
CVE-2021-46083,0.00885,0.26162
CVE-2021-46084,0.00885,0.26162
CVE-2021-46085,0.00885,0.26162
CVE-2021-46086,0.00885,0.26162
CVE-2021-46087,0.00885,0.26162
CVE-2021-46088,0.01156,0.60033
CVE-2021-46089,0.00885,0.26162
CVE-2021-46093,0.00885,0.26162
CVE-2021-46097,0.01156,0.60033
CVE-2021-46101,0.00885,0.26162
CVE-2021-46102,0.01018,0.38792
CVE-2021-46104,0.00885,0.26162
CVE-2021-46107,0.00885,0.26162
CVE-2021-46109,0.00885,0.26162
CVE-2021-46110,0.00885,0.26162
CVE-2021-46113,0.0089,0.2856
CVE-2021-46114,0.0089,0.2856
CVE-2021-46115,0.0089,0.2856
CVE-2021-46116,0.04571,0.88388
CVE-2021-46117,0.04571,0.88388
CVE-2021-46118,0.04571,0.88388
CVE-2021-46122,0.00885,0.26162
CVE-2021-46141,0.01108,0.53389
CVE-2021-46142,0.01108,0.53389
CVE-2021-46144,0.01108,0.53389
CVE-2021-46145,0.01018,0.38792
CVE-2021-46146,0.00885,0.26162
CVE-2021-46147,0.00885,0.26162
CVE-2021-46148,0.0089,0.2856
CVE-2021-46149,0.00885,0.26162
CVE-2021-46150,0.00885,0.26162
CVE-2021-46151,0.01559,0.742
CVE-2021-46152,0.01559,0.742
CVE-2021-46153,0.01559,0.742
CVE-2021-46154,0.01559,0.742
CVE-2021-46155,0.01559,0.742
CVE-2021-46156,0.01005,0.36332
CVE-2021-46157,0.01005,0.36332
CVE-2021-46158,0.01559,0.742
CVE-2021-46159,0.01005,0.36332
CVE-2021-46160,0.01005,0.36332
CVE-2021-46161,0.01005,0.36332
CVE-2021-46162,0.01005,0.36332
CVE-2021-46163,0.00885,0.26162
CVE-2021-46164,0.01156,0.60033
CVE-2021-46165,0.00885,0.26162
CVE-2021-46166,0.00885,0.26162
CVE-2021-46167,0.0095,0.30554
CVE-2021-46168,0.00885,0.26162
CVE-2021-46169,0.00885,0.26162
CVE-2021-46170,0.00885,0.26162
CVE-2021-46171,0.00885,0.26162
CVE-2021-46195,0.00885,0.26162
CVE-2021-46198,0.00885,0.26162
CVE-2021-46200,0.00885,0.26162
CVE-2021-46201,0.00885,0.26162
CVE-2021-46203,0.00885,0.26162
CVE-2021-46204,0.00885,0.26162
CVE-2021-46225,0.00885,0.26162
CVE-2021-46226,0.02211,0.80357
CVE-2021-46227,0.02211,0.80357
CVE-2021-46228,0.02211,0.80357
CVE-2021-46229,0.02211,0.80357
CVE-2021-46230,0.02211,0.80357
CVE-2021-46231,0.02211,0.80357
CVE-2021-46232,0.02211,0.80357
CVE-2021-46233,0.02211,0.80357
CVE-2021-46234,0.00885,0.26162
CVE-2021-46236,0.00885,0.26162
CVE-2021-46237,0.00885,0.26162
CVE-2021-46238,0.00885,0.26162
CVE-2021-46239,0.00885,0.26162
CVE-2021-46240,0.00885,0.26162
CVE-2021-46242,0.00885,0.26162
CVE-2021-46243,0.00885,0.26162
CVE-2021-46244,0.00885,0.26162
CVE-2021-46247,0.00885,0.26162
CVE-2021-46249,0.00885,0.26162
CVE-2021-46250,0.00885,0.26162
CVE-2021-46251,0.00885,0.26162
CVE-2021-46252,0.00885,0.26162
CVE-2021-46253,0.00885,0.26162
CVE-2021-46255,0.00885,0.26162
CVE-2021-46262,0.00885,0.26162
CVE-2021-46263,0.00885,0.26162
CVE-2021-46264,0.00885,0.26162
CVE-2021-46265,0.00885,0.26162
CVE-2021-46270,0.00885,0.26162
CVE-2021-46283,0.0089,0.2856
CVE-2021-46304,0.00885,0.26162
CVE-2021-46307,0.00885,0.26162
CVE-2021-46308,0.00885,0.26162
CVE-2021-46309,0.00885,0.26162
CVE-2021-46311,0.00885,0.26162
CVE-2021-46313,0.00885,0.26162
CVE-2021-46314,0.01978,0.78447
CVE-2021-46315,0.01978,0.78447
CVE-2021-46319,0.01978,0.78447
CVE-2021-46320,0.00885,0.26162
CVE-2021-46321,0.00885,0.26162
CVE-2021-46322,0.00885,0.26162
CVE-2021-46323,0.00885,0.26162
CVE-2021-46324,0.00885,0.26162
CVE-2021-46325,0.00885,0.26162
CVE-2021-46326,0.00885,0.26162
CVE-2021-46327,0.00885,0.26162
CVE-2021-46328,0.00885,0.26162
CVE-2021-46329,0.00885,0.26162
CVE-2021-46330,0.00885,0.26162
CVE-2021-46331,0.00885,0.26162
CVE-2021-46332,0.00885,0.26162
CVE-2021-46333,0.00885,0.26162
CVE-2021-46334,0.00885,0.26162
CVE-2021-46335,0.00885,0.26162
CVE-2021-46336,0.00885,0.26162
CVE-2021-46337,0.00885,0.26162
CVE-2021-46338,0.00885,0.26162
CVE-2021-46339,0.00885,0.26162
CVE-2021-46340,0.00885,0.26162
CVE-2021-46342,0.00885,0.26162
CVE-2021-46343,0.00885,0.26162
CVE-2021-46344,0.00885,0.26162
CVE-2021-46345,0.00885,0.26162
CVE-2021-46346,0.00885,0.26162
CVE-2021-46347,0.00885,0.26162
CVE-2021-46348,0.00885,0.26162
CVE-2021-46349,0.00885,0.26162
CVE-2021-46350,0.00885,0.26162
CVE-2021-46351,0.00885,0.26162
CVE-2021-46354,0.00954,0.34522
CVE-2021-46355,0.0144,0.7265
CVE-2021-46359,0.00885,0.26162
CVE-2021-46360,0.01156,0.60033
CVE-2021-46361,0.0144,0.7265
CVE-2021-46362,0.0144,0.7265
CVE-2021-46363,0.01005,0.36332
CVE-2021-46364,0.01005,0.36332
CVE-2021-46365,0.00885,0.26162
CVE-2021-46366,0.00885,0.26162
CVE-2021-46367,0.04571,0.88388
CVE-2021-46368,0.00885,0.26162
CVE-2021-46371,0.00885,0.26162
CVE-2021-46372,0.00885,0.26162
CVE-2021-46377,0.00885,0.26162
CVE-2021-46378,0.01136,0.57949
CVE-2021-46379,0.00954,0.34522
CVE-2021-46381,0.00954,0.34522
CVE-2021-46382,0.00885,0.26162
CVE-2021-46383,0.00885,0.26162
CVE-2021-46384,0.01086,0.51674
CVE-2021-46385,0.00885,0.26162
CVE-2021-46386,0.01338,0.70562
CVE-2021-46387,0.01018,0.38792
CVE-2021-46389,0.00885,0.26162
CVE-2021-46390,0.01018,0.38792
CVE-2021-46393,0.01156,0.60033
CVE-2021-46394,0.01156,0.60033
CVE-2021-46398,0.01108,0.53389
CVE-2021-46408,0.00885,0.26162
CVE-2021-46416,0.0089,0.2856
CVE-2021-46418,0.00885,0.26162
CVE-2021-46419,0.00885,0.26162
CVE-2021-46420,0.00885,0.26162
CVE-2021-46421,0.00885,0.26162
CVE-2021-46423,0.01055,0.50287
CVE-2021-46424,0.01055,0.50287
CVE-2021-46426,0.01018,0.38792
CVE-2021-46427,0.01018,0.38792
CVE-2021-46428,0.01978,0.78447
CVE-2021-46433,0.00885,0.26162
CVE-2021-46434,0.00885,0.26162
CVE-2021-46436,0.00885,0.26162
CVE-2021-46437,0.00885,0.26162
CVE-2021-46440,0.01018,0.38792
CVE-2021-46441,0.00885,0.26162
CVE-2021-46442,0.00885,0.26162
CVE-2021-46444,0.00885,0.26162
CVE-2021-46445,0.00885,0.26162
CVE-2021-46446,0.00885,0.26162
CVE-2021-46447,0.00885,0.26162
CVE-2021-46448,0.00885,0.26162
CVE-2021-46451,0.00885,0.26162
CVE-2021-46452,0.02211,0.80357
CVE-2021-46453,0.02211,0.80357
CVE-2021-46454,0.02211,0.80357
CVE-2021-46455,0.02211,0.80357
CVE-2021-46456,0.02211,0.80357
CVE-2021-46457,0.02211,0.80357
CVE-2021-46458,0.00885,0.26162
CVE-2021-46459,0.00885,0.26162
CVE-2021-46461,0.00954,0.34522
CVE-2021-46462,0.00954,0.34522
CVE-2021-46463,0.00954,0.34522
CVE-2021-46474,0.00885,0.26162
CVE-2021-46475,0.00885,0.26162
CVE-2021-46477,0.00885,0.26162
CVE-2021-46478,0.00885,0.26162
CVE-2021-46480,0.00885,0.26162
CVE-2021-46481,0.00885,0.26162
CVE-2021-46482,0.00885,0.26162
CVE-2021-46483,0.00885,0.26162
CVE-2021-46484,0.00885,0.26162
CVE-2021-46485,0.00885,0.26162
CVE-2021-46486,0.00885,0.26162
CVE-2021-46487,0.00885,0.26162
CVE-2021-46488,0.00885,0.26162
CVE-2021-46489,0.00885,0.26162
CVE-2021-46490,0.00885,0.26162
CVE-2021-46491,0.00885,0.26162
CVE-2021-46492,0.00885,0.26162
CVE-2021-46494,0.00885,0.26162
CVE-2021-46495,0.00885,0.26162
CVE-2021-46496,0.00885,0.26162
CVE-2021-46497,0.00885,0.26162
CVE-2021-46498,0.00885,0.26162
CVE-2021-46499,0.00885,0.26162
CVE-2021-46500,0.00885,0.26162
CVE-2021-46501,0.00885,0.26162
CVE-2021-46502,0.00885,0.26162
CVE-2021-46503,0.00885,0.26162
CVE-2021-46504,0.00885,0.26162
CVE-2021-46505,0.00885,0.26162
CVE-2021-46506,0.00885,0.26162
CVE-2021-46507,0.00885,0.26162
CVE-2021-46508,0.00885,0.26162
CVE-2021-46509,0.00885,0.26162
CVE-2021-46510,0.00885,0.26162
CVE-2021-46511,0.00885,0.26162
CVE-2021-46512,0.00885,0.26162
CVE-2021-46513,0.00885,0.26162
CVE-2021-46514,0.00885,0.26162
CVE-2021-46515,0.00885,0.26162
CVE-2021-46516,0.00885,0.26162
CVE-2021-46517,0.00885,0.26162
CVE-2021-46518,0.00885,0.26162
CVE-2021-46519,0.00885,0.26162
CVE-2021-46520,0.00885,0.26162
CVE-2021-46521,0.00885,0.26162
CVE-2021-46522,0.00885,0.26162
CVE-2021-46523,0.00885,0.26162
CVE-2021-46524,0.00885,0.26162
CVE-2021-46525,0.00885,0.26162
CVE-2021-46526,0.00885,0.26162
CVE-2021-46527,0.00885,0.26162
CVE-2021-46528,0.00885,0.26162
CVE-2021-46529,0.00885,0.26162
CVE-2021-46530,0.00885,0.26162
CVE-2021-46531,0.00885,0.26162
CVE-2021-46532,0.00885,0.26162
CVE-2021-46534,0.00885,0.26162
CVE-2021-46535,0.00885,0.26162
CVE-2021-46537,0.00885,0.26162
CVE-2021-46538,0.00885,0.26162
CVE-2021-46539,0.00885,0.26162
CVE-2021-46540,0.00885,0.26162
CVE-2021-46541,0.00885,0.26162
CVE-2021-46542,0.00885,0.26162
CVE-2021-46543,0.00885,0.26162
CVE-2021-46544,0.00885,0.26162
CVE-2021-46545,0.00885,0.26162
CVE-2021-46546,0.00885,0.26162
CVE-2021-46547,0.00885,0.26162
CVE-2021-46548,0.00885,0.26162
CVE-2021-46549,0.00885,0.26162
CVE-2021-46550,0.00885,0.26162
CVE-2021-46553,0.00885,0.26162
CVE-2021-46554,0.00885,0.26162
CVE-2021-46556,0.00885,0.26162
CVE-2021-46557,0.00885,0.26162
CVE-2021-46558,0.00885,0.26162
CVE-2021-46559,0.00885,0.26162
CVE-2021-46560,0.02055,0.7893
CVE-2021-46561,0.00885,0.26162
CVE-2021-46562,0.01611,0.74874
CVE-2021-46563,0.01611,0.74874
CVE-2021-46564,0.01611,0.74874
CVE-2021-46565,0.01611,0.74874
CVE-2021-46566,0.01611,0.74874
CVE-2021-46567,0.01611,0.74874
CVE-2021-46568,0.01611,0.74874
CVE-2021-46569,0.01611,0.74874
CVE-2021-46570,0.01611,0.74874
CVE-2021-46571,0.01611,0.74874
CVE-2021-46572,0.01611,0.74874
CVE-2021-46573,0.01611,0.74874
CVE-2021-46574,0.01611,0.74874
CVE-2021-46575,0.01611,0.74874
CVE-2021-46576,0.01611,0.74874
CVE-2021-46577,0.01611,0.74874
CVE-2021-46578,0.01611,0.74874
CVE-2021-46579,0.01611,0.74874
CVE-2021-46580,0.01611,0.74874
CVE-2021-46581,0.01611,0.74874
CVE-2021-46582,0.01611,0.74874
CVE-2021-46583,0.01611,0.74874
CVE-2021-46584,0.01611,0.74874
CVE-2021-46585,0.01611,0.74874
CVE-2021-46586,0.01611,0.74874
CVE-2021-46587,0.01611,0.74874
CVE-2021-46588,0.01611,0.74874
CVE-2021-46589,0.01611,0.74874
CVE-2021-46590,0.01611,0.74874
CVE-2021-46591,0.01611,0.74874
CVE-2021-46592,0.01611,0.74874
CVE-2021-46593,0.01611,0.74874
CVE-2021-46594,0.01611,0.74874
CVE-2021-46595,0.01611,0.74874
CVE-2021-46596,0.01611,0.74874
CVE-2021-46597,0.01611,0.74874
CVE-2021-46598,0.01611,0.74874
CVE-2021-46599,0.01611,0.74874
CVE-2021-46600,0.01611,0.74874
CVE-2021-46601,0.01611,0.74874
CVE-2021-46602,0.01611,0.74874
CVE-2021-46603,0.01611,0.74874
CVE-2021-46604,0.01611,0.74874
CVE-2021-46605,0.01611,0.74874
CVE-2021-46606,0.01611,0.74874
CVE-2021-46607,0.01611,0.74874
CVE-2021-46608,0.01611,0.74874
CVE-2021-46609,0.01611,0.74874
CVE-2021-46610,0.01611,0.74874
CVE-2021-46611,0.01611,0.74874
CVE-2021-46612,0.01611,0.74874
CVE-2021-46613,0.01611,0.74874
CVE-2021-46614,0.01611,0.74874
CVE-2021-46615,0.01611,0.74874
CVE-2021-46616,0.01611,0.74874
CVE-2021-46617,0.01611,0.74874
CVE-2021-46618,0.01611,0.74874
CVE-2021-46619,0.01611,0.74874
CVE-2021-46620,0.01611,0.74874
CVE-2021-46621,0.01611,0.74874
CVE-2021-46622,0.01611,0.74874
CVE-2021-46623,0.01611,0.74874
CVE-2021-46624,0.01611,0.74874
CVE-2021-46625,0.01611,0.74874
CVE-2021-46626,0.01611,0.74874
CVE-2021-46627,0.01611,0.74874
CVE-2021-46628,0.01611,0.74874
CVE-2021-46629,0.01611,0.74874
CVE-2021-46630,0.01611,0.74874
CVE-2021-46631,0.01611,0.74874
CVE-2021-46632,0.01611,0.74874
CVE-2021-46633,0.01611,0.74874
CVE-2021-46634,0.01611,0.74874
CVE-2021-46635,0.01611,0.74874
CVE-2021-46636,0.01611,0.74874
CVE-2021-46637,0.01611,0.74874
CVE-2021-46638,0.01611,0.74874
CVE-2021-46639,0.01611,0.74874
CVE-2021-46640,0.01611,0.74874
CVE-2021-46641,0.01611,0.74874
CVE-2021-46642,0.01611,0.74874
CVE-2021-46643,0.01611,0.74874
CVE-2021-46644,0.01611,0.74874
CVE-2021-46645,0.01611,0.74874
CVE-2021-46646,0.01611,0.74874
CVE-2021-46647,0.01611,0.74874
CVE-2021-46648,0.01611,0.74874
CVE-2021-46649,0.01611,0.74874
CVE-2021-46650,0.01611,0.74874
CVE-2021-46651,0.01611,0.74874
CVE-2021-46652,0.01611,0.74874
CVE-2021-46653,0.01611,0.74874
CVE-2021-46654,0.01611,0.74874
CVE-2021-46655,0.01611,0.74874
CVE-2021-46656,0.01611,0.74874
CVE-2021-46657,0.0089,0.2856
CVE-2021-46658,0.0089,0.2856
CVE-2021-46659,0.01034,0.39824
CVE-2021-46660,0.00885,0.26162
CVE-2021-46661,0.01034,0.39824
CVE-2021-46662,0.0089,0.2856
CVE-2021-46663,0.01034,0.39824
CVE-2021-46664,0.01034,0.39824
CVE-2021-46665,0.01034,0.39824
CVE-2021-46666,0.0089,0.2856
CVE-2021-46667,0.01034,0.39824
CVE-2021-46668,0.01034,0.39824
CVE-2021-46669,0.01018,0.38792
CVE-2021-46671,0.00954,0.34522
CVE-2021-46676,0.0144,0.7265
CVE-2021-46677,0.0144,0.7265
CVE-2021-46678,0.0144,0.7265
CVE-2021-46679,0.0144,0.7265
CVE-2021-46680,0.01086,0.51674
CVE-2021-46681,0.0144,0.7265
CVE-2021-46687,0.00885,0.26162
CVE-2021-46699,0.01005,0.36332
CVE-2021-46700,0.00885,0.26162
CVE-2021-46701,0.00885,0.26162
CVE-2021-46703,0.00885,0.26162
CVE-2021-46704,0.02055,0.7893
CVE-2021-46705,0.00885,0.26162
CVE-2021-46708,0.01136,0.57949
CVE-2021-46709,0.00885,0.26162
CVE-2021-46740,0.00885,0.26162
CVE-2021-46741,0.00954,0.34522
CVE-2021-46742,0.00885,0.26162
CVE-2021-46743,0.00885,0.26162
CVE-2021-46744,0.00885,0.26162
CVE-2021-46771,0.01036,0.41241
CVE-2021-46778,0.01036,0.41241
CVE-2021-46780,0.00885,0.26162
CVE-2021-46781,0.00885,0.26162
CVE-2021-46782,0.00885,0.26162
CVE-2021-46784,0.0095,0.30554
CVE-2021-46785,0.00885,0.26162
CVE-2021-46786,0.00885,0.26162
CVE-2021-46787,0.00885,0.26162
CVE-2021-46788,0.00885,0.26162
CVE-2021-46789,0.00885,0.26162
CVE-2021-46790,0.01108,0.53389
CVE-2021-46811,0.00885,0.26162
CVE-2021-46812,0.00885,0.26162
CVE-2021-46813,0.00885,0.26162
CVE-2021-46814,0.00885,0.26162
CVE-2021-46816,0.01223,0.65839
CVE-2021-46817,0.01223,0.65839
CVE-2021-46818,0.01223,0.65839
CVE-2021-46820,0.00885,0.26162
CVE-2021-46822,0.00885,0.26162
CVE-2021-46823,0.01055,0.50287
CVE-2021-46824,0.0089,0.2856
CVE-2021-46825,0.01055,0.50287
CVE-2021-46827,0.00885,0.26162
CVE-2021-46828,0.01136,0.57949
CVE-2021-46829,0.01834,0.76202
CVE-2021-46830,0.00885,0.26162
CVE-2021-46837,0.00885,0.26162
CVE-2020-0002,0.01156,0.60033
CVE-2020-0003,0.01036,0.41241
CVE-2020-0004,0.01036,0.41241
CVE-2020-0005,0.01036,0.41241
CVE-2020-0006,0.01156,0.60033
CVE-2020-0007,0.01036,0.41241
CVE-2020-0008,0.01036,0.41241
CVE-2020-0009,0.03324,0.83542
CVE-2020-0010,0.01036,0.41241
CVE-2020-0011,0.01036,0.41241
CVE-2020-0012,0.01036,0.41241
CVE-2020-0014,0.01036,0.41241
CVE-2020-0015,0.01036,0.41241
CVE-2020-0016,0.01036,0.41241
CVE-2020-0017,0.01036,0.41241
CVE-2020-0018,0.01036,0.41241
CVE-2020-0019,0.01036,0.41241
CVE-2020-0020,0.01036,0.41241
CVE-2020-0021,0.01156,0.60033
CVE-2020-0023,0.01036,0.41241
CVE-2020-0024,0.01036,0.41241
CVE-2020-0025,0.01036,0.41241
CVE-2020-0026,0.01036,0.41241
CVE-2020-0027,0.01036,0.41241
CVE-2020-0028,0.0767,0.92609
CVE-2020-0029,0.01036,0.41241
CVE-2020-0030,0.01036,0.41241
CVE-2020-0031,0.01036,0.41241
CVE-2020-0032,0.01156,0.60033
CVE-2020-0033,0.01036,0.41241
CVE-2020-0034,0.05634,0.89764
CVE-2020-0035,0.01036,0.41241
CVE-2020-0036,0.01036,0.41241
CVE-2020-0037,0.01156,0.60033
CVE-2020-0038,0.01156,0.60033
CVE-2020-0039,0.01156,0.60033
CVE-2020-0042,0.01036,0.41241
CVE-2020-0043,0.01036,0.41241
CVE-2020-0044,0.01036,0.41241
CVE-2020-0045,0.01036,0.41241
CVE-2020-0046,0.01036,0.41241
CVE-2020-0047,0.01036,0.41241
CVE-2020-0048,0.01036,0.41241
CVE-2020-0049,0.01156,0.60033
CVE-2020-0050,0.01036,0.41241
CVE-2020-0051,0.01036,0.41241
CVE-2020-0052,0.01036,0.41241
CVE-2020-0053,0.01036,0.41241
CVE-2020-0054,0.01036,0.41241
CVE-2020-0055,0.01005,0.36332
CVE-2020-0056,0.01036,0.41241
CVE-2020-0057,0.01036,0.41241
CVE-2020-0058,0.01036,0.41241
CVE-2020-0059,0.01036,0.41241
CVE-2020-0060,0.01036,0.41241
CVE-2020-0061,0.01036,0.41241
CVE-2020-0062,0.01156,0.60033
CVE-2020-0063,0.01036,0.41241
CVE-2020-0064,0.00885,0.26162
CVE-2020-0065,0.00885,0.26162
CVE-2020-0066,0.01036,0.41241
CVE-2020-0067,0.01606,0.74722
CVE-2020-0068,0.01036,0.41241
CVE-2020-0070,0.01156,0.60033
CVE-2020-0071,0.01156,0.60033
CVE-2020-0072,0.01156,0.60033
CVE-2020-0073,0.01156,0.60033
CVE-2020-0075,0.01036,0.41241
CVE-2020-0076,0.01036,0.41241
CVE-2020-0077,0.01036,0.41241
CVE-2020-0078,0.01036,0.41241
CVE-2020-0079,0.01036,0.41241
CVE-2020-0080,0.01036,0.41241
CVE-2020-0081,0.01005,0.36332
CVE-2020-0083,0.01156,0.60033
CVE-2020-0084,0.01036,0.41241
CVE-2020-0085,0.01036,0.41241
CVE-2020-0086,0.01086,0.51674
CVE-2020-0087,0.01036,0.41241
CVE-2020-0088,0.01156,0.60033
CVE-2020-0089,0.01036,0.41241
CVE-2020-0090,0.00885,0.26162
CVE-2020-0091,0.00885,0.26162
CVE-2020-0092,0.01036,0.41241
CVE-2020-0093,0.01365,0.70715
CVE-2020-0094,0.01036,0.41241
CVE-2020-0098,0.01036,0.41241
CVE-2020-0099,0.01036,0.41241
CVE-2020-0100,0.01036,0.41241
CVE-2020-0101,0.01036,0.41241
CVE-2020-0102,0.01036,0.41241
CVE-2020-0103,0.01156,0.60033
CVE-2020-0105,0.01036,0.41241
CVE-2020-0106,0.01036,0.41241
CVE-2020-0107,0.01036,0.41241
CVE-2020-0109,0.01036,0.41241
CVE-2020-0110,0.01005,0.36332
CVE-2020-0115,0.01036,0.41241
CVE-2020-0116,0.01036,0.41241
CVE-2020-0117,0.01156,0.60033
CVE-2020-0118,0.01036,0.41241
CVE-2020-0119,0.01156,0.60033
CVE-2020-0120,0.01036,0.41241
CVE-2020-0121,0.01036,0.41241
CVE-2020-0122,0.01036,0.41241
CVE-2020-0123,0.00885,0.26162
CVE-2020-0124,0.01036,0.41241
CVE-2020-0125,0.01036,0.41241
CVE-2020-0126,0.01036,0.41241
CVE-2020-0127,0.01156,0.60033
CVE-2020-0128,0.01156,0.60033
CVE-2020-0129,0.01036,0.41241
CVE-2020-0130,0.01036,0.41241
CVE-2020-0131,0.01156,0.60033
CVE-2020-0132,0.01036,0.41241
CVE-2020-0133,0.01036,0.41241
CVE-2020-0134,0.01036,0.41241
CVE-2020-0135,0.01036,0.41241
CVE-2020-0137,0.01036,0.41241
CVE-2020-0139,0.01036,0.41241
CVE-2020-0140,0.01156,0.60033
CVE-2020-0141,0.01156,0.60033
CVE-2020-0142,0.01156,0.60033
CVE-2020-0143,0.01036,0.41241
CVE-2020-0144,0.01036,0.41241
CVE-2020-0145,0.01036,0.41241
CVE-2020-0146,0.01036,0.41241
CVE-2020-0147,0.01036,0.41241
CVE-2020-0148,0.01036,0.41241
CVE-2020-0149,0.01036,0.41241
CVE-2020-0150,0.01036,0.41241
CVE-2020-0151,0.01036,0.41241
CVE-2020-0152,0.01036,0.41241
CVE-2020-0153,0.01036,0.41241
CVE-2020-0154,0.01036,0.41241
CVE-2020-0156,0.01036,0.41241
CVE-2020-0157,0.01156,0.60033
CVE-2020-0158,0.01036,0.41241
CVE-2020-0159,0.01036,0.41241
CVE-2020-0160,0.01156,0.60033
CVE-2020-0161,0.01156,0.60033
CVE-2020-0162,0.01156,0.60033
CVE-2020-0163,0.01156,0.60033
CVE-2020-0164,0.01036,0.41241
CVE-2020-0165,0.01036,0.41241
CVE-2020-0166,0.01036,0.41241
CVE-2020-0167,0.01036,0.41241
CVE-2020-0168,0.01156,0.60033
CVE-2020-0169,0.01156,0.60033
CVE-2020-0170,0.01156,0.60033
CVE-2020-0171,0.01156,0.60033
CVE-2020-0172,0.01156,0.60033
CVE-2020-0173,0.01156,0.60033
CVE-2020-0174,0.01156,0.60033
CVE-2020-0175,0.01156,0.60033
CVE-2020-0177,0.01036,0.41241
CVE-2020-0178,0.01036,0.41241
CVE-2020-0179,0.01036,0.41241
CVE-2020-0180,0.01156,0.60033
CVE-2020-0181,0.03693,0.843
CVE-2020-0182,0.02509,0.81058
CVE-2020-0184,0.01156,0.60033
CVE-2020-0185,0.01036,0.41241
CVE-2020-0186,0.01036,0.41241
CVE-2020-0187,0.01036,0.41241
CVE-2020-0188,0.01036,0.41241
CVE-2020-0189,0.01156,0.60033
CVE-2020-0190,0.01156,0.60033
CVE-2020-0191,0.01156,0.60033
CVE-2020-0192,0.01156,0.60033
CVE-2020-0193,0.01156,0.60033
CVE-2020-0194,0.01156,0.60033
CVE-2020-0195,0.01156,0.60033
CVE-2020-0196,0.01103,0.51945
CVE-2020-0197,0.01036,0.41241
CVE-2020-0199,0.01036,0.41241
CVE-2020-0200,0.01156,0.60033
CVE-2020-0201,0.01156,0.60033
CVE-2020-0202,0.01036,0.41241
CVE-2020-0203,0.01036,0.41241
CVE-2020-0204,0.01036,0.41241
CVE-2020-0205,0.01156,0.60033
CVE-2020-0206,0.01036,0.41241
CVE-2020-0207,0.01156,0.60033
CVE-2020-0208,0.01036,0.41241
CVE-2020-0209,0.01036,0.41241
CVE-2020-0210,0.01036,0.41241
CVE-2020-0211,0.01156,0.60033
CVE-2020-0212,0.01156,0.60033
CVE-2020-0213,0.01156,0.60033
CVE-2020-0214,0.01156,0.60033
CVE-2020-0216,0.01036,0.41241
CVE-2020-0217,0.01156,0.60033
CVE-2020-0218,0.01036,0.41241
CVE-2020-0219,0.01036,0.41241
CVE-2020-0220,0.01036,0.41241
CVE-2020-0221,0.00885,0.26162
CVE-2020-0223,0.00885,0.26162
CVE-2020-0224,0.01156,0.60033
CVE-2020-0226,0.01036,0.41241
CVE-2020-0227,0.01036,0.41241
CVE-2020-0228,0.00885,0.26162
CVE-2020-0229,0.00885,0.26162
CVE-2020-0230,0.00885,0.26162
CVE-2020-0231,0.00885,0.26162
CVE-2020-0232,0.00885,0.26162
CVE-2020-0233,0.01036,0.41241
CVE-2020-0234,0.01036,0.41241
CVE-2020-0235,0.00885,0.26162
CVE-2020-0236,0.01156,0.60033
CVE-2020-0238,0.01036,0.41241
CVE-2020-0239,0.01036,0.41241
CVE-2020-0240,0.01156,0.60033
CVE-2020-0241,0.01036,0.41241
CVE-2020-0242,0.01036,0.41241
CVE-2020-0243,0.01036,0.41241
CVE-2020-0244,0.01036,0.41241
CVE-2020-0245,0.01156,0.60033
CVE-2020-0246,0.01036,0.41241
CVE-2020-0247,0.01036,0.41241
CVE-2020-0248,0.01036,0.41241
CVE-2020-0249,0.01036,0.41241
CVE-2020-0250,0.01036,0.41241
CVE-2020-0251,0.00885,0.26162
CVE-2020-0252,0.00885,0.26162
CVE-2020-0253,0.00885,0.26162
CVE-2020-0254,0.00885,0.26162
CVE-2020-0256,0.01005,0.36332
CVE-2020-0257,0.01036,0.41241
CVE-2020-0258,0.01005,0.36332
CVE-2020-0259,0.01036,0.41241
CVE-2020-0260,0.00885,0.26162
CVE-2020-0261,0.01036,0.41241
CVE-2020-0262,0.01036,0.41241
CVE-2020-0263,0.01036,0.41241
CVE-2020-0264,0.01156,0.60033
CVE-2020-0265,0.01036,0.41241
CVE-2020-0266,0.01036,0.41241
CVE-2020-0267,0.01036,0.41241
CVE-2020-0268,0.01036,0.41241
CVE-2020-0269,0.01036,0.41241
CVE-2020-0270,0.01156,0.60033
CVE-2020-0271,0.01036,0.41241
CVE-2020-0272,0.01036,0.41241
CVE-2020-0273,0.01036,0.41241
CVE-2020-0274,0.01036,0.41241
CVE-2020-0275,0.01036,0.41241
CVE-2020-0276,0.01036,0.41241
CVE-2020-0277,0.01036,0.41241
CVE-2020-0278,0.00885,0.26162
CVE-2020-0279,0.01156,0.60033
CVE-2020-0280,0.01036,0.41241
CVE-2020-0281,0.01156,0.60033
CVE-2020-0282,0.01156,0.60033
CVE-2020-0283,0.00885,0.26162
CVE-2020-0284,0.01036,0.41241
CVE-2020-0285,0.01036,0.41241
CVE-2020-0286,0.01156,0.60033
CVE-2020-0287,0.01156,0.60033
CVE-2020-0288,0.01036,0.41241
CVE-2020-0289,0.01036,0.41241
CVE-2020-0290,0.01036,0.41241
CVE-2020-0291,0.01036,0.41241
CVE-2020-0292,0.01036,0.41241
CVE-2020-0293,0.01365,0.70715
CVE-2020-0294,0.01036,0.41241
CVE-2020-0295,0.01036,0.41241
CVE-2020-0296,0.01036,0.41241
CVE-2020-0297,0.01036,0.41241
CVE-2020-0298,0.01036,0.41241
CVE-2020-0299,0.01036,0.41241
CVE-2020-0300,0.01156,0.60033
CVE-2020-0301,0.01156,0.60033
CVE-2020-0302,0.01036,0.41241
CVE-2020-0303,0.01156,0.60033
CVE-2020-0304,0.01036,0.41241
CVE-2020-0305,0.01365,0.70715
CVE-2020-0306,0.01036,0.41241
CVE-2020-0307,0.01036,0.41241
CVE-2020-0308,0.01036,0.41241
CVE-2020-0309,0.00885,0.26162
CVE-2020-0310,0.01036,0.41241
CVE-2020-0311,0.01036,0.41241
CVE-2020-0312,0.01036,0.41241
CVE-2020-0314,0.01036,0.41241
CVE-2020-0315,0.01036,0.41241
CVE-2020-0316,0.01036,0.41241
CVE-2020-0317,0.01036,0.41241
CVE-2020-0318,0.01036,0.41241
CVE-2020-0319,0.01036,0.41241
CVE-2020-0320,0.01156,0.60033
CVE-2020-0321,0.01156,0.60033
CVE-2020-0322,0.01036,0.41241
CVE-2020-0323,0.01036,0.41241
CVE-2020-0324,0.01156,0.60033
CVE-2020-0325,0.01036,0.41241
CVE-2020-0326,0.01036,0.41241
CVE-2020-0327,0.01036,0.41241
CVE-2020-0328,0.01036,0.41241
CVE-2020-0329,0.01036,0.41241
CVE-2020-0330,0.01036,0.41241
CVE-2020-0331,0.01036,0.41241
CVE-2020-0332,0.01156,0.60033
CVE-2020-0333,0.01156,0.60033
CVE-2020-0334,0.01036,0.41241
CVE-2020-0335,0.01036,0.41241
CVE-2020-0336,0.01036,0.41241
CVE-2020-0337,0.01036,0.41241
CVE-2020-0338,0.01036,0.41241
CVE-2020-0339,0.00885,0.26162
CVE-2020-0340,0.01156,0.60033
CVE-2020-0341,0.01036,0.41241
CVE-2020-0342,0.00885,0.26162
CVE-2020-0343,0.01036,0.41241
CVE-2020-0344,0.01036,0.41241
CVE-2020-0345,0.01036,0.41241
CVE-2020-0346,0.01036,0.41241
CVE-2020-0347,0.01036,0.41241
CVE-2020-0348,0.01156,0.60033
CVE-2020-0349,0.01036,0.41241
CVE-2020-0350,0.01036,0.41241
CVE-2020-0351,0.01156,0.60033
CVE-2020-0352,0.01036,0.41241
CVE-2020-0353,0.01156,0.60033
CVE-2020-0354,0.01156,0.60033
CVE-2020-0355,0.01156,0.60033
CVE-2020-0356,0.01036,0.41241
CVE-2020-0357,0.01036,0.41241
CVE-2020-0358,0.01036,0.41241
CVE-2020-0359,0.01036,0.41241
CVE-2020-0360,0.01036,0.41241
CVE-2020-0361,0.01156,0.60033
CVE-2020-0362,0.01156,0.60033
CVE-2020-0363,0.01156,0.60033
CVE-2020-0364,0.01156,0.60033
CVE-2020-0365,0.01103,0.51945
CVE-2020-0366,0.01036,0.41241
CVE-2020-0367,0.00885,0.26162
CVE-2020-0368,0.01036,0.41241
CVE-2020-0369,0.01036,0.41241
CVE-2020-0370,0.01156,0.60033
CVE-2020-0371,0.00885,0.26162
CVE-2020-0372,0.01036,0.41241
CVE-2020-0373,0.01036,0.41241
CVE-2020-0374,0.01036,0.41241
CVE-2020-0375,0.01036,0.41241
CVE-2020-0376,0.00885,0.26162
CVE-2020-0378,0.01036,0.41241
CVE-2020-0379,0.01103,0.51945
CVE-2020-0380,0.01156,0.60033
CVE-2020-0381,0.01156,0.60033
CVE-2020-0382,0.01036,0.41241
CVE-2020-0383,0.01103,0.51945
CVE-2020-0384,0.01103,0.51945
CVE-2020-0385,0.01103,0.51945
CVE-2020-0386,0.01036,0.41241
CVE-2020-0387,0.01036,0.41241
CVE-2020-0388,0.01036,0.41241
CVE-2020-0389,0.01036,0.41241
CVE-2020-0390,0.01036,0.41241
CVE-2020-0391,0.01036,0.41241
CVE-2020-0392,0.01036,0.41241
CVE-2020-0393,0.01036,0.41241
CVE-2020-0394,0.01036,0.41241
CVE-2020-0395,0.01036,0.41241
CVE-2020-0396,0.01036,0.41241
CVE-2020-0397,0.01036,0.41241
CVE-2020-0398,0.01036,0.41241
CVE-2020-0399,0.01036,0.41241
CVE-2020-0400,0.01036,0.41241
CVE-2020-0401,0.01036,0.41241
CVE-2020-0403,0.01036,0.41241
CVE-2020-0404,0.01365,0.70715
CVE-2020-0405,0.01036,0.41241
CVE-2020-0406,0.01036,0.41241
CVE-2020-0407,0.01036,0.41241
CVE-2020-0408,0.01036,0.41241
CVE-2020-0409,0.01036,0.41241
CVE-2020-0410,0.01036,0.41241
CVE-2020-0411,0.01156,0.60033
CVE-2020-0412,0.01036,0.41241
CVE-2020-0414,0.01156,0.60033
CVE-2020-0415,0.01036,0.41241
CVE-2020-0416,0.01086,0.51674
CVE-2020-0417,0.01036,0.41241
CVE-2020-0419,0.01036,0.41241
CVE-2020-0420,0.01036,0.41241
CVE-2020-0421,0.01036,0.41241
CVE-2020-0422,0.01036,0.41241
CVE-2020-0423,0.01005,0.36332
CVE-2020-0424,0.01036,0.41241
CVE-2020-0425,0.01036,0.41241
CVE-2020-0426,0.01036,0.41241
CVE-2020-0427,0.01365,0.70715
CVE-2020-0428,0.01036,0.41241
CVE-2020-0429,0.01036,0.41241
CVE-2020-0430,0.01036,0.41241
CVE-2020-0431,0.01365,0.70715
CVE-2020-0432,0.01365,0.70715
CVE-2020-0433,0.01036,0.41241
CVE-2020-0434,0.01036,0.41241
CVE-2020-0437,0.01036,0.41241
CVE-2020-0438,0.01036,0.41241
CVE-2020-0439,0.01036,0.41241
CVE-2020-0440,0.01036,0.41241
CVE-2020-0441,0.01156,0.60033
CVE-2020-0442,0.01156,0.60033
CVE-2020-0444,0.01036,0.41241
CVE-2020-0445,0.00885,0.26162
CVE-2020-0446,0.00885,0.26162
CVE-2020-0447,0.00885,0.26162
CVE-2020-0448,0.01036,0.41241
CVE-2020-0449,0.01156,0.60033
CVE-2020-0450,0.01156,0.60033
CVE-2020-0454,0.01365,0.70715
CVE-2020-0455,0.00885,0.26162
CVE-2020-0456,0.00885,0.26162
CVE-2020-0457,0.00885,0.26162
CVE-2020-0458,0.01103,0.51945
CVE-2020-0459,0.01036,0.41241
CVE-2020-0460,0.01156,0.60033
CVE-2020-0463,0.01156,0.60033
CVE-2020-0464,0.01036,0.41241
CVE-2020-0465,0.01036,0.41241
CVE-2020-0466,0.01036,0.41241
CVE-2020-0467,0.01036,0.41241
CVE-2020-0468,0.01036,0.41241
CVE-2020-0469,0.01036,0.41241
CVE-2020-0470,0.01103,0.51945
CVE-2020-0473,0.01036,0.41241
CVE-2020-0474,0.01036,0.41241
CVE-2020-0475,0.01036,0.41241
CVE-2020-0476,0.01036,0.41241
CVE-2020-0477,0.01036,0.41241
CVE-2020-0478,0.01036,0.41241
CVE-2020-0479,0.01036,0.41241
CVE-2020-0480,0.01036,0.41241
CVE-2020-0481,0.01036,0.41241
CVE-2020-0482,0.01036,0.41241
CVE-2020-0483,0.01036,0.41241
CVE-2020-0484,0.01036,0.41241
CVE-2020-0485,0.01036,0.41241
CVE-2020-0486,0.01036,0.41241
CVE-2020-0488,0.01156,0.60033
CVE-2020-0489,0.01156,0.60033
CVE-2020-0490,0.01156,0.60033
CVE-2020-0491,0.01156,0.60033
CVE-2020-0492,0.01156,0.60033
CVE-2020-0493,0.01036,0.41241
CVE-2020-0494,0.01156,0.60033
CVE-2020-0495,0.01036,0.41241
CVE-2020-0496,0.01036,0.41241
CVE-2020-0497,0.01036,0.41241
CVE-2020-0498,0.01103,0.51945
CVE-2020-0499,0.05786,0.8994
CVE-2020-0500,0.01036,0.41241
CVE-2020-0501,0.00885,0.26162
CVE-2020-0502,0.00885,0.26162
CVE-2020-0503,0.00885,0.26162
CVE-2020-0504,0.00885,0.26162
CVE-2020-0505,0.00885,0.26162
CVE-2020-0506,0.00885,0.26162
CVE-2020-0507,0.00885,0.26162
CVE-2020-0508,0.00885,0.26162
CVE-2020-0510,0.00885,0.26162
CVE-2020-0511,0.00885,0.26162
CVE-2020-0512,0.00885,0.26162
CVE-2020-0513,0.00885,0.26162
CVE-2020-0514,0.00885,0.26162
CVE-2020-0515,0.0089,0.2856
CVE-2020-0516,0.0089,0.2856
CVE-2020-0517,0.00885,0.26162
CVE-2020-0518,0.00885,0.26162
CVE-2020-0519,0.00885,0.26162
CVE-2020-0520,0.00885,0.26162
CVE-2020-0521,0.00885,0.26162
CVE-2020-0522,0.00885,0.26162
CVE-2020-0523,0.00885,0.26162
CVE-2020-0524,0.00885,0.26162
CVE-2020-0525,0.00885,0.26162
CVE-2020-0526,0.00885,0.26162
CVE-2020-0527,0.00885,0.26162
CVE-2020-0528,0.00885,0.26162
CVE-2020-0529,0.00885,0.26162
CVE-2020-0530,0.00885,0.26162
CVE-2020-0531,0.0095,0.30554
CVE-2020-0532,0.01018,0.38792
CVE-2020-0533,0.0095,0.30554
CVE-2020-0534,0.01018,0.38792
CVE-2020-0535,0.01018,0.38792
CVE-2020-0536,0.01018,0.38792
CVE-2020-0537,0.0095,0.30554
CVE-2020-0538,0.01018,0.38792
CVE-2020-0539,0.0095,0.30554
CVE-2020-0540,0.01018,0.38792
CVE-2020-0541,0.0095,0.30554
CVE-2020-0542,0.0095,0.30554
CVE-2020-0543,0.01547,0.74085
CVE-2020-0544,0.00885,0.26162
CVE-2020-0545,0.01034,0.39824
CVE-2020-0546,0.00885,0.26162
CVE-2020-0547,0.00885,0.26162
CVE-2020-0548,0.01104,0.52279
CVE-2020-0549,0.01282,0.67298
CVE-2020-0550,0.00885,0.26162
CVE-2020-0553,0.00885,0.26162
CVE-2020-0554,0.00885,0.26162
CVE-2020-0555,0.00885,0.26162
CVE-2020-0556,0.01108,0.53389
CVE-2020-0557,0.00885,0.26162
CVE-2020-0558,0.00885,0.26162
CVE-2020-0559,0.00885,0.26162
CVE-2020-0560,0.00885,0.26162
CVE-2020-0561,0.0089,0.2856
CVE-2020-0562,0.00885,0.26162
CVE-2020-0563,0.00885,0.26162
CVE-2020-0564,0.00885,0.26162
CVE-2020-0565,0.00885,0.26162
CVE-2020-0566,0.01018,0.38792
CVE-2020-0567,0.00885,0.26162
CVE-2020-0568,0.00885,0.26162
CVE-2020-0569,0.01104,0.52279
CVE-2020-0570,0.0089,0.2856
CVE-2020-0571,0.00885,0.26162
CVE-2020-0572,0.00885,0.26162
CVE-2020-0573,0.00885,0.26162
CVE-2020-0574,0.00885,0.26162
CVE-2020-0575,0.00885,0.26162
CVE-2020-0576,0.00885,0.26162
CVE-2020-0577,0.00885,0.26162
CVE-2020-0578,0.00885,0.26162
CVE-2020-0583,0.00885,0.26162
CVE-2020-0584,0.00885,0.26162
CVE-2020-0586,0.0095,0.30554
CVE-2020-0587,0.00885,0.26162
CVE-2020-0588,0.00885,0.26162
CVE-2020-0590,0.0089,0.2856
CVE-2020-0591,0.0089,0.2856
CVE-2020-0592,0.00885,0.26162
CVE-2020-0593,0.00885,0.26162
CVE-2020-0594,0.01108,0.53389
CVE-2020-0595,0.01108,0.53389
CVE-2020-0596,0.01018,0.38792
CVE-2020-0597,0.01108,0.53389
CVE-2020-0598,0.00885,0.26162
CVE-2020-0599,0.00885,0.26162
CVE-2020-0600,0.00885,0.26162
CVE-2020-0602,0.03678,0.84271
CVE-2020-0603,0.14958,0.95685
CVE-2020-0604,0.01875,0.76369
CVE-2020-0605,0.01875,0.76369
CVE-2020-0606,0.01875,0.76369
CVE-2020-0607,0.02632,0.81366
CVE-2020-0608,0.0115,0.5906
CVE-2020-0611,0.01875,0.76369
CVE-2020-0612,0.02632,0.81366
CVE-2020-0613,0.0115,0.5906
CVE-2020-0614,0.0115,0.5906
CVE-2020-0615,0.01178,0.60108
CVE-2020-0616,0.01178,0.60108
CVE-2020-0617,0.0115,0.5906
CVE-2020-0620,0.0115,0.5906
CVE-2020-0621,0.0115,0.5906
CVE-2020-0622,0.0115,0.5906
CVE-2020-0623,0.0115,0.5906
CVE-2020-0625,0.0115,0.5906
CVE-2020-0626,0.0115,0.5906
CVE-2020-0627,0.0115,0.5906
CVE-2020-0628,0.0115,0.5906
CVE-2020-0629,0.0115,0.5906
CVE-2020-0630,0.0115,0.5906
CVE-2020-0631,0.0115,0.5906
CVE-2020-0632,0.0115,0.5906
CVE-2020-0633,0.0115,0.5906
CVE-2020-0634,0.01178,0.60108
CVE-2020-0635,0.01178,0.60108
CVE-2020-0636,0.0115,0.5906
CVE-2020-0637,0.0115,0.5906
CVE-2020-0638,0.00908,0.28614
CVE-2020-0639,0.0115,0.5906
CVE-2020-0640,0.01875,0.76369
CVE-2020-0641,0.0115,0.5906
CVE-2020-0642,0.01178,0.60108
CVE-2020-0643,0.0115,0.5906
CVE-2020-0644,0.0115,0.5906
CVE-2020-0645,0.02632,0.81366
CVE-2020-0646,0.81152,0.99508
CVE-2020-0647,0.02632,0.81366
CVE-2020-0648,0.00908,0.28614
CVE-2020-0650,0.01789,0.76008
CVE-2020-0651,0.01789,0.76008
CVE-2020-0652,0.04844,0.88809
CVE-2020-0653,0.01789,0.76008
CVE-2020-0654,0.02632,0.81366
CVE-2020-0655,0.01967,0.77799
CVE-2020-0656,0.0115,0.5906
CVE-2020-0657,0.0115,0.5906
CVE-2020-0658,0.0115,0.5906
CVE-2020-0659,0.0115,0.5906
CVE-2020-0660,0.02632,0.81366
CVE-2020-0661,0.0115,0.5906
CVE-2020-0662,0.01967,0.77799
CVE-2020-0663,0.02632,0.81366
CVE-2020-0664,0.0115,0.5906
CVE-2020-0665,0.02632,0.81366
CVE-2020-0666,0.0115,0.5906
CVE-2020-0667,0.0115,0.5906
CVE-2020-0669,0.0115,0.5906
CVE-2020-0670,0.0115,0.5906
CVE-2020-0671,0.0115,0.5906
CVE-2020-0672,0.0115,0.5906
CVE-2020-0673,0.01875,0.76369
CVE-2020-0675,0.0115,0.5906
CVE-2020-0676,0.0115,0.5906
CVE-2020-0677,0.0115,0.5906
CVE-2020-0678,0.0115,0.5906
CVE-2020-0679,0.0115,0.5906
CVE-2020-0680,0.0115,0.5906
CVE-2020-0681,0.01875,0.76369
CVE-2020-0682,0.0115,0.5906
CVE-2020-0684,0.01875,0.76369
CVE-2020-0685,0.0115,0.5906
CVE-2020-0686,0.0115,0.5906
CVE-2020-0687,0.01875,0.76369
CVE-2020-0689,0.0115,0.5906
CVE-2020-0690,0.02632,0.81366
CVE-2020-0691,0.0115,0.5906
CVE-2020-0692,0.02632,0.81366
CVE-2020-0693,0.0115,0.5906
CVE-2020-0694,0.0115,0.5906
CVE-2020-0695,0.02632,0.81366
CVE-2020-0696,0.02632,0.81366
CVE-2020-0697,0.0115,0.5906
CVE-2020-0698,0.0115,0.5906
CVE-2020-0699,0.0115,0.5906
CVE-2020-0700,0.0115,0.5906
CVE-2020-0701,0.0115,0.5906
CVE-2020-0702,0.02632,0.81366
CVE-2020-0703,0.00908,0.28614
CVE-2020-0704,0.00908,0.28614
CVE-2020-0705,0.00908,0.28614
CVE-2020-0706,0.02632,0.81366
CVE-2020-0707,0.00908,0.28614
CVE-2020-0708,0.01789,0.76008
CVE-2020-0709,0.0115,0.5906
CVE-2020-0710,0.01875,0.76369
CVE-2020-0711,0.01875,0.76369
CVE-2020-0712,0.01875,0.76369
CVE-2020-0713,0.01875,0.76369
CVE-2020-0714,0.0115,0.5906
CVE-2020-0715,0.0115,0.5906
CVE-2020-0716,0.0115,0.5906
CVE-2020-0717,0.0115,0.5906
CVE-2020-0718,0.01967,0.77799
CVE-2020-0719,0.0115,0.5906
CVE-2020-0720,0.0115,0.5906
CVE-2020-0721,0.0115,0.5906
CVE-2020-0722,0.0115,0.5906
CVE-2020-0723,0.0115,0.5906
CVE-2020-0724,0.0115,0.5906
CVE-2020-0725,0.0115,0.5906
CVE-2020-0726,0.0115,0.5906
CVE-2020-0727,0.0115,0.5906
CVE-2020-0729,0.01875,0.76369
CVE-2020-0730,0.0115,0.5906
CVE-2020-0731,0.0115,0.5906
CVE-2020-0732,0.0115,0.5906
CVE-2020-0733,0.00908,0.28614
CVE-2020-0734,0.01875,0.76369
CVE-2020-0735,0.0115,0.5906
CVE-2020-0736,0.0115,0.5906
CVE-2020-0737,0.0115,0.5906
CVE-2020-0738,0.02649,0.81391
CVE-2020-0739,0.0115,0.5906
CVE-2020-0740,0.0115,0.5906
CVE-2020-0741,0.0115,0.5906
CVE-2020-0742,0.0115,0.5906
CVE-2020-0743,0.0115,0.5906
CVE-2020-0744,0.01184,0.60433
CVE-2020-0745,0.0115,0.5906
CVE-2020-0746,0.0115,0.5906
CVE-2020-0747,0.0115,0.5906
CVE-2020-0748,0.0115,0.5906
CVE-2020-0749,0.0115,0.5906
CVE-2020-0750,0.0115,0.5906
CVE-2020-0751,0.0115,0.5906
CVE-2020-0752,0.0115,0.5906
CVE-2020-0755,0.0115,0.5906
CVE-2020-0756,0.0115,0.5906
CVE-2020-0757,0.0115,0.5906
CVE-2020-0758,0.0115,0.5906
CVE-2020-0759,0.01875,0.76369
CVE-2020-0760,0.01875,0.76369
CVE-2020-0761,0.01967,0.77799
CVE-2020-0762,0.0115,0.5906
CVE-2020-0763,0.0115,0.5906
CVE-2020-0764,0.0115,0.5906
CVE-2020-0765,0.02632,0.81366
CVE-2020-0766,0.00908,0.28614
CVE-2020-0767,0.01875,0.76369
CVE-2020-0768,0.01875,0.76369
CVE-2020-0769,0.00908,0.28614
CVE-2020-0770,0.00908,0.28614
CVE-2020-0771,0.00908,0.28614
CVE-2020-0772,0.00908,0.28614
CVE-2020-0773,0.00908,0.28614
CVE-2020-0774,0.02632,0.81366
CVE-2020-0775,0.00908,0.28614
CVE-2020-0776,0.00908,0.28614
CVE-2020-0777,0.0115,0.5906
CVE-2020-0778,0.0115,0.5906
CVE-2020-0779,0.0115,0.5906
CVE-2020-0780,0.0115,0.5906
CVE-2020-0781,0.0115,0.5906
CVE-2020-0782,0.0115,0.5906
CVE-2020-0783,0.0115,0.5906
CVE-2020-0784,0.0115,0.5906
CVE-2020-0785,0.0115,0.5906
CVE-2020-0786,0.0115,0.5906
CVE-2020-0788,0.0115,0.5906
CVE-2020-0789,0.0115,0.5906
CVE-2020-0790,0.0115,0.5906
CVE-2020-0791,0.0115,0.5906
CVE-2020-0792,0.01178,0.60108
CVE-2020-0793,0.0115,0.5906
CVE-2020-0794,0.0115,0.5906
CVE-2020-0795,0.0115,0.5906
CVE-2020-0797,0.0115,0.5906
CVE-2020-0799,0.0115,0.5906
CVE-2020-0800,0.0115,0.5906
CVE-2020-0801,0.02649,0.81391
CVE-2020-0802,0.0115,0.5906
CVE-2020-0803,0.0115,0.5906
CVE-2020-0804,0.0115,0.5906
CVE-2020-0805,0.0115,0.5906
CVE-2020-0806,0.0115,0.5906
CVE-2020-0807,0.02649,0.81391
CVE-2020-0808,0.0115,0.5906
CVE-2020-0809,0.02649,0.81391
CVE-2020-0810,0.0115,0.5906
CVE-2020-0811,0.01875,0.76369
CVE-2020-0812,0.01875,0.76369
CVE-2020-0813,0.02632,0.81366
CVE-2020-0815,0.0115,0.5906
CVE-2020-0816,0.01875,0.76369
CVE-2020-0819,0.0115,0.5906
CVE-2020-0820,0.0115,0.5906
CVE-2020-0821,0.0115,0.5906
CVE-2020-0822,0.0115,0.5906
CVE-2020-0823,0.01875,0.76369
CVE-2020-0824,0.01875,0.76369
CVE-2020-0825,0.01875,0.76369
CVE-2020-0826,0.01875,0.76369
CVE-2020-0827,0.01875,0.76369
CVE-2020-0828,0.01875,0.76369
CVE-2020-0829,0.01875,0.76369
CVE-2020-0830,0.01875,0.76369
CVE-2020-0831,0.01875,0.76369
CVE-2020-0832,0.01875,0.76369
CVE-2020-0833,0.01875,0.76369
CVE-2020-0834,0.0115,0.5906
CVE-2020-0835,0.0115,0.5906
CVE-2020-0836,0.02632,0.81366
CVE-2020-0837,0.0115,0.5906
CVE-2020-0838,0.0115,0.5906
CVE-2020-0839,0.0115,0.5906
CVE-2020-0840,0.0115,0.5906
CVE-2020-0841,0.0115,0.5906
CVE-2020-0842,0.00908,0.28614
CVE-2020-0843,0.00908,0.28614
CVE-2020-0844,0.0115,0.5906
CVE-2020-0845,0.0115,0.5906
CVE-2020-0847,0.01875,0.76369
CVE-2020-0848,0.01875,0.76369
CVE-2020-0849,0.0115,0.5906
CVE-2020-0850,0.01875,0.76369
CVE-2020-0851,0.01789,0.76008
CVE-2020-0852,0.01789,0.76008
CVE-2020-0853,0.02632,0.81366
CVE-2020-0854,0.0115,0.5906
CVE-2020-0855,0.01789,0.76008
CVE-2020-0856,0.0115,0.5906
CVE-2020-0857,0.0115,0.5906
CVE-2020-0858,0.00908,0.28614
CVE-2020-0859,0.0115,0.5906
CVE-2020-0860,0.00908,0.28614
CVE-2020-0861,0.00908,0.28614
CVE-2020-0863,0.0115,0.5906
CVE-2020-0864,0.0115,0.5906
CVE-2020-0865,0.0115,0.5906
CVE-2020-0866,0.0115,0.5906
CVE-2020-0867,0.0115,0.5906
CVE-2020-0868,0.0115,0.5906
CVE-2020-0869,0.02649,0.81391
CVE-2020-0870,0.0115,0.5906
CVE-2020-0871,0.0115,0.5906
CVE-2020-0872,0.01875,0.76369
CVE-2020-0874,0.0115,0.5906
CVE-2020-0875,0.02632,0.81366
CVE-2020-0876,0.02632,0.81366
CVE-2020-0877,0.0115,0.5906
CVE-2020-0878,0.01875,0.76369
CVE-2020-0879,0.0115,0.5906
CVE-2020-0880,0.02632,0.81366
CVE-2020-0881,0.01875,0.76369
CVE-2020-0882,0.02632,0.81366
CVE-2020-0884,0.02632,0.81366
CVE-2020-0885,0.02632,0.81366
CVE-2020-0886,0.0115,0.5906
CVE-2020-0887,0.0115,0.5906
CVE-2020-0888,0.0115,0.5906
CVE-2020-0889,0.01789,0.76008
CVE-2020-0891,0.0115,0.5906
CVE-2020-0892,0.01789,0.76008
CVE-2020-0893,0.0115,0.5906
CVE-2020-0894,0.0115,0.5906
CVE-2020-0895,0.01875,0.76369
CVE-2020-0896,0.0115,0.5906
CVE-2020-0897,0.0115,0.5906
CVE-2020-0898,0.0115,0.5906
CVE-2020-0899,0.0115,0.5906
CVE-2020-0900,0.0115,0.5906
CVE-2020-0901,0.01875,0.76369
CVE-2020-0902,0.02632,0.81366
CVE-2020-0903,0.0115,0.5906
CVE-2020-0904,0.0115,0.5906
CVE-2020-0905,0.01967,0.77799
CVE-2020-0906,0.01875,0.76369
CVE-2020-0907,0.01789,0.76008
CVE-2020-0908,0.01875,0.76369
CVE-2020-0909,0.02632,0.81366
CVE-2020-0911,0.0115,0.5906
CVE-2020-0912,0.00908,0.28614
CVE-2020-0913,0.0115,0.5906
CVE-2020-0914,0.0115,0.5906
CVE-2020-0915,0.0115,0.5906
CVE-2020-0916,0.0115,0.5906
CVE-2020-0917,0.0115,0.5906
CVE-2020-0918,0.0115,0.5906
CVE-2020-0919,0.0115,0.5906
CVE-2020-0920,0.01967,0.77799
CVE-2020-0921,0.0115,0.5906
CVE-2020-0922,0.01875,0.76369
CVE-2020-0923,0.0115,0.5906
CVE-2020-0924,0.0115,0.5906
CVE-2020-0925,0.0115,0.5906
CVE-2020-0926,0.0115,0.5906
CVE-2020-0927,0.0115,0.5906
CVE-2020-0928,0.0115,0.5906
CVE-2020-0929,0.01967,0.77799
CVE-2020-0930,0.0115,0.5906
CVE-2020-0931,0.01967,0.77799
CVE-2020-0932,0.01967,0.77799
CVE-2020-0933,0.0115,0.5906
CVE-2020-0934,0.00908,0.28614
CVE-2020-0935,0.0115,0.5906
CVE-2020-0936,0.0115,0.5906
CVE-2020-0937,0.02632,0.81366
CVE-2020-0938,0.04844,0.88809
CVE-2020-0939,0.02632,0.81366
CVE-2020-0940,0.0115,0.5906
CVE-2020-0941,0.0115,0.5906
CVE-2020-0942,0.0115,0.5906
CVE-2020-0943,0.02632,0.81366
CVE-2020-0944,0.0115,0.5906
CVE-2020-0945,0.02632,0.81366
CVE-2020-0946,0.02632,0.81366
CVE-2020-0947,0.02632,0.81366
CVE-2020-0948,0.02649,0.81391
CVE-2020-0949,0.02649,0.81391
CVE-2020-0950,0.02649,0.81391
CVE-2020-0951,0.0115,0.5906
CVE-2020-0952,0.02632,0.81366
CVE-2020-0953,0.01789,0.76008
CVE-2020-0954,0.0115,0.5906
CVE-2020-0955,0.0115,0.5906
CVE-2020-0956,0.0115,0.5906
CVE-2020-0957,0.0115,0.5906
CVE-2020-0958,0.0115,0.5906
CVE-2020-0959,0.01789,0.76008
CVE-2020-0960,0.01789,0.76008
CVE-2020-0961,0.01789,0.76008
CVE-2020-0962,0.0115,0.5906
CVE-2020-0963,0.02632,0.81366
CVE-2020-0964,0.01875,0.76369
CVE-2020-0965,0.01877,0.76393
CVE-2020-0966,0.01875,0.76369
CVE-2020-0967,0.01875,0.76369
CVE-2020-0968,0.01875,0.76369
CVE-2020-0969,0.01875,0.76369
CVE-2020-0970,0.01875,0.76369
CVE-2020-0971,0.0455,0.88298
CVE-2020-0972,0.0115,0.5906
CVE-2020-0973,0.0115,0.5906
CVE-2020-0974,0.01967,0.77799
CVE-2020-0975,0.0115,0.5906
CVE-2020-0977,0.0115,0.5906
CVE-2020-0978,0.0115,0.5906
CVE-2020-0979,0.01875,0.76369
CVE-2020-0980,0.01789,0.76008
CVE-2020-0981,0.00902,0.28567
CVE-2020-0982,0.0115,0.5906
CVE-2020-0983,0.0115,0.5906
CVE-2020-0984,0.0115,0.5906
CVE-2020-0985,0.0115,0.5906
CVE-2020-0986,0.01178,0.60108
CVE-2020-0987,0.01184,0.60433
CVE-2020-0988,0.01789,0.76008
CVE-2020-0989,0.0115,0.5906
CVE-2020-0991,0.01789,0.76008
CVE-2020-0992,0.01789,0.76008
CVE-2020-0993,0.0115,0.5906
CVE-2020-0994,0.01789,0.76008
CVE-2020-0995,0.01789,0.76008
CVE-2020-0996,0.0115,0.5906
CVE-2020-0997,0.04844,0.88809
CVE-2020-0998,0.0115,0.5906
CVE-2020-0999,0.01789,0.76008
CVE-2020-1000,0.0115,0.5906
CVE-2020-10001,0.00885,0.26162
CVE-2020-10002,0.01282,0.67298
CVE-2020-10003,0.0095,0.30554
CVE-2020-10004,0.02321,0.80632
CVE-2020-10005,0.00885,0.26162
CVE-2020-10006,0.00885,0.26162
CVE-2020-10007,0.0095,0.30554
CVE-2020-10008,0.00885,0.26162
CVE-2020-10009,0.01018,0.38792
CVE-2020-1001,0.0115,0.5906
CVE-2020-10010,0.01034,0.39824
CVE-2020-10011,0.01237,0.66358
CVE-2020-10012,0.01018,0.38792
CVE-2020-10013,0.01237,0.66358
CVE-2020-10014,0.01018,0.38792
CVE-2020-10015,0.01005,0.36332
CVE-2020-10016,0.01363,0.70595
CVE-2020-10017,0.01363,0.70595
CVE-2020-10018,0.03806,0.84842
CVE-2020-10019,0.0095,0.30554
CVE-2020-1002,0.0115,0.5906
CVE-2020-10021,0.0095,0.30554
CVE-2020-10022,0.02398,0.80734
CVE-2020-10023,0.0149,0.72731
CVE-2020-10024,0.01365,0.70715
CVE-2020-10027,0.01365,0.70715
CVE-2020-10028,0.0095,0.30554
CVE-2020-10029,0.01282,0.67298
CVE-2020-1003,0.0115,0.5906
CVE-2020-10030,0.02199,0.80273
CVE-2020-10037,0.00885,0.26162
CVE-2020-10038,0.00885,0.26162
CVE-2020-10039,0.00885,0.26162
CVE-2020-1004,0.0115,0.5906
CVE-2020-10040,0.00885,0.26162
CVE-2020-10041,0.00885,0.26162
CVE-2020-10042,0.01086,0.51674
CVE-2020-10043,0.00885,0.26162
CVE-2020-10044,0.00885,0.26162
CVE-2020-10045,0.00885,0.26162
CVE-2020-10048,0.00885,0.26162
CVE-2020-10049,0.00885,0.26162
CVE-2020-1005,0.0115,0.5906
CVE-2020-10050,0.00885,0.26162
CVE-2020-10051,0.00885,0.26162
CVE-2020-10052,0.00885,0.26162
CVE-2020-10053,0.00885,0.26162
CVE-2020-10054,0.00885,0.26162
CVE-2020-10055,0.01978,0.78447
CVE-2020-10056,0.00885,0.26162
CVE-2020-10057,0.00885,0.26162
CVE-2020-10058,0.0095,0.30554
CVE-2020-10059,0.01018,0.38792
CVE-2020-1006,0.0115,0.5906
CVE-2020-10060,0.01034,0.39824
CVE-2020-10061,0.01108,0.53389
CVE-2020-10062,0.05634,0.89764
CVE-2020-10063,0.01108,0.53389
CVE-2020-10064,0.00885,0.26162
CVE-2020-10065,0.00885,0.26162
CVE-2020-10066,0.00885,0.26162
CVE-2020-10067,0.01365,0.70715
CVE-2020-10068,0.01108,0.53389
CVE-2020-10069,0.00885,0.26162
CVE-2020-1007,0.0115,0.5906
CVE-2020-10070,0.05634,0.89764
CVE-2020-10071,0.05634,0.89764
CVE-2020-10072,0.00885,0.26162
CVE-2020-10073,0.00885,0.26162
CVE-2020-10074,0.00885,0.26162
CVE-2020-10075,0.00885,0.26162
CVE-2020-10076,0.00885,0.26162
CVE-2020-10077,0.00885,0.26162
CVE-2020-10078,0.00885,0.26162
CVE-2020-10079,0.00885,0.26162
CVE-2020-1008,0.01789,0.76008
CVE-2020-10080,0.00885,0.26162
CVE-2020-10081,0.00885,0.26162
CVE-2020-10082,0.00885,0.26162
CVE-2020-10083,0.00885,0.26162
CVE-2020-10084,0.00885,0.26162
CVE-2020-10085,0.00885,0.26162
CVE-2020-10086,0.00885,0.26162
CVE-2020-10087,0.00885,0.26162
CVE-2020-10088,0.00885,0.26162
CVE-2020-10089,0.00885,0.26162
CVE-2020-1009,0.0115,0.5906
CVE-2020-10090,0.00885,0.26162
CVE-2020-10091,0.00885,0.26162
CVE-2020-10092,0.00885,0.26162
CVE-2020-10093,0.00885,0.26162
CVE-2020-10094,0.00885,0.26162
CVE-2020-10096,0.00885,0.26162
CVE-2020-10097,0.00885,0.26162
CVE-2020-10098,0.00885,0.26162
CVE-2020-10099,0.00885,0.26162
CVE-2020-1010,0.0115,0.5906
CVE-2020-10100,0.00885,0.26162
CVE-2020-10101,0.00885,0.26162
CVE-2020-10102,0.00885,0.26162
CVE-2020-10103,0.00885,0.26162
CVE-2020-10104,0.00885,0.26162
CVE-2020-10105,0.00885,0.26162
CVE-2020-10106,0.00885,0.26162
CVE-2020-10107,0.00885,0.26162
CVE-2020-10108,0.01537,0.73595
CVE-2020-10109,0.01183,0.60428
CVE-2020-1011,0.0115,0.5906
CVE-2020-10110,0.00954,0.34522
CVE-2020-10111,0.00954,0.34522
CVE-2020-10112,0.00954,0.34522
CVE-2020-10113,0.00885,0.26162
CVE-2020-10114,0.00885,0.26162
CVE-2020-10115,0.01086,0.51674
CVE-2020-10116,0.00885,0.26162
CVE-2020-10117,0.00885,0.26162
CVE-2020-10118,0.00885,0.26162
CVE-2020-10119,0.01156,0.60033
CVE-2020-1012,0.02632,0.81366
CVE-2020-10120,0.01156,0.60033
CVE-2020-10121,0.01086,0.51674
CVE-2020-10122,0.00885,0.26162
CVE-2020-10123,0.01018,0.38792
CVE-2020-10124,0.01005,0.36332
CVE-2020-10125,0.01005,0.36332
CVE-2020-10126,0.01005,0.36332
CVE-2020-1013,0.02632,0.81366
CVE-2020-10134,0.00885,0.26162
CVE-2020-10135,0.01108,0.53389
CVE-2020-10136,0.01213,0.6557
CVE-2020-10137,0.01213,0.6557
CVE-2020-10138,0.01036,0.41241
CVE-2020-10139,0.01036,0.41241
CVE-2020-1014,0.0115,0.5906
CVE-2020-10140,0.01036,0.41241
CVE-2020-10143,0.01036,0.41241
CVE-2020-10145,0.01046,0.41635
CVE-2020-10146,0.0115,0.5906
CVE-2020-1016,0.0115,0.5906
CVE-2020-1017,0.0115,0.5906
CVE-2020-10173,0.07308,0.9216
CVE-2020-10174,0.01104,0.52279
CVE-2020-10176,0.00885,0.26162
CVE-2020-10177,0.01537,0.73595
CVE-2020-1018,0.02632,0.81366
CVE-2020-10180,0.00885,0.26162
CVE-2020-10181,0.00954,0.34522
CVE-2020-10184,0.01136,0.57949
CVE-2020-10185,0.01136,0.57949
CVE-2020-10187,0.01018,0.38792
CVE-2020-10188,0.09801,0.94069
CVE-2020-1019,0.0115,0.5906
CVE-2020-10190,0.00885,0.26162
CVE-2020-10191,0.00885,0.26162
CVE-2020-10192,0.00885,0.26162
CVE-2020-10193,0.00885,0.26162
CVE-2020-10194,0.0089,0.2856
CVE-2020-10195,0.00885,0.26162
CVE-2020-10196,0.01055,0.50287
CVE-2020-10203,0.00885,0.26162
CVE-2020-10206,0.00885,0.26162
CVE-2020-10207,0.01055,0.50287
CVE-2020-10208,0.01055,0.50287
CVE-2020-10209,0.02055,0.7893
CVE-2020-1021,0.01178,0.60108
CVE-2020-10210,0.00885,0.26162
CVE-2020-10211,0.01978,0.78447
CVE-2020-10212,0.00885,0.26162
CVE-2020-10213,0.01055,0.50287
CVE-2020-10214,0.01086,0.51674
CVE-2020-10215,0.01055,0.50287
CVE-2020-10216,0.01055,0.50287
CVE-2020-10218,0.01564,0.74439
CVE-2020-1022,0.01967,0.77799
CVE-2020-10221,0.08078,0.93055
CVE-2020-10222,0.00885,0.26162
CVE-2020-10223,0.00885,0.26162
CVE-2020-10224,0.06545,0.90967
CVE-2020-10225,0.06545,0.90967
CVE-2020-10227,0.00954,0.34522
CVE-2020-10228,0.04571,0.88388
CVE-2020-10229,0.00954,0.34522
CVE-2020-1023,0.01967,0.77799
CVE-2020-10230,0.01564,0.74439
CVE-2020-10231,0.01136,0.57949
CVE-2020-10232,0.01108,0.53389
CVE-2020-10233,0.01018,0.38792
CVE-2020-10234,0.0089,0.2856
CVE-2020-10235,0.01132,0.54372
CVE-2020-10236,0.0089,0.2856
CVE-2020-10237,0.00885,0.26162
CVE-2020-1024,0.01967,0.77799
CVE-2020-10240,0.00885,0.26162
CVE-2020-10241,0.00885,0.26162
CVE-2020-10242,0.00885,0.26162
CVE-2020-10243,0.00885,0.26162
CVE-2020-10244,0.00885,0.26162
CVE-2020-10245,0.00885,0.26162
CVE-2020-10246,0.00885,0.26162
CVE-2020-10247,0.00885,0.26162
CVE-2020-10248,0.01055,0.50287
CVE-2020-10249,0.00885,0.26162
CVE-2020-1025,0.02632,0.81366
CVE-2020-10250,0.01055,0.50287
CVE-2020-10251,0.00885,0.26162
CVE-2020-10252,0.0089,0.2856
CVE-2020-10254,0.00954,0.34522
CVE-2020-10255,0.01108,0.53389
CVE-2020-10256,0.00954,0.34522
CVE-2020-10257,0.00885,0.26162
CVE-2020-1026,0.02632,0.81366
CVE-2020-10262,0.00954,0.34522
CVE-2020-10263,0.00954,0.34522
CVE-2020-10264,0.00885,0.26162
CVE-2020-10265,0.00885,0.26162
CVE-2020-10266,0.00885,0.26162
CVE-2020-10267,0.00885,0.26162
CVE-2020-10268,0.00885,0.26162
CVE-2020-10269,0.00885,0.26162
CVE-2020-1027,0.01178,0.60108
CVE-2020-10270,0.00885,0.26162
CVE-2020-10271,0.00885,0.26162
CVE-2020-10272,0.00885,0.26162
CVE-2020-10273,0.00885,0.26162
CVE-2020-10274,0.00885,0.26162
CVE-2020-10275,0.00885,0.26162
CVE-2020-10276,0.00885,0.26162
CVE-2020-10277,0.00885,0.26162
CVE-2020-10278,0.00885,0.26162
CVE-2020-10279,0.00885,0.26162
CVE-2020-1028,0.02649,0.81391
CVE-2020-10280,0.00885,0.26162
CVE-2020-10281,0.01055,0.50287
CVE-2020-10282,0.00885,0.26162
CVE-2020-10283,0.00885,0.26162
CVE-2020-10284,0.00885,0.26162
CVE-2020-10285,0.00885,0.26162
CVE-2020-10286,0.00885,0.26162
CVE-2020-10287,0.00885,0.26162
CVE-2020-10288,0.00885,0.26162
CVE-2020-10289,0.01086,0.51674
CVE-2020-1029,0.0115,0.5906
CVE-2020-10290,0.00885,0.26162
CVE-2020-10291,0.00885,0.26162
CVE-2020-10292,0.01086,0.51674
CVE-2020-1030,0.0115,0.5906
CVE-2020-1031,0.04728,0.88697
CVE-2020-1032,0.04347,0.87055
CVE-2020-1033,0.0115,0.5906
CVE-2020-1035,0.01875,0.76369
CVE-2020-1036,0.04347,0.87055
CVE-2020-10364,0.08382,0.93597
CVE-2020-10365,0.00885,0.26162
CVE-2020-10366,0.00885,0.26162
CVE-2020-1037,0.01875,0.76369
CVE-2020-10372,0.00885,0.26162
CVE-2020-10374,0.05634,0.89764
CVE-2020-10375,0.00885,0.26162
CVE-2020-10376,0.01055,0.50287
CVE-2020-10377,0.00885,0.26162
CVE-2020-10378,0.01183,0.60428
CVE-2020-10379,0.01108,0.53389
CVE-2020-1038,0.0115,0.5906
CVE-2020-10380,0.00885,0.26162
CVE-2020-10381,0.00885,0.26162
CVE-2020-10382,0.01156,0.60033
CVE-2020-10383,0.01156,0.60033
CVE-2020-10384,0.00885,0.26162
CVE-2020-10385,0.02192,0.80195
CVE-2020-10386,0.10123,0.94312
CVE-2020-10387,0.08078,0.93055
CVE-2020-10388,0.00885,0.26162
CVE-2020-10389,0.10123,0.94312
CVE-2020-1039,0.01789,0.76008
CVE-2020-10390,0.01978,0.78447
CVE-2020-10391,0.00885,0.26162
CVE-2020-10392,0.00885,0.26162
CVE-2020-10393,0.00885,0.26162
CVE-2020-10394,0.00885,0.26162
CVE-2020-10395,0.00885,0.26162
CVE-2020-10396,0.00885,0.26162
CVE-2020-10397,0.00885,0.26162
CVE-2020-10398,0.00885,0.26162
CVE-2020-10399,0.00885,0.26162
CVE-2020-1040,0.04347,0.87055
CVE-2020-10400,0.00885,0.26162
CVE-2020-10401,0.00885,0.26162
CVE-2020-10402,0.00885,0.26162
CVE-2020-10403,0.00885,0.26162
CVE-2020-10404,0.00885,0.26162
CVE-2020-10405,0.00885,0.26162
CVE-2020-10406,0.00885,0.26162
CVE-2020-10407,0.00885,0.26162
CVE-2020-10408,0.00885,0.26162
CVE-2020-10409,0.00885,0.26162
CVE-2020-1041,0.04347,0.87055
CVE-2020-10410,0.00885,0.26162
CVE-2020-10411,0.00885,0.26162
CVE-2020-10412,0.00885,0.26162
CVE-2020-10413,0.00885,0.26162
CVE-2020-10414,0.00885,0.26162
CVE-2020-10415,0.00885,0.26162
CVE-2020-10416,0.00885,0.26162
CVE-2020-10417,0.00885,0.26162
CVE-2020-10418,0.00885,0.26162
CVE-2020-10419,0.00885,0.26162
CVE-2020-1042,0.04347,0.87055
CVE-2020-10420,0.00885,0.26162
CVE-2020-10421,0.00885,0.26162
CVE-2020-10422,0.00885,0.26162
CVE-2020-10423,0.00885,0.26162
CVE-2020-10424,0.00885,0.26162
CVE-2020-10425,0.00885,0.26162
CVE-2020-10426,0.00885,0.26162
CVE-2020-10427,0.00885,0.26162
CVE-2020-10428,0.00885,0.26162
CVE-2020-10429,0.00885,0.26162
CVE-2020-1043,0.04347,0.87055
CVE-2020-10430,0.00885,0.26162
CVE-2020-10431,0.00885,0.26162
CVE-2020-10432,0.00885,0.26162
CVE-2020-10433,0.00885,0.26162
CVE-2020-10434,0.00885,0.26162
CVE-2020-10435,0.00885,0.26162
CVE-2020-10436,0.00885,0.26162
CVE-2020-10437,0.00885,0.26162
CVE-2020-10438,0.00885,0.26162
CVE-2020-10439,0.00885,0.26162
CVE-2020-1044,0.0115,0.5906
CVE-2020-10440,0.00885,0.26162
CVE-2020-10441,0.00885,0.26162
CVE-2020-10442,0.00885,0.26162
CVE-2020-10443,0.00885,0.26162
CVE-2020-10444,0.00885,0.26162
CVE-2020-10445,0.00885,0.26162
CVE-2020-10446,0.00885,0.26162
CVE-2020-10447,0.00885,0.26162
CVE-2020-10448,0.00885,0.26162
CVE-2020-10449,0.00885,0.26162
CVE-2020-1045,0.03678,0.84271
CVE-2020-10450,0.00885,0.26162
CVE-2020-10451,0.00885,0.26162
CVE-2020-10452,0.00885,0.26162
CVE-2020-10453,0.00885,0.26162
CVE-2020-10454,0.00885,0.26162
CVE-2020-10455,0.00885,0.26162
CVE-2020-10456,0.00885,0.26162
CVE-2020-10457,0.00885,0.26162
CVE-2020-10458,0.00885,0.26162
CVE-2020-10459,0.00885,0.26162
CVE-2020-1046,0.01789,0.76008
CVE-2020-10460,0.00885,0.26162
CVE-2020-10461,0.00885,0.26162
CVE-2020-10462,0.00885,0.26162
CVE-2020-10463,0.00885,0.26162
CVE-2020-10464,0.00885,0.26162
CVE-2020-10465,0.00885,0.26162
CVE-2020-10466,0.00885,0.26162
CVE-2020-10467,0.00885,0.26162
CVE-2020-10468,0.00885,0.26162
CVE-2020-10469,0.00885,0.26162
CVE-2020-1047,0.0115,0.5906
CVE-2020-10470,0.00885,0.26162
CVE-2020-10471,0.00885,0.26162
CVE-2020-10472,0.00885,0.26162
CVE-2020-10473,0.00885,0.26162
CVE-2020-10474,0.00885,0.26162
CVE-2020-10475,0.00885,0.26162
CVE-2020-10476,0.00885,0.26162
CVE-2020-10477,0.00885,0.26162
CVE-2020-10478,0.0144,0.7265
CVE-2020-10479,0.00885,0.26162
CVE-2020-10480,0.00885,0.26162
CVE-2020-10481,0.00885,0.26162
CVE-2020-10482,0.00885,0.26162
CVE-2020-10483,0.00885,0.26162
CVE-2020-10484,0.00885,0.26162
CVE-2020-10485,0.00885,0.26162
CVE-2020-10486,0.00885,0.26162
CVE-2020-10487,0.00885,0.26162
CVE-2020-10488,0.00885,0.26162
CVE-2020-10489,0.00885,0.26162
CVE-2020-1049,0.0115,0.5906
CVE-2020-10490,0.00885,0.26162
CVE-2020-10491,0.00885,0.26162
CVE-2020-10492,0.00885,0.26162
CVE-2020-10493,0.00885,0.26162
CVE-2020-10494,0.00885,0.26162
CVE-2020-10495,0.00885,0.26162
CVE-2020-10496,0.00885,0.26162
CVE-2020-10497,0.00885,0.26162
CVE-2020-10498,0.00885,0.26162
CVE-2020-10499,0.00885,0.26162
CVE-2020-1050,0.02632,0.81366
CVE-2020-10500,0.00885,0.26162
CVE-2020-10501,0.00885,0.26162
CVE-2020-10502,0.00885,0.26162
CVE-2020-10503,0.00885,0.26162
CVE-2020-10504,0.00885,0.26162
CVE-2020-10505,0.00885,0.26162
CVE-2020-10506,0.00885,0.26162
CVE-2020-10507,0.00885,0.26162
CVE-2020-10508,0.00885,0.26162
CVE-2020-10509,0.00885,0.26162
CVE-2020-1051,0.01789,0.76008
CVE-2020-10510,0.00885,0.26162
CVE-2020-10511,0.00954,0.34522
CVE-2020-10512,0.0089,0.2856
CVE-2020-10513,0.00885,0.26162
CVE-2020-10514,0.00885,0.26162
CVE-2020-10515,0.02509,0.81058
CVE-2020-10516,0.00954,0.34522
CVE-2020-10517,0.0089,0.2856
CVE-2020-10519,0.04571,0.88388
CVE-2020-1052,0.0115,0.5906
CVE-2020-1053,0.0115,0.5906
CVE-2020-10531,0.02686,0.82061
CVE-2020-10532,0.01055,0.50287
CVE-2020-10534,0.00885,0.26162
CVE-2020-10535,0.01055,0.50287
CVE-2020-10537,0.00885,0.26162
CVE-2020-10538,0.00885,0.26162
CVE-2020-10539,0.00885,0.26162
CVE-2020-10540,0.00885,0.26162
CVE-2020-10541,0.01156,0.60033
CVE-2020-10543,0.02686,0.82061
CVE-2020-10544,0.00885,0.26162
CVE-2020-10546,0.00885,0.26162
CVE-2020-10547,0.00885,0.26162
CVE-2020-10548,0.00885,0.26162
CVE-2020-10549,0.00885,0.26162
CVE-2020-1055,0.02632,0.81366
CVE-2020-10552,0.00885,0.26162
CVE-2020-10553,0.00885,0.26162
CVE-2020-10554,0.00885,0.26162
CVE-2020-10557,0.00885,0.26162
CVE-2020-1056,0.02632,0.81366
CVE-2020-10561,0.01086,0.51674
CVE-2020-10562,0.0089,0.2856
CVE-2020-10563,0.00954,0.34522
CVE-2020-10564,0.05634,0.89764
CVE-2020-10565,0.01036,0.41241
CVE-2020-10566,0.00885,0.26162
CVE-2020-10567,0.00885,0.26162
CVE-2020-10568,0.01689,0.75137
CVE-2020-10569,0.00885,0.26162
CVE-2020-1057,0.01875,0.76369
CVE-2020-10570,0.00885,0.26162
CVE-2020-10571,0.00885,0.26162
CVE-2020-10573,0.00885,0.26162
CVE-2020-10574,0.00885,0.26162
CVE-2020-10575,0.00885,0.26162
CVE-2020-10576,0.00885,0.26162
CVE-2020-10577,0.00885,0.26162
CVE-2020-10578,0.00885,0.26162
CVE-2020-10579,0.01055,0.50287
CVE-2020-1058,0.01875,0.76369
CVE-2020-10580,0.01055,0.50287
CVE-2020-10581,0.01055,0.50287
CVE-2020-10582,0.01055,0.50287
CVE-2020-10583,0.01055,0.50287
CVE-2020-10584,0.01055,0.50287
CVE-2020-10587,0.00885,0.26162
CVE-2020-10588,0.00885,0.26162
CVE-2020-10589,0.00885,0.26162
CVE-2020-1059,0.02632,0.81366
CVE-2020-10590,0.00954,0.34522
CVE-2020-10591,0.01055,0.50287
CVE-2020-10592,0.01213,0.6557
CVE-2020-10593,0.01213,0.6557
CVE-2020-10594,0.00954,0.34522
CVE-2020-10595,0.06729,0.91198
CVE-2020-10596,0.02437,0.80834
CVE-2020-10597,0.00885,0.26162
CVE-2020-10598,0.00885,0.26162
CVE-2020-10599,0.01086,0.51674
CVE-2020-1060,0.01875,0.76369
CVE-2020-10600,0.01055,0.50287
CVE-2020-10601,0.00885,0.26162
CVE-2020-10602,0.01055,0.50287
CVE-2020-10603,0.00885,0.26162
CVE-2020-10604,0.01055,0.50287
CVE-2020-10605,0.00885,0.26162
CVE-2020-10606,0.00885,0.26162
CVE-2020-10607,0.01156,0.60033
CVE-2020-10608,0.00885,0.26162
CVE-2020-10609,0.00885,0.26162
CVE-2020-1061,0.01875,0.76369
CVE-2020-10610,0.00885,0.26162
CVE-2020-10611,0.01978,0.78447
CVE-2020-10612,0.00885,0.26162
CVE-2020-10613,0.01055,0.50287
CVE-2020-10614,0.01055,0.50287
CVE-2020-10615,0.01055,0.50287
CVE-2020-10616,0.01086,0.51674
CVE-2020-10617,0.00885,0.26162
CVE-2020-10618,0.00885,0.26162
CVE-2020-10619,0.00885,0.26162
CVE-2020-1062,0.01875,0.76369
CVE-2020-10620,0.00885,0.26162
CVE-2020-10621,0.00885,0.26162
CVE-2020-10622,0.00885,0.26162
CVE-2020-10623,0.00885,0.26162
CVE-2020-10624,0.00885,0.26162
CVE-2020-10625,0.01055,0.50287
CVE-2020-10626,0.01036,0.41241
CVE-2020-10627,0.00885,0.26162
CVE-2020-10628,0.00885,0.26162
CVE-2020-10629,0.00885,0.26162
CVE-2020-1063,0.0115,0.5906
CVE-2020-10630,0.00885,0.26162
CVE-2020-10631,0.00885,0.26162
CVE-2020-10632,0.00885,0.26162
CVE-2020-10633,0.00885,0.26162
CVE-2020-10634,0.00885,0.26162
CVE-2020-10635,0.00885,0.26162
CVE-2020-10636,0.00885,0.26162
CVE-2020-10637,0.00885,0.26162
CVE-2020-10638,0.10667,0.94413
CVE-2020-10639,0.00885,0.26162
CVE-2020-1064,0.01875,0.76369
CVE-2020-10640,0.01156,0.60033
CVE-2020-10641,0.00885,0.26162
CVE-2020-10642,0.01036,0.41241
CVE-2020-10643,0.01055,0.50287
CVE-2020-10644,0.00885,0.26162
CVE-2020-10646,0.00885,0.26162
CVE-2020-10648,0.01018,0.38792
CVE-2020-10649,0.01365,0.70715
CVE-2020-1065,0.01875,0.76369
CVE-2020-10654,0.05634,0.89764
CVE-2020-10655,0.01978,0.78447
CVE-2020-10656,0.01978,0.78447
CVE-2020-10657,0.01978,0.78447
CVE-2020-10658,0.01978,0.78447
CVE-2020-10659,0.00885,0.26162
CVE-2020-10660,0.00885,0.26162
CVE-2020-10661,0.00885,0.26162
CVE-2020-10664,0.03581,0.8416
CVE-2020-10666,0.01978,0.78447
CVE-2020-10667,0.00954,0.34522
CVE-2020-10668,0.00954,0.34522
CVE-2020-10669,0.00954,0.34522
CVE-2020-1067,0.01967,0.77799
CVE-2020-10670,0.00885,0.26162
CVE-2020-10671,0.00885,0.26162
CVE-2020-10672,0.01183,0.60428
CVE-2020-10674,0.00885,0.26162
CVE-2020-10675,0.00954,0.34522
CVE-2020-10678,0.00885,0.26162
CVE-2020-1068,0.0115,0.5906
CVE-2020-10681,0.00885,0.26162
CVE-2020-10682,0.01103,0.51945
CVE-2020-10683,0.02686,0.82061
CVE-2020-10684,0.01034,0.39824
CVE-2020-10685,0.0095,0.30554
CVE-2020-10686,0.00885,0.26162
CVE-2020-10687,0.00954,0.34522
CVE-2020-10688,0.01018,0.38792
CVE-2020-10689,0.00885,0.26162
CVE-2020-1069,0.04328,0.87045
CVE-2020-10690,0.01034,0.39824
CVE-2020-10691,0.00885,0.26162
CVE-2020-10693,0.01018,0.38792
CVE-2020-10695,0.00885,0.26162
CVE-2020-10696,0.00954,0.34522
CVE-2020-10697,0.00885,0.26162
CVE-2020-10698,0.00885,0.26162
CVE-2020-10699,0.0089,0.2856
CVE-2020-1070,0.0115,0.5906
CVE-2020-10700,0.01183,0.60428
CVE-2020-10701,0.00885,0.26162
CVE-2020-10702,0.0089,0.2856
CVE-2020-10703,0.01034,0.39824
CVE-2020-10704,0.01183,0.60428
CVE-2020-10705,0.00885,0.26162
CVE-2020-10706,0.00885,0.26162
CVE-2020-10709,0.00885,0.26162
CVE-2020-1071,0.02632,0.81366
CVE-2020-10710,0.00885,0.26162
CVE-2020-10711,0.02686,0.82061
CVE-2020-10712,0.00885,0.26162
CVE-2020-10713,0.01864,0.7628
CVE-2020-10714,0.00885,0.26162
CVE-2020-10715,0.00885,0.26162
CVE-2020-10716,0.00885,0.26162
CVE-2020-10717,0.0095,0.30554
CVE-2020-10718,0.00885,0.26162
CVE-2020-10719,0.00885,0.26162
CVE-2020-1072,0.0115,0.5906
CVE-2020-10720,0.00885,0.26162
CVE-2020-10721,0.01036,0.41241
CVE-2020-10722,0.01104,0.52279
CVE-2020-10723,0.01104,0.52279
CVE-2020-10724,0.01104,0.52279
CVE-2020-10725,0.01034,0.39824
CVE-2020-10726,0.01034,0.39824
CVE-2020-10727,0.0089,0.2856
CVE-2020-10728,0.00885,0.26162
CVE-2020-10729,0.0089,0.2856
CVE-2020-1073,0.01875,0.76369
CVE-2020-10730,0.01282,0.67298
CVE-2020-10731,0.00885,0.26162
CVE-2020-10732,0.01547,0.74085
CVE-2020-10733,0.01365,0.70715
CVE-2020-10734,0.00885,0.26162
CVE-2020-10736,0.00885,0.26162
CVE-2020-10737,0.00885,0.26162
CVE-2020-10738,0.04571,0.88388
CVE-2020-10739,0.00954,0.34522
CVE-2020-1074,0.01789,0.76008
CVE-2020-10740,0.01055,0.50287
CVE-2020-10742,0.00885,0.26162
CVE-2020-10743,0.00885,0.26162
CVE-2020-10744,0.00885,0.26162
CVE-2020-10745,0.01408,0.72072
CVE-2020-10746,0.00885,0.26162
CVE-2020-10748,0.00885,0.26162
CVE-2020-1075,0.0115,0.5906
CVE-2020-10750,0.00885,0.26162
CVE-2020-10751,0.01547,0.74085
CVE-2020-10752,0.00885,0.26162
CVE-2020-10753,0.01108,0.53389
CVE-2020-10754,0.00885,0.26162
CVE-2020-10755,0.0089,0.2856
CVE-2020-10756,0.01282,0.67298
CVE-2020-10757,0.01547,0.74085
CVE-2020-10758,0.00885,0.26162
CVE-2020-1076,0.0115,0.5906
CVE-2020-10760,0.01282,0.67298
CVE-2020-10761,0.01034,0.39824
CVE-2020-10762,0.00885,0.26162
CVE-2020-10763,0.00885,0.26162
CVE-2020-10766,0.01005,0.36332
CVE-2020-10767,0.00885,0.26162
CVE-2020-10768,0.00885,0.26162
CVE-2020-10769,0.0095,0.30554
CVE-2020-1077,0.0115,0.5906
CVE-2020-10771,0.00885,0.26162
CVE-2020-10772,0.00885,0.26162
CVE-2020-10773,0.00885,0.26162
CVE-2020-10774,0.00885,0.26162
CVE-2020-10775,0.01055,0.50287
CVE-2020-10776,0.00885,0.26162
CVE-2020-10777,0.00885,0.26162
CVE-2020-10778,0.00885,0.26162
CVE-2020-10779,0.00885,0.26162
CVE-2020-1078,0.00908,0.28614
CVE-2020-10780,0.00885,0.26162
CVE-2020-10781,0.0095,0.30554
CVE-2020-10782,0.00885,0.26162
CVE-2020-10783,0.00885,0.26162
CVE-2020-10786,0.01156,0.60033
CVE-2020-10787,0.00885,0.26162
CVE-2020-10788,0.00885,0.26162
CVE-2020-10789,0.00885,0.26162
CVE-2020-1079,0.0115,0.5906
CVE-2020-10790,0.0089,0.2856
CVE-2020-10791,0.01055,0.50287
CVE-2020-10792,0.01055,0.50287
CVE-2020-10793,0.01055,0.50287
CVE-2020-10794,0.00885,0.26162
CVE-2020-10795,0.01156,0.60033
CVE-2020-10797,0.00954,0.34522
CVE-2020-10799,0.00885,0.26162
CVE-2020-1080,0.0115,0.5906
CVE-2020-10800,0.01086,0.51674
CVE-2020-10802,0.01104,0.52279
CVE-2020-10803,0.01104,0.52279
CVE-2020-10804,0.01034,0.39824
CVE-2020-10806,0.01156,0.60033
CVE-2020-10807,0.01018,0.38792
CVE-2020-10808,0.4446,0.98236
CVE-2020-10809,0.00954,0.34522
CVE-2020-1081,0.0115,0.5906
CVE-2020-10810,0.00954,0.34522
CVE-2020-10811,0.00954,0.34522
CVE-2020-10812,0.00954,0.34522
CVE-2020-10813,0.00885,0.26162
CVE-2020-10814,0.01559,0.742
CVE-2020-10816,0.01055,0.50287
CVE-2020-10817,0.00885,0.26162
CVE-2020-10818,0.01156,0.60033
CVE-2020-10819,0.00885,0.26162
CVE-2020-1082,0.01178,0.60108
CVE-2020-10820,0.00885,0.26162
CVE-2020-10821,0.00885,0.26162
CVE-2020-10823,0.01978,0.78447
CVE-2020-10824,0.01978,0.78447
CVE-2020-10825,0.01978,0.78447
CVE-2020-10826,0.01055,0.50287
CVE-2020-10827,0.01978,0.78447
CVE-2020-10828,0.01978,0.78447
CVE-2020-10829,0.01036,0.41241
CVE-2020-1083,0.0115,0.5906
CVE-2020-10830,0.00885,0.26162
CVE-2020-10831,0.00885,0.26162
CVE-2020-10832,0.00885,0.26162
CVE-2020-10833,0.00885,0.26162
CVE-2020-10834,0.00885,0.26162
CVE-2020-10835,0.00885,0.26162
CVE-2020-10836,0.00885,0.26162
CVE-2020-10837,0.01086,0.51674
CVE-2020-10838,0.01036,0.41241
CVE-2020-10839,0.00885,0.26162
CVE-2020-1084,0.0115,0.5906
CVE-2020-10840,0.00885,0.26162
CVE-2020-10841,0.00885,0.26162
CVE-2020-10842,0.00885,0.26162
CVE-2020-10843,0.00885,0.26162
CVE-2020-10844,0.00885,0.26162
CVE-2020-10845,0.00885,0.26162
CVE-2020-10846,0.00885,0.26162
CVE-2020-10847,0.00885,0.26162
CVE-2020-10848,0.00885,0.26162
CVE-2020-10849,0.00885,0.26162
CVE-2020-1085,0.0115,0.5906
CVE-2020-10850,0.01086,0.51674
CVE-2020-10851,0.00885,0.26162
CVE-2020-10852,0.00885,0.26162
CVE-2020-10853,0.00885,0.26162
CVE-2020-10854,0.00885,0.26162
CVE-2020-10855,0.00885,0.26162
CVE-2020-10857,0.01156,0.60033
CVE-2020-10858,0.00885,0.26162
CVE-2020-10859,0.00885,0.26162
CVE-2020-1086,0.0115,0.5906
CVE-2020-10860,0.00954,0.34522
CVE-2020-10861,0.00954,0.34522
CVE-2020-10862,0.0089,0.2856
CVE-2020-10863,0.00954,0.34522
CVE-2020-10864,0.00954,0.34522
CVE-2020-10865,0.00954,0.34522
CVE-2020-10866,0.00954,0.34522
CVE-2020-10867,0.00954,0.34522
CVE-2020-10868,0.00954,0.34522
CVE-2020-1087,0.0115,0.5906
CVE-2020-10870,0.00885,0.26162
CVE-2020-10871,0.01136,0.57949
CVE-2020-10874,0.01055,0.50287
CVE-2020-10875,0.01055,0.50287
CVE-2020-10876,0.00885,0.26162
CVE-2020-10878,0.02686,0.82061
CVE-2020-10879,0.08382,0.93597
CVE-2020-1088,0.0115,0.5906
CVE-2020-10881,0.01156,0.60033
CVE-2020-10882,0.01005,0.36332
CVE-2020-10883,0.00885,0.26162
CVE-2020-10884,0.01005,0.36332
CVE-2020-10885,0.01156,0.60033
CVE-2020-10886,0.01156,0.60033
CVE-2020-10887,0.01086,0.51674
CVE-2020-10888,0.01055,0.50287
CVE-2020-10889,0.01321,0.70521
CVE-2020-10890,0.01384,0.711
CVE-2020-10891,0.01321,0.70521
CVE-2020-10892,0.01384,0.711
CVE-2020-10893,0.01321,0.70521
CVE-2020-10894,0.01321,0.70521
CVE-2020-10895,0.01321,0.70521
CVE-2020-10896,0.01321,0.70521
CVE-2020-10897,0.01321,0.70521
CVE-2020-10898,0.01321,0.70521
CVE-2020-10899,0.01321,0.70521
CVE-2020-1090,0.0115,0.5906
CVE-2020-10900,0.01321,0.70521
CVE-2020-10901,0.01321,0.70521
CVE-2020-10902,0.01321,0.70521
CVE-2020-10903,0.01321,0.70521
CVE-2020-10904,0.01321,0.70521
CVE-2020-10905,0.01321,0.70521
CVE-2020-10906,0.01321,0.70521
CVE-2020-10907,0.01321,0.70521
CVE-2020-10908,0.01321,0.70521
CVE-2020-10909,0.01321,0.70521
CVE-2020-1091,0.02632,0.81366
CVE-2020-10910,0.01321,0.70521
CVE-2020-10911,0.01321,0.70521
CVE-2020-10912,0.01321,0.70521
CVE-2020-10913,0.01321,0.70521
CVE-2020-10914,0.05634,0.89764
CVE-2020-10915,0.05634,0.89764
CVE-2020-10916,0.01036,0.41241
CVE-2020-10917,0.01156,0.60033
CVE-2020-10918,0.01055,0.50287
CVE-2020-10919,0.01055,0.50287
CVE-2020-1092,0.01875,0.76369
CVE-2020-10920,0.01156,0.60033
CVE-2020-10921,0.01055,0.50287
CVE-2020-10922,0.01055,0.50287
CVE-2020-10923,0.01036,0.41241
CVE-2020-10924,0.01036,0.41241
CVE-2020-10925,0.01036,0.41241
CVE-2020-10926,0.01036,0.41241
CVE-2020-10927,0.01036,0.41241
CVE-2020-10928,0.01276,0.66501
CVE-2020-10929,0.01276,0.66501
CVE-2020-1093,0.01875,0.76369
CVE-2020-10930,0.00885,0.26162
CVE-2020-10931,0.01136,0.57949
CVE-2020-10932,0.0095,0.30554
CVE-2020-10933,0.01018,0.38792
CVE-2020-10934,0.00885,0.26162
CVE-2020-10935,0.00885,0.26162
CVE-2020-10936,0.01104,0.52279
CVE-2020-10937,0.00885,0.26162
CVE-2020-10938,0.01018,0.38792
CVE-2020-10939,0.00885,0.26162
CVE-2020-1094,0.0115,0.5906
CVE-2020-10940,0.00885,0.26162
CVE-2020-10941,0.00954,0.34522
CVE-2020-10942,0.01547,0.74085
CVE-2020-10944,0.00885,0.26162
CVE-2020-10945,0.00885,0.26162
CVE-2020-10946,0.01055,0.50287
CVE-2020-10947,0.00885,0.26162
CVE-2020-10948,0.01156,0.60033
CVE-2020-10951,0.01018,0.38792
CVE-2020-10952,0.00885,0.26162
CVE-2020-10953,0.00885,0.26162
CVE-2020-10954,0.00885,0.26162
CVE-2020-10955,0.0089,0.2856
CVE-2020-10956,0.00885,0.26162
CVE-2020-10957,0.01537,0.73595
CVE-2020-10958,0.01537,0.73595
CVE-2020-10959,0.01136,0.57949
CVE-2020-1096,0.01875,0.76369
CVE-2020-10960,0.00885,0.26162
CVE-2020-10964,0.01978,0.78447
CVE-2020-10965,0.00885,0.26162
CVE-2020-10966,0.00954,0.34522
CVE-2020-10967,0.03779,0.84781
CVE-2020-10968,0.01183,0.60428
CVE-2020-10969,0.01183,0.60428
CVE-2020-1097,0.02632,0.81366
CVE-2020-10971,0.02509,0.81058
CVE-2020-10972,0.01018,0.38792
CVE-2020-10973,0.01018,0.38792
CVE-2020-10974,0.01018,0.38792
CVE-2020-10975,0.00885,0.26162
CVE-2020-10976,0.00885,0.26162
CVE-2020-10978,0.00885,0.26162
CVE-2020-10979,0.00885,0.26162
CVE-2020-1098,0.0115,0.5906
CVE-2020-10980,0.00885,0.26162
CVE-2020-10981,0.00885,0.26162
CVE-2020-10982,0.00885,0.26162
CVE-2020-10983,0.00885,0.26162
CVE-2020-10984,0.00885,0.26162
CVE-2020-10985,0.00885,0.26162
CVE-2020-10986,0.01055,0.50287
CVE-2020-10988,0.01055,0.50287
CVE-2020-10989,0.01055,0.50287
CVE-2020-1099,0.0115,0.5906
CVE-2020-10990,0.00885,0.26162
CVE-2020-10991,0.00885,0.26162
CVE-2020-10992,0.00885,0.26162
CVE-2020-10993,0.00885,0.26162
CVE-2020-10994,0.01537,0.73595
CVE-2020-10995,0.01108,0.53389
CVE-2020-10996,0.00954,0.34522
CVE-2020-10997,0.00885,0.26162
CVE-2020-1100,0.0115,0.5906
CVE-2020-11000,0.00885,0.26162
CVE-2020-11001,0.0089,0.2856
CVE-2020-11002,0.05471,0.89498
CVE-2020-11003,0.00885,0.26162
CVE-2020-11004,0.00954,0.34522
CVE-2020-11005,0.00885,0.26162
CVE-2020-11006,0.00885,0.26162
CVE-2020-11007,0.00885,0.26162
CVE-2020-11008,0.01537,0.73595
CVE-2020-11009,0.0144,0.7265
CVE-2020-1101,0.0115,0.5906
CVE-2020-11010,0.00885,0.26162
CVE-2020-11011,0.01773,0.75668
CVE-2020-11012,0.01018,0.38792
CVE-2020-11013,0.00885,0.26162
CVE-2020-11014,0.01018,0.38792
CVE-2020-11016,0.02199,0.80273
CVE-2020-11017,0.00885,0.26162
CVE-2020-11018,0.00885,0.26162
CVE-2020-11019,0.00885,0.26162
CVE-2020-11020,0.00885,0.26162
CVE-2020-11021,0.00954,0.34522
CVE-2020-11024,0.0089,0.2856
CVE-2020-11025,0.0089,0.2856
CVE-2020-11026,0.02199,0.80273
CVE-2020-11027,0.02199,0.80273
CVE-2020-11028,0.01018,0.38792
CVE-2020-11029,0.01018,0.38792
CVE-2020-1103,0.02632,0.81366
CVE-2020-11030,0.0089,0.2856
CVE-2020-11031,0.00885,0.26162
CVE-2020-11032,0.00885,0.26162
CVE-2020-11033,0.0089,0.2856
CVE-2020-11035,0.00954,0.34522
CVE-2020-11036,0.0089,0.2856
CVE-2020-11037,0.00885,0.26162
CVE-2020-11038,0.00885,0.26162
CVE-2020-11039,0.00885,0.26162
CVE-2020-1104,0.0115,0.5906
CVE-2020-11040,0.00885,0.26162
CVE-2020-11041,0.00885,0.26162
CVE-2020-11042,0.01034,0.39824
CVE-2020-11043,0.00885,0.26162
CVE-2020-11044,0.0095,0.30554
CVE-2020-11045,0.01034,0.39824
CVE-2020-11046,0.01034,0.39824
CVE-2020-11047,0.0095,0.30554
CVE-2020-11048,0.01034,0.39824
CVE-2020-11049,0.01034,0.39824
CVE-2020-1105,0.0115,0.5906
CVE-2020-11050,0.00885,0.26162
CVE-2020-11051,0.00885,0.26162
CVE-2020-11052,0.01018,0.38792
CVE-2020-11053,0.00885,0.26162
CVE-2020-11054,0.01547,0.74085
CVE-2020-11055,0.0095,0.30554
CVE-2020-11056,0.0144,0.7265
CVE-2020-11057,0.0089,0.2856
CVE-2020-11058,0.01034,0.39824
CVE-2020-1106,0.03083,0.82987
CVE-2020-11061,0.0089,0.2856
CVE-2020-11062,0.00885,0.26162
CVE-2020-11063,0.00885,0.26162
CVE-2020-11064,0.00885,0.26162
CVE-2020-11065,0.00885,0.26162
CVE-2020-11066,0.00885,0.26162
CVE-2020-11067,0.01156,0.60033
CVE-2020-11068,0.00885,0.26162
CVE-2020-11069,0.01338,0.70562
CVE-2020-1107,0.0115,0.5906
CVE-2020-11070,0.00885,0.26162
CVE-2020-11071,0.00885,0.26162
CVE-2020-11072,0.00885,0.26162
CVE-2020-11073,0.0095,0.30554
CVE-2020-11074,0.00885,0.26162
CVE-2020-11075,0.02199,0.80273
CVE-2020-11076,0.01108,0.53389
CVE-2020-11077,0.01108,0.53389
CVE-2020-11078,0.01537,0.73595
CVE-2020-1108,0.02632,0.81366
CVE-2020-11080,0.02686,0.82061
CVE-2020-11081,0.0095,0.30554
CVE-2020-11082,0.01018,0.38792
CVE-2020-11083,0.0095,0.30554
CVE-2020-11084,0.01086,0.51674
CVE-2020-11085,0.0089,0.2856
CVE-2020-11086,0.0089,0.2856
CVE-2020-11087,0.0089,0.2856
CVE-2020-11088,0.0089,0.2856
CVE-2020-11089,0.0095,0.30554
CVE-2020-1109,0.0115,0.5906
CVE-2020-11090,0.00954,0.34522
CVE-2020-11091,0.00885,0.26162
CVE-2020-11093,0.01018,0.38792
CVE-2020-11094,0.00885,0.26162
CVE-2020-11095,0.01034,0.39824
CVE-2020-11096,0.01108,0.53389
CVE-2020-11097,0.01034,0.39824
CVE-2020-11098,0.01108,0.53389
CVE-2020-11099,0.01108,0.53389
CVE-2020-1110,0.0115,0.5906
CVE-2020-11100,0.07876,0.92965
CVE-2020-11102,0.01018,0.38792
CVE-2020-11103,0.01978,0.78447
CVE-2020-11104,0.00885,0.26162
CVE-2020-11105,0.00885,0.26162
CVE-2020-11106,0.00885,0.26162
CVE-2020-1111,0.0115,0.5906
CVE-2020-11110,0.01673,0.75051
CVE-2020-11111,0.01183,0.60428
CVE-2020-11112,0.01183,0.60428
CVE-2020-11114,0.00885,0.26162
CVE-2020-11115,0.00885,0.26162
CVE-2020-11116,0.00885,0.26162
CVE-2020-11117,0.01978,0.78447
CVE-2020-11118,0.00885,0.26162
CVE-2020-11119,0.00885,0.26162
CVE-2020-1112,0.0115,0.5906
CVE-2020-11120,0.00885,0.26162
CVE-2020-11121,0.00885,0.26162
CVE-2020-11122,0.00885,0.26162
CVE-2020-11123,0.00885,0.26162
CVE-2020-11124,0.00885,0.26162
CVE-2020-11125,0.00885,0.26162
CVE-2020-11126,0.00885,0.26162
CVE-2020-11127,0.00885,0.26162
CVE-2020-11128,0.00885,0.26162
CVE-2020-11129,0.00885,0.26162
CVE-2020-1113,0.0115,0.5906
CVE-2020-11130,0.00885,0.26162
CVE-2020-11131,0.00885,0.26162
CVE-2020-11132,0.00885,0.26162
CVE-2020-11133,0.00885,0.26162
CVE-2020-11134,0.00885,0.26162
CVE-2020-11135,0.00885,0.26162
CVE-2020-11136,0.00885,0.26162
CVE-2020-11137,0.00885,0.26162
CVE-2020-11138,0.00885,0.26162
CVE-2020-11139,0.00885,0.26162
CVE-2020-1114,0.0115,0.5906
CVE-2020-11140,0.00885,0.26162
CVE-2020-11141,0.00885,0.26162
CVE-2020-11143,0.00885,0.26162
CVE-2020-11144,0.00885,0.26162
CVE-2020-11145,0.00885,0.26162
CVE-2020-11146,0.00885,0.26162
CVE-2020-11147,0.00885,0.26162
CVE-2020-11148,0.00885,0.26162
CVE-2020-11149,0.00885,0.26162
CVE-2020-1115,0.0115,0.5906
CVE-2020-11150,0.00885,0.26162
CVE-2020-11151,0.00885,0.26162
CVE-2020-11152,0.00885,0.26162
CVE-2020-11153,0.01156,0.60033
CVE-2020-11154,0.00885,0.26162
CVE-2020-11155,0.00885,0.26162
CVE-2020-11156,0.00885,0.26162
CVE-2020-11157,0.00885,0.26162
CVE-2020-11158,0.00885,0.26162
CVE-2020-11159,0.00885,0.26162
CVE-2020-1116,0.0115,0.5906
CVE-2020-11160,0.00885,0.26162
CVE-2020-11161,0.00885,0.26162
CVE-2020-11162,0.00885,0.26162
CVE-2020-11163,0.00885,0.26162
CVE-2020-11164,0.00885,0.26162
CVE-2020-11165,0.00885,0.26162
CVE-2020-11166,0.00885,0.26162
CVE-2020-11167,0.00885,0.26162
CVE-2020-11168,0.00885,0.26162
CVE-2020-11169,0.00885,0.26162
CVE-2020-1117,0.01875,0.76369
CVE-2020-11170,0.00885,0.26162
CVE-2020-11171,0.00885,0.26162
CVE-2020-11172,0.00885,0.26162
CVE-2020-11173,0.00885,0.26162
CVE-2020-11174,0.00885,0.26162
CVE-2020-11175,0.00885,0.26162
CVE-2020-11176,0.00885,0.26162
CVE-2020-11177,0.00885,0.26162
CVE-2020-11178,0.00885,0.26162
CVE-2020-11179,0.00885,0.26162
CVE-2020-1118,0.02632,0.81366
CVE-2020-11180,0.00885,0.26162
CVE-2020-11181,0.00885,0.26162
CVE-2020-11182,0.00885,0.26162
CVE-2020-11183,0.00885,0.26162
CVE-2020-11184,0.00885,0.26162
CVE-2020-11185,0.00885,0.26162
CVE-2020-11186,0.00885,0.26162
CVE-2020-11187,0.00885,0.26162
CVE-2020-11188,0.00885,0.26162
CVE-2020-11189,0.00885,0.26162
CVE-2020-1119,0.0115,0.5906
CVE-2020-11190,0.00885,0.26162
CVE-2020-11191,0.00885,0.26162
CVE-2020-11192,0.00885,0.26162
CVE-2020-11193,0.00885,0.26162
CVE-2020-11194,0.00885,0.26162
CVE-2020-11195,0.00885,0.26162
CVE-2020-11196,0.00885,0.26162
CVE-2020-11197,0.00885,0.26162
CVE-2020-11198,0.00885,0.26162
CVE-2020-11199,0.00885,0.26162
CVE-2020-1120,0.0115,0.5906
CVE-2020-11200,0.00885,0.26162
CVE-2020-11201,0.0089,0.2856
CVE-2020-11202,0.0089,0.2856
CVE-2020-11203,0.00885,0.26162
CVE-2020-11204,0.00885,0.26162
CVE-2020-11205,0.00885,0.26162
CVE-2020-11206,0.0089,0.2856
CVE-2020-11207,0.0089,0.2856
CVE-2020-11208,0.0089,0.2856
CVE-2020-11209,0.0089,0.2856
CVE-2020-1121,0.0115,0.5906
CVE-2020-11210,0.00885,0.26162
CVE-2020-11212,0.00885,0.26162
CVE-2020-11213,0.00885,0.26162
CVE-2020-11214,0.00885,0.26162
CVE-2020-11215,0.00885,0.26162
CVE-2020-11216,0.00885,0.26162
CVE-2020-11217,0.00885,0.26162
CVE-2020-11218,0.00885,0.26162
CVE-2020-1122,0.0115,0.5906
CVE-2020-11220,0.00885,0.26162
CVE-2020-11221,0.00885,0.26162
CVE-2020-11222,0.00885,0.26162
CVE-2020-11223,0.00885,0.26162
CVE-2020-11225,0.00885,0.26162
CVE-2020-11226,0.00885,0.26162
CVE-2020-11227,0.00885,0.26162
CVE-2020-11228,0.00885,0.26162
CVE-2020-1123,0.0115,0.5906
CVE-2020-11230,0.00885,0.26162
CVE-2020-11231,0.00885,0.26162
CVE-2020-11233,0.00885,0.26162
CVE-2020-11234,0.00885,0.26162
CVE-2020-11235,0.00885,0.26162
CVE-2020-11236,0.00885,0.26162
CVE-2020-11237,0.00885,0.26162
CVE-2020-11238,0.00885,0.26162
CVE-2020-11239,0.00885,0.26162
CVE-2020-1124,0.0115,0.5906
CVE-2020-11240,0.00885,0.26162
CVE-2020-11241,0.00885,0.26162
CVE-2020-11242,0.00885,0.26162
CVE-2020-11243,0.00885,0.26162
CVE-2020-11245,0.00885,0.26162
CVE-2020-11246,0.00885,0.26162
CVE-2020-11247,0.00885,0.26162
CVE-2020-1125,0.02632,0.81366
CVE-2020-11250,0.00885,0.26162
CVE-2020-11251,0.00885,0.26162
CVE-2020-11252,0.00885,0.26162
CVE-2020-11253,0.00885,0.26162
CVE-2020-11254,0.00885,0.26162
CVE-2020-11255,0.00885,0.26162
CVE-2020-11256,0.00885,0.26162
CVE-2020-11257,0.00885,0.26162
CVE-2020-11258,0.00885,0.26162
CVE-2020-11259,0.00885,0.26162
CVE-2020-1126,0.02649,0.81391
CVE-2020-11260,0.00885,0.26162
CVE-2020-11261,0.00885,0.26162
CVE-2020-11262,0.00885,0.26162
CVE-2020-11263,0.00885,0.26162
CVE-2020-11264,0.00885,0.26162
CVE-2020-11265,0.00885,0.26162
CVE-2020-11266,0.00885,0.26162
CVE-2020-11267,0.00885,0.26162
CVE-2020-11268,0.00885,0.26162
CVE-2020-11269,0.00885,0.26162
CVE-2020-11270,0.00885,0.26162
CVE-2020-11271,0.00885,0.26162
CVE-2020-11272,0.00885,0.26162
CVE-2020-11273,0.00885,0.26162
CVE-2020-11274,0.00885,0.26162
CVE-2020-11275,0.00885,0.26162
CVE-2020-11276,0.00885,0.26162
CVE-2020-11277,0.00885,0.26162
CVE-2020-11278,0.00885,0.26162
CVE-2020-11279,0.00885,0.26162
CVE-2020-11280,0.00885,0.26162
CVE-2020-11281,0.00885,0.26162
CVE-2020-11282,0.00885,0.26162
CVE-2020-11283,0.00885,0.26162
CVE-2020-11284,0.00885,0.26162
CVE-2020-11285,0.00885,0.26162
CVE-2020-11286,0.00885,0.26162
CVE-2020-11287,0.00885,0.26162
CVE-2020-11288,0.00885,0.26162
CVE-2020-11289,0.00885,0.26162
CVE-2020-1129,0.01875,0.76369
CVE-2020-11290,0.00885,0.26162
CVE-2020-11291,0.00885,0.26162
CVE-2020-11292,0.00885,0.26162
CVE-2020-11293,0.00885,0.26162
CVE-2020-11294,0.00885,0.26162
CVE-2020-11295,0.00885,0.26162
CVE-2020-11296,0.00885,0.26162
CVE-2020-11297,0.00885,0.26162
CVE-2020-11298,0.00885,0.26162
CVE-2020-11299,0.00885,0.26162
CVE-2020-1130,0.0115,0.5906
CVE-2020-11301,0.00885,0.26162
CVE-2020-11303,0.00885,0.26162
CVE-2020-11304,0.00885,0.26162
CVE-2020-11305,0.00885,0.26162
CVE-2020-11306,0.00885,0.26162
CVE-2020-11307,0.00885,0.26162
CVE-2020-11308,0.00885,0.26162
CVE-2020-11309,0.00885,0.26162
CVE-2020-1131,0.0115,0.5906
CVE-2020-1132,0.0115,0.5906
CVE-2020-1133,0.0115,0.5906
CVE-2020-1134,0.0115,0.5906
CVE-2020-1135,0.0115,0.5906
CVE-2020-1136,0.02649,0.81391
CVE-2020-1137,0.0115,0.5906
CVE-2020-1138,0.0115,0.5906
CVE-2020-1139,0.02632,0.81366
CVE-2020-1140,0.0115,0.5906
CVE-2020-1141,0.0115,0.5906
CVE-2020-11414,0.00885,0.26162
CVE-2020-11415,0.00885,0.26162
CVE-2020-11416,0.00885,0.26162
CVE-2020-1142,0.0115,0.5906
CVE-2020-11420,0.0089,0.2856
CVE-2020-1143,0.0115,0.5906
CVE-2020-11431,0.01213,0.6557
CVE-2020-11436,0.0089,0.2856
CVE-2020-11437,0.0089,0.2856
CVE-2020-11438,0.00954,0.34522
CVE-2020-11439,0.0089,0.2856
CVE-2020-1144,0.0115,0.5906
CVE-2020-11440,0.03581,0.8416
CVE-2020-11441,0.00885,0.26162
CVE-2020-11443,0.0089,0.2856
CVE-2020-11445,0.01055,0.50287
CVE-2020-11446,0.00885,0.26162
CVE-2020-11449,0.00885,0.26162
CVE-2020-1145,0.0115,0.5906
CVE-2020-11451,0.0095,0.30554
CVE-2020-11452,0.0095,0.30554
CVE-2020-11453,0.01018,0.38792
CVE-2020-11454,0.0095,0.30554
CVE-2020-11455,0.08382,0.93597
CVE-2020-11456,0.02192,0.80195
CVE-2020-11457,0.02192,0.80195
CVE-2020-11458,0.00885,0.26162
CVE-2020-1146,0.00908,0.28614
CVE-2020-11462,0.00885,0.26162
CVE-2020-11463,0.00954,0.34522
CVE-2020-11464,0.0089,0.2856
CVE-2020-11465,0.0089,0.2856
CVE-2020-11466,0.0089,0.2856
CVE-2020-11467,0.04571,0.88388
CVE-2020-11469,0.00885,0.26162
CVE-2020-11470,0.00885,0.26162
CVE-2020-11474,0.00885,0.26162
CVE-2020-11476,0.0095,0.30554
CVE-2020-1148,0.0115,0.5906
CVE-2020-11483,0.00885,0.26162
CVE-2020-11484,0.00885,0.26162
CVE-2020-11485,0.01086,0.51674
CVE-2020-11486,0.01156,0.60033
CVE-2020-11487,0.00885,0.26162
CVE-2020-11488,0.01036,0.41241
CVE-2020-11489,0.00885,0.26162
CVE-2020-1149,0.02632,0.81366
CVE-2020-11490,0.01055,0.50287
CVE-2020-11491,0.01055,0.50287
CVE-2020-11494,0.01791,0.76026
CVE-2020-11496,0.00885,0.26162
CVE-2020-11497,0.01018,0.38792
CVE-2020-11498,0.0144,0.7265
CVE-2020-11499,0.00885,0.26162
CVE-2020-1150,0.02649,0.81391
CVE-2020-11500,0.00885,0.26162
CVE-2020-11501,0.01537,0.73595
CVE-2020-11503,0.00885,0.26162
CVE-2020-11505,0.00885,0.26162
CVE-2020-11506,0.00885,0.26162
CVE-2020-11507,0.01036,0.41241
CVE-2020-11508,0.00885,0.26162
CVE-2020-11509,0.01055,0.50287
CVE-2020-1151,0.02632,0.81366
CVE-2020-11511,0.01213,0.6557
CVE-2020-11512,0.00885,0.26162
CVE-2020-11514,0.01136,0.57949
CVE-2020-11515,0.01136,0.57949
CVE-2020-11516,0.00885,0.26162
CVE-2020-11518,0.01156,0.60033
CVE-2020-1152,0.0115,0.5906
CVE-2020-11521,0.01034,0.39824
CVE-2020-11522,0.01108,0.53389
CVE-2020-11523,0.01034,0.39824
CVE-2020-11524,0.0095,0.30554
CVE-2020-11525,0.01104,0.52279
CVE-2020-11526,0.01034,0.39824
CVE-2020-11527,0.01055,0.50287
CVE-2020-11528,0.00885,0.26162
CVE-2020-11529,0.00954,0.34522
CVE-2020-1153,0.01789,0.76008
CVE-2020-11531,0.02199,0.80273
CVE-2020-11532,0.69887,0.99099
CVE-2020-11533,0.00885,0.26162
CVE-2020-11534,0.0144,0.7265
CVE-2020-11535,0.0144,0.7265
CVE-2020-11536,0.0144,0.7265
CVE-2020-11537,0.00885,0.26162
CVE-2020-11538,0.01183,0.60428
CVE-2020-1154,0.0115,0.5906
CVE-2020-11541,0.00885,0.26162
CVE-2020-11542,0.00885,0.26162
CVE-2020-11543,0.00885,0.26162
CVE-2020-11544,0.00885,0.26162
CVE-2020-11545,0.00885,0.26162
CVE-2020-11548,0.05365,0.89438
CVE-2020-11549,0.05634,0.89764
CVE-2020-1155,0.02632,0.81366
CVE-2020-11550,0.00954,0.34522
CVE-2020-11551,0.00954,0.34522
CVE-2020-11552,0.10212,0.94357
CVE-2020-11553,0.00885,0.26162
CVE-2020-11554,0.01055,0.50287
CVE-2020-11555,0.01055,0.50287
CVE-2020-11556,0.00885,0.26162
CVE-2020-11557,0.00885,0.26162
CVE-2020-11558,0.00885,0.26162
CVE-2020-1156,0.02632,0.81366
CVE-2020-11560,0.00885,0.26162
CVE-2020-11561,0.0089,0.2856
CVE-2020-11565,0.01282,0.67298
CVE-2020-1157,0.02632,0.81366
CVE-2020-11576,0.00954,0.34522
CVE-2020-1158,0.02632,0.81366
CVE-2020-11580,0.00885,0.26162
CVE-2020-11581,0.02055,0.7893
CVE-2020-11582,0.00885,0.26162
CVE-2020-11583,0.01055,0.50287
CVE-2020-11584,0.01055,0.50287
CVE-2020-11585,0.00885,0.26162
CVE-2020-11586,0.00885,0.26162
CVE-2020-11587,0.00885,0.26162
CVE-2020-11588,0.00885,0.26162
CVE-2020-11589,0.00885,0.26162
CVE-2020-1159,0.0115,0.5906
CVE-2020-11590,0.00885,0.26162
CVE-2020-11591,0.00885,0.26162
CVE-2020-11592,0.00885,0.26162
CVE-2020-11593,0.00885,0.26162
CVE-2020-11594,0.00885,0.26162
CVE-2020-11595,0.00885,0.26162
CVE-2020-11596,0.00885,0.26162
CVE-2020-11597,0.00885,0.26162
CVE-2020-11598,0.01156,0.60033
CVE-2020-11599,0.00885,0.26162
CVE-2020-1160,0.0115,0.5906
CVE-2020-11600,0.01086,0.51674
CVE-2020-11601,0.00885,0.26162
CVE-2020-11602,0.00885,0.26162
CVE-2020-11603,0.0144,0.7265
CVE-2020-11604,0.00885,0.26162
CVE-2020-11605,0.00885,0.26162
CVE-2020-11606,0.00885,0.26162
CVE-2020-11607,0.00885,0.26162
CVE-2020-11608,0.01547,0.74085
CVE-2020-11609,0.01547,0.74085
CVE-2020-1161,0.02632,0.81366
CVE-2020-11610,0.00885,0.26162
CVE-2020-11611,0.00885,0.26162
CVE-2020-11612,0.02686,0.82061
CVE-2020-11613,0.00885,0.26162
CVE-2020-11614,0.00885,0.26162
CVE-2020-11615,0.00885,0.26162
CVE-2020-11616,0.00885,0.26162
CVE-2020-11617,0.00885,0.26162
CVE-2020-11618,0.00885,0.26162
CVE-2020-11619,0.01183,0.60428
CVE-2020-1162,0.0115,0.5906
CVE-2020-11620,0.01183,0.60428
CVE-2020-11622,0.00885,0.26162
CVE-2020-11623,0.00885,0.26162
CVE-2020-11624,0.00885,0.26162
CVE-2020-11625,0.00885,0.26162
CVE-2020-11626,0.00885,0.26162
CVE-2020-11627,0.00885,0.26162
CVE-2020-11628,0.00885,0.26162
CVE-2020-11629,0.00885,0.26162
CVE-2020-1163,0.0115,0.5906
CVE-2020-11630,0.00885,0.26162
CVE-2020-11631,0.01156,0.60033
CVE-2020-11632,0.01036,0.41241
CVE-2020-11633,0.01086,0.51674
CVE-2020-11634,0.01036,0.41241
CVE-2020-11635,0.01036,0.41241
CVE-2020-11637,0.00885,0.26162
CVE-2020-1164,0.02632,0.81366
CVE-2020-11641,0.00885,0.26162
CVE-2020-11642,0.00885,0.26162
CVE-2020-11643,0.00885,0.26162
CVE-2020-11644,0.00885,0.26162
CVE-2020-11645,0.00885,0.26162
CVE-2020-11646,0.00885,0.26162
CVE-2020-11647,0.01108,0.53389
CVE-2020-11649,0.00885,0.26162
CVE-2020-1165,0.0115,0.5906
CVE-2020-11653,0.00954,0.34522
CVE-2020-11655,0.02686,0.82061
CVE-2020-11656,0.01537,0.73595
CVE-2020-11658,0.00954,0.34522
CVE-2020-11659,0.0089,0.2856
CVE-2020-1166,0.0115,0.5906
CVE-2020-11660,0.0089,0.2856
CVE-2020-11661,0.0095,0.30554
CVE-2020-11662,0.01213,0.6557
CVE-2020-11663,0.01018,0.38792
CVE-2020-11664,0.01018,0.38792
CVE-2020-11665,0.01018,0.38792
CVE-2020-11666,0.0095,0.30554
CVE-2020-11668,0.01282,0.67298
CVE-2020-11669,0.01282,0.67298
CVE-2020-1167,0.04844,0.88809
CVE-2020-11671,0.00885,0.26162
CVE-2020-11673,0.00885,0.26162
CVE-2020-11674,0.00885,0.26162
CVE-2020-11675,0.00885,0.26162
CVE-2020-11676,0.00885,0.26162
CVE-2020-11677,0.00885,0.26162
CVE-2020-11679,0.0089,0.2856
CVE-2020-11680,0.0089,0.2856
CVE-2020-11681,0.0089,0.2856
CVE-2020-11682,0.00954,0.34522
CVE-2020-11683,0.00885,0.26162
CVE-2020-11684,0.00885,0.26162
CVE-2020-11685,0.00885,0.26162
CVE-2020-11686,0.00885,0.26162
CVE-2020-11687,0.00885,0.26162
CVE-2020-11688,0.00885,0.26162
CVE-2020-11689,0.00885,0.26162
CVE-2020-1169,0.02632,0.81366
CVE-2020-11690,0.00885,0.26162
CVE-2020-11691,0.00885,0.26162
CVE-2020-11692,0.00885,0.26162
CVE-2020-11693,0.00885,0.26162
CVE-2020-11694,0.00954,0.34522
CVE-2020-11696,0.00885,0.26162
CVE-2020-11697,0.00885,0.26162
CVE-2020-11698,0.8215,0.99537
CVE-2020-11699,0.0095,0.30554
CVE-2020-1170,0.01178,0.60108
CVE-2020-11700,0.0095,0.30554
CVE-2020-11701,0.00885,0.26162
CVE-2020-11702,0.00885,0.26162
CVE-2020-11703,0.00885,0.26162
CVE-2020-11704,0.00885,0.26162
CVE-2020-11705,0.00885,0.26162
CVE-2020-11706,0.00885,0.26162
CVE-2020-11707,0.00885,0.26162
CVE-2020-11708,0.00885,0.26162
CVE-2020-11709,0.00885,0.26162
CVE-2020-1171,0.01875,0.76369
CVE-2020-11712,0.00954,0.34522
CVE-2020-11713,0.00885,0.26162
CVE-2020-11714,0.00885,0.26162
CVE-2020-11715,0.00885,0.26162
CVE-2020-11716,0.00885,0.26162
CVE-2020-11717,0.00954,0.34522
CVE-2020-11718,0.00885,0.26162
CVE-2020-11719,0.00885,0.26162
CVE-2020-1172,0.01875,0.76369
CVE-2020-11720,0.00885,0.26162
CVE-2020-11721,0.00885,0.26162
CVE-2020-11722,0.06729,0.91198
CVE-2020-11723,0.00885,0.26162
CVE-2020-11724,0.01018,0.38792
CVE-2020-11725,0.0089,0.2856
CVE-2020-11727,0.01213,0.6557
CVE-2020-11728,0.01018,0.38792
CVE-2020-11729,0.01018,0.38792
CVE-2020-1173,0.0115,0.5906
CVE-2020-11731,0.01055,0.50287
CVE-2020-11732,0.00885,0.26162
CVE-2020-11733,0.00885,0.26162
CVE-2020-11734,0.00954,0.34522
CVE-2020-11735,0.00885,0.26162
CVE-2020-11736,0.0095,0.30554
CVE-2020-11737,0.01136,0.57949
CVE-2020-11738,0.41918,0.98156
CVE-2020-11739,0.01282,0.67298
CVE-2020-1174,0.01789,0.76008
CVE-2020-11740,0.01282,0.67298
CVE-2020-11741,0.01282,0.67298
CVE-2020-11742,0.01282,0.67298
CVE-2020-11743,0.01282,0.67298
CVE-2020-11749,0.07947,0.92976
CVE-2020-1175,0.01789,0.76008
CVE-2020-11753,0.00885,0.26162
CVE-2020-11758,0.02686,0.82061
CVE-2020-11759,0.02686,0.82061
CVE-2020-1176,0.01789,0.76008
CVE-2020-11760,0.02686,0.82061
CVE-2020-11761,0.02686,0.82061
CVE-2020-11762,0.02686,0.82061
CVE-2020-11763,0.02686,0.82061
CVE-2020-11764,0.02686,0.82061
CVE-2020-11765,0.02686,0.82061
CVE-2020-11766,0.02055,0.7893
CVE-2020-11767,0.01018,0.38792
CVE-2020-11768,0.00885,0.26162
CVE-2020-11769,0.00885,0.26162
CVE-2020-1177,0.0115,0.5906
CVE-2020-11770,0.02055,0.7893
CVE-2020-11771,0.00885,0.26162
CVE-2020-11772,0.00885,0.26162
CVE-2020-11773,0.00885,0.26162
CVE-2020-11774,0.00885,0.26162
CVE-2020-11775,0.00885,0.26162
CVE-2020-11776,0.00885,0.26162
CVE-2020-11777,0.00885,0.26162
CVE-2020-11778,0.00885,0.26162
CVE-2020-11779,0.00885,0.26162
CVE-2020-1178,0.0115,0.5906
CVE-2020-11780,0.00885,0.26162
CVE-2020-11781,0.00885,0.26162
CVE-2020-11782,0.00885,0.26162
CVE-2020-11783,0.00885,0.26162
CVE-2020-11784,0.00885,0.26162
CVE-2020-11785,0.00885,0.26162
CVE-2020-11786,0.00885,0.26162
CVE-2020-11787,0.00885,0.26162
CVE-2020-11788,0.00885,0.26162
CVE-2020-11789,0.02055,0.7893
CVE-2020-1179,0.02632,0.81366
CVE-2020-11790,0.01156,0.60033
CVE-2020-11791,0.00885,0.26162
CVE-2020-11792,0.00885,0.26162
CVE-2020-11793,0.03444,0.83948
CVE-2020-11795,0.00885,0.26162
CVE-2020-11796,0.00885,0.26162
CVE-2020-11797,0.00885,0.26162
CVE-2020-11798,0.00885,0.26162
CVE-2020-11799,0.00885,0.26162
CVE-2020-1180,0.01875,0.76369
CVE-2020-11800,0.05634,0.89764
CVE-2020-11803,0.0095,0.30554
CVE-2020-11804,0.0095,0.30554
CVE-2020-11805,0.00885,0.26162
CVE-2020-11806,0.00885,0.26162
CVE-2020-11807,0.00885,0.26162
CVE-2020-1181,0.04328,0.87045
CVE-2020-11810,0.01183,0.60428
CVE-2020-11811,0.00885,0.26162
CVE-2020-11812,0.00885,0.26162
CVE-2020-11813,0.00885,0.26162
CVE-2020-11814,0.00885,0.26162
CVE-2020-11815,0.00885,0.26162
CVE-2020-11816,0.00885,0.26162
CVE-2020-11817,0.00885,0.26162
CVE-2020-11818,0.00885,0.26162
CVE-2020-1182,0.01967,0.77799
CVE-2020-11820,0.00885,0.26162
CVE-2020-11821,0.00885,0.26162
CVE-2020-11822,0.00885,0.26162
CVE-2020-11823,0.00885,0.26162
CVE-2020-11825,0.00885,0.26162
CVE-2020-11826,0.00885,0.26162
CVE-2020-11827,0.00885,0.26162
CVE-2020-11828,0.00885,0.26162
CVE-2020-11829,0.00885,0.26162
CVE-2020-1183,0.0115,0.5906
CVE-2020-11830,0.00885,0.26162
CVE-2020-11831,0.00885,0.26162
CVE-2020-11832,0.00885,0.26162
CVE-2020-11833,0.00885,0.26162
CVE-2020-11834,0.00885,0.26162
CVE-2020-11835,0.00885,0.26162
CVE-2020-11836,0.00885,0.26162
CVE-2020-11838,0.00885,0.26162
CVE-2020-11839,0.00885,0.26162
CVE-2020-1184,0.0115,0.5906
CVE-2020-11840,0.00885,0.26162
CVE-2020-11841,0.00885,0.26162
CVE-2020-11842,0.00885,0.26162
CVE-2020-11844,0.01108,0.53389
CVE-2020-11845,0.01055,0.50287
CVE-2020-11848,0.00885,0.26162
CVE-2020-11849,0.00885,0.26162
CVE-2020-1185,0.0115,0.5906
CVE-2020-11851,0.01086,0.51674
CVE-2020-11852,0.00885,0.26162
CVE-2020-11853,0.46786,0.98438
CVE-2020-11855,0.01005,0.36332
CVE-2020-11856,0.01978,0.78447
CVE-2020-11857,0.37242,0.97818
CVE-2020-11858,0.04792,0.88721
CVE-2020-1186,0.0115,0.5906
CVE-2020-11860,0.00885,0.26162
CVE-2020-11861,0.00885,0.26162
CVE-2020-11863,0.01018,0.38792
CVE-2020-11864,0.01018,0.38792
CVE-2020-11865,0.01018,0.38792
CVE-2020-11866,0.01018,0.38792
CVE-2020-11867,0.0095,0.30554
CVE-2020-11868,0.01183,0.60428
CVE-2020-11869,0.0089,0.2856
CVE-2020-1187,0.0115,0.5906
CVE-2020-11872,0.00885,0.26162
CVE-2020-11873,0.00885,0.26162
CVE-2020-11874,0.00885,0.26162
CVE-2020-11875,0.00885,0.26162
CVE-2020-11876,0.00885,0.26162
CVE-2020-11877,0.00885,0.26162
CVE-2020-11878,0.00885,0.26162
CVE-2020-11879,0.00954,0.34522
CVE-2020-1188,0.0115,0.5906
CVE-2020-11880,0.00885,0.26162
CVE-2020-11882,0.00885,0.26162
CVE-2020-11884,0.01864,0.7628
CVE-2020-11885,0.00885,0.26162
CVE-2020-11886,0.00885,0.26162
CVE-2020-11887,0.00885,0.26162
CVE-2020-11888,0.01108,0.53389
CVE-2020-11889,0.00885,0.26162
CVE-2020-1189,0.0115,0.5906
CVE-2020-11891,0.00885,0.26162
CVE-2020-11894,0.00885,0.26162
CVE-2020-11895,0.00885,0.26162
CVE-2020-11897,0.01183,0.60428
CVE-2020-11899,0.01537,0.73595
CVE-2020-1190,0.0115,0.5906
CVE-2020-11900,0.01537,0.73595
CVE-2020-11901,0.07154,0.91917
CVE-2020-11902,0.01537,0.73595
CVE-2020-11903,0.01537,0.73595
CVE-2020-11904,0.01537,0.73595
CVE-2020-11905,0.01537,0.73595
CVE-2020-11906,0.01537,0.73595
CVE-2020-11907,0.01537,0.73595
CVE-2020-11908,0.01537,0.73595
CVE-2020-11909,0.01537,0.73595
CVE-2020-1191,0.0115,0.5906
CVE-2020-11910,0.01537,0.73595
CVE-2020-11911,0.01537,0.73595
CVE-2020-11912,0.01537,0.73595
CVE-2020-11913,0.01537,0.73595
CVE-2020-11914,0.01537,0.73595
CVE-2020-11915,0.00885,0.26162
CVE-2020-1192,0.01789,0.76008
CVE-2020-11920,0.02055,0.7893
CVE-2020-11922,0.00885,0.26162
CVE-2020-11923,0.00885,0.26162
CVE-2020-11924,0.00885,0.26162
CVE-2020-11925,0.00885,0.26162
CVE-2020-11928,0.01156,0.60033
CVE-2020-1193,0.01875,0.76369
CVE-2020-11930,0.01018,0.38792
CVE-2020-11931,0.00885,0.26162
CVE-2020-11933,0.00885,0.26162
CVE-2020-11934,0.00885,0.26162
CVE-2020-11937,0.0095,0.30554
CVE-2020-11938,0.00885,0.26162
CVE-2020-11939,0.01978,0.78447
CVE-2020-1194,0.0115,0.5906
CVE-2020-11940,0.00885,0.26162
CVE-2020-11941,0.02066,0.78986
CVE-2020-11942,0.00885,0.26162
CVE-2020-11943,0.00885,0.26162
CVE-2020-11944,0.00954,0.34522
CVE-2020-11945,0.10667,0.94413
CVE-2020-11946,0.00885,0.26162
CVE-2020-11947,0.0089,0.2856
CVE-2020-11949,0.00885,0.26162
CVE-2020-1195,0.02632,0.81366
CVE-2020-11950,0.01086,0.51674
CVE-2020-11951,0.00885,0.26162
CVE-2020-11952,0.00885,0.26162
CVE-2020-11953,0.01086,0.51674
CVE-2020-11955,0.00885,0.26162
CVE-2020-11956,0.00885,0.26162
CVE-2020-11957,0.00885,0.26162
CVE-2020-11958,0.01108,0.53389
CVE-2020-11959,0.00885,0.26162
CVE-2020-1196,0.0115,0.5906
CVE-2020-11960,0.00885,0.26162
CVE-2020-11961,0.00885,0.26162
CVE-2020-11963,0.05634,0.89764
CVE-2020-11964,0.01213,0.6557
CVE-2020-11965,0.01018,0.38792
CVE-2020-11966,0.01213,0.6557
CVE-2020-11967,0.01213,0.6557
CVE-2020-11968,0.01213,0.6557
CVE-2020-11969,0.01742,0.75235
CVE-2020-1197,0.0115,0.5906
CVE-2020-11971,0.05242,0.89216
CVE-2020-11972,0.01246,0.66436
CVE-2020-11973,0.01742,0.75235
CVE-2020-11974,0.05634,0.89764
CVE-2020-11976,0.01859,0.7626
CVE-2020-11977,0.01086,0.51674
CVE-2020-11979,0.05242,0.89216
CVE-2020-1198,0.02632,0.81366
CVE-2020-11980,0.00885,0.26162
CVE-2020-11981,0.00885,0.26162
CVE-2020-11982,0.01156,0.60033
CVE-2020-11983,0.00885,0.26162
CVE-2020-11984,0.07767,0.92799
CVE-2020-11985,0.05242,0.89216
CVE-2020-11986,0.00954,0.34522
CVE-2020-11987,0.03032,0.82851
CVE-2020-11988,0.01859,0.7626
CVE-2020-11989,0.01859,0.7626
CVE-2020-1199,0.0115,0.5906
CVE-2020-11993,0.07767,0.92799
CVE-2020-11994,0.01246,0.66436
CVE-2020-11995,0.01156,0.60033
CVE-2020-11996,0.07767,0.92799
CVE-2020-11997,0.00885,0.26162
CVE-2020-11998,0.02762,0.82156
CVE-2020-11999,0.00885,0.26162
CVE-2020-1200,0.01875,0.76369
CVE-2020-12000,0.00885,0.26162
CVE-2020-12001,0.0144,0.7265
CVE-2020-12002,0.09801,0.94069
CVE-2020-12003,0.00885,0.26162
CVE-2020-12004,0.00885,0.26162
CVE-2020-12005,0.00885,0.26162
CVE-2020-12006,0.01018,0.38792
CVE-2020-12007,0.01978,0.78447
CVE-2020-12008,0.00885,0.26162
CVE-2020-12009,0.00885,0.26162
CVE-2020-1201,0.0115,0.5906
CVE-2020-12010,0.00885,0.26162
CVE-2020-12011,0.01978,0.78447
CVE-2020-12012,0.00885,0.26162
CVE-2020-12013,0.0144,0.7265
CVE-2020-12014,0.01018,0.38792
CVE-2020-12015,0.00885,0.26162
CVE-2020-12016,0.00885,0.26162
CVE-2020-12017,0.00885,0.26162
CVE-2020-12018,0.00954,0.34522
CVE-2020-12019,0.01086,0.51674
CVE-2020-1202,0.0115,0.5906
CVE-2020-12020,0.00885,0.26162
CVE-2020-12021,0.01086,0.51674
CVE-2020-12022,0.00885,0.26162
CVE-2020-12023,0.00885,0.26162
CVE-2020-12024,0.00885,0.26162
CVE-2020-12025,0.00885,0.26162
CVE-2020-12026,0.0089,0.2856
CVE-2020-12027,0.01061,0.51015
CVE-2020-12028,0.0089,0.2856
CVE-2020-12029,0.04836,0.88802
CVE-2020-1203,0.0115,0.5906
CVE-2020-12030,0.00885,0.26162
CVE-2020-12031,0.01005,0.36332
CVE-2020-12032,0.00885,0.26162
CVE-2020-12033,0.00885,0.26162
CVE-2020-12034,0.00885,0.26162
CVE-2020-12035,0.00885,0.26162
CVE-2020-12036,0.00885,0.26162
CVE-2020-12037,0.00885,0.26162
CVE-2020-12038,0.00885,0.26162
CVE-2020-12039,0.00885,0.26162
CVE-2020-1204,0.0115,0.5906
CVE-2020-12040,0.00885,0.26162
CVE-2020-12041,0.00885,0.26162
CVE-2020-12042,0.00885,0.26162
CVE-2020-12043,0.00885,0.26162
CVE-2020-12045,0.00885,0.26162
CVE-2020-12046,0.00885,0.26162
CVE-2020-12047,0.00885,0.26162
CVE-2020-12048,0.00885,0.26162
CVE-2020-12049,0.01282,0.67298
CVE-2020-1205,0.0115,0.5906
CVE-2020-12050,0.01282,0.67298
CVE-2020-12051,0.01055,0.50287
CVE-2020-12052,0.00885,0.26162
CVE-2020-12053,0.00885,0.26162
CVE-2020-12054,0.00885,0.26162
CVE-2020-12058,0.00954,0.34522
CVE-2020-12059,0.01018,0.38792
CVE-2020-12061,0.01018,0.38792
CVE-2020-12062,0.01018,0.38792
CVE-2020-12063,0.00885,0.26162
CVE-2020-12066,0.01319,0.70416
CVE-2020-12068,0.00885,0.26162
CVE-2020-1207,0.01178,0.60108
CVE-2020-12070,0.00954,0.34522
CVE-2020-12071,0.00885,0.26162
CVE-2020-12073,0.00885,0.26162
CVE-2020-12074,0.00885,0.26162
CVE-2020-12075,0.00885,0.26162
CVE-2020-12076,0.00885,0.26162
CVE-2020-12077,0.01978,0.78447
CVE-2020-12079,0.0144,0.7265
CVE-2020-1208,0.01789,0.76008
CVE-2020-12080,0.00954,0.34522
CVE-2020-12081,0.00885,0.26162
CVE-2020-12082,0.00885,0.26162
CVE-2020-12083,0.00885,0.26162
CVE-2020-1209,0.02632,0.81366
CVE-2020-1210,0.01967,0.77799
CVE-2020-12100,0.02172,0.79917
CVE-2020-12101,0.01132,0.54372
CVE-2020-12102,0.0095,0.30554
CVE-2020-12103,0.0095,0.30554
CVE-2020-12104,0.00885,0.26162
CVE-2020-12105,0.00954,0.34522
CVE-2020-12106,0.00885,0.26162
CVE-2020-12107,0.02055,0.7893
CVE-2020-12108,0.01537,0.73595
CVE-2020-12109,0.53035,0.98683
CVE-2020-1211,0.02632,0.81366
CVE-2020-12110,0.00885,0.26162
CVE-2020-12111,0.02066,0.78986
CVE-2020-12113,0.00954,0.34522
CVE-2020-12114,0.01547,0.74085
CVE-2020-12117,0.00885,0.26162
CVE-2020-12118,0.00885,0.26162
CVE-2020-12119,0.00885,0.26162
CVE-2020-1212,0.01787,0.75957
CVE-2020-12120,0.01055,0.50287
CVE-2020-12122,0.0089,0.2856
CVE-2020-12123,0.00885,0.26162
CVE-2020-12124,0.00885,0.26162
CVE-2020-12125,0.01055,0.50287
CVE-2020-12126,0.00885,0.26162
CVE-2020-12127,0.00885,0.26162
CVE-2020-12128,0.00885,0.26162
CVE-2020-12129,0.00885,0.26162
CVE-2020-1213,0.01875,0.76369
CVE-2020-12130,0.00885,0.26162
CVE-2020-12131,0.00885,0.26162
CVE-2020-12132,0.00885,0.26162
CVE-2020-12133,0.05634,0.89764
CVE-2020-12134,0.00885,0.26162
CVE-2020-12135,0.01018,0.38792
CVE-2020-12137,0.01537,0.73595
CVE-2020-12138,0.00885,0.26162
CVE-2020-1214,0.01875,0.76369
CVE-2020-12140,0.01005,0.36332
CVE-2020-12141,0.00954,0.34522
CVE-2020-12142,0.00885,0.26162
CVE-2020-12143,0.00885,0.26162
CVE-2020-12144,0.00885,0.26162
CVE-2020-12146,0.00885,0.26162
CVE-2020-12147,0.01086,0.51674
CVE-2020-12148,0.02055,0.7893
CVE-2020-12149,0.00885,0.26162
CVE-2020-1215,0.01875,0.76369
CVE-2020-1216,0.01875,0.76369
CVE-2020-1217,0.02632,0.81366
CVE-2020-1218,0.01875,0.76369
CVE-2020-1219,0.04824,0.88739
CVE-2020-1220,0.02632,0.81366
CVE-2020-1222,0.00908,0.28614
CVE-2020-1223,0.01875,0.76369
CVE-2020-1224,0.02632,0.81366
CVE-2020-12242,0.01832,0.76196
CVE-2020-12243,0.01537,0.73595
CVE-2020-12244,0.01108,0.53389
CVE-2020-12245,0.01183,0.60428
CVE-2020-12246,0.02204,0.80286
CVE-2020-12247,0.00885,0.26162
CVE-2020-12248,0.01086,0.51674
CVE-2020-1225,0.0507,0.89018
CVE-2020-12251,0.00885,0.26162
CVE-2020-12252,0.02432,0.8082
CVE-2020-12254,0.00885,0.26162
CVE-2020-12255,0.05659,0.89809
CVE-2020-12256,0.00885,0.26162
CVE-2020-12257,0.00885,0.26162
CVE-2020-12258,0.00885,0.26162
CVE-2020-12259,0.00885,0.26162
CVE-2020-1226,0.0507,0.89018
CVE-2020-12261,0.02192,0.80195
CVE-2020-12262,0.0089,0.2856
CVE-2020-12265,0.00954,0.34522
CVE-2020-12266,0.01018,0.38792
CVE-2020-12267,0.00954,0.34522
CVE-2020-12268,0.01018,0.38792
CVE-2020-1227,0.0115,0.5906
CVE-2020-12270,0.01319,0.70416
CVE-2020-12272,0.01018,0.38792
CVE-2020-12273,0.00885,0.26162
CVE-2020-12274,0.00885,0.26162
CVE-2020-12275,0.00885,0.26162
CVE-2020-12276,0.00885,0.26162
CVE-2020-12277,0.00885,0.26162
CVE-2020-12278,0.06729,0.91198
CVE-2020-12279,0.05634,0.89764
CVE-2020-1228,0.0115,0.5906
CVE-2020-12280,0.01055,0.50287
CVE-2020-12281,0.01055,0.50287
CVE-2020-12282,0.00885,0.26162
CVE-2020-12283,0.01018,0.38792
CVE-2020-12284,0.01108,0.53389
CVE-2020-12286,0.0089,0.2856
CVE-2020-12287,0.00885,0.26162
CVE-2020-12288,0.00885,0.26162
CVE-2020-12289,0.00885,0.26162
CVE-2020-1229,0.02632,0.81366
CVE-2020-12290,0.00885,0.26162
CVE-2020-12291,0.00885,0.26162
CVE-2020-12292,0.00885,0.26162
CVE-2020-12293,0.00885,0.26162
CVE-2020-12294,0.00885,0.26162
CVE-2020-12295,0.00885,0.26162
CVE-2020-12296,0.00885,0.26162
CVE-2020-12297,0.0089,0.2856
CVE-2020-12299,0.00885,0.26162
CVE-2020-1230,0.01875,0.76369
CVE-2020-12300,0.00885,0.26162
CVE-2020-12301,0.00885,0.26162
CVE-2020-12302,0.00885,0.26162
CVE-2020-12303,0.0089,0.2856
CVE-2020-12304,0.00885,0.26162
CVE-2020-12306,0.00885,0.26162
CVE-2020-12307,0.00885,0.26162
CVE-2020-12308,0.00885,0.26162
CVE-2020-12309,0.00885,0.26162
CVE-2020-1231,0.02632,0.81366
CVE-2020-12310,0.00885,0.26162
CVE-2020-12311,0.00885,0.26162
CVE-2020-12312,0.00885,0.26162
CVE-2020-12313,0.00885,0.26162
CVE-2020-12314,0.00885,0.26162
CVE-2020-12315,0.00885,0.26162
CVE-2020-12316,0.00885,0.26162
CVE-2020-12317,0.00885,0.26162
CVE-2020-12318,0.00885,0.26162
CVE-2020-12319,0.00885,0.26162
CVE-2020-1232,0.03083,0.82987
CVE-2020-12320,0.00885,0.26162
CVE-2020-12321,0.00885,0.26162
CVE-2020-12322,0.00885,0.26162
CVE-2020-12323,0.00885,0.26162
CVE-2020-12324,0.00885,0.26162
CVE-2020-12325,0.00885,0.26162
CVE-2020-12326,0.00885,0.26162
CVE-2020-12327,0.00885,0.26162
CVE-2020-12328,0.00885,0.26162
CVE-2020-12329,0.00885,0.26162
CVE-2020-1233,0.02632,0.81366
CVE-2020-12330,0.00885,0.26162
CVE-2020-12331,0.00885,0.26162
CVE-2020-12332,0.00885,0.26162
CVE-2020-12333,0.00885,0.26162
CVE-2020-12334,0.00885,0.26162
CVE-2020-12335,0.00885,0.26162
CVE-2020-12336,0.00885,0.26162
CVE-2020-12337,0.00885,0.26162
CVE-2020-12338,0.00885,0.26162
CVE-2020-12339,0.00885,0.26162
CVE-2020-1234,0.01787,0.75957
CVE-2020-12345,0.00885,0.26162
CVE-2020-12346,0.00885,0.26162
CVE-2020-12347,0.00885,0.26162
CVE-2020-12349,0.00885,0.26162
CVE-2020-1235,0.02632,0.81366
CVE-2020-12350,0.00885,0.26162
CVE-2020-12352,0.00954,0.34522
CVE-2020-12353,0.00885,0.26162
CVE-2020-12354,0.00885,0.26162
CVE-2020-12355,0.00885,0.26162
CVE-2020-12356,0.00885,0.26162
CVE-2020-12357,0.0089,0.2856
CVE-2020-12358,0.0089,0.2856
CVE-2020-12359,0.00885,0.26162
CVE-2020-1236,0.01789,0.76008
CVE-2020-12360,0.0089,0.2856
CVE-2020-12361,0.00885,0.26162
CVE-2020-12362,0.00885,0.26162
CVE-2020-12363,0.00885,0.26162
CVE-2020-12364,0.00885,0.26162
CVE-2020-12365,0.00885,0.26162
CVE-2020-12366,0.00885,0.26162
CVE-2020-12367,0.00885,0.26162
CVE-2020-12368,0.00885,0.26162
CVE-2020-12369,0.00885,0.26162
CVE-2020-1237,0.02632,0.81366
CVE-2020-12370,0.00885,0.26162
CVE-2020-12371,0.00885,0.26162
CVE-2020-12372,0.00885,0.26162
CVE-2020-12373,0.00885,0.26162
CVE-2020-12374,0.00885,0.26162
CVE-2020-12375,0.00885,0.26162
CVE-2020-12376,0.00885,0.26162
CVE-2020-12377,0.00885,0.26162
CVE-2020-1238,0.037,0.84332
CVE-2020-12380,0.00885,0.26162
CVE-2020-12384,0.00885,0.26162
CVE-2020-12385,0.00885,0.26162
CVE-2020-12386,0.00885,0.26162
CVE-2020-12387,0.01108,0.53389
CVE-2020-12388,0.01018,0.38792
CVE-2020-12389,0.00954,0.34522
CVE-2020-1239,0.03102,0.83067
CVE-2020-12390,0.00885,0.26162
CVE-2020-12391,0.0144,0.7265
CVE-2020-12392,0.01034,0.39824
CVE-2020-12393,0.01365,0.70715
CVE-2020-12394,0.0089,0.2856
CVE-2020-12395,0.01108,0.53389
CVE-2020-12396,0.00954,0.34522
CVE-2020-12397,0.01018,0.38792
CVE-2020-12398,0.00954,0.34522
CVE-2020-12399,0.01104,0.52279
CVE-2020-1240,0.01875,0.76369
CVE-2020-12400,0.0089,0.2856
CVE-2020-12401,0.01365,0.70715
CVE-2020-12402,0.01547,0.74085
CVE-2020-12403,0.00885,0.26162
CVE-2020-12404,0.00885,0.26162
CVE-2020-12405,0.01018,0.38792
CVE-2020-12406,0.01018,0.38792
CVE-2020-12407,0.00885,0.26162
CVE-2020-12408,0.00885,0.26162
CVE-2020-12409,0.00885,0.26162
CVE-2020-1241,0.02632,0.81366
CVE-2020-12410,0.01018,0.38792
CVE-2020-12411,0.00885,0.26162
CVE-2020-12412,0.00885,0.26162
CVE-2020-12414,0.00885,0.26162
CVE-2020-12415,0.01018,0.38792
CVE-2020-12416,0.01018,0.38792
CVE-2020-12417,0.01537,0.73595
CVE-2020-12418,0.01537,0.73595
CVE-2020-12419,0.01537,0.73595
CVE-2020-1242,0.02632,0.81366
CVE-2020-12420,0.01537,0.73595
CVE-2020-12421,0.01537,0.73595
CVE-2020-12422,0.01018,0.38792
CVE-2020-12423,0.01559,0.742
CVE-2020-12424,0.01018,0.38792
CVE-2020-12425,0.01018,0.38792
CVE-2020-12426,0.01018,0.38792
CVE-2020-12427,0.00885,0.26162
CVE-2020-12429,0.01564,0.74439
CVE-2020-1243,0.0115,0.5906
CVE-2020-12430,0.01034,0.39824
CVE-2020-12431,0.00885,0.26162
CVE-2020-12438,0.00885,0.26162
CVE-2020-12439,0.00954,0.34522
CVE-2020-1244,0.02632,0.81366
CVE-2020-12441,0.00885,0.26162
CVE-2020-12442,0.00885,0.26162
CVE-2020-12443,0.01055,0.50287
CVE-2020-12446,0.00885,0.26162
CVE-2020-12447,0.01055,0.50287
CVE-2020-12448,0.00885,0.26162
CVE-2020-1245,0.0115,0.5906
CVE-2020-12456,0.01978,0.78447
CVE-2020-12457,0.00885,0.26162
CVE-2020-12458,0.01034,0.39824
CVE-2020-12459,0.01034,0.39824
CVE-2020-1246,0.0115,0.5906
CVE-2020-12460,0.01319,0.70416
CVE-2020-12461,0.0095,0.30554
CVE-2020-12462,0.00885,0.26162
CVE-2020-12463,0.00885,0.26162
CVE-2020-12464,0.01791,0.76026
CVE-2020-12465,0.0095,0.30554
CVE-2020-12467,0.00885,0.26162
CVE-2020-12468,0.00885,0.26162
CVE-2020-12469,0.00885,0.26162
CVE-2020-1247,0.0115,0.5906
CVE-2020-12470,0.01086,0.51674
CVE-2020-12471,0.01156,0.60033
CVE-2020-12472,0.00885,0.26162
CVE-2020-12473,0.00885,0.26162
CVE-2020-12474,0.00885,0.26162
CVE-2020-12475,0.00885,0.26162
CVE-2020-12477,0.00885,0.26162
CVE-2020-12478,0.00885,0.26162
CVE-2020-12479,0.00885,0.26162
CVE-2020-1248,0.01875,0.76369
CVE-2020-12480,0.00885,0.26162
CVE-2020-12483,0.00885,0.26162
CVE-2020-12485,0.00885,0.26162
CVE-2020-12488,0.00885,0.26162
CVE-2020-1249,0.0115,0.5906
CVE-2020-12493,0.00885,0.26162
CVE-2020-12494,0.00885,0.26162
CVE-2020-12495,0.00885,0.26162
CVE-2020-12496,0.00885,0.26162
CVE-2020-12497,0.04836,0.88802
CVE-2020-12498,0.01611,0.74874
CVE-2020-12499,0.00885,0.26162
CVE-2020-1250,0.0115,0.5906
CVE-2020-12500,0.01018,0.38792
CVE-2020-12501,0.01108,0.53389
CVE-2020-12502,0.01108,0.53389
CVE-2020-12503,0.02396,0.8071
CVE-2020-12504,0.01108,0.53389
CVE-2020-12505,0.00885,0.26162
CVE-2020-12506,0.00885,0.26162
CVE-2020-1251,0.0115,0.5906
CVE-2020-12510,0.01036,0.41241
CVE-2020-12511,0.00885,0.26162
CVE-2020-12512,0.00885,0.26162
CVE-2020-12513,0.02055,0.7893
CVE-2020-12514,0.00885,0.26162
CVE-2020-12516,0.00885,0.26162
CVE-2020-12517,0.00885,0.26162
CVE-2020-12518,0.00885,0.26162
CVE-2020-12519,0.00885,0.26162
CVE-2020-1252,0.01789,0.76008
CVE-2020-12521,0.00885,0.26162
CVE-2020-12522,0.01086,0.51674
CVE-2020-12523,0.00885,0.26162
CVE-2020-12524,0.00885,0.26162
CVE-2020-12525,0.00885,0.26162
CVE-2020-12526,0.00885,0.26162
CVE-2020-12527,0.00885,0.26162
CVE-2020-12528,0.00885,0.26162
CVE-2020-12529,0.00885,0.26162
CVE-2020-1253,0.0115,0.5906
CVE-2020-12530,0.00885,0.26162
CVE-2020-1254,0.0115,0.5906
CVE-2020-1255,0.0115,0.5906
CVE-2020-1256,0.02632,0.81366
CVE-2020-1257,0.0115,0.5906
CVE-2020-1258,0.0115,0.5906
CVE-2020-1259,0.0115,0.5906
CVE-2020-12594,0.00885,0.26162
CVE-2020-12595,0.00885,0.26162
CVE-2020-1260,0.01875,0.76369
CVE-2020-12603,0.00885,0.26162
CVE-2020-12604,0.00885,0.26162
CVE-2020-12605,0.00885,0.26162
CVE-2020-12606,0.01086,0.51674
CVE-2020-12607,0.01018,0.38792
CVE-2020-12608,0.04368,0.87437
CVE-2020-1261,0.0115,0.5906
CVE-2020-12618,0.00885,0.26162
CVE-2020-12619,0.00885,0.26162
CVE-2020-1262,0.0115,0.5906
CVE-2020-12620,0.01011,0.36346
CVE-2020-12621,0.00885,0.26162
CVE-2020-12624,0.01055,0.50287
CVE-2020-12625,0.01108,0.53389
CVE-2020-12626,0.01108,0.53389
CVE-2020-12627,0.00885,0.26162
CVE-2020-1263,0.0115,0.5906
CVE-2020-12635,0.00885,0.26162
CVE-2020-12637,0.00885,0.26162
CVE-2020-12638,0.01018,0.38792
CVE-2020-12639,0.00885,0.26162
CVE-2020-1264,0.0115,0.5906
CVE-2020-12640,0.02762,0.82156
CVE-2020-12641,0.02762,0.82156
CVE-2020-12642,0.00885,0.26162
CVE-2020-12643,0.00885,0.26162
CVE-2020-12644,0.00885,0.26162
CVE-2020-12645,0.00885,0.26162
CVE-2020-12646,0.00885,0.26162
CVE-2020-12647,0.00885,0.26162
CVE-2020-12648,0.01055,0.50287
CVE-2020-12649,0.00885,0.26162
CVE-2020-1265,0.0115,0.5906
CVE-2020-12651,0.05634,0.89764
CVE-2020-12652,0.01282,0.67298
CVE-2020-12653,0.01282,0.67298
CVE-2020-12654,0.01537,0.73595
CVE-2020-12655,0.01547,0.74085
CVE-2020-12656,0.0095,0.30554
CVE-2020-12657,0.01282,0.67298
CVE-2020-12658,0.01018,0.38792
CVE-2020-12659,0.01282,0.67298
CVE-2020-1266,0.0115,0.5906
CVE-2020-12662,0.02686,0.82061
CVE-2020-12663,0.01537,0.73595
CVE-2020-12666,0.00954,0.34522
CVE-2020-12667,0.01018,0.38792
CVE-2020-12668,0.0095,0.30554
CVE-2020-12669,0.01055,0.50287
CVE-2020-1267,0.0115,0.5906
CVE-2020-12670,0.00885,0.26162
CVE-2020-12672,0.01018,0.38792
CVE-2020-12673,0.01537,0.73595
CVE-2020-12674,0.01537,0.73595
CVE-2020-12675,0.01978,0.78447
CVE-2020-12676,0.01213,0.6557
CVE-2020-12677,0.02762,0.82156
CVE-2020-12679,0.01055,0.50287
CVE-2020-1268,0.0115,0.5906
CVE-2020-12680,0.00885,0.26162
CVE-2020-12681,0.00885,0.26162
CVE-2020-12683,0.00885,0.26162
CVE-2020-12684,0.00885,0.26162
CVE-2020-12685,0.01055,0.50287
CVE-2020-12687,0.00885,0.26162
CVE-2020-12689,0.01034,0.39824
CVE-2020-1269,0.01184,0.60433
CVE-2020-12690,0.01034,0.39824
CVE-2020-12691,0.01034,0.39824
CVE-2020-12692,0.0095,0.30554
CVE-2020-12693,0.01183,0.60428
CVE-2020-12697,0.00885,0.26162
CVE-2020-12698,0.00885,0.26162
CVE-2020-12699,0.00885,0.26162
CVE-2020-1270,0.0115,0.5906
CVE-2020-12700,0.00885,0.26162
CVE-2020-12702,0.01018,0.38792
CVE-2020-12703,0.00885,0.26162
CVE-2020-12704,0.02173,0.80027
CVE-2020-12705,0.00885,0.26162
CVE-2020-12706,0.08078,0.93055
CVE-2020-12707,0.02173,0.80027
CVE-2020-12708,0.01055,0.50287
CVE-2020-1271,0.00908,0.28614
CVE-2020-12713,0.01034,0.39824
CVE-2020-12714,0.01108,0.53389
CVE-2020-12715,0.00885,0.26162
CVE-2020-12718,0.00885,0.26162
CVE-2020-12719,0.00885,0.26162
CVE-2020-1272,0.0115,0.5906
CVE-2020-12723,0.02686,0.82061
CVE-2020-12725,0.0089,0.2856
CVE-2020-12729,0.00885,0.26162
CVE-2020-1273,0.0115,0.5906
CVE-2020-12730,0.00885,0.26162
CVE-2020-12731,0.00885,0.26162
CVE-2020-12732,0.00885,0.26162
CVE-2020-12733,0.00885,0.26162
CVE-2020-12734,0.01055,0.50287
CVE-2020-12735,0.00885,0.26162
CVE-2020-12736,0.01978,0.78447
CVE-2020-12737,0.00885,0.26162
CVE-2020-12739,0.01213,0.6557
CVE-2020-1274,0.0115,0.5906
CVE-2020-12740,0.00954,0.34522
CVE-2020-12742,0.00885,0.26162
CVE-2020-12743,0.00885,0.26162
CVE-2020-12745,0.00885,0.26162
CVE-2020-12746,0.01086,0.51674
CVE-2020-12747,0.00885,0.26162
CVE-2020-12748,0.00885,0.26162
CVE-2020-12749,0.00885,0.26162
CVE-2020-1275,0.0115,0.5906
CVE-2020-12750,0.00885,0.26162
CVE-2020-12751,0.01036,0.41241
CVE-2020-12752,0.00885,0.26162
CVE-2020-12754,0.00885,0.26162
CVE-2020-12755,0.00885,0.26162
CVE-2020-12757,0.00885,0.26162
CVE-2020-12758,0.00954,0.34522
CVE-2020-12759,0.00885,0.26162
CVE-2020-1276,0.01178,0.60108
CVE-2020-12760,0.04571,0.88388
CVE-2020-12761,0.00885,0.26162
CVE-2020-12762,0.02686,0.82061
CVE-2020-12763,0.01156,0.60033
CVE-2020-12764,0.00885,0.26162
CVE-2020-12765,0.00885,0.26162
CVE-2020-12766,0.00885,0.26162
CVE-2020-12767,0.0095,0.30554
CVE-2020-12768,0.01034,0.39824
CVE-2020-12769,0.01282,0.67298
CVE-2020-1277,0.00908,0.28614
CVE-2020-12770,0.01791,0.76026
CVE-2020-12771,0.01547,0.74085
CVE-2020-12772,0.00885,0.26162
CVE-2020-12773,0.00885,0.26162
CVE-2020-12774,0.00885,0.26162
CVE-2020-12775,0.01055,0.50287
CVE-2020-12776,0.00885,0.26162
CVE-2020-12777,0.00885,0.26162
CVE-2020-12778,0.00885,0.26162
CVE-2020-12779,0.00885,0.26162
CVE-2020-1278,0.0115,0.5906
CVE-2020-12780,0.00885,0.26162
CVE-2020-12781,0.00885,0.26162
CVE-2020-12782,0.02055,0.7893
CVE-2020-12783,0.01537,0.73595
CVE-2020-12784,0.01055,0.50287
CVE-2020-12785,0.00885,0.26162
CVE-2020-12787,0.00885,0.26162
CVE-2020-12788,0.00885,0.26162
CVE-2020-12789,0.00885,0.26162
CVE-2020-1279,0.0115,0.5906
CVE-2020-12790,0.01018,0.38792
CVE-2020-12797,0.00954,0.34522
CVE-2020-12798,0.0095,0.30554
CVE-2020-1280,0.02632,0.81366
CVE-2020-12801,0.00885,0.26162
CVE-2020-12802,0.01018,0.38792
CVE-2020-12803,0.01018,0.38792
CVE-2020-1281,0.0507,0.89018
CVE-2020-12811,0.00885,0.26162
CVE-2020-12812,0.00885,0.26162
CVE-2020-12814,0.00885,0.26162
CVE-2020-12815,0.01055,0.50287
CVE-2020-12816,0.01055,0.50287
CVE-2020-12817,0.01055,0.50287
CVE-2020-12818,0.00885,0.26162
CVE-2020-1282,0.02632,0.81366
CVE-2020-12821,0.01018,0.38792
CVE-2020-12823,0.01537,0.73595
CVE-2020-12824,0.00885,0.26162
CVE-2020-12825,0.01018,0.38792
CVE-2020-12826,0.01282,0.67298
CVE-2020-12827,0.01108,0.53389
CVE-2020-12829,0.0089,0.2856
CVE-2020-12830,0.01978,0.78447
CVE-2020-12831,0.00885,0.26162
CVE-2020-12832,0.00954,0.34522
CVE-2020-12834,0.01156,0.60033
CVE-2020-12835,0.05634,0.89764
CVE-2020-12837,0.00885,0.26162
CVE-2020-12838,0.00885,0.26162
CVE-2020-12839,0.00885,0.26162
CVE-2020-1284,0.02632,0.81366
CVE-2020-12840,0.01055,0.50287
CVE-2020-12841,0.01055,0.50287
CVE-2020-12842,0.00885,0.26162
CVE-2020-12843,0.00885,0.26162
CVE-2020-12845,0.01213,0.6557
CVE-2020-12846,0.03917,0.84989
CVE-2020-12847,0.0089,0.2856
CVE-2020-12848,0.00954,0.34522
CVE-2020-12849,0.0089,0.2856
CVE-2020-1285,0.01875,0.76369
CVE-2020-12850,0.0089,0.2856
CVE-2020-12851,0.0089,0.2856
CVE-2020-12852,0.02199,0.80273
CVE-2020-12853,0.00885,0.26162
CVE-2020-12854,0.01978,0.78447
CVE-2020-12855,0.01086,0.51674
CVE-2020-12857,0.01136,0.57949
CVE-2020-12858,0.01055,0.50287
CVE-2020-12859,0.01055,0.50287
CVE-2020-1286,0.01875,0.76369
CVE-2020-12860,0.01055,0.50287
CVE-2020-12861,0.01559,0.742
CVE-2020-12862,0.01108,0.53389
CVE-2020-12863,0.01108,0.53389
CVE-2020-12864,0.01018,0.38792
CVE-2020-12865,0.01505,0.72763
CVE-2020-12866,0.0095,0.30554
CVE-2020-12867,0.01282,0.67298
CVE-2020-12869,0.00885,0.26162
CVE-2020-1287,0.02632,0.81366
CVE-2020-12870,0.00885,0.26162
CVE-2020-12872,0.0095,0.30554
CVE-2020-12873,0.00885,0.26162
CVE-2020-12874,0.00885,0.26162
CVE-2020-12875,0.00885,0.26162
CVE-2020-12876,0.01055,0.50287
CVE-2020-12877,0.00885,0.26162
CVE-2020-12878,0.0089,0.2856
CVE-2020-12880,0.00885,0.26162
CVE-2020-12882,0.02192,0.80195
CVE-2020-12883,0.01018,0.38792
CVE-2020-12884,0.00885,0.26162
CVE-2020-12885,0.00885,0.26162
CVE-2020-12886,0.00885,0.26162
CVE-2020-12887,0.01018,0.38792
CVE-2020-12888,0.01791,0.76026
CVE-2020-12889,0.00885,0.26162
CVE-2020-1289,0.0115,0.5906
CVE-2020-12890,0.01036,0.41241
CVE-2020-12891,0.00885,0.26162
CVE-2020-12892,0.01036,0.41241
CVE-2020-12893,0.00885,0.26162
CVE-2020-12894,0.00885,0.26162
CVE-2020-12895,0.00885,0.26162
CVE-2020-12897,0.00885,0.26162
CVE-2020-12898,0.00885,0.26162
CVE-2020-12899,0.00885,0.26162
CVE-2020-1290,0.0115,0.5906
CVE-2020-12900,0.00885,0.26162
CVE-2020-12901,0.00885,0.26162
CVE-2020-12902,0.00885,0.26162
CVE-2020-12903,0.00885,0.26162
CVE-2020-12904,0.00885,0.26162
CVE-2020-12905,0.00885,0.26162
CVE-2020-1291,0.02632,0.81366
CVE-2020-12911,0.00885,0.26162
CVE-2020-12912,0.00885,0.26162
CVE-2020-1292,0.02632,0.81366
CVE-2020-12920,0.00885,0.26162
CVE-2020-12926,0.00885,0.26162
CVE-2020-12927,0.00885,0.26162
CVE-2020-12929,0.01036,0.41241
CVE-2020-1293,0.0115,0.5906
CVE-2020-12933,0.00885,0.26162
CVE-2020-1294,0.02632,0.81366
CVE-2020-12944,0.01036,0.41241
CVE-2020-12946,0.00885,0.26162
CVE-2020-1295,0.0115,0.5906
CVE-2020-12951,0.00885,0.26162
CVE-2020-12954,0.00885,0.26162
CVE-2020-1296,0.0115,0.5906
CVE-2020-12960,0.00885,0.26162
CVE-2020-12961,0.00885,0.26162
CVE-2020-12962,0.00885,0.26162
CVE-2020-12963,0.00885,0.26162
CVE-2020-12964,0.00885,0.26162
CVE-2020-12965,0.00885,0.26162
CVE-2020-12966,0.00885,0.26162
CVE-2020-12967,0.01086,0.51674
CVE-2020-1297,0.0115,0.5906
CVE-2020-1298,0.0115,0.5906
CVE-2020-12980,0.00885,0.26162
CVE-2020-12981,0.00885,0.26162
CVE-2020-12982,0.00885,0.26162
CVE-2020-12983,0.00885,0.26162
CVE-2020-12985,0.00885,0.26162
CVE-2020-12986,0.01036,0.41241
CVE-2020-12987,0.00885,0.26162
CVE-2020-12988,0.00885,0.26162
CVE-2020-1299,0.01875,0.76369
CVE-2020-1300,0.01875,0.76369
CVE-2020-1302,0.00908,0.28614
CVE-2020-1303,0.02632,0.81366
CVE-2020-1304,0.02632,0.81366
CVE-2020-1305,0.02632,0.81366
CVE-2020-1306,0.0115,0.5906
CVE-2020-1307,0.02632,0.81366
CVE-2020-1308,0.02632,0.81366
CVE-2020-1309,0.01787,0.75957
CVE-2020-13091,0.00885,0.26162
CVE-2020-13092,0.00885,0.26162
CVE-2020-13093,0.00885,0.26162
CVE-2020-13095,0.00885,0.26162
CVE-2020-1310,0.0115,0.5906
CVE-2020-13100,0.01055,0.50287
CVE-2020-13101,0.00954,0.34522
CVE-2020-13109,0.01978,0.78447
CVE-2020-1311,0.02632,0.81366
CVE-2020-13110,0.01559,0.742
CVE-2020-13111,0.01055,0.50287
CVE-2020-13112,0.01018,0.38792
CVE-2020-13113,0.01018,0.38792
CVE-2020-13114,0.01018,0.38792
CVE-2020-13116,0.00885,0.26162
CVE-2020-13117,0.01055,0.50287
CVE-2020-13118,0.01564,0.74439
CVE-2020-13119,0.00885,0.26162
CVE-2020-1312,0.00908,0.28614
CVE-2020-13121,0.00885,0.26162
CVE-2020-13122,0.02055,0.7893
CVE-2020-13124,0.02066,0.78986
CVE-2020-13125,0.00885,0.26162
CVE-2020-13126,0.01978,0.78447
CVE-2020-13127,0.01055,0.50287
CVE-2020-13128,0.00885,0.26162
CVE-2020-13129,0.00885,0.26162
CVE-2020-13131,0.00885,0.26162
CVE-2020-13132,0.00885,0.26162
CVE-2020-13133,0.00885,0.26162
CVE-2020-13134,0.00885,0.26162
CVE-2020-13135,0.00885,0.26162
CVE-2020-13136,0.00885,0.26162
CVE-2020-1314,0.02632,0.81366
CVE-2020-13143,0.02686,0.82061
CVE-2020-13144,0.0968,0.94003
CVE-2020-13145,0.00885,0.26162
CVE-2020-13146,0.00885,0.26162
CVE-2020-13149,0.00885,0.26162
CVE-2020-1315,0.02632,0.81366
CVE-2020-13150,0.00885,0.26162
CVE-2020-13152,0.02808,0.8233
CVE-2020-13153,0.00885,0.26162
CVE-2020-13154,0.00885,0.26162
CVE-2020-13155,0.00885,0.26162
CVE-2020-13156,0.00885,0.26162
CVE-2020-13157,0.00885,0.26162
CVE-2020-13159,0.02055,0.7893
CVE-2020-1316,0.0115,0.5906
CVE-2020-13160,0.58589,0.98809
CVE-2020-13163,0.00885,0.26162
CVE-2020-13164,0.01537,0.73595
CVE-2020-13166,0.66052,0.98994
CVE-2020-13168,0.00885,0.26162
CVE-2020-13169,0.00885,0.26162
CVE-2020-1317,0.0115,0.5906
CVE-2020-13170,0.00954,0.34522
CVE-2020-13173,0.00885,0.26162
CVE-2020-13174,0.00885,0.26162
CVE-2020-13175,0.01055,0.50287
CVE-2020-13176,0.01055,0.50287
CVE-2020-13177,0.01036,0.41241
CVE-2020-13178,0.01036,0.41241
CVE-2020-13179,0.00885,0.26162
CVE-2020-1318,0.0115,0.5906
CVE-2020-13183,0.00885,0.26162
CVE-2020-13185,0.00885,0.26162
CVE-2020-13186,0.00885,0.26162
CVE-2020-1319,0.04844,0.88809
CVE-2020-1320,0.0115,0.5906
CVE-2020-1321,0.01875,0.76369
CVE-2020-1322,0.02632,0.81366
CVE-2020-13223,0.00885,0.26162
CVE-2020-13224,0.00885,0.26162
CVE-2020-13225,0.00885,0.26162
CVE-2020-13226,0.01018,0.38792
CVE-2020-13227,0.00954,0.34522
CVE-2020-13228,0.02173,0.80027
CVE-2020-13229,0.00885,0.26162
CVE-2020-1323,0.02632,0.81366
CVE-2020-13230,0.0095,0.30554
CVE-2020-13231,0.01018,0.38792
CVE-2020-13238,0.00954,0.34522
CVE-2020-13239,0.00885,0.26162
CVE-2020-1324,0.0115,0.5906
CVE-2020-13240,0.00885,0.26162
CVE-2020-13241,0.00885,0.26162
CVE-2020-13245,0.00885,0.26162
CVE-2020-13246,0.00954,0.34522
CVE-2020-13247,0.00885,0.26162
CVE-2020-13248,0.00885,0.26162
CVE-2020-13249,0.01108,0.53389
CVE-2020-1325,0.0115,0.5906
CVE-2020-13250,0.00954,0.34522
CVE-2020-13252,0.01132,0.54372
CVE-2020-13253,0.01034,0.39824
CVE-2020-13258,0.00885,0.26162
CVE-2020-1326,0.0115,0.5906
CVE-2020-13261,0.0089,0.2856
CVE-2020-13262,0.00954,0.34522
CVE-2020-13263,0.0089,0.2856
CVE-2020-13264,0.00954,0.34522
CVE-2020-13265,0.00954,0.34522
CVE-2020-13266,0.00885,0.26162
CVE-2020-13267,0.02509,0.81058
CVE-2020-13268,0.00954,0.34522
CVE-2020-13269,0.02509,0.81058
CVE-2020-1327,0.02632,0.81366
CVE-2020-13270,0.0089,0.2856
CVE-2020-13271,0.02509,0.81058
CVE-2020-13272,0.0089,0.2856
CVE-2020-13273,0.00885,0.26162
CVE-2020-13274,0.00885,0.26162
CVE-2020-13275,0.0089,0.2856
CVE-2020-13276,0.0089,0.2856
CVE-2020-13278,0.01136,0.57949
CVE-2020-13279,0.01005,0.36332
CVE-2020-13280,0.00885,0.26162
CVE-2020-13281,0.0089,0.2856
CVE-2020-13282,0.0089,0.2856
CVE-2020-13283,0.0089,0.2856
CVE-2020-13284,0.00885,0.26162
CVE-2020-13285,0.0089,0.2856
CVE-2020-13286,0.0089,0.2856
CVE-2020-13287,0.0089,0.2856
CVE-2020-13288,0.0089,0.2856
CVE-2020-13289,0.00885,0.26162
CVE-2020-1329,0.02632,0.81366
CVE-2020-13290,0.0089,0.2856
CVE-2020-13291,0.00885,0.26162
CVE-2020-13292,0.0089,0.2856
CVE-2020-13293,0.0089,0.2856
CVE-2020-13294,0.0089,0.2856
CVE-2020-13295,0.0089,0.2856
CVE-2020-13296,0.0089,0.2856
CVE-2020-13297,0.0089,0.2856
CVE-2020-13298,0.00954,0.34522
CVE-2020-13299,0.0089,0.2856
CVE-2020-1330,0.0115,0.5906
CVE-2020-13300,0.00954,0.34522
CVE-2020-13301,0.0089,0.2856
CVE-2020-13302,0.0089,0.2856
CVE-2020-13303,0.0089,0.2856
CVE-2020-13304,0.0089,0.2856
CVE-2020-13305,0.0089,0.2856
CVE-2020-13306,0.00954,0.34522
CVE-2020-13307,0.0089,0.2856
CVE-2020-13308,0.0089,0.2856
CVE-2020-13309,0.0089,0.2856
CVE-2020-1331,0.0115,0.5906
CVE-2020-13310,0.0089,0.2856
CVE-2020-13311,0.0089,0.2856
CVE-2020-13312,0.00885,0.26162
CVE-2020-13313,0.0089,0.2856
CVE-2020-13314,0.00954,0.34522
CVE-2020-13315,0.00954,0.34522
CVE-2020-13316,0.0089,0.2856
CVE-2020-13317,0.0089,0.2856
CVE-2020-13318,0.00885,0.26162
CVE-2020-13319,0.0089,0.2856
CVE-2020-1332,0.01875,0.76369
CVE-2020-13320,0.00885,0.26162
CVE-2020-13321,0.00885,0.26162
CVE-2020-13322,0.00885,0.26162
CVE-2020-13323,0.00885,0.26162
CVE-2020-13324,0.00885,0.26162
CVE-2020-13325,0.00885,0.26162
CVE-2020-13326,0.00885,0.26162
CVE-2020-13327,0.00885,0.26162
CVE-2020-13328,0.00885,0.26162
CVE-2020-13329,0.00885,0.26162
CVE-2020-1333,0.0115,0.5906
CVE-2020-13330,0.00885,0.26162
CVE-2020-13331,0.00885,0.26162
CVE-2020-13333,0.0089,0.2856
CVE-2020-13334,0.00954,0.34522
CVE-2020-13335,0.0089,0.2856
CVE-2020-13336,0.00885,0.26162
CVE-2020-13337,0.00885,0.26162
CVE-2020-13338,0.00885,0.26162
CVE-2020-13339,0.0089,0.2856
CVE-2020-1334,0.0115,0.5906
CVE-2020-13340,0.0089,0.2856
CVE-2020-13341,0.0089,0.2856
CVE-2020-13342,0.00885,0.26162
CVE-2020-13343,0.0089,0.2856
CVE-2020-13344,0.00885,0.26162
CVE-2020-13345,0.0089,0.2856
CVE-2020-13346,0.0089,0.2856
CVE-2020-13347,0.02066,0.78986
CVE-2020-13348,0.00885,0.26162
CVE-2020-13349,0.00885,0.26162
CVE-2020-1335,0.01875,0.76369
CVE-2020-13350,0.00954,0.34522
CVE-2020-13351,0.0089,0.2856
CVE-2020-13352,0.00954,0.34522
CVE-2020-13353,0.00885,0.26162
CVE-2020-13354,0.0089,0.2856
CVE-2020-13355,0.0089,0.2856
CVE-2020-13356,0.00954,0.34522
CVE-2020-13357,0.0089,0.2856
CVE-2020-13358,0.00885,0.26162
CVE-2020-13359,0.00885,0.26162
CVE-2020-1336,0.0115,0.5906
CVE-2020-13361,0.01282,0.67298
CVE-2020-13362,0.01282,0.67298
CVE-2020-13364,0.00885,0.26162
CVE-2020-13365,0.00885,0.26162
CVE-2020-13376,0.0144,0.7265
CVE-2020-1338,0.01875,0.76369
CVE-2020-13380,0.00885,0.26162
CVE-2020-13381,0.00954,0.34522
CVE-2020-13382,0.00954,0.34522
CVE-2020-13383,0.00954,0.34522
CVE-2020-13384,0.08078,0.93055
CVE-2020-13386,0.00885,0.26162
CVE-2020-13387,0.00885,0.26162
CVE-2020-13388,0.02509,0.81058
CVE-2020-13389,0.0144,0.7265
CVE-2020-1339,0.01875,0.76369
CVE-2020-13390,0.0144,0.7265
CVE-2020-13391,0.0144,0.7265
CVE-2020-13392,0.0144,0.7265
CVE-2020-13393,0.0144,0.7265
CVE-2020-13394,0.0144,0.7265
CVE-2020-13396,0.01034,0.39824
CVE-2020-13397,0.01034,0.39824
CVE-2020-13398,0.01034,0.39824
CVE-2020-1340,0.0115,0.5906
CVE-2020-13404,0.02066,0.78986
CVE-2020-13405,0.00885,0.26162
CVE-2020-13407,0.00885,0.26162
CVE-2020-13408,0.00885,0.26162
CVE-2020-13409,0.00885,0.26162
CVE-2020-13410,0.00954,0.34522
CVE-2020-13412,0.00885,0.26162
CVE-2020-13413,0.00885,0.26162
CVE-2020-13414,0.00885,0.26162
CVE-2020-13415,0.00885,0.26162
CVE-2020-13416,0.00885,0.26162
CVE-2020-13417,0.00885,0.26162
CVE-2020-13418,0.00885,0.26162
CVE-2020-13419,0.00885,0.26162
CVE-2020-1342,0.02632,0.81366
CVE-2020-13420,0.01156,0.60033
CVE-2020-13421,0.00885,0.26162
CVE-2020-13422,0.00885,0.26162
CVE-2020-13423,0.0089,0.2856
CVE-2020-13425,0.00885,0.26162
CVE-2020-13426,0.108,0.94438
CVE-2020-13427,0.02173,0.80027
CVE-2020-13428,0.03161,0.83171
CVE-2020-13429,0.00885,0.26162
CVE-2020-1343,0.02632,0.81366
CVE-2020-13430,0.00954,0.34522
CVE-2020-13431,0.00885,0.26162
CVE-2020-13432,0.01319,0.70416
CVE-2020-13433,0.00885,0.26162
CVE-2020-13434,0.01547,0.74085
CVE-2020-13435,0.01547,0.74085
CVE-2020-13438,0.00885,0.26162
CVE-2020-13439,0.00885,0.26162
CVE-2020-1344,0.0115,0.5906
CVE-2020-13440,0.00885,0.26162
CVE-2020-13442,0.01156,0.60033
CVE-2020-13443,0.01978,0.78447
CVE-2020-13444,0.01055,0.50287
CVE-2020-13445,0.04571,0.88388
CVE-2020-13448,0.05164,0.89136
CVE-2020-13449,0.00885,0.26162
CVE-2020-1345,0.02632,0.81366
CVE-2020-13450,0.01773,0.75668
CVE-2020-13451,0.0144,0.7265
CVE-2020-13452,0.0144,0.7265
CVE-2020-13458,0.00885,0.26162
CVE-2020-13459,0.00885,0.26162
CVE-2020-1346,0.0115,0.5906
CVE-2020-13460,0.00885,0.26162
CVE-2020-13461,0.00885,0.26162
CVE-2020-13462,0.00885,0.26162
CVE-2020-13463,0.00885,0.26162
CVE-2020-13464,0.00885,0.26162
CVE-2020-13465,0.01036,0.41241
CVE-2020-13466,0.01036,0.41241
CVE-2020-13467,0.00885,0.26162
CVE-2020-13468,0.00885,0.26162
CVE-2020-13469,0.00885,0.26162
CVE-2020-1347,0.0115,0.5906
CVE-2020-13470,0.00885,0.26162
CVE-2020-13471,0.01036,0.41241
CVE-2020-13472,0.00885,0.26162
CVE-2020-13473,0.00885,0.26162
CVE-2020-13474,0.00885,0.26162
CVE-2020-13476,0.00885,0.26162
CVE-2020-1348,0.02632,0.81366
CVE-2020-13480,0.0089,0.2856
CVE-2020-13482,0.01018,0.38792
CVE-2020-13483,0.00885,0.26162
CVE-2020-13484,0.00885,0.26162
CVE-2020-13485,0.00885,0.26162
CVE-2020-13486,0.00885,0.26162
CVE-2020-13487,0.02199,0.80273
CVE-2020-13493,0.00885,0.26162
CVE-2020-13494,0.00885,0.26162
CVE-2020-13495,0.00885,0.26162
CVE-2020-13496,0.00885,0.26162
CVE-2020-13497,0.00885,0.26162
CVE-2020-13498,0.00885,0.26162
CVE-2020-13499,0.00885,0.26162
CVE-2020-13500,0.00885,0.26162
CVE-2020-13501,0.00885,0.26162
CVE-2020-13504,0.00885,0.26162
CVE-2020-13505,0.00885,0.26162
CVE-2020-13509,0.00885,0.26162
CVE-2020-1351,0.0115,0.5906
CVE-2020-13510,0.00885,0.26162
CVE-2020-13511,0.00885,0.26162
CVE-2020-13512,0.00885,0.26162
CVE-2020-13513,0.00885,0.26162
CVE-2020-13514,0.00885,0.26162
CVE-2020-13515,0.00885,0.26162
CVE-2020-13516,0.00885,0.26162
CVE-2020-13517,0.00885,0.26162
CVE-2020-13518,0.00885,0.26162
CVE-2020-13519,0.00885,0.26162
CVE-2020-1352,0.00908,0.28614
CVE-2020-13520,0.01611,0.74874
CVE-2020-13522,0.00885,0.26162
CVE-2020-13523,0.00885,0.26162
CVE-2020-13524,0.01018,0.38792
CVE-2020-13525,0.00885,0.26162
CVE-2020-13526,0.00885,0.26162
CVE-2020-13527,0.00885,0.26162
CVE-2020-13528,0.00885,0.26162
CVE-2020-13529,0.01108,0.53389
CVE-2020-1353,0.0115,0.5906
CVE-2020-13530,0.00885,0.26162
CVE-2020-13531,0.01086,0.51674
CVE-2020-13532,0.00885,0.26162
CVE-2020-13533,0.00885,0.26162
CVE-2020-13534,0.00885,0.26162
CVE-2020-13535,0.01036,0.41241
CVE-2020-13536,0.00885,0.26162
CVE-2020-13537,0.00885,0.26162
CVE-2020-13539,0.00885,0.26162
CVE-2020-1354,0.00908,0.28614
CVE-2020-13540,0.00885,0.26162
CVE-2020-13541,0.01036,0.41241
CVE-2020-13542,0.00885,0.26162
CVE-2020-13543,0.04124,0.85361
CVE-2020-13544,0.00885,0.26162
CVE-2020-13545,0.00885,0.26162
CVE-2020-13546,0.00885,0.26162
CVE-2020-13547,0.01086,0.51674
CVE-2020-13548,0.01086,0.51674
CVE-2020-13549,0.01036,0.41241
CVE-2020-1355,0.04347,0.87055
CVE-2020-13550,0.00885,0.26162
CVE-2020-13551,0.01036,0.41241
CVE-2020-13552,0.01036,0.41241
CVE-2020-13553,0.01036,0.41241
CVE-2020-13554,0.01036,0.41241
CVE-2020-13555,0.01036,0.41241
CVE-2020-13556,0.01156,0.60033
CVE-2020-13557,0.01086,0.51674
CVE-2020-13558,0.0144,0.7265
CVE-2020-13559,0.00885,0.26162
CVE-2020-1356,0.0115,0.5906
CVE-2020-13560,0.01086,0.51674
CVE-2020-13561,0.01086,0.51674
CVE-2020-13562,0.01086,0.51674
CVE-2020-13563,0.01086,0.51674
CVE-2020-13564,0.01086,0.51674
CVE-2020-13565,0.00885,0.26162
CVE-2020-13566,0.00885,0.26162
CVE-2020-13567,0.00885,0.26162
CVE-2020-13568,0.00885,0.26162
CVE-2020-13569,0.01086,0.51674
CVE-2020-1357,0.0115,0.5906
CVE-2020-13570,0.01086,0.51674
CVE-2020-13571,0.01086,0.51674
CVE-2020-13572,0.01086,0.51674
CVE-2020-13573,0.00885,0.26162
CVE-2020-13574,0.00954,0.34522
CVE-2020-13575,0.00954,0.34522
CVE-2020-13576,0.05634,0.89764
CVE-2020-13577,0.00954,0.34522
CVE-2020-13578,0.00954,0.34522
CVE-2020-13579,0.01036,0.41241
CVE-2020-1358,0.00908,0.28614
CVE-2020-13580,0.01036,0.41241
CVE-2020-13581,0.00885,0.26162
CVE-2020-13582,0.00885,0.26162
CVE-2020-13583,0.00885,0.26162
CVE-2020-13584,0.04836,0.88802
CVE-2020-13585,0.01086,0.51674
CVE-2020-13586,0.00885,0.26162
CVE-2020-13587,0.00885,0.26162
CVE-2020-13588,0.00885,0.26162
CVE-2020-13589,0.00885,0.26162
CVE-2020-1359,0.0115,0.5906
CVE-2020-13590,0.00885,0.26162
CVE-2020-13591,0.00885,0.26162
CVE-2020-13592,0.00885,0.26162
CVE-2020-13593,0.00954,0.34522
CVE-2020-13594,0.00954,0.34522
CVE-2020-13595,0.00954,0.34522
CVE-2020-13596,0.01537,0.73595
CVE-2020-13597,0.0089,0.2856
CVE-2020-13598,0.00885,0.26162
CVE-2020-13599,0.00885,0.26162
CVE-2020-1360,0.0115,0.5906
CVE-2020-13600,0.00885,0.26162
CVE-2020-13601,0.00885,0.26162
CVE-2020-13602,0.01055,0.50287
CVE-2020-13603,0.00885,0.26162
CVE-2020-13614,0.01108,0.53389
CVE-2020-13615,0.00885,0.26162
CVE-2020-13616,0.00885,0.26162
CVE-2020-13617,0.00885,0.26162
CVE-2020-13619,0.02509,0.81058
CVE-2020-13620,0.00885,0.26162
CVE-2020-13622,0.00885,0.26162
CVE-2020-13623,0.00885,0.26162
CVE-2020-13625,0.01537,0.73595
CVE-2020-13626,0.00885,0.26162
CVE-2020-13627,0.01055,0.50287
CVE-2020-13628,0.01055,0.50287
CVE-2020-1363,0.00908,0.28614
CVE-2020-13630,0.01547,0.74085
CVE-2020-13631,0.01547,0.74085
CVE-2020-13632,0.01282,0.67298
CVE-2020-13633,0.00885,0.26162
CVE-2020-13634,0.00885,0.26162
CVE-2020-13637,0.00885,0.26162
CVE-2020-13639,0.01055,0.50287
CVE-2020-1364,0.0115,0.5906
CVE-2020-13641,0.00885,0.26162
CVE-2020-13642,0.00885,0.26162
CVE-2020-13643,0.00885,0.26162
CVE-2020-13644,0.00885,0.26162
CVE-2020-13645,0.01183,0.60428
CVE-2020-13646,0.00885,0.26162
CVE-2020-13649,0.00954,0.34522
CVE-2020-1365,0.00908,0.28614
CVE-2020-13650,0.00885,0.26162
CVE-2020-13651,0.00885,0.26162
CVE-2020-13652,0.00885,0.26162
CVE-2020-13653,0.01018,0.38792
CVE-2020-13654,0.00954,0.34522
CVE-2020-13655,0.00885,0.26162
CVE-2020-13656,0.01086,0.51674
CVE-2020-13657,0.00885,0.26162
CVE-2020-13658,0.00885,0.26162
CVE-2020-13659,0.01104,0.52279
CVE-2020-1366,0.0115,0.5906
CVE-2020-13660,0.00885,0.26162
CVE-2020-13661,0.00954,0.34522
CVE-2020-13662,0.00885,0.26162
CVE-2020-13663,0.00885,0.26162
CVE-2020-13664,0.01156,0.60033
CVE-2020-13665,0.00885,0.26162
CVE-2020-13666,0.00885,0.26162
CVE-2020-13667,0.00885,0.26162
CVE-2020-13668,0.00885,0.26162
CVE-2020-13669,0.00885,0.26162
CVE-2020-1367,0.0115,0.5906
CVE-2020-13670,0.00885,0.26162
CVE-2020-13671,0.0089,0.2856
CVE-2020-13672,0.00885,0.26162
CVE-2020-13673,0.00885,0.26162
CVE-2020-13674,0.00885,0.26162
CVE-2020-13675,0.00885,0.26162
CVE-2020-13676,0.00885,0.26162
CVE-2020-13677,0.00885,0.26162
CVE-2020-1368,0.0115,0.5906
CVE-2020-13688,0.00885,0.26162
CVE-2020-1369,0.0115,0.5906
CVE-2020-13692,0.02686,0.82061
CVE-2020-13693,0.08382,0.93597
CVE-2020-13694,0.00885,0.26162
CVE-2020-13695,0.00885,0.26162
CVE-2020-13696,0.01282,0.67298
CVE-2020-13697,0.00885,0.26162
CVE-2020-13699,0.30365,0.97393
CVE-2020-1370,0.0115,0.5906
CVE-2020-13700,0.00954,0.34522
CVE-2020-13702,0.01108,0.53389
CVE-2020-1371,0.00908,0.28614
CVE-2020-1372,0.0115,0.5906
CVE-2020-1373,0.0115,0.5906
CVE-2020-1374,0.01875,0.76369
CVE-2020-1375,0.0115,0.5906
CVE-2020-13753,0.01108,0.53389
CVE-2020-13754,0.01104,0.52279
CVE-2020-13756,0.05634,0.89764
CVE-2020-13757,0.01018,0.38792
CVE-2020-13758,0.00885,0.26162
CVE-2020-13759,0.00954,0.34522
CVE-2020-1376,0.0115,0.5906
CVE-2020-13760,0.00885,0.26162
CVE-2020-13761,0.00885,0.26162
CVE-2020-13762,0.00885,0.26162
CVE-2020-13763,0.00885,0.26162
CVE-2020-13764,0.00885,0.26162
CVE-2020-13765,0.01108,0.53389
CVE-2020-13767,0.00885,0.26162
CVE-2020-13768,0.01086,0.51674
CVE-2020-13769,0.00885,0.26162
CVE-2020-1377,0.01178,0.60108
CVE-2020-13770,0.00885,0.26162
CVE-2020-13771,0.01036,0.41241
CVE-2020-13772,0.00885,0.26162
CVE-2020-13773,0.00885,0.26162
CVE-2020-13774,0.01156,0.60033
CVE-2020-13775,0.0095,0.30554
CVE-2020-13776,0.0089,0.2856
CVE-2020-13778,0.02199,0.80273
CVE-2020-1378,0.01178,0.60108
CVE-2020-13782,0.02055,0.7893
CVE-2020-13783,0.00885,0.26162
CVE-2020-13784,0.00885,0.26162
CVE-2020-13785,0.00885,0.26162
CVE-2020-13786,0.00885,0.26162
CVE-2020-13787,0.00885,0.26162
CVE-2020-13788,0.0089,0.2856
CVE-2020-1379,0.02649,0.81391
CVE-2020-13790,0.01537,0.73595
CVE-2020-13791,0.0095,0.30554
CVE-2020-13792,0.00885,0.26162
CVE-2020-13793,0.00885,0.26162
CVE-2020-13794,0.0089,0.2856
CVE-2020-13795,0.00885,0.26162
CVE-2020-13796,0.00885,0.26162
CVE-2020-13797,0.00885,0.26162
CVE-2020-13798,0.00885,0.26162
CVE-2020-13799,0.00954,0.34522
CVE-2020-1380,0.0507,0.89018
CVE-2020-13800,0.01034,0.39824
CVE-2020-13802,0.02211,0.80357
CVE-2020-13803,0.00885,0.26162
CVE-2020-13804,0.00885,0.26162
CVE-2020-13805,0.00885,0.26162
CVE-2020-13806,0.01086,0.51674
CVE-2020-13807,0.00885,0.26162
CVE-2020-13808,0.00885,0.26162
CVE-2020-13809,0.00885,0.26162
CVE-2020-1381,0.01178,0.60108
CVE-2020-13810,0.00885,0.26162
CVE-2020-13811,0.00885,0.26162
CVE-2020-13812,0.00885,0.26162
CVE-2020-13813,0.00885,0.26162
CVE-2020-13814,0.00885,0.26162
CVE-2020-13815,0.00885,0.26162
CVE-2020-13817,0.01319,0.70416
CVE-2020-13818,0.00885,0.26162
CVE-2020-13819,0.00954,0.34522
CVE-2020-1382,0.01178,0.60108
CVE-2020-13820,0.01018,0.38792
CVE-2020-13821,0.00885,0.26162
CVE-2020-13822,0.01018,0.38792
CVE-2020-13825,0.01055,0.50287
CVE-2020-13826,0.00885,0.26162
CVE-2020-13827,0.00885,0.26162
CVE-2020-13828,0.01055,0.50287
CVE-2020-13829,0.00885,0.26162
CVE-2020-1383,0.0115,0.5906
CVE-2020-13830,0.00885,0.26162
CVE-2020-13831,0.00885,0.26162
CVE-2020-13832,0.01086,0.51674
CVE-2020-13833,0.00885,0.26162
CVE-2020-13834,0.00885,0.26162
CVE-2020-13835,0.00885,0.26162
CVE-2020-13836,0.00885,0.26162
CVE-2020-13837,0.00885,0.26162
CVE-2020-13838,0.00885,0.26162
CVE-2020-13839,0.01086,0.51674
CVE-2020-1384,0.0115,0.5906
CVE-2020-13840,0.01086,0.51674
CVE-2020-13841,0.00885,0.26162
CVE-2020-13842,0.00885,0.26162
CVE-2020-13843,0.00885,0.26162
CVE-2020-13844,0.01505,0.72763
CVE-2020-13845,0.01018,0.38792
CVE-2020-13846,0.01018,0.38792
CVE-2020-13847,0.01018,0.38792
CVE-2020-13848,0.01319,0.70416
CVE-2020-13849,0.01055,0.50287
CVE-2020-1385,0.0115,0.5906
CVE-2020-13850,0.00885,0.26162
CVE-2020-13851,0.32719,0.97522
CVE-2020-13852,0.02432,0.8082
CVE-2020-13853,0.00885,0.26162
CVE-2020-13854,0.00885,0.26162
CVE-2020-13855,0.02432,0.8082
CVE-2020-13856,0.00885,0.26162
CVE-2020-13857,0.00885,0.26162
CVE-2020-13858,0.00885,0.26162
CVE-2020-13859,0.00885,0.26162
CVE-2020-1386,0.0115,0.5906
CVE-2020-13860,0.00885,0.26162
CVE-2020-13863,0.00885,0.26162
CVE-2020-13864,0.00885,0.26162
CVE-2020-13865,0.00885,0.26162
CVE-2020-13866,0.01832,0.76196
CVE-2020-13867,0.0095,0.30554
CVE-2020-13868,0.00885,0.26162
CVE-2020-13869,0.00885,0.26162
CVE-2020-1387,0.0115,0.5906
CVE-2020-13870,0.00885,0.26162
CVE-2020-13871,0.01537,0.73595
CVE-2020-13872,0.00954,0.34522
CVE-2020-13873,0.01319,0.70416
CVE-2020-13877,0.01978,0.78447
CVE-2020-1388,0.0115,0.5906
CVE-2020-13881,0.01108,0.53389
CVE-2020-13882,0.0095,0.30554
CVE-2020-13883,0.00885,0.26162
CVE-2020-13884,0.00885,0.26162
CVE-2020-13885,0.00885,0.26162
CVE-2020-13887,0.01978,0.78447
CVE-2020-13888,0.00885,0.26162
CVE-2020-13889,0.00885,0.26162
CVE-2020-1389,0.0115,0.5906
CVE-2020-13890,0.00885,0.26162
CVE-2020-13891,0.00885,0.26162
CVE-2020-13892,0.00885,0.26162
CVE-2020-13893,0.00885,0.26162
CVE-2020-13894,0.00885,0.26162
CVE-2020-13895,0.00885,0.26162
CVE-2020-13896,0.01055,0.50287
CVE-2020-13897,0.00885,0.26162
CVE-2020-13898,0.01018,0.38792
CVE-2020-13899,0.00954,0.34522
CVE-2020-1390,0.0115,0.5906
CVE-2020-13900,0.01018,0.38792
CVE-2020-13901,0.00954,0.34522
CVE-2020-13902,0.00885,0.26162
CVE-2020-13904,0.01108,0.53389
CVE-2020-13905,0.00885,0.26162
CVE-2020-13906,0.00885,0.26162
CVE-2020-13909,0.00885,0.26162
CVE-2020-1391,0.0115,0.5906
CVE-2020-13910,0.00885,0.26162
CVE-2020-13911,0.00885,0.26162
CVE-2020-13912,0.00885,0.26162
CVE-2020-13913,0.01055,0.50287
CVE-2020-13914,0.01055,0.50287
CVE-2020-13915,0.01055,0.50287
CVE-2020-13916,0.01156,0.60033
CVE-2020-13917,0.01055,0.50287
CVE-2020-13918,0.01055,0.50287
CVE-2020-13919,0.01055,0.50287
CVE-2020-1392,0.0115,0.5906
CVE-2020-13920,0.01246,0.66436
CVE-2020-13921,0.00954,0.34522
CVE-2020-13922,0.00885,0.26162
CVE-2020-13923,0.01246,0.66436
CVE-2020-13924,0.00885,0.26162
CVE-2020-13925,0.00885,0.26162
CVE-2020-13926,0.00885,0.26162
CVE-2020-13928,0.00885,0.26162
CVE-2020-13929,0.01246,0.66436
CVE-2020-1393,0.0115,0.5906
CVE-2020-13931,0.00954,0.34522
CVE-2020-13932,0.01246,0.66436
CVE-2020-13934,0.07767,0.92799
CVE-2020-13936,0.03052,0.82933
CVE-2020-13938,0.01627,0.74906
CVE-2020-1394,0.0115,0.5906
CVE-2020-13940,0.00885,0.26162
CVE-2020-13941,0.01164,0.60046
CVE-2020-13943,0.01627,0.74906
CVE-2020-13944,0.03032,0.82851
CVE-2020-13946,0.01246,0.66436
CVE-2020-13947,0.01742,0.75235
CVE-2020-13948,0.0089,0.2856
CVE-2020-13949,0.2627,0.96957
CVE-2020-1395,0.0115,0.5906
CVE-2020-13950,0.03032,0.82851
CVE-2020-13951,0.10816,0.94441
CVE-2020-13952,0.00885,0.26162
CVE-2020-13953,0.00954,0.34522
CVE-2020-13954,0.07767,0.92799
CVE-2020-13956,0.04468,0.87734
CVE-2020-13958,0.00885,0.26162
CVE-2020-13959,0.01859,0.7626
CVE-2020-1396,0.0115,0.5906
CVE-2020-13960,0.01055,0.50287
CVE-2020-13961,0.01061,0.51015
CVE-2020-13962,0.01183,0.60428
CVE-2020-13963,0.00954,0.34522
CVE-2020-13964,0.01108,0.53389
CVE-2020-13965,0.01537,0.73595
CVE-2020-13968,0.00885,0.26162
CVE-2020-13969,0.00885,0.26162
CVE-2020-1397,0.02632,0.81366
CVE-2020-13970,0.00885,0.26162
CVE-2020-13971,0.00885,0.26162
CVE-2020-13972,0.00885,0.26162
CVE-2020-13973,0.00885,0.26162
CVE-2020-13974,0.01282,0.67298
CVE-2020-13976,0.01055,0.50287
CVE-2020-13977,0.01034,0.39824
CVE-2020-13978,0.00885,0.26162
CVE-2020-1398,0.02632,0.81366
CVE-2020-13980,0.01055,0.50287
CVE-2020-13984,0.00885,0.26162
CVE-2020-13985,0.00885,0.26162
CVE-2020-13986,0.00885,0.26162
CVE-2020-13987,0.00954,0.34522
CVE-2020-13988,0.00885,0.26162
CVE-2020-1399,0.0115,0.5906
CVE-2020-13991,0.01018,0.38792
CVE-2020-13992,0.01055,0.50287
CVE-2020-13993,0.01055,0.50287
CVE-2020-13994,0.01086,0.51674
CVE-2020-13995,0.01086,0.51674
CVE-2020-13997,0.00885,0.26162
CVE-2020-13998,0.01055,0.50287
CVE-2020-13999,0.01108,0.53389
CVE-2020-1400,0.04844,0.88809
CVE-2020-14001,0.03806,0.84842
CVE-2020-14002,0.01108,0.53389
CVE-2020-14004,0.01034,0.39824
CVE-2020-14005,0.04571,0.88388
CVE-2020-14006,0.00885,0.26162
CVE-2020-14007,0.00885,0.26162
CVE-2020-14008,0.10123,0.94312
CVE-2020-14009,0.00885,0.26162
CVE-2020-1401,0.01789,0.76008
CVE-2020-14010,0.00885,0.26162
CVE-2020-14011,0.1246,0.95137
CVE-2020-14012,0.00885,0.26162
CVE-2020-14014,0.00885,0.26162
CVE-2020-14015,0.00885,0.26162
CVE-2020-14016,0.00885,0.26162
CVE-2020-14017,0.00885,0.26162
CVE-2020-14018,0.00885,0.26162
CVE-2020-14019,0.0089,0.2856
CVE-2020-1402,0.00908,0.28614
CVE-2020-14021,0.0089,0.2856
CVE-2020-14022,0.0089,0.2856
CVE-2020-14023,0.00885,0.26162
CVE-2020-14024,0.00885,0.26162
CVE-2020-14025,0.00885,0.26162
CVE-2020-14026,0.00954,0.34522
CVE-2020-14027,0.00885,0.26162
CVE-2020-14028,0.00885,0.26162
CVE-2020-14029,0.00885,0.26162
CVE-2020-1403,0.01875,0.76369
CVE-2020-14030,0.0144,0.7265
CVE-2020-14031,0.00885,0.26162
CVE-2020-14032,0.0144,0.7265
CVE-2020-14033,0.00954,0.34522
CVE-2020-14034,0.00954,0.34522
CVE-2020-14039,0.01183,0.60428
CVE-2020-1404,0.0115,0.5906
CVE-2020-14040,0.00885,0.26162
CVE-2020-14042,0.00954,0.34522
CVE-2020-14043,0.04836,0.88802
CVE-2020-14044,0.04571,0.88388
CVE-2020-14048,0.01055,0.50287
CVE-2020-14049,0.00885,0.26162
CVE-2020-1405,0.0115,0.5906
CVE-2020-14054,0.01055,0.50287
CVE-2020-14055,0.00885,0.26162
CVE-2020-14056,0.00885,0.26162
CVE-2020-14057,0.01978,0.78447
CVE-2020-14058,0.01018,0.38792
CVE-2020-14059,0.0089,0.2856
CVE-2020-1406,0.0115,0.5906
CVE-2020-14060,0.01537,0.73595
CVE-2020-14061,0.01537,0.73595
CVE-2020-14062,0.01537,0.73595
CVE-2020-14063,0.01055,0.50287
CVE-2020-14067,0.00885,0.26162
CVE-2020-14068,0.00885,0.26162
CVE-2020-14069,0.00885,0.26162
CVE-2020-1407,0.01789,0.76008
CVE-2020-14070,0.00885,0.26162
CVE-2020-14071,0.00885,0.26162
CVE-2020-14072,0.0144,0.7265
CVE-2020-14073,0.02192,0.80195
CVE-2020-14074,0.0144,0.7265
CVE-2020-14075,0.02055,0.7893
CVE-2020-14076,0.02199,0.80273
CVE-2020-14077,0.0144,0.7265
CVE-2020-14078,0.0144,0.7265
CVE-2020-14079,0.02199,0.80273
CVE-2020-1408,0.01875,0.76369
CVE-2020-14080,0.0144,0.7265
CVE-2020-14081,0.02055,0.7893
CVE-2020-1409,0.01789,0.76008
CVE-2020-14092,0.00954,0.34522
CVE-2020-14093,0.01537,0.73595
CVE-2020-14094,0.01156,0.60033
CVE-2020-14095,0.01156,0.60033
CVE-2020-14096,0.00885,0.26162
CVE-2020-14097,0.00885,0.26162
CVE-2020-14098,0.00885,0.26162
CVE-2020-14099,0.00885,0.26162
CVE-2020-1410,0.01789,0.76008
CVE-2020-14100,0.01156,0.60033
CVE-2020-14101,0.00885,0.26162
CVE-2020-14102,0.02055,0.7893
CVE-2020-14103,0.00885,0.26162
CVE-2020-14104,0.00885,0.26162
CVE-2020-14105,0.00885,0.26162
CVE-2020-14106,0.00885,0.26162
CVE-2020-14107,0.00885,0.26162
CVE-2020-14109,0.01086,0.51674
CVE-2020-1411,0.0115,0.5906
CVE-2020-14110,0.00885,0.26162
CVE-2020-14111,0.01036,0.41241
CVE-2020-14112,0.00885,0.26162
CVE-2020-14114,0.00885,0.26162
CVE-2020-14115,0.01086,0.51674
CVE-2020-14116,0.00885,0.26162
CVE-2020-14117,0.00885,0.26162
CVE-2020-14118,0.00885,0.26162
CVE-2020-14119,0.01086,0.51674
CVE-2020-1412,0.0507,0.89018
CVE-2020-14120,0.00885,0.26162
CVE-2020-14121,0.00885,0.26162
CVE-2020-14122,0.00885,0.26162
CVE-2020-14123,0.00885,0.26162
CVE-2020-14124,0.01086,0.51674
CVE-2020-14125,0.00885,0.26162
CVE-2020-14126,0.00885,0.26162
CVE-2020-14127,0.01055,0.50287
CVE-2020-1413,0.0115,0.5906
CVE-2020-14130,0.00885,0.26162
CVE-2020-1414,0.0115,0.5906
CVE-2020-14145,0.01183,0.60428
CVE-2020-14146,0.00885,0.26162
CVE-2020-14147,0.01034,0.39824
CVE-2020-14148,0.01183,0.60428
CVE-2020-14149,0.01018,0.38792
CVE-2020-1415,0.0115,0.5906
CVE-2020-14150,0.00885,0.26162
CVE-2020-14152,0.00954,0.34522
CVE-2020-14153,0.00954,0.34522
CVE-2020-14154,0.01108,0.53389
CVE-2020-14155,0.01537,0.73595
CVE-2020-14156,0.0089,0.2856
CVE-2020-14157,0.01018,0.38792
CVE-2020-14158,0.00954,0.34522
CVE-2020-14159,0.01055,0.50287
CVE-2020-1416,0.02632,0.81366
CVE-2020-14160,0.01136,0.57949
CVE-2020-14161,0.00954,0.34522
CVE-2020-14162,0.00885,0.26162
CVE-2020-14163,0.00885,0.26162
CVE-2020-14164,0.01055,0.50287
CVE-2020-14165,0.01055,0.50287
CVE-2020-14166,0.01055,0.50287
CVE-2020-14167,0.01055,0.50287
CVE-2020-14168,0.01055,0.50287
CVE-2020-14169,0.01055,0.50287
CVE-2020-1417,0.0115,0.5906
CVE-2020-14170,0.01055,0.50287
CVE-2020-14171,0.01055,0.50287
CVE-2020-14172,0.01156,0.60033
CVE-2020-14173,0.01055,0.50287
CVE-2020-14174,0.01055,0.50287
CVE-2020-14175,0.01055,0.50287
CVE-2020-14177,0.01055,0.50287
CVE-2020-14178,0.01055,0.50287
CVE-2020-1418,0.00908,0.28614
CVE-2020-14180,0.01055,0.50287
CVE-2020-14183,0.01055,0.50287
CVE-2020-14184,0.01055,0.50287
CVE-2020-14185,0.01055,0.50287
CVE-2020-14188,0.01156,0.60033
CVE-2020-14189,0.01156,0.60033
CVE-2020-1419,0.0115,0.5906
CVE-2020-14190,0.01055,0.50287
CVE-2020-14191,0.01055,0.50287
CVE-2020-14192,0.01055,0.50287
CVE-2020-14193,0.01055,0.50287
CVE-2020-14194,0.00885,0.26162
CVE-2020-14196,0.01108,0.53389
CVE-2020-14198,0.01136,0.57949
CVE-2020-14199,0.00885,0.26162
CVE-2020-1420,0.00908,0.28614
CVE-2020-14201,0.01055,0.50287
CVE-2020-14202,0.00885,0.26162
CVE-2020-14203,0.00885,0.26162
CVE-2020-14204,0.01055,0.50287
CVE-2020-14205,0.00885,0.26162
CVE-2020-14206,0.00885,0.26162
CVE-2020-14207,0.00885,0.26162
CVE-2020-14208,0.01055,0.50287
CVE-2020-14209,0.02199,0.80273
CVE-2020-1421,0.0507,0.89018
CVE-2020-14210,0.00885,0.26162
CVE-2020-14212,0.00954,0.34522
CVE-2020-14213,0.00885,0.26162
CVE-2020-14214,0.00885,0.26162
CVE-2020-14215,0.00885,0.26162
CVE-2020-1422,0.0115,0.5906
CVE-2020-14221,0.00885,0.26162
CVE-2020-14222,0.00885,0.26162
CVE-2020-14223,0.00885,0.26162
CVE-2020-14224,0.01055,0.50287
CVE-2020-14225,0.01055,0.50287
CVE-2020-1423,0.0115,0.5906
CVE-2020-14230,0.01055,0.50287
CVE-2020-14231,0.00885,0.26162
CVE-2020-14232,0.00885,0.26162
CVE-2020-14234,0.00885,0.26162
CVE-2020-1424,0.0115,0.5906
CVE-2020-14240,0.00885,0.26162
CVE-2020-14244,0.01055,0.50287
CVE-2020-14245,0.00885,0.26162
CVE-2020-14246,0.00885,0.26162
CVE-2020-14247,0.00885,0.26162
CVE-2020-14248,0.01055,0.50287
CVE-2020-1425,0.01789,0.76008
CVE-2020-14254,0.00885,0.26162
CVE-2020-14255,0.00885,0.26162
CVE-2020-14258,0.01055,0.50287
CVE-2020-1426,0.0115,0.5906
CVE-2020-14260,0.00885,0.26162
CVE-2020-14263,0.00885,0.26162
CVE-2020-14264,0.00885,0.26162
CVE-2020-14268,0.01055,0.50287
CVE-2020-1427,0.0115,0.5906
CVE-2020-14270,0.00885,0.26162
CVE-2020-14271,0.01055,0.50287
CVE-2020-14273,0.00885,0.26162
CVE-2020-14274,0.01055,0.50287
CVE-2020-14275,0.00885,0.26162
CVE-2020-1428,0.0115,0.5906
CVE-2020-1429,0.0115,0.5906
CVE-2020-14294,0.01018,0.38792
CVE-2020-14296,0.00885,0.26162
CVE-2020-14297,0.00885,0.26162
CVE-2020-14298,0.0095,0.30554
CVE-2020-14299,0.00885,0.26162
CVE-2020-1430,0.00908,0.28614
CVE-2020-14300,0.01365,0.70715
CVE-2020-14301,0.00885,0.26162
CVE-2020-14302,0.00885,0.26162
CVE-2020-14303,0.01537,0.73595
CVE-2020-14304,0.00885,0.26162
CVE-2020-14305,0.01213,0.6557
CVE-2020-14306,0.00885,0.26162
CVE-2020-14307,0.00885,0.26162
CVE-2020-14308,0.01282,0.67298
CVE-2020-14309,0.01034,0.39824
CVE-2020-1431,0.0115,0.5906
CVE-2020-14310,0.0095,0.30554
CVE-2020-14311,0.01104,0.52279
CVE-2020-14312,0.00885,0.26162
CVE-2020-14313,0.00885,0.26162
CVE-2020-14314,0.01282,0.67298
CVE-2020-14315,0.00954,0.34522
CVE-2020-14316,0.00885,0.26162
CVE-2020-14317,0.00885,0.26162
CVE-2020-14318,0.0089,0.2856
CVE-2020-14319,0.00885,0.26162
CVE-2020-1432,0.02632,0.81366
CVE-2020-14320,0.00885,0.26162
CVE-2020-14322,0.00885,0.26162
CVE-2020-14323,0.01282,0.67298
CVE-2020-14324,0.02055,0.7893
CVE-2020-14325,0.00885,0.26162
CVE-2020-14326,0.00885,0.26162
CVE-2020-14327,0.00885,0.26162
CVE-2020-14328,0.00885,0.26162
CVE-2020-14329,0.00885,0.26162
CVE-2020-1433,0.02632,0.81366
CVE-2020-14330,0.0089,0.2856
CVE-2020-14331,0.01034,0.39824
CVE-2020-14332,0.0089,0.2856
CVE-2020-14333,0.00885,0.26162
CVE-2020-14334,0.00885,0.26162
CVE-2020-14335,0.00885,0.26162
CVE-2020-14336,0.00885,0.26162
CVE-2020-14337,0.01055,0.50287
CVE-2020-14338,0.00885,0.26162
CVE-2020-14339,0.00885,0.26162
CVE-2020-1434,0.0115,0.5906
CVE-2020-14340,0.00954,0.34522
CVE-2020-14341,0.00885,0.26162
CVE-2020-14342,0.01034,0.39824
CVE-2020-14343,0.02509,0.81058
CVE-2020-14344,0.01791,0.76026
CVE-2020-14345,0.01034,0.39824
CVE-2020-14346,0.0095,0.30554
CVE-2020-14347,0.01282,0.67298
CVE-2020-14348,0.00885,0.26162
CVE-2020-14349,0.01282,0.67298
CVE-2020-1435,0.01875,0.76369
CVE-2020-14350,0.01282,0.67298
CVE-2020-14351,0.0089,0.2856
CVE-2020-14352,0.01034,0.39824
CVE-2020-14354,0.0095,0.30554
CVE-2020-14355,0.02993,0.82801
CVE-2020-14356,0.01282,0.67298
CVE-2020-14359,0.00885,0.26162
CVE-2020-1436,0.29731,0.97312
CVE-2020-14360,0.00885,0.26162
CVE-2020-14361,0.0095,0.30554
CVE-2020-14362,0.0095,0.30554
CVE-2020-14363,0.01505,0.72763
CVE-2020-14365,0.00885,0.26162
CVE-2020-14366,0.00885,0.26162
CVE-2020-14367,0.0095,0.30554
CVE-2020-14369,0.00885,0.26162
CVE-2020-1437,0.0115,0.5906
CVE-2020-14370,0.0095,0.30554
CVE-2020-14371,0.00885,0.26162
CVE-2020-14373,0.0089,0.2856
CVE-2020-14374,0.01034,0.39824
CVE-2020-14375,0.01104,0.52279
CVE-2020-14376,0.01104,0.52279
CVE-2020-14377,0.01104,0.52279
CVE-2020-14378,0.01104,0.52279
CVE-2020-14379,0.00885,0.26162
CVE-2020-1438,0.0115,0.5906
CVE-2020-14380,0.00885,0.26162
CVE-2020-14381,0.00885,0.26162
CVE-2020-14382,0.01018,0.38792
CVE-2020-14383,0.0089,0.2856
CVE-2020-14384,0.00885,0.26162
CVE-2020-14385,0.0095,0.30554
CVE-2020-14387,0.01055,0.50287
CVE-2020-14388,0.00885,0.26162
CVE-2020-14389,0.00885,0.26162
CVE-2020-1439,0.0455,0.88298
CVE-2020-14390,0.0095,0.30554
CVE-2020-14391,0.00885,0.26162
CVE-2020-14392,0.01034,0.39824
CVE-2020-14393,0.01034,0.39824
CVE-2020-14394,0.00885,0.26162
CVE-2020-14396,0.01018,0.38792
CVE-2020-14397,0.01537,0.73595
CVE-2020-14398,0.01108,0.53389
CVE-2020-14399,0.01537,0.73595
CVE-2020-1440,0.0115,0.5906
CVE-2020-14400,0.01537,0.73595
CVE-2020-14401,0.01537,0.73595
CVE-2020-14402,0.01282,0.67298
CVE-2020-14403,0.01034,0.39824
CVE-2020-14404,0.01034,0.39824
CVE-2020-14405,0.01034,0.39824
CVE-2020-14408,0.00885,0.26162
CVE-2020-14409,0.01018,0.38792
CVE-2020-14410,0.01018,0.38792
CVE-2020-14412,0.01156,0.60033
CVE-2020-14413,0.00885,0.26162
CVE-2020-14414,0.01156,0.60033
CVE-2020-14415,0.00885,0.26162
CVE-2020-14416,0.0095,0.30554
CVE-2020-14418,0.00885,0.26162
CVE-2020-1442,0.02632,0.81366
CVE-2020-14421,0.01061,0.51015
CVE-2020-14422,0.04358,0.87435
CVE-2020-14423,0.00954,0.34522
CVE-2020-14424,0.01055,0.50287
CVE-2020-14425,0.15317,0.9573
CVE-2020-14426,0.00885,0.26162
CVE-2020-14427,0.00885,0.26162
CVE-2020-14428,0.00885,0.26162
CVE-2020-14429,0.00885,0.26162
CVE-2020-1443,0.0115,0.5906
CVE-2020-14430,0.00885,0.26162
CVE-2020-14431,0.00885,0.26162
CVE-2020-14432,0.00885,0.26162
CVE-2020-14433,0.01005,0.35949
CVE-2020-14434,0.01005,0.35949
CVE-2020-14435,0.01005,0.35949
CVE-2020-14436,0.01005,0.35949
CVE-2020-14437,0.01005,0.35949
CVE-2020-14438,0.01005,0.35949
CVE-2020-14439,0.01005,0.35949
CVE-2020-1444,0.01875,0.76369
CVE-2020-14440,0.01005,0.35949
CVE-2020-14441,0.01005,0.35949
CVE-2020-14442,0.01005,0.35949
CVE-2020-14443,0.01055,0.50287
CVE-2020-14444,0.00885,0.26162
CVE-2020-14445,0.00885,0.26162
CVE-2020-14446,0.00885,0.26162
CVE-2020-14447,0.00885,0.26162
CVE-2020-14448,0.00885,0.26162
CVE-2020-14449,0.00885,0.26162
CVE-2020-1445,0.02632,0.81366
CVE-2020-14450,0.00885,0.26162
CVE-2020-14451,0.00885,0.26162
CVE-2020-14452,0.00885,0.26162
CVE-2020-14453,0.00885,0.26162
CVE-2020-14454,0.00885,0.26162
CVE-2020-14455,0.00885,0.26162
CVE-2020-14456,0.00885,0.26162
CVE-2020-14457,0.00885,0.26162
CVE-2020-14458,0.00885,0.26162
CVE-2020-14459,0.00885,0.26162
CVE-2020-1446,0.01875,0.76369
CVE-2020-14460,0.00885,0.26162
CVE-2020-14461,0.08382,0.93597
CVE-2020-14462,0.00885,0.26162
CVE-2020-1447,0.01875,0.76369
CVE-2020-14470,0.00885,0.26162
CVE-2020-14472,0.00885,0.26162
CVE-2020-14473,0.00885,0.26162
CVE-2020-14474,0.00954,0.34522
CVE-2020-14475,0.01055,0.50287
CVE-2020-14477,0.00885,0.26162
CVE-2020-14478,0.00885,0.26162
CVE-2020-14479,0.00885,0.26162
CVE-2020-1448,0.01875,0.76369
CVE-2020-14480,0.00885,0.26162
CVE-2020-14481,0.00885,0.26162
CVE-2020-14482,0.01103,0.51945
CVE-2020-14483,0.00885,0.26162
CVE-2020-14484,0.00885,0.26162
CVE-2020-14485,0.01086,0.51674
CVE-2020-14486,0.01086,0.51674
CVE-2020-14487,0.00885,0.26162
CVE-2020-14488,0.00885,0.26162
CVE-2020-14489,0.00885,0.26162
CVE-2020-1449,0.01789,0.76008
CVE-2020-14490,0.01086,0.51674
CVE-2020-14491,0.00885,0.26162
CVE-2020-14492,0.01086,0.51674
CVE-2020-14493,0.01086,0.51674
CVE-2020-14494,0.00885,0.26162
CVE-2020-14496,0.00885,0.26162
CVE-2020-14497,0.03806,0.84842
CVE-2020-14498,0.01086,0.51674
CVE-2020-14499,0.00885,0.26162
CVE-2020-1450,0.0115,0.5906
CVE-2020-14500,0.00885,0.26162
CVE-2020-14501,0.00885,0.26162
CVE-2020-14502,0.01055,0.50287
CVE-2020-14503,0.0144,0.7265
CVE-2020-14504,0.01055,0.50287
CVE-2020-14505,0.0144,0.7265
CVE-2020-14506,0.00885,0.26162
CVE-2020-14507,0.02509,0.81058
CVE-2020-14508,0.01086,0.51674
CVE-2020-14509,0.00885,0.26162
CVE-2020-1451,0.0115,0.5906
CVE-2020-14510,0.00885,0.26162
CVE-2020-14511,0.00885,0.26162
CVE-2020-14512,0.00885,0.26162
CVE-2020-14513,0.00885,0.26162
CVE-2020-14514,0.00885,0.26162
CVE-2020-14515,0.00885,0.26162
CVE-2020-14516,0.00885,0.26162
CVE-2020-14517,0.00885,0.26162
CVE-2020-14518,0.00885,0.26162
CVE-2020-14519,0.00885,0.26162
CVE-2020-1452,0.01875,0.76369
CVE-2020-14520,0.00885,0.26162
CVE-2020-14521,0.0144,0.7265
CVE-2020-14522,0.00885,0.26162
CVE-2020-14523,0.02509,0.81058
CVE-2020-14524,0.01086,0.51674
CVE-2020-14525,0.00885,0.26162
CVE-2020-14527,0.00885,0.26162
CVE-2020-14528,0.00885,0.26162
CVE-2020-14529,0.00885,0.26162
CVE-2020-1453,0.01875,0.76369
CVE-2020-14530,0.00885,0.26162
CVE-2020-14531,0.00885,0.26162
CVE-2020-14532,0.00885,0.26162
CVE-2020-14533,0.00885,0.26162
CVE-2020-14534,0.00885,0.26162
CVE-2020-14535,0.00885,0.26162
CVE-2020-14536,0.00885,0.26162
CVE-2020-14537,0.00885,0.26162
CVE-2020-14539,0.01034,0.39824
CVE-2020-1454,0.0115,0.5906
CVE-2020-14540,0.01034,0.39824
CVE-2020-14541,0.00885,0.26162
CVE-2020-14542,0.00885,0.26162
CVE-2020-14543,0.00885,0.26162
CVE-2020-14544,0.00885,0.26162
CVE-2020-14545,0.00885,0.26162
CVE-2020-14546,0.00885,0.26162
CVE-2020-14547,0.01034,0.39824
CVE-2020-14548,0.00885,0.26162
CVE-2020-14549,0.00885,0.26162
CVE-2020-1455,0.0115,0.5906
CVE-2020-14550,0.01034,0.39824
CVE-2020-14551,0.00885,0.26162
CVE-2020-14552,0.00885,0.26162
CVE-2020-14553,0.01034,0.39824
CVE-2020-14554,0.00885,0.26162
CVE-2020-14555,0.00885,0.26162
CVE-2020-14556,0.02686,0.82061
CVE-2020-14557,0.00885,0.26162
CVE-2020-14558,0.00885,0.26162
CVE-2020-14559,0.01034,0.39824
CVE-2020-1456,0.01184,0.60433
CVE-2020-14560,0.00885,0.26162
CVE-2020-14561,0.00885,0.26162
CVE-2020-14562,0.01537,0.73595
CVE-2020-14563,0.00885,0.26162
CVE-2020-14564,0.00885,0.26162
CVE-2020-14565,0.00885,0.26162
CVE-2020-14566,0.00885,0.26162
CVE-2020-14567,0.0089,0.2856
CVE-2020-14568,0.01034,0.39824
CVE-2020-14569,0.00885,0.26162
CVE-2020-1457,0.04844,0.88809
CVE-2020-14570,0.00885,0.26162
CVE-2020-14571,0.00885,0.26162
CVE-2020-14572,0.00885,0.26162
CVE-2020-14573,0.01537,0.73595
CVE-2020-14574,0.00885,0.26162
CVE-2020-14575,0.01034,0.39824
CVE-2020-14576,0.01034,0.39824
CVE-2020-14577,0.02686,0.82061
CVE-2020-14578,0.01537,0.73595
CVE-2020-14579,0.01537,0.73595
CVE-2020-1458,0.01789,0.76008
CVE-2020-14580,0.00885,0.26162
CVE-2020-14581,0.02686,0.82061
CVE-2020-14582,0.00885,0.26162
CVE-2020-14583,0.02686,0.82061
CVE-2020-14584,0.00885,0.26162
CVE-2020-14585,0.00885,0.26162
CVE-2020-14586,0.01034,0.39824
CVE-2020-14587,0.00885,0.26162
CVE-2020-14588,0.00885,0.26162
CVE-2020-14589,0.00885,0.26162
CVE-2020-1459,0.00908,0.28614
CVE-2020-14590,0.00885,0.26162
CVE-2020-14591,0.0095,0.30554
CVE-2020-14592,0.00885,0.26162
CVE-2020-14593,0.02686,0.82061
CVE-2020-14594,0.00885,0.26162
CVE-2020-14595,0.00885,0.26162
CVE-2020-14596,0.00885,0.26162
CVE-2020-14597,0.01034,0.39824
CVE-2020-14598,0.00885,0.26162
CVE-2020-14599,0.00885,0.26162
CVE-2020-1460,0.01967,0.77799
CVE-2020-14600,0.00885,0.26162
CVE-2020-14601,0.00885,0.26162
CVE-2020-14602,0.00885,0.26162
CVE-2020-14603,0.00885,0.26162
CVE-2020-14604,0.00885,0.26162
CVE-2020-14605,0.00885,0.26162
CVE-2020-14606,0.00885,0.26162
CVE-2020-14607,0.00885,0.26162
CVE-2020-14608,0.00885,0.26162
CVE-2020-14609,0.00885,0.26162
CVE-2020-1461,0.0115,0.5906
CVE-2020-14610,0.00885,0.26162
CVE-2020-14611,0.00885,0.26162
CVE-2020-14612,0.00885,0.26162
CVE-2020-14613,0.00885,0.26162
CVE-2020-14614,0.01034,0.39824
CVE-2020-14615,0.00885,0.26162
CVE-2020-14616,0.00885,0.26162
CVE-2020-14617,0.00885,0.26162
CVE-2020-14618,0.00885,0.26162
CVE-2020-14619,0.01034,0.39824
CVE-2020-1462,0.02632,0.81366
CVE-2020-14620,0.0095,0.30554
CVE-2020-14621,0.02686,0.82061
CVE-2020-14622,0.00885,0.26162
CVE-2020-14623,0.0095,0.30554
CVE-2020-14624,0.0095,0.30554
CVE-2020-14625,0.00885,0.26162
CVE-2020-14626,0.00885,0.26162
CVE-2020-14627,0.00885,0.26162
CVE-2020-14628,0.0095,0.30554
CVE-2020-14629,0.0095,0.30554
CVE-2020-1463,0.0115,0.5906
CVE-2020-14630,0.00885,0.26162
CVE-2020-14631,0.0095,0.30554
CVE-2020-14632,0.0095,0.30554
CVE-2020-14633,0.0095,0.30554
CVE-2020-14634,0.0095,0.30554
CVE-2020-14635,0.00885,0.26162
CVE-2020-14636,0.00885,0.26162
CVE-2020-14637,0.00885,0.26162
CVE-2020-14638,0.00885,0.26162
CVE-2020-14639,0.00885,0.26162
CVE-2020-1464,0.01743,0.75237
CVE-2020-14640,0.00885,0.26162
CVE-2020-14641,0.0095,0.30554
CVE-2020-14642,0.00885,0.26162
CVE-2020-14643,0.0095,0.30554
CVE-2020-14646,0.0095,0.30554
CVE-2020-14647,0.0095,0.30554
CVE-2020-14648,0.0095,0.30554
CVE-2020-14649,0.0095,0.30554
CVE-2020-1465,0.0115,0.5906
CVE-2020-14650,0.0095,0.30554
CVE-2020-14651,0.0095,0.30554
CVE-2020-14652,0.00885,0.26162
CVE-2020-14653,0.00885,0.26162
CVE-2020-14654,0.0095,0.30554
CVE-2020-14655,0.00885,0.26162
CVE-2020-14656,0.0095,0.30554
CVE-2020-14657,0.00885,0.26162
CVE-2020-14658,0.00885,0.26162
CVE-2020-14659,0.00885,0.26162
CVE-2020-1466,0.02632,0.81366
CVE-2020-14660,0.00885,0.26162
CVE-2020-14661,0.00885,0.26162
CVE-2020-14662,0.00885,0.26162
CVE-2020-14663,0.0095,0.30554
CVE-2020-14664,0.00954,0.34522
CVE-2020-14665,0.00885,0.26162
CVE-2020-14666,0.00885,0.26162
CVE-2020-14667,0.00885,0.26162
CVE-2020-14668,0.00885,0.26162
CVE-2020-14669,0.00885,0.26162
CVE-2020-1467,0.0115,0.5906
CVE-2020-14670,0.00885,0.26162
CVE-2020-14671,0.00885,0.26162
CVE-2020-14672,0.01034,0.39824
CVE-2020-14673,0.0095,0.30554
CVE-2020-14674,0.0095,0.30554
CVE-2020-14675,0.0095,0.30554
CVE-2020-14676,0.0095,0.30554
CVE-2020-14677,0.0095,0.30554
CVE-2020-14678,0.0095,0.30554
CVE-2020-14679,0.00885,0.26162
CVE-2020-1468,0.02632,0.81366
CVE-2020-14680,0.0095,0.30554
CVE-2020-14681,0.00885,0.26162
CVE-2020-14682,0.00885,0.26162
CVE-2020-14684,0.00885,0.26162
CVE-2020-14685,0.00885,0.26162
CVE-2020-14686,0.00885,0.26162
CVE-2020-14687,0.00885,0.26162
CVE-2020-14688,0.00885,0.26162
CVE-2020-1469,0.02632,0.81366
CVE-2020-14690,0.00885,0.26162
CVE-2020-14691,0.00885,0.26162
CVE-2020-14692,0.00885,0.26162
CVE-2020-14693,0.00885,0.26162
CVE-2020-14694,0.0095,0.30554
CVE-2020-14695,0.0095,0.30554
CVE-2020-14696,0.00885,0.26162
CVE-2020-14697,0.0095,0.30554
CVE-2020-14698,0.0095,0.30554
CVE-2020-14699,0.0095,0.30554
CVE-2020-1470,0.00908,0.28614
CVE-2020-14700,0.0095,0.30554
CVE-2020-14701,0.00885,0.26162
CVE-2020-14702,0.0095,0.30554
CVE-2020-14703,0.0095,0.30554
CVE-2020-14704,0.0095,0.30554
CVE-2020-14705,0.00885,0.26162
CVE-2020-14706,0.00885,0.26162
CVE-2020-14707,0.0095,0.30554
CVE-2020-14708,0.00885,0.26162
CVE-2020-14709,0.00885,0.26162
CVE-2020-1471,0.0115,0.5906
CVE-2020-14710,0.00885,0.26162
CVE-2020-14711,0.0095,0.30554
CVE-2020-14712,0.0095,0.30554
CVE-2020-14713,0.0095,0.30554
CVE-2020-14714,0.0095,0.30554
CVE-2020-14715,0.0095,0.30554
CVE-2020-14716,0.00885,0.26162
CVE-2020-14717,0.00885,0.26162
CVE-2020-14718,0.00885,0.26162
CVE-2020-14719,0.00885,0.26162
CVE-2020-14720,0.00885,0.26162
CVE-2020-14721,0.00885,0.26162
CVE-2020-14722,0.00885,0.26162
CVE-2020-14723,0.00885,0.26162
CVE-2020-14724,0.00885,0.26162
CVE-2020-14725,0.0089,0.2856
CVE-2020-14728,0.00885,0.26162
CVE-2020-14729,0.00885,0.26162
CVE-2020-1473,0.01789,0.76008
CVE-2020-14731,0.00885,0.26162
CVE-2020-14732,0.00885,0.26162
CVE-2020-14734,0.00885,0.26162
CVE-2020-14735,0.00885,0.26162
CVE-2020-14736,0.00885,0.26162
CVE-2020-1474,0.0115,0.5906
CVE-2020-14740,0.00885,0.26162
CVE-2020-14741,0.00885,0.26162
CVE-2020-14742,0.00885,0.26162
CVE-2020-14743,0.00885,0.26162
CVE-2020-14744,0.00885,0.26162
CVE-2020-14745,0.00885,0.26162
CVE-2020-14746,0.00885,0.26162
CVE-2020-1475,0.0115,0.5906
CVE-2020-14752,0.00885,0.26162
CVE-2020-14753,0.00885,0.26162
CVE-2020-14754,0.00885,0.26162
CVE-2020-14757,0.00885,0.26162
CVE-2020-14758,0.00885,0.26162
CVE-2020-14759,0.00885,0.26162
CVE-2020-1476,0.0115,0.5906
CVE-2020-14760,0.0089,0.2856
CVE-2020-14761,0.00885,0.26162
CVE-2020-14762,0.00885,0.26162
CVE-2020-14763,0.00885,0.26162
CVE-2020-14764,0.00885,0.26162
CVE-2020-14765,0.01282,0.67298
CVE-2020-14766,0.00885,0.26162
CVE-2020-14767,0.00885,0.26162
CVE-2020-14768,0.00885,0.26162
CVE-2020-14769,0.01034,0.39824
CVE-2020-1477,0.02649,0.81391
CVE-2020-14770,0.00885,0.26162
CVE-2020-14771,0.0089,0.2856
CVE-2020-14772,0.00885,0.26162
CVE-2020-14773,0.01034,0.39824
CVE-2020-14774,0.00885,0.26162
CVE-2020-14775,0.01034,0.39824
CVE-2020-14776,0.01282,0.67298
CVE-2020-14777,0.01034,0.39824
CVE-2020-14778,0.00885,0.26162
CVE-2020-14779,0.01537,0.73595
CVE-2020-1478,0.02649,0.81391
CVE-2020-14780,0.00885,0.26162
CVE-2020-14781,0.01108,0.53389
CVE-2020-14782,0.01108,0.53389
CVE-2020-14783,0.00885,0.26162
CVE-2020-14784,0.00885,0.26162
CVE-2020-14785,0.01034,0.39824
CVE-2020-14786,0.01034,0.39824
CVE-2020-14787,0.00885,0.26162
CVE-2020-14788,0.00885,0.26162
CVE-2020-14789,0.01282,0.67298
CVE-2020-1479,0.0115,0.5906
CVE-2020-14790,0.01034,0.39824
CVE-2020-14791,0.01034,0.39824
CVE-2020-14792,0.01108,0.53389
CVE-2020-14793,0.01034,0.39824
CVE-2020-14794,0.01034,0.39824
CVE-2020-14795,0.00885,0.26162
CVE-2020-14796,0.01108,0.53389
CVE-2020-14797,0.01108,0.53389
CVE-2020-14798,0.01108,0.53389
CVE-2020-14799,0.0089,0.2856
CVE-2020-1480,0.0115,0.5906
CVE-2020-14800,0.0089,0.2856
CVE-2020-14801,0.00885,0.26162
CVE-2020-14802,0.00885,0.26162
CVE-2020-14803,0.01108,0.53389
CVE-2020-14804,0.0089,0.2856
CVE-2020-14805,0.00885,0.26162
CVE-2020-14806,0.00885,0.26162
CVE-2020-14807,0.00885,0.26162
CVE-2020-14808,0.00885,0.26162
CVE-2020-14809,0.0089,0.2856
CVE-2020-14810,0.00885,0.26162
CVE-2020-14811,0.00885,0.26162
CVE-2020-14812,0.01034,0.39824
CVE-2020-14813,0.00885,0.26162
CVE-2020-14814,0.0089,0.2856
CVE-2020-14816,0.00885,0.26162
CVE-2020-14817,0.00885,0.26162
CVE-2020-14818,0.00885,0.26162
CVE-2020-14819,0.00885,0.26162
CVE-2020-1482,0.02632,0.81366
CVE-2020-14820,0.00885,0.26162
CVE-2020-14821,0.0089,0.2856
CVE-2020-14822,0.00885,0.26162
CVE-2020-14823,0.00885,0.26162
CVE-2020-14824,0.00885,0.26162
CVE-2020-14825,0.01018,0.38792
CVE-2020-14826,0.00885,0.26162
CVE-2020-14827,0.0089,0.2856
CVE-2020-14828,0.0089,0.2856
CVE-2020-14829,0.0089,0.2856
CVE-2020-1483,0.01875,0.76369
CVE-2020-14830,0.0089,0.2856
CVE-2020-14831,0.00885,0.26162
CVE-2020-14832,0.00885,0.26162
CVE-2020-14833,0.00885,0.26162
CVE-2020-14834,0.00885,0.26162
CVE-2020-14835,0.00885,0.26162
CVE-2020-14836,0.0089,0.2856
CVE-2020-14837,0.0089,0.2856
CVE-2020-14838,0.0089,0.2856
CVE-2020-14839,0.0089,0.2856
CVE-2020-1484,0.00908,0.28614
CVE-2020-14840,0.00885,0.26162
CVE-2020-14841,0.00954,0.34522
CVE-2020-14842,0.00885,0.26162
CVE-2020-14843,0.00885,0.26162
CVE-2020-14844,0.0089,0.2856
CVE-2020-14845,0.0089,0.2856
CVE-2020-14846,0.0089,0.2856
CVE-2020-14847,0.00885,0.26162
CVE-2020-14848,0.0089,0.2856
CVE-2020-14849,0.00885,0.26162
CVE-2020-1485,0.0115,0.5906
CVE-2020-14850,0.00885,0.26162
CVE-2020-14851,0.00885,0.26162
CVE-2020-14852,0.0089,0.2856
CVE-2020-14853,0.0089,0.2856
CVE-2020-14854,0.00885,0.26162
CVE-2020-14855,0.00885,0.26162
CVE-2020-14856,0.00885,0.26162
CVE-2020-14857,0.00885,0.26162
CVE-2020-14858,0.00885,0.26162
CVE-2020-14859,0.00885,0.26162
CVE-2020-1486,0.0115,0.5906
CVE-2020-14860,0.0089,0.2856
CVE-2020-14861,0.0089,0.2856
CVE-2020-14862,0.00885,0.26162
CVE-2020-14863,0.00885,0.26162
CVE-2020-14864,0.12108,0.9497
CVE-2020-14865,0.00885,0.26162
CVE-2020-14866,0.0089,0.2856
CVE-2020-14867,0.0089,0.2856
CVE-2020-14868,0.0089,0.2856
CVE-2020-14869,0.0089,0.2856
CVE-2020-1487,0.02632,0.81366
CVE-2020-14870,0.0089,0.2856
CVE-2020-14872,0.00885,0.26162
CVE-2020-14873,0.0089,0.2856
CVE-2020-14874,0.00885,0.26162
CVE-2020-14875,0.00885,0.26162
CVE-2020-14876,0.00885,0.26162
CVE-2020-14877,0.00885,0.26162
CVE-2020-14878,0.0089,0.2856
CVE-2020-14879,0.00885,0.26162
CVE-2020-1488,0.0115,0.5906
CVE-2020-14880,0.00885,0.26162
CVE-2020-14881,0.0089,0.2856
CVE-2020-14884,0.0089,0.2856
CVE-2020-14885,0.0089,0.2856
CVE-2020-14886,0.0089,0.2856
CVE-2020-14887,0.00885,0.26162
CVE-2020-14888,0.0089,0.2856
CVE-2020-14889,0.00885,0.26162
CVE-2020-1489,0.00908,0.28614
CVE-2020-14890,0.00885,0.26162
CVE-2020-14891,0.0089,0.2856
CVE-2020-14892,0.00885,0.26162
CVE-2020-14893,0.0089,0.2856
CVE-2020-14894,0.00885,0.26162
CVE-2020-14895,0.00885,0.26162
CVE-2020-14896,0.00885,0.26162
CVE-2020-14897,0.00885,0.26162
CVE-2020-14898,0.00885,0.26162
CVE-2020-14899,0.00885,0.26162
CVE-2020-1490,0.0115,0.5906
CVE-2020-14900,0.00885,0.26162
CVE-2020-14901,0.00885,0.26162
CVE-2020-1491,0.0115,0.5906
CVE-2020-1492,0.02649,0.81391
CVE-2020-14926,0.00885,0.26162
CVE-2020-14927,0.00885,0.26162
CVE-2020-14928,0.01537,0.73595
CVE-2020-14929,0.01018,0.38792
CVE-2020-14930,0.08382,0.93597
CVE-2020-14931,0.01086,0.51674
CVE-2020-14932,0.00885,0.26162
CVE-2020-14933,0.00885,0.26162
CVE-2020-14934,0.00885,0.26162
CVE-2020-14935,0.0144,0.7265
CVE-2020-14936,0.00885,0.26162
CVE-2020-14937,0.00885,0.26162
CVE-2020-14938,0.00885,0.26162
CVE-2020-14939,0.01005,0.36332
CVE-2020-1494,0.01875,0.76369
CVE-2020-14940,0.00885,0.26162
CVE-2020-14942,0.00885,0.26162
CVE-2020-14943,0.02192,0.80195
CVE-2020-14944,0.08382,0.93597
CVE-2020-14945,0.07308,0.9216
CVE-2020-14946,0.07308,0.9216
CVE-2020-1495,0.01875,0.76369
CVE-2020-14950,0.01055,0.50287
CVE-2020-14954,0.02686,0.82061
CVE-2020-14956,0.00885,0.26162
CVE-2020-14957,0.00885,0.26162
CVE-2020-14958,0.00885,0.26162
CVE-2020-14959,0.01055,0.50287
CVE-2020-1496,0.01875,0.76369
CVE-2020-14960,0.01564,0.74439
CVE-2020-14961,0.00885,0.26162
CVE-2020-14962,0.01055,0.50287
CVE-2020-14965,0.00885,0.26162
CVE-2020-14966,0.01108,0.53389
CVE-2020-14967,0.01108,0.53389
CVE-2020-14968,0.01108,0.53389
CVE-2020-14969,0.00885,0.26162
CVE-2020-1497,0.02632,0.81366
CVE-2020-14971,0.0095,0.30554
CVE-2020-14972,0.03235,0.83452
CVE-2020-14973,0.00885,0.26162
CVE-2020-14974,0.00885,0.26162
CVE-2020-14975,0.00885,0.26162
CVE-2020-14976,0.0095,0.30554
CVE-2020-14977,0.02509,0.81058
CVE-2020-14978,0.02509,0.81058
CVE-2020-14979,0.00885,0.26162
CVE-2020-1498,0.01875,0.76369
CVE-2020-14980,0.00885,0.26162
CVE-2020-14981,0.00885,0.26162
CVE-2020-14982,0.00885,0.26162
CVE-2020-14983,0.01018,0.38792
CVE-2020-14987,0.01156,0.60033
CVE-2020-14988,0.00885,0.26162
CVE-2020-14989,0.00885,0.26162
CVE-2020-1499,0.0115,0.5906
CVE-2020-14990,0.00885,0.26162
CVE-2020-14993,0.05634,0.89764
CVE-2020-14999,0.00885,0.26162
CVE-2020-1500,0.0115,0.5906
CVE-2020-15000,0.00885,0.26162
CVE-2020-15001,0.00885,0.26162
CVE-2020-15003,0.00885,0.26162
CVE-2020-15005,0.01183,0.60428
CVE-2020-15006,0.00885,0.26162
CVE-2020-15007,0.0144,0.7265
CVE-2020-15008,0.00885,0.26162
CVE-2020-15009,0.01559,0.742
CVE-2020-1501,0.0115,0.5906
CVE-2020-15011,0.01108,0.53389
CVE-2020-15012,0.00885,0.26162
CVE-2020-15014,0.00885,0.26162
CVE-2020-15015,0.00885,0.26162
CVE-2020-15016,0.00885,0.26162
CVE-2020-15017,0.00885,0.26162
CVE-2020-15018,0.00885,0.26162
CVE-2020-1502,0.02632,0.81366
CVE-2020-15020,0.00885,0.26162
CVE-2020-15023,0.00954,0.34522
CVE-2020-15024,0.00885,0.26162
CVE-2020-15025,0.01315,0.67456
CVE-2020-15026,0.00885,0.26162
CVE-2020-15027,0.00885,0.26162
CVE-2020-15028,0.00885,0.26162
CVE-2020-15029,0.00885,0.26162
CVE-2020-1503,0.02632,0.81366
CVE-2020-15030,0.00885,0.26162
CVE-2020-15031,0.00885,0.26162
CVE-2020-15032,0.00885,0.26162
CVE-2020-15033,0.00885,0.26162
CVE-2020-15034,0.00885,0.26162
CVE-2020-15035,0.00885,0.26162
CVE-2020-15036,0.00885,0.26162
CVE-2020-15037,0.00885,0.26162
CVE-2020-15038,0.02192,0.80195
CVE-2020-1504,0.01875,0.76369
CVE-2020-15041,0.00885,0.26162
CVE-2020-15043,0.00885,0.26162
CVE-2020-15046,0.08382,0.93597
CVE-2020-15047,0.00885,0.26162
CVE-2020-15049,0.01282,0.67298
CVE-2020-1505,0.0115,0.5906
CVE-2020-15050,0.08382,0.93597
CVE-2020-15051,0.00885,0.26162
CVE-2020-15052,0.00885,0.26162
CVE-2020-15053,0.00885,0.26162
CVE-2020-15054,0.00885,0.26162
CVE-2020-15055,0.00885,0.26162
CVE-2020-15056,0.00885,0.26162
CVE-2020-15057,0.00885,0.26162
CVE-2020-15058,0.00885,0.26162
CVE-2020-15059,0.00885,0.26162
CVE-2020-1506,0.02632,0.81366
CVE-2020-15060,0.00885,0.26162
CVE-2020-15061,0.00885,0.26162
CVE-2020-15062,0.00885,0.26162
CVE-2020-15063,0.00885,0.26162
CVE-2020-15064,0.00885,0.26162
CVE-2020-15065,0.00885,0.26162
CVE-2020-15069,0.01156,0.60033
CVE-2020-1507,0.02632,0.81366
CVE-2020-15070,0.00885,0.26162
CVE-2020-15071,0.00885,0.26162
CVE-2020-15072,0.0089,0.2856
CVE-2020-15073,0.0089,0.2856
CVE-2020-15074,0.00885,0.26162
CVE-2020-15075,0.00885,0.26162
CVE-2020-15076,0.00885,0.26162
CVE-2020-15077,0.01055,0.50287
CVE-2020-15078,0.01408,0.72072
CVE-2020-15079,0.00885,0.26162
CVE-2020-1508,0.01875,0.76369
CVE-2020-15080,0.00885,0.26162
CVE-2020-15081,0.00885,0.26162
CVE-2020-15082,0.00885,0.26162
CVE-2020-15083,0.00885,0.26162
CVE-2020-15084,0.00885,0.26162
CVE-2020-15085,0.0089,0.2856
CVE-2020-15086,0.05634,0.89764
CVE-2020-15087,0.00885,0.26162
CVE-2020-1509,0.0115,0.5906
CVE-2020-15091,0.0089,0.2856
CVE-2020-15092,0.00885,0.26162
CVE-2020-15093,0.01018,0.38792
CVE-2020-15094,0.05471,0.89498
CVE-2020-15096,0.00885,0.26162
CVE-2020-15097,0.00885,0.26162
CVE-2020-15098,0.04571,0.88388
CVE-2020-15099,0.01978,0.78447
CVE-2020-1510,0.02632,0.81366
CVE-2020-15100,0.00885,0.26162
CVE-2020-15101,0.00885,0.26162
CVE-2020-15102,0.00885,0.26162
CVE-2020-15103,0.01034,0.39824
CVE-2020-15104,0.00885,0.26162
CVE-2020-15105,0.0089,0.2856
CVE-2020-15106,0.00885,0.26162
CVE-2020-15107,0.01036,0.41241
CVE-2020-15108,0.0089,0.2856
CVE-2020-15109,0.00885,0.26162
CVE-2020-1511,0.0115,0.5906
CVE-2020-15110,0.00885,0.26162
CVE-2020-15111,0.00885,0.26162
CVE-2020-15112,0.00885,0.26162
CVE-2020-15113,0.00885,0.26162
CVE-2020-15114,0.00885,0.26162
CVE-2020-15115,0.00885,0.26162
CVE-2020-15117,0.0095,0.30554
CVE-2020-15118,0.0095,0.30554
CVE-2020-15119,0.00885,0.26162
CVE-2020-1512,0.02632,0.81366
CVE-2020-15120,0.00885,0.26162
CVE-2020-15121,0.01108,0.53389
CVE-2020-15124,0.01055,0.50287
CVE-2020-15125,0.0095,0.30554
CVE-2020-15126,0.0089,0.2856
CVE-2020-15127,0.00885,0.26162
CVE-2020-15128,0.0089,0.2856
CVE-2020-1513,0.00908,0.28614
CVE-2020-15130,0.00885,0.26162
CVE-2020-15131,0.00885,0.26162
CVE-2020-15132,0.00885,0.26162
CVE-2020-15133,0.00885,0.26162
CVE-2020-15134,0.00885,0.26162
CVE-2020-15135,0.0089,0.2856
CVE-2020-15136,0.00954,0.34522
CVE-2020-15137,0.00885,0.26162
CVE-2020-15139,0.00954,0.34522
CVE-2020-1514,0.0115,0.5906
CVE-2020-15140,0.00885,0.26162
CVE-2020-15141,0.0095,0.30554
CVE-2020-15142,0.02199,0.80273
CVE-2020-15143,0.01156,0.60033
CVE-2020-15145,0.01005,0.36332
CVE-2020-15146,0.01156,0.60033
CVE-2020-15147,0.04571,0.88388
CVE-2020-15149,0.0095,0.30554
CVE-2020-1515,0.00908,0.28614
CVE-2020-15150,0.05634,0.89764
CVE-2020-15151,0.00954,0.34522
CVE-2020-15152,0.00954,0.34522
CVE-2020-15153,0.00954,0.34522
CVE-2020-15154,0.0144,0.7265
CVE-2020-15155,0.02199,0.80273
CVE-2020-15157,0.01018,0.38792
CVE-2020-15158,0.02509,0.81058
CVE-2020-15159,0.03917,0.84989
CVE-2020-1516,0.00908,0.28614
CVE-2020-15160,0.01018,0.38792
CVE-2020-15161,0.00954,0.34522
CVE-2020-15162,0.0089,0.2856
CVE-2020-15163,0.0095,0.30554
CVE-2020-15164,0.00885,0.26162
CVE-2020-15165,0.00885,0.26162
CVE-2020-15166,0.01108,0.53389
CVE-2020-15167,0.00885,0.26162
CVE-2020-15168,0.00885,0.26162
CVE-2020-15169,0.01018,0.38792
CVE-2020-1517,0.00908,0.28614
CVE-2020-15170,0.00885,0.26162
CVE-2020-15171,0.01086,0.51674
CVE-2020-15172,0.01978,0.78447
CVE-2020-15173,0.00885,0.26162
CVE-2020-15174,0.00885,0.26162
CVE-2020-15176,0.00885,0.26162
CVE-2020-15177,0.00885,0.26162
CVE-2020-15178,0.00954,0.34522
CVE-2020-15179,0.00885,0.26162
CVE-2020-1518,0.00908,0.28614
CVE-2020-15180,0.01213,0.6557
CVE-2020-15181,0.00885,0.26162
CVE-2020-15182,0.04124,0.85361
CVE-2020-15183,0.03336,0.83586
CVE-2020-15184,0.00885,0.26162
CVE-2020-15185,0.00885,0.26162
CVE-2020-15186,0.00885,0.26162
CVE-2020-15187,0.0144,0.7265
CVE-2020-15188,0.05634,0.89764
CVE-2020-15189,0.04571,0.88388
CVE-2020-1519,0.00908,0.28614
CVE-2020-15190,0.01018,0.38792
CVE-2020-15191,0.01018,0.38792
CVE-2020-15192,0.0095,0.30554
CVE-2020-15193,0.0095,0.30554
CVE-2020-15194,0.01018,0.38792
CVE-2020-15195,0.0095,0.30554
CVE-2020-15196,0.0089,0.2856
CVE-2020-15197,0.0089,0.2856
CVE-2020-15198,0.00954,0.34522
CVE-2020-15199,0.00954,0.34522
CVE-2020-1520,0.01877,0.76393
CVE-2020-15200,0.00954,0.34522
CVE-2020-15201,0.00954,0.34522
CVE-2020-15202,0.01018,0.38792
CVE-2020-15203,0.01018,0.38792
CVE-2020-15204,0.01018,0.38792
CVE-2020-15205,0.01018,0.38792
CVE-2020-15206,0.01018,0.38792
CVE-2020-15207,0.02509,0.81058
CVE-2020-15208,0.01018,0.38792
CVE-2020-15209,0.01018,0.38792
CVE-2020-1521,0.00908,0.28614
CVE-2020-15210,0.01018,0.38792
CVE-2020-15211,0.01537,0.73595
CVE-2020-15212,0.00954,0.34522
CVE-2020-15213,0.00954,0.34522
CVE-2020-15214,0.00954,0.34522
CVE-2020-15215,0.00885,0.26162
CVE-2020-15216,0.01018,0.38792
CVE-2020-15217,0.00885,0.26162
CVE-2020-15218,0.00885,0.26162
CVE-2020-15219,0.00885,0.26162
CVE-2020-1522,0.00908,0.28614
CVE-2020-15220,0.00885,0.26162
CVE-2020-15221,0.00885,0.26162
CVE-2020-15222,0.00954,0.34522
CVE-2020-15223,0.00954,0.34522
CVE-2020-15224,0.0089,0.2856
CVE-2020-15225,0.01034,0.39824
CVE-2020-15226,0.00885,0.26162
CVE-2020-15228,0.0144,0.7265
CVE-2020-15229,0.01108,0.53389
CVE-2020-1523,0.0115,0.5906
CVE-2020-15230,0.0089,0.2856
CVE-2020-15231,0.00885,0.26162
CVE-2020-15232,0.00885,0.26162
CVE-2020-15233,0.00885,0.26162
CVE-2020-15234,0.00885,0.26162
CVE-2020-15235,0.00885,0.26162
CVE-2020-15236,0.00885,0.26162
CVE-2020-15237,0.00885,0.26162
CVE-2020-15238,0.03534,0.84129
CVE-2020-15239,0.0095,0.30554
CVE-2020-1524,0.00908,0.28614
CVE-2020-15240,0.00954,0.34522
CVE-2020-15241,0.00954,0.34522
CVE-2020-15242,0.00885,0.26162
CVE-2020-15243,0.00885,0.26162
CVE-2020-15244,0.00885,0.26162
CVE-2020-15245,0.00885,0.26162
CVE-2020-15246,0.00885,0.26162
CVE-2020-15247,0.00885,0.26162
CVE-2020-15248,0.00885,0.26162
CVE-2020-15249,0.00885,0.26162
CVE-2020-1525,0.02649,0.81391
CVE-2020-15250,0.05242,0.89216
CVE-2020-15251,0.01034,0.39824
CVE-2020-15252,0.02199,0.80273
CVE-2020-15253,0.07804,0.92959
CVE-2020-15254,0.01018,0.38792
CVE-2020-15255,0.02042,0.78565
CVE-2020-15258,0.02199,0.80273
CVE-2020-15259,0.01689,0.75137
CVE-2020-1526,0.00908,0.28614
CVE-2020-15260,0.01018,0.38792
CVE-2020-15261,0.01034,0.39824
CVE-2020-15262,0.00954,0.34522
CVE-2020-15263,0.00885,0.26162
CVE-2020-15264,0.01365,0.70715
CVE-2020-15265,0.00954,0.34522
CVE-2020-15266,0.00954,0.34522
CVE-2020-15269,0.00885,0.26162
CVE-2020-1527,0.00908,0.28614
CVE-2020-15270,0.0089,0.2856
CVE-2020-15271,0.01018,0.38792
CVE-2020-15272,0.0089,0.2856
CVE-2020-15273,0.0089,0.2856
CVE-2020-15274,0.0089,0.2856
CVE-2020-15275,0.0095,0.30554
CVE-2020-15276,0.0089,0.2856
CVE-2020-15277,0.04571,0.88388
CVE-2020-15278,0.0089,0.2856
CVE-2020-15279,0.00885,0.26162
CVE-2020-1528,0.01787,0.75957
CVE-2020-1529,0.0115,0.5906
CVE-2020-15292,0.00885,0.26162
CVE-2020-15293,0.00885,0.26162
CVE-2020-15294,0.01036,0.41241
CVE-2020-15297,0.00885,0.26162
CVE-2020-15299,0.01055,0.50287
CVE-2020-1530,0.00908,0.28614
CVE-2020-15300,0.00885,0.26162
CVE-2020-15301,0.00885,0.26162
CVE-2020-15302,0.00885,0.26162
CVE-2020-15303,0.00885,0.26162
CVE-2020-15304,0.01282,0.67298
CVE-2020-15305,0.01282,0.67298
CVE-2020-15306,0.01282,0.67298
CVE-2020-15307,0.00885,0.26162
CVE-2020-15308,0.00885,0.26162
CVE-2020-15309,0.00885,0.26162
CVE-2020-1531,0.01787,0.75957
CVE-2020-15312,0.00885,0.26162
CVE-2020-15313,0.00885,0.26162
CVE-2020-15314,0.00885,0.26162
CVE-2020-15315,0.00885,0.26162
CVE-2020-15316,0.00885,0.26162
CVE-2020-15317,0.00885,0.26162
CVE-2020-15318,0.00885,0.26162
CVE-2020-15319,0.00885,0.26162
CVE-2020-1532,0.00908,0.28614
CVE-2020-15320,0.00885,0.26162
CVE-2020-15321,0.00885,0.26162
CVE-2020-15322,0.00885,0.26162
CVE-2020-15323,0.00885,0.26162
CVE-2020-15324,0.00885,0.26162
CVE-2020-15325,0.00885,0.26162
CVE-2020-15326,0.00885,0.26162
CVE-2020-15327,0.00885,0.26162
CVE-2020-15328,0.00885,0.26162
CVE-2020-15329,0.00885,0.26162
CVE-2020-1533,0.0115,0.5906
CVE-2020-15330,0.00885,0.26162
CVE-2020-15331,0.00885,0.26162
CVE-2020-15332,0.00885,0.26162
CVE-2020-15333,0.00885,0.26162
CVE-2020-15334,0.00885,0.26162
CVE-2020-15335,0.00885,0.26162
CVE-2020-15336,0.00885,0.26162
CVE-2020-15337,0.00885,0.26162
CVE-2020-15338,0.00885,0.26162
CVE-2020-15339,0.00885,0.26162
CVE-2020-1534,0.01787,0.75957
CVE-2020-15340,0.00885,0.26162
CVE-2020-15341,0.00885,0.26162
CVE-2020-15342,0.00885,0.26162
CVE-2020-15343,0.00885,0.26162
CVE-2020-15344,0.00885,0.26162
CVE-2020-15345,0.00885,0.26162
CVE-2020-15346,0.00885,0.26162
CVE-2020-15347,0.00885,0.26162
CVE-2020-15348,0.00885,0.26162
CVE-2020-1535,0.00908,0.28614
CVE-2020-15350,0.00885,0.26162
CVE-2020-15351,0.00885,0.26162
CVE-2020-15352,0.01055,0.50287
CVE-2020-15357,0.01136,0.57949
CVE-2020-15358,0.01547,0.74085
CVE-2020-1536,0.00908,0.28614
CVE-2020-15360,0.00885,0.26162
CVE-2020-15362,0.01086,0.51674
CVE-2020-15363,0.00954,0.34522
CVE-2020-15364,0.00954,0.34522
CVE-2020-15365,0.00885,0.26162
CVE-2020-15366,0.02398,0.80734
CVE-2020-15367,0.00885,0.26162
CVE-2020-15369,0.00885,0.26162
CVE-2020-1537,0.0115,0.5906
CVE-2020-15370,0.01055,0.50287
CVE-2020-15371,0.00885,0.26162
CVE-2020-15372,0.00885,0.26162
CVE-2020-15373,0.01055,0.50287
CVE-2020-15374,0.00885,0.26162
CVE-2020-15375,0.00885,0.26162
CVE-2020-15376,0.00885,0.26162
CVE-2020-15377,0.00885,0.26162
CVE-2020-15378,0.00885,0.26162
CVE-2020-15379,0.01055,0.50287
CVE-2020-1538,0.00908,0.28614
CVE-2020-15380,0.00885,0.26162
CVE-2020-15381,0.00885,0.26162
CVE-2020-15382,0.00885,0.26162
CVE-2020-15383,0.00885,0.26162
CVE-2020-15384,0.00885,0.26162
CVE-2020-15385,0.00885,0.26162
CVE-2020-15386,0.00885,0.26162
CVE-2020-15387,0.00885,0.26162
CVE-2020-15388,0.00885,0.26162
CVE-2020-15389,0.01108,0.53389
CVE-2020-1539,0.00908,0.28614
CVE-2020-15390,0.00885,0.26162
CVE-2020-15391,0.01978,0.78447
CVE-2020-15393,0.01282,0.67298
CVE-2020-15394,0.05634,0.89764
CVE-2020-15395,0.00954,0.34522
CVE-2020-15396,0.01282,0.67298
CVE-2020-15397,0.01864,0.7628
CVE-2020-1540,0.00908,0.28614
CVE-2020-15400,0.00885,0.26162
CVE-2020-15401,0.00885,0.26162
CVE-2020-15408,0.00885,0.26162
CVE-2020-1541,0.00908,0.28614
CVE-2020-15411,0.00885,0.26162
CVE-2020-15412,0.00885,0.26162
CVE-2020-15415,0.01978,0.78447
CVE-2020-15416,0.01036,0.41241
CVE-2020-15417,0.01276,0.66501
CVE-2020-15418,0.01055,0.50287
CVE-2020-15419,0.01055,0.50287
CVE-2020-1542,0.00908,0.28614
CVE-2020-15420,0.01156,0.60033
CVE-2020-15421,0.01156,0.60033
CVE-2020-15422,0.01156,0.60033
CVE-2020-15423,0.01156,0.60033
CVE-2020-15424,0.01156,0.60033
CVE-2020-15425,0.01156,0.60033
CVE-2020-15426,0.01156,0.60033
CVE-2020-15427,0.01156,0.60033
CVE-2020-15428,0.01156,0.60033
CVE-2020-15429,0.01156,0.60033
CVE-2020-1543,0.00908,0.28614
CVE-2020-15430,0.01156,0.60033
CVE-2020-15431,0.01156,0.60033
CVE-2020-15432,0.01156,0.60033
CVE-2020-15433,0.01156,0.60033
CVE-2020-15434,0.01156,0.60033
CVE-2020-15435,0.01156,0.60033
CVE-2020-15436,0.00885,0.26162
CVE-2020-15437,0.00885,0.26162
CVE-2020-1544,0.00908,0.28614
CVE-2020-1545,0.00908,0.28614
CVE-2020-1546,0.00908,0.28614
CVE-2020-15466,0.01108,0.53389
CVE-2020-15467,0.01978,0.78447
CVE-2020-15468,0.01564,0.74439
CVE-2020-15469,0.0089,0.2856
CVE-2020-1547,0.00908,0.28614
CVE-2020-15470,0.00885,0.26162
CVE-2020-15471,0.00885,0.26162
CVE-2020-15472,0.00885,0.26162
CVE-2020-15473,0.00885,0.26162
CVE-2020-15474,0.00885,0.26162
CVE-2020-15475,0.00885,0.26162
CVE-2020-15476,0.01018,0.38792
CVE-2020-15477,0.01978,0.78447
CVE-2020-15478,0.08382,0.93597
CVE-2020-15479,0.01365,0.70715
CVE-2020-1548,0.00908,0.28614
CVE-2020-15480,0.01365,0.70715
CVE-2020-15481,0.01005,0.36332
CVE-2020-15482,0.00885,0.26162
CVE-2020-15483,0.00885,0.26162
CVE-2020-15484,0.00885,0.26162
CVE-2020-15485,0.00885,0.26162
CVE-2020-15486,0.00885,0.26162
CVE-2020-15487,0.01978,0.78447
CVE-2020-15488,0.00885,0.26162
CVE-2020-15489,0.01156,0.60033
CVE-2020-1549,0.00908,0.28614
CVE-2020-15490,0.01156,0.60033
CVE-2020-15495,0.00885,0.26162
CVE-2020-15496,0.00885,0.26162
CVE-2020-15497,0.01018,0.38792
CVE-2020-15498,0.00885,0.26162
CVE-2020-15499,0.00885,0.26162
CVE-2020-1550,0.00908,0.28614
CVE-2020-15500,0.00885,0.26162
CVE-2020-15501,0.00885,0.26162
CVE-2020-15502,0.01018,0.38792
CVE-2020-15503,0.01537,0.73595
CVE-2020-15504,0.00885,0.26162
CVE-2020-15506,0.01055,0.50287
CVE-2020-15507,0.01055,0.50287
CVE-2020-15509,0.00954,0.34522
CVE-2020-1551,0.00908,0.28614
CVE-2020-15511,0.00885,0.26162
CVE-2020-15513,0.00885,0.26162
CVE-2020-15514,0.00885,0.26162
CVE-2020-15515,0.01978,0.78447
CVE-2020-15516,0.00885,0.26162
CVE-2020-15517,0.00885,0.26162
CVE-2020-15518,0.00885,0.26162
CVE-2020-1552,0.02632,0.81366
CVE-2020-15521,0.00885,0.26162
CVE-2020-15522,0.01018,0.38792
CVE-2020-15523,0.00954,0.34522
CVE-2020-15525,0.00954,0.34522
CVE-2020-15526,0.00885,0.26162
CVE-2020-15528,0.00885,0.26162
CVE-2020-15529,0.00885,0.26162
CVE-2020-1553,0.0115,0.5906
CVE-2020-15530,0.00885,0.26162
CVE-2020-15531,0.05634,0.89764
CVE-2020-15532,0.00954,0.34522
CVE-2020-15533,0.0176,0.7531
CVE-2020-15535,0.00885,0.26162
CVE-2020-15536,0.00885,0.26162
CVE-2020-15537,0.00885,0.26162
CVE-2020-15538,0.00885,0.26162
CVE-2020-15539,0.00885,0.26162
CVE-2020-1554,0.02649,0.81391
CVE-2020-15540,0.00885,0.26162
CVE-2020-15541,0.01156,0.60033
CVE-2020-15542,0.00885,0.26162
CVE-2020-15543,0.00885,0.26162
CVE-2020-1555,0.01875,0.76369
CVE-2020-1556,0.0115,0.5906
CVE-2020-15562,0.01108,0.53389
CVE-2020-15563,0.01104,0.52279
CVE-2020-15564,0.01034,0.39824
CVE-2020-15565,0.01104,0.52279
CVE-2020-15566,0.01104,0.52279
CVE-2020-15567,0.01104,0.52279
CVE-2020-15569,0.00885,0.26162
CVE-2020-1557,0.01789,0.76008
CVE-2020-15570,0.01018,0.38792
CVE-2020-15572,0.00954,0.34522
CVE-2020-15573,0.00885,0.26162
CVE-2020-15574,0.00885,0.26162
CVE-2020-15575,0.00885,0.26162
CVE-2020-15576,0.00885,0.26162
CVE-2020-15577,0.00885,0.26162
CVE-2020-15578,0.00885,0.26162
CVE-2020-15579,0.00885,0.26162
CVE-2020-1558,0.01789,0.76008
CVE-2020-15580,0.00885,0.26162
CVE-2020-15581,0.00885,0.26162
CVE-2020-15582,0.00885,0.26162
CVE-2020-15583,0.00885,0.26162
CVE-2020-15584,0.00885,0.26162
CVE-2020-15586,0.02686,0.82061
CVE-2020-15588,0.01156,0.60033
CVE-2020-15589,0.01978,0.78447
CVE-2020-1559,0.0115,0.5906
CVE-2020-15590,0.01136,0.57949
CVE-2020-15591,0.05634,0.89764
CVE-2020-15592,0.00885,0.26162
CVE-2020-15593,0.01005,0.36332
CVE-2020-15594,0.00885,0.26162
CVE-2020-15595,0.00885,0.26162
CVE-2020-15596,0.00885,0.26162
CVE-2020-15597,0.00885,0.26162
CVE-2020-15598,0.01018,0.38792
CVE-2020-15599,0.02173,0.80027
CVE-2020-1560,0.01877,0.76393
CVE-2020-15600,0.08382,0.93597
CVE-2020-15601,0.00885,0.26162
CVE-2020-15602,0.01103,0.51945
CVE-2020-15603,0.00885,0.26162
CVE-2020-15604,0.01018,0.38792
CVE-2020-15605,0.00885,0.26162
CVE-2020-15606,0.01156,0.60033
CVE-2020-15607,0.01156,0.60033
CVE-2020-15608,0.01156,0.60033
CVE-2020-15609,0.01156,0.60033
CVE-2020-1561,0.01875,0.76369
CVE-2020-15610,0.01156,0.60033
CVE-2020-15611,0.01156,0.60033
CVE-2020-15612,0.01156,0.60033
CVE-2020-15613,0.01156,0.60033
CVE-2020-15614,0.01156,0.60033
CVE-2020-15615,0.01156,0.60033
CVE-2020-15616,0.01055,0.50287
CVE-2020-15617,0.01055,0.50287
CVE-2020-15618,0.01055,0.50287
CVE-2020-15619,0.01055,0.50287
CVE-2020-1562,0.01789,0.76008
CVE-2020-15620,0.01055,0.50287
CVE-2020-15621,0.01055,0.50287
CVE-2020-15622,0.01055,0.50287
CVE-2020-15623,0.01156,0.60033
CVE-2020-15624,0.01055,0.50287
CVE-2020-15625,0.01055,0.50287
CVE-2020-15626,0.01055,0.50287
CVE-2020-15627,0.01055,0.50287
CVE-2020-15628,0.01055,0.50287
CVE-2020-15629,0.01321,0.70521
CVE-2020-1563,0.01789,0.76008
CVE-2020-15630,0.01321,0.70521
CVE-2020-15631,0.01005,0.36332
CVE-2020-15632,0.01005,0.36332
CVE-2020-15633,0.01005,0.36332
CVE-2020-15634,0.01239,0.6639
CVE-2020-15635,0.01005,0.36332
CVE-2020-15636,0.01978,0.78447
CVE-2020-15637,0.01321,0.70521
CVE-2020-15638,0.01321,0.70521
CVE-2020-15639,0.01978,0.78447
CVE-2020-1564,0.01789,0.76008
CVE-2020-15640,0.01055,0.50287
CVE-2020-15641,0.01055,0.50287
CVE-2020-15642,0.01978,0.78447
CVE-2020-15643,0.04571,0.88388
CVE-2020-15644,0.04571,0.88388
CVE-2020-15645,0.04571,0.88388
CVE-2020-15646,0.00885,0.26162
CVE-2020-15647,0.00885,0.26162
CVE-2020-15648,0.00954,0.34522
CVE-2020-15649,0.00885,0.26162
CVE-2020-1565,0.00908,0.28614
CVE-2020-15650,0.00885,0.26162
CVE-2020-15651,0.00885,0.26162
CVE-2020-15652,0.01537,0.73595
CVE-2020-15653,0.01108,0.53389
CVE-2020-15654,0.01108,0.53389
CVE-2020-15655,0.01108,0.53389
CVE-2020-15656,0.01108,0.53389
CVE-2020-15657,0.01018,0.38792
CVE-2020-15658,0.01108,0.53389
CVE-2020-15659,0.01537,0.73595
CVE-2020-1566,0.0115,0.5906
CVE-2020-15660,0.01689,0.75137
CVE-2020-15661,0.00885,0.26162
CVE-2020-15662,0.00885,0.26162
CVE-2020-15663,0.02762,0.82156
CVE-2020-15664,0.01108,0.53389
CVE-2020-15665,0.00885,0.26162
CVE-2020-15666,0.00954,0.34522
CVE-2020-15667,0.0144,0.7265
CVE-2020-15668,0.00954,0.34522
CVE-2020-15669,0.00954,0.34522
CVE-2020-1567,0.01875,0.76369
CVE-2020-15670,0.01018,0.38792
CVE-2020-15671,0.00885,0.26162
CVE-2020-15673,0.01537,0.73595
CVE-2020-15674,0.00885,0.26162
CVE-2020-15675,0.00885,0.26162
CVE-2020-15676,0.01537,0.73595
CVE-2020-15677,0.01537,0.73595
CVE-2020-15678,0.01537,0.73595
CVE-2020-1568,0.01875,0.76369
CVE-2020-15680,0.00885,0.26162
CVE-2020-15681,0.00885,0.26162
CVE-2020-15682,0.00885,0.26162
CVE-2020-15683,0.01537,0.73595
CVE-2020-15684,0.00885,0.26162
CVE-2020-15687,0.00954,0.34522
CVE-2020-15688,0.01136,0.57949
CVE-2020-15689,0.00885,0.26162
CVE-2020-1569,0.01875,0.76369
CVE-2020-15690,0.01018,0.38792
CVE-2020-15692,0.01018,0.38792
CVE-2020-15693,0.01018,0.38792
CVE-2020-15694,0.01018,0.38792
CVE-2020-15695,0.00885,0.26162
CVE-2020-15696,0.00885,0.26162
CVE-2020-15697,0.00885,0.26162
CVE-2020-15698,0.00885,0.26162
CVE-2020-15699,0.00885,0.26162
CVE-2020-1570,0.01875,0.76369
CVE-2020-15700,0.00885,0.26162
CVE-2020-15701,0.0095,0.30554
CVE-2020-15702,0.01365,0.70715
CVE-2020-15703,0.00885,0.26162
CVE-2020-15704,0.00885,0.26162
CVE-2020-15705,0.02811,0.82331
CVE-2020-15706,0.02899,0.82451
CVE-2020-15707,0.02899,0.82451
CVE-2020-15708,0.01036,0.41241
CVE-2020-15709,0.00885,0.26162
CVE-2020-1571,0.0115,0.5906
CVE-2020-15710,0.00885,0.26162
CVE-2020-15711,0.00885,0.26162
CVE-2020-15712,0.01055,0.50287
CVE-2020-15713,0.01055,0.50287
CVE-2020-15714,0.01055,0.50287
CVE-2020-15715,0.07732,0.92756
CVE-2020-15716,0.01213,0.6557
CVE-2020-15717,0.01213,0.6557
CVE-2020-15718,0.01213,0.6557
CVE-2020-15719,0.01108,0.53389
CVE-2020-15720,0.00954,0.34522
CVE-2020-15721,0.00954,0.34522
CVE-2020-15722,0.01036,0.41241
CVE-2020-15723,0.01036,0.41241
CVE-2020-15724,0.01036,0.41241
CVE-2020-1573,0.0115,0.5906
CVE-2020-15731,0.00885,0.26162
CVE-2020-15732,0.00885,0.26162
CVE-2020-15733,0.00885,0.26162
CVE-2020-15734,0.00885,0.26162
CVE-2020-1574,0.01877,0.76393
CVE-2020-15744,0.00885,0.26162
CVE-2020-1575,0.0115,0.5906
CVE-2020-1576,0.01967,0.77799
CVE-2020-15767,0.00885,0.26162
CVE-2020-15768,0.01055,0.50287
CVE-2020-15769,0.00885,0.26162
CVE-2020-1577,0.02632,0.81366
CVE-2020-15770,0.00885,0.26162
CVE-2020-15771,0.01055,0.50287
CVE-2020-15772,0.01055,0.50287
CVE-2020-15773,0.00885,0.26162
CVE-2020-15774,0.00885,0.26162
CVE-2020-15775,0.00885,0.26162
CVE-2020-15776,0.02509,0.81058
CVE-2020-15777,0.01888,0.76438
CVE-2020-15779,0.01018,0.38792
CVE-2020-1578,0.0115,0.5906
CVE-2020-15780,0.01791,0.76026
CVE-2020-15781,0.00885,0.26162
CVE-2020-15782,0.01136,0.57949
CVE-2020-15783,0.00885,0.26162
CVE-2020-15784,0.00885,0.26162
CVE-2020-15785,0.00885,0.26162
CVE-2020-15786,0.01055,0.50287
CVE-2020-15787,0.01055,0.50287
CVE-2020-15788,0.00885,0.26162
CVE-2020-15789,0.00885,0.26162
CVE-2020-1579,0.00908,0.28614
CVE-2020-15790,0.00885,0.26162
CVE-2020-15791,0.00885,0.26162
CVE-2020-15792,0.00885,0.26162
CVE-2020-15793,0.00885,0.26162
CVE-2020-15794,0.00885,0.26162
CVE-2020-15795,0.0144,0.7265
CVE-2020-15796,0.01055,0.50287
CVE-2020-15797,0.00885,0.26162
CVE-2020-15798,0.01136,0.57949
CVE-2020-15799,0.00885,0.26162
CVE-2020-1580,0.0115,0.5906
CVE-2020-15800,0.00885,0.26162
CVE-2020-15801,0.00954,0.34522
CVE-2020-15803,0.01108,0.53389
CVE-2020-15806,0.00954,0.34522
CVE-2020-15807,0.00954,0.34522
CVE-2020-15809,0.00885,0.26162
CVE-2020-1581,0.02632,0.81366
CVE-2020-15810,0.01547,0.74085
CVE-2020-15811,0.01547,0.74085
CVE-2020-15813,0.00885,0.26162
CVE-2020-15816,0.01086,0.51674
CVE-2020-15817,0.00885,0.26162
CVE-2020-15818,0.00885,0.26162
CVE-2020-15819,0.00885,0.26162
CVE-2020-1582,0.01789,0.76008
CVE-2020-15820,0.00885,0.26162
CVE-2020-15821,0.00885,0.26162
CVE-2020-15822,0.00885,0.26162
CVE-2020-15823,0.00885,0.26162
CVE-2020-15824,0.01104,0.52279
CVE-2020-15825,0.00885,0.26162
CVE-2020-15826,0.00885,0.26162
CVE-2020-15827,0.00885,0.26162
CVE-2020-15828,0.00885,0.26162
CVE-2020-15829,0.00885,0.26162
CVE-2020-1583,0.02632,0.81366
CVE-2020-15830,0.00885,0.26162
CVE-2020-15831,0.00885,0.26162
CVE-2020-15832,0.00885,0.26162
CVE-2020-15833,0.00885,0.26162
CVE-2020-15834,0.00885,0.26162
CVE-2020-15835,0.00885,0.26162
CVE-2020-15836,0.00885,0.26162
CVE-2020-15838,0.00885,0.26162
CVE-2020-15839,0.01132,0.54372
CVE-2020-1584,0.0115,0.5906
CVE-2020-15840,0.00954,0.34522
CVE-2020-15841,0.01055,0.50287
CVE-2020-15842,0.02275,0.80593
CVE-2020-15843,0.00885,0.26162
CVE-2020-15849,0.02432,0.8082
CVE-2020-1585,0.01875,0.76369
CVE-2020-15850,0.00885,0.26162
CVE-2020-15851,0.01055,0.50287
CVE-2020-15852,0.0095,0.30554
CVE-2020-15858,0.00885,0.26162
CVE-2020-15859,0.0095,0.30554
CVE-2020-15860,0.04571,0.88388
CVE-2020-15861,0.01034,0.39824
CVE-2020-15862,0.01034,0.39824
CVE-2020-15863,0.01606,0.74722
CVE-2020-15864,0.00885,0.26162
CVE-2020-15865,0.01156,0.60033
CVE-2020-15866,0.00885,0.26162
CVE-2020-15867,0.11833,0.94952
CVE-2020-15868,0.00885,0.26162
CVE-2020-15869,0.00885,0.26162
CVE-2020-1587,0.00908,0.28614
CVE-2020-15870,0.00885,0.26162
CVE-2020-15871,0.01689,0.75137
CVE-2020-15877,0.01034,0.39824
CVE-2020-15879,0.00885,0.26162
CVE-2020-15881,0.01213,0.6557
CVE-2020-15882,0.00954,0.34522
CVE-2020-15883,0.01213,0.6557
CVE-2020-15884,0.0089,0.2856
CVE-2020-15885,0.01132,0.54372
CVE-2020-15886,0.0095,0.30554
CVE-2020-15887,0.0095,0.30554
CVE-2020-15888,0.01108,0.53389
CVE-2020-15889,0.00954,0.34522
CVE-2020-1589,0.0115,0.5906
CVE-2020-15890,0.00954,0.34522
CVE-2020-15892,0.00885,0.26162
CVE-2020-15893,0.02055,0.7893
CVE-2020-15894,0.00885,0.26162
CVE-2020-15895,0.00885,0.26162
CVE-2020-15896,0.00885,0.26162
CVE-2020-15897,0.01055,0.50287
CVE-2020-15898,0.00885,0.26162
CVE-2020-15899,0.00885,0.26162
CVE-2020-1590,0.0115,0.5906
CVE-2020-15900,0.01537,0.73595
CVE-2020-15901,0.01136,0.57949
CVE-2020-15902,0.00954,0.34522
CVE-2020-15903,0.00885,0.26162
CVE-2020-15904,0.00885,0.26162
CVE-2020-15907,0.00885,0.26162
CVE-2020-15908,0.00885,0.26162
CVE-2020-15909,0.00885,0.26162
CVE-2020-1591,0.0115,0.5906
CVE-2020-15910,0.00885,0.26162
CVE-2020-15912,0.01108,0.53389
CVE-2020-15914,0.01055,0.50287
CVE-2020-15917,0.01537,0.73595
CVE-2020-15918,0.00885,0.26162
CVE-2020-15919,0.00885,0.26162
CVE-2020-1592,0.0115,0.5906
CVE-2020-15921,0.0508,0.89022
CVE-2020-15922,0.05365,0.89438
CVE-2020-15923,0.00885,0.26162
CVE-2020-15924,0.00885,0.26162
CVE-2020-15925,0.01055,0.50287
CVE-2020-15926,0.04836,0.88802
CVE-2020-15927,0.0089,0.2856
CVE-2020-15928,0.08382,0.93597
CVE-2020-15929,0.03181,0.83177
CVE-2020-1593,0.01875,0.76369
CVE-2020-15930,0.08988,0.93729
CVE-2020-15932,0.00885,0.26162
CVE-2020-15933,0.00885,0.26162
CVE-2020-15935,0.01055,0.50287
CVE-2020-15936,0.00885,0.26162
CVE-2020-15937,0.01055,0.50287
CVE-2020-15938,0.00885,0.26162
CVE-2020-15939,0.00885,0.26162
CVE-2020-1594,0.01875,0.76369
CVE-2020-15940,0.01055,0.50287
CVE-2020-15941,0.00885,0.26162
CVE-2020-15942,0.01055,0.50287
CVE-2020-15943,0.0095,0.30554
CVE-2020-15944,0.0095,0.30554
CVE-2020-15945,0.00885,0.26162
CVE-2020-15947,0.01055,0.50287
CVE-2020-15948,0.00885,0.26162
CVE-2020-15949,0.00954,0.34522
CVE-2020-1595,0.01967,0.77799
CVE-2020-15950,0.00954,0.34522
CVE-2020-15951,0.00954,0.34522
CVE-2020-15952,0.0089,0.2856
CVE-2020-15953,0.01108,0.53389
CVE-2020-15954,0.00885,0.26162
CVE-2020-15955,0.00885,0.26162
CVE-2020-15957,0.00954,0.34522
CVE-2020-15958,0.01213,0.6557
CVE-2020-15959,0.01537,0.73595
CVE-2020-1596,0.02632,0.81366
CVE-2020-15960,0.01955,0.77585
CVE-2020-15961,0.01537,0.73595
CVE-2020-15962,0.01955,0.77585
CVE-2020-15963,0.01537,0.73595
CVE-2020-15964,0.01955,0.77585
CVE-2020-15965,0.01955,0.77585
CVE-2020-15966,0.01537,0.73595
CVE-2020-15967,0.01319,0.70416
CVE-2020-15968,0.01408,0.72072
CVE-2020-15969,0.03407,0.83908
CVE-2020-1597,0.03678,0.84271
CVE-2020-15970,0.01319,0.70416
CVE-2020-15971,0.01319,0.70416
CVE-2020-15972,0.01408,0.72072
CVE-2020-15973,0.01108,0.53389
CVE-2020-15974,0.01408,0.72072
CVE-2020-15975,0.01319,0.70416
CVE-2020-15976,0.01408,0.72072
CVE-2020-15977,0.01408,0.72072
CVE-2020-15978,0.01408,0.72072
CVE-2020-15979,0.01408,0.72072
CVE-2020-1598,0.0115,0.5906
CVE-2020-15980,0.01034,0.39824
CVE-2020-15981,0.01319,0.70416
CVE-2020-15982,0.01319,0.70416
CVE-2020-15983,0.01108,0.53389
CVE-2020-15984,0.01319,0.70416
CVE-2020-15985,0.01408,0.72072
CVE-2020-15986,0.01319,0.70416
CVE-2020-15987,0.01408,0.72072
CVE-2020-15988,0.05786,0.8994
CVE-2020-15989,0.01408,0.72072
CVE-2020-1599,0.0115,0.5906
CVE-2020-15990,0.01319,0.70416
CVE-2020-15991,0.01319,0.70416
CVE-2020-15992,0.01408,0.72072
CVE-2020-15993,0.01055,0.50287
CVE-2020-15994,0.01055,0.50287
CVE-2020-15995,0.01319,0.70416
CVE-2020-15996,0.01055,0.50287
CVE-2020-15997,0.01055,0.50287
CVE-2020-15998,0.01055,0.50287
CVE-2020-1600,0.00885,0.26162
CVE-2020-16000,0.01319,0.70416
CVE-2020-16001,0.01408,0.72072
CVE-2020-16002,0.01408,0.72072
CVE-2020-16003,0.01408,0.72072
CVE-2020-16004,0.01408,0.72072
CVE-2020-16005,0.01408,0.72072
CVE-2020-16006,0.01408,0.72072
CVE-2020-16007,0.0095,0.30554
CVE-2020-16008,0.01408,0.72072
CVE-2020-16009,0.22917,0.96487
CVE-2020-1601,0.00885,0.26162
CVE-2020-16010,0.01055,0.50287
CVE-2020-16011,0.01319,0.70416
CVE-2020-16013,0.01055,0.50287
CVE-2020-16014,0.01055,0.50287
CVE-2020-16015,0.01055,0.50287
CVE-2020-16016,0.01055,0.50287
CVE-2020-16017,0.01055,0.50287
CVE-2020-16018,0.01055,0.50287
CVE-2020-16019,0.01055,0.50287
CVE-2020-1602,0.01005,0.36332
CVE-2020-16020,0.01055,0.50287
CVE-2020-16021,0.01055,0.50287
CVE-2020-16022,0.01055,0.50287
CVE-2020-16023,0.01055,0.50287
CVE-2020-16024,0.01136,0.57949
CVE-2020-16025,0.01136,0.57949
CVE-2020-16026,0.01055,0.50287
CVE-2020-16027,0.00885,0.26162
CVE-2020-16028,0.01055,0.50287
CVE-2020-16029,0.01055,0.50287
CVE-2020-1603,0.00885,0.26162
CVE-2020-16030,0.01055,0.50287
CVE-2020-16031,0.01055,0.50287
CVE-2020-16032,0.01055,0.50287
CVE-2020-16033,0.01055,0.50287
CVE-2020-16034,0.00885,0.26162
CVE-2020-16035,0.01055,0.50287
CVE-2020-16036,0.01055,0.50287
CVE-2020-16037,0.01055,0.50287
CVE-2020-16038,0.01055,0.50287
CVE-2020-16039,0.01055,0.50287
CVE-2020-1604,0.00885,0.26162
CVE-2020-16040,0.3366,0.97574
CVE-2020-16041,0.01136,0.57949
CVE-2020-16042,0.01055,0.50287
CVE-2020-16043,0.01319,0.70416
CVE-2020-16044,0.01055,0.50287
CVE-2020-16045,0.01055,0.50287
CVE-2020-16046,0.01689,0.75137
CVE-2020-16048,0.01055,0.50287
CVE-2020-1605,0.00885,0.26162
CVE-2020-1606,0.00885,0.26162
CVE-2020-1607,0.01055,0.50287
CVE-2020-1608,0.00885,0.26162
CVE-2020-16087,0.00954,0.34522
CVE-2020-16088,0.01018,0.38792
CVE-2020-1609,0.00885,0.26162
CVE-2020-16092,0.01104,0.52279
CVE-2020-16093,0.00885,0.26162
CVE-2020-16094,0.01018,0.38792
CVE-2020-16095,0.00885,0.26162
CVE-2020-16096,0.00885,0.26162
CVE-2020-16097,0.00885,0.26162
CVE-2020-16098,0.00885,0.26162
CVE-2020-16099,0.00885,0.26162
CVE-2020-16100,0.00885,0.26162
CVE-2020-16101,0.00885,0.26162
CVE-2020-16102,0.01055,0.50287
CVE-2020-16103,0.01156,0.60033
CVE-2020-16104,0.01055,0.50287
CVE-2020-16116,0.01537,0.73595
CVE-2020-16117,0.01018,0.38792
CVE-2020-16118,0.01018,0.38792
CVE-2020-16119,0.01282,0.67298
CVE-2020-16120,0.01282,0.67298
CVE-2020-16121,0.00885,0.26162
CVE-2020-16122,0.00885,0.26162
CVE-2020-16123,0.00885,0.26162
CVE-2020-16124,0.00885,0.26162
CVE-2020-16125,0.00954,0.34522
CVE-2020-16128,0.00885,0.26162
CVE-2020-1613,0.00885,0.26162
CVE-2020-16131,0.00885,0.26162
CVE-2020-16134,0.00885,0.26162
CVE-2020-16135,0.01537,0.73595
CVE-2020-16136,0.00885,0.26162
CVE-2020-16137,0.2037,0.96278
CVE-2020-16138,0.2963,0.9731
CVE-2020-1614,0.00885,0.26162
CVE-2020-16140,0.00885,0.26162
CVE-2020-16142,0.00885,0.26162
CVE-2020-16143,0.00885,0.26162
CVE-2020-16144,0.00885,0.26162
CVE-2020-16145,0.01108,0.53389
CVE-2020-16146,0.00885,0.26162
CVE-2020-16147,0.00885,0.26162
CVE-2020-16148,0.00885,0.26162
CVE-2020-1615,0.00885,0.26162
CVE-2020-16150,0.0095,0.30554
CVE-2020-16154,0.00954,0.34522
CVE-2020-16155,0.00885,0.26162
CVE-2020-16156,0.01018,0.38792
CVE-2020-16157,0.0095,0.30554
CVE-2020-16158,0.0144,0.7265
CVE-2020-16159,0.00885,0.26162
CVE-2020-1616,0.01055,0.50287
CVE-2020-16160,0.00885,0.26162
CVE-2020-16161,0.00954,0.34522
CVE-2020-16162,0.01055,0.50287
CVE-2020-16163,0.01055,0.50287
CVE-2020-16164,0.01136,0.57949
CVE-2020-16165,0.00885,0.26162
CVE-2020-16166,0.03779,0.84781
CVE-2020-16167,0.01055,0.50287
CVE-2020-16168,0.01055,0.50287
CVE-2020-16169,0.01055,0.50287
CVE-2020-1617,0.00954,0.34522
CVE-2020-16170,0.01055,0.50287
CVE-2020-16171,0.08382,0.93597
CVE-2020-1618,0.00885,0.26162
CVE-2020-1619,0.00885,0.26162
CVE-2020-16192,0.00885,0.26162
CVE-2020-16193,0.00885,0.26162
CVE-2020-16194,0.00885,0.26162
CVE-2020-16197,0.0089,0.2856
CVE-2020-16198,0.00885,0.26162
CVE-2020-16199,0.01559,0.742
CVE-2020-1620,0.00885,0.26162
CVE-2020-16200,0.00885,0.26162
CVE-2020-16201,0.01108,0.53389
CVE-2020-16202,0.01036,0.41241
CVE-2020-16203,0.01005,0.36332
CVE-2020-16204,0.00954,0.34522
CVE-2020-16205,0.20713,0.96332
CVE-2020-16206,0.02199,0.80273
CVE-2020-16207,0.05786,0.8994
CVE-2020-16208,0.00954,0.34522
CVE-2020-16209,0.00885,0.26162
CVE-2020-1621,0.00885,0.26162
CVE-2020-16210,0.02199,0.80273
CVE-2020-16211,0.00885,0.26162
CVE-2020-16212,0.00885,0.26162
CVE-2020-16213,0.01611,0.74874
CVE-2020-16214,0.00885,0.26162
CVE-2020-16215,0.01611,0.74874
CVE-2020-16216,0.00885,0.26162
CVE-2020-16217,0.01611,0.74874
CVE-2020-16218,0.00885,0.26162
CVE-2020-16219,0.01559,0.742
CVE-2020-1622,0.00885,0.26162
CVE-2020-16220,0.00885,0.26162
CVE-2020-16221,0.01005,0.36332
CVE-2020-16222,0.00885,0.26162
CVE-2020-16223,0.01005,0.36332
CVE-2020-16224,0.00885,0.26162
CVE-2020-16225,0.01005,0.36332
CVE-2020-16226,0.00885,0.26162
CVE-2020-16227,0.01005,0.36332
CVE-2020-16228,0.00885,0.26162
CVE-2020-16229,0.01611,0.74874
CVE-2020-1623,0.00885,0.26162
CVE-2020-16230,0.00885,0.26162
CVE-2020-16231,0.01055,0.50287
CVE-2020-16232,0.00885,0.26162
CVE-2020-16233,0.00885,0.26162
CVE-2020-16234,0.01036,0.41241
CVE-2020-16235,0.00885,0.26162
CVE-2020-16236,0.01036,0.41241
CVE-2020-16237,0.00885,0.26162
CVE-2020-16238,0.00885,0.26162
CVE-2020-16239,0.00885,0.26162
CVE-2020-1624,0.00885,0.26162
CVE-2020-16240,0.00885,0.26162
CVE-2020-16241,0.00885,0.26162
CVE-2020-16242,0.00885,0.26162
CVE-2020-16243,0.01036,0.41241
CVE-2020-16244,0.00885,0.26162
CVE-2020-16245,0.03806,0.84842
CVE-2020-16246,0.00885,0.26162
CVE-2020-16247,0.00885,0.26162
CVE-2020-16248,0.01018,0.38792
CVE-2020-1625,0.00885,0.26162
CVE-2020-16250,0.00954,0.34522
CVE-2020-16251,0.00954,0.34522
CVE-2020-16252,0.00885,0.26162
CVE-2020-16253,0.00885,0.26162
CVE-2020-16254,0.00885,0.26162
CVE-2020-16255,0.00885,0.26162
CVE-2020-16256,0.00885,0.26162
CVE-2020-16257,0.02055,0.7893
CVE-2020-16258,0.00885,0.26162
CVE-2020-16259,0.00885,0.26162
CVE-2020-1626,0.00885,0.26162
CVE-2020-16260,0.00885,0.26162
CVE-2020-16261,0.00885,0.26162
CVE-2020-16262,0.00885,0.26162
CVE-2020-16263,0.00885,0.26162
CVE-2020-16266,0.01689,0.75137
CVE-2020-16267,0.0089,0.2856
CVE-2020-16268,0.01055,0.50287
CVE-2020-16269,0.00954,0.34522
CVE-2020-1627,0.00885,0.26162
CVE-2020-16271,0.01055,0.50287
CVE-2020-16272,0.01055,0.50287
CVE-2020-16273,0.00885,0.26162
CVE-2020-16275,0.00885,0.26162
CVE-2020-16276,0.01055,0.50287
CVE-2020-16277,0.01055,0.50287
CVE-2020-16278,0.00885,0.26162
CVE-2020-16279,0.01156,0.60033
CVE-2020-1628,0.00885,0.26162
CVE-2020-16280,0.00885,0.26162
CVE-2020-16281,0.01036,0.41241
CVE-2020-16282,0.00885,0.26162
CVE-2020-16287,0.01319,0.70416
CVE-2020-16288,0.01319,0.70416
CVE-2020-16289,0.01319,0.70416
CVE-2020-1629,0.00885,0.26162
CVE-2020-16290,0.01319,0.70416
CVE-2020-16291,0.01319,0.70416
CVE-2020-16292,0.01319,0.70416
CVE-2020-16293,0.01319,0.70416
CVE-2020-16294,0.01319,0.70416
CVE-2020-16295,0.01319,0.70416
CVE-2020-16296,0.01319,0.70416
CVE-2020-16297,0.01319,0.70416
CVE-2020-16298,0.01319,0.70416
CVE-2020-16299,0.01319,0.70416
CVE-2020-1630,0.00885,0.26162
CVE-2020-16300,0.01319,0.70416
CVE-2020-16301,0.01319,0.70416
CVE-2020-16302,0.01319,0.70416
CVE-2020-16303,0.01319,0.70416
CVE-2020-16304,0.01319,0.70416
CVE-2020-16305,0.01319,0.70416
CVE-2020-16306,0.01319,0.70416
CVE-2020-16307,0.01319,0.70416
CVE-2020-16308,0.01319,0.70416
CVE-2020-16309,0.01319,0.70416
CVE-2020-1631,0.02055,0.7893
CVE-2020-16310,0.01319,0.70416
CVE-2020-1632,0.00885,0.26162
CVE-2020-1633,0.00885,0.26162
CVE-2020-1634,0.00885,0.26162
CVE-2020-1637,0.00885,0.26162
CVE-2020-1638,0.00885,0.26162
CVE-2020-1639,0.00885,0.26162
CVE-2020-1640,0.00885,0.26162
CVE-2020-1641,0.00885,0.26162
CVE-2020-1643,0.01036,0.41241
CVE-2020-1644,0.00885,0.26162
CVE-2020-1645,0.00885,0.26162
CVE-2020-1646,0.00885,0.26162
CVE-2020-1647,0.01156,0.60033
CVE-2020-1648,0.00885,0.26162
CVE-2020-1649,0.00885,0.26162
CVE-2020-1650,0.00885,0.26162
CVE-2020-1651,0.00885,0.26162
CVE-2020-1652,0.00885,0.26162
CVE-2020-1653,0.00885,0.26162
CVE-2020-1654,0.01156,0.60033
CVE-2020-1655,0.00885,0.26162
CVE-2020-1656,0.03693,0.843
CVE-2020-1657,0.00885,0.26162
CVE-2020-16587,0.00954,0.34522
CVE-2020-16588,0.00885,0.26162
CVE-2020-16589,0.00885,0.26162
CVE-2020-16590,0.00954,0.34522
CVE-2020-16591,0.00954,0.34522
CVE-2020-16592,0.01018,0.38792
CVE-2020-16593,0.00954,0.34522
CVE-2020-16599,0.00954,0.34522
CVE-2020-1660,0.00885,0.26162
CVE-2020-16600,0.00885,0.26162
CVE-2020-16602,0.08382,0.93597
CVE-2020-16608,0.01689,0.75137
CVE-2020-1661,0.00885,0.26162
CVE-2020-16610,0.00885,0.26162
CVE-2020-1662,0.00885,0.26162
CVE-2020-16629,0.00885,0.26162
CVE-2020-16630,0.00885,0.26162
CVE-2020-16632,0.00885,0.26162
CVE-2020-1664,0.01036,0.41241
CVE-2020-1665,0.00885,0.26162
CVE-2020-1666,0.00885,0.26162
CVE-2020-1667,0.00885,0.26162
CVE-2020-1668,0.00885,0.26162
CVE-2020-1669,0.00885,0.26162
CVE-2020-1670,0.00885,0.26162
CVE-2020-1671,0.00885,0.26162
CVE-2020-1672,0.00885,0.26162
CVE-2020-1673,0.00885,0.26162
CVE-2020-1675,0.00885,0.26162
CVE-2020-1676,0.01055,0.50287
CVE-2020-1677,0.01055,0.50287
CVE-2020-1678,0.00885,0.26162
CVE-2020-1679,0.00885,0.26162
CVE-2020-1680,0.00885,0.26162
CVE-2020-1681,0.00885,0.26162
CVE-2020-1682,0.01036,0.41241
CVE-2020-1683,0.00885,0.26162
CVE-2020-16839,0.00954,0.34522
CVE-2020-1684,0.00885,0.26162
CVE-2020-16843,0.00954,0.34522
CVE-2020-16844,0.00885,0.26162
CVE-2020-16845,0.02686,0.82061
CVE-2020-16847,0.00885,0.26162
CVE-2020-16849,0.00885,0.26162
CVE-2020-1685,0.00885,0.26162
CVE-2020-16850,0.00885,0.26162
CVE-2020-16851,0.0115,0.5906
CVE-2020-16852,0.0115,0.5906
CVE-2020-16853,0.0115,0.5906
CVE-2020-16854,0.0115,0.5906
CVE-2020-16855,0.02632,0.81366
CVE-2020-16856,0.01789,0.76008
CVE-2020-16857,0.01967,0.77799
CVE-2020-16858,0.0115,0.5906
CVE-2020-16859,0.0115,0.5906
CVE-2020-1686,0.00885,0.26162
CVE-2020-16860,0.01967,0.77799
CVE-2020-16861,0.0115,0.5906
CVE-2020-16862,0.01967,0.77799
CVE-2020-16863,0.02632,0.81366
CVE-2020-16864,0.0115,0.5906
CVE-2020-1687,0.00885,0.26162
CVE-2020-16871,0.0115,0.5906
CVE-2020-16872,0.0115,0.5906
CVE-2020-16873,0.02632,0.81366
CVE-2020-16874,0.01789,0.76008
CVE-2020-16876,0.0115,0.5906
CVE-2020-16877,0.0115,0.5906
CVE-2020-16878,0.0115,0.5906
CVE-2020-16879,0.0115,0.5906
CVE-2020-1688,0.0095,0.30554
CVE-2020-16881,0.01789,0.76008
CVE-2020-16884,0.01875,0.76369
CVE-2020-16885,0.0115,0.5906
CVE-2020-16886,0.0115,0.5906
CVE-2020-16887,0.0115,0.5906
CVE-2020-16889,0.0115,0.5906
CVE-2020-1689,0.00885,0.26162
CVE-2020-16890,0.0115,0.5906
CVE-2020-16891,0.01877,0.76393
CVE-2020-16892,0.00908,0.28614
CVE-2020-16894,0.01967,0.77799
CVE-2020-16895,0.0115,0.5906
CVE-2020-16896,0.02632,0.81366
CVE-2020-16897,0.0115,0.5906
CVE-2020-1690,0.00885,0.26162
CVE-2020-16900,0.00908,0.28614
CVE-2020-16901,0.0115,0.5906
CVE-2020-16902,0.0115,0.5906
CVE-2020-16904,0.02632,0.81366
CVE-2020-16905,0.0115,0.5906
CVE-2020-16907,0.0115,0.5906
CVE-2020-16908,0.0115,0.5906
CVE-2020-16909,0.0115,0.5906
CVE-2020-1691,0.00885,0.26162
CVE-2020-16910,0.02632,0.81366
CVE-2020-16911,0.01875,0.76369
CVE-2020-16912,0.00908,0.28614
CVE-2020-16913,0.0115,0.5906
CVE-2020-16914,0.0115,0.5906
CVE-2020-16915,0.03102,0.83067
CVE-2020-16916,0.0115,0.5906
CVE-2020-16918,0.01789,0.76008
CVE-2020-16919,0.0115,0.5906
CVE-2020-1692,0.00885,0.26162
CVE-2020-16920,0.0115,0.5906
CVE-2020-16921,0.0115,0.5906
CVE-2020-16922,0.0115,0.5906
CVE-2020-16923,0.01789,0.76008
CVE-2020-16924,0.01789,0.76008
CVE-2020-16927,0.02632,0.81366
CVE-2020-16928,0.02632,0.81366
CVE-2020-16929,0.04844,0.88809
CVE-2020-1693,0.03693,0.843
CVE-2020-16930,0.14958,0.95685
CVE-2020-16931,0.04844,0.88809
CVE-2020-16932,0.04844,0.88809
CVE-2020-16933,0.02632,0.81366
CVE-2020-16934,0.02632,0.81366
CVE-2020-16935,0.0115,0.5906
CVE-2020-16936,0.00908,0.28614
CVE-2020-16937,0.02632,0.81366
CVE-2020-1694,0.00885,0.26162
CVE-2020-16940,0.01178,0.60108
CVE-2020-16941,0.0115,0.5906
CVE-2020-16942,0.0115,0.5906
CVE-2020-16943,0.02632,0.81366
CVE-2020-16944,0.0115,0.5906
CVE-2020-16945,0.0115,0.5906
CVE-2020-16946,0.0115,0.5906
CVE-2020-16948,0.0115,0.5906
CVE-2020-16949,0.02632,0.81366
CVE-2020-1695,0.00954,0.34522
CVE-2020-16950,0.02632,0.81366
CVE-2020-16951,0.01789,0.76008
CVE-2020-16953,0.0115,0.5906
CVE-2020-16954,0.01789,0.76008
CVE-2020-16955,0.02632,0.81366
CVE-2020-16956,0.0115,0.5906
CVE-2020-16957,0.01789,0.76008
CVE-2020-16958,0.0115,0.5906
CVE-2020-16959,0.0115,0.5906
CVE-2020-1696,0.00885,0.26162
CVE-2020-16960,0.0115,0.5906
CVE-2020-16961,0.0115,0.5906
CVE-2020-16962,0.0115,0.5906
CVE-2020-16963,0.0115,0.5906
CVE-2020-16964,0.0115,0.5906
CVE-2020-16967,0.01789,0.76008
CVE-2020-16968,0.04844,0.88809
CVE-2020-16969,0.02632,0.81366
CVE-2020-1697,0.00885,0.26162
CVE-2020-16970,0.00902,0.28567
CVE-2020-16971,0.02632,0.81366
CVE-2020-16972,0.00908,0.28614
CVE-2020-16973,0.00908,0.28614
CVE-2020-16974,0.00908,0.28614
CVE-2020-16975,0.00908,0.28614
CVE-2020-16976,0.00908,0.28614
CVE-2020-16977,0.01789,0.76008
CVE-2020-16978,0.0115,0.5906
CVE-2020-16979,0.0115,0.5906
CVE-2020-1698,0.00885,0.26162
CVE-2020-16980,0.0115,0.5906
CVE-2020-16981,0.0115,0.5906
CVE-2020-16982,0.01226,0.6584
CVE-2020-16983,0.0115,0.5906
CVE-2020-16984,0.00902,0.28567
CVE-2020-16985,0.01178,0.60108
CVE-2020-16986,0.01178,0.60108
CVE-2020-16987,0.00902,0.28567
CVE-2020-16988,0.0115,0.5906
CVE-2020-16989,0.0115,0.5906
CVE-2020-1699,0.00885,0.26162
CVE-2020-16990,0.01178,0.60108
CVE-2020-16991,0.00902,0.28567
CVE-2020-16992,0.01178,0.60108
CVE-2020-16993,0.03083,0.82987
CVE-2020-16994,0.00902,0.28567
CVE-2020-16995,0.0115,0.5906
CVE-2020-16996,0.0115,0.5906
CVE-2020-16997,0.0115,0.5906
CVE-2020-16998,0.0115,0.5906
CVE-2020-16999,0.0115,0.5906
CVE-2020-1700,0.0089,0.2856
CVE-2020-17000,0.0115,0.5906
CVE-2020-17001,0.0115,0.5906
CVE-2020-17002,0.02632,0.81366
CVE-2020-17003,0.01789,0.76008
CVE-2020-17004,0.0115,0.5906
CVE-2020-17005,0.0115,0.5906
CVE-2020-17006,0.0115,0.5906
CVE-2020-17007,0.0115,0.5906
CVE-2020-1701,0.00885,0.26162
CVE-2020-17010,0.01178,0.60108
CVE-2020-17011,0.0115,0.5906
CVE-2020-17012,0.0115,0.5906
CVE-2020-17013,0.0115,0.5906
CVE-2020-17014,0.0115,0.5906
CVE-2020-17015,0.02632,0.81366
CVE-2020-17016,0.02632,0.81366
CVE-2020-17017,0.0115,0.5906
CVE-2020-17018,0.0115,0.5906
CVE-2020-17019,0.01789,0.76008
CVE-2020-1702,0.00885,0.26162
CVE-2020-17020,0.0115,0.5906
CVE-2020-17021,0.0115,0.5906
CVE-2020-17022,0.01789,0.76008
CVE-2020-17023,0.01789,0.76008
CVE-2020-17024,0.0115,0.5906
CVE-2020-17025,0.0115,0.5906
CVE-2020-17026,0.0115,0.5906
CVE-2020-17027,0.0115,0.5906
CVE-2020-17028,0.0115,0.5906
CVE-2020-17029,0.0115,0.5906
CVE-2020-17030,0.0115,0.5906
CVE-2020-17031,0.0115,0.5906
CVE-2020-17032,0.0115,0.5906
CVE-2020-17033,0.0115,0.5906
CVE-2020-17034,0.0115,0.5906
CVE-2020-17035,0.0115,0.5906
CVE-2020-17036,0.0115,0.5906
CVE-2020-17037,0.0115,0.5906
CVE-2020-17038,0.0115,0.5906
CVE-2020-1704,0.00885,0.26162
CVE-2020-17040,0.02632,0.81366
CVE-2020-17041,0.0115,0.5906
CVE-2020-17042,0.01875,0.76369
CVE-2020-17043,0.02632,0.81366
CVE-2020-17044,0.02632,0.81366
CVE-2020-17045,0.0115,0.5906
CVE-2020-17046,0.0115,0.5906
CVE-2020-17047,0.02632,0.81366
CVE-2020-17048,0.02649,0.81391
CVE-2020-17049,0.01178,0.60108
CVE-2020-1705,0.00885,0.26162
CVE-2020-17051,0.01875,0.76369
CVE-2020-17052,0.02649,0.81391
CVE-2020-17053,0.02649,0.81391
CVE-2020-17054,0.02649,0.81391
CVE-2020-17055,0.02632,0.81366
CVE-2020-17056,0.0115,0.5906
CVE-2020-17058,0.02649,0.81391
CVE-2020-1706,0.00885,0.26162
CVE-2020-17060,0.02632,0.81366
CVE-2020-17061,0.01967,0.77799
CVE-2020-17062,0.01789,0.76008
CVE-2020-17063,0.02632,0.81366
CVE-2020-17064,0.01789,0.76008
CVE-2020-17065,0.01789,0.76008
CVE-2020-17066,0.01789,0.76008
CVE-2020-17067,0.02632,0.81366
CVE-2020-17068,0.01877,0.76393
CVE-2020-17069,0.0115,0.5906
CVE-2020-1707,0.00885,0.26162
CVE-2020-17070,0.0115,0.5906
CVE-2020-17071,0.0115,0.5906
CVE-2020-17073,0.0115,0.5906
CVE-2020-17074,0.0115,0.5906
CVE-2020-17075,0.0115,0.5906
CVE-2020-17076,0.0115,0.5906
CVE-2020-17077,0.0115,0.5906
CVE-2020-17078,0.01875,0.76369
CVE-2020-17079,0.01875,0.76369
CVE-2020-1708,0.0095,0.30554
CVE-2020-17081,0.02632,0.81366
CVE-2020-17082,0.01875,0.76369
CVE-2020-17084,0.01967,0.77799
CVE-2020-17085,0.0115,0.5906
CVE-2020-17086,0.01875,0.76369
CVE-2020-17088,0.0115,0.5906
CVE-2020-17089,0.0115,0.5906
CVE-2020-1709,0.00885,0.26162
CVE-2020-17090,0.02632,0.81366
CVE-2020-17091,0.01789,0.76008
CVE-2020-17092,0.0115,0.5906
CVE-2020-17094,0.0115,0.5906
CVE-2020-17095,0.01967,0.77799
CVE-2020-17096,0.01967,0.77799
CVE-2020-17097,0.0115,0.5906
CVE-2020-17098,0.0115,0.5906
CVE-2020-17099,0.02632,0.81366
CVE-2020-1710,0.00885,0.26162
CVE-2020-17100,0.0115,0.5906
CVE-2020-17101,0.01877,0.76393
CVE-2020-17102,0.0115,0.5906
CVE-2020-17103,0.0115,0.5906
CVE-2020-17104,0.01789,0.76008
CVE-2020-17105,0.01875,0.76369
CVE-2020-17106,0.01789,0.76008
CVE-2020-17107,0.01789,0.76008
CVE-2020-17108,0.01789,0.76008
CVE-2020-17109,0.01789,0.76008
CVE-2020-1711,0.05394,0.89451
CVE-2020-17110,0.01789,0.76008
CVE-2020-17113,0.01178,0.60108
CVE-2020-17115,0.0115,0.5906
CVE-2020-17117,0.01967,0.77799
CVE-2020-17118,0.01875,0.76369
CVE-2020-17119,0.02632,0.81366
CVE-2020-1712,0.01505,0.72763
CVE-2020-17120,0.0115,0.5906
CVE-2020-17121,0.01967,0.77799
CVE-2020-17122,0.01789,0.76008
CVE-2020-17123,0.01789,0.76008
CVE-2020-17124,0.01789,0.76008
CVE-2020-17125,0.01789,0.76008
CVE-2020-17126,0.0115,0.5906
CVE-2020-17127,0.01789,0.76008
CVE-2020-17128,0.01877,0.76393
CVE-2020-17129,0.01789,0.76008
CVE-2020-17130,0.0115,0.5906
CVE-2020-17131,0.02649,0.81391
CVE-2020-17132,0.01967,0.77799
CVE-2020-17133,0.0115,0.5906
CVE-2020-17134,0.0115,0.5906
CVE-2020-17135,0.0115,0.5906
CVE-2020-17137,0.0115,0.5906
CVE-2020-17138,0.0115,0.5906
CVE-2020-17139,0.0115,0.5906
CVE-2020-1714,0.01978,0.78447
CVE-2020-17140,0.0115,0.5906
CVE-2020-17141,0.01967,0.77799
CVE-2020-17142,0.01967,0.77799
CVE-2020-17145,0.0115,0.5906
CVE-2020-17147,0.0115,0.5906
CVE-2020-17148,0.01789,0.76008
CVE-2020-17150,0.01789,0.76008
CVE-2020-17152,0.01967,0.77799
CVE-2020-17153,0.02632,0.81366
CVE-2020-17156,0.01789,0.76008
CVE-2020-17158,0.01967,0.77799
CVE-2020-17159,0.01789,0.76008
CVE-2020-1716,0.00885,0.26162
CVE-2020-17162,0.0115,0.5906
CVE-2020-1717,0.00885,0.26162
CVE-2020-1718,0.00885,0.26162
CVE-2020-1719,0.00885,0.26162
CVE-2020-1720,0.0089,0.2856
CVE-2020-1721,0.00885,0.26162
CVE-2020-1722,0.00885,0.26162
CVE-2020-1723,0.00885,0.26162
CVE-2020-1724,0.00885,0.26162
CVE-2020-1725,0.00885,0.26162
CVE-2020-1726,0.01018,0.38792
CVE-2020-1727,0.00885,0.26162
CVE-2020-1728,0.00885,0.26162
CVE-2020-1729,0.00885,0.26162
CVE-2020-1730,0.01108,0.53389
CVE-2020-1731,0.00885,0.26162
CVE-2020-1732,0.00885,0.26162
CVE-2020-1733,0.01104,0.52279
CVE-2020-1734,0.00885,0.26162
CVE-2020-1735,0.01034,0.39824
CVE-2020-17352,0.0144,0.7265
CVE-2020-17353,0.01108,0.53389
CVE-2020-17355,0.01055,0.50287
CVE-2020-1736,0.0095,0.30554
CVE-2020-17360,0.01018,0.38792
CVE-2020-17361,0.01018,0.38792
CVE-2020-17362,0.00885,0.26162
CVE-2020-17363,0.01156,0.60033
CVE-2020-17364,0.00885,0.26162
CVE-2020-17365,0.00885,0.26162
CVE-2020-17366,0.01055,0.50287
CVE-2020-17367,0.01253,0.66436
CVE-2020-17368,0.02734,0.82121
CVE-2020-1737,0.01034,0.39824
CVE-2020-17372,0.0095,0.30554
CVE-2020-17373,0.0089,0.2856
CVE-2020-17376,0.0089,0.2856
CVE-2020-1738,0.0089,0.2856
CVE-2020-17380,0.01365,0.70715
CVE-2020-17381,0.00885,0.26162
CVE-2020-17383,0.01136,0.57949
CVE-2020-17384,0.00885,0.26162
CVE-2020-17385,0.00885,0.26162
CVE-2020-17386,0.00885,0.26162
CVE-2020-17387,0.01978,0.78447
CVE-2020-17388,0.01978,0.78447
CVE-2020-17389,0.01978,0.78447
CVE-2020-1739,0.01034,0.39824
CVE-2020-17390,0.01005,0.36332
CVE-2020-17391,0.01005,0.36332
CVE-2020-17392,0.01005,0.36332
CVE-2020-17393,0.01005,0.36332
CVE-2020-17394,0.01005,0.36332
CVE-2020-17395,0.01005,0.36332
CVE-2020-17396,0.01005,0.36332
CVE-2020-17397,0.01005,0.36332
CVE-2020-17398,0.01005,0.36332
CVE-2020-17399,0.01005,0.36332
CVE-2020-1740,0.01104,0.52279
CVE-2020-17400,0.01005,0.36332
CVE-2020-17401,0.01005,0.36332
CVE-2020-17402,0.01005,0.36332
CVE-2020-17403,0.01321,0.70521
CVE-2020-17404,0.01321,0.70521
CVE-2020-17405,0.01036,0.41241
CVE-2020-17406,0.01156,0.60033
CVE-2020-17407,0.01156,0.60033
CVE-2020-17408,0.01055,0.50287
CVE-2020-17409,0.00885,0.26162
CVE-2020-1741,0.00885,0.26162
CVE-2020-17410,0.01321,0.70521
CVE-2020-17411,0.01321,0.70521
CVE-2020-17412,0.01321,0.70521
CVE-2020-17413,0.01321,0.70521
CVE-2020-17414,0.01005,0.36332
CVE-2020-17415,0.01005,0.36332
CVE-2020-17416,0.01321,0.70521
CVE-2020-17417,0.01321,0.70521
CVE-2020-17418,0.01321,0.70521
CVE-2020-17419,0.01321,0.70521
CVE-2020-1742,0.00885,0.26162
CVE-2020-17420,0.01321,0.70521
CVE-2020-17421,0.01321,0.70521
CVE-2020-17422,0.01321,0.70521
CVE-2020-17423,0.01321,0.70521
CVE-2020-17424,0.01321,0.70521
CVE-2020-17425,0.01321,0.70521
CVE-2020-17426,0.01321,0.70521
CVE-2020-17427,0.01321,0.70521
CVE-2020-17428,0.01321,0.70521
CVE-2020-17429,0.01321,0.70521
CVE-2020-17430,0.01321,0.70521
CVE-2020-17431,0.01321,0.70521
CVE-2020-17432,0.01321,0.70521
CVE-2020-17433,0.01321,0.70521
CVE-2020-17434,0.01321,0.70521
CVE-2020-17435,0.01321,0.70521
CVE-2020-17436,0.01321,0.70521
CVE-2020-17437,0.00954,0.34522
CVE-2020-17438,0.0144,0.7265
CVE-2020-17439,0.00885,0.26162
CVE-2020-1744,0.00885,0.26162
CVE-2020-17440,0.00885,0.26162
CVE-2020-17441,0.00885,0.26162
CVE-2020-17442,0.00885,0.26162
CVE-2020-17443,0.00885,0.26162
CVE-2020-17444,0.00885,0.26162
CVE-2020-17445,0.00885,0.26162
CVE-2020-17446,0.0144,0.7265
CVE-2020-17448,0.01559,0.742
CVE-2020-17449,0.00885,0.26162
CVE-2020-1745,0.05634,0.89764
CVE-2020-17450,0.00885,0.26162
CVE-2020-17451,0.00885,0.26162
CVE-2020-17452,0.0144,0.7265
CVE-2020-17454,0.00885,0.26162
CVE-2020-17457,0.00885,0.26162
CVE-2020-17458,0.00885,0.26162
CVE-2020-1746,0.0089,0.2856
CVE-2020-17462,0.02965,0.82794
CVE-2020-17463,0.01018,0.38792
CVE-2020-17465,0.00885,0.26162
CVE-2020-17466,0.00885,0.26162
CVE-2020-17467,0.00954,0.34522
CVE-2020-17468,0.00954,0.34522
CVE-2020-17469,0.00954,0.34522
CVE-2020-1747,0.03806,0.84842
CVE-2020-17470,0.00954,0.34522
CVE-2020-17473,0.00885,0.26162
CVE-2020-17474,0.00885,0.26162
CVE-2020-17475,0.00885,0.26162
CVE-2020-17476,0.00885,0.26162
CVE-2020-17478,0.00885,0.26162
CVE-2020-17479,0.01018,0.38792
CVE-2020-1748,0.00885,0.26162
CVE-2020-17480,0.00885,0.26162
CVE-2020-17482,0.0089,0.2856
CVE-2020-17487,0.00954,0.34522
CVE-2020-17489,0.01018,0.38792
CVE-2020-1749,0.00885,0.26162
CVE-2020-17490,0.01034,0.39824
CVE-2020-17494,0.01018,0.38792
CVE-2020-17495,0.00885,0.26162
CVE-2020-17497,0.00885,0.26162
CVE-2020-17498,0.01537,0.73595
CVE-2020-1750,0.00885,0.26162
CVE-2020-17500,0.05634,0.89764
CVE-2020-17502,0.04571,0.88388
CVE-2020-17503,0.04571,0.88388
CVE-2020-17504,0.04571,0.88388
CVE-2020-17505,0.01055,0.50287
CVE-2020-17507,0.02686,0.82061
CVE-2020-17508,0.00885,0.26162
CVE-2020-17509,0.00885,0.26162
CVE-2020-1751,0.01365,0.70715
CVE-2020-17510,0.03032,0.82851
CVE-2020-17511,0.00885,0.26162
CVE-2020-17513,0.00885,0.26162
CVE-2020-17514,0.00954,0.34522
CVE-2020-17515,0.03032,0.82851
CVE-2020-17516,0.01246,0.66436
CVE-2020-17517,0.00885,0.26162
CVE-2020-1752,0.01834,0.76202
CVE-2020-17520,0.00885,0.26162
CVE-2020-17521,0.03812,0.84844
CVE-2020-17522,0.00954,0.34522
CVE-2020-17525,0.00885,0.26162
CVE-2020-17526,0.0089,0.2856
CVE-2020-17527,0.07767,0.92799
CVE-2020-17528,0.00954,0.34522
CVE-2020-17529,0.00954,0.34522
CVE-2020-1753,0.01034,0.39824
CVE-2020-17531,0.00954,0.34522
CVE-2020-17532,0.0144,0.7265
CVE-2020-17534,0.00885,0.26162
CVE-2020-17538,0.01319,0.70416
CVE-2020-1754,0.00885,0.26162
CVE-2020-17541,0.01609,0.74723
CVE-2020-17542,0.01156,0.60033
CVE-2020-1755,0.00885,0.26162
CVE-2020-17551,0.01689,0.75137
CVE-2020-1756,0.00885,0.26162
CVE-2020-17563,0.01055,0.50287
CVE-2020-17564,0.01055,0.50287
CVE-2020-1757,0.00885,0.26162
CVE-2020-1758,0.00885,0.26162
CVE-2020-1759,0.00954,0.34522
CVE-2020-1760,0.01108,0.53389
CVE-2020-1761,0.00885,0.26162
CVE-2020-1762,0.01055,0.50287
CVE-2020-1763,0.01183,0.60428
CVE-2020-1765,0.01018,0.38792
CVE-2020-1766,0.01018,0.38792
CVE-2020-1767,0.00885,0.26162
CVE-2020-1768,0.00885,0.26162
CVE-2020-1769,0.0095,0.30554
CVE-2020-1770,0.0095,0.30554
CVE-2020-1771,0.0095,0.30554
CVE-2020-1772,0.01018,0.38792
CVE-2020-1773,0.0095,0.30554
CVE-2020-1774,0.00885,0.26162
CVE-2020-1775,0.00885,0.26162
CVE-2020-17752,0.00885,0.26162
CVE-2020-17753,0.01108,0.53389
CVE-2020-17759,0.01086,0.51674
CVE-2020-1776,0.00885,0.26162
CVE-2020-1777,0.00885,0.26162
CVE-2020-1778,0.00885,0.26162
CVE-2020-1779,0.00885,0.26162
CVE-2020-1785,0.00885,0.26162
CVE-2020-1786,0.00885,0.26162
CVE-2020-1787,0.00885,0.26162
CVE-2020-1788,0.00885,0.26162
CVE-2020-1789,0.00885,0.26162
CVE-2020-17891,0.01156,0.60033
CVE-2020-1790,0.02055,0.7893
CVE-2020-17901,0.00885,0.26162
CVE-2020-1791,0.00885,0.26162
CVE-2020-1792,0.00885,0.26162
CVE-2020-1793,0.00885,0.26162
CVE-2020-1794,0.00885,0.26162
CVE-2020-1795,0.00885,0.26162
CVE-2020-17952,0.01156,0.60033
CVE-2020-1796,0.00885,0.26162
CVE-2020-1797,0.00885,0.26162
CVE-2020-1798,0.00885,0.26162
CVE-2020-1799,0.01036,0.41241
CVE-2020-17999,0.01156,0.60033
CVE-2020-1800,0.00885,0.26162
CVE-2020-1801,0.00885,0.26162
CVE-2020-18013,0.00885,0.26162
CVE-2020-18019,0.01055,0.50287
CVE-2020-1802,0.00885,0.26162
CVE-2020-18020,0.01156,0.60033
CVE-2020-18022,0.01156,0.60033
CVE-2020-1803,0.00885,0.26162
CVE-2020-18032,0.03795,0.8483
CVE-2020-18035,0.01156,0.60033
CVE-2020-1804,0.00885,0.26162
CVE-2020-18048,0.00885,0.26162
CVE-2020-1805,0.00885,0.26162
CVE-2020-1806,0.00885,0.26162
CVE-2020-18065,0.00885,0.26162
CVE-2020-18066,0.00885,0.26162
CVE-2020-1807,0.00885,0.26162
CVE-2020-18070,0.01055,0.50287
CVE-2020-18077,0.00885,0.26162
CVE-2020-18078,0.00885,0.26162
CVE-2020-1808,0.00885,0.26162
CVE-2020-18081,0.00885,0.26162
CVE-2020-18084,0.01156,0.60033
CVE-2020-1809,0.00885,0.26162
CVE-2020-1810,0.00885,0.26162
CVE-2020-18102,0.01156,0.60033
CVE-2020-18106,0.00885,0.26162
CVE-2020-1811,0.01055,0.50287
CVE-2020-18114,0.00885,0.26162
CVE-2020-18116,0.00885,0.26162
CVE-2020-1812,0.00885,0.26162
CVE-2020-18121,0.00885,0.26162
CVE-2020-18123,0.00885,0.26162
CVE-2020-18124,0.00885,0.26162
CVE-2020-18125,0.00885,0.26162
CVE-2020-18126,0.00885,0.26162
CVE-2020-18127,0.00885,0.26162
CVE-2020-18129,0.00885,0.26162
CVE-2020-1813,0.00885,0.26162
CVE-2020-1814,0.00885,0.26162
CVE-2020-18144,0.00885,0.26162
CVE-2020-18145,0.00885,0.26162
CVE-2020-1815,0.00885,0.26162
CVE-2020-18151,0.00885,0.26162
CVE-2020-18155,0.00885,0.26162
CVE-2020-18157,0.00885,0.26162
CVE-2020-18158,0.00885,0.26162
CVE-2020-1816,0.01055,0.50287
CVE-2020-18164,0.00885,0.26162
CVE-2020-18165,0.01156,0.60033
CVE-2020-18166,0.01055,0.50287
CVE-2020-18167,0.01156,0.60033
CVE-2020-18169,0.00885,0.26162
CVE-2020-1817,0.00885,0.26162
CVE-2020-18170,0.00885,0.26162
CVE-2020-18171,0.00885,0.26162
CVE-2020-18172,0.00885,0.26162
CVE-2020-18173,0.01036,0.41241
CVE-2020-18174,0.00885,0.26162
CVE-2020-18175,0.00885,0.26162
CVE-2020-18178,0.01055,0.50287
CVE-2020-18184,0.01055,0.50287
CVE-2020-18185,0.00885,0.26162
CVE-2020-18190,0.01055,0.50287
CVE-2020-18191,0.01055,0.50287
CVE-2020-18194,0.01156,0.60033
CVE-2020-18195,0.01156,0.60033
CVE-2020-18198,0.01156,0.60033
CVE-2020-18215,0.0144,0.7265
CVE-2020-18220,0.00885,0.26162
CVE-2020-18221,0.01156,0.60033
CVE-2020-18229,0.01156,0.60033
CVE-2020-18230,0.01156,0.60033
CVE-2020-1825,0.00885,0.26162
CVE-2020-18259,0.00885,0.26162
CVE-2020-1826,0.00885,0.26162
CVE-2020-18261,0.00885,0.26162
CVE-2020-18262,0.00885,0.26162
CVE-2020-18263,0.00885,0.26162
CVE-2020-18264,0.01156,0.60033
CVE-2020-18265,0.01156,0.60033
CVE-2020-18268,0.01055,0.50287
CVE-2020-1827,0.00885,0.26162
CVE-2020-1828,0.00885,0.26162
CVE-2020-1829,0.00885,0.26162
CVE-2020-1830,0.00885,0.26162
CVE-2020-1831,0.00885,0.26162
CVE-2020-1832,0.01036,0.41241
CVE-2020-18325,0.00954,0.34522
CVE-2020-18327,0.00885,0.26162
CVE-2020-1833,0.00885,0.26162
CVE-2020-1834,0.00885,0.26162
CVE-2020-1835,0.00885,0.26162
CVE-2020-1836,0.00885,0.26162
CVE-2020-1837,0.00885,0.26162
CVE-2020-1838,0.00885,0.26162
CVE-2020-1839,0.01036,0.41241
CVE-2020-18392,0.01055,0.50287
CVE-2020-18395,0.00885,0.26162
CVE-2020-1840,0.00885,0.26162
CVE-2020-1841,0.01055,0.50287
CVE-2020-1842,0.00885,0.26162
CVE-2020-18428,0.00885,0.26162
CVE-2020-1843,0.00885,0.26162
CVE-2020-18430,0.00885,0.26162
CVE-2020-18438,0.00885,0.26162
CVE-2020-18439,0.00885,0.26162
CVE-2020-1844,0.00885,0.26162
CVE-2020-18440,0.01086,0.51674
CVE-2020-18442,0.01132,0.54372
CVE-2020-18445,0.00885,0.26162
CVE-2020-18446,0.00885,0.26162
CVE-2020-18449,0.00885,0.26162
CVE-2020-1845,0.00885,0.26162
CVE-2020-18451,0.00885,0.26162
CVE-2020-18454,0.00885,0.26162
CVE-2020-18455,0.00885,0.26162
CVE-2020-18456,0.00885,0.26162
CVE-2020-18457,0.00885,0.26162
CVE-2020-18458,0.00885,0.26162
CVE-2020-18460,0.00885,0.26162
CVE-2020-18462,0.00885,0.26162
CVE-2020-18463,0.00885,0.26162
CVE-2020-18464,0.00885,0.26162
CVE-2020-18467,0.00885,0.26162
CVE-2020-18468,0.00885,0.26162
CVE-2020-18469,0.01055,0.50287
CVE-2020-1847,0.00885,0.26162
CVE-2020-18470,0.01055,0.50287
CVE-2020-18475,0.00885,0.26162
CVE-2020-18476,0.00885,0.26162
CVE-2020-18477,0.00885,0.26162
CVE-2020-1848,0.00885,0.26162
CVE-2020-1853,0.00885,0.26162
CVE-2020-18544,0.01156,0.60033
CVE-2020-1855,0.00885,0.26162
CVE-2020-1856,0.00885,0.26162
CVE-2020-18568,0.01978,0.78447
CVE-2020-1857,0.00885,0.26162
CVE-2020-1858,0.00885,0.26162
CVE-2020-1860,0.00885,0.26162
CVE-2020-1861,0.00885,0.26162
CVE-2020-1862,0.00885,0.26162
CVE-2020-1863,0.01055,0.50287
CVE-2020-1864,0.01055,0.50287
CVE-2020-18646,0.01055,0.50287
CVE-2020-18647,0.01055,0.50287
CVE-2020-18648,0.01055,0.50287
CVE-2020-1865,0.00885,0.26162
CVE-2020-18654,0.01156,0.60033
CVE-2020-18657,0.00954,0.34522
CVE-2020-18658,0.00954,0.34522
CVE-2020-18659,0.00954,0.34522
CVE-2020-1866,0.00885,0.26162
CVE-2020-18660,0.00954,0.34522
CVE-2020-18661,0.00954,0.34522
CVE-2020-18662,0.00954,0.34522
CVE-2020-18663,0.00954,0.34522
CVE-2020-18664,0.00885,0.26162
CVE-2020-18665,0.00885,0.26162
CVE-2020-18667,0.00885,0.26162
CVE-2020-18668,0.00885,0.26162
CVE-2020-18670,0.0089,0.2856
CVE-2020-18671,0.0089,0.2856
CVE-2020-18683,0.00885,0.26162
CVE-2020-18684,0.00885,0.26162
CVE-2020-18685,0.00885,0.26162
CVE-2020-18693,0.01156,0.60033
CVE-2020-18694,0.01055,0.50287
CVE-2020-18698,0.01055,0.50287
CVE-2020-18699,0.01156,0.60033
CVE-2020-1870,0.00885,0.26162
CVE-2020-18701,0.01055,0.50287
CVE-2020-18702,0.01156,0.60033
CVE-2020-18703,0.01156,0.60033
CVE-2020-18704,0.01156,0.60033
CVE-2020-18705,0.01156,0.60033
CVE-2020-1871,0.00885,0.26162
CVE-2020-18713,0.01055,0.50287
CVE-2020-18714,0.01055,0.50287
CVE-2020-18716,0.01055,0.50287
CVE-2020-18717,0.01156,0.60033
CVE-2020-1872,0.00885,0.26162
CVE-2020-18723,0.08009,0.9302
CVE-2020-18724,0.02192,0.80195
CVE-2020-1873,0.00885,0.26162
CVE-2020-18730,0.00885,0.26162
CVE-2020-18731,0.00885,0.26162
CVE-2020-18734,0.00954,0.34522
CVE-2020-18735,0.00954,0.34522
CVE-2020-18737,0.01156,0.60033
CVE-2020-1874,0.00885,0.26162
CVE-2020-18741,0.01055,0.50287
CVE-2020-18746,0.01156,0.60033
CVE-2020-18748,0.0144,0.7265
CVE-2020-1875,0.00885,0.26162
CVE-2020-18750,0.01005,0.36332
CVE-2020-18753,0.00885,0.26162
CVE-2020-18754,0.00885,0.26162
CVE-2020-18756,0.00885,0.26162
CVE-2020-18757,0.00885,0.26162
CVE-2020-18758,0.01086,0.51674
CVE-2020-18759,0.00885,0.26162
CVE-2020-1876,0.00885,0.26162
CVE-2020-18766,0.00885,0.26162
CVE-2020-1877,0.00885,0.26162
CVE-2020-18771,0.00885,0.26162
CVE-2020-18773,0.00885,0.26162
CVE-2020-18774,0.00885,0.26162
CVE-2020-18775,0.00885,0.26162
CVE-2020-18776,0.00885,0.26162
CVE-2020-18778,0.00885,0.26162
CVE-2020-1878,0.00885,0.26162
CVE-2020-1879,0.00885,0.26162
CVE-2020-1880,0.00885,0.26162
CVE-2020-1881,0.00885,0.26162
CVE-2020-1882,0.00885,0.26162
CVE-2020-1883,0.00885,0.26162
CVE-2020-1885,0.00885,0.26162
CVE-2020-1886,0.00885,0.26162
CVE-2020-1887,0.00885,0.26162
CVE-2020-18875,0.01061,0.51015
CVE-2020-18877,0.01055,0.50287
CVE-2020-18878,0.01055,0.50287
CVE-2020-18879,0.01424,0.72364
CVE-2020-1888,0.00885,0.26162
CVE-2020-18885,0.01978,0.78447
CVE-2020-18886,0.01424,0.72364
CVE-2020-18888,0.00885,0.26162
CVE-2020-18889,0.00885,0.26162
CVE-2020-1889,0.01156,0.60033
CVE-2020-18890,0.01086,0.51674
CVE-2020-18897,0.01005,0.36332
CVE-2020-18898,0.01055,0.50287
CVE-2020-18899,0.00885,0.26162
CVE-2020-1890,0.00885,0.26162
CVE-2020-18900,0.00885,0.26162
CVE-2020-1891,0.00885,0.26162
CVE-2020-18913,0.00885,0.26162
CVE-2020-18917,0.01055,0.50287
CVE-2020-1892,0.00885,0.26162
CVE-2020-1893,0.00885,0.26162
CVE-2020-1894,0.01086,0.51674
CVE-2020-1895,0.00885,0.26162
CVE-2020-1896,0.0144,0.7265
CVE-2020-18964,0.00885,0.26162
CVE-2020-1897,0.00885,0.26162
CVE-2020-18971,0.00885,0.26162
CVE-2020-18972,0.00885,0.26162
CVE-2020-18974,0.00885,0.26162
CVE-2020-18976,0.00885,0.26162
CVE-2020-18979,0.00885,0.26162
CVE-2020-1898,0.00885,0.26162
CVE-2020-18980,0.00885,0.26162
CVE-2020-18982,0.00885,0.26162
CVE-2020-18984,0.00885,0.26162
CVE-2020-18985,0.00885,0.26162
CVE-2020-1899,0.00885,0.26162
CVE-2020-18998,0.01156,0.60033
CVE-2020-18999,0.01156,0.60033
CVE-2020-1900,0.00885,0.26162
CVE-2020-19000,0.01156,0.60033
CVE-2020-19001,0.01055,0.50287
CVE-2020-19002,0.01156,0.60033
CVE-2020-19003,0.00885,0.26162
CVE-2020-19005,0.00885,0.26162
CVE-2020-19007,0.00885,0.26162
CVE-2020-1901,0.00885,0.26162
CVE-2020-1902,0.00885,0.26162
CVE-2020-1903,0.00885,0.26162
CVE-2020-19037,0.00885,0.26162
CVE-2020-19038,0.00885,0.26162
CVE-2020-1904,0.00885,0.26162
CVE-2020-19042,0.00885,0.26162
CVE-2020-19046,0.01156,0.60033
CVE-2020-19047,0.01086,0.51674
CVE-2020-19048,0.01055,0.50287
CVE-2020-19049,0.01055,0.50287
CVE-2020-1905,0.00885,0.26162
CVE-2020-1906,0.00885,0.26162
CVE-2020-1907,0.01086,0.51674
CVE-2020-1908,0.00885,0.26162
CVE-2020-1909,0.01086,0.51674
CVE-2020-1910,0.00885,0.26162
CVE-2020-19107,0.01086,0.51674
CVE-2020-19108,0.01086,0.51674
CVE-2020-19109,0.01086,0.51674
CVE-2020-1911,0.0144,0.7265
CVE-2020-19110,0.01086,0.51674
CVE-2020-19111,0.00885,0.26162
CVE-2020-19112,0.01086,0.51674
CVE-2020-19113,0.01424,0.72364
CVE-2020-19114,0.01086,0.51674
CVE-2020-19118,0.00885,0.26162
CVE-2020-1912,0.0144,0.7265
CVE-2020-1913,0.00885,0.26162
CVE-2020-19131,0.00954,0.34522
CVE-2020-19137,0.01055,0.50287
CVE-2020-19138,0.01156,0.60033
CVE-2020-1914,0.0144,0.7265
CVE-2020-19142,0.00885,0.26162
CVE-2020-19143,0.01018,0.38792
CVE-2020-19144,0.01018,0.38792
CVE-2020-19146,0.01055,0.50287
CVE-2020-19147,0.01055,0.50287
CVE-2020-19148,0.01156,0.60033
CVE-2020-1915,0.00885,0.26162
CVE-2020-19150,0.01055,0.50287
CVE-2020-19151,0.01156,0.60033
CVE-2020-19154,0.01055,0.50287
CVE-2020-19155,0.01978,0.78447
CVE-2020-19156,0.01156,0.60033
CVE-2020-19157,0.01156,0.60033
CVE-2020-19158,0.01156,0.60033
CVE-2020-19159,0.01156,0.60033
CVE-2020-1916,0.00885,0.26162
CVE-2020-19165,0.00885,0.26162
CVE-2020-1917,0.00885,0.26162
CVE-2020-1918,0.00885,0.26162
CVE-2020-1919,0.00885,0.26162
CVE-2020-19199,0.01086,0.51674
CVE-2020-1920,0.00885,0.26162
CVE-2020-19201,0.0089,0.2856
CVE-2020-19202,0.00885,0.26162
CVE-2020-19203,0.0095,0.30554
CVE-2020-19204,0.0089,0.2856
CVE-2020-1921,0.00885,0.26162
CVE-2020-19212,0.00885,0.26162
CVE-2020-19213,0.00885,0.26162
CVE-2020-19215,0.00885,0.26162
CVE-2020-19216,0.00885,0.26162
CVE-2020-19217,0.00885,0.26162
CVE-2020-19228,0.00885,0.26162
CVE-2020-19229,0.00885,0.26162
CVE-2020-1925,0.00885,0.26162
CVE-2020-1926,0.00885,0.26162
CVE-2020-19263,0.00885,0.26162
CVE-2020-19264,0.00885,0.26162
CVE-2020-19265,0.00885,0.26162
CVE-2020-19266,0.00885,0.26162
CVE-2020-19267,0.01086,0.51674
CVE-2020-19268,0.00885,0.26162
CVE-2020-1927,0.07767,0.92799
CVE-2020-19274,0.01086,0.51674
CVE-2020-19275,0.00885,0.26162
CVE-2020-1928,0.01246,0.66436
CVE-2020-19280,0.00885,0.26162
CVE-2020-19281,0.00885,0.26162
CVE-2020-19282,0.00885,0.26162
CVE-2020-19283,0.00885,0.26162
CVE-2020-19284,0.00885,0.26162
CVE-2020-19285,0.00885,0.26162
CVE-2020-19286,0.00885,0.26162
CVE-2020-19287,0.00885,0.26162
CVE-2020-19288,0.00885,0.26162
CVE-2020-19289,0.00885,0.26162
CVE-2020-1929,0.00885,0.26162
CVE-2020-19290,0.00885,0.26162
CVE-2020-19291,0.00885,0.26162
CVE-2020-19292,0.00885,0.26162
CVE-2020-19293,0.00885,0.26162
CVE-2020-19294,0.00885,0.26162
CVE-2020-19295,0.00885,0.26162
CVE-2020-1930,0.04771,0.88709
CVE-2020-19301,0.0144,0.7265
CVE-2020-19302,0.00885,0.26162
CVE-2020-19303,0.01276,0.66501
CVE-2020-19304,0.00885,0.26162
CVE-2020-19305,0.00885,0.26162
CVE-2020-1931,0.04771,0.88709
CVE-2020-19316,0.02055,0.7893
CVE-2020-1932,0.00885,0.26162
CVE-2020-1933,0.00885,0.26162
CVE-2020-1934,0.05242,0.89216
CVE-2020-1935,0.07767,0.92799
CVE-2020-1936,0.00885,0.26162
CVE-2020-19360,0.00885,0.26162
CVE-2020-19361,0.00954,0.34522
CVE-2020-19362,0.00885,0.26162
CVE-2020-19363,0.00954,0.34522
CVE-2020-19364,0.00885,0.26162
CVE-2020-1937,0.0089,0.2856
CVE-2020-1939,0.00885,0.26162
CVE-2020-1940,0.03032,0.82851
CVE-2020-1941,0.01859,0.7626
CVE-2020-19417,0.00885,0.26162
CVE-2020-19419,0.01055,0.50287
CVE-2020-1942,0.00885,0.26162
CVE-2020-1943,0.01246,0.66436
CVE-2020-1944,0.00885,0.26162
CVE-2020-19447,0.00885,0.26162
CVE-2020-1945,0.03052,0.82933
CVE-2020-19450,0.00885,0.26162
CVE-2020-19451,0.00885,0.26162
CVE-2020-19455,0.00885,0.26162
CVE-2020-1946,0.01742,0.75235
CVE-2020-19463,0.00885,0.26162
CVE-2020-19464,0.00885,0.26162
CVE-2020-19465,0.00885,0.26162
CVE-2020-19466,0.00885,0.26162
CVE-2020-19467,0.00885,0.26162
CVE-2020-19468,0.00885,0.26162
CVE-2020-19469,0.00885,0.26162
CVE-2020-19470,0.00885,0.26162
CVE-2020-19471,0.00885,0.26162
CVE-2020-19472,0.00885,0.26162
CVE-2020-19473,0.00885,0.26162
CVE-2020-19474,0.00885,0.26162
CVE-2020-19475,0.00885,0.26162
CVE-2020-19481,0.01018,0.38792
CVE-2020-19488,0.00885,0.26162
CVE-2020-1949,0.00885,0.26162
CVE-2020-19490,0.00885,0.26162
CVE-2020-19491,0.00885,0.26162
CVE-2020-19492,0.00885,0.26162
CVE-2020-19497,0.00885,0.26162
CVE-2020-19498,0.00885,0.26162
CVE-2020-19499,0.00885,0.26162
CVE-2020-1950,0.01246,0.66436
CVE-2020-1951,0.01246,0.66436
CVE-2020-19510,0.00885,0.26162
CVE-2020-19511,0.00885,0.26162
CVE-2020-19513,0.02053,0.78585
CVE-2020-19515,0.00885,0.26162
CVE-2020-1952,0.01086,0.51674
CVE-2020-19527,0.00885,0.26162
CVE-2020-1953,0.02509,0.81058
CVE-2020-1954,0.01742,0.75235
CVE-2020-19547,0.00885,0.26162
CVE-2020-1955,0.00885,0.26162
CVE-2020-19551,0.01156,0.60033
CVE-2020-19553,0.00885,0.26162
CVE-2020-19554,0.00885,0.26162
CVE-2020-1957,0.01742,0.75235
CVE-2020-1959,0.01156,0.60033
CVE-2020-19595,0.00885,0.26162
CVE-2020-19596,0.00885,0.26162
CVE-2020-1960,0.01164,0.60046
CVE-2020-19609,0.01018,0.38792
CVE-2020-1961,0.01156,0.60033
CVE-2020-19611,0.00885,0.26162
CVE-2020-19613,0.00885,0.26162
CVE-2020-19616,0.00885,0.26162
CVE-2020-19617,0.00885,0.26162
CVE-2020-19618,0.00885,0.26162
CVE-2020-19619,0.00885,0.26162
CVE-2020-19626,0.01055,0.50287
CVE-2020-1963,0.04771,0.88709
CVE-2020-19639,0.00885,0.26162
CVE-2020-1964,0.05634,0.89764
CVE-2020-19640,0.00885,0.26162
CVE-2020-19641,0.00885,0.26162
CVE-2020-19642,0.01036,0.41241
CVE-2020-19643,0.00885,0.26162
CVE-2020-19664,0.04571,0.88388
CVE-2020-19667,0.00885,0.26162
CVE-2020-19668,0.00885,0.26162
CVE-2020-19669,0.00885,0.26162
CVE-2020-19670,0.00885,0.26162
CVE-2020-19672,0.00885,0.26162
CVE-2020-19676,0.00885,0.26162
CVE-2020-1968,0.01537,0.73595
CVE-2020-19682,0.00885,0.26162
CVE-2020-19683,0.00885,0.26162
CVE-2020-19703,0.00885,0.26162
CVE-2020-19704,0.00885,0.26162
CVE-2020-19705,0.00885,0.26162
CVE-2020-19709,0.00885,0.26162
CVE-2020-1971,0.0472,0.88691
CVE-2020-19716,0.00885,0.26162
CVE-2020-19717,0.00885,0.26162
CVE-2020-19718,0.00885,0.26162
CVE-2020-19719,0.00885,0.26162
CVE-2020-19720,0.00885,0.26162
CVE-2020-19721,0.00885,0.26162
CVE-2020-19722,0.00885,0.26162
CVE-2020-1975,0.00885,0.26162
CVE-2020-19750,0.00885,0.26162
CVE-2020-19751,0.00885,0.26162
CVE-2020-19752,0.00954,0.34522
CVE-2020-1976,0.00885,0.26162
CVE-2020-19762,0.01055,0.50287
CVE-2020-19765,0.00885,0.26162
CVE-2020-19766,0.00885,0.26162
CVE-2020-19767,0.00885,0.26162
CVE-2020-19768,0.00885,0.26162
CVE-2020-19769,0.00885,0.26162
CVE-2020-1977,0.01055,0.50287
CVE-2020-19770,0.00885,0.26162
CVE-2020-19778,0.01055,0.50287
CVE-2020-1978,0.00885,0.26162
CVE-2020-1979,0.01036,0.41241
CVE-2020-1980,0.01005,0.35949
CVE-2020-1981,0.00885,0.26162
CVE-2020-1982,0.00885,0.26162
CVE-2020-19821,0.00885,0.26162
CVE-2020-19822,0.01978,0.78447
CVE-2020-1984,0.00885,0.26162
CVE-2020-1985,0.00885,0.26162
CVE-2020-19853,0.00885,0.26162
CVE-2020-19855,0.00885,0.26162
CVE-2020-19858,0.00885,0.26162
CVE-2020-1986,0.00885,0.26162
CVE-2020-19860,0.00885,0.26162
CVE-2020-19861,0.00885,0.26162
CVE-2020-1987,0.00885,0.26162
CVE-2020-19877,0.01055,0.50287
CVE-2020-19878,0.01055,0.50287
CVE-2020-19879,0.00885,0.26162
CVE-2020-1988,0.00885,0.26162
CVE-2020-19880,0.01055,0.50287
CVE-2020-19881,0.01055,0.50287
CVE-2020-19882,0.01055,0.50287
CVE-2020-19883,0.01055,0.50287
CVE-2020-19884,0.00885,0.26162
CVE-2020-19885,0.01055,0.50287
CVE-2020-19886,0.00885,0.26162
CVE-2020-19887,0.01055,0.50287
CVE-2020-19888,0.00885,0.26162
CVE-2020-19889,0.00885,0.26162
CVE-2020-1989,0.00885,0.26162
CVE-2020-19890,0.00885,0.26162
CVE-2020-19891,0.01055,0.50287
CVE-2020-19896,0.01055,0.50287
CVE-2020-19897,0.01055,0.50287
CVE-2020-1990,0.01086,0.51674
CVE-2020-19907,0.02055,0.7893
CVE-2020-1991,0.00885,0.26162
CVE-2020-19915,0.00885,0.26162
CVE-2020-1992,0.01156,0.60033
CVE-2020-19924,0.00885,0.26162
CVE-2020-1993,0.00885,0.26162
CVE-2020-1994,0.00885,0.26162
CVE-2020-19949,0.00885,0.26162
CVE-2020-1995,0.00885,0.26162
CVE-2020-19950,0.00885,0.26162
CVE-2020-19951,0.00885,0.26162
CVE-2020-19954,0.00885,0.26162
CVE-2020-19957,0.00885,0.26162
CVE-2020-19959,0.00885,0.26162
CVE-2020-1996,0.01055,0.50287
CVE-2020-19960,0.00885,0.26162
CVE-2020-19961,0.00954,0.34522
CVE-2020-19962,0.00885,0.26162
CVE-2020-19964,0.00954,0.34522
CVE-2020-1997,0.00885,0.26162
CVE-2020-1998,0.00885,0.26162
CVE-2020-1999,0.00885,0.26162
CVE-2020-2000,0.01086,0.51674
CVE-2020-2001,0.00885,0.26162
CVE-2020-2002,0.00885,0.26162
CVE-2020-2003,0.00885,0.26162
CVE-2020-2004,0.00885,0.26162
CVE-2020-2005,0.00885,0.26162
CVE-2020-2006,0.01086,0.51674
CVE-2020-2007,0.02055,0.7893
CVE-2020-2008,0.01086,0.51674
CVE-2020-2009,0.01086,0.51674
CVE-2020-20092,0.00885,0.26162
CVE-2020-20093,0.00885,0.26162
CVE-2020-20094,0.00885,0.26162
CVE-2020-20095,0.00885,0.26162
CVE-2020-20096,0.00885,0.26162
CVE-2020-2010,0.02055,0.7893
CVE-2020-2011,0.01055,0.50287
CVE-2020-2012,0.01055,0.50287
CVE-2020-20120,0.00885,0.26162
CVE-2020-20122,0.00885,0.26162
CVE-2020-20124,0.01978,0.78447
CVE-2020-20125,0.00885,0.26162
CVE-2020-20128,0.00885,0.26162
CVE-2020-20129,0.00885,0.26162
CVE-2020-2013,0.00885,0.26162
CVE-2020-20131,0.00885,0.26162
CVE-2020-20136,0.00885,0.26162
CVE-2020-20138,0.00885,0.26162
CVE-2020-20139,0.02173,0.80027
CVE-2020-2014,0.02055,0.7893
CVE-2020-20140,0.02173,0.80027
CVE-2020-20141,0.02173,0.80027
CVE-2020-20142,0.02173,0.80027
CVE-2020-2015,0.01086,0.51674
CVE-2020-2016,0.00885,0.26162
CVE-2020-2017,0.01055,0.50287
CVE-2020-20178,0.00885,0.26162
CVE-2020-2018,0.00885,0.26162
CVE-2020-20183,0.00885,0.26162
CVE-2020-20184,0.01055,0.50287
CVE-2020-20189,0.00885,0.26162
CVE-2020-2020,0.00885,0.26162
CVE-2020-20211,0.01055,0.50287
CVE-2020-20212,0.01055,0.50287
CVE-2020-20213,0.01061,0.51015
CVE-2020-20214,0.01132,0.54372
CVE-2020-20215,0.01055,0.50287
CVE-2020-20216,0.01055,0.50287
CVE-2020-20217,0.01061,0.51015
CVE-2020-20218,0.01055,0.50287
CVE-2020-20219,0.01055,0.50287
CVE-2020-2022,0.00885,0.26162
CVE-2020-20220,0.01061,0.51015
CVE-2020-20221,0.01061,0.51015
CVE-2020-20222,0.01132,0.54372
CVE-2020-20225,0.01055,0.50287
CVE-2020-20227,0.01061,0.51015
CVE-2020-2023,0.01505,0.72763
CVE-2020-20230,0.01055,0.50287
CVE-2020-20231,0.01055,0.50287
CVE-2020-20236,0.01132,0.54372
CVE-2020-20237,0.01132,0.54372
CVE-2020-2024,0.00885,0.26162
CVE-2020-20245,0.01061,0.51015
CVE-2020-20246,0.01061,0.51015
CVE-2020-20247,0.01055,0.50287
CVE-2020-20248,0.01055,0.50287
CVE-2020-20249,0.01055,0.50287
CVE-2020-2025,0.00885,0.26162
CVE-2020-20250,0.01055,0.50287
CVE-2020-20252,0.01055,0.50287
CVE-2020-20253,0.01055,0.50287
CVE-2020-20254,0.01061,0.51015
CVE-2020-2026,0.01864,0.7628
CVE-2020-20262,0.01055,0.50287
CVE-2020-20264,0.01055,0.50287
CVE-2020-20265,0.01055,0.50287
CVE-2020-20266,0.01055,0.50287
CVE-2020-20267,0.01055,0.50287
CVE-2020-20269,0.02762,0.82156
CVE-2020-2027,0.01086,0.51674
CVE-2020-20276,0.01978,0.78447
CVE-2020-20277,0.05634,0.89764
CVE-2020-2028,0.02055,0.7893
CVE-2020-20285,0.00885,0.26162
CVE-2020-20287,0.02432,0.8082
CVE-2020-20289,0.00885,0.26162
CVE-2020-2029,0.02055,0.7893
CVE-2020-20290,0.00885,0.26162
CVE-2020-20294,0.00885,0.26162
CVE-2020-20295,0.00885,0.26162
CVE-2020-20296,0.00885,0.26162
CVE-2020-20298,0.01055,0.50287
CVE-2020-20299,0.00885,0.26162
CVE-2020-2030,0.02055,0.7893
CVE-2020-20300,0.00885,0.26162
CVE-2020-2031,0.00885,0.26162
CVE-2020-2032,0.00885,0.26162
CVE-2020-2033,0.00885,0.26162
CVE-2020-2034,0.02055,0.7893
CVE-2020-20340,0.00885,0.26162
CVE-2020-20341,0.00885,0.26162
CVE-2020-20343,0.00885,0.26162
CVE-2020-20344,0.00885,0.26162
CVE-2020-20345,0.0089,0.2856
CVE-2020-20347,0.00885,0.26162
CVE-2020-20348,0.00885,0.26162
CVE-2020-20349,0.00885,0.26162
CVE-2020-2035,0.00885,0.26162
CVE-2020-2036,0.01055,0.50287
CVE-2020-20363,0.0089,0.2856
CVE-2020-2037,0.02055,0.7893
CVE-2020-20389,0.00885,0.26162
CVE-2020-2039,0.01055,0.50287
CVE-2020-20391,0.00885,0.26162
CVE-2020-20392,0.00885,0.26162
CVE-2020-2040,0.01086,0.51674
CVE-2020-20406,0.00885,0.26162
CVE-2020-2041,0.01055,0.50287
CVE-2020-20412,0.00885,0.26162
CVE-2020-2042,0.01086,0.51674
CVE-2020-20425,0.00954,0.34522
CVE-2020-20426,0.00954,0.34522
CVE-2020-2043,0.00885,0.26162
CVE-2020-2044,0.00885,0.26162
CVE-2020-20444,0.00885,0.26162
CVE-2020-20445,0.0095,0.30554
CVE-2020-20446,0.0095,0.30554
CVE-2020-20448,0.00885,0.26162
CVE-2020-20450,0.00885,0.26162
CVE-2020-20451,0.00885,0.26162
CVE-2020-20453,0.0095,0.30554
CVE-2020-20466,0.01055,0.50287
CVE-2020-20467,0.01055,0.50287
CVE-2020-20468,0.00885,0.26162
CVE-2020-20469,0.01055,0.50287
CVE-2020-20470,0.00885,0.26162
CVE-2020-20471,0.01055,0.50287
CVE-2020-20472,0.01055,0.50287
CVE-2020-20473,0.01055,0.50287
CVE-2020-20474,0.01055,0.50287
CVE-2020-2048,0.00885,0.26162
CVE-2020-20486,0.00885,0.26162
CVE-2020-2049,0.00885,0.26162
CVE-2020-20490,0.00885,0.26162
CVE-2020-20495,0.00885,0.26162
CVE-2020-2050,0.01055,0.50287
CVE-2020-20514,0.00885,0.26162
CVE-2020-20545,0.00885,0.26162
CVE-2020-20582,0.00885,0.26162
CVE-2020-20583,0.00885,0.26162
CVE-2020-20584,0.01018,0.38792
CVE-2020-20585,0.00954,0.34522
CVE-2020-20586,0.0089,0.2856
CVE-2020-20593,0.00885,0.26162
CVE-2020-20595,0.00885,0.26162
CVE-2020-20597,0.00885,0.26162
CVE-2020-20598,0.00885,0.26162
CVE-2020-20600,0.00885,0.26162
CVE-2020-20601,0.01086,0.51674
CVE-2020-20605,0.00885,0.26162
CVE-2020-20625,0.00885,0.26162
CVE-2020-20626,0.00885,0.26162
CVE-2020-20627,0.00885,0.26162
CVE-2020-20628,0.00885,0.26162
CVE-2020-20633,0.00885,0.26162
CVE-2020-20634,0.00885,0.26162
CVE-2020-20640,0.00885,0.26162
CVE-2020-20642,0.00885,0.26162
CVE-2020-20645,0.00885,0.26162
CVE-2020-20657,0.00885,0.26162
CVE-2020-20658,0.00885,0.26162
CVE-2020-20662,0.00885,0.26162
CVE-2020-20663,0.00885,0.26162
CVE-2020-20664,0.00885,0.26162
CVE-2020-20665,0.00885,0.26162
CVE-2020-20670,0.01338,0.70562
CVE-2020-20671,0.00885,0.26162
CVE-2020-20672,0.00885,0.26162
CVE-2020-20675,0.00885,0.26162
CVE-2020-20691,0.00885,0.26162
CVE-2020-20692,0.00885,0.26162
CVE-2020-20693,0.00885,0.26162
CVE-2020-20695,0.00885,0.26162
CVE-2020-20696,0.00885,0.26162
CVE-2020-20698,0.01156,0.60033
CVE-2020-20699,0.00885,0.26162
CVE-2020-20700,0.00885,0.26162
CVE-2020-20701,0.00885,0.26162
CVE-2020-20739,0.01018,0.38792
CVE-2020-20740,0.01018,0.38792
CVE-2020-20741,0.01055,0.50287
CVE-2020-20746,0.01885,0.76424
CVE-2020-2075,0.01055,0.50287
CVE-2020-2076,0.00885,0.26162
CVE-2020-2077,0.00885,0.26162
CVE-2020-2078,0.00885,0.26162
CVE-2020-20781,0.00885,0.26162
CVE-2020-20796,0.00885,0.26162
CVE-2020-20797,0.00885,0.26162
CVE-2020-20799,0.00885,0.26162
CVE-2020-20800,0.00885,0.26162
CVE-2020-20891,0.00885,0.26162
CVE-2020-20892,0.00885,0.26162
CVE-2020-20896,0.00885,0.26162
CVE-2020-20898,0.00885,0.26162
CVE-2020-2090,0.00885,0.26162
CVE-2020-20902,0.00885,0.26162
CVE-2020-20907,0.00954,0.34522
CVE-2020-20908,0.00885,0.26162
CVE-2020-2091,0.00885,0.26162
CVE-2020-2092,0.00885,0.26162
CVE-2020-2093,0.00885,0.26162
CVE-2020-2094,0.00885,0.26162
CVE-2020-20943,0.00885,0.26162
CVE-2020-20944,0.00954,0.34522
CVE-2020-20945,0.00885,0.26162
CVE-2020-20946,0.00885,0.26162
CVE-2020-20948,0.00885,0.26162
CVE-2020-20949,0.01213,0.6557
CVE-2020-2095,0.00885,0.26162
CVE-2020-20950,0.01213,0.6557
CVE-2020-20951,0.01978,0.78447
CVE-2020-2097,0.00885,0.26162
CVE-2020-20971,0.00885,0.26162
CVE-2020-20975,0.00885,0.26162
CVE-2020-20977,0.00885,0.26162
CVE-2020-20979,0.01338,0.70562
CVE-2020-2098,0.00885,0.26162
CVE-2020-20981,0.00885,0.26162
CVE-2020-20982,0.01086,0.51674
CVE-2020-20988,0.00885,0.26162
CVE-2020-20989,0.00885,0.26162
CVE-2020-2099,0.01108,0.53389
CVE-2020-20990,0.00885,0.26162
CVE-2020-2100,0.01108,0.53389
CVE-2020-21003,0.00885,0.26162
CVE-2020-21005,0.00885,0.26162
CVE-2020-2101,0.01034,0.39824
CVE-2020-21012,0.01055,0.50287
CVE-2020-21013,0.00885,0.26162
CVE-2020-21014,0.00885,0.26162
CVE-2020-2102,0.01034,0.39824
CVE-2020-2103,0.01034,0.39824
CVE-2020-2104,0.01034,0.39824
CVE-2020-21041,0.00954,0.34522
CVE-2020-21046,0.01005,0.36332
CVE-2020-21048,0.01018,0.38792
CVE-2020-21049,0.01018,0.38792
CVE-2020-2105,0.01108,0.53389
CVE-2020-21050,0.01108,0.53389
CVE-2020-21053,0.00885,0.26162
CVE-2020-21054,0.00885,0.26162
CVE-2020-21055,0.00885,0.26162
CVE-2020-21056,0.00885,0.26162
CVE-2020-21057,0.00885,0.26162
CVE-2020-2106,0.00885,0.26162
CVE-2020-21066,0.00885,0.26162
CVE-2020-2107,0.00885,0.26162
CVE-2020-2108,0.00885,0.26162
CVE-2020-21081,0.00885,0.26162
CVE-2020-21082,0.00885,0.26162
CVE-2020-21087,0.01156,0.60033
CVE-2020-21088,0.01055,0.50287
CVE-2020-2109,0.00885,0.26162
CVE-2020-2110,0.00885,0.26162
CVE-2020-21101,0.01086,0.51674
CVE-2020-2111,0.00885,0.26162
CVE-2020-2112,0.00885,0.26162
CVE-2020-21121,0.00885,0.26162
CVE-2020-21122,0.00885,0.26162
CVE-2020-21124,0.01086,0.51674
CVE-2020-21125,0.01086,0.51674
CVE-2020-21126,0.00885,0.26162
CVE-2020-21127,0.00885,0.26162
CVE-2020-2113,0.00885,0.26162
CVE-2020-21130,0.00885,0.26162
CVE-2020-21131,0.00885,0.26162
CVE-2020-21132,0.00885,0.26162
CVE-2020-21133,0.00885,0.26162
CVE-2020-21139,0.00885,0.26162
CVE-2020-2114,0.00885,0.26162
CVE-2020-21141,0.00885,0.26162
CVE-2020-21142,0.00885,0.26162
CVE-2020-21146,0.00885,0.26162
CVE-2020-21147,0.01055,0.50287
CVE-2020-2115,0.00885,0.26162
CVE-2020-2116,0.00885,0.26162
CVE-2020-21161,0.00954,0.34522
CVE-2020-2117,0.00885,0.26162
CVE-2020-21176,0.01055,0.50287
CVE-2020-21179,0.01055,0.50287
CVE-2020-2118,0.00885,0.26162
CVE-2020-21180,0.01055,0.50287
CVE-2020-2119,0.00885,0.26162
CVE-2020-2120,0.00885,0.26162
CVE-2020-2121,0.01978,0.78447
CVE-2020-2122,0.00885,0.26162
CVE-2020-21228,0.00954,0.34522
CVE-2020-2123,0.01978,0.78447
CVE-2020-21236,0.00885,0.26162
CVE-2020-21237,0.00885,0.26162
CVE-2020-21238,0.00885,0.26162
CVE-2020-2124,0.00885,0.26162
CVE-2020-21244,0.00885,0.26162
CVE-2020-2125,0.00885,0.26162
CVE-2020-21250,0.00885,0.26162
CVE-2020-2126,0.00885,0.26162
CVE-2020-21266,0.00885,0.26162
CVE-2020-2127,0.00885,0.26162
CVE-2020-2128,0.00885,0.26162
CVE-2020-2129,0.00885,0.26162
CVE-2020-2130,0.00885,0.26162
CVE-2020-2131,0.00885,0.26162
CVE-2020-21316,0.01136,0.57949
CVE-2020-2132,0.00885,0.26162
CVE-2020-21321,0.00885,0.26162
CVE-2020-21322,0.01338,0.70562
CVE-2020-2133,0.00885,0.26162
CVE-2020-21333,0.00885,0.26162
CVE-2020-2134,0.00885,0.26162
CVE-2020-21342,0.00885,0.26162
CVE-2020-21345,0.01086,0.51674
CVE-2020-2135,0.00885,0.26162
CVE-2020-21353,0.00885,0.26162
CVE-2020-21356,0.00885,0.26162
CVE-2020-21357,0.00885,0.26162
CVE-2020-21358,0.00885,0.26162
CVE-2020-21359,0.01338,0.70562
CVE-2020-2136,0.00885,0.26162
CVE-2020-21362,0.00885,0.26162
CVE-2020-21363,0.00885,0.26162
CVE-2020-21365,0.01055,0.50287
CVE-2020-2137,0.00885,0.26162
CVE-2020-21377,0.00885,0.26162
CVE-2020-2138,0.00885,0.26162
CVE-2020-21386,0.00885,0.26162
CVE-2020-21387,0.00885,0.26162
CVE-2020-2139,0.00885,0.26162
CVE-2020-21394,0.00885,0.26162
CVE-2020-21405,0.00885,0.26162
CVE-2020-21406,0.00885,0.26162
CVE-2020-2141,0.00885,0.26162
CVE-2020-2142,0.00885,0.26162
CVE-2020-2143,0.00885,0.26162
CVE-2020-21431,0.00885,0.26162
CVE-2020-21434,0.00885,0.26162
CVE-2020-2144,0.00885,0.26162
CVE-2020-2145,0.00885,0.26162
CVE-2020-21452,0.00885,0.26162
CVE-2020-2146,0.00885,0.26162
CVE-2020-21468,0.00885,0.26162
CVE-2020-2147,0.00885,0.26162
CVE-2020-2148,0.00885,0.26162
CVE-2020-21480,0.01086,0.51674
CVE-2020-21481,0.01338,0.70562
CVE-2020-21482,0.00885,0.26162
CVE-2020-21483,0.01338,0.70562
CVE-2020-2149,0.00885,0.26162
CVE-2020-21493,0.00885,0.26162
CVE-2020-21494,0.00885,0.26162
CVE-2020-21495,0.00885,0.26162
CVE-2020-21496,0.00885,0.26162
CVE-2020-2150,0.00885,0.26162
CVE-2020-21503,0.00885,0.26162
CVE-2020-21504,0.00885,0.26162
CVE-2020-21505,0.00885,0.26162
CVE-2020-21506,0.00885,0.26162
CVE-2020-2151,0.00885,0.26162
CVE-2020-21517,0.00954,0.34522
CVE-2020-2152,0.00885,0.26162
CVE-2020-21522,0.00885,0.26162
CVE-2020-21523,0.01086,0.51674
CVE-2020-21524,0.00885,0.26162
CVE-2020-21525,0.00885,0.26162
CVE-2020-21526,0.00885,0.26162
CVE-2020-21527,0.00885,0.26162
CVE-2020-21529,0.00885,0.26162
CVE-2020-2153,0.00885,0.26162
CVE-2020-21530,0.00885,0.26162
CVE-2020-21531,0.00885,0.26162
CVE-2020-21532,0.00885,0.26162
CVE-2020-21533,0.00885,0.26162
CVE-2020-21534,0.00885,0.26162
CVE-2020-21535,0.00954,0.34522
CVE-2020-2154,0.00885,0.26162
CVE-2020-21547,0.00885,0.26162
CVE-2020-21548,0.00885,0.26162
CVE-2020-2155,0.00885,0.26162
CVE-2020-21554,0.0095,0.30554
CVE-2020-2156,0.00885,0.26162
CVE-2020-21564,0.02432,0.8082
CVE-2020-2157,0.00885,0.26162
CVE-2020-21572,0.00885,0.26162
CVE-2020-21573,0.00885,0.26162
CVE-2020-21574,0.00885,0.26162
CVE-2020-2158,0.01978,0.78447
CVE-2020-21585,0.00885,0.26162
CVE-2020-21588,0.00885,0.26162
CVE-2020-2159,0.00885,0.26162
CVE-2020-21590,0.00885,0.26162
CVE-2020-21594,0.00885,0.26162
CVE-2020-21595,0.00885,0.26162
CVE-2020-21596,0.00885,0.26162
CVE-2020-21597,0.00885,0.26162
CVE-2020-21598,0.00885,0.26162
CVE-2020-21599,0.00885,0.26162
CVE-2020-2160,0.00885,0.26162
CVE-2020-21600,0.00885,0.26162
CVE-2020-21601,0.00885,0.26162
CVE-2020-21602,0.00885,0.26162
CVE-2020-21603,0.00885,0.26162
CVE-2020-21604,0.00885,0.26162
CVE-2020-21605,0.00885,0.26162
CVE-2020-21606,0.00885,0.26162
CVE-2020-2161,0.00885,0.26162
CVE-2020-2162,0.00885,0.26162
CVE-2020-21627,0.00885,0.26162
CVE-2020-2163,0.00885,0.26162
CVE-2020-21639,0.00885,0.26162
CVE-2020-2164,0.00885,0.26162
CVE-2020-21641,0.01055,0.50287
CVE-2020-21642,0.01055,0.50287
CVE-2020-21648,0.00885,0.26162
CVE-2020-21649,0.00885,0.26162
CVE-2020-2165,0.00885,0.26162
CVE-2020-21650,0.01978,0.78447
CVE-2020-21651,0.01978,0.78447
CVE-2020-21652,0.01978,0.78447
CVE-2020-21653,0.00885,0.26162
CVE-2020-21654,0.00885,0.26162
CVE-2020-21656,0.00885,0.26162
CVE-2020-21658,0.00885,0.26162
CVE-2020-2166,0.01978,0.78447
CVE-2020-21665,0.00885,0.26162
CVE-2020-21667,0.00885,0.26162
CVE-2020-2167,0.01978,0.78447
CVE-2020-21674,0.01055,0.50287
CVE-2020-21675,0.00954,0.34522
CVE-2020-21676,0.00954,0.34522
CVE-2020-21677,0.00885,0.26162
CVE-2020-21678,0.00885,0.26162
CVE-2020-2168,0.01978,0.78447
CVE-2020-21680,0.00885,0.26162
CVE-2020-21681,0.00885,0.26162
CVE-2020-21682,0.00885,0.26162
CVE-2020-21683,0.00885,0.26162
CVE-2020-21684,0.00885,0.26162
CVE-2020-21688,0.0144,0.7265
CVE-2020-2169,0.00885,0.26162
CVE-2020-21697,0.00885,0.26162
CVE-2020-2170,0.00885,0.26162
CVE-2020-2171,0.00885,0.26162
CVE-2020-2172,0.00885,0.26162
CVE-2020-21725,0.00885,0.26162
CVE-2020-21726,0.00885,0.26162
CVE-2020-21729,0.00885,0.26162
CVE-2020-2173,0.00885,0.26162
CVE-2020-21731,0.00954,0.34522
CVE-2020-21732,0.00954,0.34522
CVE-2020-21733,0.01018,0.38792
CVE-2020-2174,0.00885,0.26162
CVE-2020-2175,0.00885,0.26162
CVE-2020-2176,0.00885,0.26162
CVE-2020-2177,0.00885,0.26162
CVE-2020-2178,0.00885,0.26162
CVE-2020-21783,0.00885,0.26162
CVE-2020-21784,0.00885,0.26162
CVE-2020-21785,0.02055,0.7893
CVE-2020-21786,0.00885,0.26162
CVE-2020-21787,0.00885,0.26162
CVE-2020-21788,0.00885,0.26162
CVE-2020-2179,0.01978,0.78447
CVE-2020-2180,0.01978,0.78447
CVE-2020-21806,0.00885,0.26162
CVE-2020-21808,0.00954,0.34522
CVE-2020-21809,0.01018,0.38792
CVE-2020-2181,0.00885,0.26162
CVE-2020-21813,0.00954,0.34522
CVE-2020-21814,0.00885,0.26162
CVE-2020-21815,0.00885,0.26162
CVE-2020-21816,0.00885,0.26162
CVE-2020-21817,0.00885,0.26162
CVE-2020-21818,0.00885,0.26162
CVE-2020-21819,0.00885,0.26162
CVE-2020-2182,0.00885,0.26162
CVE-2020-21827,0.00954,0.34522
CVE-2020-2183,0.00885,0.26162
CVE-2020-21830,0.00885,0.26162
CVE-2020-21831,0.00885,0.26162
CVE-2020-21832,0.00885,0.26162
CVE-2020-21833,0.00954,0.34522
CVE-2020-21834,0.00885,0.26162
CVE-2020-21835,0.00885,0.26162
CVE-2020-21836,0.00885,0.26162
CVE-2020-21838,0.00954,0.34522
CVE-2020-21839,0.00954,0.34522
CVE-2020-2184,0.00885,0.26162
CVE-2020-21840,0.00954,0.34522
CVE-2020-21841,0.00954,0.34522
CVE-2020-21842,0.00885,0.26162
CVE-2020-21843,0.00885,0.26162
CVE-2020-21844,0.0144,0.7265
CVE-2020-21845,0.00885,0.26162
CVE-2020-2185,0.00885,0.26162
CVE-2020-21854,0.00885,0.26162
CVE-2020-2186,0.00885,0.26162
CVE-2020-21865,0.01156,0.60033
CVE-2020-2187,0.00885,0.26162
CVE-2020-2188,0.00885,0.26162
CVE-2020-21883,0.02066,0.78986
CVE-2020-21884,0.00954,0.34522
CVE-2020-2189,0.01978,0.78447
CVE-2020-2190,0.00885,0.26162
CVE-2020-2191,0.00885,0.26162
CVE-2020-21913,0.01018,0.38792
CVE-2020-2192,0.00885,0.26162
CVE-2020-21929,0.00885,0.26162
CVE-2020-2193,0.00885,0.26162
CVE-2020-21930,0.00885,0.26162
CVE-2020-21932,0.00885,0.26162
CVE-2020-21933,0.00885,0.26162
CVE-2020-21934,0.00885,0.26162
CVE-2020-21935,0.0144,0.7265
CVE-2020-21936,0.00885,0.26162
CVE-2020-21937,0.02211,0.80357
CVE-2020-2194,0.00885,0.26162
CVE-2020-2195,0.00885,0.26162
CVE-2020-2196,0.0089,0.2856
CVE-2020-21967,0.01055,0.50287
CVE-2020-2197,0.00885,0.26162
CVE-2020-21976,0.00885,0.26162
CVE-2020-2198,0.00885,0.26162
CVE-2020-21987,0.00885,0.26162
CVE-2020-21989,0.00885,0.26162
CVE-2020-21990,0.01055,0.50287
CVE-2020-21991,0.00885,0.26162
CVE-2020-21992,0.01055,0.50287
CVE-2020-21993,0.00885,0.26162
CVE-2020-21994,0.00954,0.34522
CVE-2020-21995,0.00885,0.26162
CVE-2020-21996,0.02398,0.80734
CVE-2020-21997,0.00954,0.34522
CVE-2020-21998,0.00885,0.26162
CVE-2020-21999,0.02055,0.7893
CVE-2020-2200,0.02055,0.7893
CVE-2020-22000,0.0144,0.7265
CVE-2020-22001,0.00954,0.34522
CVE-2020-22002,0.00885,0.26162
CVE-2020-2201,0.00885,0.26162
CVE-2020-22015,0.02398,0.80734
CVE-2020-22016,0.00954,0.34522
CVE-2020-22017,0.00954,0.34522
CVE-2020-22019,0.00885,0.26162
CVE-2020-2202,0.00885,0.26162
CVE-2020-22020,0.01018,0.38792
CVE-2020-22021,0.00954,0.34522
CVE-2020-22022,0.00954,0.34522
CVE-2020-22023,0.00954,0.34522
CVE-2020-22024,0.00885,0.26162
CVE-2020-22025,0.01018,0.38792
CVE-2020-22026,0.00954,0.34522
CVE-2020-22027,0.00954,0.34522
CVE-2020-22028,0.01136,0.57949
CVE-2020-22029,0.00954,0.34522
CVE-2020-2203,0.00885,0.26162
CVE-2020-22030,0.00885,0.26162
CVE-2020-22031,0.01018,0.38792
CVE-2020-22032,0.01018,0.38792
CVE-2020-22033,0.00954,0.34522
CVE-2020-22034,0.00954,0.34522
CVE-2020-22035,0.00885,0.26162
CVE-2020-22036,0.00954,0.34522
CVE-2020-22037,0.01018,0.38792
CVE-2020-22038,0.00885,0.26162
CVE-2020-22039,0.00885,0.26162
CVE-2020-2204,0.00885,0.26162
CVE-2020-22040,0.00885,0.26162
CVE-2020-22041,0.00885,0.26162
CVE-2020-22042,0.00885,0.26162
CVE-2020-22043,0.00885,0.26162
CVE-2020-22044,0.00885,0.26162
CVE-2020-22046,0.00885,0.26162
CVE-2020-22048,0.00885,0.26162
CVE-2020-22049,0.01018,0.38792
CVE-2020-2205,0.00885,0.26162
CVE-2020-22051,0.00885,0.26162
CVE-2020-22054,0.01018,0.38792
CVE-2020-22056,0.00885,0.26162
CVE-2020-22057,0.00885,0.26162
CVE-2020-2206,0.00885,0.26162
CVE-2020-22061,0.00885,0.26162
CVE-2020-2207,0.00885,0.26162
CVE-2020-22079,0.05634,0.89764
CVE-2020-2208,0.00885,0.26162
CVE-2020-22083,0.06729,0.91198
CVE-2020-2209,0.00885,0.26162
CVE-2020-2210,0.00885,0.26162
CVE-2020-2211,0.01978,0.78447
CVE-2020-2212,0.00885,0.26162
CVE-2020-22120,0.01978,0.78447
CVE-2020-22122,0.00885,0.26162
CVE-2020-22124,0.00885,0.26162
CVE-2020-2213,0.00885,0.26162
CVE-2020-2214,0.00885,0.26162
CVE-2020-22148,0.00885,0.26162
CVE-2020-2215,0.00885,0.26162
CVE-2020-22150,0.00885,0.26162
CVE-2020-22158,0.00885,0.26162
CVE-2020-2216,0.00885,0.26162
CVE-2020-22164,0.01055,0.50287
CVE-2020-22165,0.01055,0.50287
CVE-2020-22166,0.01055,0.50287
CVE-2020-22167,0.00885,0.26162
CVE-2020-22168,0.01055,0.50287
CVE-2020-22169,0.01055,0.50287
CVE-2020-2217,0.00885,0.26162
CVE-2020-22170,0.01055,0.50287
CVE-2020-22171,0.01055,0.50287
CVE-2020-22172,0.01055,0.50287
CVE-2020-22173,0.01055,0.50287
CVE-2020-22174,0.01055,0.50287
CVE-2020-22175,0.01055,0.50287
CVE-2020-22176,0.01055,0.50287
CVE-2020-2218,0.00885,0.26162
CVE-2020-2219,0.00885,0.26162
CVE-2020-22198,0.00885,0.26162
CVE-2020-22199,0.00885,0.26162
CVE-2020-2220,0.00885,0.26162
CVE-2020-22200,0.00885,0.26162
CVE-2020-22201,0.00885,0.26162
CVE-2020-22203,0.00885,0.26162
CVE-2020-22204,0.00885,0.26162
CVE-2020-22205,0.00885,0.26162
CVE-2020-22206,0.00885,0.26162
CVE-2020-22208,0.00885,0.26162
CVE-2020-22209,0.00885,0.26162
CVE-2020-2221,0.00885,0.26162
CVE-2020-22210,0.00885,0.26162
CVE-2020-22211,0.00885,0.26162
CVE-2020-22212,0.00885,0.26162
CVE-2020-2222,0.00885,0.26162
CVE-2020-22222,0.00885,0.26162
CVE-2020-22223,0.00885,0.26162
CVE-2020-22224,0.00885,0.26162
CVE-2020-22225,0.00885,0.26162
CVE-2020-22226,0.00885,0.26162
CVE-2020-2223,0.00885,0.26162
CVE-2020-2224,0.00885,0.26162
CVE-2020-22249,0.01156,0.60033
CVE-2020-2225,0.00885,0.26162
CVE-2020-22251,0.00885,0.26162
CVE-2020-22253,0.00885,0.26162
CVE-2020-2226,0.00885,0.26162
CVE-2020-2227,0.00885,0.26162
CVE-2020-22273,0.00885,0.26162
CVE-2020-22274,0.00954,0.34522
CVE-2020-22275,0.00954,0.34522
CVE-2020-22276,0.00954,0.34522
CVE-2020-22277,0.0089,0.2856
CVE-2020-22278,0.00885,0.26162
CVE-2020-2228,0.00885,0.26162
CVE-2020-22283,0.00885,0.26162
CVE-2020-22284,0.00885,0.26162
CVE-2020-2230,0.02192,0.80195
CVE-2020-2231,0.02192,0.80195
CVE-2020-22312,0.00885,0.26162
CVE-2020-2232,0.00885,0.26162
CVE-2020-2233,0.00885,0.26162
CVE-2020-22330,0.00885,0.26162
CVE-2020-2234,0.00885,0.26162
CVE-2020-22345,0.01055,0.50287
CVE-2020-2235,0.00885,0.26162
CVE-2020-22352,0.00885,0.26162
CVE-2020-2236,0.00885,0.26162
CVE-2020-2237,0.00885,0.26162
CVE-2020-2238,0.00885,0.26162
CVE-2020-2239,0.00885,0.26162
CVE-2020-22390,0.01086,0.51674
CVE-2020-22392,0.00885,0.26162
CVE-2020-22394,0.00885,0.26162
CVE-2020-2240,0.00885,0.26162
CVE-2020-22403,0.00885,0.26162
CVE-2020-2241,0.00885,0.26162
CVE-2020-2242,0.00885,0.26162
CVE-2020-22421,0.00885,0.26162
CVE-2020-22425,0.01978,0.78447
CVE-2020-22427,0.01156,0.60033
CVE-2020-22428,0.0095,0.30554
CVE-2020-2243,0.00885,0.26162
CVE-2020-2244,0.00885,0.26162
CVE-2020-2245,0.00885,0.26162
CVE-2020-22453,0.00885,0.26162
CVE-2020-2246,0.00885,0.26162
CVE-2020-2247,0.00885,0.26162
CVE-2020-22474,0.00885,0.26162
CVE-2020-22475,0.00885,0.26162
CVE-2020-2248,0.00885,0.26162
CVE-2020-22481,0.00885,0.26162
CVE-2020-2249,0.00885,0.26162
CVE-2020-2250,0.00885,0.26162
CVE-2020-2251,0.00885,0.26162
CVE-2020-2252,0.00885,0.26162
CVE-2020-2253,0.00885,0.26162
CVE-2020-22535,0.00885,0.26162
CVE-2020-2254,0.00885,0.26162
CVE-2020-2255,0.00885,0.26162
CVE-2020-22550,0.00885,0.26162
CVE-2020-22552,0.00954,0.34522
CVE-2020-2256,0.00885,0.26162
CVE-2020-2257,0.00885,0.26162
CVE-2020-2258,0.00885,0.26162
CVE-2020-2259,0.00885,0.26162
CVE-2020-2260,0.00885,0.26162
CVE-2020-22607,0.00885,0.26162
CVE-2020-22608,0.00885,0.26162
CVE-2020-22609,0.00885,0.26162
CVE-2020-2261,0.00885,0.26162
CVE-2020-22617,0.00885,0.26162
CVE-2020-2262,0.00885,0.26162
CVE-2020-2263,0.00885,0.26162
CVE-2020-2264,0.00885,0.26162
CVE-2020-22643,0.01424,0.72364
CVE-2020-2265,0.00885,0.26162
CVE-2020-22650,0.00885,0.26162
CVE-2020-2266,0.00885,0.26162
CVE-2020-22669,0.00885,0.26162
CVE-2020-2267,0.00885,0.26162
CVE-2020-22673,0.00885,0.26162
CVE-2020-22674,0.00885,0.26162
CVE-2020-22675,0.00885,0.26162
CVE-2020-22677,0.00885,0.26162
CVE-2020-22678,0.00885,0.26162
CVE-2020-22679,0.00885,0.26162
CVE-2020-2268,0.00885,0.26162
CVE-2020-2269,0.00885,0.26162
CVE-2020-2270,0.00885,0.26162
CVE-2020-2271,0.00885,0.26162
CVE-2020-22719,0.00885,0.26162
CVE-2020-2272,0.00885,0.26162
CVE-2020-22721,0.01276,0.66501
CVE-2020-22722,0.00885,0.26162
CVE-2020-22723,0.01055,0.50287
CVE-2020-22724,0.01978,0.78447
CVE-2020-2273,0.00885,0.26162
CVE-2020-22732,0.00885,0.26162
CVE-2020-2274,0.00885,0.26162
CVE-2020-22741,0.00885,0.26162
CVE-2020-2275,0.00885,0.26162
CVE-2020-2276,0.00885,0.26162
CVE-2020-22761,0.00885,0.26162
CVE-2020-22765,0.00885,0.26162
CVE-2020-2277,0.00885,0.26162
CVE-2020-2278,0.00885,0.26162
CVE-2020-22781,0.00885,0.26162
CVE-2020-22782,0.00885,0.26162
CVE-2020-22783,0.00885,0.26162
CVE-2020-22784,0.00885,0.26162
CVE-2020-22785,0.00885,0.26162
CVE-2020-22789,0.01136,0.57949
CVE-2020-2279,0.02096,0.7907
CVE-2020-22790,0.03917,0.84989
CVE-2020-2280,0.02096,0.7907
CVE-2020-22807,0.00885,0.26162
CVE-2020-22808,0.00885,0.26162
CVE-2020-22809,0.00885,0.26162
CVE-2020-2281,0.00885,0.26162
CVE-2020-2282,0.00885,0.26162
CVE-2020-2283,0.00885,0.26162
CVE-2020-22839,0.02173,0.80027
CVE-2020-2284,0.00885,0.26162
CVE-2020-22841,0.08009,0.9302
CVE-2020-22842,0.00885,0.26162
CVE-2020-22844,0.00885,0.26162
CVE-2020-22845,0.00885,0.26162
CVE-2020-22848,0.01156,0.60033
CVE-2020-2285,0.00885,0.26162
CVE-2020-2286,0.00885,0.26162
CVE-2020-22864,0.00885,0.26162
CVE-2020-2287,0.00885,0.26162
CVE-2020-22873,0.01156,0.60033
CVE-2020-22874,0.01978,0.78447
CVE-2020-22875,0.01978,0.78447
CVE-2020-22876,0.01055,0.50287
CVE-2020-2288,0.00885,0.26162
CVE-2020-22882,0.00885,0.26162
CVE-2020-22884,0.01156,0.60033
CVE-2020-22885,0.01055,0.50287
CVE-2020-22886,0.01055,0.50287
CVE-2020-2289,0.00885,0.26162
CVE-2020-2290,0.00885,0.26162
CVE-2020-22907,0.01055,0.50287
CVE-2020-2291,0.00885,0.26162
CVE-2020-2292,0.00885,0.26162
CVE-2020-2293,0.00885,0.26162
CVE-2020-22937,0.01978,0.78447
CVE-2020-2294,0.00885,0.26162
CVE-2020-2295,0.00885,0.26162
CVE-2020-2296,0.00885,0.26162
CVE-2020-2297,0.00885,0.26162
CVE-2020-2298,0.00885,0.26162
CVE-2020-22983,0.01213,0.6557
CVE-2020-22984,0.04836,0.88802
CVE-2020-22985,0.04836,0.88802
CVE-2020-22986,0.04836,0.88802
CVE-2020-22987,0.04836,0.88802
CVE-2020-2299,0.00885,0.26162
CVE-2020-2300,0.00885,0.26162
CVE-2020-2301,0.00885,0.26162
CVE-2020-23014,0.00885,0.26162
CVE-2020-23015,0.00885,0.26162
CVE-2020-2302,0.00885,0.26162
CVE-2020-23026,0.00885,0.26162
CVE-2020-2303,0.00885,0.26162
CVE-2020-23036,0.00885,0.26162
CVE-2020-23037,0.00885,0.26162
CVE-2020-23038,0.00885,0.26162
CVE-2020-23039,0.00885,0.26162
CVE-2020-2304,0.00885,0.26162
CVE-2020-23040,0.00885,0.26162
CVE-2020-23041,0.00885,0.26162
CVE-2020-23042,0.00885,0.26162
CVE-2020-23043,0.01338,0.70562
CVE-2020-23044,0.00885,0.26162
CVE-2020-23045,0.00885,0.26162
CVE-2020-23046,0.00885,0.26162
CVE-2020-23047,0.00885,0.26162
CVE-2020-23048,0.00885,0.26162
CVE-2020-23049,0.00885,0.26162
CVE-2020-2305,0.00885,0.26162
CVE-2020-23050,0.00885,0.26162
CVE-2020-23051,0.00885,0.26162
CVE-2020-23052,0.00885,0.26162
CVE-2020-23054,0.00885,0.26162
CVE-2020-23055,0.00885,0.26162
CVE-2020-23058,0.00885,0.26162
CVE-2020-2306,0.00885,0.26162
CVE-2020-23060,0.00885,0.26162
CVE-2020-23061,0.00885,0.26162
CVE-2020-23069,0.00885,0.26162
CVE-2020-2307,0.00885,0.26162
CVE-2020-23079,0.00885,0.26162
CVE-2020-2308,0.00885,0.26162
CVE-2020-23083,0.01424,0.72364
CVE-2020-2309,0.00885,0.26162
CVE-2020-2310,0.00885,0.26162
CVE-2020-23109,0.00885,0.26162
CVE-2020-2311,0.00885,0.26162
CVE-2020-2312,0.00885,0.26162
CVE-2020-23126,0.00885,0.26162
CVE-2020-23127,0.00885,0.26162
CVE-2020-23128,0.00885,0.26162
CVE-2020-2313,0.00885,0.26162
CVE-2020-23136,0.00885,0.26162
CVE-2020-23138,0.00885,0.26162
CVE-2020-23139,0.00885,0.26162
CVE-2020-2314,0.00885,0.26162
CVE-2020-23140,0.00885,0.26162
CVE-2020-23148,0.00885,0.26162
CVE-2020-23149,0.00885,0.26162
CVE-2020-2315,0.00885,0.26162
CVE-2020-23150,0.00885,0.26162
CVE-2020-23151,0.02055,0.7893
CVE-2020-2316,0.00885,0.26162
CVE-2020-2317,0.00885,0.26162
CVE-2020-23171,0.00885,0.26162
CVE-2020-23172,0.00885,0.26162
CVE-2020-23178,0.00885,0.26162
CVE-2020-23179,0.00885,0.26162
CVE-2020-2318,0.00885,0.26162
CVE-2020-23181,0.00885,0.26162
CVE-2020-23182,0.00885,0.26162
CVE-2020-23184,0.00885,0.26162
CVE-2020-23185,0.00885,0.26162
CVE-2020-2319,0.00885,0.26162
CVE-2020-23190,0.00885,0.26162
CVE-2020-23192,0.00885,0.26162
CVE-2020-23194,0.00885,0.26162
CVE-2020-2320,0.00885,0.26162
CVE-2020-23205,0.00885,0.26162
CVE-2020-23207,0.00885,0.26162
CVE-2020-23208,0.00885,0.26162
CVE-2020-23209,0.00885,0.26162
CVE-2020-2321,0.00885,0.26162
CVE-2020-23214,0.00885,0.26162
CVE-2020-23217,0.00885,0.26162
CVE-2020-23219,0.01086,0.51674
CVE-2020-2322,0.00885,0.26162
CVE-2020-23226,0.00885,0.26162
CVE-2020-2323,0.00885,0.26162
CVE-2020-23234,0.00885,0.26162
CVE-2020-23238,0.00885,0.26162
CVE-2020-23239,0.00885,0.26162
CVE-2020-2324,0.00885,0.26162
CVE-2020-23240,0.00885,0.26162
CVE-2020-23241,0.00885,0.26162
CVE-2020-23242,0.00885,0.26162
CVE-2020-23243,0.00885,0.26162
CVE-2020-23249,0.00885,0.26162
CVE-2020-23250,0.00885,0.26162
CVE-2020-23262,0.00885,0.26162
CVE-2020-23263,0.01055,0.50287
CVE-2020-23264,0.01055,0.50287
CVE-2020-23266,0.00885,0.26162
CVE-2020-23267,0.00885,0.26162
CVE-2020-23269,0.00885,0.26162
CVE-2020-23273,0.00885,0.26162
CVE-2020-23282,0.00885,0.26162
CVE-2020-23283,0.00885,0.26162
CVE-2020-23284,0.00885,0.26162
CVE-2020-23302,0.00885,0.26162
CVE-2020-23303,0.00885,0.26162
CVE-2020-23306,0.00885,0.26162
CVE-2020-23308,0.00885,0.26162
CVE-2020-23309,0.00885,0.26162
CVE-2020-23310,0.00885,0.26162
CVE-2020-23311,0.00885,0.26162
CVE-2020-23312,0.00885,0.26162
CVE-2020-23313,0.00885,0.26162
CVE-2020-23314,0.00885,0.26162
CVE-2020-23315,0.02251,0.80538
CVE-2020-23319,0.00885,0.26162
CVE-2020-23320,0.00885,0.26162
CVE-2020-23321,0.00885,0.26162
CVE-2020-23322,0.00885,0.26162
CVE-2020-23323,0.00885,0.26162
CVE-2020-23330,0.00885,0.26162
CVE-2020-23331,0.00885,0.26162
CVE-2020-23332,0.00885,0.26162
CVE-2020-23333,0.00885,0.26162
CVE-2020-23334,0.00885,0.26162
CVE-2020-23341,0.00885,0.26162
CVE-2020-23349,0.00885,0.26162
CVE-2020-23352,0.00885,0.26162
CVE-2020-23355,0.00885,0.26162
CVE-2020-23356,0.00885,0.26162
CVE-2020-23359,0.00885,0.26162
CVE-2020-23360,0.00885,0.26162
CVE-2020-23361,0.00885,0.26162
CVE-2020-23369,0.00885,0.26162
CVE-2020-23370,0.01055,0.50287
CVE-2020-23371,0.01055,0.50287
CVE-2020-23373,0.01055,0.50287
CVE-2020-23374,0.01055,0.50287
CVE-2020-23376,0.00885,0.26162
CVE-2020-23426,0.00885,0.26162
CVE-2020-23446,0.00954,0.34522
CVE-2020-23447,0.00885,0.26162
CVE-2020-23448,0.00885,0.26162
CVE-2020-23449,0.00885,0.26162
CVE-2020-23450,0.0089,0.2856
CVE-2020-23451,0.00885,0.26162
CVE-2020-23466,0.00885,0.26162
CVE-2020-23469,0.00885,0.26162
CVE-2020-23478,0.00885,0.26162
CVE-2020-23481,0.00885,0.26162
CVE-2020-23512,0.00885,0.26162
CVE-2020-23518,0.01055,0.50287
CVE-2020-23520,0.01424,0.72364
CVE-2020-23522,0.07308,0.9216
CVE-2020-23533,0.01018,0.38792
CVE-2020-23534,0.00885,0.26162
CVE-2020-23539,0.01055,0.50287
CVE-2020-23545,0.00954,0.34522
CVE-2020-23546,0.00954,0.34522
CVE-2020-23549,0.00885,0.26162
CVE-2020-23561,0.00885,0.26162
CVE-2020-23562,0.00885,0.26162
CVE-2020-23563,0.00885,0.26162
CVE-2020-23565,0.01036,0.41241
CVE-2020-23566,0.00885,0.26162
CVE-2020-23567,0.00885,0.26162
CVE-2020-23572,0.01338,0.70562
CVE-2020-23574,0.00885,0.26162
CVE-2020-23575,0.00885,0.26162
CVE-2020-23576,0.00885,0.26162
CVE-2020-23580,0.01156,0.60033
CVE-2020-23617,0.00885,0.26162
CVE-2020-23618,0.00885,0.26162
CVE-2020-23620,0.03938,0.85198
CVE-2020-23621,0.03938,0.85198
CVE-2020-23622,0.00885,0.26162
CVE-2020-23630,0.0089,0.2856
CVE-2020-23631,0.01055,0.50287
CVE-2020-23639,0.01055,0.50287
CVE-2020-23643,0.00885,0.26162
CVE-2020-23644,0.00885,0.26162
CVE-2020-23653,0.01156,0.60033
CVE-2020-23654,0.00885,0.26162
CVE-2020-23655,0.00885,0.26162
CVE-2020-23656,0.00885,0.26162
CVE-2020-23657,0.00885,0.26162
CVE-2020-23658,0.00885,0.26162
CVE-2020-23659,0.00885,0.26162
CVE-2020-23660,0.00885,0.26162
CVE-2020-23679,0.01086,0.51674
CVE-2020-23680,0.00885,0.26162
CVE-2020-23685,0.01086,0.51674
CVE-2020-23686,0.00885,0.26162
CVE-2020-23689,0.00885,0.26162
CVE-2020-23691,0.01156,0.60033
CVE-2020-23697,0.00885,0.26162
CVE-2020-23700,0.00885,0.26162
CVE-2020-23702,0.00885,0.26162
CVE-2020-23705,0.00885,0.26162
CVE-2020-23706,0.00885,0.26162
CVE-2020-23707,0.00885,0.26162
CVE-2020-23710,0.00885,0.26162
CVE-2020-23711,0.00885,0.26162
CVE-2020-23715,0.00885,0.26162
CVE-2020-23718,0.01086,0.51674
CVE-2020-23719,0.01086,0.51674
CVE-2020-23721,0.00885,0.26162
CVE-2020-23722,0.00885,0.26162
CVE-2020-23726,0.0095,0.30554
CVE-2020-23727,0.0089,0.2856
CVE-2020-23735,0.00885,0.26162
CVE-2020-23736,0.0089,0.2856
CVE-2020-23738,0.0089,0.2856
CVE-2020-23740,0.0095,0.30554
CVE-2020-23741,0.0089,0.2856
CVE-2020-23754,0.02509,0.81058
CVE-2020-23761,0.01055,0.50287
CVE-2020-23762,0.01055,0.50287
CVE-2020-23763,0.01055,0.50287
CVE-2020-23765,0.00885,0.26162
CVE-2020-23766,0.01055,0.50287
CVE-2020-23768,0.00885,0.26162
CVE-2020-23774,0.00885,0.26162
CVE-2020-23776,0.00885,0.26162
CVE-2020-23790,0.00885,0.26162
CVE-2020-23811,0.00885,0.26162
CVE-2020-23814,0.01055,0.50287
CVE-2020-23824,0.01156,0.60033
CVE-2020-23826,0.04571,0.88388
CVE-2020-23828,0.06545,0.90967
CVE-2020-23829,0.06302,0.90368
CVE-2020-23830,0.08382,0.93597
CVE-2020-23831,0.01055,0.50287
CVE-2020-23832,0.01136,0.57949
CVE-2020-23833,0.05634,0.89764
CVE-2020-23834,0.01832,0.76196
CVE-2020-23835,0.02173,0.80027
CVE-2020-23836,0.08382,0.93597
CVE-2020-23837,0.08382,0.93597
CVE-2020-23849,0.00885,0.26162
CVE-2020-23851,0.00885,0.26162
CVE-2020-23852,0.00885,0.26162
CVE-2020-23856,0.0095,0.30554
CVE-2020-23861,0.00885,0.26162
CVE-2020-23864,0.00885,0.26162
CVE-2020-23868,0.00885,0.26162
CVE-2020-23872,0.00885,0.26162
CVE-2020-23873,0.00954,0.34522
CVE-2020-23874,0.00954,0.34522
CVE-2020-23876,0.00885,0.26162
CVE-2020-23877,0.00885,0.26162
CVE-2020-23878,0.00885,0.26162
CVE-2020-23879,0.00885,0.26162
CVE-2020-23884,0.00954,0.34522
CVE-2020-23886,0.00954,0.34522
CVE-2020-23887,0.00885,0.26162
CVE-2020-23888,0.00885,0.26162
CVE-2020-23889,0.00885,0.26162
CVE-2020-23890,0.00885,0.26162
CVE-2020-23891,0.00885,0.26162
CVE-2020-23893,0.00885,0.26162
CVE-2020-23894,0.00885,0.26162
CVE-2020-23895,0.00885,0.26162
CVE-2020-23896,0.00885,0.26162
CVE-2020-23897,0.00885,0.26162
CVE-2020-23898,0.00885,0.26162
CVE-2020-23899,0.00885,0.26162
CVE-2020-23900,0.00885,0.26162
CVE-2020-23901,0.00885,0.26162
CVE-2020-23902,0.00885,0.26162
CVE-2020-23903,0.00954,0.34522
CVE-2020-23904,0.00885,0.26162
CVE-2020-23906,0.00885,0.26162
CVE-2020-23907,0.0144,0.7265
CVE-2020-23912,0.00885,0.26162
CVE-2020-23914,0.00885,0.26162
CVE-2020-23915,0.00954,0.34522
CVE-2020-23921,0.00885,0.26162
CVE-2020-23922,0.01018,0.38792
CVE-2020-23928,0.01018,0.38792
CVE-2020-23930,0.00885,0.26162
CVE-2020-23931,0.01018,0.38792
CVE-2020-23932,0.00885,0.26162
CVE-2020-23935,0.00885,0.26162
CVE-2020-23936,0.00885,0.26162
CVE-2020-23945,0.00885,0.26162
CVE-2020-23957,0.00885,0.26162
CVE-2020-23960,0.01055,0.50287
CVE-2020-23962,0.00885,0.26162
CVE-2020-23967,0.0089,0.2856
CVE-2020-23971,0.00885,0.26162
CVE-2020-23972,0.08382,0.93597
CVE-2020-23973,0.00885,0.26162
CVE-2020-23974,0.00885,0.26162
CVE-2020-23975,0.00885,0.26162
CVE-2020-23976,0.00885,0.26162
CVE-2020-23977,0.00885,0.26162
CVE-2020-23978,0.00885,0.26162
CVE-2020-23979,0.00885,0.26162
CVE-2020-23980,0.00885,0.26162
CVE-2020-23981,0.00885,0.26162
CVE-2020-23982,0.00885,0.26162
CVE-2020-23983,0.00885,0.26162
CVE-2020-23984,0.00885,0.26162
CVE-2020-23986,0.00885,0.26162
CVE-2020-23989,0.00885,0.26162
CVE-2020-23995,0.01132,0.54372
CVE-2020-23996,0.04571,0.88388
CVE-2020-24000,0.01086,0.51674
CVE-2020-24003,0.0115,0.5906
CVE-2020-24007,0.00885,0.26162
CVE-2020-24008,0.00885,0.26162
CVE-2020-24020,0.0144,0.7265
CVE-2020-24025,0.00885,0.26162
CVE-2020-24026,0.00954,0.34522
CVE-2020-24027,0.00885,0.26162
CVE-2020-24028,0.0089,0.2856
CVE-2020-24029,0.00885,0.26162
CVE-2020-24030,0.00885,0.26162
CVE-2020-24032,0.02211,0.80357
CVE-2020-24034,0.0095,0.30554
CVE-2020-24036,0.01132,0.54372
CVE-2020-24038,0.00885,0.26162
CVE-2020-24045,0.02199,0.80273
CVE-2020-24046,0.02199,0.80273
CVE-2020-24051,0.00885,0.26162
CVE-2020-24052,0.01055,0.50287
CVE-2020-24053,0.00885,0.26162
CVE-2020-24054,0.00885,0.26162
CVE-2020-24055,0.00885,0.26162
CVE-2020-24056,0.00885,0.26162
CVE-2020-24057,0.02055,0.7893
CVE-2020-24063,0.01018,0.38792
CVE-2020-24074,0.00885,0.26162
CVE-2020-24085,0.00885,0.26162
CVE-2020-24104,0.00885,0.26162
CVE-2020-24115,0.00885,0.26162
CVE-2020-24119,0.01018,0.38792
CVE-2020-24130,0.00885,0.26162
CVE-2020-24133,0.02398,0.80734
CVE-2020-24135,0.01055,0.50287
CVE-2020-24136,0.00885,0.26162
CVE-2020-24137,0.00885,0.26162
CVE-2020-24138,0.01055,0.50287
CVE-2020-24139,0.00885,0.26162
CVE-2020-24140,0.00885,0.26162
CVE-2020-24141,0.00885,0.26162
CVE-2020-24142,0.00885,0.26162
CVE-2020-24143,0.00885,0.26162
CVE-2020-24144,0.00885,0.26162
CVE-2020-24145,0.01055,0.50287
CVE-2020-24146,0.00885,0.26162
CVE-2020-24147,0.00885,0.26162
CVE-2020-24148,0.00885,0.26162
CVE-2020-24149,0.00885,0.26162
CVE-2020-24158,0.00885,0.26162
CVE-2020-24159,0.00885,0.26162
CVE-2020-24160,0.00885,0.26162
CVE-2020-24161,0.00885,0.26162
CVE-2020-24162,0.00885,0.26162
CVE-2020-24164,0.00885,0.26162
CVE-2020-24175,0.01559,0.742
CVE-2020-24188,0.01055,0.50287
CVE-2020-24193,0.01564,0.74439
CVE-2020-24194,0.01055,0.50287
CVE-2020-24195,0.02432,0.8082
CVE-2020-24196,0.01424,0.72364
CVE-2020-24197,0.01055,0.50287
CVE-2020-24198,0.01055,0.50287
CVE-2020-24199,0.05634,0.89764
CVE-2020-24202,0.02432,0.8082
CVE-2020-24203,0.02432,0.8082
CVE-2020-24208,0.01564,0.74439
CVE-2020-24213,0.00885,0.26162
CVE-2020-24214,0.08382,0.93597
CVE-2020-24215,0.1246,0.95137
CVE-2020-24216,0.00885,0.26162
CVE-2020-24217,0.1246,0.95137
CVE-2020-24218,0.00885,0.26162
CVE-2020-24219,0.08382,0.93597
CVE-2020-24220,0.01086,0.51674
CVE-2020-24231,0.01086,0.51674
CVE-2020-24240,0.00954,0.34522
CVE-2020-24241,0.00885,0.26162
CVE-2020-24242,0.00885,0.26162
CVE-2020-24246,0.00885,0.26162
CVE-2020-24263,0.01156,0.60033
CVE-2020-24264,0.01156,0.60033
CVE-2020-24265,0.01018,0.38792
CVE-2020-24266,0.01018,0.38792
CVE-2020-24271,0.00885,0.26162
CVE-2020-24285,0.00885,0.26162
CVE-2020-24301,0.00885,0.26162
CVE-2020-24303,0.00954,0.34522
CVE-2020-24313,0.00885,0.26162
CVE-2020-24314,0.00885,0.26162
CVE-2020-24315,0.00885,0.26162
CVE-2020-24316,0.00885,0.26162
CVE-2020-24327,0.00885,0.26162
CVE-2020-24330,0.0095,0.30554
CVE-2020-24331,0.0095,0.30554
CVE-2020-24332,0.0095,0.30554
CVE-2020-24333,0.00885,0.26162
CVE-2020-24334,0.00885,0.26162
CVE-2020-24335,0.01018,0.38792
CVE-2020-24336,0.00885,0.26162
CVE-2020-24337,0.00885,0.26162
CVE-2020-24338,0.01978,0.78447
CVE-2020-24339,0.00885,0.26162
CVE-2020-24340,0.00885,0.26162
CVE-2020-24341,0.00885,0.26162
CVE-2020-24342,0.00954,0.34522
CVE-2020-24343,0.00885,0.26162
CVE-2020-24344,0.00885,0.26162
CVE-2020-24345,0.00885,0.26162
CVE-2020-24346,0.00885,0.26162
CVE-2020-24347,0.00885,0.26162
CVE-2020-24348,0.00885,0.26162
CVE-2020-24349,0.0089,0.2856
CVE-2020-24352,0.0089,0.2856
CVE-2020-24353,0.00885,0.26162
CVE-2020-24354,0.00885,0.26162
CVE-2020-24355,0.00954,0.34522
CVE-2020-24356,0.00885,0.26162
CVE-2020-24359,0.00885,0.26162
CVE-2020-24360,0.00885,0.26162
CVE-2020-24361,0.00954,0.34522
CVE-2020-24363,0.06998,0.91864
CVE-2020-24364,0.0144,0.7265
CVE-2020-24365,0.07308,0.9216
CVE-2020-24366,0.00885,0.26162
CVE-2020-24367,0.00885,0.26162
CVE-2020-24368,0.01108,0.53389
CVE-2020-24369,0.00885,0.26162
CVE-2020-24370,0.01018,0.38792
CVE-2020-24371,0.00885,0.26162
CVE-2020-24372,0.00885,0.26162
CVE-2020-24373,0.00885,0.26162
CVE-2020-24374,0.00885,0.26162
CVE-2020-24375,0.00885,0.26162
CVE-2020-24376,0.00885,0.26162
CVE-2020-24377,0.00885,0.26162
CVE-2020-24379,0.01108,0.53389
CVE-2020-24381,0.01055,0.50287
CVE-2020-24383,0.00885,0.26162
CVE-2020-24384,0.01156,0.60033
CVE-2020-24385,0.00885,0.26162
CVE-2020-24386,0.01282,0.67298
CVE-2020-24387,0.01018,0.38792
CVE-2020-24388,0.01018,0.38792
CVE-2020-24390,0.00954,0.34522
CVE-2020-24391,0.00885,0.26162
CVE-2020-24392,0.00885,0.26162
CVE-2020-24393,0.00885,0.26162
CVE-2020-24394,0.01282,0.67298
CVE-2020-24395,0.01005,0.36332
CVE-2020-24396,0.01136,0.57949
CVE-2020-24397,0.01978,0.78447
CVE-2020-24400,0.00885,0.26162
CVE-2020-24401,0.00885,0.26162
CVE-2020-24402,0.00885,0.26162
CVE-2020-24403,0.00885,0.26162
CVE-2020-24404,0.00885,0.26162
CVE-2020-24405,0.00885,0.26162
CVE-2020-24406,0.00885,0.26162
CVE-2020-24407,0.01338,0.70562
CVE-2020-24408,0.00885,0.26162
CVE-2020-24409,0.01768,0.7561
CVE-2020-24410,0.01768,0.7561
CVE-2020-24411,0.01768,0.7561
CVE-2020-24412,0.01223,0.65839
CVE-2020-24413,0.01223,0.65839
CVE-2020-24414,0.01223,0.65839
CVE-2020-24415,0.01223,0.65839
CVE-2020-24416,0.01046,0.41635
CVE-2020-24418,0.01223,0.65839
CVE-2020-24419,0.01223,0.65839
CVE-2020-24420,0.01223,0.65839
CVE-2020-24421,0.01046,0.41635
CVE-2020-24422,0.01223,0.65839
CVE-2020-24423,0.01223,0.65839
CVE-2020-24424,0.01223,0.65839
CVE-2020-24425,0.01046,0.41635
CVE-2020-24426,0.01046,0.41635
CVE-2020-24427,0.01046,0.41635
CVE-2020-24428,0.01046,0.41635
CVE-2020-24429,0.01046,0.41635
CVE-2020-24430,0.01223,0.65839
CVE-2020-24431,0.01046,0.41635
CVE-2020-24432,0.01223,0.65839
CVE-2020-24433,0.01223,0.65839
CVE-2020-24434,0.01046,0.41635
CVE-2020-24435,0.01768,0.7561
CVE-2020-24436,0.01768,0.7561
CVE-2020-24437,0.01768,0.7561
CVE-2020-24438,0.01046,0.41635
CVE-2020-24439,0.01046,0.41635
CVE-2020-24440,0.01223,0.65839
CVE-2020-24441,0.01046,0.41635
CVE-2020-24442,0.01046,0.41635
CVE-2020-24443,0.01046,0.41635
CVE-2020-24444,0.01046,0.41635
CVE-2020-24445,0.01046,0.41635
CVE-2020-24447,0.01223,0.65839
CVE-2020-24448,0.00885,0.26162
CVE-2020-24450,0.00885,0.26162
CVE-2020-24451,0.00885,0.26162
CVE-2020-24452,0.00885,0.26162
CVE-2020-24453,0.00885,0.26162
CVE-2020-24454,0.00885,0.26162
CVE-2020-24455,0.0095,0.30554
CVE-2020-24456,0.00885,0.26162
CVE-2020-24457,0.00885,0.26162
CVE-2020-24458,0.00885,0.26162
CVE-2020-24460,0.00885,0.26162
CVE-2020-24462,0.00885,0.26162
CVE-2020-24473,0.00885,0.26162
CVE-2020-24474,0.00885,0.26162
CVE-2020-24475,0.00885,0.26162
CVE-2020-24480,0.00885,0.26162
CVE-2020-24481,0.00885,0.26162
CVE-2020-24482,0.00885,0.26162
CVE-2020-24485,0.00885,0.26162
CVE-2020-24486,0.0089,0.2856
CVE-2020-24489,0.0089,0.2856
CVE-2020-24490,0.00885,0.26162
CVE-2020-24491,0.00885,0.26162
CVE-2020-24492,0.00885,0.26162
CVE-2020-24493,0.00885,0.26162
CVE-2020-24494,0.00885,0.26162
CVE-2020-24495,0.00885,0.26162
CVE-2020-24496,0.00885,0.26162
CVE-2020-24497,0.00885,0.26162
CVE-2020-24498,0.00885,0.26162
CVE-2020-24500,0.00885,0.26162
CVE-2020-24501,0.00885,0.26162
CVE-2020-24502,0.00885,0.26162
CVE-2020-24503,0.00885,0.26162
CVE-2020-24504,0.00885,0.26162
CVE-2020-24505,0.00885,0.26162
CVE-2020-24506,0.0089,0.2856
CVE-2020-24507,0.0089,0.2856
CVE-2020-24509,0.00885,0.26162
CVE-2020-24511,0.0095,0.30554
CVE-2020-24512,0.0095,0.30554
CVE-2020-24513,0.01365,0.70715
CVE-2020-24514,0.00885,0.26162
CVE-2020-24515,0.00885,0.26162
CVE-2020-24516,0.00885,0.26162
CVE-2020-24525,0.00885,0.26162
CVE-2020-24548,0.00885,0.26162
CVE-2020-24549,0.08078,0.93055
CVE-2020-24551,0.00885,0.26162
CVE-2020-24552,0.02055,0.7893
CVE-2020-24553,0.01537,0.73595
CVE-2020-24554,0.01055,0.50287
CVE-2020-24556,0.01365,0.70715
CVE-2020-24557,0.0089,0.2856
CVE-2020-24558,0.0089,0.2856
CVE-2020-24559,0.01365,0.70715
CVE-2020-24560,0.01018,0.38792
CVE-2020-24561,0.01086,0.51674
CVE-2020-24562,0.01005,0.36332
CVE-2020-24563,0.01005,0.36332
CVE-2020-24564,0.00885,0.26162
CVE-2020-24565,0.00885,0.26162
CVE-2020-24566,0.0144,0.7265
CVE-2020-24567,0.00885,0.26162
CVE-2020-24568,0.00885,0.26162
CVE-2020-24569,0.00885,0.26162
CVE-2020-24570,0.00885,0.26162
CVE-2020-24571,0.00885,0.26162
CVE-2020-24573,0.00885,0.26162
CVE-2020-24574,0.01018,0.38792
CVE-2020-24576,0.00885,0.26162
CVE-2020-24577,0.00954,0.34522
CVE-2020-24578,0.00885,0.26162
CVE-2020-24579,0.00885,0.26162
CVE-2020-24580,0.00885,0.26162
CVE-2020-24581,0.00885,0.26162
CVE-2020-24582,0.00885,0.26162
CVE-2020-24583,0.01537,0.73595
CVE-2020-24584,0.01537,0.73595
CVE-2020-24585,0.00885,0.26162
CVE-2020-24586,0.01183,0.60428
CVE-2020-24587,0.01183,0.60428
CVE-2020-24588,0.10114,0.94303
CVE-2020-24589,0.00885,0.26162
CVE-2020-24590,0.00885,0.26162
CVE-2020-24591,0.00885,0.26162
CVE-2020-24592,0.00885,0.26162
CVE-2020-24593,0.01055,0.50287
CVE-2020-24594,0.0144,0.7265
CVE-2020-24595,0.00885,0.26162
CVE-2020-24598,0.00885,0.26162
CVE-2020-24599,0.00885,0.26162
CVE-2020-24601,0.00885,0.26162
CVE-2020-24602,0.00885,0.26162
CVE-2020-24604,0.01055,0.50287
CVE-2020-24606,0.02686,0.82061
CVE-2020-24612,0.00885,0.26162
CVE-2020-24613,0.00885,0.26162
CVE-2020-24614,0.05822,0.89949
CVE-2020-24615,0.00885,0.26162
CVE-2020-24617,0.00885,0.26162
CVE-2020-24618,0.0089,0.2856
CVE-2020-24619,0.00885,0.26162
CVE-2020-24620,0.00885,0.26162
CVE-2020-24621,0.04571,0.88388
CVE-2020-24622,0.00885,0.26162
CVE-2020-24623,0.00885,0.26162
CVE-2020-24624,0.00885,0.26162
CVE-2020-24625,0.00885,0.26162
CVE-2020-24626,0.01156,0.60033
CVE-2020-24627,0.00885,0.26162
CVE-2020-24628,0.01055,0.50287
CVE-2020-24629,0.00885,0.26162
CVE-2020-24630,0.00885,0.26162
CVE-2020-24631,0.01156,0.60033
CVE-2020-24632,0.01156,0.60033
CVE-2020-24633,0.01156,0.60033
CVE-2020-24634,0.00885,0.26162
CVE-2020-24635,0.01978,0.78447
CVE-2020-24636,0.01978,0.78447
CVE-2020-24637,0.00885,0.26162
CVE-2020-24638,0.01156,0.60033
CVE-2020-24639,0.01086,0.51674
CVE-2020-24640,0.01086,0.51674
CVE-2020-24641,0.00885,0.26162
CVE-2020-24646,0.01377,0.70912
CVE-2020-24647,0.01293,0.6731
CVE-2020-24648,0.01377,0.70912
CVE-2020-24649,0.01293,0.6731
CVE-2020-24650,0.01377,0.70912
CVE-2020-24651,0.01377,0.70912
CVE-2020-24652,0.01377,0.70912
CVE-2020-24653,0.00885,0.26162
CVE-2020-24654,0.01537,0.73595
CVE-2020-24655,0.00885,0.26162
CVE-2020-24656,0.00885,0.26162
CVE-2020-24658,0.00885,0.26162
CVE-2020-24659,0.01537,0.73595
CVE-2020-24660,0.01018,0.38792
CVE-2020-24661,0.01018,0.38792
CVE-2020-24662,0.00885,0.26162
CVE-2020-24663,0.00885,0.26162
CVE-2020-24664,0.01055,0.50287
CVE-2020-24665,0.01055,0.50287
CVE-2020-24666,0.01055,0.50287
CVE-2020-24667,0.00885,0.26162
CVE-2020-24668,0.00885,0.26162
CVE-2020-24669,0.01055,0.50287
CVE-2020-24670,0.01055,0.50287
CVE-2020-24671,0.00885,0.26162
CVE-2020-24672,0.00885,0.26162
CVE-2020-24673,0.00885,0.26162
CVE-2020-24674,0.01978,0.78447
CVE-2020-24675,0.00885,0.26162
CVE-2020-24676,0.01005,0.36332
CVE-2020-24677,0.0144,0.7265
CVE-2020-24678,0.01055,0.50287
CVE-2020-24679,0.0144,0.7265
CVE-2020-24680,0.00885,0.26162
CVE-2020-24683,0.00885,0.26162
CVE-2020-24685,0.00885,0.26162
CVE-2020-24686,0.01086,0.51674
CVE-2020-24692,0.01005,0.36332
CVE-2020-24693,0.00885,0.26162
CVE-2020-24696,0.01156,0.60033
CVE-2020-24697,0.01055,0.50287
CVE-2020-24698,0.01156,0.60033
CVE-2020-24699,0.00885,0.26162
CVE-2020-24700,0.0095,0.30554
CVE-2020-24701,0.01018,0.38792
CVE-2020-24703,0.00885,0.26162
CVE-2020-24704,0.00885,0.26162
CVE-2020-24705,0.00885,0.26162
CVE-2020-24706,0.00885,0.26162
CVE-2020-24707,0.00954,0.34522
CVE-2020-24708,0.00885,0.26162
CVE-2020-24709,0.00885,0.26162
CVE-2020-24710,0.00954,0.34522
CVE-2020-24711,0.00954,0.34522
CVE-2020-24712,0.0089,0.2856
CVE-2020-24713,0.00885,0.26162
CVE-2020-24714,0.00885,0.26162
CVE-2020-24715,0.00885,0.26162
CVE-2020-24716,0.0095,0.30554
CVE-2020-24717,0.0095,0.30554
CVE-2020-24718,0.0089,0.2856
CVE-2020-24719,0.01156,0.60033
CVE-2020-24721,0.0095,0.30554
CVE-2020-24722,0.01018,0.38792
CVE-2020-24723,0.0089,0.2856
CVE-2020-24739,0.00885,0.26162
CVE-2020-24740,0.00885,0.26162
CVE-2020-24742,0.01036,0.41241
CVE-2020-24743,0.00885,0.26162
CVE-2020-24753,0.0144,0.7265
CVE-2020-24755,0.01036,0.41241
CVE-2020-24769,0.01136,0.57949
CVE-2020-24770,0.01136,0.57949
CVE-2020-24771,0.00954,0.34522
CVE-2020-24772,0.01086,0.51674
CVE-2020-24786,0.04459,0.87713
CVE-2020-24791,0.00954,0.34522
CVE-2020-24794,0.00885,0.26162
CVE-2020-24807,0.04836,0.88802
CVE-2020-24815,0.0089,0.2856
CVE-2020-24821,0.00885,0.26162
CVE-2020-24822,0.00885,0.26162
CVE-2020-24823,0.00885,0.26162
CVE-2020-24824,0.00885,0.26162
CVE-2020-24825,0.00885,0.26162
CVE-2020-24826,0.00885,0.26162
CVE-2020-24827,0.00885,0.26162
CVE-2020-24829,0.00885,0.26162
CVE-2020-24837,0.01086,0.51674
CVE-2020-24838,0.00885,0.26162
CVE-2020-24841,0.01564,0.74439
CVE-2020-24842,0.00885,0.26162
CVE-2020-24847,0.00885,0.26162
CVE-2020-24848,0.00885,0.26162
CVE-2020-24849,0.04571,0.88388
CVE-2020-24860,0.02192,0.80195
CVE-2020-24861,0.07308,0.9216
CVE-2020-24862,0.00954,0.34522
CVE-2020-24863,0.0095,0.30554
CVE-2020-24870,0.00954,0.34522
CVE-2020-24876,0.01055,0.50287
CVE-2020-24877,0.00885,0.26162
CVE-2020-24881,0.08382,0.93597
CVE-2020-24889,0.01005,0.36332
CVE-2020-24890,0.01559,0.742
CVE-2020-24897,0.01055,0.50287
CVE-2020-24898,0.00885,0.26162
CVE-2020-24899,0.01156,0.60033
CVE-2020-2490,0.01055,0.50287
CVE-2020-24900,0.00885,0.26162
CVE-2020-24901,0.00885,0.26162
CVE-2020-24902,0.01055,0.50287
CVE-2020-24903,0.01055,0.50287
CVE-2020-24908,0.00885,0.26162
CVE-2020-2491,0.01055,0.50287
CVE-2020-24912,0.01018,0.38792
CVE-2020-24913,0.01108,0.53389
CVE-2020-24914,0.02509,0.81058
CVE-2020-24916,0.02564,0.81198
CVE-2020-24917,0.00954,0.34522
CVE-2020-24918,0.02509,0.81058
CVE-2020-2492,0.01055,0.50287
CVE-2020-24924,0.0089,0.2856
CVE-2020-24925,0.00885,0.26162
CVE-2020-24928,0.00885,0.26162
CVE-2020-2493,0.01055,0.50287
CVE-2020-24930,0.00885,0.26162
CVE-2020-24932,0.00885,0.26162
CVE-2020-24939,0.01018,0.38792
CVE-2020-2494,0.01055,0.50287
CVE-2020-24940,0.00885,0.26162
CVE-2020-24941,0.00885,0.26162
CVE-2020-24944,0.00885,0.26162
CVE-2020-24948,0.01978,0.78447
CVE-2020-2495,0.01055,0.50287
CVE-2020-24955,0.00885,0.26162
CVE-2020-2496,0.01055,0.50287
CVE-2020-24963,0.02192,0.80195
CVE-2020-2497,0.01055,0.50287
CVE-2020-24972,0.05786,0.8994
CVE-2020-24977,0.02686,0.82061
CVE-2020-24978,0.00885,0.26162
CVE-2020-2498,0.01055,0.50287
CVE-2020-24981,0.00885,0.26162
CVE-2020-24982,0.00885,0.26162
CVE-2020-24983,0.00885,0.26162
CVE-2020-24984,0.00885,0.26162
CVE-2020-24985,0.00885,0.26162
CVE-2020-24986,0.00885,0.26162
CVE-2020-24987,0.05634,0.89764
CVE-2020-2499,0.00885,0.26162
CVE-2020-24990,0.01136,0.57949
CVE-2020-24992,0.00885,0.26162
CVE-2020-24993,0.00885,0.26162
CVE-2020-24994,0.03161,0.83171
CVE-2020-24995,0.01365,0.70715
CVE-2020-24996,0.01055,0.50287
CVE-2020-24999,0.01055,0.50287
CVE-2020-2500,0.00885,0.26162
CVE-2020-25004,0.01978,0.78447
CVE-2020-25005,0.01978,0.78447
CVE-2020-25006,0.01978,0.78447
CVE-2020-2501,0.01086,0.51674
CVE-2020-25010,0.01978,0.78447
CVE-2020-25011,0.01055,0.50287
CVE-2020-25013,0.00885,0.26162
CVE-2020-25014,0.01978,0.78447
CVE-2020-25015,0.08382,0.93597
CVE-2020-25016,0.00885,0.26162
CVE-2020-25017,0.00885,0.26162
CVE-2020-25018,0.00885,0.26162
CVE-2020-25019,0.00954,0.34522
CVE-2020-2502,0.01055,0.50287
CVE-2020-25020,0.00885,0.26162
CVE-2020-25021,0.01018,0.38792
CVE-2020-25022,0.01018,0.38792
CVE-2020-25023,0.01018,0.38792
CVE-2020-25025,0.00885,0.26162
CVE-2020-25026,0.00885,0.26162
CVE-2020-2503,0.01055,0.50287
CVE-2020-25031,0.00885,0.26162
CVE-2020-25032,0.01108,0.53389
CVE-2020-25033,0.00885,0.26162
CVE-2020-25034,0.01055,0.50287
CVE-2020-25035,0.01005,0.36332
CVE-2020-25036,0.01055,0.50287
CVE-2020-25037,0.01005,0.36332
CVE-2020-25039,0.02199,0.80273
CVE-2020-2504,0.00885,0.26162
CVE-2020-25040,0.0095,0.30554
CVE-2020-25042,0.72892,0.99217
CVE-2020-25043,0.00885,0.26162
CVE-2020-25044,0.00885,0.26162
CVE-2020-25045,0.00885,0.26162
CVE-2020-25046,0.00885,0.26162
CVE-2020-25047,0.00885,0.26162
CVE-2020-25048,0.00885,0.26162
CVE-2020-25049,0.00885,0.26162
CVE-2020-2505,0.00885,0.26162
CVE-2020-25050,0.00885,0.26162
CVE-2020-25051,0.00885,0.26162
CVE-2020-25052,0.01086,0.51674
CVE-2020-25053,0.01086,0.51674
CVE-2020-25054,0.00885,0.26162
CVE-2020-25055,0.00885,0.26162
CVE-2020-25056,0.00885,0.26162
CVE-2020-25057,0.00885,0.26162
CVE-2020-25058,0.00885,0.26162
CVE-2020-25059,0.00885,0.26162
CVE-2020-2506,0.00885,0.26162
CVE-2020-25060,0.00885,0.26162
CVE-2020-25061,0.00885,0.26162
CVE-2020-25062,0.00885,0.26162
CVE-2020-25063,0.00885,0.26162
CVE-2020-25064,0.00885,0.26162
CVE-2020-25065,0.00885,0.26162
CVE-2020-25066,0.01885,0.76424
CVE-2020-25067,0.01005,0.35949
CVE-2020-25069,0.01086,0.51674
CVE-2020-2507,0.01055,0.50287
CVE-2020-25070,0.00885,0.26162
CVE-2020-25071,0.00885,0.26162
CVE-2020-25073,0.01055,0.50287
CVE-2020-25074,0.05634,0.89764
CVE-2020-25079,0.02055,0.7893
CVE-2020-2508,0.02055,0.7893
CVE-2020-25082,0.00885,0.26162
CVE-2020-25084,0.0095,0.30554
CVE-2020-25085,0.01034,0.39824
CVE-2020-25086,0.00885,0.26162
CVE-2020-25087,0.00885,0.26162
CVE-2020-25088,0.00885,0.26162
CVE-2020-25089,0.00885,0.26162
CVE-2020-25090,0.00885,0.26162
CVE-2020-25091,0.00885,0.26162
CVE-2020-25092,0.00885,0.26162
CVE-2020-25093,0.00885,0.26162
CVE-2020-25094,0.02055,0.7893
CVE-2020-25095,0.01086,0.51674
CVE-2020-25096,0.00885,0.26162
CVE-2020-25097,0.01537,0.73595
CVE-2020-2510,0.00885,0.26162
CVE-2020-25102,0.00885,0.26162
CVE-2020-25104,0.00885,0.26162
CVE-2020-25105,0.00885,0.26162
CVE-2020-25106,0.00954,0.34522
CVE-2020-25107,0.01978,0.78447
CVE-2020-25108,0.01978,0.78447
CVE-2020-25109,0.01978,0.78447
CVE-2020-2511,0.00885,0.26162
CVE-2020-25110,0.01978,0.78447
CVE-2020-25111,0.01978,0.78447
CVE-2020-25112,0.01978,0.78447
CVE-2020-25115,0.00885,0.26162
CVE-2020-25116,0.00885,0.26162
CVE-2020-25117,0.00885,0.26162
CVE-2020-25118,0.00885,0.26162
CVE-2020-25119,0.00885,0.26162
CVE-2020-2512,0.00885,0.26162
CVE-2020-25120,0.00885,0.26162
CVE-2020-25121,0.00885,0.26162
CVE-2020-25122,0.00885,0.26162
CVE-2020-25123,0.00885,0.26162
CVE-2020-25124,0.00885,0.26162
CVE-2020-25125,0.01108,0.53389
CVE-2020-2513,0.00885,0.26162
CVE-2020-25130,0.00885,0.26162
CVE-2020-25131,0.00885,0.26162
CVE-2020-25132,0.00885,0.26162
CVE-2020-25133,0.01156,0.60033
CVE-2020-25134,0.01156,0.60033
CVE-2020-25135,0.00885,0.26162
CVE-2020-25136,0.01156,0.60033
CVE-2020-25137,0.00885,0.26162
CVE-2020-25138,0.00885,0.26162
CVE-2020-25139,0.00885,0.26162
CVE-2020-2514,0.00885,0.26162
CVE-2020-25140,0.00885,0.26162
CVE-2020-25141,0.00885,0.26162
CVE-2020-25142,0.00885,0.26162
CVE-2020-25143,0.00885,0.26162
CVE-2020-25144,0.01156,0.60033
CVE-2020-25145,0.01156,0.60033
CVE-2020-25146,0.00885,0.26162
CVE-2020-25147,0.00885,0.26162
CVE-2020-25148,0.00885,0.26162
CVE-2020-25149,0.01156,0.60033
CVE-2020-2515,0.00885,0.26162
CVE-2020-25150,0.00885,0.26162
CVE-2020-25151,0.00885,0.26162
CVE-2020-25152,0.01055,0.50287
CVE-2020-25153,0.00885,0.26162
CVE-2020-25154,0.00885,0.26162
CVE-2020-25155,0.00885,0.26162
CVE-2020-25156,0.00885,0.26162
CVE-2020-25157,0.01055,0.50287
CVE-2020-25158,0.01055,0.50287
CVE-2020-25159,0.01086,0.51674
CVE-2020-2516,0.00885,0.26162
CVE-2020-25160,0.00885,0.26162
CVE-2020-25161,0.01086,0.51674
CVE-2020-25162,0.01055,0.50287
CVE-2020-25163,0.01055,0.50287
CVE-2020-25164,0.00885,0.26162
CVE-2020-25165,0.00885,0.26162
CVE-2020-25166,0.00885,0.26162
CVE-2020-25167,0.00885,0.26162
CVE-2020-25168,0.00885,0.26162
CVE-2020-25169,0.00885,0.26162
CVE-2020-2517,0.00885,0.26162
CVE-2020-25170,0.00885,0.26162
CVE-2020-25171,0.01036,0.41241
CVE-2020-25172,0.00885,0.26162
CVE-2020-25173,0.00885,0.26162
CVE-2020-25174,0.01036,0.41241
CVE-2020-25175,0.00885,0.26162
CVE-2020-25176,0.05634,0.89764
CVE-2020-25177,0.01086,0.51674
CVE-2020-25178,0.01213,0.6557
CVE-2020-25179,0.00885,0.26162
CVE-2020-2518,0.00885,0.26162
CVE-2020-25180,0.01213,0.6557
CVE-2020-25181,0.01086,0.51674
CVE-2020-25182,0.01365,0.70715
CVE-2020-25183,0.00885,0.26162
CVE-2020-25184,0.0095,0.30554
CVE-2020-25185,0.01086,0.51674
CVE-2020-25186,0.00885,0.26162
CVE-2020-25187,0.01086,0.51674
CVE-2020-25188,0.01005,0.36332
CVE-2020-25189,0.01086,0.51674
CVE-2020-2519,0.00885,0.26162
CVE-2020-25190,0.00885,0.26162
CVE-2020-25191,0.00885,0.26162
CVE-2020-25192,0.00885,0.26162
CVE-2020-25193,0.00885,0.26162
CVE-2020-25194,0.00885,0.26162
CVE-2020-25195,0.00885,0.26162
CVE-2020-25196,0.00885,0.26162
CVE-2020-25197,0.01978,0.78447
CVE-2020-25198,0.00885,0.26162
CVE-2020-25199,0.01036,0.41241
CVE-2020-25201,0.00954,0.34522
CVE-2020-25203,0.00885,0.26162
CVE-2020-25204,0.00885,0.26162
CVE-2020-25205,0.00885,0.26162
CVE-2020-25206,0.02066,0.78986
CVE-2020-25207,0.01978,0.78447
CVE-2020-25208,0.00885,0.26162
CVE-2020-25209,0.00885,0.26162
CVE-2020-25210,0.00885,0.26162
CVE-2020-25211,0.01282,0.67298
CVE-2020-25212,0.01282,0.67298
CVE-2020-25214,0.00885,0.26162
CVE-2020-25215,0.00885,0.26162
CVE-2020-25216,0.01086,0.51674
CVE-2020-25217,0.02055,0.7893
CVE-2020-25218,0.00885,0.26162
CVE-2020-25219,0.01537,0.73595
CVE-2020-2522,0.00885,0.26162
CVE-2020-25220,0.01282,0.67298
CVE-2020-25221,0.01034,0.39824
CVE-2020-25226,0.00885,0.26162
CVE-2020-25228,0.00885,0.26162
CVE-2020-25229,0.00885,0.26162
CVE-2020-25230,0.00885,0.26162
CVE-2020-25231,0.00885,0.26162
CVE-2020-25232,0.00885,0.26162
CVE-2020-25234,0.00885,0.26162
CVE-2020-25235,0.00885,0.26162
CVE-2020-25236,0.01036,0.41241
CVE-2020-25237,0.0089,0.2856
CVE-2020-25238,0.01365,0.70715
CVE-2020-25239,0.00885,0.26162
CVE-2020-2524,0.00885,0.26162
CVE-2020-25240,0.00885,0.26162
CVE-2020-25241,0.00885,0.26162
CVE-2020-25242,0.00954,0.34522
CVE-2020-25243,0.00885,0.26162
CVE-2020-25244,0.00885,0.26162
CVE-2020-25245,0.00885,0.26162
CVE-2020-25247,0.00885,0.26162
CVE-2020-25248,0.00954,0.34522
CVE-2020-25249,0.00885,0.26162
CVE-2020-25250,0.00885,0.26162
CVE-2020-25251,0.00885,0.26162
CVE-2020-25252,0.00885,0.26162
CVE-2020-25253,0.00885,0.26162
CVE-2020-25254,0.00954,0.34522
CVE-2020-25255,0.01055,0.50287
CVE-2020-25256,0.00885,0.26162
CVE-2020-25257,0.00885,0.26162
CVE-2020-25258,0.00885,0.26162
CVE-2020-25259,0.00885,0.26162
CVE-2020-25260,0.01156,0.60033
CVE-2020-25262,0.00954,0.34522
CVE-2020-25263,0.00954,0.34522
CVE-2020-25267,0.00885,0.26162
CVE-2020-25268,0.01156,0.60033
CVE-2020-25269,0.0095,0.30554
CVE-2020-2527,0.00885,0.26162
CVE-2020-25270,0.02192,0.80195
CVE-2020-25271,0.00885,0.26162
CVE-2020-25272,0.00885,0.26162
CVE-2020-25273,0.00885,0.26162
CVE-2020-25275,0.01183,0.60428
CVE-2020-25276,0.00885,0.26162
CVE-2020-25278,0.01086,0.51674
CVE-2020-25279,0.01086,0.51674
CVE-2020-25280,0.00885,0.26162
CVE-2020-25281,0.00885,0.26162
CVE-2020-25282,0.00885,0.26162
CVE-2020-25283,0.00885,0.26162
CVE-2020-25284,0.01034,0.39824
CVE-2020-25285,0.01282,0.67298
CVE-2020-25286,0.00885,0.26162
CVE-2020-25287,0.01055,0.50287
CVE-2020-25288,0.0144,0.7265
CVE-2020-25289,0.00885,0.26162
CVE-2020-25291,0.00885,0.26162
CVE-2020-2530,0.00885,0.26162
CVE-2020-2531,0.00885,0.26162
CVE-2020-2533,0.00885,0.26162
CVE-2020-2534,0.00885,0.26162
CVE-2020-25340,0.00885,0.26162
CVE-2020-25343,0.02437,0.80834
CVE-2020-2535,0.00885,0.26162
CVE-2020-25351,0.01055,0.50287
CVE-2020-25352,0.04631,0.88514
CVE-2020-25353,0.01055,0.50287
CVE-2020-25359,0.00885,0.26162
CVE-2020-2536,0.00885,0.26162
CVE-2020-25362,0.00954,0.34522
CVE-2020-25366,0.00954,0.34522
CVE-2020-25367,0.02211,0.80357
CVE-2020-25368,0.02211,0.80357
CVE-2020-2537,0.00885,0.26162
CVE-2020-25374,0.00885,0.26162
CVE-2020-25375,0.00885,0.26162
CVE-2020-25378,0.00885,0.26162
CVE-2020-25379,0.00885,0.26162
CVE-2020-2538,0.00885,0.26162
CVE-2020-25380,0.00885,0.26162
CVE-2020-25385,0.00885,0.26162
CVE-2020-2539,0.00885,0.26162
CVE-2020-25391,0.00885,0.26162
CVE-2020-25392,0.00885,0.26162
CVE-2020-25394,0.00885,0.26162
CVE-2020-2540,0.00885,0.26162
CVE-2020-25400,0.01055,0.50287
CVE-2020-25406,0.00885,0.26162
CVE-2020-25408,0.01055,0.50287
CVE-2020-25409,0.00885,0.26162
CVE-2020-2541,0.00885,0.26162
CVE-2020-25411,0.01055,0.50287
CVE-2020-25412,0.01086,0.51674
CVE-2020-25414,0.01055,0.50287
CVE-2020-2542,0.00885,0.26162
CVE-2020-25422,0.00885,0.26162
CVE-2020-25427,0.00885,0.26162
CVE-2020-2543,0.00885,0.26162
CVE-2020-2544,0.00885,0.26162
CVE-2020-25444,0.00885,0.26162
CVE-2020-25445,0.00885,0.26162
CVE-2020-25449,0.0095,0.30554
CVE-2020-2545,0.00885,0.26162
CVE-2020-25453,0.04604,0.88397
CVE-2020-25454,0.00885,0.26162
CVE-2020-25459,0.00885,0.26162
CVE-2020-25461,0.00885,0.26162
CVE-2020-25462,0.00885,0.26162
CVE-2020-25463,0.00885,0.26162
CVE-2020-25464,0.00885,0.26162
CVE-2020-25465,0.00885,0.26162
CVE-2020-25466,0.02509,0.81058
CVE-2020-25467,0.00954,0.34522
CVE-2020-2547,0.00885,0.26162
CVE-2020-25470,0.01156,0.60033
CVE-2020-25472,0.00954,0.34522
CVE-2020-25473,0.00954,0.34522
CVE-2020-25474,0.00954,0.34522
CVE-2020-25475,0.00885,0.26162
CVE-2020-25476,0.00954,0.34522
CVE-2020-2548,0.00885,0.26162
CVE-2020-25489,0.01055,0.50287
CVE-2020-2549,0.00885,0.26162
CVE-2020-25490,0.01156,0.60033
CVE-2020-25493,0.00954,0.34522
CVE-2020-25494,0.08382,0.93597
CVE-2020-25495,0.02173,0.80027
CVE-2020-25499,0.01055,0.50287
CVE-2020-2550,0.00885,0.26162
CVE-2020-25506,0.05634,0.89764
CVE-2020-25507,0.01505,0.72763
CVE-2020-25516,0.00885,0.26162
CVE-2020-2552,0.00885,0.26162
CVE-2020-25533,0.00885,0.26162
CVE-2020-25537,0.00885,0.26162
CVE-2020-25538,0.00885,0.26162
CVE-2020-25557,0.00885,0.26162
CVE-2020-25559,0.01036,0.41241
CVE-2020-2556,0.00885,0.26162
CVE-2020-25560,0.0144,0.7265
CVE-2020-25561,0.00885,0.26162
CVE-2020-25562,0.00885,0.26162
CVE-2020-25563,0.00885,0.26162
CVE-2020-25564,0.00885,0.26162
CVE-2020-25565,0.0144,0.7265
CVE-2020-25566,0.00885,0.26162
CVE-2020-2557,0.00885,0.26162
CVE-2020-25573,0.00885,0.26162
CVE-2020-25574,0.00885,0.26162
CVE-2020-25575,0.00954,0.34522
CVE-2020-25576,0.00885,0.26162
CVE-2020-25577,0.00885,0.26162
CVE-2020-25578,0.00885,0.26162
CVE-2020-25579,0.00885,0.26162
CVE-2020-2558,0.00885,0.26162
CVE-2020-25580,0.00885,0.26162
CVE-2020-25581,0.00885,0.26162
CVE-2020-25582,0.00885,0.26162
CVE-2020-25583,0.00885,0.26162
CVE-2020-25584,0.00885,0.26162
CVE-2020-2559,0.00885,0.26162
CVE-2020-25592,0.01183,0.60428
CVE-2020-25593,0.00885,0.26162
CVE-2020-25594,0.00885,0.26162
CVE-2020-25595,0.01034,0.39824
CVE-2020-25596,0.01034,0.39824
CVE-2020-25597,0.01034,0.39824
CVE-2020-25598,0.01034,0.39824
CVE-2020-25599,0.01104,0.52279
CVE-2020-2560,0.00885,0.26162
CVE-2020-25600,0.01034,0.39824
CVE-2020-25601,0.01034,0.39824
CVE-2020-25602,0.01034,0.39824
CVE-2020-25603,0.01034,0.39824
CVE-2020-25604,0.01034,0.39824
CVE-2020-25605,0.01055,0.50287
CVE-2020-25606,0.00885,0.26162
CVE-2020-25608,0.00885,0.26162
CVE-2020-25609,0.01086,0.51674
CVE-2020-2561,0.00885,0.26162
CVE-2020-25610,0.00885,0.26162
CVE-2020-25611,0.00885,0.26162
CVE-2020-25612,0.00885,0.26162
CVE-2020-25614,0.00885,0.26162
CVE-2020-25617,0.02199,0.80273
CVE-2020-25618,0.0089,0.2856
CVE-2020-25619,0.0089,0.2856
CVE-2020-2562,0.00885,0.26162
CVE-2020-25620,0.0089,0.2856
CVE-2020-25621,0.00954,0.34522
CVE-2020-25622,0.00954,0.34522
CVE-2020-25623,0.00954,0.34522
CVE-2020-25624,0.00885,0.26162
CVE-2020-25625,0.0095,0.30554
CVE-2020-25626,0.00954,0.34522
CVE-2020-25627,0.00885,0.26162
CVE-2020-25628,0.00885,0.26162
CVE-2020-25629,0.00885,0.26162
CVE-2020-2563,0.00885,0.26162
CVE-2020-25630,0.00885,0.26162
CVE-2020-25631,0.00885,0.26162
CVE-2020-25632,0.0095,0.30554
CVE-2020-25633,0.00885,0.26162
CVE-2020-25634,0.00885,0.26162
CVE-2020-25635,0.00885,0.26162
CVE-2020-25636,0.00885,0.26162
CVE-2020-25638,0.01183,0.60428
CVE-2020-25639,0.0089,0.2856
CVE-2020-2564,0.00885,0.26162
CVE-2020-25640,0.0089,0.2856
CVE-2020-25641,0.01282,0.67298
CVE-2020-25643,0.01282,0.67298
CVE-2020-25644,0.01018,0.38792
CVE-2020-25645,0.01183,0.60428
CVE-2020-25646,0.00885,0.26162
CVE-2020-25647,0.01559,0.742
CVE-2020-25648,0.01974,0.7812
CVE-2020-25649,0.10214,0.94358
CVE-2020-2565,0.00885,0.26162
CVE-2020-25650,0.0095,0.30554
CVE-2020-25651,0.0095,0.30554
CVE-2020-25652,0.0095,0.30554
CVE-2020-25653,0.0095,0.30554
CVE-2020-25654,0.0095,0.30554
CVE-2020-25655,0.00885,0.26162
CVE-2020-25656,0.0095,0.30554
CVE-2020-25657,0.00885,0.26162
CVE-2020-25658,0.01018,0.38792
CVE-2020-25659,0.00954,0.34522
CVE-2020-2566,0.00885,0.26162
CVE-2020-25660,0.01018,0.38792
CVE-2020-25661,0.01136,0.57949
CVE-2020-25662,0.01136,0.57949
CVE-2020-25663,0.00954,0.34522
CVE-2020-25664,0.00885,0.26162
CVE-2020-25665,0.00885,0.26162
CVE-2020-25666,0.00885,0.26162
CVE-2020-25667,0.00885,0.26162
CVE-2020-25668,0.01282,0.67298
CVE-2020-25669,0.01104,0.52279
CVE-2020-2567,0.00885,0.26162
CVE-2020-25670,0.01282,0.67298
CVE-2020-25671,0.01104,0.52279
CVE-2020-25672,0.01183,0.60428
CVE-2020-25673,0.01034,0.39824
CVE-2020-25674,0.00885,0.26162
CVE-2020-25675,0.00885,0.26162
CVE-2020-25676,0.00885,0.26162
CVE-2020-25677,0.00885,0.26162
CVE-2020-25678,0.0095,0.30554
CVE-2020-2568,0.00885,0.26162
CVE-2020-25680,0.00885,0.26162
CVE-2020-25681,0.01108,0.53389
CVE-2020-25682,0.02762,0.82156
CVE-2020-25683,0.01319,0.70416
CVE-2020-25687,0.01319,0.70416
CVE-2020-25688,0.00885,0.26162
CVE-2020-25689,0.00885,0.26162
CVE-2020-2569,0.00885,0.26162
CVE-2020-25690,0.01086,0.51674
CVE-2020-25691,0.01055,0.50287
CVE-2020-25692,0.00885,0.26162
CVE-2020-25693,0.01018,0.38792
CVE-2020-25694,0.01018,0.38792
CVE-2020-25695,0.0095,0.30554
CVE-2020-25696,0.02509,0.81058
CVE-2020-25697,0.0095,0.30554
CVE-2020-25698,0.01018,0.38792
CVE-2020-25699,0.01018,0.38792
CVE-2020-2570,0.00954,0.34522
CVE-2020-25700,0.0095,0.30554
CVE-2020-25701,0.01018,0.38792
CVE-2020-25702,0.01018,0.38792
CVE-2020-25703,0.01018,0.38792
CVE-2020-25704,0.0095,0.30554
CVE-2020-25706,0.00954,0.34522
CVE-2020-25708,0.00885,0.26162
CVE-2020-25709,0.01183,0.60428
CVE-2020-2571,0.00885,0.26162
CVE-2020-25710,0.01108,0.53389
CVE-2020-25711,0.00885,0.26162
CVE-2020-25712,0.00885,0.26162
CVE-2020-25713,0.01034,0.39824
CVE-2020-25715,0.00885,0.26162
CVE-2020-25716,0.00885,0.26162
CVE-2020-25717,0.00885,0.26162
CVE-2020-25718,0.00885,0.26162
CVE-2020-25719,0.00885,0.26162
CVE-2020-2572,0.0095,0.30554
CVE-2020-25721,0.0089,0.2856
CVE-2020-25722,0.00885,0.26162
CVE-2020-25723,0.0089,0.2856
CVE-2020-25724,0.00885,0.26162
CVE-2020-25725,0.01018,0.38792
CVE-2020-25727,0.00885,0.26162
CVE-2020-25728,0.00885,0.26162
CVE-2020-25729,0.00954,0.34522
CVE-2020-2573,0.01018,0.38792
CVE-2020-25733,0.00954,0.34522
CVE-2020-25734,0.00954,0.34522
CVE-2020-25735,0.00954,0.34522
CVE-2020-25736,0.00885,0.26162
CVE-2020-25737,0.00885,0.26162
CVE-2020-25738,0.00885,0.26162
CVE-2020-25739,0.00954,0.34522
CVE-2020-2574,0.01108,0.53389
CVE-2020-25741,0.0095,0.30554
CVE-2020-25742,0.0095,0.30554
CVE-2020-25743,0.0095,0.30554
CVE-2020-25744,0.00885,0.26162
CVE-2020-25746,0.00885,0.26162
CVE-2020-25747,0.01055,0.50287
CVE-2020-25748,0.00885,0.26162
CVE-2020-25749,0.01055,0.50287
CVE-2020-2575,0.0089,0.2856
CVE-2020-25750,0.00885,0.26162
CVE-2020-25751,0.01564,0.74439
CVE-2020-25752,0.00954,0.34522
CVE-2020-25753,0.00954,0.34522
CVE-2020-25754,0.00954,0.34522
CVE-2020-25755,0.01061,0.51015
CVE-2020-25756,0.00885,0.26162
CVE-2020-25757,0.01559,0.742
CVE-2020-25758,0.01061,0.51015
CVE-2020-25759,0.0089,0.2856
CVE-2020-2576,0.00885,0.26162
CVE-2020-25760,0.0095,0.30554
CVE-2020-25761,0.00954,0.34522
CVE-2020-25762,0.08382,0.93597
CVE-2020-25763,0.05634,0.89764
CVE-2020-25765,0.05634,0.89764
CVE-2020-25766,0.00885,0.26162
CVE-2020-25767,0.00885,0.26162
CVE-2020-25768,0.00885,0.26162
CVE-2020-2577,0.0095,0.30554
CVE-2020-25770,0.00885,0.26162
CVE-2020-25771,0.00885,0.26162
CVE-2020-25772,0.00885,0.26162
CVE-2020-25773,0.01005,0.36332
CVE-2020-25774,0.00885,0.26162
CVE-2020-25775,0.00885,0.26162
CVE-2020-25776,0.00885,0.26162
CVE-2020-25777,0.00885,0.26162
CVE-2020-25778,0.00885,0.26162
CVE-2020-25779,0.00885,0.26162
CVE-2020-2578,0.00885,0.26162
CVE-2020-25780,0.00885,0.26162
CVE-2020-25781,0.0089,0.2856
CVE-2020-25786,0.00885,0.26162
CVE-2020-25787,0.00954,0.34522
CVE-2020-25788,0.00885,0.26162
CVE-2020-25789,0.00885,0.26162
CVE-2020-2579,0.0095,0.30554
CVE-2020-25791,0.00885,0.26162
CVE-2020-25792,0.00885,0.26162
CVE-2020-25793,0.00885,0.26162
CVE-2020-25794,0.00885,0.26162
CVE-2020-25795,0.00885,0.26162
CVE-2020-25796,0.00885,0.26162
CVE-2020-25797,0.00885,0.26162
CVE-2020-25798,0.00885,0.26162
CVE-2020-25799,0.00885,0.26162
CVE-2020-2580,0.0089,0.2856
CVE-2020-25802,0.00885,0.26162
CVE-2020-25803,0.00885,0.26162
CVE-2020-2581,0.00885,0.26162
CVE-2020-25812,0.01018,0.38792
CVE-2020-25813,0.01018,0.38792
CVE-2020-25814,0.01018,0.38792
CVE-2020-25815,0.01018,0.38792
CVE-2020-25816,0.00885,0.26162
CVE-2020-25817,0.0095,0.30554
CVE-2020-2582,0.00885,0.26162
CVE-2020-25820,0.08621,0.9364
CVE-2020-25821,0.00885,0.26162
CVE-2020-25824,0.01018,0.38792
CVE-2020-25825,0.01018,0.38792
CVE-2020-25826,0.00885,0.26162
CVE-2020-25827,0.01018,0.38792
CVE-2020-25828,0.01018,0.38792
CVE-2020-25829,0.01136,0.57949
CVE-2020-2583,0.02686,0.82061
CVE-2020-25830,0.0144,0.7265
CVE-2020-25832,0.00885,0.26162
CVE-2020-25833,0.00885,0.26162
CVE-2020-25834,0.00885,0.26162
CVE-2020-25837,0.00885,0.26162
CVE-2020-25838,0.00885,0.26162
CVE-2020-25839,0.00885,0.26162
CVE-2020-2584,0.0095,0.30554
CVE-2020-25840,0.00885,0.26162
CVE-2020-25842,0.01055,0.50287
CVE-2020-25843,0.01156,0.60033
CVE-2020-25844,0.01156,0.60033
CVE-2020-25845,0.00885,0.26162
CVE-2020-25846,0.00885,0.26162
CVE-2020-25847,0.02055,0.7893
CVE-2020-25848,0.00885,0.26162
CVE-2020-25849,0.02055,0.7893
CVE-2020-2585,0.00954,0.34522
CVE-2020-25850,0.01055,0.50287
CVE-2020-25853,0.00885,0.26162
CVE-2020-25854,0.01156,0.60033
CVE-2020-25855,0.01156,0.60033
CVE-2020-25856,0.01156,0.60033
CVE-2020-25857,0.00885,0.26162
CVE-2020-25858,0.00885,0.26162
CVE-2020-25859,0.00885,0.26162
CVE-2020-2586,0.00885,0.26162
CVE-2020-25860,0.00885,0.26162
CVE-2020-25862,0.01537,0.73595
CVE-2020-25863,0.01537,0.73595
CVE-2020-25864,0.00954,0.34522
CVE-2020-25866,0.01537,0.73595
CVE-2020-25868,0.01055,0.50287
CVE-2020-25869,0.01018,0.38792
CVE-2020-2587,0.00885,0.26162
CVE-2020-25872,0.00885,0.26162
CVE-2020-25873,0.00885,0.26162
CVE-2020-25875,0.00885,0.26162
CVE-2020-25876,0.00885,0.26162
CVE-2020-25877,0.00885,0.26162
CVE-2020-25878,0.00885,0.26162
CVE-2020-25879,0.00885,0.26162
CVE-2020-2588,0.0095,0.30554
CVE-2020-25881,0.00954,0.34522
CVE-2020-25889,0.01018,0.38792
CVE-2020-2589,0.0095,0.30554
CVE-2020-25890,0.01086,0.51674
CVE-2020-2590,0.02686,0.82061
CVE-2020-25901,0.08382,0.93597
CVE-2020-25902,0.00885,0.26162
CVE-2020-25905,0.00885,0.26162
CVE-2020-2591,0.00885,0.26162
CVE-2020-25911,0.00885,0.26162
CVE-2020-25912,0.00885,0.26162
CVE-2020-25917,0.00885,0.26162
CVE-2020-2592,0.00885,0.26162
CVE-2020-25925,0.01055,0.50287
CVE-2020-25926,0.00954,0.34522
CVE-2020-25927,0.00954,0.34522
CVE-2020-25928,0.01978,0.78447
CVE-2020-2593,0.02686,0.82061
CVE-2020-2594,0.00885,0.26162
CVE-2020-2595,0.00885,0.26162
CVE-2020-25950,0.08382,0.93597
CVE-2020-25952,0.01564,0.74439
CVE-2020-25955,0.0095,0.30554
CVE-2020-2596,0.00885,0.26162
CVE-2020-25966,0.00885,0.26162
CVE-2020-25967,0.00885,0.26162
CVE-2020-2597,0.00885,0.26162
CVE-2020-2598,0.00885,0.26162
CVE-2020-25985,0.07308,0.9216
CVE-2020-25986,0.00885,0.26162
CVE-2020-25987,0.00885,0.26162
CVE-2020-25988,0.06998,0.91864
CVE-2020-25989,0.01005,0.36332
CVE-2020-2599,0.00885,0.26162
CVE-2020-25990,0.01564,0.74439
CVE-2020-2600,0.00885,0.26162
CVE-2020-26006,0.00885,0.26162
CVE-2020-26007,0.01276,0.66501
CVE-2020-26008,0.01276,0.66501
CVE-2020-2601,0.02686,0.82061
CVE-2020-2602,0.00885,0.26162
CVE-2020-26028,0.00885,0.26162
CVE-2020-26029,0.00885,0.26162
CVE-2020-2603,0.00885,0.26162
CVE-2020-26030,0.00885,0.26162
CVE-2020-26031,0.00885,0.26162
CVE-2020-26032,0.00885,0.26162
CVE-2020-26033,0.00885,0.26162
CVE-2020-26034,0.00885,0.26162
CVE-2020-26035,0.00885,0.26162
CVE-2020-2604,0.02686,0.82061
CVE-2020-26041,0.01156,0.60033
CVE-2020-26042,0.00885,0.26162
CVE-2020-26043,0.00885,0.26162
CVE-2020-26045,0.00954,0.34522
CVE-2020-26046,0.00885,0.26162
CVE-2020-26048,0.01156,0.60033
CVE-2020-26049,0.01156,0.60033
CVE-2020-2605,0.00885,0.26162
CVE-2020-26050,0.0089,0.2856
CVE-2020-26051,0.01564,0.74439
CVE-2020-26052,0.02192,0.80195
CVE-2020-2606,0.00885,0.26162
CVE-2020-26068,0.01055,0.50287
CVE-2020-2607,0.00885,0.26162
CVE-2020-26070,0.01055,0.50287
CVE-2020-26072,0.01055,0.50287
CVE-2020-26075,0.01055,0.50287
CVE-2020-26076,0.01055,0.50287
CVE-2020-26077,0.01055,0.50287
CVE-2020-26078,0.01055,0.50287
CVE-2020-26079,0.01055,0.50287
CVE-2020-2608,0.00885,0.26162
CVE-2020-26080,0.01055,0.50287
CVE-2020-26081,0.01055,0.50287
CVE-2020-26083,0.01055,0.50287
CVE-2020-26084,0.01055,0.50287
CVE-2020-26085,0.00885,0.26162
CVE-2020-26086,0.01055,0.50287
CVE-2020-26088,0.01104,0.52279
CVE-2020-2609,0.00885,0.26162
CVE-2020-26097,0.00885,0.26162
CVE-2020-26098,0.01156,0.60033
CVE-2020-26099,0.00885,0.26162
CVE-2020-2610,0.00885,0.26162
CVE-2020-26100,0.00885,0.26162
CVE-2020-26101,0.00885,0.26162
CVE-2020-26102,0.00885,0.26162
CVE-2020-26103,0.00885,0.26162
CVE-2020-26104,0.00885,0.26162
CVE-2020-26105,0.00885,0.26162
CVE-2020-26106,0.00885,0.26162
CVE-2020-26107,0.00885,0.26162
CVE-2020-26108,0.01086,0.51674
CVE-2020-26109,0.00885,0.26162
CVE-2020-2611,0.00885,0.26162
CVE-2020-26110,0.00885,0.26162
CVE-2020-26111,0.00885,0.26162
CVE-2020-26112,0.00885,0.26162
CVE-2020-26113,0.00885,0.26162
CVE-2020-26114,0.00885,0.26162
CVE-2020-26115,0.00885,0.26162
CVE-2020-26116,0.02686,0.82061
CVE-2020-26117,0.01537,0.73595
CVE-2020-26118,0.0089,0.2856
CVE-2020-2612,0.00885,0.26162
CVE-2020-26120,0.00954,0.34522
CVE-2020-26121,0.01018,0.38792
CVE-2020-26122,0.01978,0.78447
CVE-2020-26124,0.17906,0.96066
CVE-2020-26129,0.00885,0.26162
CVE-2020-2613,0.00885,0.26162
CVE-2020-26130,0.00885,0.26162
CVE-2020-26131,0.00885,0.26162
CVE-2020-26132,0.00885,0.26162
CVE-2020-26133,0.00885,0.26162
CVE-2020-26134,0.00954,0.34522
CVE-2020-26135,0.01018,0.38792
CVE-2020-26136,0.0095,0.30554
CVE-2020-26137,0.01108,0.53389
CVE-2020-26138,0.01018,0.38792
CVE-2020-26139,0.01183,0.60428
CVE-2020-2614,0.00885,0.26162
CVE-2020-26140,0.01108,0.53389
CVE-2020-26141,0.01108,0.53389
CVE-2020-26142,0.01018,0.38792
CVE-2020-26143,0.01108,0.53389
CVE-2020-26144,0.01108,0.53389
CVE-2020-26145,0.01018,0.38792
CVE-2020-26146,0.01108,0.53389
CVE-2020-26147,0.01183,0.60428
CVE-2020-26148,0.00885,0.26162
CVE-2020-26149,0.00954,0.34522
CVE-2020-2615,0.00885,0.26162
CVE-2020-26150,0.01055,0.50287
CVE-2020-26153,0.01055,0.50287
CVE-2020-26154,0.01183,0.60428
CVE-2020-26155,0.00885,0.26162
CVE-2020-26157,0.01156,0.60033
CVE-2020-26158,0.01156,0.60033
CVE-2020-2616,0.00885,0.26162
CVE-2020-26160,0.00885,0.26162
CVE-2020-26161,0.00954,0.34522
CVE-2020-26162,0.00885,0.26162
CVE-2020-26163,0.00954,0.34522
CVE-2020-26164,0.01547,0.74085
CVE-2020-26165,0.0089,0.2856
CVE-2020-26166,0.01061,0.51015
CVE-2020-26167,0.01018,0.38792
CVE-2020-26168,0.01018,0.38792
CVE-2020-2617,0.00885,0.26162
CVE-2020-26171,0.00885,0.26162
CVE-2020-26172,0.00885,0.26162
CVE-2020-26173,0.00885,0.26162
CVE-2020-26174,0.00885,0.26162
CVE-2020-26175,0.00885,0.26162
CVE-2020-26176,0.00885,0.26162
CVE-2020-26177,0.00885,0.26162
CVE-2020-26178,0.00885,0.26162
CVE-2020-2618,0.00885,0.26162
CVE-2020-26180,0.00885,0.26162
CVE-2020-26181,0.00885,0.26162
CVE-2020-26182,0.01055,0.50287
CVE-2020-26183,0.01055,0.50287
CVE-2020-26184,0.00885,0.26162
CVE-2020-26185,0.00885,0.26162
CVE-2020-26186,0.01036,0.41241
CVE-2020-2619,0.00885,0.26162
CVE-2020-26191,0.00885,0.26162
CVE-2020-26192,0.00885,0.26162
CVE-2020-26193,0.01036,0.41241
CVE-2020-26194,0.00885,0.26162
CVE-2020-26195,0.01055,0.50287
CVE-2020-26196,0.00885,0.26162
CVE-2020-26197,0.00885,0.26162
CVE-2020-26198,0.01055,0.50287
CVE-2020-26199,0.00885,0.26162
CVE-2020-2620,0.00885,0.26162
CVE-2020-26200,0.00885,0.26162
CVE-2020-26201,0.00954,0.34522
CVE-2020-26205,0.00885,0.26162
CVE-2020-26207,0.02199,0.80273
CVE-2020-26208,0.01018,0.38792
CVE-2020-2621,0.00885,0.26162
CVE-2020-26210,0.0095,0.30554
CVE-2020-26211,0.0095,0.30554
CVE-2020-26212,0.0089,0.2856
CVE-2020-26213,0.00885,0.26162
CVE-2020-26214,0.01108,0.53389
CVE-2020-26215,0.00954,0.34522
CVE-2020-26216,0.00954,0.34522
CVE-2020-26218,0.08382,0.93597
CVE-2020-26219,0.00885,0.26162
CVE-2020-2622,0.00885,0.26162
CVE-2020-26220,0.00885,0.26162
CVE-2020-26221,0.00885,0.26162
CVE-2020-26222,0.04571,0.88388
CVE-2020-26223,0.0089,0.2856
CVE-2020-26224,0.00885,0.26162
CVE-2020-26225,0.00885,0.26162
CVE-2020-26227,0.00885,0.26162
CVE-2020-26228,0.00885,0.26162
CVE-2020-26229,0.00885,0.26162
CVE-2020-2623,0.00885,0.26162
CVE-2020-26230,0.01537,0.73595
CVE-2020-26231,0.00885,0.26162
CVE-2020-26232,0.0089,0.2856
CVE-2020-26233,0.01982,0.78449
CVE-2020-26234,0.00885,0.26162
CVE-2020-26235,0.0089,0.2856
CVE-2020-26236,0.00885,0.26162
CVE-2020-26237,0.01034,0.39824
CVE-2020-26239,0.0095,0.30554
CVE-2020-2624,0.00885,0.26162
CVE-2020-26240,0.01018,0.38792
CVE-2020-26241,0.00885,0.26162
CVE-2020-26242,0.00885,0.26162
CVE-2020-26243,0.01018,0.38792
CVE-2020-26244,0.0095,0.30554
CVE-2020-26245,0.02055,0.7893
CVE-2020-26246,0.00885,0.26162
CVE-2020-26247,0.01034,0.39824
CVE-2020-26248,0.01018,0.38792
CVE-2020-26249,0.0095,0.30554
CVE-2020-2625,0.00885,0.26162
CVE-2020-26250,0.0095,0.30554
CVE-2020-26251,0.00954,0.34522
CVE-2020-26252,0.01978,0.78447
CVE-2020-26253,0.01018,0.38792
CVE-2020-26254,0.0089,0.2856
CVE-2020-26255,0.01034,0.39824
CVE-2020-26256,0.01034,0.39824
CVE-2020-26257,0.01034,0.39824
CVE-2020-2626,0.00885,0.26162
CVE-2020-26260,0.0089,0.2856
CVE-2020-26261,0.0095,0.30554
CVE-2020-26262,0.01018,0.38792
CVE-2020-26263,0.01108,0.53389
CVE-2020-26264,0.0095,0.30554
CVE-2020-26265,0.00885,0.26162
CVE-2020-26266,0.01005,0.36332
CVE-2020-26267,0.00885,0.26162
CVE-2020-26268,0.00885,0.26162
CVE-2020-26269,0.00885,0.26162
CVE-2020-2627,0.0095,0.30554
CVE-2020-26270,0.00885,0.26162
CVE-2020-26271,0.00885,0.26162
CVE-2020-26272,0.01018,0.38792
CVE-2020-26273,0.0095,0.30554
CVE-2020-26274,0.02066,0.78986
CVE-2020-26275,0.01018,0.38792
CVE-2020-26276,0.01018,0.38792
CVE-2020-26277,0.00885,0.26162
CVE-2020-26278,0.0095,0.30554
CVE-2020-26279,0.0089,0.2856
CVE-2020-2628,0.00885,0.26162
CVE-2020-26280,0.0095,0.30554
CVE-2020-26281,0.00885,0.26162
CVE-2020-26282,0.05634,0.89764
CVE-2020-26283,0.0089,0.2856
CVE-2020-26284,0.00885,0.26162
CVE-2020-26285,0.04571,0.88388
CVE-2020-26286,0.00954,0.34522
CVE-2020-26287,0.0095,0.30554
CVE-2020-26288,0.0095,0.30554
CVE-2020-26289,0.00954,0.34522
CVE-2020-2629,0.00885,0.26162
CVE-2020-26290,0.01183,0.60428
CVE-2020-26291,0.0095,0.30554
CVE-2020-26292,0.00885,0.26162
CVE-2020-26293,0.01018,0.38792
CVE-2020-26294,0.00954,0.34522
CVE-2020-26295,0.0089,0.2856
CVE-2020-26296,0.0095,0.30554
CVE-2020-26297,0.01018,0.38792
CVE-2020-26298,0.01034,0.39824
CVE-2020-26299,0.01034,0.39824
CVE-2020-2630,0.00885,0.26162
CVE-2020-26300,0.02359,0.80663
CVE-2020-26301,0.05634,0.89764
CVE-2020-2631,0.00885,0.26162
CVE-2020-2632,0.00885,0.26162
CVE-2020-2633,0.00885,0.26162
CVE-2020-2634,0.00885,0.26162
CVE-2020-2635,0.00885,0.26162
CVE-2020-2636,0.00885,0.26162
CVE-2020-2637,0.00885,0.26162
CVE-2020-2638,0.00885,0.26162
CVE-2020-2639,0.00885,0.26162
CVE-2020-2640,0.00885,0.26162
CVE-2020-26405,0.0089,0.2856
CVE-2020-26406,0.00954,0.34522
CVE-2020-26407,0.0089,0.2856
CVE-2020-26408,0.00954,0.34522
CVE-2020-26409,0.0089,0.2856
CVE-2020-2641,0.00885,0.26162
CVE-2020-26411,0.00885,0.26162
CVE-2020-26412,0.00885,0.26162
CVE-2020-26414,0.0144,0.7265
CVE-2020-26415,0.00885,0.26162
CVE-2020-26416,0.00885,0.26162
CVE-2020-26417,0.00885,0.26162
CVE-2020-26418,0.01183,0.60428
CVE-2020-26419,0.01108,0.53389
CVE-2020-2642,0.00885,0.26162
CVE-2020-26420,0.01108,0.53389
CVE-2020-26421,0.01183,0.60428
CVE-2020-26422,0.01018,0.38792
CVE-2020-2643,0.00885,0.26162
CVE-2020-2644,0.00885,0.26162
CVE-2020-2645,0.00885,0.26162
CVE-2020-2646,0.00885,0.26162
CVE-2020-2647,0.00885,0.26162
CVE-2020-2648,0.00885,0.26162
CVE-2020-2649,0.00885,0.26162
CVE-2020-2650,0.00885,0.26162
CVE-2020-26505,0.00885,0.26162
CVE-2020-26506,0.00885,0.26162
CVE-2020-26507,0.00885,0.26162
CVE-2020-26508,0.00885,0.26162
CVE-2020-26509,0.00885,0.26162
CVE-2020-2651,0.00885,0.26162
CVE-2020-26510,0.01156,0.60033
CVE-2020-26511,0.01018,0.38792
CVE-2020-26513,0.00885,0.26162
CVE-2020-26515,0.00885,0.26162
CVE-2020-26516,0.00885,0.26162
CVE-2020-26517,0.00885,0.26162
CVE-2020-26518,0.00885,0.26162
CVE-2020-26519,0.01108,0.53389
CVE-2020-2652,0.00885,0.26162
CVE-2020-26521,0.00954,0.34522
CVE-2020-26522,0.01213,0.6557
CVE-2020-26523,0.00885,0.26162
CVE-2020-26524,0.00954,0.34522
CVE-2020-26526,0.00954,0.34522
CVE-2020-26527,0.00954,0.34522
CVE-2020-2653,0.00885,0.26162
CVE-2020-26534,0.01086,0.51674
CVE-2020-26535,0.00885,0.26162
CVE-2020-26536,0.00885,0.26162
CVE-2020-26537,0.00885,0.26162
CVE-2020-26538,0.01036,0.41241
CVE-2020-26539,0.01156,0.60033
CVE-2020-2654,0.02686,0.82061
CVE-2020-26540,0.00885,0.26162
CVE-2020-26541,0.00885,0.26162
CVE-2020-26542,0.01018,0.38792
CVE-2020-26546,0.00885,0.26162
CVE-2020-26547,0.01055,0.50287
CVE-2020-26548,0.00885,0.26162
CVE-2020-26549,0.00885,0.26162
CVE-2020-2655,0.01537,0.73595
CVE-2020-26550,0.00885,0.26162
CVE-2020-26551,0.00885,0.26162
CVE-2020-26552,0.00885,0.26162
CVE-2020-26553,0.00885,0.26162
CVE-2020-26554,0.00885,0.26162
CVE-2020-26555,0.01018,0.38792
CVE-2020-26556,0.00954,0.34522
CVE-2020-26557,0.00885,0.26162
CVE-2020-26558,0.01537,0.73595
CVE-2020-26559,0.00885,0.26162
CVE-2020-2656,0.0095,0.30554
CVE-2020-26560,0.00885,0.26162
CVE-2020-26561,0.01086,0.51674
CVE-2020-26563,0.00885,0.26162
CVE-2020-26564,0.00885,0.26162
CVE-2020-26565,0.00885,0.26162
CVE-2020-26566,0.01213,0.6557
CVE-2020-26567,0.02042,0.78565
CVE-2020-26569,0.00885,0.26162
CVE-2020-2657,0.00885,0.26162
CVE-2020-26570,0.0095,0.30554
CVE-2020-26571,0.0095,0.30554
CVE-2020-26572,0.0095,0.30554
CVE-2020-26574,0.00885,0.26162
CVE-2020-26575,0.01537,0.73595
CVE-2020-2658,0.00885,0.26162
CVE-2020-26582,0.01055,0.50287
CVE-2020-26583,0.00954,0.34522
CVE-2020-26584,0.00954,0.34522
CVE-2020-2659,0.02686,0.82061
CVE-2020-26596,0.01978,0.78447
CVE-2020-26597,0.00885,0.26162
CVE-2020-26598,0.00885,0.26162
CVE-2020-26599,0.00885,0.26162
CVE-2020-2660,0.0095,0.30554
CVE-2020-26600,0.00885,0.26162
CVE-2020-26601,0.00885,0.26162
CVE-2020-26602,0.00885,0.26162
CVE-2020-26603,0.00885,0.26162
CVE-2020-26604,0.00885,0.26162
CVE-2020-26605,0.00885,0.26162
CVE-2020-26606,0.00885,0.26162
CVE-2020-26607,0.00885,0.26162
CVE-2020-26609,0.0089,0.2856
CVE-2020-2661,0.00885,0.26162
CVE-2020-2662,0.00885,0.26162
CVE-2020-2663,0.00885,0.26162
CVE-2020-2664,0.00885,0.26162
CVE-2020-26641,0.00885,0.26162
CVE-2020-26642,0.00885,0.26162
CVE-2020-26649,0.00885,0.26162
CVE-2020-2665,0.00885,0.26162
CVE-2020-26650,0.00885,0.26162
CVE-2020-2666,0.00885,0.26162
CVE-2020-26664,0.01108,0.53389
CVE-2020-26668,0.00885,0.26162
CVE-2020-26669,0.00885,0.26162
CVE-2020-2667,0.00885,0.26162
CVE-2020-26670,0.00885,0.26162
CVE-2020-26672,0.00885,0.26162
CVE-2020-26677,0.0089,0.2856
CVE-2020-26678,0.04571,0.88388
CVE-2020-26679,0.0095,0.30554
CVE-2020-2668,0.00885,0.26162
CVE-2020-26680,0.00885,0.26162
CVE-2020-26682,0.01018,0.38792
CVE-2020-2669,0.00885,0.26162
CVE-2020-26693,0.00885,0.26162
CVE-2020-2670,0.00885,0.26162
CVE-2020-26701,0.01055,0.50287
CVE-2020-26705,0.00885,0.26162
CVE-2020-26707,0.01086,0.51674
CVE-2020-2671,0.00885,0.26162
CVE-2020-26712,0.00954,0.34522
CVE-2020-26713,0.00954,0.34522
CVE-2020-2672,0.00885,0.26162
CVE-2020-26728,0.05634,0.89764
CVE-2020-2673,0.00885,0.26162
CVE-2020-26732,0.01055,0.50287
CVE-2020-26733,0.00885,0.26162
CVE-2020-2674,0.0089,0.2856
CVE-2020-2675,0.00885,0.26162
CVE-2020-26759,0.0144,0.7265
CVE-2020-2676,0.00885,0.26162
CVE-2020-26762,0.01086,0.51674
CVE-2020-26763,0.00885,0.26162
CVE-2020-26766,0.08382,0.93597
CVE-2020-26768,0.01156,0.60033
CVE-2020-2677,0.00885,0.26162
CVE-2020-26772,0.01978,0.78447
CVE-2020-26773,0.01055,0.50287
CVE-2020-2678,0.0089,0.2856
CVE-2020-2679,0.0095,0.30554
CVE-2020-26797,0.00885,0.26162
CVE-2020-2680,0.00885,0.26162
CVE-2020-26800,0.00954,0.34522
CVE-2020-26801,0.0089,0.2856
CVE-2020-26802,0.08382,0.93597
CVE-2020-26803,0.00885,0.26162
CVE-2020-26804,0.00885,0.26162
CVE-2020-26805,0.00885,0.26162
CVE-2020-26806,0.02432,0.8082
CVE-2020-26807,0.00885,0.26162
CVE-2020-26808,0.0095,0.30554
CVE-2020-26809,0.01018,0.38792
CVE-2020-2681,0.0089,0.2856
CVE-2020-26810,0.00885,0.26162
CVE-2020-26811,0.01018,0.38792
CVE-2020-26814,0.00885,0.26162
CVE-2020-26815,0.00885,0.26162
CVE-2020-26816,0.00885,0.26162
CVE-2020-26817,0.00954,0.34522
CVE-2020-26818,0.00885,0.26162
CVE-2020-26819,0.00885,0.26162
CVE-2020-2682,0.0089,0.2856
CVE-2020-26820,0.0095,0.30554
CVE-2020-26821,0.00885,0.26162
CVE-2020-26822,0.00885,0.26162
CVE-2020-26823,0.00885,0.26162
CVE-2020-26824,0.00885,0.26162
CVE-2020-26825,0.00885,0.26162
CVE-2020-26826,0.00885,0.26162
CVE-2020-26828,0.0144,0.7265
CVE-2020-26829,0.01018,0.38792
CVE-2020-2683,0.00885,0.26162
CVE-2020-26830,0.0095,0.30554
CVE-2020-26831,0.00885,0.26162
CVE-2020-26832,0.0095,0.30554
CVE-2020-26834,0.00885,0.26162
CVE-2020-26835,0.00885,0.26162
CVE-2020-26836,0.01018,0.38792
CVE-2020-26837,0.0095,0.30554
CVE-2020-26838,0.0144,0.7265
CVE-2020-2684,0.00885,0.26162
CVE-2020-2685,0.00885,0.26162
CVE-2020-2686,0.0095,0.30554
CVE-2020-26867,0.03938,0.85198
CVE-2020-26868,0.01018,0.38792
CVE-2020-26869,0.01018,0.38792
CVE-2020-2687,0.00885,0.26162
CVE-2020-26870,0.063,0.90364
CVE-2020-26876,0.01136,0.57949
CVE-2020-26877,0.00954,0.34522
CVE-2020-26878,0.01232,0.66248
CVE-2020-26879,0.01108,0.53389
CVE-2020-2688,0.00885,0.26162
CVE-2020-26880,0.01034,0.39824
CVE-2020-26882,0.00885,0.26162
CVE-2020-26883,0.00885,0.26162
CVE-2020-26884,0.01055,0.50287
CVE-2020-26885,0.01018,0.38792
CVE-2020-26886,0.01365,0.70715
CVE-2020-26887,0.02042,0.78565
CVE-2020-2689,0.0089,0.2856
CVE-2020-26890,0.01136,0.57949
CVE-2020-26891,0.01213,0.6557
CVE-2020-26892,0.00954,0.34522
CVE-2020-26893,0.00885,0.26162
CVE-2020-26894,0.0089,0.2856
CVE-2020-26895,0.00954,0.34522
CVE-2020-26896,0.00954,0.34522
CVE-2020-26897,0.00885,0.26162
CVE-2020-26898,0.00885,0.26162
CVE-2020-26899,0.00885,0.26162
CVE-2020-2690,0.0089,0.2856
CVE-2020-26900,0.00885,0.26162
CVE-2020-26901,0.00885,0.26162
CVE-2020-26902,0.01005,0.35949
CVE-2020-26903,0.00885,0.26162
CVE-2020-26904,0.00885,0.26162
CVE-2020-26905,0.00885,0.26162
CVE-2020-26906,0.00885,0.26162
CVE-2020-26907,0.01005,0.35949
CVE-2020-26908,0.00885,0.26162
CVE-2020-26909,0.01005,0.35949
CVE-2020-2691,0.0089,0.2856
CVE-2020-26910,0.01005,0.35949
CVE-2020-26911,0.00885,0.26162
CVE-2020-26912,0.00885,0.26162
CVE-2020-26913,0.00885,0.26162
CVE-2020-26914,0.01005,0.35949
CVE-2020-26915,0.00885,0.26162
CVE-2020-26916,0.00885,0.26162
CVE-2020-26917,0.00885,0.26162
CVE-2020-26918,0.00885,0.26162
CVE-2020-26919,0.00885,0.26162
CVE-2020-2692,0.0089,0.2856
CVE-2020-26920,0.01005,0.35949
CVE-2020-26921,0.00885,0.26162
CVE-2020-26922,0.01005,0.35949
CVE-2020-26923,0.00885,0.26162
CVE-2020-26924,0.00885,0.26162
CVE-2020-26925,0.00885,0.26162
CVE-2020-26926,0.00885,0.26162
CVE-2020-26927,0.00885,0.26162
CVE-2020-26928,0.00885,0.26162
CVE-2020-26929,0.01005,0.35949
CVE-2020-2693,0.0089,0.2856
CVE-2020-26930,0.00885,0.26162
CVE-2020-26931,0.00885,0.26162
CVE-2020-26932,0.0089,0.2856
CVE-2020-26933,0.00885,0.26162
CVE-2020-26934,0.01183,0.60428
CVE-2020-26936,0.00885,0.26162
CVE-2020-26938,0.0095,0.30554
CVE-2020-26939,0.00885,0.26162
CVE-2020-2694,0.0095,0.30554
CVE-2020-26941,0.00885,0.26162
CVE-2020-26943,0.02583,0.81238
CVE-2020-26944,0.00885,0.26162
CVE-2020-26945,0.00885,0.26162
CVE-2020-26947,0.00885,0.26162
CVE-2020-26948,0.425,0.98179
CVE-2020-2695,0.00885,0.26162
CVE-2020-26950,0.31977,0.97487
CVE-2020-26951,0.01018,0.38792
CVE-2020-26952,0.00885,0.26162
CVE-2020-26953,0.01018,0.38792
CVE-2020-26954,0.00885,0.26162
CVE-2020-26955,0.00885,0.26162
CVE-2020-26956,0.01018,0.38792
CVE-2020-26957,0.00885,0.26162
CVE-2020-26958,0.02509,0.81058
CVE-2020-26959,0.01018,0.38792
CVE-2020-2696,0.01034,0.39824
CVE-2020-26960,0.01018,0.38792
CVE-2020-26961,0.01018,0.38792
CVE-2020-26962,0.00885,0.26162
CVE-2020-26963,0.00885,0.26162
CVE-2020-26964,0.00885,0.26162
CVE-2020-26965,0.01018,0.38792
CVE-2020-26966,0.01018,0.38792
CVE-2020-26967,0.00885,0.26162
CVE-2020-26968,0.01018,0.38792
CVE-2020-26969,0.00885,0.26162
CVE-2020-2697,0.00885,0.26162
CVE-2020-26970,0.00885,0.26162
CVE-2020-26971,0.01018,0.38792
CVE-2020-26972,0.00885,0.26162
CVE-2020-26973,0.01018,0.38792
CVE-2020-26974,0.01018,0.38792
CVE-2020-26975,0.00885,0.26162
CVE-2020-26976,0.01108,0.53389
CVE-2020-26977,0.00885,0.26162
CVE-2020-26978,0.01018,0.38792
CVE-2020-26979,0.00885,0.26162
CVE-2020-2698,0.0089,0.2856
CVE-2020-26980,0.0144,0.7265
CVE-2020-26981,0.01055,0.50287
CVE-2020-26982,0.0144,0.7265
CVE-2020-26983,0.0144,0.7265
CVE-2020-26984,0.0144,0.7265
CVE-2020-26985,0.02509,0.81058
CVE-2020-26986,0.0144,0.7265
CVE-2020-26987,0.02509,0.81058
CVE-2020-26988,0.0144,0.7265
CVE-2020-26989,0.01559,0.742
CVE-2020-2699,0.00885,0.26162
CVE-2020-26990,0.02509,0.81058
CVE-2020-26991,0.02509,0.81058
CVE-2020-26992,0.01036,0.41241
CVE-2020-26993,0.01036,0.41241
CVE-2020-26994,0.01086,0.51674
CVE-2020-26995,0.02509,0.81058
CVE-2020-26996,0.0144,0.7265
CVE-2020-26997,0.01005,0.36332
CVE-2020-26998,0.0095,0.30554
CVE-2020-26999,0.0095,0.30554
CVE-2020-2700,0.00885,0.26162
CVE-2020-27000,0.01005,0.36332
CVE-2020-27001,0.01365,0.70715
CVE-2020-27002,0.0089,0.2856
CVE-2020-27003,0.01005,0.36332
CVE-2020-27004,0.00885,0.26162
CVE-2020-27005,0.01005,0.36332
CVE-2020-27006,0.01005,0.36332
CVE-2020-27007,0.00954,0.34522
CVE-2020-27008,0.00885,0.26162
CVE-2020-27009,0.0144,0.7265
CVE-2020-2701,0.0089,0.2856
CVE-2020-27010,0.00885,0.26162
CVE-2020-27013,0.00885,0.26162
CVE-2020-27014,0.00885,0.26162
CVE-2020-27015,0.00885,0.26162
CVE-2020-27016,0.00885,0.26162
CVE-2020-27017,0.00885,0.26162
CVE-2020-27018,0.00885,0.26162
CVE-2020-27019,0.00885,0.26162
CVE-2020-2702,0.0089,0.2856
CVE-2020-27020,0.00885,0.26162
CVE-2020-27021,0.01036,0.41241
CVE-2020-27023,0.01036,0.41241
CVE-2020-27024,0.01156,0.60033
CVE-2020-27025,0.01036,0.41241
CVE-2020-27026,0.01036,0.41241
CVE-2020-27027,0.01036,0.41241
CVE-2020-27028,0.01036,0.41241
CVE-2020-27029,0.01156,0.60033
CVE-2020-2703,0.0089,0.2856
CVE-2020-27030,0.01036,0.41241
CVE-2020-27031,0.01036,0.41241
CVE-2020-27032,0.01036,0.41241
CVE-2020-27033,0.01036,0.41241
CVE-2020-27034,0.01036,0.41241
CVE-2020-27035,0.01036,0.41241
CVE-2020-27036,0.01036,0.41241
CVE-2020-27037,0.01036,0.41241
CVE-2020-27038,0.01156,0.60033
CVE-2020-27039,0.01036,0.41241
CVE-2020-2704,0.0089,0.2856
CVE-2020-27040,0.01036,0.41241
CVE-2020-27041,0.01036,0.41241
CVE-2020-27043,0.01036,0.41241
CVE-2020-27044,0.01036,0.41241
CVE-2020-27045,0.01036,0.41241
CVE-2020-27046,0.01036,0.41241
CVE-2020-27047,0.01036,0.41241
CVE-2020-27048,0.01036,0.41241
CVE-2020-27049,0.01036,0.41241
CVE-2020-2705,0.0089,0.2856
CVE-2020-27050,0.01036,0.41241
CVE-2020-27051,0.01036,0.41241
CVE-2020-27052,0.01036,0.41241
CVE-2020-27053,0.01036,0.41241
CVE-2020-27054,0.01036,0.41241
CVE-2020-27055,0.01156,0.60033
CVE-2020-27056,0.01036,0.41241
CVE-2020-27057,0.01036,0.41241
CVE-2020-27059,0.01036,0.41241
CVE-2020-2706,0.00885,0.26162
CVE-2020-27066,0.01036,0.41241
CVE-2020-27067,0.01036,0.41241
CVE-2020-27068,0.01036,0.41241
CVE-2020-2707,0.00885,0.26162
CVE-2020-2709,0.00885,0.26162
CVE-2020-27097,0.01036,0.41241
CVE-2020-27098,0.01036,0.41241
CVE-2020-2710,0.00885,0.26162
CVE-2020-2711,0.00885,0.26162
CVE-2020-2712,0.00885,0.26162
CVE-2020-27121,0.01055,0.50287
CVE-2020-27122,0.00885,0.26162
CVE-2020-27123,0.00885,0.26162
CVE-2020-27125,0.01055,0.50287
CVE-2020-27126,0.01055,0.50287
CVE-2020-27127,0.00885,0.26162
CVE-2020-27128,0.01055,0.50287
CVE-2020-27129,0.00885,0.26162
CVE-2020-2713,0.00885,0.26162
CVE-2020-27130,0.01055,0.50287
CVE-2020-27132,0.00885,0.26162
CVE-2020-27133,0.00885,0.26162
CVE-2020-27134,0.00885,0.26162
CVE-2020-2714,0.00885,0.26162
CVE-2020-27146,0.00885,0.26162
CVE-2020-27147,0.00885,0.26162
CVE-2020-27148,0.0089,0.2856
CVE-2020-27149,0.00885,0.26162
CVE-2020-2715,0.00885,0.26162
CVE-2020-27150,0.00885,0.26162
CVE-2020-27151,0.0095,0.30554
CVE-2020-27152,0.0095,0.30554
CVE-2020-27153,0.04717,0.88671
CVE-2020-27154,0.00885,0.26162
CVE-2020-27155,0.01018,0.38792
CVE-2020-27156,0.01156,0.60033
CVE-2020-27157,0.00885,0.26162
CVE-2020-27158,0.05634,0.89764
CVE-2020-27159,0.05634,0.89764
CVE-2020-2716,0.00885,0.26162
CVE-2020-27160,0.05634,0.89764
CVE-2020-27163,0.00885,0.26162
CVE-2020-2717,0.00885,0.26162
CVE-2020-27170,0.01282,0.67298
CVE-2020-27171,0.01282,0.67298
CVE-2020-27172,0.00885,0.26162
CVE-2020-27173,0.00885,0.26162
CVE-2020-27174,0.01018,0.38792
CVE-2020-27176,0.01156,0.60033
CVE-2020-27178,0.00885,0.26162
CVE-2020-27179,0.00885,0.26162
CVE-2020-2718,0.00885,0.26162
CVE-2020-27180,0.00885,0.26162
CVE-2020-27181,0.00885,0.26162
CVE-2020-27182,0.01055,0.50287
CVE-2020-27183,0.00885,0.26162
CVE-2020-27184,0.00885,0.26162
CVE-2020-27185,0.00885,0.26162
CVE-2020-27187,0.0095,0.30554
CVE-2020-2719,0.00885,0.26162
CVE-2020-27191,0.00885,0.26162
CVE-2020-27193,0.01319,0.70416
CVE-2020-27195,0.00885,0.26162
CVE-2020-27196,0.00885,0.26162
CVE-2020-27197,0.00954,0.34522
CVE-2020-2720,0.00885,0.26162
CVE-2020-27207,0.01136,0.57949
CVE-2020-27208,0.01108,0.53389
CVE-2020-27209,0.01018,0.38792
CVE-2020-2721,0.00885,0.26162
CVE-2020-27211,0.01018,0.38792
CVE-2020-27212,0.0089,0.2856
CVE-2020-27216,0.1592,0.95889
CVE-2020-27217,0.00885,0.26162
CVE-2020-27218,0.24963,0.96737
CVE-2020-27219,0.00885,0.26162
CVE-2020-2722,0.00885,0.26162
CVE-2020-27220,0.00885,0.26162
CVE-2020-27221,0.00885,0.26162
CVE-2020-27222,0.00885,0.26162
CVE-2020-27224,0.0144,0.7265
CVE-2020-27225,0.00885,0.26162
CVE-2020-27226,0.00885,0.26162
CVE-2020-27227,0.02055,0.7893
CVE-2020-27228,0.00885,0.26162
CVE-2020-27229,0.00885,0.26162
CVE-2020-2723,0.00885,0.26162
CVE-2020-27230,0.00885,0.26162
CVE-2020-27231,0.00885,0.26162
CVE-2020-27232,0.00885,0.26162
CVE-2020-27233,0.00885,0.26162
CVE-2020-27234,0.00885,0.26162
CVE-2020-27235,0.00885,0.26162
CVE-2020-27236,0.00885,0.26162
CVE-2020-27237,0.00885,0.26162
CVE-2020-27238,0.00885,0.26162
CVE-2020-27239,0.00885,0.26162
CVE-2020-2724,0.00885,0.26162
CVE-2020-27240,0.00885,0.26162
CVE-2020-27241,0.00885,0.26162
CVE-2020-27242,0.00885,0.26162
CVE-2020-27243,0.00885,0.26162
CVE-2020-27244,0.00885,0.26162
CVE-2020-27245,0.00885,0.26162
CVE-2020-27246,0.00885,0.26162
CVE-2020-27247,0.00885,0.26162
CVE-2020-27248,0.00885,0.26162
CVE-2020-27249,0.00885,0.26162
CVE-2020-2725,0.0089,0.2856
CVE-2020-27250,0.00885,0.26162
CVE-2020-27251,0.01156,0.60033
CVE-2020-27252,0.01086,0.51674
CVE-2020-27253,0.01055,0.50287
CVE-2020-27254,0.00885,0.26162
CVE-2020-27255,0.01055,0.50287
CVE-2020-27256,0.00885,0.26162
CVE-2020-27257,0.01005,0.36332
CVE-2020-27258,0.00885,0.26162
CVE-2020-27259,0.0144,0.7265
CVE-2020-2726,0.0089,0.2856
CVE-2020-27260,0.00885,0.26162
CVE-2020-27261,0.02509,0.81058
CVE-2020-27262,0.00885,0.26162
CVE-2020-27263,0.00885,0.26162
CVE-2020-27264,0.00885,0.26162
CVE-2020-27265,0.01086,0.51674
CVE-2020-27266,0.00885,0.26162
CVE-2020-27267,0.00885,0.26162
CVE-2020-27268,0.00885,0.26162
CVE-2020-27269,0.00885,0.26162
CVE-2020-2727,0.0089,0.2856
CVE-2020-27270,0.00885,0.26162
CVE-2020-27272,0.00885,0.26162
CVE-2020-27274,0.00885,0.26162
CVE-2020-27275,0.02378,0.80704
CVE-2020-27276,0.00885,0.26162
CVE-2020-27277,0.01005,0.36332
CVE-2020-27278,0.00885,0.26162
CVE-2020-27279,0.00885,0.26162
CVE-2020-2728,0.00885,0.26162
CVE-2020-27280,0.01036,0.41241
CVE-2020-27281,0.01005,0.36332
CVE-2020-27282,0.00885,0.26162
CVE-2020-27283,0.00885,0.26162
CVE-2020-27284,0.01036,0.41241
CVE-2020-27285,0.00885,0.26162
CVE-2020-27287,0.01719,0.75183
CVE-2020-27288,0.01036,0.41241
CVE-2020-27289,0.01005,0.36332
CVE-2020-2729,0.00885,0.26162
CVE-2020-27290,0.00885,0.26162
CVE-2020-27291,0.01005,0.36332
CVE-2020-27293,0.01005,0.36332
CVE-2020-27295,0.00885,0.26162
CVE-2020-27297,0.01086,0.51674
CVE-2020-27298,0.00885,0.26162
CVE-2020-27299,0.00885,0.26162
CVE-2020-2730,0.00885,0.26162
CVE-2020-27301,0.01103,0.51945
CVE-2020-27302,0.01103,0.51945
CVE-2020-27304,0.01018,0.38792
CVE-2020-2731,0.00885,0.26162
CVE-2020-2732,0.01547,0.74085
CVE-2020-2733,0.00885,0.26162
CVE-2020-27336,0.01055,0.50287
CVE-2020-27337,0.01055,0.50287
CVE-2020-27338,0.01055,0.50287
CVE-2020-27339,0.0089,0.2856
CVE-2020-2734,0.00885,0.26162
CVE-2020-27340,0.00885,0.26162
CVE-2020-27344,0.00885,0.26162
CVE-2020-27347,0.0095,0.30554
CVE-2020-27348,0.01365,0.70715
CVE-2020-27349,0.00885,0.26162
CVE-2020-2735,0.00885,0.26162
CVE-2020-27350,0.0095,0.30554
CVE-2020-27351,0.0089,0.2856
CVE-2020-27356,0.0089,0.2856
CVE-2020-27358,0.0089,0.2856
CVE-2020-27359,0.0089,0.2856
CVE-2020-27361,0.00885,0.26162
CVE-2020-27362,0.00885,0.26162
CVE-2020-2737,0.00885,0.26162
CVE-2020-27372,0.00885,0.26162
CVE-2020-27373,0.00954,0.34522
CVE-2020-27374,0.00954,0.34522
CVE-2020-27375,0.00954,0.34522
CVE-2020-27376,0.00954,0.34522
CVE-2020-27377,0.00885,0.26162
CVE-2020-27379,0.00885,0.26162
CVE-2020-2738,0.00885,0.26162
CVE-2020-27383,0.00885,0.26162
CVE-2020-27384,0.00885,0.26162
CVE-2020-27385,0.01055,0.50287
CVE-2020-27386,0.21043,0.96371
CVE-2020-27387,0.21043,0.96371
CVE-2020-27388,0.0089,0.2856
CVE-2020-2739,0.00885,0.26162
CVE-2020-27397,0.01424,0.72364
CVE-2020-2740,0.00885,0.26162
CVE-2020-27402,0.0095,0.30554
CVE-2020-27403,0.02172,0.79917
CVE-2020-27406,0.0144,0.7265
CVE-2020-27408,0.00885,0.26162
CVE-2020-27409,0.00954,0.34522
CVE-2020-2741,0.0095,0.30554
CVE-2020-27413,0.0095,0.30554
CVE-2020-27414,0.00885,0.26162
CVE-2020-27416,0.01055,0.50287
CVE-2020-2742,0.0095,0.30554
CVE-2020-27422,0.08382,0.93597
CVE-2020-27423,0.08382,0.93597
CVE-2020-27428,0.00885,0.26162
CVE-2020-2743,0.0095,0.30554
CVE-2020-2744,0.00885,0.26162
CVE-2020-2745,0.00885,0.26162
CVE-2020-27459,0.00885,0.26162
CVE-2020-2746,0.00885,0.26162
CVE-2020-27461,0.04571,0.88388
CVE-2020-27464,0.04164,0.85408
CVE-2020-27466,0.04164,0.85408
CVE-2020-27467,0.00885,0.26162
CVE-2020-2747,0.00885,0.26162
CVE-2020-2748,0.0095,0.30554
CVE-2020-27481,0.00885,0.26162
CVE-2020-27483,0.01156,0.60033
CVE-2020-27484,0.01086,0.51674
CVE-2020-27485,0.01086,0.51674
CVE-2020-27486,0.01086,0.51674
CVE-2020-27488,0.01018,0.38792
CVE-2020-2749,0.00885,0.26162
CVE-2020-2750,0.00885,0.26162
CVE-2020-27508,0.00885,0.26162
CVE-2020-27509,0.00885,0.26162
CVE-2020-2751,0.00885,0.26162
CVE-2020-27511,0.00954,0.34522
CVE-2020-27515,0.02173,0.80027
CVE-2020-27518,0.01005,0.36332
CVE-2020-27519,0.01365,0.70715
CVE-2020-2752,0.01034,0.39824
CVE-2020-27523,0.01018,0.38792
CVE-2020-27524,0.00954,0.34522
CVE-2020-2753,0.00885,0.26162
CVE-2020-27534,0.01018,0.38792
CVE-2020-27539,0.00885,0.26162
CVE-2020-2754,0.01537,0.73595
CVE-2020-27540,0.00885,0.26162
CVE-2020-27541,0.00885,0.26162
CVE-2020-27542,0.01005,0.35949
CVE-2020-27543,0.01213,0.6557
CVE-2020-2755,0.02686,0.82061
CVE-2020-27553,0.00885,0.26162
CVE-2020-27554,0.00885,0.26162
CVE-2020-27555,0.01055,0.50287
CVE-2020-27556,0.01055,0.50287
CVE-2020-27557,0.00885,0.26162
CVE-2020-27558,0.01055,0.50287
CVE-2020-2756,0.02686,0.82061
CVE-2020-27560,0.00954,0.34522
CVE-2020-27568,0.00885,0.26162
CVE-2020-27569,0.00885,0.26162
CVE-2020-2757,0.02686,0.82061
CVE-2020-27574,0.00885,0.26162
CVE-2020-27575,0.02055,0.7893
CVE-2020-27576,0.00885,0.26162
CVE-2020-2758,0.0095,0.30554
CVE-2020-27583,0.01156,0.60033
CVE-2020-27585,0.00885,0.26162
CVE-2020-27586,0.00885,0.26162
CVE-2020-27587,0.00885,0.26162
CVE-2020-27589,0.01018,0.38792
CVE-2020-2759,0.01034,0.39824
CVE-2020-2760,0.01282,0.67298
CVE-2020-27600,0.01136,0.57949
CVE-2020-27601,0.00885,0.26162
CVE-2020-27602,0.00885,0.26162
CVE-2020-27604,0.01055,0.50287
CVE-2020-27605,0.00885,0.26162
CVE-2020-27606,0.01055,0.50287
CVE-2020-27607,0.00885,0.26162
CVE-2020-27608,0.00954,0.34522
CVE-2020-27609,0.00885,0.26162
CVE-2020-2761,0.01034,0.39824
CVE-2020-27610,0.00885,0.26162
CVE-2020-27611,0.00885,0.26162
CVE-2020-27612,0.00885,0.26162
CVE-2020-27613,0.00954,0.34522
CVE-2020-27614,0.00885,0.26162
CVE-2020-27615,0.34691,0.97686
CVE-2020-27616,0.0089,0.2856
CVE-2020-27617,0.0095,0.30554
CVE-2020-27618,0.01034,0.39824
CVE-2020-27619,0.02686,0.82061
CVE-2020-2762,0.01034,0.39824
CVE-2020-27620,0.01018,0.38792
CVE-2020-27621,0.00885,0.26162
CVE-2020-27622,0.00885,0.26162
CVE-2020-27623,0.00885,0.26162
CVE-2020-27624,0.00885,0.26162
CVE-2020-27625,0.00885,0.26162
CVE-2020-27626,0.00885,0.26162
CVE-2020-27627,0.00885,0.26162
CVE-2020-27628,0.00885,0.26162
CVE-2020-27629,0.00885,0.26162
CVE-2020-2763,0.01034,0.39824
CVE-2020-27632,0.00885,0.26162
CVE-2020-27637,0.00885,0.26162
CVE-2020-27638,0.01108,0.53389
CVE-2020-27639,0.00885,0.26162
CVE-2020-2764,0.00954,0.34522
CVE-2020-27640,0.00885,0.26162
CVE-2020-27642,0.00885,0.26162
CVE-2020-27643,0.01055,0.50287
CVE-2020-27644,0.01055,0.50287
CVE-2020-27645,0.01055,0.50287
CVE-2020-27646,0.00885,0.26162
CVE-2020-27648,0.00885,0.26162
CVE-2020-27649,0.00885,0.26162
CVE-2020-2765,0.01034,0.39824
CVE-2020-27650,0.01055,0.50287
CVE-2020-27651,0.01055,0.50287
CVE-2020-27652,0.00885,0.26162
CVE-2020-27653,0.00885,0.26162
CVE-2020-27654,0.01136,0.57949
CVE-2020-27655,0.01055,0.50287
CVE-2020-27656,0.00885,0.26162
CVE-2020-27657,0.00885,0.26162
CVE-2020-27658,0.01055,0.50287
CVE-2020-27659,0.01061,0.51015
CVE-2020-2766,0.00885,0.26162
CVE-2020-27660,0.01136,0.57949
CVE-2020-27661,0.0095,0.30554
CVE-2020-27662,0.00885,0.26162
CVE-2020-27663,0.00885,0.26162
CVE-2020-27664,0.00885,0.26162
CVE-2020-27665,0.00885,0.26162
CVE-2020-27666,0.00885,0.26162
CVE-2020-2767,0.01018,0.38792
CVE-2020-27670,0.01104,0.52279
CVE-2020-27671,0.01104,0.52279
CVE-2020-27672,0.01104,0.52279
CVE-2020-27673,0.01282,0.67298
CVE-2020-27674,0.01034,0.39824
CVE-2020-27675,0.01282,0.67298
CVE-2020-27678,0.00885,0.26162
CVE-2020-2768,0.0089,0.2856
CVE-2020-27687,0.00885,0.26162
CVE-2020-27689,0.01055,0.50287
CVE-2020-2769,0.00885,0.26162
CVE-2020-27690,0.00885,0.26162
CVE-2020-27691,0.00885,0.26162
CVE-2020-27692,0.00885,0.26162
CVE-2020-27693,0.00885,0.26162
CVE-2020-27694,0.00885,0.26162
CVE-2020-27695,0.00885,0.26162
CVE-2020-27696,0.00885,0.26162
CVE-2020-27697,0.00885,0.26162
CVE-2020-2770,0.01034,0.39824
CVE-2020-27708,0.00885,0.26162
CVE-2020-2771,0.0095,0.30554
CVE-2020-27713,0.00885,0.26162
CVE-2020-27714,0.00885,0.26162
CVE-2020-27715,0.00885,0.26162
CVE-2020-27716,0.00885,0.26162
CVE-2020-27717,0.00885,0.26162
CVE-2020-27718,0.00885,0.26162
CVE-2020-27719,0.00885,0.26162
CVE-2020-2772,0.00885,0.26162
CVE-2020-27720,0.00885,0.26162
CVE-2020-27721,0.00885,0.26162
CVE-2020-27722,0.00885,0.26162
CVE-2020-27723,0.00885,0.26162
CVE-2020-27724,0.00885,0.26162
CVE-2020-27725,0.00885,0.26162
CVE-2020-27726,0.00885,0.26162
CVE-2020-27727,0.00885,0.26162
CVE-2020-27728,0.00885,0.26162
CVE-2020-27729,0.00885,0.26162
CVE-2020-2773,0.02686,0.82061
CVE-2020-27730,0.00885,0.26162
CVE-2020-27733,0.00885,0.26162
CVE-2020-27735,0.0144,0.7265
CVE-2020-27736,0.00885,0.26162
CVE-2020-27737,0.00885,0.26162
CVE-2020-27738,0.00885,0.26162
CVE-2020-27739,0.01055,0.50287
CVE-2020-2774,0.01034,0.39824
CVE-2020-27740,0.01055,0.50287
CVE-2020-27741,0.01055,0.50287
CVE-2020-27742,0.01055,0.50287
CVE-2020-27743,0.00885,0.26162
CVE-2020-27744,0.01978,0.78447
CVE-2020-27745,0.00954,0.34522
CVE-2020-27746,0.00885,0.26162
CVE-2020-27747,0.01055,0.50287
CVE-2020-27748,0.00885,0.26162
CVE-2020-27749,0.01365,0.70715
CVE-2020-2775,0.00885,0.26162
CVE-2020-27750,0.00885,0.26162
CVE-2020-27751,0.00885,0.26162
CVE-2020-27752,0.00885,0.26162
CVE-2020-27753,0.00885,0.26162
CVE-2020-27754,0.00885,0.26162
CVE-2020-27755,0.00885,0.26162
CVE-2020-27756,0.00885,0.26162
CVE-2020-27757,0.00885,0.26162
CVE-2020-27758,0.00885,0.26162
CVE-2020-27759,0.00885,0.26162
CVE-2020-2776,0.00885,0.26162
CVE-2020-27760,0.00885,0.26162
CVE-2020-27761,0.00885,0.26162
CVE-2020-27762,0.00885,0.26162
CVE-2020-27763,0.00885,0.26162
CVE-2020-27764,0.00954,0.34522
CVE-2020-27765,0.00885,0.26162
CVE-2020-27766,0.00885,0.26162
CVE-2020-27767,0.00885,0.26162
CVE-2020-27768,0.00885,0.26162
CVE-2020-27769,0.00885,0.26162
CVE-2020-2777,0.00885,0.26162
CVE-2020-27770,0.00885,0.26162
CVE-2020-27771,0.00885,0.26162
CVE-2020-27772,0.00885,0.26162
CVE-2020-27773,0.00885,0.26162
CVE-2020-27774,0.00885,0.26162
CVE-2020-27775,0.00885,0.26162
CVE-2020-27776,0.00885,0.26162
CVE-2020-27777,0.0095,0.30554
CVE-2020-27778,0.01055,0.50287
CVE-2020-27779,0.0095,0.30554
CVE-2020-2778,0.01018,0.38792
CVE-2020-27780,0.00885,0.26162
CVE-2020-27781,0.0089,0.2856
CVE-2020-27782,0.00885,0.26162
CVE-2020-27783,0.01408,0.72072
CVE-2020-27784,0.00885,0.26162
CVE-2020-27787,0.00885,0.26162
CVE-2020-27788,0.00885,0.26162
CVE-2020-2779,0.01034,0.39824
CVE-2020-27790,0.00885,0.26162
CVE-2020-27792,0.00885,0.26162
CVE-2020-27793,0.00885,0.26162
CVE-2020-27794,0.00885,0.26162
CVE-2020-27795,0.00954,0.34522
CVE-2020-27796,0.00885,0.26162
CVE-2020-27797,0.00885,0.26162
CVE-2020-27798,0.00885,0.26162
CVE-2020-27799,0.00885,0.26162
CVE-2020-2780,0.01104,0.52279
CVE-2020-27800,0.00885,0.26162
CVE-2020-27801,0.00885,0.26162
CVE-2020-27802,0.00885,0.26162
CVE-2020-2781,0.02686,0.82061
CVE-2020-27813,0.00954,0.34522
CVE-2020-27814,0.01719,0.75183
CVE-2020-27815,0.01282,0.67298
CVE-2020-27816,0.00885,0.26162
CVE-2020-27818,0.01183,0.60428
CVE-2020-27819,0.01055,0.50287
CVE-2020-2782,0.00885,0.26162
CVE-2020-27820,0.0095,0.30554
CVE-2020-27821,0.0089,0.2856
CVE-2020-27822,0.00885,0.26162
CVE-2020-27823,0.01018,0.38792
CVE-2020-27825,0.0095,0.30554
CVE-2020-27826,0.00885,0.26162
CVE-2020-27827,0.01018,0.38792
CVE-2020-27828,0.01108,0.53389
CVE-2020-27829,0.00885,0.26162
CVE-2020-2783,0.00885,0.26162
CVE-2020-27830,0.01034,0.39824
CVE-2020-27831,0.00885,0.26162
CVE-2020-27832,0.00885,0.26162
CVE-2020-27833,0.0144,0.7265
CVE-2020-27835,0.00885,0.26162
CVE-2020-27836,0.01018,0.38792
CVE-2020-27837,0.00885,0.26162
CVE-2020-27838,0.00885,0.26162
CVE-2020-27839,0.00885,0.26162
CVE-2020-2784,0.00885,0.26162
CVE-2020-27840,0.01537,0.73595
CVE-2020-27841,0.01108,0.53389
CVE-2020-27842,0.01108,0.53389
CVE-2020-27843,0.01108,0.53389
CVE-2020-27844,0.01018,0.38792
CVE-2020-27845,0.01108,0.53389
CVE-2020-27846,0.01108,0.53389
CVE-2020-27847,0.00954,0.34522
CVE-2020-27848,0.00885,0.26162
CVE-2020-2785,0.00885,0.26162
CVE-2020-27850,0.01055,0.50287
CVE-2020-27851,0.01055,0.50287
CVE-2020-27852,0.01055,0.50287
CVE-2020-27853,0.01885,0.76424
CVE-2020-27855,0.01321,0.70521
CVE-2020-27856,0.01321,0.70521
CVE-2020-27857,0.01321,0.70521
CVE-2020-27858,0.01055,0.50287
CVE-2020-27859,0.01055,0.50287
CVE-2020-2786,0.00885,0.26162
CVE-2020-27860,0.01321,0.70521
CVE-2020-27861,0.01005,0.36332
CVE-2020-27862,0.01005,0.36332
CVE-2020-27863,0.00885,0.26162
CVE-2020-27864,0.01005,0.36332
CVE-2020-27865,0.01005,0.36332
CVE-2020-27866,0.01005,0.36332
CVE-2020-27867,0.01005,0.36332
CVE-2020-27868,0.01978,0.78447
CVE-2020-27869,0.01055,0.50287
CVE-2020-2787,0.00885,0.26162
CVE-2020-27870,0.01055,0.50287
CVE-2020-27871,0.01156,0.60033
CVE-2020-27872,0.01005,0.36332
CVE-2020-27873,0.00885,0.26162
CVE-2020-27874,0.01156,0.60033
CVE-2020-27885,0.00885,0.26162
CVE-2020-27886,0.00954,0.34522
CVE-2020-27887,0.0089,0.2856
CVE-2020-27888,0.00885,0.26162
CVE-2020-2789,0.00885,0.26162
CVE-2020-27890,0.00885,0.26162
CVE-2020-27891,0.00885,0.26162
CVE-2020-27892,0.00885,0.26162
CVE-2020-27893,0.00885,0.26162
CVE-2020-27894,0.00885,0.26162
CVE-2020-27895,0.00885,0.26162
CVE-2020-27896,0.01213,0.6557
CVE-2020-27897,0.01237,0.66358
CVE-2020-27898,0.01018,0.38792
CVE-2020-27899,0.0095,0.30554
CVE-2020-2790,0.0089,0.2856
CVE-2020-27900,0.00885,0.26162
CVE-2020-27901,0.00885,0.26162
CVE-2020-27902,0.00885,0.26162
CVE-2020-27903,0.01018,0.38792
CVE-2020-27905,0.01237,0.66358
CVE-2020-27906,0.01213,0.6557
CVE-2020-27907,0.01005,0.36332
CVE-2020-27908,0.01237,0.66358
CVE-2020-27909,0.01363,0.70595
CVE-2020-2791,0.00885,0.26162
CVE-2020-27910,0.01363,0.70595
CVE-2020-27911,0.0524,0.89153
CVE-2020-27912,0.01889,0.76448
CVE-2020-27914,0.01005,0.36332
CVE-2020-27915,0.01005,0.36332
CVE-2020-27916,0.01363,0.70595
CVE-2020-27917,0.01363,0.70595
CVE-2020-27918,0.01889,0.76448
CVE-2020-27919,0.01005,0.36332
CVE-2020-27920,0.01843,0.76237
CVE-2020-27921,0.01005,0.36332
CVE-2020-27922,0.01237,0.66358
CVE-2020-27923,0.01237,0.66358
CVE-2020-27924,0.01237,0.66358
CVE-2020-27925,0.00885,0.26162
CVE-2020-27926,0.01237,0.66358
CVE-2020-27927,0.01237,0.66358
CVE-2020-27929,0.00885,0.26162
CVE-2020-2793,0.00885,0.26162
CVE-2020-27930,0.01889,0.76448
CVE-2020-27931,0.01237,0.66358
CVE-2020-27932,0.01889,0.76448
CVE-2020-27933,0.01237,0.66358
CVE-2020-27935,0.01018,0.38792
CVE-2020-27936,0.00885,0.26162
CVE-2020-27937,0.00885,0.26162
CVE-2020-27938,0.00885,0.26162
CVE-2020-27939,0.01036,0.41241
CVE-2020-2794,0.00885,0.26162
CVE-2020-27940,0.00885,0.26162
CVE-2020-27941,0.01036,0.41241
CVE-2020-27942,0.01005,0.36332
CVE-2020-27943,0.01237,0.66358
CVE-2020-27944,0.01237,0.66358
CVE-2020-27945,0.01005,0.36332
CVE-2020-27946,0.01018,0.38792
CVE-2020-27947,0.01036,0.41241
CVE-2020-27948,0.01237,0.66358
CVE-2020-2795,0.00885,0.26162
CVE-2020-27951,0.01237,0.66358
CVE-2020-27952,0.01005,0.36332
CVE-2020-27956,0.06545,0.90967
CVE-2020-27957,0.00885,0.26162
CVE-2020-27958,0.01061,0.51015
CVE-2020-2796,0.00885,0.26162
CVE-2020-27969,0.01055,0.50287
CVE-2020-2797,0.00885,0.26162
CVE-2020-27970,0.01055,0.50287
CVE-2020-27974,0.00885,0.26162
CVE-2020-27975,0.00885,0.26162
CVE-2020-27977,0.00885,0.26162
CVE-2020-27978,0.01055,0.50287
CVE-2020-27980,0.02192,0.80195
CVE-2020-27985,0.0089,0.2856
CVE-2020-27988,0.00885,0.26162
CVE-2020-27989,0.00885,0.26162
CVE-2020-2799,0.00885,0.26162
CVE-2020-27990,0.00885,0.26162
CVE-2020-27991,0.00885,0.26162
CVE-2020-27992,0.00885,0.26162
CVE-2020-27993,0.08382,0.93597
CVE-2020-27994,0.0095,0.30554
CVE-2020-27995,0.00885,0.26162
CVE-2020-27996,0.0089,0.2856
CVE-2020-27997,0.00885,0.26162
CVE-2020-27998,0.01018,0.38792
CVE-2020-2800,0.02686,0.82061
CVE-2020-28001,0.0095,0.30554
CVE-2020-28002,0.00885,0.26162
CVE-2020-28005,0.01055,0.50287
CVE-2020-28007,0.01036,0.41241
CVE-2020-28009,0.01036,0.41241
CVE-2020-28010,0.00885,0.26162
CVE-2020-28011,0.00885,0.26162
CVE-2020-28012,0.00885,0.26162
CVE-2020-28013,0.00885,0.26162
CVE-2020-28014,0.01036,0.41241
CVE-2020-28015,0.00885,0.26162
CVE-2020-28016,0.00885,0.26162
CVE-2020-28017,0.00885,0.26162
CVE-2020-28019,0.00885,0.26162
CVE-2020-2802,0.00885,0.26162
CVE-2020-28020,0.05634,0.89764
CVE-2020-28021,0.01156,0.60033
CVE-2020-28022,0.00885,0.26162
CVE-2020-28023,0.00885,0.26162
CVE-2020-28024,0.01055,0.50287
CVE-2020-28025,0.00885,0.26162
CVE-2020-28026,0.01055,0.50287
CVE-2020-2803,0.02686,0.82061
CVE-2020-28030,0.01108,0.53389
CVE-2020-28031,0.00885,0.26162
CVE-2020-28033,0.01108,0.53389
CVE-2020-28034,0.01108,0.53389
CVE-2020-28035,0.01108,0.53389
CVE-2020-28036,0.01183,0.60428
CVE-2020-28037,0.04717,0.88671
CVE-2020-28038,0.01108,0.53389
CVE-2020-28039,0.01183,0.60428
CVE-2020-2804,0.01108,0.53389
CVE-2020-28040,0.01108,0.53389
CVE-2020-28041,0.01213,0.6557
CVE-2020-28042,0.01018,0.38792
CVE-2020-28044,0.00885,0.26162
CVE-2020-28045,0.01036,0.41241
CVE-2020-28046,0.01036,0.41241
CVE-2020-28047,0.01055,0.50287
CVE-2020-28049,0.01034,0.39824
CVE-2020-2805,0.02686,0.82061
CVE-2020-28050,0.00885,0.26162
CVE-2020-28052,0.05242,0.89216
CVE-2020-28053,0.0089,0.2856
CVE-2020-28055,0.01282,0.67298
CVE-2020-2806,0.0089,0.2856
CVE-2020-28062,0.01086,0.51674
CVE-2020-28063,0.00885,0.26162
CVE-2020-2807,0.00885,0.26162
CVE-2020-28070,0.01156,0.60033
CVE-2020-28071,0.00885,0.26162
CVE-2020-28072,0.01156,0.60033
CVE-2020-28073,0.00885,0.26162
CVE-2020-28074,0.00885,0.26162
CVE-2020-2808,0.00885,0.26162
CVE-2020-28086,0.00885,0.26162
CVE-2020-28087,0.00885,0.26162
CVE-2020-28088,0.01338,0.70562
CVE-2020-2809,0.00885,0.26162
CVE-2020-28091,0.01564,0.74439
CVE-2020-28092,0.02173,0.80027
CVE-2020-28093,0.00885,0.26162
CVE-2020-28094,0.00885,0.26162
CVE-2020-28095,0.00885,0.26162
CVE-2020-28096,0.00885,0.26162
CVE-2020-28097,0.0095,0.30554
CVE-2020-2810,0.00885,0.26162
CVE-2020-28102,0.00885,0.26162
CVE-2020-28103,0.00885,0.26162
CVE-2020-2811,0.00885,0.26162
CVE-2020-28115,0.00885,0.26162
CVE-2020-28119,0.00885,0.26162
CVE-2020-2812,0.01282,0.67298
CVE-2020-28124,0.00885,0.26162
CVE-2020-28129,0.02173,0.80027
CVE-2020-2813,0.00885,0.26162
CVE-2020-28130,0.06545,0.90967
CVE-2020-28133,0.01564,0.74439
CVE-2020-28136,0.06302,0.90368
CVE-2020-28137,0.00885,0.26162
CVE-2020-28138,0.01564,0.74439
CVE-2020-28139,0.02173,0.80027
CVE-2020-2814,0.01282,0.67298
CVE-2020-28140,0.08382,0.93597
CVE-2020-28141,0.00885,0.26162
CVE-2020-28144,0.01156,0.60033
CVE-2020-28145,0.00885,0.26162
CVE-2020-28146,0.00954,0.34522
CVE-2020-28149,0.01086,0.51674
CVE-2020-2815,0.00885,0.26162
CVE-2020-28150,0.00885,0.26162
CVE-2020-2816,0.01018,0.38792
CVE-2020-28165,0.00885,0.26162
CVE-2020-28168,0.01018,0.38792
CVE-2020-28169,0.02685,0.8144
CVE-2020-2817,0.00885,0.26162
CVE-2020-28172,0.01213,0.6557
CVE-2020-28173,0.04571,0.88388
CVE-2020-28175,0.0089,0.2856
CVE-2020-2818,0.00885,0.26162
CVE-2020-28183,0.01564,0.74439
CVE-2020-28184,0.01055,0.50287
CVE-2020-28185,0.01055,0.50287
CVE-2020-28186,0.01055,0.50287
CVE-2020-28187,0.01055,0.50287
CVE-2020-2819,0.00885,0.26162
CVE-2020-28190,0.00885,0.26162
CVE-2020-28194,0.0144,0.7265
CVE-2020-28196,0.02686,0.82061
CVE-2020-28198,0.00885,0.26162
CVE-2020-28199,0.00885,0.26162
CVE-2020-2820,0.00885,0.26162
CVE-2020-28200,0.0095,0.30554
CVE-2020-28203,0.00885,0.26162
CVE-2020-28206,0.01055,0.50287
CVE-2020-28208,0.01183,0.60428
CVE-2020-28209,0.00885,0.26162
CVE-2020-2821,0.00885,0.26162
CVE-2020-28210,0.00885,0.26162
CVE-2020-28211,0.00885,0.26162
CVE-2020-28212,0.01086,0.51674
CVE-2020-28213,0.01086,0.51674
CVE-2020-28214,0.00885,0.26162
CVE-2020-28215,0.0144,0.7265
CVE-2020-28216,0.00885,0.26162
CVE-2020-28217,0.00885,0.26162
CVE-2020-28218,0.00885,0.26162
CVE-2020-28219,0.00885,0.26162
CVE-2020-2822,0.00885,0.26162
CVE-2020-28220,0.00885,0.26162
CVE-2020-28221,0.01086,0.51674
CVE-2020-2823,0.00885,0.26162
CVE-2020-2824,0.00885,0.26162
CVE-2020-28241,0.01108,0.53389
CVE-2020-28242,0.0176,0.7531
CVE-2020-28246,0.01978,0.78447
CVE-2020-28247,0.00954,0.34522
CVE-2020-28248,0.01018,0.38792
CVE-2020-28249,0.02173,0.80027
CVE-2020-2825,0.00885,0.26162
CVE-2020-28250,0.01055,0.50287
CVE-2020-28251,0.00885,0.26162
CVE-2020-2826,0.00885,0.26162
CVE-2020-28267,0.01885,0.76424
CVE-2020-28268,0.01885,0.76424
CVE-2020-28269,0.01885,0.76424
CVE-2020-2827,0.00885,0.26162
CVE-2020-28270,0.01885,0.76424
CVE-2020-28271,0.01885,0.76424
CVE-2020-28272,0.01885,0.76424
CVE-2020-28273,0.03693,0.843
CVE-2020-28274,0.01156,0.60033
CVE-2020-28276,0.01885,0.76424
CVE-2020-28277,0.01885,0.76424
CVE-2020-28278,0.01885,0.76424
CVE-2020-28279,0.01885,0.76424
CVE-2020-2828,0.00885,0.26162
CVE-2020-28280,0.01885,0.76424
CVE-2020-28281,0.01885,0.76424
CVE-2020-28282,0.01885,0.76424
CVE-2020-28283,0.01885,0.76424
CVE-2020-2829,0.00885,0.26162
CVE-2020-2830,0.02686,0.82061
CVE-2020-2831,0.00885,0.26162
CVE-2020-2832,0.00885,0.26162
CVE-2020-28327,0.01786,0.75946
CVE-2020-28329,0.00885,0.26162
CVE-2020-2833,0.00885,0.26162
CVE-2020-28330,0.00885,0.26162
CVE-2020-28331,0.00885,0.26162
CVE-2020-28332,0.00885,0.26162
CVE-2020-28333,0.00885,0.26162
CVE-2020-28334,0.01055,0.50287
CVE-2020-28337,0.04571,0.88388
CVE-2020-28339,0.00885,0.26162
CVE-2020-2834,0.00885,0.26162
CVE-2020-28340,0.00885,0.26162
CVE-2020-28341,0.01036,0.41241
CVE-2020-28342,0.00885,0.26162
CVE-2020-28343,0.01036,0.41241
CVE-2020-28344,0.00885,0.26162
CVE-2020-28345,0.00885,0.26162
CVE-2020-28346,0.00885,0.26162
CVE-2020-28347,0.05634,0.89764
CVE-2020-28348,0.00885,0.26162
CVE-2020-28349,0.0089,0.2856
CVE-2020-2835,0.00885,0.26162
CVE-2020-28350,0.00885,0.26162
CVE-2020-2836,0.00885,0.26162
CVE-2020-28360,0.01978,0.78447
CVE-2020-28361,0.00885,0.26162
CVE-2020-28362,0.01108,0.53389
CVE-2020-28364,0.00885,0.26162
CVE-2020-28365,0.00885,0.26162
CVE-2020-28366,0.01108,0.53389
CVE-2020-28367,0.02509,0.81058
CVE-2020-28368,0.01104,0.52279
CVE-2020-2837,0.00885,0.26162
CVE-2020-28371,0.00885,0.26162
CVE-2020-28373,0.01036,0.41241
CVE-2020-28374,0.02186,0.8012
CVE-2020-2838,0.00885,0.26162
CVE-2020-28381,0.01559,0.742
CVE-2020-28382,0.01559,0.742
CVE-2020-28383,0.01719,0.75183
CVE-2020-28384,0.01559,0.742
CVE-2020-28385,0.01559,0.742
CVE-2020-28386,0.01559,0.742
CVE-2020-28387,0.01055,0.50287
CVE-2020-28388,0.00885,0.26162
CVE-2020-2839,0.00885,0.26162
CVE-2020-28390,0.01005,0.36332
CVE-2020-28391,0.00885,0.26162
CVE-2020-28392,0.00885,0.26162
CVE-2020-28393,0.01055,0.50287
CVE-2020-28394,0.00885,0.26162
CVE-2020-28395,0.00954,0.34522
CVE-2020-28396,0.00885,0.26162
CVE-2020-28397,0.00885,0.26162
CVE-2020-2840,0.00885,0.26162
CVE-2020-28400,0.00885,0.26162
CVE-2020-28401,0.00885,0.26162
CVE-2020-28402,0.00885,0.26162
CVE-2020-28403,0.00885,0.26162
CVE-2020-28404,0.00885,0.26162
CVE-2020-28405,0.00885,0.26162
CVE-2020-28406,0.00885,0.26162
CVE-2020-28408,0.00885,0.26162
CVE-2020-28409,0.00885,0.26162
CVE-2020-2841,0.00885,0.26162
CVE-2020-28416,0.01234,0.66258
CVE-2020-28419,0.01293,0.6731
CVE-2020-2842,0.00885,0.26162
CVE-2020-28421,0.00885,0.26162
CVE-2020-28422,0.01005,0.35949
CVE-2020-28423,0.00885,0.26162
CVE-2020-28424,0.00885,0.26162
CVE-2020-28425,0.00885,0.26162
CVE-2020-28426,0.02055,0.7893
CVE-2020-28429,0.02055,0.7893
CVE-2020-2843,0.00885,0.26162
CVE-2020-28433,0.00885,0.26162
CVE-2020-28434,0.00885,0.26162
CVE-2020-28435,0.00885,0.26162
CVE-2020-28436,0.00885,0.26162
CVE-2020-28437,0.00885,0.26162
CVE-2020-28438,0.00885,0.26162
CVE-2020-28439,0.00885,0.26162
CVE-2020-2844,0.00885,0.26162
CVE-2020-28440,0.02055,0.7893
CVE-2020-28441,0.00885,0.26162
CVE-2020-28442,0.01018,0.38792
CVE-2020-28443,0.00885,0.26162
CVE-2020-28445,0.00885,0.26162
CVE-2020-28446,0.02055,0.7893
CVE-2020-28447,0.00885,0.26162
CVE-2020-28448,0.00885,0.26162
CVE-2020-28449,0.00954,0.34522
CVE-2020-2845,0.00885,0.26162
CVE-2020-28450,0.00954,0.34522
CVE-2020-28451,0.00885,0.26162
CVE-2020-28452,0.01018,0.38792
CVE-2020-28453,0.00885,0.26162
CVE-2020-28455,0.00885,0.26162
CVE-2020-28456,0.01018,0.38792
CVE-2020-28457,0.0095,0.30554
CVE-2020-28458,0.01108,0.53389
CVE-2020-28459,0.00885,0.26162
CVE-2020-2846,0.00885,0.26162
CVE-2020-28460,0.00885,0.26162
CVE-2020-28461,0.00885,0.26162
CVE-2020-28462,0.00885,0.26162
CVE-2020-28463,0.0095,0.30554
CVE-2020-28464,0.00954,0.34522
CVE-2020-28466,0.03693,0.843
CVE-2020-28468,0.05634,0.89764
CVE-2020-28469,0.01108,0.53389
CVE-2020-2847,0.00885,0.26162
CVE-2020-28470,0.00885,0.26162
CVE-2020-28471,0.00954,0.34522
CVE-2020-28472,0.01108,0.53389
CVE-2020-28473,0.01018,0.38792
CVE-2020-28477,0.00954,0.34522
CVE-2020-28478,0.00885,0.26162
CVE-2020-28479,0.01018,0.38792
CVE-2020-2848,0.00885,0.26162
CVE-2020-28480,0.01018,0.38792
CVE-2020-28481,0.0095,0.30554
CVE-2020-28482,0.00885,0.26162
CVE-2020-28483,0.00885,0.26162
CVE-2020-28487,0.0095,0.30554
CVE-2020-2849,0.00885,0.26162
CVE-2020-28490,0.02211,0.80357
CVE-2020-28491,0.01018,0.38792
CVE-2020-28493,0.01018,0.38792
CVE-2020-28494,0.00885,0.26162
CVE-2020-28495,0.03693,0.843
CVE-2020-28496,0.01018,0.38792
CVE-2020-28498,0.01018,0.38792
CVE-2020-28499,0.00954,0.34522
CVE-2020-2850,0.00885,0.26162
CVE-2020-28500,0.02686,0.82061
CVE-2020-28501,0.00885,0.26162
CVE-2020-28503,0.00954,0.34522
CVE-2020-2851,0.0095,0.30554
CVE-2020-2852,0.00885,0.26162
CVE-2020-2854,0.00885,0.26162
CVE-2020-2855,0.00885,0.26162
CVE-2020-2856,0.00885,0.26162
CVE-2020-2857,0.00885,0.26162
CVE-2020-28572,0.00885,0.26162
CVE-2020-28573,0.00954,0.34522
CVE-2020-28574,0.01055,0.50287
CVE-2020-28575,0.00885,0.26162
CVE-2020-28576,0.00954,0.34522
CVE-2020-28577,0.00954,0.34522
CVE-2020-28578,0.01978,0.78447
CVE-2020-28579,0.01978,0.78447
CVE-2020-2858,0.00885,0.26162
CVE-2020-28580,0.01055,0.50287
CVE-2020-28581,0.01055,0.50287
CVE-2020-28582,0.00954,0.34522
CVE-2020-28583,0.00954,0.34522
CVE-2020-28587,0.00885,0.26162
CVE-2020-28588,0.00885,0.26162
CVE-2020-28589,0.01086,0.51674
CVE-2020-2859,0.00885,0.26162
CVE-2020-28590,0.00885,0.26162
CVE-2020-28591,0.01018,0.38792
CVE-2020-28592,0.01156,0.60033
CVE-2020-28593,0.01086,0.51674
CVE-2020-28594,0.01036,0.41241
CVE-2020-28595,0.01036,0.41241
CVE-2020-28596,0.01036,0.41241
CVE-2020-28597,0.00885,0.26162
CVE-2020-28598,0.01036,0.41241
CVE-2020-28599,0.01559,0.742
CVE-2020-2860,0.00885,0.26162
CVE-2020-28600,0.01036,0.41241
CVE-2020-28601,0.02509,0.81058
CVE-2020-28602,0.01086,0.51674
CVE-2020-28603,0.01086,0.51674
CVE-2020-28604,0.01086,0.51674
CVE-2020-28605,0.01086,0.51674
CVE-2020-28606,0.01086,0.51674
CVE-2020-28607,0.01086,0.51674
CVE-2020-28608,0.01086,0.51674
CVE-2020-28609,0.01086,0.51674
CVE-2020-2861,0.00885,0.26162
CVE-2020-28610,0.01086,0.51674
CVE-2020-28611,0.01086,0.51674
CVE-2020-28612,0.01086,0.51674
CVE-2020-28613,0.01086,0.51674
CVE-2020-28614,0.01086,0.51674
CVE-2020-28615,0.01086,0.51674
CVE-2020-28616,0.01086,0.51674
CVE-2020-28617,0.01086,0.51674
CVE-2020-28618,0.01086,0.51674
CVE-2020-28619,0.01086,0.51674
CVE-2020-2862,0.00885,0.26162
CVE-2020-28620,0.01086,0.51674
CVE-2020-28621,0.01086,0.51674
CVE-2020-28622,0.01086,0.51674
CVE-2020-28623,0.01086,0.51674
CVE-2020-28624,0.01086,0.51674
CVE-2020-28625,0.01086,0.51674
CVE-2020-28626,0.01086,0.51674
CVE-2020-28627,0.01086,0.51674
CVE-2020-28628,0.01086,0.51674
CVE-2020-28629,0.01086,0.51674
CVE-2020-2863,0.00885,0.26162
CVE-2020-28630,0.01086,0.51674
CVE-2020-28631,0.01086,0.51674
CVE-2020-28632,0.01086,0.51674
CVE-2020-28633,0.01086,0.51674
CVE-2020-28634,0.01086,0.51674
CVE-2020-28635,0.01086,0.51674
CVE-2020-28636,0.02509,0.81058
CVE-2020-28638,0.00885,0.26162
CVE-2020-2864,0.00885,0.26162
CVE-2020-28641,0.0089,0.2856
CVE-2020-28644,0.00885,0.26162
CVE-2020-28645,0.00885,0.26162
CVE-2020-28646,0.00885,0.26162
CVE-2020-28648,0.0089,0.2856
CVE-2020-28649,0.00885,0.26162
CVE-2020-2865,0.00885,0.26162
CVE-2020-28650,0.00885,0.26162
CVE-2020-28656,0.01036,0.41241
CVE-2020-28657,0.00885,0.26162
CVE-2020-2866,0.00885,0.26162
CVE-2020-2867,0.00885,0.26162
CVE-2020-28672,0.01156,0.60033
CVE-2020-28679,0.00885,0.26162
CVE-2020-2868,0.00885,0.26162
CVE-2020-28687,0.08078,0.93055
CVE-2020-28688,0.08078,0.93055
CVE-2020-2869,0.00885,0.26162
CVE-2020-28692,0.00885,0.26162
CVE-2020-28693,0.01055,0.50287
CVE-2020-28695,0.01103,0.51945
CVE-2020-2870,0.00885,0.26162
CVE-2020-28702,0.00885,0.26162
CVE-2020-28705,0.00885,0.26162
CVE-2020-28707,0.00954,0.34522
CVE-2020-2871,0.00885,0.26162
CVE-2020-28713,0.01055,0.50287
CVE-2020-2872,0.00885,0.26162
CVE-2020-28722,0.00885,0.26162
CVE-2020-28723,0.00885,0.26162
CVE-2020-28724,0.00954,0.34522
CVE-2020-28726,0.00885,0.26162
CVE-2020-28727,0.00954,0.34522
CVE-2020-2873,0.00885,0.26162
CVE-2020-28734,0.0089,0.2856
CVE-2020-28735,0.0089,0.2856
CVE-2020-28736,0.0089,0.2856
CVE-2020-2874,0.00885,0.26162
CVE-2020-2875,0.01108,0.53389
CVE-2020-28759,0.00885,0.26162
CVE-2020-2876,0.00885,0.26162
CVE-2020-2877,0.00885,0.26162
CVE-2020-2878,0.00885,0.26162
CVE-2020-2879,0.00885,0.26162
CVE-2020-2880,0.00885,0.26162
CVE-2020-2881,0.00885,0.26162
CVE-2020-2882,0.00885,0.26162
CVE-2020-28838,0.07308,0.9216
CVE-2020-28841,0.00885,0.26162
CVE-2020-28845,0.00885,0.26162
CVE-2020-28846,0.00885,0.26162
CVE-2020-28847,0.00885,0.26162
CVE-2020-2885,0.00885,0.26162
CVE-2020-28851,0.00885,0.26162
CVE-2020-28852,0.00885,0.26162
CVE-2020-28856,0.01018,0.38792
CVE-2020-28857,0.01018,0.38792
CVE-2020-28858,0.01018,0.38792
CVE-2020-28859,0.00885,0.26162
CVE-2020-2886,0.00885,0.26162
CVE-2020-28860,0.0095,0.30554
CVE-2020-28861,0.01018,0.38792
CVE-2020-28864,0.00885,0.26162
CVE-2020-28865,0.00885,0.26162
CVE-2020-2887,0.00885,0.26162
CVE-2020-28870,0.03181,0.83177
CVE-2020-28871,0.12753,0.95373
CVE-2020-28872,0.00954,0.34522
CVE-2020-28873,0.00885,0.26162
CVE-2020-28874,0.01213,0.6557
CVE-2020-28877,0.00885,0.26162
CVE-2020-2888,0.00885,0.26162
CVE-2020-28884,0.02055,0.7893
CVE-2020-28885,0.02055,0.7893
CVE-2020-2889,0.00885,0.26162
CVE-2020-28895,0.03849,0.84856
CVE-2020-28896,0.01108,0.53389
CVE-2020-28898,0.01086,0.51674
CVE-2020-28899,0.01055,0.50287
CVE-2020-2890,0.00885,0.26162
CVE-2020-28900,0.02509,0.81058
CVE-2020-28901,0.02509,0.81058
CVE-2020-28902,0.02211,0.80357
CVE-2020-28903,0.01136,0.57949
CVE-2020-28904,0.02509,0.81058
CVE-2020-28905,0.0089,0.2856
CVE-2020-28906,0.0089,0.2856
CVE-2020-28907,0.02509,0.81058
CVE-2020-28908,0.02211,0.80357
CVE-2020-28909,0.0089,0.2856
CVE-2020-2891,0.00885,0.26162
CVE-2020-28910,0.00954,0.34522
CVE-2020-28911,0.0089,0.2856
CVE-2020-28912,0.00885,0.26162
CVE-2020-28914,0.0095,0.30554
CVE-2020-28915,0.0095,0.30554
CVE-2020-28916,0.0089,0.2856
CVE-2020-28917,0.00885,0.26162
CVE-2020-28918,0.00885,0.26162
CVE-2020-28919,0.01132,0.54372
CVE-2020-2892,0.01034,0.39824
CVE-2020-28921,0.01365,0.70715
CVE-2020-28922,0.01365,0.70715
CVE-2020-28923,0.00885,0.26162
CVE-2020-28924,0.01018,0.38792
CVE-2020-28925,0.00885,0.26162
CVE-2020-28927,0.00885,0.26162
CVE-2020-28928,0.01282,0.67298
CVE-2020-28929,0.00885,0.26162
CVE-2020-2893,0.01034,0.39824
CVE-2020-28930,0.00885,0.26162
CVE-2020-28931,0.00885,0.26162
CVE-2020-28935,0.0095,0.30554
CVE-2020-28937,0.00885,0.26162
CVE-2020-28938,0.00885,0.26162
CVE-2020-28939,0.01338,0.70562
CVE-2020-2894,0.0095,0.30554
CVE-2020-28940,0.00954,0.34522
CVE-2020-28941,0.01104,0.52279
CVE-2020-28942,0.00885,0.26162
CVE-2020-28943,0.00885,0.26162
CVE-2020-28944,0.00885,0.26162
CVE-2020-28945,0.00885,0.26162
CVE-2020-28946,0.00885,0.26162
CVE-2020-28947,0.00885,0.26162
CVE-2020-28948,0.01537,0.73595
CVE-2020-28949,0.64182,0.98956
CVE-2020-2895,0.01034,0.39824
CVE-2020-28950,0.00885,0.26162
CVE-2020-28951,0.00954,0.34522
CVE-2020-28952,0.00954,0.34522
CVE-2020-28953,0.00885,0.26162
CVE-2020-28954,0.01018,0.38792
CVE-2020-28955,0.00885,0.26162
CVE-2020-28956,0.00885,0.26162
CVE-2020-28957,0.00885,0.26162
CVE-2020-2896,0.01034,0.39824
CVE-2020-28960,0.00885,0.26162
CVE-2020-28961,0.00885,0.26162
CVE-2020-28963,0.00885,0.26162
CVE-2020-28964,0.00885,0.26162
CVE-2020-28967,0.00885,0.26162
CVE-2020-28968,0.00885,0.26162
CVE-2020-28969,0.00885,0.26162
CVE-2020-2897,0.01034,0.39824
CVE-2020-28970,0.00954,0.34522
CVE-2020-28971,0.00954,0.34522
CVE-2020-28972,0.01108,0.53389
CVE-2020-28973,0.00885,0.26162
CVE-2020-28974,0.01034,0.39824
CVE-2020-28975,0.01018,0.38792
CVE-2020-28976,0.01018,0.38792
CVE-2020-28977,0.01018,0.38792
CVE-2020-28978,0.01018,0.38792
CVE-2020-2898,0.01034,0.39824
CVE-2020-28984,0.01018,0.38792
CVE-2020-2899,0.00885,0.26162
CVE-2020-28991,0.00885,0.26162
CVE-2020-28993,0.08382,0.93597
CVE-2020-28994,0.00885,0.26162
CVE-2020-28998,0.01055,0.50287
CVE-2020-28999,0.01055,0.50287
CVE-2020-2900,0.00885,0.26162
CVE-2020-29000,0.01055,0.50287
CVE-2020-29001,0.01055,0.50287
CVE-2020-29002,0.00885,0.26162
CVE-2020-29003,0.00885,0.26162
CVE-2020-29004,0.00954,0.34522
CVE-2020-29005,0.00885,0.26162
CVE-2020-29006,0.00885,0.26162
CVE-2020-2901,0.01034,0.39824
CVE-2020-29011,0.00885,0.26162
CVE-2020-29012,0.00885,0.26162
CVE-2020-29013,0.00885,0.26162
CVE-2020-29014,0.01086,0.51674
CVE-2020-29015,0.01055,0.50287
CVE-2020-29016,0.01156,0.60033
CVE-2020-29017,0.01055,0.50287
CVE-2020-29018,0.01055,0.50287
CVE-2020-29019,0.01055,0.50287
CVE-2020-2902,0.0095,0.30554
CVE-2020-29020,0.01055,0.50287
CVE-2020-29021,0.00885,0.26162
CVE-2020-29022,0.00885,0.26162
CVE-2020-29023,0.00885,0.26162
CVE-2020-29024,0.00885,0.26162
CVE-2020-29025,0.00885,0.26162
CVE-2020-29026,0.00885,0.26162
CVE-2020-29027,0.00885,0.26162
CVE-2020-29028,0.00885,0.26162
CVE-2020-29029,0.00885,0.26162
CVE-2020-2903,0.01034,0.39824
CVE-2020-29030,0.00885,0.26162
CVE-2020-29031,0.00885,0.26162
CVE-2020-29032,0.00885,0.26162
CVE-2020-2904,0.01034,0.39824
CVE-2020-29040,0.0089,0.2856
CVE-2020-29041,0.00885,0.26162
CVE-2020-29042,0.00954,0.34522
CVE-2020-29043,0.00954,0.34522
CVE-2020-29045,0.01978,0.78447
CVE-2020-29047,0.01978,0.78447
CVE-2020-2905,0.0089,0.2856
CVE-2020-29050,0.00954,0.34522
CVE-2020-29053,0.00885,0.26162
CVE-2020-29054,0.00885,0.26162
CVE-2020-29055,0.00885,0.26162
CVE-2020-29056,0.00885,0.26162
CVE-2020-29057,0.01055,0.50287
CVE-2020-29058,0.00885,0.26162
CVE-2020-29059,0.00885,0.26162
CVE-2020-2906,0.00885,0.26162
CVE-2020-29060,0.00885,0.26162
CVE-2020-29061,0.00885,0.26162
CVE-2020-29062,0.00885,0.26162
CVE-2020-29063,0.00885,0.26162
CVE-2020-29069,0.00885,0.26162
CVE-2020-2907,0.0095,0.30554
CVE-2020-29070,0.0089,0.2856
CVE-2020-29071,0.00885,0.26162
CVE-2020-29072,0.00885,0.26162
CVE-2020-29074,0.01034,0.39824
CVE-2020-29075,0.01046,0.41635
CVE-2020-2908,0.0095,0.30554
CVE-2020-2909,0.0089,0.2856
CVE-2020-2910,0.0089,0.2856
CVE-2020-2911,0.0095,0.30554
CVE-2020-2912,0.00885,0.26162
CVE-2020-29127,0.01018,0.38792
CVE-2020-29128,0.01108,0.53389
CVE-2020-29129,0.0095,0.30554
CVE-2020-2913,0.0089,0.2856
CVE-2020-29130,0.0095,0.30554
CVE-2020-29135,0.00885,0.26162
CVE-2020-29136,0.0089,0.2856
CVE-2020-29137,0.00885,0.26162
CVE-2020-29138,0.01055,0.50287
CVE-2020-29139,0.01132,0.54372
CVE-2020-2914,0.0089,0.2856
CVE-2020-29140,0.01132,0.54372
CVE-2020-29142,0.01132,0.54372
CVE-2020-29143,0.01132,0.54372
CVE-2020-29144,0.00885,0.26162
CVE-2020-29145,0.00885,0.26162
CVE-2020-29146,0.00885,0.26162
CVE-2020-29147,0.00885,0.26162
CVE-2020-29156,0.01055,0.50287
CVE-2020-29157,0.00885,0.26162
CVE-2020-29158,0.00885,0.26162
CVE-2020-29159,0.00885,0.26162
CVE-2020-29160,0.00885,0.26162
CVE-2020-29163,0.00885,0.26162
CVE-2020-29165,0.00885,0.26162
CVE-2020-29166,0.01055,0.50287
CVE-2020-29171,0.00954,0.34522
CVE-2020-29172,0.00885,0.26162
CVE-2020-29176,0.01276,0.66501
CVE-2020-29177,0.00885,0.26162
CVE-2020-29189,0.01055,0.50287
CVE-2020-29193,0.00885,0.26162
CVE-2020-29194,0.00885,0.26162
CVE-2020-2920,0.00885,0.26162
CVE-2020-29203,0.00885,0.26162
CVE-2020-29204,0.00885,0.26162
CVE-2020-29205,0.01136,0.57949
CVE-2020-2921,0.01034,0.39824
CVE-2020-29214,0.00885,0.26162
CVE-2020-29215,0.00885,0.26162
CVE-2020-2922,0.01018,0.38792
CVE-2020-29227,0.0144,0.7265
CVE-2020-29228,0.00885,0.26162
CVE-2020-2923,0.01034,0.39824
CVE-2020-29230,0.00885,0.26162
CVE-2020-29231,0.00885,0.26162
CVE-2020-29233,0.02192,0.80195
CVE-2020-29238,0.01213,0.6557
CVE-2020-29239,0.02173,0.80027
CVE-2020-2924,0.01034,0.39824
CVE-2020-29240,0.02192,0.80195
CVE-2020-29241,0.01055,0.50287
CVE-2020-29242,0.00885,0.26162
CVE-2020-29243,0.00885,0.26162
CVE-2020-29244,0.00885,0.26162
CVE-2020-29245,0.00885,0.26162
CVE-2020-29247,0.02192,0.80195
CVE-2020-29249,0.00885,0.26162
CVE-2020-2925,0.01034,0.39824
CVE-2020-29250,0.00885,0.26162
CVE-2020-29257,0.00885,0.26162
CVE-2020-29258,0.00885,0.26162
CVE-2020-29259,0.00885,0.26162
CVE-2020-2926,0.01034,0.39824
CVE-2020-29260,0.00885,0.26162
CVE-2020-2927,0.00885,0.26162
CVE-2020-29279,0.01978,0.78447
CVE-2020-2928,0.01034,0.39824
CVE-2020-29280,0.01564,0.74439
CVE-2020-29282,0.01564,0.74439
CVE-2020-29283,0.00885,0.26162
CVE-2020-29284,0.01564,0.74439
CVE-2020-29285,0.00885,0.26162
CVE-2020-29287,0.01564,0.74439
CVE-2020-29288,0.01564,0.74439
CVE-2020-2929,0.0095,0.30554
CVE-2020-29292,0.00885,0.26162
CVE-2020-29299,0.02055,0.7893
CVE-2020-2930,0.01034,0.39824
CVE-2020-29303,0.01213,0.6557
CVE-2020-29304,0.01018,0.38792
CVE-2020-2931,0.00885,0.26162
CVE-2020-29311,0.05634,0.89764
CVE-2020-29315,0.01055,0.50287
CVE-2020-2932,0.00885,0.26162
CVE-2020-29321,0.00885,0.26162
CVE-2020-29322,0.00885,0.26162
CVE-2020-29323,0.00885,0.26162
CVE-2020-29324,0.00885,0.26162
CVE-2020-2933,0.01034,0.39824
CVE-2020-2934,0.01108,0.53389
CVE-2020-2935,0.00885,0.26162
CVE-2020-2936,0.00885,0.26162
CVE-2020-29361,0.01108,0.53389
CVE-2020-29362,0.01018,0.38792
CVE-2020-29363,0.01018,0.38792
CVE-2020-29364,0.00885,0.26162
CVE-2020-29367,0.00885,0.26162
CVE-2020-29368,0.0095,0.30554
CVE-2020-29369,0.01034,0.39824
CVE-2020-2937,0.00885,0.26162
CVE-2020-29370,0.0095,0.30554
CVE-2020-29371,0.0095,0.30554
CVE-2020-29372,0.0095,0.30554
CVE-2020-29373,0.0089,0.2856
CVE-2020-29374,0.01282,0.67298
CVE-2020-29375,0.00885,0.26162
CVE-2020-29376,0.00885,0.26162
CVE-2020-29377,0.01055,0.50287
CVE-2020-29378,0.00885,0.26162
CVE-2020-29379,0.00885,0.26162
CVE-2020-2938,0.00885,0.26162
CVE-2020-29380,0.00885,0.26162
CVE-2020-29381,0.02055,0.7893
CVE-2020-29382,0.00885,0.26162
CVE-2020-29383,0.00885,0.26162
CVE-2020-29384,0.00954,0.34522
CVE-2020-29385,0.01752,0.75238
CVE-2020-29389,0.00885,0.26162
CVE-2020-2939,0.00885,0.26162
CVE-2020-29390,0.02055,0.7893
CVE-2020-29392,0.00885,0.26162
CVE-2020-29394,0.01559,0.742
CVE-2020-29396,0.01978,0.78447
CVE-2020-2940,0.00885,0.26162
CVE-2020-2941,0.00885,0.26162
CVE-2020-2942,0.00885,0.26162
CVE-2020-2943,0.00885,0.26162
CVE-2020-29437,0.01132,0.54372
CVE-2020-29438,0.00885,0.26162
CVE-2020-29439,0.00885,0.26162
CVE-2020-2944,0.02001,0.7846
CVE-2020-29440,0.00885,0.26162
CVE-2020-29441,0.00885,0.26162
CVE-2020-29443,0.0095,0.30554
CVE-2020-29444,0.00885,0.26162
CVE-2020-29445,0.00885,0.26162
CVE-2020-29446,0.01055,0.50287
CVE-2020-29447,0.01055,0.50287
CVE-2020-29448,0.01055,0.50287
CVE-2020-2945,0.00885,0.26162
CVE-2020-29450,0.01055,0.50287
CVE-2020-29451,0.01055,0.50287
CVE-2020-29453,0.03435,0.83946
CVE-2020-29454,0.00885,0.26162
CVE-2020-29455,0.01136,0.57949
CVE-2020-29456,0.01136,0.57949
CVE-2020-29457,0.0089,0.2856
CVE-2020-29458,0.08382,0.93597
CVE-2020-2946,0.00885,0.26162
CVE-2020-29469,0.02192,0.80195
CVE-2020-2947,0.00885,0.26162
CVE-2020-29470,0.02192,0.80195
CVE-2020-29471,0.02192,0.80195
CVE-2020-29472,0.03235,0.83452
CVE-2020-29474,0.03235,0.83452
CVE-2020-29475,0.02192,0.80195
CVE-2020-29477,0.02192,0.80195
CVE-2020-29478,0.01055,0.50287
CVE-2020-29479,0.0095,0.30554
CVE-2020-29480,0.0095,0.30554
CVE-2020-29481,0.0095,0.30554
CVE-2020-29482,0.0095,0.30554
CVE-2020-29483,0.0095,0.30554
CVE-2020-29484,0.0095,0.30554
CVE-2020-29485,0.0095,0.30554
CVE-2020-29486,0.0095,0.30554
CVE-2020-29487,0.00885,0.26162
CVE-2020-29489,0.00885,0.26162
CVE-2020-2949,0.00885,0.26162
CVE-2020-29490,0.01055,0.50287
CVE-2020-29491,0.01055,0.50287
CVE-2020-29492,0.01055,0.50287
CVE-2020-29493,0.01156,0.60033
CVE-2020-29494,0.01055,0.50287
CVE-2020-29495,0.01156,0.60033
CVE-2020-29496,0.01055,0.50287
CVE-2020-29497,0.01055,0.50287
CVE-2020-29498,0.01055,0.50287
CVE-2020-29499,0.01036,0.41241
CVE-2020-29500,0.00885,0.26162
CVE-2020-29501,0.00885,0.26162
CVE-2020-29502,0.00885,0.26162
CVE-2020-29503,0.00885,0.26162
CVE-2020-29505,0.00885,0.26162
CVE-2020-29506,0.00885,0.26162
CVE-2020-29507,0.00885,0.26162
CVE-2020-29508,0.00885,0.26162
CVE-2020-29509,0.00885,0.26162
CVE-2020-2951,0.0089,0.2856
CVE-2020-29510,0.00885,0.26162
CVE-2020-29511,0.00885,0.26162
CVE-2020-2952,0.00885,0.26162
CVE-2020-29529,0.01018,0.38792
CVE-2020-2953,0.00885,0.26162
CVE-2020-29534,0.0089,0.2856
CVE-2020-29535,0.01055,0.50287
CVE-2020-29536,0.01055,0.50287
CVE-2020-29537,0.01055,0.50287
CVE-2020-29538,0.01055,0.50287
CVE-2020-29539,0.01055,0.50287
CVE-2020-2954,0.00885,0.26162
CVE-2020-29540,0.00885,0.26162
CVE-2020-29548,0.00885,0.26162
CVE-2020-2955,0.00885,0.26162
CVE-2020-29550,0.01018,0.38792
CVE-2020-29551,0.01018,0.38792
CVE-2020-29553,0.00885,0.26162
CVE-2020-29555,0.00885,0.26162
CVE-2020-29556,0.00885,0.26162
CVE-2020-29557,0.01978,0.78447
CVE-2020-2956,0.00885,0.26162
CVE-2020-29561,0.00885,0.26162
CVE-2020-29562,0.0095,0.30554
CVE-2020-29563,0.00885,0.26162
CVE-2020-29565,0.01108,0.53389
CVE-2020-29566,0.0095,0.30554
CVE-2020-29567,0.00954,0.34522
CVE-2020-29568,0.0095,0.30554
CVE-2020-29569,0.01034,0.39824
CVE-2020-29570,0.01108,0.53389
CVE-2020-29571,0.01018,0.38792
CVE-2020-29572,0.00885,0.26162
CVE-2020-29573,0.01018,0.38792
CVE-2020-29574,0.00885,0.26162
CVE-2020-29575,0.01055,0.50287
CVE-2020-29576,0.01055,0.50287
CVE-2020-29577,0.01055,0.50287
CVE-2020-29578,0.01055,0.50287
CVE-2020-29579,0.01055,0.50287
CVE-2020-2958,0.0089,0.2856
CVE-2020-29580,0.01055,0.50287
CVE-2020-29581,0.01055,0.50287
CVE-2020-29582,0.01108,0.53389
CVE-2020-29587,0.00885,0.26162
CVE-2020-2959,0.00954,0.34522
CVE-2020-29591,0.01136,0.57949
CVE-2020-29592,0.00885,0.26162
CVE-2020-29593,0.00885,0.26162
CVE-2020-29594,0.00885,0.26162
CVE-2020-29595,0.00885,0.26162
CVE-2020-29596,0.08382,0.93597
CVE-2020-29597,0.08382,0.93597
CVE-2020-29599,0.01018,0.38792
CVE-2020-29600,0.01018,0.38792
CVE-2020-29601,0.01055,0.50287
CVE-2020-29602,0.01055,0.50287
CVE-2020-29603,0.00885,0.26162
CVE-2020-29604,0.00885,0.26162
CVE-2020-29605,0.00885,0.26162
CVE-2020-29608,0.01213,0.6557
CVE-2020-2961,0.00885,0.26162
CVE-2020-29610,0.01018,0.38792
CVE-2020-29611,0.01237,0.66358
CVE-2020-29612,0.01036,0.41241
CVE-2020-29613,0.00885,0.26162
CVE-2020-29614,0.01018,0.38792
CVE-2020-29615,0.01018,0.38792
CVE-2020-29616,0.01036,0.41241
CVE-2020-29617,0.01018,0.38792
CVE-2020-29618,0.01237,0.66358
CVE-2020-29619,0.01018,0.38792
CVE-2020-29620,0.00885,0.26162
CVE-2020-29621,0.00885,0.26162
CVE-2020-29622,0.01086,0.51674
CVE-2020-29623,0.01034,0.39824
CVE-2020-29624,0.01237,0.66358
CVE-2020-29625,0.01036,0.41241
CVE-2020-29629,0.00885,0.26162
CVE-2020-2963,0.00885,0.26162
CVE-2020-29633,0.00885,0.26162
CVE-2020-29639,0.00885,0.26162
CVE-2020-2964,0.00885,0.26162
CVE-2020-29651,0.01108,0.53389
CVE-2020-29652,0.01136,0.57949
CVE-2020-29653,0.00954,0.34522
CVE-2020-29654,0.00885,0.26162
CVE-2020-29655,0.00885,0.26162
CVE-2020-29656,0.00885,0.26162
CVE-2020-29657,0.00885,0.26162
CVE-2020-29658,0.00885,0.26162
CVE-2020-29659,0.1185,0.94953
CVE-2020-2966,0.00885,0.26162
CVE-2020-29660,0.01282,0.67298
CVE-2020-29661,0.01282,0.67298
CVE-2020-29662,0.00885,0.26162
CVE-2020-29663,0.00885,0.26162
CVE-2020-29664,0.01365,0.70715
CVE-2020-29666,0.01055,0.50287
CVE-2020-29667,0.01055,0.50287
CVE-2020-29668,0.01408,0.72072
CVE-2020-2967,0.00885,0.26162
CVE-2020-2968,0.00885,0.26162
CVE-2020-2969,0.00885,0.26162
CVE-2020-2971,0.00885,0.26162
CVE-2020-2972,0.00885,0.26162
CVE-2020-2973,0.00885,0.26162
CVE-2020-2974,0.00885,0.26162
CVE-2020-2975,0.00885,0.26162
CVE-2020-2976,0.00885,0.26162
CVE-2020-2977,0.00885,0.26162
CVE-2020-2978,0.00885,0.26162
CVE-2020-2981,0.00885,0.26162
CVE-2020-2982,0.00885,0.26162
CVE-2020-2983,0.00885,0.26162
CVE-2020-2984,0.00885,0.26162
CVE-2020-3110,0.01799,0.76031
CVE-2020-3111,0.01005,0.36332
CVE-2020-3112,0.01055,0.50287
CVE-2020-3113,0.01055,0.50287
CVE-2020-3114,0.01055,0.50287
CVE-2020-3115,0.00885,0.26162
CVE-2020-3116,0.00885,0.26162
CVE-2020-3117,0.01055,0.50287
CVE-2020-3118,0.01005,0.36332
CVE-2020-3119,0.01005,0.36332
CVE-2020-3120,0.00885,0.26162
CVE-2020-3121,0.01055,0.50287
CVE-2020-3123,0.01213,0.6557
CVE-2020-3124,0.01055,0.50287
CVE-2020-3125,0.01055,0.50287
CVE-2020-3126,0.01055,0.50287
CVE-2020-3127,0.01005,0.36332
CVE-2020-3128,0.01036,0.41241
CVE-2020-3129,0.01055,0.50287
CVE-2020-3130,0.01055,0.50287
CVE-2020-3131,0.01055,0.50287
CVE-2020-3132,0.01055,0.50287
CVE-2020-3133,0.01055,0.50287
CVE-2020-3134,0.01055,0.50287
CVE-2020-3135,0.01055,0.50287
CVE-2020-3136,0.01055,0.50287
CVE-2020-3137,0.01055,0.50287
CVE-2020-3138,0.00885,0.26162
CVE-2020-3139,0.01055,0.50287
CVE-2020-3140,0.01055,0.50287
CVE-2020-3141,0.01055,0.50287
CVE-2020-3142,0.00885,0.26162
CVE-2020-3143,0.01055,0.50287
CVE-2020-3144,0.01055,0.50287
CVE-2020-3145,0.01156,0.60033
CVE-2020-3146,0.01156,0.60033
CVE-2020-3147,0.01055,0.50287
CVE-2020-3148,0.01055,0.50287
CVE-2020-3149,0.01055,0.50287
CVE-2020-3150,0.01055,0.50287
CVE-2020-3151,0.00885,0.26162
CVE-2020-3152,0.00885,0.26162
CVE-2020-3154,0.01055,0.50287
CVE-2020-3155,0.01055,0.50287
CVE-2020-3156,0.01055,0.50287
CVE-2020-3157,0.01055,0.50287
CVE-2020-3158,0.01055,0.50287
CVE-2020-3159,0.01055,0.50287
CVE-2020-3160,0.01055,0.50287
CVE-2020-3161,0.05122,0.89047
CVE-2020-3162,0.01055,0.50287
CVE-2020-3163,0.01055,0.50287
CVE-2020-3164,0.01055,0.50287
CVE-2020-3165,0.01055,0.50287
CVE-2020-3166,0.00885,0.26162
CVE-2020-3167,0.00885,0.26162
CVE-2020-3168,0.01055,0.50287
CVE-2020-3169,0.00885,0.26162
CVE-2020-3170,0.01055,0.50287
CVE-2020-3171,0.00885,0.26162
CVE-2020-3172,0.01103,0.51945
CVE-2020-3173,0.00885,0.26162
CVE-2020-3174,0.00885,0.26162
CVE-2020-3175,0.01055,0.50287
CVE-2020-3176,0.00885,0.26162
CVE-2020-3177,0.01055,0.50287
CVE-2020-3178,0.01055,0.50287
CVE-2020-3179,0.01055,0.50287
CVE-2020-3180,0.00885,0.26162
CVE-2020-3181,0.01055,0.50287
CVE-2020-3182,0.00885,0.26162
CVE-2020-3184,0.01055,0.50287
CVE-2020-3185,0.01055,0.50287
CVE-2020-3186,0.01055,0.50287
CVE-2020-3188,0.01055,0.50287
CVE-2020-3189,0.01055,0.50287
CVE-2020-3190,0.01055,0.50287
CVE-2020-3191,0.01055,0.50287
CVE-2020-3192,0.01055,0.50287
CVE-2020-3193,0.01055,0.50287
CVE-2020-3194,0.01036,0.41241
CVE-2020-3195,0.01055,0.50287
CVE-2020-3196,0.01055,0.50287
CVE-2020-3197,0.01055,0.50287
CVE-2020-3198,0.01156,0.60033
CVE-2020-3199,0.01036,0.41241
CVE-2020-3200,0.01055,0.50287
CVE-2020-3201,0.00885,0.26162
CVE-2020-3203,0.01055,0.50287
CVE-2020-3204,0.01036,0.41241
CVE-2020-3205,0.00885,0.26162
CVE-2020-3206,0.00885,0.26162
CVE-2020-3207,0.01005,0.35949
CVE-2020-3208,0.00885,0.26162
CVE-2020-3209,0.00885,0.26162
CVE-2020-3210,0.00885,0.26162
CVE-2020-3211,0.01055,0.50287
CVE-2020-3212,0.01055,0.50287
CVE-2020-3213,0.00885,0.26162
CVE-2020-3214,0.00885,0.26162
CVE-2020-3215,0.00885,0.26162
CVE-2020-3216,0.00885,0.26162
CVE-2020-3217,0.01036,0.41241
CVE-2020-3218,0.01156,0.60033
CVE-2020-3219,0.01055,0.50287
CVE-2020-3220,0.01055,0.50287
CVE-2020-3221,0.01055,0.50287
CVE-2020-3222,0.00885,0.26162
CVE-2020-3223,0.01055,0.50287
CVE-2020-3224,0.01055,0.50287
CVE-2020-3225,0.01055,0.50287
CVE-2020-3226,0.01055,0.50287
CVE-2020-3227,0.01055,0.50287
CVE-2020-3228,0.01055,0.50287
CVE-2020-3229,0.01055,0.50287
CVE-2020-3230,0.01055,0.50287
CVE-2020-3231,0.00885,0.26162
CVE-2020-3232,0.01055,0.50287
CVE-2020-3233,0.01055,0.50287
CVE-2020-3234,0.00885,0.26162
CVE-2020-3235,0.01055,0.50287
CVE-2020-3236,0.00885,0.26162
CVE-2020-3237,0.00885,0.26162
CVE-2020-3238,0.01055,0.50287
CVE-2020-3239,0.01055,0.50287
CVE-2020-3240,0.01055,0.50287
CVE-2020-3241,0.01055,0.50287
CVE-2020-3242,0.01055,0.50287
CVE-2020-3243,0.01136,0.57949
CVE-2020-3244,0.01055,0.50287
CVE-2020-3245,0.01055,0.50287
CVE-2020-3246,0.01055,0.50287
CVE-2020-3247,0.01055,0.50287
CVE-2020-3248,0.01055,0.50287
CVE-2020-3249,0.01055,0.50287
CVE-2020-3250,0.01136,0.57949
CVE-2020-3251,0.01055,0.50287
CVE-2020-3252,0.01055,0.50287
CVE-2020-3253,0.00885,0.26162
CVE-2020-3254,0.01055,0.50287
CVE-2020-3255,0.01055,0.50287
CVE-2020-3256,0.01055,0.50287
CVE-2020-3257,0.01036,0.41241
CVE-2020-3258,0.01156,0.60033
CVE-2020-3259,0.01055,0.50287
CVE-2020-3260,0.00885,0.26162
CVE-2020-3261,0.01055,0.50287
CVE-2020-3262,0.01055,0.50287
CVE-2020-3263,0.01156,0.60033
CVE-2020-3264,0.00885,0.26162
CVE-2020-3265,0.00885,0.26162
CVE-2020-3266,0.00885,0.26162
CVE-2020-3267,0.01055,0.50287
CVE-2020-3268,0.01055,0.50287
CVE-2020-3269,0.01055,0.50287
CVE-2020-3272,0.01055,0.50287
CVE-2020-3273,0.01055,0.50287
CVE-2020-3274,0.01055,0.50287
CVE-2020-3275,0.01055,0.50287
CVE-2020-3276,0.01055,0.50287
CVE-2020-3277,0.01055,0.50287
CVE-2020-3278,0.01055,0.50287
CVE-2020-3279,0.01055,0.50287
CVE-2020-3280,0.01156,0.60033
CVE-2020-3281,0.01055,0.50287
CVE-2020-3282,0.01055,0.50287
CVE-2020-3283,0.01055,0.50287
CVE-2020-3284,0.01156,0.60033
CVE-2020-3285,0.01055,0.50287
CVE-2020-3286,0.01156,0.60033
CVE-2020-3287,0.01156,0.60033
CVE-2020-3288,0.01156,0.60033
CVE-2020-3289,0.01156,0.60033
CVE-2020-3290,0.01156,0.60033
CVE-2020-3291,0.01156,0.60033
CVE-2020-3292,0.01156,0.60033
CVE-2020-3293,0.01156,0.60033
CVE-2020-3294,0.01156,0.60033
CVE-2020-3295,0.01156,0.60033
CVE-2020-3296,0.01156,0.60033
CVE-2020-3297,0.01055,0.50287
CVE-2020-3298,0.01055,0.50287
CVE-2020-3299,0.01055,0.50287
CVE-2020-3301,0.00885,0.26162
CVE-2020-3302,0.01055,0.50287
CVE-2020-3303,0.01055,0.50287
CVE-2020-3304,0.01055,0.50287
CVE-2020-3305,0.01055,0.50287
CVE-2020-3306,0.01055,0.50287
CVE-2020-3307,0.01055,0.50287
CVE-2020-3308,0.01055,0.50287
CVE-2020-3309,0.01055,0.50287
CVE-2020-3310,0.01055,0.50287
CVE-2020-3311,0.01055,0.50287
CVE-2020-3312,0.01055,0.50287
CVE-2020-3313,0.01055,0.50287
CVE-2020-3314,0.00885,0.26162
CVE-2020-3315,0.01055,0.50287
CVE-2020-3317,0.01055,0.50287
CVE-2020-3318,0.00885,0.26162
CVE-2020-3319,0.00885,0.26162
CVE-2020-3320,0.01055,0.50287
CVE-2020-3321,0.00885,0.26162
CVE-2020-3322,0.00885,0.26162
CVE-2020-3323,0.01156,0.60033
CVE-2020-3327,0.03779,0.84781
CVE-2020-3329,0.01055,0.50287
CVE-2020-3330,0.01055,0.50287
CVE-2020-3331,0.01156,0.60033
CVE-2020-3332,0.01055,0.50287
CVE-2020-3333,0.01055,0.50287
CVE-2020-3334,0.00885,0.26162
CVE-2020-3335,0.00885,0.26162
CVE-2020-3336,0.01055,0.50287
CVE-2020-3337,0.01055,0.50287
CVE-2020-3338,0.01055,0.50287
CVE-2020-3339,0.01055,0.50287
CVE-2020-3340,0.01055,0.50287
CVE-2020-3341,0.01319,0.70416
CVE-2020-3342,0.01156,0.60033
CVE-2020-3343,0.00885,0.26162
CVE-2020-3344,0.00885,0.26162
CVE-2020-3345,0.01055,0.50287
CVE-2020-3346,0.01055,0.50287
CVE-2020-3347,0.00885,0.26162
CVE-2020-3348,0.01055,0.50287
CVE-2020-3349,0.01055,0.50287
CVE-2020-3350,0.01034,0.39824
CVE-2020-3351,0.01055,0.50287
CVE-2020-3352,0.00885,0.26162
CVE-2020-3353,0.01055,0.50287
CVE-2020-3354,0.01055,0.50287
CVE-2020-3355,0.01055,0.50287
CVE-2020-3356,0.01055,0.50287
CVE-2020-3357,0.01156,0.60033
CVE-2020-3358,0.01055,0.50287
CVE-2020-3359,0.01055,0.50287
CVE-2020-3360,0.01055,0.50287
CVE-2020-3361,0.01055,0.50287
CVE-2020-3362,0.00885,0.26162
CVE-2020-3363,0.01055,0.50287
CVE-2020-3364,0.01055,0.50287
CVE-2020-3365,0.01055,0.50287
CVE-2020-3367,0.01005,0.35949
CVE-2020-3368,0.01055,0.50287
CVE-2020-3369,0.01055,0.50287
CVE-2020-3370,0.01055,0.50287
CVE-2020-3371,0.01055,0.50287
CVE-2020-3372,0.01055,0.50287
CVE-2020-3373,0.01055,0.50287
CVE-2020-3374,0.01055,0.50287
CVE-2020-3375,0.01055,0.50287
CVE-2020-3376,0.01055,0.50287
CVE-2020-3377,0.01055,0.50287
CVE-2020-3378,0.01055,0.50287
CVE-2020-3379,0.00885,0.26162
CVE-2020-3380,0.01036,0.41241
CVE-2020-3381,0.01055,0.50287
CVE-2020-3382,0.01055,0.50287
CVE-2020-3383,0.01055,0.50287
CVE-2020-3384,0.01055,0.50287
CVE-2020-3385,0.00885,0.26162
CVE-2020-3386,0.01055,0.50287
CVE-2020-3387,0.01978,0.78447
CVE-2020-3388,0.00885,0.26162
CVE-2020-3389,0.00885,0.26162
CVE-2020-3390,0.00885,0.26162
CVE-2020-3391,0.01055,0.50287
CVE-2020-3392,0.01055,0.50287
CVE-2020-3393,0.00885,0.26162
CVE-2020-3394,0.00885,0.26162
CVE-2020-3396,0.00885,0.26162
CVE-2020-3397,0.01055,0.50287
CVE-2020-3398,0.01055,0.50287
CVE-2020-3399,0.01055,0.50287
CVE-2020-3400,0.01055,0.50287
CVE-2020-3401,0.01055,0.50287
CVE-2020-3402,0.01055,0.50287
CVE-2020-3403,0.00885,0.26162
CVE-2020-3404,0.00885,0.26162
CVE-2020-3405,0.01055,0.50287
CVE-2020-3406,0.01055,0.50287
CVE-2020-3407,0.01055,0.50287
CVE-2020-3408,0.01055,0.50287
CVE-2020-3409,0.00885,0.26162
CVE-2020-3410,0.01055,0.50287
CVE-2020-3411,0.01055,0.50287
CVE-2020-3412,0.01055,0.50287
CVE-2020-3413,0.01055,0.50287
CVE-2020-3414,0.01055,0.50287
CVE-2020-3415,0.01036,0.41241
CVE-2020-3416,0.00885,0.26162
CVE-2020-3417,0.00885,0.26162
CVE-2020-3418,0.00885,0.26162
CVE-2020-3419,0.01055,0.50287
CVE-2020-3421,0.01055,0.50287
CVE-2020-3422,0.01055,0.50287
CVE-2020-3423,0.01036,0.41241
CVE-2020-3425,0.01055,0.50287
CVE-2020-3426,0.01055,0.50287
CVE-2020-3427,0.00885,0.26162
CVE-2020-3428,0.00885,0.26162
CVE-2020-3429,0.00885,0.26162
CVE-2020-3430,0.01055,0.50287
CVE-2020-3436,0.01055,0.50287
CVE-2020-3437,0.01055,0.50287
CVE-2020-3439,0.01055,0.50287
CVE-2020-3440,0.01055,0.50287
CVE-2020-3441,0.01055,0.50287
CVE-2020-3442,0.00885,0.26162
CVE-2020-3443,0.01055,0.50287
CVE-2020-3444,0.01055,0.50287
CVE-2020-3446,0.01055,0.50287
CVE-2020-3447,0.01055,0.50287
CVE-2020-3448,0.01055,0.50287
CVE-2020-3449,0.01055,0.50287
CVE-2020-3450,0.01055,0.50287
CVE-2020-3451,0.01055,0.50287
CVE-2020-3453,0.01055,0.50287
CVE-2020-3454,0.01055,0.50287
CVE-2020-3455,0.00885,0.26162
CVE-2020-3456,0.01055,0.50287
CVE-2020-3457,0.00885,0.26162
CVE-2020-3458,0.00885,0.26162
CVE-2020-3459,0.00885,0.26162
CVE-2020-3460,0.01055,0.50287
CVE-2020-3461,0.01055,0.50287
CVE-2020-3462,0.01055,0.50287
CVE-2020-3463,0.01055,0.50287
CVE-2020-3464,0.01055,0.50287
CVE-2020-3465,0.00885,0.26162
CVE-2020-3466,0.01055,0.50287
CVE-2020-3467,0.01055,0.50287
CVE-2020-3468,0.01055,0.50287
CVE-2020-3470,0.01156,0.60033
CVE-2020-3471,0.01055,0.50287
CVE-2020-3472,0.01055,0.50287
CVE-2020-3473,0.00885,0.26162
CVE-2020-3474,0.01055,0.50287
CVE-2020-3475,0.01055,0.50287
CVE-2020-3476,0.00885,0.26162
CVE-2020-3477,0.01036,0.41241
CVE-2020-3478,0.01055,0.50287
CVE-2020-3479,0.01055,0.50287
CVE-2020-3480,0.01055,0.50287
CVE-2020-3481,0.01319,0.70416
CVE-2020-3482,0.01055,0.50287
CVE-2020-3483,0.00885,0.26162
CVE-2020-3484,0.01055,0.50287
CVE-2020-3485,0.01055,0.50287
CVE-2020-3486,0.00885,0.26162
CVE-2020-3487,0.00885,0.26162
CVE-2020-3488,0.00885,0.26162
CVE-2020-3489,0.00885,0.26162
CVE-2020-3490,0.01055,0.50287
CVE-2020-3491,0.01055,0.50287
CVE-2020-3492,0.01055,0.50287
CVE-2020-3493,0.00885,0.26162
CVE-2020-3494,0.00885,0.26162
CVE-2020-3495,0.01156,0.60033
CVE-2020-3496,0.01055,0.50287
CVE-2020-3497,0.00885,0.26162
CVE-2020-3498,0.01055,0.50287
CVE-2020-3499,0.01055,0.50287
CVE-2020-3500,0.01055,0.50287
CVE-2020-3501,0.01055,0.50287
CVE-2020-35012,0.00885,0.26162
CVE-2020-3502,0.01055,0.50287
CVE-2020-3503,0.00885,0.26162
CVE-2020-35037,0.00885,0.26162
CVE-2020-3504,0.00885,0.26162
CVE-2020-3505,0.00885,0.26162
CVE-2020-3506,0.01036,0.41241
CVE-2020-3507,0.01036,0.41241
CVE-2020-3508,0.00885,0.26162
CVE-2020-3509,0.01055,0.50287
CVE-2020-3510,0.01055,0.50287
CVE-2020-3511,0.00885,0.26162
CVE-2020-35111,0.01018,0.38792
CVE-2020-35112,0.01018,0.38792
CVE-2020-35113,0.01018,0.38792
CVE-2020-35114,0.00885,0.26162
CVE-2020-3512,0.00885,0.26162
CVE-2020-35121,0.00885,0.26162
CVE-2020-35122,0.00885,0.26162
CVE-2020-35123,0.0095,0.30554
CVE-2020-35124,0.01213,0.6557
CVE-2020-35125,0.01213,0.6557
CVE-2020-35126,0.02192,0.80195
CVE-2020-35127,0.00885,0.26162
CVE-2020-35128,0.0089,0.2856
CVE-2020-35129,0.00885,0.26162
CVE-2020-3513,0.00885,0.26162
CVE-2020-35131,0.12753,0.95373
CVE-2020-35132,0.01034,0.39824
CVE-2020-35133,0.00885,0.26162
CVE-2020-35135,0.00954,0.34522
CVE-2020-35136,0.04571,0.88388
CVE-2020-35138,0.01018,0.38792
CVE-2020-3514,0.00885,0.26162
CVE-2020-35145,0.00885,0.26162
CVE-2020-35149,0.00885,0.26162
CVE-2020-3515,0.01055,0.50287
CVE-2020-35151,0.01564,0.74439
CVE-2020-35152,0.00885,0.26162
CVE-2020-3516,0.01055,0.50287
CVE-2020-35163,0.00885,0.26162
CVE-2020-35164,0.00885,0.26162
CVE-2020-35166,0.00885,0.26162
CVE-2020-35167,0.00885,0.26162
CVE-2020-35168,0.00885,0.26162
CVE-2020-35169,0.00885,0.26162
CVE-2020-3517,0.00885,0.26162
CVE-2020-35170,0.00885,0.26162
CVE-2020-35173,0.00954,0.34522
CVE-2020-35175,0.00885,0.26162
CVE-2020-35176,0.01018,0.38792
CVE-2020-35177,0.00885,0.26162
CVE-2020-3518,0.01055,0.50287
CVE-2020-35184,0.01055,0.50287
CVE-2020-35185,0.01055,0.50287
CVE-2020-35186,0.01055,0.50287
CVE-2020-35187,0.01055,0.50287
CVE-2020-35189,0.01055,0.50287
CVE-2020-3519,0.01055,0.50287
CVE-2020-35190,0.01055,0.50287
CVE-2020-35192,0.01055,0.50287
CVE-2020-35193,0.01055,0.50287
CVE-2020-35195,0.01055,0.50287
CVE-2020-35196,0.01055,0.50287
CVE-2020-35197,0.01055,0.50287
CVE-2020-35198,0.03849,0.84856
CVE-2020-35199,0.02192,0.80195
CVE-2020-3520,0.00885,0.26162
CVE-2020-35200,0.00885,0.26162
CVE-2020-35201,0.02192,0.80195
CVE-2020-35202,0.02192,0.80195
CVE-2020-35203,0.00885,0.26162
CVE-2020-35204,0.00885,0.26162
CVE-2020-35205,0.00885,0.26162
CVE-2020-35206,0.00885,0.26162
CVE-2020-35207,0.00885,0.26162
CVE-2020-35208,0.00885,0.26162
CVE-2020-35209,0.00885,0.26162
CVE-2020-3521,0.01055,0.50287
CVE-2020-35210,0.00885,0.26162
CVE-2020-35211,0.00885,0.26162
CVE-2020-35213,0.00885,0.26162
CVE-2020-35214,0.00885,0.26162
CVE-2020-35215,0.00885,0.26162
CVE-2020-35216,0.00885,0.26162
CVE-2020-35217,0.00885,0.26162
CVE-2020-35219,0.00885,0.26162
CVE-2020-3522,0.01055,0.50287
CVE-2020-35221,0.00885,0.26162
CVE-2020-35223,0.00885,0.26162
CVE-2020-35224,0.01055,0.50287
CVE-2020-35225,0.00885,0.26162
CVE-2020-35226,0.00885,0.26162
CVE-2020-35227,0.00885,0.26162
CVE-2020-35228,0.01055,0.50287
CVE-2020-35229,0.00885,0.26162
CVE-2020-3523,0.01055,0.50287
CVE-2020-35230,0.00885,0.26162
CVE-2020-35231,0.00885,0.26162
CVE-2020-35233,0.00885,0.26162
CVE-2020-35234,0.38527,0.97893
CVE-2020-35235,0.01978,0.78447
CVE-2020-35236,0.01018,0.38792
CVE-2020-35239,0.00885,0.26162
CVE-2020-3524,0.00885,0.26162
CVE-2020-35240,0.0095,0.30554
CVE-2020-35241,0.02192,0.80195
CVE-2020-35242,0.00885,0.26162
CVE-2020-35243,0.00885,0.26162
CVE-2020-35244,0.00885,0.26162
CVE-2020-35245,0.00885,0.26162
CVE-2020-35249,0.01086,0.51674
CVE-2020-35252,0.02173,0.80027
CVE-2020-3526,0.01055,0.50287
CVE-2020-35261,0.0095,0.30554
CVE-2020-35263,0.01901,0.76485
CVE-2020-35269,0.00885,0.26162
CVE-2020-3527,0.01055,0.50287
CVE-2020-35270,0.01564,0.74439
CVE-2020-35271,0.00885,0.26162
CVE-2020-35272,0.02192,0.80195
CVE-2020-35273,0.07308,0.9216
CVE-2020-35274,0.02192,0.80195
CVE-2020-35275,0.02192,0.80195
CVE-2020-35276,0.00954,0.34522
CVE-2020-3528,0.01055,0.50287
CVE-2020-35284,0.00885,0.26162
CVE-2020-3529,0.01055,0.50287
CVE-2020-35296,0.00954,0.34522
CVE-2020-3530,0.00885,0.26162
CVE-2020-35305,0.01018,0.38792
CVE-2020-35308,0.01086,0.51674
CVE-2020-35309,0.02437,0.80834
CVE-2020-3531,0.01055,0.50287
CVE-2020-35313,0.05634,0.89764
CVE-2020-35327,0.00885,0.26162
CVE-2020-35328,0.00885,0.26162
CVE-2020-35329,0.00885,0.26162
CVE-2020-3533,0.01055,0.50287
CVE-2020-35337,0.01055,0.50287
CVE-2020-35338,0.00885,0.26162
CVE-2020-35339,0.01978,0.78447
CVE-2020-35340,0.00885,0.26162
CVE-2020-35346,0.01055,0.50287
CVE-2020-35347,0.00885,0.26162
CVE-2020-35349,0.02192,0.80195
CVE-2020-3535,0.01036,0.41241
CVE-2020-35358,0.00885,0.26162
CVE-2020-35359,0.08382,0.93597
CVE-2020-3536,0.01055,0.50287
CVE-2020-35362,0.00885,0.26162
CVE-2020-35364,0.00885,0.26162
CVE-2020-3537,0.01055,0.50287
CVE-2020-35370,0.03181,0.83177
CVE-2020-35373,0.00885,0.26162
CVE-2020-35376,0.00954,0.34522
CVE-2020-35378,0.01564,0.74439
CVE-2020-35380,0.00885,0.26162
CVE-2020-35381,0.00954,0.34522
CVE-2020-35382,0.00885,0.26162
CVE-2020-35388,0.01055,0.50287
CVE-2020-35391,0.01055,0.50287
CVE-2020-35395,0.02173,0.80027
CVE-2020-35396,0.02173,0.80027
CVE-2020-35398,0.00885,0.26162
CVE-2020-3541,0.00885,0.26162
CVE-2020-35416,0.02173,0.80027
CVE-2020-35418,0.00885,0.26162
CVE-2020-35419,0.00885,0.26162
CVE-2020-3542,0.01055,0.50287
CVE-2020-35427,0.01055,0.50287
CVE-2020-3543,0.00885,0.26162
CVE-2020-35430,0.00885,0.26162
CVE-2020-35437,0.02173,0.80027
CVE-2020-35438,0.00885,0.26162
CVE-2020-3544,0.01036,0.41241
CVE-2020-35441,0.00885,0.26162
CVE-2020-35442,0.01055,0.50287
CVE-2020-35448,0.01018,0.38792
CVE-2020-3545,0.01036,0.41241
CVE-2020-35450,0.00885,0.26162
CVE-2020-35451,0.0089,0.2856
CVE-2020-35452,0.03032,0.82851
CVE-2020-35453,0.00885,0.26162
CVE-2020-35454,0.00885,0.26162
CVE-2020-35455,0.00885,0.26162
CVE-2020-35456,0.00885,0.26162
CVE-2020-35457,0.0089,0.2856
CVE-2020-35458,0.05634,0.89764
CVE-2020-35459,0.01034,0.39824
CVE-2020-3546,0.01055,0.50287
CVE-2020-35460,0.00954,0.34522
CVE-2020-35462,0.01055,0.50287
CVE-2020-35463,0.01055,0.50287
CVE-2020-35464,0.01055,0.50287
CVE-2020-35465,0.01055,0.50287
CVE-2020-35466,0.01055,0.50287
CVE-2020-35467,0.01055,0.50287
CVE-2020-35468,0.01055,0.50287
CVE-2020-35469,0.01055,0.50287
CVE-2020-3547,0.01055,0.50287
CVE-2020-35470,0.00954,0.34522
CVE-2020-35471,0.00954,0.34522
CVE-2020-35474,0.00954,0.34522
CVE-2020-35475,0.01018,0.38792
CVE-2020-35477,0.01018,0.38792
CVE-2020-35478,0.00954,0.34522
CVE-2020-35479,0.01018,0.38792
CVE-2020-35480,0.01018,0.38792
CVE-2020-35481,0.00885,0.26162
CVE-2020-35482,0.00885,0.26162
CVE-2020-35483,0.00885,0.26162
CVE-2020-3549,0.01055,0.50287
CVE-2020-35490,0.01537,0.73595
CVE-2020-35491,0.01537,0.73595
CVE-2020-35492,0.00885,0.26162
CVE-2020-35493,0.01018,0.38792
CVE-2020-35494,0.01018,0.38792
CVE-2020-35495,0.01018,0.38792
CVE-2020-35496,0.01018,0.38792
CVE-2020-35497,0.00885,0.26162
CVE-2020-35499,0.00885,0.26162
CVE-2020-3550,0.01055,0.50287
CVE-2020-35501,0.00885,0.26162
CVE-2020-35502,0.00954,0.34522
CVE-2020-35503,0.00885,0.26162
CVE-2020-35504,0.0095,0.30554
CVE-2020-35505,0.0095,0.30554
CVE-2020-35506,0.01365,0.70715
CVE-2020-35507,0.00954,0.34522
CVE-2020-35508,0.0089,0.2856
CVE-2020-35509,0.00885,0.26162
CVE-2020-3551,0.01055,0.50287
CVE-2020-35510,0.00885,0.26162
CVE-2020-35511,0.00885,0.26162
CVE-2020-35512,0.0095,0.30554
CVE-2020-35513,0.00885,0.26162
CVE-2020-35514,0.00885,0.26162
CVE-2020-35517,0.01034,0.39824
CVE-2020-35518,0.01018,0.38792
CVE-2020-35519,0.00885,0.26162
CVE-2020-3552,0.00885,0.26162
CVE-2020-35521,0.01018,0.38792
CVE-2020-35522,0.01213,0.6557
CVE-2020-35523,0.01834,0.76202
CVE-2020-35524,0.01834,0.76202
CVE-2020-35525,0.00885,0.26162
CVE-2020-35527,0.00885,0.26162
CVE-2020-3553,0.01055,0.50287
CVE-2020-35530,0.00885,0.26162
CVE-2020-35531,0.00885,0.26162
CVE-2020-35532,0.00885,0.26162
CVE-2020-35533,0.00885,0.26162
CVE-2020-35534,0.00885,0.26162
CVE-2020-35535,0.00885,0.26162
CVE-2020-35536,0.00885,0.26162
CVE-2020-35537,0.00885,0.26162
CVE-2020-35538,0.00885,0.26162
CVE-2020-3554,0.01055,0.50287
CVE-2020-35542,0.00885,0.26162
CVE-2020-35547,0.00885,0.26162
CVE-2020-35548,0.00885,0.26162
CVE-2020-35549,0.00885,0.26162
CVE-2020-3555,0.01055,0.50287
CVE-2020-35550,0.00885,0.26162
CVE-2020-35551,0.00885,0.26162
CVE-2020-35552,0.00885,0.26162
CVE-2020-35553,0.00885,0.26162
CVE-2020-35554,0.00885,0.26162
CVE-2020-35555,0.00885,0.26162
CVE-2020-35556,0.00885,0.26162
CVE-2020-35557,0.00885,0.26162
CVE-2020-35558,0.00885,0.26162
CVE-2020-35559,0.00885,0.26162
CVE-2020-3556,0.00885,0.26162
CVE-2020-35560,0.00885,0.26162
CVE-2020-35561,0.00885,0.26162
CVE-2020-35563,0.00885,0.26162
CVE-2020-35564,0.00885,0.26162
CVE-2020-35565,0.00885,0.26162
CVE-2020-35566,0.00885,0.26162
CVE-2020-35567,0.00885,0.26162
CVE-2020-35568,0.00885,0.26162
CVE-2020-35569,0.00885,0.26162
CVE-2020-3557,0.01055,0.50287
CVE-2020-35570,0.00885,0.26162
CVE-2020-35571,0.00885,0.26162
CVE-2020-35572,0.00885,0.26162
CVE-2020-35573,0.01136,0.57949
CVE-2020-35575,0.01213,0.6557
CVE-2020-35576,0.0144,0.7265
CVE-2020-35577,0.00885,0.26162
CVE-2020-35578,0.72892,0.99217
CVE-2020-35579,0.00885,0.26162
CVE-2020-3558,0.01055,0.50287
CVE-2020-35580,0.01055,0.50287
CVE-2020-35581,0.01132,0.54372
CVE-2020-35582,0.01132,0.54372
CVE-2020-35584,0.00954,0.34522
CVE-2020-35585,0.00954,0.34522
CVE-2020-35586,0.00954,0.34522
CVE-2020-35587,0.01018,0.38792
CVE-2020-35589,0.00885,0.26162
CVE-2020-3559,0.01055,0.50287
CVE-2020-35591,0.00885,0.26162
CVE-2020-35592,0.01055,0.50287
CVE-2020-35594,0.00885,0.26162
CVE-2020-35597,0.0089,0.2856
CVE-2020-35598,0.08382,0.93597
CVE-2020-3560,0.01055,0.50287
CVE-2020-35604,0.00885,0.26162
CVE-2020-35605,0.05634,0.89764
CVE-2020-35608,0.00902,0.28567
CVE-2020-35609,0.01178,0.60108
CVE-2020-3561,0.01055,0.50287
CVE-2020-35610,0.00885,0.26162
CVE-2020-35611,0.00885,0.26162
CVE-2020-35612,0.00885,0.26162
CVE-2020-35613,0.00885,0.26162
CVE-2020-35614,0.00885,0.26162
CVE-2020-35615,0.00885,0.26162
CVE-2020-3562,0.01055,0.50287
CVE-2020-35622,0.00885,0.26162
CVE-2020-35623,0.00885,0.26162
CVE-2020-35624,0.00885,0.26162
CVE-2020-35625,0.00885,0.26162
CVE-2020-35626,0.00885,0.26162
CVE-2020-35627,0.01773,0.75668
CVE-2020-35628,0.02509,0.81058
CVE-2020-35629,0.01086,0.51674
CVE-2020-3563,0.01055,0.50287
CVE-2020-35630,0.01086,0.51674
CVE-2020-35631,0.01086,0.51674
CVE-2020-35632,0.01086,0.51674
CVE-2020-35633,0.01086,0.51674
CVE-2020-35634,0.01086,0.51674
CVE-2020-35635,0.01086,0.51674
CVE-2020-35636,0.01086,0.51674
CVE-2020-3564,0.01055,0.50287
CVE-2020-3565,0.01055,0.50287
CVE-2020-35650,0.01055,0.50287
CVE-2020-35652,0.01916,0.76518
CVE-2020-35653,0.01018,0.38792
CVE-2020-35654,0.01018,0.38792
CVE-2020-35655,0.00954,0.34522
CVE-2020-35657,0.01978,0.78447
CVE-2020-35658,0.00885,0.26162
CVE-2020-35659,0.00954,0.34522
CVE-2020-3566,0.01055,0.50287
CVE-2020-35660,0.0089,0.2856
CVE-2020-35662,0.01108,0.53389
CVE-2020-35664,0.00885,0.26162
CVE-2020-35665,0.17378,0.96039
CVE-2020-35666,0.00885,0.26162
CVE-2020-35667,0.00885,0.26162
CVE-2020-35668,0.00885,0.26162
CVE-2020-3567,0.01055,0.50287
CVE-2020-35674,0.00885,0.26162
CVE-2020-35675,0.00885,0.26162
CVE-2020-35676,0.00885,0.26162
CVE-2020-35677,0.00885,0.26162
CVE-2020-35678,0.01018,0.38792
CVE-2020-35679,0.01108,0.53389
CVE-2020-3568,0.01055,0.50287
CVE-2020-35680,0.01319,0.70416
CVE-2020-35681,0.01136,0.57949
CVE-2020-35683,0.01018,0.38792
CVE-2020-35684,0.01018,0.38792
CVE-2020-35685,0.01018,0.38792
CVE-2020-35686,0.00885,0.26162
CVE-2020-35687,0.08382,0.93597
CVE-2020-3569,0.01055,0.50287
CVE-2020-35693,0.00885,0.26162
CVE-2020-35700,0.01132,0.54372
CVE-2020-35701,0.05471,0.89498
CVE-2020-35702,0.00885,0.26162
CVE-2020-35704,0.00885,0.26162
CVE-2020-35705,0.00885,0.26162
CVE-2020-35706,0.00885,0.26162
CVE-2020-35707,0.00885,0.26162
CVE-2020-35708,0.00885,0.26162
CVE-2020-35709,0.00885,0.26162
CVE-2020-3571,0.01055,0.50287
CVE-2020-35710,0.01055,0.50287
CVE-2020-35711,0.00885,0.26162
CVE-2020-35712,0.00885,0.26162
CVE-2020-35714,0.01061,0.51015
CVE-2020-35715,0.01061,0.51015
CVE-2020-35716,0.01136,0.57949
CVE-2020-35717,0.03917,0.84989
CVE-2020-35719,0.01055,0.50287
CVE-2020-3572,0.01055,0.50287
CVE-2020-35720,0.01055,0.50287
CVE-2020-35721,0.01055,0.50287
CVE-2020-35722,0.01055,0.50287
CVE-2020-35723,0.01055,0.50287
CVE-2020-35724,0.01055,0.50287
CVE-2020-35725,0.01055,0.50287
CVE-2020-35726,0.01055,0.50287
CVE-2020-35727,0.01055,0.50287
CVE-2020-3573,0.01005,0.36332
CVE-2020-35730,0.01537,0.73595
CVE-2020-35733,0.01018,0.38792
CVE-2020-35734,0.04571,0.88388
CVE-2020-35735,0.00885,0.26162
CVE-2020-35736,0.00885,0.26162
CVE-2020-35737,0.08382,0.93597
CVE-2020-35738,0.01108,0.53389
CVE-2020-3574,0.01055,0.50287
CVE-2020-35740,0.00885,0.26162
CVE-2020-35741,0.00885,0.26162
CVE-2020-35742,0.00885,0.26162
CVE-2020-35743,0.00885,0.26162
CVE-2020-35745,0.0089,0.2856
CVE-2020-35748,0.01055,0.50287
CVE-2020-35752,0.0089,0.2856
CVE-2020-35753,0.00885,0.26162
CVE-2020-35754,0.10123,0.94312
CVE-2020-35755,0.00885,0.26162
CVE-2020-35756,0.00885,0.26162
CVE-2020-35757,0.00885,0.26162
CVE-2020-35758,0.00885,0.26162
CVE-2020-35759,0.00885,0.26162
CVE-2020-35760,0.00885,0.26162
CVE-2020-35761,0.01055,0.50287
CVE-2020-35762,0.00885,0.26162
CVE-2020-35765,0.01775,0.75672
CVE-2020-35766,0.00885,0.26162
CVE-2020-35769,0.00885,0.26162
CVE-2020-3577,0.00885,0.26162
CVE-2020-35773,0.01018,0.38792
CVE-2020-35774,0.0089,0.2856
CVE-2020-35775,0.01018,0.38792
CVE-2020-35776,0.01213,0.6557
CVE-2020-35777,0.01005,0.35949
CVE-2020-35778,0.00885,0.26162
CVE-2020-35779,0.00885,0.26162
CVE-2020-3578,0.01055,0.50287
CVE-2020-35780,0.00885,0.26162
CVE-2020-35781,0.00885,0.26162
CVE-2020-35782,0.01055,0.50287
CVE-2020-35783,0.01055,0.50287
CVE-2020-35784,0.00885,0.26162
CVE-2020-35785,0.00885,0.26162
CVE-2020-35786,0.00885,0.26162
CVE-2020-35787,0.00885,0.26162
CVE-2020-35788,0.00885,0.26162
CVE-2020-35789,0.02055,0.7893
CVE-2020-3579,0.01055,0.50287
CVE-2020-35790,0.01005,0.35949
CVE-2020-35791,0.01005,0.35949
CVE-2020-35792,0.01005,0.35949
CVE-2020-35793,0.01005,0.35949
CVE-2020-35794,0.01005,0.35949
CVE-2020-35795,0.00885,0.26162
CVE-2020-35796,0.00885,0.26162
CVE-2020-35797,0.02055,0.7893
CVE-2020-35798,0.01005,0.35949
CVE-2020-35799,0.00885,0.26162
CVE-2020-35800,0.00885,0.26162
CVE-2020-35801,0.01055,0.50287
CVE-2020-35802,0.00885,0.26162
CVE-2020-35803,0.00885,0.26162
CVE-2020-35804,0.00885,0.26162
CVE-2020-35805,0.00885,0.26162
CVE-2020-35806,0.00885,0.26162
CVE-2020-35807,0.00885,0.26162
CVE-2020-35808,0.00885,0.26162
CVE-2020-35809,0.00885,0.26162
CVE-2020-3581,0.01055,0.50287
CVE-2020-35810,0.00885,0.26162
CVE-2020-35811,0.00885,0.26162
CVE-2020-35812,0.00885,0.26162
CVE-2020-35813,0.00885,0.26162
CVE-2020-35814,0.00885,0.26162
CVE-2020-35815,0.00885,0.26162
CVE-2020-35816,0.00885,0.26162
CVE-2020-35817,0.00885,0.26162
CVE-2020-35818,0.00885,0.26162
CVE-2020-35819,0.00885,0.26162
CVE-2020-3582,0.01055,0.50287
CVE-2020-35820,0.00885,0.26162
CVE-2020-35821,0.00885,0.26162
CVE-2020-35822,0.00885,0.26162
CVE-2020-35823,0.00885,0.26162
CVE-2020-35824,0.00885,0.26162
CVE-2020-35825,0.00885,0.26162
CVE-2020-35826,0.00885,0.26162
CVE-2020-35827,0.00885,0.26162
CVE-2020-35828,0.00885,0.26162
CVE-2020-35829,0.00885,0.26162
CVE-2020-3583,0.01055,0.50287
CVE-2020-35830,0.00885,0.26162
CVE-2020-35831,0.00885,0.26162
CVE-2020-35832,0.00885,0.26162
CVE-2020-35833,0.00885,0.26162
CVE-2020-35834,0.00885,0.26162
CVE-2020-35835,0.00885,0.26162
CVE-2020-35836,0.00885,0.26162
CVE-2020-35837,0.00885,0.26162
CVE-2020-35838,0.00885,0.26162
CVE-2020-35839,0.00885,0.26162
CVE-2020-35840,0.00885,0.26162
CVE-2020-35841,0.00885,0.26162
CVE-2020-35842,0.00885,0.26162
CVE-2020-35843,0.00885,0.26162
CVE-2020-35844,0.00885,0.26162
CVE-2020-35845,0.00885,0.26162
CVE-2020-35849,0.00885,0.26162
CVE-2020-3585,0.01055,0.50287
CVE-2020-35850,0.00885,0.26162
CVE-2020-35851,0.00885,0.26162
CVE-2020-35852,0.00954,0.34522
CVE-2020-35853,0.02192,0.80195
CVE-2020-35854,0.0089,0.2856
CVE-2020-35856,0.00885,0.26162
CVE-2020-35857,0.00885,0.26162
CVE-2020-35858,0.01156,0.60033
CVE-2020-35859,0.00885,0.26162
CVE-2020-3586,0.01055,0.50287
CVE-2020-35860,0.00885,0.26162
CVE-2020-35861,0.00885,0.26162
CVE-2020-35862,0.00885,0.26162
CVE-2020-35863,0.01156,0.60033
CVE-2020-35864,0.00885,0.26162
CVE-2020-35865,0.00885,0.26162
CVE-2020-35866,0.00885,0.26162
CVE-2020-35867,0.00885,0.26162
CVE-2020-35868,0.00885,0.26162
CVE-2020-35869,0.00885,0.26162
CVE-2020-3587,0.01055,0.50287
CVE-2020-35870,0.00885,0.26162
CVE-2020-35871,0.00885,0.26162
CVE-2020-35872,0.00885,0.26162
CVE-2020-35873,0.00885,0.26162
CVE-2020-35874,0.00885,0.26162
CVE-2020-35875,0.00885,0.26162
CVE-2020-35876,0.00885,0.26162
CVE-2020-35877,0.00885,0.26162
CVE-2020-35878,0.00885,0.26162
CVE-2020-35879,0.00885,0.26162
CVE-2020-3588,0.01036,0.41241
CVE-2020-35880,0.00885,0.26162
CVE-2020-35881,0.00885,0.26162
CVE-2020-35882,0.00885,0.26162
CVE-2020-35883,0.00885,0.26162
CVE-2020-35884,0.00954,0.34522
CVE-2020-35885,0.00885,0.26162
CVE-2020-35886,0.00885,0.26162
CVE-2020-35887,0.00885,0.26162
CVE-2020-35888,0.00885,0.26162
CVE-2020-35889,0.00885,0.26162
CVE-2020-3589,0.01055,0.50287
CVE-2020-35890,0.00885,0.26162
CVE-2020-35891,0.00885,0.26162
CVE-2020-35892,0.00885,0.26162
CVE-2020-35893,0.00885,0.26162
CVE-2020-35894,0.00885,0.26162
CVE-2020-35895,0.00885,0.26162
CVE-2020-35896,0.00885,0.26162
CVE-2020-35897,0.00885,0.26162
CVE-2020-35898,0.00885,0.26162
CVE-2020-35899,0.00885,0.26162
CVE-2020-3590,0.01055,0.50287
CVE-2020-35900,0.00885,0.26162
CVE-2020-35901,0.00885,0.26162
CVE-2020-35902,0.00885,0.26162
CVE-2020-35903,0.00885,0.26162
CVE-2020-35904,0.00885,0.26162
CVE-2020-35905,0.00885,0.26162
CVE-2020-35906,0.00885,0.26162
CVE-2020-35907,0.00885,0.26162
CVE-2020-35908,0.00885,0.26162
CVE-2020-35909,0.00885,0.26162
CVE-2020-3591,0.01055,0.50287
CVE-2020-35910,0.00885,0.26162
CVE-2020-35911,0.00885,0.26162
CVE-2020-35912,0.00885,0.26162
CVE-2020-35913,0.00885,0.26162
CVE-2020-35914,0.00885,0.26162
CVE-2020-35915,0.00885,0.26162
CVE-2020-35916,0.00885,0.26162
CVE-2020-35917,0.00885,0.26162
CVE-2020-35918,0.0089,0.2856
CVE-2020-35919,0.00885,0.26162
CVE-2020-3592,0.01055,0.50287
CVE-2020-35920,0.00885,0.26162
CVE-2020-35921,0.00885,0.26162
CVE-2020-35922,0.00885,0.26162
CVE-2020-35923,0.00885,0.26162
CVE-2020-35924,0.00885,0.26162
CVE-2020-35925,0.00885,0.26162
CVE-2020-35926,0.00885,0.26162
CVE-2020-35927,0.00885,0.26162
CVE-2020-35928,0.00885,0.26162
CVE-2020-35929,0.00885,0.26162
CVE-2020-3593,0.00885,0.26162
CVE-2020-35930,0.00885,0.26162
CVE-2020-35931,0.00885,0.26162
CVE-2020-35932,0.01055,0.50287
CVE-2020-35933,0.01055,0.50287
CVE-2020-35934,0.00885,0.26162
CVE-2020-35935,0.00885,0.26162
CVE-2020-35936,0.01055,0.50287
CVE-2020-35937,0.01055,0.50287
CVE-2020-35938,0.01055,0.50287
CVE-2020-35939,0.01055,0.50287
CVE-2020-3594,0.00885,0.26162
CVE-2020-35942,0.01424,0.72364
CVE-2020-35943,0.00885,0.26162
CVE-2020-35944,0.00885,0.26162
CVE-2020-35945,0.00885,0.26162
CVE-2020-35946,0.00885,0.26162
CVE-2020-35947,0.00885,0.26162
CVE-2020-35948,0.04571,0.88388
CVE-2020-35949,0.01978,0.78447
CVE-2020-3595,0.00885,0.26162
CVE-2020-35950,0.00885,0.26162
CVE-2020-35951,0.00885,0.26162
CVE-2020-35952,0.00885,0.26162
CVE-2020-3596,0.01055,0.50287
CVE-2020-35962,0.00885,0.26162
CVE-2020-35963,0.00954,0.34522
CVE-2020-35964,0.00954,0.34522
CVE-2020-35965,0.01108,0.53389
CVE-2020-3597,0.01055,0.50287
CVE-2020-35970,0.00885,0.26162
CVE-2020-35971,0.00885,0.26162
CVE-2020-35972,0.00885,0.26162
CVE-2020-35973,0.00885,0.26162
CVE-2020-35979,0.00885,0.26162
CVE-2020-3598,0.01055,0.50287
CVE-2020-35980,0.00885,0.26162
CVE-2020-35981,0.00885,0.26162
CVE-2020-35982,0.00885,0.26162
CVE-2020-35984,0.00885,0.26162
CVE-2020-35985,0.00885,0.26162
CVE-2020-35986,0.00885,0.26162
CVE-2020-35987,0.00885,0.26162
CVE-2020-3599,0.01055,0.50287
CVE-2020-35992,0.00885,0.26162
CVE-2020-3600,0.00885,0.26162
CVE-2020-36002,0.00954,0.34522
CVE-2020-36003,0.00954,0.34522
CVE-2020-36004,0.00885,0.26162
CVE-2020-36005,0.00885,0.26162
CVE-2020-36006,0.00885,0.26162
CVE-2020-36007,0.00885,0.26162
CVE-2020-36008,0.00885,0.26162
CVE-2020-36009,0.00885,0.26162
CVE-2020-3601,0.01036,0.41241
CVE-2020-36011,0.02437,0.80834
CVE-2020-36012,0.0089,0.2856
CVE-2020-3602,0.01036,0.41241
CVE-2020-3603,0.01005,0.36332
CVE-2020-36033,0.00885,0.26162
CVE-2020-3604,0.01005,0.36332
CVE-2020-36048,0.00954,0.34522
CVE-2020-36049,0.00954,0.34522
CVE-2020-36051,0.01055,0.50287
CVE-2020-36052,0.01055,0.50287
CVE-2020-36056,0.00885,0.26162
CVE-2020-36062,0.00954,0.34522
CVE-2020-36064,0.01018,0.38792
CVE-2020-36066,0.00885,0.26162
CVE-2020-36067,0.00885,0.26162
CVE-2020-36079,0.04571,0.88388
CVE-2020-3610,0.00885,0.26162
CVE-2020-3611,0.00885,0.26162
CVE-2020-36115,0.02192,0.80195
CVE-2020-36120,0.00885,0.26162
CVE-2020-36123,0.00885,0.26162
CVE-2020-36124,0.0089,0.2856
CVE-2020-36125,0.0089,0.2856
CVE-2020-36126,0.01061,0.51015
CVE-2020-36127,0.0089,0.2856
CVE-2020-36128,0.00954,0.34522
CVE-2020-36129,0.00885,0.26162
CVE-2020-3613,0.00885,0.26162
CVE-2020-36130,0.00885,0.26162
CVE-2020-36131,0.00885,0.26162
CVE-2020-36133,0.00885,0.26162
CVE-2020-36134,0.00885,0.26162
CVE-2020-36135,0.00885,0.26162
CVE-2020-36139,0.00885,0.26162
CVE-2020-3614,0.00885,0.26162
CVE-2020-36140,0.00885,0.26162
CVE-2020-36141,0.00885,0.26162
CVE-2020-36142,0.00885,0.26162
CVE-2020-36144,0.00885,0.26162
CVE-2020-36148,0.00885,0.26162
CVE-2020-36149,0.00885,0.26162
CVE-2020-3615,0.00885,0.26162
CVE-2020-36150,0.00885,0.26162
CVE-2020-36151,0.00885,0.26162
CVE-2020-36152,0.0144,0.7265
CVE-2020-36154,0.01832,0.76196
CVE-2020-36155,0.00954,0.34522
CVE-2020-36156,0.0089,0.2856
CVE-2020-36157,0.00954,0.34522
CVE-2020-36158,0.07218,0.9208
CVE-2020-36159,0.00885,0.26162
CVE-2020-3616,0.00885,0.26162
CVE-2020-36160,0.01036,0.41241
CVE-2020-36161,0.01036,0.41241
CVE-2020-36162,0.01036,0.41241
CVE-2020-36163,0.01036,0.41241
CVE-2020-36164,0.01036,0.41241
CVE-2020-36165,0.01036,0.41241
CVE-2020-36166,0.01036,0.41241
CVE-2020-36167,0.01005,0.36332
CVE-2020-36168,0.01036,0.41241
CVE-2020-36169,0.01036,0.41241
CVE-2020-3617,0.00885,0.26162
CVE-2020-36170,0.00885,0.26162
CVE-2020-36171,0.00885,0.26162
CVE-2020-36172,0.00885,0.26162
CVE-2020-36173,0.00885,0.26162
CVE-2020-36174,0.00885,0.26162
CVE-2020-36175,0.00885,0.26162
CVE-2020-36176,0.00885,0.26162
CVE-2020-36177,0.01018,0.38792
CVE-2020-36178,0.02211,0.80357
CVE-2020-3618,0.00885,0.26162
CVE-2020-36183,0.01537,0.73595
CVE-2020-36185,0.01537,0.73595
CVE-2020-36186,0.01537,0.73595
CVE-2020-36187,0.01537,0.73595
CVE-2020-36189,0.01537,0.73595
CVE-2020-3619,0.01036,0.41241
CVE-2020-36190,0.00954,0.34522
CVE-2020-36191,0.00885,0.26162
CVE-2020-36192,0.00885,0.26162
CVE-2020-36193,0.01537,0.73595
CVE-2020-36194,0.00885,0.26162
CVE-2020-36195,0.01055,0.50287
CVE-2020-36196,0.00885,0.26162
CVE-2020-36197,0.00954,0.34522
CVE-2020-36198,0.01061,0.51015
CVE-2020-36199,0.02055,0.7893
CVE-2020-3620,0.00885,0.26162
CVE-2020-36200,0.00885,0.26162
CVE-2020-36201,0.00885,0.26162
CVE-2020-36202,0.00885,0.26162
CVE-2020-36203,0.00885,0.26162
CVE-2020-36204,0.00885,0.26162
CVE-2020-36205,0.00885,0.26162
CVE-2020-36206,0.00885,0.26162
CVE-2020-36207,0.00885,0.26162
CVE-2020-36208,0.00885,0.26162
CVE-2020-36209,0.00885,0.26162
CVE-2020-3621,0.00885,0.26162
CVE-2020-36210,0.00885,0.26162
CVE-2020-36211,0.00885,0.26162
CVE-2020-36212,0.00885,0.26162
CVE-2020-36213,0.00885,0.26162
CVE-2020-36214,0.00885,0.26162
CVE-2020-36215,0.00885,0.26162
CVE-2020-36216,0.00885,0.26162
CVE-2020-36217,0.00885,0.26162
CVE-2020-36218,0.00885,0.26162
CVE-2020-36219,0.00885,0.26162
CVE-2020-3622,0.00885,0.26162
CVE-2020-36220,0.00885,0.26162
CVE-2020-36221,0.02686,0.82061
CVE-2020-36222,0.02686,0.82061
CVE-2020-36223,0.02686,0.82061
CVE-2020-36224,0.02686,0.82061
CVE-2020-36225,0.02686,0.82061
CVE-2020-36226,0.02686,0.82061
CVE-2020-36227,0.02686,0.82061
CVE-2020-36228,0.02686,0.82061
CVE-2020-36229,0.02686,0.82061
CVE-2020-3623,0.00885,0.26162
CVE-2020-36230,0.05242,0.89216
CVE-2020-36231,0.01055,0.50287
CVE-2020-36232,0.00885,0.26162
CVE-2020-36233,0.00885,0.26162
CVE-2020-36234,0.01055,0.50287
CVE-2020-36235,0.01055,0.50287
CVE-2020-36236,0.01055,0.50287
CVE-2020-36237,0.01055,0.50287
CVE-2020-36238,0.00885,0.26162
CVE-2020-36239,0.03938,0.85198
CVE-2020-3624,0.00885,0.26162
CVE-2020-36240,0.01055,0.50287
CVE-2020-36241,0.0095,0.30554
CVE-2020-36242,0.01108,0.53389
CVE-2020-36243,0.02204,0.80286
CVE-2020-36244,0.02509,0.81058
CVE-2020-36245,0.01103,0.51945
CVE-2020-36246,0.00885,0.26162
CVE-2020-36247,0.00885,0.26162
CVE-2020-36248,0.00885,0.26162
CVE-2020-36249,0.00885,0.26162
CVE-2020-3625,0.00885,0.26162
CVE-2020-36250,0.00885,0.26162
CVE-2020-36251,0.00885,0.26162
CVE-2020-36252,0.00885,0.26162
CVE-2020-36254,0.00885,0.26162
CVE-2020-36255,0.00954,0.34522
CVE-2020-3626,0.00885,0.26162
CVE-2020-36277,0.01108,0.53389
CVE-2020-36278,0.01108,0.53389
CVE-2020-36279,0.01108,0.53389
CVE-2020-3628,0.00885,0.26162
CVE-2020-36280,0.01108,0.53389
CVE-2020-36281,0.01108,0.53389
CVE-2020-36282,0.03938,0.85198
CVE-2020-36283,0.01055,0.50287
CVE-2020-36284,0.00954,0.34522
CVE-2020-36285,0.00954,0.34522
CVE-2020-36286,0.00885,0.26162
CVE-2020-36287,0.00885,0.26162
CVE-2020-36288,0.01055,0.50287
CVE-2020-36289,0.02895,0.8245
CVE-2020-3629,0.00885,0.26162
CVE-2020-36290,0.01055,0.50287
CVE-2020-3630,0.00885,0.26162
CVE-2020-36306,0.00885,0.26162
CVE-2020-36307,0.00885,0.26162
CVE-2020-36308,0.00885,0.26162
CVE-2020-36309,0.01018,0.38792
CVE-2020-36310,0.0089,0.2856
CVE-2020-36311,0.0095,0.30554
CVE-2020-36312,0.00885,0.26162
CVE-2020-36313,0.0089,0.2856
CVE-2020-36314,0.0089,0.2856
CVE-2020-36315,0.01018,0.38792
CVE-2020-36316,0.01018,0.38792
CVE-2020-36317,0.00885,0.26162
CVE-2020-36318,0.00885,0.26162
CVE-2020-36319,0.0089,0.2856
CVE-2020-3632,0.00885,0.26162
CVE-2020-36320,0.00954,0.34522
CVE-2020-36321,0.00885,0.26162
CVE-2020-36322,0.0095,0.30554
CVE-2020-36323,0.01108,0.53389
CVE-2020-36324,0.00885,0.26162
CVE-2020-36325,0.00885,0.26162
CVE-2020-36326,0.00954,0.34522
CVE-2020-36327,0.063,0.90364
CVE-2020-36328,0.01108,0.53389
CVE-2020-36329,0.01108,0.53389
CVE-2020-3633,0.00885,0.26162
CVE-2020-36330,0.01108,0.53389
CVE-2020-36331,0.01108,0.53389
CVE-2020-36332,0.00954,0.34522
CVE-2020-36333,0.00885,0.26162
CVE-2020-36334,0.00885,0.26162
CVE-2020-3634,0.00885,0.26162
CVE-2020-3635,0.00885,0.26162
CVE-2020-3636,0.00885,0.26162
CVE-2020-36363,0.00885,0.26162
CVE-2020-36364,0.00885,0.26162
CVE-2020-36365,0.00885,0.26162
CVE-2020-36366,0.01055,0.50287
CVE-2020-36367,0.01055,0.50287
CVE-2020-36368,0.01055,0.50287
CVE-2020-36369,0.01055,0.50287
CVE-2020-36370,0.01055,0.50287
CVE-2020-36371,0.01055,0.50287
CVE-2020-36372,0.01055,0.50287
CVE-2020-36373,0.01055,0.50287
CVE-2020-36374,0.01055,0.50287
CVE-2020-36375,0.01055,0.50287
CVE-2020-36376,0.01086,0.51674
CVE-2020-36377,0.01086,0.51674
CVE-2020-36378,0.01086,0.51674
CVE-2020-36379,0.01086,0.51674
CVE-2020-3638,0.00885,0.26162
CVE-2020-36380,0.01086,0.51674
CVE-2020-36381,0.01086,0.51674
CVE-2020-36382,0.01055,0.50287
CVE-2020-36383,0.00885,0.26162
CVE-2020-36384,0.00885,0.26162
CVE-2020-36385,0.01018,0.38792
CVE-2020-36386,0.0095,0.30554
CVE-2020-36387,0.0095,0.30554
CVE-2020-36388,0.00885,0.26162
CVE-2020-36389,0.00885,0.26162
CVE-2020-3639,0.00885,0.26162
CVE-2020-36394,0.00885,0.26162
CVE-2020-36395,0.00885,0.26162
CVE-2020-36396,0.00885,0.26162
CVE-2020-36397,0.00885,0.26162
CVE-2020-36398,0.00885,0.26162
CVE-2020-36399,0.00885,0.26162
CVE-2020-3640,0.00885,0.26162
CVE-2020-36400,0.00954,0.34522
CVE-2020-36401,0.00954,0.34522
CVE-2020-36402,0.00954,0.34522
CVE-2020-36403,0.01018,0.38792
CVE-2020-36404,0.00954,0.34522
CVE-2020-36405,0.00954,0.34522
CVE-2020-36406,0.00954,0.34522
CVE-2020-36407,0.00954,0.34522
CVE-2020-36408,0.00885,0.26162
CVE-2020-36409,0.00885,0.26162
CVE-2020-3641,0.00885,0.26162
CVE-2020-36410,0.00885,0.26162
CVE-2020-36411,0.00885,0.26162
CVE-2020-36412,0.00885,0.26162
CVE-2020-36413,0.00885,0.26162
CVE-2020-36414,0.00885,0.26162
CVE-2020-36415,0.00885,0.26162
CVE-2020-36416,0.00885,0.26162
CVE-2020-3642,0.00885,0.26162
CVE-2020-36420,0.01018,0.38792
CVE-2020-36421,0.01018,0.38792
CVE-2020-36422,0.00954,0.34522
CVE-2020-36423,0.01136,0.57949
CVE-2020-36424,0.0095,0.30554
CVE-2020-36425,0.01108,0.53389
CVE-2020-36426,0.01018,0.38792
CVE-2020-36427,0.00885,0.26162
CVE-2020-36428,0.00885,0.26162
CVE-2020-36429,0.0095,0.30554
CVE-2020-3643,0.00885,0.26162
CVE-2020-36430,0.01018,0.38792
CVE-2020-36431,0.00885,0.26162
CVE-2020-36432,0.00885,0.26162
CVE-2020-36433,0.00885,0.26162
CVE-2020-36434,0.00885,0.26162
CVE-2020-36435,0.00885,0.26162
CVE-2020-36436,0.00885,0.26162
CVE-2020-36437,0.00885,0.26162
CVE-2020-36438,0.00885,0.26162
CVE-2020-36439,0.00885,0.26162
CVE-2020-3644,0.00885,0.26162
CVE-2020-36440,0.00885,0.26162
CVE-2020-36441,0.00885,0.26162
CVE-2020-36442,0.00885,0.26162
CVE-2020-36443,0.00885,0.26162
CVE-2020-36444,0.00885,0.26162
CVE-2020-36445,0.00885,0.26162
CVE-2020-36446,0.00885,0.26162
CVE-2020-36447,0.00885,0.26162
CVE-2020-36448,0.00885,0.26162
CVE-2020-36449,0.00885,0.26162
CVE-2020-3645,0.00885,0.26162
CVE-2020-36450,0.00885,0.26162
CVE-2020-36451,0.00885,0.26162
CVE-2020-36452,0.00885,0.26162
CVE-2020-36453,0.00885,0.26162
CVE-2020-36454,0.00885,0.26162
CVE-2020-36455,0.00885,0.26162
CVE-2020-36456,0.00885,0.26162
CVE-2020-36457,0.00885,0.26162
CVE-2020-36458,0.00885,0.26162
CVE-2020-36459,0.00885,0.26162
CVE-2020-3646,0.00885,0.26162
CVE-2020-36460,0.00885,0.26162
CVE-2020-36461,0.00885,0.26162
CVE-2020-36462,0.00885,0.26162
CVE-2020-36463,0.00885,0.26162
CVE-2020-36464,0.00885,0.26162
CVE-2020-36465,0.00885,0.26162
CVE-2020-36466,0.00885,0.26162
CVE-2020-36467,0.00885,0.26162
CVE-2020-36468,0.00885,0.26162
CVE-2020-36469,0.00885,0.26162
CVE-2020-3647,0.00885,0.26162
CVE-2020-36470,0.00885,0.26162
CVE-2020-36471,0.00885,0.26162
CVE-2020-36472,0.00885,0.26162
CVE-2020-36473,0.00885,0.26162
CVE-2020-36474,0.00885,0.26162
CVE-2020-36475,0.01018,0.38792
CVE-2020-36476,0.01018,0.38792
CVE-2020-36477,0.00885,0.26162
CVE-2020-36478,0.01108,0.53389
CVE-2020-3648,0.00885,0.26162
CVE-2020-36485,0.01276,0.66501
CVE-2020-36486,0.00885,0.26162
CVE-2020-36488,0.00885,0.26162
CVE-2020-36489,0.00885,0.26162
CVE-2020-36490,0.00885,0.26162
CVE-2020-36491,0.00885,0.26162
CVE-2020-36492,0.00885,0.26162
CVE-2020-36493,0.00885,0.26162
CVE-2020-36494,0.00885,0.26162
CVE-2020-36495,0.00885,0.26162
CVE-2020-36496,0.00885,0.26162
CVE-2020-36497,0.00885,0.26162
CVE-2020-36498,0.00885,0.26162
CVE-2020-36499,0.00885,0.26162
CVE-2020-36501,0.00885,0.26162
CVE-2020-36502,0.00885,0.26162
CVE-2020-36503,0.00885,0.26162
CVE-2020-36504,0.00885,0.26162
CVE-2020-36505,0.00885,0.26162
CVE-2020-3651,0.00885,0.26162
CVE-2020-36510,0.00885,0.26162
CVE-2020-36511,0.00885,0.26162
CVE-2020-36512,0.00885,0.26162
CVE-2020-36513,0.00885,0.26162
CVE-2020-36514,0.00885,0.26162
CVE-2020-36516,0.00885,0.26162
CVE-2020-36517,0.02686,0.82061
CVE-2020-36519,0.00885,0.26162
CVE-2020-3652,0.00885,0.26162
CVE-2020-36523,0.00885,0.26162
CVE-2020-36524,0.00885,0.26162
CVE-2020-36525,0.00885,0.26162
CVE-2020-36526,0.00885,0.26162
CVE-2020-36527,0.00885,0.26162
CVE-2020-36528,0.00885,0.26162
CVE-2020-36529,0.02055,0.7893
CVE-2020-3653,0.00885,0.26162
CVE-2020-36530,0.00885,0.26162
CVE-2020-36531,0.00885,0.26162
CVE-2020-36532,0.00885,0.26162
CVE-2020-36533,0.00885,0.26162
CVE-2020-36534,0.00885,0.26162
CVE-2020-36535,0.00885,0.26162
CVE-2020-36536,0.00885,0.26162
CVE-2020-36537,0.00885,0.26162
CVE-2020-36538,0.00885,0.26162
CVE-2020-36539,0.00885,0.26162
CVE-2020-3654,0.00885,0.26162
CVE-2020-36540,0.00885,0.26162
CVE-2020-36541,0.00954,0.34522
CVE-2020-36542,0.00954,0.34522
CVE-2020-36543,0.00885,0.26162
CVE-2020-36544,0.00885,0.26162
CVE-2020-36547,0.00885,0.26162
CVE-2020-36548,0.00885,0.26162
CVE-2020-36549,0.00885,0.26162
CVE-2020-36550,0.0095,0.30554
CVE-2020-36551,0.0095,0.30554
CVE-2020-36552,0.0095,0.30554
CVE-2020-36553,0.0095,0.30554
CVE-2020-36557,0.00885,0.26162
CVE-2020-36558,0.00885,0.26162
CVE-2020-3656,0.00885,0.26162
CVE-2020-3657,0.01156,0.60033
CVE-2020-3658,0.00885,0.26162
CVE-2020-36599,0.00885,0.26162
CVE-2020-3660,0.00885,0.26162
CVE-2020-3661,0.00885,0.26162
CVE-2020-3662,0.00885,0.26162
CVE-2020-3663,0.00885,0.26162
CVE-2020-3664,0.00885,0.26162
CVE-2020-3665,0.00885,0.26162
CVE-2020-3666,0.00885,0.26162
CVE-2020-3667,0.00885,0.26162
CVE-2020-3668,0.00885,0.26162
CVE-2020-3669,0.00885,0.26162
CVE-2020-3670,0.00885,0.26162
CVE-2020-3671,0.00885,0.26162
CVE-2020-3673,0.00885,0.26162
CVE-2020-3674,0.00885,0.26162
CVE-2020-3675,0.00885,0.26162
CVE-2020-3676,0.00885,0.26162
CVE-2020-3678,0.00885,0.26162
CVE-2020-3679,0.01036,0.41241
CVE-2020-3680,0.00885,0.26162
CVE-2020-3681,0.00885,0.26162
CVE-2020-3684,0.00885,0.26162
CVE-2020-3685,0.00885,0.26162
CVE-2020-3686,0.00885,0.26162
CVE-2020-3687,0.00885,0.26162
CVE-2020-3688,0.00885,0.26162
CVE-2020-3690,0.00885,0.26162
CVE-2020-3691,0.00885,0.26162
CVE-2020-3692,0.00885,0.26162
CVE-2020-3693,0.01036,0.41241
CVE-2020-3694,0.01036,0.41241
CVE-2020-3696,0.00885,0.26162
CVE-2020-3698,0.00885,0.26162
CVE-2020-3699,0.00885,0.26162
CVE-2020-3700,0.01086,0.51674
CVE-2020-3701,0.00885,0.26162
CVE-2020-3702,0.01018,0.38792
CVE-2020-3703,0.00885,0.26162
CVE-2020-3704,0.00885,0.26162
CVE-2020-3710,0.01223,0.65839
CVE-2020-3711,0.01223,0.65839
CVE-2020-3712,0.01223,0.65839
CVE-2020-3713,0.01223,0.65839
CVE-2020-3714,0.01223,0.65839
CVE-2020-3715,0.00885,0.26162
CVE-2020-3716,0.01086,0.51674
CVE-2020-3717,0.00885,0.26162
CVE-2020-3718,0.01086,0.51674
CVE-2020-3719,0.00885,0.26162
CVE-2020-3720,0.01282,0.66661
CVE-2020-3721,0.01282,0.66661
CVE-2020-3722,0.01282,0.66661
CVE-2020-3723,0.01282,0.66661
CVE-2020-3724,0.01282,0.66661
CVE-2020-3725,0.01282,0.66661
CVE-2020-3726,0.01282,0.66661
CVE-2020-3727,0.01282,0.66661
CVE-2020-3728,0.01282,0.66661
CVE-2020-3729,0.01282,0.66661
CVE-2020-3730,0.01282,0.66661
CVE-2020-3731,0.01282,0.66661
CVE-2020-3732,0.01282,0.66661
CVE-2020-3733,0.01282,0.66661
CVE-2020-3734,0.01282,0.66661
CVE-2020-3735,0.01282,0.66661
CVE-2020-3736,0.01282,0.66661
CVE-2020-3737,0.01282,0.66661
CVE-2020-3738,0.01282,0.66661
CVE-2020-3739,0.01282,0.66661
CVE-2020-3740,0.01282,0.66661
CVE-2020-3741,0.01046,0.41635
CVE-2020-3742,0.01282,0.66661
CVE-2020-3743,0.01282,0.66661
CVE-2020-3744,0.01046,0.41635
CVE-2020-3745,0.01282,0.66661
CVE-2020-3746,0.01282,0.66661
CVE-2020-3747,0.01046,0.41635
CVE-2020-3748,0.01223,0.65839
CVE-2020-3749,0.01282,0.66661
CVE-2020-3750,0.01282,0.66661
CVE-2020-3751,0.01282,0.66661
CVE-2020-3752,0.01282,0.66661
CVE-2020-3753,0.01046,0.41635
CVE-2020-3754,0.01282,0.66661
CVE-2020-3755,0.01046,0.41635
CVE-2020-3756,0.01046,0.41635
CVE-2020-3757,0.03097,0.83065
CVE-2020-3758,0.00885,0.26162
CVE-2020-3759,0.01046,0.41635
CVE-2020-3760,0.01282,0.66661
CVE-2020-3761,0.01046,0.41635
CVE-2020-3762,0.01046,0.41635
CVE-2020-3763,0.01046,0.41635
CVE-2020-3764,0.03405,0.8369
CVE-2020-3765,0.01282,0.66661
CVE-2020-3766,0.01046,0.41635
CVE-2020-3767,0.01046,0.41635
CVE-2020-3768,0.01046,0.41635
CVE-2020-3769,0.01046,0.41635
CVE-2020-3770,0.01282,0.66661
CVE-2020-3771,0.01046,0.41635
CVE-2020-3772,0.01282,0.66661
CVE-2020-3773,0.01282,0.66661
CVE-2020-3774,0.01282,0.66661
CVE-2020-3775,0.01282,0.66661
CVE-2020-3776,0.01282,0.66661
CVE-2020-3777,0.01046,0.41635
CVE-2020-3778,0.01046,0.41635
CVE-2020-3779,0.01282,0.66661
CVE-2020-3780,0.01282,0.66661
CVE-2020-3781,0.01046,0.41635
CVE-2020-3782,0.01046,0.41635
CVE-2020-3783,0.01282,0.66661
CVE-2020-3784,0.01282,0.66661
CVE-2020-3785,0.01282,0.66661
CVE-2020-3786,0.01282,0.66661
CVE-2020-3787,0.01282,0.66661
CVE-2020-3788,0.01282,0.66661
CVE-2020-3789,0.01282,0.66661
CVE-2020-3790,0.01282,0.66661
CVE-2020-3791,0.01046,0.41635
CVE-2020-3792,0.01282,0.66661
CVE-2020-3793,0.01282,0.66661
CVE-2020-3794,0.01282,0.66661
CVE-2020-3795,0.01282,0.66661
CVE-2020-3796,0.01046,0.41635
CVE-2020-3797,0.01282,0.66661
CVE-2020-3798,0.01046,0.41635
CVE-2020-3799,0.01282,0.66661
CVE-2020-3800,0.01046,0.41635
CVE-2020-3801,0.01282,0.66661
CVE-2020-3802,0.01282,0.66661
CVE-2020-3803,0.01046,0.41635
CVE-2020-3804,0.01046,0.41635
CVE-2020-3805,0.01282,0.66661
CVE-2020-3806,0.01046,0.41635
CVE-2020-3807,0.01282,0.66661
CVE-2020-3808,0.01046,0.41635
CVE-2020-3809,0.01046,0.41635
CVE-2020-3810,0.01183,0.60428
CVE-2020-3811,0.01018,0.38792
CVE-2020-3812,0.0095,0.30554
CVE-2020-3825,0.0144,0.7265
CVE-2020-3826,0.01005,0.36332
CVE-2020-3827,0.01036,0.41241
CVE-2020-3828,0.00885,0.26162
CVE-2020-3829,0.01018,0.38792
CVE-2020-3830,0.00885,0.26162
CVE-2020-3831,0.01036,0.41241
CVE-2020-3834,0.01036,0.41241
CVE-2020-3835,0.00885,0.26162
CVE-2020-3836,0.0095,0.30554
CVE-2020-3837,0.02788,0.82221
CVE-2020-3838,0.01455,0.72673
CVE-2020-3839,0.00885,0.26162
CVE-2020-3840,0.01237,0.66358
CVE-2020-3841,0.00885,0.26162
CVE-2020-3842,0.01237,0.66358
CVE-2020-3843,0.01136,0.57949
CVE-2020-3844,0.00885,0.26162
CVE-2020-3845,0.01036,0.41241
CVE-2020-3846,0.0144,0.7265
CVE-2020-3847,0.01055,0.50287
CVE-2020-3848,0.01156,0.60033
CVE-2020-3849,0.01156,0.60033
CVE-2020-3850,0.01156,0.60033
CVE-2020-3851,0.00885,0.26162
CVE-2020-3852,0.00885,0.26162
CVE-2020-3853,0.01237,0.66358
CVE-2020-3854,0.01036,0.41241
CVE-2020-3855,0.00885,0.26162
CVE-2020-3856,0.01018,0.38792
CVE-2020-3857,0.01237,0.66358
CVE-2020-3858,0.01036,0.41241
CVE-2020-3859,0.00885,0.26162
CVE-2020-3860,0.01005,0.36332
CVE-2020-3861,0.00885,0.26162
CVE-2020-3862,0.01018,0.38792
CVE-2020-3863,0.01036,0.41241
CVE-2020-3864,0.01034,0.39824
CVE-2020-3865,0.01843,0.76237
CVE-2020-3866,0.00885,0.26162
CVE-2020-3867,0.01018,0.38792
CVE-2020-3868,0.01843,0.76237
CVE-2020-3869,0.00885,0.26162
CVE-2020-3870,0.01237,0.66358
CVE-2020-3871,0.01036,0.41241
CVE-2020-3872,0.01018,0.38792
CVE-2020-3873,0.00885,0.26162
CVE-2020-3874,0.00885,0.26162
CVE-2020-3875,0.01018,0.38792
CVE-2020-3877,0.01978,0.78447
CVE-2020-3878,0.01363,0.70595
CVE-2020-3880,0.01237,0.66358
CVE-2020-3881,0.00885,0.26162
CVE-2020-3882,0.00885,0.26162
CVE-2020-3883,0.01018,0.38792
CVE-2020-3884,0.01156,0.60033
CVE-2020-3885,0.01108,0.53389
CVE-2020-3886,0.01036,0.41241
CVE-2020-3887,0.01108,0.53389
CVE-2020-3888,0.00885,0.26162
CVE-2020-3889,0.00885,0.26162
CVE-2020-3890,0.00885,0.26162
CVE-2020-3891,0.00885,0.26162
CVE-2020-3892,0.01036,0.41241
CVE-2020-3893,0.01036,0.41241
CVE-2020-3894,0.01108,0.53389
CVE-2020-3895,0.02031,0.78519
CVE-2020-3896,0.00885,0.26162
CVE-2020-3897,0.03927,0.84993
CVE-2020-3898,0.00885,0.26162
CVE-2020-3899,0.03927,0.84993
CVE-2020-3900,0.02031,0.78519
CVE-2020-3901,0.02031,0.78519
CVE-2020-3902,0.01108,0.53389
CVE-2020-3903,0.01036,0.41241
CVE-2020-3904,0.01036,0.41241
CVE-2020-3905,0.01036,0.41241
CVE-2020-3906,0.00885,0.26162
CVE-2020-3907,0.00885,0.26162
CVE-2020-3908,0.00885,0.26162
CVE-2020-3909,0.01183,0.60428
CVE-2020-3910,0.01108,0.53389
CVE-2020-3911,0.01108,0.53389
CVE-2020-3912,0.00885,0.26162
CVE-2020-3913,0.00954,0.34522
CVE-2020-3914,0.01018,0.38792
CVE-2020-3915,0.00885,0.26162
CVE-2020-3916,0.00885,0.26162
CVE-2020-3917,0.0089,0.2856
CVE-2020-3918,0.0095,0.30554
CVE-2020-3919,0.01237,0.66358
CVE-2020-3920,0.00885,0.26162
CVE-2020-3921,0.00885,0.26162
CVE-2020-3922,0.00954,0.34522
CVE-2020-3923,0.00885,0.26162
CVE-2020-3924,0.00885,0.26162
CVE-2020-3925,0.01689,0.75137
CVE-2020-3926,0.00885,0.26162
CVE-2020-3927,0.00885,0.26162
CVE-2020-3928,0.00885,0.26162
CVE-2020-3929,0.00885,0.26162
CVE-2020-3930,0.00885,0.26162
CVE-2020-3931,0.01055,0.50287
CVE-2020-3932,0.00885,0.26162
CVE-2020-3933,0.00954,0.34522
CVE-2020-3934,0.00954,0.34522
CVE-2020-3935,0.00954,0.34522
CVE-2020-3936,0.00885,0.26162
CVE-2020-3937,0.00885,0.26162
CVE-2020-3938,0.00885,0.26162
CVE-2020-3939,0.00885,0.26162
CVE-2020-3940,0.00885,0.26162
CVE-2020-3941,0.00885,0.26162
CVE-2020-3943,0.01156,0.60033
CVE-2020-3944,0.01055,0.50287
CVE-2020-3945,0.01055,0.50287
CVE-2020-3946,0.00885,0.26162
CVE-2020-3947,0.01036,0.41241
CVE-2020-3948,0.00885,0.26162
CVE-2020-3950,0.11709,0.94931
CVE-2020-3951,0.00885,0.26162
CVE-2020-3953,0.00885,0.26162
CVE-2020-3954,0.00885,0.26162
CVE-2020-3955,0.00885,0.26162
CVE-2020-3958,0.00885,0.26162
CVE-2020-3959,0.00885,0.26162
CVE-2020-3960,0.00885,0.26162
CVE-2020-3961,0.00885,0.26162
CVE-2020-3962,0.01005,0.36332
CVE-2020-3963,0.0089,0.2856
CVE-2020-3964,0.0089,0.2856
CVE-2020-3965,0.0089,0.2856
CVE-2020-3966,0.01005,0.36332
CVE-2020-3967,0.01005,0.36332
CVE-2020-3968,0.01005,0.36332
CVE-2020-3969,0.01005,0.36332
CVE-2020-3970,0.00885,0.26162
CVE-2020-3971,0.00885,0.26162
CVE-2020-3972,0.00885,0.26162
CVE-2020-3973,0.00885,0.26162
CVE-2020-3974,0.00885,0.26162
CVE-2020-3975,0.00885,0.26162
CVE-2020-3976,0.00885,0.26162
CVE-2020-3977,0.00885,0.26162
CVE-2020-3979,0.01036,0.41241
CVE-2020-3981,0.00885,0.26162
CVE-2020-3982,0.00885,0.26162
CVE-2020-3984,0.00885,0.26162
CVE-2020-3985,0.00885,0.26162
CVE-2020-3986,0.00885,0.26162
CVE-2020-3987,0.00885,0.26162
CVE-2020-3988,0.00885,0.26162
CVE-2020-3989,0.00885,0.26162
CVE-2020-3990,0.00885,0.26162
CVE-2020-3991,0.00885,0.26162
CVE-2020-3993,0.00885,0.26162
CVE-2020-3994,0.00885,0.26162
CVE-2020-3995,0.00885,0.26162
CVE-2020-3996,0.00885,0.26162
CVE-2020-3997,0.00885,0.26162
CVE-2020-3998,0.00885,0.26162
CVE-2020-3999,0.00885,0.26162
CVE-2020-4000,0.01086,0.51674
CVE-2020-4001,0.00885,0.26162
CVE-2020-4002,0.01086,0.51674
CVE-2020-4003,0.00885,0.26162
CVE-2020-4004,0.01036,0.41241
CVE-2020-4005,0.00885,0.26162
CVE-2020-4006,0.02055,0.7893
CVE-2020-4008,0.00885,0.26162
CVE-2020-4013,0.01055,0.50287
CVE-2020-4014,0.01055,0.50287
CVE-2020-4015,0.01055,0.50287
CVE-2020-4016,0.01055,0.50287
CVE-2020-4017,0.01055,0.50287
CVE-2020-4018,0.01055,0.50287
CVE-2020-4019,0.00885,0.26162
CVE-2020-4020,0.01055,0.50287
CVE-2020-4021,0.01055,0.50287
CVE-2020-4022,0.01055,0.50287
CVE-2020-4023,0.01055,0.50287
CVE-2020-4024,0.01055,0.50287
CVE-2020-4025,0.01055,0.50287
CVE-2020-4026,0.01055,0.50287
CVE-2020-4027,0.01055,0.50287
CVE-2020-4028,0.00885,0.26162
CVE-2020-4029,0.01055,0.50287
CVE-2020-4030,0.01108,0.53389
CVE-2020-4031,0.01108,0.53389
CVE-2020-4032,0.01034,0.39824
CVE-2020-4033,0.01108,0.53389
CVE-2020-4035,0.00885,0.26162
CVE-2020-4037,0.00885,0.26162
CVE-2020-4039,0.00885,0.26162
CVE-2020-4041,0.01018,0.38792
CVE-2020-4042,0.00885,0.26162
CVE-2020-4043,0.02509,0.81058
CVE-2020-4044,0.01505,0.72763
CVE-2020-4045,0.00885,0.26162
CVE-2020-4046,0.02422,0.80762
CVE-2020-4047,0.02583,0.81238
CVE-2020-4048,0.01104,0.52279
CVE-2020-4049,0.02583,0.81238
CVE-2020-4050,0.01104,0.52279
CVE-2020-4052,0.00885,0.26162
CVE-2020-4053,0.0089,0.2856
CVE-2020-4054,0.01018,0.38792
CVE-2020-4059,0.01978,0.78447
CVE-2020-4060,0.00885,0.26162
CVE-2020-4061,0.0089,0.2856
CVE-2020-4062,0.00885,0.26162
CVE-2020-4066,0.02055,0.7893
CVE-2020-4067,0.01537,0.73595
CVE-2020-4068,0.01018,0.38792
CVE-2020-4070,0.00885,0.26162
CVE-2020-4071,0.00885,0.26162
CVE-2020-4072,0.01018,0.38792
CVE-2020-4074,0.00885,0.26162
CVE-2020-4075,0.00885,0.26162
CVE-2020-4076,0.00885,0.26162
CVE-2020-4077,0.00885,0.26162
CVE-2020-4079,0.00885,0.26162
CVE-2020-4080,0.01055,0.50287
CVE-2020-4081,0.00885,0.26162
CVE-2020-4082,0.01055,0.50287
CVE-2020-4083,0.00885,0.26162
CVE-2020-4084,0.00885,0.26162
CVE-2020-4085,0.00885,0.26162
CVE-2020-4089,0.00885,0.26162
CVE-2020-4092,0.00885,0.26162
CVE-2020-4095,0.00885,0.26162
CVE-2020-4097,0.00885,0.26162
CVE-2020-4100,0.00885,0.26162
CVE-2020-4101,0.00885,0.26162
CVE-2020-4102,0.00885,0.26162
CVE-2020-4104,0.00885,0.26162
CVE-2020-4107,0.00885,0.26162
CVE-2020-4125,0.00885,0.26162
CVE-2020-4126,0.01055,0.50287
CVE-2020-4127,0.00885,0.26162
CVE-2020-4128,0.00885,0.26162
CVE-2020-4129,0.00885,0.26162
CVE-2020-4135,0.00954,0.34522
CVE-2020-4138,0.00885,0.26162
CVE-2020-4140,0.00885,0.26162
CVE-2020-4146,0.01055,0.50287
CVE-2020-4150,0.00885,0.26162
CVE-2020-4151,0.00885,0.26162
CVE-2020-4152,0.00885,0.26162
CVE-2020-4153,0.00885,0.26162
CVE-2020-4157,0.00885,0.26162
CVE-2020-4159,0.00885,0.26162
CVE-2020-4160,0.01055,0.50287
CVE-2020-4161,0.00885,0.26162
CVE-2020-4162,0.00885,0.26162
CVE-2020-4163,0.00885,0.26162
CVE-2020-4164,0.00885,0.26162
CVE-2020-4165,0.01055,0.50287
CVE-2020-4166,0.01055,0.50287
CVE-2020-4167,0.00885,0.26162
CVE-2020-4169,0.00885,0.26162
CVE-2020-4170,0.00885,0.26162
CVE-2020-4171,0.00885,0.26162
CVE-2020-4172,0.00885,0.26162
CVE-2020-4173,0.00885,0.26162
CVE-2020-4174,0.00885,0.26162
CVE-2020-4175,0.01055,0.50287
CVE-2020-4177,0.00885,0.26162
CVE-2020-4180,0.01055,0.50287
CVE-2020-4182,0.00885,0.26162
CVE-2020-4183,0.00885,0.26162
CVE-2020-4184,0.00885,0.26162
CVE-2020-4185,0.00885,0.26162
CVE-2020-4186,0.00885,0.26162
CVE-2020-4187,0.00885,0.26162
CVE-2020-4188,0.00885,0.26162
CVE-2020-4189,0.00885,0.26162
CVE-2020-4190,0.00885,0.26162
CVE-2020-4191,0.00885,0.26162
CVE-2020-4193,0.01055,0.50287
CVE-2020-4195,0.01055,0.50287
CVE-2020-4196,0.00885,0.26162
CVE-2020-4197,0.00885,0.26162
CVE-2020-4198,0.00885,0.26162
CVE-2020-4199,0.00885,0.26162
CVE-2020-4200,0.00885,0.26162
CVE-2020-4202,0.00885,0.26162
CVE-2020-4203,0.00885,0.26162
CVE-2020-4204,0.01005,0.36332
CVE-2020-4205,0.00885,0.26162
CVE-2020-4206,0.01055,0.50287
CVE-2020-4207,0.01885,0.76424
CVE-2020-4208,0.00885,0.26162
CVE-2020-4209,0.01055,0.50287
CVE-2020-4210,0.05634,0.89764
CVE-2020-4211,0.05634,0.89764
CVE-2020-4212,0.05634,0.89764
CVE-2020-4213,0.05634,0.89764
CVE-2020-4214,0.01055,0.50287
CVE-2020-4216,0.00954,0.34522
CVE-2020-4217,0.00885,0.26162
CVE-2020-4222,0.05634,0.89764
CVE-2020-4223,0.00885,0.26162
CVE-2020-4224,0.00885,0.26162
CVE-2020-4226,0.00885,0.26162
CVE-2020-4229,0.00885,0.26162
CVE-2020-4230,0.00885,0.26162
CVE-2020-4231,0.00885,0.26162
CVE-2020-4232,0.00885,0.26162
CVE-2020-4233,0.01055,0.50287
CVE-2020-4235,0.00885,0.26162
CVE-2020-4236,0.00885,0.26162
CVE-2020-4237,0.00885,0.26162
CVE-2020-4238,0.00885,0.26162
CVE-2020-4239,0.01055,0.50287
CVE-2020-4240,0.01055,0.50287
CVE-2020-4241,0.01055,0.50287
CVE-2020-4242,0.01055,0.50287
CVE-2020-4243,0.01055,0.50287
CVE-2020-4244,0.00885,0.26162
CVE-2020-4245,0.00885,0.26162
CVE-2020-4246,0.01055,0.50287
CVE-2020-4248,0.01055,0.50287
CVE-2020-4249,0.00885,0.26162
CVE-2020-4251,0.00885,0.26162
CVE-2020-4252,0.00885,0.26162
CVE-2020-4253,0.00885,0.26162
CVE-2020-4254,0.00885,0.26162
CVE-2020-4257,0.01005,0.36332
CVE-2020-4258,0.01005,0.36332
CVE-2020-4259,0.00885,0.26162
CVE-2020-4260,0.00885,0.26162
CVE-2020-4261,0.01005,0.36332
CVE-2020-4262,0.01005,0.36332
CVE-2020-4263,0.01005,0.36332
CVE-2020-4264,0.01005,0.36332
CVE-2020-4265,0.01005,0.36332
CVE-2020-4266,0.01005,0.36332
CVE-2020-4267,0.00885,0.26162
CVE-2020-4268,0.00885,0.26162
CVE-2020-4269,0.01018,0.38792
CVE-2020-4270,0.0095,0.30554
CVE-2020-4271,0.0095,0.30554
CVE-2020-4272,0.04571,0.88388
CVE-2020-4273,0.00885,0.26162
CVE-2020-4274,0.0095,0.30554
CVE-2020-4276,0.00885,0.26162
CVE-2020-4277,0.00885,0.26162
CVE-2020-4278,0.00885,0.26162
CVE-2020-4280,0.01132,0.54372
CVE-2020-4281,0.00885,0.26162
CVE-2020-4282,0.00885,0.26162
CVE-2020-4283,0.00885,0.26162
CVE-2020-4284,0.00885,0.26162
CVE-2020-4285,0.01611,0.74874
CVE-2020-4286,0.00885,0.26162
CVE-2020-4287,0.01611,0.74874
CVE-2020-4288,0.01611,0.74874
CVE-2020-4289,0.01055,0.50287
CVE-2020-4290,0.00885,0.26162
CVE-2020-4291,0.00885,0.26162
CVE-2020-4292,0.00885,0.26162
CVE-2020-4294,0.0095,0.30554
CVE-2020-4295,0.00885,0.26162
CVE-2020-4297,0.00885,0.26162
CVE-2020-4298,0.00885,0.26162
CVE-2020-4299,0.00885,0.26162
CVE-2020-4300,0.01136,0.57949
CVE-2020-4301,0.00885,0.26162
CVE-2020-4302,0.01611,0.74874
CVE-2020-4303,0.00885,0.26162
CVE-2020-4304,0.00885,0.26162
CVE-2020-4305,0.01433,0.72366
CVE-2020-4306,0.00885,0.26162
CVE-2020-4307,0.00885,0.26162
CVE-2020-4309,0.00885,0.26162
CVE-2020-4310,0.00885,0.26162
CVE-2020-4311,0.01005,0.36332
CVE-2020-4312,0.00885,0.26162
CVE-2020-4315,0.00885,0.26162
CVE-2020-4316,0.00885,0.26162
CVE-2020-4317,0.00885,0.26162
CVE-2020-4318,0.00885,0.26162
CVE-2020-4319,0.00885,0.26162
CVE-2020-4320,0.00885,0.26162
CVE-2020-4322,0.01055,0.50287
CVE-2020-4323,0.00885,0.26162
CVE-2020-4324,0.01055,0.50287
CVE-2020-4325,0.00885,0.26162
CVE-2020-4327,0.01055,0.50287
CVE-2020-4328,0.01055,0.50287
CVE-2020-4329,0.01055,0.50287
CVE-2020-4336,0.00885,0.26162
CVE-2020-4337,0.00885,0.26162
CVE-2020-4338,0.00885,0.26162
CVE-2020-4340,0.00885,0.26162
CVE-2020-4341,0.01055,0.50287
CVE-2020-4342,0.00885,0.26162
CVE-2020-4343,0.01611,0.74874
CVE-2020-4344,0.00885,0.26162
CVE-2020-4345,0.00885,0.26162
CVE-2020-4346,0.00885,0.26162
CVE-2020-4347,0.00885,0.26162
CVE-2020-4348,0.00885,0.26162
CVE-2020-4349,0.00885,0.26162
CVE-2020-4350,0.00885,0.26162
CVE-2020-4352,0.00885,0.26162
CVE-2020-4353,0.00885,0.26162
CVE-2020-4354,0.0089,0.2856
CVE-2020-4355,0.01055,0.50287
CVE-2020-4357,0.01055,0.50287
CVE-2020-4358,0.00885,0.26162
CVE-2020-4360,0.00885,0.26162
CVE-2020-4361,0.01055,0.50287
CVE-2020-4362,0.00885,0.26162
CVE-2020-4363,0.01005,0.36332
CVE-2020-4364,0.00885,0.26162
CVE-2020-4365,0.01055,0.50287
CVE-2020-4366,0.00885,0.26162
CVE-2020-4367,0.00885,0.26162
CVE-2020-4369,0.00885,0.26162
CVE-2020-4371,0.00885,0.26162
CVE-2020-4372,0.00885,0.26162
CVE-2020-4375,0.00885,0.26162
CVE-2020-4376,0.00885,0.26162
CVE-2020-4377,0.01055,0.50287
CVE-2020-4378,0.00885,0.26162
CVE-2020-4379,0.00885,0.26162
CVE-2020-4380,0.00885,0.26162
CVE-2020-4381,0.00885,0.26162
CVE-2020-4382,0.00885,0.26162
CVE-2020-4383,0.00885,0.26162
CVE-2020-4384,0.00885,0.26162
CVE-2020-4385,0.00885,0.26162
CVE-2020-4386,0.00885,0.26162
CVE-2020-4387,0.00885,0.26162
CVE-2020-4388,0.00885,0.26162
CVE-2020-4395,0.00885,0.26162
CVE-2020-4396,0.00885,0.26162
CVE-2020-4397,0.00885,0.26162
CVE-2020-4399,0.00885,0.26162
CVE-2020-4400,0.01055,0.50287
CVE-2020-4405,0.00885,0.26162
CVE-2020-4406,0.01055,0.50287
CVE-2020-4408,0.00885,0.26162
CVE-2020-4409,0.01055,0.50287
CVE-2020-4410,0.00885,0.26162
CVE-2020-4411,0.00885,0.26162
CVE-2020-4412,0.00885,0.26162
CVE-2020-4413,0.01055,0.50287
CVE-2020-4414,0.00885,0.26162
CVE-2020-4415,0.01978,0.78447
CVE-2020-4419,0.00885,0.26162
CVE-2020-4420,0.0144,0.7265
CVE-2020-4421,0.00885,0.26162
CVE-2020-4422,0.01611,0.74874
CVE-2020-4427,0.01055,0.50287
CVE-2020-4428,0.01055,0.50287
CVE-2020-4429,0.32352,0.97498
CVE-2020-4430,0.01055,0.50287
CVE-2020-4431,0.00885,0.26162
CVE-2020-4432,0.02055,0.7893
CVE-2020-4433,0.01978,0.78447
CVE-2020-4434,0.0144,0.7265
CVE-2020-4435,0.0144,0.7265
CVE-2020-4436,0.0144,0.7265
CVE-2020-4445,0.00885,0.26162
CVE-2020-4446,0.01055,0.50287
CVE-2020-4447,0.00885,0.26162
CVE-2020-4448,0.05634,0.89764
CVE-2020-4449,0.01136,0.57949
CVE-2020-4452,0.00885,0.26162
CVE-2020-4459,0.00885,0.26162
CVE-2020-4461,0.00885,0.26162
CVE-2020-4462,0.01136,0.57949
CVE-2020-4465,0.01055,0.50287
CVE-2020-4466,0.01055,0.50287
CVE-2020-4467,0.01611,0.74874
CVE-2020-4468,0.01611,0.74874
CVE-2020-4469,0.05634,0.89764
CVE-2020-4470,0.02199,0.80273
CVE-2020-4471,0.00954,0.34522
CVE-2020-4475,0.01055,0.50287
CVE-2020-4476,0.01055,0.50287
CVE-2020-4477,0.00885,0.26162
CVE-2020-4481,0.01055,0.50287
CVE-2020-4482,0.00885,0.26162
CVE-2020-4483,0.01055,0.50287
CVE-2020-4484,0.00885,0.26162
CVE-2020-4485,0.00885,0.26162
CVE-2020-4486,0.00885,0.26162
CVE-2020-4487,0.01055,0.50287
CVE-2020-4490,0.01055,0.50287
CVE-2020-4491,0.00885,0.26162
CVE-2020-4492,0.00885,0.26162
CVE-2020-4493,0.00885,0.26162
CVE-2020-4494,0.00885,0.26162
CVE-2020-4495,0.01055,0.50287
CVE-2020-4496,0.00885,0.26162
CVE-2020-4498,0.00885,0.26162
CVE-2020-4499,0.00885,0.26162
CVE-2020-4503,0.00885,0.26162
CVE-2020-4509,0.01055,0.50287
CVE-2020-4510,0.01055,0.50287
CVE-2020-4511,0.00885,0.26162
CVE-2020-4512,0.01055,0.50287
CVE-2020-4513,0.00885,0.26162
CVE-2020-4516,0.00885,0.26162
CVE-2020-4520,0.01136,0.57949
CVE-2020-4521,0.01978,0.78447
CVE-2020-4522,0.00885,0.26162
CVE-2020-4524,0.00885,0.26162
CVE-2020-4525,0.00885,0.26162
CVE-2020-4526,0.00885,0.26162
CVE-2020-4527,0.01055,0.50287
CVE-2020-4528,0.00885,0.26162
CVE-2020-4529,0.00885,0.26162
CVE-2020-4530,0.00885,0.26162
CVE-2020-4531,0.01055,0.50287
CVE-2020-4532,0.01055,0.50287
CVE-2020-4533,0.00885,0.26162
CVE-2020-4534,0.01005,0.36332
CVE-2020-4535,0.00885,0.26162
CVE-2020-4536,0.01055,0.50287
CVE-2020-4539,0.00885,0.26162
CVE-2020-4541,0.00885,0.26162
CVE-2020-4542,0.00885,0.26162
CVE-2020-4544,0.01055,0.50287
CVE-2020-4545,0.01611,0.74874
CVE-2020-4546,0.00885,0.26162
CVE-2020-4547,0.01055,0.50287
CVE-2020-4548,0.00885,0.26162
CVE-2020-4549,0.01005,0.36332
CVE-2020-4550,0.01005,0.36332
CVE-2020-4551,0.01005,0.36332
CVE-2020-4552,0.01005,0.36332
CVE-2020-4553,0.01005,0.36332
CVE-2020-4554,0.01005,0.36332
CVE-2020-4555,0.01034,0.39824
CVE-2020-4557,0.00885,0.26162
CVE-2020-4559,0.00885,0.26162
CVE-2020-4560,0.00885,0.26162
CVE-2020-4561,0.01136,0.57949
CVE-2020-4562,0.01055,0.50287
CVE-2020-4564,0.0089,0.2856
CVE-2020-4565,0.00885,0.26162
CVE-2020-4566,0.00885,0.26162
CVE-2020-4567,0.01055,0.50287
CVE-2020-4568,0.00885,0.26162
CVE-2020-4569,0.00885,0.26162
CVE-2020-4572,0.01055,0.50287
CVE-2020-4573,0.00885,0.26162
CVE-2020-4574,0.00885,0.26162
CVE-2020-4575,0.00885,0.26162
CVE-2020-4576,0.01055,0.50287
CVE-2020-4578,0.00885,0.26162
CVE-2020-4579,0.01055,0.50287
CVE-2020-4580,0.01055,0.50287
CVE-2020-4581,0.01055,0.50287
CVE-2020-4584,0.01055,0.50287
CVE-2020-4587,0.00885,0.26162
CVE-2020-4588,0.01005,0.36332
CVE-2020-4589,0.01978,0.78447
CVE-2020-4590,0.00885,0.26162
CVE-2020-4591,0.00885,0.26162
CVE-2020-4592,0.00885,0.26162
CVE-2020-4593,0.00885,0.26162
CVE-2020-4594,0.00885,0.26162
CVE-2020-4595,0.00885,0.26162
CVE-2020-4596,0.00885,0.26162
CVE-2020-4597,0.00885,0.26162
CVE-2020-4598,0.01055,0.50287
CVE-2020-4599,0.01055,0.50287
CVE-2020-4600,0.01055,0.50287
CVE-2020-4602,0.00885,0.26162
CVE-2020-4603,0.00885,0.26162
CVE-2020-4604,0.00885,0.26162
CVE-2020-4606,0.00885,0.26162
CVE-2020-4607,0.00885,0.26162
CVE-2020-4609,0.01005,0.36332
CVE-2020-4610,0.01005,0.36332
CVE-2020-4611,0.00885,0.26162
CVE-2020-4612,0.00885,0.26162
CVE-2020-4613,0.00885,0.26162
CVE-2020-4614,0.00885,0.26162
CVE-2020-4615,0.00885,0.26162
CVE-2020-4616,0.00885,0.26162
CVE-2020-4617,0.00885,0.26162
CVE-2020-4618,0.00885,0.26162
CVE-2020-4619,0.00885,0.26162
CVE-2020-4620,0.01978,0.78447
CVE-2020-4621,0.00885,0.26162
CVE-2020-4622,0.00885,0.26162
CVE-2020-4623,0.01005,0.36332
CVE-2020-4624,0.00885,0.26162
CVE-2020-4625,0.01055,0.50287
CVE-2020-4626,0.00885,0.26162
CVE-2020-4627,0.01055,0.50287
CVE-2020-4628,0.01055,0.50287
CVE-2020-4629,0.00885,0.26162
CVE-2020-4631,0.00885,0.26162
CVE-2020-4632,0.01055,0.50287
CVE-2020-4633,0.01978,0.78447
CVE-2020-4635,0.00885,0.26162
CVE-2020-4636,0.00885,0.26162
CVE-2020-4638,0.00885,0.26162
CVE-2020-4640,0.00885,0.26162
CVE-2020-4642,0.0089,0.2856
CVE-2020-4643,0.01055,0.50287
CVE-2020-4644,0.01055,0.50287
CVE-2020-4645,0.00885,0.26162
CVE-2020-4646,0.00885,0.26162
CVE-2020-4647,0.01055,0.50287
CVE-2020-4648,0.00885,0.26162
CVE-2020-4649,0.00885,0.26162
CVE-2020-4650,0.00885,0.26162
CVE-2020-4651,0.00885,0.26162
CVE-2020-4653,0.01055,0.50287
CVE-2020-4654,0.00885,0.26162
CVE-2020-4655,0.01055,0.50287
CVE-2020-4657,0.00885,0.26162
CVE-2020-4658,0.00885,0.26162
CVE-2020-4660,0.00885,0.26162
CVE-2020-4661,0.00885,0.26162
CVE-2020-4662,0.00885,0.26162
CVE-2020-4663,0.00885,0.26162
CVE-2020-4664,0.00885,0.26162
CVE-2020-4665,0.00885,0.26162
CVE-2020-4666,0.00885,0.26162
CVE-2020-4667,0.00885,0.26162
CVE-2020-4668,0.00885,0.26162
CVE-2020-4669,0.01055,0.50287
CVE-2020-4670,0.01055,0.50287
CVE-2020-4671,0.00885,0.26162
CVE-2020-4672,0.00885,0.26162
CVE-2020-4673,0.00885,0.26162
CVE-2020-4674,0.00885,0.26162
CVE-2020-4675,0.00885,0.26162
CVE-2020-4678,0.00885,0.26162
CVE-2020-4679,0.00885,0.26162
CVE-2020-4680,0.00885,0.26162
CVE-2020-4681,0.00885,0.26162
CVE-2020-4682,0.01978,0.78447
CVE-2020-4685,0.00885,0.26162
CVE-2020-4686,0.01055,0.50287
CVE-2020-4687,0.00885,0.26162
CVE-2020-4688,0.01005,0.35949
CVE-2020-4689,0.01055,0.50287
CVE-2020-4690,0.00885,0.26162
CVE-2020-4691,0.00885,0.26162
CVE-2020-4692,0.00885,0.26162
CVE-2020-4693,0.0144,0.7265
CVE-2020-4695,0.00885,0.26162
CVE-2020-4696,0.00885,0.26162
CVE-2020-4697,0.00885,0.26162
CVE-2020-4698,0.00885,0.26162
CVE-2020-4699,0.00885,0.26162
CVE-2020-4700,0.00885,0.26162
CVE-2020-4701,0.01005,0.36332
CVE-2020-4702,0.00885,0.26162
CVE-2020-4703,0.0144,0.7265
CVE-2020-4704,0.00885,0.26162
CVE-2020-4705,0.00885,0.26162
CVE-2020-4706,0.01055,0.50287
CVE-2020-4707,0.00885,0.26162
CVE-2020-4708,0.00885,0.26162
CVE-2020-4711,0.01055,0.50287
CVE-2020-4717,0.00885,0.26162
CVE-2020-4718,0.00885,0.26162
CVE-2020-4719,0.00885,0.26162
CVE-2020-4721,0.01005,0.36332
CVE-2020-4722,0.01005,0.36332
CVE-2020-4723,0.01005,0.36332
CVE-2020-4724,0.01005,0.36332
CVE-2020-4725,0.00885,0.26162
CVE-2020-4726,0.00885,0.26162
CVE-2020-4727,0.01055,0.50287
CVE-2020-4731,0.00885,0.26162
CVE-2020-4732,0.00885,0.26162
CVE-2020-4733,0.00885,0.26162
CVE-2020-4739,0.01005,0.36332
CVE-2020-4740,0.01055,0.50287
CVE-2020-4741,0.00885,0.26162
CVE-2020-4747,0.01055,0.50287
CVE-2020-4748,0.00885,0.26162
CVE-2020-4749,0.00885,0.26162
CVE-2020-4755,0.00885,0.26162
CVE-2020-4756,0.0089,0.2856
CVE-2020-4757,0.0089,0.2856
CVE-2020-4759,0.01055,0.50287
CVE-2020-4760,0.00885,0.26162
CVE-2020-4761,0.01055,0.50287
CVE-2020-4762,0.00885,0.26162
CVE-2020-4763,0.00885,0.26162
CVE-2020-4764,0.00885,0.26162
CVE-2020-4765,0.00885,0.26162
CVE-2020-4766,0.01055,0.50287
CVE-2020-4767,0.01055,0.50287
CVE-2020-4768,0.00885,0.26162
CVE-2020-4771,0.01055,0.50287
CVE-2020-4772,0.01055,0.50287
CVE-2020-4773,0.00885,0.26162
CVE-2020-4774,0.01055,0.50287
CVE-2020-4775,0.00885,0.26162
CVE-2020-4776,0.01055,0.50287
CVE-2020-4778,0.00885,0.26162
CVE-2020-4779,0.00885,0.26162
CVE-2020-4780,0.00885,0.26162
CVE-2020-4781,0.00885,0.26162
CVE-2020-4782,0.01055,0.50287
CVE-2020-4783,0.01055,0.50287
CVE-2020-4785,0.01055,0.50287
CVE-2020-4786,0.00885,0.26162
CVE-2020-4787,0.00885,0.26162
CVE-2020-4788,0.01034,0.39824
CVE-2020-4789,0.01055,0.50287
CVE-2020-4790,0.00885,0.26162
CVE-2020-4791,0.00885,0.26162
CVE-2020-4792,0.00885,0.26162
CVE-2020-4794,0.00885,0.26162
CVE-2020-4795,0.00885,0.26162
CVE-2020-4799,0.00885,0.26162
CVE-2020-4803,0.00885,0.26162
CVE-2020-4805,0.00885,0.26162
CVE-2020-4809,0.00885,0.26162
CVE-2020-4811,0.00885,0.26162
CVE-2020-4815,0.01055,0.50287
CVE-2020-4816,0.01055,0.50287
CVE-2020-4820,0.00885,0.26162
CVE-2020-4821,0.00954,0.34522
CVE-2020-4825,0.00885,0.26162
CVE-2020-4826,0.00885,0.26162
CVE-2020-4827,0.00885,0.26162
CVE-2020-4828,0.00885,0.26162
CVE-2020-4829,0.00885,0.26162
CVE-2020-4831,0.00885,0.26162
CVE-2020-4832,0.00885,0.26162
CVE-2020-4838,0.00885,0.26162
CVE-2020-4839,0.01055,0.50287
CVE-2020-4840,0.01055,0.50287
CVE-2020-4841,0.01055,0.50287
CVE-2020-4842,0.01055,0.50287
CVE-2020-4843,0.00885,0.26162
CVE-2020-4845,0.00885,0.26162
CVE-2020-4846,0.01055,0.50287
CVE-2020-4848,0.00885,0.26162
CVE-2020-4849,0.01055,0.50287
CVE-2020-4850,0.01055,0.50287
CVE-2020-4851,0.00885,0.26162
CVE-2020-4854,0.00954,0.34522
CVE-2020-4855,0.00885,0.26162
CVE-2020-4856,0.00885,0.26162
CVE-2020-4857,0.00885,0.26162
CVE-2020-4863,0.00885,0.26162
CVE-2020-4864,0.00885,0.26162
CVE-2020-4865,0.00885,0.26162
CVE-2020-4866,0.00885,0.26162
CVE-2020-4869,0.01055,0.50287
CVE-2020-4870,0.00954,0.34522
CVE-2020-4871,0.00885,0.26162
CVE-2020-4873,0.00885,0.26162
CVE-2020-4875,0.01055,0.50287
CVE-2020-4876,0.01055,0.50287
CVE-2020-4877,0.00885,0.26162
CVE-2020-4879,0.01055,0.50287
CVE-2020-4881,0.01055,0.50287
CVE-2020-4882,0.00885,0.26162
CVE-2020-4883,0.00885,0.26162
CVE-2020-4884,0.00885,0.26162
CVE-2020-4885,0.0089,0.2856
CVE-2020-4886,0.00885,0.26162
CVE-2020-4887,0.00885,0.26162
CVE-2020-4888,0.01055,0.50287
CVE-2020-4889,0.00885,0.26162
CVE-2020-4890,0.00885,0.26162
CVE-2020-4891,0.00885,0.26162
CVE-2020-4892,0.00885,0.26162
CVE-2020-4893,0.00885,0.26162
CVE-2020-4895,0.00885,0.26162
CVE-2020-4896,0.00885,0.26162
CVE-2020-4897,0.01136,0.57949
CVE-2020-4898,0.00885,0.26162
CVE-2020-4899,0.00885,0.26162
CVE-2020-4900,0.00885,0.26162
CVE-2020-4901,0.00885,0.26162
CVE-2020-4902,0.01055,0.50287
CVE-2020-4903,0.00885,0.26162
CVE-2020-4904,0.00885,0.26162
CVE-2020-4905,0.01055,0.50287
CVE-2020-4906,0.00885,0.26162
CVE-2020-4907,0.01055,0.50287
CVE-2020-4908,0.00885,0.26162
CVE-2020-4909,0.00885,0.26162
CVE-2020-4910,0.00885,0.26162
CVE-2020-4912,0.00885,0.26162
CVE-2020-4913,0.00885,0.26162
CVE-2020-4916,0.00885,0.26162
CVE-2020-4917,0.00885,0.26162
CVE-2020-4918,0.00885,0.26162
CVE-2020-4919,0.00885,0.26162
CVE-2020-4920,0.00885,0.26162
CVE-2020-4921,0.01055,0.50287
CVE-2020-4925,0.00885,0.26162
CVE-2020-4926,0.00954,0.34522
CVE-2020-4928,0.01005,0.36332
CVE-2020-4929,0.00885,0.26162
CVE-2020-4931,0.00885,0.26162
CVE-2020-4932,0.00885,0.26162
CVE-2020-4933,0.00885,0.26162
CVE-2020-4934,0.01055,0.50287
CVE-2020-4935,0.00885,0.26162
CVE-2020-4937,0.00885,0.26162
CVE-2020-4938,0.00885,0.26162
CVE-2020-4941,0.00885,0.26162
CVE-2020-4942,0.00885,0.26162
CVE-2020-4944,0.00885,0.26162
CVE-2020-4945,0.0089,0.2856
CVE-2020-4949,0.01055,0.50287
CVE-2020-4951,0.0089,0.2856
CVE-2020-4952,0.00885,0.26162
CVE-2020-4953,0.01055,0.50287
CVE-2020-4954,0.01136,0.57949
CVE-2020-4955,0.04571,0.88388
CVE-2020-4956,0.01061,0.51015
CVE-2020-4957,0.00885,0.26162
CVE-2020-4958,0.00885,0.26162
CVE-2020-4964,0.00885,0.26162
CVE-2020-4965,0.00885,0.26162
CVE-2020-4966,0.00885,0.26162
CVE-2020-4967,0.00885,0.26162
CVE-2020-4968,0.00885,0.26162
CVE-2020-4969,0.01055,0.50287
CVE-2020-4970,0.01055,0.50287
CVE-2020-4974,0.00885,0.26162
CVE-2020-4975,0.00885,0.26162
CVE-2020-4976,0.0089,0.2856
CVE-2020-4977,0.00885,0.26162
CVE-2020-4979,0.00885,0.26162
CVE-2020-4980,0.00885,0.26162
CVE-2020-4981,0.00885,0.26162
CVE-2020-4983,0.0089,0.2856
CVE-2020-4985,0.00885,0.26162
CVE-2020-4987,0.00885,0.26162
CVE-2020-4988,0.01086,0.51674
CVE-2020-4989,0.00885,0.26162
CVE-2020-4990,0.01055,0.50287
CVE-2020-4992,0.00885,0.26162
CVE-2020-4993,0.00885,0.26162
CVE-2020-4994,0.01055,0.50287
CVE-2020-4995,0.00885,0.26162
CVE-2020-4996,0.00885,0.26162
CVE-2020-4997,0.00885,0.26162
CVE-2020-5000,0.00885,0.26162
CVE-2020-5003,0.01055,0.50287
CVE-2020-5004,0.00885,0.26162
CVE-2020-5008,0.00885,0.26162
CVE-2020-5013,0.01055,0.50287
CVE-2020-5015,0.01136,0.57949
CVE-2020-5016,0.01055,0.50287
CVE-2020-5017,0.00885,0.26162
CVE-2020-5018,0.00885,0.26162
CVE-2020-5019,0.01055,0.50287
CVE-2020-5020,0.01055,0.50287
CVE-2020-5021,0.00885,0.26162
CVE-2020-5022,0.00885,0.26162
CVE-2020-5023,0.01055,0.50287
CVE-2020-5024,0.00954,0.34522
CVE-2020-5025,0.01365,0.70715
CVE-2020-5030,0.00885,0.26162
CVE-2020-5031,0.00885,0.26162
CVE-2020-5032,0.00885,0.26162
CVE-2020-5129,0.01055,0.50287
CVE-2020-5130,0.01055,0.50287
CVE-2020-5131,0.01036,0.41241
CVE-2020-5132,0.00885,0.26162
CVE-2020-5133,0.01055,0.50287
CVE-2020-5134,0.00885,0.26162
CVE-2020-5135,0.01156,0.60033
CVE-2020-5136,0.00885,0.26162
CVE-2020-5137,0.01055,0.50287
CVE-2020-5138,0.01055,0.50287
CVE-2020-5139,0.01055,0.50287
CVE-2020-5140,0.01055,0.50287
CVE-2020-5141,0.01055,0.50287
CVE-2020-5142,0.01055,0.50287
CVE-2020-5143,0.01055,0.50287
CVE-2020-5144,0.00885,0.26162
CVE-2020-5145,0.01103,0.51945
CVE-2020-5146,0.02055,0.7893
CVE-2020-5147,0.00885,0.26162
CVE-2020-5148,0.00885,0.26162
CVE-2020-5179,0.01055,0.50287
CVE-2020-5180,0.01036,0.41241
CVE-2020-5182,0.00885,0.26162
CVE-2020-5183,0.08382,0.93597
CVE-2020-5186,0.0089,0.2856
CVE-2020-5187,0.0089,0.2856
CVE-2020-5188,0.0089,0.2856
CVE-2020-5191,0.02173,0.80027
CVE-2020-5192,0.01564,0.74439
CVE-2020-5193,0.00885,0.26162
CVE-2020-5194,0.00885,0.26162
CVE-2020-5195,0.01136,0.57949
CVE-2020-5196,0.0089,0.2856
CVE-2020-5197,0.00885,0.26162
CVE-2020-5202,0.01034,0.39824
CVE-2020-5203,0.0144,0.7265
CVE-2020-5204,0.0089,0.2856
CVE-2020-5205,0.0089,0.2856
CVE-2020-5206,0.00885,0.26162
CVE-2020-5207,0.00885,0.26162
CVE-2020-5208,0.05822,0.89949
CVE-2020-5209,0.01888,0.76438
CVE-2020-5210,0.01888,0.76438
CVE-2020-5211,0.01156,0.60033
CVE-2020-5212,0.01156,0.60033
CVE-2020-5213,0.01156,0.60033
CVE-2020-5214,0.01156,0.60033
CVE-2020-5215,0.02398,0.80734
CVE-2020-5216,0.00885,0.26162
CVE-2020-5217,0.01018,0.38792
CVE-2020-5218,0.00885,0.26162
CVE-2020-5219,0.04836,0.88802
CVE-2020-5220,0.00885,0.26162
CVE-2020-5221,0.00885,0.26162
CVE-2020-5222,0.00885,0.26162
CVE-2020-5223,0.0095,0.30554
CVE-2020-5224,0.00885,0.26162
CVE-2020-5225,0.00885,0.26162
CVE-2020-5226,0.00885,0.26162
CVE-2020-5227,0.01018,0.38792
CVE-2020-5228,0.00885,0.26162
CVE-2020-5229,0.00885,0.26162
CVE-2020-5230,0.00885,0.26162
CVE-2020-5231,0.00885,0.26162
CVE-2020-5232,0.00885,0.26162
CVE-2020-5233,0.00954,0.34522
CVE-2020-5234,0.0095,0.30554
CVE-2020-5235,0.01018,0.38792
CVE-2020-5237,0.04571,0.88388
CVE-2020-5238,0.0095,0.30554
CVE-2020-5239,0.00885,0.26162
CVE-2020-5240,0.00885,0.26162
CVE-2020-5241,0.00885,0.26162
CVE-2020-5242,0.01055,0.50287
CVE-2020-5243,0.01055,0.50287
CVE-2020-5244,0.00954,0.34522
CVE-2020-5245,0.02583,0.81238
CVE-2020-5246,0.00885,0.26162
CVE-2020-5247,0.01108,0.53389
CVE-2020-5249,0.01034,0.39824
CVE-2020-5250,0.00885,0.26162
CVE-2020-5251,0.00885,0.26162
CVE-2020-5252,0.0089,0.2856
CVE-2020-5253,0.00885,0.26162
CVE-2020-5255,0.0095,0.30554
CVE-2020-5256,0.02199,0.80273
CVE-2020-5257,0.00885,0.26162
CVE-2020-5259,0.00954,0.34522
CVE-2020-5261,0.0089,0.2856
CVE-2020-5262,0.0089,0.2856
CVE-2020-5263,0.00885,0.26162
CVE-2020-5264,0.00885,0.26162
CVE-2020-5265,0.00885,0.26162
CVE-2020-5266,0.00885,0.26162
CVE-2020-5267,0.01034,0.39824
CVE-2020-5268,0.0095,0.30554
CVE-2020-5269,0.00885,0.26162
CVE-2020-5270,0.00885,0.26162
CVE-2020-5271,0.00885,0.26162
CVE-2020-5272,0.00885,0.26162
CVE-2020-5273,0.00885,0.26162
CVE-2020-5274,0.0089,0.2856
CVE-2020-5275,0.0089,0.2856
CVE-2020-5276,0.00885,0.26162
CVE-2020-5277,0.00885,0.26162
CVE-2020-5278,0.00885,0.26162
CVE-2020-5279,0.00885,0.26162
CVE-2020-5280,0.01018,0.38792
CVE-2020-5281,0.00954,0.34522
CVE-2020-5282,0.0144,0.7265
CVE-2020-5283,0.0095,0.30554
CVE-2020-5285,0.00885,0.26162
CVE-2020-5286,0.00885,0.26162
CVE-2020-5287,0.00885,0.26162
CVE-2020-5288,0.00885,0.26162
CVE-2020-5289,0.0089,0.2856
CVE-2020-5290,0.00885,0.26162
CVE-2020-5291,0.00885,0.26162
CVE-2020-5292,0.0089,0.2856
CVE-2020-5293,0.00885,0.26162
CVE-2020-5294,0.00885,0.26162
CVE-2020-5295,0.07308,0.9216
CVE-2020-5296,0.0095,0.30554
CVE-2020-5297,0.0095,0.30554
CVE-2020-5298,0.0095,0.30554
CVE-2020-5299,0.0095,0.30554
CVE-2020-5300,0.0089,0.2856
CVE-2020-5301,0.00885,0.26162
CVE-2020-5302,0.00885,0.26162
CVE-2020-5303,0.00954,0.34522
CVE-2020-5304,0.00885,0.26162
CVE-2020-5305,0.00885,0.26162
CVE-2020-5306,0.02192,0.80195
CVE-2020-5307,0.01564,0.74439
CVE-2020-5308,0.00954,0.34522
CVE-2020-5310,0.01018,0.38792
CVE-2020-5311,0.01183,0.60428
CVE-2020-5312,0.01537,0.73595
CVE-2020-5313,0.01108,0.53389
CVE-2020-5315,0.00885,0.26162
CVE-2020-5316,0.01036,0.41241
CVE-2020-5317,0.01055,0.50287
CVE-2020-5318,0.00885,0.26162
CVE-2020-5319,0.01055,0.50287
CVE-2020-5320,0.01055,0.50287
CVE-2020-5321,0.01055,0.50287
CVE-2020-5322,0.01055,0.50287
CVE-2020-5323,0.01055,0.50287
CVE-2020-5324,0.00885,0.26162
CVE-2020-5326,0.00885,0.26162
CVE-2020-5327,0.01156,0.60033
CVE-2020-5328,0.00885,0.26162
CVE-2020-5329,0.01055,0.50287
CVE-2020-5330,0.01055,0.50287
CVE-2020-5331,0.00885,0.26162
CVE-2020-5332,0.02055,0.7893
CVE-2020-5333,0.01055,0.50287
CVE-2020-5334,0.01055,0.50287
CVE-2020-5335,0.01055,0.50287
CVE-2020-5336,0.00885,0.26162
CVE-2020-5337,0.01055,0.50287
CVE-2020-5339,0.00885,0.26162
CVE-2020-5340,0.00885,0.26162
CVE-2020-5341,0.01156,0.60033
CVE-2020-5342,0.00885,0.26162
CVE-2020-5343,0.00885,0.26162
CVE-2020-5344,0.01156,0.60033
CVE-2020-5345,0.00885,0.26162
CVE-2020-5346,0.00885,0.26162
CVE-2020-5347,0.00885,0.26162
CVE-2020-5348,0.01036,0.41241
CVE-2020-5349,0.00885,0.26162
CVE-2020-5350,0.01156,0.60033
CVE-2020-5351,0.00885,0.26162
CVE-2020-5352,0.01055,0.50287
CVE-2020-5353,0.00885,0.26162
CVE-2020-5356,0.01055,0.50287
CVE-2020-5357,0.00885,0.26162
CVE-2020-5358,0.00885,0.26162
CVE-2020-5359,0.01055,0.50287
CVE-2020-5360,0.01055,0.50287
CVE-2020-5361,0.00885,0.26162
CVE-2020-5362,0.00885,0.26162
CVE-2020-5363,0.00885,0.26162
CVE-2020-5364,0.00885,0.26162
CVE-2020-5365,0.00885,0.26162
CVE-2020-5366,0.01055,0.50287
CVE-2020-5367,0.01055,0.50287
CVE-2020-5368,0.01055,0.50287
CVE-2020-5369,0.00885,0.26162
CVE-2020-5370,0.01055,0.50287
CVE-2020-5371,0.00885,0.26162
CVE-2020-5372,0.01055,0.50287
CVE-2020-5373,0.01055,0.50287
CVE-2020-5374,0.01055,0.50287
CVE-2020-5376,0.01036,0.41241
CVE-2020-5378,0.01036,0.41241
CVE-2020-5379,0.01036,0.41241
CVE-2020-5383,0.00885,0.26162
CVE-2020-5384,0.00885,0.26162
CVE-2020-5385,0.00885,0.26162
CVE-2020-5386,0.01055,0.50287
CVE-2020-5387,0.00885,0.26162
CVE-2020-5388,0.01036,0.41241
CVE-2020-5389,0.00885,0.26162
CVE-2020-5390,0.01183,0.60428
CVE-2020-5391,0.00954,0.34522
CVE-2020-5392,0.00954,0.34522
CVE-2020-5393,0.00885,0.26162
CVE-2020-5395,0.01018,0.38792
CVE-2020-5396,0.01156,0.60033
CVE-2020-5397,0.01108,0.53389
CVE-2020-5399,0.00885,0.26162
CVE-2020-5400,0.00885,0.26162
CVE-2020-5401,0.00885,0.26162
CVE-2020-5402,0.00885,0.26162
CVE-2020-5403,0.00885,0.26162
CVE-2020-5404,0.00885,0.26162
CVE-2020-5406,0.00885,0.26162
CVE-2020-5407,0.01034,0.39824
CVE-2020-5408,0.0095,0.30554
CVE-2020-5409,0.01055,0.50287
CVE-2020-5411,0.01086,0.51674
CVE-2020-5413,0.03938,0.85198
CVE-2020-5414,0.00885,0.26162
CVE-2020-5415,0.00885,0.26162
CVE-2020-5416,0.00885,0.26162
CVE-2020-5417,0.00885,0.26162
CVE-2020-5418,0.00885,0.26162
CVE-2020-5419,0.01036,0.41241
CVE-2020-5420,0.00885,0.26162
CVE-2020-5421,0.01547,0.74085
CVE-2020-5422,0.00885,0.26162
CVE-2020-5423,0.00885,0.26162
CVE-2020-5425,0.00885,0.26162
CVE-2020-5426,0.00885,0.26162
CVE-2020-5427,0.01086,0.51674
CVE-2020-5428,0.00885,0.26162
CVE-2020-5496,0.00954,0.34522
CVE-2020-5497,0.01018,0.38792
CVE-2020-5499,0.00885,0.26162
CVE-2020-5501,0.00885,0.26162
CVE-2020-5502,0.00885,0.26162
CVE-2020-5505,0.01156,0.60033
CVE-2020-5511,0.01564,0.74439
CVE-2020-5512,0.00885,0.26162
CVE-2020-5513,0.00885,0.26162
CVE-2020-5514,0.00885,0.26162
CVE-2020-5515,0.01564,0.74439
CVE-2020-5517,0.00954,0.34522
CVE-2020-5519,0.00885,0.26162
CVE-2020-5520,0.00885,0.26162
CVE-2020-5521,0.00885,0.26162
CVE-2020-5522,0.00885,0.26162
CVE-2020-5523,0.01537,0.73595
CVE-2020-5524,0.00885,0.26162
CVE-2020-5525,0.00885,0.26162
CVE-2020-5526,0.00885,0.26162
CVE-2020-5527,0.00885,0.26162
CVE-2020-5528,0.01055,0.50287
CVE-2020-5529,0.02509,0.81058
CVE-2020-5530,0.01136,0.57949
CVE-2020-5531,0.01055,0.50287
CVE-2020-5532,0.0089,0.2856
CVE-2020-5533,0.01055,0.50287
CVE-2020-5534,0.00885,0.26162
CVE-2020-5535,0.00885,0.26162
CVE-2020-5536,0.00885,0.26162
CVE-2020-5537,0.05634,0.89764
CVE-2020-5538,0.01005,0.36332
CVE-2020-5539,0.01055,0.50287
CVE-2020-5540,0.01213,0.6557
CVE-2020-5541,0.01213,0.6557
CVE-2020-5542,0.01055,0.50287
CVE-2020-5543,0.01055,0.50287
CVE-2020-5544,0.01055,0.50287
CVE-2020-5545,0.01055,0.50287
CVE-2020-5546,0.00885,0.26162
CVE-2020-5547,0.01055,0.50287
CVE-2020-5548,0.01055,0.50287
CVE-2020-5549,0.01136,0.57949
CVE-2020-5550,0.01136,0.57949
CVE-2020-5551,0.00885,0.26162
CVE-2020-5552,0.01055,0.50287
CVE-2020-5553,0.01055,0.50287
CVE-2020-5554,0.01055,0.50287
CVE-2020-5555,0.01055,0.50287
CVE-2020-5556,0.01055,0.50287
CVE-2020-5557,0.01055,0.50287
CVE-2020-5558,0.01055,0.50287
CVE-2020-5559,0.01055,0.50287
CVE-2020-5560,0.01055,0.50287
CVE-2020-5561,0.01055,0.50287
CVE-2020-5562,0.01055,0.50287
CVE-2020-5563,0.01055,0.50287
CVE-2020-5564,0.01055,0.50287
CVE-2020-5565,0.01055,0.50287
CVE-2020-5566,0.01055,0.50287
CVE-2020-5567,0.01055,0.50287
CVE-2020-5568,0.01055,0.50287
CVE-2020-5569,0.00885,0.26162
CVE-2020-5570,0.01061,0.51015
CVE-2020-5571,0.00885,0.26162
CVE-2020-5572,0.00885,0.26162
CVE-2020-5573,0.00885,0.26162
CVE-2020-5574,0.01055,0.50287
CVE-2020-5575,0.01055,0.50287
CVE-2020-5576,0.01055,0.50287
CVE-2020-5577,0.01055,0.50287
CVE-2020-5579,0.00885,0.26162
CVE-2020-5580,0.01055,0.50287
CVE-2020-5581,0.01055,0.50287
CVE-2020-5582,0.01055,0.50287
CVE-2020-5583,0.01055,0.50287
CVE-2020-5584,0.01055,0.50287
CVE-2020-5585,0.00885,0.26162
CVE-2020-5586,0.00885,0.26162
CVE-2020-5587,0.01055,0.50287
CVE-2020-5588,0.00885,0.26162
CVE-2020-5589,0.00885,0.26162
CVE-2020-5590,0.01061,0.51015
CVE-2020-5591,0.01055,0.50287
CVE-2020-5592,0.01055,0.50287
CVE-2020-5593,0.00885,0.26162
CVE-2020-5594,0.00954,0.34522
CVE-2020-5595,0.01055,0.50287
CVE-2020-5596,0.01055,0.50287
CVE-2020-5597,0.01055,0.50287
CVE-2020-5598,0.01055,0.50287
CVE-2020-5599,0.01055,0.50287
CVE-2020-5600,0.01055,0.50287
CVE-2020-5601,0.01055,0.50287
CVE-2020-5602,0.00885,0.26162
CVE-2020-5603,0.00885,0.26162
CVE-2020-5604,0.01156,0.60033
CVE-2020-5605,0.00885,0.26162
CVE-2020-5606,0.01055,0.50287
CVE-2020-5607,0.01213,0.6557
CVE-2020-5608,0.01055,0.50287
CVE-2020-5609,0.01055,0.50287
CVE-2020-5610,0.01036,0.41241
CVE-2020-5611,0.01055,0.50287
CVE-2020-5612,0.01055,0.50287
CVE-2020-5613,0.01055,0.50287
CVE-2020-5614,0.01055,0.50287
CVE-2020-5615,0.01136,0.57949
CVE-2020-5616,0.01974,0.7812
CVE-2020-5617,0.00885,0.26162
CVE-2020-5619,0.01055,0.50287
CVE-2020-5620,0.01055,0.50287
CVE-2020-5621,0.01213,0.6557
CVE-2020-5622,0.01055,0.50287
CVE-2020-5623,0.01055,0.50287
CVE-2020-5624,0.01136,0.57949
CVE-2020-5625,0.01136,0.57949
CVE-2020-5626,0.01055,0.50287
CVE-2020-5627,0.01055,0.50287
CVE-2020-5628,0.01055,0.50287
CVE-2020-5629,0.01055,0.50287
CVE-2020-5631,0.01136,0.57949
CVE-2020-5632,0.01005,0.36332
CVE-2020-5633,0.01136,0.57949
CVE-2020-5634,0.00885,0.26162
CVE-2020-5635,0.01559,0.742
CVE-2020-5636,0.01365,0.70715
CVE-2020-5637,0.0089,0.2856
CVE-2020-5638,0.01055,0.50287
CVE-2020-5639,0.01136,0.57949
CVE-2020-5640,0.01978,0.78447
CVE-2020-5641,0.01055,0.50287
CVE-2020-5642,0.01136,0.57949
CVE-2020-5643,0.01055,0.50287
CVE-2020-5644,0.01213,0.6557
CVE-2020-5645,0.01213,0.6557
CVE-2020-5646,0.01213,0.6557
CVE-2020-5647,0.01213,0.6557
CVE-2020-5648,0.01018,0.38792
CVE-2020-5649,0.01213,0.6557
CVE-2020-5650,0.01055,0.50287
CVE-2020-5651,0.01055,0.50287
CVE-2020-5652,0.01136,0.57949
CVE-2020-5653,0.01136,0.57949
CVE-2020-5654,0.01136,0.57949
CVE-2020-5655,0.01136,0.57949
CVE-2020-5656,0.01136,0.57949
CVE-2020-5657,0.00954,0.34522
CVE-2020-5658,0.01136,0.57949
CVE-2020-5659,0.01055,0.50287
CVE-2020-5662,0.01055,0.50287
CVE-2020-5663,0.01055,0.50287
CVE-2020-5664,0.01978,0.78447
CVE-2020-5665,0.01559,0.742
CVE-2020-5666,0.05634,0.89764
CVE-2020-5667,0.00885,0.26162
CVE-2020-5668,0.05634,0.89764
CVE-2020-5669,0.01055,0.50287
CVE-2020-5674,0.00954,0.34522
CVE-2020-5675,0.01136,0.57949
CVE-2020-5676,0.01136,0.57949
CVE-2020-5677,0.01136,0.57949
CVE-2020-5678,0.01136,0.57949
CVE-2020-5679,0.00885,0.26162
CVE-2020-5680,0.01055,0.50287
CVE-2020-5681,0.00885,0.26162
CVE-2020-5682,0.01136,0.57949
CVE-2020-5683,0.01136,0.57949
CVE-2020-5684,0.00885,0.26162
CVE-2020-5685,0.00885,0.26162
CVE-2020-5686,0.00885,0.26162
CVE-2020-5720,0.00885,0.26162
CVE-2020-5721,0.00885,0.26162
CVE-2020-5722,0.72925,0.99217
CVE-2020-5723,0.00885,0.26162
CVE-2020-5724,0.01055,0.50287
CVE-2020-5725,0.01055,0.50287
CVE-2020-5726,0.01564,0.74439
CVE-2020-5727,0.00885,0.26162
CVE-2020-5728,0.00885,0.26162
CVE-2020-5729,0.00885,0.26162
CVE-2020-5730,0.00885,0.26162
CVE-2020-5731,0.00885,0.26162
CVE-2020-5732,0.00885,0.26162
CVE-2020-5733,0.00885,0.26162
CVE-2020-5734,0.01055,0.50287
CVE-2020-5735,0.04891,0.88826
CVE-2020-5736,0.01055,0.50287
CVE-2020-5737,0.01055,0.50287
CVE-2020-5738,0.01156,0.60033
CVE-2020-5739,0.01156,0.60033
CVE-2020-5740,0.00885,0.26162
CVE-2020-5741,0.20713,0.96332
CVE-2020-5742,0.00885,0.26162
CVE-2020-5743,0.01055,0.50287
CVE-2020-5744,0.01055,0.50287
CVE-2020-5745,0.01055,0.50287
CVE-2020-5746,0.01055,0.50287
CVE-2020-5747,0.01055,0.50287
CVE-2020-5748,0.01055,0.50287
CVE-2020-5749,0.01055,0.50287
CVE-2020-5750,0.01055,0.50287
CVE-2020-5751,0.01055,0.50287
CVE-2020-5752,0.02663,0.81428
CVE-2020-5753,0.00885,0.26162
CVE-2020-5754,0.01055,0.50287
CVE-2020-5755,0.00885,0.26162
CVE-2020-5756,0.01055,0.50287
CVE-2020-5757,0.01055,0.50287
CVE-2020-5758,0.01055,0.50287
CVE-2020-5759,0.01055,0.50287
CVE-2020-5760,0.01055,0.50287
CVE-2020-5761,0.01055,0.50287
CVE-2020-5762,0.01055,0.50287
CVE-2020-5763,0.01055,0.50287
CVE-2020-5764,0.01103,0.51945
CVE-2020-5765,0.01156,0.60033
CVE-2020-5766,0.01055,0.50287
CVE-2020-5767,0.01055,0.50287
CVE-2020-5768,0.01055,0.50287
CVE-2020-5769,0.01055,0.50287
CVE-2020-5770,0.01055,0.50287
CVE-2020-5771,0.01055,0.50287
CVE-2020-5772,0.01055,0.50287
CVE-2020-5773,0.00885,0.26162
CVE-2020-5774,0.00885,0.26162
CVE-2020-5775,0.01055,0.50287
CVE-2020-5776,0.00885,0.26162
CVE-2020-5778,0.01055,0.50287
CVE-2020-5779,0.00885,0.26162
CVE-2020-5780,0.01055,0.50287
CVE-2020-5781,0.00885,0.26162
CVE-2020-5782,0.00885,0.26162
CVE-2020-5783,0.00885,0.26162
CVE-2020-5784,0.00885,0.26162
CVE-2020-5785,0.00885,0.26162
CVE-2020-5786,0.01055,0.50287
CVE-2020-5787,0.01055,0.50287
CVE-2020-5788,0.01055,0.50287
CVE-2020-5789,0.01055,0.50287
CVE-2020-5790,0.01055,0.50287
CVE-2020-5791,0.72892,0.99217
CVE-2020-5792,0.12989,0.95425
CVE-2020-5793,0.00885,0.26162
CVE-2020-5794,0.01036,0.41241
CVE-2020-5795,0.01036,0.41241
CVE-2020-5796,0.00885,0.26162
CVE-2020-5797,0.00885,0.26162
CVE-2020-5798,0.00885,0.26162
CVE-2020-5799,0.00885,0.26162
CVE-2020-5800,0.00885,0.26162
CVE-2020-5801,0.00885,0.26162
CVE-2020-5802,0.00885,0.26162
CVE-2020-5803,0.01055,0.50287
CVE-2020-5804,0.01055,0.50287
CVE-2020-5805,0.00885,0.26162
CVE-2020-5806,0.00885,0.26162
CVE-2020-5807,0.01055,0.50287
CVE-2020-5808,0.00885,0.26162
CVE-2020-5809,0.00885,0.26162
CVE-2020-5810,0.00885,0.26162
CVE-2020-5811,0.00885,0.26162
CVE-2020-5812,0.00885,0.26162
CVE-2020-5820,0.00885,0.26162
CVE-2020-5821,0.00885,0.26162
CVE-2020-5822,0.00885,0.26162
CVE-2020-5823,0.00885,0.26162
CVE-2020-5824,0.00885,0.26162
CVE-2020-5825,0.00885,0.26162
CVE-2020-5826,0.00885,0.26162
CVE-2020-5827,0.00885,0.26162
CVE-2020-5828,0.00885,0.26162
CVE-2020-5829,0.00885,0.26162
CVE-2020-5830,0.00885,0.26162
CVE-2020-5831,0.00885,0.26162
CVE-2020-5832,0.00885,0.26162
CVE-2020-5833,0.00885,0.26162
CVE-2020-5834,0.00885,0.26162
CVE-2020-5835,0.00885,0.26162
CVE-2020-5836,0.00885,0.26162
CVE-2020-5838,0.00885,0.26162
CVE-2020-5840,0.00885,0.26162
CVE-2020-5841,0.00885,0.26162
CVE-2020-5842,0.02173,0.80027
CVE-2020-5843,0.00885,0.26162
CVE-2020-5846,0.01338,0.70562
CVE-2020-5847,0.05634,0.89764
CVE-2020-5849,0.01018,0.38792
CVE-2020-5851,0.00885,0.26162
CVE-2020-5852,0.00885,0.26162
CVE-2020-5853,0.00885,0.26162
CVE-2020-5854,0.00885,0.26162
CVE-2020-5855,0.00885,0.26162
CVE-2020-5856,0.00885,0.26162
CVE-2020-5857,0.00885,0.26162
CVE-2020-5858,0.00885,0.26162
CVE-2020-5859,0.00885,0.26162
CVE-2020-5860,0.00885,0.26162
CVE-2020-5861,0.00885,0.26162
CVE-2020-5862,0.00885,0.26162
CVE-2020-5863,0.00885,0.26162
CVE-2020-5864,0.00885,0.26162
CVE-2020-5865,0.00885,0.26162
CVE-2020-5866,0.00885,0.26162
CVE-2020-5867,0.00885,0.26162
CVE-2020-5868,0.01055,0.50287
CVE-2020-5869,0.00885,0.26162
CVE-2020-5870,0.00885,0.26162
CVE-2020-5871,0.00885,0.26162
CVE-2020-5872,0.00885,0.26162
CVE-2020-5873,0.00885,0.26162
CVE-2020-5874,0.00885,0.26162
CVE-2020-5875,0.00885,0.26162
CVE-2020-5876,0.00885,0.26162
CVE-2020-5877,0.00885,0.26162
CVE-2020-5878,0.00885,0.26162
CVE-2020-5879,0.00885,0.26162
CVE-2020-5880,0.00885,0.26162
CVE-2020-5881,0.00885,0.26162
CVE-2020-5882,0.00885,0.26162
CVE-2020-5883,0.00885,0.26162
CVE-2020-5884,0.00885,0.26162
CVE-2020-5885,0.00885,0.26162
CVE-2020-5886,0.00885,0.26162
CVE-2020-5887,0.01055,0.50287
CVE-2020-5888,0.00885,0.26162
CVE-2020-5889,0.00885,0.26162
CVE-2020-5890,0.01055,0.50287
CVE-2020-5891,0.00885,0.26162
CVE-2020-5892,0.00885,0.26162
CVE-2020-5893,0.00885,0.26162
CVE-2020-5894,0.00885,0.26162
CVE-2020-5895,0.00885,0.26162
CVE-2020-5896,0.00885,0.26162
CVE-2020-5897,0.00885,0.26162
CVE-2020-5898,0.00885,0.26162
CVE-2020-5899,0.00885,0.26162
CVE-2020-5900,0.00885,0.26162
CVE-2020-5901,0.00885,0.26162
CVE-2020-5904,0.00885,0.26162
CVE-2020-5905,0.00885,0.26162
CVE-2020-5906,0.00885,0.26162
CVE-2020-5907,0.00885,0.26162
CVE-2020-5908,0.00885,0.26162
CVE-2020-5909,0.00885,0.26162
CVE-2020-5910,0.00885,0.26162
CVE-2020-5911,0.00885,0.26162
CVE-2020-5912,0.00885,0.26162
CVE-2020-5913,0.00885,0.26162
CVE-2020-5914,0.00885,0.26162
CVE-2020-5915,0.00885,0.26162
CVE-2020-5916,0.00885,0.26162
CVE-2020-5917,0.00885,0.26162
CVE-2020-5918,0.00885,0.26162
CVE-2020-5919,0.00885,0.26162
CVE-2020-5920,0.00885,0.26162
CVE-2020-5921,0.00885,0.26162
CVE-2020-5922,0.00885,0.26162
CVE-2020-5923,0.00885,0.26162
CVE-2020-5924,0.00885,0.26162
CVE-2020-5925,0.00885,0.26162
CVE-2020-5926,0.00885,0.26162
CVE-2020-5927,0.00885,0.26162
CVE-2020-5928,0.00885,0.26162
CVE-2020-5929,0.00885,0.26162
CVE-2020-5930,0.00885,0.26162
CVE-2020-5931,0.00885,0.26162
CVE-2020-5932,0.00885,0.26162
CVE-2020-5933,0.00885,0.26162
CVE-2020-5934,0.00885,0.26162
CVE-2020-5935,0.00885,0.26162
CVE-2020-5936,0.00885,0.26162
CVE-2020-5937,0.00885,0.26162
CVE-2020-5938,0.00885,0.26162
CVE-2020-5939,0.00885,0.26162
CVE-2020-5940,0.00885,0.26162
CVE-2020-5941,0.00885,0.26162
CVE-2020-5942,0.00885,0.26162
CVE-2020-5943,0.00885,0.26162
CVE-2020-5944,0.00885,0.26162
CVE-2020-5945,0.00885,0.26162
CVE-2020-5946,0.00885,0.26162
CVE-2020-5947,0.00885,0.26162
CVE-2020-5948,0.00885,0.26162
CVE-2020-5949,0.00885,0.26162
CVE-2020-5950,0.00885,0.26162
CVE-2020-5953,0.01365,0.70715
CVE-2020-5955,0.00954,0.34522
CVE-2020-5956,0.00885,0.26162
CVE-2020-5957,0.00885,0.26162
CVE-2020-5958,0.01036,0.41241
CVE-2020-5959,0.00885,0.26162
CVE-2020-5960,0.00885,0.26162
CVE-2020-5961,0.00885,0.26162
CVE-2020-5962,0.00885,0.26162
CVE-2020-5963,0.01365,0.70715
CVE-2020-5964,0.01005,0.36332
CVE-2020-5965,0.00885,0.26162
CVE-2020-5966,0.00885,0.26162
CVE-2020-5967,0.0089,0.2856
CVE-2020-5968,0.01036,0.41241
CVE-2020-5969,0.00885,0.26162
CVE-2020-5970,0.00885,0.26162
CVE-2020-5971,0.01036,0.41241
CVE-2020-5972,0.00885,0.26162
CVE-2020-5973,0.0089,0.2856
CVE-2020-5974,0.00885,0.26162
CVE-2020-5975,0.00885,0.26162
CVE-2020-5976,0.00885,0.26162
CVE-2020-5977,0.01036,0.41241
CVE-2020-5978,0.00885,0.26162
CVE-2020-5979,0.00885,0.26162
CVE-2020-5980,0.01036,0.41241
CVE-2020-5981,0.01036,0.41241
CVE-2020-5982,0.00885,0.26162
CVE-2020-5983,0.00885,0.26162
CVE-2020-5984,0.01036,0.41241
CVE-2020-5985,0.00885,0.26162
CVE-2020-5986,0.00885,0.26162
CVE-2020-5987,0.00885,0.26162
CVE-2020-5988,0.00885,0.26162
CVE-2020-5989,0.00885,0.26162
CVE-2020-5990,0.01036,0.41241
CVE-2020-5991,0.01036,0.41241
CVE-2020-5992,0.01036,0.41241
CVE-2020-6007,0.01611,0.74874
CVE-2020-6008,0.01156,0.60033
CVE-2020-6009,0.00885,0.26162
CVE-2020-6010,0.18946,0.96157
CVE-2020-6012,0.0089,0.2856
CVE-2020-6013,0.01086,0.51674
CVE-2020-6014,0.01036,0.41241
CVE-2020-6015,0.00885,0.26162
CVE-2020-6016,0.01978,0.78447
CVE-2020-6017,0.01978,0.78447
CVE-2020-6018,0.01978,0.78447
CVE-2020-6020,0.00885,0.26162
CVE-2020-6021,0.00885,0.26162
CVE-2020-6022,0.00885,0.26162
CVE-2020-6023,0.00885,0.26162
CVE-2020-6024,0.00885,0.26162
CVE-2020-6059,0.00885,0.26162
CVE-2020-6061,0.01108,0.53389
CVE-2020-6062,0.01108,0.53389
CVE-2020-6063,0.01156,0.60033
CVE-2020-6064,0.01156,0.60033
CVE-2020-6065,0.01156,0.60033
CVE-2020-6066,0.01156,0.60033
CVE-2020-6067,0.01156,0.60033
CVE-2020-6068,0.01156,0.60033
CVE-2020-6069,0.01156,0.60033
CVE-2020-6070,0.01005,0.36332
CVE-2020-6071,0.00954,0.34522
CVE-2020-6072,0.02509,0.81058
CVE-2020-6073,0.00954,0.34522
CVE-2020-6074,0.01156,0.60033
CVE-2020-6075,0.01156,0.60033
CVE-2020-6076,0.01156,0.60033
CVE-2020-6077,0.00954,0.34522
CVE-2020-6078,0.00954,0.34522
CVE-2020-6079,0.00954,0.34522
CVE-2020-6080,0.00954,0.34522
CVE-2020-6081,0.01156,0.60033
CVE-2020-6082,0.01156,0.60033
CVE-2020-6083,0.00885,0.26162
CVE-2020-6084,0.00885,0.26162
CVE-2020-6085,0.00885,0.26162
CVE-2020-6086,0.00885,0.26162
CVE-2020-6087,0.00885,0.26162
CVE-2020-6088,0.00885,0.26162
CVE-2020-6089,0.01103,0.51945
CVE-2020-6090,0.01156,0.60033
CVE-2020-6091,0.00885,0.26162
CVE-2020-6092,0.01036,0.41241
CVE-2020-6093,0.00885,0.26162
CVE-2020-6094,0.01156,0.60033
CVE-2020-6095,0.01018,0.38792
CVE-2020-6097,0.00954,0.34522
CVE-2020-6098,0.00885,0.26162
CVE-2020-6099,0.01036,0.41241
CVE-2020-6100,0.00885,0.26162
CVE-2020-6101,0.01086,0.51674
CVE-2020-6102,0.01086,0.51674
CVE-2020-6103,0.01086,0.51674
CVE-2020-6104,0.00885,0.26162
CVE-2020-6105,0.01005,0.36332
CVE-2020-6106,0.00885,0.26162
CVE-2020-6107,0.00885,0.26162
CVE-2020-6108,0.01005,0.36332
CVE-2020-6109,0.01086,0.51674
CVE-2020-6110,0.01086,0.51674
CVE-2020-6111,0.00885,0.26162
CVE-2020-6112,0.01036,0.41241
CVE-2020-6113,0.01036,0.41241
CVE-2020-6114,0.00885,0.26162
CVE-2020-6115,0.00885,0.26162
CVE-2020-6116,0.01036,0.41241
CVE-2020-6117,0.00885,0.26162
CVE-2020-6118,0.00885,0.26162
CVE-2020-6119,0.00885,0.26162
CVE-2020-6120,0.00885,0.26162
CVE-2020-6121,0.00885,0.26162
CVE-2020-6122,0.00885,0.26162
CVE-2020-6123,0.00885,0.26162
CVE-2020-6124,0.00885,0.26162
CVE-2020-6125,0.00885,0.26162
CVE-2020-6126,0.00885,0.26162
CVE-2020-6127,0.00885,0.26162
CVE-2020-6128,0.00885,0.26162
CVE-2020-6129,0.00885,0.26162
CVE-2020-6130,0.00885,0.26162
CVE-2020-6131,0.00885,0.26162
CVE-2020-6132,0.00885,0.26162
CVE-2020-6133,0.00885,0.26162
CVE-2020-6134,0.00885,0.26162
CVE-2020-6135,0.00885,0.26162
CVE-2020-6136,0.00885,0.26162
CVE-2020-6137,0.00885,0.26162
CVE-2020-6138,0.00885,0.26162
CVE-2020-6139,0.00885,0.26162
CVE-2020-6140,0.00885,0.26162
CVE-2020-6141,0.00885,0.26162
CVE-2020-6142,0.01156,0.60033
CVE-2020-6143,0.01156,0.60033
CVE-2020-6144,0.01156,0.60033
CVE-2020-6145,0.00885,0.26162
CVE-2020-6146,0.01086,0.51674
CVE-2020-6147,0.00885,0.26162
CVE-2020-6148,0.00885,0.26162
CVE-2020-6149,0.00885,0.26162
CVE-2020-6150,0.00885,0.26162
CVE-2020-6151,0.00885,0.26162
CVE-2020-6152,0.01036,0.41241
CVE-2020-6155,0.01103,0.51945
CVE-2020-6156,0.00885,0.26162
CVE-2020-6157,0.00885,0.26162
CVE-2020-6159,0.00885,0.26162
CVE-2020-6162,0.00885,0.26162
CVE-2020-6163,0.00885,0.26162
CVE-2020-6164,0.01086,0.51674
CVE-2020-6165,0.00885,0.26162
CVE-2020-6166,0.0089,0.2856
CVE-2020-6167,0.00954,0.34522
CVE-2020-6168,0.0089,0.2856
CVE-2020-6170,0.08382,0.93597
CVE-2020-6171,0.01055,0.50287
CVE-2020-6173,0.00885,0.26162
CVE-2020-6174,0.00885,0.26162
CVE-2020-6175,0.00885,0.26162
CVE-2020-6177,0.00885,0.26162
CVE-2020-6178,0.00885,0.26162
CVE-2020-6181,0.00885,0.26162
CVE-2020-6183,0.00885,0.26162
CVE-2020-6184,0.00885,0.26162
CVE-2020-6185,0.00885,0.26162
CVE-2020-6186,0.00885,0.26162
CVE-2020-6187,0.00885,0.26162
CVE-2020-6188,0.00885,0.26162
CVE-2020-6189,0.00885,0.26162
CVE-2020-6190,0.00885,0.26162
CVE-2020-6191,0.00885,0.26162
CVE-2020-6192,0.00885,0.26162
CVE-2020-6193,0.00885,0.26162
CVE-2020-6195,0.00885,0.26162
CVE-2020-6196,0.00885,0.26162
CVE-2020-6197,0.00885,0.26162
CVE-2020-6198,0.00885,0.26162
CVE-2020-6199,0.00885,0.26162
CVE-2020-6200,0.00885,0.26162
CVE-2020-6201,0.00885,0.26162
CVE-2020-6202,0.00885,0.26162
CVE-2020-6203,0.00885,0.26162
CVE-2020-6204,0.00885,0.26162
CVE-2020-6205,0.00885,0.26162
CVE-2020-6206,0.00885,0.26162
CVE-2020-6208,0.03917,0.84989
CVE-2020-6209,0.00885,0.26162
CVE-2020-6210,0.00885,0.26162
CVE-2020-6211,0.00885,0.26162
CVE-2020-6212,0.00885,0.26162
CVE-2020-6213,0.00885,0.26162
CVE-2020-6214,0.00885,0.26162
CVE-2020-6215,0.00885,0.26162
CVE-2020-6216,0.00885,0.26162
CVE-2020-6217,0.00885,0.26162
CVE-2020-6218,0.00885,0.26162
CVE-2020-6219,0.02275,0.80593
CVE-2020-6220,0.00885,0.26162
CVE-2020-6221,0.00885,0.26162
CVE-2020-6222,0.00885,0.26162
CVE-2020-6223,0.00885,0.26162
CVE-2020-6224,0.00885,0.26162
CVE-2020-6225,0.00885,0.26162
CVE-2020-6226,0.00885,0.26162
CVE-2020-6227,0.00885,0.26162
CVE-2020-6228,0.00885,0.26162
CVE-2020-6229,0.00885,0.26162
CVE-2020-6230,0.00885,0.26162
CVE-2020-6231,0.00885,0.26162
CVE-2020-6232,0.00885,0.26162
CVE-2020-6233,0.00885,0.26162
CVE-2020-6234,0.0095,0.30554
CVE-2020-6235,0.00885,0.26162
CVE-2020-6236,0.00885,0.26162
CVE-2020-6237,0.00885,0.26162
CVE-2020-6238,0.00885,0.26162
CVE-2020-6239,0.00885,0.26162
CVE-2020-6240,0.00885,0.26162
CVE-2020-6241,0.00885,0.26162
CVE-2020-6242,0.00954,0.34522
CVE-2020-6243,0.00885,0.26162
CVE-2020-6244,0.00885,0.26162
CVE-2020-6245,0.00885,0.26162
CVE-2020-6246,0.00885,0.26162
CVE-2020-6247,0.00885,0.26162
CVE-2020-6248,0.0144,0.7265
CVE-2020-6249,0.00885,0.26162
CVE-2020-6250,0.00885,0.26162
CVE-2020-6251,0.00885,0.26162
CVE-2020-6252,0.00885,0.26162
CVE-2020-6253,0.00885,0.26162
CVE-2020-6254,0.00885,0.26162
CVE-2020-6256,0.00885,0.26162
CVE-2020-6257,0.00885,0.26162
CVE-2020-6258,0.00885,0.26162
CVE-2020-6259,0.00885,0.26162
CVE-2020-6260,0.00885,0.26162
CVE-2020-6261,0.00885,0.26162
CVE-2020-6262,0.00885,0.26162
CVE-2020-6263,0.00885,0.26162
CVE-2020-6264,0.00885,0.26162
CVE-2020-6265,0.00885,0.26162
CVE-2020-6266,0.0089,0.2856
CVE-2020-6267,0.00885,0.26162
CVE-2020-6268,0.00885,0.26162
CVE-2020-6269,0.00885,0.26162
CVE-2020-6270,0.00885,0.26162
CVE-2020-6271,0.00885,0.26162
CVE-2020-6272,0.00885,0.26162
CVE-2020-6273,0.00885,0.26162
CVE-2020-6275,0.00885,0.26162
CVE-2020-6276,0.00885,0.26162
CVE-2020-6278,0.00885,0.26162
CVE-2020-6280,0.00885,0.26162
CVE-2020-6281,0.00885,0.26162
CVE-2020-6282,0.00885,0.26162
CVE-2020-6283,0.00885,0.26162
CVE-2020-6284,0.0144,0.7265
CVE-2020-6285,0.00885,0.26162
CVE-2020-6288,0.00885,0.26162
CVE-2020-6289,0.00885,0.26162
CVE-2020-6290,0.00885,0.26162
CVE-2020-6291,0.00885,0.26162
CVE-2020-6292,0.00885,0.26162
CVE-2020-6293,0.00885,0.26162
CVE-2020-6294,0.00885,0.26162
CVE-2020-6295,0.00885,0.26162
CVE-2020-6296,0.00885,0.26162
CVE-2020-6297,0.00885,0.26162
CVE-2020-6298,0.00885,0.26162
CVE-2020-6299,0.00885,0.26162
CVE-2020-6300,0.00885,0.26162
CVE-2020-6301,0.00885,0.26162
CVE-2020-6302,0.00885,0.26162
CVE-2020-6303,0.00885,0.26162
CVE-2020-6304,0.00885,0.26162
CVE-2020-6305,0.00885,0.26162
CVE-2020-6306,0.00885,0.26162
CVE-2020-6307,0.00885,0.26162
CVE-2020-6309,0.00885,0.26162
CVE-2020-6310,0.00885,0.26162
CVE-2020-6311,0.00885,0.26162
CVE-2020-6312,0.00885,0.26162
CVE-2020-6313,0.00885,0.26162
CVE-2020-6314,0.00954,0.34522
CVE-2020-6315,0.00885,0.26162
CVE-2020-6316,0.00885,0.26162
CVE-2020-6317,0.00885,0.26162
CVE-2020-6318,0.04571,0.88388
CVE-2020-6319,0.00885,0.26162
CVE-2020-6320,0.00885,0.26162
CVE-2020-6321,0.00954,0.34522
CVE-2020-6322,0.00954,0.34522
CVE-2020-6323,0.00885,0.26162
CVE-2020-6324,0.00885,0.26162
CVE-2020-6326,0.00885,0.26162
CVE-2020-6327,0.00954,0.34522
CVE-2020-6328,0.00954,0.34522
CVE-2020-6329,0.00954,0.34522
CVE-2020-6330,0.00954,0.34522
CVE-2020-6331,0.00954,0.34522
CVE-2020-6332,0.00954,0.34522
CVE-2020-6333,0.00954,0.34522
CVE-2020-6334,0.00954,0.34522
CVE-2020-6335,0.00954,0.34522
CVE-2020-6336,0.00954,0.34522
CVE-2020-6337,0.00954,0.34522
CVE-2020-6338,0.00954,0.34522
CVE-2020-6339,0.00954,0.34522
CVE-2020-6340,0.00954,0.34522
CVE-2020-6341,0.00954,0.34522
CVE-2020-6342,0.00954,0.34522
CVE-2020-6343,0.00954,0.34522
CVE-2020-6344,0.00954,0.34522
CVE-2020-6345,0.00954,0.34522
CVE-2020-6346,0.00954,0.34522
CVE-2020-6347,0.00954,0.34522
CVE-2020-6348,0.00954,0.34522
CVE-2020-6349,0.00954,0.34522
CVE-2020-6350,0.00954,0.34522
CVE-2020-6351,0.00954,0.34522
CVE-2020-6352,0.00954,0.34522
CVE-2020-6353,0.00954,0.34522
CVE-2020-6354,0.00954,0.34522
CVE-2020-6355,0.00954,0.34522
CVE-2020-6356,0.00954,0.34522
CVE-2020-6357,0.00954,0.34522
CVE-2020-6358,0.00954,0.34522
CVE-2020-6359,0.00954,0.34522
CVE-2020-6360,0.00954,0.34522
CVE-2020-6361,0.00954,0.34522
CVE-2020-6362,0.00885,0.26162
CVE-2020-6363,0.00885,0.26162
CVE-2020-6365,0.01055,0.50287
CVE-2020-6366,0.00885,0.26162
CVE-2020-6367,0.00885,0.26162
CVE-2020-6368,0.00885,0.26162
CVE-2020-6369,0.01018,0.38792
CVE-2020-6370,0.00885,0.26162
CVE-2020-6371,0.00885,0.26162
CVE-2020-6372,0.00954,0.34522
CVE-2020-6373,0.00954,0.34522
CVE-2020-6374,0.00954,0.34522
CVE-2020-6375,0.00885,0.26162
CVE-2020-6376,0.00885,0.26162
CVE-2020-6377,0.01955,0.77585
CVE-2020-6378,0.01213,0.6557
CVE-2020-6379,0.01213,0.6557
CVE-2020-6380,0.01213,0.6557
CVE-2020-6381,0.01776,0.75902
CVE-2020-6382,0.01776,0.75902
CVE-2020-6383,0.01319,0.70416
CVE-2020-6384,0.01319,0.70416
CVE-2020-6385,0.01776,0.75902
CVE-2020-6386,0.01319,0.70416
CVE-2020-6387,0.01776,0.75902
CVE-2020-6388,0.01955,0.77585
CVE-2020-6389,0.01776,0.75902
CVE-2020-6390,0.01955,0.77585
CVE-2020-6391,0.01537,0.73595
CVE-2020-6392,0.01537,0.73595
CVE-2020-6393,0.01776,0.75902
CVE-2020-6394,0.01776,0.75902
CVE-2020-6395,0.01776,0.75902
CVE-2020-6396,0.01776,0.75902
CVE-2020-6397,0.01776,0.75902
CVE-2020-6398,0.01776,0.75902
CVE-2020-6399,0.01776,0.75902
CVE-2020-6400,0.01776,0.75902
CVE-2020-6401,0.01776,0.75902
CVE-2020-6402,0.03806,0.84842
CVE-2020-6403,0.01776,0.75902
CVE-2020-6404,0.01408,0.72072
CVE-2020-6405,0.01408,0.72072
CVE-2020-6406,0.01776,0.75902
CVE-2020-6407,0.01319,0.70416
CVE-2020-6408,0.01537,0.73595
CVE-2020-6409,0.01776,0.75902
CVE-2020-6410,0.01776,0.75902
CVE-2020-6411,0.01776,0.75902
CVE-2020-6412,0.01776,0.75902
CVE-2020-6413,0.01776,0.75902
CVE-2020-6414,0.01776,0.75902
CVE-2020-6415,0.01776,0.75902
CVE-2020-6416,0.01776,0.75902
CVE-2020-6417,0.01505,0.72763
CVE-2020-6419,0.01055,0.50287
CVE-2020-6420,0.01136,0.57949
CVE-2020-6422,0.01776,0.75902
CVE-2020-6423,0.01408,0.72072
CVE-2020-6424,0.01776,0.75902
CVE-2020-6425,0.01183,0.60428
CVE-2020-6426,0.01776,0.75902
CVE-2020-6427,0.01776,0.75902
CVE-2020-6428,0.01776,0.75902
CVE-2020-6429,0.01776,0.75902
CVE-2020-6430,0.01408,0.72072
CVE-2020-6431,0.01408,0.72072
CVE-2020-6432,0.01408,0.72072
CVE-2020-6433,0.01408,0.72072
CVE-2020-6434,0.01408,0.72072
CVE-2020-6435,0.01408,0.72072
CVE-2020-6436,0.01408,0.72072
CVE-2020-6437,0.01408,0.72072
CVE-2020-6438,0.01183,0.60428
CVE-2020-6439,0.01408,0.72072
CVE-2020-6440,0.01183,0.60428
CVE-2020-6441,0.01408,0.72072
CVE-2020-6442,0.01408,0.72072
CVE-2020-6443,0.06156,0.90255
CVE-2020-6444,0.01408,0.72072
CVE-2020-6445,0.01408,0.72072
CVE-2020-6446,0.01408,0.72072
CVE-2020-6447,0.01408,0.72072
CVE-2020-6448,0.01408,0.72072
CVE-2020-6449,0.01776,0.75902
CVE-2020-6450,0.01319,0.70416
CVE-2020-6451,0.01319,0.70416
CVE-2020-6452,0.01319,0.70416
CVE-2020-6453,0.01055,0.50287
CVE-2020-6454,0.01183,0.60428
CVE-2020-6455,0.01408,0.72072
CVE-2020-6456,0.01183,0.60428
CVE-2020-6457,0.01136,0.57949
CVE-2020-6458,0.01213,0.6557
CVE-2020-6459,0.01136,0.57949
CVE-2020-6460,0.01136,0.57949
CVE-2020-6461,0.01213,0.6557
CVE-2020-6462,0.01213,0.6557
CVE-2020-6463,0.03932,0.8519
CVE-2020-6464,0.01319,0.70416
CVE-2020-6465,0.01408,0.72072
CVE-2020-6466,0.01408,0.72072
CVE-2020-6467,0.01776,0.75902
CVE-2020-6469,0.01183,0.60428
CVE-2020-6470,0.01537,0.73595
CVE-2020-6471,0.01537,0.73595
CVE-2020-6472,0.01537,0.73595
CVE-2020-6473,0.01776,0.75902
CVE-2020-6474,0.01776,0.75902
CVE-2020-6475,0.01776,0.75902
CVE-2020-6476,0.01537,0.73595
CVE-2020-6477,0.01034,0.39824
CVE-2020-6478,0.01408,0.72072
CVE-2020-6479,0.01408,0.72072
CVE-2020-6480,0.01537,0.73595
CVE-2020-6481,0.01776,0.75902
CVE-2020-6482,0.01537,0.73595
CVE-2020-6483,0.01776,0.75902
CVE-2020-6484,0.01408,0.72072
CVE-2020-6485,0.01408,0.72072
CVE-2020-6486,0.01776,0.75902
CVE-2020-6487,0.01776,0.75902
CVE-2020-6488,0.01408,0.72072
CVE-2020-6489,0.01776,0.75902
CVE-2020-6490,0.01776,0.75902
CVE-2020-6491,0.01408,0.72072
CVE-2020-6492,0.01055,0.50287
CVE-2020-6493,0.01319,0.70416
CVE-2020-6494,0.01319,0.70416
CVE-2020-6495,0.01108,0.53389
CVE-2020-6496,0.01319,0.70416
CVE-2020-6497,0.01136,0.57949
CVE-2020-6498,0.01136,0.57949
CVE-2020-6499,0.01055,0.50287
CVE-2020-6500,0.01055,0.50287
CVE-2020-6501,0.01055,0.50287
CVE-2020-6502,0.01055,0.50287
CVE-2020-6503,0.01055,0.50287
CVE-2020-6504,0.01055,0.50287
CVE-2020-6505,0.01136,0.57949
CVE-2020-6506,0.01955,0.77585
CVE-2020-6507,0.01213,0.6557
CVE-2020-6509,0.01018,0.38792
CVE-2020-6510,0.01955,0.77585
CVE-2020-6511,0.01955,0.77585
CVE-2020-6512,0.01955,0.77585
CVE-2020-6513,0.01955,0.77585
CVE-2020-6515,0.01955,0.77585
CVE-2020-6517,0.01955,0.77585
CVE-2020-6518,0.01955,0.77585
CVE-2020-6520,0.01955,0.77585
CVE-2020-6521,0.01955,0.77585
CVE-2020-6522,0.01955,0.77585
CVE-2020-6523,0.01955,0.77585
CVE-2020-6524,0.01955,0.77585
CVE-2020-6525,0.01955,0.77585
CVE-2020-6526,0.01955,0.77585
CVE-2020-6527,0.01955,0.77585
CVE-2020-6528,0.01955,0.77585
CVE-2020-6529,0.01537,0.73595
CVE-2020-6530,0.01537,0.73595
CVE-2020-6531,0.01955,0.77585
CVE-2020-6532,0.01213,0.6557
CVE-2020-6533,0.01955,0.77585
CVE-2020-6534,0.01955,0.77585
CVE-2020-6535,0.01955,0.77585
CVE-2020-6536,0.01955,0.77585
CVE-2020-6537,0.04836,0.88802
CVE-2020-6538,0.01213,0.6557
CVE-2020-6539,0.01213,0.6557
CVE-2020-6540,0.01213,0.6557
CVE-2020-6541,0.01319,0.70416
CVE-2020-6542,0.01319,0.70416
CVE-2020-6543,0.01213,0.6557
CVE-2020-6544,0.01213,0.6557
CVE-2020-6545,0.01213,0.6557
CVE-2020-6546,0.0095,0.30554
CVE-2020-6547,0.01213,0.6557
CVE-2020-6548,0.01213,0.6557
CVE-2020-6549,0.01319,0.70416
CVE-2020-6550,0.01319,0.70416
CVE-2020-6551,0.01319,0.70416
CVE-2020-6552,0.01213,0.6557
CVE-2020-6553,0.01213,0.6557
CVE-2020-6554,0.01213,0.6557
CVE-2020-6555,0.01319,0.70416
CVE-2020-6556,0.01213,0.6557
CVE-2020-6557,0.01408,0.72072
CVE-2020-6558,0.01319,0.70416
CVE-2020-6559,0.01408,0.72072
CVE-2020-6560,0.01319,0.70416
CVE-2020-6561,0.01408,0.72072
CVE-2020-6562,0.01408,0.72072
CVE-2020-6563,0.01319,0.70416
CVE-2020-6564,0.01319,0.70416
CVE-2020-6565,0.01319,0.70416
CVE-2020-6566,0.01319,0.70416
CVE-2020-6567,0.01319,0.70416
CVE-2020-6568,0.01319,0.70416
CVE-2020-6569,0.01408,0.72072
CVE-2020-6570,0.01408,0.72072
CVE-2020-6571,0.01408,0.72072
CVE-2020-6572,0.01689,0.75137
CVE-2020-6573,0.01955,0.77585
CVE-2020-6574,0.01282,0.67298
CVE-2020-6575,0.01955,0.77585
CVE-2020-6576,0.01955,0.77585
CVE-2020-6577,0.00885,0.26162
CVE-2020-6578,0.00885,0.26162
CVE-2020-6579,0.01055,0.50287
CVE-2020-6581,0.01011,0.36346
CVE-2020-6582,0.00954,0.34522
CVE-2020-6583,0.00885,0.26162
CVE-2020-6584,0.0089,0.2856
CVE-2020-6585,0.00954,0.34522
CVE-2020-6586,0.0089,0.2856
CVE-2020-6590,0.00885,0.26162
CVE-2020-6609,0.00954,0.34522
CVE-2020-6610,0.00954,0.34522
CVE-2020-6611,0.00954,0.34522
CVE-2020-6612,0.00954,0.34522
CVE-2020-6613,0.00954,0.34522
CVE-2020-6614,0.00954,0.34522
CVE-2020-6615,0.00954,0.34522
CVE-2020-6616,0.01537,0.73595
CVE-2020-6617,0.00885,0.26162
CVE-2020-6618,0.00885,0.26162
CVE-2020-6619,0.00885,0.26162
CVE-2020-6620,0.00885,0.26162
CVE-2020-6621,0.00885,0.26162
CVE-2020-6622,0.00885,0.26162
CVE-2020-6623,0.00885,0.26162
CVE-2020-6624,0.00885,0.26162
CVE-2020-6625,0.00885,0.26162
CVE-2020-6628,0.00885,0.26162
CVE-2020-6629,0.00885,0.26162
CVE-2020-6630,0.00885,0.26162
CVE-2020-6631,0.00885,0.26162
CVE-2020-6632,0.00885,0.26162
CVE-2020-6637,0.01018,0.38792
CVE-2020-6638,0.00885,0.26162
CVE-2020-6640,0.01055,0.50287
CVE-2020-6641,0.00885,0.26162
CVE-2020-6643,0.01055,0.50287
CVE-2020-6644,0.00885,0.26162
CVE-2020-6646,0.01055,0.50287
CVE-2020-6647,0.00885,0.26162
CVE-2020-6648,0.00885,0.26162
CVE-2020-6649,0.00885,0.26162
CVE-2020-6651,0.01005,0.36332
CVE-2020-6652,0.00885,0.26162
CVE-2020-6653,0.00885,0.26162
CVE-2020-6654,0.01036,0.41241
CVE-2020-6655,0.04836,0.88802
CVE-2020-6656,0.04836,0.88802
CVE-2020-6750,0.01108,0.53389
CVE-2020-6752,0.00885,0.26162
CVE-2020-6753,0.00954,0.34522
CVE-2020-6754,0.01978,0.78447
CVE-2020-6756,0.0508,0.89022
CVE-2020-6757,0.01086,0.51674
CVE-2020-6758,0.01055,0.50287
CVE-2020-6760,0.00885,0.26162
CVE-2020-6765,0.00885,0.26162
CVE-2020-6767,0.01055,0.50287
CVE-2020-6768,0.01055,0.50287
CVE-2020-6769,0.01055,0.50287
CVE-2020-6770,0.01156,0.60033
CVE-2020-6771,0.01036,0.41241
CVE-2020-6774,0.00885,0.26162
CVE-2020-6776,0.01055,0.50287
CVE-2020-6777,0.01055,0.50287
CVE-2020-6779,0.01055,0.50287
CVE-2020-6780,0.01055,0.50287
CVE-2020-6781,0.00885,0.26162
CVE-2020-6785,0.01036,0.41241
CVE-2020-6786,0.01036,0.41241
CVE-2020-6787,0.01036,0.41241
CVE-2020-6788,0.01036,0.41241
CVE-2020-6789,0.01036,0.41241
CVE-2020-6790,0.01036,0.41241
CVE-2020-6792,0.01018,0.38792
CVE-2020-6793,0.01018,0.38792
CVE-2020-6794,0.01018,0.38792
CVE-2020-6795,0.01018,0.38792
CVE-2020-6796,0.01018,0.38792
CVE-2020-6797,0.01018,0.38792
CVE-2020-6798,0.03806,0.84842
CVE-2020-6799,0.01018,0.38792
CVE-2020-6800,0.01537,0.73595
CVE-2020-6801,0.00954,0.34522
CVE-2020-6802,0.01108,0.53389
CVE-2020-6803,0.00885,0.26162
CVE-2020-6804,0.00885,0.26162
CVE-2020-6805,0.01108,0.53389
CVE-2020-6806,0.02762,0.82156
CVE-2020-6807,0.01108,0.53389
CVE-2020-6808,0.00885,0.26162
CVE-2020-6809,0.00885,0.26162
CVE-2020-6810,0.00885,0.26162
CVE-2020-6811,0.02762,0.82156
CVE-2020-6812,0.01108,0.53389
CVE-2020-6813,0.00885,0.26162
CVE-2020-6814,0.01108,0.53389
CVE-2020-6815,0.00885,0.26162
CVE-2020-6816,0.01018,0.38792
CVE-2020-6819,0.01018,0.38792
CVE-2020-6820,0.01018,0.38792
CVE-2020-6821,0.01018,0.38792
CVE-2020-6822,0.01018,0.38792
CVE-2020-6823,0.00885,0.26162
CVE-2020-6824,0.00885,0.26162
CVE-2020-6825,0.01018,0.38792
CVE-2020-6826,0.00885,0.26162
CVE-2020-6827,0.00885,0.26162
CVE-2020-6828,0.0144,0.7265
CVE-2020-6829,0.00954,0.34522
CVE-2020-6830,0.00885,0.26162
CVE-2020-6831,0.01537,0.73595
CVE-2020-6832,0.00885,0.26162
CVE-2020-6833,0.00885,0.26162
CVE-2020-6835,0.00885,0.26162
CVE-2020-6836,0.00954,0.34522
CVE-2020-6838,0.00885,0.26162
CVE-2020-6839,0.00885,0.26162
CVE-2020-6840,0.00885,0.26162
CVE-2020-6841,0.01055,0.50287
CVE-2020-6842,0.01055,0.50287
CVE-2020-6843,0.01775,0.75672
CVE-2020-6844,0.00885,0.26162
CVE-2020-6845,0.00885,0.26162
CVE-2020-6847,0.0089,0.2856
CVE-2020-6848,0.00885,0.26162
CVE-2020-6849,0.00954,0.34522
CVE-2020-6850,0.00954,0.34522
CVE-2020-6851,0.01537,0.73595
CVE-2020-6852,0.00885,0.26162
CVE-2020-6854,0.00885,0.26162
CVE-2020-6855,0.00885,0.26162
CVE-2020-6856,0.00885,0.26162
CVE-2020-6857,0.02526,0.81076
CVE-2020-6858,0.00885,0.26162
CVE-2020-6859,0.01213,0.6557
CVE-2020-6860,0.00954,0.34522
CVE-2020-6862,0.08382,0.93597
CVE-2020-6863,0.00885,0.26162
CVE-2020-6864,0.00885,0.26162
CVE-2020-6865,0.00885,0.26162
CVE-2020-6866,0.00885,0.26162
CVE-2020-6867,0.00885,0.26162
CVE-2020-6868,0.00885,0.26162
CVE-2020-6869,0.00885,0.26162
CVE-2020-6870,0.00885,0.26162
CVE-2020-6871,0.00885,0.26162
CVE-2020-6872,0.00885,0.26162
CVE-2020-6873,0.01055,0.50287
CVE-2020-6874,0.01055,0.50287
CVE-2020-6875,0.00885,0.26162
CVE-2020-6876,0.01055,0.50287
CVE-2020-6877,0.00885,0.26162
CVE-2020-6879,0.00885,0.26162
CVE-2020-6880,0.01055,0.50287
CVE-2020-6881,0.01055,0.50287
CVE-2020-6882,0.01055,0.50287
CVE-2020-6917,0.00885,0.26162
CVE-2020-6918,0.00885,0.26162
CVE-2020-6919,0.00885,0.26162
CVE-2020-6920,0.00885,0.26162
CVE-2020-6921,0.00885,0.26162
CVE-2020-6922,0.00885,0.26162
CVE-2020-6931,0.00885,0.26162
CVE-2020-6932,0.01156,0.60033
CVE-2020-6933,0.00885,0.26162
CVE-2020-6937,0.01055,0.50287
CVE-2020-6938,0.00885,0.26162
CVE-2020-6939,0.00885,0.26162
CVE-2020-6948,0.01156,0.60033
CVE-2020-6949,0.00885,0.26162
CVE-2020-6950,0.01108,0.53389
CVE-2020-6954,0.00885,0.26162
CVE-2020-6955,0.00885,0.26162
CVE-2020-6956,0.00885,0.26162
CVE-2020-6958,0.00954,0.34522
CVE-2020-6959,0.01156,0.60033
CVE-2020-6960,0.00885,0.26162
CVE-2020-6961,0.00885,0.26162
CVE-2020-6962,0.01156,0.60033
CVE-2020-6963,0.01086,0.51674
CVE-2020-6964,0.00885,0.26162
CVE-2020-6965,0.00885,0.26162
CVE-2020-6966,0.01156,0.60033
CVE-2020-6967,0.00885,0.26162
CVE-2020-6968,0.00885,0.26162
CVE-2020-6969,0.00885,0.26162
CVE-2020-6970,0.01086,0.51674
CVE-2020-6971,0.00885,0.26162
CVE-2020-6972,0.00885,0.26162
CVE-2020-6973,0.00885,0.26162
CVE-2020-6974,0.00885,0.26162
CVE-2020-6975,0.00885,0.26162
CVE-2020-6976,0.00885,0.26162
CVE-2020-6977,0.00885,0.26162
CVE-2020-6978,0.00885,0.26162
CVE-2020-6979,0.00885,0.26162
CVE-2020-6980,0.00885,0.26162
CVE-2020-6981,0.00885,0.26162
CVE-2020-6982,0.01103,0.51945
CVE-2020-6983,0.00885,0.26162
CVE-2020-6984,0.00885,0.26162
CVE-2020-6985,0.00885,0.26162
CVE-2020-6986,0.00885,0.26162
CVE-2020-6987,0.00885,0.26162
CVE-2020-6988,0.01055,0.50287
CVE-2020-6989,0.01156,0.60033
CVE-2020-6990,0.01055,0.50287
CVE-2020-6991,0.00885,0.26162
CVE-2020-6992,0.01036,0.41241
CVE-2020-6993,0.00885,0.26162
CVE-2020-6994,0.00885,0.26162
CVE-2020-6995,0.00885,0.26162
CVE-2020-6996,0.00885,0.26162
CVE-2020-6997,0.00885,0.26162
CVE-2020-6998,0.0144,0.7265
CVE-2020-6999,0.00885,0.26162
CVE-2020-7000,0.00885,0.26162
CVE-2020-7001,0.00885,0.26162
CVE-2020-7002,0.00885,0.26162
CVE-2020-7003,0.00885,0.26162
CVE-2020-7004,0.00885,0.26162
CVE-2020-7005,0.01086,0.51674
CVE-2020-7006,0.01156,0.60033
CVE-2020-7007,0.01086,0.51674
CVE-2020-7008,0.00885,0.26162
CVE-2020-7009,0.0089,0.2856
CVE-2020-7010,0.00885,0.26162
CVE-2020-7011,0.00885,0.26162
CVE-2020-7012,0.01086,0.51674
CVE-2020-7013,0.01086,0.51674
CVE-2020-7014,0.00885,0.26162
CVE-2020-7015,0.00885,0.26162
CVE-2020-7016,0.0089,0.2856
CVE-2020-7017,0.0089,0.2856
CVE-2020-7018,0.00885,0.26162
CVE-2020-7019,0.00885,0.26162
CVE-2020-7020,0.0089,0.2856
CVE-2020-7021,0.00885,0.26162
CVE-2020-7029,0.01055,0.50287
CVE-2020-7030,0.02626,0.8126
CVE-2020-7032,0.0095,0.30554
CVE-2020-7033,0.00885,0.26162
CVE-2020-7034,0.01055,0.50287
CVE-2020-7035,0.01055,0.50287
CVE-2020-7036,0.01055,0.50287
CVE-2020-7037,0.01055,0.50287
CVE-2020-7038,0.01055,0.50287
CVE-2020-7039,0.03806,0.84842
CVE-2020-7040,0.01537,0.73595
CVE-2020-7041,0.01183,0.60428
CVE-2020-7042,0.01183,0.60428
CVE-2020-7043,0.01183,0.60428
CVE-2020-7044,0.01183,0.60428
CVE-2020-7045,0.01018,0.38792
CVE-2020-7046,0.01018,0.38792
CVE-2020-7047,0.0089,0.2856
CVE-2020-7049,0.00885,0.26162
CVE-2020-7050,0.00885,0.26162
CVE-2020-7051,0.00885,0.26162
CVE-2020-7052,0.01055,0.50287
CVE-2020-7053,0.01282,0.67298
CVE-2020-7054,0.00885,0.26162
CVE-2020-7055,0.01773,0.75668
CVE-2020-7057,0.00885,0.26162
CVE-2020-7058,0.01156,0.60033
CVE-2020-7059,0.02686,0.82061
CVE-2020-7060,0.02686,0.82061
CVE-2020-7061,0.00954,0.34522
CVE-2020-7062,0.01183,0.60428
CVE-2020-7063,0.01183,0.60428
CVE-2020-7064,0.01537,0.73595
CVE-2020-7065,0.02945,0.82534
CVE-2020-7066,0.01183,0.60428
CVE-2020-7067,0.01108,0.53389
CVE-2020-7068,0.0095,0.30554
CVE-2020-7069,0.02686,0.82061
CVE-2020-7070,0.02686,0.82061
CVE-2020-7071,0.01108,0.53389
CVE-2020-7079,0.01036,0.41241
CVE-2020-7080,0.01036,0.41241
CVE-2020-7081,0.00885,0.26162
CVE-2020-7082,0.01086,0.51674
CVE-2020-7083,0.00885,0.26162
CVE-2020-7084,0.00885,0.26162
CVE-2020-7085,0.01036,0.41241
CVE-2020-7104,0.00885,0.26162
CVE-2020-7105,0.01018,0.38792
CVE-2020-7106,0.01537,0.73595
CVE-2020-7107,0.00954,0.34522
CVE-2020-7108,0.02173,0.80027
CVE-2020-7109,0.00885,0.26162
CVE-2020-7110,0.00885,0.26162
CVE-2020-7111,0.01156,0.60033
CVE-2020-7113,0.00885,0.26162
CVE-2020-7114,0.00885,0.26162
CVE-2020-7116,0.01156,0.60033
CVE-2020-7117,0.01156,0.60033
CVE-2020-7119,0.00885,0.26162
CVE-2020-7120,0.01036,0.41241
CVE-2020-7121,0.00885,0.26162
CVE-2020-7122,0.00885,0.26162
CVE-2020-7123,0.00885,0.26162
CVE-2020-7124,0.01055,0.50287
CVE-2020-7125,0.01055,0.50287
CVE-2020-7126,0.00885,0.26162
CVE-2020-7127,0.01086,0.51674
CVE-2020-7128,0.01086,0.51674
CVE-2020-7129,0.01156,0.60033
CVE-2020-7130,0.01055,0.50287
CVE-2020-7131,0.00885,0.26162
CVE-2020-7132,0.00885,0.26162
CVE-2020-7133,0.00885,0.26162
CVE-2020-7134,0.00885,0.26162
CVE-2020-7135,0.01234,0.66258
CVE-2020-7136,0.01055,0.50287
CVE-2020-7137,0.00885,0.26162
CVE-2020-7138,0.01156,0.60033
CVE-2020-7139,0.00885,0.26162
CVE-2020-7140,0.00885,0.26162
CVE-2020-7141,0.01377,0.70912
CVE-2020-7142,0.01377,0.70912
CVE-2020-7143,0.01377,0.70912
CVE-2020-7144,0.01377,0.70912
CVE-2020-7145,0.01377,0.70912
CVE-2020-7146,0.01377,0.70912
CVE-2020-7147,0.01377,0.70912
CVE-2020-7148,0.01377,0.70912
CVE-2020-7149,0.01377,0.70912
CVE-2020-7150,0.01377,0.70912
CVE-2020-7151,0.01377,0.70912
CVE-2020-7152,0.01377,0.70912
CVE-2020-7153,0.01377,0.70912
CVE-2020-7154,0.01377,0.70912
CVE-2020-7155,0.01377,0.70912
CVE-2020-7156,0.01377,0.70912
CVE-2020-7157,0.01377,0.70912
CVE-2020-7158,0.01377,0.70912
CVE-2020-7159,0.01377,0.70912
CVE-2020-7160,0.01377,0.70912
CVE-2020-7161,0.01377,0.70912
CVE-2020-7162,0.01377,0.70912
CVE-2020-7163,0.01377,0.70912
CVE-2020-7164,0.01377,0.70912
CVE-2020-7165,0.01377,0.70912
CVE-2020-7166,0.01377,0.70912
CVE-2020-7167,0.01377,0.70912
CVE-2020-7168,0.01377,0.70912
CVE-2020-7169,0.01377,0.70912
CVE-2020-7170,0.01377,0.70912
CVE-2020-7171,0.01377,0.70912
CVE-2020-7172,0.01377,0.70912
CVE-2020-7173,0.01377,0.70912
CVE-2020-7174,0.01377,0.70912
CVE-2020-7175,0.01377,0.70912
CVE-2020-7176,0.01377,0.70912
CVE-2020-7177,0.01377,0.70912
CVE-2020-7178,0.01377,0.70912
CVE-2020-7179,0.01377,0.70912
CVE-2020-7180,0.01377,0.70912
CVE-2020-7181,0.01377,0.70912
CVE-2020-7182,0.01377,0.70912
CVE-2020-7183,0.01377,0.70912
CVE-2020-7184,0.01377,0.70912
CVE-2020-7185,0.01377,0.70912
CVE-2020-7186,0.01377,0.70912
CVE-2020-7187,0.01377,0.70912
CVE-2020-7188,0.01377,0.70912
CVE-2020-7189,0.01377,0.70912
CVE-2020-7190,0.01377,0.70912
CVE-2020-7191,0.01377,0.70912
CVE-2020-7192,0.01377,0.70912
CVE-2020-7193,0.01377,0.70912
CVE-2020-7194,0.01377,0.70912
CVE-2020-7195,0.01377,0.70912
CVE-2020-7196,0.00885,0.26162
CVE-2020-7197,0.01055,0.50287
CVE-2020-7198,0.01055,0.50287
CVE-2020-7199,0.01377,0.70912
CVE-2020-7201,0.00885,0.26162
CVE-2020-7202,0.00885,0.26162
CVE-2020-7203,0.01377,0.70912
CVE-2020-7205,0.01036,0.41241
CVE-2020-7206,0.00885,0.26162
CVE-2020-7207,0.00885,0.26162
CVE-2020-7208,0.00885,0.26162
CVE-2020-7210,0.01018,0.38792
CVE-2020-7211,0.00954,0.34522
CVE-2020-7212,0.00954,0.34522
CVE-2020-7213,0.00954,0.34522
CVE-2020-7215,0.00885,0.26162
CVE-2020-7216,0.00885,0.26162
CVE-2020-7217,0.01018,0.38792
CVE-2020-7218,0.00885,0.26162
CVE-2020-7219,0.00885,0.26162
CVE-2020-7220,0.00885,0.26162
CVE-2020-7221,0.0089,0.2856
CVE-2020-7222,0.00885,0.26162
CVE-2020-7224,0.00954,0.34522
CVE-2020-7226,0.02686,0.82061
CVE-2020-7227,0.01055,0.50287
CVE-2020-7228,0.0089,0.2856
CVE-2020-7229,0.00885,0.26162
CVE-2020-7231,0.00885,0.26162
CVE-2020-7232,0.01055,0.50287
CVE-2020-7233,0.00885,0.26162
CVE-2020-7234,0.00885,0.26162
CVE-2020-7235,0.00885,0.26162
CVE-2020-7236,0.00885,0.26162
CVE-2020-7237,0.07218,0.9208
CVE-2020-7238,0.02686,0.82061
CVE-2020-7239,0.00954,0.34522
CVE-2020-7240,0.0089,0.2856
CVE-2020-7241,0.00954,0.34522
CVE-2020-7242,0.01156,0.60033
CVE-2020-7243,0.01156,0.60033
CVE-2020-7244,0.01156,0.60033
CVE-2020-7245,0.00885,0.26162
CVE-2020-7248,0.01018,0.38792
CVE-2020-7249,0.00885,0.26162
CVE-2020-7250,0.00885,0.26162
CVE-2020-7251,0.00885,0.26162
CVE-2020-7252,0.01036,0.41241
CVE-2020-7253,0.00885,0.26162
CVE-2020-7254,0.01036,0.41241
CVE-2020-7255,0.00885,0.26162
CVE-2020-7256,0.00885,0.26162
CVE-2020-7257,0.00885,0.26162
CVE-2020-7258,0.00885,0.26162
CVE-2020-7259,0.00885,0.26162
CVE-2020-7260,0.01036,0.41241
CVE-2020-7261,0.00885,0.26162
CVE-2020-7262,0.00885,0.26162
CVE-2020-7263,0.00885,0.26162
CVE-2020-7264,0.00885,0.26162
CVE-2020-7265,0.00885,0.26162
CVE-2020-7266,0.00885,0.26162
CVE-2020-7267,0.00885,0.26162
CVE-2020-7268,0.01055,0.50287
CVE-2020-7269,0.01055,0.50287
CVE-2020-7270,0.01055,0.50287
CVE-2020-7273,0.00885,0.26162
CVE-2020-7274,0.00885,0.26162
CVE-2020-7275,0.01036,0.41241
CVE-2020-7276,0.00885,0.26162
CVE-2020-7277,0.00885,0.26162
CVE-2020-7278,0.01055,0.50287
CVE-2020-7279,0.01036,0.41241
CVE-2020-7280,0.00885,0.26162
CVE-2020-7281,0.00885,0.26162
CVE-2020-7282,0.00885,0.26162
CVE-2020-7284,0.01036,0.41241
CVE-2020-7285,0.00885,0.26162
CVE-2020-7286,0.00885,0.26162
CVE-2020-7287,0.00885,0.26162
CVE-2020-7288,0.00885,0.26162
CVE-2020-7289,0.00885,0.26162
CVE-2020-7290,0.00885,0.26162
CVE-2020-7291,0.00885,0.26162
CVE-2020-7292,0.01055,0.50287
CVE-2020-7293,0.00885,0.26162
CVE-2020-7294,0.00885,0.26162
CVE-2020-7295,0.00885,0.26162
CVE-2020-7296,0.00885,0.26162
CVE-2020-7297,0.00885,0.26162
CVE-2020-7298,0.00885,0.26162
CVE-2020-7299,0.00885,0.26162
CVE-2020-7300,0.01055,0.50287
CVE-2020-7301,0.00885,0.26162
CVE-2020-7302,0.00885,0.26162
CVE-2020-7303,0.01055,0.50287
CVE-2020-7304,0.01055,0.50287
CVE-2020-7305,0.01055,0.50287
CVE-2020-7306,0.00885,0.26162
CVE-2020-7307,0.00885,0.26162
CVE-2020-7308,0.01055,0.50287
CVE-2020-7309,0.00885,0.26162
CVE-2020-7310,0.00885,0.26162
CVE-2020-7311,0.00885,0.26162
CVE-2020-7312,0.01036,0.41241
CVE-2020-7314,0.00885,0.26162
CVE-2020-7315,0.01036,0.41241
CVE-2020-7316,0.01036,0.41241
CVE-2020-7317,0.00885,0.26162
CVE-2020-7318,0.00885,0.26162
CVE-2020-7319,0.00885,0.26162
CVE-2020-7320,0.00885,0.26162
CVE-2020-7322,0.00885,0.26162
CVE-2020-7323,0.00885,0.26162
CVE-2020-7324,0.00885,0.26162
CVE-2020-7325,0.00885,0.26162
CVE-2020-7326,0.00885,0.26162
CVE-2020-7327,0.00885,0.26162
CVE-2020-7328,0.01156,0.60033
CVE-2020-7329,0.01055,0.50287
CVE-2020-7330,0.00885,0.26162
CVE-2020-7331,0.01036,0.41241
CVE-2020-7332,0.00885,0.26162
CVE-2020-7333,0.00885,0.26162
CVE-2020-7334,0.00885,0.26162
CVE-2020-7335,0.00885,0.26162
CVE-2020-7336,0.00885,0.26162
CVE-2020-7337,0.00885,0.26162
CVE-2020-7339,0.00885,0.26162
CVE-2020-7343,0.00885,0.26162
CVE-2020-7346,0.00885,0.26162
CVE-2020-7350,0.22734,0.96467
CVE-2020-7351,0.25664,0.96885
CVE-2020-7354,0.00885,0.26162
CVE-2020-7355,0.00885,0.26162
CVE-2020-7356,0.31567,0.97479
CVE-2020-7357,0.32931,0.97534
CVE-2020-7358,0.00885,0.26162
CVE-2020-7360,0.00885,0.26162
CVE-2020-7361,0.25664,0.96885
CVE-2020-7363,0.00885,0.26162
CVE-2020-7364,0.00885,0.26162
CVE-2020-7369,0.00885,0.26162
CVE-2020-7370,0.00885,0.26162
CVE-2020-7371,0.00885,0.26162
CVE-2020-7373,0.05634,0.89764
CVE-2020-7374,0.01103,0.51945
CVE-2020-7376,0.00885,0.26162
CVE-2020-7377,0.00885,0.26162
CVE-2020-7378,0.00885,0.26162
CVE-2020-7381,0.00885,0.26162
CVE-2020-7382,0.00885,0.26162
CVE-2020-7383,0.00885,0.26162
CVE-2020-7385,0.00954,0.34522
CVE-2020-7387,0.00885,0.26162
CVE-2020-7388,0.01978,0.78447
CVE-2020-7389,0.02055,0.7893
CVE-2020-7390,0.00885,0.26162
CVE-2020-7450,0.01086,0.51674
CVE-2020-7451,0.00885,0.26162
CVE-2020-7452,0.01086,0.51674
CVE-2020-7453,0.00885,0.26162
CVE-2020-7454,0.01018,0.38792
CVE-2020-7455,0.0089,0.2856
CVE-2020-7456,0.01005,0.36332
CVE-2020-7457,0.37882,0.97845
CVE-2020-7458,0.0144,0.7265
CVE-2020-7459,0.00885,0.26162
CVE-2020-7460,0.0089,0.2856
CVE-2020-7462,0.00885,0.26162
CVE-2020-7463,0.01547,0.74085
CVE-2020-7464,0.00885,0.26162
CVE-2020-7465,0.01885,0.76424
CVE-2020-7466,0.01055,0.50287
CVE-2020-7467,0.00885,0.26162
CVE-2020-7468,0.00885,0.26162
CVE-2020-7469,0.00885,0.26162
CVE-2020-7470,0.00885,0.26162
CVE-2020-7472,0.01978,0.78447
CVE-2020-7474,0.01036,0.41241
CVE-2020-7475,0.00885,0.26162
CVE-2020-7476,0.01036,0.41241
CVE-2020-7477,0.00885,0.26162
CVE-2020-7478,0.01055,0.50287
CVE-2020-7479,0.00885,0.26162
CVE-2020-7480,0.00885,0.26162
CVE-2020-7481,0.00885,0.26162
CVE-2020-7482,0.00885,0.26162
CVE-2020-7483,0.00885,0.26162
CVE-2020-7484,0.00885,0.26162
CVE-2020-7485,0.00885,0.26162
CVE-2020-7486,0.00885,0.26162
CVE-2020-7487,0.00885,0.26162
CVE-2020-7488,0.00885,0.26162
CVE-2020-7489,0.00885,0.26162
CVE-2020-7490,0.01036,0.41241
CVE-2020-7491,0.00885,0.26162
CVE-2020-7492,0.00885,0.26162
CVE-2020-7493,0.01036,0.41241
CVE-2020-7494,0.01036,0.41241
CVE-2020-7495,0.00885,0.26162
CVE-2020-7496,0.00885,0.26162
CVE-2020-7497,0.01086,0.51674
CVE-2020-7498,0.00885,0.26162
CVE-2020-7499,0.00885,0.26162
CVE-2020-7500,0.01086,0.51674
CVE-2020-7501,0.00885,0.26162
CVE-2020-7502,0.00885,0.26162
CVE-2020-7503,0.00885,0.26162
CVE-2020-7504,0.00885,0.26162
CVE-2020-7505,0.01086,0.51674
CVE-2020-7506,0.00885,0.26162
CVE-2020-7507,0.00885,0.26162
CVE-2020-7508,0.00885,0.26162
CVE-2020-7509,0.00885,0.26162
CVE-2020-7510,0.00885,0.26162
CVE-2020-7511,0.00885,0.26162
CVE-2020-7512,0.00885,0.26162
CVE-2020-7513,0.00885,0.26162
CVE-2020-7514,0.00885,0.26162
CVE-2020-7515,0.00885,0.26162
CVE-2020-7516,0.00885,0.26162
CVE-2020-7517,0.00885,0.26162
CVE-2020-7518,0.00885,0.26162
CVE-2020-7519,0.00885,0.26162
CVE-2020-7520,0.01086,0.51674
CVE-2020-7521,0.00885,0.26162
CVE-2020-7522,0.00885,0.26162
CVE-2020-7523,0.00885,0.26162
CVE-2020-7524,0.00885,0.26162
CVE-2020-7525,0.00885,0.26162
CVE-2020-7526,0.01156,0.60033
CVE-2020-7527,0.00885,0.26162
CVE-2020-7528,0.01036,0.41241
CVE-2020-7529,0.00885,0.26162
CVE-2020-7530,0.00885,0.26162
CVE-2020-7531,0.00885,0.26162
CVE-2020-7532,0.01036,0.41241
CVE-2020-7533,0.01086,0.51674
CVE-2020-7534,0.00885,0.26162
CVE-2020-7535,0.00885,0.26162
CVE-2020-7536,0.00885,0.26162
CVE-2020-7537,0.00885,0.26162
CVE-2020-7538,0.00885,0.26162
CVE-2020-7539,0.00885,0.26162
CVE-2020-7540,0.01086,0.51674
CVE-2020-7541,0.00885,0.26162
CVE-2020-7542,0.00885,0.26162
CVE-2020-7543,0.00885,0.26162
CVE-2020-7544,0.00885,0.26162
CVE-2020-7545,0.01086,0.51674
CVE-2020-7546,0.00885,0.26162
CVE-2020-7547,0.00885,0.26162
CVE-2020-7548,0.00885,0.26162
CVE-2020-7549,0.00885,0.26162
CVE-2020-7550,0.01611,0.74874
CVE-2020-7551,0.01103,0.51945
CVE-2020-7552,0.01103,0.51945
CVE-2020-7553,0.01611,0.74874
CVE-2020-7554,0.01611,0.74874
CVE-2020-7555,0.01611,0.74874
CVE-2020-7556,0.01611,0.74874
CVE-2020-7557,0.01611,0.74874
CVE-2020-7558,0.01611,0.74874
CVE-2020-7559,0.00885,0.26162
CVE-2020-7560,0.01036,0.41241
CVE-2020-7561,0.0144,0.7265
CVE-2020-7562,0.00885,0.26162
CVE-2020-7563,0.01086,0.51674
CVE-2020-7564,0.01086,0.51674
CVE-2020-7565,0.00885,0.26162
CVE-2020-7566,0.00885,0.26162
CVE-2020-7567,0.00885,0.26162
CVE-2020-7568,0.00885,0.26162
CVE-2020-7569,0.01156,0.60033
CVE-2020-7570,0.01055,0.50287
CVE-2020-7571,0.01055,0.50287
CVE-2020-7572,0.01055,0.50287
CVE-2020-7573,0.01055,0.50287
CVE-2020-7574,0.00885,0.26162
CVE-2020-7575,0.00885,0.26162
CVE-2020-7576,0.01086,0.51674
CVE-2020-7577,0.01086,0.51674
CVE-2020-7578,0.01086,0.51674
CVE-2020-7579,0.00885,0.26162
CVE-2020-7580,0.00885,0.26162
CVE-2020-7581,0.01036,0.41241
CVE-2020-7583,0.00885,0.26162
CVE-2020-7584,0.00885,0.26162
CVE-2020-7585,0.01365,0.70715
CVE-2020-7586,0.0089,0.2856
CVE-2020-7587,0.01086,0.51674
CVE-2020-7588,0.01086,0.51674
CVE-2020-7589,0.00885,0.26162
CVE-2020-7590,0.00885,0.26162
CVE-2020-7591,0.00885,0.26162
CVE-2020-7592,0.00885,0.26162
CVE-2020-7593,0.01978,0.78447
CVE-2020-7594,0.01055,0.50287
CVE-2020-7595,0.02686,0.82061
CVE-2020-7596,0.01055,0.50287
CVE-2020-7597,0.01055,0.50287
CVE-2020-7598,0.00885,0.26162
CVE-2020-7599,0.00885,0.26162
CVE-2020-7600,0.00885,0.26162
CVE-2020-7601,0.01086,0.51674
CVE-2020-7602,0.01086,0.51674
CVE-2020-7603,0.01086,0.51674
CVE-2020-7604,0.01086,0.51674
CVE-2020-7605,0.01086,0.51674
CVE-2020-7606,0.01086,0.51674
CVE-2020-7607,0.01086,0.51674
CVE-2020-7608,0.00885,0.26162
CVE-2020-7609,0.00885,0.26162
CVE-2020-7610,0.00885,0.26162
CVE-2020-7611,0.00954,0.34522
CVE-2020-7613,0.02055,0.7893
CVE-2020-7614,0.02055,0.7893
CVE-2020-7615,0.01005,0.35949
CVE-2020-7616,0.00885,0.26162
CVE-2020-7617,0.00885,0.26162
CVE-2020-7618,0.00885,0.26162
CVE-2020-7619,0.02055,0.7893
CVE-2020-7620,0.02055,0.7893
CVE-2020-7621,0.0144,0.7265
CVE-2020-7622,0.00954,0.34522
CVE-2020-7623,0.0144,0.7265
CVE-2020-7624,0.0144,0.7265
CVE-2020-7625,0.0144,0.7265
CVE-2020-7626,0.0144,0.7265
CVE-2020-7627,0.0144,0.7265
CVE-2020-7628,0.02055,0.7893
CVE-2020-7629,0.0144,0.7265
CVE-2020-7630,0.0144,0.7265
CVE-2020-7631,0.0144,0.7265
CVE-2020-7632,0.0144,0.7265
CVE-2020-7633,0.0144,0.7265
CVE-2020-7634,0.02055,0.7893
CVE-2020-7635,0.0144,0.7265
CVE-2020-7636,0.0144,0.7265
CVE-2020-7637,0.00885,0.26162
CVE-2020-7639,0.00885,0.26162
CVE-2020-7640,0.0144,0.7265
CVE-2020-7641,0.00885,0.26162
CVE-2020-7642,0.0144,0.7265
CVE-2020-7643,0.00885,0.26162
CVE-2020-7644,0.00885,0.26162
CVE-2020-7645,0.01086,0.51674
CVE-2020-7646,0.00885,0.26162
CVE-2020-7647,0.00954,0.34522
CVE-2020-7648,0.00885,0.26162
CVE-2020-7649,0.0089,0.2856
CVE-2020-7650,0.00885,0.26162
CVE-2020-7651,0.00885,0.26162
CVE-2020-7652,0.00885,0.26162
CVE-2020-7653,0.00885,0.26162
CVE-2020-7654,0.00885,0.26162
CVE-2020-7655,0.00885,0.26162
CVE-2020-7656,0.00954,0.34522
CVE-2020-7658,0.00885,0.26162
CVE-2020-7659,0.00885,0.26162
CVE-2020-7660,0.01055,0.50287
CVE-2020-7661,0.00885,0.26162
CVE-2020-7662,0.01018,0.38792
CVE-2020-7663,0.01108,0.53389
CVE-2020-7664,0.00885,0.26162
CVE-2020-7665,0.00885,0.26162
CVE-2020-7666,0.00885,0.26162
CVE-2020-7667,0.00885,0.26162
CVE-2020-7668,0.00885,0.26162
CVE-2020-7669,0.00885,0.26162
CVE-2020-7670,0.00954,0.34522
CVE-2020-7671,0.00885,0.26162
CVE-2020-7672,0.01086,0.51674
CVE-2020-7673,0.01086,0.51674
CVE-2020-7674,0.01086,0.51674
CVE-2020-7675,0.01086,0.51674
CVE-2020-7677,0.01018,0.38792
CVE-2020-7678,0.00885,0.26162
CVE-2020-7679,0.00954,0.34522
CVE-2020-7680,0.02507,0.80895
CVE-2020-7681,0.00885,0.26162
CVE-2020-7682,0.00885,0.26162
CVE-2020-7683,0.00885,0.26162
CVE-2020-7684,0.00885,0.26162
CVE-2020-7685,0.00885,0.26162
CVE-2020-7686,0.00885,0.26162
CVE-2020-7687,0.00885,0.26162
CVE-2020-7688,0.0089,0.2856
CVE-2020-7689,0.01018,0.38792
CVE-2020-7690,0.00885,0.26162
CVE-2020-7691,0.01018,0.38792
CVE-2020-7692,0.01108,0.53389
CVE-2020-7694,0.00885,0.26162
CVE-2020-7695,0.00885,0.26162
CVE-2020-7696,0.00954,0.34522
CVE-2020-7697,0.00885,0.26162
CVE-2020-7698,0.00885,0.26162
CVE-2020-7700,0.00885,0.26162
CVE-2020-7701,0.00885,0.26162
CVE-2020-7702,0.00885,0.26162
CVE-2020-7703,0.00885,0.26162
CVE-2020-7704,0.00885,0.26162
CVE-2020-7705,0.00954,0.34522
CVE-2020-7706,0.00885,0.26162
CVE-2020-7707,0.00954,0.34522
CVE-2020-7708,0.00954,0.34522
CVE-2020-7709,0.0089,0.2856
CVE-2020-7710,0.00885,0.26162
CVE-2020-7711,0.00885,0.26162
CVE-2020-7712,0.01791,0.76026
CVE-2020-7713,0.00885,0.26162
CVE-2020-7714,0.00885,0.26162
CVE-2020-7715,0.00885,0.26162
CVE-2020-7716,0.00885,0.26162
CVE-2020-7717,0.00885,0.26162
CVE-2020-7718,0.00885,0.26162
CVE-2020-7719,0.00885,0.26162
CVE-2020-7720,0.00954,0.34522
CVE-2020-7721,0.00885,0.26162
CVE-2020-7722,0.00885,0.26162
CVE-2020-7723,0.00885,0.26162
CVE-2020-7724,0.00885,0.26162
CVE-2020-7725,0.00885,0.26162
CVE-2020-7726,0.00885,0.26162
CVE-2020-7727,0.00885,0.26162
CVE-2020-7729,0.02422,0.80762
CVE-2020-7730,0.02055,0.7893
CVE-2020-7731,0.00885,0.26162
CVE-2020-7733,0.01018,0.38792
CVE-2020-7734,0.0095,0.30554
CVE-2020-7735,0.02055,0.7893
CVE-2020-7736,0.00885,0.26162
CVE-2020-7737,0.00885,0.26162
CVE-2020-7738,0.01086,0.51674
CVE-2020-7739,0.00885,0.26162
CVE-2020-7740,0.00885,0.26162
CVE-2020-7741,0.00954,0.34522
CVE-2020-7742,0.00885,0.26162
CVE-2020-7743,0.01108,0.53389
CVE-2020-7744,0.00954,0.34522
CVE-2020-7745,0.02509,0.81058
CVE-2020-7746,0.01018,0.38792
CVE-2020-7747,0.00885,0.26162
CVE-2020-7748,0.00954,0.34522
CVE-2020-7749,0.0089,0.2856
CVE-2020-7751,0.00885,0.26162
CVE-2020-7753,0.01183,0.60428
CVE-2020-7754,0.01018,0.38792
CVE-2020-7755,0.00885,0.26162
CVE-2020-7757,0.00885,0.26162
CVE-2020-7758,0.01018,0.38792
CVE-2020-7759,0.00885,0.26162
CVE-2020-7760,0.01537,0.73595
CVE-2020-7761,0.00885,0.26162
CVE-2020-7762,0.00885,0.26162
CVE-2020-7763,0.00885,0.26162
CVE-2020-7764,0.00885,0.26162
CVE-2020-7765,0.00954,0.34522
CVE-2020-7766,0.00954,0.34522
CVE-2020-7767,0.00885,0.26162
CVE-2020-7768,0.01018,0.38792
CVE-2020-7769,0.01018,0.38792
CVE-2020-7770,0.00885,0.26162
CVE-2020-7771,0.00885,0.26162
CVE-2020-7772,0.00954,0.34522
CVE-2020-7773,0.00954,0.34522
CVE-2020-7774,0.01108,0.53389
CVE-2020-7775,0.00885,0.26162
CVE-2020-7776,0.0089,0.2856
CVE-2020-7777,0.0144,0.7265
CVE-2020-7778,0.01018,0.38792
CVE-2020-7779,0.00885,0.26162
CVE-2020-7780,0.01108,0.53389
CVE-2020-7781,0.00885,0.26162
CVE-2020-7782,0.00954,0.34522
CVE-2020-7784,0.00885,0.26162
CVE-2020-7785,0.00954,0.34522
CVE-2020-7786,0.00885,0.26162
CVE-2020-7787,0.00885,0.26162
CVE-2020-7788,0.00954,0.34522
CVE-2020-7789,0.00954,0.34522
CVE-2020-7790,0.00885,0.26162
CVE-2020-7791,0.01537,0.73595
CVE-2020-7792,0.01018,0.38792
CVE-2020-7793,0.01018,0.38792
CVE-2020-7794,0.00885,0.26162
CVE-2020-7795,0.02359,0.80663
CVE-2020-7796,0.00885,0.26162
CVE-2020-7800,0.00885,0.26162
CVE-2020-7801,0.00885,0.26162
CVE-2020-7802,0.00885,0.26162
CVE-2020-7803,0.0144,0.7265
CVE-2020-7804,0.00885,0.26162
CVE-2020-7805,0.02055,0.7893
CVE-2020-7806,0.01978,0.78447
CVE-2020-7807,0.00885,0.26162
CVE-2020-7808,0.00885,0.26162
CVE-2020-7809,0.01055,0.50287
CVE-2020-7810,0.01055,0.50287
CVE-2020-7811,0.00885,0.26162
CVE-2020-7812,0.01978,0.78447
CVE-2020-7813,0.01978,0.78447
CVE-2020-7814,0.01086,0.51674
CVE-2020-7815,0.0144,0.7265
CVE-2020-7816,0.01103,0.51945
CVE-2020-7817,0.00885,0.26162
CVE-2020-7818,0.01005,0.36332
CVE-2020-7819,0.01055,0.50287
CVE-2020-7820,0.01978,0.78447
CVE-2020-7821,0.01978,0.78447
CVE-2020-7822,0.01005,0.36332
CVE-2020-7823,0.01005,0.36332
CVE-2020-7824,0.01055,0.50287
CVE-2020-7825,0.01086,0.51674
CVE-2020-7826,0.01086,0.51674
CVE-2020-7827,0.01036,0.41241
CVE-2020-7828,0.01036,0.41241
CVE-2020-7829,0.01036,0.41241
CVE-2020-7830,0.00885,0.26162
CVE-2020-7831,0.01086,0.51674
CVE-2020-7832,0.00885,0.26162
CVE-2020-7836,0.00885,0.26162
CVE-2020-7837,0.00885,0.26162
CVE-2020-7838,0.01086,0.51674
CVE-2020-7839,0.02055,0.7893
CVE-2020-7841,0.01086,0.51674
CVE-2020-7842,0.01086,0.51674
CVE-2020-7845,0.01978,0.78447
CVE-2020-7846,0.01086,0.51674
CVE-2020-7847,0.01359,0.70564
CVE-2020-7848,0.01005,0.35949
CVE-2020-7849,0.01086,0.51674
CVE-2020-7850,0.01055,0.50287
CVE-2020-7851,0.01055,0.50287
CVE-2020-7852,0.01036,0.41241
CVE-2020-7853,0.01086,0.51674
CVE-2020-7856,0.00885,0.26162
CVE-2020-7857,0.00885,0.26162
CVE-2020-7858,0.00885,0.26162
CVE-2020-7860,0.01036,0.41241
CVE-2020-7861,0.01086,0.51674
CVE-2020-7862,0.01055,0.50287
CVE-2020-7863,0.0144,0.7265
CVE-2020-7864,0.01338,0.70562
CVE-2020-7865,0.00885,0.26162
CVE-2020-7866,0.00885,0.26162
CVE-2020-7867,0.01036,0.41241
CVE-2020-7868,0.01156,0.60033
CVE-2020-7869,0.01055,0.50287
CVE-2020-7870,0.00885,0.26162
CVE-2020-7871,0.00885,0.26162
CVE-2020-7872,0.01036,0.41241
CVE-2020-7873,0.01086,0.51674
CVE-2020-7874,0.01086,0.51674
CVE-2020-7875,0.01156,0.60033
CVE-2020-7877,0.00885,0.26162
CVE-2020-7878,0.01086,0.51674
CVE-2020-7879,0.01055,0.50287
CVE-2020-7880,0.01055,0.50287
CVE-2020-7881,0.01156,0.60033
CVE-2020-7882,0.00885,0.26162
CVE-2020-7883,0.01156,0.60033
CVE-2020-7904,0.00885,0.26162
CVE-2020-7905,0.00885,0.26162
CVE-2020-7906,0.00885,0.26162
CVE-2020-7907,0.00885,0.26162
CVE-2020-7908,0.00885,0.26162
CVE-2020-7909,0.00885,0.26162
CVE-2020-7910,0.00885,0.26162
CVE-2020-7911,0.00885,0.26162
CVE-2020-7912,0.00885,0.26162
CVE-2020-7913,0.00885,0.26162
CVE-2020-7914,0.00885,0.26162
CVE-2020-7915,0.00885,0.26162
CVE-2020-7916,0.00885,0.26162
CVE-2020-7918,0.01055,0.50287
CVE-2020-7919,0.01108,0.53389
CVE-2020-7920,0.01018,0.38792
CVE-2020-7921,0.00885,0.26162
CVE-2020-7922,0.00885,0.26162
CVE-2020-7923,0.00885,0.26162
CVE-2020-7924,0.00885,0.26162
CVE-2020-7925,0.00885,0.26162
CVE-2020-7926,0.00885,0.26162
CVE-2020-7927,0.00885,0.26162
CVE-2020-7928,0.00885,0.26162
CVE-2020-7929,0.00885,0.26162
CVE-2020-7932,0.00885,0.26162
CVE-2020-7935,0.01086,0.51674
CVE-2020-7936,0.01018,0.38792
CVE-2020-7937,0.0095,0.30554
CVE-2020-7938,0.0095,0.30554
CVE-2020-7939,0.0095,0.30554
CVE-2020-7940,0.01018,0.38792
CVE-2020-7941,0.01018,0.38792
CVE-2020-7942,0.00885,0.26162
CVE-2020-7943,0.00885,0.26162
CVE-2020-7944,0.00885,0.26162
CVE-2020-7945,0.00885,0.26162
CVE-2020-7947,0.01018,0.38792
CVE-2020-7948,0.0095,0.30554
CVE-2020-7949,0.02984,0.82796
CVE-2020-7950,0.01103,0.51945
CVE-2020-7951,0.01103,0.51945
CVE-2020-7952,0.01103,0.51945
CVE-2020-7953,0.00885,0.26162
CVE-2020-7954,0.01005,0.36332
CVE-2020-7955,0.00885,0.26162
CVE-2020-7956,0.00885,0.26162
CVE-2020-7957,0.01018,0.38792
CVE-2020-7958,0.01036,0.41241
CVE-2020-7959,0.08382,0.93597
CVE-2020-7962,0.00885,0.26162
CVE-2020-7964,0.00885,0.26162
CVE-2020-7965,0.00885,0.26162
CVE-2020-7966,0.00885,0.26162
CVE-2020-7967,0.00885,0.26162
CVE-2020-7968,0.00885,0.26162
CVE-2020-7969,0.00885,0.26162
CVE-2020-7971,0.00885,0.26162
CVE-2020-7972,0.00885,0.26162
CVE-2020-7973,0.00954,0.34522
CVE-2020-7974,0.00885,0.26162
CVE-2020-7976,0.00885,0.26162
CVE-2020-7977,0.00885,0.26162
CVE-2020-7978,0.00885,0.26162
CVE-2020-7979,0.00885,0.26162
CVE-2020-7981,0.00885,0.26162
CVE-2020-7982,0.01018,0.38792
CVE-2020-7983,0.01055,0.50287
CVE-2020-7984,0.01408,0.72072
CVE-2020-7988,0.00885,0.26162
CVE-2020-7989,0.00885,0.26162
CVE-2020-7990,0.00885,0.26162
CVE-2020-7991,0.08382,0.93597
CVE-2020-7993,0.01055,0.50287
CVE-2020-7994,0.01055,0.50287
CVE-2020-7995,0.00954,0.34522
CVE-2020-7996,0.00885,0.26162
CVE-2020-7997,0.00885,0.26162
CVE-2020-7998,0.00885,0.26162
CVE-2020-7999,0.00885,0.26162
CVE-2020-8000,0.00885,0.26162
CVE-2020-8001,0.00885,0.26162
CVE-2020-8002,0.0089,0.2856
CVE-2020-8003,0.0095,0.30554
CVE-2020-8009,0.00885,0.26162
CVE-2020-8010,0.01136,0.57949
CVE-2020-8011,0.01055,0.50287
CVE-2020-8013,0.00885,0.26162
CVE-2020-8014,0.00885,0.26162
CVE-2020-8015,0.00885,0.26162
CVE-2020-8016,0.00885,0.26162
CVE-2020-8017,0.00885,0.26162
CVE-2020-8018,0.00885,0.26162
CVE-2020-8019,0.00885,0.26162
CVE-2020-8020,0.01055,0.50287
CVE-2020-8021,0.01055,0.50287
CVE-2020-8022,0.01627,0.74906
CVE-2020-8023,0.00885,0.26162
CVE-2020-8024,0.00885,0.26162
CVE-2020-8025,0.01036,0.41241
CVE-2020-8026,0.0095,0.30554
CVE-2020-8027,0.00885,0.26162
CVE-2020-8028,0.00885,0.26162
CVE-2020-8029,0.00885,0.26162
CVE-2020-8030,0.00885,0.26162
CVE-2020-8031,0.01055,0.50287
CVE-2020-8032,0.00885,0.26162
CVE-2020-8033,0.00885,0.26162
CVE-2020-8034,0.01018,0.38792
CVE-2020-8035,0.00954,0.34522
CVE-2020-8036,0.00885,0.26162
CVE-2020-8037,0.01183,0.60428
CVE-2020-8086,0.01018,0.38792
CVE-2020-8087,0.01156,0.60033
CVE-2020-8088,0.00885,0.26162
CVE-2020-8089,0.00885,0.26162
CVE-2020-8090,0.00885,0.26162
CVE-2020-8092,0.00885,0.26162
CVE-2020-8093,0.01036,0.41241
CVE-2020-8095,0.00885,0.26162
CVE-2020-8096,0.00885,0.26162
CVE-2020-8097,0.00885,0.26162
CVE-2020-8099,0.00885,0.26162
CVE-2020-8100,0.00885,0.26162
CVE-2020-8101,0.01005,0.35949
CVE-2020-8102,0.00885,0.26162
CVE-2020-8105,0.01005,0.35949
CVE-2020-8107,0.00885,0.26162
CVE-2020-8108,0.00885,0.26162
CVE-2020-8109,0.00885,0.26162
CVE-2020-8110,0.00885,0.26162
CVE-2020-8112,0.01537,0.73595
CVE-2020-8113,0.00954,0.34522
CVE-2020-8114,0.00954,0.34522
CVE-2020-8117,0.00885,0.26162
CVE-2020-8118,0.0095,0.30554
CVE-2020-8119,0.0095,0.30554
CVE-2020-8120,0.00885,0.26162
CVE-2020-8121,0.00885,0.26162
CVE-2020-8122,0.00885,0.26162
CVE-2020-8123,0.00885,0.26162
CVE-2020-8124,0.00885,0.26162
CVE-2020-8125,0.01156,0.60033
CVE-2020-8126,0.01036,0.41241
CVE-2020-8127,0.00885,0.26162
CVE-2020-8128,0.01086,0.51674
CVE-2020-8129,0.01086,0.51674
CVE-2020-8130,0.01174,0.60051
CVE-2020-8131,0.0144,0.7265
CVE-2020-8132,0.00885,0.26162
CVE-2020-8133,0.00885,0.26162
CVE-2020-8134,0.00885,0.26162
CVE-2020-8136,0.00885,0.26162
CVE-2020-8137,0.01156,0.60033
CVE-2020-8138,0.00885,0.26162
CVE-2020-8139,0.0089,0.2856
CVE-2020-8140,0.00885,0.26162
CVE-2020-8141,0.00885,0.26162
CVE-2020-8142,0.00885,0.26162
CVE-2020-8143,0.01055,0.50287
CVE-2020-8144,0.00885,0.26162
CVE-2020-8145,0.00885,0.26162
CVE-2020-8146,0.00885,0.26162
CVE-2020-8147,0.01156,0.60033
CVE-2020-8148,0.00885,0.26162
CVE-2020-8149,0.00885,0.26162
CVE-2020-8151,0.00885,0.26162
CVE-2020-8153,0.0089,0.2856
CVE-2020-8154,0.01034,0.39824
CVE-2020-8155,0.01034,0.39824
CVE-2020-8156,0.00885,0.26162
CVE-2020-8157,0.00885,0.26162
CVE-2020-8158,0.00885,0.26162
CVE-2020-8159,0.01978,0.78447
CVE-2020-8160,0.00885,0.26162
CVE-2020-8161,0.01018,0.38792
CVE-2020-8162,0.00954,0.34522
CVE-2020-8164,0.01183,0.60428
CVE-2020-8166,0.00954,0.34522
CVE-2020-8167,0.00954,0.34522
CVE-2020-8168,0.00954,0.34522
CVE-2020-8169,0.01018,0.38792
CVE-2020-8170,0.00954,0.34522
CVE-2020-8171,0.05634,0.89764
CVE-2020-8172,0.01537,0.73595
CVE-2020-8173,0.00885,0.26162
CVE-2020-8174,0.01108,0.53389
CVE-2020-8176,0.00885,0.26162
CVE-2020-8177,0.0095,0.30554
CVE-2020-8178,0.02055,0.7893
CVE-2020-8179,0.00885,0.26162
CVE-2020-8180,0.00885,0.26162
CVE-2020-8181,0.00885,0.26162
CVE-2020-8182,0.00885,0.26162
CVE-2020-8183,0.00885,0.26162
CVE-2020-8184,0.01018,0.38792
CVE-2020-8185,0.0089,0.2856
CVE-2020-8186,0.01156,0.60033
CVE-2020-8187,0.00885,0.26162
CVE-2020-8188,0.0089,0.2856
CVE-2020-8189,0.0089,0.2856
CVE-2020-8190,0.00885,0.26162
CVE-2020-8191,0.02278,0.80598
CVE-2020-8192,0.00885,0.26162
CVE-2020-8194,0.03923,0.84991
CVE-2020-8197,0.00885,0.26162
CVE-2020-8198,0.00885,0.26162
CVE-2020-8199,0.00885,0.26162
CVE-2020-8200,0.00885,0.26162
CVE-2020-8201,0.01108,0.53389
CVE-2020-8202,0.00885,0.26162
CVE-2020-8204,0.00885,0.26162
CVE-2020-8206,0.00885,0.26162
CVE-2020-8207,0.01086,0.51674
CVE-2020-8208,0.00885,0.26162
CVE-2020-8210,0.00885,0.26162
CVE-2020-8211,0.00885,0.26162
CVE-2020-8212,0.00885,0.26162
CVE-2020-8213,0.00885,0.26162
CVE-2020-8214,0.00885,0.26162
CVE-2020-8215,0.01086,0.51674
CVE-2020-8216,0.00885,0.26162
CVE-2020-8217,0.00885,0.26162
CVE-2020-8219,0.00885,0.26162
CVE-2020-8220,0.02055,0.7893
CVE-2020-8221,0.00885,0.26162
CVE-2020-8222,0.00885,0.26162
CVE-2020-8223,0.01018,0.38792
CVE-2020-8224,0.0089,0.2856
CVE-2020-8225,0.00885,0.26162
CVE-2020-8226,0.00885,0.26162
CVE-2020-8227,0.0089,0.2856
CVE-2020-8228,0.00954,0.34522
CVE-2020-8229,0.00885,0.26162
CVE-2020-8230,0.00885,0.26162
CVE-2020-8231,0.01183,0.60428
CVE-2020-8232,0.0089,0.2856
CVE-2020-8233,0.02204,0.80286
CVE-2020-8234,0.02211,0.80357
CVE-2020-8235,0.00885,0.26162
CVE-2020-8236,0.00885,0.26162
CVE-2020-8237,0.00885,0.26162
CVE-2020-8238,0.00885,0.26162
CVE-2020-8240,0.00885,0.26162
CVE-2020-8242,0.00885,0.26162
CVE-2020-8243,0.01086,0.51674
CVE-2020-8244,0.00885,0.26162
CVE-2020-8245,0.00885,0.26162
CVE-2020-8246,0.00885,0.26162
CVE-2020-8247,0.00885,0.26162
CVE-2020-8248,0.00885,0.26162
CVE-2020-8249,0.00885,0.26162
CVE-2020-8250,0.00885,0.26162
CVE-2020-8251,0.01018,0.38792
CVE-2020-8252,0.01104,0.52279
CVE-2020-8253,0.00885,0.26162
CVE-2020-8254,0.01156,0.60033
CVE-2020-8256,0.00885,0.26162
CVE-2020-8257,0.00885,0.26162
CVE-2020-8258,0.00885,0.26162
CVE-2020-8259,0.00885,0.26162
CVE-2020-8260,0.12989,0.95425
CVE-2020-8261,0.00885,0.26162
CVE-2020-8262,0.00885,0.26162
CVE-2020-8263,0.00885,0.26162
CVE-2020-8264,0.00885,0.26162
CVE-2020-8265,0.01537,0.73595
CVE-2020-8267,0.00954,0.34522
CVE-2020-8268,0.00885,0.26162
CVE-2020-8269,0.01086,0.51674
CVE-2020-8270,0.01086,0.51674
CVE-2020-8271,0.01156,0.60033
CVE-2020-8272,0.00885,0.26162
CVE-2020-8273,0.00885,0.26162
CVE-2020-8274,0.01086,0.51674
CVE-2020-8275,0.01086,0.51674
CVE-2020-8276,0.00885,0.26162
CVE-2020-8278,0.00885,0.26162
CVE-2020-8279,0.00885,0.26162
CVE-2020-8280,0.00885,0.26162
CVE-2020-8281,0.00885,0.26162
CVE-2020-8282,0.01156,0.60033
CVE-2020-8283,0.01086,0.51674
CVE-2020-8284,0.02686,0.82061
CVE-2020-8285,0.02686,0.82061
CVE-2020-8286,0.02686,0.82061
CVE-2020-8288,0.0089,0.2856
CVE-2020-8291,0.00885,0.26162
CVE-2020-8292,0.00885,0.26162
CVE-2020-8293,0.00885,0.26162
CVE-2020-8294,0.0144,0.7265
CVE-2020-8295,0.00885,0.26162
CVE-2020-8296,0.0095,0.30554
CVE-2020-8297,0.0089,0.2856
CVE-2020-8298,0.02211,0.80357
CVE-2020-8299,0.00885,0.26162
CVE-2020-8300,0.00885,0.26162
CVE-2020-8315,0.00885,0.26162
CVE-2020-8316,0.00885,0.26162
CVE-2020-8317,0.01036,0.41241
CVE-2020-8318,0.01036,0.41241
CVE-2020-8319,0.01036,0.41241
CVE-2020-8320,0.00885,0.26162
CVE-2020-8321,0.01036,0.41241
CVE-2020-8322,0.01036,0.41241
CVE-2020-8323,0.01036,0.41241
CVE-2020-8324,0.00885,0.26162
CVE-2020-8326,0.01036,0.41241
CVE-2020-8327,0.01036,0.41241
CVE-2020-8329,0.01055,0.50287
CVE-2020-8330,0.01055,0.50287
CVE-2020-8332,0.01036,0.41241
CVE-2020-8333,0.01036,0.41241
CVE-2020-8334,0.00885,0.26162
CVE-2020-8335,0.00885,0.26162
CVE-2020-8336,0.00885,0.26162
CVE-2020-8337,0.01005,0.36332
CVE-2020-8338,0.01036,0.41241
CVE-2020-8339,0.00885,0.26162
CVE-2020-8340,0.00885,0.26162
CVE-2020-8341,0.00885,0.26162
CVE-2020-8342,0.00885,0.26162
CVE-2020-8345,0.00885,0.26162
CVE-2020-8346,0.00885,0.26162
CVE-2020-8347,0.01086,0.51674
CVE-2020-8348,0.01086,0.51674
CVE-2020-8349,0.01156,0.60033
CVE-2020-8350,0.00885,0.26162
CVE-2020-8351,0.01036,0.41241
CVE-2020-8352,0.00885,0.26162
CVE-2020-8353,0.00885,0.26162
CVE-2020-8354,0.01036,0.41241
CVE-2020-8355,0.00885,0.26162
CVE-2020-8356,0.00885,0.26162
CVE-2020-8357,0.00885,0.26162
CVE-2020-8416,0.08944,0.93724
CVE-2020-8419,0.00885,0.26162
CVE-2020-8420,0.00885,0.26162
CVE-2020-8421,0.00885,0.26162
CVE-2020-8422,0.00885,0.26162
CVE-2020-8423,0.01978,0.78447
CVE-2020-8424,0.00885,0.26162
CVE-2020-8425,0.00885,0.26162
CVE-2020-8426,0.0089,0.2856
CVE-2020-8427,0.00885,0.26162
CVE-2020-8428,0.01547,0.74085
CVE-2020-8429,0.00885,0.26162
CVE-2020-8430,0.01018,0.38792
CVE-2020-8432,0.02509,0.81058
CVE-2020-8434,0.00885,0.26162
CVE-2020-8435,0.0089,0.2856
CVE-2020-8436,0.00954,0.34522
CVE-2020-8437,0.01213,0.6557
CVE-2020-8438,0.00885,0.26162
CVE-2020-8439,0.01055,0.50287
CVE-2020-8440,0.01156,0.60033
CVE-2020-8441,0.05634,0.89764
CVE-2020-8442,0.0095,0.30554
CVE-2020-8443,0.01018,0.38792
CVE-2020-8444,0.01018,0.38792
CVE-2020-8445,0.01018,0.38792
CVE-2020-8446,0.0095,0.30554
CVE-2020-8447,0.01018,0.38792
CVE-2020-8448,0.0095,0.30554
CVE-2020-8449,0.02686,0.82061
CVE-2020-8450,0.02686,0.82061
CVE-2020-8461,0.00885,0.26162
CVE-2020-8462,0.00885,0.26162
CVE-2020-8463,0.00885,0.26162
CVE-2020-8464,0.00885,0.26162
CVE-2020-8465,0.0144,0.7265
CVE-2020-8466,0.02055,0.7893
CVE-2020-8467,0.01978,0.78447
CVE-2020-8468,0.0095,0.30554
CVE-2020-8469,0.00885,0.26162
CVE-2020-8470,0.01018,0.38792
CVE-2020-8471,0.01365,0.70715
CVE-2020-8472,0.00885,0.26162
CVE-2020-8473,0.00885,0.26162
CVE-2020-8474,0.00885,0.26162
CVE-2020-8475,0.00954,0.34522
CVE-2020-8476,0.00954,0.34522
CVE-2020-8477,0.01086,0.51674
CVE-2020-8478,0.00885,0.26162
CVE-2020-8479,0.00954,0.34522
CVE-2020-8481,0.00885,0.26162
CVE-2020-8482,0.00885,0.26162
CVE-2020-8484,0.00885,0.26162
CVE-2020-8485,0.00885,0.26162
CVE-2020-8486,0.00885,0.26162
CVE-2020-8487,0.00885,0.26162
CVE-2020-8488,0.01036,0.41241
CVE-2020-8489,0.00885,0.26162
CVE-2020-8492,0.02686,0.82061
CVE-2020-8493,0.0089,0.2856
CVE-2020-8494,0.00885,0.26162
CVE-2020-8495,0.0089,0.2856
CVE-2020-8496,0.00885,0.26162
CVE-2020-8497,0.00885,0.26162
CVE-2020-8498,0.0089,0.2856
CVE-2020-8500,0.0144,0.7265
CVE-2020-8503,0.00885,0.26162
CVE-2020-8504,0.00885,0.26162
CVE-2020-8505,0.00885,0.26162
CVE-2020-8506,0.00954,0.34522
CVE-2020-8507,0.00954,0.34522
CVE-2020-8508,0.01526,0.72834
CVE-2020-8509,0.00885,0.26162
CVE-2020-8510,0.00885,0.26162
CVE-2020-8511,0.01086,0.51674
CVE-2020-8514,0.00885,0.26162
CVE-2020-8516,0.01213,0.6557
CVE-2020-8517,0.01183,0.60428
CVE-2020-8518,0.83379,0.99578
CVE-2020-8519,0.00954,0.34522
CVE-2020-8520,0.00954,0.34522
CVE-2020-8521,0.00954,0.34522
CVE-2020-8539,0.05385,0.89444
CVE-2020-8540,0.01055,0.50287
CVE-2020-8541,0.00885,0.26162
CVE-2020-8542,0.0095,0.30554
CVE-2020-8543,0.00885,0.26162
CVE-2020-8544,0.00885,0.26162
CVE-2020-8545,0.00885,0.26162
CVE-2020-8547,0.08382,0.93597
CVE-2020-8548,0.01689,0.75137
CVE-2020-8549,0.01018,0.38792
CVE-2020-8551,0.01018,0.38792
CVE-2020-8552,0.0095,0.30554
CVE-2020-8553,0.00885,0.26162
CVE-2020-8555,0.01034,0.39824
CVE-2020-8557,0.0089,0.2856
CVE-2020-8561,0.0089,0.2856
CVE-2020-8562,0.0089,0.2856
CVE-2020-8563,0.0089,0.2856
CVE-2020-8564,0.0089,0.2856
CVE-2020-8565,0.00885,0.26162
CVE-2020-8566,0.0089,0.2856
CVE-2020-8567,0.01178,0.60108
CVE-2020-8568,0.00885,0.26162
CVE-2020-8569,0.00885,0.26162
CVE-2020-8570,0.01108,0.53389
CVE-2020-8571,0.01055,0.50287
CVE-2020-8572,0.00885,0.26162
CVE-2020-8573,0.01055,0.50287
CVE-2020-8574,0.01036,0.41241
CVE-2020-8575,0.00885,0.26162
CVE-2020-8576,0.00885,0.26162
CVE-2020-8577,0.00885,0.26162
CVE-2020-8578,0.00885,0.26162
CVE-2020-8579,0.00885,0.26162
CVE-2020-8580,0.00885,0.26162
CVE-2020-8581,0.00885,0.26162
CVE-2020-8582,0.00885,0.26162
CVE-2020-8583,0.00885,0.26162
CVE-2020-8584,0.01156,0.60033
CVE-2020-8585,0.00885,0.26162
CVE-2020-8587,0.00885,0.26162
CVE-2020-8588,0.00885,0.26162
CVE-2020-8589,0.00885,0.26162
CVE-2020-8590,0.00885,0.26162
CVE-2020-8591,0.00885,0.26162
CVE-2020-8592,0.00885,0.26162
CVE-2020-8594,0.0089,0.2856
CVE-2020-8595,0.01108,0.53389
CVE-2020-8596,0.0144,0.7265
CVE-2020-8598,0.05634,0.89764
CVE-2020-8599,0.01055,0.50287
CVE-2020-8600,0.00954,0.34522
CVE-2020-8601,0.00885,0.26162
CVE-2020-8602,0.01156,0.60033
CVE-2020-8603,0.01055,0.50287
CVE-2020-8604,0.01213,0.6557
CVE-2020-8605,0.10123,0.94312
CVE-2020-8606,0.01213,0.6557
CVE-2020-8607,0.01365,0.70715
CVE-2020-8608,0.01537,0.73595
CVE-2020-8611,0.00907,0.28567
CVE-2020-8612,0.02199,0.80273
CVE-2020-8614,0.01156,0.60033
CVE-2020-8615,0.08944,0.93724
CVE-2020-8616,0.17838,0.96065
CVE-2020-8618,0.01519,0.72802
CVE-2020-8619,0.02426,0.80764
CVE-2020-8620,0.01769,0.75614
CVE-2020-8621,0.01769,0.75614
CVE-2020-8622,0.10998,0.94629
CVE-2020-8623,0.03358,0.83641
CVE-2020-8624,0.02812,0.82335
CVE-2020-8625,0.13088,0.95436
CVE-2020-8631,0.0095,0.30554
CVE-2020-8632,0.0095,0.30554
CVE-2020-8633,0.00885,0.26162
CVE-2020-8634,0.00885,0.26162
CVE-2020-8636,0.01156,0.60033
CVE-2020-8639,0.10123,0.94312
CVE-2020-8641,0.06593,0.90989
CVE-2020-8644,0.85242,0.9965
CVE-2020-8645,0.00885,0.26162
CVE-2020-8647,0.01034,0.39824
CVE-2020-8648,0.01282,0.67298
CVE-2020-8649,0.01034,0.39824
CVE-2020-8654,0.0089,0.2856
CVE-2020-8655,0.00954,0.34522
CVE-2020-8656,0.00954,0.34522
CVE-2020-8657,0.00885,0.26162
CVE-2020-8658,0.00954,0.34522
CVE-2020-8659,0.01018,0.38792
CVE-2020-8660,0.00954,0.34522
CVE-2020-8661,0.00954,0.34522
CVE-2020-8663,0.00885,0.26162
CVE-2020-8664,0.00954,0.34522
CVE-2020-8669,0.00885,0.26162
CVE-2020-8670,0.0089,0.2856
CVE-2020-8671,0.00885,0.26162
CVE-2020-8672,0.00885,0.26162
CVE-2020-8674,0.01108,0.53389
CVE-2020-8675,0.00885,0.26162
CVE-2020-8676,0.00885,0.26162
CVE-2020-8677,0.00885,0.26162
CVE-2020-8678,0.00885,0.26162
CVE-2020-8679,0.00885,0.26162
CVE-2020-8680,0.00885,0.26162
CVE-2020-8681,0.00885,0.26162
CVE-2020-8682,0.00885,0.26162
CVE-2020-8683,0.00885,0.26162
CVE-2020-8684,0.00885,0.26162
CVE-2020-8685,0.00885,0.26162
CVE-2020-8687,0.00885,0.26162
CVE-2020-8688,0.00885,0.26162
CVE-2020-8689,0.00885,0.26162
CVE-2020-8690,0.00885,0.26162
CVE-2020-8691,0.00885,0.26162
CVE-2020-8692,0.00885,0.26162
CVE-2020-8693,0.00885,0.26162
CVE-2020-8694,0.0095,0.30554
CVE-2020-8695,0.01034,0.39824
CVE-2020-8696,0.0095,0.30554
CVE-2020-8698,0.0095,0.30554
CVE-2020-8700,0.00885,0.26162
CVE-2020-8701,0.00885,0.26162
CVE-2020-8702,0.00885,0.26162
CVE-2020-8703,0.0089,0.2856
CVE-2020-8704,0.00885,0.26162
CVE-2020-8705,0.01018,0.38792
CVE-2020-8706,0.00885,0.26162
CVE-2020-8707,0.00885,0.26162
CVE-2020-8708,0.00885,0.26162
CVE-2020-8709,0.00885,0.26162
CVE-2020-8710,0.00885,0.26162
CVE-2020-8711,0.00885,0.26162
CVE-2020-8712,0.00885,0.26162
CVE-2020-8713,0.00885,0.26162
CVE-2020-8714,0.00885,0.26162
CVE-2020-8715,0.00885,0.26162
CVE-2020-8716,0.00885,0.26162
CVE-2020-8717,0.00885,0.26162
CVE-2020-8718,0.00885,0.26162
CVE-2020-8719,0.00885,0.26162
CVE-2020-8720,0.00885,0.26162
CVE-2020-8721,0.00885,0.26162
CVE-2020-8722,0.00885,0.26162
CVE-2020-8723,0.00885,0.26162
CVE-2020-8729,0.00885,0.26162
CVE-2020-8730,0.00885,0.26162
CVE-2020-8731,0.01005,0.36332
CVE-2020-8732,0.00885,0.26162
CVE-2020-8733,0.0089,0.2856
CVE-2020-8734,0.00885,0.26162
CVE-2020-8736,0.00885,0.26162
CVE-2020-8737,0.00885,0.26162
CVE-2020-8738,0.00885,0.26162
CVE-2020-8739,0.00885,0.26162
CVE-2020-8740,0.00885,0.26162
CVE-2020-8741,0.00885,0.26162
CVE-2020-8742,0.00885,0.26162
CVE-2020-8743,0.00885,0.26162
CVE-2020-8744,0.0095,0.30554
CVE-2020-8745,0.01018,0.38792
CVE-2020-8746,0.00885,0.26162
CVE-2020-8747,0.00885,0.26162
CVE-2020-8749,0.00885,0.26162
CVE-2020-8750,0.00885,0.26162
CVE-2020-8751,0.00954,0.34522
CVE-2020-8752,0.00885,0.26162
CVE-2020-8753,0.00885,0.26162
CVE-2020-8754,0.00885,0.26162
CVE-2020-8755,0.00954,0.34522
CVE-2020-8756,0.00885,0.26162
CVE-2020-8757,0.00885,0.26162
CVE-2020-8758,0.00885,0.26162
CVE-2020-8759,0.00885,0.26162
CVE-2020-8760,0.00885,0.26162
CVE-2020-8761,0.00885,0.26162
CVE-2020-8763,0.00885,0.26162
CVE-2020-8764,0.00885,0.26162
CVE-2020-8765,0.00885,0.26162
CVE-2020-8766,0.00885,0.26162
CVE-2020-8767,0.00885,0.26162
CVE-2020-8768,0.00885,0.26162
CVE-2020-8771,0.00885,0.26162
CVE-2020-8773,0.00885,0.26162
CVE-2020-8774,0.00885,0.26162
CVE-2020-8775,0.00885,0.26162
CVE-2020-8776,0.0089,0.2856
CVE-2020-8777,0.0089,0.2856
CVE-2020-8778,0.0089,0.2856
CVE-2020-8781,0.00885,0.26162
CVE-2020-8782,0.01156,0.60033
CVE-2020-8783,0.00885,0.26162
CVE-2020-8784,0.00885,0.26162
CVE-2020-8785,0.00885,0.26162
CVE-2020-8786,0.00885,0.26162
CVE-2020-8787,0.00885,0.26162
CVE-2020-8788,0.00885,0.26162
CVE-2020-8789,0.00885,0.26162
CVE-2020-8790,0.01055,0.50287
CVE-2020-8791,0.01055,0.50287
CVE-2020-8792,0.00885,0.26162
CVE-2020-8793,0.01832,0.76196
CVE-2020-8794,0.86492,0.99701
CVE-2020-8795,0.00885,0.26162
CVE-2020-8796,0.01156,0.60033
CVE-2020-8797,0.01055,0.50287
CVE-2020-8798,0.01055,0.50287
CVE-2020-8799,0.00885,0.26162
CVE-2020-8800,0.0089,0.2856
CVE-2020-8801,0.0089,0.2856
CVE-2020-8802,0.00954,0.34522
CVE-2020-8803,0.00954,0.34522
CVE-2020-8804,0.0089,0.2856
CVE-2020-8806,0.00885,0.26162
CVE-2020-8807,0.00885,0.26162
CVE-2020-8808,0.00885,0.26162
CVE-2020-8811,0.00885,0.26162
CVE-2020-8812,0.00885,0.26162
CVE-2020-8815,0.01213,0.6557
CVE-2020-8817,0.00885,0.26162
CVE-2020-8818,0.09228,0.93928
CVE-2020-8819,0.07804,0.92959
CVE-2020-8820,0.00885,0.26162
CVE-2020-8821,0.00885,0.26162
CVE-2020-8822,0.00885,0.26162
CVE-2020-8823,0.01018,0.38792
CVE-2020-8824,0.00885,0.26162
CVE-2020-8826,0.00954,0.34522
CVE-2020-8827,0.01018,0.38792
CVE-2020-8828,0.0089,0.2856
CVE-2020-8829,0.00885,0.26162
CVE-2020-8830,0.00885,0.26162
CVE-2020-8831,0.01365,0.70715
CVE-2020-8832,0.0089,0.2856
CVE-2020-8833,0.0089,0.2856
CVE-2020-8834,0.0095,0.30554
CVE-2020-8838,0.01365,0.70715
CVE-2020-8839,0.02173,0.80027
CVE-2020-8841,0.00885,0.26162
CVE-2020-8843,0.00954,0.34522
CVE-2020-8844,0.01321,0.70521
CVE-2020-8845,0.01005,0.36332
CVE-2020-8846,0.01005,0.36332
CVE-2020-8847,0.01321,0.70521
CVE-2020-8848,0.01321,0.70521
CVE-2020-8849,0.01321,0.70521
CVE-2020-8850,0.01321,0.70521
CVE-2020-8851,0.01321,0.70521
CVE-2020-8852,0.01321,0.70521
CVE-2020-8853,0.01321,0.70521
CVE-2020-8854,0.01321,0.70521
CVE-2020-8855,0.01321,0.70521
CVE-2020-8856,0.01005,0.36332
CVE-2020-8857,0.01321,0.70521
CVE-2020-8858,0.01978,0.78447
CVE-2020-8859,0.01055,0.50287
CVE-2020-8860,0.01611,0.74874
CVE-2020-8861,0.01005,0.36332
CVE-2020-8862,0.01005,0.36332
CVE-2020-8863,0.01005,0.36332
CVE-2020-8864,0.01005,0.36332
CVE-2020-8865,0.01978,0.78447
CVE-2020-8866,0.04571,0.88388
CVE-2020-8867,0.01055,0.50287
CVE-2020-8868,0.11029,0.94631
CVE-2020-8869,0.01321,0.70521
CVE-2020-8870,0.01321,0.70521
CVE-2020-8871,0.01036,0.41241
CVE-2020-8872,0.01036,0.41241
CVE-2020-8873,0.01036,0.41241
CVE-2020-8874,0.01036,0.41241
CVE-2020-8875,0.01036,0.41241
CVE-2020-8876,0.01036,0.41241
CVE-2020-8877,0.01384,0.711
CVE-2020-8878,0.01384,0.711
CVE-2020-8879,0.01384,0.711
CVE-2020-8880,0.01384,0.711
CVE-2020-8881,0.01384,0.711
CVE-2020-8882,0.01384,0.711
CVE-2020-8883,0.01384,0.711
CVE-2020-8884,0.01978,0.78447
CVE-2020-8887,0.00885,0.26162
CVE-2020-8890,0.00954,0.34522
CVE-2020-8891,0.00954,0.34522
CVE-2020-8892,0.00954,0.34522
CVE-2020-8893,0.00885,0.26162
CVE-2020-8894,0.00885,0.26162
CVE-2020-8895,0.00885,0.26162
CVE-2020-8896,0.00885,0.26162
CVE-2020-8897,0.00885,0.26162
CVE-2020-8899,0.05634,0.89764
CVE-2020-8902,0.00885,0.26162
CVE-2020-8903,0.0095,0.30554
CVE-2020-8904,0.00885,0.26162
CVE-2020-8905,0.00885,0.26162
CVE-2020-8907,0.0095,0.30554
CVE-2020-8908,0.01547,0.74085
CVE-2020-8910,0.00885,0.26162
CVE-2020-8911,0.00885,0.26162
CVE-2020-8912,0.00885,0.26162
CVE-2020-8913,0.0144,0.7265
CVE-2020-8916,0.00885,0.26162
CVE-2020-8918,0.00885,0.26162
CVE-2020-8919,0.01034,0.39824
CVE-2020-8920,0.01034,0.39824
CVE-2020-8923,0.00885,0.26162
CVE-2020-8927,0.11923,0.9496
CVE-2020-8929,0.00885,0.26162
CVE-2020-8933,0.0095,0.30554
CVE-2020-8935,0.00885,0.26162
CVE-2020-8936,0.00885,0.26162
CVE-2020-8937,0.00885,0.26162
CVE-2020-8938,0.00885,0.26162
CVE-2020-8939,0.00885,0.26162
CVE-2020-8940,0.00885,0.26162
CVE-2020-8941,0.00885,0.26162
CVE-2020-8942,0.00885,0.26162
CVE-2020-8943,0.00885,0.26162
CVE-2020-8944,0.00885,0.26162
CVE-2020-8945,0.03806,0.84842
CVE-2020-8946,0.00885,0.26162
CVE-2020-8947,0.08078,0.93055
CVE-2020-8948,0.01005,0.36332
CVE-2020-8949,0.01055,0.50287
CVE-2020-8951,0.00885,0.26162
CVE-2020-8952,0.00885,0.26162
CVE-2020-8953,0.00885,0.26162
CVE-2020-8954,0.00885,0.26162
CVE-2020-8955,0.01974,0.7812
CVE-2020-8956,0.05041,0.89012
CVE-2020-8959,0.00885,0.26162
CVE-2020-8960,0.00954,0.34522
CVE-2020-8961,0.00885,0.26162
CVE-2020-8962,0.00885,0.26162
CVE-2020-8963,0.01055,0.50287
CVE-2020-8964,0.01055,0.50287
CVE-2020-8966,0.00885,0.26162
CVE-2020-8967,0.00885,0.26162
CVE-2020-8968,0.00885,0.26162
CVE-2020-8981,0.0144,0.7265
CVE-2020-8983,0.05634,0.89764
CVE-2020-8984,0.00885,0.26162
CVE-2020-8985,0.00885,0.26162
CVE-2020-8986,0.00885,0.26162
CVE-2020-8987,0.00885,0.26162
CVE-2020-8988,0.00885,0.26162
CVE-2020-8989,0.01055,0.50287
CVE-2020-8990,0.00885,0.26162
CVE-2020-8991,0.00885,0.26162
CVE-2020-8992,0.01104,0.52279
CVE-2020-8994,0.00954,0.34522
CVE-2020-8995,0.01055,0.50287
CVE-2020-8996,0.00885,0.26162
CVE-2020-8997,0.01055,0.50287
CVE-2020-9000,0.00885,0.26162
CVE-2020-9002,0.00885,0.26162
CVE-2020-9003,0.0095,0.30554
CVE-2020-9004,0.01061,0.51015
CVE-2020-9005,0.01103,0.51945
CVE-2020-9006,0.05634,0.89764
CVE-2020-9007,0.00885,0.26162
CVE-2020-9012,0.01055,0.50287
CVE-2020-9013,0.0089,0.2856
CVE-2020-9014,0.0095,0.30554
CVE-2020-9015,0.34691,0.97686
CVE-2020-9016,0.00885,0.26162
CVE-2020-9017,0.00885,0.26162
CVE-2020-9018,0.00885,0.26162
CVE-2020-9019,0.00954,0.34522
CVE-2020-9020,0.00885,0.26162
CVE-2020-9021,0.00885,0.26162
CVE-2020-9022,0.00885,0.26162
CVE-2020-9023,0.00885,0.26162
CVE-2020-9024,0.00885,0.26162
CVE-2020-9025,0.00885,0.26162
CVE-2020-9026,0.02055,0.7893
CVE-2020-9027,0.02055,0.7893
CVE-2020-9028,0.00885,0.26162
CVE-2020-9029,0.00885,0.26162
CVE-2020-9030,0.00885,0.26162
CVE-2020-9031,0.00885,0.26162
CVE-2020-9032,0.00885,0.26162
CVE-2020-9033,0.00885,0.26162
CVE-2020-9034,0.00885,0.26162
CVE-2020-9036,0.00885,0.26162
CVE-2020-9039,0.00885,0.26162
CVE-2020-9040,0.00885,0.26162
CVE-2020-9041,0.00885,0.26162
CVE-2020-9042,0.00885,0.26162
CVE-2020-9043,0.0089,0.2856
CVE-2020-9044,0.00885,0.26162
CVE-2020-9045,0.00885,0.26162
CVE-2020-9046,0.00885,0.26162
CVE-2020-9048,0.01055,0.50287
CVE-2020-9049,0.00954,0.34522
CVE-2020-9050,0.01055,0.50287
CVE-2020-9055,0.00885,0.26162
CVE-2020-9056,0.00885,0.26162
CVE-2020-9057,0.01018,0.38792
CVE-2020-9058,0.01018,0.38792
CVE-2020-9059,0.01018,0.38792
CVE-2020-9060,0.01018,0.38792
CVE-2020-9061,0.01018,0.38792
CVE-2020-9062,0.00885,0.26162
CVE-2020-9063,0.01559,0.742
CVE-2020-9064,0.00885,0.26162
CVE-2020-9065,0.00885,0.26162
CVE-2020-9066,0.00885,0.26162
CVE-2020-9067,0.01103,0.51945
CVE-2020-9068,0.00885,0.26162
CVE-2020-9069,0.00885,0.26162
CVE-2020-9070,0.00885,0.26162
CVE-2020-9071,0.00885,0.26162
CVE-2020-9072,0.00885,0.26162
CVE-2020-9073,0.00885,0.26162
CVE-2020-9074,0.00885,0.26162
CVE-2020-9075,0.00885,0.26162
CVE-2020-9076,0.00885,0.26162
CVE-2020-9077,0.00885,0.26162
CVE-2020-9078,0.00885,0.26162
CVE-2020-9079,0.00885,0.26162
CVE-2020-9084,0.00885,0.26162
CVE-2020-9087,0.00885,0.26162
CVE-2020-9090,0.00885,0.26162
CVE-2020-9091,0.00885,0.26162
CVE-2020-9092,0.00885,0.26162
CVE-2020-9093,0.00885,0.26162
CVE-2020-9094,0.00885,0.26162
CVE-2020-9095,0.00885,0.26162
CVE-2020-9096,0.00885,0.26162
CVE-2020-9098,0.00885,0.26162
CVE-2020-9099,0.00885,0.26162
CVE-2020-9100,0.00885,0.26162
CVE-2020-9101,0.00885,0.26162
CVE-2020-9102,0.00885,0.26162
CVE-2020-9103,0.00885,0.26162
CVE-2020-9104,0.00885,0.26162
CVE-2020-9105,0.00885,0.26162
CVE-2020-9106,0.00885,0.26162
CVE-2020-9107,0.00885,0.26162
CVE-2020-9108,0.00885,0.26162
CVE-2020-9109,0.00885,0.26162
CVE-2020-9110,0.00885,0.26162
CVE-2020-9111,0.00885,0.26162
CVE-2020-9112,0.00885,0.26162
CVE-2020-9113,0.01036,0.41241
CVE-2020-9114,0.00885,0.26162
CVE-2020-9115,0.02055,0.7893
CVE-2020-9116,0.01055,0.50287
CVE-2020-9117,0.01036,0.41241
CVE-2020-9118,0.00885,0.26162
CVE-2020-9119,0.00885,0.26162
CVE-2020-9120,0.00885,0.26162
CVE-2020-9122,0.00885,0.26162
CVE-2020-9123,0.01036,0.41241
CVE-2020-9124,0.01055,0.50287
CVE-2020-9125,0.00885,0.26162
CVE-2020-9127,0.01005,0.35949
CVE-2020-9128,0.00885,0.26162
CVE-2020-9129,0.00885,0.26162
CVE-2020-9137,0.00885,0.26162
CVE-2020-9138,0.00885,0.26162
CVE-2020-9139,0.00885,0.26162
CVE-2020-9140,0.01086,0.51674
CVE-2020-9141,0.00885,0.26162
CVE-2020-9142,0.00885,0.26162
CVE-2020-9143,0.00885,0.26162
CVE-2020-9144,0.00885,0.26162
CVE-2020-9145,0.00885,0.26162
CVE-2020-9146,0.00885,0.26162
CVE-2020-9147,0.00885,0.26162
CVE-2020-9148,0.00885,0.26162
CVE-2020-9149,0.00885,0.26162
CVE-2020-9158,0.00885,0.26162
CVE-2020-9199,0.01005,0.35949
CVE-2020-9200,0.00885,0.26162
CVE-2020-9201,0.00885,0.26162
CVE-2020-9202,0.00885,0.26162
CVE-2020-9203,0.00885,0.26162
CVE-2020-9205,0.00885,0.26162
CVE-2020-9206,0.00885,0.26162
CVE-2020-9207,0.00885,0.26162
CVE-2020-9208,0.00885,0.26162
CVE-2020-9209,0.00885,0.26162
CVE-2020-9212,0.00885,0.26162
CVE-2020-9213,0.00885,0.26162
CVE-2020-9223,0.01055,0.50287
CVE-2020-9225,0.00885,0.26162
CVE-2020-9226,0.00885,0.26162
CVE-2020-9227,0.00885,0.26162
CVE-2020-9228,0.00885,0.26162
CVE-2020-9229,0.00885,0.26162
CVE-2020-9230,0.00885,0.26162
CVE-2020-9233,0.00885,0.26162
CVE-2020-9235,0.00885,0.26162
CVE-2020-9237,0.00885,0.26162
CVE-2020-9238,0.00885,0.26162
CVE-2020-9239,0.00885,0.26162
CVE-2020-9240,0.00885,0.26162
CVE-2020-9241,0.00885,0.26162
CVE-2020-9242,0.02055,0.7893
CVE-2020-9243,0.00885,0.26162
CVE-2020-9244,0.00885,0.26162
CVE-2020-9245,0.00885,0.26162
CVE-2020-9246,0.00885,0.26162
CVE-2020-9247,0.01036,0.41241
CVE-2020-9248,0.00885,0.26162
CVE-2020-9249,0.00885,0.26162
CVE-2020-9251,0.00885,0.26162
CVE-2020-9252,0.00885,0.26162
CVE-2020-9254,0.01036,0.41241
CVE-2020-9255,0.00885,0.26162
CVE-2020-9256,0.00885,0.26162
CVE-2020-9257,0.01086,0.51674
CVE-2020-9258,0.00885,0.26162
CVE-2020-9259,0.00885,0.26162
CVE-2020-9260,0.00885,0.26162
CVE-2020-9261,0.01036,0.41241
CVE-2020-9262,0.01036,0.41241
CVE-2020-9263,0.01036,0.41241
CVE-2020-9264,0.00954,0.34522
CVE-2020-9265,0.00885,0.26162
CVE-2020-9266,0.00885,0.26162
CVE-2020-9267,0.00885,0.26162
CVE-2020-9269,0.01086,0.51674
CVE-2020-9270,0.00885,0.26162
CVE-2020-9271,0.00885,0.26162
CVE-2020-9272,0.01018,0.38792
CVE-2020-9273,0.07218,0.9208
CVE-2020-9274,0.01183,0.60428
CVE-2020-9275,0.00954,0.34522
CVE-2020-9276,0.0089,0.2856
CVE-2020-9277,0.00954,0.34522
CVE-2020-9278,0.00954,0.34522
CVE-2020-9279,0.00954,0.34522
CVE-2020-9280,0.00954,0.34522
CVE-2020-9281,0.01776,0.75902
CVE-2020-9282,0.00885,0.26162
CVE-2020-9286,0.01055,0.50287
CVE-2020-9287,0.01036,0.41241
CVE-2020-9288,0.01055,0.50287
CVE-2020-9289,0.00885,0.26162
CVE-2020-9290,0.01036,0.41241
CVE-2020-9291,0.00885,0.26162
CVE-2020-9292,0.00885,0.26162
CVE-2020-9294,0.33168,0.97545
CVE-2020-9296,0.00885,0.26162
CVE-2020-9297,0.00885,0.26162
CVE-2020-9298,0.00885,0.26162
CVE-2020-9299,0.00885,0.26162
CVE-2020-9300,0.00885,0.26162
CVE-2020-9301,0.00885,0.26162
CVE-2020-9306,0.01018,0.38792
CVE-2020-9307,0.00885,0.26162
CVE-2020-9308,0.01108,0.53389
CVE-2020-9309,0.01086,0.51674
CVE-2020-9311,0.00885,0.26162
CVE-2020-9314,0.0095,0.30554
CVE-2020-9318,0.00885,0.26162
CVE-2020-9320,0.01018,0.38792
CVE-2020-9321,0.00885,0.26162
CVE-2020-9323,0.00954,0.34522
CVE-2020-9324,0.00954,0.34522
CVE-2020-9325,0.00954,0.34522
CVE-2020-9326,0.00885,0.26162
CVE-2020-9327,0.01537,0.73595
CVE-2020-9329,0.00885,0.26162
CVE-2020-9330,0.00885,0.26162
CVE-2020-9331,0.00885,0.26162
CVE-2020-9332,0.00885,0.26162
CVE-2020-9334,0.00885,0.26162
CVE-2020-9335,0.00885,0.26162
CVE-2020-9336,0.00885,0.26162
CVE-2020-9337,0.00885,0.26162
CVE-2020-9338,0.00885,0.26162
CVE-2020-9339,0.00885,0.26162
CVE-2020-9341,0.00885,0.26162
CVE-2020-9342,0.01018,0.38792
CVE-2020-9343,0.00885,0.26162
CVE-2020-9345,0.00885,0.26162
CVE-2020-9346,0.00885,0.26162
CVE-2020-9347,0.00885,0.26162
CVE-2020-9349,0.00885,0.26162
CVE-2020-9350,0.00885,0.26162
CVE-2020-9351,0.00885,0.26162
CVE-2020-9352,0.00885,0.26162
CVE-2020-9353,0.00885,0.26162
CVE-2020-9354,0.00885,0.26162
CVE-2020-9355,0.01018,0.38792
CVE-2020-9359,0.01834,0.76202
CVE-2020-9361,0.00885,0.26162
CVE-2020-9362,0.01018,0.38792
CVE-2020-9363,0.00885,0.26162
CVE-2020-9364,0.01018,0.38792
CVE-2020-9365,0.01108,0.53389
CVE-2020-9366,0.01018,0.38792
CVE-2020-9367,0.00885,0.26162
CVE-2020-9368,0.00885,0.26162
CVE-2020-9369,0.01319,0.70416
CVE-2020-9370,0.00885,0.26162
CVE-2020-9371,0.0095,0.30554
CVE-2020-9372,0.04836,0.88802
CVE-2020-9374,0.12753,0.95373
CVE-2020-9379,0.00885,0.26162
CVE-2020-9381,0.01978,0.78447
CVE-2020-9382,0.0144,0.7265
CVE-2020-9383,0.01282,0.67298
CVE-2020-9384,0.01055,0.50287
CVE-2020-9385,0.00885,0.26162
CVE-2020-9386,0.00885,0.26162
CVE-2020-9387,0.00885,0.26162
CVE-2020-9388,0.00885,0.26162
CVE-2020-9389,0.00885,0.26162
CVE-2020-9390,0.00885,0.26162
CVE-2020-9391,0.0095,0.30554
CVE-2020-9392,0.00885,0.26162
CVE-2020-9393,0.00885,0.26162
CVE-2020-9394,0.00885,0.26162
CVE-2020-9395,0.0089,0.2856
CVE-2020-9398,0.00885,0.26162
CVE-2020-9399,0.00885,0.26162
CVE-2020-9403,0.00885,0.26162
CVE-2020-9404,0.00885,0.26162
CVE-2020-9405,0.00885,0.26162
CVE-2020-9406,0.00885,0.26162
CVE-2020-9407,0.00885,0.26162
CVE-2020-9408,0.00885,0.26162
CVE-2020-9409,0.00885,0.26162
CVE-2020-9410,0.00885,0.26162
CVE-2020-9411,0.00885,0.26162
CVE-2020-9412,0.0144,0.7265
CVE-2020-9413,0.00885,0.26162
CVE-2020-9414,0.00885,0.26162
CVE-2020-9415,0.00885,0.26162
CVE-2020-9416,0.00885,0.26162
CVE-2020-9417,0.00885,0.26162
CVE-2020-9418,0.01036,0.41241
CVE-2020-9423,0.01086,0.51674
CVE-2020-9425,0.00885,0.26162
CVE-2020-9426,0.00954,0.34522
CVE-2020-9427,0.0089,0.2856
CVE-2020-9428,0.01537,0.73595
CVE-2020-9429,0.01108,0.53389
CVE-2020-9430,0.01537,0.73595
CVE-2020-9431,0.01537,0.73595
CVE-2020-9432,0.00885,0.26162
CVE-2020-9433,0.00885,0.26162
CVE-2020-9434,0.00885,0.26162
CVE-2020-9435,0.01018,0.38792
CVE-2020-9436,0.0095,0.30554
CVE-2020-9437,0.02199,0.80273
CVE-2020-9438,0.00885,0.26162
CVE-2020-9439,0.01055,0.50287
CVE-2020-9440,0.01213,0.6557
CVE-2020-9442,0.00885,0.26162
CVE-2020-9443,0.00885,0.26162
CVE-2020-9444,0.00885,0.26162
CVE-2020-9445,0.00885,0.26162
CVE-2020-9447,0.00885,0.26162
CVE-2020-9449,0.00885,0.26162
CVE-2020-9450,0.0089,0.2856
CVE-2020-9451,0.0089,0.2856
CVE-2020-9452,0.0089,0.2856
CVE-2020-9453,0.0095,0.30554
CVE-2020-9454,0.01136,0.57949
CVE-2020-9455,0.01061,0.51015
CVE-2020-9456,0.01061,0.51015
CVE-2020-9457,0.01061,0.51015
CVE-2020-9458,0.01061,0.51015
CVE-2020-9459,0.01055,0.50287
CVE-2020-9462,0.00885,0.26162
CVE-2020-9463,0.01055,0.50287
CVE-2020-9464,0.00885,0.26162
CVE-2020-9465,0.00885,0.26162
CVE-2020-9466,0.00954,0.34522
CVE-2020-9467,0.02192,0.80195
CVE-2020-9468,0.00885,0.26162
CVE-2020-9471,0.01424,0.72364
CVE-2020-9473,0.00885,0.26162
CVE-2020-9474,0.01156,0.60033
CVE-2020-9475,0.00885,0.26162
CVE-2020-9476,0.01055,0.50287
CVE-2020-9477,0.01055,0.50287
CVE-2020-9478,0.0144,0.7265
CVE-2020-9479,0.00885,0.26162
CVE-2020-9480,0.01742,0.75235
CVE-2020-9481,0.00885,0.26162
CVE-2020-9482,0.00885,0.26162
CVE-2020-9485,0.00885,0.26162
CVE-2020-9486,0.01086,0.51674
CVE-2020-9487,0.00885,0.26162
CVE-2020-9489,0.01246,0.66436
CVE-2020-9490,0.05242,0.89216
CVE-2020-9491,0.00954,0.34522
CVE-2020-9492,0.03052,0.82933
CVE-2020-9493,0.03938,0.85198
CVE-2020-9494,0.00954,0.34522
CVE-2020-9497,0.02537,0.81131
CVE-2020-9498,0.02537,0.81131
CVE-2020-9499,0.00885,0.26162
CVE-2020-9500,0.00885,0.26162
CVE-2020-9501,0.00885,0.26162
CVE-2020-9502,0.00885,0.26162
CVE-2020-9514,0.00885,0.26162
CVE-2020-9517,0.00885,0.26162
CVE-2020-9518,0.00885,0.26162
CVE-2020-9519,0.00885,0.26162
CVE-2020-9520,0.01055,0.50287
CVE-2020-9521,0.00885,0.26162
CVE-2020-9522,0.00885,0.26162
CVE-2020-9523,0.00885,0.26162
CVE-2020-9524,0.00885,0.26162
CVE-2020-9525,0.01055,0.50287
CVE-2020-9526,0.00885,0.26162
CVE-2020-9527,0.01978,0.78447
CVE-2020-9528,0.01055,0.50287
CVE-2020-9529,0.00885,0.26162
CVE-2020-9530,0.00885,0.26162
CVE-2020-9531,0.00954,0.34522
CVE-2020-9534,0.00885,0.26162
CVE-2020-9535,0.00885,0.26162
CVE-2020-9540,0.00885,0.26162
CVE-2020-9543,0.0095,0.30554
CVE-2020-9544,0.00885,0.26162
CVE-2020-9545,0.00885,0.26162
CVE-2020-9546,0.02686,0.82061
CVE-2020-9549,0.00885,0.26162
CVE-2020-9550,0.00885,0.26162
CVE-2020-9551,0.01223,0.65839
CVE-2020-9552,0.01223,0.65839
CVE-2020-9553,0.01046,0.41635
CVE-2020-9554,0.01223,0.65839
CVE-2020-9555,0.01223,0.65839
CVE-2020-9556,0.01223,0.65839
CVE-2020-9557,0.01046,0.41635
CVE-2020-9558,0.01046,0.41635
CVE-2020-9559,0.01223,0.65839
CVE-2020-9560,0.01223,0.65839
CVE-2020-9561,0.01223,0.65839
CVE-2020-9562,0.01223,0.65839
CVE-2020-9563,0.01223,0.65839
CVE-2020-9564,0.01223,0.65839
CVE-2020-9565,0.01223,0.65839
CVE-2020-9566,0.01223,0.65839
CVE-2020-9567,0.01223,0.65839
CVE-2020-9568,0.01223,0.65839
CVE-2020-9569,0.01223,0.65839
CVE-2020-9570,0.01223,0.65839
CVE-2020-9571,0.01223,0.65839
CVE-2020-9572,0.01223,0.65839
CVE-2020-9573,0.01223,0.65839
CVE-2020-9574,0.01223,0.65839
CVE-2020-9575,0.01223,0.65839
CVE-2020-9576,0.01086,0.51674
CVE-2020-9577,0.00885,0.26162
CVE-2020-9578,0.01086,0.51674
CVE-2020-9579,0.01086,0.51674
CVE-2020-9580,0.01086,0.51674
CVE-2020-9581,0.00885,0.26162
CVE-2020-9582,0.01086,0.51674
CVE-2020-9583,0.01086,0.51674
CVE-2020-9584,0.00885,0.26162
CVE-2020-9585,0.01086,0.51674
CVE-2020-9586,0.01223,0.65839
CVE-2020-9587,0.00885,0.26162
CVE-2020-9588,0.00885,0.26162
CVE-2020-9589,0.01223,0.65839
CVE-2020-9590,0.01223,0.65839
CVE-2020-9591,0.00885,0.26162
CVE-2020-9592,0.01046,0.41635
CVE-2020-9593,0.01046,0.41635
CVE-2020-9594,0.01223,0.65839
CVE-2020-9595,0.01046,0.41635
CVE-2020-9596,0.01046,0.41635
CVE-2020-9598,0.01046,0.41635
CVE-2020-9599,0.01046,0.41635
CVE-2020-9600,0.01046,0.41635
CVE-2020-9601,0.01046,0.41635
CVE-2020-9602,0.01046,0.41635
CVE-2020-9603,0.01046,0.41635
CVE-2020-9604,0.01223,0.65839
CVE-2020-9605,0.01223,0.65839
CVE-2020-9606,0.01223,0.65839
CVE-2020-9607,0.01223,0.65839
CVE-2020-9608,0.01046,0.41635
CVE-2020-9609,0.01046,0.41635
CVE-2020-9610,0.01046,0.41635
CVE-2020-9611,0.01046,0.41635
CVE-2020-9612,0.01282,0.66661
CVE-2020-9613,0.01046,0.41635
CVE-2020-9614,0.01046,0.41635
CVE-2020-9615,0.01046,0.41635
CVE-2020-9616,0.01046,0.41635
CVE-2020-9617,0.01046,0.41635
CVE-2020-9618,0.01046,0.41635
CVE-2020-9620,0.01223,0.65839
CVE-2020-9621,0.01223,0.65839
CVE-2020-9622,0.01046,0.41635
CVE-2020-9623,0.01046,0.41635
CVE-2020-9624,0.01046,0.41635
CVE-2020-9625,0.01046,0.41635
CVE-2020-9626,0.01046,0.41635
CVE-2020-9627,0.01046,0.41635
CVE-2020-9628,0.01046,0.41635
CVE-2020-9629,0.01046,0.41635
CVE-2020-9630,0.00885,0.26162
CVE-2020-9631,0.01086,0.51674
CVE-2020-9632,0.01086,0.51674
CVE-2020-9633,0.01783,0.75945
CVE-2020-9634,0.01282,0.66661
CVE-2020-9635,0.01282,0.66661
CVE-2020-9636,0.01282,0.66661
CVE-2020-9637,0.01223,0.65839
CVE-2020-9638,0.01223,0.65839
CVE-2020-9639,0.01223,0.65839
CVE-2020-9640,0.01223,0.65839
CVE-2020-9641,0.01223,0.65839
CVE-2020-9642,0.01223,0.65839
CVE-2020-9643,0.01046,0.41635
CVE-2020-9644,0.01282,0.66661
CVE-2020-9645,0.01046,0.41635
CVE-2020-9646,0.01768,0.7561
CVE-2020-9647,0.01282,0.66661
CVE-2020-9648,0.01282,0.66661
CVE-2020-9649,0.01046,0.41635
CVE-2020-9650,0.01768,0.7561
CVE-2020-9651,0.01282,0.66661
CVE-2020-9652,0.01223,0.65839
CVE-2020-9653,0.01223,0.65839
CVE-2020-9654,0.01223,0.65839
CVE-2020-9655,0.01223,0.65839
CVE-2020-9656,0.01223,0.65839
CVE-2020-9657,0.01223,0.65839
CVE-2020-9658,0.01223,0.65839
CVE-2020-9659,0.01223,0.65839
CVE-2020-9660,0.01223,0.65839
CVE-2020-9661,0.01223,0.65839
CVE-2020-9662,0.01223,0.65839
CVE-2020-9663,0.01046,0.41635
CVE-2020-9664,0.01086,0.51674
CVE-2020-9665,0.00885,0.26162
CVE-2020-9666,0.01046,0.41635
CVE-2020-9667,0.01046,0.41635
CVE-2020-9668,0.01046,0.41635
CVE-2020-9669,0.01046,0.41635
CVE-2020-9670,0.01046,0.41635
CVE-2020-9671,0.01046,0.41635
CVE-2020-9672,0.01046,0.41635
CVE-2020-9673,0.01046,0.41635
CVE-2020-9674,0.01768,0.7561
CVE-2020-9675,0.01768,0.7561
CVE-2020-9676,0.01768,0.7561
CVE-2020-9677,0.01282,0.66661
CVE-2020-9678,0.01282,0.66661
CVE-2020-9679,0.01282,0.66661
CVE-2020-9680,0.01282,0.66661
CVE-2020-9681,0.01046,0.41635
CVE-2020-9682,0.01046,0.41635
CVE-2020-9683,0.01282,0.66661
CVE-2020-9684,0.01282,0.66661
CVE-2020-9685,0.01282,0.66661
CVE-2020-9686,0.01282,0.66661
CVE-2020-9687,0.01282,0.66661
CVE-2020-9688,0.01223,0.65839
CVE-2020-9689,0.01036,0.41241
CVE-2020-9690,0.00885,0.26162
CVE-2020-9691,0.01086,0.51674
CVE-2020-9692,0.01036,0.41241
CVE-2020-9693,0.01768,0.7561
CVE-2020-9694,0.01768,0.7561
CVE-2020-9696,0.01046,0.41635
CVE-2020-9697,0.01046,0.41635
CVE-2020-9698,0.01223,0.65839
CVE-2020-9699,0.01223,0.65839
CVE-2020-9700,0.01223,0.65839
CVE-2020-9701,0.01223,0.65839
CVE-2020-9702,0.01046,0.41635
CVE-2020-9703,0.01046,0.41635
CVE-2020-9704,0.01223,0.65839
CVE-2020-9705,0.01046,0.41635
CVE-2020-9706,0.01046,0.41635
CVE-2020-9707,0.01046,0.41635
CVE-2020-9708,0.01046,0.41635
CVE-2020-9710,0.01046,0.41635
CVE-2020-9712,0.01046,0.41635
CVE-2020-9714,0.01046,0.41635
CVE-2020-9716,0.01046,0.41635
CVE-2020-9717,0.01046,0.41635
CVE-2020-9718,0.01046,0.41635
CVE-2020-9719,0.01046,0.41635
CVE-2020-9720,0.01046,0.41635
CVE-2020-9721,0.01046,0.41635
CVE-2020-9722,0.01223,0.65839
CVE-2020-9723,0.01046,0.41635
CVE-2020-9724,0.01046,0.41635
CVE-2020-9725,0.01223,0.65839
CVE-2020-9726,0.01046,0.41635
CVE-2020-9727,0.01223,0.65839
CVE-2020-9728,0.01223,0.65839
CVE-2020-9729,0.01223,0.65839
CVE-2020-9730,0.01223,0.65839
CVE-2020-9731,0.01223,0.65839
CVE-2020-9732,0.01046,0.41635
CVE-2020-9733,0.01046,0.41635
CVE-2020-9734,0.01046,0.41635
CVE-2020-9735,0.01046,0.41635
CVE-2020-9736,0.01046,0.41635
CVE-2020-9737,0.01046,0.41635
CVE-2020-9738,0.01046,0.41635
CVE-2020-9739,0.01046,0.41635
CVE-2020-9740,0.01046,0.41635
CVE-2020-9741,0.01046,0.41635
CVE-2020-9742,0.01046,0.41635
CVE-2020-9743,0.01046,0.41635
CVE-2020-9744,0.01046,0.41635
CVE-2020-9745,0.01046,0.41635
CVE-2020-9746,0.01282,0.66661
CVE-2020-9747,0.01223,0.65839
CVE-2020-9748,0.01223,0.65839
CVE-2020-9749,0.01223,0.65839
CVE-2020-9750,0.01223,0.65839
CVE-2020-9751,0.00885,0.26162
CVE-2020-9752,0.00885,0.26162
CVE-2020-9753,0.00885,0.26162
CVE-2020-9754,0.00885,0.26162
CVE-2020-9756,0.00885,0.26162
CVE-2020-9758,0.00885,0.26162
CVE-2020-9759,0.00885,0.26162
CVE-2020-9760,0.01018,0.38792
CVE-2020-9761,0.0144,0.7265
CVE-2020-9769,0.00885,0.26162
CVE-2020-9770,0.00885,0.26162
CVE-2020-9771,0.00885,0.26162
CVE-2020-9772,0.0095,0.30554
CVE-2020-9773,0.00885,0.26162
CVE-2020-9774,0.00885,0.26162
CVE-2020-9775,0.00885,0.26162
CVE-2020-9776,0.00885,0.26162
CVE-2020-9777,0.00885,0.26162
CVE-2020-9779,0.00885,0.26162
CVE-2020-9780,0.00885,0.26162
CVE-2020-9781,0.00885,0.26162
CVE-2020-9782,0.01055,0.50287
CVE-2020-9783,0.02031,0.78519
CVE-2020-9784,0.00885,0.26162
CVE-2020-9785,0.01237,0.66358
CVE-2020-9786,0.00885,0.26162
CVE-2020-9787,0.01018,0.38792
CVE-2020-9788,0.00885,0.26162
CVE-2020-9789,0.02031,0.78519
CVE-2020-9790,0.02031,0.78519
CVE-2020-9791,0.01237,0.66358
CVE-2020-9792,0.00885,0.26162
CVE-2020-9793,0.03272,0.83517
CVE-2020-9794,0.01183,0.60428
CVE-2020-9795,0.01237,0.66358
CVE-2020-9796,0.01036,0.41241
CVE-2020-9797,0.01018,0.38792
CVE-2020-9799,0.01036,0.41241
CVE-2020-9800,0.02031,0.78519
CVE-2020-9801,0.00885,0.26162
CVE-2020-9802,0.02031,0.78519
CVE-2020-9803,0.02031,0.78519
CVE-2020-9804,0.00885,0.26162
CVE-2020-9805,0.01108,0.53389
CVE-2020-9806,0.02031,0.78519
CVE-2020-9807,0.02031,0.78519
CVE-2020-9808,0.01018,0.38792
CVE-2020-9809,0.01018,0.38792
CVE-2020-9810,0.00885,0.26162
CVE-2020-9811,0.01018,0.38792
CVE-2020-9812,0.01018,0.38792
CVE-2020-9813,0.01237,0.66358
CVE-2020-9814,0.01237,0.66358
CVE-2020-9815,0.01237,0.66358
CVE-2020-9816,0.01237,0.66358
CVE-2020-9817,0.00885,0.26162
CVE-2020-9818,0.00954,0.34522
CVE-2020-9819,0.01018,0.38792
CVE-2020-9820,0.01055,0.50287
CVE-2020-9821,0.01237,0.66358
CVE-2020-9822,0.01036,0.41241
CVE-2020-9823,0.00885,0.26162
CVE-2020-9824,0.00885,0.26162
CVE-2020-9825,0.00885,0.26162
CVE-2020-9826,0.01055,0.50287
CVE-2020-9827,0.01213,0.6557
CVE-2020-9828,0.01055,0.50287
CVE-2020-9829,0.00954,0.34522
CVE-2020-9830,0.01036,0.41241
CVE-2020-9831,0.00885,0.26162
CVE-2020-9832,0.00885,0.26162
CVE-2020-9833,0.00885,0.26162
CVE-2020-9834,0.01036,0.41241
CVE-2020-9835,0.00885,0.26162
CVE-2020-9837,0.01136,0.57949
CVE-2020-9838,0.01156,0.60033
CVE-2020-9839,0.14537,0.95636
CVE-2020-9840,0.00885,0.26162
CVE-2020-9841,0.01036,0.41241
CVE-2020-9842,0.01018,0.38792
CVE-2020-9843,0.01108,0.53389
CVE-2020-9844,0.01055,0.50287
CVE-2020-9847,0.00885,0.26162
CVE-2020-9848,0.00885,0.26162
CVE-2020-9849,0.01408,0.72072
CVE-2020-9850,0.04583,0.8839
CVE-2020-9851,0.00885,0.26162
CVE-2020-9852,0.01237,0.66358
CVE-2020-9853,0.00885,0.26162
CVE-2020-9854,0.0089,0.2856
CVE-2020-9855,0.00885,0.26162
CVE-2020-9856,0.00885,0.26162
CVE-2020-9857,0.00885,0.26162
CVE-2020-9858,0.01036,0.41241
CVE-2020-9859,0.01036,0.41241
CVE-2020-9860,0.01086,0.51674
CVE-2020-9861,0.00885,0.26162
CVE-2020-9862,0.01257,0.66437
CVE-2020-9863,0.01237,0.66358
CVE-2020-9864,0.01086,0.51674
CVE-2020-9865,0.01018,0.38792
CVE-2020-9866,0.01086,0.51674
CVE-2020-9868,0.01018,0.38792
CVE-2020-9869,0.01055,0.50287
CVE-2020-9870,0.0089,0.2856
CVE-2020-9871,0.01363,0.70595
CVE-2020-9872,0.01363,0.70595
CVE-2020-9873,0.01363,0.70595
CVE-2020-9874,0.01363,0.70595
CVE-2020-9875,0.01363,0.70595
CVE-2020-9876,0.01889,0.76448
CVE-2020-9877,0.01363,0.70595
CVE-2020-9878,0.01237,0.66358
CVE-2020-9879,0.01363,0.70595
CVE-2020-9880,0.01237,0.66358
CVE-2020-9881,0.01237,0.66358
CVE-2020-9882,0.01237,0.66358
CVE-2020-9883,0.01889,0.76448
CVE-2020-9884,0.01036,0.41241
CVE-2020-9885,0.01018,0.38792
CVE-2020-9887,0.01036,0.41241
CVE-2020-9888,0.01237,0.66358
CVE-2020-9889,0.01237,0.66358
CVE-2020-9890,0.01237,0.66358
CVE-2020-9891,0.01237,0.66358
CVE-2020-9892,0.01237,0.66358
CVE-2020-9893,0.03927,0.84993
CVE-2020-9894,0.03927,0.84993
CVE-2020-9895,0.04583,0.8839
CVE-2020-9897,0.01005,0.36332
CVE-2020-9898,0.00885,0.26162
CVE-2020-9899,0.01036,0.41241
CVE-2020-9900,0.0095,0.30554
CVE-2020-9901,0.0089,0.2856
CVE-2020-9902,0.01018,0.38792
CVE-2020-9903,0.00885,0.26162
CVE-2020-9904,0.01237,0.66358
CVE-2020-9906,0.01213,0.6557
CVE-2020-9907,0.01005,0.36332
CVE-2020-9908,0.00885,0.26162
CVE-2020-9910,0.01034,0.39824
CVE-2020-9911,0.01055,0.50287
CVE-2020-9912,0.00885,0.26162
CVE-2020-9913,0.00885,0.26162
CVE-2020-9914,0.00885,0.26162
CVE-2020-9915,0.01108,0.53389
CVE-2020-9916,0.01108,0.53389
CVE-2020-9917,0.01055,0.50287
CVE-2020-9918,0.01213,0.6557
CVE-2020-9919,0.01363,0.70595
CVE-2020-9921,0.01036,0.41241
CVE-2020-9923,0.01005,0.36332
CVE-2020-9924,0.01055,0.50287
CVE-2020-9925,0.01108,0.53389
CVE-2020-9926,0.01237,0.66358
CVE-2020-9927,0.01036,0.41241
CVE-2020-9928,0.01036,0.41241
CVE-2020-9929,0.00885,0.26162
CVE-2020-9930,0.00885,0.26162
CVE-2020-9931,0.01055,0.50287
CVE-2020-9932,0.01843,0.76237
CVE-2020-9933,0.00954,0.34522
CVE-2020-9935,0.00885,0.26162
CVE-2020-9936,0.01363,0.70595
CVE-2020-9937,0.01363,0.70595
CVE-2020-9938,0.01363,0.70595
CVE-2020-9939,0.00885,0.26162
CVE-2020-9940,0.01237,0.66358
CVE-2020-9941,0.01408,0.72072
CVE-2020-9942,0.00954,0.34522
CVE-2020-9943,0.01108,0.53389
CVE-2020-9944,0.01108,0.53389
CVE-2020-9946,0.01018,0.38792
CVE-2020-9948,0.01843,0.76237
CVE-2020-9950,0.01843,0.76237
CVE-2020-9952,0.01537,0.73595
CVE-2020-9955,0.01237,0.66358
CVE-2020-9986,0.00885,0.26162
CVE-2020-9989,0.0095,0.30554
CVE-2020-9991,0.01408,0.72072
CVE-2019-0001,0.01018,0.38792
CVE-2019-0002,0.00954,0.34522
CVE-2019-0003,0.00885,0.26162
CVE-2019-0004,0.00885,0.26162
CVE-2019-0005,0.00885,0.26162
CVE-2019-0006,0.01978,0.78447
CVE-2019-0007,0.00885,0.26162
CVE-2019-0008,0.01978,0.78447
CVE-2019-0009,0.00885,0.26162
CVE-2019-0010,0.00885,0.26162
CVE-2019-0011,0.00885,0.26162
CVE-2019-0012,0.00885,0.26162
CVE-2019-0013,0.00885,0.26162
CVE-2019-0014,0.00885,0.26162
CVE-2019-0015,0.00885,0.26162
CVE-2019-0016,0.00885,0.26162
CVE-2019-0017,0.00885,0.26162
CVE-2019-0018,0.00885,0.26162
CVE-2019-0019,0.00885,0.26162
CVE-2019-0020,0.00885,0.26162
CVE-2019-0021,0.00885,0.26162
CVE-2019-0022,0.00885,0.26162
CVE-2019-0023,0.00885,0.26162
CVE-2019-0024,0.00885,0.26162
CVE-2019-0025,0.00885,0.26162
CVE-2019-0026,0.00885,0.26162
CVE-2019-0027,0.00885,0.26162
CVE-2019-0028,0.00885,0.26162
CVE-2019-0029,0.00885,0.26162
CVE-2019-0030,0.00885,0.26162
CVE-2019-0031,0.00885,0.26162
CVE-2019-0032,0.0089,0.2856
CVE-2019-0033,0.00885,0.26162
CVE-2019-0035,0.00885,0.26162
CVE-2019-0036,0.00885,0.26162
CVE-2019-0037,0.00885,0.26162
CVE-2019-0038,0.00885,0.26162
CVE-2019-0039,0.00885,0.26162
CVE-2019-0040,0.00885,0.26162
CVE-2019-0041,0.00885,0.26162
CVE-2019-0042,0.00885,0.26162
CVE-2019-0043,0.00885,0.26162
CVE-2019-0044,0.00885,0.26162
CVE-2019-0046,0.00885,0.26162
CVE-2019-0047,0.01055,0.50287
CVE-2019-0048,0.00885,0.26162
CVE-2019-0049,0.00885,0.26162
CVE-2019-0050,0.00885,0.26162
CVE-2019-0051,0.00885,0.26162
CVE-2019-0052,0.00885,0.26162
CVE-2019-0053,0.02189,0.80123
CVE-2019-0054,0.00885,0.26162
CVE-2019-0055,0.00885,0.26162
CVE-2019-0056,0.00885,0.26162
CVE-2019-0057,0.00885,0.26162
CVE-2019-0058,0.00885,0.26162
CVE-2019-0059,0.00885,0.26162
CVE-2019-0060,0.00885,0.26162
CVE-2019-0061,0.00885,0.26162
CVE-2019-0062,0.00885,0.26162
CVE-2019-0063,0.00885,0.26162
CVE-2019-0064,0.00885,0.26162
CVE-2019-0065,0.00885,0.26162
CVE-2019-0066,0.00885,0.26162
CVE-2019-0067,0.00885,0.26162
CVE-2019-0068,0.00885,0.26162
CVE-2019-0069,0.00885,0.26162
CVE-2019-0070,0.00885,0.26162
CVE-2019-0071,0.00885,0.26162
CVE-2019-0072,0.00885,0.26162
CVE-2019-0073,0.00885,0.26162
CVE-2019-0074,0.00885,0.26162
CVE-2019-0075,0.00885,0.26162
CVE-2019-0086,0.0089,0.2856
CVE-2019-0088,0.00885,0.26162
CVE-2019-0089,0.00885,0.26162
CVE-2019-0090,0.00885,0.26162
CVE-2019-0091,0.00885,0.26162
CVE-2019-0092,0.00885,0.26162
CVE-2019-0093,0.00885,0.26162
CVE-2019-0094,0.00885,0.26162
CVE-2019-0096,0.00885,0.26162
CVE-2019-0097,0.00885,0.26162
CVE-2019-0098,0.00885,0.26162
CVE-2019-0099,0.00885,0.26162
CVE-2019-0101,0.00885,0.26162
CVE-2019-0102,0.01018,0.38792
CVE-2019-0103,0.0089,0.2856
CVE-2019-0104,0.0089,0.2856
CVE-2019-0105,0.0089,0.2856
CVE-2019-0106,0.0089,0.2856
CVE-2019-0107,0.0089,0.2856
CVE-2019-0108,0.0089,0.2856
CVE-2019-0109,0.0089,0.2856
CVE-2019-0110,0.0089,0.2856
CVE-2019-0111,0.0089,0.2856
CVE-2019-0112,0.0089,0.2856
CVE-2019-0113,0.00885,0.26162
CVE-2019-0114,0.00885,0.26162
CVE-2019-0115,0.00885,0.26162
CVE-2019-0116,0.00885,0.26162
CVE-2019-0117,0.00885,0.26162
CVE-2019-0119,0.0089,0.2856
CVE-2019-0120,0.0089,0.2856
CVE-2019-0121,0.00885,0.26162
CVE-2019-0122,0.00885,0.26162
CVE-2019-0123,0.00885,0.26162
CVE-2019-0124,0.00885,0.26162
CVE-2019-0126,0.0089,0.2856
CVE-2019-0127,0.00885,0.26162
CVE-2019-0128,0.0089,0.2856
CVE-2019-0129,0.00885,0.26162
CVE-2019-0130,0.00954,0.34522
CVE-2019-0131,0.00885,0.26162
CVE-2019-0132,0.00954,0.34522
CVE-2019-0134,0.01036,0.41241
CVE-2019-0135,0.00885,0.26162
CVE-2019-0136,0.02686,0.82061
CVE-2019-0138,0.00885,0.26162
CVE-2019-0139,0.00885,0.26162
CVE-2019-0140,0.00885,0.26162
CVE-2019-0142,0.00885,0.26162
CVE-2019-0143,0.00885,0.26162
CVE-2019-0144,0.00885,0.26162
CVE-2019-0145,0.00885,0.26162
CVE-2019-0146,0.00885,0.26162
CVE-2019-0147,0.00885,0.26162
CVE-2019-0148,0.00885,0.26162
CVE-2019-0149,0.00885,0.26162
CVE-2019-0150,0.00885,0.26162
CVE-2019-0151,0.0095,0.30554
CVE-2019-0152,0.0095,0.30554
CVE-2019-0153,0.00885,0.26162
CVE-2019-0154,0.01034,0.39824
CVE-2019-0155,0.01282,0.67298
CVE-2019-0157,0.0089,0.2856
CVE-2019-0158,0.00885,0.26162
CVE-2019-0159,0.00885,0.26162
CVE-2019-0160,0.01018,0.38792
CVE-2019-0161,0.01034,0.39824
CVE-2019-0163,0.00885,0.26162
CVE-2019-0164,0.0089,0.2856
CVE-2019-0165,0.00885,0.26162
CVE-2019-0166,0.00885,0.26162
CVE-2019-0168,0.00885,0.26162
CVE-2019-0169,0.00885,0.26162
CVE-2019-0170,0.00885,0.26162
CVE-2019-0171,0.00885,0.26162
CVE-2019-0172,0.01055,0.50287
CVE-2019-0173,0.00885,0.26162
CVE-2019-0174,0.0095,0.30554
CVE-2019-0175,0.00885,0.26162
CVE-2019-0177,0.00885,0.26162
CVE-2019-0178,0.00885,0.26162
CVE-2019-0179,0.00885,0.26162
CVE-2019-0180,0.00885,0.26162
CVE-2019-0181,0.00885,0.26162
CVE-2019-0182,0.00885,0.26162
CVE-2019-0183,0.00885,0.26162
CVE-2019-0184,0.00885,0.26162
CVE-2019-0185,0.00885,0.26162
CVE-2019-0186,0.06484,0.90625
CVE-2019-0187,0.00885,0.26162
CVE-2019-0188,0.05242,0.89216
CVE-2019-0189,0.07391,0.92243
CVE-2019-0190,0.07344,0.92237
CVE-2019-0191,0.0089,0.2856
CVE-2019-0194,0.03032,0.82851
CVE-2019-0195,0.01742,0.75235
CVE-2019-0196,0.05242,0.89216
CVE-2019-0197,0.03052,0.82933
CVE-2019-0199,0.05242,0.89216
CVE-2019-0200,0.00885,0.26162
CVE-2019-0201,0.07767,0.92799
CVE-2019-0202,0.00885,0.26162
CVE-2019-0203,0.00885,0.26162
CVE-2019-0204,0.01559,0.742
CVE-2019-0205,0.05242,0.89216
CVE-2019-0207,0.01246,0.66436
CVE-2019-0210,0.03032,0.82851
CVE-2019-0212,0.01627,0.74906
CVE-2019-0213,0.02537,0.81131
CVE-2019-0214,0.02537,0.81131
CVE-2019-0215,0.03052,0.82933
CVE-2019-0216,0.0089,0.2856
CVE-2019-0217,0.04573,0.88389
CVE-2019-0218,0.00954,0.34522
CVE-2019-0219,0.01742,0.75235
CVE-2019-0220,0.05242,0.89216
CVE-2019-0221,0.05242,0.89216
CVE-2019-0222,0.07767,0.92799
CVE-2019-0223,0.05242,0.89216
CVE-2019-0224,0.01246,0.66436
CVE-2019-0225,0.01859,0.7626
CVE-2019-0226,0.00885,0.26162
CVE-2019-0228,0.03032,0.82851
CVE-2019-0229,0.00954,0.34522
CVE-2019-0231,0.00885,0.26162
CVE-2019-0233,0.019,0.76484
CVE-2019-0234,0.00885,0.26162
CVE-2019-0235,0.39838,0.98027
CVE-2019-0238,0.00954,0.34522
CVE-2019-0240,0.00954,0.34522
CVE-2019-0241,0.00954,0.34522
CVE-2019-0243,0.0089,0.2856
CVE-2019-0244,0.0089,0.2856
CVE-2019-0245,0.0089,0.2856
CVE-2019-0246,0.00954,0.34522
CVE-2019-0247,0.00885,0.26162
CVE-2019-0248,0.00954,0.34522
CVE-2019-0249,0.00954,0.34522
CVE-2019-0251,0.00954,0.34522
CVE-2019-0254,0.0089,0.2856
CVE-2019-0255,0.0089,0.2856
CVE-2019-0256,0.0089,0.2856
CVE-2019-0257,0.0089,0.2856
CVE-2019-0258,0.0089,0.2856
CVE-2019-0259,0.00954,0.34522
CVE-2019-0261,0.00954,0.34522
CVE-2019-0262,0.0089,0.2856
CVE-2019-0265,0.0095,0.30554
CVE-2019-0266,0.00954,0.34522
CVE-2019-0267,0.00954,0.34522
CVE-2019-0268,0.0089,0.2856
CVE-2019-0269,0.0089,0.2856
CVE-2019-0270,0.0089,0.2856
CVE-2019-0271,0.0095,0.30554
CVE-2019-0274,0.00954,0.34522
CVE-2019-0275,0.0089,0.2856
CVE-2019-0276,0.0089,0.2856
CVE-2019-0277,0.0089,0.2856
CVE-2019-0278,0.00885,0.26162
CVE-2019-0279,0.00885,0.26162
CVE-2019-0280,0.00885,0.26162
CVE-2019-0281,0.00954,0.34522
CVE-2019-0282,0.00885,0.26162
CVE-2019-0283,0.00885,0.26162
CVE-2019-0284,0.00885,0.26162
CVE-2019-0285,0.08382,0.93597
CVE-2019-0287,0.00954,0.34522
CVE-2019-0289,0.00885,0.26162
CVE-2019-0291,0.0089,0.2856
CVE-2019-0293,0.0089,0.2856
CVE-2019-0298,0.00954,0.34522
CVE-2019-0301,0.00885,0.26162
CVE-2019-0303,0.00885,0.26162
CVE-2019-0304,0.00885,0.26162
CVE-2019-0305,0.00885,0.26162
CVE-2019-0306,0.00885,0.26162
CVE-2019-0307,0.1293,0.95416
CVE-2019-0308,0.00885,0.26162
CVE-2019-0311,0.00885,0.26162
CVE-2019-0312,0.00885,0.26162
CVE-2019-0314,0.00885,0.26162
CVE-2019-0315,0.00885,0.26162
CVE-2019-0316,0.00885,0.26162
CVE-2019-0318,0.0089,0.2856
CVE-2019-0319,0.01108,0.53389
CVE-2019-0321,0.00954,0.34522
CVE-2019-0322,0.00954,0.34522
CVE-2019-0325,0.0089,0.2856
CVE-2019-0326,0.00954,0.34522
CVE-2019-0327,0.0089,0.2856
CVE-2019-0328,0.02199,0.80273
CVE-2019-0329,0.00954,0.34522
CVE-2019-0330,0.0089,0.2856
CVE-2019-0331,0.00885,0.26162
CVE-2019-0332,0.00885,0.26162
CVE-2019-0333,0.00885,0.26162
CVE-2019-0334,0.00885,0.26162
CVE-2019-0335,0.00885,0.26162
CVE-2019-0337,0.00885,0.26162
CVE-2019-0338,0.00885,0.26162
CVE-2019-0340,0.00885,0.26162
CVE-2019-0341,0.00885,0.26162
CVE-2019-0343,0.00885,0.26162
CVE-2019-0344,0.02275,0.80593
CVE-2019-0345,0.01055,0.50287
CVE-2019-0346,0.00885,0.26162
CVE-2019-0348,0.00885,0.26162
CVE-2019-0349,0.00885,0.26162
CVE-2019-0350,0.00885,0.26162
CVE-2019-0351,0.01978,0.78447
CVE-2019-0352,0.00885,0.26162
CVE-2019-0353,0.00885,0.26162
CVE-2019-0355,0.00885,0.26162
CVE-2019-0356,0.00885,0.26162
CVE-2019-0357,0.00885,0.26162
CVE-2019-0361,0.00885,0.26162
CVE-2019-0363,0.00885,0.26162
CVE-2019-0364,0.00885,0.26162
CVE-2019-0365,0.00885,0.26162
CVE-2019-0367,0.00885,0.26162
CVE-2019-0368,0.00885,0.26162
CVE-2019-0369,0.00885,0.26162
CVE-2019-0370,0.00885,0.26162
CVE-2019-0374,0.0144,0.7265
CVE-2019-0375,0.0144,0.7265
CVE-2019-0376,0.00885,0.26162
CVE-2019-0377,0.00885,0.26162
CVE-2019-0378,0.00885,0.26162
CVE-2019-0379,0.00885,0.26162
CVE-2019-0380,0.00885,0.26162
CVE-2019-0381,0.00885,0.26162
CVE-2019-0382,0.00885,0.26162
CVE-2019-0383,0.00885,0.26162
CVE-2019-0384,0.00885,0.26162
CVE-2019-0385,0.00885,0.26162
CVE-2019-0386,0.00885,0.26162
CVE-2019-0388,0.00885,0.26162
CVE-2019-0389,0.00885,0.26162
CVE-2019-0390,0.00885,0.26162
CVE-2019-0391,0.00885,0.26162
CVE-2019-0393,0.00885,0.26162
CVE-2019-0395,0.0144,0.7265
CVE-2019-0396,0.00885,0.26162
CVE-2019-0398,0.00885,0.26162
CVE-2019-0399,0.00885,0.26162
CVE-2019-0402,0.00885,0.26162
CVE-2019-0403,0.02055,0.7893
CVE-2019-0404,0.00885,0.26162
CVE-2019-0405,0.00885,0.26162
CVE-2019-0536,0.0141,0.7214
CVE-2019-0537,0.04026,0.853
CVE-2019-0538,0.07289,0.92107000000000006
CVE-2019-0540,0.04026,0.853
CVE-2019-0541,0.56683,0.98749
CVE-2019-0542,0.07578,0.92537
CVE-2019-0543,0.01909,0.76503
CVE-2019-0545,0.04794,0.88723
CVE-2019-0546,0.07289,0.92107000000000006
CVE-2019-0547,0.33483,0.97569
CVE-2019-0548,0.04794,0.88723
CVE-2019-0549,0.0141,0.7214
CVE-2019-0550,0.05404,0.89452
CVE-2019-0551,0.05404,0.89452
CVE-2019-0552,0.01909,0.76503
CVE-2019-0553,0.0141,0.7214
CVE-2019-0554,0.0141,0.7214
CVE-2019-0555,0.02736,0.82121
CVE-2019-0556,0.0141,0.7214
CVE-2019-0557,0.0141,0.7214
CVE-2019-0558,0.0141,0.7214
CVE-2019-0559,0.04026,0.853
CVE-2019-0560,0.04026,0.853
CVE-2019-0561,0.04026,0.853
CVE-2019-0562,0.0141,0.7214
CVE-2019-0564,0.04794,0.88723
CVE-2019-0565,0.07619,0.92598
CVE-2019-0566,0.27649,0.97089
CVE-2019-0567,0.21361,0.96382
CVE-2019-0568,0.76827,0.99368
CVE-2019-0569,0.0141,0.7214
CVE-2019-0570,0.01909,0.76503
CVE-2019-0571,0.09177,0.93912
CVE-2019-0572,0.09177,0.93912
CVE-2019-0573,0.09177,0.93912
CVE-2019-0574,0.09177,0.93912
CVE-2019-0575,0.07289,0.92107000000000006
CVE-2019-0576,0.07289,0.92107000000000006
CVE-2019-0577,0.07289,0.92107000000000006
CVE-2019-0578,0.07289,0.92107000000000006
CVE-2019-0579,0.07289,0.92107000000000006
CVE-2019-0580,0.07289,0.92107000000000006
CVE-2019-0581,0.07289,0.92107000000000006
CVE-2019-0582,0.07289,0.92107000000000006
CVE-2019-0583,0.07289,0.92107000000000006
CVE-2019-0584,0.07289,0.92107000000000006
CVE-2019-0585,0.07619,0.92598
CVE-2019-0586,0.07619,0.92598
CVE-2019-0588,0.0141,0.7214
CVE-2019-0590,0.07619,0.92598
CVE-2019-0591,0.07619,0.92598
CVE-2019-0592,0.02217,0.80415
CVE-2019-0593,0.07619,0.92598
CVE-2019-0594,0.05654,0.89808
CVE-2019-0595,0.21361,0.96382
CVE-2019-0596,0.07289,0.92107000000000006
CVE-2019-0597,0.07289,0.92107000000000006
CVE-2019-0598,0.07289,0.92107000000000006
CVE-2019-0599,0.07289,0.92107000000000006
CVE-2019-0600,0.0141,0.7214
CVE-2019-0601,0.0141,0.7214
CVE-2019-0602,0.04026,0.853
CVE-2019-0603,0.03179,0.83173
CVE-2019-0605,0.07619,0.92598
CVE-2019-0606,0.07619,0.92598
CVE-2019-0607,0.07619,0.92598
CVE-2019-0608,0.02632,0.81366
CVE-2019-0609,0.02217,0.80415
CVE-2019-0610,0.07619,0.92598
CVE-2019-0611,0.02217,0.80415
CVE-2019-0612,0.06109,0.90164
CVE-2019-0613,0.07619,0.92598
CVE-2019-0614,0.02868,0.82434
CVE-2019-0615,0.04026,0.853
CVE-2019-0616,0.04026,0.853
CVE-2019-0617,0.02116,0.79152
CVE-2019-0618,0.07619,0.92598
CVE-2019-0619,0.04026,0.853
CVE-2019-0620,0.02183,0.80029
CVE-2019-0621,0.0141,0.7214
CVE-2019-0622,0.06669,0.91152
CVE-2019-0624,0.0141,0.7214
CVE-2019-0625,0.07289,0.92107000000000006
CVE-2019-0626,0.10118,0.94304
CVE-2019-0627,0.0141,0.7214
CVE-2019-0628,0.0141,0.7214
CVE-2019-0630,0.05654,0.89808
CVE-2019-0631,0.0141,0.7214
CVE-2019-0632,0.0141,0.7214
CVE-2019-0633,0.05654,0.89808
CVE-2019-0634,0.07619,0.92598
CVE-2019-0635,0.0141,0.7214
CVE-2019-0636,0.0141,0.7214
CVE-2019-0637,0.04026,0.853
CVE-2019-0639,0.0596,0.90113
CVE-2019-0640,0.07619,0.92598
CVE-2019-0641,0.04026,0.853
CVE-2019-0642,0.07619,0.92598
CVE-2019-0643,0.04026,0.853
CVE-2019-0644,0.07619,0.92598
CVE-2019-0645,0.07619,0.92598
CVE-2019-0646,0.0141,0.7214
CVE-2019-0647,0.0141,0.7214
CVE-2019-0648,0.04026,0.853
CVE-2019-0649,0.04026,0.853
CVE-2019-0650,0.07619,0.92598
CVE-2019-0651,0.07619,0.92598
CVE-2019-0652,0.07619,0.92598
CVE-2019-0654,0.04026,0.853
CVE-2019-0655,0.07619,0.92598
CVE-2019-0656,0.0141,0.7214
CVE-2019-0657,0.04794,0.88723
CVE-2019-0658,0.04026,0.853
CVE-2019-0659,0.0141,0.7214
CVE-2019-0660,0.04026,0.853
CVE-2019-0661,0.0141,0.7214
CVE-2019-0662,0.07619,0.92598
CVE-2019-0663,0.0141,0.7214
CVE-2019-0664,0.04026,0.853
CVE-2019-0665,0.02217,0.80415
CVE-2019-0666,0.02217,0.80415
CVE-2019-0667,0.09655,0.93989
CVE-2019-0668,0.0141,0.7214
CVE-2019-0669,0.04026,0.853
CVE-2019-0670,0.04026,0.853
CVE-2019-0671,0.07289,0.92107000000000006
CVE-2019-0672,0.07289,0.92107000000000006
CVE-2019-0673,0.07289,0.92107000000000006
CVE-2019-0674,0.07289,0.92107000000000006
CVE-2019-0675,0.07289,0.92107000000000006
CVE-2019-0676,0.04026,0.853
CVE-2019-0678,0.02868,0.82434
CVE-2019-0680,0.02217,0.80415
CVE-2019-0682,0.01376,0.70823
CVE-2019-0683,0.02868,0.82434
CVE-2019-0685,0.01376,0.70823
CVE-2019-0686,0.04026,0.853
CVE-2019-0688,0.04004,0.85273
CVE-2019-0689,0.01376,0.70823
CVE-2019-0690,0.01376,0.70823
CVE-2019-0692,0.01376,0.70823
CVE-2019-0693,0.01376,0.70823
CVE-2019-0694,0.01376,0.70823
CVE-2019-0695,0.01376,0.70823
CVE-2019-0696,0.01376,0.70823
CVE-2019-0697,0.12157,0.94985
CVE-2019-0698,0.12157,0.94985
CVE-2019-0701,0.01376,0.70823
CVE-2019-0702,0.01376,0.70823
CVE-2019-0703,0.01376,0.70823
CVE-2019-0704,0.01376,0.70823
CVE-2019-0707,0.01376,0.70823
CVE-2019-0710,0.01376,0.70823
CVE-2019-0711,0.01376,0.70823
CVE-2019-0712,0.0115,0.5906
CVE-2019-0713,0.01376,0.70823
CVE-2019-0714,0.01376,0.70823
CVE-2019-0715,0.01376,0.70823
CVE-2019-0716,0.01376,0.70823
CVE-2019-0717,0.01376,0.70823
CVE-2019-0718,0.01376,0.70823
CVE-2019-0719,0.02134,0.79164
CVE-2019-0720,0.02183,0.80029
CVE-2019-0721,0.02134,0.79164
CVE-2019-0722,0.02287,0.80612
CVE-2019-0723,0.01376,0.70823
CVE-2019-0724,0.31279,0.97468
CVE-2019-0725,0.04356,0.8706
CVE-2019-0726,0.12157,0.94985
CVE-2019-0727,0.01376,0.70823
CVE-2019-0728,0.37741,0.97842
CVE-2019-0729,0.04026,0.853
CVE-2019-0730,0.01909,0.76503
CVE-2019-0731,0.01909,0.76503
CVE-2019-0732,0.01909,0.76503
CVE-2019-0733,0.01376,0.70823
CVE-2019-0734,0.04789,0.8872
CVE-2019-0735,0.01909,0.76503
CVE-2019-0736,0.12157,0.94985
CVE-2019-0739,0.0596,0.90113
CVE-2019-0741,0.04026,0.853
CVE-2019-0742,0.0141,0.7214
CVE-2019-0743,0.0141,0.7214
CVE-2019-0746,0.02868,0.82434
CVE-2019-0748,0.02116,0.79152
CVE-2019-0753,0.02217,0.80415
CVE-2019-0754,0.01376,0.70823
CVE-2019-0755,0.01418,0.72341
CVE-2019-0756,0.02217,0.80415
CVE-2019-0757,0.0141,0.7214
CVE-2019-0758,0.02868,0.82434
CVE-2019-0759,0.01376,0.70823
CVE-2019-0761,0.02868,0.82434
CVE-2019-0762,0.02868,0.82434
CVE-2019-0763,0.02217,0.80415
CVE-2019-0764,0.03358,0.83637
CVE-2019-0765,0.02217,0.80415
CVE-2019-0766,0.01376,0.70823
CVE-2019-0767,0.01376,0.70823
CVE-2019-0769,0.02217,0.80415
CVE-2019-0770,0.02217,0.80415
CVE-2019-0771,0.02217,0.80415
CVE-2019-0772,0.02217,0.80415
CVE-2019-0773,0.02217,0.80415
CVE-2019-0774,0.02868,0.82434
CVE-2019-0775,0.01376,0.70823
CVE-2019-0776,0.01376,0.70823
CVE-2019-0777,0.01376,0.70823
CVE-2019-0778,0.01376,0.70823
CVE-2019-0779,0.02217,0.80415
CVE-2019-0780,0.02217,0.80415
CVE-2019-0782,0.01376,0.70823
CVE-2019-0783,0.02217,0.80415
CVE-2019-0784,0.02217,0.80415
CVE-2019-0785,0.04356,0.8706
CVE-2019-0786,0.02868,0.82434
CVE-2019-0787,0.02217,0.80415
CVE-2019-0788,0.02217,0.80415
CVE-2019-0790,0.0596,0.90113
CVE-2019-0791,0.0596,0.90113
CVE-2019-0792,0.0596,0.90113
CVE-2019-0793,0.0596,0.90113
CVE-2019-0794,0.02217,0.80415
CVE-2019-0795,0.0596,0.90113
CVE-2019-0796,0.01909,0.76503
CVE-2019-0797,0.01376,0.70823
CVE-2019-0798,0.02868,0.82434
CVE-2019-0801,0.05698,0.89817
CVE-2019-0802,0.02868,0.82434
CVE-2019-0804,0.01418,0.72341
CVE-2019-0805,0.01909,0.76503
CVE-2019-0806,0.02217,0.80415
CVE-2019-0809,0.02116,0.79152
CVE-2019-0810,0.0596,0.90113
CVE-2019-0811,0.02868,0.82434
CVE-2019-0812,0.02217,0.80415
CVE-2019-0813,0.02868,0.82434
CVE-2019-0814,0.01376,0.70823
CVE-2019-0815,0.03358,0.83637
CVE-2019-0816,0.00885,0.26162
CVE-2019-0817,0.02868,0.82434
CVE-2019-0819,0.01376,0.70823
CVE-2019-0820,0.03358,0.83637
CVE-2019-0821,0.01376,0.70823
CVE-2019-0822,0.02116,0.79152
CVE-2019-0823,0.02116,0.79152
CVE-2019-0824,0.02116,0.79152
CVE-2019-0825,0.02116,0.79152
CVE-2019-0826,0.02116,0.79152
CVE-2019-0827,0.02116,0.79152
CVE-2019-0828,0.02116,0.79152
CVE-2019-0829,0.02217,0.80415
CVE-2019-0830,0.01376,0.70823
CVE-2019-0831,0.01376,0.70823
CVE-2019-0833,0.03358,0.83637
CVE-2019-0835,0.02868,0.82434
CVE-2019-0836,0.02185,0.80059
CVE-2019-0837,0.01376,0.70823
CVE-2019-0838,0.01376,0.70823
CVE-2019-0839,0.01376,0.70823
CVE-2019-0840,0.01376,0.70823
CVE-2019-0842,0.0596,0.90113
CVE-2019-0844,0.01376,0.70823
CVE-2019-0845,0.02217,0.80415
CVE-2019-0846,0.02116,0.79152
CVE-2019-0847,0.02116,0.79152
CVE-2019-0848,0.01376,0.70823
CVE-2019-0849,0.02868,0.82434
CVE-2019-0851,0.02116,0.79152
CVE-2019-0853,0.17269,0.96033
CVE-2019-0856,0.02287,0.80612
CVE-2019-0857,0.03358,0.83637
CVE-2019-0858,0.02868,0.82434
CVE-2019-0860,0.0596,0.90113
CVE-2019-0861,0.0596,0.90113
CVE-2019-0862,0.0596,0.90113
CVE-2019-0863,0.01909,0.76503
CVE-2019-0864,0.01376,0.70823
CVE-2019-0865,0.02868,0.82434
CVE-2019-0866,0.03358,0.83637
CVE-2019-0867,0.03358,0.83637
CVE-2019-0868,0.03358,0.83637
CVE-2019-0869,0.03358,0.83637
CVE-2019-0870,0.03358,0.83637
CVE-2019-0871,0.03358,0.83637
CVE-2019-0872,0.01376,0.70823
CVE-2019-0874,0.03358,0.83637
CVE-2019-0875,0.02868,0.82434
CVE-2019-0876,0.0141,0.7214
CVE-2019-0877,0.02183,0.80029
CVE-2019-0879,0.05033,0.89011
CVE-2019-0880,0.01376,0.70823
CVE-2019-0881,0.01909,0.76503
CVE-2019-0882,0.02868,0.82434
CVE-2019-0884,0.02217,0.80415
CVE-2019-0885,0.02116,0.79152
CVE-2019-0886,0.01376,0.70823
CVE-2019-0889,0.02116,0.79152
CVE-2019-0890,0.02116,0.79152
CVE-2019-0891,0.02116,0.79152
CVE-2019-0892,0.01376,0.70823
CVE-2019-0893,0.02116,0.79152
CVE-2019-0894,0.02116,0.79152
CVE-2019-0895,0.02116,0.79152
CVE-2019-0896,0.02116,0.79152
CVE-2019-0897,0.02116,0.79152
CVE-2019-0898,0.02116,0.79152
CVE-2019-0899,0.02116,0.79152
CVE-2019-0900,0.02116,0.79152
CVE-2019-0901,0.02116,0.79152
CVE-2019-0902,0.02217,0.80415
CVE-2019-0903,0.02217,0.80415
CVE-2019-0904,0.02217,0.80415
CVE-2019-0905,0.02217,0.80415
CVE-2019-0906,0.0596,0.90113
CVE-2019-0907,0.02217,0.80415
CVE-2019-0908,0.02217,0.80415
CVE-2019-0909,0.02217,0.80415
CVE-2019-0911,0.02217,0.80415
CVE-2019-0912,0.02217,0.80415
CVE-2019-0913,0.02217,0.80415
CVE-2019-0914,0.02217,0.80415
CVE-2019-0915,0.02217,0.80415
CVE-2019-0916,0.02217,0.80415
CVE-2019-0917,0.02217,0.80415
CVE-2019-0918,0.02217,0.80415
CVE-2019-0920,0.28767,0.97176
CVE-2019-0921,0.02868,0.82434
CVE-2019-0922,0.02217,0.80415
CVE-2019-0923,0.02217,0.80415
CVE-2019-0924,0.02217,0.80415
CVE-2019-0925,0.02217,0.80415
CVE-2019-0926,0.02217,0.80415
CVE-2019-0927,0.02217,0.80415
CVE-2019-0928,0.01376,0.70823
CVE-2019-0929,0.02217,0.80415
CVE-2019-0930,0.02868,0.82434
CVE-2019-0931,0.01376,0.70823
CVE-2019-0932,0.02868,0.82434
CVE-2019-0933,0.02217,0.80415
CVE-2019-0936,0.01376,0.70823
CVE-2019-0937,0.02217,0.80415
CVE-2019-0938,0.02868,0.82434
CVE-2019-0940,0.02217,0.80415
CVE-2019-0941,0.02868,0.82434
CVE-2019-0942,0.01376,0.70823
CVE-2019-0943,0.01865,0.76283
CVE-2019-0945,0.02116,0.79152
CVE-2019-0946,0.02116,0.79152
CVE-2019-0947,0.02116,0.79152
CVE-2019-0948,0.06426,0.90605
CVE-2019-0949,0.01376,0.70823
CVE-2019-0950,0.01376,0.70823
CVE-2019-0951,0.01376,0.70823
CVE-2019-0952,0.02287,0.80612
CVE-2019-0953,0.02116,0.79152
CVE-2019-0956,0.01376,0.70823
CVE-2019-0957,0.01376,0.70823
CVE-2019-0958,0.01376,0.70823
CVE-2019-0959,0.01865,0.76283
CVE-2019-0960,0.01376,0.70823
CVE-2019-0961,0.02868,0.82434
CVE-2019-0962,0.01376,0.70823
CVE-2019-0963,0.01376,0.70823
CVE-2019-0965,0.02183,0.80029
CVE-2019-0966,0.01376,0.70823
CVE-2019-0968,0.02868,0.82434
CVE-2019-0971,0.02322,0.80633
CVE-2019-0972,0.02322,0.80633
CVE-2019-0973,0.01376,0.70823
CVE-2019-0974,0.02217,0.80415
CVE-2019-0975,0.02868,0.82434
CVE-2019-0976,0.0141,0.7214
CVE-2019-0977,0.02868,0.82434
CVE-2019-0979,0.01376,0.70823
CVE-2019-0980,0.03358,0.83637
CVE-2019-0981,0.03358,0.83637
CVE-2019-0982,0.02868,0.82434
CVE-2019-0983,0.01376,0.70823
CVE-2019-0984,0.01376,0.70823
CVE-2019-0985,0.02116,0.79152
CVE-2019-0988,0.0596,0.90113
CVE-2019-0989,0.02217,0.80415
CVE-2019-0990,0.02868,0.82434
CVE-2019-0991,0.02217,0.80415
CVE-2019-0992,0.02217,0.80415
CVE-2019-0993,0.02217,0.80415
CVE-2019-0995,0.02868,0.82434
CVE-2019-0996,0.02868,0.82434
CVE-2019-0998,0.01376,0.70823
CVE-2019-0999,0.01376,0.70823
CVE-2019-1000,0.01376,0.70823
CVE-2019-1000001,0.00885,0.26162
CVE-2019-1000002,0.00885,0.26162
CVE-2019-1000003,0.00885,0.26162
CVE-2019-1000004,0.00885,0.26162
CVE-2019-1000005,0.01086,0.51674
CVE-2019-1000006,0.00885,0.26162
CVE-2019-1000007,0.00885,0.26162
CVE-2019-1000008,0.00885,0.26162
CVE-2019-1000009,0.00885,0.26162
CVE-2019-1000010,0.00885,0.26162
CVE-2019-1000011,0.00885,0.26162
CVE-2019-1000012,0.0144,0.7265
CVE-2019-1000013,0.0144,0.7265
CVE-2019-1000014,0.01086,0.51674
CVE-2019-1000015,0.00885,0.26162
CVE-2019-1000016,0.00885,0.26162
CVE-2019-1000017,0.00885,0.26162
CVE-2019-1000018,0.01864,0.7628
CVE-2019-1000019,0.01537,0.73595
CVE-2019-1000020,0.01537,0.73595
CVE-2019-1000021,0.01018,0.38792
CVE-2019-1000022,0.00885,0.26162
CVE-2019-1000023,0.00954,0.34522
CVE-2019-1000024,0.00954,0.34522
CVE-2019-1000031,0.00954,0.34522
CVE-2019-10009,0.08927,0.93692
CVE-2019-1001,0.02217,0.80415
CVE-2019-10010,0.01055,0.50287
CVE-2019-10011,0.01055,0.50287
CVE-2019-10012,0.01055,0.50287
CVE-2019-10013,0.01213,0.6557
CVE-2019-10014,0.01055,0.50287
CVE-2019-10015,0.01055,0.50287
CVE-2019-10016,0.00885,0.26162
CVE-2019-10017,0.00885,0.26162
CVE-2019-10018,0.00954,0.34522
CVE-2019-10019,0.00885,0.26162
CVE-2019-1002,0.02217,0.80415
CVE-2019-10020,0.00885,0.26162
CVE-2019-10021,0.00885,0.26162
CVE-2019-1002100,0.01034,0.39824
CVE-2019-10022,0.00885,0.26162
CVE-2019-10023,0.00885,0.26162
CVE-2019-10024,0.00885,0.26162
CVE-2019-10025,0.00885,0.26162
CVE-2019-10026,0.00885,0.26162
CVE-2019-10027,0.00885,0.26162
CVE-2019-10028,0.00885,0.26162
CVE-2019-1003,0.02217,0.80415
CVE-2019-1003003,0.0089,0.2856
CVE-2019-1003004,0.0089,0.2856
CVE-2019-1003005,0.13041,0.95432
CVE-2019-1003006,0.01086,0.51674
CVE-2019-1003007,0.01086,0.51674
CVE-2019-1003008,0.01086,0.51674
CVE-2019-1003009,0.00885,0.26162
CVE-2019-1003010,0.00954,0.34522
CVE-2019-1003011,0.0089,0.2856
CVE-2019-1003012,0.00954,0.34522
CVE-2019-1003013,0.0089,0.2856
CVE-2019-1003014,0.0089,0.2856
CVE-2019-1003015,0.00885,0.26162
CVE-2019-1003016,0.00885,0.26162
CVE-2019-1003017,0.00885,0.26162
CVE-2019-1003018,0.00885,0.26162
CVE-2019-1003019,0.00885,0.26162
CVE-2019-1003020,0.00885,0.26162
CVE-2019-1003021,0.00885,0.26162
CVE-2019-1003022,0.00885,0.26162
CVE-2019-1003023,0.00885,0.26162
CVE-2019-1003024,0.13041,0.95432
CVE-2019-1003025,0.00885,0.26162
CVE-2019-1003026,0.00885,0.26162
CVE-2019-1003027,0.00885,0.26162
CVE-2019-1003028,0.00885,0.26162
CVE-2019-1003030,0.0968,0.94003
CVE-2019-1003031,0.06644,0.91149
CVE-2019-1003032,0.02096,0.7907
CVE-2019-1003033,0.02096,0.7907
CVE-2019-1003034,0.06644,0.91149
CVE-2019-1003035,0.00885,0.26162
CVE-2019-1003036,0.00885,0.26162
CVE-2019-1003037,0.00885,0.26162
CVE-2019-1003038,0.00885,0.26162
CVE-2019-1003039,0.00885,0.26162
CVE-2019-1003040,0.01018,0.38792
CVE-2019-1003041,0.01018,0.38792
CVE-2019-1003042,0.0095,0.30554
CVE-2019-1003043,0.0089,0.2856
CVE-2019-1003044,0.0089,0.2856
CVE-2019-1003045,0.0089,0.2856
CVE-2019-1003046,0.00954,0.34522
CVE-2019-1003047,0.0089,0.2856
CVE-2019-1003048,0.0089,0.2856
CVE-2019-1003049,0.01018,0.38792
CVE-2019-1003050,0.0095,0.30554
CVE-2019-1003051,0.0089,0.2856
CVE-2019-1003052,0.0089,0.2856
CVE-2019-1003053,0.0089,0.2856
CVE-2019-1003054,0.0089,0.2856
CVE-2019-1003055,0.0089,0.2856
CVE-2019-1003056,0.0089,0.2856
CVE-2019-1003057,0.0089,0.2856
CVE-2019-1003058,0.00954,0.34522
CVE-2019-1003059,0.0089,0.2856
CVE-2019-1003060,0.0089,0.2856
CVE-2019-1003061,0.0089,0.2856
CVE-2019-1003062,0.0089,0.2856
CVE-2019-1003063,0.0089,0.2856
CVE-2019-1003064,0.0089,0.2856
CVE-2019-1003065,0.0089,0.2856
CVE-2019-1003066,0.0089,0.2856
CVE-2019-1003067,0.0089,0.2856
CVE-2019-1003068,0.0089,0.2856
CVE-2019-1003069,0.0089,0.2856
CVE-2019-1003070,0.0089,0.2856
CVE-2019-1003071,0.0089,0.2856
CVE-2019-1003072,0.0089,0.2856
CVE-2019-1003073,0.0089,0.2856
CVE-2019-1003074,0.0089,0.2856
CVE-2019-1003075,0.0089,0.2856
CVE-2019-1003076,0.00954,0.34522
CVE-2019-1003077,0.0089,0.2856
CVE-2019-1003078,0.00885,0.26162
CVE-2019-1003079,0.0089,0.2856
CVE-2019-1003080,0.00954,0.34522
CVE-2019-1003081,0.0089,0.2856
CVE-2019-1003082,0.00954,0.34522
CVE-2019-1003083,0.0089,0.2856
CVE-2019-1003084,0.00954,0.34522
CVE-2019-1003085,0.0089,0.2856
CVE-2019-1003086,0.00954,0.34522
CVE-2019-1003087,0.0089,0.2856
CVE-2019-1003088,0.0089,0.2856
CVE-2019-1003089,0.0089,0.2856
CVE-2019-1003090,0.00954,0.34522
CVE-2019-1003091,0.0089,0.2856
CVE-2019-1003092,0.00954,0.34522
CVE-2019-1003093,0.0089,0.2856
CVE-2019-1003094,0.0089,0.2856
CVE-2019-1003095,0.0089,0.2856
CVE-2019-1003096,0.0089,0.2856
CVE-2019-1003097,0.0089,0.2856
CVE-2019-1003098,0.00954,0.34522
CVE-2019-1003099,0.0089,0.2856
CVE-2019-10038,0.02362,0.80685
CVE-2019-10039,0.00885,0.26162
CVE-2019-1004,0.02217,0.80415
CVE-2019-10040,0.00885,0.26162
CVE-2019-10041,0.00885,0.26162
CVE-2019-10042,0.00885,0.26162
CVE-2019-10044,0.00885,0.26162
CVE-2019-10045,0.00885,0.26162
CVE-2019-10046,0.00885,0.26162
CVE-2019-10047,0.00885,0.26162
CVE-2019-10048,0.01086,0.51674
CVE-2019-10049,0.00885,0.26162
CVE-2019-1005,0.02217,0.80415
CVE-2019-10050,0.00885,0.26162
CVE-2019-10051,0.00954,0.34522
CVE-2019-10052,0.00954,0.34522
CVE-2019-10053,0.00885,0.26162
CVE-2019-10054,0.00885,0.26162
CVE-2019-10055,0.00885,0.26162
CVE-2019-10056,0.00885,0.26162
CVE-2019-10057,0.00885,0.26162
CVE-2019-10058,0.00885,0.26162
CVE-2019-10059,0.00885,0.26162
CVE-2019-1006,0.04789,0.8872
CVE-2019-10060,0.01086,0.51674
CVE-2019-10062,0.01136,0.57949
CVE-2019-10063,0.00954,0.34522
CVE-2019-10064,0.01183,0.60428
CVE-2019-10065,0.00885,0.26162
CVE-2019-10066,0.01086,0.51674
CVE-2019-10067,0.02199,0.80273
CVE-2019-10068,0.43385,0.98209
CVE-2019-10069,0.01978,0.78447
CVE-2019-1007,0.01376,0.70823
CVE-2019-10070,0.00885,0.26162
CVE-2019-10071,0.05634,0.89764
CVE-2019-10072,0.05242,0.89216
CVE-2019-10073,0.00954,0.34522
CVE-2019-10074,0.00885,0.26162
CVE-2019-10076,0.01246,0.66436
CVE-2019-10077,0.01246,0.66436
CVE-2019-10078,0.01742,0.75235
CVE-2019-10079,0.00954,0.34522
CVE-2019-1008,0.02868,0.82434
CVE-2019-10080,0.0089,0.2856
CVE-2019-10081,0.05242,0.89216
CVE-2019-10082,0.05242,0.89216
CVE-2019-10083,0.00885,0.26162
CVE-2019-10084,0.00885,0.26162
CVE-2019-10085,0.00954,0.34522
CVE-2019-10086,0.05242,0.89216
CVE-2019-10087,0.00885,0.26162
CVE-2019-10088,0.01859,0.7626
CVE-2019-10089,0.00885,0.26162
CVE-2019-1009,0.06842,0.91812
CVE-2019-10091,0.00885,0.26162
CVE-2019-10093,0.01859,0.7626
CVE-2019-10094,0.01742,0.75235
CVE-2019-10095,0.02879,0.82435
CVE-2019-10097,0.03525,0.84103000000000006
CVE-2019-10098,0.43518,0.98211
CVE-2019-10099,0.00954,0.34522
CVE-2019-1010,0.02868,0.82434
CVE-2019-10100,0.01086,0.51674
CVE-2019-1010003,0.00885,0.26162
CVE-2019-1010004,0.00885,0.26162
CVE-2019-1010005,0.0144,0.7265
CVE-2019-1010006,0.01834,0.76202
CVE-2019-1010008,0.01086,0.51674
CVE-2019-1010009,0.01156,0.60033
CVE-2019-1010016,0.00885,0.26162
CVE-2019-1010017,0.00885,0.26162
CVE-2019-1010018,0.00954,0.34522
CVE-2019-1010022,0.01018,0.38792
CVE-2019-1010023,0.02509,0.81058
CVE-2019-1010024,0.01108,0.53389
CVE-2019-1010025,0.01018,0.38792
CVE-2019-1010028,0.00885,0.26162
CVE-2019-1010034,0.00885,0.26162
CVE-2019-1010038,0.01086,0.51674
CVE-2019-1010039,0.01086,0.51674
CVE-2019-1010043,0.01086,0.51674
CVE-2019-1010044,0.01086,0.51674
CVE-2019-1010057,0.0149,0.72731
CVE-2019-1010060,0.05634,0.89764
CVE-2019-1010062,0.00885,0.26162
CVE-2019-1010065,0.01018,0.38792
CVE-2019-1010066,0.00885,0.26162
CVE-2019-1010069,0.00954,0.34522
CVE-2019-1010083,0.00885,0.26162
CVE-2019-1010084,0.00885,0.26162
CVE-2019-1010094,0.00885,0.26162
CVE-2019-1010095,0.00885,0.26162
CVE-2019-1010096,0.00885,0.26162
CVE-2019-10101,0.00885,0.26162
CVE-2019-1010100,0.01036,0.41241
CVE-2019-1010101,0.01086,0.51674
CVE-2019-1010104,0.00885,0.26162
CVE-2019-1010112,0.00885,0.26162
CVE-2019-1010113,0.00885,0.26162
CVE-2019-1010123,0.00885,0.26162
CVE-2019-1010124,0.02173,0.80027
CVE-2019-1010127,0.01005,0.36332
CVE-2019-1010136,0.08382,0.93597
CVE-2019-1010142,0.01108,0.53389
CVE-2019-1010147,0.00885,0.26162
CVE-2019-1010148,0.01086,0.51674
CVE-2019-1010149,0.01086,0.51674
CVE-2019-1010150,0.01086,0.51674
CVE-2019-1010151,0.00885,0.26162
CVE-2019-1010152,0.01086,0.51674
CVE-2019-1010153,0.00885,0.26162
CVE-2019-1010155,0.01018,0.38792
CVE-2019-1010161,0.00885,0.26162
CVE-2019-1010162,0.00885,0.26162
CVE-2019-1010163,0.03146,0.83164
CVE-2019-1010169,0.00885,0.26162
CVE-2019-1010170,0.00885,0.26162
CVE-2019-1010171,0.00885,0.26162
CVE-2019-1010172,0.00885,0.26162
CVE-2019-1010173,0.00885,0.26162
CVE-2019-1010174,0.02211,0.80357
CVE-2019-1010176,0.01086,0.51674
CVE-2019-1010177,0.01086,0.51674
CVE-2019-1010178,0.01156,0.60033
CVE-2019-1010179,0.02055,0.7893
CVE-2019-1010180,0.01719,0.75183
CVE-2019-1010182,0.00885,0.26162
CVE-2019-1010183,0.00885,0.26162
CVE-2019-1010189,0.00885,0.26162
CVE-2019-1010190,0.00885,0.26162
CVE-2019-1010191,0.00885,0.26162
CVE-2019-1010193,0.00885,0.26162
CVE-2019-1010199,0.00885,0.26162
CVE-2019-10102,0.00885,0.26162
CVE-2019-1010200,0.01978,0.78447
CVE-2019-1010201,0.00885,0.26162
CVE-2019-1010202,0.00885,0.26162
CVE-2019-1010204,0.00954,0.34522
CVE-2019-1010205,0.00885,0.26162
CVE-2019-1010206,0.00885,0.26162
CVE-2019-1010207,0.00954,0.34522
CVE-2019-1010208,0.00885,0.26162
CVE-2019-1010209,0.00954,0.34522
CVE-2019-1010218,0.00885,0.26162
CVE-2019-1010220,0.01537,0.73595
CVE-2019-1010221,0.00885,0.26162
CVE-2019-1010228,0.02398,0.80734
CVE-2019-1010232,0.00885,0.26162
CVE-2019-1010234,0.00885,0.26162
CVE-2019-1010235,0.00885,0.26162
CVE-2019-1010237,0.02509,0.81058
CVE-2019-1010238,0.03806,0.84842
CVE-2019-1010239,0.00954,0.34522
CVE-2019-1010241,0.00885,0.26162
CVE-2019-1010245,0.01055,0.50287
CVE-2019-1010246,0.00885,0.26162
CVE-2019-1010247,0.01018,0.38792
CVE-2019-1010248,0.00885,0.26162
CVE-2019-1010249,0.00885,0.26162
CVE-2019-1010250,0.00885,0.26162
CVE-2019-1010251,0.00954,0.34522
CVE-2019-1010252,0.00885,0.26162
CVE-2019-1010257,0.01018,0.38792
CVE-2019-1010258,0.00954,0.34522
CVE-2019-1010259,0.00954,0.34522
CVE-2019-1010260,0.01086,0.51674
CVE-2019-1010261,0.00885,0.26162
CVE-2019-1010263,0.00885,0.26162
CVE-2019-1010268,0.08382,0.93597
CVE-2019-1010275,0.00954,0.34522
CVE-2019-1010279,0.00954,0.34522
CVE-2019-1010283,0.00885,0.26162
CVE-2019-1010287,0.01673,0.75051
CVE-2019-1010290,0.00885,0.26162
CVE-2019-1010292,0.00885,0.26162
CVE-2019-1010293,0.00885,0.26162
CVE-2019-1010294,0.00885,0.26162
CVE-2019-1010295,0.00885,0.26162
CVE-2019-1010296,0.01086,0.51674
CVE-2019-1010297,0.01086,0.51674
CVE-2019-1010299,0.00885,0.26162
CVE-2019-10103,0.00885,0.26162
CVE-2019-1010300,0.00885,0.26162
CVE-2019-1010301,0.01108,0.53389
CVE-2019-1010302,0.01018,0.38792
CVE-2019-1010304,0.00885,0.26162
CVE-2019-1010305,0.01183,0.60428
CVE-2019-1010306,0.01156,0.60033
CVE-2019-1010307,0.00885,0.26162
CVE-2019-1010308,0.00885,0.26162
CVE-2019-1010310,0.00885,0.26162
CVE-2019-1010314,0.00885,0.26162
CVE-2019-1010315,0.01108,0.53389
CVE-2019-1010316,0.00885,0.26162
CVE-2019-1010317,0.01183,0.60428
CVE-2019-10104,0.01156,0.60033
CVE-2019-10105,0.00885,0.26162
CVE-2019-10106,0.00885,0.26162
CVE-2019-10107,0.00885,0.26162
CVE-2019-10108,0.0089,0.2856
CVE-2019-10109,0.01018,0.38792
CVE-2019-1011,0.02868,0.82434
CVE-2019-10110,0.0089,0.2856
CVE-2019-10111,0.0089,0.2856
CVE-2019-10112,0.00954,0.34522
CVE-2019-10113,0.00954,0.34522
CVE-2019-10114,0.00954,0.34522
CVE-2019-10115,0.0089,0.2856
CVE-2019-10116,0.0089,0.2856
CVE-2019-10117,0.00954,0.34522
CVE-2019-10118,0.00885,0.26162
CVE-2019-10119,0.00885,0.26162
CVE-2019-1012,0.02868,0.82434
CVE-2019-10120,0.00885,0.26162
CVE-2019-10121,0.00954,0.34522
CVE-2019-10122,0.01978,0.78447
CVE-2019-10123,0.70683,0.9913
CVE-2019-10125,0.01018,0.38792
CVE-2019-10126,0.02686,0.82061
CVE-2019-10127,0.01365,0.70715
CVE-2019-10128,0.01365,0.70715
CVE-2019-10129,0.0089,0.2856
CVE-2019-1013,0.04004,0.85273
CVE-2019-10130,0.0095,0.30554
CVE-2019-10131,0.01034,0.39824
CVE-2019-10132,0.01104,0.52279
CVE-2019-10133,0.00885,0.26162
CVE-2019-10134,0.00885,0.26162
CVE-2019-10135,0.0144,0.7265
CVE-2019-10136,0.00885,0.26162
CVE-2019-10137,0.01156,0.60033
CVE-2019-10138,0.00885,0.26162
CVE-2019-10139,0.0095,0.30554
CVE-2019-1014,0.01376,0.70823
CVE-2019-10140,0.00885,0.26162
CVE-2019-10141,0.01108,0.53389
CVE-2019-10142,0.00885,0.26162
CVE-2019-10143,0.01104,0.52279
CVE-2019-10144,0.00885,0.26162
CVE-2019-10145,0.00885,0.26162
CVE-2019-10146,0.00885,0.26162
CVE-2019-10147,0.00885,0.26162
CVE-2019-1015,0.02868,0.82434
CVE-2019-10150,0.01108,0.53389
CVE-2019-10152,0.0095,0.30554
CVE-2019-10153,0.0095,0.30554
CVE-2019-10154,0.00885,0.26162
CVE-2019-10155,0.0095,0.30554
CVE-2019-10156,0.01034,0.39824
CVE-2019-10157,0.00885,0.26162
CVE-2019-10158,0.00954,0.34522
CVE-2019-10159,0.00885,0.26162
CVE-2019-1016,0.02868,0.82434
CVE-2019-10160,0.02686,0.82061
CVE-2019-10161,0.0095,0.30554
CVE-2019-10162,0.01018,0.38792
CVE-2019-10163,0.0095,0.30554
CVE-2019-10164,0.02422,0.80762
CVE-2019-10165,0.0089,0.2856
CVE-2019-10166,0.0089,0.2856
CVE-2019-10167,0.0089,0.2856
CVE-2019-10168,0.0089,0.2856
CVE-2019-10169,0.01086,0.51674
CVE-2019-1017,0.01376,0.70823
CVE-2019-10170,0.01086,0.51674
CVE-2019-10171,0.00885,0.26162
CVE-2019-10173,0.02172,0.79917
CVE-2019-10174,0.0095,0.30554
CVE-2019-10175,0.00885,0.26162
CVE-2019-10176,0.00954,0.34522
CVE-2019-10177,0.0144,0.7265
CVE-2019-10178,0.00885,0.26162
CVE-2019-10179,0.00885,0.26162
CVE-2019-1018,0.01376,0.70823
CVE-2019-10180,0.00885,0.26162
CVE-2019-10181,0.01183,0.60428
CVE-2019-10182,0.01108,0.53389
CVE-2019-10183,0.0089,0.2856
CVE-2019-10184,0.02686,0.82061
CVE-2019-10185,0.01183,0.60428
CVE-2019-10186,0.00954,0.34522
CVE-2019-10187,0.0089,0.2856
CVE-2019-10188,0.0089,0.2856
CVE-2019-10189,0.0089,0.2856
CVE-2019-10190,0.01213,0.6557
CVE-2019-10191,0.01213,0.6557
CVE-2019-10192,0.01791,0.76026
CVE-2019-10193,0.01282,0.67298
CVE-2019-10194,0.0089,0.2856
CVE-2019-10195,0.01104,0.52279
CVE-2019-10196,0.00885,0.26162
CVE-2019-10197,0.02686,0.82061
CVE-2019-10198,0.0089,0.2856
CVE-2019-10199,0.00885,0.26162
CVE-2019-10200,0.00885,0.26162
CVE-2019-1020001,0.00885,0.26162
CVE-2019-1020002,0.00885,0.26162
CVE-2019-1020003,0.00885,0.26162
CVE-2019-1020004,0.00885,0.26162
CVE-2019-1020005,0.00885,0.26162
CVE-2019-1020006,0.00885,0.26162
CVE-2019-1020007,0.00885,0.26162
CVE-2019-1020008,0.00885,0.26162
CVE-2019-1020009,0.00885,0.26162
CVE-2019-1020010,0.00885,0.26162
CVE-2019-1020011,0.00885,0.26162
CVE-2019-1020012,0.00885,0.26162
CVE-2019-1020013,0.00885,0.26162
CVE-2019-1020014,0.0095,0.30554
CVE-2019-1020015,0.00885,0.26162
CVE-2019-1020016,0.00885,0.26162
CVE-2019-1020017,0.00885,0.26162
CVE-2019-1020018,0.00885,0.26162
CVE-2019-1020019,0.00885,0.26162
CVE-2019-10201,0.00885,0.26162
CVE-2019-10202,0.01537,0.73595
CVE-2019-10203,0.00885,0.26162
CVE-2019-10205,0.00885,0.26162
CVE-2019-10206,0.0095,0.30554
CVE-2019-10208,0.0089,0.2856
CVE-2019-10209,0.00885,0.26162
CVE-2019-1021,0.01376,0.70823
CVE-2019-10210,0.00885,0.26162
CVE-2019-10211,0.00885,0.26162
CVE-2019-10212,0.01018,0.38792
CVE-2019-10213,0.0089,0.2856
CVE-2019-10214,0.00954,0.34522
CVE-2019-10215,0.02509,0.81058
CVE-2019-10216,0.00954,0.34522
CVE-2019-10217,0.0095,0.30554
CVE-2019-10218,0.01183,0.60428
CVE-2019-10219,0.02686,0.82061
CVE-2019-1022,0.01376,0.70823
CVE-2019-10220,0.01018,0.38792
CVE-2019-10221,0.01086,0.51674
CVE-2019-10222,0.01055,0.50287
CVE-2019-10223,0.0095,0.30554
CVE-2019-10224,0.00885,0.26162
CVE-2019-10225,0.00885,0.26162
CVE-2019-10226,0.08382,0.93597
CVE-2019-10227,0.02173,0.80027
CVE-2019-10229,0.00885,0.26162
CVE-2019-1023,0.02868,0.82434
CVE-2019-10231,0.00885,0.26162
CVE-2019-10232,0.00885,0.26162
CVE-2019-10233,0.00885,0.26162
CVE-2019-10237,0.00885,0.26162
CVE-2019-10238,0.00885,0.26162
CVE-2019-10239,0.00885,0.26162
CVE-2019-1024,0.02217,0.80415
CVE-2019-10240,0.00885,0.26162
CVE-2019-10241,0.05242,0.89216
CVE-2019-10242,0.00885,0.26162
CVE-2019-10243,0.00885,0.26162
CVE-2019-10244,0.00885,0.26162
CVE-2019-10245,0.01183,0.60428
CVE-2019-10246,0.01537,0.73595
CVE-2019-10247,0.02686,0.82061
CVE-2019-10248,0.00885,0.26162
CVE-2019-10249,0.00885,0.26162
CVE-2019-1025,0.02868,0.82434
CVE-2019-10250,0.00885,0.26162
CVE-2019-10251,0.00885,0.26162
CVE-2019-10253,0.01055,0.50287
CVE-2019-10254,0.00885,0.26162
CVE-2019-10255,0.01108,0.53389
CVE-2019-10256,0.00885,0.26162
CVE-2019-10257,0.00885,0.26162
CVE-2019-1026,0.01376,0.70823
CVE-2019-10260,0.00885,0.26162
CVE-2019-10261,0.02192,0.80195
CVE-2019-10262,0.00885,0.26162
CVE-2019-10263,0.00885,0.26162
CVE-2019-10264,0.00885,0.26162
CVE-2019-10265,0.00885,0.26162
CVE-2019-10266,0.08382,0.93597
CVE-2019-10267,0.59705,0.98827
CVE-2019-10269,0.00954,0.34522
CVE-2019-1027,0.01376,0.70823
CVE-2019-10270,0.00885,0.26162
CVE-2019-10271,0.00885,0.26162
CVE-2019-10272,0.00885,0.26162
CVE-2019-10273,0.07308,0.9216
CVE-2019-10276,0.00885,0.26162
CVE-2019-10277,0.0089,0.2856
CVE-2019-10278,0.00954,0.34522
CVE-2019-10279,0.0089,0.2856
CVE-2019-1028,0.01376,0.70823
CVE-2019-10280,0.0089,0.2856
CVE-2019-10281,0.0089,0.2856
CVE-2019-10282,0.0089,0.2856
CVE-2019-10283,0.0089,0.2856
CVE-2019-10284,0.0089,0.2856
CVE-2019-10285,0.0089,0.2856
CVE-2019-10286,0.0089,0.2856
CVE-2019-10287,0.0089,0.2856
CVE-2019-10288,0.0089,0.2856
CVE-2019-10289,0.00954,0.34522
CVE-2019-1029,0.02868,0.82434
CVE-2019-10290,0.0089,0.2856
CVE-2019-10291,0.0089,0.2856
CVE-2019-10292,0.00954,0.34522
CVE-2019-10293,0.0089,0.2856
CVE-2019-10294,0.0089,0.2856
CVE-2019-10295,0.0089,0.2856
CVE-2019-10296,0.0089,0.2856
CVE-2019-10297,0.0089,0.2856
CVE-2019-10298,0.0089,0.2856
CVE-2019-10299,0.0089,0.2856
CVE-2019-1030,0.02868,0.82434
CVE-2019-10300,0.0089,0.2856
CVE-2019-10301,0.00885,0.26162
CVE-2019-10302,0.00885,0.26162
CVE-2019-10303,0.00885,0.26162
CVE-2019-10304,0.00885,0.26162
CVE-2019-10305,0.00885,0.26162
CVE-2019-10306,0.02096,0.7907
CVE-2019-10307,0.00954,0.34522
CVE-2019-10308,0.0089,0.2856
CVE-2019-10309,0.01018,0.38792
CVE-2019-1031,0.01376,0.70823
CVE-2019-10310,0.01018,0.38792
CVE-2019-10311,0.0089,0.2856
CVE-2019-10312,0.0089,0.2856
CVE-2019-10313,0.0089,0.2856
CVE-2019-10314,0.00954,0.34522
CVE-2019-10315,0.00954,0.34522
CVE-2019-10316,0.0089,0.2856
CVE-2019-10317,0.00954,0.34522
CVE-2019-10318,0.0089,0.2856
CVE-2019-10319,0.00885,0.26162
CVE-2019-1032,0.01376,0.70823
CVE-2019-10320,0.01034,0.39824
CVE-2019-10321,0.01018,0.38792
CVE-2019-10322,0.0095,0.30554
CVE-2019-10323,0.0095,0.30554
CVE-2019-10324,0.00954,0.34522
CVE-2019-10325,0.0089,0.2856
CVE-2019-10326,0.00954,0.34522
CVE-2019-10327,0.0089,0.2856
CVE-2019-10328,0.0095,0.30554
CVE-2019-10329,0.0089,0.2856
CVE-2019-1033,0.01376,0.70823
CVE-2019-10330,0.00954,0.34522
CVE-2019-10331,0.00954,0.34522
CVE-2019-10332,0.00954,0.34522
CVE-2019-10333,0.0089,0.2856
CVE-2019-10334,0.00954,0.34522
CVE-2019-10335,0.0089,0.2856
CVE-2019-10336,0.00954,0.34522
CVE-2019-10337,0.01018,0.38792
CVE-2019-10338,0.00954,0.34522
CVE-2019-10339,0.0089,0.2856
CVE-2019-1034,0.02116,0.79152
CVE-2019-10340,0.00954,0.34522
CVE-2019-10341,0.0089,0.2856
CVE-2019-10342,0.0089,0.2856
CVE-2019-10343,0.00885,0.26162
CVE-2019-10344,0.00885,0.26162
CVE-2019-10345,0.00885,0.26162
CVE-2019-10346,0.00954,0.34522
CVE-2019-10347,0.0089,0.2856
CVE-2019-10348,0.0095,0.30554
CVE-2019-10349,0.07308,0.9216
CVE-2019-1035,0.05698,0.89817
CVE-2019-10350,0.0095,0.30554
CVE-2019-10351,0.0095,0.30554
CVE-2019-10352,0.01034,0.39824
CVE-2019-10353,0.01018,0.38792
CVE-2019-10354,0.0095,0.30554
CVE-2019-10355,0.13041,0.95432
CVE-2019-10356,0.13041,0.95432
CVE-2019-10357,0.0095,0.30554
CVE-2019-10358,0.00885,0.26162
CVE-2019-10359,0.00885,0.26162
CVE-2019-1036,0.01376,0.70823
CVE-2019-10360,0.00885,0.26162
CVE-2019-10361,0.0089,0.2856
CVE-2019-10362,0.00885,0.26162
CVE-2019-10363,0.00885,0.26162
CVE-2019-10364,0.00885,0.26162
CVE-2019-10365,0.00885,0.26162
CVE-2019-10366,0.0089,0.2856
CVE-2019-10367,0.00885,0.26162
CVE-2019-10368,0.01018,0.38792
CVE-2019-10369,0.0095,0.30554
CVE-2019-1037,0.01376,0.70823
CVE-2019-10370,0.00885,0.26162
CVE-2019-10371,0.00885,0.26162
CVE-2019-10372,0.00885,0.26162
CVE-2019-10373,0.00885,0.26162
CVE-2019-10374,0.00885,0.26162
CVE-2019-10375,0.00885,0.26162
CVE-2019-10376,0.00885,0.26162
CVE-2019-10377,0.00885,0.26162
CVE-2019-10378,0.0089,0.2856
CVE-2019-10379,0.00885,0.26162
CVE-2019-1038,0.02217,0.80415
CVE-2019-10380,0.02096,0.7907
CVE-2019-10381,0.00885,0.26162
CVE-2019-10382,0.00885,0.26162
CVE-2019-10383,0.0095,0.30554
CVE-2019-10384,0.01018,0.38792
CVE-2019-10385,0.0089,0.2856
CVE-2019-10386,0.00885,0.26162
CVE-2019-10387,0.00885,0.26162
CVE-2019-10388,0.00885,0.26162
CVE-2019-10389,0.00885,0.26162
CVE-2019-1039,0.01376,0.70823
CVE-2019-10390,0.02096,0.7907
CVE-2019-10391,0.00885,0.26162
CVE-2019-10393,0.02096,0.7907
CVE-2019-10394,0.02096,0.7907
CVE-2019-10395,0.00885,0.26162
CVE-2019-10396,0.00885,0.26162
CVE-2019-10397,0.00885,0.26162
CVE-2019-10398,0.00885,0.26162
CVE-2019-10399,0.02096,0.7907
CVE-2019-10400,0.02096,0.7907
CVE-2019-10401,0.00885,0.26162
CVE-2019-10402,0.00885,0.26162
CVE-2019-10403,0.00885,0.26162
CVE-2019-10404,0.00885,0.26162
CVE-2019-10405,0.00885,0.26162
CVE-2019-10406,0.00885,0.26162
CVE-2019-10407,0.00885,0.26162
CVE-2019-10408,0.00885,0.26162
CVE-2019-10409,0.00885,0.26162
CVE-2019-1041,0.01376,0.70823
CVE-2019-10410,0.00885,0.26162
CVE-2019-10411,0.00885,0.26162
CVE-2019-10412,0.00885,0.26162
CVE-2019-10413,0.00885,0.26162
CVE-2019-10414,0.00885,0.26162
CVE-2019-10415,0.00885,0.26162
CVE-2019-10416,0.00885,0.26162
CVE-2019-10417,0.00885,0.26162
CVE-2019-10418,0.00885,0.26162
CVE-2019-10419,0.00885,0.26162
CVE-2019-10420,0.00885,0.26162
CVE-2019-10421,0.00885,0.26162
CVE-2019-10422,0.00885,0.26162
CVE-2019-10423,0.00885,0.26162
CVE-2019-10424,0.00885,0.26162
CVE-2019-10425,0.00885,0.26162
CVE-2019-10426,0.00885,0.26162
CVE-2019-10427,0.00885,0.26162
CVE-2019-10428,0.00885,0.26162
CVE-2019-10429,0.00885,0.26162
CVE-2019-1043,0.02287,0.80612
CVE-2019-10430,0.00885,0.26162
CVE-2019-10431,0.06644,0.91149
CVE-2019-10432,0.0095,0.30554
CVE-2019-10433,0.0089,0.2856
CVE-2019-10434,0.00885,0.26162
CVE-2019-10435,0.00885,0.26162
CVE-2019-10436,0.00885,0.26162
CVE-2019-10437,0.00885,0.26162
CVE-2019-10438,0.00885,0.26162
CVE-2019-10439,0.00885,0.26162
CVE-2019-1044,0.01376,0.70823
CVE-2019-10440,0.0089,0.2856
CVE-2019-10441,0.00885,0.26162
CVE-2019-10442,0.00885,0.26162
CVE-2019-10443,0.0089,0.2856
CVE-2019-10444,0.00885,0.26162
CVE-2019-10445,0.00885,0.26162
CVE-2019-10446,0.00885,0.26162
CVE-2019-10447,0.00885,0.26162
CVE-2019-10448,0.00885,0.26162
CVE-2019-10449,0.00885,0.26162
CVE-2019-1045,0.01376,0.70823
CVE-2019-10450,0.00885,0.26162
CVE-2019-10451,0.00885,0.26162
CVE-2019-10452,0.00885,0.26162
CVE-2019-10453,0.00885,0.26162
CVE-2019-10454,0.00885,0.26162
CVE-2019-10455,0.00885,0.26162
CVE-2019-10456,0.00885,0.26162
CVE-2019-10457,0.00885,0.26162
CVE-2019-10458,0.02096,0.7907
CVE-2019-10459,0.00885,0.26162
CVE-2019-1046,0.02868,0.82434
CVE-2019-10460,0.00885,0.26162
CVE-2019-10461,0.00885,0.26162
CVE-2019-10462,0.00885,0.26162
CVE-2019-10463,0.00885,0.26162
CVE-2019-10464,0.00885,0.26162
CVE-2019-10465,0.00885,0.26162
CVE-2019-10466,0.00885,0.26162
CVE-2019-10467,0.00885,0.26162
CVE-2019-10468,0.00885,0.26162
CVE-2019-10469,0.00885,0.26162
CVE-2019-1047,0.02868,0.82434
CVE-2019-10470,0.00885,0.26162
CVE-2019-10471,0.00885,0.26162
CVE-2019-10472,0.00885,0.26162
CVE-2019-10473,0.00885,0.26162
CVE-2019-10474,0.00885,0.26162
CVE-2019-10476,0.00885,0.26162
CVE-2019-10477,0.01018,0.38792
CVE-2019-10478,0.00885,0.26162
CVE-2019-10479,0.01055,0.50287
CVE-2019-1048,0.02868,0.82434
CVE-2019-10480,0.00885,0.26162
CVE-2019-10481,0.00885,0.26162
CVE-2019-10482,0.00885,0.26162
CVE-2019-10483,0.00885,0.26162
CVE-2019-10484,0.00885,0.26162
CVE-2019-10485,0.00885,0.26162
CVE-2019-10486,0.00885,0.26162
CVE-2019-10487,0.00885,0.26162
CVE-2019-10488,0.00885,0.26162
CVE-2019-10489,0.00885,0.26162
CVE-2019-1049,0.02868,0.82434
CVE-2019-10490,0.00885,0.26162
CVE-2019-10491,0.00885,0.26162
CVE-2019-10492,0.00885,0.26162
CVE-2019-10493,0.00885,0.26162
CVE-2019-10494,0.00885,0.26162
CVE-2019-10495,0.00885,0.26162
CVE-2019-10496,0.00885,0.26162
CVE-2019-10497,0.00885,0.26162
CVE-2019-10498,0.00885,0.26162
CVE-2019-10499,0.00885,0.26162
CVE-2019-1050,0.02868,0.82434
CVE-2019-10500,0.00885,0.26162
CVE-2019-10501,0.00885,0.26162
CVE-2019-10502,0.00885,0.26162
CVE-2019-10503,0.00885,0.26162
CVE-2019-10504,0.00885,0.26162
CVE-2019-10505,0.00885,0.26162
CVE-2019-10506,0.00885,0.26162
CVE-2019-10507,0.00885,0.26162
CVE-2019-10508,0.00885,0.26162
CVE-2019-10509,0.00885,0.26162
CVE-2019-1051,0.02217,0.80415
CVE-2019-10510,0.00885,0.26162
CVE-2019-10511,0.00885,0.26162
CVE-2019-10512,0.00885,0.26162
CVE-2019-10513,0.00885,0.26162
CVE-2019-10515,0.00885,0.26162
CVE-2019-10516,0.00885,0.26162
CVE-2019-10517,0.00885,0.26162
CVE-2019-10518,0.00885,0.26162
CVE-2019-1052,0.02217,0.80415
CVE-2019-10520,0.00885,0.26162
CVE-2019-10522,0.00885,0.26162
CVE-2019-10523,0.00885,0.26162
CVE-2019-10524,0.00885,0.26162
CVE-2019-10525,0.00885,0.26162
CVE-2019-10526,0.00885,0.26162
CVE-2019-10527,0.00885,0.26162
CVE-2019-10528,0.00885,0.26162
CVE-2019-10529,0.08382,0.93597
CVE-2019-1053,0.01376,0.70823
CVE-2019-10530,0.00885,0.26162
CVE-2019-10531,0.00885,0.26162
CVE-2019-10532,0.00885,0.26162
CVE-2019-10533,0.00885,0.26162
CVE-2019-10534,0.00885,0.26162
CVE-2019-10535,0.00885,0.26162
CVE-2019-10536,0.00885,0.26162
CVE-2019-10537,0.00885,0.26162
CVE-2019-10538,0.00885,0.26162
CVE-2019-10539,0.00885,0.26162
CVE-2019-1054,0.02868,0.82434
CVE-2019-10540,0.00885,0.26162
CVE-2019-10541,0.00885,0.26162
CVE-2019-10542,0.00885,0.26162
CVE-2019-10544,0.00885,0.26162
CVE-2019-10545,0.00885,0.26162
CVE-2019-10546,0.00885,0.26162
CVE-2019-10547,0.00885,0.26162
CVE-2019-10548,0.00885,0.26162
CVE-2019-10549,0.00885,0.26162
CVE-2019-1055,0.02217,0.80415
CVE-2019-10550,0.00885,0.26162
CVE-2019-10551,0.00885,0.26162
CVE-2019-10552,0.00885,0.26162
CVE-2019-10553,0.00885,0.26162
CVE-2019-10554,0.00885,0.26162
CVE-2019-10555,0.00885,0.26162
CVE-2019-10556,0.00885,0.26162
CVE-2019-10557,0.00885,0.26162
CVE-2019-10558,0.00885,0.26162
CVE-2019-10559,0.00885,0.26162
CVE-2019-1056,0.02217,0.80415
CVE-2019-10561,0.00885,0.26162
CVE-2019-10562,0.00885,0.26162
CVE-2019-10563,0.00885,0.26162
CVE-2019-10564,0.00885,0.26162
CVE-2019-10565,0.00885,0.26162
CVE-2019-10566,0.00885,0.26162
CVE-2019-10567,0.00885,0.26162
CVE-2019-10569,0.00885,0.26162
CVE-2019-1057,0.02217,0.80415
CVE-2019-10571,0.00885,0.26162
CVE-2019-10572,0.00885,0.26162
CVE-2019-10574,0.00885,0.26162
CVE-2019-10575,0.00885,0.26162
CVE-2019-10577,0.00885,0.26162
CVE-2019-10578,0.00885,0.26162
CVE-2019-10579,0.00885,0.26162
CVE-2019-10580,0.00885,0.26162
CVE-2019-10581,0.00885,0.26162
CVE-2019-10582,0.00885,0.26162
CVE-2019-10583,0.00885,0.26162
CVE-2019-10584,0.00885,0.26162
CVE-2019-10585,0.00885,0.26162
CVE-2019-10586,0.00885,0.26162
CVE-2019-10587,0.00885,0.26162
CVE-2019-10588,0.00885,0.26162
CVE-2019-10589,0.00885,0.26162
CVE-2019-1059,0.02217,0.80415
CVE-2019-10590,0.00885,0.26162
CVE-2019-10591,0.00885,0.26162
CVE-2019-10592,0.00885,0.26162
CVE-2019-10593,0.00885,0.26162
CVE-2019-10594,0.00885,0.26162
CVE-2019-10595,0.00885,0.26162
CVE-2019-10596,0.00885,0.26162
CVE-2019-10597,0.00885,0.26162
CVE-2019-10598,0.00885,0.26162
CVE-2019-1060,0.02034,0.78528
CVE-2019-10600,0.00885,0.26162
CVE-2019-10601,0.00885,0.26162
CVE-2019-10602,0.00885,0.26162
CVE-2019-10603,0.00885,0.26162
CVE-2019-10604,0.00885,0.26162
CVE-2019-10605,0.00885,0.26162
CVE-2019-10606,0.00885,0.26162
CVE-2019-10607,0.00885,0.26162
CVE-2019-10608,0.00885,0.26162
CVE-2019-10609,0.00885,0.26162
CVE-2019-10610,0.00885,0.26162
CVE-2019-10611,0.00885,0.26162
CVE-2019-10612,0.00885,0.26162
CVE-2019-10614,0.00885,0.26162
CVE-2019-10615,0.00885,0.26162
CVE-2019-10616,0.00885,0.26162
CVE-2019-10617,0.00885,0.26162
CVE-2019-10618,0.00885,0.26162
CVE-2019-1062,0.02217,0.80415
CVE-2019-10620,0.00885,0.26162
CVE-2019-10621,0.00885,0.26162
CVE-2019-10622,0.00885,0.26162
CVE-2019-10623,0.00885,0.26162
CVE-2019-10624,0.00885,0.26162
CVE-2019-10625,0.00885,0.26162
CVE-2019-10626,0.00885,0.26162
CVE-2019-10627,0.00885,0.26162
CVE-2019-10628,0.00885,0.26162
CVE-2019-10629,0.00885,0.26162
CVE-2019-1063,0.02217,0.80415
CVE-2019-10630,0.00885,0.26162
CVE-2019-10631,0.01086,0.51674
CVE-2019-10632,0.00885,0.26162
CVE-2019-10633,0.01156,0.60033
CVE-2019-10634,0.01055,0.50287
CVE-2019-10636,0.00885,0.26162
CVE-2019-10637,0.00885,0.26162
CVE-2019-10638,0.02686,0.82061
CVE-2019-10639,0.02686,0.82061
CVE-2019-10640,0.00954,0.34522
CVE-2019-10641,0.00885,0.26162
CVE-2019-10642,0.00885,0.26162
CVE-2019-10643,0.00885,0.26162
CVE-2019-10644,0.00885,0.26162
CVE-2019-10646,0.00885,0.26162
CVE-2019-10647,0.01055,0.50287
CVE-2019-10648,0.01055,0.50287
CVE-2019-10649,0.01018,0.38792
CVE-2019-1065,0.0141,0.7214
CVE-2019-10650,0.01183,0.60428
CVE-2019-10651,0.01156,0.60033
CVE-2019-10652,0.01055,0.50287
CVE-2019-10653,0.00885,0.26162
CVE-2019-10654,0.01055,0.50287
CVE-2019-10655,0.58589,0.98809
CVE-2019-10656,0.01978,0.78447
CVE-2019-10657,0.01055,0.50287
CVE-2019-10658,0.01978,0.78447
CVE-2019-10659,0.01978,0.78447
CVE-2019-10660,0.01978,0.78447
CVE-2019-10661,0.00885,0.26162
CVE-2019-10662,0.01978,0.78447
CVE-2019-10663,0.01055,0.50287
CVE-2019-10664,0.00954,0.34522
CVE-2019-10665,0.00885,0.26162
CVE-2019-10666,0.00885,0.26162
CVE-2019-10667,0.00885,0.26162
CVE-2019-10668,0.00885,0.26162
CVE-2019-10669,0.65321,0.98982
CVE-2019-1067,0.01376,0.70823
CVE-2019-10670,0.00885,0.26162
CVE-2019-10671,0.00885,0.26162
CVE-2019-10672,0.01018,0.38792
CVE-2019-10673,0.0144,0.7265
CVE-2019-10676,0.01018,0.38792
CVE-2019-10677,0.02173,0.80027
CVE-2019-10678,0.00954,0.34522
CVE-2019-10679,0.0095,0.30554
CVE-2019-10682,0.00954,0.34522
CVE-2019-10684,0.01055,0.50287
CVE-2019-10686,0.00885,0.26162
CVE-2019-10687,0.00885,0.26162
CVE-2019-10688,0.00885,0.26162
CVE-2019-10689,0.00885,0.26162
CVE-2019-10691,0.01018,0.38792
CVE-2019-10692,0.45979,0.98294
CVE-2019-10694,0.00885,0.26162
CVE-2019-10695,0.00885,0.26162
CVE-2019-1070,0.0115,0.5906
CVE-2019-10705,0.00954,0.34522
CVE-2019-10706,0.0089,0.2856
CVE-2019-10707,0.00885,0.26162
CVE-2019-10709,0.08382,0.93597
CVE-2019-1071,0.01376,0.70823
CVE-2019-10710,0.00885,0.26162
CVE-2019-10711,0.00885,0.26162
CVE-2019-10712,0.01537,0.73595
CVE-2019-10714,0.01018,0.38792
CVE-2019-10715,0.00885,0.26162
CVE-2019-10716,0.07308,0.9216
CVE-2019-10717,0.0089,0.2856
CVE-2019-10718,0.00885,0.26162
CVE-2019-10719,0.04571,0.88388
CVE-2019-1072,0.02217,0.80415
CVE-2019-10720,0.04571,0.88388
CVE-2019-10721,0.00885,0.26162
CVE-2019-10723,0.00885,0.26162
CVE-2019-10724,0.00885,0.26162
CVE-2019-1073,0.01376,0.70823
CVE-2019-10732,0.00885,0.26162
CVE-2019-10734,0.00885,0.26162
CVE-2019-10735,0.00885,0.26162
CVE-2019-1074,0.01376,0.70823
CVE-2019-10740,0.01018,0.38792
CVE-2019-10741,0.00885,0.26162
CVE-2019-10743,0.01559,0.742
CVE-2019-10748,0.00954,0.34522
CVE-2019-10749,0.00885,0.26162
CVE-2019-1075,0.02868,0.82434
CVE-2019-10751,0.01018,0.38792
CVE-2019-10752,0.00954,0.34522
CVE-2019-10753,0.00885,0.26162
CVE-2019-10754,0.0095,0.30554
CVE-2019-10755,0.00885,0.26162
CVE-2019-10756,0.00885,0.26162
CVE-2019-1076,0.01376,0.70823
CVE-2019-10760,0.01086,0.51674
CVE-2019-10761,0.02509,0.81058
CVE-2019-10762,0.01055,0.50287
CVE-2019-10763,0.00885,0.26162
CVE-2019-10764,0.00885,0.26162
CVE-2019-10766,0.00885,0.26162
CVE-2019-10767,0.00885,0.26162
CVE-2019-10768,0.00885,0.26162
CVE-2019-10769,0.0144,0.7265
CVE-2019-1077,0.01376,0.70823
CVE-2019-10770,0.00885,0.26162
CVE-2019-10772,0.00885,0.26162
CVE-2019-10773,0.01108,0.53389
CVE-2019-10774,0.01086,0.51674
CVE-2019-10775,0.00885,0.26162
CVE-2019-1078,0.01376,0.70823
CVE-2019-10780,0.02055,0.7893
CVE-2019-10782,0.00954,0.34522
CVE-2019-10783,0.02055,0.7893
CVE-2019-10784,0.01055,0.50287
CVE-2019-10786,0.01055,0.50287
CVE-2019-10787,0.01055,0.50287
CVE-2019-10788,0.01055,0.50287
CVE-2019-10789,0.02055,0.7893
CVE-2019-1079,0.02868,0.82434
CVE-2019-10790,0.00885,0.26162
CVE-2019-10791,0.01055,0.50287
CVE-2019-10792,0.00885,0.26162
CVE-2019-10793,0.00885,0.26162
CVE-2019-10794,0.00885,0.26162
CVE-2019-10795,0.00885,0.26162
CVE-2019-10796,0.0144,0.7265
CVE-2019-10797,0.00885,0.26162
CVE-2019-10798,0.00885,0.26162
CVE-2019-10799,0.0144,0.7265
CVE-2019-1080,0.02217,0.80415
CVE-2019-10800,0.00885,0.26162
CVE-2019-10801,0.0144,0.7265
CVE-2019-10802,0.0144,0.7265
CVE-2019-10803,0.0144,0.7265
CVE-2019-10804,0.0144,0.7265
CVE-2019-10805,0.00885,0.26162
CVE-2019-10806,0.00885,0.26162
CVE-2019-10807,0.0144,0.7265
CVE-2019-10808,0.00885,0.26162
CVE-2019-1081,0.02868,0.82434
CVE-2019-1082,0.01376,0.70823
CVE-2019-1084,0.01376,0.70823
CVE-2019-10842,0.02509,0.81058
CVE-2019-10844,0.00885,0.26162
CVE-2019-10845,0.00954,0.34522
CVE-2019-10846,0.08382,0.93597
CVE-2019-10847,0.08382,0.93597
CVE-2019-10848,0.08382,0.93597
CVE-2019-10849,0.08382,0.93597
CVE-2019-1085,0.01376,0.70823
CVE-2019-10850,0.00885,0.26162
CVE-2019-10851,0.00885,0.26162
CVE-2019-10852,0.0089,0.2856
CVE-2019-10853,0.00885,0.26162
CVE-2019-10854,0.02055,0.7893
CVE-2019-10855,0.00885,0.26162
CVE-2019-10856,0.00885,0.26162
CVE-2019-1086,0.01376,0.70823
CVE-2019-10863,0.07308,0.9216
CVE-2019-10864,0.01055,0.50287
CVE-2019-10866,0.01564,0.74439
CVE-2019-10867,0.64281,0.98958
CVE-2019-10868,0.0095,0.30554
CVE-2019-1087,0.01376,0.70823
CVE-2019-10871,0.01108,0.53389
CVE-2019-10872,0.01108,0.53389
CVE-2019-10873,0.01018,0.38792
CVE-2019-10874,0.11065,0.9464
CVE-2019-10875,0.01018,0.38792
CVE-2019-10876,0.01034,0.39824
CVE-2019-10877,0.01018,0.38792
CVE-2019-10878,0.05634,0.89764
CVE-2019-10879,0.05634,0.89764
CVE-2019-1088,0.01376,0.70823
CVE-2019-10880,0.01978,0.78447
CVE-2019-10881,0.00885,0.26162
CVE-2019-10882,0.0089,0.2856
CVE-2019-10883,0.02359,0.80663
CVE-2019-10884,0.00885,0.26162
CVE-2019-10885,0.00885,0.26162
CVE-2019-10886,0.01018,0.38792
CVE-2019-10887,0.08382,0.93597
CVE-2019-10888,0.00885,0.26162
CVE-2019-1089,0.02774,0.82207
CVE-2019-10891,0.01055,0.50287
CVE-2019-10892,0.00885,0.26162
CVE-2019-10893,0.02529,0.81124
CVE-2019-10894,0.01537,0.73595
CVE-2019-10895,0.02686,0.82061
CVE-2019-10896,0.01537,0.73595
CVE-2019-10897,0.01108,0.53389
CVE-2019-10898,0.01108,0.53389
CVE-2019-10899,0.01537,0.73595
CVE-2019-1090,0.01376,0.70823
CVE-2019-10900,0.01108,0.53389
CVE-2019-10901,0.01537,0.73595
CVE-2019-10902,0.01108,0.53389
CVE-2019-10903,0.01537,0.73595
CVE-2019-10904,0.01018,0.38792
CVE-2019-10905,0.00885,0.26162
CVE-2019-10906,0.02686,0.82061
CVE-2019-10907,0.00885,0.26162
CVE-2019-10908,0.00885,0.26162
CVE-2019-10909,0.0095,0.30554
CVE-2019-1091,0.01376,0.70823
CVE-2019-10910,0.05634,0.89764
CVE-2019-10911,0.0089,0.2856
CVE-2019-10912,0.01547,0.74085
CVE-2019-10913,0.00885,0.26162
CVE-2019-10914,0.01018,0.38792
CVE-2019-10916,0.00885,0.26162
CVE-2019-10917,0.00885,0.26162
CVE-2019-10918,0.00885,0.26162
CVE-2019-10919,0.01018,0.38792
CVE-2019-1092,0.02217,0.80415
CVE-2019-10920,0.01018,0.38792
CVE-2019-10921,0.01018,0.38792
CVE-2019-10922,0.0144,0.7265
CVE-2019-10923,0.00885,0.26162
CVE-2019-10924,0.01005,0.36332
CVE-2019-10925,0.0089,0.2856
CVE-2019-10926,0.00954,0.34522
CVE-2019-10927,0.00885,0.26162
CVE-2019-10928,0.01036,0.41241
CVE-2019-10929,0.00954,0.34522
CVE-2019-1093,0.01376,0.70823
CVE-2019-10930,0.01055,0.50287
CVE-2019-10931,0.00885,0.26162
CVE-2019-10933,0.00885,0.26162
CVE-2019-10934,0.01036,0.41241
CVE-2019-10935,0.00885,0.26162
CVE-2019-10936,0.00885,0.26162
CVE-2019-10937,0.00885,0.26162
CVE-2019-10938,0.00885,0.26162
CVE-2019-10939,0.00885,0.26162
CVE-2019-1094,0.02868,0.82434
CVE-2019-10940,0.00885,0.26162
CVE-2019-10941,0.00885,0.26162
CVE-2019-10942,0.00885,0.26162
CVE-2019-10943,0.00885,0.26162
CVE-2019-10945,0.08382,0.93597
CVE-2019-10946,0.00885,0.26162
CVE-2019-10947,0.02378,0.80704
CVE-2019-10948,0.00885,0.26162
CVE-2019-10949,0.02686,0.82061
CVE-2019-1095,0.02868,0.82434
CVE-2019-10950,0.00885,0.26162
CVE-2019-10951,0.01559,0.742
CVE-2019-10952,0.01978,0.78447
CVE-2019-10953,0.00885,0.26162
CVE-2019-10954,0.00885,0.26162
CVE-2019-10955,0.01055,0.50287
CVE-2019-10956,0.01055,0.50287
CVE-2019-10957,0.01156,0.60033
CVE-2019-10958,0.01156,0.60033
CVE-2019-10959,0.00885,0.26162
CVE-2019-10960,0.00885,0.26162
CVE-2019-10961,0.01689,0.75137
CVE-2019-10962,0.00885,0.26162
CVE-2019-10963,0.00885,0.26162
CVE-2019-10964,0.00885,0.26162
CVE-2019-10965,0.01978,0.78447
CVE-2019-10966,0.00885,0.26162
CVE-2019-10967,0.01978,0.78447
CVE-2019-10968,0.00885,0.26162
CVE-2019-10969,0.01978,0.78447
CVE-2019-1097,0.01376,0.70823
CVE-2019-10970,0.00885,0.26162
CVE-2019-10971,0.00885,0.26162
CVE-2019-10972,0.00885,0.26162
CVE-2019-10973,0.00885,0.26162
CVE-2019-10974,0.00885,0.26162
CVE-2019-10975,0.0095,0.30554
CVE-2019-10976,0.00885,0.26162
CVE-2019-10977,0.00885,0.26162
CVE-2019-10978,0.00885,0.26162
CVE-2019-10979,0.00954,0.34522
CVE-2019-1098,0.02868,0.82434
CVE-2019-10980,0.00885,0.26162
CVE-2019-10981,0.0095,0.30554
CVE-2019-10982,0.01036,0.41241
CVE-2019-10983,0.00885,0.26162
CVE-2019-10984,0.00885,0.26162
CVE-2019-10985,0.00885,0.26162
CVE-2019-10987,0.04836,0.88802
CVE-2019-10988,0.00885,0.26162
CVE-2019-10989,0.05634,0.89764
CVE-2019-1099,0.02868,0.82434
CVE-2019-10990,0.00885,0.26162
CVE-2019-10991,0.07154,0.91917
CVE-2019-10992,0.00885,0.26162
CVE-2019-10993,0.10667,0.94413
CVE-2019-10994,0.00885,0.26162
CVE-2019-10995,0.00885,0.26162
CVE-2019-10996,0.00885,0.26162
CVE-2019-10997,0.00885,0.26162
CVE-2019-10998,0.00885,0.26162
CVE-2019-1100,0.02868,0.82434
CVE-2019-11000,0.0089,0.2856
CVE-2019-11001,0.00885,0.26162
CVE-2019-11002,0.00885,0.26162
CVE-2019-11003,0.00885,0.26162
CVE-2019-11004,0.00885,0.26162
CVE-2019-11005,0.01319,0.70416
CVE-2019-11006,0.01108,0.53389
CVE-2019-11007,0.01537,0.73595
CVE-2019-11008,0.01955,0.77585
CVE-2019-11009,0.01537,0.73595
CVE-2019-1101,0.02868,0.82434
CVE-2019-11010,0.01108,0.53389
CVE-2019-11011,0.01156,0.60033
CVE-2019-11013,0.07308,0.9216
CVE-2019-11014,0.00885,0.26162
CVE-2019-11015,0.00885,0.26162
CVE-2019-11016,0.00954,0.34522
CVE-2019-11017,0.02192,0.80195
CVE-2019-11018,0.00885,0.26162
CVE-2019-11019,0.00885,0.26162
CVE-2019-1102,0.02217,0.80415
CVE-2019-11020,0.00885,0.26162
CVE-2019-11021,0.04571,0.88388
CVE-2019-11023,0.01183,0.60428
CVE-2019-11024,0.00885,0.26162
CVE-2019-11025,0.0095,0.30554
CVE-2019-11026,0.01018,0.38792
CVE-2019-11027,0.01018,0.38792
CVE-2019-11028,0.0095,0.30554
CVE-2019-11029,0.00885,0.26162
CVE-2019-1103,0.02217,0.80415
CVE-2019-11030,0.00885,0.26162
CVE-2019-11031,0.00885,0.26162
CVE-2019-11032,0.00885,0.26162
CVE-2019-11033,0.00885,0.26162
CVE-2019-11034,0.02686,0.82061
CVE-2019-11035,0.02686,0.82061
CVE-2019-11036,0.02686,0.82061
CVE-2019-11037,0.01537,0.73595
CVE-2019-11038,0.02686,0.82061
CVE-2019-11039,0.01183,0.60428
CVE-2019-1104,0.02217,0.80415
CVE-2019-11040,0.01183,0.60428
CVE-2019-11041,0.02686,0.82061
CVE-2019-11042,0.02686,0.82061
CVE-2019-11044,0.01018,0.38792
CVE-2019-11045,0.02686,0.82061
CVE-2019-11046,0.02686,0.82061
CVE-2019-11047,0.02686,0.82061
CVE-2019-11048,0.02686,0.82061
CVE-2019-11049,0.01108,0.53389
CVE-2019-1105,0.01376,0.70823
CVE-2019-11050,0.02686,0.82061
CVE-2019-11057,0.0089,0.2856
CVE-2019-11059,0.00885,0.26162
CVE-2019-1106,0.02217,0.80415
CVE-2019-11060,0.00954,0.34522
CVE-2019-11062,0.02211,0.80357
CVE-2019-11064,0.00954,0.34522
CVE-2019-11065,0.01018,0.38792
CVE-2019-11066,0.00885,0.26162
CVE-2019-11068,0.02686,0.82061
CVE-2019-11069,0.00954,0.34522
CVE-2019-1107,0.02217,0.80415
CVE-2019-11070,0.01537,0.73595
CVE-2019-11071,0.02422,0.80762
CVE-2019-11072,0.01136,0.57949
CVE-2019-11073,0.04571,0.88388
CVE-2019-11074,0.01061,0.51015
CVE-2019-11077,0.00885,0.26162
CVE-2019-11078,0.00885,0.26162
CVE-2019-11080,0.10123,0.94312
CVE-2019-11081,0.00885,0.26162
CVE-2019-11082,0.00885,0.26162
CVE-2019-11084,0.00885,0.26162
CVE-2019-11085,0.01547,0.74085
CVE-2019-11086,0.00885,0.26162
CVE-2019-11087,0.00885,0.26162
CVE-2019-11088,0.00885,0.26162
CVE-2019-11089,0.00885,0.26162
CVE-2019-1109,0.02868,0.82434
CVE-2019-11090,0.00885,0.26162
CVE-2019-11091,0.01864,0.7628
CVE-2019-11092,0.00885,0.26162
CVE-2019-11093,0.00885,0.26162
CVE-2019-11094,0.00885,0.26162
CVE-2019-11095,0.00885,0.26162
CVE-2019-11096,0.00885,0.26162
CVE-2019-11097,0.00885,0.26162
CVE-2019-11098,0.00885,0.26162
CVE-2019-1110,0.02217,0.80415
CVE-2019-11100,0.00885,0.26162
CVE-2019-11101,0.00885,0.26162
CVE-2019-11102,0.00885,0.26162
CVE-2019-11103,0.00885,0.26162
CVE-2019-11104,0.00885,0.26162
CVE-2019-11105,0.00885,0.26162
CVE-2019-11106,0.00885,0.26162
CVE-2019-11107,0.00885,0.26162
CVE-2019-11108,0.00885,0.26162
CVE-2019-11109,0.00885,0.26162
CVE-2019-1111,0.02217,0.80415
CVE-2019-11110,0.00885,0.26162
CVE-2019-11111,0.00885,0.26162
CVE-2019-11112,0.00885,0.26162
CVE-2019-11113,0.00885,0.26162
CVE-2019-11114,0.00885,0.26162
CVE-2019-11117,0.00885,0.26162
CVE-2019-11119,0.00885,0.26162
CVE-2019-1112,0.02868,0.82434
CVE-2019-11120,0.00885,0.26162
CVE-2019-11121,0.00885,0.26162
CVE-2019-11123,0.00885,0.26162
CVE-2019-11124,0.00885,0.26162
CVE-2019-11125,0.00885,0.26162
CVE-2019-11126,0.00885,0.26162
CVE-2019-11127,0.00885,0.26162
CVE-2019-11128,0.0089,0.2856
CVE-2019-11129,0.00885,0.26162
CVE-2019-1113,0.02217,0.80415
CVE-2019-11131,0.00885,0.26162
CVE-2019-11132,0.00885,0.26162
CVE-2019-11133,0.0095,0.30554
CVE-2019-11135,0.01864,0.7628
CVE-2019-11136,0.0089,0.2856
CVE-2019-11137,0.0089,0.2856
CVE-2019-11139,0.01034,0.39824
CVE-2019-11140,0.00885,0.26162
CVE-2019-11143,0.00885,0.26162
CVE-2019-11145,0.00885,0.26162
CVE-2019-11146,0.00885,0.26162
CVE-2019-11147,0.00885,0.26162
CVE-2019-11148,0.00885,0.26162
CVE-2019-11151,0.00885,0.26162
CVE-2019-11152,0.00885,0.26162
CVE-2019-11153,0.00885,0.26162
CVE-2019-11154,0.00885,0.26162
CVE-2019-11155,0.00885,0.26162
CVE-2019-11156,0.00885,0.26162
CVE-2019-11157,0.0089,0.2856
CVE-2019-1116,0.02868,0.82434
CVE-2019-11162,0.00885,0.26162
CVE-2019-11163,0.00885,0.26162
CVE-2019-11165,0.00885,0.26162
CVE-2019-11166,0.00885,0.26162
CVE-2019-11167,0.00885,0.26162
CVE-2019-11168,0.00885,0.26162
CVE-2019-1117,0.09655,0.93989
CVE-2019-11170,0.00885,0.26162
CVE-2019-11171,0.00885,0.26162
CVE-2019-11172,0.00885,0.26162
CVE-2019-11173,0.00885,0.26162
CVE-2019-11174,0.00885,0.26162
CVE-2019-11175,0.00885,0.26162
CVE-2019-11177,0.00885,0.26162
CVE-2019-11178,0.00885,0.26162
CVE-2019-11179,0.00885,0.26162
CVE-2019-1118,0.09655,0.93989
CVE-2019-11180,0.00885,0.26162
CVE-2019-11181,0.00885,0.26162
CVE-2019-11182,0.00885,0.26162
CVE-2019-11184,0.01034,0.39824
CVE-2019-11185,0.01136,0.57949
CVE-2019-11187,0.00885,0.26162
CVE-2019-11189,0.00885,0.26162
CVE-2019-1119,0.09655,0.93989
CVE-2019-11190,0.01282,0.67298
CVE-2019-11191,0.01282,0.67298
CVE-2019-11193,0.02173,0.80027
CVE-2019-11196,0.01055,0.50287
CVE-2019-11198,0.01055,0.50287
CVE-2019-11199,0.01086,0.51674
CVE-2019-1120,0.09655,0.93989
CVE-2019-11200,0.01086,0.51674
CVE-2019-11201,0.01086,0.51674
CVE-2019-11202,0.00885,0.26162
CVE-2019-11203,0.00954,0.34522
CVE-2019-11204,0.0089,0.2856
CVE-2019-11205,0.00954,0.34522
CVE-2019-11206,0.00954,0.34522
CVE-2019-11207,0.00885,0.26162
CVE-2019-11208,0.00885,0.26162
CVE-2019-11209,0.00885,0.26162
CVE-2019-1121,0.09655,0.93989
CVE-2019-11210,0.0144,0.7265
CVE-2019-11211,0.01978,0.78447
CVE-2019-11212,0.00885,0.26162
CVE-2019-11213,0.00954,0.34522
CVE-2019-11215,0.0144,0.7265
CVE-2019-11216,0.0089,0.2856
CVE-2019-11217,0.0144,0.7265
CVE-2019-11218,0.00885,0.26162
CVE-2019-11219,0.01055,0.50287
CVE-2019-1122,0.09655,0.93989
CVE-2019-11220,0.01055,0.50287
CVE-2019-11221,0.00885,0.26162
CVE-2019-11222,0.01018,0.38792
CVE-2019-11226,0.0089,0.2856
CVE-2019-11228,0.00885,0.26162
CVE-2019-11229,0.10123,0.94312
CVE-2019-1123,0.09655,0.93989
CVE-2019-11230,0.00885,0.26162
CVE-2019-11231,0.7962,0.99468
CVE-2019-11232,0.00885,0.26162
CVE-2019-11233,0.00885,0.26162
CVE-2019-11234,0.01537,0.73595
CVE-2019-11235,0.01537,0.73595
CVE-2019-11236,0.02686,0.82061
CVE-2019-1124,0.09655,0.93989
CVE-2019-11242,0.00885,0.26162
CVE-2019-11243,0.00954,0.34522
CVE-2019-11244,0.01034,0.39824
CVE-2019-11245,0.00885,0.26162
CVE-2019-11246,0.00954,0.34522
CVE-2019-11247,0.01034,0.39824
CVE-2019-11249,0.01183,0.60428
CVE-2019-11250,0.0095,0.30554
CVE-2019-11251,0.00885,0.26162
CVE-2019-11252,0.00885,0.26162
CVE-2019-11253,0.01108,0.53389
CVE-2019-11254,0.0089,0.2856
CVE-2019-11255,0.01034,0.39824
CVE-2019-1126,0.04789,0.8872
CVE-2019-11268,0.00885,0.26162
CVE-2019-1127,0.09655,0.93989
CVE-2019-11270,0.00885,0.26162
CVE-2019-11271,0.00885,0.26162
CVE-2019-11272,0.00885,0.26162
CVE-2019-11273,0.01055,0.50287
CVE-2019-11274,0.00885,0.26162
CVE-2019-11275,0.01055,0.50287
CVE-2019-11276,0.00885,0.26162
CVE-2019-11277,0.01055,0.50287
CVE-2019-11278,0.00885,0.26162
CVE-2019-11279,0.00885,0.26162
CVE-2019-1128,0.09655,0.93989
CVE-2019-11280,0.01055,0.50287
CVE-2019-11281,0.01132,0.54372
CVE-2019-11282,0.01055,0.50287
CVE-2019-11283,0.01055,0.50287
CVE-2019-11284,0.00885,0.26162
CVE-2019-11286,0.01156,0.60033
CVE-2019-11287,0.01108,0.53389
CVE-2019-11288,0.00885,0.26162
CVE-2019-11289,0.00885,0.26162
CVE-2019-1129,0.01376,0.70823
CVE-2019-11290,0.00885,0.26162
CVE-2019-11291,0.01055,0.50287
CVE-2019-11292,0.00885,0.26162
CVE-2019-11293,0.01055,0.50287
CVE-2019-11294,0.00885,0.26162
CVE-2019-1130,0.01376,0.70823
CVE-2019-1131,0.02217,0.80415
CVE-2019-11318,0.0095,0.30554
CVE-2019-11319,0.01156,0.60033
CVE-2019-11320,0.00885,0.26162
CVE-2019-11321,0.00885,0.26162
CVE-2019-11322,0.01156,0.60033
CVE-2019-11323,0.00885,0.26162
CVE-2019-11324,0.01537,0.73595
CVE-2019-11325,0.02509,0.81058
CVE-2019-11326,0.00885,0.26162
CVE-2019-11327,0.00885,0.26162
CVE-2019-11328,0.01104,0.52279
CVE-2019-1133,0.02217,0.80415
CVE-2019-11331,0.01213,0.6557
CVE-2019-11332,0.01055,0.50287
CVE-2019-11334,0.00885,0.26162
CVE-2019-11336,0.01213,0.6557
CVE-2019-11338,0.01776,0.75902
CVE-2019-11339,0.01213,0.6557
CVE-2019-1134,0.01376,0.70823
CVE-2019-11340,0.01018,0.38792
CVE-2019-11341,0.00954,0.34522
CVE-2019-11343,0.00885,0.26162
CVE-2019-11344,0.01156,0.60033
CVE-2019-11345,0.00885,0.26162
CVE-2019-11350,0.00954,0.34522
CVE-2019-11351,0.01689,0.75137
CVE-2019-11353,0.00885,0.26162
CVE-2019-11354,0.2847,0.97171
CVE-2019-11355,0.00885,0.26162
CVE-2019-11356,0.09801,0.94069
CVE-2019-11359,0.01055,0.50287
CVE-2019-1136,0.02868,0.82434
CVE-2019-11360,0.01005,0.36332
CVE-2019-11361,0.00885,0.26162
CVE-2019-11362,0.00885,0.26162
CVE-2019-11363,0.01055,0.50287
CVE-2019-11364,0.01055,0.50287
CVE-2019-11365,0.01319,0.70416
CVE-2019-11366,0.01108,0.53389
CVE-2019-11367,0.00954,0.34522
CVE-2019-11368,0.02192,0.80195
CVE-2019-11369,0.07308,0.9216
CVE-2019-1137,0.01376,0.70823
CVE-2019-11370,0.02192,0.80195
CVE-2019-11371,0.00885,0.26162
CVE-2019-11372,0.01537,0.73595
CVE-2019-11373,0.01537,0.73595
CVE-2019-11374,0.08382,0.93597
CVE-2019-11375,0.08382,0.93597
CVE-2019-11376,0.01055,0.50287
CVE-2019-11377,0.00885,0.26162
CVE-2019-11378,0.00885,0.26162
CVE-2019-1138,0.02217,0.80415
CVE-2019-11380,0.00885,0.26162
CVE-2019-11383,0.00885,0.26162
CVE-2019-11384,0.00885,0.26162
CVE-2019-11387,0.01136,0.57949
CVE-2019-11388,0.01055,0.50287
CVE-2019-11389,0.01055,0.50287
CVE-2019-1139,0.02217,0.80415
CVE-2019-11390,0.01055,0.50287
CVE-2019-11391,0.01055,0.50287
CVE-2019-11392,0.00885,0.26162
CVE-2019-11393,0.08382,0.93597
CVE-2019-11395,0.09801,0.94069
CVE-2019-11396,0.0089,0.2856
CVE-2019-11397,0.0141,0.7214
CVE-2019-11398,0.02173,0.80027
CVE-2019-11399,0.02055,0.7893
CVE-2019-1140,0.02217,0.80415
CVE-2019-11400,0.00885,0.26162
CVE-2019-11401,0.01156,0.60033
CVE-2019-11402,0.00885,0.26162
CVE-2019-11403,0.00885,0.26162
CVE-2019-11404,0.01018,0.38792
CVE-2019-11405,0.00954,0.34522
CVE-2019-11406,0.00885,0.26162
CVE-2019-11407,0.00885,0.26162
CVE-2019-11408,0.04836,0.88802
CVE-2019-11409,0.61737,0.98884
CVE-2019-1141,0.02217,0.80415
CVE-2019-11410,0.02055,0.7893
CVE-2019-11411,0.01183,0.60428
CVE-2019-11412,0.01183,0.60428
CVE-2019-11413,0.01183,0.60428
CVE-2019-11414,0.00885,0.26162
CVE-2019-11415,0.08382,0.93597
CVE-2019-11416,0.00954,0.34522
CVE-2019-11417,0.00885,0.26162
CVE-2019-11418,0.00885,0.26162
CVE-2019-11419,0.02362,0.80685
CVE-2019-1142,0.01376,0.70823
CVE-2019-11426,0.00885,0.26162
CVE-2019-11427,0.00885,0.26162
CVE-2019-11428,0.00885,0.26162
CVE-2019-11429,0.02192,0.80195
CVE-2019-1143,0.01376,0.70823
CVE-2019-11444,0.07308,0.9216
CVE-2019-11445,0.05164,0.89136
CVE-2019-11446,0.07308,0.9216
CVE-2019-11448,0.01564,0.74439
CVE-2019-11449,0.00885,0.26162
CVE-2019-1145,0.27093,0.9703
CVE-2019-11450,0.00885,0.26162
CVE-2019-11451,0.00885,0.26162
CVE-2019-11452,0.00885,0.26162
CVE-2019-11454,0.01408,0.72072
CVE-2019-11455,0.01315,0.67456
CVE-2019-11456,0.00885,0.26162
CVE-2019-11457,0.00954,0.34522
CVE-2019-11458,0.01018,0.38792
CVE-2019-11459,0.01537,0.73595
CVE-2019-1146,0.02116,0.79152
CVE-2019-11460,0.01018,0.38792
CVE-2019-11461,0.0089,0.2856
CVE-2019-11463,0.01055,0.50287
CVE-2019-11464,0.00885,0.26162
CVE-2019-11465,0.00885,0.26162
CVE-2019-11466,0.00885,0.26162
CVE-2019-11467,0.00885,0.26162
CVE-2019-11469,0.01564,0.74439
CVE-2019-1147,0.02116,0.79152
CVE-2019-11470,0.01537,0.73595
CVE-2019-11471,0.00885,0.26162
CVE-2019-11472,0.01537,0.73595
CVE-2019-11473,0.01537,0.73595
CVE-2019-11474,0.01537,0.73595
CVE-2019-11476,0.01005,0.36332
CVE-2019-11478,0.0755,0.92486
CVE-2019-11479,0.0755,0.92486
CVE-2019-1148,0.01909,0.76503
CVE-2019-11480,0.00885,0.26162
CVE-2019-11481,0.00885,0.26162
CVE-2019-11482,0.00885,0.26162
CVE-2019-11483,0.00885,0.26162
CVE-2019-11484,0.00885,0.26162
CVE-2019-11485,0.00885,0.26162
CVE-2019-11486,0.01547,0.74085
CVE-2019-11487,0.01547,0.74085
CVE-2019-11488,0.00885,0.26162
CVE-2019-11489,0.00885,0.26162
CVE-2019-1149,0.27093,0.9703
CVE-2019-11490,0.00885,0.26162
CVE-2019-11492,0.00885,0.26162
CVE-2019-11493,0.01036,0.41241
CVE-2019-11494,0.01108,0.53389
CVE-2019-11495,0.01086,0.51674
CVE-2019-11496,0.00885,0.26162
CVE-2019-11497,0.00885,0.26162
CVE-2019-11498,0.01537,0.73595
CVE-2019-11499,0.01108,0.53389
CVE-2019-1150,0.585,0.98797
CVE-2019-11500,0.09801,0.94069
CVE-2019-11502,0.00954,0.34522
CVE-2019-11503,0.01018,0.38792
CVE-2019-11504,0.02192,0.80195
CVE-2019-11505,0.01537,0.73595
CVE-2019-11506,0.01537,0.73595
CVE-2019-11507,0.01108,0.53389
CVE-2019-11508,0.02422,0.80762
CVE-2019-11509,0.02199,0.80273
CVE-2019-1151,0.27093,0.9703
CVE-2019-11511,0.00885,0.26162
CVE-2019-11512,0.00885,0.26162
CVE-2019-11513,0.00885,0.26162
CVE-2019-11514,0.00885,0.26162
CVE-2019-11515,0.00885,0.26162
CVE-2019-11516,0.01018,0.38792
CVE-2019-11517,0.00885,0.26162
CVE-2019-11518,0.00885,0.26162
CVE-2019-11519,0.00885,0.26162
CVE-2019-1152,0.27093,0.9703
CVE-2019-11521,0.00885,0.26162
CVE-2019-11522,0.00885,0.26162
CVE-2019-11526,0.00885,0.26162
CVE-2019-11527,0.02055,0.7893
CVE-2019-11528,0.00885,0.26162
CVE-2019-1153,0.01909,0.76503
CVE-2019-11533,0.01055,0.50287
CVE-2019-11535,0.01156,0.60033
CVE-2019-11536,0.00885,0.26162
CVE-2019-11537,0.02173,0.80027
CVE-2019-11538,0.01034,0.39824
CVE-2019-1154,0.01376,0.70823
CVE-2019-11540,0.01319,0.70416
CVE-2019-11541,0.01018,0.38792
CVE-2019-11542,0.01034,0.39824
CVE-2019-11543,0.01018,0.38792
CVE-2019-11544,0.00885,0.26162
CVE-2019-11545,0.00885,0.26162
CVE-2019-11546,0.00885,0.26162
CVE-2019-11547,0.00885,0.26162
CVE-2019-11548,0.00885,0.26162
CVE-2019-11549,0.00885,0.26162
CVE-2019-1155,0.02116,0.79152
CVE-2019-11550,0.00885,0.26162
CVE-2019-11551,0.00885,0.26162
CVE-2019-11552,0.01005,0.36332
CVE-2019-11553,0.00885,0.26162
CVE-2019-11554,0.00885,0.26162
CVE-2019-11555,0.02686,0.82061
CVE-2019-11556,0.01018,0.38792
CVE-2019-11557,0.01018,0.38792
CVE-2019-11559,0.01055,0.50287
CVE-2019-1156,0.02116,0.79152
CVE-2019-11560,0.00885,0.26162
CVE-2019-11561,0.00885,0.26162
CVE-2019-11564,0.02173,0.80027
CVE-2019-11565,0.01018,0.38792
CVE-2019-11567,0.00885,0.26162
CVE-2019-11568,0.00885,0.26162
CVE-2019-11569,0.08382,0.93597
CVE-2019-1157,0.02116,0.79152
CVE-2019-11574,0.00885,0.26162
CVE-2019-11576,0.00885,0.26162
CVE-2019-11577,0.00954,0.34522
CVE-2019-11578,0.01018,0.38792
CVE-2019-11579,0.01018,0.38792
CVE-2019-1158,0.01376,0.70823
CVE-2019-11582,0.01156,0.60033
CVE-2019-11583,0.01055,0.50287
CVE-2019-11584,0.01055,0.50287
CVE-2019-11585,0.01055,0.50287
CVE-2019-11586,0.01055,0.50287
CVE-2019-11587,0.01055,0.50287
CVE-2019-11588,0.01055,0.50287
CVE-2019-11589,0.01055,0.50287
CVE-2019-1159,0.01376,0.70823
CVE-2019-11590,0.00954,0.34522
CVE-2019-11591,0.01018,0.38792
CVE-2019-11592,0.00885,0.26162
CVE-2019-11593,0.02509,0.81058
CVE-2019-11594,0.02509,0.81058
CVE-2019-11595,0.0144,0.7265
CVE-2019-11596,0.01108,0.53389
CVE-2019-11597,0.01183,0.60428
CVE-2019-11598,0.01183,0.60428
CVE-2019-11599,0.04393,0.87543
CVE-2019-11601,0.01055,0.50287
CVE-2019-11602,0.01055,0.50287
CVE-2019-11603,0.01055,0.50287
CVE-2019-11604,0.00954,0.34522
CVE-2019-11605,0.00885,0.26162
CVE-2019-11606,0.01055,0.50287
CVE-2019-11607,0.01055,0.50287
CVE-2019-11608,0.01055,0.50287
CVE-2019-11609,0.01055,0.50287
CVE-2019-1161,0.01376,0.70823
CVE-2019-11610,0.01055,0.50287
CVE-2019-11611,0.01055,0.50287
CVE-2019-11612,0.01055,0.50287
CVE-2019-11613,0.00885,0.26162
CVE-2019-11614,0.00885,0.26162
CVE-2019-11615,0.00885,0.26162
CVE-2019-11616,0.01055,0.50287
CVE-2019-11617,0.01055,0.50287
CVE-2019-11618,0.01055,0.50287
CVE-2019-11619,0.00885,0.26162
CVE-2019-1162,0.01376,0.70823
CVE-2019-11620,0.00885,0.26162
CVE-2019-11621,0.00885,0.26162
CVE-2019-11622,0.00885,0.26162
CVE-2019-11623,0.00885,0.26162
CVE-2019-11624,0.00885,0.26162
CVE-2019-11625,0.00885,0.26162
CVE-2019-11626,0.00885,0.26162
CVE-2019-11627,0.00954,0.34522
CVE-2019-11628,0.00885,0.26162
CVE-2019-11629,0.00885,0.26162
CVE-2019-1163,0.02868,0.82434
CVE-2019-11632,0.00885,0.26162
CVE-2019-11633,0.00885,0.26162
CVE-2019-11634,0.00885,0.26162
CVE-2019-11636,0.00954,0.34522
CVE-2019-11637,0.00885,0.26162
CVE-2019-11638,0.00885,0.26162
CVE-2019-11639,0.00885,0.26162
CVE-2019-1164,0.01376,0.70823
CVE-2019-11640,0.00885,0.26162
CVE-2019-11641,0.00885,0.26162
CVE-2019-11642,0.00885,0.26162
CVE-2019-11643,0.00885,0.26162
CVE-2019-11644,0.00885,0.26162
CVE-2019-11646,0.01086,0.51674
CVE-2019-11647,0.00885,0.26162
CVE-2019-11648,0.00885,0.26162
CVE-2019-11649,0.00885,0.26162
CVE-2019-11650,0.00885,0.26162
CVE-2019-11651,0.00885,0.26162
CVE-2019-11652,0.00954,0.34522
CVE-2019-11653,0.01055,0.50287
CVE-2019-11654,0.01055,0.50287
CVE-2019-11655,0.00885,0.26162
CVE-2019-11656,0.00885,0.26162
CVE-2019-11657,0.00885,0.26162
CVE-2019-11658,0.00885,0.26162
CVE-2019-1166,0.0276,0.82138
CVE-2019-11660,0.12098,0.94966
CVE-2019-11661,0.00885,0.26162
CVE-2019-11662,0.00885,0.26162
CVE-2019-11663,0.00885,0.26162
CVE-2019-11664,0.00885,0.26162
CVE-2019-11665,0.00885,0.26162
CVE-2019-11666,0.00885,0.26162
CVE-2019-11667,0.00885,0.26162
CVE-2019-11668,0.00885,0.26162
CVE-2019-11669,0.00885,0.26162
CVE-2019-1167,0.01376,0.70823
CVE-2019-11674,0.00885,0.26162
CVE-2019-11675,0.00885,0.26162
CVE-2019-11676,0.00885,0.26162
CVE-2019-11677,0.00885,0.26162
CVE-2019-11678,0.00885,0.26162
CVE-2019-1168,0.01341,0.70562
CVE-2019-11680,0.01156,0.60033
CVE-2019-11682,0.01086,0.51674
CVE-2019-11683,0.02172,0.79917
CVE-2019-11684,0.00885,0.26162
CVE-2019-11686,0.0089,0.2856
CVE-2019-11688,0.00885,0.26162
CVE-2019-11689,0.0144,0.7265
CVE-2019-1169,0.01376,0.70823
CVE-2019-11690,0.00885,0.26162
CVE-2019-11691,0.01018,0.38792
CVE-2019-11692,0.01018,0.38792
CVE-2019-11693,0.01018,0.38792
CVE-2019-11694,0.01018,0.38792
CVE-2019-11695,0.00885,0.26162
CVE-2019-11696,0.00885,0.26162
CVE-2019-11697,0.00885,0.26162
CVE-2019-11698,0.01018,0.38792
CVE-2019-11699,0.00885,0.26162
CVE-2019-1170,0.01909,0.76503
CVE-2019-11700,0.0144,0.7265
CVE-2019-11701,0.00885,0.26162
CVE-2019-11702,0.0144,0.7265
CVE-2019-11703,0.08382,0.93597
CVE-2019-11704,0.08382,0.93597
CVE-2019-11705,0.08382,0.93597
CVE-2019-11706,0.08382,0.93597
CVE-2019-11709,0.02686,0.82061
CVE-2019-1171,0.01376,0.70823
CVE-2019-11710,0.01108,0.53389
CVE-2019-11711,0.02686,0.82061
CVE-2019-11712,0.02686,0.82061
CVE-2019-11713,0.02686,0.82061
CVE-2019-11714,0.01108,0.53389
CVE-2019-11715,0.02686,0.82061
CVE-2019-11716,0.01108,0.53389
CVE-2019-11717,0.02686,0.82061
CVE-2019-11718,0.01018,0.38792
CVE-2019-11719,0.02686,0.82061
CVE-2019-1172,0.02868,0.82434
CVE-2019-11720,0.01108,0.53389
CVE-2019-11721,0.01108,0.53389
CVE-2019-11723,0.01108,0.53389
CVE-2019-11724,0.01108,0.53389
CVE-2019-11725,0.01034,0.39824
CVE-2019-11727,0.01537,0.73595
CVE-2019-11728,0.01108,0.53389
CVE-2019-11729,0.02686,0.82061
CVE-2019-1173,0.01376,0.70823
CVE-2019-11733,0.01018,0.38792
CVE-2019-11734,0.00885,0.26162
CVE-2019-11735,0.01018,0.38792
CVE-2019-11736,0.01034,0.39824
CVE-2019-11737,0.00885,0.26162
CVE-2019-11738,0.02509,0.81058
CVE-2019-11739,0.01108,0.53389
CVE-2019-1174,0.01376,0.70823
CVE-2019-11740,0.01537,0.73595
CVE-2019-11741,0.00885,0.26162
CVE-2019-11742,0.01537,0.73595
CVE-2019-11743,0.02686,0.82061
CVE-2019-11744,0.01537,0.73595
CVE-2019-11745,0.02686,0.82061
CVE-2019-11746,0.01537,0.73595
CVE-2019-11747,0.01018,0.38792
CVE-2019-11748,0.01018,0.38792
CVE-2019-11749,0.01018,0.38792
CVE-2019-1175,0.01376,0.70823
CVE-2019-11750,0.01018,0.38792
CVE-2019-11751,0.01018,0.38792
CVE-2019-11752,0.01537,0.73595
CVE-2019-11753,0.01034,0.39824
CVE-2019-11754,0.00885,0.26162
CVE-2019-11755,0.01537,0.73595
CVE-2019-11756,0.00885,0.26162
CVE-2019-11757,0.01108,0.53389
CVE-2019-11758,0.01018,0.38792
CVE-2019-11759,0.02762,0.82156
CVE-2019-1176,0.01376,0.70823
CVE-2019-11760,0.01108,0.53389
CVE-2019-11761,0.01108,0.53389
CVE-2019-11762,0.01108,0.53389
CVE-2019-11763,0.01108,0.53389
CVE-2019-11764,0.01108,0.53389
CVE-2019-11765,0.00885,0.26162
CVE-2019-11766,0.01018,0.38792
CVE-2019-11767,0.00885,0.26162
CVE-2019-11768,0.01108,0.53389
CVE-2019-11769,0.00885,0.26162
CVE-2019-1177,0.01376,0.70823
CVE-2019-11770,0.00885,0.26162
CVE-2019-11771,0.00885,0.26162
CVE-2019-11772,0.01018,0.38792
CVE-2019-11773,0.00885,0.26162
CVE-2019-11774,0.00885,0.26162
CVE-2019-11775,0.01108,0.53389
CVE-2019-11776,0.00885,0.26162
CVE-2019-11777,0.00885,0.26162
CVE-2019-11778,0.00885,0.26162
CVE-2019-11779,0.01282,0.67298
CVE-2019-1178,0.01376,0.70823
CVE-2019-11780,0.01055,0.50287
CVE-2019-11781,0.01055,0.50287
CVE-2019-11782,0.01055,0.50287
CVE-2019-11783,0.01055,0.50287
CVE-2019-11784,0.01055,0.50287
CVE-2019-11785,0.01055,0.50287
CVE-2019-11786,0.01055,0.50287
CVE-2019-1179,0.01376,0.70823
CVE-2019-1180,0.01376,0.70823
CVE-2019-11806,0.00885,0.26162
CVE-2019-11807,0.00885,0.26162
CVE-2019-11808,0.00954,0.34522
CVE-2019-11809,0.00885,0.26162
CVE-2019-1181,0.17269,0.96033
CVE-2019-11810,0.02686,0.82061
CVE-2019-11811,0.01547,0.74085
CVE-2019-11812,0.00885,0.26162
CVE-2019-11813,0.00885,0.26162
CVE-2019-11814,0.00885,0.26162
CVE-2019-11815,0.02686,0.82061
CVE-2019-11816,0.01055,0.50287
CVE-2019-11818,0.00885,0.26162
CVE-2019-11819,0.00885,0.26162
CVE-2019-1182,0.17269,0.96033
CVE-2019-11820,0.00885,0.26162
CVE-2019-11821,0.01055,0.50287
CVE-2019-11822,0.01055,0.50287
CVE-2019-11823,0.01055,0.50287
CVE-2019-11825,0.01055,0.50287
CVE-2019-11826,0.01055,0.50287
CVE-2019-11827,0.01055,0.50287
CVE-2019-11828,0.01055,0.50287
CVE-2019-11829,0.01055,0.50287
CVE-2019-1183,0.02217,0.80415
CVE-2019-11830,0.01108,0.53389
CVE-2019-11831,0.02686,0.82061
CVE-2019-11832,0.01689,0.75137
CVE-2019-11833,0.01547,0.74085
CVE-2019-11834,0.01018,0.38792
CVE-2019-11835,0.01018,0.38792
CVE-2019-11836,0.00885,0.26162
CVE-2019-11837,0.00885,0.26162
CVE-2019-11838,0.00885,0.26162
CVE-2019-11839,0.00885,0.26162
CVE-2019-1184,0.01865,0.76283
CVE-2019-11840,0.01537,0.73595
CVE-2019-11841,0.01108,0.53389
CVE-2019-11842,0.00885,0.26162
CVE-2019-11843,0.01136,0.57949
CVE-2019-11844,0.00885,0.26162
CVE-2019-11845,0.00885,0.26162
CVE-2019-11846,0.00885,0.26162
CVE-2019-11847,0.00885,0.26162
CVE-2019-11848,0.00885,0.26162
CVE-2019-11849,0.01036,0.41241
CVE-2019-1185,0.01376,0.70823
CVE-2019-11850,0.01036,0.41241
CVE-2019-11852,0.00885,0.26162
CVE-2019-11853,0.02055,0.7893
CVE-2019-11855,0.00885,0.26162
CVE-2019-11856,0.00885,0.26162
CVE-2019-11857,0.00885,0.26162
CVE-2019-11858,0.00885,0.26162
CVE-2019-11859,0.01086,0.51674
CVE-2019-1186,0.01376,0.70823
CVE-2019-11862,0.00885,0.26162
CVE-2019-11867,0.00885,0.26162
CVE-2019-11868,0.0089,0.2856
CVE-2019-11869,0.00954,0.34522
CVE-2019-1187,0.02868,0.82434
CVE-2019-11870,0.01018,0.38792
CVE-2019-11871,0.0089,0.2856
CVE-2019-11872,0.01018,0.38792
CVE-2019-11873,0.05634,0.89764
CVE-2019-11875,0.00885,0.26162
CVE-2019-11876,0.00885,0.26162
CVE-2019-11877,0.00885,0.26162
CVE-2019-11878,0.00885,0.26162
CVE-2019-11879,0.00885,0.26162
CVE-2019-1188,0.02116,0.79152
CVE-2019-11880,0.00885,0.26162
CVE-2019-11884,0.01547,0.74085
CVE-2019-11885,0.00885,0.26162
CVE-2019-11886,0.01018,0.38792
CVE-2019-11887,0.01424,0.72364
CVE-2019-11888,0.00885,0.26162
CVE-2019-11889,0.01213,0.6557
CVE-2019-11890,0.01213,0.6557
CVE-2019-11891,0.00885,0.26162
CVE-2019-11892,0.00885,0.26162
CVE-2019-11893,0.00885,0.26162
CVE-2019-11894,0.00885,0.26162
CVE-2019-11895,0.00885,0.26162
CVE-2019-11896,0.00885,0.26162
CVE-2019-11897,0.01055,0.50287
CVE-2019-11898,0.00885,0.26162
CVE-2019-11899,0.00885,0.26162
CVE-2019-1190,0.01087,0.51675
CVE-2019-1192,0.02868,0.82434
CVE-2019-11921,0.00885,0.26162
CVE-2019-11922,0.01108,0.53389
CVE-2019-11923,0.00954,0.34522
CVE-2019-11924,0.00954,0.34522
CVE-2019-11925,0.00954,0.34522
CVE-2019-11926,0.00954,0.34522
CVE-2019-11927,0.01055,0.50287
CVE-2019-11928,0.00885,0.26162
CVE-2019-11929,0.05634,0.89764
CVE-2019-1193,0.02217,0.80415
CVE-2019-11930,0.05634,0.89764
CVE-2019-11934,0.00885,0.26162
CVE-2019-11935,0.00954,0.34522
CVE-2019-11936,0.00954,0.34522
CVE-2019-11937,0.00954,0.34522
CVE-2019-11938,0.00954,0.34522
CVE-2019-11939,0.00885,0.26162
CVE-2019-1194,0.02217,0.80415
CVE-2019-11940,0.00885,0.26162
CVE-2019-11941,0.01377,0.70912
CVE-2019-11942,0.01377,0.70912
CVE-2019-11943,0.01377,0.70912
CVE-2019-11944,0.01377,0.70912
CVE-2019-11945,0.01377,0.70912
CVE-2019-11946,0.00885,0.26162
CVE-2019-11947,0.01377,0.70912
CVE-2019-11948,0.01377,0.70912
CVE-2019-11949,0.01377,0.70912
CVE-2019-1195,0.02217,0.80415
CVE-2019-11950,0.01377,0.70912
CVE-2019-11951,0.01377,0.70912
CVE-2019-11952,0.01377,0.70912
CVE-2019-11953,0.01377,0.70912
CVE-2019-11954,0.01377,0.70912
CVE-2019-11955,0.01377,0.70912
CVE-2019-11956,0.01377,0.70912
CVE-2019-11957,0.01377,0.70912
CVE-2019-11958,0.01377,0.70912
CVE-2019-11959,0.01377,0.70912
CVE-2019-1196,0.02217,0.80415
CVE-2019-11960,0.01377,0.70912
CVE-2019-11961,0.01377,0.70912
CVE-2019-11962,0.01377,0.70912
CVE-2019-11963,0.01377,0.70912
CVE-2019-11964,0.01377,0.70912
CVE-2019-11965,0.01377,0.70912
CVE-2019-11966,0.01055,0.50287
CVE-2019-11967,0.01377,0.70912
CVE-2019-11968,0.01377,0.70912
CVE-2019-11969,0.01377,0.70912
CVE-2019-1197,0.02217,0.80415
CVE-2019-11970,0.01293,0.6731
CVE-2019-11971,0.01293,0.6731
CVE-2019-11972,0.01293,0.6731
CVE-2019-11973,0.01293,0.6731
CVE-2019-11974,0.01293,0.6731
CVE-2019-11975,0.01293,0.6731
CVE-2019-11976,0.01293,0.6731
CVE-2019-11977,0.01293,0.6731
CVE-2019-11978,0.01293,0.6731
CVE-2019-11979,0.01293,0.6731
CVE-2019-1198,0.02868,0.82434
CVE-2019-11980,0.00885,0.26162
CVE-2019-11982,0.00885,0.26162
CVE-2019-11983,0.01055,0.50287
CVE-2019-11984,0.01293,0.6731
CVE-2019-11985,0.01377,0.70912
CVE-2019-11986,0.01377,0.70912
CVE-2019-11987,0.00885,0.26162
CVE-2019-11988,0.01055,0.50287
CVE-2019-11989,0.00885,0.26162
CVE-2019-1199,0.02116,0.79152
CVE-2019-11990,0.00885,0.26162
CVE-2019-11991,0.01055,0.50287
CVE-2019-11992,0.00885,0.26162
CVE-2019-11993,0.00885,0.26162
CVE-2019-11994,0.01377,0.70912
CVE-2019-11995,0.00885,0.26162
CVE-2019-11996,0.00885,0.26162
CVE-2019-11997,0.00885,0.26162
CVE-2019-11998,0.00885,0.26162
CVE-2019-11999,0.01055,0.50287
CVE-2019-1200,0.02116,0.79152
CVE-2019-12000,0.00885,0.26162
CVE-2019-12001,0.00885,0.26162
CVE-2019-12002,0.00885,0.26162
CVE-2019-1201,0.02116,0.79152
CVE-2019-12017,0.01156,0.60033
CVE-2019-1202,0.01376,0.70823
CVE-2019-1203,0.01376,0.70823
CVE-2019-1204,0.02868,0.82434
CVE-2019-12041,0.00885,0.26162
CVE-2019-12042,0.00954,0.34522
CVE-2019-12043,0.00885,0.26162
CVE-2019-12044,0.00885,0.26162
CVE-2019-12046,0.01183,0.60428
CVE-2019-12047,0.01086,0.51674
CVE-2019-1206,0.05173,0.89137
CVE-2019-12067,0.0095,0.30554
CVE-2019-12068,0.01282,0.67298
CVE-2019-1208,0.0596,0.90113
CVE-2019-12083,0.01108,0.53389
CVE-2019-12087,0.00885,0.26162
CVE-2019-1209,0.02868,0.82434
CVE-2019-12091,0.01365,0.70715
CVE-2019-12094,0.01108,0.53389
CVE-2019-12095,0.01183,0.60428
CVE-2019-12097,0.01036,0.41241
CVE-2019-12098,0.01537,0.73595
CVE-2019-12099,0.10123,0.94312
CVE-2019-12101,0.01055,0.50287
CVE-2019-12102,0.01018,0.38792
CVE-2019-12103,0.02055,0.7893
CVE-2019-12104,0.02055,0.7893
CVE-2019-12105,0.00954,0.34522
CVE-2019-12106,0.01136,0.57949
CVE-2019-12107,0.01213,0.6557
CVE-2019-12108,0.01018,0.38792
CVE-2019-12109,0.01018,0.38792
CVE-2019-1211,0.01376,0.70823
CVE-2019-12110,0.01018,0.38792
CVE-2019-12111,0.01018,0.38792
CVE-2019-12112,0.00885,0.26162
CVE-2019-12113,0.00885,0.26162
CVE-2019-12114,0.01086,0.51674
CVE-2019-12115,0.01086,0.51674
CVE-2019-12116,0.01086,0.51674
CVE-2019-12117,0.01086,0.51674
CVE-2019-12118,0.01086,0.51674
CVE-2019-12119,0.01086,0.51674
CVE-2019-1212,0.05173,0.89137
CVE-2019-12120,0.01086,0.51674
CVE-2019-12121,0.00885,0.26162
CVE-2019-12122,0.00885,0.26162
CVE-2019-12123,0.00885,0.26162
CVE-2019-12124,0.00885,0.26162
CVE-2019-12125,0.00885,0.26162
CVE-2019-12126,0.00885,0.26162
CVE-2019-12127,0.00885,0.26162
CVE-2019-12128,0.00885,0.26162
CVE-2019-12129,0.00885,0.26162
CVE-2019-1213,0.04356,0.8706
CVE-2019-12130,0.00885,0.26162
CVE-2019-12131,0.00885,0.26162
CVE-2019-12132,0.00885,0.26162
CVE-2019-12133,0.00885,0.26162
CVE-2019-12134,0.00885,0.26162
CVE-2019-12135,0.01978,0.78447
CVE-2019-12136,0.00885,0.26162
CVE-2019-12137,0.04368,0.87437
CVE-2019-12138,0.01036,0.41241
CVE-2019-12139,0.00885,0.26162
CVE-2019-1214,0.01376,0.70823
CVE-2019-12143,0.00885,0.26162
CVE-2019-12144,0.01156,0.60033
CVE-2019-12145,0.00885,0.26162
CVE-2019-12146,0.00885,0.26162
CVE-2019-12147,0.01136,0.57949
CVE-2019-12148,0.01055,0.50287
CVE-2019-12149,0.00885,0.26162
CVE-2019-12150,0.00885,0.26162
CVE-2019-12153,0.00954,0.34522
CVE-2019-12154,0.00954,0.34522
CVE-2019-12155,0.02686,0.82061
CVE-2019-12156,0.00885,0.26162
CVE-2019-12157,0.00885,0.26162
CVE-2019-12158,0.00885,0.26162
CVE-2019-12159,0.00885,0.26162
CVE-2019-1216,0.01376,0.70823
CVE-2019-12160,0.00885,0.26162
CVE-2019-12161,0.00885,0.26162
CVE-2019-12162,0.01005,0.36332
CVE-2019-12163,0.01136,0.57949
CVE-2019-12164,0.05634,0.89764
CVE-2019-12165,0.01086,0.51674
CVE-2019-12167,0.00954,0.34522
CVE-2019-12168,0.01156,0.60033
CVE-2019-1217,0.02217,0.80415
CVE-2019-12171,0.00885,0.26162
CVE-2019-12172,0.01036,0.41241
CVE-2019-12173,0.01156,0.60033
CVE-2019-12174,0.00885,0.26162
CVE-2019-12175,0.00885,0.26162
CVE-2019-12176,0.00885,0.26162
CVE-2019-12177,0.00954,0.34522
CVE-2019-12182,0.05634,0.89764
CVE-2019-12183,0.01136,0.57949
CVE-2019-12184,0.00885,0.26162
CVE-2019-12186,0.00885,0.26162
CVE-2019-1219,0.01376,0.70823
CVE-2019-12193,0.00885,0.26162
CVE-2019-12195,0.02192,0.80195
CVE-2019-12196,0.00885,0.26162
CVE-2019-12198,0.00885,0.26162
CVE-2019-1220,0.02868,0.82434
CVE-2019-12203,0.00954,0.34522
CVE-2019-12204,0.00954,0.34522
CVE-2019-12205,0.00954,0.34522
CVE-2019-12206,0.00885,0.26162
CVE-2019-12207,0.00885,0.26162
CVE-2019-12208,0.00885,0.26162
CVE-2019-12209,0.01108,0.53389
CVE-2019-12210,0.0095,0.30554
CVE-2019-12211,0.01183,0.60428
CVE-2019-12212,0.01055,0.50287
CVE-2019-12213,0.01183,0.60428
CVE-2019-12214,0.00885,0.26162
CVE-2019-12215,0.00885,0.26162
CVE-2019-12216,0.01108,0.53389
CVE-2019-12217,0.01183,0.60428
CVE-2019-12218,0.01183,0.60428
CVE-2019-12219,0.01108,0.53389
CVE-2019-1222,0.17269,0.96033
CVE-2019-12220,0.01183,0.60428
CVE-2019-12221,0.01183,0.60428
CVE-2019-12222,0.01183,0.60428
CVE-2019-12223,0.00954,0.34522
CVE-2019-1223,0.02868,0.82434
CVE-2019-12239,0.0089,0.2856
CVE-2019-1224,0.02868,0.82434
CVE-2019-12240,0.00885,0.26162
CVE-2019-12241,0.00885,0.26162
CVE-2019-12243,0.00885,0.26162
CVE-2019-12245,0.00954,0.34522
CVE-2019-12246,0.00954,0.34522
CVE-2019-12247,0.01018,0.38792
CVE-2019-12248,0.01018,0.38792
CVE-2019-1225,0.02868,0.82434
CVE-2019-12250,0.00885,0.26162
CVE-2019-12251,0.00885,0.26162
CVE-2019-12253,0.00885,0.26162
CVE-2019-12254,0.00885,0.26162
CVE-2019-12255,0.31184,0.97467
CVE-2019-12256,0.11583,0.94846
CVE-2019-12257,0.0913,0.93865
CVE-2019-12258,0.76366,0.99342
CVE-2019-12259,0.11583,0.94846
CVE-2019-1226,0.17269,0.96033
CVE-2019-12260,0.11583,0.94846
CVE-2019-12261,0.11583,0.94846
CVE-2019-12262,0.04101,0.85353
CVE-2019-12263,0.11583,0.94846
CVE-2019-12264,0.04101,0.85353
CVE-2019-12265,0.11583,0.94846
CVE-2019-12266,0.00885,0.26162
CVE-2019-12269,0.01108,0.53389
CVE-2019-1227,0.01376,0.70823
CVE-2019-12270,0.00885,0.26162
CVE-2019-12271,0.00885,0.26162
CVE-2019-12273,0.00885,0.26162
CVE-2019-12274,0.00885,0.26162
CVE-2019-12276,0.08382,0.93597
CVE-2019-12277,0.00885,0.26162
CVE-2019-12278,0.00885,0.26162
CVE-2019-12279,0.01564,0.74439
CVE-2019-1228,0.01376,0.70823
CVE-2019-12280,0.01183,0.60428
CVE-2019-12288,0.00885,0.26162
CVE-2019-12289,0.00885,0.26162
CVE-2019-1229,0.01376,0.70823
CVE-2019-12290,0.01537,0.73595
CVE-2019-12291,0.00885,0.26162
CVE-2019-12292,0.00885,0.26162
CVE-2019-12293,0.01183,0.60428
CVE-2019-12295,0.01183,0.60428
CVE-2019-12297,0.00885,0.26162
CVE-2019-12298,0.01055,0.50287
CVE-2019-12299,0.00885,0.26162
CVE-2019-1230,0.0115,0.5906
CVE-2019-12300,0.00954,0.34522
CVE-2019-12301,0.00885,0.26162
CVE-2019-12303,0.00885,0.26162
CVE-2019-12305,0.00885,0.26162
CVE-2019-12308,0.02686,0.82061
CVE-2019-12309,0.00885,0.26162
CVE-2019-1231,0.02868,0.82434
CVE-2019-12310,0.01055,0.50287
CVE-2019-12311,0.00885,0.26162
CVE-2019-12312,0.01018,0.38792
CVE-2019-12315,0.00885,0.26162
CVE-2019-1232,0.01376,0.70823
CVE-2019-12323,0.08382,0.93597
CVE-2019-12324,0.01055,0.50287
CVE-2019-12325,0.01086,0.51674
CVE-2019-12326,0.01086,0.51674
CVE-2019-12327,0.00885,0.26162
CVE-2019-12328,0.01055,0.50287
CVE-2019-1233,0.02868,0.82434
CVE-2019-12331,0.00885,0.26162
CVE-2019-1234,0.03083,0.82987
CVE-2019-12345,0.00885,0.26162
CVE-2019-12346,0.00885,0.26162
CVE-2019-12347,0.02173,0.80027
CVE-2019-12348,0.00885,0.26162
CVE-2019-12349,0.00885,0.26162
CVE-2019-1235,0.01376,0.70823
CVE-2019-12350,0.00885,0.26162
CVE-2019-12351,0.00885,0.26162
CVE-2019-12352,0.00885,0.26162
CVE-2019-12353,0.00885,0.26162
CVE-2019-12354,0.00885,0.26162
CVE-2019-12355,0.00885,0.26162
CVE-2019-12356,0.00885,0.26162
CVE-2019-12357,0.00885,0.26162
CVE-2019-12358,0.00885,0.26162
CVE-2019-12359,0.00885,0.26162
CVE-2019-1236,0.02217,0.80415
CVE-2019-12360,0.01018,0.38792
CVE-2019-12361,0.00885,0.26162
CVE-2019-12362,0.00885,0.26162
CVE-2019-12363,0.00885,0.26162
CVE-2019-12365,0.00954,0.34522
CVE-2019-12366,0.00954,0.34522
CVE-2019-12367,0.00954,0.34522
CVE-2019-12368,0.00954,0.34522
CVE-2019-12369,0.00954,0.34522
CVE-2019-1237,0.02217,0.80415
CVE-2019-12370,0.00954,0.34522
CVE-2019-12372,0.01564,0.74439
CVE-2019-12373,0.01055,0.50287
CVE-2019-12374,0.00885,0.26162
CVE-2019-12375,0.01103,0.51945
CVE-2019-12376,0.00885,0.26162
CVE-2019-12377,0.02432,0.8082
CVE-2019-12378,0.0095,0.30554
CVE-2019-12379,0.01034,0.39824
CVE-2019-1238,0.02134,0.79164
CVE-2019-12380,0.01282,0.67298
CVE-2019-12381,0.01034,0.39824
CVE-2019-12382,0.01282,0.67298
CVE-2019-12383,0.01213,0.6557
CVE-2019-12385,0.00885,0.26162
CVE-2019-12386,0.00885,0.26162
CVE-2019-12387,0.01537,0.73595
CVE-2019-12388,0.00885,0.26162
CVE-2019-12389,0.01055,0.50287
CVE-2019-1239,0.02034,0.78528
CVE-2019-12390,0.01055,0.50287
CVE-2019-12391,0.00885,0.26162
CVE-2019-12392,0.01055,0.50287
CVE-2019-12393,0.00885,0.26162
CVE-2019-12394,0.01055,0.50287
CVE-2019-12395,0.01018,0.38792
CVE-2019-12397,0.01742,0.75235
CVE-2019-12398,0.0089,0.2856
CVE-2019-12399,0.05242,0.89216
CVE-2019-1240,0.02116,0.79152
CVE-2019-12400,0.03052,0.82933
CVE-2019-12401,0.03032,0.82851
CVE-2019-12402,0.05242,0.89216
CVE-2019-12404,0.00885,0.26162
CVE-2019-12405,0.01246,0.66436
CVE-2019-12406,0.05242,0.89216
CVE-2019-12407,0.00885,0.26162
CVE-2019-12408,0.00885,0.26162
CVE-2019-1241,0.05698,0.89817
CVE-2019-12410,0.01246,0.66436
CVE-2019-12412,0.01055,0.50287
CVE-2019-12413,0.00885,0.26162
CVE-2019-12414,0.00885,0.26162
CVE-2019-12415,0.03052,0.82933
CVE-2019-12416,0.00885,0.26162
CVE-2019-12417,0.00885,0.26162
CVE-2019-12418,0.04573,0.88389
CVE-2019-12419,0.05242,0.89216
CVE-2019-1242,0.02116,0.79152
CVE-2019-12420,0.05242,0.89216
CVE-2019-12421,0.00885,0.26162
CVE-2019-12422,0.00885,0.26162
CVE-2019-12423,0.03032,0.82851
CVE-2019-12425,0.01246,0.66436
CVE-2019-12426,0.01246,0.66436
CVE-2019-12427,0.0089,0.2856
CVE-2019-12428,0.00885,0.26162
CVE-2019-12429,0.00885,0.26162
CVE-2019-1243,0.02116,0.79152
CVE-2019-12430,0.02055,0.7893
CVE-2019-12431,0.00885,0.26162
CVE-2019-12432,0.00885,0.26162
CVE-2019-12433,0.00885,0.26162
CVE-2019-12434,0.00885,0.26162
CVE-2019-12435,0.01034,0.39824
CVE-2019-12436,0.0095,0.30554
CVE-2019-12437,0.00954,0.34522
CVE-2019-12439,0.01606,0.74722
CVE-2019-1244,0.16132,0.95897
CVE-2019-12440,0.00954,0.34522
CVE-2019-12441,0.00885,0.26162
CVE-2019-12442,0.00885,0.26162
CVE-2019-12443,0.00885,0.26162
CVE-2019-12444,0.00885,0.26162
CVE-2019-12445,0.00885,0.26162
CVE-2019-12446,0.00885,0.26162
CVE-2019-12447,0.01034,0.39824
CVE-2019-12448,0.01108,0.53389
CVE-2019-12449,0.01034,0.39824
CVE-2019-1245,0.16132,0.95897
CVE-2019-12450,0.01183,0.60428
CVE-2019-12452,0.01061,0.51015
CVE-2019-12453,0.00885,0.26162
CVE-2019-12454,0.01034,0.39824
CVE-2019-12455,0.0095,0.30554
CVE-2019-12456,0.01282,0.67298
CVE-2019-12457,0.01018,0.38792
CVE-2019-12458,0.01018,0.38792
CVE-2019-12459,0.01018,0.38792
CVE-2019-1246,0.02116,0.79152
CVE-2019-12463,0.00885,0.26162
CVE-2019-12464,0.01086,0.51674
CVE-2019-12465,0.00885,0.26162
CVE-2019-12466,0.01018,0.38792
CVE-2019-12467,0.01018,0.38792
CVE-2019-12468,0.01018,0.38792
CVE-2019-12469,0.0095,0.30554
CVE-2019-1247,0.02116,0.79152
CVE-2019-12470,0.0095,0.30554
CVE-2019-12471,0.01018,0.38792
CVE-2019-12472,0.00885,0.26162
CVE-2019-12473,0.01018,0.38792
CVE-2019-12474,0.01018,0.38792
CVE-2019-12475,0.00885,0.26162
CVE-2019-12477,0.13613,0.95555
CVE-2019-12479,0.00885,0.26162
CVE-2019-1248,0.02116,0.79152
CVE-2019-12480,0.10212,0.94357
CVE-2019-12481,0.00885,0.26162
CVE-2019-12482,0.00885,0.26162
CVE-2019-12483,0.00885,0.26162
CVE-2019-1249,0.02116,0.79152
CVE-2019-12490,0.00885,0.26162
CVE-2019-12491,0.00885,0.26162
CVE-2019-12492,0.00885,0.26162
CVE-2019-12493,0.01018,0.38792
CVE-2019-12494,0.00954,0.34522
CVE-2019-12495,0.00954,0.34522
CVE-2019-12496,0.00885,0.26162
CVE-2019-12497,0.01018,0.38792
CVE-2019-12498,0.00954,0.34522
CVE-2019-12499,0.00954,0.34522
CVE-2019-1250,0.02116,0.79152
CVE-2019-12500,0.00885,0.26162
CVE-2019-12502,0.00885,0.26162
CVE-2019-12503,0.00954,0.34522
CVE-2019-12504,0.01018,0.38792
CVE-2019-12505,0.01018,0.38792
CVE-2019-12506,0.01018,0.38792
CVE-2019-12507,0.00885,0.26162
CVE-2019-1251,0.01376,0.70823
CVE-2019-12510,0.00885,0.26162
CVE-2019-12511,0.00885,0.26162
CVE-2019-12512,0.00885,0.26162
CVE-2019-12513,0.00885,0.26162
CVE-2019-12515,0.01018,0.38792
CVE-2019-12516,0.00885,0.26162
CVE-2019-12517,0.00885,0.26162
CVE-2019-12518,0.78996,0.99441
CVE-2019-12519,0.01183,0.60428
CVE-2019-1252,0.02868,0.82434
CVE-2019-12520,0.01183,0.60428
CVE-2019-12521,0.01183,0.60428
CVE-2019-12522,0.00885,0.26162
CVE-2019-12523,0.01537,0.73595
CVE-2019-12524,0.01018,0.38792
CVE-2019-12525,0.01537,0.73595
CVE-2019-12526,0.01537,0.73595
CVE-2019-12527,0.01537,0.73595
CVE-2019-12528,0.01537,0.73595
CVE-2019-12529,0.01537,0.73595
CVE-2019-12530,0.00885,0.26162
CVE-2019-12532,0.0089,0.2856
CVE-2019-12537,0.0176,0.7531
CVE-2019-12539,0.00885,0.26162
CVE-2019-1254,0.01376,0.70823
CVE-2019-12540,0.00885,0.26162
CVE-2019-12548,0.04571,0.88388
CVE-2019-12549,0.00954,0.34522
CVE-2019-1255,0.02868,0.82434
CVE-2019-12550,0.00954,0.34522
CVE-2019-12551,0.01559,0.742
CVE-2019-12552,0.00954,0.34522
CVE-2019-12553,0.0144,0.7265
CVE-2019-12554,0.00885,0.26162
CVE-2019-12555,0.00885,0.26162
CVE-2019-1256,0.01376,0.70823
CVE-2019-12564,0.01055,0.50287
CVE-2019-12566,0.0089,0.2856
CVE-2019-12567,0.01156,0.60033
CVE-2019-12568,0.01156,0.60033
CVE-2019-12569,0.00885,0.26162
CVE-2019-1257,0.02287,0.80612
CVE-2019-12570,0.00885,0.26162
CVE-2019-12571,0.00885,0.26162
CVE-2019-12572,0.01005,0.36332
CVE-2019-12573,0.00885,0.26162
CVE-2019-12574,0.01036,0.41241
CVE-2019-12575,0.01036,0.41241
CVE-2019-12576,0.00885,0.26162
CVE-2019-12577,0.01036,0.41241
CVE-2019-12578,0.00885,0.26162
CVE-2019-12579,0.00885,0.26162
CVE-2019-1258,0.02322,0.80633
CVE-2019-12581,0.01213,0.6557
CVE-2019-12583,0.01055,0.50287
CVE-2019-12584,0.00954,0.34522
CVE-2019-12585,0.02509,0.81058
CVE-2019-12589,0.0095,0.30554
CVE-2019-1259,0.02868,0.82434
CVE-2019-12591,0.01055,0.50287
CVE-2019-12592,0.01055,0.50287
CVE-2019-12595,0.0176,0.7531
CVE-2019-12596,0.0176,0.7531
CVE-2019-12597,0.0176,0.7531
CVE-2019-12598,0.00885,0.26162
CVE-2019-12599,0.00885,0.26162
CVE-2019-1260,0.01376,0.70823
CVE-2019-12600,0.00885,0.26162
CVE-2019-12601,0.00885,0.26162
CVE-2019-1261,0.02868,0.82434
CVE-2019-12611,0.00885,0.26162
CVE-2019-12612,0.00885,0.26162
CVE-2019-12614,0.01791,0.76026
CVE-2019-12615,0.01108,0.53389
CVE-2019-12616,0.16168,0.95904
CVE-2019-12617,0.0095,0.30554
CVE-2019-12618,0.00954,0.34522
CVE-2019-12619,0.01055,0.50287
CVE-2019-1262,0.0205,0.7858
CVE-2019-12620,0.01055,0.50287
CVE-2019-12621,0.01055,0.50287
CVE-2019-12622,0.00885,0.26162
CVE-2019-12623,0.01055,0.50287
CVE-2019-12624,0.08382,0.93597
CVE-2019-12625,0.00954,0.34522
CVE-2019-12626,0.01055,0.50287
CVE-2019-12627,0.01055,0.50287
CVE-2019-12629,0.01055,0.50287
CVE-2019-1263,0.02868,0.82434
CVE-2019-12630,0.01055,0.50287
CVE-2019-12631,0.01055,0.50287
CVE-2019-12632,0.01055,0.50287
CVE-2019-12633,0.01055,0.50287
CVE-2019-12634,0.01055,0.50287
CVE-2019-12635,0.01055,0.50287
CVE-2019-12636,0.01055,0.50287
CVE-2019-12637,0.01055,0.50287
CVE-2019-12638,0.01055,0.50287
CVE-2019-1264,0.02868,0.82434
CVE-2019-12643,0.01055,0.50287
CVE-2019-12644,0.01055,0.50287
CVE-2019-12645,0.01036,0.41241
CVE-2019-12646,0.01055,0.50287
CVE-2019-12647,0.01055,0.50287
CVE-2019-12648,0.01055,0.50287
CVE-2019-12649,0.00885,0.26162
CVE-2019-1265,0.02868,0.82434
CVE-2019-12650,0.01055,0.50287
CVE-2019-12651,0.01055,0.50287
CVE-2019-12652,0.01055,0.50287
CVE-2019-12653,0.01055,0.50287
CVE-2019-12654,0.01055,0.50287
CVE-2019-12655,0.01055,0.50287
CVE-2019-12656,0.01055,0.50287
CVE-2019-12657,0.01055,0.50287
CVE-2019-12658,0.01055,0.50287
CVE-2019-12659,0.01055,0.50287
CVE-2019-1266,0.02868,0.82434
CVE-2019-12660,0.00885,0.26162
CVE-2019-12661,0.00885,0.26162
CVE-2019-12662,0.01036,0.41241
CVE-2019-12663,0.01055,0.50287
CVE-2019-12664,0.01055,0.50287
CVE-2019-12665,0.01055,0.50287
CVE-2019-12666,0.01036,0.41241
CVE-2019-12667,0.01055,0.50287
CVE-2019-12668,0.01055,0.50287
CVE-2019-12669,0.01055,0.50287
CVE-2019-1267,0.01376,0.70823
CVE-2019-12670,0.00885,0.26162
CVE-2019-12671,0.00885,0.26162
CVE-2019-12672,0.01036,0.41241
CVE-2019-12673,0.01055,0.50287
CVE-2019-12674,0.00885,0.26162
CVE-2019-12675,0.00885,0.26162
CVE-2019-12676,0.00885,0.26162
CVE-2019-12677,0.01055,0.50287
CVE-2019-12678,0.01055,0.50287
CVE-2019-12679,0.01055,0.50287
CVE-2019-1268,0.01376,0.70823
CVE-2019-12680,0.01055,0.50287
CVE-2019-12681,0.01055,0.50287
CVE-2019-12682,0.01055,0.50287
CVE-2019-12683,0.01055,0.50287
CVE-2019-12684,0.01055,0.50287
CVE-2019-12685,0.01055,0.50287
CVE-2019-12686,0.01055,0.50287
CVE-2019-12687,0.01055,0.50287
CVE-2019-12688,0.01055,0.50287
CVE-2019-12689,0.01156,0.60033
CVE-2019-1269,0.01376,0.70823
CVE-2019-12690,0.01055,0.50287
CVE-2019-12691,0.01055,0.50287
CVE-2019-12693,0.01055,0.50287
CVE-2019-12694,0.00885,0.26162
CVE-2019-12695,0.01055,0.50287
CVE-2019-12696,0.01055,0.50287
CVE-2019-12697,0.01055,0.50287
CVE-2019-12698,0.01055,0.50287
CVE-2019-12699,0.00885,0.26162
CVE-2019-1270,0.01376,0.70823
CVE-2019-12700,0.01055,0.50287
CVE-2019-12701,0.01055,0.50287
CVE-2019-12702,0.01055,0.50287
CVE-2019-12703,0.00885,0.26162
CVE-2019-12704,0.01055,0.50287
CVE-2019-12705,0.01055,0.50287
CVE-2019-12706,0.01055,0.50287
CVE-2019-12707,0.01055,0.50287
CVE-2019-12708,0.01055,0.50287
CVE-2019-12709,0.00885,0.26162
CVE-2019-1271,0.01376,0.70823
CVE-2019-12710,0.01055,0.50287
CVE-2019-12711,0.01055,0.50287
CVE-2019-12712,0.01055,0.50287
CVE-2019-12713,0.01055,0.50287
CVE-2019-12714,0.01055,0.50287
CVE-2019-12715,0.01055,0.50287
CVE-2019-12716,0.01055,0.50287
CVE-2019-12717,0.00885,0.26162
CVE-2019-12718,0.01055,0.50287
CVE-2019-12719,0.08382,0.93597
CVE-2019-1272,0.01376,0.70823
CVE-2019-12720,0.01564,0.74439
CVE-2019-12723,0.00954,0.34522
CVE-2019-12724,0.00954,0.34522
CVE-2019-12727,0.00885,0.26162
CVE-2019-12728,0.00885,0.26162
CVE-2019-1273,0.01376,0.70823
CVE-2019-12730,0.01537,0.73595
CVE-2019-12731,0.00885,0.26162
CVE-2019-12732,0.00885,0.26162
CVE-2019-12733,0.05471,0.89498
CVE-2019-12734,0.01034,0.39824
CVE-2019-12736,0.02055,0.7893
CVE-2019-12737,0.00885,0.26162
CVE-2019-12739,0.01978,0.78447
CVE-2019-1274,0.01376,0.70823
CVE-2019-12741,0.00954,0.34522
CVE-2019-12742,0.00885,0.26162
CVE-2019-12743,0.01055,0.50287
CVE-2019-12745,0.02192,0.80195
CVE-2019-12746,0.01108,0.53389
CVE-2019-12747,0.00885,0.26162
CVE-2019-12748,0.00885,0.26162
CVE-2019-12749,0.01547,0.74085
CVE-2019-12751,0.00885,0.26162
CVE-2019-12752,0.00885,0.26162
CVE-2019-12753,0.00885,0.26162
CVE-2019-12754,0.00885,0.26162
CVE-2019-12755,0.00885,0.26162
CVE-2019-12756,0.00885,0.26162
CVE-2019-12757,0.00885,0.26162
CVE-2019-12758,0.01005,0.36332
CVE-2019-12759,0.00885,0.26162
CVE-2019-12760,0.02275,0.80593
CVE-2019-12761,0.01018,0.38792
CVE-2019-12762,0.00885,0.26162
CVE-2019-12763,0.00885,0.26162
CVE-2019-12764,0.00885,0.26162
CVE-2019-12765,0.08382,0.93597
CVE-2019-12766,0.00885,0.26162
CVE-2019-12767,0.00885,0.26162
CVE-2019-12768,0.00885,0.26162
CVE-2019-12769,0.00885,0.26162
CVE-2019-1277,0.01376,0.70823
CVE-2019-12771,0.02055,0.7893
CVE-2019-12773,0.00885,0.26162
CVE-2019-12774,0.00885,0.26162
CVE-2019-12775,0.00885,0.26162
CVE-2019-12776,0.00885,0.26162
CVE-2019-12777,0.00885,0.26162
CVE-2019-12779,0.01282,0.67298
CVE-2019-1278,0.01376,0.70823
CVE-2019-12780,0.08382,0.93597
CVE-2019-12781,0.01537,0.73595
CVE-2019-12782,0.0089,0.2856
CVE-2019-12783,0.00885,0.26162
CVE-2019-12784,0.00885,0.26162
CVE-2019-12786,0.02055,0.7893
CVE-2019-12787,0.02055,0.7893
CVE-2019-12788,0.02362,0.80685
CVE-2019-12789,0.00885,0.26162
CVE-2019-12790,0.01136,0.57949
CVE-2019-12791,0.01055,0.50287
CVE-2019-12792,0.01055,0.50287
CVE-2019-12794,0.00885,0.26162
CVE-2019-12795,0.01282,0.67298
CVE-2019-12797,0.00885,0.26162
CVE-2019-12798,0.00885,0.26162
CVE-2019-12799,0.01156,0.60033
CVE-2019-1280,0.02116,0.79152
CVE-2019-12801,0.02173,0.80027
CVE-2019-12802,0.01136,0.57949
CVE-2019-12803,0.00885,0.26162
CVE-2019-12804,0.00885,0.26162
CVE-2019-12805,0.01156,0.60033
CVE-2019-12806,0.01156,0.60033
CVE-2019-12807,0.01005,0.36332
CVE-2019-12808,0.01036,0.41241
CVE-2019-12809,0.01156,0.60033
CVE-2019-12810,0.01036,0.41241
CVE-2019-12811,0.01086,0.51674
CVE-2019-12812,0.01086,0.51674
CVE-2019-12813,0.00954,0.34522
CVE-2019-12816,0.07218,0.9208
CVE-2019-12817,0.01547,0.74085
CVE-2019-12818,0.01537,0.73595
CVE-2019-12819,0.01282,0.67298
CVE-2019-1282,0.01376,0.70823
CVE-2019-12820,0.00885,0.26162
CVE-2019-12821,0.00885,0.26162
CVE-2019-12822,0.00885,0.26162
CVE-2019-12823,0.00885,0.26162
CVE-2019-12825,0.01055,0.50287
CVE-2019-12826,0.01213,0.6557
CVE-2019-12827,0.01055,0.50287
CVE-2019-12828,0.1246,0.95137
CVE-2019-12829,0.01055,0.50287
CVE-2019-1283,0.01376,0.70823
CVE-2019-12830,0.00885,0.26162
CVE-2019-12831,0.00885,0.26162
CVE-2019-12834,0.00885,0.26162
CVE-2019-12835,0.00885,0.26162
CVE-2019-12837,0.01055,0.50287
CVE-2019-12838,0.02686,0.82061
CVE-2019-12839,0.0144,0.7265
CVE-2019-1284,0.01376,0.70823
CVE-2019-12841,0.00885,0.26162
CVE-2019-12842,0.00885,0.26162
CVE-2019-12843,0.00885,0.26162
CVE-2019-12844,0.00885,0.26162
CVE-2019-12845,0.00885,0.26162
CVE-2019-12846,0.00885,0.26162
CVE-2019-12847,0.00885,0.26162
CVE-2019-1285,0.01376,0.70823
CVE-2019-12850,0.00885,0.26162
CVE-2019-12851,0.00885,0.26162
CVE-2019-12852,0.00885,0.26162
CVE-2019-12854,0.01537,0.73595
CVE-2019-12855,0.01183,0.60428
CVE-2019-1286,0.02868,0.82434
CVE-2019-12863,0.00885,0.26162
CVE-2019-12864,0.00885,0.26162
CVE-2019-12865,0.00885,0.26162
CVE-2019-12866,0.00885,0.26162
CVE-2019-12867,0.00885,0.26162
CVE-2019-12868,0.01156,0.60033
CVE-2019-12869,0.01689,0.75137
CVE-2019-1287,0.01376,0.70823
CVE-2019-12870,0.01689,0.75137
CVE-2019-12871,0.01689,0.75137
CVE-2019-12872,0.00885,0.26162
CVE-2019-12875,0.0089,0.2856
CVE-2019-12876,0.00885,0.26162
CVE-2019-12880,0.00954,0.34522
CVE-2019-12881,0.0089,0.2856
CVE-2019-12887,0.00885,0.26162
CVE-2019-1289,0.01376,0.70823
CVE-2019-12893,0.00885,0.26162
CVE-2019-12894,0.00885,0.26162
CVE-2019-12895,0.00885,0.26162
CVE-2019-12896,0.00885,0.26162
CVE-2019-12897,0.00885,0.26162
CVE-2019-12898,0.00885,0.26162
CVE-2019-12899,0.00885,0.26162
CVE-2019-1290,0.02217,0.80415
CVE-2019-12900,0.02686,0.82061
CVE-2019-12901,0.00885,0.26162
CVE-2019-12902,0.00885,0.26162
CVE-2019-12903,0.00885,0.26162
CVE-2019-12904,0.01018,0.38792
CVE-2019-12905,0.02173,0.80027
CVE-2019-1291,0.02217,0.80415
CVE-2019-12911,0.00885,0.26162
CVE-2019-12912,0.00885,0.26162
CVE-2019-12913,0.00885,0.26162
CVE-2019-12914,0.00885,0.26162
CVE-2019-12917,0.00885,0.26162
CVE-2019-12918,0.00885,0.26162
CVE-2019-12919,0.00885,0.26162
CVE-2019-1292,0.01376,0.70823
CVE-2019-12920,0.00885,0.26162
CVE-2019-12921,0.01319,0.70416
CVE-2019-12922,0.16168,0.95904
CVE-2019-12923,0.00885,0.26162
CVE-2019-12924,0.00885,0.26162
CVE-2019-12925,0.00885,0.26162
CVE-2019-12926,0.00885,0.26162
CVE-2019-12927,0.00885,0.26162
CVE-2019-12928,0.01156,0.60033
CVE-2019-12929,0.01086,0.51674
CVE-2019-1293,0.01376,0.70823
CVE-2019-12930,0.01136,0.57949
CVE-2019-12932,0.00885,0.26162
CVE-2019-12934,0.00954,0.34522
CVE-2019-12935,0.01018,0.38792
CVE-2019-12936,0.00885,0.26162
CVE-2019-12937,0.00885,0.26162
CVE-2019-12938,0.00885,0.26162
CVE-2019-12939,0.00885,0.26162
CVE-2019-1294,0.02868,0.82434
CVE-2019-12940,0.00885,0.26162
CVE-2019-12941,0.00954,0.34522
CVE-2019-12942,0.00885,0.26162
CVE-2019-12943,0.00885,0.26162
CVE-2019-12944,0.00885,0.26162
CVE-2019-12946,0.00885,0.26162
CVE-2019-12948,0.01156,0.60033
CVE-2019-1295,0.02287,0.80612
CVE-2019-12950,0.00885,0.26162
CVE-2019-12951,0.00885,0.26162
CVE-2019-12953,0.00885,0.26162
CVE-2019-12954,0.00885,0.26162
CVE-2019-12957,0.01018,0.38792
CVE-2019-12958,0.01018,0.38792
CVE-2019-12959,0.00885,0.26162
CVE-2019-1296,0.02287,0.80612
CVE-2019-12960,0.00885,0.26162
CVE-2019-12961,0.00885,0.26162
CVE-2019-12962,0.00885,0.26162
CVE-2019-12963,0.00885,0.26162
CVE-2019-12964,0.00885,0.26162
CVE-2019-12966,0.01086,0.51674
CVE-2019-12967,0.00885,0.26162
CVE-2019-12968,0.01213,0.6557
CVE-2019-1297,0.02217,0.80415
CVE-2019-12970,0.01018,0.38792
CVE-2019-12971,0.00885,0.26162
CVE-2019-12972,0.01108,0.53389
CVE-2019-12973,0.01776,0.75902
CVE-2019-12974,0.01319,0.70416
CVE-2019-12975,0.01018,0.38792
CVE-2019-12976,0.01018,0.38792
CVE-2019-12977,0.01108,0.53389
CVE-2019-12978,0.01108,0.53389
CVE-2019-12979,0.01108,0.53389
CVE-2019-1298,0.02217,0.80415
CVE-2019-12980,0.01055,0.50287
CVE-2019-12981,0.00885,0.26162
CVE-2019-12982,0.01055,0.50287
CVE-2019-12984,0.01537,0.73595
CVE-2019-12985,0.00954,0.34522
CVE-2019-12986,0.00954,0.34522
CVE-2019-12987,0.00954,0.34522
CVE-2019-12988,0.00954,0.34522
CVE-2019-12989,0.01018,0.38792
CVE-2019-1299,0.02868,0.82434
CVE-2019-12990,0.00954,0.34522
CVE-2019-12991,0.0095,0.30554
CVE-2019-12992,0.0089,0.2856
CVE-2019-12994,0.00885,0.26162
CVE-2019-12995,0.00954,0.34522
CVE-2019-12996,0.00885,0.26162
CVE-2019-12997,0.00885,0.26162
CVE-2019-12998,0.00885,0.26162
CVE-2019-12999,0.00954,0.34522
CVE-2019-1300,0.02217,0.80415
CVE-2019-13000,0.00954,0.34522
CVE-2019-13001,0.00885,0.26162
CVE-2019-13002,0.00885,0.26162
CVE-2019-13003,0.00885,0.26162
CVE-2019-13004,0.00885,0.26162
CVE-2019-13005,0.00885,0.26162
CVE-2019-13006,0.00885,0.26162
CVE-2019-13007,0.00885,0.26162
CVE-2019-13009,0.00885,0.26162
CVE-2019-1301,0.02868,0.82434
CVE-2019-13010,0.00885,0.26162
CVE-2019-13011,0.00885,0.26162
CVE-2019-13012,0.01537,0.73595
CVE-2019-13013,0.00885,0.26162
CVE-2019-13014,0.00885,0.26162
CVE-2019-1302,0.02868,0.82434
CVE-2019-13020,0.00885,0.26162
CVE-2019-13021,0.00885,0.26162
CVE-2019-13022,0.00885,0.26162
CVE-2019-13023,0.00885,0.26162
CVE-2019-13026,0.00885,0.26162
CVE-2019-13027,0.00885,0.26162
CVE-2019-13028,0.04836,0.88802
CVE-2019-13029,0.02192,0.80195
CVE-2019-1303,0.01087,0.51675
CVE-2019-13030,0.00885,0.26162
CVE-2019-13031,0.00954,0.34522
CVE-2019-13032,0.00954,0.34522
CVE-2019-13033,0.0095,0.30554
CVE-2019-13035,0.00885,0.26162
CVE-2019-13038,0.01018,0.38792
CVE-2019-13045,0.01537,0.73595
CVE-2019-13046,0.00885,0.26162
CVE-2019-13047,0.00885,0.26162
CVE-2019-13048,0.00885,0.26162
CVE-2019-13049,0.00885,0.26162
CVE-2019-1305,0.01376,0.70823
CVE-2019-13050,0.01537,0.73595
CVE-2019-13052,0.00885,0.26162
CVE-2019-13053,0.00885,0.26162
CVE-2019-13054,0.00885,0.26162
CVE-2019-13055,0.00885,0.26162
CVE-2019-13056,0.00885,0.26162
CVE-2019-13057,0.01791,0.76026
CVE-2019-1306,0.02217,0.80415
CVE-2019-13066,0.00885,0.26162
CVE-2019-13067,0.00885,0.26162
CVE-2019-13068,0.00954,0.34522
CVE-2019-13069,0.01832,0.76196
CVE-2019-1307,0.02034,0.78528
CVE-2019-13070,0.02192,0.80195
CVE-2019-13071,0.00885,0.26162
CVE-2019-13072,0.02173,0.80027
CVE-2019-13074,0.01055,0.50287
CVE-2019-13075,0.01055,0.50287
CVE-2019-13076,0.00885,0.26162
CVE-2019-13077,0.00885,0.26162
CVE-2019-13078,0.00885,0.26162
CVE-2019-13079,0.00885,0.26162
CVE-2019-1308,0.02034,0.78528
CVE-2019-13080,0.00885,0.26162
CVE-2019-13081,0.00885,0.26162
CVE-2019-13082,0.02432,0.8082
CVE-2019-13083,0.00885,0.26162
CVE-2019-13084,0.00885,0.26162
CVE-2019-13085,0.00885,0.26162
CVE-2019-1309,0.0115,0.5906
CVE-2019-13096,0.00885,0.26162
CVE-2019-13097,0.00885,0.26162
CVE-2019-13098,0.00885,0.26162
CVE-2019-13099,0.00885,0.26162
CVE-2019-1310,0.0115,0.5906
CVE-2019-13100,0.00885,0.26162
CVE-2019-13101,0.10212,0.94357
CVE-2019-13103,0.0095,0.30554
CVE-2019-13104,0.01018,0.38792
CVE-2019-13105,0.00954,0.34522
CVE-2019-13106,0.01559,0.742
CVE-2019-13107,0.01018,0.38792
CVE-2019-13108,0.00954,0.34522
CVE-2019-13109,0.00954,0.34522
CVE-2019-1311,0.01941,0.77142
CVE-2019-13110,0.01018,0.38792
CVE-2019-13111,0.00954,0.34522
CVE-2019-13112,0.01018,0.38792
CVE-2019-13113,0.01018,0.38792
CVE-2019-13114,0.01108,0.53389
CVE-2019-13116,0.01978,0.78447
CVE-2019-13117,0.02686,0.82061
CVE-2019-13118,0.02686,0.82061
CVE-2019-13120,0.00885,0.26162
CVE-2019-13121,0.00885,0.26162
CVE-2019-13122,0.01108,0.53389
CVE-2019-13123,0.00885,0.26162
CVE-2019-13124,0.00885,0.26162
CVE-2019-13125,0.00885,0.26162
CVE-2019-13126,0.01055,0.50287
CVE-2019-13127,0.00954,0.34522
CVE-2019-13128,0.02055,0.7893
CVE-2019-13129,0.00885,0.26162
CVE-2019-1313,0.0115,0.5906
CVE-2019-13131,0.08382,0.93597
CVE-2019-13132,0.02686,0.82061
CVE-2019-13133,0.00954,0.34522
CVE-2019-13134,0.00954,0.34522
CVE-2019-13135,0.01537,0.73595
CVE-2019-13136,0.01018,0.38792
CVE-2019-13137,0.01108,0.53389
CVE-2019-13139,0.01719,0.75183
CVE-2019-1314,0.02632,0.81366
CVE-2019-13140,0.07308,0.9216
CVE-2019-13142,0.00885,0.26162
CVE-2019-13144,0.00885,0.26162
CVE-2019-13146,0.00954,0.34522
CVE-2019-13147,0.00885,0.26162
CVE-2019-13148,0.02055,0.7893
CVE-2019-13149,0.02055,0.7893
CVE-2019-13150,0.02055,0.7893
CVE-2019-13151,0.02055,0.7893
CVE-2019-13152,0.02055,0.7893
CVE-2019-13153,0.02055,0.7893
CVE-2019-13154,0.02055,0.7893
CVE-2019-13155,0.02055,0.7893
CVE-2019-13156,0.00885,0.26162
CVE-2019-13157,0.01055,0.50287
CVE-2019-1316,0.0115,0.5906
CVE-2019-13161,0.01916,0.76518
CVE-2019-13163,0.00885,0.26162
CVE-2019-13164,0.01547,0.74085
CVE-2019-13165,0.0144,0.7265
CVE-2019-13166,0.00885,0.26162
CVE-2019-13167,0.0144,0.7265
CVE-2019-13168,0.0144,0.7265
CVE-2019-13169,0.0144,0.7265
CVE-2019-1317,0.0115,0.5906
CVE-2019-13170,0.00885,0.26162
CVE-2019-13171,0.0144,0.7265
CVE-2019-13172,0.0144,0.7265
CVE-2019-13175,0.00885,0.26162
CVE-2019-13176,0.00885,0.26162
CVE-2019-13177,0.01055,0.50287
CVE-2019-13178,0.02686,0.82061
CVE-2019-13179,0.01183,0.60428
CVE-2019-1318,0.02632,0.81366
CVE-2019-13181,0.0089,0.2856
CVE-2019-13182,0.0089,0.2856
CVE-2019-13183,0.00954,0.34522
CVE-2019-13186,0.00885,0.26162
CVE-2019-13187,0.00885,0.26162
CVE-2019-1319,0.0115,0.5906
CVE-2019-13190,0.00885,0.26162
CVE-2019-13191,0.00885,0.26162
CVE-2019-13192,0.02509,0.81058
CVE-2019-13193,0.02199,0.80273
CVE-2019-13194,0.00954,0.34522
CVE-2019-13195,0.00885,0.26162
CVE-2019-13196,0.01086,0.51674
CVE-2019-13197,0.01086,0.51674
CVE-2019-13198,0.01086,0.51674
CVE-2019-13199,0.00885,0.26162
CVE-2019-1320,0.0115,0.5906
CVE-2019-13200,0.01086,0.51674
CVE-2019-13201,0.01086,0.51674
CVE-2019-13202,0.01086,0.51674
CVE-2019-13203,0.01086,0.51674
CVE-2019-13204,0.01086,0.51674
CVE-2019-13205,0.00885,0.26162
CVE-2019-13206,0.01086,0.51674
CVE-2019-13207,0.00885,0.26162
CVE-2019-13208,0.00885,0.26162
CVE-2019-13209,0.00885,0.26162
CVE-2019-1321,0.0115,0.5906
CVE-2019-13217,0.0149,0.72731
CVE-2019-13218,0.00954,0.34522
CVE-2019-13219,0.00954,0.34522
CVE-2019-13220,0.00954,0.34522
CVE-2019-13221,0.0149,0.72731
CVE-2019-13222,0.00954,0.34522
CVE-2019-13223,0.00954,0.34522
CVE-2019-13224,0.02815,0.82338
CVE-2019-13225,0.01018,0.38792
CVE-2019-13226,0.0095,0.30554
CVE-2019-13227,0.0095,0.30554
CVE-2019-13228,0.0095,0.30554
CVE-2019-13229,0.0095,0.30554
CVE-2019-1323,0.0115,0.5906
CVE-2019-13232,0.01034,0.39824
CVE-2019-13233,0.01547,0.74085
CVE-2019-13234,0.00954,0.34522
CVE-2019-13235,0.00954,0.34522
CVE-2019-13236,0.02173,0.80027
CVE-2019-13237,0.06593,0.90989
CVE-2019-13238,0.00885,0.26162
CVE-2019-13239,0.00954,0.34522
CVE-2019-1324,0.02632,0.81366
CVE-2019-13240,0.01018,0.38792
CVE-2019-13241,0.00954,0.34522
CVE-2019-13242,0.00885,0.26162
CVE-2019-13243,0.00885,0.26162
CVE-2019-13244,0.00885,0.26162
CVE-2019-13245,0.00885,0.26162
CVE-2019-13246,0.00885,0.26162
CVE-2019-13247,0.00885,0.26162
CVE-2019-13248,0.00885,0.26162
CVE-2019-13249,0.00885,0.26162
CVE-2019-1325,0.0115,0.5906
CVE-2019-13250,0.00885,0.26162
CVE-2019-13251,0.00885,0.26162
CVE-2019-13252,0.00885,0.26162
CVE-2019-13253,0.00885,0.26162
CVE-2019-13254,0.00885,0.26162
CVE-2019-13255,0.00885,0.26162
CVE-2019-13256,0.00885,0.26162
CVE-2019-13257,0.00885,0.26162
CVE-2019-13258,0.00885,0.26162
CVE-2019-13259,0.00885,0.26162
CVE-2019-1326,0.02632,0.81366
CVE-2019-13260,0.00885,0.26162
CVE-2019-13261,0.00885,0.26162
CVE-2019-13262,0.00885,0.26162
CVE-2019-13263,0.00885,0.26162
CVE-2019-13264,0.00885,0.26162
CVE-2019-13265,0.00885,0.26162
CVE-2019-13266,0.00885,0.26162
CVE-2019-13267,0.00885,0.26162
CVE-2019-13268,0.00885,0.26162
CVE-2019-13269,0.00885,0.26162
CVE-2019-1327,0.02034,0.78528
CVE-2019-13270,0.00885,0.26162
CVE-2019-13271,0.00885,0.26162
CVE-2019-13273,0.00885,0.26162
CVE-2019-13274,0.00885,0.26162
CVE-2019-13275,0.00954,0.34522
CVE-2019-13276,0.01086,0.51674
CVE-2019-13277,0.00885,0.26162
CVE-2019-13278,0.02055,0.7893
CVE-2019-13279,0.01086,0.51674
CVE-2019-1328,0.0115,0.5906
CVE-2019-13280,0.01086,0.51674
CVE-2019-13281,0.01018,0.38792
CVE-2019-13282,0.01018,0.38792
CVE-2019-13283,0.01018,0.38792
CVE-2019-13285,0.00885,0.26162
CVE-2019-13286,0.01018,0.38792
CVE-2019-13287,0.00885,0.26162
CVE-2019-13288,0.01055,0.50287
CVE-2019-13289,0.00885,0.26162
CVE-2019-1329,0.0115,0.5906
CVE-2019-13290,0.05786,0.8994
CVE-2019-13291,0.00885,0.26162
CVE-2019-13292,0.01564,0.74439
CVE-2019-13294,0.0508,0.89022
CVE-2019-13295,0.01183,0.60428
CVE-2019-13296,0.00954,0.34522
CVE-2019-13297,0.01183,0.60428
CVE-2019-13298,0.00954,0.34522
CVE-2019-13299,0.00954,0.34522
CVE-2019-1330,0.0115,0.5906
CVE-2019-13300,0.01108,0.53389
CVE-2019-13301,0.01108,0.53389
CVE-2019-13302,0.00954,0.34522
CVE-2019-13303,0.00954,0.34522
CVE-2019-13304,0.01183,0.60428
CVE-2019-13305,0.01183,0.60428
CVE-2019-13306,0.01108,0.53389
CVE-2019-13307,0.01108,0.53389
CVE-2019-13308,0.01108,0.53389
CVE-2019-13309,0.01108,0.53389
CVE-2019-1331,0.02034,0.78528
CVE-2019-13310,0.01018,0.38792
CVE-2019-13311,0.01108,0.53389
CVE-2019-13312,0.01018,0.38792
CVE-2019-13313,0.01282,0.67298
CVE-2019-13314,0.01034,0.39824
CVE-2019-13315,0.01005,0.36332
CVE-2019-13316,0.01005,0.36332
CVE-2019-13317,0.01005,0.36332
CVE-2019-13318,0.01321,0.70521
CVE-2019-13319,0.01321,0.70521
CVE-2019-1332,0.03083,0.82987
CVE-2019-13320,0.01321,0.70521
CVE-2019-13321,0.01036,0.41241
CVE-2019-13322,0.01156,0.60033
CVE-2019-13323,0.01321,0.70521
CVE-2019-13324,0.01321,0.70521
CVE-2019-13325,0.01321,0.70521
CVE-2019-13326,0.01321,0.70521
CVE-2019-13327,0.01321,0.70521
CVE-2019-13328,0.01321,0.70521
CVE-2019-13329,0.01321,0.70521
CVE-2019-1333,0.02034,0.78528
CVE-2019-13330,0.01321,0.70521
CVE-2019-13331,0.01321,0.70521
CVE-2019-13332,0.01321,0.70521
CVE-2019-13333,0.01103,0.51945
CVE-2019-13334,0.01103,0.51945
CVE-2019-13335,0.00954,0.34522
CVE-2019-13336,0.01136,0.57949
CVE-2019-13337,0.00885,0.26162
CVE-2019-13338,0.01055,0.50287
CVE-2019-13339,0.00885,0.26162
CVE-2019-1334,0.0115,0.5906
CVE-2019-13340,0.00885,0.26162
CVE-2019-13341,0.00885,0.26162
CVE-2019-13343,0.01018,0.38792
CVE-2019-13344,0.08382,0.93597
CVE-2019-13345,0.02686,0.82061
CVE-2019-13346,0.02173,0.80027
CVE-2019-13347,0.00885,0.26162
CVE-2019-1335,0.02034,0.78528
CVE-2019-13351,0.00885,0.26162
CVE-2019-13352,0.00954,0.34522
CVE-2019-13354,0.02509,0.81058
CVE-2019-13355,0.00885,0.26162
CVE-2019-13356,0.00885,0.26162
CVE-2019-13357,0.01005,0.36332
CVE-2019-13358,0.01213,0.6557
CVE-2019-13359,0.07308,0.9216
CVE-2019-1336,0.0115,0.5906
CVE-2019-13360,0.01055,0.50287
CVE-2019-13362,0.00885,0.26162
CVE-2019-13363,0.01018,0.38792
CVE-2019-13364,0.01018,0.38792
CVE-2019-1337,0.0115,0.5906
CVE-2019-13370,0.00885,0.26162
CVE-2019-13372,0.38796,0.97911
CVE-2019-13373,0.33212,0.9756
CVE-2019-13374,0.01136,0.57949
CVE-2019-13375,0.00954,0.34522
CVE-2019-13376,0.00885,0.26162
CVE-2019-13377,0.01108,0.53389
CVE-2019-13379,0.0089,0.2856
CVE-2019-1338,0.0276,0.82138
CVE-2019-13380,0.00885,0.26162
CVE-2019-13382,0.00954,0.34522
CVE-2019-13383,0.08382,0.93597
CVE-2019-13385,0.0089,0.2856
CVE-2019-13386,0.0089,0.2856
CVE-2019-13387,0.00954,0.34522
CVE-2019-13389,0.00885,0.26162
CVE-2019-1339,0.0115,0.5906
CVE-2019-13390,0.01108,0.53389
CVE-2019-13391,0.01108,0.53389
CVE-2019-13392,0.00954,0.34522
CVE-2019-13393,0.00885,0.26162
CVE-2019-13394,0.00885,0.26162
CVE-2019-13395,0.00885,0.26162
CVE-2019-13396,0.07571,0.92534
CVE-2019-13397,0.01055,0.50287
CVE-2019-13398,0.01055,0.50287
CVE-2019-13399,0.00885,0.26162
CVE-2019-1340,0.0115,0.5906
CVE-2019-13400,0.00885,0.26162
CVE-2019-13401,0.00885,0.26162
CVE-2019-13402,0.00885,0.26162
CVE-2019-13403,0.00885,0.26162
CVE-2019-13405,0.00954,0.34522
CVE-2019-13406,0.00954,0.34522
CVE-2019-13407,0.00954,0.34522
CVE-2019-13408,0.00954,0.34522
CVE-2019-13409,0.00885,0.26162
CVE-2019-1341,0.0115,0.5906
CVE-2019-13410,0.00885,0.26162
CVE-2019-13411,0.00885,0.26162
CVE-2019-13412,0.00885,0.26162
CVE-2019-13413,0.00954,0.34522
CVE-2019-13414,0.00954,0.34522
CVE-2019-13415,0.00885,0.26162
CVE-2019-13416,0.00885,0.26162
CVE-2019-13417,0.00885,0.26162
CVE-2019-13418,0.00885,0.26162
CVE-2019-13419,0.00885,0.26162
CVE-2019-1342,0.0115,0.5906
CVE-2019-13420,0.00885,0.26162
CVE-2019-13421,0.0089,0.2856
CVE-2019-13422,0.00885,0.26162
CVE-2019-13423,0.00885,0.26162
CVE-2019-1343,0.20618,0.96296
CVE-2019-1344,0.01909,0.76503
CVE-2019-13445,0.00954,0.34522
CVE-2019-13447,0.00885,0.26162
CVE-2019-13448,0.00885,0.26162
CVE-2019-13449,0.01213,0.6557
CVE-2019-1345,0.01909,0.76503
CVE-2019-13450,0.01408,0.72072
CVE-2019-13451,0.00954,0.34522
CVE-2019-13452,0.00954,0.34522
CVE-2019-13453,0.01018,0.38792
CVE-2019-13454,0.01183,0.60428
CVE-2019-13455,0.00954,0.34522
CVE-2019-13456,0.01018,0.38792
CVE-2019-13457,0.0095,0.30554
CVE-2019-13458,0.01034,0.39824
CVE-2019-1346,0.20618,0.96296
CVE-2019-13461,0.00885,0.26162
CVE-2019-13462,0.00885,0.26162
CVE-2019-13463,0.01055,0.50287
CVE-2019-13464,0.00885,0.26162
CVE-2019-13465,0.00885,0.26162
CVE-2019-13466,0.00885,0.26162
CVE-2019-13467,0.00885,0.26162
CVE-2019-1347,0.20618,0.96296
CVE-2019-13470,0.00885,0.26162
CVE-2019-13472,0.00885,0.26162
CVE-2019-13473,0.00885,0.26162
CVE-2019-13474,0.00885,0.26162
CVE-2019-13475,0.01055,0.50287
CVE-2019-13476,0.00885,0.26162
CVE-2019-13477,0.00885,0.26162
CVE-2019-13478,0.00885,0.26162
CVE-2019-1348,0.01104,0.52279
CVE-2019-13481,0.02055,0.7893
CVE-2019-13482,0.02055,0.7893
CVE-2019-13483,0.00885,0.26162
CVE-2019-13484,0.00954,0.34522
CVE-2019-13485,0.00954,0.34522
CVE-2019-13486,0.00954,0.34522
CVE-2019-13488,0.01055,0.50287
CVE-2019-13489,0.00885,0.26162
CVE-2019-1349,0.33378,0.97564
CVE-2019-13493,0.02192,0.80195
CVE-2019-13494,0.02362,0.80685
CVE-2019-13495,0.01055,0.50287
CVE-2019-1350,0.33378,0.97564
CVE-2019-13503,0.00885,0.26162
CVE-2019-13504,0.01018,0.38792
CVE-2019-13505,0.00954,0.34522
CVE-2019-13507,0.01564,0.74439
CVE-2019-13508,0.00885,0.26162
CVE-2019-13509,0.01183,0.60428
CVE-2019-13510,0.02378,0.80704
CVE-2019-13511,0.01108,0.53389
CVE-2019-13512,0.00885,0.26162
CVE-2019-13513,0.05786,0.8994
CVE-2019-13514,0.01611,0.74874
CVE-2019-13515,0.00885,0.26162
CVE-2019-13516,0.00885,0.26162
CVE-2019-13517,0.00885,0.26162
CVE-2019-13518,0.01036,0.41241
CVE-2019-13519,0.00885,0.26162
CVE-2019-1352,0.33378,0.97564
CVE-2019-13520,0.01559,0.742
CVE-2019-13521,0.00885,0.26162
CVE-2019-13522,0.01036,0.41241
CVE-2019-13523,0.01055,0.50287
CVE-2019-13524,0.00885,0.26162
CVE-2019-13525,0.01055,0.50287
CVE-2019-13526,0.01086,0.51674
CVE-2019-13527,0.00885,0.26162
CVE-2019-13528,0.00885,0.26162
CVE-2019-13529,0.08382,0.93597
CVE-2019-1353,0.01018,0.38792
CVE-2019-13530,0.00885,0.26162
CVE-2019-13531,0.00885,0.26162
CVE-2019-13532,0.00885,0.26162
CVE-2019-13533,0.00885,0.26162
CVE-2019-13534,0.00885,0.26162
CVE-2019-13535,0.00885,0.26162
CVE-2019-13536,0.01036,0.41241
CVE-2019-13537,0.00885,0.26162
CVE-2019-13538,0.00885,0.26162
CVE-2019-13539,0.00885,0.26162
CVE-2019-1354,0.32096,0.97489
CVE-2019-13540,0.01036,0.41241
CVE-2019-13541,0.01005,0.36332
CVE-2019-13542,0.00885,0.26162
CVE-2019-13543,0.00885,0.26162
CVE-2019-13544,0.01103,0.51945
CVE-2019-13545,0.01005,0.36332
CVE-2019-13546,0.00885,0.26162
CVE-2019-13547,0.00885,0.26162
CVE-2019-13548,0.01156,0.60033
CVE-2019-13549,0.00885,0.26162
CVE-2019-13550,0.01156,0.60033
CVE-2019-13551,0.02509,0.81058
CVE-2019-13552,0.01156,0.60033
CVE-2019-13553,0.00885,0.26162
CVE-2019-13554,0.00885,0.26162
CVE-2019-13555,0.01055,0.50287
CVE-2019-13556,0.01156,0.60033
CVE-2019-13557,0.01055,0.50287
CVE-2019-13558,0.01156,0.60033
CVE-2019-13559,0.00885,0.26162
CVE-2019-1356,0.02632,0.81366
CVE-2019-13560,0.01136,0.57949
CVE-2019-13561,0.01136,0.57949
CVE-2019-13562,0.00954,0.34522
CVE-2019-13563,0.00954,0.34522
CVE-2019-13564,0.01018,0.38792
CVE-2019-13565,0.04714,0.88666
CVE-2019-13566,0.02398,0.80734
CVE-2019-13567,0.05786,0.8994
CVE-2019-13568,0.00954,0.34522
CVE-2019-13569,0.01055,0.50287
CVE-2019-1357,0.02632,0.81366
CVE-2019-13570,0.00885,0.26162
CVE-2019-13571,0.01319,0.70416
CVE-2019-13572,0.00954,0.34522
CVE-2019-13573,0.01213,0.6557
CVE-2019-13575,0.01213,0.6557
CVE-2019-13577,0.08382,0.93597
CVE-2019-13578,0.01213,0.6557
CVE-2019-1358,0.01941,0.77142
CVE-2019-13581,0.01885,0.76424
CVE-2019-13582,0.01086,0.51674
CVE-2019-13584,0.00954,0.34522
CVE-2019-13585,0.00954,0.34522
CVE-2019-13588,0.01136,0.57949
CVE-2019-13589,0.02509,0.81058
CVE-2019-1359,0.01941,0.77142
CVE-2019-13590,0.00885,0.26162
CVE-2019-13594,0.00885,0.26162
CVE-2019-13597,0.0508,0.89022
CVE-2019-13598,0.01055,0.50287
CVE-2019-13599,0.00954,0.34522
CVE-2019-13602,0.03407,0.83908
CVE-2019-13603,0.00954,0.34522
CVE-2019-13604,0.00954,0.34522
CVE-2019-13605,0.01061,0.51015
CVE-2019-13607,0.00885,0.26162
CVE-2019-13608,0.00885,0.26162
CVE-2019-1361,0.03083,0.82987
CVE-2019-13611,0.00885,0.26162
CVE-2019-13612,0.00885,0.26162
CVE-2019-13613,0.01156,0.60033
CVE-2019-13614,0.01156,0.60033
CVE-2019-13615,0.01108,0.53389
CVE-2019-13616,0.02686,0.82061
CVE-2019-13617,0.00885,0.26162
CVE-2019-13618,0.00954,0.34522
CVE-2019-13619,0.01537,0.73595
CVE-2019-1362,0.01743,0.75237
CVE-2019-13623,0.04368,0.87437
CVE-2019-13624,0.00885,0.26162
CVE-2019-13625,0.00954,0.34522
CVE-2019-13626,0.01018,0.38792
CVE-2019-13627,0.01537,0.73595
CVE-2019-13628,0.0095,0.30554
CVE-2019-13629,0.01213,0.6557
CVE-2019-1363,0.0115,0.5906
CVE-2019-13631,0.02686,0.82061
CVE-2019-13635,0.01108,0.53389
CVE-2019-13636,0.01537,0.73595
CVE-2019-13637,0.00885,0.26162
CVE-2019-13638,0.03042,0.82854
CVE-2019-1364,0.01909,0.76503
CVE-2019-13640,0.06729,0.91198
CVE-2019-13643,0.01055,0.50287
CVE-2019-13644,0.00885,0.26162
CVE-2019-13645,0.00885,0.26162
CVE-2019-13646,0.00885,0.26162
CVE-2019-13647,0.00885,0.26162
CVE-2019-13648,0.01547,0.74085
CVE-2019-13649,0.02055,0.7893
CVE-2019-1365,0.00952,0.30555
CVE-2019-13650,0.02055,0.7893
CVE-2019-13651,0.02055,0.7893
CVE-2019-13652,0.02055,0.7893
CVE-2019-13653,0.02055,0.7893
CVE-2019-13655,0.01055,0.50287
CVE-2019-13656,0.05634,0.89764
CVE-2019-13657,0.01132,0.54372
CVE-2019-13658,0.01213,0.6557
CVE-2019-13659,0.01055,0.50287
CVE-2019-1366,0.02034,0.78528
CVE-2019-13660,0.01055,0.50287
CVE-2019-13661,0.01055,0.50287
CVE-2019-13662,0.01055,0.50287
CVE-2019-13663,0.01055,0.50287
CVE-2019-13664,0.01055,0.50287
CVE-2019-13665,0.01055,0.50287
CVE-2019-13666,0.01055,0.50287
CVE-2019-13667,0.01055,0.50287
CVE-2019-13668,0.01055,0.50287
CVE-2019-13669,0.01055,0.50287
CVE-2019-1367,0.02217,0.80415
CVE-2019-13670,0.01055,0.50287
CVE-2019-13671,0.01055,0.50287
CVE-2019-13672,0.01055,0.50287
CVE-2019-13673,0.01055,0.50287
CVE-2019-13674,0.01055,0.50287
CVE-2019-13675,0.01055,0.50287
CVE-2019-13676,0.01055,0.50287
CVE-2019-13677,0.01055,0.50287
CVE-2019-13678,0.01055,0.50287
CVE-2019-13679,0.01055,0.50287
CVE-2019-1368,0.02632,0.81366
CVE-2019-13680,0.01055,0.50287
CVE-2019-13681,0.01055,0.50287
CVE-2019-13682,0.01055,0.50287
CVE-2019-13683,0.01055,0.50287
CVE-2019-13684,0.01055,0.50287
CVE-2019-13685,0.01055,0.50287
CVE-2019-13686,0.01055,0.50287
CVE-2019-13687,0.01055,0.50287
CVE-2019-13688,0.01055,0.50287
CVE-2019-1369,0.0115,0.5906
CVE-2019-13691,0.01055,0.50287
CVE-2019-13692,0.01055,0.50287
CVE-2019-13693,0.01689,0.75137
CVE-2019-13694,0.01055,0.50287
CVE-2019-13695,0.01055,0.50287
CVE-2019-13696,0.01055,0.50287
CVE-2019-13697,0.01055,0.50287
CVE-2019-13698,0.01055,0.50287
CVE-2019-13699,0.01136,0.57949
CVE-2019-1370,0.0115,0.5906
CVE-2019-13700,0.01136,0.57949
CVE-2019-13701,0.01136,0.57949
CVE-2019-13702,0.00954,0.34522
CVE-2019-13703,0.01136,0.57949
CVE-2019-13704,0.01136,0.57949
CVE-2019-13705,0.00954,0.34522
CVE-2019-13706,0.01136,0.57949
CVE-2019-13707,0.00954,0.34522
CVE-2019-13708,0.01136,0.57949
CVE-2019-13709,0.01136,0.57949
CVE-2019-1371,0.02034,0.78528
CVE-2019-13710,0.01136,0.57949
CVE-2019-13711,0.01136,0.57949
CVE-2019-13713,0.01136,0.57949
CVE-2019-13714,0.01136,0.57949
CVE-2019-13715,0.01136,0.57949
CVE-2019-13716,0.01136,0.57949
CVE-2019-13717,0.01136,0.57949
CVE-2019-13718,0.01136,0.57949
CVE-2019-13719,0.01136,0.57949
CVE-2019-1372,0.05484,0.89516
CVE-2019-13721,0.01136,0.57949
CVE-2019-13722,0.01055,0.50287
CVE-2019-13723,0.01319,0.70416
CVE-2019-13724,0.01319,0.70416
CVE-2019-13725,0.0767,0.92609
CVE-2019-13726,0.0767,0.92609
CVE-2019-13727,0.01955,0.77585
CVE-2019-13728,0.01955,0.77585
CVE-2019-13729,0.01955,0.77585
CVE-2019-1373,0.02034,0.78528
CVE-2019-13730,0.01955,0.77585
CVE-2019-13732,0.01955,0.77585
CVE-2019-13734,0.03932,0.8519
CVE-2019-13735,0.0767,0.92609
CVE-2019-13736,0.01955,0.77585
CVE-2019-13737,0.01955,0.77585
CVE-2019-13738,0.01955,0.77585
CVE-2019-13739,0.01955,0.77585
CVE-2019-1374,0.02632,0.81366
CVE-2019-13740,0.01955,0.77585
CVE-2019-13741,0.01537,0.73595
CVE-2019-13742,0.01955,0.77585
CVE-2019-13743,0.01955,0.77585
CVE-2019-13744,0.01955,0.77585
CVE-2019-13745,0.01955,0.77585
CVE-2019-13746,0.01955,0.77585
CVE-2019-13747,0.01955,0.77585
CVE-2019-13748,0.01537,0.73595
CVE-2019-13749,0.01955,0.77585
CVE-2019-1375,0.0115,0.5906
CVE-2019-13750,0.01955,0.77585
CVE-2019-13751,0.01955,0.77585
CVE-2019-13752,0.01955,0.77585
CVE-2019-13753,0.01955,0.77585
CVE-2019-13754,0.01955,0.77585
CVE-2019-13755,0.01955,0.77585
CVE-2019-13756,0.01955,0.77585
CVE-2019-13757,0.01955,0.77585
CVE-2019-13758,0.01955,0.77585
CVE-2019-13759,0.01955,0.77585
CVE-2019-1376,0.0115,0.5906
CVE-2019-13761,0.01955,0.77585
CVE-2019-13762,0.01282,0.67298
CVE-2019-13763,0.01955,0.77585
CVE-2019-13765,0.01055,0.50287
CVE-2019-13766,0.01055,0.50287
CVE-2019-13767,0.01408,0.72072
CVE-2019-1378,0.0115,0.5906
CVE-2019-1379,0.0115,0.5906
CVE-2019-1380,0.01178,0.60108
CVE-2019-1381,0.0115,0.5906
CVE-2019-1382,0.0115,0.5906
CVE-2019-1383,0.0115,0.5906
CVE-2019-1384,0.0115,0.5906
CVE-2019-1387,0.0767,0.92609
CVE-2019-1389,0.02036,0.7853
CVE-2019-1390,0.02034,0.78528
CVE-2019-1391,0.0115,0.5906
CVE-2019-13915,0.00885,0.26162
CVE-2019-13916,0.00885,0.26162
CVE-2019-13918,0.00885,0.26162
CVE-2019-13919,0.00885,0.26162
CVE-2019-1392,0.0115,0.5906
CVE-2019-13920,0.00885,0.26162
CVE-2019-13921,0.00885,0.26162
CVE-2019-13922,0.00885,0.26162
CVE-2019-13923,0.00885,0.26162
CVE-2019-13924,0.00885,0.26162
CVE-2019-13925,0.00885,0.26162
CVE-2019-13926,0.00885,0.26162
CVE-2019-13927,0.00885,0.26162
CVE-2019-13929,0.01055,0.50287
CVE-2019-1393,0.01178,0.60108
CVE-2019-13930,0.00885,0.26162
CVE-2019-13931,0.00885,0.26162
CVE-2019-13932,0.00885,0.26162
CVE-2019-13933,0.00885,0.26162
CVE-2019-13934,0.00885,0.26162
CVE-2019-13935,0.00885,0.26162
CVE-2019-13936,0.00885,0.26162
CVE-2019-13939,0.00954,0.34522
CVE-2019-1394,0.01178,0.60108
CVE-2019-13940,0.00885,0.26162
CVE-2019-13941,0.01055,0.50287
CVE-2019-13942,0.00885,0.26162
CVE-2019-13943,0.00885,0.26162
CVE-2019-13944,0.00885,0.26162
CVE-2019-13945,0.00885,0.26162
CVE-2019-13946,0.00885,0.26162
CVE-2019-13947,0.00885,0.26162
CVE-2019-13948,0.00885,0.26162
CVE-2019-13949,0.00885,0.26162
CVE-2019-1395,0.01178,0.60108
CVE-2019-13950,0.00885,0.26162
CVE-2019-13951,0.00885,0.26162
CVE-2019-13952,0.00885,0.26162
CVE-2019-13953,0.00885,0.26162
CVE-2019-13954,0.01055,0.50287
CVE-2019-13955,0.01055,0.50287
CVE-2019-13956,0.01055,0.50287
CVE-2019-13957,0.00885,0.26162
CVE-2019-13959,0.00885,0.26162
CVE-2019-1396,0.01178,0.60108
CVE-2019-13960,0.00885,0.26162
CVE-2019-13961,0.00885,0.26162
CVE-2019-13962,0.02686,0.82061
CVE-2019-13965,0.01689,0.75137
CVE-2019-13966,0.00885,0.26162
CVE-2019-13967,0.01055,0.50287
CVE-2019-13969,0.00885,0.26162
CVE-2019-1397,0.02036,0.7853
CVE-2019-13970,0.02509,0.81058
CVE-2019-13971,0.00885,0.26162
CVE-2019-13972,0.00885,0.26162
CVE-2019-13973,0.00885,0.26162
CVE-2019-13974,0.00885,0.26162
CVE-2019-13975,0.00885,0.26162
CVE-2019-13976,0.00885,0.26162
CVE-2019-13977,0.02192,0.80195
CVE-2019-13978,0.00885,0.26162
CVE-2019-13979,0.01689,0.75137
CVE-2019-1398,0.02036,0.7853
CVE-2019-13980,0.01156,0.60033
CVE-2019-13981,0.01055,0.50287
CVE-2019-13982,0.00885,0.26162
CVE-2019-13983,0.00885,0.26162
CVE-2019-13984,0.00885,0.26162
CVE-2019-13989,0.00885,0.26162
CVE-2019-1399,0.0115,0.5906
CVE-2019-13990,0.05242,0.89216
CVE-2019-13991,0.01055,0.50287
CVE-2019-13992,0.00885,0.26162
CVE-2019-13994,0.00885,0.26162
CVE-2019-13995,0.00885,0.26162
CVE-2019-13998,0.00885,0.26162
CVE-2019-13999,0.00885,0.26162
CVE-2019-1400,0.0115,0.5906
CVE-2019-14000,0.00885,0.26162
CVE-2019-14001,0.00885,0.26162
CVE-2019-14002,0.00885,0.26162
CVE-2019-14003,0.00885,0.26162
CVE-2019-14004,0.00885,0.26162
CVE-2019-14005,0.00885,0.26162
CVE-2019-14006,0.00885,0.26162
CVE-2019-14007,0.00885,0.26162
CVE-2019-14008,0.00885,0.26162
CVE-2019-14009,0.00885,0.26162
CVE-2019-14010,0.00885,0.26162
CVE-2019-14011,0.00885,0.26162
CVE-2019-14012,0.00885,0.26162
CVE-2019-14013,0.00885,0.26162
CVE-2019-14014,0.00885,0.26162
CVE-2019-14015,0.00885,0.26162
CVE-2019-14016,0.00885,0.26162
CVE-2019-14017,0.00885,0.26162
CVE-2019-14018,0.00885,0.26162
CVE-2019-14019,0.00885,0.26162
CVE-2019-1402,0.0115,0.5906
CVE-2019-14020,0.00885,0.26162
CVE-2019-14021,0.00885,0.26162
CVE-2019-14022,0.00885,0.26162
CVE-2019-14023,0.00885,0.26162
CVE-2019-14024,0.00885,0.26162
CVE-2019-14025,0.00885,0.26162
CVE-2019-14026,0.00885,0.26162
CVE-2019-14027,0.00885,0.26162
CVE-2019-14028,0.00885,0.26162
CVE-2019-14029,0.00885,0.26162
CVE-2019-14030,0.00885,0.26162
CVE-2019-14031,0.00885,0.26162
CVE-2019-14032,0.00885,0.26162
CVE-2019-14033,0.00885,0.26162
CVE-2019-14034,0.00885,0.26162
CVE-2019-14036,0.00885,0.26162
CVE-2019-14037,0.00885,0.26162
CVE-2019-14038,0.00885,0.26162
CVE-2019-14039,0.00885,0.26162
CVE-2019-14042,0.00885,0.26162
CVE-2019-14043,0.00885,0.26162
CVE-2019-14044,0.00885,0.26162
CVE-2019-14045,0.00885,0.26162
CVE-2019-14046,0.00885,0.26162
CVE-2019-14047,0.00885,0.26162
CVE-2019-14048,0.00885,0.26162
CVE-2019-14049,0.00885,0.26162
CVE-2019-14050,0.00885,0.26162
CVE-2019-14051,0.00885,0.26162
CVE-2019-14052,0.00885,0.26162
CVE-2019-14053,0.00885,0.26162
CVE-2019-14054,0.00885,0.26162
CVE-2019-14055,0.00885,0.26162
CVE-2019-14056,0.00885,0.26162
CVE-2019-14057,0.00885,0.26162
CVE-2019-1406,0.01941,0.77142
CVE-2019-14060,0.00885,0.26162
CVE-2019-14061,0.00885,0.26162
CVE-2019-14062,0.00885,0.26162
CVE-2019-14063,0.00885,0.26162
CVE-2019-14065,0.00885,0.26162
CVE-2019-14066,0.00885,0.26162
CVE-2019-14067,0.00885,0.26162
CVE-2019-14068,0.00885,0.26162
CVE-2019-1407,0.0115,0.5906
CVE-2019-14070,0.00885,0.26162
CVE-2019-14071,0.00885,0.26162
CVE-2019-14072,0.00885,0.26162
CVE-2019-14073,0.00885,0.26162
CVE-2019-14074,0.00885,0.26162
CVE-2019-14075,0.00885,0.26162
CVE-2019-14076,0.00885,0.26162
CVE-2019-14077,0.00885,0.26162
CVE-2019-14078,0.00885,0.26162
CVE-2019-1408,0.01184,0.60433
CVE-2019-14080,0.00885,0.26162
CVE-2019-14081,0.00885,0.26162
CVE-2019-14082,0.00885,0.26162
CVE-2019-14083,0.00885,0.26162
CVE-2019-14085,0.00885,0.26162
CVE-2019-14086,0.00885,0.26162
CVE-2019-14087,0.00885,0.26162
CVE-2019-14088,0.00885,0.26162
CVE-2019-14089,0.00885,0.26162
CVE-2019-1409,0.0115,0.5906
CVE-2019-14091,0.00885,0.26162
CVE-2019-14092,0.00885,0.26162
CVE-2019-14093,0.00885,0.26162
CVE-2019-14094,0.00885,0.26162
CVE-2019-14095,0.00885,0.26162
CVE-2019-14097,0.00885,0.26162
CVE-2019-14098,0.00885,0.26162
CVE-2019-14099,0.00885,0.26162
CVE-2019-14100,0.00885,0.26162
CVE-2019-14101,0.00885,0.26162
CVE-2019-14104,0.00885,0.26162
CVE-2019-14105,0.00885,0.26162
CVE-2019-1411,0.03083,0.82987
CVE-2019-14110,0.00885,0.26162
CVE-2019-14111,0.00885,0.26162
CVE-2019-14112,0.00885,0.26162
CVE-2019-14113,0.00885,0.26162
CVE-2019-14114,0.00885,0.26162
CVE-2019-14115,0.00885,0.26162
CVE-2019-14116,0.00885,0.26162
CVE-2019-14117,0.00885,0.26162
CVE-2019-14119,0.00885,0.26162
CVE-2019-1412,0.01178,0.60108
CVE-2019-14122,0.00885,0.26162
CVE-2019-14123,0.00885,0.26162
CVE-2019-14124,0.00885,0.26162
CVE-2019-14127,0.00885,0.26162
CVE-2019-1413,0.02632,0.81366
CVE-2019-14130,0.00885,0.26162
CVE-2019-14131,0.00885,0.26162
CVE-2019-14132,0.00885,0.26162
CVE-2019-14134,0.00885,0.26162
CVE-2019-14135,0.00885,0.26162
CVE-2019-1414,0.0115,0.5906
CVE-2019-1415,0.00908,0.28614
CVE-2019-1416,0.0115,0.5906
CVE-2019-1417,0.0115,0.5906
CVE-2019-1418,0.0115,0.5906
CVE-2019-1419,0.05484,0.89516
CVE-2019-14192,0.00885,0.26162
CVE-2019-14193,0.00885,0.26162
CVE-2019-14194,0.00885,0.26162
CVE-2019-14195,0.00885,0.26162
CVE-2019-14196,0.00885,0.26162
CVE-2019-14197,0.00885,0.26162
CVE-2019-14198,0.00885,0.26162
CVE-2019-14199,0.00885,0.26162
CVE-2019-1420,0.0115,0.5906
CVE-2019-14200,0.00885,0.26162
CVE-2019-14201,0.00885,0.26162
CVE-2019-14202,0.00885,0.26162
CVE-2019-14203,0.00885,0.26162
CVE-2019-14204,0.00885,0.26162
CVE-2019-14206,0.01213,0.6557
CVE-2019-14207,0.00885,0.26162
CVE-2019-14208,0.00885,0.26162
CVE-2019-14209,0.00885,0.26162
CVE-2019-14210,0.00885,0.26162
CVE-2019-14211,0.00885,0.26162
CVE-2019-14212,0.00885,0.26162
CVE-2019-14213,0.00885,0.26162
CVE-2019-14214,0.00885,0.26162
CVE-2019-14215,0.00885,0.26162
CVE-2019-14216,0.00885,0.26162
CVE-2019-14221,0.02192,0.80195
CVE-2019-14222,0.01055,0.50287
CVE-2019-14223,0.00885,0.26162
CVE-2019-14224,0.01156,0.60033
CVE-2019-14225,0.00885,0.26162
CVE-2019-14226,0.00885,0.26162
CVE-2019-14227,0.00885,0.26162
CVE-2019-14228,0.00885,0.26162
CVE-2019-1423,0.01178,0.60108
CVE-2019-14230,0.01978,0.78447
CVE-2019-14231,0.01978,0.78447
CVE-2019-14232,0.01537,0.73595
CVE-2019-14233,0.01537,0.73595
CVE-2019-14234,0.01537,0.73595
CVE-2019-14235,0.01537,0.73595
CVE-2019-14236,0.01086,0.51674
CVE-2019-14237,0.01086,0.51674
CVE-2019-14238,0.00885,0.26162
CVE-2019-14239,0.00885,0.26162
CVE-2019-1424,0.02632,0.81366
CVE-2019-14240,0.00885,0.26162
CVE-2019-14241,0.01018,0.38792
CVE-2019-14242,0.00885,0.26162
CVE-2019-14243,0.01319,0.70416
CVE-2019-14245,0.0095,0.30554
CVE-2019-14246,0.0095,0.30554
CVE-2019-14247,0.01055,0.50287
CVE-2019-14248,0.00885,0.26162
CVE-2019-14249,0.00954,0.34522
CVE-2019-1425,0.02632,0.81366
CVE-2019-14250,0.01537,0.73595
CVE-2019-14251,0.00885,0.26162
CVE-2019-14252,0.00885,0.26162
CVE-2019-14253,0.00885,0.26162
CVE-2019-14254,0.00885,0.26162
CVE-2019-14255,0.01055,0.50287
CVE-2019-14257,0.01005,0.36332
CVE-2019-14258,0.00885,0.26162
CVE-2019-14259,0.01055,0.50287
CVE-2019-1426,0.02034,0.78528
CVE-2019-14260,0.01055,0.50287
CVE-2019-14261,0.01018,0.38792
CVE-2019-14262,0.00954,0.34522
CVE-2019-14266,0.00885,0.26162
CVE-2019-14267,0.02919,0.82469
CVE-2019-14268,0.00885,0.26162
CVE-2019-1427,0.02034,0.78528
CVE-2019-14270,0.00885,0.26162
CVE-2019-14271,0.01108,0.53389
CVE-2019-14272,0.0095,0.30554
CVE-2019-14273,0.01018,0.38792
CVE-2019-14274,0.01018,0.38792
CVE-2019-14275,0.01018,0.38792
CVE-2019-14276,0.0089,0.2856
CVE-2019-14277,0.12753,0.95373
CVE-2019-14278,0.00885,0.26162
CVE-2019-1428,0.02034,0.78528
CVE-2019-14280,0.08382,0.93597
CVE-2019-14281,0.02509,0.81058
CVE-2019-14282,0.02509,0.81058
CVE-2019-14283,0.02686,0.82061
CVE-2019-14284,0.02686,0.82061
CVE-2019-14286,0.00885,0.26162
CVE-2019-14288,0.00885,0.26162
CVE-2019-14289,0.00885,0.26162
CVE-2019-1429,0.48493000000000003,0.98506
CVE-2019-14290,0.00885,0.26162
CVE-2019-14291,0.00885,0.26162
CVE-2019-14292,0.00885,0.26162
CVE-2019-14293,0.00885,0.26162
CVE-2019-14294,0.00885,0.26162
CVE-2019-14295,0.01136,0.57949
CVE-2019-14296,0.01213,0.6557
CVE-2019-14297,0.02192,0.80195
CVE-2019-14298,0.02192,0.80195
CVE-2019-14299,0.00885,0.26162
CVE-2019-1430,0.05242,0.89154
CVE-2019-14300,0.02398,0.80734
CVE-2019-14301,0.00885,0.26162
CVE-2019-14302,0.00885,0.26162
CVE-2019-14303,0.00885,0.26162
CVE-2019-14304,0.00885,0.26162
CVE-2019-14305,0.02398,0.80734
CVE-2019-14306,0.00885,0.26162
CVE-2019-14307,0.02398,0.80734
CVE-2019-14308,0.02398,0.80734
CVE-2019-14309,0.00885,0.26162
CVE-2019-14310,0.00885,0.26162
CVE-2019-14312,0.07293,0.92107000000000006
CVE-2019-14313,0.01213,0.6557
CVE-2019-14315,0.01055,0.50287
CVE-2019-14317,0.01055,0.50287
CVE-2019-14318,0.01319,0.70416
CVE-2019-1432,0.03083,0.82987
CVE-2019-14323,0.00885,0.26162
CVE-2019-14327,0.00885,0.26162
CVE-2019-14328,0.08382,0.93597
CVE-2019-14329,0.00954,0.34522
CVE-2019-1433,0.0115,0.5906
CVE-2019-14330,0.00954,0.34522
CVE-2019-14331,0.00954,0.34522
CVE-2019-14332,0.0089,0.2856
CVE-2019-14333,0.0089,0.2856
CVE-2019-14334,0.0089,0.2856
CVE-2019-14335,0.00885,0.26162
CVE-2019-14336,0.0089,0.2856
CVE-2019-14337,0.0089,0.2856
CVE-2019-14338,0.00954,0.34522
CVE-2019-1434,0.0115,0.5906
CVE-2019-14343,0.02192,0.80195
CVE-2019-14344,0.00885,0.26162
CVE-2019-14345,0.08382,0.93597
CVE-2019-14346,0.08382,0.93597
CVE-2019-14347,0.07308,0.9216
CVE-2019-14348,0.01564,0.74439
CVE-2019-14349,0.00885,0.26162
CVE-2019-1435,0.0115,0.5906
CVE-2019-14350,0.00885,0.26162
CVE-2019-14351,0.00885,0.26162
CVE-2019-14352,0.00885,0.26162
CVE-2019-14353,0.00885,0.26162
CVE-2019-14354,0.00885,0.26162
CVE-2019-14355,0.00885,0.26162
CVE-2019-14356,0.00885,0.26162
CVE-2019-14357,0.00885,0.26162
CVE-2019-14358,0.00885,0.26162
CVE-2019-14359,0.00885,0.26162
CVE-2019-1436,0.0115,0.5906
CVE-2019-14360,0.00885,0.26162
CVE-2019-14362,0.01061,0.51015
CVE-2019-14363,0.01086,0.51674
CVE-2019-14364,0.00954,0.34522
CVE-2019-14365,0.00885,0.26162
CVE-2019-14366,0.00885,0.26162
CVE-2019-14367,0.00885,0.26162
CVE-2019-14368,0.00885,0.26162
CVE-2019-14369,0.00885,0.26162
CVE-2019-1437,0.0115,0.5906
CVE-2019-14370,0.00885,0.26162
CVE-2019-14371,0.00885,0.26162
CVE-2019-14372,0.00885,0.26162
CVE-2019-14373,0.00885,0.26162
CVE-2019-14378,0.16204,0.9591
CVE-2019-14379,0.07363,0.92241
CVE-2019-1438,0.0115,0.5906
CVE-2019-14380,0.00885,0.26162
CVE-2019-14381,0.00885,0.26162
CVE-2019-14382,0.00954,0.34522
CVE-2019-14383,0.00954,0.34522
CVE-2019-14386,0.00885,0.26162
CVE-2019-14387,0.00885,0.26162
CVE-2019-14388,0.00885,0.26162
CVE-2019-14389,0.00885,0.26162
CVE-2019-1439,0.02632,0.81366
CVE-2019-14390,0.00885,0.26162
CVE-2019-14391,0.00885,0.26162
CVE-2019-14392,0.01156,0.60033
CVE-2019-14393,0.01036,0.41241
CVE-2019-14394,0.00885,0.26162
CVE-2019-14395,0.00885,0.26162
CVE-2019-14396,0.00885,0.26162
CVE-2019-14397,0.00885,0.26162
CVE-2019-14398,0.01086,0.51674
CVE-2019-14399,0.00885,0.26162
CVE-2019-1440,0.0115,0.5906
CVE-2019-14400,0.00885,0.26162
CVE-2019-14401,0.01086,0.51674
CVE-2019-14402,0.00885,0.26162
CVE-2019-14403,0.00885,0.26162
CVE-2019-14404,0.00885,0.26162
CVE-2019-14405,0.01086,0.51674
CVE-2019-14406,0.00885,0.26162
CVE-2019-14407,0.00885,0.26162
CVE-2019-14408,0.00885,0.26162
CVE-2019-14409,0.00885,0.26162
CVE-2019-1441,0.05484,0.89516
CVE-2019-14410,0.00885,0.26162
CVE-2019-14411,0.00885,0.26162
CVE-2019-14412,0.00885,0.26162
CVE-2019-14413,0.00885,0.26162
CVE-2019-14414,0.00885,0.26162
CVE-2019-14415,0.0089,0.2856
CVE-2019-14416,0.02199,0.80273
CVE-2019-14417,0.02199,0.80273
CVE-2019-14418,0.0089,0.2856
CVE-2019-1442,0.02632,0.81366
CVE-2019-14422,0.0508,0.89022
CVE-2019-14423,0.01978,0.78447
CVE-2019-14424,0.01055,0.50287
CVE-2019-14427,0.02173,0.80027
CVE-2019-1443,0.0115,0.5906
CVE-2019-14430,0.01564,0.74439
CVE-2019-14431,0.01156,0.60033
CVE-2019-14432,0.01689,0.75137
CVE-2019-14433,0.01034,0.39824
CVE-2019-14437,0.01183,0.60428
CVE-2019-14438,0.01408,0.72072
CVE-2019-14439,0.02686,0.82061
CVE-2019-14441,0.01055,0.50287
CVE-2019-14442,0.00885,0.26162
CVE-2019-14443,0.01055,0.50287
CVE-2019-14444,0.01108,0.53389
CVE-2019-14449,0.00885,0.26162
CVE-2019-1445,0.02632,0.81366
CVE-2019-14451,0.01978,0.78447
CVE-2019-14452,0.01537,0.73595
CVE-2019-14453,0.00885,0.26162
CVE-2019-14454,0.00885,0.26162
CVE-2019-14456,0.00885,0.26162
CVE-2019-14457,0.00885,0.26162
CVE-2019-14458,0.00885,0.26162
CVE-2019-14459,0.01108,0.53389
CVE-2019-1446,0.02632,0.81366
CVE-2019-14462,0.01018,0.38792
CVE-2019-14463,0.01018,0.38792
CVE-2019-14464,0.01108,0.53389
CVE-2019-14465,0.00954,0.34522
CVE-2019-14466,0.01055,0.50287
CVE-2019-14467,0.04571,0.88388
CVE-2019-14468,0.00885,0.26162
CVE-2019-14469,0.00885,0.26162
CVE-2019-1447,0.02632,0.81366
CVE-2019-14471,0.00885,0.26162
CVE-2019-14472,0.00885,0.26162
CVE-2019-14473,0.00885,0.26162
CVE-2019-14474,0.00885,0.26162
CVE-2019-14475,0.00885,0.26162
CVE-2019-14476,0.00885,0.26162
CVE-2019-14477,0.00885,0.26162
CVE-2019-14478,0.00885,0.26162
CVE-2019-14479,0.01978,0.78447
CVE-2019-1448,0.05242,0.89154
CVE-2019-14480,0.00885,0.26162
CVE-2019-14481,0.00885,0.26162
CVE-2019-14482,0.01055,0.50287
CVE-2019-14483,0.00885,0.26162
CVE-2019-14486,0.00885,0.26162
CVE-2019-1449,0.02632,0.81366
CVE-2019-14491,0.01018,0.38792
CVE-2019-14492,0.01018,0.38792
CVE-2019-14493,0.00954,0.34522
CVE-2019-14494,0.01108,0.53389
CVE-2019-14495,0.00954,0.34522
CVE-2019-14496,0.01018,0.38792
CVE-2019-14497,0.01018,0.38792
CVE-2019-14498,0.01183,0.60428
CVE-2019-14510,0.0095,0.30554
CVE-2019-14511,0.01108,0.53389
CVE-2019-14512,0.01018,0.38792
CVE-2019-14513,0.00885,0.26162
CVE-2019-14516,0.00885,0.26162
CVE-2019-14517,0.00885,0.26162
CVE-2019-14518,0.0089,0.2856
CVE-2019-14521,0.01018,0.38792
CVE-2019-14523,0.01018,0.38792
CVE-2019-14524,0.01018,0.38792
CVE-2019-14525,0.0089,0.2856
CVE-2019-14526,0.00885,0.26162
CVE-2019-14527,0.00885,0.26162
CVE-2019-14528,0.00885,0.26162
CVE-2019-1453,0.02632,0.81366
CVE-2019-14531,0.00885,0.26162
CVE-2019-14532,0.01018,0.38792
CVE-2019-14533,0.01183,0.60428
CVE-2019-14534,0.01183,0.60428
CVE-2019-14535,0.01183,0.60428
CVE-2019-1454,0.0115,0.5906
CVE-2019-14541,0.00885,0.26162
CVE-2019-14544,0.00885,0.26162
CVE-2019-14546,0.0095,0.30554
CVE-2019-14547,0.0095,0.30554
CVE-2019-14548,0.0095,0.30554
CVE-2019-14549,0.0095,0.30554
CVE-2019-14550,0.0095,0.30554
CVE-2019-14551,0.01086,0.51674
CVE-2019-14553,0.00885,0.26162
CVE-2019-14556,0.00885,0.26162
CVE-2019-14557,0.00885,0.26162
CVE-2019-14558,0.00885,0.26162
CVE-2019-14559,0.00885,0.26162
CVE-2019-1456,0.05484,0.89516
CVE-2019-14562,0.00885,0.26162
CVE-2019-14563,0.00885,0.26162
CVE-2019-14565,0.00885,0.26162
CVE-2019-14566,0.00885,0.26162
CVE-2019-14568,0.00885,0.26162
CVE-2019-14569,0.00885,0.26162
CVE-2019-1457,0.02632,0.81366
CVE-2019-14570,0.00885,0.26162
CVE-2019-14574,0.00885,0.26162
CVE-2019-14575,0.00885,0.26162
CVE-2019-14584,0.00885,0.26162
CVE-2019-14586,0.00885,0.26162
CVE-2019-14587,0.00885,0.26162
CVE-2019-14590,0.00885,0.26162
CVE-2019-14591,0.00885,0.26162
CVE-2019-14596,0.00885,0.26162
CVE-2019-14598,0.00885,0.26162
CVE-2019-14599,0.00885,0.26162
CVE-2019-1460,0.0115,0.5906
CVE-2019-14600,0.00885,0.26162
CVE-2019-14601,0.00885,0.26162
CVE-2019-14602,0.00885,0.26162
CVE-2019-14603,0.00885,0.26162
CVE-2019-14604,0.00885,0.26162
CVE-2019-14605,0.00885,0.26162
CVE-2019-14607,0.0089,0.2856
CVE-2019-14608,0.00885,0.26162
CVE-2019-14609,0.00885,0.26162
CVE-2019-1461,0.02632,0.81366
CVE-2019-14610,0.00885,0.26162
CVE-2019-14611,0.00885,0.26162
CVE-2019-14612,0.00885,0.26162
CVE-2019-14613,0.00885,0.26162
CVE-2019-1462,0.05242,0.89154
CVE-2019-14620,0.00885,0.26162
CVE-2019-14625,0.00885,0.26162
CVE-2019-14626,0.00885,0.26162
CVE-2019-14629,0.00885,0.26162
CVE-2019-1463,0.0115,0.5906
CVE-2019-14630,0.00885,0.26162
CVE-2019-1464,0.02632,0.81366
CVE-2019-1465,0.03083,0.82987
CVE-2019-14652,0.00954,0.34522
CVE-2019-14653,0.00885,0.26162
CVE-2019-14654,0.01156,0.60033
CVE-2019-14656,0.00885,0.26162
CVE-2019-14657,0.01773,0.75668
CVE-2019-1466,0.03083,0.82987
CVE-2019-14662,0.00885,0.26162
CVE-2019-14663,0.00885,0.26162
CVE-2019-14664,0.01018,0.38792
CVE-2019-14665,0.00885,0.26162
CVE-2019-14666,0.00885,0.26162
CVE-2019-14667,0.00954,0.34522
CVE-2019-14668,0.00885,0.26162
CVE-2019-14669,0.00885,0.26162
CVE-2019-1467,0.02632,0.81366
CVE-2019-14670,0.00885,0.26162
CVE-2019-14671,0.00885,0.26162
CVE-2019-14672,0.00885,0.26162
CVE-2019-14678,0.00885,0.26162
CVE-2019-14679,0.00885,0.26162
CVE-2019-1468,0.05484,0.89516
CVE-2019-14680,0.00885,0.26162
CVE-2019-14681,0.00885,0.26162
CVE-2019-14682,0.00954,0.34522
CVE-2019-14683,0.0095,0.30554
CVE-2019-14684,0.00885,0.26162
CVE-2019-14685,0.0095,0.30554
CVE-2019-14686,0.00885,0.26162
CVE-2019-14687,0.00885,0.26162
CVE-2019-14688,0.00885,0.26162
CVE-2019-1469,0.0115,0.5906
CVE-2019-14690,0.00954,0.34522
CVE-2019-14691,0.00954,0.34522
CVE-2019-14692,0.00954,0.34522
CVE-2019-14693,0.01055,0.50287
CVE-2019-14694,0.00885,0.26162
CVE-2019-14695,0.01136,0.57949
CVE-2019-14697,0.00954,0.34522
CVE-2019-14698,0.05634,0.89764
CVE-2019-14699,0.05634,0.89764
CVE-2019-1470,0.0115,0.5906
CVE-2019-14700,0.00954,0.34522
CVE-2019-14701,0.00954,0.34522
CVE-2019-14702,0.00954,0.34522
CVE-2019-14703,0.00954,0.34522
CVE-2019-14704,0.00954,0.34522
CVE-2019-14705,0.0089,0.2856
CVE-2019-14706,0.00954,0.34522
CVE-2019-14707,0.04571,0.88388
CVE-2019-14708,0.05634,0.89764
CVE-2019-14709,0.00954,0.34522
CVE-2019-1471,0.02036,0.7853
CVE-2019-14711,0.00885,0.26162
CVE-2019-14712,0.00885,0.26162
CVE-2019-14713,0.00885,0.26162
CVE-2019-14715,0.00885,0.26162
CVE-2019-14716,0.00885,0.26162
CVE-2019-14717,0.00885,0.26162
CVE-2019-14718,0.01005,0.35949
CVE-2019-14719,0.01005,0.35949
CVE-2019-1472,0.0115,0.5906
CVE-2019-14721,0.0089,0.2856
CVE-2019-14722,0.0089,0.2856
CVE-2019-14723,0.0089,0.2856
CVE-2019-14724,0.00954,0.34522
CVE-2019-14725,0.0089,0.2856
CVE-2019-14726,0.0089,0.2856
CVE-2019-14727,0.0089,0.2856
CVE-2019-14728,0.0089,0.2856
CVE-2019-14729,0.0089,0.2856
CVE-2019-14730,0.0089,0.2856
CVE-2019-14731,0.00885,0.26162
CVE-2019-14732,0.00954,0.34522
CVE-2019-14733,0.00954,0.34522
CVE-2019-14734,0.00954,0.34522
CVE-2019-14737,0.02042,0.78565
CVE-2019-1474,0.0115,0.5906
CVE-2019-14743,0.0089,0.2856
CVE-2019-14744,0.02378,0.80704
CVE-2019-14746,0.00885,0.26162
CVE-2019-14747,0.00885,0.26162
CVE-2019-14748,0.02192,0.80195
CVE-2019-14749,0.08944,0.93724
CVE-2019-14750,0.08988,0.93729
CVE-2019-14752,0.00885,0.26162
CVE-2019-14753,0.00885,0.26162
CVE-2019-14754,0.00885,0.26162
CVE-2019-14755,0.0089,0.2856
CVE-2019-14756,0.00885,0.26162
CVE-2019-14757,0.00885,0.26162
CVE-2019-14758,0.00885,0.26162
CVE-2019-14759,0.00885,0.26162
CVE-2019-14760,0.00885,0.26162
CVE-2019-14761,0.00885,0.26162
CVE-2019-14763,0.01282,0.67298
CVE-2019-14765,0.00885,0.26162
CVE-2019-14766,0.00885,0.26162
CVE-2019-14767,0.00954,0.34522
CVE-2019-14768,0.02432,0.8082
CVE-2019-14769,0.00885,0.26162
CVE-2019-14770,0.00885,0.26162
CVE-2019-14771,0.01086,0.51674
CVE-2019-14772,0.00885,0.26162
CVE-2019-14773,0.00885,0.26162
CVE-2019-14774,0.00885,0.26162
CVE-2019-14776,0.01183,0.60428
CVE-2019-14777,0.01183,0.60428
CVE-2019-14778,0.01183,0.60428
CVE-2019-1478,0.0115,0.5906
CVE-2019-14782,0.00885,0.26162
CVE-2019-14783,0.0089,0.2856
CVE-2019-14784,0.00885,0.26162
CVE-2019-14785,0.00885,0.26162
CVE-2019-14786,0.0089,0.2856
CVE-2019-14787,0.0089,0.2856
CVE-2019-14788,0.02199,0.80273
CVE-2019-14789,0.00885,0.26162
CVE-2019-14790,0.00954,0.34522
CVE-2019-14791,0.00954,0.34522
CVE-2019-14792,0.0089,0.2856
CVE-2019-14793,0.00885,0.26162
CVE-2019-14794,0.00885,0.26162
CVE-2019-14795,0.0089,0.2856
CVE-2019-14796,0.0089,0.2856
CVE-2019-14797,0.00885,0.26162
CVE-2019-14798,0.0089,0.2856
CVE-2019-14799,0.00954,0.34522
CVE-2019-1480,0.03083,0.82987
CVE-2019-14800,0.00885,0.26162
CVE-2019-14801,0.00885,0.26162
CVE-2019-14804,0.02192,0.80195
CVE-2019-14805,0.00885,0.26162
CVE-2019-14806,0.01018,0.38792
CVE-2019-14807,0.00885,0.26162
CVE-2019-14808,0.00954,0.34522
CVE-2019-14809,0.02686,0.82061
CVE-2019-1481,0.03083,0.82987
CVE-2019-14810,0.00885,0.26162
CVE-2019-14811,0.01537,0.73595
CVE-2019-14812,0.01108,0.53389
CVE-2019-14813,0.02686,0.82061
CVE-2019-14814,0.01864,0.7628
CVE-2019-14815,0.01282,0.67298
CVE-2019-14816,0.01864,0.7628
CVE-2019-14817,0.02686,0.82061
CVE-2019-14818,0.01183,0.60428
CVE-2019-14819,0.00885,0.26162
CVE-2019-14820,0.00885,0.26162
CVE-2019-14821,0.01547,0.74085
CVE-2019-14822,0.0095,0.30554
CVE-2019-14823,0.01108,0.53389
CVE-2019-14824,0.0095,0.30554
CVE-2019-14825,0.00885,0.26162
CVE-2019-14826,0.00885,0.26162
CVE-2019-14827,0.00885,0.26162
CVE-2019-14828,0.00885,0.26162
CVE-2019-14829,0.00885,0.26162
CVE-2019-1483,0.00902,0.28567
CVE-2019-14831,0.00885,0.26162
CVE-2019-14832,0.00885,0.26162
CVE-2019-14833,0.01104,0.52279
CVE-2019-14834,0.01136,0.57949
CVE-2019-14835,0.01547,0.74085
CVE-2019-14836,0.00885,0.26162
CVE-2019-14837,0.00954,0.34522
CVE-2019-14838,0.01282,0.67298
CVE-2019-14839,0.00885,0.26162
CVE-2019-1484,0.01941,0.77142
CVE-2019-14842,0.0144,0.7265
CVE-2019-14843,0.00885,0.26162
CVE-2019-14844,0.01319,0.70416
CVE-2019-14845,0.00954,0.34522
CVE-2019-14846,0.01282,0.67298
CVE-2019-14847,0.01034,0.39824
CVE-2019-14849,0.00885,0.26162
CVE-2019-1485,0.02034,0.78528
CVE-2019-14850,0.00885,0.26162
CVE-2019-14851,0.00885,0.26162
CVE-2019-14852,0.00885,0.26162
CVE-2019-14853,0.01018,0.38792
CVE-2019-14854,0.00885,0.26162
CVE-2019-14855,0.01018,0.38792
CVE-2019-14856,0.0095,0.30554
CVE-2019-14857,0.01108,0.53389
CVE-2019-14858,0.01104,0.52279
CVE-2019-14859,0.01018,0.38792
CVE-2019-1486,0.02632,0.81366
CVE-2019-14860,0.00885,0.26162
CVE-2019-14861,0.01282,0.67298
CVE-2019-14863,0.00885,0.26162
CVE-2019-14864,0.01034,0.39824
CVE-2019-14865,0.0089,0.2856
CVE-2019-14866,0.0089,0.2856
CVE-2019-14867,0.02945,0.82534
CVE-2019-14868,0.01132,0.54372
CVE-2019-14869,0.01537,0.73595
CVE-2019-1487,0.0115,0.5906
CVE-2019-14870,0.01282,0.67298
CVE-2019-14871,0.00885,0.26162
CVE-2019-14872,0.00885,0.26162
CVE-2019-14873,0.00885,0.26162
CVE-2019-14874,0.00885,0.26162
CVE-2019-14875,0.00885,0.26162
CVE-2019-14876,0.00885,0.26162
CVE-2019-14877,0.00885,0.26162
CVE-2019-14878,0.00885,0.26162
CVE-2019-14879,0.00885,0.26162
CVE-2019-1488,0.0115,0.5906
CVE-2019-14880,0.00885,0.26162
CVE-2019-14881,0.00885,0.26162
CVE-2019-14882,0.00885,0.26162
CVE-2019-14883,0.00885,0.26162
CVE-2019-14884,0.00885,0.26162
CVE-2019-14885,0.00885,0.26162
CVE-2019-14886,0.00885,0.26162
CVE-2019-14887,0.00954,0.34522
CVE-2019-14888,0.00954,0.34522
CVE-2019-14889,0.01282,0.67298
CVE-2019-1489,0.02632,0.81366
CVE-2019-14890,0.00885,0.26162
CVE-2019-14891,0.00885,0.26162
CVE-2019-14892,0.0433,0.87045
CVE-2019-14893,0.04611,0.88459
CVE-2019-14894,0.01156,0.60033
CVE-2019-14895,0.0364,0.8426
CVE-2019-14896,0.07124,0.9191
CVE-2019-14897,0.0364,0.8426
CVE-2019-14898,0.01034,0.39824
CVE-2019-14899,0.01547,0.74085
CVE-2019-1490,0.0115,0.5906
CVE-2019-14900,0.0089,0.2856
CVE-2019-14901,0.07124,0.9191
CVE-2019-14902,0.01282,0.67298
CVE-2019-14904,0.0095,0.30554
CVE-2019-14905,0.01174,0.60051
CVE-2019-14906,0.01086,0.51674
CVE-2019-14907,0.01537,0.73595
CVE-2019-14909,0.00885,0.26162
CVE-2019-14910,0.00885,0.26162
CVE-2019-14911,0.00885,0.26162
CVE-2019-14913,0.00885,0.26162
CVE-2019-14914,0.00885,0.26162
CVE-2019-14915,0.00885,0.26162
CVE-2019-14916,0.00885,0.26162
CVE-2019-14918,0.03084,0.82988
CVE-2019-14919,0.01036,0.41241
CVE-2019-14920,0.01086,0.51674
CVE-2019-14923,0.05164,0.89136
CVE-2019-14924,0.00954,0.34522
CVE-2019-14925,0.00885,0.26162
CVE-2019-14926,0.00885,0.26162
CVE-2019-14927,0.08382,0.93597
CVE-2019-14928,0.00885,0.26162
CVE-2019-14929,0.00885,0.26162
CVE-2019-14930,0.00885,0.26162
CVE-2019-14931,0.08382,0.93597
CVE-2019-14932,0.01055,0.50287
CVE-2019-14933,0.00885,0.26162
CVE-2019-14934,0.01108,0.53389
CVE-2019-14935,0.00885,0.26162
CVE-2019-14936,0.00885,0.26162
CVE-2019-14937,0.0089,0.2856
CVE-2019-14939,0.00885,0.26162
CVE-2019-14940,0.00885,0.26162
CVE-2019-14941,0.00885,0.26162
CVE-2019-14943,0.00954,0.34522
CVE-2019-14945,0.00885,0.26162
CVE-2019-14946,0.00885,0.26162
CVE-2019-14947,0.00885,0.26162
CVE-2019-14948,0.0089,0.2856
CVE-2019-14949,0.00885,0.26162
CVE-2019-14950,0.00885,0.26162
CVE-2019-14951,0.00885,0.26162
CVE-2019-14952,0.00885,0.26162
CVE-2019-14953,0.00885,0.26162
CVE-2019-14954,0.00885,0.26162
CVE-2019-14955,0.00885,0.26162
CVE-2019-14956,0.00885,0.26162
CVE-2019-14957,0.00885,0.26162
CVE-2019-14958,0.00885,0.26162
CVE-2019-14959,0.00885,0.26162
CVE-2019-14960,0.00885,0.26162
CVE-2019-14961,0.00885,0.26162
CVE-2019-14965,0.01108,0.53389
CVE-2019-14966,0.01034,0.39824
CVE-2019-14967,0.00954,0.34522
CVE-2019-14968,0.00885,0.26162
CVE-2019-14969,0.01036,0.41241
CVE-2019-14970,0.01408,0.72072
CVE-2019-14973,0.01537,0.73595
CVE-2019-14975,0.00885,0.26162
CVE-2019-14976,0.00885,0.26162
CVE-2019-14978,0.00885,0.26162
CVE-2019-14979,0.00885,0.26162
CVE-2019-14980,0.01108,0.53389
CVE-2019-14981,0.01537,0.73595
CVE-2019-14982,0.00954,0.34522
CVE-2019-14984,0.01156,0.60033
CVE-2019-14985,0.01156,0.60033
CVE-2019-14986,0.00885,0.26162
CVE-2019-14987,0.00885,0.26162
CVE-2019-14993,0.01018,0.38792
CVE-2019-14994,0.01213,0.6557
CVE-2019-14995,0.00954,0.34522
CVE-2019-14996,0.01055,0.50287
CVE-2019-14997,0.00885,0.26162
CVE-2019-14998,0.01055,0.50287
CVE-2019-14999,0.01055,0.50287
CVE-2019-15000,0.01136,0.57949
CVE-2019-15001,0.04571,0.88388
CVE-2019-15003,0.01136,0.57949
CVE-2019-15004,0.01136,0.57949
CVE-2019-15005,0.00885,0.26162
CVE-2019-15006,0.01018,0.38792
CVE-2019-15007,0.01055,0.50287
CVE-2019-15008,0.01055,0.50287
CVE-2019-15009,0.01055,0.50287
CVE-2019-15010,0.01156,0.60033
CVE-2019-15011,0.00885,0.26162
CVE-2019-15012,0.01156,0.60033
CVE-2019-15013,0.01055,0.50287
CVE-2019-15014,0.02055,0.7893
CVE-2019-15015,0.00885,0.26162
CVE-2019-15016,0.00885,0.26162
CVE-2019-15017,0.00885,0.26162
CVE-2019-15018,0.00885,0.26162
CVE-2019-15019,0.00885,0.26162
CVE-2019-15020,0.02055,0.7893
CVE-2019-15021,0.00885,0.26162
CVE-2019-15022,0.00885,0.26162
CVE-2019-15023,0.00885,0.26162
CVE-2019-15024,0.00885,0.26162
CVE-2019-15025,0.00885,0.26162
CVE-2019-15026,0.01183,0.60428
CVE-2019-15027,0.00885,0.26162
CVE-2019-15028,0.00885,0.26162
CVE-2019-15030,0.01104,0.52279
CVE-2019-15031,0.01034,0.39824
CVE-2019-15034,0.0095,0.30554
CVE-2019-15035,0.00885,0.26162
CVE-2019-15036,0.00885,0.26162
CVE-2019-15037,0.00885,0.26162
CVE-2019-15038,0.00885,0.26162
CVE-2019-15039,0.05365,0.89438
CVE-2019-15040,0.00885,0.26162
CVE-2019-15041,0.00885,0.26162
CVE-2019-15042,0.00885,0.26162
CVE-2019-15045,0.0176,0.7531
CVE-2019-15046,0.03479,0.84045
CVE-2019-15047,0.00885,0.26162
CVE-2019-15048,0.00885,0.26162
CVE-2019-15049,0.00885,0.26162
CVE-2019-15050,0.00885,0.26162
CVE-2019-15051,0.02055,0.7893
CVE-2019-15052,0.00954,0.34522
CVE-2019-15054,0.01055,0.50287
CVE-2019-15055,0.0095,0.30554
CVE-2019-15058,0.01108,0.53389
CVE-2019-15059,0.00885,0.26162
CVE-2019-15060,0.01978,0.78447
CVE-2019-15062,0.00885,0.26162
CVE-2019-15064,0.00885,0.26162
CVE-2019-15065,0.00885,0.26162
CVE-2019-15066,0.00885,0.26162
CVE-2019-15067,0.00885,0.26162
CVE-2019-15068,0.00885,0.26162
CVE-2019-15069,0.00885,0.26162
CVE-2019-15071,0.02945,0.82534
CVE-2019-15072,0.02762,0.82156
CVE-2019-15073,0.01108,0.53389
CVE-2019-15074,0.0144,0.7265
CVE-2019-15075,0.00885,0.26162
CVE-2019-15078,0.00885,0.26162
CVE-2019-15079,0.00885,0.26162
CVE-2019-15080,0.00885,0.26162
CVE-2019-15081,0.02192,0.80195
CVE-2019-15082,0.00885,0.26162
CVE-2019-15083,0.07947,0.92976
CVE-2019-15084,0.01832,0.76196
CVE-2019-15085,0.00885,0.26162
CVE-2019-15086,0.00885,0.26162
CVE-2019-15087,0.01978,0.78447
CVE-2019-15088,0.00885,0.26162
CVE-2019-15089,0.00885,0.26162
CVE-2019-15090,0.01282,0.67298
CVE-2019-15091,0.00885,0.26162
CVE-2019-15092,0.02924,0.82517
CVE-2019-15095,0.00885,0.26162
CVE-2019-15098,0.02686,0.82061
CVE-2019-15099,0.01537,0.73595
CVE-2019-15102,0.01156,0.60033
CVE-2019-15104,0.03022,0.82826
CVE-2019-15105,0.03022,0.82826
CVE-2019-15106,0.08382,0.93597
CVE-2019-15108,0.00885,0.26162
CVE-2019-15109,0.00885,0.26162
CVE-2019-15110,0.00885,0.26162
CVE-2019-15111,0.00885,0.26162
CVE-2019-15112,0.00885,0.26162
CVE-2019-15113,0.00885,0.26162
CVE-2019-15114,0.00885,0.26162
CVE-2019-15115,0.00885,0.26162
CVE-2019-15116,0.00885,0.26162
CVE-2019-15117,0.01547,0.74085
CVE-2019-15118,0.01547,0.74085
CVE-2019-15119,0.00885,0.26162
CVE-2019-15123,0.01978,0.78447
CVE-2019-15124,0.00885,0.26162
CVE-2019-15127,0.00885,0.26162
CVE-2019-15128,0.00885,0.26162
CVE-2019-15129,0.00885,0.26162
CVE-2019-15130,0.00885,0.26162
CVE-2019-15131,0.0144,0.7265
CVE-2019-15132,0.00885,0.26162
CVE-2019-15133,0.00885,0.26162
CVE-2019-15134,0.00885,0.26162
CVE-2019-15135,0.00885,0.26162
CVE-2019-15136,0.00885,0.26162
CVE-2019-15137,0.00885,0.26162
CVE-2019-15138,0.00885,0.26162
CVE-2019-15139,0.01537,0.73595
CVE-2019-15140,0.01408,0.72072
CVE-2019-15141,0.01018,0.38792
CVE-2019-15142,0.02686,0.82061
CVE-2019-15143,0.02686,0.82061
CVE-2019-15144,0.02686,0.82061
CVE-2019-15145,0.02686,0.82061
CVE-2019-15146,0.00885,0.26162
CVE-2019-15147,0.00885,0.26162
CVE-2019-15148,0.00885,0.26162
CVE-2019-15149,0.00885,0.26162
CVE-2019-15150,0.01108,0.53389
CVE-2019-15151,0.00954,0.34522
CVE-2019-15160,0.00885,0.26162
CVE-2019-15161,0.02686,0.82061
CVE-2019-15162,0.02686,0.82061
CVE-2019-15163,0.02686,0.82061
CVE-2019-15164,0.02686,0.82061
CVE-2019-15165,0.02686,0.82061
CVE-2019-15167,0.00885,0.26162
CVE-2019-15211,0.02686,0.82061
CVE-2019-15212,0.02686,0.82061
CVE-2019-15213,0.01108,0.53389
CVE-2019-15214,0.01282,0.67298
CVE-2019-15215,0.02686,0.82061
CVE-2019-15216,0.02686,0.82061
CVE-2019-15217,0.02686,0.82061
CVE-2019-15218,0.02686,0.82061
CVE-2019-15219,0.02686,0.82061
CVE-2019-15220,0.02686,0.82061
CVE-2019-15221,0.02686,0.82061
CVE-2019-15222,0.01108,0.53389
CVE-2019-15223,0.01108,0.53389
CVE-2019-15224,0.0144,0.7265
CVE-2019-15225,0.01055,0.50287
CVE-2019-15226,0.01136,0.57949
CVE-2019-15227,0.00885,0.26162
CVE-2019-15228,0.00885,0.26162
CVE-2019-15229,0.00885,0.26162
CVE-2019-15230,0.00885,0.26162
CVE-2019-15232,0.00885,0.26162
CVE-2019-15234,0.00885,0.26162
CVE-2019-15235,0.00885,0.26162
CVE-2019-15237,0.00885,0.26162
CVE-2019-15238,0.00885,0.26162
CVE-2019-15239,0.01282,0.67298
CVE-2019-15240,0.01036,0.41241
CVE-2019-15241,0.01036,0.41241
CVE-2019-15242,0.01036,0.41241
CVE-2019-15243,0.01036,0.41241
CVE-2019-15244,0.01036,0.41241
CVE-2019-15245,0.01036,0.41241
CVE-2019-15246,0.01036,0.41241
CVE-2019-15247,0.01036,0.41241
CVE-2019-15248,0.01036,0.41241
CVE-2019-15249,0.01036,0.41241
CVE-2019-15250,0.01036,0.41241
CVE-2019-15251,0.01036,0.41241
CVE-2019-15252,0.01036,0.41241
CVE-2019-15253,0.02437,0.80834
CVE-2019-15255,0.01055,0.50287
CVE-2019-15256,0.01055,0.50287
CVE-2019-15257,0.01055,0.50287
CVE-2019-15258,0.01055,0.50287
CVE-2019-15259,0.01055,0.50287
CVE-2019-15260,0.01055,0.50287
CVE-2019-15261,0.01055,0.50287
CVE-2019-15262,0.01055,0.50287
CVE-2019-15264,0.00885,0.26162
CVE-2019-15265,0.00885,0.26162
CVE-2019-15266,0.00885,0.26162
CVE-2019-15268,0.01055,0.50287
CVE-2019-15269,0.01055,0.50287
CVE-2019-15270,0.01055,0.50287
CVE-2019-15271,0.01055,0.50287
CVE-2019-15272,0.01055,0.50287
CVE-2019-15273,0.00885,0.26162
CVE-2019-15274,0.01005,0.35949
CVE-2019-15275,0.00885,0.26162
CVE-2019-15276,0.08078,0.93055
CVE-2019-15277,0.01036,0.41241
CVE-2019-15278,0.01055,0.50287
CVE-2019-15280,0.01055,0.50287
CVE-2019-15281,0.01055,0.50287
CVE-2019-15282,0.01055,0.50287
CVE-2019-15283,0.01036,0.41241
CVE-2019-15284,0.01036,0.41241
CVE-2019-15285,0.01036,0.41241
CVE-2019-15286,0.01036,0.41241
CVE-2019-15287,0.01036,0.41241
CVE-2019-15288,0.01055,0.50287
CVE-2019-15289,0.01055,0.50287
CVE-2019-15291,0.02686,0.82061
CVE-2019-15292,0.01537,0.73595
CVE-2019-15293,0.00885,0.26162
CVE-2019-15294,0.00885,0.26162
CVE-2019-15295,0.00885,0.26162
CVE-2019-15296,0.01018,0.38792
CVE-2019-15297,0.01916,0.76518
CVE-2019-15298,0.02066,0.78986
CVE-2019-15299,0.0089,0.2856
CVE-2019-15300,0.01034,0.39824
CVE-2019-15301,0.00885,0.26162
CVE-2019-15302,0.01055,0.50287
CVE-2019-15304,0.01018,0.38792
CVE-2019-15310,0.05634,0.89764
CVE-2019-15311,0.05634,0.89764
CVE-2019-15312,0.02509,0.81058
CVE-2019-15313,0.00885,0.26162
CVE-2019-15314,0.01055,0.50287
CVE-2019-15315,0.00885,0.26162
CVE-2019-15316,0.0095,0.30554
CVE-2019-15317,0.0089,0.2856
CVE-2019-15318,0.00885,0.26162
CVE-2019-15319,0.00885,0.26162
CVE-2019-15320,0.00885,0.26162
CVE-2019-15321,0.00885,0.26162
CVE-2019-15322,0.00885,0.26162
CVE-2019-15323,0.00885,0.26162
CVE-2019-15324,0.01978,0.78447
CVE-2019-15325,0.00885,0.26162
CVE-2019-15326,0.00885,0.26162
CVE-2019-15327,0.00885,0.26162
CVE-2019-15328,0.00885,0.26162
CVE-2019-15329,0.00885,0.26162
CVE-2019-15330,0.00885,0.26162
CVE-2019-15331,0.00885,0.26162
CVE-2019-15332,0.00885,0.26162
CVE-2019-15333,0.00885,0.26162
CVE-2019-15334,0.00885,0.26162
CVE-2019-15335,0.00885,0.26162
CVE-2019-15336,0.00885,0.26162
CVE-2019-15337,0.00885,0.26162
CVE-2019-15338,0.00885,0.26162
CVE-2019-15339,0.00885,0.26162
CVE-2019-15340,0.00885,0.26162
CVE-2019-15341,0.00885,0.26162
CVE-2019-15342,0.00885,0.26162
CVE-2019-15343,0.00885,0.26162
CVE-2019-15344,0.00885,0.26162
CVE-2019-15345,0.00885,0.26162
CVE-2019-15346,0.00885,0.26162
CVE-2019-15347,0.00885,0.26162
CVE-2019-15348,0.00885,0.26162
CVE-2019-15349,0.00885,0.26162
CVE-2019-15350,0.00885,0.26162
CVE-2019-15351,0.00885,0.26162
CVE-2019-15352,0.00885,0.26162
CVE-2019-15353,0.00885,0.26162
CVE-2019-15354,0.00885,0.26162
CVE-2019-15355,0.00885,0.26162
CVE-2019-15356,0.00885,0.26162
CVE-2019-15357,0.00885,0.26162
CVE-2019-15358,0.00885,0.26162
CVE-2019-15359,0.00885,0.26162
CVE-2019-15360,0.00885,0.26162
CVE-2019-15361,0.00885,0.26162
CVE-2019-15362,0.00885,0.26162
CVE-2019-15363,0.00885,0.26162
CVE-2019-15364,0.00885,0.26162
CVE-2019-15365,0.00885,0.26162
CVE-2019-15366,0.00885,0.26162
CVE-2019-15367,0.00885,0.26162
CVE-2019-15368,0.00885,0.26162
CVE-2019-15369,0.00885,0.26162
CVE-2019-15370,0.00885,0.26162
CVE-2019-15371,0.00885,0.26162
CVE-2019-15372,0.00885,0.26162
CVE-2019-15373,0.00885,0.26162
CVE-2019-15374,0.00885,0.26162
CVE-2019-15375,0.00885,0.26162
CVE-2019-15376,0.00885,0.26162
CVE-2019-15377,0.00885,0.26162
CVE-2019-15378,0.00885,0.26162
CVE-2019-15379,0.00885,0.26162
CVE-2019-15380,0.00885,0.26162
CVE-2019-15381,0.00885,0.26162
CVE-2019-15382,0.00885,0.26162
CVE-2019-15383,0.00885,0.26162
CVE-2019-15384,0.00885,0.26162
CVE-2019-15385,0.00885,0.26162
CVE-2019-15386,0.00885,0.26162
CVE-2019-15387,0.00885,0.26162
CVE-2019-15388,0.00885,0.26162
CVE-2019-15389,0.00885,0.26162
CVE-2019-15390,0.00885,0.26162
CVE-2019-15391,0.00885,0.26162
CVE-2019-15392,0.00885,0.26162
CVE-2019-15393,0.00885,0.26162
CVE-2019-15394,0.00885,0.26162
CVE-2019-15395,0.01036,0.41241
CVE-2019-15396,0.01036,0.41241
CVE-2019-15397,0.01036,0.41241
CVE-2019-15398,0.01036,0.41241
CVE-2019-15399,0.01036,0.41241
CVE-2019-15400,0.01036,0.41241
CVE-2019-15401,0.01036,0.41241
CVE-2019-15402,0.01036,0.41241
CVE-2019-15403,0.01036,0.41241
CVE-2019-15404,0.01036,0.41241
CVE-2019-15405,0.01036,0.41241
CVE-2019-15406,0.01036,0.41241
CVE-2019-15407,0.01036,0.41241
CVE-2019-15408,0.01036,0.41241
CVE-2019-15409,0.01036,0.41241
CVE-2019-15410,0.01036,0.41241
CVE-2019-15411,0.01036,0.41241
CVE-2019-15412,0.01036,0.41241
CVE-2019-15413,0.01036,0.41241
CVE-2019-15414,0.01036,0.41241
CVE-2019-15415,0.00885,0.26162
CVE-2019-15416,0.00885,0.26162
CVE-2019-15417,0.00885,0.26162
CVE-2019-15418,0.01036,0.41241
CVE-2019-15419,0.01036,0.41241
CVE-2019-15420,0.00885,0.26162
CVE-2019-15421,0.00885,0.26162
CVE-2019-15422,0.00885,0.26162
CVE-2019-15423,0.00885,0.26162
CVE-2019-15424,0.00885,0.26162
CVE-2019-15425,0.00885,0.26162
CVE-2019-15426,0.00885,0.26162
CVE-2019-15427,0.00885,0.26162
CVE-2019-15428,0.00885,0.26162
CVE-2019-15429,0.00885,0.26162
CVE-2019-1543,0.0472,0.88691
CVE-2019-15430,0.00885,0.26162
CVE-2019-15431,0.00885,0.26162
CVE-2019-15432,0.00885,0.26162
CVE-2019-15433,0.00885,0.26162
CVE-2019-15434,0.00885,0.26162
CVE-2019-15435,0.00885,0.26162
CVE-2019-15436,0.00885,0.26162
CVE-2019-15437,0.00885,0.26162
CVE-2019-15438,0.00885,0.26162
CVE-2019-15439,0.00885,0.26162
CVE-2019-15440,0.00885,0.26162
CVE-2019-15441,0.00885,0.26162
CVE-2019-15442,0.00885,0.26162
CVE-2019-15443,0.00885,0.26162
CVE-2019-15444,0.00885,0.26162
CVE-2019-15445,0.00885,0.26162
CVE-2019-15446,0.00885,0.26162
CVE-2019-15447,0.00885,0.26162
CVE-2019-15448,0.00885,0.26162
CVE-2019-15449,0.00885,0.26162
CVE-2019-15450,0.00885,0.26162
CVE-2019-15451,0.00885,0.26162
CVE-2019-15452,0.00885,0.26162
CVE-2019-15453,0.00885,0.26162
CVE-2019-15454,0.00885,0.26162
CVE-2019-15455,0.00885,0.26162
CVE-2019-15456,0.00885,0.26162
CVE-2019-15457,0.00885,0.26162
CVE-2019-15458,0.00885,0.26162
CVE-2019-15459,0.00885,0.26162
CVE-2019-15460,0.00885,0.26162
CVE-2019-15461,0.00885,0.26162
CVE-2019-15462,0.00885,0.26162
CVE-2019-15463,0.00885,0.26162
CVE-2019-15464,0.00885,0.26162
CVE-2019-15465,0.00885,0.26162
CVE-2019-15466,0.00885,0.26162
CVE-2019-15467,0.00885,0.26162
CVE-2019-15468,0.00885,0.26162
CVE-2019-15469,0.00885,0.26162
CVE-2019-1547,0.01547,0.74085
CVE-2019-15470,0.00885,0.26162
CVE-2019-15471,0.00885,0.26162
CVE-2019-15472,0.00885,0.26162
CVE-2019-15473,0.00885,0.26162
CVE-2019-15474,0.00885,0.26162
CVE-2019-15475,0.00885,0.26162
CVE-2019-15476,0.00885,0.26162
CVE-2019-15477,0.00885,0.26162
CVE-2019-15480,0.00885,0.26162
CVE-2019-15481,0.00885,0.26162
CVE-2019-15483,0.00885,0.26162
CVE-2019-15484,0.00885,0.26162
CVE-2019-15485,0.00885,0.26162
CVE-2019-15486,0.00885,0.26162
CVE-2019-15487,0.00885,0.26162
CVE-2019-15488,0.00885,0.26162
CVE-2019-15489,0.00885,0.26162
CVE-2019-1549,0.0472,0.88691
CVE-2019-15490,0.00885,0.26162
CVE-2019-15491,0.00885,0.26162
CVE-2019-15492,0.00885,0.26162
CVE-2019-15493,0.00885,0.26162
CVE-2019-15494,0.00885,0.26162
CVE-2019-15496,0.00885,0.26162
CVE-2019-15497,0.01055,0.50287
CVE-2019-15498,0.01055,0.50287
CVE-2019-15499,0.00885,0.26162
CVE-2019-15501,0.02173,0.80027
CVE-2019-15502,0.00954,0.34522
CVE-2019-15503,0.00885,0.26162
CVE-2019-15504,0.01183,0.60428
CVE-2019-15505,0.02686,0.82061
CVE-2019-15506,0.00885,0.26162
CVE-2019-15507,0.00885,0.26162
CVE-2019-15508,0.00885,0.26162
CVE-2019-1551,0.0472,0.88691
CVE-2019-15510,0.00885,0.26162
CVE-2019-15513,0.01018,0.38792
CVE-2019-15514,0.00885,0.26162
CVE-2019-15515,0.00885,0.26162
CVE-2019-15516,0.00885,0.26162
CVE-2019-15517,0.00885,0.26162
CVE-2019-15518,0.00885,0.26162
CVE-2019-15519,0.00885,0.26162
CVE-2019-1552,0.01547,0.74085
CVE-2019-15520,0.00885,0.26162
CVE-2019-15521,0.00954,0.34522
CVE-2019-15522,0.00885,0.26162
CVE-2019-15523,0.00885,0.26162
CVE-2019-15524,0.02432,0.8082
CVE-2019-15525,0.00954,0.34522
CVE-2019-15526,0.02055,0.7893
CVE-2019-15527,0.02055,0.7893
CVE-2019-15528,0.02055,0.7893
CVE-2019-15529,0.02055,0.7893
CVE-2019-15530,0.02055,0.7893
CVE-2019-15531,0.01108,0.53389
CVE-2019-15532,0.01018,0.38792
CVE-2019-15533,0.00885,0.26162
CVE-2019-15534,0.00885,0.26162
CVE-2019-15535,0.00885,0.26162
CVE-2019-15536,0.00885,0.26162
CVE-2019-15537,0.00885,0.26162
CVE-2019-15538,0.02686,0.82061
CVE-2019-15539,0.0144,0.7265
CVE-2019-15540,0.01034,0.39824
CVE-2019-15541,0.00954,0.34522
CVE-2019-15542,0.00885,0.26162
CVE-2019-15543,0.00885,0.26162
CVE-2019-15544,0.01246,0.66436
CVE-2019-15545,0.00885,0.26162
CVE-2019-15546,0.00885,0.26162
CVE-2019-15547,0.00885,0.26162
CVE-2019-15548,0.00885,0.26162
CVE-2019-15549,0.00885,0.26162
CVE-2019-15550,0.00885,0.26162
CVE-2019-15551,0.00885,0.26162
CVE-2019-15552,0.0144,0.7265
CVE-2019-15553,0.00885,0.26162
CVE-2019-15554,0.00885,0.26162
CVE-2019-15555,0.00885,0.26162
CVE-2019-15556,0.00885,0.26162
CVE-2019-15557,0.00885,0.26162
CVE-2019-15558,0.00885,0.26162
CVE-2019-15559,0.00885,0.26162
CVE-2019-15560,0.00885,0.26162
CVE-2019-15561,0.00885,0.26162
CVE-2019-15562,0.01018,0.38792
CVE-2019-15563,0.00954,0.34522
CVE-2019-15564,0.00885,0.26162
CVE-2019-15565,0.00885,0.26162
CVE-2019-15566,0.00885,0.26162
CVE-2019-15567,0.00885,0.26162
CVE-2019-15568,0.00885,0.26162
CVE-2019-15569,0.00885,0.26162
CVE-2019-15570,0.00885,0.26162
CVE-2019-15571,0.00885,0.26162
CVE-2019-15572,0.00885,0.26162
CVE-2019-15573,0.00885,0.26162
CVE-2019-15574,0.00885,0.26162
CVE-2019-15575,0.02055,0.7893
CVE-2019-15576,0.00885,0.26162
CVE-2019-15577,0.00885,0.26162
CVE-2019-15578,0.00885,0.26162
CVE-2019-15579,0.00885,0.26162
CVE-2019-15580,0.00885,0.26162
CVE-2019-15581,0.00885,0.26162
CVE-2019-15582,0.00885,0.26162
CVE-2019-15583,0.00885,0.26162
CVE-2019-15584,0.00885,0.26162
CVE-2019-15585,0.00885,0.26162
CVE-2019-15586,0.00885,0.26162
CVE-2019-15587,0.01034,0.39824
CVE-2019-15589,0.00885,0.26162
CVE-2019-1559,0.06217,0.90307
CVE-2019-15590,0.00885,0.26162
CVE-2019-15591,0.00885,0.26162
CVE-2019-15592,0.00885,0.26162
CVE-2019-15593,0.00885,0.26162
CVE-2019-15594,0.00885,0.26162
CVE-2019-15595,0.00885,0.26162
CVE-2019-15596,0.00885,0.26162
CVE-2019-15597,0.01156,0.60033
CVE-2019-15598,0.01156,0.60033
CVE-2019-15599,0.01156,0.60033
CVE-2019-15600,0.00885,0.26162
CVE-2019-15602,0.00885,0.26162
CVE-2019-15603,0.00885,0.26162
CVE-2019-15604,0.02686,0.82061
CVE-2019-15606,0.02686,0.82061
CVE-2019-15607,0.00885,0.26162
CVE-2019-15608,0.00954,0.34522
CVE-2019-15609,0.02055,0.7893
CVE-2019-15610,0.00885,0.26162
CVE-2019-15611,0.00885,0.26162
CVE-2019-15612,0.00885,0.26162
CVE-2019-15613,0.0095,0.30554
CVE-2019-15614,0.00885,0.26162
CVE-2019-15615,0.00885,0.26162
CVE-2019-15616,0.00885,0.26162
CVE-2019-15617,0.00885,0.26162
CVE-2019-15618,0.00885,0.26162
CVE-2019-15619,0.0095,0.30554
CVE-2019-15620,0.00885,0.26162
CVE-2019-15621,0.0095,0.30554
CVE-2019-15622,0.00885,0.26162
CVE-2019-15623,0.01018,0.38792
CVE-2019-15624,0.0095,0.30554
CVE-2019-15625,0.0095,0.30554
CVE-2019-15626,0.00885,0.26162
CVE-2019-15627,0.02042,0.78565
CVE-2019-15628,0.01005,0.36332
CVE-2019-15629,0.00885,0.26162
CVE-2019-1563,0.0472,0.88691
CVE-2019-15630,0.01055,0.50287
CVE-2019-15631,0.01156,0.60033
CVE-2019-15635,0.00885,0.26162
CVE-2019-15637,0.07308,0.9216
CVE-2019-15638,0.00954,0.34522
CVE-2019-15639,0.01055,0.50287
CVE-2019-15640,0.00885,0.26162
CVE-2019-15643,0.00885,0.26162
CVE-2019-15644,0.00885,0.26162
CVE-2019-15645,0.00885,0.26162
CVE-2019-15646,0.00954,0.34522
CVE-2019-15647,0.04571,0.88388
CVE-2019-15648,0.00885,0.26162
CVE-2019-15649,0.00885,0.26162
CVE-2019-1565,0.00885,0.26162
CVE-2019-15650,0.00885,0.26162
CVE-2019-15651,0.00885,0.26162
CVE-2019-15652,0.00885,0.26162
CVE-2019-15653,0.00885,0.26162
CVE-2019-15654,0.00885,0.26162
CVE-2019-15655,0.00885,0.26162
CVE-2019-15656,0.00885,0.26162
CVE-2019-15657,0.01086,0.51674
CVE-2019-15658,0.00885,0.26162
CVE-2019-15659,0.00885,0.26162
CVE-2019-1566,0.00954,0.34522
CVE-2019-15660,0.00885,0.26162
CVE-2019-15661,0.02199,0.80273
CVE-2019-15662,0.0089,0.2856
CVE-2019-15663,0.0089,0.2856
CVE-2019-15664,0.0089,0.2856
CVE-2019-15665,0.02199,0.80273
CVE-2019-15666,0.01104,0.52279
CVE-2019-1567,0.00885,0.26162
CVE-2019-15678,0.02509,0.81058
CVE-2019-15679,0.02509,0.81058
CVE-2019-1568,0.00885,0.26162
CVE-2019-15680,0.01018,0.38792
CVE-2019-15681,0.01537,0.73595
CVE-2019-15682,0.00885,0.26162
CVE-2019-15683,0.01156,0.60033
CVE-2019-15684,0.00885,0.26162
CVE-2019-15685,0.00885,0.26162
CVE-2019-15686,0.00885,0.26162
CVE-2019-15687,0.01055,0.50287
CVE-2019-15688,0.00885,0.26162
CVE-2019-15689,0.01036,0.41241
CVE-2019-1569,0.0089,0.2856
CVE-2019-15691,0.04571,0.88388
CVE-2019-15692,0.04571,0.88388
CVE-2019-15693,0.04571,0.88388
CVE-2019-15694,0.04571,0.88388
CVE-2019-15695,0.04571,0.88388
CVE-2019-15698,0.00885,0.26162
CVE-2019-15699,0.00885,0.26162
CVE-2019-1570,0.0089,0.2856
CVE-2019-15700,0.00885,0.26162
CVE-2019-15701,0.01055,0.50287
CVE-2019-15702,0.00885,0.26162
CVE-2019-15703,0.00885,0.26162
CVE-2019-15704,0.00885,0.26162
CVE-2019-15705,0.01055,0.50287
CVE-2019-15707,0.00885,0.26162
CVE-2019-15708,0.01005,0.35949
CVE-2019-15709,0.00885,0.26162
CVE-2019-1571,0.0089,0.2856
CVE-2019-15710,0.02055,0.7893
CVE-2019-15711,0.00885,0.26162
CVE-2019-15712,0.00885,0.26162
CVE-2019-15713,0.00885,0.26162
CVE-2019-15714,0.00885,0.26162
CVE-2019-15715,0.05822,0.89949
CVE-2019-15716,0.0089,0.2856
CVE-2019-15717,0.01018,0.38792
CVE-2019-15718,0.01034,0.39824
CVE-2019-15719,0.01365,0.70715
CVE-2019-1572,0.01055,0.50287
CVE-2019-15720,0.00885,0.26162
CVE-2019-15721,0.00885,0.26162
CVE-2019-15722,0.00885,0.26162
CVE-2019-15723,0.00885,0.26162
CVE-2019-15724,0.00885,0.26162
CVE-2019-15725,0.00885,0.26162
CVE-2019-15726,0.00885,0.26162
CVE-2019-15727,0.00885,0.26162
CVE-2019-15728,0.00885,0.26162
CVE-2019-15729,0.00885,0.26162
CVE-2019-1573,0.0095,0.30554
CVE-2019-15730,0.00885,0.26162
CVE-2019-15731,0.00885,0.26162
CVE-2019-15732,0.00885,0.26162
CVE-2019-15733,0.00885,0.26162
CVE-2019-15734,0.00885,0.26162
CVE-2019-15736,0.00885,0.26162
CVE-2019-15737,0.00885,0.26162
CVE-2019-15738,0.00885,0.26162
CVE-2019-15739,0.00885,0.26162
CVE-2019-1574,0.00885,0.26162
CVE-2019-15740,0.00885,0.26162
CVE-2019-15741,0.01018,0.38792
CVE-2019-15742,0.02429,0.80792
CVE-2019-15743,0.00885,0.26162
CVE-2019-15744,0.00885,0.26162
CVE-2019-15745,0.01018,0.38792
CVE-2019-15746,0.00885,0.26162
CVE-2019-15747,0.00885,0.26162
CVE-2019-15748,0.00885,0.26162
CVE-2019-15749,0.00885,0.26162
CVE-2019-1575,0.00885,0.26162
CVE-2019-15750,0.01055,0.50287
CVE-2019-15751,0.01424,0.72364
CVE-2019-15752,0.26382,0.96961
CVE-2019-15753,0.01018,0.38792
CVE-2019-15757,0.01018,0.38792
CVE-2019-15758,0.00885,0.26162
CVE-2019-15759,0.00885,0.26162
CVE-2019-1576,0.02055,0.7893
CVE-2019-15766,0.01978,0.78447
CVE-2019-15767,0.01018,0.38792
CVE-2019-15769,0.00954,0.34522
CVE-2019-1577,0.00885,0.26162
CVE-2019-15770,0.00885,0.26162
CVE-2019-15771,0.00954,0.34522
CVE-2019-15772,0.00954,0.34522
CVE-2019-15773,0.00954,0.34522
CVE-2019-15774,0.00954,0.34522
CVE-2019-15775,0.00954,0.34522
CVE-2019-15776,0.00954,0.34522
CVE-2019-15777,0.0089,0.2856
CVE-2019-15778,0.0089,0.2856
CVE-2019-15779,0.00885,0.26162
CVE-2019-1578,0.01055,0.50287
CVE-2019-15780,0.01018,0.38792
CVE-2019-15781,0.00885,0.26162
CVE-2019-15782,0.00954,0.34522
CVE-2019-15783,0.00885,0.26162
CVE-2019-15784,0.00954,0.34522
CVE-2019-15785,0.00954,0.34522
CVE-2019-15786,0.00885,0.26162
CVE-2019-15787,0.00885,0.26162
CVE-2019-15788,0.00885,0.26162
CVE-2019-15789,0.0095,0.30554
CVE-2019-15790,0.01282,0.67298
CVE-2019-15791,0.0089,0.2856
CVE-2019-15792,0.01365,0.70715
CVE-2019-15793,0.0089,0.2856
CVE-2019-15794,0.02042,0.78565
CVE-2019-15795,0.00885,0.26162
CVE-2019-15796,0.00885,0.26162
CVE-2019-1580,0.01055,0.50287
CVE-2019-15800,0.0144,0.7265
CVE-2019-15803,0.01055,0.50287
CVE-2019-15804,0.00885,0.26162
CVE-2019-15805,0.00885,0.26162
CVE-2019-15806,0.00885,0.26162
CVE-2019-15807,0.01034,0.39824
CVE-2019-15809,0.01034,0.39824
CVE-2019-1581,0.01156,0.60033
CVE-2019-15810,0.00885,0.26162
CVE-2019-15811,0.02173,0.80027
CVE-2019-15814,0.02192,0.80195
CVE-2019-15815,0.00885,0.26162
CVE-2019-15816,0.00954,0.34522
CVE-2019-15817,0.00885,0.26162
CVE-2019-15818,0.00954,0.34522
CVE-2019-15819,0.00954,0.34522
CVE-2019-1582,0.00885,0.26162
CVE-2019-15820,0.00954,0.34522
CVE-2019-15821,0.00954,0.34522
CVE-2019-15822,0.00954,0.34522
CVE-2019-15823,0.00954,0.34522
CVE-2019-15824,0.00954,0.34522
CVE-2019-15825,0.00954,0.34522
CVE-2019-15826,0.00954,0.34522
CVE-2019-15827,0.0089,0.2856
CVE-2019-15828,0.00885,0.26162
CVE-2019-15829,0.00885,0.26162
CVE-2019-1583,0.00885,0.26162
CVE-2019-15830,0.0089,0.2856
CVE-2019-15831,0.00885,0.26162
CVE-2019-15832,0.00885,0.26162
CVE-2019-15833,0.00885,0.26162
CVE-2019-15834,0.00885,0.26162
CVE-2019-15835,0.00885,0.26162
CVE-2019-15836,0.00885,0.26162
CVE-2019-15837,0.00885,0.26162
CVE-2019-15838,0.00885,0.26162
CVE-2019-15839,0.00954,0.34522
CVE-2019-1584,0.01156,0.60033
CVE-2019-15840,0.00885,0.26162
CVE-2019-15841,0.00885,0.26162
CVE-2019-15842,0.00885,0.26162
CVE-2019-15843,0.00885,0.26162
CVE-2019-15845,0.01537,0.73595
CVE-2019-15847,0.02509,0.81058
CVE-2019-15848,0.01018,0.38792
CVE-2019-15849,0.00885,0.26162
CVE-2019-1585,0.00885,0.26162
CVE-2019-15850,0.01978,0.78447
CVE-2019-15854,0.00885,0.26162
CVE-2019-15855,0.01055,0.50287
CVE-2019-1586,0.00885,0.26162
CVE-2019-15860,0.00885,0.26162
CVE-2019-15862,0.01055,0.50287
CVE-2019-15863,0.00885,0.26162
CVE-2019-15864,0.00885,0.26162
CVE-2019-15865,0.00885,0.26162
CVE-2019-15866,0.00885,0.26162
CVE-2019-15867,0.0089,0.2856
CVE-2019-15868,0.00885,0.26162
CVE-2019-15869,0.00885,0.26162
CVE-2019-1587,0.01055,0.50287
CVE-2019-15870,0.00885,0.26162
CVE-2019-15871,0.00885,0.26162
CVE-2019-15872,0.00885,0.26162
CVE-2019-15873,0.01978,0.78447
CVE-2019-15874,0.00885,0.26162
CVE-2019-15875,0.00885,0.26162
CVE-2019-15876,0.00885,0.26162
CVE-2019-15877,0.00885,0.26162
CVE-2019-15878,0.00885,0.26162
CVE-2019-15879,0.00885,0.26162
CVE-2019-1588,0.00885,0.26162
CVE-2019-15880,0.00885,0.26162
CVE-2019-1589,0.00885,0.26162
CVE-2019-15890,0.01537,0.73595
CVE-2019-15891,0.00885,0.26162
CVE-2019-15892,0.01408,0.72072
CVE-2019-15893,0.01156,0.60033
CVE-2019-15894,0.01036,0.41241
CVE-2019-15895,0.00954,0.34522
CVE-2019-15896,0.00954,0.34522
CVE-2019-15897,0.00954,0.34522
CVE-2019-15898,0.00885,0.26162
CVE-2019-1590,0.01055,0.50287
CVE-2019-15900,0.00885,0.26162
CVE-2019-15901,0.0089,0.2856
CVE-2019-15902,0.01547,0.74085
CVE-2019-15903,0.02686,0.82061
CVE-2019-1591,0.00885,0.26162
CVE-2019-15910,0.00885,0.26162
CVE-2019-15911,0.00885,0.26162
CVE-2019-15912,0.00885,0.26162
CVE-2019-15913,0.00885,0.26162
CVE-2019-15914,0.00885,0.26162
CVE-2019-15915,0.00885,0.26162
CVE-2019-15916,0.01183,0.60428
CVE-2019-15917,0.01282,0.67298
CVE-2019-15918,0.0095,0.30554
CVE-2019-15919,0.0095,0.30554
CVE-2019-1592,0.00885,0.26162
CVE-2019-15920,0.0095,0.30554
CVE-2019-15921,0.0095,0.30554
CVE-2019-15922,0.0089,0.2856
CVE-2019-15923,0.0089,0.2856
CVE-2019-15924,0.01034,0.39824
CVE-2019-15925,0.0095,0.30554
CVE-2019-15926,0.01537,0.73595
CVE-2019-15927,0.0095,0.30554
CVE-2019-15929,0.00885,0.26162
CVE-2019-1593,0.00885,0.26162
CVE-2019-15930,0.01018,0.38792
CVE-2019-15931,0.01018,0.38792
CVE-2019-15932,0.01018,0.38792
CVE-2019-15933,0.01018,0.38792
CVE-2019-15934,0.01018,0.38792
CVE-2019-15935,0.01018,0.38792
CVE-2019-15936,0.00954,0.34522
CVE-2019-15937,0.01055,0.50287
CVE-2019-15938,0.01055,0.50287
CVE-2019-15939,0.01018,0.38792
CVE-2019-1594,0.00885,0.26162
CVE-2019-15940,0.00885,0.26162
CVE-2019-15941,0.01018,0.38792
CVE-2019-15942,0.00954,0.34522
CVE-2019-15943,0.09004,0.93731
CVE-2019-15944,0.00885,0.26162
CVE-2019-15945,0.01108,0.53389
CVE-2019-15946,0.01108,0.53389
CVE-2019-15947,0.01018,0.38792
CVE-2019-15948,0.03693,0.843
CVE-2019-15949,0.60894,0.98857
CVE-2019-1595,0.00885,0.26162
CVE-2019-15950,0.00885,0.26162
CVE-2019-15952,0.04571,0.88388
CVE-2019-15953,0.00885,0.26162
CVE-2019-15954,0.66513,0.99003
CVE-2019-15955,0.00885,0.26162
CVE-2019-15956,0.01055,0.50287
CVE-2019-15957,0.01055,0.50287
CVE-2019-15958,0.01156,0.60033
CVE-2019-15959,0.00885,0.26162
CVE-2019-1596,0.00885,0.26162
CVE-2019-15960,0.01055,0.50287
CVE-2019-15961,0.01213,0.6557
CVE-2019-15962,0.00885,0.26162
CVE-2019-15963,0.01055,0.50287
CVE-2019-15966,0.01055,0.50287
CVE-2019-15967,0.00885,0.26162
CVE-2019-15968,0.01055,0.50287
CVE-2019-15969,0.01055,0.50287
CVE-2019-1597,0.01055,0.50287
CVE-2019-15971,0.01055,0.50287
CVE-2019-15973,0.01055,0.50287
CVE-2019-15974,0.01055,0.50287
CVE-2019-15975,0.7962,0.99468
CVE-2019-15976,0.01055,0.50287
CVE-2019-15977,0.01055,0.50287
CVE-2019-15978,0.01055,0.50287
CVE-2019-15979,0.01055,0.50287
CVE-2019-1598,0.01055,0.50287
CVE-2019-15980,0.01055,0.50287
CVE-2019-15981,0.01055,0.50287
CVE-2019-15982,0.01055,0.50287
CVE-2019-15983,0.01055,0.50287
CVE-2019-15984,0.01055,0.50287
CVE-2019-15985,0.01055,0.50287
CVE-2019-15986,0.00885,0.26162
CVE-2019-15987,0.01055,0.50287
CVE-2019-15988,0.01055,0.50287
CVE-2019-15989,0.01055,0.50287
CVE-2019-1599,0.01055,0.50287
CVE-2019-15990,0.01055,0.50287
CVE-2019-15992,0.01156,0.60033
CVE-2019-15993,0.01055,0.50287
CVE-2019-15994,0.01055,0.50287
CVE-2019-15995,0.01055,0.50287
CVE-2019-15996,0.01036,0.41241
CVE-2019-15997,0.01036,0.41241
CVE-2019-15998,0.00885,0.26162
CVE-2019-15999,0.08078,0.93055
CVE-2019-1600,0.0089,0.2856
CVE-2019-16000,0.00885,0.26162
CVE-2019-16001,0.01036,0.41241
CVE-2019-16002,0.01055,0.50287
CVE-2019-16003,0.01055,0.50287
CVE-2019-16004,0.01055,0.50287
CVE-2019-16005,0.01055,0.50287
CVE-2019-16007,0.00885,0.26162
CVE-2019-16008,0.01055,0.50287
CVE-2019-16009,0.01055,0.50287
CVE-2019-1601,0.00885,0.26162
CVE-2019-16010,0.01055,0.50287
CVE-2019-16011,0.00885,0.26162
CVE-2019-16012,0.01055,0.50287
CVE-2019-16015,0.01055,0.50287
CVE-2019-16017,0.01055,0.50287
CVE-2019-16018,0.01055,0.50287
CVE-2019-16019,0.01055,0.50287
CVE-2019-1602,0.00885,0.26162
CVE-2019-16020,0.01055,0.50287
CVE-2019-16021,0.01055,0.50287
CVE-2019-16022,0.01055,0.50287
CVE-2019-16023,0.01055,0.50287
CVE-2019-16024,0.01055,0.50287
CVE-2019-16025,0.01055,0.50287
CVE-2019-16026,0.01055,0.50287
CVE-2019-16027,0.01055,0.50287
CVE-2019-16028,0.01055,0.50287
CVE-2019-16029,0.01055,0.50287
CVE-2019-1603,0.00885,0.26162
CVE-2019-1604,0.00885,0.26162
CVE-2019-1605,0.01005,0.36332
CVE-2019-16056,0.02686,0.82061
CVE-2019-16057,0.01055,0.50287
CVE-2019-16058,0.00885,0.26162
CVE-2019-16059,0.00885,0.26162
CVE-2019-1606,0.00885,0.26162
CVE-2019-16060,0.00885,0.26162
CVE-2019-16061,0.00885,0.26162
CVE-2019-16062,0.00885,0.26162
CVE-2019-16063,0.00885,0.26162
CVE-2019-16064,0.00885,0.26162
CVE-2019-16065,0.01564,0.74439
CVE-2019-16066,0.01338,0.70562
CVE-2019-16067,0.00885,0.26162
CVE-2019-16068,0.02173,0.80027
CVE-2019-16069,0.00885,0.26162
CVE-2019-1607,0.00885,0.26162
CVE-2019-16070,0.00885,0.26162
CVE-2019-16071,0.00885,0.26162
CVE-2019-16072,0.03181,0.83177
CVE-2019-1608,0.00885,0.26162
CVE-2019-16088,0.00885,0.26162
CVE-2019-16089,0.01104,0.52279
CVE-2019-16091,0.00885,0.26162
CVE-2019-16092,0.00885,0.26162
CVE-2019-16093,0.00885,0.26162
CVE-2019-16094,0.00885,0.26162
CVE-2019-16095,0.00885,0.26162
CVE-2019-16096,0.01018,0.38792
CVE-2019-16099,0.00885,0.26162
CVE-2019-1610,0.00885,0.26162
CVE-2019-16100,0.01055,0.50287
CVE-2019-16101,0.01055,0.50287
CVE-2019-16102,0.00885,0.26162
CVE-2019-16103,0.00885,0.26162
CVE-2019-16104,0.00885,0.26162
CVE-2019-16105,0.00885,0.26162
CVE-2019-16106,0.00885,0.26162
CVE-2019-16107,0.00885,0.26162
CVE-2019-16108,0.00885,0.26162
CVE-2019-16109,0.00954,0.34522
CVE-2019-1611,0.00885,0.26162
CVE-2019-16110,0.01156,0.60033
CVE-2019-16112,0.03059,0.82941
CVE-2019-16114,0.01978,0.78447
CVE-2019-16115,0.00885,0.26162
CVE-2019-16116,0.07308,0.9216
CVE-2019-16117,0.02173,0.80027
CVE-2019-16118,0.02173,0.80027
CVE-2019-16119,0.01564,0.74439
CVE-2019-1612,0.00885,0.26162
CVE-2019-16120,0.07308,0.9216
CVE-2019-16123,0.08382,0.93597
CVE-2019-16124,0.08382,0.93597
CVE-2019-16125,0.01564,0.74439
CVE-2019-16126,0.01086,0.51674
CVE-2019-16127,0.00954,0.34522
CVE-2019-16128,0.00954,0.34522
CVE-2019-16129,0.00954,0.34522
CVE-2019-1613,0.00885,0.26162
CVE-2019-16130,0.00885,0.26162
CVE-2019-16131,0.00885,0.26162
CVE-2019-16132,0.01055,0.50287
CVE-2019-16133,0.00885,0.26162
CVE-2019-16137,0.00885,0.26162
CVE-2019-16138,0.0144,0.7265
CVE-2019-16139,0.00885,0.26162
CVE-2019-1614,0.01055,0.50287
CVE-2019-16140,0.00885,0.26162
CVE-2019-16141,0.00885,0.26162
CVE-2019-16142,0.00885,0.26162
CVE-2019-16143,0.00885,0.26162
CVE-2019-16144,0.00885,0.26162
CVE-2019-16145,0.00885,0.26162
CVE-2019-16146,0.00885,0.26162
CVE-2019-16147,0.00885,0.26162
CVE-2019-16148,0.00885,0.26162
CVE-2019-1615,0.00885,0.26162
CVE-2019-16150,0.00885,0.26162
CVE-2019-16152,0.00885,0.26162
CVE-2019-16153,0.00885,0.26162
CVE-2019-16154,0.00885,0.26162
CVE-2019-16155,0.00885,0.26162
CVE-2019-16156,0.01055,0.50287
CVE-2019-16157,0.00885,0.26162
CVE-2019-16159,0.01537,0.73595
CVE-2019-1616,0.01055,0.50287
CVE-2019-16160,0.01136,0.57949
CVE-2019-16161,0.00885,0.26162
CVE-2019-16162,0.00885,0.26162
CVE-2019-16163,0.01108,0.53389
CVE-2019-16164,0.00885,0.26162
CVE-2019-16165,0.00885,0.26162
CVE-2019-16166,0.00885,0.26162
CVE-2019-16167,0.01108,0.53389
CVE-2019-16168,0.02686,0.82061
CVE-2019-1617,0.00885,0.26162
CVE-2019-16170,0.00885,0.26162
CVE-2019-16171,0.00885,0.26162
CVE-2019-16172,0.0095,0.30554
CVE-2019-16173,0.0095,0.30554
CVE-2019-16174,0.01689,0.75137
CVE-2019-16175,0.00885,0.26162
CVE-2019-16176,0.01055,0.50287
CVE-2019-16177,0.00885,0.26162
CVE-2019-16178,0.00885,0.26162
CVE-2019-16179,0.00885,0.26162
CVE-2019-1618,0.01005,0.36332
CVE-2019-16180,0.01055,0.50287
CVE-2019-16181,0.00885,0.26162
CVE-2019-16182,0.01055,0.50287
CVE-2019-16183,0.00885,0.26162
CVE-2019-16184,0.00885,0.26162
CVE-2019-16185,0.00885,0.26162
CVE-2019-16186,0.00885,0.26162
CVE-2019-16187,0.00885,0.26162
CVE-2019-16188,0.00885,0.26162
CVE-2019-1619,0.01319,0.70416
CVE-2019-16190,0.00885,0.26162
CVE-2019-16192,0.01055,0.50287
CVE-2019-16193,0.00885,0.26162
CVE-2019-16194,0.00885,0.26162
CVE-2019-16195,0.01018,0.38792
CVE-2019-16197,0.02173,0.80027
CVE-2019-16198,0.00885,0.26162
CVE-2019-16199,0.01156,0.60033
CVE-2019-1620,0.06729,0.91198
CVE-2019-16200,0.00885,0.26162
CVE-2019-16201,0.01537,0.73595
CVE-2019-16202,0.0089,0.2856
CVE-2019-16203,0.00885,0.26162
CVE-2019-16204,0.00885,0.26162
CVE-2019-16205,0.01055,0.50287
CVE-2019-16206,0.00885,0.26162
CVE-2019-16207,0.00885,0.26162
CVE-2019-16208,0.00885,0.26162
CVE-2019-16209,0.00885,0.26162
CVE-2019-1621,0.01213,0.6557
CVE-2019-16210,0.00885,0.26162
CVE-2019-16211,0.00885,0.26162
CVE-2019-16212,0.01055,0.50287
CVE-2019-16213,0.01055,0.50287
CVE-2019-16214,0.0089,0.2856
CVE-2019-16215,0.00885,0.26162
CVE-2019-16216,0.00885,0.26162
CVE-2019-16217,0.01108,0.53389
CVE-2019-16218,0.01108,0.53389
CVE-2019-16219,0.01108,0.53389
CVE-2019-1622,0.01319,0.70416
CVE-2019-16220,0.01183,0.60428
CVE-2019-16221,0.01108,0.53389
CVE-2019-16222,0.01183,0.60428
CVE-2019-16223,0.02529,0.81124
CVE-2019-16224,0.00885,0.26162
CVE-2019-16225,0.00885,0.26162
CVE-2019-16226,0.00885,0.26162
CVE-2019-16227,0.00885,0.26162
CVE-2019-16228,0.00885,0.26162
CVE-2019-16229,0.01034,0.39824
CVE-2019-1623,0.01005,0.36332
CVE-2019-16230,0.0089,0.2856
CVE-2019-16231,0.01282,0.67298
CVE-2019-16232,0.01282,0.67298
CVE-2019-16233,0.01104,0.52279
CVE-2019-16234,0.01104,0.52279
CVE-2019-16235,0.01537,0.73595
CVE-2019-16236,0.01537,0.73595
CVE-2019-16237,0.01537,0.73595
CVE-2019-16238,0.00885,0.26162
CVE-2019-16239,0.01537,0.73595
CVE-2019-1624,0.01055,0.50287
CVE-2019-16240,0.00885,0.26162
CVE-2019-16241,0.00885,0.26162
CVE-2019-16242,0.01005,0.35949
CVE-2019-16243,0.00885,0.26162
CVE-2019-16244,0.00885,0.26162
CVE-2019-16245,0.00885,0.26162
CVE-2019-16246,0.02509,0.81058
CVE-2019-16247,0.00885,0.26162
CVE-2019-16248,0.0089,0.2856
CVE-2019-16249,0.00885,0.26162
CVE-2019-1625,0.00885,0.26162
CVE-2019-16250,0.00885,0.26162
CVE-2019-16251,0.00885,0.26162
CVE-2019-16252,0.00885,0.26162
CVE-2019-16253,0.0089,0.2856
CVE-2019-16254,0.02686,0.82061
CVE-2019-16255,0.02686,0.82061
CVE-2019-16256,0.01055,0.50287
CVE-2019-16257,0.01055,0.50287
CVE-2019-16258,0.00885,0.26162
CVE-2019-1626,0.01055,0.50287
CVE-2019-16261,0.00885,0.26162
CVE-2019-16263,0.00954,0.34522
CVE-2019-16264,0.00885,0.26162
CVE-2019-16265,0.00885,0.26162
CVE-2019-16268,0.00885,0.26162
CVE-2019-1627,0.01055,0.50287
CVE-2019-16271,0.01055,0.50287
CVE-2019-16272,0.00885,0.26162
CVE-2019-16273,0.01086,0.51674
CVE-2019-16274,0.00885,0.26162
CVE-2019-16275,0.02686,0.82061
CVE-2019-16276,0.02686,0.82061
CVE-2019-16277,0.00885,0.26162
CVE-2019-1628,0.00885,0.26162
CVE-2019-16281,0.00954,0.34522
CVE-2019-16282,0.02192,0.80195
CVE-2019-16284,0.01293,0.6731
CVE-2019-16285,0.00954,0.34522
CVE-2019-16286,0.00954,0.34522
CVE-2019-16287,0.00954,0.34522
CVE-2019-16288,0.00885,0.26162
CVE-2019-16289,0.0089,0.2856
CVE-2019-1629,0.01055,0.50287
CVE-2019-16293,0.00885,0.26162
CVE-2019-16294,0.08858,0.9368
CVE-2019-16295,0.00885,0.26162
CVE-2019-16297,0.01086,0.51674
CVE-2019-16298,0.01086,0.51674
CVE-2019-16299,0.01086,0.51674
CVE-2019-1630,0.00885,0.26162
CVE-2019-16300,0.01086,0.51674
CVE-2019-16301,0.01086,0.51674
CVE-2019-16302,0.01086,0.51674
CVE-2019-16303,0.01183,0.60428
CVE-2019-16305,0.01086,0.51674
CVE-2019-16307,0.01055,0.50287
CVE-2019-16309,0.00885,0.26162
CVE-2019-1631,0.01055,0.50287
CVE-2019-16310,0.00885,0.26162
CVE-2019-16311,0.00885,0.26162
CVE-2019-16312,0.00885,0.26162
CVE-2019-16314,0.01156,0.60033
CVE-2019-16317,0.0144,0.7265
CVE-2019-16318,0.00885,0.26162
CVE-2019-16319,0.01018,0.38792
CVE-2019-1632,0.01055,0.50287
CVE-2019-16320,0.00885,0.26162
CVE-2019-16321,0.00885,0.26162
CVE-2019-16326,0.01055,0.50287
CVE-2019-16327,0.00885,0.26162
CVE-2019-16328,0.01213,0.6557
CVE-2019-16330,0.02192,0.80195
CVE-2019-16332,0.01018,0.38792
CVE-2019-16333,0.00885,0.26162
CVE-2019-16334,0.00885,0.26162
CVE-2019-16335,0.02686,0.82061
CVE-2019-16336,0.01018,0.38792
CVE-2019-16337,0.00885,0.26162
CVE-2019-16338,0.00885,0.26162
CVE-2019-1634,0.01055,0.50287
CVE-2019-16340,0.01136,0.57949
CVE-2019-16344,0.01055,0.50287
CVE-2019-16346,0.00885,0.26162
CVE-2019-16347,0.00885,0.26162
CVE-2019-16348,0.00885,0.26162
CVE-2019-16349,0.00885,0.26162
CVE-2019-1635,0.01055,0.50287
CVE-2019-16350,0.00885,0.26162
CVE-2019-16351,0.00885,0.26162
CVE-2019-16352,0.00885,0.26162
CVE-2019-16353,0.00885,0.26162
CVE-2019-16354,0.00885,0.26162
CVE-2019-16355,0.00885,0.26162
CVE-2019-1636,0.00885,0.26162
CVE-2019-16366,0.00885,0.26162
CVE-2019-1637,0.01005,0.36332
CVE-2019-16370,0.00885,0.26162
CVE-2019-16371,0.00885,0.26162
CVE-2019-16374,0.00885,0.26162
CVE-2019-16375,0.0095,0.30554
CVE-2019-16377,0.00885,0.26162
CVE-2019-16378,0.01537,0.73595
CVE-2019-1638,0.01005,0.36332
CVE-2019-16382,0.00885,0.26162
CVE-2019-16383,0.01564,0.74439
CVE-2019-16384,0.00885,0.26162
CVE-2019-16385,0.00885,0.26162
CVE-2019-16386,0.00885,0.26162
CVE-2019-16387,0.00885,0.26162
CVE-2019-16388,0.00885,0.26162
CVE-2019-1639,0.01005,0.36332
CVE-2019-16391,0.01104,0.52279
CVE-2019-16392,0.01108,0.53389
CVE-2019-16393,0.01108,0.53389
CVE-2019-16395,0.00885,0.26162
CVE-2019-16396,0.00885,0.26162
CVE-2019-16398,0.01103,0.51945
CVE-2019-16399,0.08382,0.93597
CVE-2019-1640,0.01005,0.36332
CVE-2019-16400,0.00885,0.26162
CVE-2019-16401,0.00885,0.26162
CVE-2019-16403,0.00885,0.26162
CVE-2019-16404,0.00885,0.26162
CVE-2019-16407,0.00885,0.26162
CVE-2019-16409,0.00954,0.34522
CVE-2019-1641,0.01005,0.36332
CVE-2019-16410,0.00954,0.34522
CVE-2019-16411,0.00954,0.34522
CVE-2019-16412,0.00885,0.26162
CVE-2019-16413,0.01018,0.38792
CVE-2019-16414,0.01018,0.38792
CVE-2019-16416,0.00885,0.26162
CVE-2019-16417,0.00885,0.26162
CVE-2019-1642,0.02173,0.80027
CVE-2019-1643,0.01055,0.50287
CVE-2019-1644,0.01055,0.50287
CVE-2019-16444,0.01046,0.41635
CVE-2019-16445,0.01282,0.66661
CVE-2019-16446,0.01282,0.66661
CVE-2019-16448,0.01282,0.66661
CVE-2019-16449,0.01046,0.41635
CVE-2019-1645,0.00885,0.26162
CVE-2019-16450,0.01282,0.66661
CVE-2019-16451,0.11202,0.94652
CVE-2019-16452,0.01282,0.66661
CVE-2019-16453,0.01282,0.66661
CVE-2019-16454,0.01282,0.66661
CVE-2019-16455,0.01282,0.66661
CVE-2019-16456,0.01046,0.41635
CVE-2019-16457,0.01046,0.41635
CVE-2019-16458,0.01046,0.41635
CVE-2019-16459,0.01282,0.66661
CVE-2019-1646,0.00885,0.26162
CVE-2019-16460,0.01282,0.66661
CVE-2019-16461,0.01046,0.41635
CVE-2019-16462,0.01282,0.66661
CVE-2019-16463,0.01282,0.66661
CVE-2019-16464,0.01282,0.66661
CVE-2019-16465,0.01046,0.41635
CVE-2019-16466,0.01046,0.41635
CVE-2019-16467,0.01046,0.41635
CVE-2019-16468,0.01046,0.41635
CVE-2019-16469,0.01046,0.41635
CVE-2019-1647,0.00885,0.26162
CVE-2019-1648,0.00885,0.26162
CVE-2019-1649,0.0095,0.30554
CVE-2019-1650,0.01055,0.50287
CVE-2019-16508,0.00885,0.26162
CVE-2019-1651,0.01885,0.76424
CVE-2019-16510,0.00885,0.26162
CVE-2019-16511,0.01018,0.38792
CVE-2019-16512,0.0095,0.30554
CVE-2019-16513,0.01018,0.38792
CVE-2019-16514,0.04571,0.88388
CVE-2019-16515,0.01018,0.38792
CVE-2019-16517,0.01018,0.38792
CVE-2019-16518,0.00885,0.26162
CVE-2019-16519,0.00885,0.26162
CVE-2019-16520,0.01034,0.39824
CVE-2019-16521,0.01018,0.38792
CVE-2019-16522,0.0089,0.2856
CVE-2019-16523,0.0095,0.30554
CVE-2019-16524,0.0089,0.2856
CVE-2019-16525,0.01018,0.38792
CVE-2019-16528,0.01018,0.38792
CVE-2019-16529,0.00885,0.26162
CVE-2019-16530,0.01978,0.78447
CVE-2019-16531,0.08382,0.93597
CVE-2019-16532,0.08382,0.93597
CVE-2019-16533,0.00885,0.26162
CVE-2019-16534,0.00885,0.26162
CVE-2019-16535,0.00885,0.26162
CVE-2019-16538,0.02096,0.7907
CVE-2019-16539,0.00885,0.26162
CVE-2019-1654,0.00885,0.26162
CVE-2019-16540,0.00885,0.26162
CVE-2019-16541,0.00885,0.26162
CVE-2019-16542,0.00885,0.26162
CVE-2019-16543,0.00885,0.26162
CVE-2019-16544,0.00885,0.26162
CVE-2019-16545,0.00885,0.26162
CVE-2019-16546,0.00885,0.26162
CVE-2019-16547,0.00885,0.26162
CVE-2019-16548,0.00885,0.26162
CVE-2019-16549,0.00885,0.26162
CVE-2019-1655,0.01055,0.50287
CVE-2019-16550,0.00885,0.26162
CVE-2019-16551,0.00885,0.26162
CVE-2019-16552,0.00885,0.26162
CVE-2019-16553,0.00885,0.26162
CVE-2019-16554,0.00885,0.26162
CVE-2019-16555,0.00885,0.26162
CVE-2019-16556,0.00885,0.26162
CVE-2019-16557,0.00885,0.26162
CVE-2019-16558,0.00885,0.26162
CVE-2019-16559,0.00885,0.26162
CVE-2019-1656,0.00885,0.26162
CVE-2019-16560,0.00885,0.26162
CVE-2019-16561,0.00885,0.26162
CVE-2019-16562,0.00885,0.26162
CVE-2019-16563,0.00885,0.26162
CVE-2019-16564,0.00885,0.26162
CVE-2019-16565,0.00885,0.26162
CVE-2019-16566,0.00885,0.26162
CVE-2019-16567,0.00885,0.26162
CVE-2019-16568,0.00885,0.26162
CVE-2019-16569,0.00885,0.26162
CVE-2019-1657,0.01055,0.50287
CVE-2019-16570,0.00885,0.26162
CVE-2019-16571,0.00885,0.26162
CVE-2019-16572,0.00885,0.26162
CVE-2019-16573,0.00885,0.26162
CVE-2019-16574,0.00885,0.26162
CVE-2019-16575,0.00885,0.26162
CVE-2019-16576,0.00885,0.26162
CVE-2019-1658,0.01055,0.50287
CVE-2019-1659,0.01055,0.50287
CVE-2019-1660,0.01055,0.50287
CVE-2019-1661,0.01055,0.50287
CVE-2019-1662,0.01055,0.50287
CVE-2019-1663,0.85739,0.99669
CVE-2019-1664,0.00885,0.26162
CVE-2019-16642,0.00885,0.26162
CVE-2019-16643,0.00885,0.26162
CVE-2019-16644,0.00885,0.26162
CVE-2019-16645,0.08382,0.93597
CVE-2019-16647,0.00885,0.26162
CVE-2019-16649,0.00954,0.34522
CVE-2019-1665,0.01055,0.50287
CVE-2019-16650,0.00954,0.34522
CVE-2019-16651,0.00885,0.26162
CVE-2019-16652,0.01055,0.50287
CVE-2019-16653,0.01055,0.50287
CVE-2019-16655,0.00885,0.26162
CVE-2019-16656,0.01055,0.50287
CVE-2019-16657,0.00885,0.26162
CVE-2019-16658,0.00885,0.26162
CVE-2019-16659,0.00885,0.26162
CVE-2019-1666,0.01055,0.50287
CVE-2019-16660,0.00885,0.26162
CVE-2019-16661,0.00885,0.26162
CVE-2019-16664,0.00885,0.26162
CVE-2019-16665,0.00885,0.26162
CVE-2019-16667,0.08382,0.93597
CVE-2019-16669,0.00885,0.26162
CVE-2019-1667,0.00885,0.26162
CVE-2019-16670,0.01018,0.38792
CVE-2019-16671,0.01132,0.54372
CVE-2019-16672,0.01018,0.38792
CVE-2019-16673,0.0095,0.30554
CVE-2019-16674,0.01018,0.38792
CVE-2019-16675,0.04836,0.88802
CVE-2019-16676,0.00954,0.34522
CVE-2019-16677,0.00885,0.26162
CVE-2019-16678,0.00885,0.26162
CVE-2019-16679,0.06593,0.90989
CVE-2019-1668,0.01055,0.50287
CVE-2019-16680,0.01108,0.53389
CVE-2019-16681,0.00885,0.26162
CVE-2019-16682,0.00885,0.26162
CVE-2019-16683,0.0089,0.2856
CVE-2019-16684,0.0089,0.2856
CVE-2019-16685,0.00885,0.26162
CVE-2019-16686,0.00885,0.26162
CVE-2019-16687,0.00885,0.26162
CVE-2019-16688,0.00885,0.26162
CVE-2019-1669,0.01055,0.50287
CVE-2019-16693,0.00885,0.26162
CVE-2019-16694,0.00885,0.26162
CVE-2019-16695,0.00885,0.26162
CVE-2019-16696,0.00885,0.26162
CVE-2019-16698,0.00885,0.26162
CVE-2019-16699,0.01978,0.78447
CVE-2019-1670,0.01055,0.50287
CVE-2019-16700,0.01885,0.76424
CVE-2019-16701,0.08078,0.93055
CVE-2019-16702,0.05082,0.89024
CVE-2019-16703,0.00885,0.26162
CVE-2019-16704,0.00885,0.26162
CVE-2019-16705,0.00885,0.26162
CVE-2019-16706,0.00885,0.26162
CVE-2019-16707,0.01018,0.38792
CVE-2019-16708,0.01018,0.38792
CVE-2019-16709,0.01108,0.53389
CVE-2019-1671,0.01055,0.50287
CVE-2019-16710,0.01018,0.38792
CVE-2019-16711,0.01018,0.38792
CVE-2019-16712,0.00954,0.34522
CVE-2019-16713,0.01018,0.38792
CVE-2019-16714,0.01183,0.60428
CVE-2019-16716,0.0089,0.2856
CVE-2019-16717,0.01018,0.38792
CVE-2019-16718,0.01083,0.51019
CVE-2019-16719,0.00885,0.26162
CVE-2019-1672,0.01055,0.50287
CVE-2019-16720,0.00885,0.26162
CVE-2019-16721,0.00885,0.26162
CVE-2019-16722,0.01086,0.51674
CVE-2019-16723,0.01282,0.67298
CVE-2019-16725,0.00885,0.26162
CVE-2019-16729,0.01034,0.39824
CVE-2019-1673,0.01055,0.50287
CVE-2019-16730,0.01055,0.50287
CVE-2019-16731,0.01055,0.50287
CVE-2019-16732,0.00885,0.26162
CVE-2019-16733,0.01055,0.50287
CVE-2019-16734,0.01055,0.50287
CVE-2019-16735,0.01055,0.50287
CVE-2019-16736,0.01055,0.50287
CVE-2019-16737,0.01055,0.50287
CVE-2019-16738,0.01018,0.38792
CVE-2019-1674,0.06593,0.90989
CVE-2019-16743,0.00885,0.26162
CVE-2019-16744,0.00885,0.26162
CVE-2019-16745,0.00885,0.26162
CVE-2019-16746,0.02686,0.82061
CVE-2019-16747,0.00954,0.34522
CVE-2019-16748,0.00885,0.26162
CVE-2019-1675,0.01055,0.50287
CVE-2019-16751,0.00885,0.26162
CVE-2019-16752,0.00885,0.26162
CVE-2019-16753,0.00885,0.26162
CVE-2019-16754,0.00885,0.26162
CVE-2019-16755,0.01156,0.60033
CVE-2019-16758,0.08382,0.93597
CVE-2019-1676,0.01055,0.50287
CVE-2019-16760,0.01018,0.38792
CVE-2019-16761,0.00885,0.26162
CVE-2019-16762,0.00885,0.26162
CVE-2019-16764,0.0095,0.30554
CVE-2019-16765,0.03678,0.84271
CVE-2019-16766,0.0089,0.2856
CVE-2019-16767,0.0089,0.2856
CVE-2019-16768,0.00885,0.26162
CVE-2019-16769,0.00885,0.26162
CVE-2019-1677,0.00885,0.26162
CVE-2019-16770,0.00885,0.26162
CVE-2019-16771,0.01055,0.50287
CVE-2019-16772,0.00885,0.26162
CVE-2019-16774,0.00954,0.34522
CVE-2019-16775,0.01282,0.67298
CVE-2019-16776,0.01282,0.67298
CVE-2019-16777,0.01282,0.67298
CVE-2019-16778,0.00954,0.34522
CVE-2019-16779,0.01018,0.38792
CVE-2019-1678,0.01055,0.50287
CVE-2019-16780,0.02583,0.81238
CVE-2019-16781,0.01034,0.39824
CVE-2019-16782,0.01537,0.73595
CVE-2019-16784,0.00885,0.26162
CVE-2019-16785,0.01183,0.60428
CVE-2019-16786,0.01183,0.60428
CVE-2019-16789,0.01183,0.60428
CVE-2019-1679,0.01055,0.50287
CVE-2019-16790,0.01978,0.78447
CVE-2019-16791,0.00885,0.26162
CVE-2019-16792,0.01018,0.38792
CVE-2019-1680,0.01055,0.50287
CVE-2019-1681,0.01055,0.50287
CVE-2019-1682,0.00885,0.26162
CVE-2019-1683,0.01055,0.50287
CVE-2019-1684,0.00885,0.26162
CVE-2019-1685,0.01055,0.50287
CVE-2019-1686,0.01055,0.50287
CVE-2019-16860,0.01005,0.36332
CVE-2019-16861,0.01005,0.36332
CVE-2019-16862,0.01689,0.75137
CVE-2019-16863,0.01108,0.53389
CVE-2019-16864,0.01978,0.78447
CVE-2019-16865,0.01537,0.73595
CVE-2019-16866,0.01319,0.70416
CVE-2019-16867,0.00885,0.26162
CVE-2019-16868,0.00885,0.26162
CVE-2019-16869,0.05732,0.8984
CVE-2019-1687,0.01055,0.50287
CVE-2019-16871,0.01978,0.78447
CVE-2019-16872,0.00885,0.26162
CVE-2019-16873,0.00885,0.26162
CVE-2019-16874,0.00885,0.26162
CVE-2019-16876,0.00885,0.26162
CVE-2019-16877,0.00885,0.26162
CVE-2019-16878,0.00885,0.26162
CVE-2019-16879,0.00885,0.26162
CVE-2019-1688,0.00885,0.26162
CVE-2019-16880,0.00885,0.26162
CVE-2019-16881,0.01086,0.51674
CVE-2019-16882,0.00885,0.26162
CVE-2019-16884,0.02686,0.82061
CVE-2019-16885,0.05634,0.89764
CVE-2019-16887,0.00885,0.26162
CVE-2019-1689,0.01055,0.50287
CVE-2019-16890,0.00885,0.26162
CVE-2019-16891,0.04571,0.88388
CVE-2019-16892,0.01108,0.53389
CVE-2019-16893,0.08382,0.93597
CVE-2019-16894,0.01564,0.74439
CVE-2019-16896,0.00885,0.26162
CVE-2019-16897,0.00885,0.26162
CVE-2019-16899,0.00885,0.26162
CVE-2019-1690,0.00885,0.26162
CVE-2019-16900,0.00885,0.26162
CVE-2019-16901,0.00885,0.26162
CVE-2019-16902,0.08382,0.93597
CVE-2019-16903,0.00885,0.26162
CVE-2019-16904,0.00885,0.26162
CVE-2019-16905,0.01864,0.7628
CVE-2019-16906,0.00885,0.26162
CVE-2019-16907,0.00885,0.26162
CVE-2019-16908,0.00885,0.26162
CVE-2019-16909,0.00885,0.26162
CVE-2019-1691,0.01055,0.50287
CVE-2019-16910,0.01108,0.53389
CVE-2019-16913,0.00885,0.26162
CVE-2019-16914,0.00954,0.34522
CVE-2019-16915,0.00954,0.34522
CVE-2019-16917,0.0089,0.2856
CVE-2019-16919,0.00954,0.34522
CVE-2019-1692,0.01055,0.50287
CVE-2019-16921,0.00885,0.26162
CVE-2019-16922,0.00885,0.26162
CVE-2019-16923,0.00885,0.26162
CVE-2019-16924,0.01055,0.50287
CVE-2019-16925,0.00885,0.26162
CVE-2019-16926,0.00885,0.26162
CVE-2019-16927,0.00885,0.26162
CVE-2019-16928,0.10667,0.94413
CVE-2019-16929,0.00885,0.26162
CVE-2019-1693,0.01055,0.50287
CVE-2019-16930,0.01018,0.38792
CVE-2019-16931,0.00954,0.34522
CVE-2019-16932,0.00954,0.34522
CVE-2019-16935,0.02686,0.82061
CVE-2019-1694,0.01055,0.50287
CVE-2019-16942,0.02686,0.82061
CVE-2019-16943,0.02686,0.82061
CVE-2019-16948,0.00885,0.26162
CVE-2019-16949,0.00885,0.26162
CVE-2019-1695,0.00885,0.26162
CVE-2019-16950,0.00885,0.26162
CVE-2019-16951,0.00885,0.26162
CVE-2019-16954,0.0089,0.2856
CVE-2019-16955,0.0089,0.2856
CVE-2019-16956,0.0089,0.2856
CVE-2019-16957,0.0089,0.2856
CVE-2019-16958,0.00885,0.26162
CVE-2019-16959,0.0089,0.2856
CVE-2019-1696,0.01055,0.50287
CVE-2019-16960,0.0089,0.2856
CVE-2019-16961,0.0089,0.2856
CVE-2019-16962,0.00885,0.26162
CVE-2019-16964,0.02055,0.7893
CVE-2019-16965,0.02055,0.7893
CVE-2019-16966,0.00954,0.34522
CVE-2019-16967,0.00954,0.34522
CVE-2019-16968,0.00885,0.26162
CVE-2019-16969,0.00885,0.26162
CVE-2019-1697,0.01055,0.50287
CVE-2019-16970,0.00885,0.26162
CVE-2019-16971,0.00885,0.26162
CVE-2019-16972,0.00885,0.26162
CVE-2019-16973,0.00885,0.26162
CVE-2019-16974,0.00885,0.26162
CVE-2019-16975,0.00885,0.26162
CVE-2019-16976,0.00885,0.26162
CVE-2019-16977,0.00885,0.26162
CVE-2019-16978,0.00885,0.26162
CVE-2019-16979,0.00885,0.26162
CVE-2019-1698,0.01055,0.50287
CVE-2019-16980,0.00885,0.26162
CVE-2019-16981,0.00885,0.26162
CVE-2019-16982,0.00885,0.26162
CVE-2019-16983,0.00885,0.26162
CVE-2019-16984,0.00885,0.26162
CVE-2019-16985,0.00885,0.26162
CVE-2019-16986,0.0089,0.2856
CVE-2019-16987,0.00885,0.26162
CVE-2019-16988,0.00885,0.26162
CVE-2019-16989,0.00885,0.26162
CVE-2019-1699,0.01005,0.35949
CVE-2019-16990,0.00885,0.26162
CVE-2019-16991,0.00885,0.26162
CVE-2019-16992,0.00885,0.26162
CVE-2019-16993,0.01018,0.38792
CVE-2019-16994,0.0095,0.30554
CVE-2019-16995,0.01108,0.53389
CVE-2019-16996,0.00885,0.26162
CVE-2019-16997,0.00885,0.26162
CVE-2019-16999,0.00885,0.26162
CVE-2019-1700,0.00885,0.26162
CVE-2019-17000,0.00885,0.26162
CVE-2019-17001,0.00885,0.26162
CVE-2019-17002,0.00885,0.26162
CVE-2019-17005,0.01537,0.73595
CVE-2019-17006,0.01018,0.38792
CVE-2019-17007,0.01018,0.38792
CVE-2019-17008,0.01537,0.73595
CVE-2019-17009,0.01034,0.39824
CVE-2019-1701,0.01055,0.50287
CVE-2019-17010,0.01537,0.73595
CVE-2019-17011,0.01537,0.73595
CVE-2019-17012,0.01537,0.73595
CVE-2019-17013,0.00885,0.26162
CVE-2019-17014,0.00885,0.26162
CVE-2019-17015,0.01108,0.53389
CVE-2019-17016,0.02686,0.82061
CVE-2019-17017,0.02686,0.82061
CVE-2019-17018,0.00885,0.26162
CVE-2019-17019,0.00885,0.26162
CVE-2019-1702,0.01055,0.50287
CVE-2019-17020,0.00954,0.34522
CVE-2019-17021,0.01108,0.53389
CVE-2019-17022,0.02686,0.82061
CVE-2019-17023,0.01018,0.38792
CVE-2019-17024,0.02686,0.82061
CVE-2019-17025,0.00954,0.34522
CVE-2019-1703,0.01055,0.50287
CVE-2019-1704,0.01055,0.50287
CVE-2019-17040,0.01018,0.38792
CVE-2019-17042,0.01108,0.53389
CVE-2019-17043,0.01005,0.36332
CVE-2019-17044,0.01365,0.70715
CVE-2019-17045,0.00885,0.26162
CVE-2019-17046,0.01156,0.60033
CVE-2019-17049,0.00885,0.26162
CVE-2019-1705,0.01055,0.50287
CVE-2019-17050,0.00885,0.26162
CVE-2019-17051,0.01005,0.36332
CVE-2019-17052,0.01547,0.74085
CVE-2019-17053,0.01282,0.67298
CVE-2019-17054,0.01282,0.67298
CVE-2019-17055,0.01547,0.74085
CVE-2019-17056,0.01547,0.74085
CVE-2019-17057,0.00885,0.26162
CVE-2019-17058,0.01424,0.72364
CVE-2019-17059,0.01136,0.57949
CVE-2019-1706,0.01055,0.50287
CVE-2019-17060,0.00885,0.26162
CVE-2019-17061,0.00954,0.34522
CVE-2019-17062,0.00885,0.26162
CVE-2019-17063,0.00885,0.26162
CVE-2019-17064,0.01018,0.38792
CVE-2019-17066,0.00885,0.26162
CVE-2019-17067,0.00885,0.26162
CVE-2019-17068,0.01018,0.38792
CVE-2019-17069,0.01018,0.38792
CVE-2019-1707,0.01055,0.50287
CVE-2019-17070,0.00885,0.26162
CVE-2019-17071,0.00885,0.26162
CVE-2019-17072,0.00885,0.26162
CVE-2019-17073,0.01055,0.50287
CVE-2019-17074,0.00885,0.26162
CVE-2019-17075,0.01537,0.73595
CVE-2019-17076,0.01156,0.60033
CVE-2019-1708,0.01055,0.50287
CVE-2019-17085,0.00885,0.26162
CVE-2019-17087,0.00885,0.26162
CVE-2019-1709,0.01005,0.35949
CVE-2019-17091,0.02686,0.82061
CVE-2019-17092,0.01319,0.70416
CVE-2019-17093,0.00885,0.26162
CVE-2019-17094,0.01036,0.41241
CVE-2019-17095,0.01086,0.51674
CVE-2019-17096,0.02055,0.7893
CVE-2019-17098,0.00885,0.26162
CVE-2019-17099,0.00885,0.26162
CVE-2019-1710,0.01055,0.50287
CVE-2019-17100,0.01036,0.41241
CVE-2019-17101,0.01005,0.35949
CVE-2019-17102,0.01086,0.51674
CVE-2019-17103,0.00885,0.26162
CVE-2019-17104,0.00954,0.34522
CVE-2019-17105,0.00954,0.34522
CVE-2019-17106,0.0089,0.2856
CVE-2019-17107,0.02199,0.80273
CVE-2019-17108,0.00954,0.34522
CVE-2019-17109,0.01232,0.66248
CVE-2019-1711,0.01055,0.50287
CVE-2019-17112,0.00885,0.26162
CVE-2019-17113,0.01183,0.60428
CVE-2019-17114,0.01136,0.57949
CVE-2019-17115,0.01136,0.57949
CVE-2019-17116,0.01136,0.57949
CVE-2019-17117,0.0089,0.2856
CVE-2019-17118,0.01213,0.6557
CVE-2019-17119,0.0089,0.2856
CVE-2019-1712,0.01055,0.50287
CVE-2019-17120,0.01136,0.57949
CVE-2019-17121,0.00885,0.26162
CVE-2019-17123,0.00885,0.26162
CVE-2019-17125,0.00885,0.26162
CVE-2019-17127,0.00885,0.26162
CVE-2019-17128,0.00885,0.26162
CVE-2019-1713,0.01055,0.50287
CVE-2019-17130,0.00885,0.26162
CVE-2019-17131,0.00885,0.26162
CVE-2019-17132,0.08382,0.93597
CVE-2019-17133,0.02686,0.82061
CVE-2019-17134,0.01537,0.73595
CVE-2019-17135,0.01103,0.51945
CVE-2019-17136,0.01103,0.51945
CVE-2019-17137,0.00885,0.26162
CVE-2019-17138,0.01384,0.711
CVE-2019-17139,0.01384,0.711
CVE-2019-1714,0.01055,0.50287
CVE-2019-17140,0.01384,0.711
CVE-2019-17141,0.01384,0.711
CVE-2019-17142,0.01384,0.711
CVE-2019-17143,0.01156,0.60033
CVE-2019-17144,0.01156,0.60033
CVE-2019-17145,0.01156,0.60033
CVE-2019-17146,0.01978,0.78447
CVE-2019-17148,0.01036,0.41241
CVE-2019-1715,0.01055,0.50287
CVE-2019-17151,0.01156,0.60033
CVE-2019-1716,0.01156,0.60033
CVE-2019-1717,0.01055,0.50287
CVE-2019-17175,0.00885,0.26162
CVE-2019-17176,0.00885,0.26162
CVE-2019-17177,0.01108,0.53389
CVE-2019-17178,0.01018,0.38792
CVE-2019-17179,0.00885,0.26162
CVE-2019-1718,0.01055,0.50287
CVE-2019-17180,0.0095,0.30554
CVE-2019-17181,0.00885,0.26162
CVE-2019-17183,0.00885,0.26162
CVE-2019-17184,0.00885,0.26162
CVE-2019-17185,0.00954,0.34522
CVE-2019-17186,0.01156,0.60033
CVE-2019-17187,0.00885,0.26162
CVE-2019-17188,0.00885,0.26162
CVE-2019-17189,0.0089,0.2856
CVE-2019-1719,0.01055,0.50287
CVE-2019-17190,0.0089,0.2856
CVE-2019-17191,0.00954,0.34522
CVE-2019-17192,0.01136,0.57949
CVE-2019-17197,0.00885,0.26162
CVE-2019-17199,0.00885,0.26162
CVE-2019-1720,0.01055,0.50287
CVE-2019-17201,0.00885,0.26162
CVE-2019-17202,0.00885,0.26162
CVE-2019-17203,0.00885,0.26162
CVE-2019-17204,0.00885,0.26162
CVE-2019-17205,0.00885,0.26162
CVE-2019-17206,0.03938,0.85198
CVE-2019-17207,0.0095,0.30554
CVE-2019-1721,0.01055,0.50287
CVE-2019-17210,0.00885,0.26162
CVE-2019-17211,0.01183,0.60428
CVE-2019-17212,0.01108,0.53389
CVE-2019-17213,0.00885,0.26162
CVE-2019-17214,0.00885,0.26162
CVE-2019-17215,0.00885,0.26162
CVE-2019-17216,0.00885,0.26162
CVE-2019-17217,0.00885,0.26162
CVE-2019-17218,0.00885,0.26162
CVE-2019-17219,0.00885,0.26162
CVE-2019-1722,0.01055,0.50287
CVE-2019-17220,0.02173,0.80027
CVE-2019-17222,0.00885,0.26162
CVE-2019-17223,0.00885,0.26162
CVE-2019-17224,0.00885,0.26162
CVE-2019-17225,0.02192,0.80195
CVE-2019-17226,0.00885,0.26162
CVE-2019-17228,0.00954,0.34522
CVE-2019-17229,0.00954,0.34522
CVE-2019-1723,0.01136,0.57949
CVE-2019-17230,0.00885,0.26162
CVE-2019-17231,0.00885,0.26162
CVE-2019-17232,0.00954,0.34522
CVE-2019-17233,0.00954,0.34522
CVE-2019-17235,0.00885,0.26162
CVE-2019-17236,0.00885,0.26162
CVE-2019-17237,0.00885,0.26162
CVE-2019-17239,0.00885,0.26162
CVE-2019-1724,0.01055,0.50287
CVE-2019-17241,0.00885,0.26162
CVE-2019-17242,0.00885,0.26162
CVE-2019-17243,0.00885,0.26162
CVE-2019-17244,0.00885,0.26162
CVE-2019-17245,0.00885,0.26162
CVE-2019-17246,0.00885,0.26162
CVE-2019-17247,0.00885,0.26162
CVE-2019-17248,0.00885,0.26162
CVE-2019-17249,0.00885,0.26162
CVE-2019-1725,0.00885,0.26162
CVE-2019-17250,0.00885,0.26162
CVE-2019-17251,0.00885,0.26162
CVE-2019-17252,0.00885,0.26162
CVE-2019-17253,0.00885,0.26162
CVE-2019-17254,0.00885,0.26162
CVE-2019-17255,0.00885,0.26162
CVE-2019-17256,0.00885,0.26162
CVE-2019-17257,0.00885,0.26162
CVE-2019-17258,0.00885,0.26162
CVE-2019-17259,0.00885,0.26162
CVE-2019-1726,0.00885,0.26162
CVE-2019-17260,0.00885,0.26162
CVE-2019-17261,0.00885,0.26162
CVE-2019-17262,0.00885,0.26162
CVE-2019-17263,0.0089,0.2856
CVE-2019-17264,0.00885,0.26162
CVE-2019-17266,0.01183,0.60428
CVE-2019-17267,0.02686,0.82061
CVE-2019-17268,0.0144,0.7265
CVE-2019-17269,0.01055,0.50287
CVE-2019-1727,0.01005,0.36332
CVE-2019-17270,0.08382,0.93597
CVE-2019-17271,0.00885,0.26162
CVE-2019-17272,0.00885,0.26162
CVE-2019-17273,0.00885,0.26162
CVE-2019-17274,0.01036,0.41241
CVE-2019-17275,0.01156,0.60033
CVE-2019-17276,0.00885,0.26162
CVE-2019-1728,0.00885,0.26162
CVE-2019-1729,0.00885,0.26162
CVE-2019-17292,0.00885,0.26162
CVE-2019-17293,0.00885,0.26162
CVE-2019-17294,0.00885,0.26162
CVE-2019-17295,0.00885,0.26162
CVE-2019-17296,0.00885,0.26162
CVE-2019-17297,0.00885,0.26162
CVE-2019-17298,0.00885,0.26162
CVE-2019-17299,0.00885,0.26162
CVE-2019-1730,0.00885,0.26162
CVE-2019-17300,0.00885,0.26162
CVE-2019-17301,0.00885,0.26162
CVE-2019-17302,0.00885,0.26162
CVE-2019-17303,0.00885,0.26162
CVE-2019-17304,0.00885,0.26162
CVE-2019-17305,0.00885,0.26162
CVE-2019-17306,0.00885,0.26162
CVE-2019-17307,0.00885,0.26162
CVE-2019-17308,0.00885,0.26162
CVE-2019-17309,0.00885,0.26162
CVE-2019-1731,0.00885,0.26162
CVE-2019-17310,0.00885,0.26162
CVE-2019-17311,0.00885,0.26162
CVE-2019-17312,0.00885,0.26162
CVE-2019-17313,0.00885,0.26162
CVE-2019-17314,0.00885,0.26162
CVE-2019-17315,0.00885,0.26162
CVE-2019-17316,0.00885,0.26162
CVE-2019-17317,0.00885,0.26162
CVE-2019-17318,0.00885,0.26162
CVE-2019-17319,0.00885,0.26162
CVE-2019-1732,0.01005,0.35949
CVE-2019-17320,0.01086,0.51674
CVE-2019-17321,0.00885,0.26162
CVE-2019-17322,0.00885,0.26162
CVE-2019-17323,0.01086,0.51674
CVE-2019-17324,0.00885,0.26162
CVE-2019-17325,0.01055,0.50287
CVE-2019-17326,0.01055,0.50287
CVE-2019-17327,0.01156,0.60033
CVE-2019-1733,0.01055,0.50287
CVE-2019-17330,0.00885,0.26162
CVE-2019-17331,0.00885,0.26162
CVE-2019-17332,0.00885,0.26162
CVE-2019-17333,0.00885,0.26162
CVE-2019-17334,0.0144,0.7265
CVE-2019-17335,0.00885,0.26162
CVE-2019-17336,0.00885,0.26162
CVE-2019-17337,0.00885,0.26162
CVE-2019-17338,0.00885,0.26162
CVE-2019-17339,0.00885,0.26162
CVE-2019-1734,0.00885,0.26162
CVE-2019-17340,0.0095,0.30554
CVE-2019-17341,0.0095,0.30554
CVE-2019-17342,0.0095,0.30554
CVE-2019-17343,0.01018,0.38792
CVE-2019-17344,0.0095,0.30554
CVE-2019-17345,0.0095,0.30554
CVE-2019-17346,0.0095,0.30554
CVE-2019-17347,0.0095,0.30554
CVE-2019-17348,0.0095,0.30554
CVE-2019-17349,0.0095,0.30554
CVE-2019-1735,0.00885,0.26162
CVE-2019-17350,0.0095,0.30554
CVE-2019-17351,0.01104,0.52279
CVE-2019-17352,0.00954,0.34522
CVE-2019-17353,0.01018,0.38792
CVE-2019-17354,0.00885,0.26162
CVE-2019-17355,0.00885,0.26162
CVE-2019-17356,0.00885,0.26162
CVE-2019-17357,0.01315,0.67456
CVE-2019-17358,0.01547,0.74085
CVE-2019-17359,0.02686,0.82061
CVE-2019-1736,0.00885,0.26162
CVE-2019-17360,0.01055,0.50287
CVE-2019-17361,0.02509,0.81058
CVE-2019-17362,0.01108,0.53389
CVE-2019-17364,0.01055,0.50287
CVE-2019-17365,0.0089,0.2856
CVE-2019-17366,0.00885,0.26162
CVE-2019-17367,0.00885,0.26162
CVE-2019-17368,0.00885,0.26162
CVE-2019-17369,0.00885,0.26162
CVE-2019-1737,0.01055,0.50287
CVE-2019-17370,0.01086,0.51674
CVE-2019-17371,0.00954,0.34522
CVE-2019-17372,0.01055,0.50287
CVE-2019-17373,0.00885,0.26162
CVE-2019-17375,0.00885,0.26162
CVE-2019-17376,0.00885,0.26162
CVE-2019-17377,0.00885,0.26162
CVE-2019-17378,0.00885,0.26162
CVE-2019-17379,0.00885,0.26162
CVE-2019-1738,0.01055,0.50287
CVE-2019-17380,0.00885,0.26162
CVE-2019-17383,0.00885,0.26162
CVE-2019-17384,0.00885,0.26162
CVE-2019-17385,0.00885,0.26162
CVE-2019-17386,0.01018,0.38792
CVE-2019-17387,0.01365,0.70715
CVE-2019-17388,0.01365,0.70715
CVE-2019-17389,0.00885,0.26162
CVE-2019-1739,0.01055,0.50287
CVE-2019-17390,0.0089,0.2856
CVE-2019-17391,0.00885,0.26162
CVE-2019-17392,0.00885,0.26162
CVE-2019-17393,0.00885,0.26162
CVE-2019-17394,0.00885,0.26162
CVE-2019-17395,0.00885,0.26162
CVE-2019-17396,0.00885,0.26162
CVE-2019-17397,0.00885,0.26162
CVE-2019-17398,0.00885,0.26162
CVE-2019-17399,0.00885,0.26162
CVE-2019-1740,0.01055,0.50287
CVE-2019-17400,0.00885,0.26162
CVE-2019-17401,0.00885,0.26162
CVE-2019-17402,0.00954,0.34522
CVE-2019-17403,0.02432,0.8082
CVE-2019-17404,0.00885,0.26162
CVE-2019-17405,0.00885,0.26162
CVE-2019-17406,0.00885,0.26162
CVE-2019-17408,0.01156,0.60033
CVE-2019-17409,0.00885,0.26162
CVE-2019-1741,0.01055,0.50287
CVE-2019-17414,0.01055,0.50287
CVE-2019-17417,0.00885,0.26162
CVE-2019-17418,0.00885,0.26162
CVE-2019-17419,0.00885,0.26162
CVE-2019-1742,0.01055,0.50287
CVE-2019-17420,0.00954,0.34522
CVE-2019-17421,0.0089,0.2856
CVE-2019-17426,0.00885,0.26162
CVE-2019-17428,0.00954,0.34522
CVE-2019-17429,0.00885,0.26162
CVE-2019-1743,0.01055,0.50287
CVE-2019-17430,0.00885,0.26162
CVE-2019-17431,0.00885,0.26162
CVE-2019-17432,0.00885,0.26162
CVE-2019-17433,0.00885,0.26162
CVE-2019-17434,0.00885,0.26162
CVE-2019-17435,0.00885,0.26162
CVE-2019-17436,0.00885,0.26162
CVE-2019-17437,0.00885,0.26162
CVE-2019-17440,0.00885,0.26162
CVE-2019-17444,0.00885,0.26162
CVE-2019-17445,0.00885,0.26162
CVE-2019-17446,0.00885,0.26162
CVE-2019-17449,0.00885,0.26162
CVE-2019-1745,0.00885,0.26162
CVE-2019-17450,0.01319,0.70416
CVE-2019-17451,0.01108,0.53389
CVE-2019-17452,0.00885,0.26162
CVE-2019-17453,0.00885,0.26162
CVE-2019-17454,0.00885,0.26162
CVE-2019-17455,0.01537,0.73595
CVE-2019-1746,0.00885,0.26162
CVE-2019-1747,0.01055,0.50287
CVE-2019-1748,0.01055,0.50287
CVE-2019-17488,0.00885,0.26162
CVE-2019-17489,0.00885,0.26162
CVE-2019-1749,0.00885,0.26162
CVE-2019-17490,0.00885,0.26162
CVE-2019-17491,0.00885,0.26162
CVE-2019-17493,0.00885,0.26162
CVE-2019-17494,0.00885,0.26162
CVE-2019-17496,0.00885,0.26162
CVE-2019-17499,0.01055,0.50287
CVE-2019-1750,0.00885,0.26162
CVE-2019-17501,0.00885,0.26162
CVE-2019-17502,0.00885,0.26162
CVE-2019-17503,0.00885,0.26162
CVE-2019-17504,0.01055,0.50287
CVE-2019-17505,0.00885,0.26162
CVE-2019-17507,0.00885,0.26162
CVE-2019-17508,0.02055,0.7893
CVE-2019-17509,0.01055,0.50287
CVE-2019-1751,0.01055,0.50287
CVE-2019-17510,0.01055,0.50287
CVE-2019-17511,0.00885,0.26162
CVE-2019-17512,0.00885,0.26162
CVE-2019-17513,0.01018,0.38792
CVE-2019-17514,0.02686,0.82061
CVE-2019-17515,0.00954,0.34522
CVE-2019-17517,0.00885,0.26162
CVE-2019-17518,0.00885,0.26162
CVE-2019-17519,0.00885,0.26162
CVE-2019-1752,0.01055,0.50287
CVE-2019-17520,0.00954,0.34522
CVE-2019-17521,0.00885,0.26162
CVE-2019-17522,0.00885,0.26162
CVE-2019-17523,0.01055,0.50287
CVE-2019-17524,0.01055,0.50287
CVE-2019-17525,0.08078,0.93055
CVE-2019-17526,0.00954,0.34522
CVE-2019-17527,0.00885,0.26162
CVE-2019-17528,0.00885,0.26162
CVE-2019-17529,0.00885,0.26162
CVE-2019-1753,0.01055,0.50287
CVE-2019-17530,0.00885,0.26162
CVE-2019-17531,0.02686,0.82061
CVE-2019-17532,0.01055,0.50287
CVE-2019-17533,0.00954,0.34522
CVE-2019-17534,0.00954,0.34522
CVE-2019-17535,0.00885,0.26162
CVE-2019-17536,0.00885,0.26162
CVE-2019-17537,0.00885,0.26162
CVE-2019-17538,0.00885,0.26162
CVE-2019-17539,0.01108,0.53389
CVE-2019-1754,0.01055,0.50287
CVE-2019-17540,0.01018,0.38792
CVE-2019-17541,0.01018,0.38792
CVE-2019-17542,0.01108,0.53389
CVE-2019-17543,0.02686,0.82061
CVE-2019-17544,0.01183,0.60428
CVE-2019-17545,0.01183,0.60428
CVE-2019-17546,0.01537,0.73595
CVE-2019-17547,0.00954,0.34522
CVE-2019-17549,0.00885,0.26162
CVE-2019-1755,0.01055,0.50287
CVE-2019-17550,0.01018,0.38792
CVE-2019-17551,0.00885,0.26162
CVE-2019-17552,0.00885,0.26162
CVE-2019-17553,0.00885,0.26162
CVE-2019-17554,0.03107,0.83068
CVE-2019-17555,0.00885,0.26162
CVE-2019-17556,0.00885,0.26162
CVE-2019-17557,0.00885,0.26162
CVE-2019-17559,0.00885,0.26162
CVE-2019-1756,0.01055,0.50287
CVE-2019-17560,0.00885,0.26162
CVE-2019-17561,0.00885,0.26162
CVE-2019-17562,0.00885,0.26162
CVE-2019-17563,0.05242,0.89216
CVE-2019-17565,0.00885,0.26162
CVE-2019-17566,0.03032,0.82851
CVE-2019-17567,0.03032,0.82851
CVE-2019-17569,0.04544,0.88279
CVE-2019-1757,0.01055,0.50287
CVE-2019-17572,0.00885,0.26162
CVE-2019-17573,0.05242,0.89216
CVE-2019-17574,0.00954,0.34522
CVE-2019-17575,0.01055,0.50287
CVE-2019-17576,0.00885,0.26162
CVE-2019-17577,0.00885,0.26162
CVE-2019-17578,0.00885,0.26162
CVE-2019-17579,0.00885,0.26162
CVE-2019-1758,0.00885,0.26162
CVE-2019-17580,0.00885,0.26162
CVE-2019-17581,0.00885,0.26162
CVE-2019-17582,0.00954,0.34522
CVE-2019-17583,0.01055,0.50287
CVE-2019-17584,0.00885,0.26162
CVE-2019-17590,0.01055,0.50287
CVE-2019-17592,0.01018,0.38792
CVE-2019-17593,0.00885,0.26162
CVE-2019-17594,0.0095,0.30554
CVE-2019-17595,0.01018,0.38792
CVE-2019-17598,0.00885,0.26162
CVE-2019-17599,0.01018,0.38792
CVE-2019-1760,0.01055,0.50287
CVE-2019-17600,0.00885,0.26162
CVE-2019-17601,0.01086,0.51674
CVE-2019-17602,0.00885,0.26162
CVE-2019-17603,0.00885,0.26162
CVE-2019-17604,0.00885,0.26162
CVE-2019-17605,0.00885,0.26162
CVE-2019-17606,0.01018,0.38792
CVE-2019-17607,0.00954,0.34522
CVE-2019-17608,0.00954,0.34522
CVE-2019-17609,0.00954,0.34522
CVE-2019-1761,0.00885,0.26162
CVE-2019-17610,0.00954,0.34522
CVE-2019-17611,0.00954,0.34522
CVE-2019-17612,0.00885,0.26162
CVE-2019-17613,0.01156,0.60033
CVE-2019-1762,0.00885,0.26162
CVE-2019-17624,0.02042,0.78565
CVE-2019-17626,0.09801,0.94069
CVE-2019-17627,0.00885,0.26162
CVE-2019-17629,0.00885,0.26162
CVE-2019-1763,0.01055,0.50287
CVE-2019-17630,0.00885,0.26162
CVE-2019-17631,0.01018,0.38792
CVE-2019-17632,0.01018,0.38792
CVE-2019-17634,0.01086,0.51674
CVE-2019-17635,0.01036,0.41241
CVE-2019-17636,0.00885,0.26162
CVE-2019-17637,0.00885,0.26162
CVE-2019-17638,0.02686,0.82061
CVE-2019-17639,0.00885,0.26162
CVE-2019-1764,0.01055,0.50287
CVE-2019-17640,0.01108,0.53389
CVE-2019-17642,0.04836,0.88802
CVE-2019-17643,0.01018,0.38792
CVE-2019-17644,0.00885,0.26162
CVE-2019-17645,0.01108,0.53389
CVE-2019-17646,0.01018,0.38792
CVE-2019-17647,0.01108,0.53389
CVE-2019-1765,0.01055,0.50287
CVE-2019-17650,0.00885,0.26162
CVE-2019-17651,0.01055,0.50287
CVE-2019-17652,0.00885,0.26162
CVE-2019-17653,0.01055,0.50287
CVE-2019-17654,0.00885,0.26162
CVE-2019-17655,0.00885,0.26162
CVE-2019-17656,0.01978,0.78447
CVE-2019-17657,0.00885,0.26162
CVE-2019-17658,0.00885,0.26162
CVE-2019-1766,0.01055,0.50287
CVE-2019-17660,0.01055,0.50287
CVE-2019-17661,0.00885,0.26162
CVE-2019-17663,0.00885,0.26162
CVE-2019-17664,0.00885,0.26162
CVE-2019-17665,0.00885,0.26162
CVE-2019-17666,0.02686,0.82061
CVE-2019-17667,0.00885,0.26162
CVE-2019-17668,0.00954,0.34522
CVE-2019-17669,0.01537,0.73595
CVE-2019-1767,0.01005,0.35949
CVE-2019-17670,0.01108,0.53389
CVE-2019-17671,0.16168,0.95904
CVE-2019-17672,0.01108,0.53389
CVE-2019-17673,0.01183,0.60428
CVE-2019-17674,0.01034,0.39824
CVE-2019-17675,0.01537,0.73595
CVE-2019-17676,0.00885,0.26162
CVE-2019-1768,0.01005,0.35949
CVE-2019-1769,0.00885,0.26162
CVE-2019-1770,0.00885,0.26162
CVE-2019-1771,0.01005,0.36332
CVE-2019-1772,0.01005,0.36332
CVE-2019-1773,0.01005,0.36332
CVE-2019-1774,0.00885,0.26162
CVE-2019-1775,0.00885,0.26162
CVE-2019-1776,0.00885,0.26162
CVE-2019-1777,0.01055,0.50287
CVE-2019-1778,0.00885,0.26162
CVE-2019-1779,0.00885,0.26162
CVE-2019-1780,0.00885,0.26162
CVE-2019-1781,0.00885,0.26162
CVE-2019-1782,0.00885,0.26162
CVE-2019-1783,0.00885,0.26162
CVE-2019-1784,0.00885,0.26162
CVE-2019-1785,0.01055,0.50287
CVE-2019-1786,0.01136,0.57949
CVE-2019-1787,0.01213,0.6557
CVE-2019-1788,0.01213,0.6557
CVE-2019-1789,0.00885,0.26162
CVE-2019-1790,0.00885,0.26162
CVE-2019-1791,0.00885,0.26162
CVE-2019-1792,0.01055,0.50287
CVE-2019-1794,0.00885,0.26162
CVE-2019-1795,0.00885,0.26162
CVE-2019-1796,0.00885,0.26162
CVE-2019-1797,0.01055,0.50287
CVE-2019-1798,0.01055,0.50287
CVE-2019-1799,0.00885,0.26162
CVE-2019-1800,0.00885,0.26162
CVE-2019-1802,0.01055,0.50287
CVE-2019-1803,0.00885,0.26162
CVE-2019-1804,0.01055,0.50287
CVE-2019-1805,0.00885,0.26162
CVE-2019-1806,0.01055,0.50287
CVE-2019-1807,0.01055,0.50287
CVE-2019-1808,0.00885,0.26162
CVE-2019-1809,0.00885,0.26162
CVE-2019-1810,0.01005,0.36332
CVE-2019-1811,0.01005,0.36332
CVE-2019-1812,0.01005,0.36332
CVE-2019-1813,0.01005,0.36332
CVE-2019-1814,0.01055,0.50287
CVE-2019-1816,0.01005,0.35949
CVE-2019-1817,0.01055,0.50287
CVE-2019-18178,0.00885,0.26162
CVE-2019-18179,0.0095,0.30554
CVE-2019-1818,0.01055,0.50287
CVE-2019-18180,0.01213,0.6557
CVE-2019-18181,0.00885,0.26162
CVE-2019-18182,0.02564,0.81198
CVE-2019-18183,0.02564,0.81198
CVE-2019-18184,0.05634,0.89764
CVE-2019-18187,0.01156,0.60033
CVE-2019-18188,0.01156,0.60033
CVE-2019-18189,0.00885,0.26162
CVE-2019-1819,0.01055,0.50287
CVE-2019-18190,0.01086,0.51674
CVE-2019-18191,0.01086,0.51674
CVE-2019-18192,0.00885,0.26162
CVE-2019-18193,0.00885,0.26162
CVE-2019-18194,0.02362,0.80685
CVE-2019-18195,0.00885,0.26162
CVE-2019-18196,0.01005,0.36332
CVE-2019-18197,0.02686,0.82061
CVE-2019-18198,0.01034,0.39824
CVE-2019-18199,0.00954,0.34522
CVE-2019-1820,0.01055,0.50287
CVE-2019-18200,0.00954,0.34522
CVE-2019-18201,0.00954,0.34522
CVE-2019-18202,0.01055,0.50287
CVE-2019-18203,0.00885,0.26162
CVE-2019-18204,0.01086,0.51674
CVE-2019-18205,0.00885,0.26162
CVE-2019-18206,0.00885,0.26162
CVE-2019-18207,0.00885,0.26162
CVE-2019-18209,0.00885,0.26162
CVE-2019-18210,0.00885,0.26162
CVE-2019-18211,0.01156,0.60033
CVE-2019-18212,0.01232,0.66248
CVE-2019-18213,0.01034,0.39824
CVE-2019-18214,0.01086,0.51674
CVE-2019-18215,0.00954,0.34522
CVE-2019-18216,0.00885,0.26162
CVE-2019-18217,0.02686,0.82061
CVE-2019-18218,0.02686,0.82061
CVE-2019-18219,0.00885,0.26162
CVE-2019-1822,0.01978,0.78447
CVE-2019-18220,0.01689,0.75137
CVE-2019-18221,0.00885,0.26162
CVE-2019-18222,0.0095,0.30554
CVE-2019-18223,0.00885,0.26162
CVE-2019-18224,0.01537,0.73595
CVE-2019-18225,0.00885,0.26162
CVE-2019-18226,0.00885,0.26162
CVE-2019-18227,0.01537,0.73595
CVE-2019-18228,0.00885,0.26162
CVE-2019-18229,0.01282,0.67298
CVE-2019-1823,0.01978,0.78447
CVE-2019-18230,0.00885,0.26162
CVE-2019-18231,0.00885,0.26162
CVE-2019-18232,0.00885,0.26162
CVE-2019-18233,0.00885,0.26162
CVE-2019-18234,0.01086,0.51674
CVE-2019-18235,0.00885,0.26162
CVE-2019-18236,0.01559,0.742
CVE-2019-18238,0.00885,0.26162
CVE-2019-1824,0.01055,0.50287
CVE-2019-18240,0.01086,0.51674
CVE-2019-18241,0.00885,0.26162
CVE-2019-18242,0.00885,0.26162
CVE-2019-18243,0.00885,0.26162
CVE-2019-18244,0.00885,0.26162
CVE-2019-18245,0.01036,0.41241
CVE-2019-18246,0.00885,0.26162
CVE-2019-18247,0.00885,0.26162
CVE-2019-18248,0.00885,0.26162
CVE-2019-18249,0.00885,0.26162
CVE-2019-1825,0.01055,0.50287
CVE-2019-18250,0.00885,0.26162
CVE-2019-18251,0.00885,0.26162
CVE-2019-18252,0.00885,0.26162
CVE-2019-18253,0.00885,0.26162
CVE-2019-18254,0.00885,0.26162
CVE-2019-18255,0.00885,0.26162
CVE-2019-18256,0.00885,0.26162
CVE-2019-18257,0.01086,0.51674
CVE-2019-18259,0.00885,0.26162
CVE-2019-1826,0.00885,0.26162
CVE-2019-18261,0.00885,0.26162
CVE-2019-18263,0.00885,0.26162
CVE-2019-18267,0.01156,0.60033
CVE-2019-18269,0.00885,0.26162
CVE-2019-1827,0.01055,0.50287
CVE-2019-18271,0.00885,0.26162
CVE-2019-18273,0.00885,0.26162
CVE-2019-18275,0.00885,0.26162
CVE-2019-18277,0.01108,0.53389
CVE-2019-18278,0.00885,0.26162
CVE-2019-18279,0.00954,0.34522
CVE-2019-1828,0.01055,0.50287
CVE-2019-18280,0.00885,0.26162
CVE-2019-18281,0.01108,0.53389
CVE-2019-18282,0.01018,0.38792
CVE-2019-18283,0.01978,0.78447
CVE-2019-18284,0.00885,0.26162
CVE-2019-18285,0.00885,0.26162
CVE-2019-18286,0.00885,0.26162
CVE-2019-18287,0.00885,0.26162
CVE-2019-18288,0.02432,0.8082
CVE-2019-18289,0.01978,0.78447
CVE-2019-1829,0.00885,0.26162
CVE-2019-18290,0.00885,0.26162
CVE-2019-18291,0.00885,0.26162
CVE-2019-18292,0.00885,0.26162
CVE-2019-18293,0.01978,0.78447
CVE-2019-18294,0.00885,0.26162
CVE-2019-18295,0.01978,0.78447
CVE-2019-18296,0.01978,0.78447
CVE-2019-18297,0.00885,0.26162
CVE-2019-18298,0.00885,0.26162
CVE-2019-18299,0.00885,0.26162
CVE-2019-1830,0.01055,0.50287
CVE-2019-18300,0.00885,0.26162
CVE-2019-18301,0.00885,0.26162
CVE-2019-18302,0.00885,0.26162
CVE-2019-18303,0.00885,0.26162
CVE-2019-18304,0.00885,0.26162
CVE-2019-18305,0.00885,0.26162
CVE-2019-18306,0.00885,0.26162
CVE-2019-18307,0.00885,0.26162
CVE-2019-18308,0.00885,0.26162
CVE-2019-18309,0.00885,0.26162
CVE-2019-1831,0.01055,0.50287
CVE-2019-18310,0.00885,0.26162
CVE-2019-18311,0.00885,0.26162
CVE-2019-18312,0.00885,0.26162
CVE-2019-18313,0.01156,0.60033
CVE-2019-18314,0.01156,0.60033
CVE-2019-18315,0.01156,0.60033
CVE-2019-18316,0.01156,0.60033
CVE-2019-18317,0.00885,0.26162
CVE-2019-18318,0.00885,0.26162
CVE-2019-18319,0.00885,0.26162
CVE-2019-1832,0.01055,0.50287
CVE-2019-18320,0.00885,0.26162
CVE-2019-18321,0.00885,0.26162
CVE-2019-18322,0.00885,0.26162
CVE-2019-18323,0.01156,0.60033
CVE-2019-18324,0.01156,0.60033
CVE-2019-18325,0.01156,0.60033
CVE-2019-18326,0.01156,0.60033
CVE-2019-18327,0.01156,0.60033
CVE-2019-18328,0.01156,0.60033
CVE-2019-18329,0.01156,0.60033
CVE-2019-1833,0.01055,0.50287
CVE-2019-18330,0.01156,0.60033
CVE-2019-18331,0.00885,0.26162
CVE-2019-18332,0.00885,0.26162
CVE-2019-18333,0.00885,0.26162
CVE-2019-18334,0.00885,0.26162
CVE-2019-18335,0.00885,0.26162
CVE-2019-18336,0.00885,0.26162
CVE-2019-18337,0.01055,0.50287
CVE-2019-18338,0.01055,0.50287
CVE-2019-18339,0.01055,0.50287
CVE-2019-1834,0.00885,0.26162
CVE-2019-18340,0.00885,0.26162
CVE-2019-18341,0.01055,0.50287
CVE-2019-18342,0.01055,0.50287
CVE-2019-18344,0.01055,0.50287
CVE-2019-18345,0.01183,0.60428
CVE-2019-18346,0.01537,0.73595
CVE-2019-18347,0.01282,0.67298
CVE-2019-18348,0.02686,0.82061
CVE-2019-18349,0.00954,0.34522
CVE-2019-1835,0.00885,0.26162
CVE-2019-18350,0.01086,0.51674
CVE-2019-18352,0.00885,0.26162
CVE-2019-18355,0.00885,0.26162
CVE-2019-18356,0.00885,0.26162
CVE-2019-18357,0.00885,0.26162
CVE-2019-18359,0.01136,0.57949
CVE-2019-1836,0.00885,0.26162
CVE-2019-18360,0.00885,0.26162
CVE-2019-18361,0.01036,0.41241
CVE-2019-18362,0.00885,0.26162
CVE-2019-18363,0.00885,0.26162
CVE-2019-18364,0.01156,0.60033
CVE-2019-18365,0.00885,0.26162
CVE-2019-18366,0.00885,0.26162
CVE-2019-18367,0.00885,0.26162
CVE-2019-18368,0.00885,0.26162
CVE-2019-18369,0.00885,0.26162
CVE-2019-1837,0.01055,0.50287
CVE-2019-18372,0.00885,0.26162
CVE-2019-18373,0.00885,0.26162
CVE-2019-18374,0.00885,0.26162
CVE-2019-18375,0.01055,0.50287
CVE-2019-18376,0.01055,0.50287
CVE-2019-18377,0.00885,0.26162
CVE-2019-18378,0.00885,0.26162
CVE-2019-18379,0.00885,0.26162
CVE-2019-1838,0.01055,0.50287
CVE-2019-18380,0.00885,0.26162
CVE-2019-18381,0.00885,0.26162
CVE-2019-18382,0.00885,0.26162
CVE-2019-18383,0.00885,0.26162
CVE-2019-18384,0.00885,0.26162
CVE-2019-18385,0.00885,0.26162
CVE-2019-18386,0.00885,0.26162
CVE-2019-18387,0.01055,0.50287
CVE-2019-18388,0.0095,0.30554
CVE-2019-18389,0.01365,0.70715
CVE-2019-1839,0.00885,0.26162
CVE-2019-18390,0.0095,0.30554
CVE-2019-18391,0.0095,0.30554
CVE-2019-18393,0.00885,0.26162
CVE-2019-18396,0.08078,0.93055
CVE-2019-18397,0.02273,0.80589
CVE-2019-1840,0.01055,0.50287
CVE-2019-18408,0.02686,0.82061
CVE-2019-18409,0.00885,0.26162
CVE-2019-1841,0.01055,0.50287
CVE-2019-18411,0.00885,0.26162
CVE-2019-18412,0.00885,0.26162
CVE-2019-18413,0.00954,0.34522
CVE-2019-18414,0.00885,0.26162
CVE-2019-18415,0.00885,0.26162
CVE-2019-18416,0.00885,0.26162
CVE-2019-18417,0.01086,0.51674
CVE-2019-18419,0.01055,0.50287
CVE-2019-1842,0.01055,0.50287
CVE-2019-18420,0.01282,0.67298
CVE-2019-18421,0.01282,0.67298
CVE-2019-18422,0.01034,0.39824
CVE-2019-18423,0.01104,0.52279
CVE-2019-18424,0.01537,0.73595
CVE-2019-18425,0.01537,0.73595
CVE-2019-18426,0.08382,0.93597
CVE-2019-1843,0.01055,0.50287
CVE-2019-1844,0.01055,0.50287
CVE-2019-18446,0.00885,0.26162
CVE-2019-18447,0.00885,0.26162
CVE-2019-18448,0.00885,0.26162
CVE-2019-18449,0.00885,0.26162
CVE-2019-1845,0.01055,0.50287
CVE-2019-18450,0.00885,0.26162
CVE-2019-18451,0.00885,0.26162
CVE-2019-18452,0.00885,0.26162
CVE-2019-18453,0.00885,0.26162
CVE-2019-18454,0.00885,0.26162
CVE-2019-18455,0.00885,0.26162
CVE-2019-18456,0.00885,0.26162
CVE-2019-18457,0.00885,0.26162
CVE-2019-18458,0.00885,0.26162
CVE-2019-18459,0.00885,0.26162
CVE-2019-1846,0.00885,0.26162
CVE-2019-18460,0.00885,0.26162
CVE-2019-18461,0.00885,0.26162
CVE-2019-18462,0.00885,0.26162
CVE-2019-18463,0.00885,0.26162
CVE-2019-18464,0.01018,0.38792
CVE-2019-18465,0.00885,0.26162
CVE-2019-18466,0.01108,0.53389
CVE-2019-1848,0.00885,0.26162
CVE-2019-1849,0.00885,0.26162
CVE-2019-1850,0.01055,0.50287
CVE-2019-1851,0.01055,0.50287
CVE-2019-1852,0.01055,0.50287
CVE-2019-1853,0.01055,0.50287
CVE-2019-1854,0.01132,0.54372
CVE-2019-1855,0.01005,0.36332
CVE-2019-1856,0.01055,0.50287
CVE-2019-18567,0.00885,0.26162
CVE-2019-18568,0.01036,0.41241
CVE-2019-1857,0.01055,0.50287
CVE-2019-18571,0.00885,0.26162
CVE-2019-18572,0.01055,0.50287
CVE-2019-18573,0.01055,0.50287
CVE-2019-18574,0.00885,0.26162
CVE-2019-18575,0.00885,0.26162
CVE-2019-18576,0.00885,0.26162
CVE-2019-18577,0.00885,0.26162
CVE-2019-18578,0.01055,0.50287
CVE-2019-18579,0.00885,0.26162
CVE-2019-1858,0.01055,0.50287
CVE-2019-18580,0.01156,0.60033
CVE-2019-18581,0.01156,0.60033
CVE-2019-18582,0.01156,0.60033
CVE-2019-18588,0.00885,0.26162
CVE-2019-1859,0.00885,0.26162
CVE-2019-1860,0.01055,0.50287
CVE-2019-18601,0.01055,0.50287
CVE-2019-18602,0.00885,0.26162
CVE-2019-18603,0.00885,0.26162
CVE-2019-18604,0.00885,0.26162
CVE-2019-18608,0.00885,0.26162
CVE-2019-18609,0.01537,0.73595
CVE-2019-1861,0.01978,0.78447
CVE-2019-18610,0.01132,0.54372
CVE-2019-18611,0.00885,0.26162
CVE-2019-18612,0.00885,0.26162
CVE-2019-18614,0.00885,0.26162
CVE-2019-18615,0.00885,0.26162
CVE-2019-18618,0.0095,0.30554
CVE-2019-18619,0.01625,0.74894
CVE-2019-1862,0.01061,0.51015
CVE-2019-18622,0.01108,0.53389
CVE-2019-18623,0.00885,0.26162
CVE-2019-18624,0.00885,0.26162
CVE-2019-18625,0.01018,0.38792
CVE-2019-18626,0.00885,0.26162
CVE-2019-18628,0.00885,0.26162
CVE-2019-18629,0.00885,0.26162
CVE-2019-1863,0.01055,0.50287
CVE-2019-18630,0.00885,0.26162
CVE-2019-18631,0.01036,0.41241
CVE-2019-18632,0.00885,0.26162
CVE-2019-18633,0.00885,0.26162
CVE-2019-18635,0.00885,0.26162
CVE-2019-18636,0.01055,0.50287
CVE-2019-1864,0.01055,0.50287
CVE-2019-18641,0.01018,0.38792
CVE-2019-18642,0.00885,0.26162
CVE-2019-18643,0.01156,0.60033
CVE-2019-18644,0.00885,0.26162
CVE-2019-18645,0.00885,0.26162
CVE-2019-18646,0.00885,0.26162
CVE-2019-18647,0.02055,0.7893
CVE-2019-18648,0.00885,0.26162
CVE-2019-18649,0.00885,0.26162
CVE-2019-1865,0.01055,0.50287
CVE-2019-18650,0.00885,0.26162
CVE-2019-18651,0.01055,0.50287
CVE-2019-18652,0.01055,0.50287
CVE-2019-18653,0.00885,0.26162
CVE-2019-18654,0.00885,0.26162
CVE-2019-18656,0.00885,0.26162
CVE-2019-18657,0.00954,0.34522
CVE-2019-18658,0.00885,0.26162
CVE-2019-18659,0.01055,0.50287
CVE-2019-1866,0.01055,0.50287
CVE-2019-18660,0.01547,0.74085
CVE-2019-18661,0.00885,0.26162
CVE-2019-18662,0.00954,0.34522
CVE-2019-18663,0.01055,0.50287
CVE-2019-18664,0.00885,0.26162
CVE-2019-18665,0.00885,0.26162
CVE-2019-18666,0.01136,0.57949
CVE-2019-18667,0.00885,0.26162
CVE-2019-18668,0.0089,0.2856
CVE-2019-1867,0.01055,0.50287
CVE-2019-18670,0.00885,0.26162
CVE-2019-18671,0.02509,0.81058
CVE-2019-18672,0.01018,0.38792
CVE-2019-18673,0.00885,0.26162
CVE-2019-18674,0.00885,0.26162
CVE-2019-18675,0.0095,0.30554
CVE-2019-18676,0.01537,0.73595
CVE-2019-18677,0.01537,0.73595
CVE-2019-18678,0.01537,0.73595
CVE-2019-18679,0.09801,0.94069
CVE-2019-1868,0.01055,0.50287
CVE-2019-18680,0.01018,0.38792
CVE-2019-18684,0.00885,0.26162
CVE-2019-1869,0.01055,0.50287
CVE-2019-1870,0.01055,0.50287
CVE-2019-1871,0.01055,0.50287
CVE-2019-1872,0.01055,0.50287
CVE-2019-1873,0.01055,0.50287
CVE-2019-1874,0.01055,0.50287
CVE-2019-1875,0.01055,0.50287
CVE-2019-1876,0.01055,0.50287
CVE-2019-1877,0.01055,0.50287
CVE-2019-1878,0.00885,0.26162
CVE-2019-18780,0.01213,0.6557
CVE-2019-18781,0.00885,0.26162
CVE-2019-18782,0.00885,0.26162
CVE-2019-18784,0.00885,0.26162
CVE-2019-18785,0.00885,0.26162
CVE-2019-18786,0.0095,0.30554
CVE-2019-1879,0.00885,0.26162
CVE-2019-18790,0.02051,0.78585
CVE-2019-18791,0.00885,0.26162
CVE-2019-18792,0.01018,0.38792
CVE-2019-18793,0.00885,0.26162
CVE-2019-18794,0.00885,0.26162
CVE-2019-18795,0.00885,0.26162
CVE-2019-18796,0.00885,0.26162
CVE-2019-18797,0.00885,0.26162
CVE-2019-18798,0.00885,0.26162
CVE-2019-18799,0.00885,0.26162
CVE-2019-1880,0.00885,0.26162
CVE-2019-18800,0.01055,0.50287
CVE-2019-18801,0.01018,0.38792
CVE-2019-18802,0.01018,0.38792
CVE-2019-18804,0.01537,0.73595
CVE-2019-18805,0.01108,0.53389
CVE-2019-18806,0.00885,0.26162
CVE-2019-18807,0.00954,0.34522
CVE-2019-18808,0.01104,0.52279
CVE-2019-18809,0.01537,0.73595
CVE-2019-18810,0.01018,0.38792
CVE-2019-18811,0.0095,0.30554
CVE-2019-18812,0.01018,0.38792
CVE-2019-18813,0.01018,0.38792
CVE-2019-18814,0.01018,0.38792
CVE-2019-18815,0.00885,0.26162
CVE-2019-18816,0.00885,0.26162
CVE-2019-18817,0.00885,0.26162
CVE-2019-18819,0.00885,0.26162
CVE-2019-1882,0.01055,0.50287
CVE-2019-18820,0.00885,0.26162
CVE-2019-18821,0.00885,0.26162
CVE-2019-18822,0.00885,0.26162
CVE-2019-18823,0.01537,0.73595
CVE-2019-18824,0.01018,0.38792
CVE-2019-18825,0.00885,0.26162
CVE-2019-18826,0.00885,0.26162
CVE-2019-18827,0.02762,0.82156
CVE-2019-18828,0.01108,0.53389
CVE-2019-18829,0.01018,0.38792
CVE-2019-1883,0.00885,0.26162
CVE-2019-18830,0.02762,0.82156
CVE-2019-18831,0.01034,0.39824
CVE-2019-18832,0.00885,0.26162
CVE-2019-18833,0.00885,0.26162
CVE-2019-18834,0.01136,0.57949
CVE-2019-18835,0.00885,0.26162
CVE-2019-18836,0.01213,0.6557
CVE-2019-18837,0.01018,0.38792
CVE-2019-18838,0.01018,0.38792
CVE-2019-1884,0.01055,0.50287
CVE-2019-18840,0.00885,0.26162
CVE-2019-18841,0.01108,0.53389
CVE-2019-18842,0.00885,0.26162
CVE-2019-18844,0.01018,0.38792
CVE-2019-18846,0.00885,0.26162
CVE-2019-18847,0.01978,0.78447
CVE-2019-18848,0.00954,0.34522
CVE-2019-18849,0.01108,0.53389
CVE-2019-1885,0.01055,0.50287
CVE-2019-18850,0.00885,0.26162
CVE-2019-18852,0.00885,0.26162
CVE-2019-18853,0.01055,0.50287
CVE-2019-18854,0.01018,0.38792
CVE-2019-18855,0.01018,0.38792
CVE-2019-18856,0.00885,0.26162
CVE-2019-18857,0.00885,0.26162
CVE-2019-18858,0.00885,0.26162
CVE-2019-18859,0.02173,0.80027
CVE-2019-1886,0.01055,0.50287
CVE-2019-18860,0.01108,0.53389
CVE-2019-18862,0.01832,0.76196
CVE-2019-18863,0.00885,0.26162
CVE-2019-18864,0.00885,0.26162
CVE-2019-18865,0.00885,0.26162
CVE-2019-18866,0.00885,0.26162
CVE-2019-18867,0.00885,0.26162
CVE-2019-18868,0.00885,0.26162
CVE-2019-18869,0.00885,0.26162
CVE-2019-1887,0.01055,0.50287
CVE-2019-18870,0.00885,0.26162
CVE-2019-18871,0.01156,0.60033
CVE-2019-18872,0.00885,0.26162
CVE-2019-18874,0.01018,0.38792
CVE-2019-1888,0.01055,0.50287
CVE-2019-18881,0.00885,0.26162
CVE-2019-18882,0.00885,0.26162
CVE-2019-18883,0.00885,0.26162
CVE-2019-18884,0.00885,0.26162
CVE-2019-18886,0.00954,0.34522
CVE-2019-18887,0.01108,0.53389
CVE-2019-18888,0.01108,0.53389
CVE-2019-18889,0.01213,0.6557
CVE-2019-1889,0.01055,0.50287
CVE-2019-18893,0.00885,0.26162
CVE-2019-18894,0.01036,0.41241
CVE-2019-18895,0.0095,0.30554
CVE-2019-18897,0.00885,0.26162
CVE-2019-18898,0.00885,0.26162
CVE-2019-18899,0.0089,0.2856
CVE-2019-1890,0.00885,0.26162
CVE-2019-18900,0.0089,0.2856
CVE-2019-18901,0.00885,0.26162
CVE-2019-18902,0.01156,0.60033
CVE-2019-18903,0.01156,0.60033
CVE-2019-18904,0.01055,0.50287
CVE-2019-18905,0.01055,0.50287
CVE-2019-18906,0.00885,0.26162
CVE-2019-18909,0.0089,0.2856
CVE-2019-1891,0.01055,0.50287
CVE-2019-18910,0.00954,0.34522
CVE-2019-18912,0.00885,0.26162
CVE-2019-18913,0.01234,0.66258
CVE-2019-18914,0.00885,0.26162
CVE-2019-18915,0.02507,0.80879
CVE-2019-18916,0.00885,0.26162
CVE-2019-18917,0.00885,0.26162
CVE-2019-1892,0.01055,0.50287
CVE-2019-18922,0.00954,0.34522
CVE-2019-18923,0.01055,0.50287
CVE-2019-18924,0.00885,0.26162
CVE-2019-18925,0.00885,0.26162
CVE-2019-18926,0.00885,0.26162
CVE-2019-18928,0.01018,0.38792
CVE-2019-18929,0.0144,0.7265
CVE-2019-1893,0.01036,0.41241
CVE-2019-18930,0.0144,0.7265
CVE-2019-18931,0.00885,0.26162
CVE-2019-18932,0.01282,0.67298
CVE-2019-18933,0.00885,0.26162
CVE-2019-18934,0.02762,0.82156
CVE-2019-18936,0.00885,0.26162
CVE-2019-18937,0.01156,0.60033
CVE-2019-18938,0.01156,0.60033
CVE-2019-18939,0.01156,0.60033
CVE-2019-1894,0.01156,0.60033
CVE-2019-18942,0.00885,0.26162
CVE-2019-18943,0.00885,0.26162
CVE-2019-18944,0.00885,0.26162
CVE-2019-18945,0.00885,0.26162
CVE-2019-18946,0.00885,0.26162
CVE-2019-18947,0.00885,0.26162
CVE-2019-18948,0.00885,0.26162
CVE-2019-18949,0.01086,0.51674
CVE-2019-1895,0.01055,0.50287
CVE-2019-18951,0.08382,0.93597
CVE-2019-18952,0.02432,0.8082
CVE-2019-18954,0.00885,0.26162
CVE-2019-18955,0.00885,0.26162
CVE-2019-18956,0.01156,0.60033
CVE-2019-18957,0.00954,0.34522
CVE-2019-18958,0.00885,0.26162
CVE-2019-1896,0.01055,0.50287
CVE-2019-18960,0.01018,0.38792
CVE-2019-1897,0.01136,0.57949
CVE-2019-18976,0.0223,0.80449
CVE-2019-18978,0.01108,0.53389
CVE-2019-18979,0.00885,0.26162
CVE-2019-1898,0.01136,0.57949
CVE-2019-18980,0.01055,0.50287
CVE-2019-18981,0.00885,0.26162
CVE-2019-18982,0.0144,0.7265
CVE-2019-18985,0.00885,0.26162
CVE-2019-18986,0.00885,0.26162
CVE-2019-18987,0.00954,0.34522
CVE-2019-18989,0.00885,0.26162
CVE-2019-1899,0.01136,0.57949
CVE-2019-18990,0.00885,0.26162
CVE-2019-18991,0.00885,0.26162
CVE-2019-18992,0.00885,0.26162
CVE-2019-18993,0.00885,0.26162
CVE-2019-18994,0.00885,0.26162
CVE-2019-18995,0.00885,0.26162
CVE-2019-18996,0.01036,0.41241
CVE-2019-18997,0.00885,0.26162
CVE-2019-18998,0.00885,0.26162
CVE-2019-1900,0.01055,0.50287
CVE-2019-19000,0.00885,0.26162
CVE-2019-19001,0.00885,0.26162
CVE-2019-19002,0.00885,0.26162
CVE-2019-19003,0.00885,0.26162
CVE-2019-19004,0.01018,0.38792
CVE-2019-19005,0.00954,0.34522
CVE-2019-19006,0.01018,0.38792
CVE-2019-19007,0.00885,0.26162
CVE-2019-1901,0.01036,0.41241
CVE-2019-19010,0.01018,0.38792
CVE-2019-19011,0.00885,0.26162
CVE-2019-19013,0.00885,0.26162
CVE-2019-19014,0.00885,0.26162
CVE-2019-19015,0.0144,0.7265
CVE-2019-19016,0.00885,0.26162
CVE-2019-19017,0.00885,0.26162
CVE-2019-19018,0.00885,0.26162
CVE-2019-19019,0.01978,0.78447
CVE-2019-19020,0.0144,0.7265
CVE-2019-19021,0.00885,0.26162
CVE-2019-19022,0.01055,0.50287
CVE-2019-19023,0.00885,0.26162
CVE-2019-19025,0.00954,0.34522
CVE-2019-19026,0.0089,0.2856
CVE-2019-19029,0.0089,0.2856
CVE-2019-1903,0.01055,0.50287
CVE-2019-19031,0.07308,0.9216
CVE-2019-19032,0.07308,0.9216
CVE-2019-19033,0.00954,0.34522
CVE-2019-19034,0.0089,0.2856
CVE-2019-19035,0.01018,0.38792
CVE-2019-19036,0.01018,0.38792
CVE-2019-19037,0.00954,0.34522
CVE-2019-19039,0.00954,0.34522
CVE-2019-1904,0.01055,0.50287
CVE-2019-19040,0.00885,0.26162
CVE-2019-19041,0.00885,0.26162
CVE-2019-19043,0.0095,0.30554
CVE-2019-19044,0.01018,0.38792
CVE-2019-19045,0.01282,0.67298
CVE-2019-19046,0.01104,0.52279
CVE-2019-19047,0.0095,0.30554
CVE-2019-19048,0.01018,0.38792
CVE-2019-19049,0.01018,0.38792
CVE-2019-1905,0.01055,0.50287
CVE-2019-19050,0.01108,0.53389
CVE-2019-19051,0.01282,0.67298
CVE-2019-19052,0.02686,0.82061
CVE-2019-19053,0.01018,0.38792
CVE-2019-19054,0.01104,0.52279
CVE-2019-19055,0.01034,0.39824
CVE-2019-19056,0.01282,0.67298
CVE-2019-19057,0.01547,0.74085
CVE-2019-19058,0.01104,0.52279
CVE-2019-19059,0.01034,0.39824
CVE-2019-1906,0.01055,0.50287
CVE-2019-19060,0.01183,0.60428
CVE-2019-19061,0.01018,0.38792
CVE-2019-19062,0.01547,0.74085
CVE-2019-19063,0.02686,0.82061
CVE-2019-19064,0.01018,0.38792
CVE-2019-19065,0.01034,0.39824
CVE-2019-19066,0.01547,0.74085
CVE-2019-19067,0.01034,0.39824
CVE-2019-19068,0.01537,0.73595
CVE-2019-19069,0.01018,0.38792
CVE-2019-1907,0.01055,0.50287
CVE-2019-19070,0.01018,0.38792
CVE-2019-19071,0.01183,0.60428
CVE-2019-19072,0.01034,0.39824
CVE-2019-19073,0.01537,0.73595
CVE-2019-19074,0.01537,0.73595
CVE-2019-19075,0.01108,0.53389
CVE-2019-19076,0.01108,0.53389
CVE-2019-19077,0.0095,0.30554
CVE-2019-19078,0.01537,0.73595
CVE-2019-19079,0.01018,0.38792
CVE-2019-1908,0.01055,0.50287
CVE-2019-19080,0.01018,0.38792
CVE-2019-19081,0.01018,0.38792
CVE-2019-19082,0.01034,0.39824
CVE-2019-19083,0.01104,0.52279
CVE-2019-19084,0.00885,0.26162
CVE-2019-19085,0.01055,0.50287
CVE-2019-19086,0.00885,0.26162
CVE-2019-19087,0.00885,0.26162
CVE-2019-19088,0.00885,0.26162
CVE-2019-19089,0.01086,0.51674
CVE-2019-1909,0.01055,0.50287
CVE-2019-19090,0.00885,0.26162
CVE-2019-19091,0.00885,0.26162
CVE-2019-19092,0.00885,0.26162
CVE-2019-19093,0.00885,0.26162
CVE-2019-19094,0.00885,0.26162
CVE-2019-19095,0.00885,0.26162
CVE-2019-19096,0.00885,0.26162
CVE-2019-19097,0.00885,0.26162
CVE-2019-1910,0.00885,0.26162
CVE-2019-19100,0.00885,0.26162
CVE-2019-19101,0.00885,0.26162
CVE-2019-19102,0.00885,0.26162
CVE-2019-19104,0.00885,0.26162
CVE-2019-19105,0.00885,0.26162
CVE-2019-19106,0.00885,0.26162
CVE-2019-19107,0.00885,0.26162
CVE-2019-19108,0.00885,0.26162
CVE-2019-19109,0.00885,0.26162
CVE-2019-1911,0.00885,0.26162
CVE-2019-19110,0.00885,0.26162
CVE-2019-19111,0.00885,0.26162
CVE-2019-19112,0.00885,0.26162
CVE-2019-19113,0.00885,0.26162
CVE-2019-19115,0.01036,0.41241
CVE-2019-19117,0.01055,0.50287
CVE-2019-19118,0.01034,0.39824
CVE-2019-19119,0.0095,0.30554
CVE-2019-1912,0.01055,0.50287
CVE-2019-19126,0.01365,0.70715
CVE-2019-19127,0.00954,0.34522
CVE-2019-19129,0.00885,0.26162
CVE-2019-1913,0.01978,0.78447
CVE-2019-19133,0.01018,0.38792
CVE-2019-19134,0.01018,0.38792
CVE-2019-19135,0.00885,0.26162
CVE-2019-19138,0.00885,0.26162
CVE-2019-1914,0.01055,0.50287
CVE-2019-19141,0.01156,0.60033
CVE-2019-19142,0.08382,0.93597
CVE-2019-19143,0.06089,0.90158
CVE-2019-19148,0.01978,0.78447
CVE-2019-1915,0.01055,0.50287
CVE-2019-19150,0.00885,0.26162
CVE-2019-19151,0.00885,0.26162
CVE-2019-19160,0.0144,0.7265
CVE-2019-19161,0.00885,0.26162
CVE-2019-19162,0.01036,0.41241
CVE-2019-19163,0.01005,0.36332
CVE-2019-19164,0.01055,0.50287
CVE-2019-19165,0.00885,0.26162
CVE-2019-19166,0.01611,0.74874
CVE-2019-19167,0.01978,0.78447
CVE-2019-19168,0.01978,0.78447
CVE-2019-19169,0.01978,0.78447
CVE-2019-1917,0.01055,0.50287
CVE-2019-1918,0.00885,0.26162
CVE-2019-1919,0.00885,0.26162
CVE-2019-19191,0.0089,0.2856
CVE-2019-19192,0.00885,0.26162
CVE-2019-19193,0.00885,0.26162
CVE-2019-19194,0.00885,0.26162
CVE-2019-19195,0.00885,0.26162
CVE-2019-19196,0.00885,0.26162
CVE-2019-19197,0.01005,0.36332
CVE-2019-19198,0.0095,0.30554
CVE-2019-19199,0.01018,0.38792
CVE-2019-1920,0.00885,0.26162
CVE-2019-19200,0.0089,0.2856
CVE-2019-19202,0.00885,0.26162
CVE-2019-19206,0.0144,0.7265
CVE-2019-19207,0.00885,0.26162
CVE-2019-19208,0.01108,0.53389
CVE-2019-19209,0.00954,0.34522
CVE-2019-1921,0.01055,0.50287
CVE-2019-19210,0.0089,0.2856
CVE-2019-19211,0.00954,0.34522
CVE-2019-19212,0.00954,0.34522
CVE-2019-19215,0.01055,0.50287
CVE-2019-19216,0.00885,0.26162
CVE-2019-19217,0.02055,0.7893
CVE-2019-19218,0.00885,0.26162
CVE-2019-19219,0.00885,0.26162
CVE-2019-1922,0.01055,0.50287
CVE-2019-19220,0.02055,0.7893
CVE-2019-19221,0.01018,0.38792
CVE-2019-19222,0.0095,0.30554
CVE-2019-19223,0.01018,0.38792
CVE-2019-19224,0.01018,0.38792
CVE-2019-19225,0.01018,0.38792
CVE-2019-19226,0.01018,0.38792
CVE-2019-19227,0.01547,0.74085
CVE-2019-19228,0.00954,0.34522
CVE-2019-19229,0.0089,0.2856
CVE-2019-1923,0.00885,0.26162
CVE-2019-19230,0.05634,0.89764
CVE-2019-19231,0.0095,0.30554
CVE-2019-19232,0.02686,0.82061
CVE-2019-19234,0.02686,0.82061
CVE-2019-19235,0.01365,0.70715
CVE-2019-1924,0.01036,0.41241
CVE-2019-19240,0.00954,0.34522
CVE-2019-19241,0.02526,0.81076
CVE-2019-19242,0.01018,0.38792
CVE-2019-19244,0.01018,0.38792
CVE-2019-19245,0.00885,0.26162
CVE-2019-19246,0.01018,0.38792
CVE-2019-19247,0.00885,0.26162
CVE-2019-19248,0.00885,0.26162
CVE-2019-19249,0.00885,0.26162
CVE-2019-1925,0.01036,0.41241
CVE-2019-19250,0.00885,0.26162
CVE-2019-19251,0.00885,0.26162
CVE-2019-19252,0.0095,0.30554
CVE-2019-19254,0.00954,0.34522
CVE-2019-19255,0.00885,0.26162
CVE-2019-19256,0.00885,0.26162
CVE-2019-19257,0.00885,0.26162
CVE-2019-19258,0.00885,0.26162
CVE-2019-19259,0.00885,0.26162
CVE-2019-1926,0.01036,0.41241
CVE-2019-19260,0.00885,0.26162
CVE-2019-19261,0.00885,0.26162
CVE-2019-19262,0.0089,0.2856
CVE-2019-19263,0.00885,0.26162
CVE-2019-19264,0.01055,0.50287
CVE-2019-19265,0.00885,0.26162
CVE-2019-19266,0.00885,0.26162
CVE-2019-19269,0.01034,0.39824
CVE-2019-1927,0.01036,0.41241
CVE-2019-19270,0.01018,0.38792
CVE-2019-19271,0.00885,0.26162
CVE-2019-19272,0.00885,0.26162
CVE-2019-19273,0.00885,0.26162
CVE-2019-19274,0.01108,0.53389
CVE-2019-19275,0.01108,0.53389
CVE-2019-19276,0.00885,0.26162
CVE-2019-19277,0.01055,0.50287
CVE-2019-19279,0.00885,0.26162
CVE-2019-1928,0.01036,0.41241
CVE-2019-19281,0.00885,0.26162
CVE-2019-19282,0.00885,0.26162
CVE-2019-19283,0.00885,0.26162
CVE-2019-19284,0.00885,0.26162
CVE-2019-19285,0.00885,0.26162
CVE-2019-19286,0.00885,0.26162
CVE-2019-19287,0.00885,0.26162
CVE-2019-19288,0.00885,0.26162
CVE-2019-19289,0.00885,0.26162
CVE-2019-1929,0.01036,0.41241
CVE-2019-19290,0.01055,0.50287
CVE-2019-19291,0.01055,0.50287
CVE-2019-19292,0.01055,0.50287
CVE-2019-19293,0.01055,0.50287
CVE-2019-19294,0.01055,0.50287
CVE-2019-19295,0.01055,0.50287
CVE-2019-19296,0.01055,0.50287
CVE-2019-19297,0.01055,0.50287
CVE-2019-19298,0.01055,0.50287
CVE-2019-19299,0.01055,0.50287
CVE-2019-1930,0.01055,0.50287
CVE-2019-19300,0.00885,0.26162
CVE-2019-19301,0.00885,0.26162
CVE-2019-19306,0.0095,0.30554
CVE-2019-19307,0.00885,0.26162
CVE-2019-19308,0.00885,0.26162
CVE-2019-19309,0.00885,0.26162
CVE-2019-1931,0.01055,0.50287
CVE-2019-19310,0.00885,0.26162
CVE-2019-19311,0.0089,0.2856
CVE-2019-19312,0.00954,0.34522
CVE-2019-19313,0.00954,0.34522
CVE-2019-19314,0.00954,0.34522
CVE-2019-19316,0.00885,0.26162
CVE-2019-19317,0.01018,0.38792
CVE-2019-19318,0.0095,0.30554
CVE-2019-19319,0.01282,0.67298
CVE-2019-19324,0.00885,0.26162
CVE-2019-19325,0.00885,0.26162
CVE-2019-19326,0.00885,0.26162
CVE-2019-19327,0.00954,0.34522
CVE-2019-19328,0.00954,0.34522
CVE-2019-19329,0.02509,0.81058
CVE-2019-1933,0.01055,0.50287
CVE-2019-19330,0.01183,0.60428
CVE-2019-19331,0.00885,0.26162
CVE-2019-19332,0.01547,0.74085
CVE-2019-19333,0.02398,0.80734
CVE-2019-19334,0.02398,0.80734
CVE-2019-19335,0.00885,0.26162
CVE-2019-19336,0.00885,0.26162
CVE-2019-19337,0.01055,0.50287
CVE-2019-19338,0.01365,0.70715
CVE-2019-19339,0.00885,0.26162
CVE-2019-1934,0.01055,0.50287
CVE-2019-19340,0.00885,0.26162
CVE-2019-19341,0.00885,0.26162
CVE-2019-19342,0.00885,0.26162
CVE-2019-19343,0.00954,0.34522
CVE-2019-19344,0.01282,0.67298
CVE-2019-19345,0.00885,0.26162
CVE-2019-19346,0.00885,0.26162
CVE-2019-19348,0.00885,0.26162
CVE-2019-19349,0.00885,0.26162
CVE-2019-1935,0.80749,0.99497
CVE-2019-19350,0.00885,0.26162
CVE-2019-19351,0.00885,0.26162
CVE-2019-19352,0.00885,0.26162
CVE-2019-19353,0.0089,0.2856
CVE-2019-19354,0.0089,0.2856
CVE-2019-19355,0.00885,0.26162
CVE-2019-1936,0.01132,0.54372
CVE-2019-19362,0.00885,0.26162
CVE-2019-19363,0.02429,0.80792
CVE-2019-19364,0.00885,0.26162
CVE-2019-19366,0.01055,0.50287
CVE-2019-19367,0.01055,0.50287
CVE-2019-1937,0.01213,0.6557
CVE-2019-19370,0.01773,0.75668
CVE-2019-19371,0.0144,0.7265
CVE-2019-19372,0.00885,0.26162
CVE-2019-19373,0.05634,0.89764
CVE-2019-19374,0.01018,0.38792
CVE-2019-19375,0.00885,0.26162
CVE-2019-19376,0.00885,0.26162
CVE-2019-19377,0.01108,0.53389
CVE-2019-19378,0.00885,0.26162
CVE-2019-19379,0.00885,0.26162
CVE-2019-1938,0.01055,0.50287
CVE-2019-19381,0.00885,0.26162
CVE-2019-19382,0.00885,0.26162
CVE-2019-19384,0.01055,0.50287
CVE-2019-19385,0.01055,0.50287
CVE-2019-19386,0.01055,0.50287
CVE-2019-19387,0.01055,0.50287
CVE-2019-19388,0.01055,0.50287
CVE-2019-19389,0.0089,0.2856
CVE-2019-1939,0.01055,0.50287
CVE-2019-19390,0.00885,0.26162
CVE-2019-19391,0.00885,0.26162
CVE-2019-19392,0.00885,0.26162
CVE-2019-19394,0.00885,0.26162
CVE-2019-19396,0.00885,0.26162
CVE-2019-19397,0.00885,0.26162
CVE-2019-19398,0.01086,0.51674
CVE-2019-1940,0.01055,0.50287
CVE-2019-1941,0.01055,0.50287
CVE-2019-19411,0.00885,0.26162
CVE-2019-19412,0.00885,0.26162
CVE-2019-19413,0.01055,0.50287
CVE-2019-19414,0.01055,0.50287
CVE-2019-19415,0.01055,0.50287
CVE-2019-19416,0.01055,0.50287
CVE-2019-19417,0.01055,0.50287
CVE-2019-1942,0.01055,0.50287
CVE-2019-1943,0.08382,0.93597
CVE-2019-1944,0.00885,0.26162
CVE-2019-19441,0.00885,0.26162
CVE-2019-19447,0.01108,0.53389
CVE-2019-19448,0.01108,0.53389
CVE-2019-19449,0.00885,0.26162
CVE-2019-1945,0.00885,0.26162
CVE-2019-19451,0.0095,0.30554
CVE-2019-19452,0.00885,0.26162
CVE-2019-19453,0.00954,0.34522
CVE-2019-19454,0.00954,0.34522
CVE-2019-19455,0.0089,0.2856
CVE-2019-19456,0.00954,0.34522
CVE-2019-19457,0.00885,0.26162
CVE-2019-19458,0.00885,0.26162
CVE-2019-19459,0.00885,0.26162
CVE-2019-1946,0.01055,0.50287
CVE-2019-19460,0.00885,0.26162
CVE-2019-19461,0.00885,0.26162
CVE-2019-19462,0.01547,0.74085
CVE-2019-19463,0.00885,0.26162
CVE-2019-19464,0.00885,0.26162
CVE-2019-19466,0.00885,0.26162
CVE-2019-19468,0.01103,0.51945
CVE-2019-19469,0.02055,0.7893
CVE-2019-1947,0.01055,0.50287
CVE-2019-19470,0.00885,0.26162
CVE-2019-19475,0.00885,0.26162
CVE-2019-19479,0.01034,0.39824
CVE-2019-1948,0.01055,0.50287
CVE-2019-19480,0.01018,0.38792
CVE-2019-19481,0.01018,0.38792
CVE-2019-19484,0.00885,0.26162
CVE-2019-19486,0.00885,0.26162
CVE-2019-19487,0.02055,0.7893
CVE-2019-19489,0.02362,0.80685
CVE-2019-1949,0.01055,0.50287
CVE-2019-19490,0.02042,0.78565
CVE-2019-19491,0.02173,0.80027
CVE-2019-19492,0.08382,0.93597
CVE-2019-19493,0.02192,0.80195
CVE-2019-19494,0.63576,0.98931
CVE-2019-19495,0.01136,0.57949
CVE-2019-19496,0.00885,0.26162
CVE-2019-19497,0.00885,0.26162
CVE-2019-19499,0.00885,0.26162
CVE-2019-1950,0.00885,0.26162
CVE-2019-19500,0.00885,0.26162
CVE-2019-19501,0.01005,0.36332
CVE-2019-19502,0.01213,0.6557
CVE-2019-19505,0.01156,0.60033
CVE-2019-19506,0.00885,0.26162
CVE-2019-1951,0.01055,0.50287
CVE-2019-19513,0.0144,0.7265
CVE-2019-19514,0.00885,0.26162
CVE-2019-19515,0.00885,0.26162
CVE-2019-19516,0.08382,0.93597
CVE-2019-19517,0.00885,0.26162
CVE-2019-19518,0.01055,0.50287
CVE-2019-19519,0.01034,0.39824
CVE-2019-1952,0.00885,0.26162
CVE-2019-19521,0.01108,0.53389
CVE-2019-19523,0.01108,0.53389
CVE-2019-19524,0.02686,0.82061
CVE-2019-19525,0.01018,0.38792
CVE-2019-19526,0.01018,0.38792
CVE-2019-19527,0.01108,0.53389
CVE-2019-19528,0.01018,0.38792
CVE-2019-19529,0.01282,0.67298
CVE-2019-1953,0.01055,0.50287
CVE-2019-19530,0.01108,0.53389
CVE-2019-19531,0.01108,0.53389
CVE-2019-19532,0.01108,0.53389
CVE-2019-19533,0.01108,0.53389
CVE-2019-19534,0.02686,0.82061
CVE-2019-19535,0.01108,0.53389
CVE-2019-19536,0.01108,0.53389
CVE-2019-19537,0.01108,0.53389
CVE-2019-19538,0.01978,0.78447
CVE-2019-19539,0.00885,0.26162
CVE-2019-1954,0.01055,0.50287
CVE-2019-19540,0.00885,0.26162
CVE-2019-19541,0.00885,0.26162
CVE-2019-19542,0.00885,0.26162
CVE-2019-19543,0.0095,0.30554
CVE-2019-19545,0.00885,0.26162
CVE-2019-19546,0.00885,0.26162
CVE-2019-19548,0.00885,0.26162
CVE-2019-1955,0.01055,0.50287
CVE-2019-19551,0.00885,0.26162
CVE-2019-19552,0.00885,0.26162
CVE-2019-19553,0.01108,0.53389
CVE-2019-19555,0.00885,0.26162
CVE-2019-19556,0.00885,0.26162
CVE-2019-19557,0.00885,0.26162
CVE-2019-1956,0.01055,0.50287
CVE-2019-19560,0.00885,0.26162
CVE-2019-19561,0.00885,0.26162
CVE-2019-19562,0.00885,0.26162
CVE-2019-19563,0.00885,0.26162
CVE-2019-1957,0.01055,0.50287
CVE-2019-19577,0.01034,0.39824
CVE-2019-19578,0.01034,0.39824
CVE-2019-19579,0.01183,0.60428
CVE-2019-1958,0.01055,0.50287
CVE-2019-19580,0.01034,0.39824
CVE-2019-19581,0.01034,0.39824
CVE-2019-19582,0.01034,0.39824
CVE-2019-19583,0.01108,0.53389
CVE-2019-19585,0.0089,0.2856
CVE-2019-19587,0.00885,0.26162
CVE-2019-19588,0.00885,0.26162
CVE-2019-19589,0.00885,0.26162
CVE-2019-1959,0.00885,0.26162
CVE-2019-19590,0.03161,0.83171
CVE-2019-19592,0.00885,0.26162
CVE-2019-19594,0.01156,0.60033
CVE-2019-19595,0.01156,0.60033
CVE-2019-19596,0.00885,0.26162
CVE-2019-19597,0.01888,0.76438
CVE-2019-19598,0.00885,0.26162
CVE-2019-1960,0.00885,0.26162
CVE-2019-19601,0.00954,0.34522
CVE-2019-19602,0.01034,0.39824
CVE-2019-19603,0.01742,0.75235
CVE-2019-19604,0.02378,0.80704
CVE-2019-19605,0.01086,0.51674
CVE-2019-19606,0.00885,0.26162
CVE-2019-19607,0.0144,0.7265
CVE-2019-19608,0.0144,0.7265
CVE-2019-1961,0.01055,0.50287
CVE-2019-19610,0.00954,0.34522
CVE-2019-19611,0.00885,0.26162
CVE-2019-19612,0.0089,0.2856
CVE-2019-19613,0.00954,0.34522
CVE-2019-19614,0.00885,0.26162
CVE-2019-19615,0.00885,0.26162
CVE-2019-19616,0.00885,0.26162
CVE-2019-19617,0.01018,0.38792
CVE-2019-19619,0.00954,0.34522
CVE-2019-1962,0.01055,0.50287
CVE-2019-19620,0.01005,0.36332
CVE-2019-19624,0.00885,0.26162
CVE-2019-19625,0.00885,0.26162
CVE-2019-19627,0.01018,0.38792
CVE-2019-19628,0.01978,0.78447
CVE-2019-19629,0.00885,0.26162
CVE-2019-1963,0.01055,0.50287
CVE-2019-19630,0.01018,0.38792
CVE-2019-19631,0.00885,0.26162
CVE-2019-19632,0.00885,0.26162
CVE-2019-19635,0.00885,0.26162
CVE-2019-19636,0.00885,0.26162
CVE-2019-19637,0.00885,0.26162
CVE-2019-19638,0.00885,0.26162
CVE-2019-1964,0.01055,0.50287
CVE-2019-19642,0.02055,0.7893
CVE-2019-19643,0.00885,0.26162
CVE-2019-19645,0.01034,0.39824
CVE-2019-19646,0.01108,0.53389
CVE-2019-19647,0.01136,0.57949
CVE-2019-19648,0.0149,0.72731
CVE-2019-19649,0.00885,0.26162
CVE-2019-1965,0.01055,0.50287
CVE-2019-19650,0.01055,0.50287
CVE-2019-19659,0.00885,0.26162
CVE-2019-1966,0.00885,0.26162
CVE-2019-19660,0.00885,0.26162
CVE-2019-19661,0.00885,0.26162
CVE-2019-19662,0.00885,0.26162
CVE-2019-19663,0.00885,0.26162
CVE-2019-19664,0.00885,0.26162
CVE-2019-19665,0.00885,0.26162
CVE-2019-19666,0.00885,0.26162
CVE-2019-19667,0.00885,0.26162
CVE-2019-19668,0.00885,0.26162
CVE-2019-19669,0.00885,0.26162
CVE-2019-1967,0.01055,0.50287
CVE-2019-19670,0.00885,0.26162
CVE-2019-19675,0.00885,0.26162
CVE-2019-19676,0.00885,0.26162
CVE-2019-19677,0.00885,0.26162
CVE-2019-19678,0.01055,0.50287
CVE-2019-19679,0.01055,0.50287
CVE-2019-1968,0.01055,0.50287
CVE-2019-19680,0.00885,0.26162
CVE-2019-19681,0.04571,0.88388
CVE-2019-19682,0.00885,0.26162
CVE-2019-19683,0.00885,0.26162
CVE-2019-19684,0.00885,0.26162
CVE-2019-19685,0.00885,0.26162
CVE-2019-19687,0.01104,0.52279
CVE-2019-19688,0.00885,0.26162
CVE-2019-19689,0.00885,0.26162
CVE-2019-1969,0.01055,0.50287
CVE-2019-19690,0.00885,0.26162
CVE-2019-19691,0.00885,0.26162
CVE-2019-19692,0.00885,0.26162
CVE-2019-19693,0.00885,0.26162
CVE-2019-19694,0.0095,0.30554
CVE-2019-19695,0.00885,0.26162
CVE-2019-19696,0.0095,0.30554
CVE-2019-19697,0.01365,0.70715
CVE-2019-19698,0.00885,0.26162
CVE-2019-1970,0.01055,0.50287
CVE-2019-19702,0.01055,0.50287
CVE-2019-19703,0.00885,0.26162
CVE-2019-19704,0.00885,0.26162
CVE-2019-19707,0.00885,0.26162
CVE-2019-19708,0.00885,0.26162
CVE-2019-19709,0.01018,0.38792
CVE-2019-1971,0.01055,0.50287
CVE-2019-19712,0.00885,0.26162
CVE-2019-19714,0.00885,0.26162
CVE-2019-1972,0.01036,0.41241
CVE-2019-19720,0.00885,0.26162
CVE-2019-19721,0.01213,0.6557
CVE-2019-19722,0.01108,0.53389
CVE-2019-19724,0.00954,0.34522
CVE-2019-19725,0.00954,0.34522
CVE-2019-19726,0.02429,0.80792
CVE-2019-19727,0.0095,0.30554
CVE-2019-19728,0.0095,0.30554
CVE-2019-19729,0.00885,0.26162
CVE-2019-1973,0.01055,0.50287
CVE-2019-19731,0.05365,0.89438
CVE-2019-19736,0.00885,0.26162
CVE-2019-19737,0.00885,0.26162
CVE-2019-19739,0.00885,0.26162
CVE-2019-1974,0.01055,0.50287
CVE-2019-19740,0.01564,0.74439
CVE-2019-19741,0.00885,0.26162
CVE-2019-19742,0.02529,0.81124
CVE-2019-19743,0.07804,0.92959
CVE-2019-19745,0.00885,0.26162
CVE-2019-19746,0.00954,0.34522
CVE-2019-19747,0.00885,0.26162
CVE-2019-19748,0.00885,0.26162
CVE-2019-1975,0.01055,0.50287
CVE-2019-19750,0.00885,0.26162
CVE-2019-19756,0.00885,0.26162
CVE-2019-19757,0.00885,0.26162
CVE-2019-19758,0.01055,0.50287
CVE-2019-1976,0.01055,0.50287
CVE-2019-19766,0.00885,0.26162
CVE-2019-19767,0.02686,0.82061
CVE-2019-19768,0.01537,0.73595
CVE-2019-19769,0.01034,0.39824
CVE-2019-1977,0.01055,0.50287
CVE-2019-19770,0.01018,0.38792
CVE-2019-19771,0.00885,0.26162
CVE-2019-19772,0.00885,0.26162
CVE-2019-19773,0.00885,0.26162
CVE-2019-19774,0.07308,0.9216
CVE-2019-19775,0.00885,0.26162
CVE-2019-19777,0.00885,0.26162
CVE-2019-19778,0.00885,0.26162
CVE-2019-1978,0.08382,0.93597
CVE-2019-19782,0.00885,0.26162
CVE-2019-19783,0.01104,0.52279
CVE-2019-19785,0.01018,0.38792
CVE-2019-19786,0.01018,0.38792
CVE-2019-19787,0.01018,0.38792
CVE-2019-19788,0.00885,0.26162
CVE-2019-19789,0.00885,0.26162
CVE-2019-19790,0.01136,0.57949
CVE-2019-19792,0.00885,0.26162
CVE-2019-19793,0.01055,0.50287
CVE-2019-19794,0.01018,0.38792
CVE-2019-19795,0.00885,0.26162
CVE-2019-19796,0.00885,0.26162
CVE-2019-19797,0.01018,0.38792
CVE-2019-19799,0.01055,0.50287
CVE-2019-1980,0.01055,0.50287
CVE-2019-19800,0.02094,0.79055
CVE-2019-19801,0.00885,0.26162
CVE-2019-19802,0.00885,0.26162
CVE-2019-19805,0.00885,0.26162
CVE-2019-19806,0.00885,0.26162
CVE-2019-19807,0.01034,0.39824
CVE-2019-1981,0.01055,0.50287
CVE-2019-19810,0.01156,0.60033
CVE-2019-19813,0.01018,0.38792
CVE-2019-19814,0.00885,0.26162
CVE-2019-19815,0.00954,0.34522
CVE-2019-19816,0.01108,0.53389
CVE-2019-19817,0.00885,0.26162
CVE-2019-19818,0.00885,0.26162
CVE-2019-19819,0.00885,0.26162
CVE-2019-1982,0.01055,0.50287
CVE-2019-19820,0.01005,0.36332
CVE-2019-19821,0.0089,0.2856
CVE-2019-19822,0.01319,0.70416
CVE-2019-19823,0.01108,0.53389
CVE-2019-19824,0.0095,0.30554
CVE-2019-19825,0.01018,0.38792
CVE-2019-19826,0.01086,0.51674
CVE-2019-19829,0.00885,0.26162
CVE-2019-1983,0.01055,0.50287
CVE-2019-19830,0.01132,0.54372
CVE-2019-19832,0.00885,0.26162
CVE-2019-19833,0.28472,0.97171
CVE-2019-19834,0.01061,0.51015
CVE-2019-19835,0.01136,0.57949
CVE-2019-19836,0.05634,0.89764
CVE-2019-19837,0.01136,0.57949
CVE-2019-19838,0.01136,0.57949
CVE-2019-19839,0.01136,0.57949
CVE-2019-1984,0.01156,0.60033
CVE-2019-19840,0.05634,0.89764
CVE-2019-19841,0.01136,0.57949
CVE-2019-19842,0.01136,0.57949
CVE-2019-19843,0.00954,0.34522
CVE-2019-19845,0.00885,0.26162
CVE-2019-19846,0.00885,0.26162
CVE-2019-19847,0.00885,0.26162
CVE-2019-19848,0.00885,0.26162
CVE-2019-19849,0.00885,0.26162
CVE-2019-1985,0.01036,0.41241
CVE-2019-19850,0.00885,0.26162
CVE-2019-19851,0.00885,0.26162
CVE-2019-19852,0.00885,0.26162
CVE-2019-19854,0.00885,0.26162
CVE-2019-19855,0.00885,0.26162
CVE-2019-19856,0.00885,0.26162
CVE-2019-19857,0.00885,0.26162
CVE-2019-19858,0.00885,0.26162
CVE-2019-19859,0.00885,0.26162
CVE-2019-1986,0.01689,0.75137
CVE-2019-19865,0.00885,0.26162
CVE-2019-19866,0.01055,0.50287
CVE-2019-19869,0.00885,0.26162
CVE-2019-19872,0.00885,0.26162
CVE-2019-19873,0.00885,0.26162
CVE-2019-19874,0.01086,0.51674
CVE-2019-19875,0.00885,0.26162
CVE-2019-19876,0.00885,0.26162
CVE-2019-19877,0.00885,0.26162
CVE-2019-19878,0.00885,0.26162
CVE-2019-19879,0.00885,0.26162
CVE-2019-1988,0.01689,0.75137
CVE-2019-19880,0.01537,0.73595
CVE-2019-19882,0.01034,0.39824
CVE-2019-19885,0.00885,0.26162
CVE-2019-19886,0.01018,0.38792
CVE-2019-19887,0.00885,0.26162
CVE-2019-19888,0.00885,0.26162
CVE-2019-19889,0.00885,0.26162
CVE-2019-1989,0.01156,0.60033
CVE-2019-19890,0.00885,0.26162
CVE-2019-19891,0.00885,0.26162
CVE-2019-19893,0.00885,0.26162
CVE-2019-19894,0.00885,0.26162
CVE-2019-19895,0.01036,0.41241
CVE-2019-19896,0.01156,0.60033
CVE-2019-19897,0.01156,0.60033
CVE-2019-19898,0.00885,0.26162
CVE-2019-19899,0.00885,0.26162
CVE-2019-1990,0.01156,0.60033
CVE-2019-19900,0.00885,0.26162
CVE-2019-19901,0.00885,0.26162
CVE-2019-19902,0.01086,0.51674
CVE-2019-19903,0.00885,0.26162
CVE-2019-19905,0.01018,0.38792
CVE-2019-19906,0.05242,0.89216
CVE-2019-19907,0.00885,0.26162
CVE-2019-19909,0.00954,0.34522
CVE-2019-1991,0.01689,0.75137
CVE-2019-19910,0.00885,0.26162
CVE-2019-19911,0.01018,0.38792
CVE-2019-19912,0.01055,0.50287
CVE-2019-19913,0.00885,0.26162
CVE-2019-19915,0.00885,0.26162
CVE-2019-19916,0.00954,0.34522
CVE-2019-19917,0.01183,0.60428
CVE-2019-19918,0.01183,0.60428
CVE-2019-19919,0.01978,0.78447
CVE-2019-1992,0.01689,0.75137
CVE-2019-19920,0.02199,0.80273
CVE-2019-19921,0.01282,0.67298
CVE-2019-19922,0.01864,0.7628
CVE-2019-19923,0.01537,0.73595
CVE-2019-19924,0.01742,0.75235
CVE-2019-19925,0.01537,0.73595
CVE-2019-19926,0.01537,0.73595
CVE-2019-19927,0.01034,0.39824
CVE-2019-19929,0.01559,0.742
CVE-2019-1993,0.01005,0.36332
CVE-2019-19930,0.00885,0.26162
CVE-2019-19931,0.00885,0.26162
CVE-2019-19935,0.01018,0.38792
CVE-2019-19937,0.0089,0.2856
CVE-2019-1994,0.0144,0.7265
CVE-2019-19940,0.01055,0.50287
CVE-2019-19941,0.01055,0.50287
CVE-2019-19942,0.01055,0.50287
CVE-2019-19944,0.00885,0.26162
CVE-2019-19946,0.00885,0.26162
CVE-2019-19947,0.01537,0.73595
CVE-2019-19948,0.01108,0.53389
CVE-2019-19949,0.01108,0.53389
CVE-2019-1995,0.01005,0.36332
CVE-2019-19950,0.01108,0.53389
CVE-2019-19951,0.01108,0.53389
CVE-2019-19952,0.00885,0.26162
CVE-2019-19953,0.01108,0.53389
CVE-2019-19954,0.00885,0.26162
CVE-2019-19956,0.01537,0.73595
CVE-2019-19957,0.00885,0.26162
CVE-2019-19958,0.00885,0.26162
CVE-2019-19959,0.01018,0.38792
CVE-2019-1996,0.01888,0.76438
CVE-2019-19960,0.00885,0.26162
CVE-2019-19962,0.00885,0.26162
CVE-2019-19963,0.00885,0.26162
CVE-2019-19964,0.01055,0.50287
CVE-2019-19965,0.01282,0.67298
CVE-2019-19966,0.0095,0.30554
CVE-2019-19967,0.00885,0.26162
CVE-2019-19968,0.00885,0.26162
CVE-2019-1997,0.0144,0.7265
CVE-2019-19977,0.00954,0.34522
CVE-2019-19979,0.00885,0.26162
CVE-2019-1998,0.01005,0.36332
CVE-2019-19980,0.00885,0.26162
CVE-2019-19981,0.00885,0.26162
CVE-2019-19982,0.00885,0.26162
CVE-2019-19983,0.00885,0.26162
CVE-2019-19984,0.00885,0.26162
CVE-2019-19986,0.00954,0.34522
CVE-2019-19987,0.00954,0.34522
CVE-2019-19988,0.0089,0.2856
CVE-2019-19989,0.00954,0.34522
CVE-2019-1999,0.03948,0.85208
CVE-2019-19990,0.01061,0.51015
CVE-2019-19991,0.01061,0.51015
CVE-2019-19992,0.0089,0.2856
CVE-2019-19993,0.00954,0.34522
CVE-2019-19994,0.02211,0.80357
CVE-2019-19995,0.00885,0.26162
CVE-2019-19996,0.01055,0.50287
CVE-2019-19998,0.00885,0.26162
CVE-2019-19999,0.0089,0.2856
CVE-2019-2000,0.03324,0.83542
CVE-2019-20000,0.00885,0.26162
CVE-2019-20001,0.00885,0.26162
CVE-2019-20002,0.00885,0.26162
CVE-2019-20003,0.00885,0.26162
CVE-2019-20004,0.00885,0.26162
CVE-2019-20005,0.00885,0.26162
CVE-2019-20006,0.00885,0.26162
CVE-2019-20007,0.00885,0.26162
CVE-2019-20008,0.0089,0.2856
CVE-2019-20009,0.01018,0.38792
CVE-2019-2001,0.01005,0.36332
CVE-2019-20010,0.01018,0.38792
CVE-2019-20011,0.01018,0.38792
CVE-2019-20012,0.01018,0.38792
CVE-2019-20013,0.01018,0.38792
CVE-2019-20014,0.01018,0.38792
CVE-2019-20015,0.01018,0.38792
CVE-2019-20016,0.00954,0.34522
CVE-2019-20017,0.00885,0.26162
CVE-2019-20018,0.00885,0.26162
CVE-2019-20019,0.00885,0.26162
CVE-2019-20020,0.00885,0.26162
CVE-2019-20021,0.01018,0.38792
CVE-2019-20022,0.00885,0.26162
CVE-2019-20023,0.00885,0.26162
CVE-2019-20024,0.00885,0.26162
CVE-2019-20025,0.01055,0.50287
CVE-2019-20026,0.01055,0.50287
CVE-2019-20027,0.00885,0.26162
CVE-2019-20028,0.00885,0.26162
CVE-2019-20029,0.00885,0.26162
CVE-2019-2003,0.01156,0.60033
CVE-2019-20030,0.00885,0.26162
CVE-2019-20031,0.00885,0.26162
CVE-2019-20032,0.00885,0.26162
CVE-2019-20033,0.00885,0.26162
CVE-2019-2004,0.01036,0.41241
CVE-2019-20041,0.01108,0.53389
CVE-2019-20042,0.01537,0.73595
CVE-2019-20043,0.01183,0.60428
CVE-2019-20044,0.01547,0.74085
CVE-2019-20045,0.00885,0.26162
CVE-2019-20046,0.01086,0.51674
CVE-2019-20047,0.01213,0.6557
CVE-2019-20048,0.04571,0.88388
CVE-2019-20049,0.05634,0.89764
CVE-2019-2005,0.01086,0.51674
CVE-2019-20050,0.01156,0.60033
CVE-2019-20051,0.00954,0.34522
CVE-2019-20052,0.00885,0.26162
CVE-2019-20053,0.00954,0.34522
CVE-2019-20054,0.01034,0.39824
CVE-2019-20055,0.00885,0.26162
CVE-2019-20056,0.00885,0.26162
CVE-2019-20057,0.00885,0.26162
CVE-2019-20058,0.00885,0.26162
CVE-2019-2006,0.01086,0.51674
CVE-2019-20060,0.00954,0.34522
CVE-2019-20061,0.00954,0.34522
CVE-2019-20062,0.00954,0.34522
CVE-2019-20063,0.00885,0.26162
CVE-2019-2007,0.01086,0.51674
CVE-2019-20070,0.00954,0.34522
CVE-2019-20071,0.00954,0.34522
CVE-2019-20072,0.00954,0.34522
CVE-2019-20073,0.00954,0.34522
CVE-2019-20074,0.00885,0.26162
CVE-2019-20075,0.00954,0.34522
CVE-2019-20076,0.00954,0.34522
CVE-2019-20077,0.00885,0.26162
CVE-2019-20079,0.01018,0.38792
CVE-2019-2008,0.01086,0.51674
CVE-2019-20082,0.00885,0.26162
CVE-2019-20086,0.00885,0.26162
CVE-2019-20087,0.00885,0.26162
CVE-2019-20088,0.00885,0.26162
CVE-2019-20089,0.00885,0.26162
CVE-2019-2009,0.01103,0.51945
CVE-2019-20090,0.00885,0.26162
CVE-2019-20091,0.00885,0.26162
CVE-2019-20092,0.00885,0.26162
CVE-2019-20093,0.01136,0.57949
CVE-2019-20094,0.00885,0.26162
CVE-2019-20095,0.0095,0.30554
CVE-2019-20096,0.01282,0.67298
CVE-2019-20097,0.01156,0.60033
CVE-2019-20098,0.00885,0.26162
CVE-2019-20099,0.00885,0.26162
CVE-2019-2010,0.01036,0.41241
CVE-2019-20100,0.00954,0.34522
CVE-2019-20101,0.01055,0.50287
CVE-2019-20102,0.01055,0.50287
CVE-2019-20104,0.01055,0.50287
CVE-2019-20105,0.01055,0.50287
CVE-2019-20106,0.01055,0.50287
CVE-2019-20107,0.01649,0.75017
CVE-2019-2011,0.01036,0.41241
CVE-2019-2012,0.01086,0.51674
CVE-2019-2013,0.01086,0.51674
CVE-2019-20138,0.00885,0.26162
CVE-2019-20139,0.00885,0.26162
CVE-2019-2014,0.01086,0.51674
CVE-2019-20140,0.00885,0.26162
CVE-2019-20142,0.00885,0.26162
CVE-2019-20143,0.00885,0.26162
CVE-2019-20144,0.00885,0.26162
CVE-2019-20145,0.00885,0.26162
CVE-2019-20146,0.00885,0.26162
CVE-2019-20147,0.00885,0.26162
CVE-2019-20148,0.00885,0.26162
CVE-2019-2015,0.01086,0.51674
CVE-2019-20150,0.00885,0.26162
CVE-2019-20151,0.00885,0.26162
CVE-2019-20152,0.00885,0.26162
CVE-2019-20153,0.01055,0.50287
CVE-2019-20154,0.01055,0.50287
CVE-2019-20155,0.01086,0.51674
CVE-2019-20159,0.00885,0.26162
CVE-2019-2016,0.01086,0.51674
CVE-2019-20160,0.00885,0.26162
CVE-2019-20161,0.00885,0.26162
CVE-2019-20162,0.00885,0.26162
CVE-2019-20163,0.00885,0.26162
CVE-2019-20164,0.00885,0.26162
CVE-2019-20165,0.00885,0.26162
CVE-2019-20166,0.00885,0.26162
CVE-2019-20167,0.00885,0.26162
CVE-2019-20168,0.00885,0.26162
CVE-2019-20169,0.00885,0.26162
CVE-2019-2017,0.01036,0.41241
CVE-2019-20170,0.00885,0.26162
CVE-2019-20171,0.00885,0.26162
CVE-2019-20172,0.00885,0.26162
CVE-2019-20173,0.00954,0.34522
CVE-2019-20174,0.00885,0.26162
CVE-2019-20175,0.01018,0.38792
CVE-2019-20176,0.00954,0.34522
CVE-2019-20178,0.00885,0.26162
CVE-2019-20179,0.00885,0.26162
CVE-2019-2018,0.01055,0.50287
CVE-2019-20180,0.00885,0.26162
CVE-2019-20181,0.00885,0.26162
CVE-2019-20182,0.00885,0.26162
CVE-2019-20183,0.01086,0.51674
CVE-2019-20184,0.00885,0.26162
CVE-2019-2019,0.01086,0.51674
CVE-2019-20191,0.00885,0.26162
CVE-2019-20198,0.00885,0.26162
CVE-2019-20199,0.00885,0.26162
CVE-2019-2020,0.01086,0.51674
CVE-2019-20200,0.00885,0.26162
CVE-2019-20201,0.00885,0.26162
CVE-2019-20202,0.00885,0.26162
CVE-2019-20203,0.01213,0.6557
CVE-2019-20204,0.02192,0.80195
CVE-2019-20205,0.00885,0.26162
CVE-2019-20208,0.00885,0.26162
CVE-2019-20209,0.01537,0.73595
CVE-2019-2021,0.01086,0.51674
CVE-2019-20210,0.01537,0.73595
CVE-2019-20211,0.01537,0.73595
CVE-2019-20212,0.01537,0.73595
CVE-2019-20213,0.01018,0.38792
CVE-2019-20215,0.7962,0.99468
CVE-2019-20216,0.01136,0.57949
CVE-2019-20217,0.01136,0.57949
CVE-2019-20218,0.01108,0.53389
CVE-2019-20219,0.00885,0.26162
CVE-2019-2022,0.01086,0.51674
CVE-2019-20220,0.00885,0.26162
CVE-2019-20221,0.00885,0.26162
CVE-2019-20222,0.00885,0.26162
CVE-2019-20223,0.00885,0.26162
CVE-2019-20225,0.00885,0.26162
CVE-2019-2023,0.02171,0.79259
CVE-2019-2024,0.01365,0.70715
CVE-2019-2025,0.02171,0.79259
CVE-2019-2026,0.01036,0.41241
CVE-2019-2027,0.01156,0.60033
CVE-2019-2028,0.01156,0.60033
CVE-2019-2029,0.01156,0.60033
CVE-2019-2030,0.01156,0.60033
CVE-2019-2031,0.01036,0.41241
CVE-2019-2032,0.01036,0.41241
CVE-2019-20327,0.01005,0.36332
CVE-2019-20329,0.00954,0.34522
CVE-2019-2033,0.01036,0.41241
CVE-2019-20330,0.02686,0.82061
CVE-2019-20334,0.00885,0.26162
CVE-2019-20336,0.00885,0.26162
CVE-2019-20337,0.00885,0.26162
CVE-2019-2034,0.01036,0.41241
CVE-2019-20343,0.02509,0.81058
CVE-2019-20348,0.00885,0.26162
CVE-2019-2035,0.01036,0.41241
CVE-2019-20352,0.00885,0.26162
CVE-2019-20354,0.08078,0.93055
CVE-2019-20357,0.01365,0.70715
CVE-2019-20358,0.04836,0.88802
CVE-2019-2036,0.01156,0.60033
CVE-2019-20360,0.00885,0.26162
CVE-2019-20362,0.01036,0.41241
CVE-2019-20363,0.00954,0.34522
CVE-2019-20364,0.00954,0.34522
CVE-2019-20365,0.00954,0.34522
CVE-2019-20366,0.00954,0.34522
CVE-2019-20367,0.01108,0.53389
CVE-2019-2037,0.01156,0.60033
CVE-2019-20372,0.01537,0.73595
CVE-2019-20373,0.0089,0.2856
CVE-2019-20374,0.01689,0.75137
CVE-2019-20375,0.01055,0.50287
CVE-2019-20376,0.01055,0.50287
CVE-2019-20377,0.00885,0.26162
CVE-2019-20378,0.00885,0.26162
CVE-2019-20379,0.00885,0.26162
CVE-2019-2038,0.01036,0.41241
CVE-2019-20381,0.00954,0.34522
CVE-2019-20382,0.01034,0.39824
CVE-2019-20383,0.0089,0.2856
CVE-2019-20384,0.00885,0.26162
CVE-2019-20385,0.00885,0.26162
CVE-2019-20386,0.01018,0.38792
CVE-2019-20387,0.00954,0.34522
CVE-2019-20388,0.01537,0.73595
CVE-2019-20389,0.01055,0.50287
CVE-2019-2039,0.01036,0.41241
CVE-2019-20390,0.01055,0.50287
CVE-2019-20391,0.01018,0.38792
CVE-2019-20392,0.01018,0.38792
CVE-2019-20393,0.02509,0.81058
CVE-2019-20394,0.02509,0.81058
CVE-2019-20395,0.01018,0.38792
CVE-2019-20396,0.00954,0.34522
CVE-2019-20397,0.02509,0.81058
CVE-2019-20398,0.01018,0.38792
CVE-2019-20399,0.00885,0.26162
CVE-2019-2040,0.01036,0.41241
CVE-2019-20400,0.00885,0.26162
CVE-2019-20401,0.01055,0.50287
CVE-2019-20402,0.00885,0.26162
CVE-2019-20403,0.01055,0.50287
CVE-2019-20404,0.01055,0.50287
CVE-2019-20405,0.01055,0.50287
CVE-2019-20406,0.00885,0.26162
CVE-2019-20407,0.01055,0.50287
CVE-2019-20408,0.01055,0.50287
CVE-2019-20409,0.01156,0.60033
CVE-2019-2041,0.01036,0.41241
CVE-2019-20410,0.01055,0.50287
CVE-2019-20411,0.01055,0.50287
CVE-2019-20412,0.01055,0.50287
CVE-2019-20413,0.01055,0.50287
CVE-2019-20414,0.01055,0.50287
CVE-2019-20415,0.01055,0.50287
CVE-2019-20416,0.01055,0.50287
CVE-2019-20417,0.00885,0.26162
CVE-2019-20418,0.01055,0.50287
CVE-2019-20419,0.01103,0.51945
CVE-2019-20421,0.01213,0.6557
CVE-2019-20422,0.0089,0.2856
CVE-2019-20423,0.01018,0.38792
CVE-2019-20424,0.01018,0.38792
CVE-2019-20425,0.01018,0.38792
CVE-2019-20426,0.01018,0.38792
CVE-2019-20427,0.05634,0.89764
CVE-2019-20428,0.01018,0.38792
CVE-2019-20429,0.01018,0.38792
CVE-2019-2043,0.00885,0.26162
CVE-2019-20430,0.01018,0.38792
CVE-2019-20431,0.01018,0.38792
CVE-2019-20432,0.01018,0.38792
CVE-2019-20433,0.00885,0.26162
CVE-2019-20434,0.0089,0.2856
CVE-2019-20435,0.0089,0.2856
CVE-2019-20436,0.00954,0.34522
CVE-2019-20437,0.00954,0.34522
CVE-2019-20438,0.0089,0.2856
CVE-2019-20439,0.0089,0.2856
CVE-2019-2044,0.01156,0.60033
CVE-2019-20440,0.0089,0.2856
CVE-2019-20441,0.0089,0.2856
CVE-2019-20442,0.0089,0.2856
CVE-2019-20443,0.0089,0.2856
CVE-2019-20444,0.03439,0.83947
CVE-2019-20445,0.05242,0.89216
CVE-2019-20446,0.01108,0.53389
CVE-2019-20447,0.01564,0.74439
CVE-2019-2045,0.01156,0.60033
CVE-2019-20451,0.01156,0.60033
CVE-2019-20452,0.01978,0.78447
CVE-2019-20453,0.01978,0.78447
CVE-2019-20454,0.01108,0.53389
CVE-2019-20455,0.01018,0.38792
CVE-2019-20456,0.01005,0.35949
CVE-2019-2046,0.01156,0.60033
CVE-2019-20463,0.00885,0.26162
CVE-2019-20464,0.00885,0.26162
CVE-2019-20465,0.00885,0.26162
CVE-2019-20466,0.00885,0.26162
CVE-2019-20467,0.0144,0.7265
CVE-2019-20468,0.00885,0.26162
CVE-2019-2047,0.01156,0.60033
CVE-2019-20470,0.00885,0.26162
CVE-2019-20471,0.00885,0.26162
CVE-2019-20473,0.00885,0.26162
CVE-2019-20474,0.00885,0.26162
CVE-2019-20477,0.01018,0.38792
CVE-2019-20478,0.01156,0.60033
CVE-2019-20479,0.01108,0.53389
CVE-2019-20480,0.00885,0.26162
CVE-2019-20481,0.00885,0.26162
CVE-2019-20483,0.00885,0.26162
CVE-2019-20484,0.00885,0.26162
CVE-2019-20485,0.01034,0.39824
CVE-2019-20486,0.00885,0.26162
CVE-2019-20487,0.00885,0.26162
CVE-2019-20488,0.01055,0.50287
CVE-2019-20489,0.00885,0.26162
CVE-2019-2049,0.01036,0.41241
CVE-2019-20490,0.00885,0.26162
CVE-2019-20491,0.00885,0.26162
CVE-2019-20492,0.00885,0.26162
CVE-2019-20493,0.00885,0.26162
CVE-2019-20494,0.00885,0.26162
CVE-2019-20495,0.00885,0.26162
CVE-2019-20496,0.00885,0.26162
CVE-2019-20497,0.00885,0.26162
CVE-2019-20498,0.00885,0.26162
CVE-2019-20499,0.91856,0.99889
CVE-2019-2050,0.01036,0.41241
CVE-2019-20500,0.01005,0.35949
CVE-2019-20501,0.01005,0.35949
CVE-2019-20502,0.00885,0.26162
CVE-2019-20503,0.02686,0.82061
CVE-2019-20504,0.36588,0.97782
CVE-2019-2051,0.01156,0.60033
CVE-2019-20511,0.00885,0.26162
CVE-2019-20512,0.00885,0.26162
CVE-2019-20513,0.00885,0.26162
CVE-2019-20514,0.00885,0.26162
CVE-2019-20515,0.00885,0.26162
CVE-2019-20516,0.00885,0.26162
CVE-2019-20517,0.00885,0.26162
CVE-2019-20518,0.00885,0.26162
CVE-2019-20519,0.00885,0.26162
CVE-2019-2052,0.01156,0.60033
CVE-2019-20520,0.00885,0.26162
CVE-2019-20521,0.00885,0.26162
CVE-2019-20522,0.00885,0.26162
CVE-2019-20523,0.00885,0.26162
CVE-2019-20524,0.00885,0.26162
CVE-2019-20525,0.00885,0.26162
CVE-2019-20526,0.00885,0.26162
CVE-2019-20527,0.00885,0.26162
CVE-2019-20528,0.00885,0.26162
CVE-2019-20529,0.00885,0.26162
CVE-2019-2053,0.01036,0.41241
CVE-2019-20530,0.01086,0.51674
CVE-2019-20531,0.00885,0.26162
CVE-2019-20532,0.00885,0.26162
CVE-2019-20533,0.00885,0.26162
CVE-2019-20534,0.00885,0.26162
CVE-2019-20535,0.00885,0.26162
CVE-2019-20536,0.00885,0.26162
CVE-2019-20537,0.01086,0.51674
CVE-2019-20538,0.00885,0.26162
CVE-2019-20539,0.00885,0.26162
CVE-2019-2054,0.01365,0.70715
CVE-2019-20540,0.00885,0.26162
CVE-2019-20541,0.00885,0.26162
CVE-2019-20542,0.00885,0.26162
CVE-2019-20543,0.00885,0.26162
CVE-2019-20544,0.00885,0.26162
CVE-2019-20545,0.00885,0.26162
CVE-2019-20546,0.00885,0.26162
CVE-2019-20547,0.00885,0.26162
CVE-2019-20548,0.00885,0.26162
CVE-2019-20549,0.00885,0.26162
CVE-2019-2055,0.01156,0.60033
CVE-2019-20550,0.00885,0.26162
CVE-2019-20551,0.00885,0.26162
CVE-2019-20552,0.00885,0.26162
CVE-2019-20553,0.00885,0.26162
CVE-2019-20554,0.00885,0.26162
CVE-2019-20555,0.00885,0.26162
CVE-2019-20556,0.00885,0.26162
CVE-2019-20557,0.00885,0.26162
CVE-2019-20558,0.00885,0.26162
CVE-2019-20559,0.00885,0.26162
CVE-2019-2056,0.01036,0.41241
CVE-2019-20560,0.00885,0.26162
CVE-2019-20561,0.00885,0.26162
CVE-2019-20562,0.00885,0.26162
CVE-2019-20563,0.00885,0.26162
CVE-2019-20564,0.00885,0.26162
CVE-2019-20565,0.00885,0.26162
CVE-2019-20566,0.00885,0.26162
CVE-2019-20567,0.01086,0.51674
CVE-2019-20568,0.00885,0.26162
CVE-2019-20569,0.00885,0.26162
CVE-2019-20570,0.00885,0.26162
CVE-2019-20571,0.01086,0.51674
CVE-2019-20572,0.00885,0.26162
CVE-2019-20573,0.00885,0.26162
CVE-2019-20574,0.00885,0.26162
CVE-2019-20575,0.00885,0.26162
CVE-2019-20576,0.00885,0.26162
CVE-2019-20577,0.00885,0.26162
CVE-2019-20578,0.00885,0.26162
CVE-2019-20579,0.00885,0.26162
CVE-2019-2058,0.01156,0.60033
CVE-2019-20580,0.00885,0.26162
CVE-2019-20581,0.01086,0.51674
CVE-2019-20582,0.00885,0.26162
CVE-2019-20583,0.01086,0.51674
CVE-2019-20584,0.01086,0.51674
CVE-2019-20585,0.01086,0.51674
CVE-2019-20586,0.01086,0.51674
CVE-2019-20587,0.01086,0.51674
CVE-2019-20588,0.01086,0.51674
CVE-2019-20589,0.01086,0.51674
CVE-2019-2059,0.01156,0.60033
CVE-2019-20590,0.00885,0.26162
CVE-2019-20591,0.00885,0.26162
CVE-2019-20592,0.00885,0.26162
CVE-2019-20593,0.00885,0.26162
CVE-2019-20594,0.00885,0.26162
CVE-2019-20595,0.00885,0.26162
CVE-2019-20596,0.00885,0.26162
CVE-2019-20597,0.00885,0.26162
CVE-2019-20598,0.00885,0.26162
CVE-2019-20599,0.00885,0.26162
CVE-2019-2060,0.01086,0.51674
CVE-2019-20600,0.00885,0.26162
CVE-2019-20601,0.00885,0.26162
CVE-2019-20602,0.00885,0.26162
CVE-2019-20603,0.00885,0.26162
CVE-2019-20604,0.00885,0.26162
CVE-2019-20605,0.00885,0.26162
CVE-2019-20606,0.00885,0.26162
CVE-2019-20607,0.01086,0.51674
CVE-2019-20608,0.00885,0.26162
CVE-2019-20609,0.00885,0.26162
CVE-2019-2061,0.01156,0.60033
CVE-2019-20610,0.01086,0.51674
CVE-2019-20611,0.01086,0.51674
CVE-2019-20612,0.00885,0.26162
CVE-2019-20613,0.00885,0.26162
CVE-2019-20614,0.00885,0.26162
CVE-2019-20615,0.00885,0.26162
CVE-2019-20616,0.00885,0.26162
CVE-2019-20617,0.00885,0.26162
CVE-2019-20618,0.00885,0.26162
CVE-2019-20619,0.00885,0.26162
CVE-2019-2062,0.01156,0.60033
CVE-2019-20620,0.00885,0.26162
CVE-2019-20621,0.00885,0.26162
CVE-2019-20622,0.00885,0.26162
CVE-2019-20623,0.00885,0.26162
CVE-2019-20624,0.00885,0.26162
CVE-2019-20625,0.00885,0.26162
CVE-2019-20626,0.00885,0.26162
CVE-2019-20627,0.00954,0.34522
CVE-2019-20628,0.00954,0.34522
CVE-2019-20629,0.00885,0.26162
CVE-2019-2063,0.01156,0.60033
CVE-2019-20630,0.00885,0.26162
CVE-2019-20631,0.00885,0.26162
CVE-2019-20632,0.00885,0.26162
CVE-2019-20633,0.00885,0.26162
CVE-2019-20634,0.01018,0.38792
CVE-2019-20635,0.00885,0.26162
CVE-2019-20636,0.01034,0.39824
CVE-2019-20637,0.00954,0.34522
CVE-2019-20638,0.00885,0.26162
CVE-2019-20639,0.00885,0.26162
CVE-2019-2064,0.01156,0.60033
CVE-2019-20640,0.00885,0.26162
CVE-2019-20641,0.00885,0.26162
CVE-2019-20642,0.00885,0.26162
CVE-2019-20643,0.00885,0.26162
CVE-2019-20644,0.00885,0.26162
CVE-2019-20645,0.00885,0.26162
CVE-2019-20646,0.00885,0.26162
CVE-2019-20647,0.00885,0.26162
CVE-2019-20648,0.00885,0.26162
CVE-2019-20649,0.00885,0.26162
CVE-2019-2065,0.01156,0.60033
CVE-2019-20650,0.00885,0.26162
CVE-2019-20651,0.01005,0.35949
CVE-2019-20652,0.00885,0.26162
CVE-2019-20653,0.00885,0.26162
CVE-2019-20654,0.00885,0.26162
CVE-2019-20655,0.01005,0.35949
CVE-2019-20656,0.00885,0.26162
CVE-2019-20657,0.00885,0.26162
CVE-2019-20658,0.00885,0.26162
CVE-2019-20659,0.02055,0.7893
CVE-2019-2066,0.01156,0.60033
CVE-2019-20660,0.00885,0.26162
CVE-2019-20661,0.00885,0.26162
CVE-2019-20662,0.00885,0.26162
CVE-2019-20663,0.00885,0.26162
CVE-2019-20664,0.00885,0.26162
CVE-2019-20665,0.00885,0.26162
CVE-2019-20666,0.00885,0.26162
CVE-2019-20667,0.00885,0.26162
CVE-2019-20668,0.00885,0.26162
CVE-2019-20669,0.00885,0.26162
CVE-2019-2067,0.01156,0.60033
CVE-2019-20670,0.00885,0.26162
CVE-2019-20671,0.00885,0.26162
CVE-2019-20672,0.00885,0.26162
CVE-2019-20673,0.00885,0.26162
CVE-2019-20674,0.00885,0.26162
CVE-2019-20675,0.00885,0.26162
CVE-2019-20676,0.00885,0.26162
CVE-2019-20677,0.00885,0.26162
CVE-2019-20678,0.00885,0.26162
CVE-2019-20679,0.00885,0.26162
CVE-2019-2068,0.01156,0.60033
CVE-2019-20680,0.01005,0.35949
CVE-2019-20681,0.00885,0.26162
CVE-2019-20682,0.00885,0.26162
CVE-2019-20683,0.00885,0.26162
CVE-2019-20684,0.00885,0.26162
CVE-2019-20685,0.00885,0.26162
CVE-2019-20686,0.00885,0.26162
CVE-2019-20687,0.00885,0.26162
CVE-2019-20688,0.01005,0.35949
CVE-2019-20689,0.01005,0.35949
CVE-2019-2069,0.01156,0.60033
CVE-2019-20690,0.00885,0.26162
CVE-2019-20691,0.00885,0.26162
CVE-2019-20692,0.00885,0.26162
CVE-2019-20693,0.00885,0.26162
CVE-2019-20694,0.00885,0.26162
CVE-2019-20695,0.00885,0.26162
CVE-2019-20696,0.00885,0.26162
CVE-2019-20697,0.00885,0.26162
CVE-2019-20698,0.00885,0.26162
CVE-2019-20699,0.00885,0.26162
CVE-2019-2070,0.01156,0.60033
CVE-2019-20700,0.00885,0.26162
CVE-2019-20701,0.01005,0.35949
CVE-2019-20702,0.01005,0.35949
CVE-2019-20703,0.01005,0.35949
CVE-2019-20704,0.01005,0.35949
CVE-2019-20705,0.01005,0.35949
CVE-2019-20706,0.01005,0.35949
CVE-2019-20707,0.01005,0.35949
CVE-2019-20708,0.01005,0.35949
CVE-2019-20709,0.01005,0.35949
CVE-2019-2071,0.01156,0.60033
CVE-2019-20710,0.01005,0.35949
CVE-2019-20711,0.01005,0.35949
CVE-2019-20712,0.00885,0.26162
CVE-2019-20713,0.00885,0.26162
CVE-2019-20714,0.00885,0.26162
CVE-2019-20715,0.00885,0.26162
CVE-2019-20716,0.00885,0.26162
CVE-2019-20717,0.00885,0.26162
CVE-2019-20718,0.01005,0.35949
CVE-2019-20719,0.00885,0.26162
CVE-2019-2072,0.01156,0.60033
CVE-2019-20720,0.00885,0.26162
CVE-2019-20721,0.00885,0.26162
CVE-2019-20722,0.01005,0.35949
CVE-2019-20723,0.00885,0.26162
CVE-2019-20724,0.01005,0.35949
CVE-2019-20725,0.00885,0.26162
CVE-2019-20726,0.01005,0.35949
CVE-2019-20727,0.01005,0.35949
CVE-2019-20728,0.00885,0.26162
CVE-2019-20729,0.00885,0.26162
CVE-2019-2073,0.01156,0.60033
CVE-2019-20730,0.00885,0.26162
CVE-2019-20731,0.00885,0.26162
CVE-2019-20732,0.01005,0.35949
CVE-2019-20733,0.00885,0.26162
CVE-2019-20734,0.00885,0.26162
CVE-2019-20735,0.00885,0.26162
CVE-2019-20736,0.00885,0.26162
CVE-2019-20737,0.00885,0.26162
CVE-2019-20738,0.00885,0.26162
CVE-2019-20739,0.00885,0.26162
CVE-2019-2074,0.01156,0.60033
CVE-2019-20740,0.00885,0.26162
CVE-2019-20741,0.00885,0.26162
CVE-2019-20742,0.00885,0.26162
CVE-2019-20743,0.00885,0.26162
CVE-2019-20744,0.00885,0.26162
CVE-2019-20745,0.01005,0.35949
CVE-2019-20746,0.00885,0.26162
CVE-2019-20747,0.00885,0.26162
CVE-2019-20748,0.00885,0.26162
CVE-2019-20749,0.00885,0.26162
CVE-2019-2075,0.01156,0.60033
CVE-2019-20750,0.00885,0.26162
CVE-2019-20751,0.00885,0.26162
CVE-2019-20752,0.00885,0.26162
CVE-2019-20753,0.00885,0.26162
CVE-2019-20754,0.00885,0.26162
CVE-2019-20755,0.00885,0.26162
CVE-2019-20756,0.00885,0.26162
CVE-2019-20757,0.01005,0.35949
CVE-2019-20758,0.00885,0.26162
CVE-2019-20759,0.00885,0.26162
CVE-2019-2076,0.01156,0.60033
CVE-2019-20760,0.00885,0.26162
CVE-2019-20761,0.01005,0.35949
CVE-2019-20762,0.00885,0.26162
CVE-2019-20763,0.00885,0.26162
CVE-2019-20764,0.00885,0.26162
CVE-2019-20765,0.00885,0.26162
CVE-2019-20766,0.00885,0.26162
CVE-2019-20767,0.00885,0.26162
CVE-2019-20768,0.00885,0.26162
CVE-2019-20769,0.00885,0.26162
CVE-2019-2077,0.01156,0.60033
CVE-2019-20770,0.01036,0.41241
CVE-2019-20771,0.00885,0.26162
CVE-2019-20772,0.00885,0.26162
CVE-2019-20773,0.00885,0.26162
CVE-2019-20774,0.00885,0.26162
CVE-2019-20775,0.00885,0.26162
CVE-2019-20776,0.00885,0.26162
CVE-2019-20777,0.00885,0.26162
CVE-2019-20778,0.00885,0.26162
CVE-2019-20779,0.00885,0.26162
CVE-2019-2078,0.01156,0.60033
CVE-2019-20780,0.00885,0.26162
CVE-2019-20781,0.00885,0.26162
CVE-2019-20782,0.00885,0.26162
CVE-2019-20783,0.00885,0.26162
CVE-2019-20784,0.00885,0.26162
CVE-2019-20785,0.00885,0.26162
CVE-2019-20786,0.01213,0.6557
CVE-2019-20787,0.01018,0.38792
CVE-2019-20788,0.01018,0.38792
CVE-2019-20789,0.00885,0.26162
CVE-2019-2079,0.01086,0.51674
CVE-2019-20790,0.01018,0.38792
CVE-2019-20791,0.00954,0.34522
CVE-2019-20792,0.00954,0.34522
CVE-2019-20794,0.0095,0.30554
CVE-2019-20795,0.0095,0.30554
CVE-2019-20797,0.01108,0.53389
CVE-2019-20798,0.0089,0.2856
CVE-2019-20799,0.01319,0.70416
CVE-2019-2080,0.01156,0.60033
CVE-2019-20800,0.01136,0.57949
CVE-2019-20801,0.00885,0.26162
CVE-2019-20802,0.00885,0.26162
CVE-2019-20803,0.00954,0.34522
CVE-2019-20804,0.00954,0.34522
CVE-2019-20805,0.00885,0.26162
CVE-2019-20806,0.01034,0.39824
CVE-2019-20807,0.01104,0.52279
CVE-2019-20808,0.0089,0.2856
CVE-2019-20809,0.00885,0.26162
CVE-2019-2081,0.01156,0.60033
CVE-2019-20810,0.01282,0.67298
CVE-2019-20811,0.0095,0.30554
CVE-2019-20812,0.0095,0.30554
CVE-2019-20813,0.00885,0.26162
CVE-2019-20814,0.00885,0.26162
CVE-2019-20815,0.00885,0.26162
CVE-2019-20816,0.00885,0.26162
CVE-2019-20817,0.00885,0.26162
CVE-2019-20818,0.00885,0.26162
CVE-2019-20819,0.00885,0.26162
CVE-2019-2082,0.01156,0.60033
CVE-2019-20820,0.00885,0.26162
CVE-2019-20821,0.00885,0.26162
CVE-2019-20822,0.00885,0.26162
CVE-2019-20823,0.00885,0.26162
CVE-2019-20824,0.00885,0.26162
CVE-2019-20825,0.00885,0.26162
CVE-2019-20826,0.00885,0.26162
CVE-2019-20827,0.00885,0.26162
CVE-2019-20828,0.00885,0.26162
CVE-2019-20829,0.00885,0.26162
CVE-2019-2083,0.01156,0.60033
CVE-2019-20830,0.00885,0.26162
CVE-2019-20831,0.00885,0.26162
CVE-2019-20832,0.00885,0.26162
CVE-2019-20833,0.00885,0.26162
CVE-2019-20834,0.00885,0.26162
CVE-2019-20835,0.00885,0.26162
CVE-2019-20836,0.00885,0.26162
CVE-2019-20837,0.00885,0.26162
CVE-2019-20838,0.01108,0.53389
CVE-2019-20839,0.01537,0.73595
CVE-2019-2084,0.01156,0.60033
CVE-2019-20840,0.01183,0.60428
CVE-2019-20841,0.00885,0.26162
CVE-2019-20842,0.00885,0.26162
CVE-2019-20843,0.00885,0.26162
CVE-2019-20844,0.00885,0.26162
CVE-2019-20845,0.00885,0.26162
CVE-2019-20846,0.00885,0.26162
CVE-2019-20847,0.00885,0.26162
CVE-2019-20848,0.00885,0.26162
CVE-2019-20849,0.00885,0.26162
CVE-2019-2085,0.01156,0.60033
CVE-2019-20850,0.00885,0.26162
CVE-2019-20851,0.00885,0.26162
CVE-2019-20852,0.00885,0.26162
CVE-2019-20853,0.01156,0.60033
CVE-2019-20854,0.01055,0.50287
CVE-2019-20855,0.00885,0.26162
CVE-2019-20856,0.00885,0.26162
CVE-2019-20857,0.00885,0.26162
CVE-2019-20858,0.00885,0.26162
CVE-2019-20859,0.00885,0.26162
CVE-2019-2086,0.01156,0.60033
CVE-2019-20860,0.01055,0.50287
CVE-2019-20861,0.01086,0.51674
CVE-2019-20862,0.00885,0.26162
CVE-2019-20863,0.00885,0.26162
CVE-2019-20864,0.00885,0.26162
CVE-2019-20865,0.00885,0.26162
CVE-2019-20866,0.00885,0.26162
CVE-2019-20867,0.00885,0.26162
CVE-2019-20868,0.00885,0.26162
CVE-2019-20869,0.00885,0.26162
CVE-2019-2087,0.01156,0.60033
CVE-2019-20870,0.00885,0.26162
CVE-2019-20871,0.00885,0.26162
CVE-2019-20872,0.00885,0.26162
CVE-2019-20873,0.00885,0.26162
CVE-2019-20874,0.00885,0.26162
CVE-2019-20875,0.00885,0.26162
CVE-2019-20876,0.00885,0.26162
CVE-2019-20877,0.00885,0.26162
CVE-2019-20878,0.00885,0.26162
CVE-2019-20879,0.00885,0.26162
CVE-2019-2088,0.01036,0.41241
CVE-2019-20880,0.00885,0.26162
CVE-2019-20881,0.00885,0.26162
CVE-2019-20882,0.00885,0.26162
CVE-2019-20883,0.00885,0.26162
CVE-2019-20884,0.00885,0.26162
CVE-2019-20885,0.00885,0.26162
CVE-2019-20886,0.00885,0.26162
CVE-2019-20887,0.00885,0.26162
CVE-2019-20888,0.00885,0.26162
CVE-2019-20889,0.00885,0.26162
CVE-2019-2089,0.01036,0.41241
CVE-2019-20890,0.00885,0.26162
CVE-2019-20891,0.00885,0.26162
CVE-2019-20892,0.01104,0.52279
CVE-2019-20893,0.01086,0.51674
CVE-2019-20894,0.00885,0.26162
CVE-2019-20896,0.00885,0.26162
CVE-2019-20897,0.01055,0.50287
CVE-2019-20898,0.01055,0.50287
CVE-2019-20899,0.01055,0.50287
CVE-2019-2090,0.00885,0.26162
CVE-2019-20900,0.01055,0.50287
CVE-2019-20901,0.01055,0.50287
CVE-2019-20902,0.00885,0.26162
CVE-2019-20903,0.01061,0.51015
CVE-2019-20907,0.02686,0.82061
CVE-2019-20908,0.01791,0.76026
CVE-2019-20909,0.00885,0.26162
CVE-2019-2091,0.00885,0.26162
CVE-2019-20910,0.00885,0.26162
CVE-2019-20911,0.00885,0.26162
CVE-2019-20912,0.00885,0.26162
CVE-2019-20913,0.00885,0.26162
CVE-2019-20914,0.00885,0.26162
CVE-2019-20915,0.00885,0.26162
CVE-2019-20916,0.01183,0.60428
CVE-2019-20917,0.0095,0.30554
CVE-2019-20918,0.0089,0.2856
CVE-2019-20919,0.01034,0.39824
CVE-2019-2092,0.00885,0.26162
CVE-2019-20920,0.02509,0.81058
CVE-2019-20921,0.01018,0.38792
CVE-2019-20922,0.00954,0.34522
CVE-2019-20923,0.00885,0.26162
CVE-2019-20924,0.00885,0.26162
CVE-2019-20925,0.00885,0.26162
CVE-2019-2093,0.01156,0.60033
CVE-2019-20934,0.0089,0.2856
CVE-2019-2094,0.01103,0.51945
CVE-2019-2095,0.01103,0.51945
CVE-2019-2096,0.01036,0.41241
CVE-2019-2097,0.01156,0.60033
CVE-2019-2098,0.00885,0.26162
CVE-2019-2099,0.01036,0.41241
CVE-2019-2101,0.01365,0.70715
CVE-2019-2102,0.01018,0.38792
CVE-2019-2103,0.01036,0.41241
CVE-2019-2104,0.01036,0.41241
CVE-2019-2105,0.01156,0.60033
CVE-2019-2106,0.01156,0.60033
CVE-2019-2108,0.01103,0.51945
CVE-2019-2109,0.01156,0.60033
CVE-2019-2110,0.01036,0.41241
CVE-2019-2111,0.01156,0.60033
CVE-2019-2112,0.01036,0.41241
CVE-2019-2113,0.00885,0.26162
CVE-2019-2114,0.01005,0.36332
CVE-2019-2115,0.01036,0.41241
CVE-2019-2116,0.01156,0.60033
CVE-2019-2117,0.01036,0.41241
CVE-2019-2118,0.01036,0.41241
CVE-2019-2119,0.01036,0.41241
CVE-2019-2120,0.01036,0.41241
CVE-2019-2121,0.01036,0.41241
CVE-2019-2122,0.01036,0.41241
CVE-2019-2123,0.01036,0.41241
CVE-2019-2124,0.00885,0.26162
CVE-2019-2125,0.00885,0.26162
CVE-2019-2126,0.04836,0.88802
CVE-2019-2127,0.01036,0.41241
CVE-2019-2128,0.01036,0.41241
CVE-2019-2129,0.01156,0.60033
CVE-2019-2130,0.01156,0.60033
CVE-2019-2131,0.01036,0.41241
CVE-2019-2132,0.01036,0.41241
CVE-2019-2133,0.01036,0.41241
CVE-2019-2134,0.01036,0.41241
CVE-2019-2135,0.01036,0.41241
CVE-2019-2136,0.01036,0.41241
CVE-2019-2137,0.01036,0.41241
CVE-2019-2138,0.01086,0.51674
CVE-2019-2139,0.01086,0.51674
CVE-2019-2140,0.01086,0.51674
CVE-2019-2141,0.01156,0.60033
CVE-2019-2142,0.01086,0.51674
CVE-2019-2143,0.01086,0.51674
CVE-2019-2144,0.01086,0.51674
CVE-2019-2145,0.01086,0.51674
CVE-2019-2146,0.01086,0.51674
CVE-2019-2147,0.01086,0.51674
CVE-2019-2148,0.01086,0.51674
CVE-2019-2149,0.01086,0.51674
CVE-2019-2150,0.01086,0.51674
CVE-2019-2151,0.01086,0.51674
CVE-2019-2152,0.01086,0.51674
CVE-2019-2153,0.01086,0.51674
CVE-2019-2154,0.01086,0.51674
CVE-2019-2155,0.01086,0.51674
CVE-2019-2156,0.01086,0.51674
CVE-2019-2157,0.01086,0.51674
CVE-2019-2158,0.01086,0.51674
CVE-2019-2159,0.01156,0.60033
CVE-2019-2160,0.01086,0.51674
CVE-2019-2161,0.01086,0.51674
CVE-2019-2162,0.01156,0.60033
CVE-2019-2163,0.01086,0.51674
CVE-2019-2164,0.01086,0.51674
CVE-2019-2165,0.01086,0.51674
CVE-2019-2166,0.01086,0.51674
CVE-2019-2167,0.01086,0.51674
CVE-2019-2168,0.01086,0.51674
CVE-2019-2169,0.01086,0.51674
CVE-2019-2170,0.01086,0.51674
CVE-2019-2171,0.01086,0.51674
CVE-2019-2172,0.01086,0.51674
CVE-2019-2173,0.01036,0.41241
CVE-2019-2174,0.01036,0.41241
CVE-2019-2175,0.01036,0.41241
CVE-2019-2176,0.01103,0.51945
CVE-2019-2177,0.01156,0.60033
CVE-2019-2178,0.01036,0.41241
CVE-2019-2179,0.01036,0.41241
CVE-2019-2180,0.01036,0.41241
CVE-2019-2181,0.01559,0.742
CVE-2019-2182,0.01365,0.70715
CVE-2019-2183,0.01036,0.41241
CVE-2019-2184,0.01156,0.60033
CVE-2019-2185,0.01156,0.60033
CVE-2019-2186,0.01156,0.60033
CVE-2019-2187,0.01036,0.41241
CVE-2019-2188,0.01036,0.41241
CVE-2019-2189,0.01036,0.41241
CVE-2019-2190,0.01036,0.41241
CVE-2019-2191,0.01036,0.41241
CVE-2019-2192,0.01036,0.41241
CVE-2019-2193,0.01036,0.41241
CVE-2019-2194,0.01036,0.41241
CVE-2019-2195,0.01036,0.41241
CVE-2019-2197,0.01036,0.41241
CVE-2019-2199,0.01036,0.41241
CVE-2019-2200,0.01036,0.41241
CVE-2019-2201,0.06156,0.90255
CVE-2019-2202,0.01036,0.41241
CVE-2019-2203,0.01036,0.41241
CVE-2019-2204,0.01156,0.60033
CVE-2019-2206,0.01156,0.60033
CVE-2019-2207,0.01036,0.41241
CVE-2019-2208,0.01156,0.60033
CVE-2019-2209,0.01036,0.41241
CVE-2019-2210,0.01036,0.41241
CVE-2019-2211,0.01086,0.51674
CVE-2019-2212,0.01036,0.41241
CVE-2019-2213,0.01036,0.41241
CVE-2019-2214,0.01365,0.70715
CVE-2019-2216,0.01036,0.41241
CVE-2019-2217,0.01036,0.41241
CVE-2019-2218,0.01036,0.41241
CVE-2019-2219,0.01036,0.41241
CVE-2019-2220,0.01036,0.41241
CVE-2019-2221,0.01036,0.41241
CVE-2019-2222,0.01103,0.51945
CVE-2019-2223,0.01103,0.51945
CVE-2019-2225,0.01103,0.51945
CVE-2019-2226,0.01036,0.41241
CVE-2019-2227,0.01103,0.51945
CVE-2019-2228,0.01365,0.70715
CVE-2019-2229,0.01036,0.41241
CVE-2019-2230,0.01156,0.60033
CVE-2019-2231,0.01036,0.41241
CVE-2019-2232,0.01156,0.60033
CVE-2019-2233,0.01036,0.41241
CVE-2019-2235,0.00885,0.26162
CVE-2019-2236,0.00885,0.26162
CVE-2019-2237,0.00885,0.26162
CVE-2019-2238,0.00885,0.26162
CVE-2019-2239,0.00885,0.26162
CVE-2019-2240,0.00885,0.26162
CVE-2019-2241,0.00885,0.26162
CVE-2019-2242,0.00885,0.26162
CVE-2019-2243,0.00885,0.26162
CVE-2019-2244,0.00885,0.26162
CVE-2019-2245,0.00885,0.26162
CVE-2019-2246,0.00885,0.26162
CVE-2019-2247,0.00885,0.26162
CVE-2019-2248,0.00885,0.26162
CVE-2019-2249,0.01086,0.51674
CVE-2019-2250,0.00885,0.26162
CVE-2019-2251,0.00885,0.26162
CVE-2019-2252,0.00885,0.26162
CVE-2019-2253,0.00885,0.26162
CVE-2019-2254,0.00885,0.26162
CVE-2019-2255,0.01086,0.51674
CVE-2019-2256,0.01086,0.51674
CVE-2019-2257,0.00885,0.26162
CVE-2019-2258,0.00885,0.26162
CVE-2019-2259,0.00885,0.26162
CVE-2019-2260,0.00885,0.26162
CVE-2019-2261,0.00885,0.26162
CVE-2019-2263,0.00885,0.26162
CVE-2019-2264,0.00885,0.26162
CVE-2019-2266,0.00885,0.26162
CVE-2019-2267,0.00885,0.26162
CVE-2019-2268,0.00885,0.26162
CVE-2019-2269,0.00885,0.26162
CVE-2019-2271,0.00885,0.26162
CVE-2019-2272,0.00885,0.26162
CVE-2019-2273,0.00885,0.26162
CVE-2019-2274,0.00885,0.26162
CVE-2019-2275,0.00885,0.26162
CVE-2019-2276,0.00885,0.26162
CVE-2019-2277,0.00885,0.26162
CVE-2019-2278,0.00885,0.26162
CVE-2019-2279,0.00885,0.26162
CVE-2019-2281,0.01036,0.41241
CVE-2019-2283,0.00885,0.26162
CVE-2019-2284,0.00885,0.26162
CVE-2019-2285,0.00885,0.26162
CVE-2019-2287,0.00885,0.26162
CVE-2019-2288,0.00885,0.26162
CVE-2019-2289,0.00885,0.26162
CVE-2019-2290,0.00885,0.26162
CVE-2019-2292,0.00885,0.26162
CVE-2019-2293,0.00885,0.26162
CVE-2019-2294,0.00885,0.26162
CVE-2019-2295,0.00885,0.26162
CVE-2019-2297,0.00885,0.26162
CVE-2019-2298,0.00885,0.26162
CVE-2019-2299,0.00885,0.26162
CVE-2019-2300,0.00885,0.26162
CVE-2019-2301,0.00885,0.26162
CVE-2019-2302,0.00885,0.26162
CVE-2019-2303,0.00885,0.26162
CVE-2019-2304,0.00885,0.26162
CVE-2019-2305,0.00885,0.26162
CVE-2019-2306,0.00885,0.26162
CVE-2019-2307,0.00885,0.26162
CVE-2019-2308,0.00885,0.26162
CVE-2019-2309,0.00885,0.26162
CVE-2019-2310,0.00885,0.26162
CVE-2019-2311,0.00885,0.26162
CVE-2019-2312,0.00885,0.26162
CVE-2019-2314,0.00885,0.26162
CVE-2019-2315,0.00885,0.26162
CVE-2019-2316,0.00885,0.26162
CVE-2019-2317,0.00885,0.26162
CVE-2019-2318,0.00885,0.26162
CVE-2019-2319,0.00885,0.26162
CVE-2019-2320,0.00885,0.26162
CVE-2019-2321,0.00885,0.26162
CVE-2019-2322,0.00885,0.26162
CVE-2019-2323,0.00885,0.26162
CVE-2019-2324,0.00885,0.26162
CVE-2019-2325,0.00885,0.26162
CVE-2019-2326,0.00885,0.26162
CVE-2019-2327,0.00885,0.26162
CVE-2019-2328,0.00885,0.26162
CVE-2019-2329,0.00885,0.26162
CVE-2019-2330,0.00885,0.26162
CVE-2019-2331,0.00885,0.26162
CVE-2019-2332,0.00885,0.26162
CVE-2019-2333,0.00885,0.26162
CVE-2019-2334,0.00885,0.26162
CVE-2019-2335,0.00885,0.26162
CVE-2019-2336,0.00885,0.26162
CVE-2019-2337,0.00885,0.26162
CVE-2019-2338,0.00885,0.26162
CVE-2019-2339,0.00885,0.26162
CVE-2019-2341,0.00885,0.26162
CVE-2019-2343,0.00885,0.26162
CVE-2019-2345,0.00885,0.26162
CVE-2019-2346,0.00885,0.26162
CVE-2019-2386,0.00885,0.26162
CVE-2019-2388,0.00885,0.26162
CVE-2019-2389,0.00885,0.26162
CVE-2019-2390,0.00885,0.26162
CVE-2019-2391,0.00885,0.26162
CVE-2019-2392,0.00885,0.26162
CVE-2019-2393,0.00885,0.26162
CVE-2019-2395,0.00885,0.26162
CVE-2019-2396,0.00885,0.26162
CVE-2019-2397,0.00885,0.26162
CVE-2019-2398,0.00885,0.26162
CVE-2019-2399,0.00885,0.26162
CVE-2019-2400,0.00885,0.26162
CVE-2019-2401,0.00885,0.26162
CVE-2019-2402,0.00885,0.26162
CVE-2019-2403,0.00885,0.26162
CVE-2019-2404,0.00885,0.26162
CVE-2019-2405,0.00885,0.26162
CVE-2019-2406,0.00885,0.26162
CVE-2019-2407,0.00885,0.26162
CVE-2019-2408,0.00885,0.26162
CVE-2019-2409,0.00885,0.26162
CVE-2019-2410,0.00885,0.26162
CVE-2019-2411,0.00885,0.26162
CVE-2019-2412,0.00885,0.26162
CVE-2019-2413,0.12108,0.9497
CVE-2019-2414,0.00885,0.26162
CVE-2019-2415,0.00885,0.26162
CVE-2019-2416,0.00885,0.26162
CVE-2019-2417,0.00885,0.26162
CVE-2019-2418,0.00885,0.26162
CVE-2019-2419,0.00885,0.26162
CVE-2019-2420,0.01034,0.39824
CVE-2019-2421,0.00885,0.26162
CVE-2019-2422,0.02686,0.82061
CVE-2019-2423,0.00885,0.26162
CVE-2019-2424,0.00885,0.26162
CVE-2019-2425,0.00885,0.26162
CVE-2019-2426,0.01108,0.53389
CVE-2019-2427,0.00885,0.26162
CVE-2019-2429,0.00885,0.26162
CVE-2019-2430,0.00885,0.26162
CVE-2019-2431,0.00885,0.26162
CVE-2019-2432,0.00885,0.26162
CVE-2019-2433,0.00885,0.26162
CVE-2019-2434,0.01034,0.39824
CVE-2019-2435,0.01018,0.38792
CVE-2019-2436,0.0095,0.30554
CVE-2019-2437,0.00885,0.26162
CVE-2019-2438,0.00885,0.26162
CVE-2019-2439,0.00885,0.26162
CVE-2019-2440,0.00885,0.26162
CVE-2019-2441,0.00885,0.26162
CVE-2019-2442,0.00885,0.26162
CVE-2019-2443,0.00885,0.26162
CVE-2019-2444,0.00885,0.26162
CVE-2019-2445,0.00885,0.26162
CVE-2019-2446,0.0095,0.30554
CVE-2019-2447,0.00885,0.26162
CVE-2019-2448,0.0095,0.30554
CVE-2019-2449,0.01108,0.53389
CVE-2019-2450,0.0095,0.30554
CVE-2019-2451,0.0095,0.30554
CVE-2019-2452,0.00885,0.26162
CVE-2019-2453,0.00885,0.26162
CVE-2019-2455,0.01034,0.39824
CVE-2019-2456,0.00885,0.26162
CVE-2019-2457,0.00885,0.26162
CVE-2019-2458,0.00885,0.26162
CVE-2019-2459,0.00885,0.26162
CVE-2019-2460,0.00885,0.26162
CVE-2019-2461,0.00885,0.26162
CVE-2019-2462,0.00885,0.26162
CVE-2019-2463,0.00885,0.26162
CVE-2019-2464,0.00885,0.26162
CVE-2019-2465,0.00885,0.26162
CVE-2019-2466,0.00885,0.26162
CVE-2019-2467,0.00885,0.26162
CVE-2019-2468,0.00885,0.26162
CVE-2019-2469,0.00885,0.26162
CVE-2019-2470,0.00885,0.26162
CVE-2019-2471,0.00885,0.26162
CVE-2019-2472,0.00885,0.26162
CVE-2019-2473,0.00885,0.26162
CVE-2019-2474,0.00885,0.26162
CVE-2019-2475,0.00885,0.26162
CVE-2019-2476,0.00885,0.26162
CVE-2019-2477,0.00885,0.26162
CVE-2019-2478,0.00885,0.26162
CVE-2019-2479,0.00885,0.26162
CVE-2019-2480,0.00885,0.26162
CVE-2019-2481,0.01034,0.39824
CVE-2019-2482,0.01034,0.39824
CVE-2019-2484,0.00885,0.26162
CVE-2019-2485,0.00885,0.26162
CVE-2019-2486,0.01034,0.39824
CVE-2019-2487,0.00885,0.26162
CVE-2019-2488,0.00885,0.26162
CVE-2019-2489,0.00885,0.26162
CVE-2019-2490,0.00885,0.26162
CVE-2019-2491,0.00885,0.26162
CVE-2019-2492,0.00885,0.26162
CVE-2019-2493,0.00885,0.26162
CVE-2019-2494,0.0095,0.30554
CVE-2019-2495,0.0095,0.30554
CVE-2019-2496,0.00885,0.26162
CVE-2019-2497,0.00885,0.26162
CVE-2019-2498,0.00885,0.26162
CVE-2019-2499,0.00885,0.26162
CVE-2019-2500,0.0089,0.2856
CVE-2019-25001,0.00885,0.26162
CVE-2019-25002,0.00885,0.26162
CVE-2019-25003,0.00885,0.26162
CVE-2019-25004,0.00885,0.26162
CVE-2019-25005,0.00885,0.26162
CVE-2019-25006,0.00885,0.26162
CVE-2019-25007,0.00885,0.26162
CVE-2019-25009,0.00885,0.26162
CVE-2019-2501,0.0089,0.2856
CVE-2019-25010,0.00885,0.26162
CVE-2019-25011,0.00885,0.26162
CVE-2019-25012,0.01055,0.50287
CVE-2019-25013,0.02686,0.82061
CVE-2019-25014,0.00885,0.26162
CVE-2019-25015,0.00885,0.26162
CVE-2019-25016,0.02199,0.80273
CVE-2019-25017,0.00885,0.26162
CVE-2019-25018,0.00885,0.26162
CVE-2019-25019,0.00885,0.26162
CVE-2019-2502,0.0095,0.30554
CVE-2019-25020,0.00885,0.26162
CVE-2019-25021,0.00885,0.26162
CVE-2019-25022,0.00885,0.26162
CVE-2019-25023,0.00885,0.26162
CVE-2019-25025,0.01055,0.50287
CVE-2019-25026,0.00885,0.26162
CVE-2019-25027,0.00885,0.26162
CVE-2019-25028,0.00954,0.34522
CVE-2019-25029,0.01086,0.51674
CVE-2019-2503,0.01104,0.52279
CVE-2019-25030,0.00885,0.26162
CVE-2019-25031,0.00954,0.34522
CVE-2019-25032,0.00954,0.34522
CVE-2019-25033,0.00954,0.34522
CVE-2019-25034,0.00954,0.34522
CVE-2019-25035,0.00954,0.34522
CVE-2019-25036,0.00954,0.34522
CVE-2019-25037,0.00954,0.34522
CVE-2019-25038,0.00954,0.34522
CVE-2019-25039,0.00954,0.34522
CVE-2019-2504,0.0089,0.2856
CVE-2019-25040,0.00954,0.34522
CVE-2019-25041,0.00954,0.34522
CVE-2019-25042,0.00954,0.34522
CVE-2019-25043,0.00885,0.26162
CVE-2019-25044,0.01365,0.70715
CVE-2019-25045,0.0095,0.30554
CVE-2019-25046,0.00885,0.26162
CVE-2019-25047,0.00954,0.34522
CVE-2019-25048,0.00954,0.34522
CVE-2019-25049,0.00954,0.34522
CVE-2019-2505,0.0089,0.2856
CVE-2019-25050,0.01034,0.39824
CVE-2019-25051,0.01034,0.39824
CVE-2019-25052,0.00885,0.26162
CVE-2019-25054,0.00885,0.26162
CVE-2019-25055,0.00885,0.26162
CVE-2019-25056,0.00885,0.26162
CVE-2019-25057,0.00885,0.26162
CVE-2019-25058,0.01034,0.39824
CVE-2019-25059,0.00885,0.26162
CVE-2019-2506,0.0089,0.2856
CVE-2019-25060,0.01055,0.50287
CVE-2019-25061,0.01018,0.38792
CVE-2019-25062,0.00885,0.26162
CVE-2019-25063,0.00885,0.26162
CVE-2019-25064,0.00885,0.26162
CVE-2019-25065,0.00885,0.26162
CVE-2019-25066,0.0089,0.2856
CVE-2019-25067,0.00885,0.26162
CVE-2019-25068,0.00885,0.26162
CVE-2019-25069,0.00885,0.26162
CVE-2019-2507,0.01034,0.39824
CVE-2019-25070,0.00885,0.26162
CVE-2019-25071,0.00954,0.34522
CVE-2019-25075,0.00885,0.26162
CVE-2019-2508,0.0095,0.30554
CVE-2019-2509,0.0095,0.30554
CVE-2019-2510,0.01282,0.67298
CVE-2019-2511,0.01018,0.38792
CVE-2019-2512,0.00885,0.26162
CVE-2019-2513,0.0089,0.2856
CVE-2019-2516,0.00885,0.26162
CVE-2019-2517,0.00885,0.26162
CVE-2019-2518,0.00885,0.26162
CVE-2019-2519,0.00885,0.26162
CVE-2019-2520,0.0089,0.2856
CVE-2019-2521,0.0089,0.2856
CVE-2019-2522,0.0089,0.2856
CVE-2019-2523,0.0089,0.2856
CVE-2019-2524,0.0089,0.2856
CVE-2019-2526,0.0089,0.2856
CVE-2019-2527,0.0095,0.30554
CVE-2019-2528,0.01034,0.39824
CVE-2019-2529,0.01282,0.67298
CVE-2019-2530,0.0095,0.30554
CVE-2019-2531,0.01034,0.39824
CVE-2019-2532,0.01034,0.39824
CVE-2019-2533,0.0095,0.30554
CVE-2019-2534,0.01034,0.39824
CVE-2019-2535,0.0095,0.30554
CVE-2019-2536,0.0095,0.30554
CVE-2019-2537,0.01282,0.67298
CVE-2019-2538,0.00885,0.26162
CVE-2019-2539,0.0095,0.30554
CVE-2019-2540,0.00954,0.34522
CVE-2019-2541,0.00885,0.26162
CVE-2019-2543,0.00885,0.26162
CVE-2019-2544,0.00885,0.26162
CVE-2019-2545,0.00885,0.26162
CVE-2019-2546,0.00885,0.26162
CVE-2019-2547,0.00885,0.26162
CVE-2019-2549,0.00885,0.26162
CVE-2019-2550,0.00885,0.26162
CVE-2019-2551,0.00885,0.26162
CVE-2019-2552,0.0089,0.2856
CVE-2019-2553,0.0089,0.2856
CVE-2019-2554,0.0095,0.30554
CVE-2019-2555,0.0095,0.30554
CVE-2019-2556,0.0095,0.30554
CVE-2019-2557,0.1228,0.951
CVE-2019-2558,0.00885,0.26162
CVE-2019-2561,0.00885,0.26162
CVE-2019-2564,0.00885,0.26162
CVE-2019-2565,0.00885,0.26162
CVE-2019-2566,0.0089,0.2856
CVE-2019-2567,0.00885,0.26162
CVE-2019-2568,0.00885,0.26162
CVE-2019-2569,0.00885,0.26162
CVE-2019-2570,0.00885,0.26162
CVE-2019-2571,0.00885,0.26162
CVE-2019-2572,0.00885,0.26162
CVE-2019-2573,0.00885,0.26162
CVE-2019-2574,0.00885,0.26162
CVE-2019-2575,0.00885,0.26162
CVE-2019-2576,0.00885,0.26162
CVE-2019-2577,0.00885,0.26162
CVE-2019-2578,0.00885,0.26162
CVE-2019-2579,0.00885,0.26162
CVE-2019-2580,0.01034,0.39824
CVE-2019-2581,0.01034,0.39824
CVE-2019-2582,0.00885,0.26162
CVE-2019-2583,0.00885,0.26162
CVE-2019-2584,0.01034,0.39824
CVE-2019-2585,0.01034,0.39824
CVE-2019-2586,0.00885,0.26162
CVE-2019-2587,0.01034,0.39824
CVE-2019-2589,0.01034,0.39824
CVE-2019-2590,0.00885,0.26162
CVE-2019-2591,0.00885,0.26162
CVE-2019-2592,0.01034,0.39824
CVE-2019-2593,0.01034,0.39824
CVE-2019-2594,0.00885,0.26162
CVE-2019-2595,0.00885,0.26162
CVE-2019-2596,0.01034,0.39824
CVE-2019-2597,0.00885,0.26162
CVE-2019-2598,0.00885,0.26162
CVE-2019-2599,0.00885,0.26162
CVE-2019-2600,0.00885,0.26162
CVE-2019-2601,0.00885,0.26162
CVE-2019-2602,0.02686,0.82061
CVE-2019-2603,0.00885,0.26162
CVE-2019-2604,0.00885,0.26162
CVE-2019-2605,0.00885,0.26162
CVE-2019-2606,0.01034,0.39824
CVE-2019-2607,0.01034,0.39824
CVE-2019-2608,0.00885,0.26162
CVE-2019-2609,0.00885,0.26162
CVE-2019-2610,0.00885,0.26162
CVE-2019-2611,0.00885,0.26162
CVE-2019-2612,0.00885,0.26162
CVE-2019-2613,0.00885,0.26162
CVE-2019-2614,0.01791,0.76026
CVE-2019-2616,0.12108,0.9497
CVE-2019-2617,0.01034,0.39824
CVE-2019-2619,0.00885,0.26162
CVE-2019-2620,0.01034,0.39824
CVE-2019-2621,0.00885,0.26162
CVE-2019-2622,0.00885,0.26162
CVE-2019-2623,0.0095,0.30554
CVE-2019-2624,0.0095,0.30554
CVE-2019-2625,0.0095,0.30554
CVE-2019-2626,0.0095,0.30554
CVE-2019-2627,0.01282,0.67298
CVE-2019-2628,0.01282,0.67298
CVE-2019-2629,0.00885,0.26162
CVE-2019-2630,0.0095,0.30554
CVE-2019-2631,0.0095,0.30554
CVE-2019-2632,0.00954,0.34522
CVE-2019-2633,0.00885,0.26162
CVE-2019-2634,0.01018,0.38792
CVE-2019-2635,0.0095,0.30554
CVE-2019-2636,0.0095,0.30554
CVE-2019-2637,0.00885,0.26162
CVE-2019-2638,0.00885,0.26162
CVE-2019-2639,0.00885,0.26162
CVE-2019-2640,0.00885,0.26162
CVE-2019-2641,0.00885,0.26162
CVE-2019-2642,0.00885,0.26162
CVE-2019-2643,0.00885,0.26162
CVE-2019-2644,0.0095,0.30554
CVE-2019-2645,0.00885,0.26162
CVE-2019-2646,0.00885,0.26162
CVE-2019-2647,0.00885,0.26162
CVE-2019-2648,0.00885,0.26162
CVE-2019-2649,0.00885,0.26162
CVE-2019-2650,0.00885,0.26162
CVE-2019-2651,0.00885,0.26162
CVE-2019-2652,0.00885,0.26162
CVE-2019-2653,0.00885,0.26162
CVE-2019-2654,0.00885,0.26162
CVE-2019-2655,0.00885,0.26162
CVE-2019-2656,0.00885,0.26162
CVE-2019-2657,0.00885,0.26162
CVE-2019-2658,0.00885,0.26162
CVE-2019-2659,0.00885,0.26162
CVE-2019-2660,0.00885,0.26162
CVE-2019-2661,0.00885,0.26162
CVE-2019-2662,0.00885,0.26162
CVE-2019-2663,0.00885,0.26162
CVE-2019-2664,0.00885,0.26162
CVE-2019-2665,0.00885,0.26162
CVE-2019-2666,0.00885,0.26162
CVE-2019-2668,0.00885,0.26162
CVE-2019-2669,0.00885,0.26162
CVE-2019-2670,0.00885,0.26162
CVE-2019-2671,0.00885,0.26162
CVE-2019-2672,0.00885,0.26162
CVE-2019-2673,0.00885,0.26162
CVE-2019-2674,0.00885,0.26162
CVE-2019-2675,0.00885,0.26162
CVE-2019-2676,0.00885,0.26162
CVE-2019-2677,0.00885,0.26162
CVE-2019-2678,0.00885,0.26162
CVE-2019-2679,0.00885,0.26162
CVE-2019-2680,0.00885,0.26162
CVE-2019-2681,0.0095,0.30554
CVE-2019-2682,0.00885,0.26162
CVE-2019-2683,0.0095,0.30554
CVE-2019-2684,0.02686,0.82061
CVE-2019-2685,0.0095,0.30554
CVE-2019-2686,0.0095,0.30554
CVE-2019-2687,0.0095,0.30554
CVE-2019-2688,0.0095,0.30554
CVE-2019-2689,0.0095,0.30554
CVE-2019-2690,0.00885,0.26162
CVE-2019-2691,0.0095,0.30554
CVE-2019-2692,0.0089,0.2856
CVE-2019-2693,0.0095,0.30554
CVE-2019-2694,0.0095,0.30554
CVE-2019-2695,0.0095,0.30554
CVE-2019-2696,0.00885,0.26162
CVE-2019-2697,0.22505,0.96447
CVE-2019-2698,0.25256,0.96832
CVE-2019-2699,0.00954,0.34522
CVE-2019-2700,0.00885,0.26162
CVE-2019-2701,0.00885,0.26162
CVE-2019-2702,0.00885,0.26162
CVE-2019-2703,0.00885,0.26162
CVE-2019-2704,0.00885,0.26162
CVE-2019-2705,0.00885,0.26162
CVE-2019-2706,0.00885,0.26162
CVE-2019-2707,0.00885,0.26162
CVE-2019-2708,0.00885,0.26162
CVE-2019-2709,0.00885,0.26162
CVE-2019-2712,0.00885,0.26162
CVE-2019-2713,0.00885,0.26162
CVE-2019-2719,0.00885,0.26162
CVE-2019-2720,0.00885,0.26162
CVE-2019-2721,0.02001,0.7846
CVE-2019-2722,0.0089,0.2856
CVE-2019-2723,0.0095,0.30554
CVE-2019-2726,0.00885,0.26162
CVE-2019-2727,0.00885,0.26162
CVE-2019-2728,0.00885,0.26162
CVE-2019-2730,0.0089,0.2856
CVE-2019-2731,0.0089,0.2856
CVE-2019-2732,0.00885,0.26162
CVE-2019-2733,0.00885,0.26162
CVE-2019-2734,0.00885,0.26162
CVE-2019-2735,0.00885,0.26162
CVE-2019-2736,0.00885,0.26162
CVE-2019-2737,0.01791,0.76026
CVE-2019-2738,0.01104,0.52279
CVE-2019-2739,0.01791,0.76026
CVE-2019-2740,0.01547,0.74085
CVE-2019-2741,0.0095,0.30554
CVE-2019-2742,0.00885,0.26162
CVE-2019-2743,0.0089,0.2856
CVE-2019-2744,0.00885,0.26162
CVE-2019-2745,0.01108,0.53389
CVE-2019-2746,0.0089,0.2856
CVE-2019-2747,0.0089,0.2856
CVE-2019-2748,0.00885,0.26162
CVE-2019-2749,0.00885,0.26162
CVE-2019-2750,0.00885,0.26162
CVE-2019-2751,0.00885,0.26162
CVE-2019-2752,0.01034,0.39824
CVE-2019-2753,0.00885,0.26162
CVE-2019-2754,0.00885,0.26162
CVE-2019-2755,0.01034,0.39824
CVE-2019-2756,0.00885,0.26162
CVE-2019-2757,0.01104,0.52279
CVE-2019-2758,0.01282,0.67298
CVE-2019-2759,0.00885,0.26162
CVE-2019-2760,0.00885,0.26162
CVE-2019-2761,0.00885,0.26162
CVE-2019-2762,0.02686,0.82061
CVE-2019-2763,0.00885,0.26162
CVE-2019-2764,0.00885,0.26162
CVE-2019-2765,0.00885,0.26162
CVE-2019-2766,0.01018,0.38792
CVE-2019-2767,0.00885,0.26162
CVE-2019-2768,0.00885,0.26162
CVE-2019-2769,0.02686,0.82061
CVE-2019-2770,0.00885,0.26162
CVE-2019-2771,0.00885,0.26162
CVE-2019-2772,0.00885,0.26162
CVE-2019-2773,0.00885,0.26162
CVE-2019-2774,0.01104,0.52279
CVE-2019-2775,0.00885,0.26162
CVE-2019-2776,0.00885,0.26162
CVE-2019-2777,0.00885,0.26162
CVE-2019-2778,0.01104,0.52279
CVE-2019-2779,0.00885,0.26162
CVE-2019-2780,0.01034,0.39824
CVE-2019-2781,0.00885,0.26162
CVE-2019-2782,0.00885,0.26162
CVE-2019-2783,0.00885,0.26162
CVE-2019-2784,0.01034,0.39824
CVE-2019-2785,0.01034,0.39824
CVE-2019-2786,0.01537,0.73595
CVE-2019-2787,0.00885,0.26162
CVE-2019-2788,0.00885,0.26162
CVE-2019-2789,0.01034,0.39824
CVE-2019-2790,0.00885,0.26162
CVE-2019-2791,0.0095,0.30554
CVE-2019-2792,0.00885,0.26162
CVE-2019-2793,0.00885,0.26162
CVE-2019-2794,0.00885,0.26162
CVE-2019-2795,0.0095,0.30554
CVE-2019-2796,0.0095,0.30554
CVE-2019-2797,0.01034,0.39824
CVE-2019-2798,0.0095,0.30554
CVE-2019-2799,0.00885,0.26162
CVE-2019-2800,0.0095,0.30554
CVE-2019-2801,0.0095,0.30554
CVE-2019-2802,0.0095,0.30554
CVE-2019-2803,0.0095,0.30554
CVE-2019-2804,0.00885,0.26162
CVE-2019-2805,0.01282,0.67298
CVE-2019-2807,0.00885,0.26162
CVE-2019-2808,0.0095,0.30554
CVE-2019-2809,0.00885,0.26162
CVE-2019-2810,0.0095,0.30554
CVE-2019-2811,0.0095,0.30554
CVE-2019-2812,0.0095,0.30554
CVE-2019-2813,0.00885,0.26162
CVE-2019-2814,0.0095,0.30554
CVE-2019-2815,0.0095,0.30554
CVE-2019-2816,0.02686,0.82061
CVE-2019-2817,0.00885,0.26162
CVE-2019-2818,0.00954,0.34522
CVE-2019-2819,0.01034,0.39824
CVE-2019-2820,0.00885,0.26162
CVE-2019-2821,0.00954,0.34522
CVE-2019-2822,0.00954,0.34522
CVE-2019-2823,0.00885,0.26162
CVE-2019-2824,0.00885,0.26162
CVE-2019-2825,0.00885,0.26162
CVE-2019-2826,0.0095,0.30554
CVE-2019-2827,0.00885,0.26162
CVE-2019-2828,0.00885,0.26162
CVE-2019-2829,0.00885,0.26162
CVE-2019-2830,0.0095,0.30554
CVE-2019-2831,0.00885,0.26162
CVE-2019-2832,0.00885,0.26162
CVE-2019-2833,0.00885,0.26162
CVE-2019-2834,0.0095,0.30554
CVE-2019-2835,0.00885,0.26162
CVE-2019-2836,0.00885,0.26162
CVE-2019-2837,0.00885,0.26162
CVE-2019-2838,0.00885,0.26162
CVE-2019-2839,0.00885,0.26162
CVE-2019-2840,0.00885,0.26162
CVE-2019-2841,0.00885,0.26162
CVE-2019-2842,0.01018,0.38792
CVE-2019-2843,0.00885,0.26162
CVE-2019-2844,0.00885,0.26162
CVE-2019-2845,0.00885,0.26162
CVE-2019-2846,0.00885,0.26162
CVE-2019-2847,0.00885,0.26162
CVE-2019-2848,0.0089,0.2856
CVE-2019-2850,0.0089,0.2856
CVE-2019-2852,0.00885,0.26162
CVE-2019-2853,0.00885,0.26162
CVE-2019-2854,0.00885,0.26162
CVE-2019-2855,0.00885,0.26162
CVE-2019-2856,0.00885,0.26162
CVE-2019-2857,0.00885,0.26162
CVE-2019-2858,0.00885,0.26162
CVE-2019-2859,0.0089,0.2856
CVE-2019-2860,0.00885,0.26162
CVE-2019-2861,0.07168,0.9192
CVE-2019-2862,0.00885,0.26162
CVE-2019-2863,0.0089,0.2856
CVE-2019-2864,0.0089,0.2856
CVE-2019-2865,0.0089,0.2856
CVE-2019-2866,0.0089,0.2856
CVE-2019-2867,0.01034,0.39824
CVE-2019-2868,0.00885,0.26162
CVE-2019-2869,0.00885,0.26162
CVE-2019-2870,0.00885,0.26162
CVE-2019-2871,0.00885,0.26162
CVE-2019-2872,0.00885,0.26162
CVE-2019-2873,0.0089,0.2856
CVE-2019-2874,0.0089,0.2856
CVE-2019-2875,0.0089,0.2856
CVE-2019-2876,0.0089,0.2856
CVE-2019-2877,0.0089,0.2856
CVE-2019-2878,0.00885,0.26162
CVE-2019-2879,0.0089,0.2856
CVE-2019-2880,0.00885,0.26162
CVE-2019-2883,0.00885,0.26162
CVE-2019-2884,0.00885,0.26162
CVE-2019-2886,0.00885,0.26162
CVE-2019-2887,0.00885,0.26162
CVE-2019-2889,0.00885,0.26162
CVE-2019-2891,0.00885,0.26162
CVE-2019-2894,0.02686,0.82061
CVE-2019-2895,0.00885,0.26162
CVE-2019-2896,0.00885,0.26162
CVE-2019-2897,0.0089,0.2856
CVE-2019-2898,0.00885,0.26162
CVE-2019-2899,0.00885,0.26162
CVE-2019-2900,0.00885,0.26162
CVE-2019-2901,0.00885,0.26162
CVE-2019-2902,0.00885,0.26162
CVE-2019-2903,0.00885,0.26162
CVE-2019-2904,0.01108,0.53389
CVE-2019-2905,0.00885,0.26162
CVE-2019-2906,0.00885,0.26162
CVE-2019-2907,0.00885,0.26162
CVE-2019-2909,0.00885,0.26162
CVE-2019-2910,0.00954,0.34522
CVE-2019-2911,0.01034,0.39824
CVE-2019-2913,0.00885,0.26162
CVE-2019-2914,0.01034,0.39824
CVE-2019-2915,0.00885,0.26162
CVE-2019-2920,0.00885,0.26162
CVE-2019-2922,0.00954,0.34522
CVE-2019-2923,0.00954,0.34522
CVE-2019-2924,0.00954,0.34522
CVE-2019-2925,0.00885,0.26162
CVE-2019-2926,0.0089,0.2856
CVE-2019-2927,0.00885,0.26162
CVE-2019-2929,0.00885,0.26162
CVE-2019-2930,0.00885,0.26162
CVE-2019-2931,0.00885,0.26162
CVE-2019-2932,0.00885,0.26162
CVE-2019-2933,0.01108,0.53389
CVE-2019-2934,0.00885,0.26162
CVE-2019-2935,0.00885,0.26162
CVE-2019-2936,0.00885,0.26162
CVE-2019-2937,0.00885,0.26162
CVE-2019-2938,0.01282,0.67298
CVE-2019-2939,0.00885,0.26162
CVE-2019-2940,0.00885,0.26162
CVE-2019-2941,0.00885,0.26162
CVE-2019-2942,0.00885,0.26162
CVE-2019-2943,0.00885,0.26162
CVE-2019-2944,0.0089,0.2856
CVE-2019-2945,0.02686,0.82061
CVE-2019-2946,0.01034,0.39824
CVE-2019-2947,0.00885,0.26162
CVE-2019-2948,0.0089,0.2856
CVE-2019-2949,0.02686,0.82061
CVE-2019-2950,0.0089,0.2856
CVE-2019-2951,0.00885,0.26162
CVE-2019-2952,0.00885,0.26162
CVE-2019-2953,0.00885,0.26162
CVE-2019-2954,0.00885,0.26162
CVE-2019-2955,0.00885,0.26162
CVE-2019-2956,0.00885,0.26162
CVE-2019-2957,0.01034,0.39824
CVE-2019-2958,0.01108,0.53389
CVE-2019-2959,0.00885,0.26162
CVE-2019-2960,0.01034,0.39824
CVE-2019-2961,0.00885,0.26162
CVE-2019-2962,0.02686,0.82061
CVE-2019-2963,0.01034,0.39824
CVE-2019-2964,0.02686,0.82061
CVE-2019-2965,0.00885,0.26162
CVE-2019-2966,0.01034,0.39824
CVE-2019-2967,0.01034,0.39824
CVE-2019-2968,0.01034,0.39824
CVE-2019-2969,0.00954,0.34522
CVE-2019-2970,0.00885,0.26162
CVE-2019-2971,0.00885,0.26162
CVE-2019-2972,0.00885,0.26162
CVE-2019-2973,0.02686,0.82061
CVE-2019-2974,0.01282,0.67298
CVE-2019-2975,0.02686,0.82061
CVE-2019-2976,0.00885,0.26162
CVE-2019-2977,0.01183,0.60428
CVE-2019-2978,0.02686,0.82061
CVE-2019-2979,0.00885,0.26162
CVE-2019-2980,0.00885,0.26162
CVE-2019-2981,0.02686,0.82061
CVE-2019-2982,0.01034,0.39824
CVE-2019-2983,0.02686,0.82061
CVE-2019-2984,0.0089,0.2856
CVE-2019-2985,0.00885,0.26162
CVE-2019-2986,0.00885,0.26162
CVE-2019-2987,0.02686,0.82061
CVE-2019-2988,0.02686,0.82061
CVE-2019-2989,0.02686,0.82061
CVE-2019-2990,0.00885,0.26162
CVE-2019-2991,0.01034,0.39824
CVE-2019-2992,0.02686,0.82061
CVE-2019-2993,0.01034,0.39824
CVE-2019-2994,0.00885,0.26162
CVE-2019-2995,0.00885,0.26162
CVE-2019-2996,0.01108,0.53389
CVE-2019-2997,0.01034,0.39824
CVE-2019-2998,0.01034,0.39824
CVE-2019-2999,0.02686,0.82061
CVE-2019-3000,0.00885,0.26162
CVE-2019-3001,0.00885,0.26162
CVE-2019-3002,0.0089,0.2856
CVE-2019-3003,0.0089,0.2856
CVE-2019-3004,0.01034,0.39824
CVE-2019-3005,0.0089,0.2856
CVE-2019-3008,0.00885,0.26162
CVE-2019-3009,0.01034,0.39824
CVE-2019-3011,0.01034,0.39824
CVE-2019-3012,0.00885,0.26162
CVE-2019-3014,0.00885,0.26162
CVE-2019-3015,0.00885,0.26162
CVE-2019-3016,0.01547,0.74085
CVE-2019-3017,0.0095,0.30554
CVE-2019-3018,0.01034,0.39824
CVE-2019-3019,0.00885,0.26162
CVE-2019-3020,0.00885,0.26162
CVE-2019-3021,0.0089,0.2856
CVE-2019-3022,0.00885,0.26162
CVE-2019-3023,0.00885,0.26162
CVE-2019-3024,0.00885,0.26162
CVE-2019-3025,0.12108,0.9497
CVE-2019-3026,0.0095,0.30554
CVE-2019-3027,0.00885,0.26162
CVE-2019-3028,0.0089,0.2856
CVE-2019-3031,0.0095,0.30554
CVE-2019-3395,0.01055,0.50287
CVE-2019-3397,0.01156,0.60033
CVE-2019-3399,0.01055,0.50287
CVE-2019-3400,0.01055,0.50287
CVE-2019-3401,0.01055,0.50287
CVE-2019-3402,0.01055,0.50287
CVE-2019-3404,0.00885,0.26162
CVE-2019-3405,0.00885,0.26162
CVE-2019-3409,0.02055,0.7893
CVE-2019-3410,0.00885,0.26162
CVE-2019-3411,0.00885,0.26162
CVE-2019-3412,0.01086,0.51674
CVE-2019-3413,0.00885,0.26162
CVE-2019-3414,0.00885,0.26162
CVE-2019-3415,0.00885,0.26162
CVE-2019-3416,0.00885,0.26162
CVE-2019-3417,0.02055,0.7893
CVE-2019-3418,0.00885,0.26162
CVE-2019-3419,0.00885,0.26162
CVE-2019-3420,0.00885,0.26162
CVE-2019-3421,0.01005,0.35949
CVE-2019-3422,0.00954,0.34522
CVE-2019-3423,0.00885,0.26162
CVE-2019-3424,0.00885,0.26162
CVE-2019-3425,0.00885,0.26162
CVE-2019-3426,0.00885,0.26162
CVE-2019-3427,0.00885,0.26162
CVE-2019-3428,0.00885,0.26162
CVE-2019-3429,0.00885,0.26162
CVE-2019-3430,0.00885,0.26162
CVE-2019-3431,0.00885,0.26162
CVE-2019-3459,0.02686,0.82061
CVE-2019-3460,0.02686,0.82061
CVE-2019-3461,0.0095,0.30554
CVE-2019-3462,0.07154,0.91917
CVE-2019-3463,0.03806,0.84842
CVE-2019-3464,0.03806,0.84842
CVE-2019-3465,0.01547,0.74085
CVE-2019-3466,0.00885,0.26162
CVE-2019-3467,0.01282,0.67298
CVE-2019-3474,0.01061,0.51015
CVE-2019-3475,0.0089,0.2856
CVE-2019-3476,0.01156,0.60033
CVE-2019-3477,0.00885,0.26162
CVE-2019-3479,0.01377,0.70912
CVE-2019-3480,0.00885,0.26162
CVE-2019-3481,0.00885,0.26162
CVE-2019-3482,0.00885,0.26162
CVE-2019-3483,0.00885,0.26162
CVE-2019-3484,0.01313,0.67355
CVE-2019-3485,0.00885,0.26162
CVE-2019-3486,0.00885,0.26162
CVE-2019-3489,0.01055,0.50287
CVE-2019-3490,0.01055,0.50287
CVE-2019-3493,0.01156,0.60033
CVE-2019-3494,0.00885,0.26162
CVE-2019-3495,0.02199,0.80273
CVE-2019-3496,0.04571,0.88388
CVE-2019-3497,0.04571,0.88388
CVE-2019-3498,0.01183,0.60428
CVE-2019-3500,0.01034,0.39824
CVE-2019-3501,0.02192,0.80195
CVE-2019-3552,0.00954,0.34522
CVE-2019-3553,0.00954,0.34522
CVE-2019-3554,0.00885,0.26162
CVE-2019-3556,0.02199,0.80273
CVE-2019-3557,0.00885,0.26162
CVE-2019-3558,0.01018,0.38792
CVE-2019-3559,0.00954,0.34522
CVE-2019-3561,0.00885,0.26162
CVE-2019-3562,0.01086,0.51674
CVE-2019-3563,0.00885,0.26162
CVE-2019-3564,0.00954,0.34522
CVE-2019-3565,0.01018,0.38792
CVE-2019-3566,0.00885,0.26162
CVE-2019-3567,0.00885,0.26162
CVE-2019-3568,0.01978,0.78447
CVE-2019-3569,0.00885,0.26162
CVE-2019-3570,0.00885,0.26162
CVE-2019-3571,0.00885,0.26162
CVE-2019-3572,0.00885,0.26162
CVE-2019-3573,0.00885,0.26162
CVE-2019-3574,0.00885,0.26162
CVE-2019-3575,0.00885,0.26162
CVE-2019-3576,0.00885,0.26162
CVE-2019-3577,0.00885,0.26162
CVE-2019-3578,0.00885,0.26162
CVE-2019-3579,0.01055,0.50287
CVE-2019-3580,0.00885,0.26162
CVE-2019-3581,0.01055,0.50287
CVE-2019-3582,0.00885,0.26162
CVE-2019-3584,0.00885,0.26162
CVE-2019-3585,0.00885,0.26162
CVE-2019-3586,0.00885,0.26162
CVE-2019-3587,0.01036,0.41241
CVE-2019-3588,0.00885,0.26162
CVE-2019-3591,0.01055,0.50287
CVE-2019-3592,0.00885,0.26162
CVE-2019-3593,0.00885,0.26162
CVE-2019-3595,0.01005,0.36332
CVE-2019-3597,0.00885,0.26162
CVE-2019-3598,0.01055,0.50287
CVE-2019-3599,0.01055,0.50287
CVE-2019-3602,0.00885,0.26162
CVE-2019-3604,0.00885,0.26162
CVE-2019-3606,0.00885,0.26162
CVE-2019-3610,0.00885,0.26162
CVE-2019-3612,0.00885,0.26162
CVE-2019-3613,0.01036,0.41241
CVE-2019-3615,0.00885,0.26162
CVE-2019-3617,0.00885,0.26162
CVE-2019-3619,0.01055,0.50287
CVE-2019-3621,0.00885,0.26162
CVE-2019-3622,0.00885,0.26162
CVE-2019-3628,0.00885,0.26162
CVE-2019-3629,0.00885,0.26162
CVE-2019-3630,0.01086,0.51674
CVE-2019-3631,0.01086,0.51674
CVE-2019-3632,0.00885,0.26162
CVE-2019-3633,0.00885,0.26162
CVE-2019-3634,0.00885,0.26162
CVE-2019-3635,0.00885,0.26162
CVE-2019-3636,0.00885,0.26162
CVE-2019-3637,0.00885,0.26162
CVE-2019-3638,0.01055,0.50287
CVE-2019-3639,0.01055,0.50287
CVE-2019-3640,0.01055,0.50287
CVE-2019-3641,0.01055,0.50287
CVE-2019-3643,0.01055,0.50287
CVE-2019-3644,0.01055,0.50287
CVE-2019-3646,0.01036,0.41241
CVE-2019-3648,0.01005,0.36332
CVE-2019-3649,0.01055,0.50287
CVE-2019-3650,0.01055,0.50287
CVE-2019-3651,0.01055,0.50287
CVE-2019-3652,0.00885,0.26162
CVE-2019-3653,0.00885,0.26162
CVE-2019-3654,0.00885,0.26162
CVE-2019-3660,0.01055,0.50287
CVE-2019-3661,0.01055,0.50287
CVE-2019-3662,0.01055,0.50287
CVE-2019-3665,0.01055,0.50287
CVE-2019-3666,0.01055,0.50287
CVE-2019-3667,0.01036,0.41241
CVE-2019-3670,0.01156,0.60033
CVE-2019-3681,0.01055,0.50287
CVE-2019-3682,0.00885,0.26162
CVE-2019-3683,0.00885,0.26162
CVE-2019-3684,0.00885,0.26162
CVE-2019-3685,0.00885,0.26162
CVE-2019-3686,0.00885,0.26162
CVE-2019-3687,0.00885,0.26162
CVE-2019-3688,0.0095,0.30554
CVE-2019-3689,0.01108,0.53389
CVE-2019-3690,0.00885,0.26162
CVE-2019-3691,0.00885,0.26162
CVE-2019-3692,0.0089,0.2856
CVE-2019-3693,0.0089,0.2856
CVE-2019-3694,0.00885,0.26162
CVE-2019-3695,0.00885,0.26162
CVE-2019-3696,0.00885,0.26162
CVE-2019-3697,0.00885,0.26162
CVE-2019-3698,0.0089,0.2856
CVE-2019-3699,0.00885,0.26162
CVE-2019-3700,0.00885,0.26162
CVE-2019-3701,0.01791,0.76026
CVE-2019-3702,0.04571,0.88388
CVE-2019-3704,0.01005,0.35949
CVE-2019-3705,0.01156,0.60033
CVE-2019-3706,0.01055,0.50287
CVE-2019-3707,0.01055,0.50287
CVE-2019-3708,0.01055,0.50287
CVE-2019-3709,0.01055,0.50287
CVE-2019-3710,0.01055,0.50287
CVE-2019-3711,0.00885,0.26162
CVE-2019-3712,0.01005,0.36332
CVE-2019-3715,0.00885,0.26162
CVE-2019-3716,0.00885,0.26162
CVE-2019-3717,0.00885,0.26162
CVE-2019-3718,0.01055,0.50287
CVE-2019-3720,0.01055,0.50287
CVE-2019-3721,0.01055,0.50287
CVE-2019-3722,0.01055,0.50287
CVE-2019-3723,0.01055,0.50287
CVE-2019-3724,0.01055,0.50287
CVE-2019-3725,0.02055,0.7893
CVE-2019-3726,0.01036,0.41241
CVE-2019-3727,0.01005,0.35949
CVE-2019-3728,0.01055,0.50287
CVE-2019-3729,0.00885,0.26162
CVE-2019-3730,0.01055,0.50287
CVE-2019-3731,0.01055,0.50287
CVE-2019-3732,0.01055,0.50287
CVE-2019-3733,0.01055,0.50287
CVE-2019-3734,0.01055,0.50287
CVE-2019-3735,0.00885,0.26162
CVE-2019-3736,0.01055,0.50287
CVE-2019-3737,0.00885,0.26162
CVE-2019-3738,0.01408,0.72072
CVE-2019-3739,0.01319,0.70416
CVE-2019-3740,0.01319,0.70416
CVE-2019-3741,0.00885,0.26162
CVE-2019-3742,0.00885,0.26162
CVE-2019-3744,0.00885,0.26162
CVE-2019-3745,0.01036,0.41241
CVE-2019-3746,0.01055,0.50287
CVE-2019-3747,0.00885,0.26162
CVE-2019-3749,0.00885,0.26162
CVE-2019-3750,0.00885,0.26162
CVE-2019-3751,0.01055,0.50287
CVE-2019-3752,0.00885,0.26162
CVE-2019-3753,0.00885,0.26162
CVE-2019-3754,0.01055,0.50287
CVE-2019-3756,0.00885,0.26162
CVE-2019-3758,0.00885,0.26162
CVE-2019-3759,0.08078,0.93055
CVE-2019-3760,0.01055,0.50287
CVE-2019-3761,0.01055,0.50287
CVE-2019-3762,0.01055,0.50287
CVE-2019-3763,0.00885,0.26162
CVE-2019-3764,0.01055,0.50287
CVE-2019-3765,0.01055,0.50287
CVE-2019-3766,0.01055,0.50287
CVE-2019-3767,0.00885,0.26162
CVE-2019-3768,0.01055,0.50287
CVE-2019-3769,0.01055,0.50287
CVE-2019-3770,0.01055,0.50287
CVE-2019-3772,0.00954,0.34522
CVE-2019-3773,0.01018,0.38792
CVE-2019-3774,0.02686,0.82061
CVE-2019-3775,0.01055,0.50287
CVE-2019-3776,0.01055,0.50287
CVE-2019-3777,0.01055,0.50287
CVE-2019-3779,0.00885,0.26162
CVE-2019-3780,0.00885,0.26162
CVE-2019-3781,0.01055,0.50287
CVE-2019-3782,0.00885,0.26162
CVE-2019-3783,0.00885,0.26162
CVE-2019-3784,0.01055,0.50287
CVE-2019-3785,0.01055,0.50287
CVE-2019-3786,0.01055,0.50287
CVE-2019-3787,0.00885,0.26162
CVE-2019-3788,0.00885,0.26162
CVE-2019-3789,0.00885,0.26162
CVE-2019-3790,0.01055,0.50287
CVE-2019-3792,0.00885,0.26162
CVE-2019-3793,0.01055,0.50287
CVE-2019-3794,0.01055,0.50287
CVE-2019-3795,0.00954,0.34522
CVE-2019-3797,0.00885,0.26162
CVE-2019-3798,0.01055,0.50287
CVE-2019-3800,0.0141,0.7214
CVE-2019-3801,0.00885,0.26162
CVE-2019-3802,0.00885,0.26162
CVE-2019-3803,0.01055,0.50287
CVE-2019-3804,0.01018,0.38792
CVE-2019-3805,0.01104,0.52279
CVE-2019-3806,0.00885,0.26162
CVE-2019-3807,0.00885,0.26162
CVE-2019-3808,0.0089,0.2856
CVE-2019-3809,0.00954,0.34522
CVE-2019-3811,0.01034,0.39824
CVE-2019-3812,0.01282,0.67298
CVE-2019-3813,0.02273,0.80589
CVE-2019-3814,0.01232,0.66248
CVE-2019-3815,0.0095,0.30554
CVE-2019-3816,0.02172,0.79917
CVE-2019-3817,0.01018,0.38792
CVE-2019-3818,0.01018,0.38792
CVE-2019-3819,0.01282,0.67298
CVE-2019-3820,0.01018,0.38792
CVE-2019-3821,0.01136,0.57949
CVE-2019-3822,0.02686,0.82061
CVE-2019-3823,0.01537,0.73595
CVE-2019-3824,0.01104,0.52279
CVE-2019-3825,0.00885,0.26162
CVE-2019-3826,0.02945,0.82534
CVE-2019-3827,0.0095,0.30554
CVE-2019-3828,0.01104,0.52279
CVE-2019-3829,0.01537,0.73595
CVE-2019-3830,0.00885,0.26162
CVE-2019-3831,0.00885,0.26162
CVE-2019-3832,0.01034,0.39824
CVE-2019-3833,0.01408,0.72072
CVE-2019-3834,0.00885,0.26162
CVE-2019-3835,0.02686,0.82061
CVE-2019-3836,0.01183,0.60428
CVE-2019-3837,0.00885,0.26162
CVE-2019-3838,0.02686,0.82061
CVE-2019-3839,0.01537,0.73595
CVE-2019-3840,0.01034,0.39824
CVE-2019-3841,0.00885,0.26162
CVE-2019-3842,0.02685,0.8144
CVE-2019-3843,0.01034,0.39824
CVE-2019-3844,0.01505,0.72763
CVE-2019-3845,0.00885,0.26162
CVE-2019-3846,0.02686,0.82061
CVE-2019-3848,0.00885,0.26162
CVE-2019-3849,0.00885,0.26162
CVE-2019-3850,0.00885,0.26162
CVE-2019-3851,0.00885,0.26162
CVE-2019-3852,0.00885,0.26162
CVE-2019-3855,0.0524,0.89153
CVE-2019-3856,0.0767,0.92609
CVE-2019-3857,0.0767,0.92609
CVE-2019-3858,0.03779,0.84781
CVE-2019-3859,0.04358,0.87435
CVE-2019-3860,0.02172,0.79917
CVE-2019-3861,0.02172,0.79917
CVE-2019-3862,0.03779,0.84781
CVE-2019-3863,0.02686,0.82061
CVE-2019-3864,0.00885,0.26162
CVE-2019-3865,0.00885,0.26162
CVE-2019-3866,0.00885,0.26162
CVE-2019-3867,0.00885,0.26162
CVE-2019-3868,0.0095,0.30554
CVE-2019-3869,0.00885,0.26162
CVE-2019-3870,0.01034,0.39824
CVE-2019-3871,0.01815,0.76117
CVE-2019-3872,0.00885,0.26162
CVE-2019-3873,0.00885,0.26162
CVE-2019-3874,0.02686,0.82061
CVE-2019-3875,0.00885,0.26162
CVE-2019-3876,0.00954,0.34522
CVE-2019-3877,0.01183,0.60428
CVE-2019-3878,0.01537,0.73595
CVE-2019-3879,0.0089,0.2856
CVE-2019-3880,0.01547,0.74085
CVE-2019-3881,0.00885,0.26162
CVE-2019-3882,0.01547,0.74085
CVE-2019-3883,0.01108,0.53389
CVE-2019-3884,0.00885,0.26162
CVE-2019-3885,0.01537,0.73595
CVE-2019-3886,0.01108,0.53389
CVE-2019-3887,0.01104,0.52279
CVE-2019-3888,0.01108,0.53389
CVE-2019-3889,0.0089,0.2856
CVE-2019-3890,0.00954,0.34522
CVE-2019-3891,0.00885,0.26162
CVE-2019-3893,0.0095,0.30554
CVE-2019-3894,0.01034,0.39824
CVE-2019-3895,0.01061,0.51015
CVE-2019-3896,0.0095,0.30554
CVE-2019-3897,0.00885,0.26162
CVE-2019-3899,0.00885,0.26162
CVE-2019-3900,0.01547,0.74085
CVE-2019-3901,0.01365,0.70715
CVE-2019-3902,0.01018,0.38792
CVE-2019-3905,0.00885,0.26162
CVE-2019-3906,0.01055,0.50287
CVE-2019-3907,0.00885,0.26162
CVE-2019-3908,0.00885,0.26162
CVE-2019-3909,0.00885,0.26162
CVE-2019-3910,0.01055,0.50287
CVE-2019-3911,0.01055,0.50287
CVE-2019-3912,0.01055,0.50287
CVE-2019-3913,0.01055,0.50287
CVE-2019-3914,0.01055,0.50287
CVE-2019-3915,0.00885,0.26162
CVE-2019-3916,0.01055,0.50287
CVE-2019-3917,0.01055,0.50287
CVE-2019-3918,0.00885,0.26162
CVE-2019-3919,0.01055,0.50287
CVE-2019-3920,0.01055,0.50287
CVE-2019-3921,0.04891,0.88826
CVE-2019-3922,0.01156,0.60033
CVE-2019-3923,0.01055,0.50287
CVE-2019-3924,0.08382,0.93597
CVE-2019-3925,0.01055,0.50287
CVE-2019-3926,0.01055,0.50287
CVE-2019-3927,0.01055,0.50287
CVE-2019-3928,0.01055,0.50287
CVE-2019-3930,0.01156,0.60033
CVE-2019-3931,0.01156,0.60033
CVE-2019-3932,0.01055,0.50287
CVE-2019-3933,0.01055,0.50287
CVE-2019-3934,0.01055,0.50287
CVE-2019-3935,0.01055,0.50287
CVE-2019-3936,0.01055,0.50287
CVE-2019-3937,0.00885,0.26162
CVE-2019-3938,0.00885,0.26162
CVE-2019-3939,0.01055,0.50287
CVE-2019-3940,0.02432,0.8082
CVE-2019-3941,0.01055,0.50287
CVE-2019-3942,0.01055,0.50287
CVE-2019-3943,0.01055,0.50287
CVE-2019-3944,0.00885,0.26162
CVE-2019-3945,0.00885,0.26162
CVE-2019-3946,0.01055,0.50287
CVE-2019-3947,0.00885,0.26162
CVE-2019-3948,0.08382,0.93597
CVE-2019-3949,0.00885,0.26162
CVE-2019-3950,0.00885,0.26162
CVE-2019-3951,0.01156,0.60033
CVE-2019-3953,0.01156,0.60033
CVE-2019-3954,0.01156,0.60033
CVE-2019-3955,0.01055,0.50287
CVE-2019-3956,0.00885,0.26162
CVE-2019-3957,0.00885,0.26162
CVE-2019-3958,0.01055,0.50287
CVE-2019-3959,0.01055,0.50287
CVE-2019-3960,0.01156,0.60033
CVE-2019-3961,0.01055,0.50287
CVE-2019-3962,0.00885,0.26162
CVE-2019-3963,0.01086,0.51674
CVE-2019-3964,0.01086,0.51674
CVE-2019-3965,0.01086,0.51674
CVE-2019-3966,0.01086,0.51674
CVE-2019-3967,0.00885,0.26162
CVE-2019-3968,0.00885,0.26162
CVE-2019-3969,0.00885,0.26162
CVE-2019-3970,0.00885,0.26162
CVE-2019-3971,0.00885,0.26162
CVE-2019-3972,0.00885,0.26162
CVE-2019-3973,0.00885,0.26162
CVE-2019-3974,0.00885,0.26162
CVE-2019-3975,0.01156,0.60033
CVE-2019-3976,0.00885,0.26162
CVE-2019-3977,0.01055,0.50287
CVE-2019-3978,0.08382,0.93597
CVE-2019-3979,0.01055,0.50287
CVE-2019-3981,0.00885,0.26162
CVE-2019-3982,0.01055,0.50287
CVE-2019-3983,0.01103,0.51945
CVE-2019-3984,0.01055,0.50287
CVE-2019-3985,0.01055,0.50287
CVE-2019-3986,0.01055,0.50287
CVE-2019-3987,0.01055,0.50287
CVE-2019-3988,0.01055,0.50287
CVE-2019-3989,0.01055,0.50287
CVE-2019-3990,0.00885,0.26162
CVE-2019-3992,0.01136,0.57949
CVE-2019-3993,0.01136,0.57949
CVE-2019-3994,0.01136,0.57949
CVE-2019-3995,0.01136,0.57949
CVE-2019-3996,0.01136,0.57949
CVE-2019-3997,0.00885,0.26162
CVE-2019-3998,0.00885,0.26162
CVE-2019-3999,0.02663,0.81428
CVE-2019-4000,0.00885,0.26162
CVE-2019-4001,0.00885,0.26162
CVE-2019-4008,0.00954,0.34522
CVE-2019-4011,0.00885,0.26162
CVE-2019-4012,0.01136,0.57949
CVE-2019-4013,0.0968,0.94003
CVE-2019-4014,0.01005,0.36332
CVE-2019-4015,0.01365,0.70715
CVE-2019-4016,0.01365,0.70715
CVE-2019-4027,0.0089,0.2856
CVE-2019-4028,0.0089,0.2856
CVE-2019-4029,0.0089,0.2856
CVE-2019-4030,0.00885,0.26162
CVE-2019-4031,0.00885,0.26162
CVE-2019-4032,0.01055,0.50287
CVE-2019-4033,0.00885,0.26162
CVE-2019-4034,0.02199,0.80273
CVE-2019-4035,0.0089,0.2856
CVE-2019-4036,0.00885,0.26162
CVE-2019-4038,0.00885,0.26162
CVE-2019-4039,0.00885,0.26162
CVE-2019-4040,0.00954,0.34522
CVE-2019-4043,0.01061,0.51015
CVE-2019-4045,0.00885,0.26162
CVE-2019-4046,0.01136,0.57949
CVE-2019-4047,0.02199,0.80273
CVE-2019-4048,0.00885,0.26162
CVE-2019-4049,0.00885,0.26162
CVE-2019-4051,0.00954,0.34522
CVE-2019-4052,0.00954,0.34522
CVE-2019-4054,0.00885,0.26162
CVE-2019-4055,0.00954,0.34522
CVE-2019-4056,0.00885,0.26162
CVE-2019-4057,0.01005,0.36332
CVE-2019-4058,0.00885,0.26162
CVE-2019-4059,0.00885,0.26162
CVE-2019-4061,0.29019,0.97191
CVE-2019-4062,0.01055,0.50287
CVE-2019-4063,0.00954,0.34522
CVE-2019-4066,0.0144,0.7265
CVE-2019-4067,0.00885,0.26162
CVE-2019-4068,0.00885,0.26162
CVE-2019-4069,0.00885,0.26162
CVE-2019-4070,0.00885,0.26162
CVE-2019-4071,0.01055,0.50287
CVE-2019-4072,0.00885,0.26162
CVE-2019-4073,0.00885,0.26162
CVE-2019-4074,0.00885,0.26162
CVE-2019-4075,0.00885,0.26162
CVE-2019-4076,0.00885,0.26162
CVE-2019-4077,0.00885,0.26162
CVE-2019-4078,0.01005,0.36332
CVE-2019-4080,0.01061,0.51015
CVE-2019-4083,0.00885,0.26162
CVE-2019-4084,0.00885,0.26162
CVE-2019-4086,0.01055,0.50287
CVE-2019-4087,0.01978,0.78447
CVE-2019-4088,0.00885,0.26162
CVE-2019-4090,0.00885,0.26162
CVE-2019-4091,0.00885,0.26162
CVE-2019-4092,0.01055,0.50287
CVE-2019-4093,0.00885,0.26162
CVE-2019-4094,0.00885,0.26162
CVE-2019-4095,0.00885,0.26162
CVE-2019-4098,0.00885,0.26162
CVE-2019-4101,0.0089,0.2856
CVE-2019-4102,0.00954,0.34522
CVE-2019-4103,0.01888,0.76438
CVE-2019-4106,0.00885,0.26162
CVE-2019-4109,0.01055,0.50287
CVE-2019-4112,0.00885,0.26162
CVE-2019-4115,0.00885,0.26162
CVE-2019-4116,0.00885,0.26162
CVE-2019-4117,0.00885,0.26162
CVE-2019-4118,0.0089,0.2856
CVE-2019-4119,0.00885,0.26162
CVE-2019-4120,0.00885,0.26162
CVE-2019-4129,0.01055,0.50287
CVE-2019-4130,0.01978,0.78447
CVE-2019-4131,0.01055,0.50287
CVE-2019-4132,0.00885,0.26162
CVE-2019-4133,0.00885,0.26162
CVE-2019-4134,0.00885,0.26162
CVE-2019-4135,0.00885,0.26162
CVE-2019-4136,0.00885,0.26162
CVE-2019-4137,0.00954,0.34522
CVE-2019-4138,0.01136,0.57949
CVE-2019-4139,0.0095,0.30554
CVE-2019-4140,0.00885,0.26162
CVE-2019-4141,0.00885,0.26162
CVE-2019-4142,0.00885,0.26162
CVE-2019-4143,0.0089,0.2856
CVE-2019-4145,0.00885,0.26162
CVE-2019-4146,0.0089,0.2856
CVE-2019-4147,0.01055,0.50287
CVE-2019-4148,0.00885,0.26162
CVE-2019-4149,0.00885,0.26162
CVE-2019-4150,0.00885,0.26162
CVE-2019-4151,0.00885,0.26162
CVE-2019-4152,0.00885,0.26162
CVE-2019-4153,0.01055,0.50287
CVE-2019-4154,0.01365,0.70715
CVE-2019-4155,0.00954,0.34522
CVE-2019-4156,0.00885,0.26162
CVE-2019-4157,0.00885,0.26162
CVE-2019-4158,0.00885,0.26162
CVE-2019-4160,0.00885,0.26162
CVE-2019-4161,0.00885,0.26162
CVE-2019-4162,0.00885,0.26162
CVE-2019-4163,0.00885,0.26162
CVE-2019-4165,0.01055,0.50287
CVE-2019-4166,0.01136,0.57949
CVE-2019-4167,0.00885,0.26162
CVE-2019-4169,0.00885,0.26162
CVE-2019-4171,0.00885,0.26162
CVE-2019-4173,0.01055,0.50287
CVE-2019-4174,0.00885,0.26162
CVE-2019-4175,0.00885,0.26162
CVE-2019-4176,0.01055,0.50287
CVE-2019-4177,0.00885,0.26162
CVE-2019-4178,0.01136,0.57949
CVE-2019-4183,0.01136,0.57949
CVE-2019-4184,0.0089,0.2856
CVE-2019-4185,0.00885,0.26162
CVE-2019-4186,0.01055,0.50287
CVE-2019-4193,0.00954,0.34522
CVE-2019-4194,0.00885,0.26162
CVE-2019-4201,0.01055,0.50287
CVE-2019-4202,0.02211,0.80357
CVE-2019-4203,0.00954,0.34522
CVE-2019-4204,0.0089,0.2856
CVE-2019-4207,0.00885,0.26162
CVE-2019-4208,0.01055,0.50287
CVE-2019-4209,0.00885,0.26162
CVE-2019-4210,0.0089,0.2856
CVE-2019-4211,0.00885,0.26162
CVE-2019-4212,0.00885,0.26162
CVE-2019-4214,0.00885,0.26162
CVE-2019-4215,0.01055,0.50287
CVE-2019-4216,0.00885,0.26162
CVE-2019-4217,0.01055,0.50287
CVE-2019-4218,0.00885,0.26162
CVE-2019-4219,0.00885,0.26162
CVE-2019-4220,0.00885,0.26162
CVE-2019-4222,0.0089,0.2856
CVE-2019-4224,0.01055,0.50287
CVE-2019-4225,0.00885,0.26162
CVE-2019-4226,0.00885,0.26162
CVE-2019-4227,0.00885,0.26162
CVE-2019-4231,0.00954,0.34522
CVE-2019-4234,0.00885,0.26162
CVE-2019-4235,0.00885,0.26162
CVE-2019-4236,0.00885,0.26162
CVE-2019-4237,0.00885,0.26162
CVE-2019-4238,0.00885,0.26162
CVE-2019-4239,0.00885,0.26162
CVE-2019-4241,0.00885,0.26162
CVE-2019-4243,0.00885,0.26162
CVE-2019-4244,0.01055,0.50287
CVE-2019-4246,0.00885,0.26162
CVE-2019-4249,0.00885,0.26162
CVE-2019-4250,0.00885,0.26162
CVE-2019-4252,0.01055,0.50287
CVE-2019-4253,0.0089,0.2856
CVE-2019-4256,0.00954,0.34522
CVE-2019-4257,0.00885,0.26162
CVE-2019-4258,0.0089,0.2856
CVE-2019-4259,0.00885,0.26162
CVE-2019-4260,0.00885,0.26162
CVE-2019-4261,0.00885,0.26162
CVE-2019-4262,0.00885,0.26162
CVE-2019-4263,0.00885,0.26162
CVE-2019-4264,0.00954,0.34522
CVE-2019-4265,0.00885,0.26162
CVE-2019-4266,0.00885,0.26162
CVE-2019-4267,0.01005,0.36332
CVE-2019-4268,0.01055,0.50287
CVE-2019-4269,0.01136,0.57949
CVE-2019-4270,0.00885,0.26162
CVE-2019-4271,0.00885,0.26162
CVE-2019-4275,0.00885,0.26162
CVE-2019-4279,0.58589,0.98809
CVE-2019-4280,0.00885,0.26162
CVE-2019-4284,0.00885,0.26162
CVE-2019-4285,0.01055,0.50287
CVE-2019-4286,0.00885,0.26162
CVE-2019-4288,0.00885,0.26162
CVE-2019-4291,0.00885,0.26162
CVE-2019-4292,0.04571,0.88388
CVE-2019-4293,0.00954,0.34522
CVE-2019-4294,0.01011,0.36346
CVE-2019-4295,0.00885,0.26162
CVE-2019-4296,0.00885,0.26162
CVE-2019-4297,0.01055,0.50287
CVE-2019-4298,0.00885,0.26162
CVE-2019-4299,0.00885,0.26162
CVE-2019-4301,0.01086,0.51674
CVE-2019-4303,0.0089,0.2856
CVE-2019-4304,0.01055,0.50287
CVE-2019-4305,0.01055,0.50287
CVE-2019-4306,0.00885,0.26162
CVE-2019-4307,0.00885,0.26162
CVE-2019-4308,0.00885,0.26162
CVE-2019-4309,0.00885,0.26162
CVE-2019-4310,0.01055,0.50287
CVE-2019-4311,0.00885,0.26162
CVE-2019-4314,0.00885,0.26162
CVE-2019-4321,0.00885,0.26162
CVE-2019-4322,0.01365,0.70715
CVE-2019-4323,0.00885,0.26162
CVE-2019-4324,0.00885,0.26162
CVE-2019-4325,0.00885,0.26162
CVE-2019-4326,0.00885,0.26162
CVE-2019-4327,0.00885,0.26162
CVE-2019-4329,0.00885,0.26162
CVE-2019-4330,0.00885,0.26162
CVE-2019-4334,0.00885,0.26162
CVE-2019-4335,0.00885,0.26162
CVE-2019-4336,0.01055,0.50287
CVE-2019-4337,0.00885,0.26162
CVE-2019-4338,0.00885,0.26162
CVE-2019-4339,0.00885,0.26162
CVE-2019-4340,0.01055,0.50287
CVE-2019-4342,0.0089,0.2856
CVE-2019-4343,0.0089,0.2856
CVE-2019-4349,0.00885,0.26162
CVE-2019-4351,0.00885,0.26162
CVE-2019-4352,0.00885,0.26162
CVE-2019-4357,0.01365,0.70715
CVE-2019-4364,0.01061,0.51015
CVE-2019-4366,0.00885,0.26162
CVE-2019-4377,0.0089,0.2856
CVE-2019-4378,0.00885,0.26162
CVE-2019-4381,0.0089,0.2856
CVE-2019-4382,0.00954,0.34522
CVE-2019-4383,0.0089,0.2856
CVE-2019-4384,0.01061,0.51015
CVE-2019-4385,0.0089,0.2856
CVE-2019-4386,0.0089,0.2856
CVE-2019-4387,0.01055,0.50287
CVE-2019-4388,0.00885,0.26162
CVE-2019-4391,0.00885,0.26162
CVE-2019-4392,0.00885,0.26162
CVE-2019-4393,0.00885,0.26162
CVE-2019-4394,0.00885,0.26162
CVE-2019-4395,0.00885,0.26162
CVE-2019-4396,0.01055,0.50287
CVE-2019-4397,0.00885,0.26162
CVE-2019-4398,0.00885,0.26162
CVE-2019-4399,0.00885,0.26162
CVE-2019-4400,0.01055,0.50287
CVE-2019-4402,0.00885,0.26162
CVE-2019-4403,0.00885,0.26162
CVE-2019-4406,0.00885,0.26162
CVE-2019-4409,0.00885,0.26162
CVE-2019-4410,0.0089,0.2856
CVE-2019-4411,0.00885,0.26162
CVE-2019-4412,0.00885,0.26162
CVE-2019-4415,0.00885,0.26162
CVE-2019-4419,0.01055,0.50287
CVE-2019-4420,0.00885,0.26162
CVE-2019-4422,0.00885,0.26162
CVE-2019-4423,0.01055,0.50287
CVE-2019-4424,0.01055,0.50287
CVE-2019-4425,0.00885,0.26162
CVE-2019-4426,0.0089,0.2856
CVE-2019-4427,0.00885,0.26162
CVE-2019-4428,0.00885,0.26162
CVE-2019-4429,0.00885,0.26162
CVE-2019-4430,0.01055,0.50287
CVE-2019-4431,0.00885,0.26162
CVE-2019-4433,0.01136,0.57949
CVE-2019-4437,0.00885,0.26162
CVE-2019-4439,0.00885,0.26162
CVE-2019-4441,0.01055,0.50287
CVE-2019-4442,0.01055,0.50287
CVE-2019-4444,0.00885,0.26162
CVE-2019-4446,0.00885,0.26162
CVE-2019-4447,0.00885,0.26162
CVE-2019-4448,0.00885,0.26162
CVE-2019-4450,0.00885,0.26162
CVE-2019-4451,0.00885,0.26162
CVE-2019-4454,0.00885,0.26162
CVE-2019-4456,0.01055,0.50287
CVE-2019-4457,0.00885,0.26162
CVE-2019-4459,0.00885,0.26162
CVE-2019-4460,0.01055,0.50287
CVE-2019-4461,0.00885,0.26162
CVE-2019-4465,0.00885,0.26162
CVE-2019-4467,0.00885,0.26162
CVE-2019-4468,0.00885,0.26162
CVE-2019-4470,0.00885,0.26162
CVE-2019-4471,0.01061,0.51015
CVE-2019-4473,0.00885,0.26162
CVE-2019-4477,0.00885,0.26162
CVE-2019-4478,0.00885,0.26162
CVE-2019-4481,0.01055,0.50287
CVE-2019-4482,0.00885,0.26162
CVE-2019-4483,0.01055,0.50287
CVE-2019-4484,0.00885,0.26162
CVE-2019-4485,0.00885,0.26162
CVE-2019-4486,0.00885,0.26162
CVE-2019-4494,0.00885,0.26162
CVE-2019-4495,0.00885,0.26162
CVE-2019-4497,0.00885,0.26162
CVE-2019-4505,0.01055,0.50287
CVE-2019-4508,0.00885,0.26162
CVE-2019-4509,0.00885,0.26162
CVE-2019-4512,0.00885,0.26162
CVE-2019-4513,0.01055,0.50287
CVE-2019-4514,0.00885,0.26162
CVE-2019-4515,0.00885,0.26162
CVE-2019-4520,0.01055,0.50287
CVE-2019-4521,0.01055,0.50287
CVE-2019-4523,0.01005,0.36332
CVE-2019-4530,0.00885,0.26162
CVE-2019-4533,0.00885,0.26162
CVE-2019-4536,0.00885,0.26162
CVE-2019-4537,0.00885,0.26162
CVE-2019-4538,0.01055,0.50287
CVE-2019-4539,0.00885,0.26162
CVE-2019-4540,0.00885,0.26162
CVE-2019-4541,0.00885,0.26162
CVE-2019-4542,0.00885,0.26162
CVE-2019-4545,0.00885,0.26162
CVE-2019-4546,0.00885,0.26162
CVE-2019-4547,0.00885,0.26162
CVE-2019-4548,0.01055,0.50287
CVE-2019-4549,0.00885,0.26162
CVE-2019-4550,0.00885,0.26162
CVE-2019-4551,0.00885,0.26162
CVE-2019-4552,0.01055,0.50287
CVE-2019-4553,0.00885,0.26162
CVE-2019-4555,0.0089,0.2856
CVE-2019-4556,0.00885,0.26162
CVE-2019-4557,0.00885,0.26162
CVE-2019-4558,0.00885,0.26162
CVE-2019-4559,0.00885,0.26162
CVE-2019-4560,0.00885,0.26162
CVE-2019-4561,0.01433,0.72366
CVE-2019-4562,0.00885,0.26162
CVE-2019-4563,0.00885,0.26162
CVE-2019-4564,0.00885,0.26162
CVE-2019-4565,0.00885,0.26162
CVE-2019-4566,0.00885,0.26162
CVE-2019-4568,0.01055,0.50287
CVE-2019-4569,0.00885,0.26162
CVE-2019-4570,0.00885,0.26162
CVE-2019-4571,0.00885,0.26162
CVE-2019-4572,0.00885,0.26162
CVE-2019-4575,0.01055,0.50287
CVE-2019-4576,0.00885,0.26162
CVE-2019-4579,0.00885,0.26162
CVE-2019-4581,0.00885,0.26162
CVE-2019-4582,0.01055,0.50287
CVE-2019-4583,0.00885,0.26162
CVE-2019-4588,0.01559,0.742
CVE-2019-4589,0.00885,0.26162
CVE-2019-4591,0.00885,0.26162
CVE-2019-4592,0.00885,0.26162
CVE-2019-4593,0.00885,0.26162
CVE-2019-4594,0.01055,0.50287
CVE-2019-4595,0.01055,0.50287
CVE-2019-4596,0.00885,0.26162
CVE-2019-4597,0.01055,0.50287
CVE-2019-4598,0.01055,0.50287
CVE-2019-4600,0.00885,0.26162
CVE-2019-4601,0.00885,0.26162
CVE-2019-4602,0.00885,0.26162
CVE-2019-4603,0.00885,0.26162
CVE-2019-4606,0.01005,0.36332
CVE-2019-4608,0.00885,0.26162
CVE-2019-4609,0.00885,0.26162
CVE-2019-4611,0.00885,0.26162
CVE-2019-4612,0.00885,0.26162
CVE-2019-4613,0.00885,0.26162
CVE-2019-4614,0.00885,0.26162
CVE-2019-4616,0.00885,0.26162
CVE-2019-4617,0.00885,0.26162
CVE-2019-4619,0.00885,0.26162
CVE-2019-4620,0.00885,0.26162
CVE-2019-4621,0.01055,0.50287
CVE-2019-4623,0.00885,0.26162
CVE-2019-4631,0.01055,0.50287
CVE-2019-4632,0.00885,0.26162
CVE-2019-4633,0.00885,0.26162
CVE-2019-4635,0.02055,0.7893
CVE-2019-4636,0.00885,0.26162
CVE-2019-4637,0.00885,0.26162
CVE-2019-4638,0.00885,0.26162
CVE-2019-4639,0.00885,0.26162
CVE-2019-4640,0.00885,0.26162
CVE-2019-4644,0.00885,0.26162
CVE-2019-4645,0.00885,0.26162
CVE-2019-4650,0.01055,0.50287
CVE-2019-4651,0.01055,0.50287
CVE-2019-4652,0.00885,0.26162
CVE-2019-4653,0.0089,0.2856
CVE-2019-4654,0.00885,0.26162
CVE-2019-4655,0.00885,0.26162
CVE-2019-4656,0.00885,0.26162
CVE-2019-4663,0.00885,0.26162
CVE-2019-4665,0.00885,0.26162
CVE-2019-4666,0.0089,0.2856
CVE-2019-4667,0.01055,0.50287
CVE-2019-4668,0.00885,0.26162
CVE-2019-4669,0.01055,0.50287
CVE-2019-4670,0.01055,0.50287
CVE-2019-4671,0.01055,0.50287
CVE-2019-4672,0.00885,0.26162
CVE-2019-4674,0.01055,0.50287
CVE-2019-4675,0.00885,0.26162
CVE-2019-4676,0.00885,0.26162
CVE-2019-4679,0.00885,0.26162
CVE-2019-4680,0.01055,0.50287
CVE-2019-4681,0.00885,0.26162
CVE-2019-4686,0.00885,0.26162
CVE-2019-4687,0.00885,0.26162
CVE-2019-4688,0.00885,0.26162
CVE-2019-4689,0.01055,0.50287
CVE-2019-4691,0.00885,0.26162
CVE-2019-4692,0.00885,0.26162
CVE-2019-4693,0.00885,0.26162
CVE-2019-4694,0.00885,0.26162
CVE-2019-4695,0.00885,0.26162
CVE-2019-4697,0.00885,0.26162
CVE-2019-4698,0.00885,0.26162
CVE-2019-4699,0.00885,0.26162
CVE-2019-4701,0.00885,0.26162
CVE-2019-4702,0.00885,0.26162
CVE-2019-4703,0.00885,0.26162
CVE-2019-4704,0.00885,0.26162
CVE-2019-4705,0.00885,0.26162
CVE-2019-4706,0.00885,0.26162
CVE-2019-4707,0.01055,0.50287
CVE-2019-4713,0.01055,0.50287
CVE-2019-4715,0.01055,0.50287
CVE-2019-4716,0.83007,0.99561
CVE-2019-4718,0.00885,0.26162
CVE-2019-4719,0.00885,0.26162
CVE-2019-4720,0.01055,0.50287
CVE-2019-4722,0.01061,0.51015
CVE-2019-4723,0.01136,0.57949
CVE-2019-4724,0.01136,0.57949
CVE-2019-4725,0.00885,0.26162
CVE-2019-4726,0.00885,0.26162
CVE-2019-4728,0.01978,0.78447
CVE-2019-4729,0.01061,0.51015
CVE-2019-4730,0.01061,0.51015
CVE-2019-4731,0.00885,0.26162
CVE-2019-4732,0.01005,0.36332
CVE-2019-4735,0.00885,0.26162
CVE-2019-4736,0.00885,0.26162
CVE-2019-4737,0.00885,0.26162
CVE-2019-4738,0.00885,0.26162
CVE-2019-4740,0.00885,0.26162
CVE-2019-4741,0.00885,0.26162
CVE-2019-4742,0.01055,0.50287
CVE-2019-4743,0.00885,0.26162
CVE-2019-4744,0.00885,0.26162
CVE-2019-4745,0.01055,0.50287
CVE-2019-4746,0.00885,0.26162
CVE-2019-4747,0.00885,0.26162
CVE-2019-4748,0.00885,0.26162
CVE-2019-4749,0.00885,0.26162
CVE-2019-4750,0.00885,0.26162
CVE-2019-4751,0.00885,0.26162
CVE-2019-4752,0.01061,0.51015
CVE-2019-4762,0.00885,0.26162
CVE-2019-5005,0.00885,0.26162
CVE-2019-5006,0.00885,0.26162
CVE-2019-5007,0.00885,0.26162
CVE-2019-5008,0.01108,0.53389
CVE-2019-5009,0.07308,0.9216
CVE-2019-5011,0.00885,0.26162
CVE-2019-5012,0.00885,0.26162
CVE-2019-5013,0.00885,0.26162
CVE-2019-5014,0.00885,0.26162
CVE-2019-5015,0.00885,0.26162
CVE-2019-5016,0.01055,0.50287
CVE-2019-5017,0.01055,0.50287
CVE-2019-5018,0.06729,0.91198
CVE-2019-5019,0.01086,0.51674
CVE-2019-5020,0.00885,0.26162
CVE-2019-5021,0.01108,0.53389
CVE-2019-5023,0.00885,0.26162
CVE-2019-5024,0.00885,0.26162
CVE-2019-5029,0.08382,0.93597
CVE-2019-5030,0.01086,0.51674
CVE-2019-5031,0.01086,0.51674
CVE-2019-5032,0.01156,0.60033
CVE-2019-5033,0.01156,0.60033
CVE-2019-5034,0.00885,0.26162
CVE-2019-5035,0.00885,0.26162
CVE-2019-5036,0.00885,0.26162
CVE-2019-5037,0.00885,0.26162
CVE-2019-5038,0.01086,0.51674
CVE-2019-5039,0.01086,0.51674
CVE-2019-5040,0.00885,0.26162
CVE-2019-5041,0.01156,0.60033
CVE-2019-5042,0.00885,0.26162
CVE-2019-5043,0.00885,0.26162
CVE-2019-5045,0.01036,0.41241
CVE-2019-5046,0.01036,0.41241
CVE-2019-5047,0.00885,0.26162
CVE-2019-5048,0.01036,0.41241
CVE-2019-5049,0.00885,0.26162
CVE-2019-5050,0.01036,0.41241
CVE-2019-5051,0.02509,0.81058
CVE-2019-5052,0.02945,0.82534
CVE-2019-5053,0.00885,0.26162
CVE-2019-5054,0.00885,0.26162
CVE-2019-5055,0.00885,0.26162
CVE-2019-5057,0.02509,0.81058
CVE-2019-5058,0.02509,0.81058
CVE-2019-5059,0.02509,0.81058
CVE-2019-5060,0.02509,0.81058
CVE-2019-5061,0.00885,0.26162
CVE-2019-5062,0.00885,0.26162
CVE-2019-5063,0.02509,0.81058
CVE-2019-5064,0.02509,0.81058
CVE-2019-5065,0.00885,0.26162
CVE-2019-5066,0.00885,0.26162
CVE-2019-5067,0.01086,0.51674
CVE-2019-5068,0.01034,0.39824
CVE-2019-5069,0.01086,0.51674
CVE-2019-5070,0.00885,0.26162
CVE-2019-5071,0.01036,0.41241
CVE-2019-5072,0.01036,0.41241
CVE-2019-5073,0.00885,0.26162
CVE-2019-5074,0.01086,0.51674
CVE-2019-5075,0.01086,0.51674
CVE-2019-5076,0.01156,0.60033
CVE-2019-5077,0.00885,0.26162
CVE-2019-5078,0.00885,0.26162
CVE-2019-5079,0.01086,0.51674
CVE-2019-5080,0.00885,0.26162
CVE-2019-5081,0.0144,0.7265
CVE-2019-5082,0.01086,0.51674
CVE-2019-5083,0.01156,0.60033
CVE-2019-5084,0.01036,0.41241
CVE-2019-5085,0.01086,0.51674
CVE-2019-5086,0.02509,0.81058
CVE-2019-5087,0.02509,0.81058
CVE-2019-5088,0.01036,0.41241
CVE-2019-5089,0.01036,0.41241
CVE-2019-5090,0.00885,0.26162
CVE-2019-5091,0.00885,0.26162
CVE-2019-5092,0.01086,0.51674
CVE-2019-5093,0.01086,0.51674
CVE-2019-5094,0.01864,0.7628
CVE-2019-5095,0.00885,0.26162
CVE-2019-5097,0.00885,0.26162
CVE-2019-5098,0.00885,0.26162
CVE-2019-5099,0.01036,0.41241
CVE-2019-5100,0.01036,0.41241
CVE-2019-5101,0.00885,0.26162
CVE-2019-5102,0.00885,0.26162
CVE-2019-5105,0.00885,0.26162
CVE-2019-5106,0.00885,0.26162
CVE-2019-5107,0.00885,0.26162
CVE-2019-5108,0.02686,0.82061
CVE-2019-5109,0.00885,0.26162
CVE-2019-5110,0.00885,0.26162
CVE-2019-5111,0.00885,0.26162
CVE-2019-5112,0.00885,0.26162
CVE-2019-5114,0.00885,0.26162
CVE-2019-5116,0.00885,0.26162
CVE-2019-5117,0.00885,0.26162
CVE-2019-5119,0.00885,0.26162
CVE-2019-5120,0.00885,0.26162
CVE-2019-5121,0.00885,0.26162
CVE-2019-5122,0.00885,0.26162
CVE-2019-5123,0.00885,0.26162
CVE-2019-5124,0.00885,0.26162
CVE-2019-5125,0.01036,0.41241
CVE-2019-5126,0.01086,0.51674
CVE-2019-5127,0.02055,0.7893
CVE-2019-5128,0.02055,0.7893
CVE-2019-5129,0.02055,0.7893
CVE-2019-5130,0.01086,0.51674
CVE-2019-5131,0.01086,0.51674
CVE-2019-5132,0.01156,0.60033
CVE-2019-5133,0.01156,0.60033
CVE-2019-5134,0.00885,0.26162
CVE-2019-5135,0.00885,0.26162
CVE-2019-5136,0.00885,0.26162
CVE-2019-5137,0.00885,0.26162
CVE-2019-5138,0.02055,0.7893
CVE-2019-5139,0.00885,0.26162
CVE-2019-5140,0.02055,0.7893
CVE-2019-5141,0.02055,0.7893
CVE-2019-5142,0.01086,0.51674
CVE-2019-5143,0.01156,0.60033
CVE-2019-5144,0.01156,0.60033
CVE-2019-5145,0.01086,0.51674
CVE-2019-5146,0.00885,0.26162
CVE-2019-5147,0.00885,0.26162
CVE-2019-5148,0.00885,0.26162
CVE-2019-5149,0.00885,0.26162
CVE-2019-5150,0.01086,0.51674
CVE-2019-5151,0.01086,0.51674
CVE-2019-5152,0.00885,0.26162
CVE-2019-5153,0.01156,0.60033
CVE-2019-5154,0.01086,0.51674
CVE-2019-5155,0.02055,0.7893
CVE-2019-5156,0.02055,0.7893
CVE-2019-5157,0.02055,0.7893
CVE-2019-5158,0.00885,0.26162
CVE-2019-5159,0.01036,0.41241
CVE-2019-5160,0.00885,0.26162
CVE-2019-5161,0.01156,0.60033
CVE-2019-5162,0.00885,0.26162
CVE-2019-5163,0.00954,0.34522
CVE-2019-5164,0.01365,0.70715
CVE-2019-5165,0.00885,0.26162
CVE-2019-5166,0.01036,0.41241
CVE-2019-5167,0.01005,0.35949
CVE-2019-5168,0.01005,0.35949
CVE-2019-5169,0.01005,0.35949
CVE-2019-5170,0.01005,0.35949
CVE-2019-5171,0.01005,0.35949
CVE-2019-5172,0.01005,0.35949
CVE-2019-5173,0.01005,0.35949
CVE-2019-5174,0.01005,0.35949
CVE-2019-5175,0.01005,0.35949
CVE-2019-5176,0.00885,0.26162
CVE-2019-5177,0.00885,0.26162
CVE-2019-5178,0.00885,0.26162
CVE-2019-5179,0.00885,0.26162
CVE-2019-5180,0.00885,0.26162
CVE-2019-5181,0.01036,0.41241
CVE-2019-5182,0.00885,0.26162
CVE-2019-5183,0.01086,0.51674
CVE-2019-5184,0.01036,0.41241
CVE-2019-5185,0.00885,0.26162
CVE-2019-5186,0.00885,0.26162
CVE-2019-5187,0.01156,0.60033
CVE-2019-5188,0.01606,0.74722
CVE-2019-5210,0.01036,0.41241
CVE-2019-5211,0.00885,0.26162
CVE-2019-5212,0.00885,0.26162
CVE-2019-5213,0.00885,0.26162
CVE-2019-5214,0.00885,0.26162
CVE-2019-5215,0.00885,0.26162
CVE-2019-5216,0.01036,0.41241
CVE-2019-5217,0.00885,0.26162
CVE-2019-5218,0.00885,0.26162
CVE-2019-5219,0.00885,0.26162
CVE-2019-5220,0.00885,0.26162
CVE-2019-5221,0.00885,0.26162
CVE-2019-5222,0.00885,0.26162
CVE-2019-5223,0.01036,0.41241
CVE-2019-5224,0.00885,0.26162
CVE-2019-5225,0.01036,0.41241
CVE-2019-5226,0.00885,0.26162
CVE-2019-5227,0.00885,0.26162
CVE-2019-5228,0.01036,0.41241
CVE-2019-5229,0.01036,0.41241
CVE-2019-5230,0.00885,0.26162
CVE-2019-5231,0.00885,0.26162
CVE-2019-5232,0.01055,0.50287
CVE-2019-5233,0.00885,0.26162
CVE-2019-5235,0.00885,0.26162
CVE-2019-5236,0.00885,0.26162
CVE-2019-5237,0.01036,0.41241
CVE-2019-5238,0.01036,0.41241
CVE-2019-5239,0.00885,0.26162
CVE-2019-5241,0.00885,0.26162
CVE-2019-5242,0.01036,0.41241
CVE-2019-5243,0.00885,0.26162
CVE-2019-5244,0.00885,0.26162
CVE-2019-5245,0.01036,0.41241
CVE-2019-5246,0.01036,0.41241
CVE-2019-5247,0.00885,0.26162
CVE-2019-5248,0.00885,0.26162
CVE-2019-5250,0.00885,0.26162
CVE-2019-5251,0.00885,0.26162
CVE-2019-5252,0.00885,0.26162
CVE-2019-5253,0.00885,0.26162
CVE-2019-5254,0.00885,0.26162
CVE-2019-5255,0.00885,0.26162
CVE-2019-5256,0.00885,0.26162
CVE-2019-5257,0.00885,0.26162
CVE-2019-5258,0.00885,0.26162
CVE-2019-5259,0.00885,0.26162
CVE-2019-5260,0.00885,0.26162
CVE-2019-5263,0.00885,0.26162
CVE-2019-5264,0.00885,0.26162
CVE-2019-5265,0.00885,0.26162
CVE-2019-5266,0.00885,0.26162
CVE-2019-5267,0.00885,0.26162
CVE-2019-5268,0.00885,0.26162
CVE-2019-5269,0.00885,0.26162
CVE-2019-5271,0.00885,0.26162
CVE-2019-5272,0.00885,0.26162
CVE-2019-5273,0.00885,0.26162
CVE-2019-5274,0.00885,0.26162
CVE-2019-5275,0.00885,0.26162
CVE-2019-5276,0.00885,0.26162
CVE-2019-5277,0.00885,0.26162
CVE-2019-5278,0.00885,0.26162
CVE-2019-5279,0.00885,0.26162
CVE-2019-5280,0.00885,0.26162
CVE-2019-5281,0.00885,0.26162
CVE-2019-5282,0.01036,0.41241
CVE-2019-5283,0.00885,0.26162
CVE-2019-5284,0.01055,0.50287
CVE-2019-5285,0.01055,0.50287
CVE-2019-5286,0.01055,0.50287
CVE-2019-5287,0.01036,0.41241
CVE-2019-5288,0.01036,0.41241
CVE-2019-5289,0.00885,0.26162
CVE-2019-5290,0.00885,0.26162
CVE-2019-5291,0.01055,0.50287
CVE-2019-5292,0.00885,0.26162
CVE-2019-5293,0.01055,0.50287
CVE-2019-5294,0.01055,0.50287
CVE-2019-5295,0.00885,0.26162
CVE-2019-5296,0.00885,0.26162
CVE-2019-5297,0.00885,0.26162
CVE-2019-5298,0.00885,0.26162
CVE-2019-5299,0.01036,0.41241
CVE-2019-5300,0.00885,0.26162
CVE-2019-5301,0.00885,0.26162
CVE-2019-5302,0.00885,0.26162
CVE-2019-5303,0.00885,0.26162
CVE-2019-5304,0.01055,0.50287
CVE-2019-5305,0.00885,0.26162
CVE-2019-5306,0.00885,0.26162
CVE-2019-5307,0.00885,0.26162
CVE-2019-5308,0.00885,0.26162
CVE-2019-5309,0.00885,0.26162
CVE-2019-5310,0.00885,0.26162
CVE-2019-5311,0.00885,0.26162
CVE-2019-5312,0.00885,0.26162
CVE-2019-5314,0.00885,0.26162
CVE-2019-5315,0.02055,0.7893
CVE-2019-5317,0.00885,0.26162
CVE-2019-5318,0.00885,0.26162
CVE-2019-5319,0.01055,0.50287
CVE-2019-5320,0.00885,0.26162
CVE-2019-5321,0.01055,0.50287
CVE-2019-5322,0.00885,0.26162
CVE-2019-5323,0.01086,0.51674
CVE-2019-5326,0.01086,0.51674
CVE-2019-5338,0.01377,0.70912
CVE-2019-5339,0.01377,0.70912
CVE-2019-5340,0.01377,0.70912
CVE-2019-5341,0.01377,0.70912
CVE-2019-5342,0.01377,0.70912
CVE-2019-5343,0.01377,0.70912
CVE-2019-5344,0.01377,0.70912
CVE-2019-5345,0.01377,0.70912
CVE-2019-5346,0.01377,0.70912
CVE-2019-5347,0.01055,0.50287
CVE-2019-5348,0.01377,0.70912
CVE-2019-5349,0.01377,0.70912
CVE-2019-5350,0.01377,0.70912
CVE-2019-5351,0.01377,0.70912
CVE-2019-5352,0.01377,0.70912
CVE-2019-5353,0.01377,0.70912
CVE-2019-5354,0.01377,0.70912
CVE-2019-5355,0.01055,0.50287
CVE-2019-5356,0.01377,0.70912
CVE-2019-5357,0.01377,0.70912
CVE-2019-5358,0.01377,0.70912
CVE-2019-5359,0.01377,0.70912
CVE-2019-5360,0.01377,0.70912
CVE-2019-5361,0.01377,0.70912
CVE-2019-5362,0.01377,0.70912
CVE-2019-5363,0.01377,0.70912
CVE-2019-5364,0.01377,0.70912
CVE-2019-5365,0.01377,0.70912
CVE-2019-5366,0.01377,0.70912
CVE-2019-5367,0.01377,0.70912
CVE-2019-5368,0.01377,0.70912
CVE-2019-5369,0.01377,0.70912
CVE-2019-5370,0.01377,0.70912
CVE-2019-5371,0.01377,0.70912
CVE-2019-5372,0.01377,0.70912
CVE-2019-5373,0.01377,0.70912
CVE-2019-5374,0.01377,0.70912
CVE-2019-5375,0.01377,0.70912
CVE-2019-5376,0.01377,0.70912
CVE-2019-5377,0.01377,0.70912
CVE-2019-5378,0.01377,0.70912
CVE-2019-5379,0.01377,0.70912
CVE-2019-5380,0.01377,0.70912
CVE-2019-5381,0.01377,0.70912
CVE-2019-5382,0.01377,0.70912
CVE-2019-5383,0.01377,0.70912
CVE-2019-5384,0.01377,0.70912
CVE-2019-5385,0.01377,0.70912
CVE-2019-5386,0.01377,0.70912
CVE-2019-5387,0.01377,0.70912
CVE-2019-5388,0.01377,0.70912
CVE-2019-5389,0.01377,0.70912
CVE-2019-5390,0.01055,0.50287
CVE-2019-5391,0.00885,0.26162
CVE-2019-5392,0.08382,0.93597
CVE-2019-5393,0.01377,0.70912
CVE-2019-5394,0.00885,0.26162
CVE-2019-5395,0.01055,0.50287
CVE-2019-5396,0.01055,0.50287
CVE-2019-5397,0.01055,0.50287
CVE-2019-5398,0.00885,0.26162
CVE-2019-5399,0.00885,0.26162
CVE-2019-5400,0.00885,0.26162
CVE-2019-5401,0.00885,0.26162
CVE-2019-5402,0.01055,0.50287
CVE-2019-5403,0.00885,0.26162
CVE-2019-5404,0.00885,0.26162
CVE-2019-5405,0.01055,0.50287
CVE-2019-5406,0.00885,0.26162
CVE-2019-5407,0.01055,0.50287
CVE-2019-5408,0.00885,0.26162
CVE-2019-5413,0.00954,0.34522
CVE-2019-5415,0.00885,0.26162
CVE-2019-5416,0.00885,0.26162
CVE-2019-5417,0.00885,0.26162
CVE-2019-5421,0.00885,0.26162
CVE-2019-5422,0.01086,0.51674
CVE-2019-5424,0.00885,0.26162
CVE-2019-5425,0.00885,0.26162
CVE-2019-5426,0.01055,0.50287
CVE-2019-5427,0.01183,0.60428
CVE-2019-5429,0.01018,0.38792
CVE-2019-5430,0.00885,0.26162
CVE-2019-5431,0.00885,0.26162
CVE-2019-5432,0.00885,0.26162
CVE-2019-5433,0.00885,0.26162
CVE-2019-5434,0.08382,0.93597
CVE-2019-5435,0.01183,0.60428
CVE-2019-5436,0.01864,0.7628
CVE-2019-5437,0.00885,0.26162
CVE-2019-5438,0.00885,0.26162
CVE-2019-5439,0.06156,0.90255
CVE-2019-5440,0.00885,0.26162
CVE-2019-5442,0.00885,0.26162
CVE-2019-5443,0.01108,0.53389
CVE-2019-5445,0.00885,0.26162
CVE-2019-5446,0.02055,0.7893
CVE-2019-5447,0.00885,0.26162
CVE-2019-5448,0.00954,0.34522
CVE-2019-5449,0.00885,0.26162
CVE-2019-5450,0.00885,0.26162
CVE-2019-5451,0.00885,0.26162
CVE-2019-5452,0.00885,0.26162
CVE-2019-5453,0.00885,0.26162
CVE-2019-5455,0.00885,0.26162
CVE-2019-5456,0.01018,0.38792
CVE-2019-5457,0.00885,0.26162
CVE-2019-5458,0.00885,0.26162
CVE-2019-5459,0.01018,0.38792
CVE-2019-5460,0.01018,0.38792
CVE-2019-5461,0.00885,0.26162
CVE-2019-5462,0.00954,0.34522
CVE-2019-5463,0.00885,0.26162
CVE-2019-5464,0.00954,0.34522
CVE-2019-5465,0.0089,0.2856
CVE-2019-5466,0.0089,0.2856
CVE-2019-5467,0.00885,0.26162
CVE-2019-5468,0.0089,0.2856
CVE-2019-5469,0.00885,0.26162
CVE-2019-5470,0.00954,0.34522
CVE-2019-5471,0.00885,0.26162
CVE-2019-5472,0.00954,0.34522
CVE-2019-5473,0.00885,0.26162
CVE-2019-5474,0.0089,0.2856
CVE-2019-5476,0.00885,0.26162
CVE-2019-5477,0.02564,0.81198
CVE-2019-5478,0.00885,0.26162
CVE-2019-5480,0.00885,0.26162
CVE-2019-5481,0.02686,0.82061
CVE-2019-5482,0.02686,0.82061
CVE-2019-5485,0.08382,0.93597
CVE-2019-5486,0.00885,0.26162
CVE-2019-5487,0.00885,0.26162
CVE-2019-5488,0.00885,0.26162
CVE-2019-5490,0.0144,0.7265
CVE-2019-5491,0.00885,0.26162
CVE-2019-5492,0.00885,0.26162
CVE-2019-5493,0.00885,0.26162
CVE-2019-5494,0.00885,0.26162
CVE-2019-5495,0.00885,0.26162
CVE-2019-5496,0.00885,0.26162
CVE-2019-5497,0.01086,0.51674
CVE-2019-5498,0.00885,0.26162
CVE-2019-5500,0.01055,0.50287
CVE-2019-5501,0.01055,0.50287
CVE-2019-5502,0.00885,0.26162
CVE-2019-5503,0.00885,0.26162
CVE-2019-5504,0.01055,0.50287
CVE-2019-5505,0.00885,0.26162
CVE-2019-5506,0.00885,0.26162
CVE-2019-5507,0.00885,0.26162
CVE-2019-5508,0.00885,0.26162
CVE-2019-5509,0.01055,0.50287
CVE-2019-5511,0.00885,0.26162
CVE-2019-5512,0.02042,0.78565
CVE-2019-5513,0.00885,0.26162
CVE-2019-5514,0.00954,0.34522
CVE-2019-5515,0.02199,0.80273
CVE-2019-5516,0.00885,0.26162
CVE-2019-5517,0.00885,0.26162
CVE-2019-5518,0.01559,0.742
CVE-2019-5519,0.01559,0.742
CVE-2019-5520,0.00885,0.26162
CVE-2019-5521,0.00885,0.26162
CVE-2019-5522,0.00885,0.26162
CVE-2019-5523,0.00954,0.34522
CVE-2019-5524,0.02199,0.80273
CVE-2019-5525,0.01005,0.36332
CVE-2019-5526,0.02362,0.80685
CVE-2019-5527,0.00885,0.26162
CVE-2019-5528,0.00885,0.26162
CVE-2019-5530,0.00885,0.26162
CVE-2019-5531,0.00885,0.26162
CVE-2019-5532,0.00885,0.26162
CVE-2019-5533,0.00885,0.26162
CVE-2019-5534,0.00885,0.26162
CVE-2019-5535,0.00885,0.26162
CVE-2019-5536,0.00885,0.26162
CVE-2019-5537,0.00885,0.26162
CVE-2019-5538,0.00885,0.26162
CVE-2019-5539,0.00885,0.26162
CVE-2019-5540,0.00885,0.26162
CVE-2019-5541,0.01086,0.51674
CVE-2019-5542,0.00885,0.26162
CVE-2019-5543,0.00885,0.26162
CVE-2019-5585,0.00885,0.26162
CVE-2019-5586,0.00885,0.26162
CVE-2019-5587,0.00885,0.26162
CVE-2019-5588,0.00885,0.26162
CVE-2019-5589,0.01103,0.51945
CVE-2019-5590,0.00885,0.26162
CVE-2019-5591,0.00885,0.26162
CVE-2019-5592,0.00885,0.26162
CVE-2019-5593,0.00885,0.26162
CVE-2019-5594,0.00885,0.26162
CVE-2019-5595,0.00885,0.26162
CVE-2019-5596,0.01832,0.76196
CVE-2019-5597,0.01108,0.53389
CVE-2019-5598,0.01108,0.53389
CVE-2019-5599,0.01537,0.73595
CVE-2019-5600,0.01885,0.76424
CVE-2019-5601,0.00885,0.26162
CVE-2019-5602,0.00885,0.26162
CVE-2019-5603,0.01034,0.39824
CVE-2019-5604,0.0089,0.2856
CVE-2019-5605,0.0089,0.2856
CVE-2019-5606,0.0089,0.2856
CVE-2019-5607,0.0089,0.2856
CVE-2019-5608,0.01055,0.50287
CVE-2019-5609,0.00885,0.26162
CVE-2019-5610,0.01213,0.6557
CVE-2019-5611,0.01213,0.6557
CVE-2019-5612,0.00885,0.26162
CVE-2019-5613,0.00885,0.26162
CVE-2019-5614,0.00885,0.26162
CVE-2019-5615,0.00885,0.26162
CVE-2019-5616,0.00885,0.26162
CVE-2019-5617,0.00885,0.26162
CVE-2019-5618,0.00885,0.26162
CVE-2019-5619,0.00885,0.26162
CVE-2019-5620,0.29373,0.97209
CVE-2019-5621,0.00885,0.26162
CVE-2019-5622,0.00885,0.26162
CVE-2019-5623,0.02055,0.7893
CVE-2019-5625,0.00885,0.26162
CVE-2019-5626,0.00885,0.26162
CVE-2019-5627,0.00885,0.26162
CVE-2019-5629,0.0095,0.30554
CVE-2019-5631,0.00885,0.26162
CVE-2019-5632,0.00885,0.26162
CVE-2019-5633,0.00885,0.26162
CVE-2019-5634,0.00885,0.26162
CVE-2019-5635,0.00885,0.26162
CVE-2019-5636,0.00885,0.26162
CVE-2019-5637,0.00885,0.26162
CVE-2019-5638,0.00885,0.26162
CVE-2019-5640,0.00885,0.26162
CVE-2019-5642,0.00885,0.26162
CVE-2019-5643,0.00885,0.26162
CVE-2019-5644,0.00885,0.26162
CVE-2019-5645,0.26044,0.96922
CVE-2019-5647,0.00885,0.26162
CVE-2019-5648,0.00885,0.26162
CVE-2019-5665,0.01005,0.36332
CVE-2019-5666,0.0089,0.2856
CVE-2019-5667,0.01005,0.36332
CVE-2019-5668,0.00885,0.26162
CVE-2019-5669,0.00885,0.26162
CVE-2019-5670,0.01005,0.36332
CVE-2019-5671,0.00885,0.26162
CVE-2019-5672,0.00885,0.26162
CVE-2019-5673,0.00885,0.26162
CVE-2019-5674,0.01365,0.70715
CVE-2019-5675,0.00885,0.26162
CVE-2019-5676,0.01365,0.70715
CVE-2019-5677,0.00885,0.26162
CVE-2019-5678,0.02108,0.791
CVE-2019-5679,0.01036,0.41241
CVE-2019-5680,0.01365,0.70715
CVE-2019-5681,0.01036,0.41241
CVE-2019-5682,0.01036,0.41241
CVE-2019-5683,0.01005,0.36332
CVE-2019-5684,0.02398,0.80734
CVE-2019-5685,0.02398,0.80734
CVE-2019-5686,0.00885,0.26162
CVE-2019-5687,0.00885,0.26162
CVE-2019-5688,0.00885,0.26162
CVE-2019-5689,0.01036,0.41241
CVE-2019-5690,0.00885,0.26162
CVE-2019-5691,0.00885,0.26162
CVE-2019-5692,0.00885,0.26162
CVE-2019-5693,0.00885,0.26162
CVE-2019-5694,0.01005,0.36332
CVE-2019-5695,0.01365,0.70715
CVE-2019-5696,0.00885,0.26162
CVE-2019-5697,0.00885,0.26162
CVE-2019-5698,0.00885,0.26162
CVE-2019-5701,0.01005,0.36332
CVE-2019-5702,0.00885,0.26162
CVE-2019-5715,0.00885,0.26162
CVE-2019-5716,0.01183,0.60428
CVE-2019-5717,0.01183,0.60428
CVE-2019-5718,0.01183,0.60428
CVE-2019-5719,0.01108,0.53389
CVE-2019-5720,0.00885,0.26162
CVE-2019-5721,0.01018,0.38792
CVE-2019-5722,0.01564,0.74439
CVE-2019-5723,0.00954,0.34522
CVE-2019-5725,0.01055,0.50287
CVE-2019-5727,0.00885,0.26162
CVE-2019-5729,0.00885,0.26162
CVE-2019-5739,0.01018,0.38792
CVE-2019-5747,0.01319,0.70416
CVE-2019-5748,0.00885,0.26162
CVE-2019-5754,0.01108,0.53389
CVE-2019-5755,0.01319,0.70416
CVE-2019-5756,0.05786,0.8994
CVE-2019-5757,0.01319,0.70416
CVE-2019-5758,0.01319,0.70416
CVE-2019-5759,0.01319,0.70416
CVE-2019-5760,0.01319,0.70416
CVE-2019-5761,0.01319,0.70416
CVE-2019-5762,0.05786,0.8994
CVE-2019-5764,0.01319,0.70416
CVE-2019-5765,0.01108,0.53389
CVE-2019-5766,0.01319,0.70416
CVE-2019-5767,0.01108,0.53389
CVE-2019-5768,0.01108,0.53389
CVE-2019-5769,0.01319,0.70416
CVE-2019-5770,0.01319,0.70416
CVE-2019-5771,0.05786,0.8994
CVE-2019-5772,0.01319,0.70416
CVE-2019-5773,0.01319,0.70416
CVE-2019-5774,0.02762,0.82156
CVE-2019-5775,0.01319,0.70416
CVE-2019-5776,0.01319,0.70416
CVE-2019-5777,0.01319,0.70416
CVE-2019-5778,0.01108,0.53389
CVE-2019-5779,0.01319,0.70416
CVE-2019-5780,0.01034,0.39824
CVE-2019-5781,0.01319,0.70416
CVE-2019-5783,0.01136,0.57949
CVE-2019-5784,0.01055,0.50287
CVE-2019-5785,0.01055,0.50287
CVE-2019-5787,0.01136,0.57949
CVE-2019-5788,0.11065,0.9464
CVE-2019-5789,0.11065,0.9464
CVE-2019-5790,0.04836,0.88802
CVE-2019-5791,0.01136,0.57949
CVE-2019-5792,0.01136,0.57949
CVE-2019-5793,0.01136,0.57949
CVE-2019-5794,0.01136,0.57949
CVE-2019-5795,0.01136,0.57949
CVE-2019-5796,0.08382,0.93597
CVE-2019-5798,0.03407,0.83908
CVE-2019-5799,0.01136,0.57949
CVE-2019-5800,0.01136,0.57949
CVE-2019-5801,0.01136,0.57949
CVE-2019-5802,0.01136,0.57949
CVE-2019-5803,0.01136,0.57949
CVE-2019-5804,0.0089,0.2856
CVE-2019-5805,0.01408,0.72072
CVE-2019-5806,0.01408,0.72072
CVE-2019-5807,0.01408,0.72072
CVE-2019-5808,0.01408,0.72072
CVE-2019-5809,0.01408,0.72072
CVE-2019-5810,0.01408,0.72072
CVE-2019-5811,0.01408,0.72072
CVE-2019-5812,0.01213,0.6557
CVE-2019-5813,0.01408,0.72072
CVE-2019-5814,0.01408,0.72072
CVE-2019-5815,0.00885,0.26162
CVE-2019-5816,0.01213,0.6557
CVE-2019-5817,0.01213,0.6557
CVE-2019-5818,0.01408,0.72072
CVE-2019-5819,0.01834,0.76202
CVE-2019-5820,0.01408,0.72072
CVE-2019-5821,0.01408,0.72072
CVE-2019-5823,0.01319,0.70416
CVE-2019-5824,0.01319,0.70416
CVE-2019-5826,0.01055,0.50287
CVE-2019-5827,0.01955,0.77585
CVE-2019-5828,0.01408,0.72072
CVE-2019-5829,0.01776,0.75902
CVE-2019-5830,0.01408,0.72072
CVE-2019-5831,0.01955,0.77585
CVE-2019-5832,0.01776,0.75902
CVE-2019-5833,0.01408,0.72072
CVE-2019-5834,0.01408,0.72072
CVE-2019-5835,0.01319,0.70416
CVE-2019-5836,0.01408,0.72072
CVE-2019-5837,0.01776,0.75902
CVE-2019-5838,0.01183,0.60428
CVE-2019-5839,0.01776,0.75902
CVE-2019-5840,0.01408,0.72072
CVE-2019-5841,0.01055,0.50287
CVE-2019-5842,0.01055,0.50287
CVE-2019-5843,0.01055,0.50287
CVE-2019-5844,0.01319,0.70416
CVE-2019-5845,0.01319,0.70416
CVE-2019-5846,0.01319,0.70416
CVE-2019-5847,0.01055,0.50287
CVE-2019-5848,0.01055,0.50287
CVE-2019-5849,0.01055,0.50287
CVE-2019-5850,0.01055,0.50287
CVE-2019-5851,0.01055,0.50287
CVE-2019-5852,0.01055,0.50287
CVE-2019-5853,0.01055,0.50287
CVE-2019-5854,0.01055,0.50287
CVE-2019-5855,0.01055,0.50287
CVE-2019-5856,0.01055,0.50287
CVE-2019-5857,0.01055,0.50287
CVE-2019-5858,0.0144,0.7265
CVE-2019-5859,0.01055,0.50287
CVE-2019-5860,0.01055,0.50287
CVE-2019-5861,0.01055,0.50287
CVE-2019-5862,0.01055,0.50287
CVE-2019-5864,0.00885,0.26162
CVE-2019-5865,0.01055,0.50287
CVE-2019-5866,0.01055,0.50287
CVE-2019-5867,0.01055,0.50287
CVE-2019-5868,0.01055,0.50287
CVE-2019-5869,0.01055,0.50287
CVE-2019-5870,0.01055,0.50287
CVE-2019-5871,0.01055,0.50287
CVE-2019-5872,0.01055,0.50287
CVE-2019-5873,0.01055,0.50287
CVE-2019-5874,0.01055,0.50287
CVE-2019-5875,0.01055,0.50287
CVE-2019-5876,0.01055,0.50287
CVE-2019-5877,0.01055,0.50287
CVE-2019-5878,0.01055,0.50287
CVE-2019-5879,0.00885,0.26162
CVE-2019-5880,0.01055,0.50287
CVE-2019-5881,0.01055,0.50287
CVE-2019-5882,0.01018,0.38792
CVE-2019-5883,0.00885,0.26162
CVE-2019-5884,0.00885,0.26162
CVE-2019-5885,0.01213,0.6557
CVE-2019-5886,0.00885,0.26162
CVE-2019-5887,0.00885,0.26162
CVE-2019-5888,0.00885,0.26162
CVE-2019-5889,0.00885,0.26162
CVE-2019-5890,0.00885,0.26162
CVE-2019-5891,0.00885,0.26162
CVE-2019-5892,0.01232,0.66248
CVE-2019-5909,0.01136,0.57949
CVE-2019-5910,0.01055,0.50287
CVE-2019-5911,0.00885,0.26162
CVE-2019-5912,0.00885,0.26162
CVE-2019-5913,0.00885,0.26162
CVE-2019-5914,0.00885,0.26162
CVE-2019-5915,0.01136,0.57949
CVE-2019-5916,0.01055,0.50287
CVE-2019-5917,0.11673,0.9485
CVE-2019-5918,0.01055,0.50287
CVE-2019-5919,0.01055,0.50287
CVE-2019-5920,0.01136,0.57949
CVE-2019-5921,0.06258,0.90328
CVE-2019-5922,0.06258,0.90328
CVE-2019-5923,0.01055,0.50287
CVE-2019-5924,0.01136,0.57949
CVE-2019-5925,0.01055,0.50287
CVE-2019-5926,0.01136,0.57949
CVE-2019-5927,0.01055,0.50287
CVE-2019-5928,0.01055,0.50287
CVE-2019-5929,0.01055,0.50287
CVE-2019-5930,0.01055,0.50287
CVE-2019-5931,0.00885,0.26162
CVE-2019-5932,0.01055,0.50287
CVE-2019-5933,0.01055,0.50287
CVE-2019-5934,0.00885,0.26162
CVE-2019-5935,0.01055,0.50287
CVE-2019-5936,0.01055,0.50287
CVE-2019-5937,0.01055,0.50287
CVE-2019-5938,0.01055,0.50287
CVE-2019-5939,0.01055,0.50287
CVE-2019-5940,0.01055,0.50287
CVE-2019-5941,0.01055,0.50287
CVE-2019-5942,0.01055,0.50287
CVE-2019-5943,0.01055,0.50287
CVE-2019-5944,0.01055,0.50287
CVE-2019-5945,0.01055,0.50287
CVE-2019-5946,0.01055,0.50287
CVE-2019-5947,0.01055,0.50287
CVE-2019-5953,0.01319,0.70416
CVE-2019-5954,0.01055,0.50287
CVE-2019-5955,0.01055,0.50287
CVE-2019-5956,0.01055,0.50287
CVE-2019-5957,0.00885,0.26162
CVE-2019-5958,0.00885,0.26162
CVE-2019-5960,0.01055,0.50287
CVE-2019-5961,0.00885,0.26162
CVE-2019-5962,0.01136,0.57949
CVE-2019-5963,0.01136,0.57949
CVE-2019-5964,0.00885,0.26162
CVE-2019-5965,0.01055,0.50287
CVE-2019-5966,0.01055,0.50287
CVE-2019-5967,0.01055,0.50287
CVE-2019-5968,0.01055,0.50287
CVE-2019-5969,0.01055,0.50287
CVE-2019-5970,0.01213,0.6557
CVE-2019-5971,0.01213,0.6557
CVE-2019-5972,0.01213,0.6557
CVE-2019-5973,0.01213,0.6557
CVE-2019-5974,0.01136,0.57949
CVE-2019-5975,0.01055,0.50287
CVE-2019-5976,0.00885,0.26162
CVE-2019-5977,0.01055,0.50287
CVE-2019-5978,0.01055,0.50287
CVE-2019-5979,0.01136,0.57949
CVE-2019-5980,0.01136,0.57949
CVE-2019-5981,0.00885,0.26162
CVE-2019-5982,0.01055,0.50287
CVE-2019-5983,0.01136,0.57949
CVE-2019-5984,0.01136,0.57949
CVE-2019-5985,0.01055,0.50287
CVE-2019-5986,0.01055,0.50287
CVE-2019-5987,0.01055,0.50287
CVE-2019-5988,0.01055,0.50287
CVE-2019-5989,0.01055,0.50287
CVE-2019-5990,0.01055,0.50287
CVE-2019-5991,0.01055,0.50287
CVE-2019-5992,0.01055,0.50287
CVE-2019-5993,0.01055,0.50287
CVE-2019-5994,0.01559,0.742
CVE-2019-5995,0.01018,0.38792
CVE-2019-5996,0.01055,0.50287
CVE-2019-5997,0.01055,0.50287
CVE-2019-5998,0.01559,0.742
CVE-2019-5999,0.01559,0.742
CVE-2019-6000,0.01559,0.742
CVE-2019-6001,0.01559,0.742
CVE-2019-6002,0.01055,0.50287
CVE-2019-6003,0.01055,0.50287
CVE-2019-6004,0.01055,0.50287
CVE-2019-6005,0.01055,0.50287
CVE-2019-6007,0.0144,0.7265
CVE-2019-6008,0.01005,0.36332
CVE-2019-6009,0.01213,0.6557
CVE-2019-6010,0.01535,0.72901
CVE-2019-6011,0.01055,0.50287
CVE-2019-6012,0.01055,0.50287
CVE-2019-6013,0.00885,0.26162
CVE-2019-6014,0.00885,0.26162
CVE-2019-6015,0.00885,0.26162
CVE-2019-6016,0.01055,0.50287
CVE-2019-6017,0.01055,0.50287
CVE-2019-6018,0.01055,0.50287
CVE-2019-6019,0.00885,0.26162
CVE-2019-6020,0.01055,0.50287
CVE-2019-6021,0.01055,0.50287
CVE-2019-6022,0.01055,0.50287
CVE-2019-6023,0.01055,0.50287
CVE-2019-6024,0.00954,0.34522
CVE-2019-6025,0.01055,0.50287
CVE-2019-6026,0.01005,0.36332
CVE-2019-6027,0.01055,0.50287
CVE-2019-6029,0.01055,0.50287
CVE-2019-6030,0.01055,0.50287
CVE-2019-6031,0.01055,0.50287
CVE-2019-6032,0.00885,0.26162
CVE-2019-6033,0.01055,0.50287
CVE-2019-6034,0.00885,0.26162
CVE-2019-6035,0.01136,0.57949
CVE-2019-6036,0.01055,0.50287
CVE-2019-6109,0.01537,0.73595
CVE-2019-6113,0.01055,0.50287
CVE-2019-6114,0.01086,0.51674
CVE-2019-6116,0.3281,0.97524
CVE-2019-6117,0.00885,0.26162
CVE-2019-6120,0.01055,0.50287
CVE-2019-6121,0.00885,0.26162
CVE-2019-6122,0.00885,0.26162
CVE-2019-6126,0.01055,0.50287
CVE-2019-6127,0.01086,0.51674
CVE-2019-6128,0.01537,0.73595
CVE-2019-6129,0.00885,0.26162
CVE-2019-6130,0.01108,0.53389
CVE-2019-6131,0.01018,0.38792
CVE-2019-6132,0.00885,0.26162
CVE-2019-6133,0.01547,0.74085
CVE-2019-6135,0.00885,0.26162
CVE-2019-6136,0.00885,0.26162
CVE-2019-6137,0.00885,0.26162
CVE-2019-6138,0.00885,0.26162
CVE-2019-6139,0.01424,0.72364
CVE-2019-6140,0.00885,0.26162
CVE-2019-6142,0.00885,0.26162
CVE-2019-6143,0.00885,0.26162
CVE-2019-6144,0.00885,0.26162
CVE-2019-6145,0.00885,0.26162
CVE-2019-6146,0.02173,0.80027
CVE-2019-6147,0.00885,0.26162
CVE-2019-6149,0.01005,0.36332
CVE-2019-6154,0.01036,0.41241
CVE-2019-6155,0.00885,0.26162
CVE-2019-6156,0.00885,0.26162
CVE-2019-6157,0.00885,0.26162
CVE-2019-6158,0.00885,0.26162
CVE-2019-6159,0.00885,0.26162
CVE-2019-6160,0.00885,0.26162
CVE-2019-6161,0.00885,0.26162
CVE-2019-6163,0.00885,0.26162
CVE-2019-6165,0.00885,0.26162
CVE-2019-6166,0.00885,0.26162
CVE-2019-6167,0.01156,0.60033
CVE-2019-6168,0.01156,0.60033
CVE-2019-6169,0.00885,0.26162
CVE-2019-6170,0.01036,0.41241
CVE-2019-6171,0.00885,0.26162
CVE-2019-6172,0.01036,0.41241
CVE-2019-6173,0.00885,0.26162
CVE-2019-6175,0.00885,0.26162
CVE-2019-6176,0.00885,0.26162
CVE-2019-6177,0.00885,0.26162
CVE-2019-6178,0.00885,0.26162
CVE-2019-6179,0.00885,0.26162
CVE-2019-6180,0.00885,0.26162
CVE-2019-6181,0.00885,0.26162
CVE-2019-6182,0.00885,0.26162
CVE-2019-6183,0.00885,0.26162
CVE-2019-6184,0.00885,0.26162
CVE-2019-6186,0.01086,0.51674
CVE-2019-6187,0.00885,0.26162
CVE-2019-6188,0.00885,0.26162
CVE-2019-6189,0.00885,0.26162
CVE-2019-6190,0.00885,0.26162
CVE-2019-6191,0.00885,0.26162
CVE-2019-6192,0.02042,0.78565
CVE-2019-6193,0.00885,0.26162
CVE-2019-6194,0.00885,0.26162
CVE-2019-6195,0.00885,0.26162
CVE-2019-6196,0.00885,0.26162
CVE-2019-6200,0.01237,0.66358
CVE-2019-6201,0.01843,0.76237
CVE-2019-6202,0.01018,0.38792
CVE-2019-6204,0.00885,0.26162
CVE-2019-6205,0.02919,0.82469
CVE-2019-6206,0.00885,0.26162
CVE-2019-6208,0.02531,0.81125
CVE-2019-6209,0.02919,0.82469
CVE-2019-6210,0.01237,0.66358
CVE-2019-6211,0.0144,0.7265
CVE-2019-6212,0.02166,0.79205
CVE-2019-6213,0.03314,0.83538
CVE-2019-6214,0.02919,0.82469
CVE-2019-6215,0.28318,0.97163
CVE-2019-6216,0.02166,0.79205
CVE-2019-6217,0.02166,0.79205
CVE-2019-6218,0.02788,0.82221
CVE-2019-6219,0.01018,0.38792
CVE-2019-6220,0.00885,0.26162
CVE-2019-6221,0.01018,0.38792
CVE-2019-6222,0.00885,0.26162
CVE-2019-6223,0.00885,0.26162
CVE-2019-6224,0.09828,0.94073
CVE-2019-6226,0.02166,0.79205
CVE-2019-6227,0.02166,0.79205
CVE-2019-6228,0.00954,0.34522
CVE-2019-6229,0.01108,0.53389
CVE-2019-6230,0.01018,0.38792
CVE-2019-6231,0.01018,0.38792
CVE-2019-6232,0.01086,0.51674
CVE-2019-6233,0.02031,0.78519
CVE-2019-6234,0.02031,0.78519
CVE-2019-6235,0.01108,0.53389
CVE-2019-6236,0.01086,0.51674
CVE-2019-6237,0.02031,0.78519
CVE-2019-6238,0.01036,0.41241
CVE-2019-6239,0.00885,0.26162
CVE-2019-6240,0.00885,0.26162
CVE-2019-6241,0.00885,0.26162
CVE-2019-6242,0.00885,0.26162
CVE-2019-6243,0.00885,0.26162
CVE-2019-6244,0.00885,0.26162
CVE-2019-6245,0.00954,0.34522
CVE-2019-6246,0.00885,0.26162
CVE-2019-6247,0.01086,0.51674
CVE-2019-6248,0.00885,0.26162
CVE-2019-6250,0.02199,0.80273
CVE-2019-6251,0.02686,0.82061
CVE-2019-6256,0.01018,0.38792
CVE-2019-6257,0.00885,0.26162
CVE-2019-6258,0.00885,0.26162
CVE-2019-6259,0.00885,0.26162
CVE-2019-6260,0.00954,0.34522
CVE-2019-6261,0.00885,0.26162
CVE-2019-6262,0.00885,0.26162
CVE-2019-6264,0.00885,0.26162
CVE-2019-6265,0.01055,0.50287
CVE-2019-6266,0.01055,0.50287
CVE-2019-6267,0.00954,0.34522
CVE-2019-6272,0.01978,0.78447
CVE-2019-6273,0.01055,0.50287
CVE-2019-6274,0.01055,0.50287
CVE-2019-6275,0.01978,0.78447
CVE-2019-6278,0.00885,0.26162
CVE-2019-6279,0.08944,0.93724
CVE-2019-6282,0.08944,0.93724
CVE-2019-6283,0.01018,0.38792
CVE-2019-6284,0.01018,0.38792
CVE-2019-6285,0.01055,0.50287
CVE-2019-6286,0.01018,0.38792
CVE-2019-6287,0.00885,0.26162
CVE-2019-6288,0.02055,0.7893
CVE-2019-6289,0.01055,0.50287
CVE-2019-6290,0.01055,0.50287
CVE-2019-6291,0.01055,0.50287
CVE-2019-6292,0.01055,0.50287
CVE-2019-6293,0.01055,0.50287
CVE-2019-6294,0.00885,0.26162
CVE-2019-6295,0.00885,0.26162
CVE-2019-6296,0.00885,0.26162
CVE-2019-6318,0.01293,0.6731
CVE-2019-6319,0.00885,0.26162
CVE-2019-6320,0.00885,0.26162
CVE-2019-6321,0.00885,0.26162
CVE-2019-6322,0.00885,0.26162
CVE-2019-6323,0.00885,0.26162
CVE-2019-6324,0.00885,0.26162
CVE-2019-6325,0.00885,0.26162
CVE-2019-6326,0.00885,0.26162
CVE-2019-6327,0.00885,0.26162
CVE-2019-6328,0.00885,0.26162
CVE-2019-6330,0.00885,0.26162
CVE-2019-6331,0.00885,0.26162
CVE-2019-6332,0.00885,0.26162
CVE-2019-6333,0.01198,0.60448
CVE-2019-6334,0.01293,0.6731
CVE-2019-6335,0.00885,0.26162
CVE-2019-6337,0.00885,0.26162
CVE-2019-6338,0.0095,0.30554
CVE-2019-6341,0.01034,0.39824
CVE-2019-6342,0.00885,0.26162
CVE-2019-6438,0.01018,0.38792
CVE-2019-6439,0.00885,0.26162
CVE-2019-6441,0.10212,0.94357
CVE-2019-6442,0.07308,0.9216
CVE-2019-6443,0.08382,0.93597
CVE-2019-6444,0.08382,0.93597
CVE-2019-6445,0.07308,0.9216
CVE-2019-6451,0.01018,0.38792
CVE-2019-6452,0.01055,0.50287
CVE-2019-6454,0.01547,0.74085
CVE-2019-6455,0.00885,0.26162
CVE-2019-6456,0.00885,0.26162
CVE-2019-6457,0.00885,0.26162
CVE-2019-6458,0.00885,0.26162
CVE-2019-6459,0.00885,0.26162
CVE-2019-6460,0.00885,0.26162
CVE-2019-6461,0.00954,0.34522
CVE-2019-6462,0.00954,0.34522
CVE-2019-6465,0.00885,0.26162
CVE-2019-6468,0.00885,0.26162
CVE-2019-6469,0.00885,0.26162
CVE-2019-6470,0.01626,0.74899
CVE-2019-6471,0.00885,0.26162
CVE-2019-6472,0.00885,0.26162
CVE-2019-6473,0.00885,0.26162
CVE-2019-6474,0.00885,0.26162
CVE-2019-6475,0.00954,0.34522
CVE-2019-6476,0.00954,0.34522
CVE-2019-6477,0.02596,0.81247
CVE-2019-6481,0.01213,0.6557
CVE-2019-6485,0.01136,0.57949
CVE-2019-6486,0.01537,0.73595
CVE-2019-6488,0.0089,0.2856
CVE-2019-6489,0.01055,0.50287
CVE-2019-6491,0.00885,0.26162
CVE-2019-6492,0.00885,0.26162
CVE-2019-6493,0.00885,0.26162
CVE-2019-6494,0.00885,0.26162
CVE-2019-6496,0.04429,0.87632
CVE-2019-6497,0.00885,0.26162
CVE-2019-6498,0.06998,0.91864
CVE-2019-6499,0.00885,0.26162
CVE-2019-6500,0.00885,0.26162
CVE-2019-6501,0.01034,0.39824
CVE-2019-6502,0.00885,0.26162
CVE-2019-6503,0.00885,0.26162
CVE-2019-6504,0.01108,0.53389
CVE-2019-6506,0.01018,0.38792
CVE-2019-6507,0.00885,0.26162
CVE-2019-6508,0.00885,0.26162
CVE-2019-6509,0.00885,0.26162
CVE-2019-6510,0.00885,0.26162
CVE-2019-6512,0.00885,0.26162
CVE-2019-6513,0.00885,0.26162
CVE-2019-6514,0.00885,0.26162
CVE-2019-6515,0.00885,0.26162
CVE-2019-6516,0.00885,0.26162
CVE-2019-6517,0.00885,0.26162
CVE-2019-6518,0.00885,0.26162
CVE-2019-6519,0.00885,0.26162
CVE-2019-6520,0.00885,0.26162
CVE-2019-6521,0.00885,0.26162
CVE-2019-6522,0.00885,0.26162
CVE-2019-6523,0.00885,0.26162
CVE-2019-6524,0.00885,0.26162
CVE-2019-6525,0.00885,0.26162
CVE-2019-6526,0.00885,0.26162
CVE-2019-6527,0.00885,0.26162
CVE-2019-6528,0.0144,0.7265
CVE-2019-6529,0.00885,0.26162
CVE-2019-6530,0.04836,0.88802
CVE-2019-6531,0.00885,0.26162
CVE-2019-6532,0.04836,0.88802
CVE-2019-6533,0.00885,0.26162
CVE-2019-6534,0.01018,0.38792
CVE-2019-6535,0.01055,0.50287
CVE-2019-6536,0.00885,0.26162
CVE-2019-6537,0.01005,0.36332
CVE-2019-6538,0.00885,0.26162
CVE-2019-6539,0.01005,0.36332
CVE-2019-6540,0.00885,0.26162
CVE-2019-6541,0.01005,0.36332
CVE-2019-6542,0.00885,0.26162
CVE-2019-6543,0.00954,0.34522
CVE-2019-6544,0.01086,0.51674
CVE-2019-6545,0.01136,0.57949
CVE-2019-6546,0.00885,0.26162
CVE-2019-6547,0.00885,0.26162
CVE-2019-6548,0.00885,0.26162
CVE-2019-6549,0.00885,0.26162
CVE-2019-6550,0.01978,0.78447
CVE-2019-6551,0.00885,0.26162
CVE-2019-6552,0.01156,0.60033
CVE-2019-6553,0.00885,0.26162
CVE-2019-6554,0.00885,0.26162
CVE-2019-6555,0.01005,0.36332
CVE-2019-6556,0.01005,0.36332
CVE-2019-6557,0.01978,0.78447
CVE-2019-6558,0.00885,0.26162
CVE-2019-6559,0.01055,0.50287
CVE-2019-6560,0.00885,0.26162
CVE-2019-6561,0.0144,0.7265
CVE-2019-6562,0.00885,0.26162
CVE-2019-6563,0.00885,0.26162
CVE-2019-6564,0.00885,0.26162
CVE-2019-6565,0.00885,0.26162
CVE-2019-6566,0.00885,0.26162
CVE-2019-6567,0.00885,0.26162
CVE-2019-6568,0.00885,0.26162
CVE-2019-6569,0.00885,0.26162
CVE-2019-6570,0.00885,0.26162
CVE-2019-6571,0.00885,0.26162
CVE-2019-6572,0.00954,0.34522
CVE-2019-6574,0.01086,0.51674
CVE-2019-6575,0.01055,0.50287
CVE-2019-6576,0.00954,0.34522
CVE-2019-6577,0.0089,0.2856
CVE-2019-6578,0.00885,0.26162
CVE-2019-6579,0.00885,0.26162
CVE-2019-6580,0.00885,0.26162
CVE-2019-6581,0.00885,0.26162
CVE-2019-6582,0.00885,0.26162
CVE-2019-6584,0.00885,0.26162
CVE-2019-6585,0.00885,0.26162
CVE-2019-6588,0.02173,0.80027
CVE-2019-6589,0.00885,0.26162
CVE-2019-6590,0.00885,0.26162
CVE-2019-6591,0.00885,0.26162
CVE-2019-6592,0.00885,0.26162
CVE-2019-6593,0.00885,0.26162
CVE-2019-6594,0.00885,0.26162
CVE-2019-6595,0.00885,0.26162
CVE-2019-6596,0.00885,0.26162
CVE-2019-6597,0.00885,0.26162
CVE-2019-6598,0.00885,0.26162
CVE-2019-6599,0.00885,0.26162
CVE-2019-6600,0.01055,0.50287
CVE-2019-6601,0.00885,0.26162
CVE-2019-6602,0.00885,0.26162
CVE-2019-6603,0.00885,0.26162
CVE-2019-6604,0.00885,0.26162
CVE-2019-6605,0.00885,0.26162
CVE-2019-6606,0.00885,0.26162
CVE-2019-6607,0.0144,0.7265
CVE-2019-6608,0.00885,0.26162
CVE-2019-6609,0.00885,0.26162
CVE-2019-6610,0.00885,0.26162
CVE-2019-6611,0.00885,0.26162
CVE-2019-6612,0.00885,0.26162
CVE-2019-6613,0.00885,0.26162
CVE-2019-6614,0.00885,0.26162
CVE-2019-6615,0.00885,0.26162
CVE-2019-6616,0.00885,0.26162
CVE-2019-6617,0.0089,0.2856
CVE-2019-6618,0.00885,0.26162
CVE-2019-6619,0.00885,0.26162
CVE-2019-6620,0.02055,0.7893
CVE-2019-6621,0.02055,0.7893
CVE-2019-6622,0.02055,0.7893
CVE-2019-6623,0.00954,0.34522
CVE-2019-6624,0.00885,0.26162
CVE-2019-6625,0.00885,0.26162
CVE-2019-6626,0.00885,0.26162
CVE-2019-6627,0.00885,0.26162
CVE-2019-6628,0.00885,0.26162
CVE-2019-6629,0.00885,0.26162
CVE-2019-6630,0.00885,0.26162
CVE-2019-6631,0.00954,0.34522
CVE-2019-6632,0.00885,0.26162
CVE-2019-6633,0.00885,0.26162
CVE-2019-6634,0.00885,0.26162
CVE-2019-6635,0.0089,0.2856
CVE-2019-6636,0.0144,0.7265
CVE-2019-6637,0.00885,0.26162
CVE-2019-6638,0.0089,0.2856
CVE-2019-6639,0.00885,0.26162
CVE-2019-6640,0.00954,0.34522
CVE-2019-6641,0.0089,0.2856
CVE-2019-6642,0.00885,0.26162
CVE-2019-6643,0.00885,0.26162
CVE-2019-6644,0.00885,0.26162
CVE-2019-6645,0.00885,0.26162
CVE-2019-6646,0.00885,0.26162
CVE-2019-6647,0.00885,0.26162
CVE-2019-6648,0.00885,0.26162
CVE-2019-6649,0.00885,0.26162
CVE-2019-6650,0.00885,0.26162
CVE-2019-6651,0.00885,0.26162
CVE-2019-6652,0.00885,0.26162
CVE-2019-6653,0.00885,0.26162
CVE-2019-6654,0.00885,0.26162
CVE-2019-6655,0.00885,0.26162
CVE-2019-6656,0.00885,0.26162
CVE-2019-6657,0.00885,0.26162
CVE-2019-6658,0.00885,0.26162
CVE-2019-6659,0.00885,0.26162
CVE-2019-6660,0.00885,0.26162
CVE-2019-6661,0.00885,0.26162
CVE-2019-6662,0.00885,0.26162
CVE-2019-6663,0.00885,0.26162
CVE-2019-6664,0.00885,0.26162
CVE-2019-6665,0.00885,0.26162
CVE-2019-6666,0.00885,0.26162
CVE-2019-6667,0.00885,0.26162
CVE-2019-6668,0.00885,0.26162
CVE-2019-6669,0.00885,0.26162
CVE-2019-6670,0.00885,0.26162
CVE-2019-6671,0.00885,0.26162
CVE-2019-6672,0.00885,0.26162
CVE-2019-6673,0.00885,0.26162
CVE-2019-6674,0.00885,0.26162
CVE-2019-6675,0.00885,0.26162
CVE-2019-6676,0.00885,0.26162
CVE-2019-6677,0.00885,0.26162
CVE-2019-6678,0.00885,0.26162
CVE-2019-6679,0.00885,0.26162
CVE-2019-6680,0.00885,0.26162
CVE-2019-6681,0.00885,0.26162
CVE-2019-6682,0.00885,0.26162
CVE-2019-6683,0.00885,0.26162
CVE-2019-6684,0.00885,0.26162
CVE-2019-6685,0.00933,0.28614
CVE-2019-6686,0.00885,0.26162
CVE-2019-6687,0.00885,0.26162
CVE-2019-6688,0.00885,0.26162
CVE-2019-6689,0.01005,0.35949
CVE-2019-6691,0.00885,0.26162
CVE-2019-6692,0.01036,0.41241
CVE-2019-6695,0.00885,0.26162
CVE-2019-6696,0.00885,0.26162
CVE-2019-6698,0.00885,0.26162
CVE-2019-6699,0.00885,0.26162
CVE-2019-6700,0.00885,0.26162
CVE-2019-6702,0.01018,0.38792
CVE-2019-6703,0.00885,0.26162
CVE-2019-6706,0.08382,0.93597
CVE-2019-6707,0.00885,0.26162
CVE-2019-6708,0.00885,0.26162
CVE-2019-6710,0.08382,0.93597
CVE-2019-6713,0.01055,0.50287
CVE-2019-6714,0.12753,0.95373
CVE-2019-6716,0.08382,0.93597
CVE-2019-6719,0.00885,0.26162
CVE-2019-6724,0.0089,0.2856
CVE-2019-6725,0.00885,0.26162
CVE-2019-6726,0.01213,0.6557
CVE-2019-6727,0.01384,0.711
CVE-2019-6728,0.01384,0.711
CVE-2019-6729,0.01384,0.711
CVE-2019-6730,0.01384,0.711
CVE-2019-6731,0.01384,0.711
CVE-2019-6732,0.01384,0.711
CVE-2019-6733,0.01384,0.711
CVE-2019-6734,0.01384,0.711
CVE-2019-6735,0.01384,0.711
CVE-2019-6736,0.01689,0.75137
CVE-2019-6737,0.01689,0.75137
CVE-2019-6738,0.01689,0.75137
CVE-2019-6739,0.01156,0.60033
CVE-2019-6740,0.01156,0.60033
CVE-2019-6741,0.01156,0.60033
CVE-2019-6742,0.01156,0.60033
CVE-2019-6743,0.01156,0.60033
CVE-2019-6744,0.00885,0.26162
CVE-2019-6746,0.01321,0.70521
CVE-2019-6747,0.01321,0.70521
CVE-2019-6748,0.01321,0.70521
CVE-2019-6749,0.01321,0.70521
CVE-2019-6750,0.01321,0.70521
CVE-2019-6751,0.01321,0.70521
CVE-2019-6752,0.01321,0.70521
CVE-2019-6753,0.01321,0.70521
CVE-2019-6754,0.01321,0.70521
CVE-2019-6755,0.01321,0.70521
CVE-2019-6756,0.01321,0.70521
CVE-2019-6757,0.01321,0.70521
CVE-2019-6758,0.01321,0.70521
CVE-2019-6759,0.01321,0.70521
CVE-2019-6760,0.01321,0.70521
CVE-2019-6761,0.01321,0.70521
CVE-2019-6762,0.01321,0.70521
CVE-2019-6763,0.01321,0.70521
CVE-2019-6764,0.01321,0.70521
CVE-2019-6765,0.01321,0.70521
CVE-2019-6766,0.01321,0.70521
CVE-2019-6767,0.01321,0.70521
CVE-2019-6768,0.01321,0.70521
CVE-2019-6769,0.01321,0.70521
CVE-2019-6770,0.01321,0.70521
CVE-2019-6771,0.01321,0.70521
CVE-2019-6772,0.01321,0.70521
CVE-2019-6773,0.01321,0.70521
CVE-2019-6774,0.01321,0.70521
CVE-2019-6775,0.01321,0.70521
CVE-2019-6776,0.01321,0.70521
CVE-2019-6777,0.00885,0.26162
CVE-2019-6778,0.01547,0.74085
CVE-2019-6779,0.00885,0.26162
CVE-2019-6780,0.08382,0.93597
CVE-2019-6781,0.00885,0.26162
CVE-2019-6782,0.00885,0.26162
CVE-2019-6783,0.01978,0.78447
CVE-2019-6784,0.00885,0.26162
CVE-2019-6785,0.00885,0.26162
CVE-2019-6786,0.00885,0.26162
CVE-2019-6787,0.00885,0.26162
CVE-2019-6788,0.00885,0.26162
CVE-2019-6789,0.00885,0.26162
CVE-2019-6790,0.00885,0.26162
CVE-2019-6791,0.00885,0.26162
CVE-2019-6792,0.00885,0.26162
CVE-2019-6793,0.00885,0.26162
CVE-2019-6794,0.00885,0.26162
CVE-2019-6795,0.00885,0.26162
CVE-2019-6796,0.01018,0.38792
CVE-2019-6797,0.00885,0.26162
CVE-2019-6798,0.00885,0.26162
CVE-2019-6799,0.00954,0.34522
CVE-2019-6800,0.00885,0.26162
CVE-2019-6802,0.00885,0.26162
CVE-2019-6803,0.01156,0.60033
CVE-2019-6804,0.08988,0.93729
CVE-2019-6805,0.00885,0.26162
CVE-2019-6806,0.00885,0.26162
CVE-2019-6807,0.00885,0.26162
CVE-2019-6808,0.01978,0.78447
CVE-2019-6809,0.00885,0.26162
CVE-2019-6810,0.0144,0.7265
CVE-2019-6811,0.00885,0.26162
CVE-2019-6812,0.00885,0.26162
CVE-2019-6813,0.00954,0.34522
CVE-2019-6814,0.77888,0.99393
CVE-2019-6815,0.00885,0.26162
CVE-2019-6816,0.00885,0.26162
CVE-2019-6819,0.00885,0.26162
CVE-2019-6820,0.00885,0.26162
CVE-2019-6821,0.00954,0.34522
CVE-2019-6822,0.04836,0.88802
CVE-2019-6823,0.01156,0.60033
CVE-2019-6824,0.01156,0.60033
CVE-2019-6825,0.01036,0.41241
CVE-2019-6826,0.01036,0.41241
CVE-2019-6827,0.00885,0.26162
CVE-2019-6828,0.00885,0.26162
CVE-2019-6829,0.00885,0.26162
CVE-2019-6830,0.00885,0.26162
CVE-2019-6831,0.00885,0.26162
CVE-2019-6832,0.00885,0.26162
CVE-2019-6833,0.00885,0.26162
CVE-2019-6834,0.01036,0.41241
CVE-2019-6835,0.00885,0.26162
CVE-2019-6836,0.00885,0.26162
CVE-2019-6837,0.00885,0.26162
CVE-2019-6838,0.00885,0.26162
CVE-2019-6839,0.00885,0.26162
CVE-2019-6840,0.00885,0.26162
CVE-2019-6841,0.00885,0.26162
CVE-2019-6842,0.00885,0.26162
CVE-2019-6843,0.00885,0.26162
CVE-2019-6844,0.00885,0.26162
CVE-2019-6845,0.00885,0.26162
CVE-2019-6846,0.00885,0.26162
CVE-2019-6847,0.00885,0.26162
CVE-2019-6848,0.00885,0.26162
CVE-2019-6849,0.00885,0.26162
CVE-2019-6850,0.00885,0.26162
CVE-2019-6851,0.00885,0.26162
CVE-2019-6852,0.00885,0.26162
CVE-2019-6853,0.00885,0.26162
CVE-2019-6854,0.00885,0.26162
CVE-2019-6855,0.00885,0.26162
CVE-2019-6856,0.00885,0.26162
CVE-2019-6857,0.00885,0.26162
CVE-2019-6858,0.00885,0.26162
CVE-2019-6859,0.00885,0.26162
CVE-2019-6956,0.01108,0.53389
CVE-2019-6957,0.01086,0.51674
CVE-2019-6958,0.00885,0.26162
CVE-2019-6960,0.00885,0.26162
CVE-2019-6961,0.00885,0.26162
CVE-2019-6962,0.00885,0.26162
CVE-2019-6963,0.01156,0.60033
CVE-2019-6964,0.01086,0.51674
CVE-2019-6965,0.02173,0.80027
CVE-2019-6966,0.00885,0.26162
CVE-2019-6967,0.08382,0.93597
CVE-2019-6968,0.00885,0.26162
CVE-2019-6969,0.00885,0.26162
CVE-2019-6970,0.00885,0.26162
CVE-2019-6971,0.08382,0.93597
CVE-2019-6972,0.00885,0.26162
CVE-2019-6973,0.08382,0.93597
CVE-2019-6974,0.18327,0.96125
CVE-2019-6975,0.01537,0.73595
CVE-2019-6976,0.00954,0.34522
CVE-2019-6978,0.02686,0.82061
CVE-2019-6979,0.02173,0.80027
CVE-2019-6980,0.00885,0.26162
CVE-2019-6981,0.00885,0.26162
CVE-2019-6982,0.00885,0.26162
CVE-2019-6983,0.00885,0.26162
CVE-2019-6984,0.00885,0.26162
CVE-2019-6985,0.00885,0.26162
CVE-2019-6986,0.01055,0.50287
CVE-2019-6988,0.01055,0.50287
CVE-2019-6989,0.04891,0.88826
CVE-2019-6990,0.00885,0.26162
CVE-2019-6991,0.0144,0.7265
CVE-2019-6992,0.00885,0.26162
CVE-2019-6995,0.00885,0.26162
CVE-2019-6996,0.00885,0.26162
CVE-2019-6997,0.00885,0.26162
CVE-2019-7000,0.01086,0.51674
CVE-2019-7001,0.00885,0.26162
CVE-2019-7003,0.00885,0.26162
CVE-2019-7004,0.0358,0.84156
CVE-2019-7005,0.01055,0.50287
CVE-2019-7006,0.0089,0.2856
CVE-2019-7007,0.00885,0.26162
CVE-2019-7018,0.01282,0.66661
CVE-2019-7019,0.01282,0.66661
CVE-2019-7020,0.01282,0.66661
CVE-2019-7021,0.01046,0.41635
CVE-2019-7022,0.01046,0.41635
CVE-2019-7023,0.01046,0.41635
CVE-2019-7024,0.01046,0.41635
CVE-2019-7025,0.01282,0.66661
CVE-2019-7026,0.01282,0.66661
CVE-2019-7027,0.01282,0.66661
CVE-2019-7028,0.01046,0.41635
CVE-2019-7029,0.01282,0.66661
CVE-2019-7030,0.01046,0.41635
CVE-2019-7031,0.01282,0.66661
CVE-2019-7032,0.01046,0.41635
CVE-2019-7033,0.01046,0.41635
CVE-2019-7034,0.01046,0.41635
CVE-2019-7035,0.01046,0.41635
CVE-2019-7036,0.01046,0.41635
CVE-2019-7037,0.01282,0.66661
CVE-2019-7038,0.01046,0.41635
CVE-2019-7039,0.01282,0.66661
CVE-2019-7040,0.01282,0.66661
CVE-2019-7041,0.01046,0.41635
CVE-2019-7042,0.01282,0.66661
CVE-2019-7043,0.01282,0.66661
CVE-2019-7044,0.01282,0.66661
CVE-2019-7045,0.01046,0.41635
CVE-2019-7046,0.01282,0.66661
CVE-2019-7047,0.01046,0.41635
CVE-2019-7048,0.01282,0.66661
CVE-2019-7049,0.01046,0.41635
CVE-2019-7050,0.01282,0.66661
CVE-2019-7051,0.01282,0.66661
CVE-2019-7052,0.01282,0.66661
CVE-2019-7053,0.01046,0.41635
CVE-2019-7054,0.01282,0.66661
CVE-2019-7055,0.01046,0.41635
CVE-2019-7056,0.01046,0.41635
CVE-2019-7057,0.01046,0.41635
CVE-2019-7058,0.01046,0.41635
CVE-2019-7059,0.01046,0.41635
CVE-2019-7060,0.01282,0.66661
CVE-2019-7061,0.01046,0.41635
CVE-2019-7062,0.01282,0.66661
CVE-2019-7063,0.01046,0.41635
CVE-2019-7064,0.01046,0.41635
CVE-2019-7065,0.01046,0.41635
CVE-2019-7066,0.01282,0.66661
CVE-2019-7067,0.01046,0.41635
CVE-2019-7068,0.01282,0.66661
CVE-2019-7069,0.01282,0.66661
CVE-2019-7070,0.01282,0.66661
CVE-2019-7071,0.01046,0.41635
CVE-2019-7072,0.01282,0.66661
CVE-2019-7073,0.01046,0.41635
CVE-2019-7074,0.01046,0.41635
CVE-2019-7075,0.01282,0.66661
CVE-2019-7076,0.01282,0.66661
CVE-2019-7077,0.01282,0.66661
CVE-2019-7078,0.01282,0.66661
CVE-2019-7079,0.01282,0.66661
CVE-2019-7080,0.01282,0.66661
CVE-2019-7081,0.01046,0.41635
CVE-2019-7082,0.01282,0.66661
CVE-2019-7083,0.01282,0.66661
CVE-2019-7084,0.01282,0.66661
CVE-2019-7085,0.01282,0.66661
CVE-2019-7086,0.01282,0.66661
CVE-2019-7087,0.01282,0.66661
CVE-2019-7088,0.01783,0.75945
CVE-2019-7089,0.01046,0.41635
CVE-2019-7090,0.01046,0.41635
CVE-2019-7091,0.01282,0.66661
CVE-2019-7092,0.01046,0.41635
CVE-2019-7093,0.01046,0.41635
CVE-2019-7094,0.01282,0.66661
CVE-2019-7095,0.01282,0.66661
CVE-2019-7096,0.01783,0.75945
CVE-2019-7097,0.01046,0.41635
CVE-2019-7098,0.01282,0.66661
CVE-2019-7099,0.01282,0.66661
CVE-2019-7100,0.01282,0.66661
CVE-2019-7101,0.01282,0.66661
CVE-2019-7102,0.01282,0.66661
CVE-2019-7103,0.01282,0.66661
CVE-2019-7104,0.01282,0.66661
CVE-2019-7105,0.01282,0.66661
CVE-2019-7106,0.01282,0.66661
CVE-2019-7107,0.01783,0.75945
CVE-2019-7108,0.01046,0.41635
CVE-2019-7109,0.01046,0.41635
CVE-2019-7110,0.01046,0.41635
CVE-2019-7111,0.01282,0.66661
CVE-2019-7112,0.01282,0.66661
CVE-2019-7113,0.01282,0.66661
CVE-2019-7114,0.01046,0.41635
CVE-2019-7115,0.01046,0.41635
CVE-2019-7116,0.01046,0.41635
CVE-2019-7117,0.01282,0.66661
CVE-2019-7118,0.01282,0.66661
CVE-2019-7119,0.01282,0.66661
CVE-2019-7120,0.01282,0.66661
CVE-2019-7121,0.01046,0.41635
CVE-2019-7122,0.01046,0.41635
CVE-2019-7123,0.01046,0.41635
CVE-2019-7124,0.01282,0.66661
CVE-2019-7125,0.01282,0.66661
CVE-2019-7127,0.01046,0.41635
CVE-2019-7128,0.01282,0.66661
CVE-2019-7129,0.01046,0.41635
CVE-2019-7130,0.01156,0.60033
CVE-2019-7131,0.01282,0.66661
CVE-2019-7132,0.01156,0.60033
CVE-2019-7133,0.01046,0.41635
CVE-2019-7134,0.01046,0.41635
CVE-2019-7135,0.01046,0.41635
CVE-2019-7136,0.01046,0.41635
CVE-2019-7137,0.01046,0.41635
CVE-2019-7138,0.01046,0.41635
CVE-2019-7139,0.00885,0.26162
CVE-2019-7140,0.01126,0.53553
CVE-2019-7141,0.01126,0.53553
CVE-2019-7142,0.01046,0.41635
CVE-2019-7143,0.01126,0.53553
CVE-2019-7144,0.01126,0.53553
CVE-2019-7145,0.01126,0.53553
CVE-2019-7146,0.01136,0.57949
CVE-2019-7147,0.00885,0.26162
CVE-2019-7148,0.01055,0.50287
CVE-2019-7149,0.01108,0.53389
CVE-2019-7150,0.01183,0.60428
CVE-2019-7151,0.00885,0.26162
CVE-2019-7152,0.00885,0.26162
CVE-2019-7153,0.00885,0.26162
CVE-2019-7154,0.00885,0.26162
CVE-2019-7155,0.00885,0.26162
CVE-2019-7156,0.00885,0.26162
CVE-2019-7158,0.00885,0.26162
CVE-2019-7159,0.00885,0.26162
CVE-2019-7160,0.01086,0.51674
CVE-2019-7161,0.00885,0.26162
CVE-2019-7162,0.00885,0.26162
CVE-2019-7163,0.00885,0.26162
CVE-2019-7164,0.01537,0.73595
CVE-2019-7165,0.02945,0.82534
CVE-2019-7167,0.00954,0.34522
CVE-2019-7168,0.00885,0.26162
CVE-2019-7169,0.00885,0.26162
CVE-2019-7170,0.00885,0.26162
CVE-2019-7171,0.00885,0.26162
CVE-2019-7172,0.00885,0.26162
CVE-2019-7173,0.00885,0.26162
CVE-2019-7174,0.00885,0.26162
CVE-2019-7175,0.01108,0.53389
CVE-2019-7176,0.00885,0.26162
CVE-2019-7177,0.00885,0.26162
CVE-2019-7178,0.00885,0.26162
CVE-2019-7181,0.08382,0.93597
CVE-2019-7183,0.01055,0.50287
CVE-2019-7184,0.01055,0.50287
CVE-2019-7185,0.01055,0.50287
CVE-2019-7193,0.01055,0.50287
CVE-2019-7194,0.01055,0.50287
CVE-2019-7197,0.00885,0.26162
CVE-2019-7198,0.02055,0.7893
CVE-2019-7201,0.01036,0.41241
CVE-2019-7211,0.00885,0.26162
CVE-2019-7212,0.00885,0.26162
CVE-2019-7213,0.0144,0.7265
CVE-2019-7215,0.00885,0.26162
CVE-2019-7217,0.00885,0.26162
CVE-2019-7218,0.00885,0.26162
CVE-2019-7220,0.00885,0.26162
CVE-2019-7221,0.01547,0.74085
CVE-2019-7222,0.01547,0.74085
CVE-2019-7223,0.00885,0.26162
CVE-2019-7225,0.01018,0.38792
CVE-2019-7226,0.01018,0.38792
CVE-2019-7227,0.01034,0.39824
CVE-2019-7228,0.01108,0.53389
CVE-2019-7229,0.01108,0.53389
CVE-2019-7230,0.01108,0.53389
CVE-2019-7231,0.01034,0.39824
CVE-2019-7232,0.01108,0.53389
CVE-2019-7233,0.00885,0.26162
CVE-2019-7234,0.00885,0.26162
CVE-2019-7235,0.00885,0.26162
CVE-2019-7236,0.00885,0.26162
CVE-2019-7237,0.00885,0.26162
CVE-2019-7240,0.01086,0.51674
CVE-2019-7244,0.01086,0.51674
CVE-2019-7245,0.01086,0.51674
CVE-2019-7246,0.01036,0.41241
CVE-2019-7247,0.01086,0.51674
CVE-2019-7249,0.00954,0.34522
CVE-2019-7250,0.00885,0.26162
CVE-2019-7251,0.01055,0.50287
CVE-2019-7252,0.00885,0.26162
CVE-2019-7253,0.00885,0.26162
CVE-2019-7254,0.08382,0.93597
CVE-2019-7255,0.02173,0.80027
CVE-2019-7256,0.25279,0.96833
CVE-2019-7257,0.08382,0.93597
CVE-2019-7258,0.0089,0.2856
CVE-2019-7259,0.0089,0.2856
CVE-2019-7260,0.00885,0.26162
CVE-2019-7261,0.00954,0.34522
CVE-2019-7262,0.08382,0.93597
CVE-2019-7263,0.00885,0.26162
CVE-2019-7264,0.00885,0.26162
CVE-2019-7265,0.12753,0.95373
CVE-2019-7266,0.01018,0.38792
CVE-2019-7267,0.01018,0.38792
CVE-2019-7268,0.01018,0.38792
CVE-2019-7269,0.1246,0.95137
CVE-2019-7270,0.00954,0.34522
CVE-2019-7271,0.00885,0.26162
CVE-2019-7272,0.08382,0.93597
CVE-2019-7273,0.08382,0.93597
CVE-2019-7274,0.1246,0.95137
CVE-2019-7275,0.01018,0.38792
CVE-2019-7276,0.1246,0.95137
CVE-2019-7277,0.00954,0.34522
CVE-2019-7278,0.00954,0.34522
CVE-2019-7279,0.00954,0.34522
CVE-2019-7280,0.01061,0.51015
CVE-2019-7281,0.00954,0.34522
CVE-2019-7282,0.01108,0.53389
CVE-2019-7283,0.00954,0.34522
CVE-2019-7285,0.01843,0.76237
CVE-2019-7286,0.02362,0.80685
CVE-2019-7287,0.01036,0.41241
CVE-2019-7288,0.00885,0.26162
CVE-2019-7289,0.00885,0.26162
CVE-2019-7290,0.00885,0.26162
CVE-2019-7291,0.00885,0.26162
CVE-2019-7292,0.01108,0.53389
CVE-2019-7293,0.0095,0.30554
CVE-2019-7295,0.01156,0.60033
CVE-2019-7296,0.01156,0.60033
CVE-2019-7297,0.02055,0.7893
CVE-2019-7298,0.02055,0.7893
CVE-2019-7299,0.01136,0.57949
CVE-2019-7300,0.01055,0.50287
CVE-2019-7301,0.01055,0.50287
CVE-2019-7303,0.08382,0.93597
CVE-2019-7305,0.01156,0.60033
CVE-2019-7306,0.00885,0.26162
CVE-2019-7307,0.00885,0.26162
CVE-2019-7308,0.01547,0.74085
CVE-2019-7309,0.0095,0.30554
CVE-2019-7310,0.01776,0.75902
CVE-2019-7311,0.00885,0.26162
CVE-2019-7312,0.00885,0.26162
CVE-2019-7313,0.00885,0.26162
CVE-2019-7314,0.01537,0.73595
CVE-2019-7315,0.00885,0.26162
CVE-2019-7316,0.00954,0.34522
CVE-2019-7317,0.02686,0.82061
CVE-2019-7319,0.00885,0.26162
CVE-2019-7321,0.01086,0.51674
CVE-2019-7323,0.02509,0.81058
CVE-2019-7324,0.01018,0.38792
CVE-2019-7325,0.00885,0.26162
CVE-2019-7326,0.00885,0.26162
CVE-2019-7327,0.00885,0.26162
CVE-2019-7328,0.00885,0.26162
CVE-2019-7329,0.00885,0.26162
CVE-2019-7330,0.00885,0.26162
CVE-2019-7331,0.00885,0.26162
CVE-2019-7332,0.00885,0.26162
CVE-2019-7333,0.00885,0.26162
CVE-2019-7334,0.00885,0.26162
CVE-2019-7335,0.00885,0.26162
CVE-2019-7336,0.00885,0.26162
CVE-2019-7337,0.00885,0.26162
CVE-2019-7338,0.00885,0.26162
CVE-2019-7339,0.00885,0.26162
CVE-2019-7340,0.00885,0.26162
CVE-2019-7341,0.00885,0.26162
CVE-2019-7342,0.00885,0.26162
CVE-2019-7343,0.00885,0.26162
CVE-2019-7344,0.00885,0.26162
CVE-2019-7345,0.00885,0.26162
CVE-2019-7346,0.00885,0.26162
CVE-2019-7347,0.00885,0.26162
CVE-2019-7348,0.00885,0.26162
CVE-2019-7349,0.00885,0.26162
CVE-2019-7350,0.00885,0.26162
CVE-2019-7351,0.00885,0.26162
CVE-2019-7352,0.00885,0.26162
CVE-2019-7353,0.00885,0.26162
CVE-2019-7358,0.01036,0.41241
CVE-2019-7359,0.01036,0.41241
CVE-2019-7360,0.01036,0.41241
CVE-2019-7361,0.01036,0.41241
CVE-2019-7362,0.01036,0.41241
CVE-2019-7363,0.01036,0.41241
CVE-2019-7364,0.01036,0.41241
CVE-2019-7365,0.01036,0.41241
CVE-2019-7366,0.00885,0.26162
CVE-2019-7383,0.01079,0.51017
CVE-2019-7384,0.01365,0.70715
CVE-2019-7385,0.03948,0.85208
CVE-2019-7386,0.03231,0.8345
CVE-2019-7387,0.00885,0.26162
CVE-2019-7388,0.01055,0.50287
CVE-2019-7389,0.01055,0.50287
CVE-2019-7390,0.01055,0.50287
CVE-2019-7391,0.08382,0.93597
CVE-2019-7392,0.01055,0.50287
CVE-2019-7393,0.01132,0.54372
CVE-2019-7394,0.0095,0.30554
CVE-2019-7395,0.01108,0.53389
CVE-2019-7396,0.01108,0.53389
CVE-2019-7397,0.01183,0.60428
CVE-2019-7398,0.01108,0.53389
CVE-2019-7399,0.00885,0.26162
CVE-2019-7400,0.02173,0.80027
CVE-2019-7401,0.01018,0.38792
CVE-2019-7402,0.00885,0.26162
CVE-2019-7403,0.01055,0.50287
CVE-2019-7404,0.00885,0.26162
CVE-2019-7409,0.01055,0.50287
CVE-2019-7410,0.01213,0.6557
CVE-2019-7411,0.01055,0.50287
CVE-2019-7412,0.00885,0.26162
CVE-2019-7413,0.00885,0.26162
CVE-2019-7416,0.00954,0.34522
CVE-2019-7417,0.00954,0.34522
CVE-2019-7418,0.01018,0.38792
CVE-2019-7419,0.01018,0.38792
CVE-2019-7420,0.01018,0.38792
CVE-2019-7421,0.01018,0.38792
CVE-2019-7422,0.0176,0.7531
CVE-2019-7423,0.0176,0.7531
CVE-2019-7424,0.0176,0.7531
CVE-2019-7425,0.0176,0.7531
CVE-2019-7426,0.00885,0.26162
CVE-2019-7427,0.00885,0.26162
CVE-2019-7429,0.00885,0.26162
CVE-2019-7430,0.00885,0.26162
CVE-2019-7431,0.00885,0.26162
CVE-2019-7432,0.00885,0.26162
CVE-2019-7433,0.00885,0.26162
CVE-2019-7434,0.00885,0.26162
CVE-2019-7435,0.00885,0.26162
CVE-2019-7436,0.00885,0.26162
CVE-2019-7437,0.00885,0.26162
CVE-2019-7438,0.02173,0.80027
CVE-2019-7439,0.06998,0.91864
CVE-2019-7440,0.08382,0.93597
CVE-2019-7441,0.07308,0.9216
CVE-2019-7442,0.08382,0.93597
CVE-2019-7443,0.01108,0.53389
CVE-2019-7474,0.00885,0.26162
CVE-2019-7475,0.00885,0.26162
CVE-2019-7476,0.01055,0.50287
CVE-2019-7477,0.01055,0.50287
CVE-2019-7478,0.00885,0.26162
CVE-2019-7479,0.00885,0.26162
CVE-2019-7481,0.00885,0.26162
CVE-2019-7483,0.00885,0.26162
CVE-2019-7484,0.00885,0.26162
CVE-2019-7485,0.01086,0.51674
CVE-2019-7486,0.01086,0.51674
CVE-2019-7487,0.01036,0.41241
CVE-2019-7524,0.01547,0.74085
CVE-2019-7535,0.00885,0.26162
CVE-2019-7537,0.0144,0.7265
CVE-2019-7539,0.00885,0.26162
CVE-2019-7541,0.02173,0.80027
CVE-2019-7543,0.00885,0.26162
CVE-2019-7544,0.00885,0.26162
CVE-2019-7545,0.00885,0.26162
CVE-2019-7546,0.00885,0.26162
CVE-2019-7547,0.00885,0.26162
CVE-2019-7548,0.01537,0.73595
CVE-2019-7549,0.00885,0.26162
CVE-2019-7551,0.0095,0.30554
CVE-2019-7552,0.00885,0.26162
CVE-2019-7553,0.00885,0.26162
CVE-2019-7554,0.00885,0.26162
CVE-2019-7559,0.00885,0.26162
CVE-2019-7560,0.00885,0.26162
CVE-2019-7564,0.00885,0.26162
CVE-2019-7566,0.00885,0.26162
CVE-2019-7567,0.00885,0.26162
CVE-2019-7568,0.00885,0.26162
CVE-2019-7569,0.00885,0.26162
CVE-2019-7570,0.00885,0.26162
CVE-2019-7572,0.02686,0.82061
CVE-2019-7573,0.02686,0.82061
CVE-2019-7574,0.02686,0.82061
CVE-2019-7575,0.02686,0.82061
CVE-2019-7576,0.02686,0.82061
CVE-2019-7577,0.02686,0.82061
CVE-2019-7578,0.02686,0.82061
CVE-2019-7579,0.00885,0.26162
CVE-2019-7580,0.01055,0.50287
CVE-2019-7581,0.01055,0.50287
CVE-2019-7585,0.00885,0.26162
CVE-2019-7587,0.00885,0.26162
CVE-2019-7588,0.01365,0.70715
CVE-2019-7589,0.00885,0.26162
CVE-2019-7590,0.01034,0.39824
CVE-2019-7593,0.00885,0.26162
CVE-2019-7594,0.00885,0.26162
CVE-2019-7608,0.01018,0.38792
CVE-2019-7611,0.00885,0.26162
CVE-2019-7612,0.00954,0.34522
CVE-2019-7613,0.00885,0.26162
CVE-2019-7614,0.00885,0.26162
CVE-2019-7615,0.00885,0.26162
CVE-2019-7617,0.01055,0.50287
CVE-2019-7618,0.00885,0.26162
CVE-2019-7619,0.00954,0.34522
CVE-2019-7620,0.00954,0.34522
CVE-2019-7621,0.00885,0.26162
CVE-2019-7628,0.01018,0.38792
CVE-2019-7629,0.05634,0.89764
CVE-2019-7630,0.0144,0.7265
CVE-2019-7632,0.01055,0.50287
CVE-2019-7634,0.00885,0.26162
CVE-2019-7635,0.02686,0.82061
CVE-2019-7636,0.02686,0.82061
CVE-2019-7637,0.02686,0.82061
CVE-2019-7638,0.02686,0.82061
CVE-2019-7639,0.00885,0.26162
CVE-2019-7644,0.00885,0.26162
CVE-2019-7646,0.02192,0.80195
CVE-2019-7648,0.00885,0.26162
CVE-2019-7649,0.00885,0.26162
CVE-2019-7651,0.06332,0.90498
CVE-2019-7652,0.07308,0.9216
CVE-2019-7653,0.01018,0.38792
CVE-2019-7654,0.01018,0.38792
CVE-2019-7655,0.0095,0.30554
CVE-2019-7656,0.0095,0.30554
CVE-2019-7659,0.00954,0.34522
CVE-2019-7660,0.00885,0.26162
CVE-2019-7661,0.00885,0.26162
CVE-2019-7662,0.01055,0.50287
CVE-2019-7663,0.01408,0.72072
CVE-2019-7664,0.00954,0.34522
CVE-2019-7665,0.01183,0.60428
CVE-2019-7666,0.07308,0.9216
CVE-2019-7667,0.01018,0.38792
CVE-2019-7668,0.00885,0.26162
CVE-2019-7669,0.01213,0.6557
CVE-2019-7670,0.07308,0.9216
CVE-2019-7671,0.0968,0.94003
CVE-2019-7672,0.01018,0.38792
CVE-2019-7673,0.00885,0.26162
CVE-2019-7674,0.00885,0.26162
CVE-2019-7675,0.00885,0.26162
CVE-2019-7676,0.0089,0.2856
CVE-2019-7677,0.00885,0.26162
CVE-2019-7678,0.00885,0.26162
CVE-2019-7684,0.00885,0.26162
CVE-2019-7687,0.01018,0.38792
CVE-2019-7690,0.00885,0.26162
CVE-2019-7692,0.01055,0.50287
CVE-2019-7693,0.00885,0.26162
CVE-2019-7697,0.00885,0.26162
CVE-2019-7698,0.00885,0.26162
CVE-2019-7699,0.01055,0.50287
CVE-2019-7700,0.00885,0.26162
CVE-2019-7701,0.00885,0.26162
CVE-2019-7702,0.00885,0.26162
CVE-2019-7703,0.01055,0.50287
CVE-2019-7704,0.00885,0.26162
CVE-2019-7711,0.00885,0.26162
CVE-2019-7712,0.00885,0.26162
CVE-2019-7713,0.00885,0.26162
CVE-2019-7714,0.00885,0.26162
CVE-2019-7715,0.00885,0.26162
CVE-2019-7718,0.00885,0.26162
CVE-2019-7719,0.00885,0.26162
CVE-2019-7720,0.00885,0.26162
CVE-2019-7721,0.00885,0.26162
CVE-2019-7722,0.00885,0.26162
CVE-2019-7725,0.01018,0.38792
CVE-2019-7726,0.01018,0.38792
CVE-2019-7727,0.05634,0.89764
CVE-2019-7728,0.00885,0.26162
CVE-2019-7729,0.00885,0.26162
CVE-2019-7730,0.00885,0.26162
CVE-2019-7732,0.00885,0.26162
CVE-2019-7733,0.00885,0.26162
CVE-2019-7736,0.00885,0.26162
CVE-2019-7737,0.00885,0.26162
CVE-2019-7738,0.00885,0.26162
CVE-2019-7739,0.00885,0.26162
CVE-2019-7740,0.00885,0.26162
CVE-2019-7741,0.00885,0.26162
CVE-2019-7742,0.00885,0.26162
CVE-2019-7743,0.00885,0.26162
CVE-2019-7744,0.00885,0.26162
CVE-2019-7745,0.01136,0.57949
CVE-2019-7746,0.01055,0.50287
CVE-2019-7747,0.00885,0.26162
CVE-2019-7748,0.00885,0.26162
CVE-2019-7751,0.05365,0.89438
CVE-2019-7753,0.00885,0.26162
CVE-2019-7755,0.02199,0.80273
CVE-2019-7758,0.01126,0.53553
CVE-2019-7759,0.03097,0.83065
CVE-2019-7760,0.03097,0.83065
CVE-2019-7761,0.03097,0.83065
CVE-2019-7762,0.01783,0.75945
CVE-2019-7763,0.01783,0.75945
CVE-2019-7764,0.01783,0.75945
CVE-2019-7765,0.01783,0.75945
CVE-2019-7766,0.01783,0.75945
CVE-2019-7767,0.01783,0.75945
CVE-2019-7768,0.01282,0.66661
CVE-2019-7769,0.01046,0.41635
CVE-2019-7770,0.01046,0.41635
CVE-2019-7771,0.01046,0.41635
CVE-2019-7772,0.01783,0.75945
CVE-2019-7773,0.01046,0.41635
CVE-2019-7774,0.01046,0.41635
CVE-2019-7775,0.01046,0.41635
CVE-2019-7776,0.01046,0.41635
CVE-2019-7777,0.01046,0.41635
CVE-2019-7778,0.01046,0.41635
CVE-2019-7779,0.01783,0.75945
CVE-2019-7780,0.01046,0.41635
CVE-2019-7781,0.01783,0.75945
CVE-2019-7782,0.01282,0.66661
CVE-2019-7783,0.01783,0.75945
CVE-2019-7784,0.01783,0.75945
CVE-2019-7785,0.03097,0.83065
CVE-2019-7786,0.03097,0.83065
CVE-2019-7787,0.01126,0.53553
CVE-2019-7788,0.01783,0.75945
CVE-2019-7789,0.01046,0.41635
CVE-2019-7790,0.01046,0.41635
CVE-2019-7791,0.01783,0.75945
CVE-2019-7792,0.01783,0.75945
CVE-2019-7793,0.01046,0.41635
CVE-2019-7794,0.01126,0.53553
CVE-2019-7795,0.01046,0.41635
CVE-2019-7796,0.03097,0.83065
CVE-2019-7797,0.03097,0.83065
CVE-2019-7798,0.01126,0.53553
CVE-2019-7799,0.01126,0.53553
CVE-2019-7800,0.03097,0.83065
CVE-2019-7801,0.01126,0.53553
CVE-2019-7802,0.01126,0.53553
CVE-2019-7803,0.01126,0.53553
CVE-2019-7804,0.03097,0.83065
CVE-2019-7805,0.01783,0.75945
CVE-2019-7806,0.01783,0.75945
CVE-2019-7807,0.01783,0.75945
CVE-2019-7808,0.01783,0.75945
CVE-2019-7809,0.03097,0.83065
CVE-2019-7810,0.01126,0.53553
CVE-2019-7811,0.01046,0.41635
CVE-2019-7812,0.01046,0.41635
CVE-2019-7813,0.01046,0.41635
CVE-2019-7814,0.03097,0.83065
CVE-2019-7815,0.01046,0.41635
CVE-2019-7816,0.01579,0.74478
CVE-2019-7817,0.03097,0.83065
CVE-2019-7818,0.03097,0.83065
CVE-2019-7820,0.03097,0.83065
CVE-2019-7821,0.03097,0.83065
CVE-2019-7822,0.03097,0.83065
CVE-2019-7823,0.03097,0.83065
CVE-2019-7824,0.03097,0.83065
CVE-2019-7825,0.03097,0.83065
CVE-2019-7826,0.01126,0.53553
CVE-2019-7827,0.03097,0.83065
CVE-2019-7828,0.03097,0.83065
CVE-2019-7829,0.03097,0.83065
CVE-2019-7830,0.03097,0.83065
CVE-2019-7831,0.03097,0.83065
CVE-2019-7832,0.01282,0.66661
CVE-2019-7833,0.01783,0.75945
CVE-2019-7834,0.01783,0.75945
CVE-2019-7835,0.01783,0.75945
CVE-2019-7836,0.01046,0.41635
CVE-2019-7837,0.03097,0.83065
CVE-2019-7838,0.01282,0.66661
CVE-2019-7840,0.01282,0.66661
CVE-2019-7841,0.01046,0.41635
CVE-2019-7842,0.04836,0.88802
CVE-2019-7843,0.01046,0.41635
CVE-2019-7844,0.01126,0.53553
CVE-2019-7845,0.03097,0.83065
CVE-2019-7846,0.01046,0.41635
CVE-2019-7847,0.01046,0.41635
CVE-2019-7848,0.01046,0.41635
CVE-2019-7849,0.00885,0.26162
CVE-2019-7850,0.01282,0.66661
CVE-2019-7851,0.00885,0.26162
CVE-2019-7852,0.00885,0.26162
CVE-2019-7853,0.00885,0.26162
CVE-2019-7854,0.00885,0.26162
CVE-2019-7855,0.00885,0.26162
CVE-2019-7857,0.00885,0.26162
CVE-2019-7858,0.00885,0.26162
CVE-2019-7859,0.00885,0.26162
CVE-2019-7860,0.00885,0.26162
CVE-2019-7861,0.00885,0.26162
CVE-2019-7862,0.00885,0.26162
CVE-2019-7863,0.00885,0.26162
CVE-2019-7864,0.00885,0.26162
CVE-2019-7865,0.00885,0.26162
CVE-2019-7866,0.00885,0.26162
CVE-2019-7867,0.00885,0.26162
CVE-2019-7868,0.00885,0.26162
CVE-2019-7869,0.00885,0.26162
CVE-2019-7870,0.01223,0.65839
CVE-2019-7871,0.00885,0.26162
CVE-2019-7872,0.00885,0.26162
CVE-2019-7873,0.00885,0.26162
CVE-2019-7874,0.00885,0.26162
CVE-2019-7875,0.00885,0.26162
CVE-2019-7876,0.01156,0.60033
CVE-2019-7877,0.00885,0.26162
CVE-2019-7880,0.00885,0.26162
CVE-2019-7881,0.00885,0.26162
CVE-2019-7882,0.00885,0.26162
CVE-2019-7885,0.01156,0.60033
CVE-2019-7886,0.00885,0.26162
CVE-2019-7887,0.00885,0.26162
CVE-2019-7888,0.00885,0.26162
CVE-2019-7889,0.00885,0.26162
CVE-2019-7890,0.00885,0.26162
CVE-2019-7892,0.01156,0.60033
CVE-2019-7895,0.01156,0.60033
CVE-2019-7896,0.01156,0.60033
CVE-2019-7897,0.00885,0.26162
CVE-2019-7898,0.00885,0.26162
CVE-2019-7899,0.00885,0.26162
CVE-2019-7903,0.01156,0.60033
CVE-2019-7904,0.00885,0.26162
CVE-2019-7908,0.00885,0.26162
CVE-2019-7909,0.00885,0.26162
CVE-2019-7911,0.01086,0.51674
CVE-2019-7912,0.01338,0.70562
CVE-2019-7913,0.01086,0.51674
CVE-2019-7915,0.00885,0.26162
CVE-2019-7921,0.00885,0.26162
CVE-2019-7923,0.01086,0.51674
CVE-2019-7925,0.00885,0.26162
CVE-2019-7926,0.00885,0.26162
CVE-2019-7927,0.00885,0.26162
CVE-2019-7928,0.00885,0.26162
CVE-2019-7929,0.00885,0.26162
CVE-2019-7930,0.01338,0.70562
CVE-2019-7931,0.01223,0.65839
CVE-2019-7932,0.01156,0.60033
CVE-2019-7934,0.00885,0.26162
CVE-2019-7935,0.00885,0.26162
CVE-2019-7936,0.00885,0.26162
CVE-2019-7937,0.00885,0.26162
CVE-2019-7938,0.00885,0.26162
CVE-2019-7939,0.01086,0.51674
CVE-2019-7940,0.00885,0.26162
CVE-2019-7941,0.01046,0.41635
CVE-2019-7942,0.01156,0.60033
CVE-2019-7944,0.00885,0.26162
CVE-2019-7945,0.00885,0.26162
CVE-2019-7947,0.00885,0.26162
CVE-2019-7950,0.00885,0.26162
CVE-2019-7951,0.00885,0.26162
CVE-2019-7953,0.01046,0.41635
CVE-2019-7954,0.01046,0.41635
CVE-2019-7955,0.01046,0.41635
CVE-2019-7956,0.01046,0.41635
CVE-2019-7957,0.01046,0.41635
CVE-2019-7958,0.01046,0.41635
CVE-2019-7959,0.01282,0.66661
CVE-2019-7960,0.01046,0.41635
CVE-2019-7961,0.01223,0.65839
CVE-2019-7962,0.01046,0.41635
CVE-2019-7963,0.01046,0.41635
CVE-2019-7964,0.01156,0.60033
CVE-2019-7965,0.01282,0.66661
CVE-2019-7968,0.01282,0.66661
CVE-2019-7969,0.01282,0.66661
CVE-2019-7970,0.01282,0.66661
CVE-2019-7971,0.01282,0.66661
CVE-2019-7972,0.01282,0.66661
CVE-2019-7973,0.01282,0.66661
CVE-2019-7974,0.01282,0.66661
CVE-2019-7975,0.01282,0.66661
CVE-2019-7976,0.01282,0.66661
CVE-2019-7977,0.01046,0.41635
CVE-2019-7978,0.01282,0.66661
CVE-2019-7979,0.01282,0.66661
CVE-2019-7980,0.01282,0.66661
CVE-2019-7981,0.01046,0.41635
CVE-2019-7982,0.01282,0.66661
CVE-2019-7983,0.01282,0.66661
CVE-2019-7984,0.01282,0.66661
CVE-2019-7985,0.01282,0.66661
CVE-2019-7986,0.01282,0.66661
CVE-2019-7987,0.01046,0.41635
CVE-2019-7988,0.01282,0.66661
CVE-2019-7989,0.03989,0.8527
CVE-2019-7990,0.01282,0.66661
CVE-2019-7991,0.01046,0.41635
CVE-2019-7992,0.01282,0.66661
CVE-2019-7993,0.01282,0.66661
CVE-2019-7994,0.01282,0.66661
CVE-2019-7995,0.01046,0.41635
CVE-2019-7996,0.01046,0.41635
CVE-2019-7997,0.01282,0.66661
CVE-2019-7998,0.01282,0.66661
CVE-2019-7999,0.01046,0.41635
CVE-2019-8000,0.01046,0.41635
CVE-2019-8001,0.01282,0.66661
CVE-2019-8002,0.01046,0.41635
CVE-2019-8003,0.01282,0.66661
CVE-2019-8004,0.01046,0.41635
CVE-2019-8005,0.01046,0.41635
CVE-2019-8006,0.01282,0.66661
CVE-2019-8007,0.01046,0.41635
CVE-2019-8008,0.01282,0.66661
CVE-2019-8009,0.01282,0.66661
CVE-2019-8010,0.01046,0.41635
CVE-2019-8011,0.01046,0.41635
CVE-2019-8012,0.01046,0.41635
CVE-2019-8013,0.01282,0.66661
CVE-2019-8015,0.01282,0.66661
CVE-2019-8016,0.06473,0.90624
CVE-2019-8017,0.06473,0.90624
CVE-2019-8018,0.01046,0.41635
CVE-2019-8019,0.01282,0.66661
CVE-2019-8020,0.01046,0.41635
CVE-2019-8021,0.01046,0.41635
CVE-2019-8022,0.01282,0.66661
CVE-2019-8023,0.01282,0.66661
CVE-2019-8024,0.06473,0.90624
CVE-2019-8025,0.01282,0.66661
CVE-2019-8026,0.01282,0.66661
CVE-2019-8027,0.01282,0.66661
CVE-2019-8028,0.01282,0.66661
CVE-2019-8029,0.01282,0.66661
CVE-2019-8030,0.01282,0.66661
CVE-2019-8031,0.01282,0.66661
CVE-2019-8032,0.01046,0.41635
CVE-2019-8033,0.01282,0.66661
CVE-2019-8034,0.01282,0.66661
CVE-2019-8035,0.01046,0.41635
CVE-2019-8036,0.01282,0.66661
CVE-2019-8037,0.01046,0.41635
CVE-2019-8038,0.01282,0.66661
CVE-2019-8039,0.01282,0.66661
CVE-2019-8040,0.01046,0.41635
CVE-2019-8041,0.06136,0.9019
CVE-2019-8042,0.06136,0.9019
CVE-2019-8043,0.10552,0.94394
CVE-2019-8044,0.06473,0.90624
CVE-2019-8045,0.06473,0.90624
CVE-2019-8046,0.06136,0.9019
CVE-2019-8047,0.01282,0.66661
CVE-2019-8048,0.06473,0.90624
CVE-2019-8049,0.06136,0.9019
CVE-2019-8050,0.06136,0.9019
CVE-2019-8051,0.01282,0.66661
CVE-2019-8052,0.01046,0.41635
CVE-2019-8053,0.01282,0.66661
CVE-2019-8054,0.01282,0.66661
CVE-2019-8055,0.01282,0.66661
CVE-2019-8056,0.01282,0.66661
CVE-2019-8057,0.01282,0.66661
CVE-2019-8058,0.01282,0.66661
CVE-2019-8059,0.01282,0.66661
CVE-2019-8060,0.01282,0.66661
CVE-2019-8061,0.01282,0.66661
CVE-2019-8062,0.01223,0.65839
CVE-2019-8063,0.01046,0.41635
CVE-2019-8064,0.01046,0.41635
CVE-2019-8066,0.01223,0.65839
CVE-2019-8069,0.01783,0.75945
CVE-2019-8070,0.01783,0.75945
CVE-2019-8071,0.01046,0.41635
CVE-2019-8072,0.01046,0.41635
CVE-2019-8073,0.01282,0.66661
CVE-2019-8074,0.01046,0.41635
CVE-2019-8075,0.01308,0.67354
CVE-2019-8076,0.01223,0.65839
CVE-2019-8077,0.01046,0.41635
CVE-2019-8078,0.01046,0.41635
CVE-2019-8079,0.01046,0.41635
CVE-2019-8080,0.01046,0.41635
CVE-2019-8081,0.01046,0.41635
CVE-2019-8082,0.01046,0.41635
CVE-2019-8083,0.01046,0.41635
CVE-2019-8084,0.01046,0.41635
CVE-2019-8085,0.01046,0.41635
CVE-2019-8086,0.01046,0.41635
CVE-2019-8087,0.01046,0.41635
CVE-2019-8088,0.01282,0.66661
CVE-2019-8089,0.01046,0.41635
CVE-2019-8090,0.00885,0.26162
CVE-2019-8092,0.00885,0.26162
CVE-2019-8093,0.00885,0.26162
CVE-2019-8094,0.01046,0.41635
CVE-2019-8095,0.01046,0.41635
CVE-2019-8096,0.01046,0.41635
CVE-2019-8097,0.01046,0.41635
CVE-2019-8098,0.01282,0.66661
CVE-2019-8099,0.01046,0.41635
CVE-2019-8100,0.01282,0.66661
CVE-2019-8101,0.01046,0.41635
CVE-2019-8102,0.01046,0.41635
CVE-2019-8103,0.01046,0.41635
CVE-2019-8104,0.01046,0.41635
CVE-2019-8105,0.01046,0.41635
CVE-2019-8106,0.01046,0.41635
CVE-2019-8107,0.00885,0.26162
CVE-2019-8108,0.00885,0.26162
CVE-2019-8109,0.01156,0.60033
CVE-2019-8110,0.01156,0.60033
CVE-2019-8111,0.01156,0.60033
CVE-2019-8112,0.00885,0.26162
CVE-2019-8113,0.00885,0.26162
CVE-2019-8114,0.01424,0.72364
CVE-2019-8115,0.00885,0.26162
CVE-2019-8116,0.00885,0.26162
CVE-2019-8117,0.00885,0.26162
CVE-2019-8118,0.00885,0.26162
CVE-2019-8119,0.01156,0.60033
CVE-2019-8120,0.00885,0.26162
CVE-2019-8121,0.00885,0.26162
CVE-2019-8122,0.01156,0.60033
CVE-2019-8123,0.00885,0.26162
CVE-2019-8124,0.00885,0.26162
CVE-2019-8125,0.01156,0.60033
CVE-2019-8126,0.00885,0.26162
CVE-2019-8127,0.00885,0.26162
CVE-2019-8128,0.00885,0.26162
CVE-2019-8129,0.00885,0.26162
CVE-2019-8130,0.00885,0.26162
CVE-2019-8131,0.00885,0.26162
CVE-2019-8132,0.00885,0.26162
CVE-2019-8133,0.00885,0.26162
CVE-2019-8134,0.00885,0.26162
CVE-2019-8135,0.01156,0.60033
CVE-2019-8136,0.00885,0.26162
CVE-2019-8137,0.01156,0.60033
CVE-2019-8138,0.00885,0.26162
CVE-2019-8139,0.00885,0.26162
CVE-2019-8140,0.00885,0.26162
CVE-2019-8141,0.01156,0.60033
CVE-2019-8142,0.00885,0.26162
CVE-2019-8143,0.00885,0.26162
CVE-2019-8144,0.01156,0.60033
CVE-2019-8145,0.00885,0.26162
CVE-2019-8146,0.00885,0.26162
CVE-2019-8147,0.00885,0.26162
CVE-2019-8148,0.00885,0.26162
CVE-2019-8149,0.00885,0.26162
CVE-2019-8150,0.01156,0.60033
CVE-2019-8151,0.01156,0.60033
CVE-2019-8152,0.00885,0.26162
CVE-2019-8153,0.00885,0.26162
CVE-2019-8154,0.01156,0.60033
CVE-2019-8155,0.00885,0.26162
CVE-2019-8156,0.01156,0.60033
CVE-2019-8157,0.00885,0.26162
CVE-2019-8158,0.00885,0.26162
CVE-2019-8159,0.01156,0.60033
CVE-2019-8160,0.01046,0.41635
CVE-2019-8161,0.01282,0.66661
CVE-2019-8162,0.01282,0.66661
CVE-2019-8163,0.01046,0.41635
CVE-2019-8164,0.01046,0.41635
CVE-2019-8165,0.01282,0.66661
CVE-2019-8166,0.01282,0.66661
CVE-2019-8167,0.01282,0.66661
CVE-2019-8168,0.01046,0.41635
CVE-2019-8169,0.01282,0.66661
CVE-2019-8170,0.01282,0.66661
CVE-2019-8171,0.01282,0.66661
CVE-2019-8172,0.01046,0.41635
CVE-2019-8173,0.01046,0.41635
CVE-2019-8174,0.01282,0.66661
CVE-2019-8175,0.01282,0.66661
CVE-2019-8176,0.01282,0.66661
CVE-2019-8177,0.01282,0.66661
CVE-2019-8178,0.01282,0.66661
CVE-2019-8179,0.01282,0.66661
CVE-2019-8180,0.01282,0.66661
CVE-2019-8181,0.01282,0.66661
CVE-2019-8182,0.01046,0.41635
CVE-2019-8183,0.01282,0.66661
CVE-2019-8184,0.01046,0.41635
CVE-2019-8185,0.01046,0.41635
CVE-2019-8186,0.01282,0.66661
CVE-2019-8187,0.01282,0.66661
CVE-2019-8188,0.01282,0.66661
CVE-2019-8189,0.01046,0.41635
CVE-2019-8190,0.01046,0.41635
CVE-2019-8191,0.01282,0.66661
CVE-2019-8192,0.01282,0.66661
CVE-2019-8193,0.01046,0.41635
CVE-2019-8194,0.01046,0.41635
CVE-2019-8195,0.11783,0.94949
CVE-2019-8196,0.11783,0.94949
CVE-2019-8197,0.06136,0.9019
CVE-2019-8198,0.01046,0.41635
CVE-2019-8199,0.01282,0.66661
CVE-2019-8200,0.01282,0.66661
CVE-2019-8201,0.01046,0.41635
CVE-2019-8202,0.01046,0.41635
CVE-2019-8203,0.01282,0.66661
CVE-2019-8204,0.01046,0.41635
CVE-2019-8205,0.01282,0.66661
CVE-2019-8206,0.01282,0.66661
CVE-2019-8207,0.01046,0.41635
CVE-2019-8208,0.01282,0.66661
CVE-2019-8209,0.01282,0.66661
CVE-2019-8210,0.01282,0.66661
CVE-2019-8211,0.01282,0.66661
CVE-2019-8212,0.01282,0.66661
CVE-2019-8213,0.01282,0.66661
CVE-2019-8214,0.01282,0.66661
CVE-2019-8215,0.01282,0.66661
CVE-2019-8216,0.01046,0.41635
CVE-2019-8217,0.01282,0.66661
CVE-2019-8218,0.01046,0.41635
CVE-2019-8219,0.01282,0.66661
CVE-2019-8220,0.01282,0.66661
CVE-2019-8221,0.01282,0.66661
CVE-2019-8222,0.01046,0.41635
CVE-2019-8223,0.01282,0.66661
CVE-2019-8224,0.01282,0.66661
CVE-2019-8225,0.01282,0.66661
CVE-2019-8226,0.01046,0.41635
CVE-2019-8227,0.00885,0.26162
CVE-2019-8228,0.00885,0.26162
CVE-2019-8229,0.01086,0.51674
CVE-2019-8230,0.01086,0.51674
CVE-2019-8231,0.01086,0.51674
CVE-2019-8232,0.01086,0.51674
CVE-2019-8233,0.00885,0.26162
CVE-2019-8234,0.01046,0.41635
CVE-2019-8235,0.00885,0.26162
CVE-2019-8236,0.01046,0.41635
CVE-2019-8237,0.01046,0.41635
CVE-2019-8238,0.01046,0.41635
CVE-2019-8239,0.01046,0.41635
CVE-2019-8240,0.01046,0.41635
CVE-2019-8241,0.01046,0.41635
CVE-2019-8242,0.01046,0.41635
CVE-2019-8243,0.01046,0.41635
CVE-2019-8244,0.01046,0.41635
CVE-2019-8246,0.01282,0.66661
CVE-2019-8247,0.01282,0.66661
CVE-2019-8248,0.01282,0.66661
CVE-2019-8249,0.01223,0.65839
CVE-2019-8250,0.01223,0.65839
CVE-2019-8251,0.01046,0.41635
CVE-2019-8252,0.01046,0.41635
CVE-2019-8253,0.01223,0.65839
CVE-2019-8254,0.01223,0.65839
CVE-2019-8255,0.01282,0.66661
CVE-2019-8256,0.01046,0.41635
CVE-2019-8257,0.01282,0.66661
CVE-2019-8258,0.02509,0.81058
CVE-2019-8259,0.01108,0.53389
CVE-2019-8260,0.01108,0.53389
CVE-2019-8261,0.01108,0.53389
CVE-2019-8262,0.02762,0.82156
CVE-2019-8263,0.01108,0.53389
CVE-2019-8264,0.02762,0.82156
CVE-2019-8265,0.02762,0.82156
CVE-2019-8266,0.02509,0.81058
CVE-2019-8267,0.00954,0.34522
CVE-2019-8268,0.02509,0.81058
CVE-2019-8269,0.00954,0.34522
CVE-2019-8270,0.00954,0.34522
CVE-2019-8271,0.02509,0.81058
CVE-2019-8272,0.02509,0.81058
CVE-2019-8273,0.02509,0.81058
CVE-2019-8274,0.02509,0.81058
CVE-2019-8275,0.01319,0.70416
CVE-2019-8276,0.00954,0.34522
CVE-2019-8277,0.01108,0.53389
CVE-2019-8278,0.01689,0.75137
CVE-2019-8279,0.01055,0.50287
CVE-2019-8280,0.02762,0.82156
CVE-2019-8282,0.00885,0.26162
CVE-2019-8283,0.00885,0.26162
CVE-2019-8285,0.0144,0.7265
CVE-2019-8286,0.00885,0.26162
CVE-2019-8287,0.02509,0.81058
CVE-2019-8288,0.0089,0.2856
CVE-2019-8289,0.0089,0.2856
CVE-2019-8290,0.00954,0.34522
CVE-2019-8291,0.00954,0.34522
CVE-2019-8292,0.01018,0.38792
CVE-2019-8293,0.0144,0.7265
CVE-2019-8308,0.0095,0.30554
CVE-2019-8312,0.01156,0.60033
CVE-2019-8313,0.01156,0.60033
CVE-2019-8314,0.01156,0.60033
CVE-2019-8315,0.01156,0.60033
CVE-2019-8316,0.01156,0.60033
CVE-2019-8317,0.01156,0.60033
CVE-2019-8318,0.01156,0.60033
CVE-2019-8319,0.01156,0.60033
CVE-2019-8321,0.00954,0.34522
CVE-2019-8322,0.00954,0.34522
CVE-2019-8323,0.00954,0.34522
CVE-2019-8324,0.01018,0.38792
CVE-2019-8325,0.00954,0.34522
CVE-2019-8334,0.00885,0.26162
CVE-2019-8335,0.00885,0.26162
CVE-2019-8336,0.00885,0.26162
CVE-2019-8337,0.00954,0.34522
CVE-2019-8338,0.01319,0.70416
CVE-2019-8339,0.0095,0.30554
CVE-2019-8341,0.10212,0.94357
CVE-2019-8342,0.00885,0.26162
CVE-2019-8343,0.00885,0.26162
CVE-2019-8345,0.00885,0.26162
CVE-2019-8346,0.00885,0.26162
CVE-2019-8347,0.00885,0.26162
CVE-2019-8349,0.01136,0.57949
CVE-2019-8350,0.00885,0.26162
CVE-2019-8351,0.01055,0.50287
CVE-2019-8352,0.01086,0.51674
CVE-2019-8354,0.0095,0.30554
CVE-2019-8355,0.01018,0.38792
CVE-2019-8356,0.01018,0.38792
CVE-2019-8357,0.01018,0.38792
CVE-2019-8358,0.01055,0.50287
CVE-2019-8359,0.00954,0.34522
CVE-2019-8360,0.00885,0.26162
CVE-2019-8361,0.00885,0.26162
CVE-2019-8362,0.00885,0.26162
CVE-2019-8363,0.00885,0.26162
CVE-2019-8368,0.00885,0.26162
CVE-2019-8371,0.01086,0.51674
CVE-2019-8372,0.0089,0.2856
CVE-2019-8375,0.108,0.94438
CVE-2019-8376,0.01108,0.53389
CVE-2019-8377,0.01183,0.60428
CVE-2019-8378,0.00885,0.26162
CVE-2019-8379,0.01018,0.38792
CVE-2019-8380,0.00885,0.26162
CVE-2019-8381,0.01018,0.38792
CVE-2019-8382,0.00885,0.26162
CVE-2019-8383,0.01018,0.38792
CVE-2019-8385,0.05365,0.89438
CVE-2019-8387,0.12753,0.95373
CVE-2019-8390,0.02173,0.80027
CVE-2019-8391,0.02173,0.80027
CVE-2019-8392,0.01055,0.50287
CVE-2019-8393,0.00885,0.26162
CVE-2019-8394,0.08078,0.93055
CVE-2019-8395,0.00885,0.26162
CVE-2019-8396,0.00885,0.26162
CVE-2019-8397,0.00885,0.26162
CVE-2019-8398,0.00885,0.26162
CVE-2019-8400,0.01018,0.38792
CVE-2019-8404,0.07308,0.9216
CVE-2019-8407,0.00885,0.26162
CVE-2019-8408,0.01055,0.50287
CVE-2019-8410,0.00885,0.26162
CVE-2019-8411,0.01055,0.50287
CVE-2019-8412,0.01055,0.50287
CVE-2019-8413,0.00885,0.26162
CVE-2019-8418,0.00885,0.26162
CVE-2019-8419,0.00885,0.26162
CVE-2019-8421,0.00885,0.26162
CVE-2019-8422,0.00885,0.26162
CVE-2019-8423,0.00885,0.26162
CVE-2019-8424,0.00885,0.26162
CVE-2019-8425,0.00885,0.26162
CVE-2019-8426,0.00885,0.26162
CVE-2019-8427,0.02055,0.7893
CVE-2019-8428,0.00885,0.26162
CVE-2019-8429,0.00885,0.26162
CVE-2019-8432,0.00885,0.26162
CVE-2019-8433,0.00885,0.26162
CVE-2019-8434,0.00885,0.26162
CVE-2019-8435,0.00885,0.26162
CVE-2019-8436,0.00885,0.26162
CVE-2019-8437,0.00885,0.26162
CVE-2019-8438,0.00885,0.26162
CVE-2019-8439,0.00885,0.26162
CVE-2019-8440,0.00885,0.26162
CVE-2019-8443,0.01055,0.50287
CVE-2019-8444,0.01055,0.50287
CVE-2019-8445,0.01055,0.50287
CVE-2019-8447,0.01055,0.50287
CVE-2019-8448,0.01055,0.50287
CVE-2019-8450,0.01055,0.50287
CVE-2019-8452,0.01832,0.76196
CVE-2019-8453,0.00885,0.26162
CVE-2019-8454,0.00885,0.26162
CVE-2019-8455,0.00885,0.26162
CVE-2019-8456,0.00885,0.26162
CVE-2019-8457,0.02686,0.82061
CVE-2019-8458,0.01086,0.51674
CVE-2019-8459,0.00885,0.26162
CVE-2019-8460,0.01018,0.38792
CVE-2019-8461,0.00885,0.26162
CVE-2019-8462,0.00885,0.26162
CVE-2019-8463,0.00885,0.26162
CVE-2019-8502,0.01018,0.38792
CVE-2019-8503,0.01018,0.38792
CVE-2019-8504,0.00885,0.26162
CVE-2019-8505,0.00885,0.26162
CVE-2019-8506,0.10984,0.94489
CVE-2019-8507,0.00885,0.26162
CVE-2019-8508,0.01036,0.41241
CVE-2019-8509,0.00885,0.26162
CVE-2019-8510,0.0095,0.30554
CVE-2019-8511,0.00954,0.34522
CVE-2019-8512,0.00885,0.26162
CVE-2019-8514,0.02362,0.80685
CVE-2019-8515,0.01018,0.38792
CVE-2019-8516,0.01018,0.38792
CVE-2019-8517,0.01018,0.38792
CVE-2019-8518,0.15945,0.95891
CVE-2019-8519,0.00885,0.26162
CVE-2019-8520,0.00885,0.26162
CVE-2019-8521,0.00885,0.26162
CVE-2019-8522,0.00885,0.26162
CVE-2019-8523,0.01843,0.76237
CVE-2019-8524,0.01843,0.76237
CVE-2019-8525,0.01237,0.66358
CVE-2019-8526,0.00885,0.26162
CVE-2019-8527,0.01213,0.6557
CVE-2019-8528,0.01237,0.66358
CVE-2019-8529,0.01005,0.36332
CVE-2019-8530,0.00954,0.34522
CVE-2019-8531,0.00954,0.34522
CVE-2019-8532,0.00885,0.26162
CVE-2019-8533,0.00885,0.26162
CVE-2019-8534,0.01036,0.41241
CVE-2019-8535,0.01843,0.76237
CVE-2019-8536,0.02031,0.78519
CVE-2019-8537,0.00885,0.26162
CVE-2019-8538,0.00954,0.34522
CVE-2019-8539,0.01036,0.41241
CVE-2019-8541,0.00885,0.26162
CVE-2019-8542,0.01108,0.53389
CVE-2019-8544,0.02031,0.78519
CVE-2019-8545,0.0095,0.30554
CVE-2019-8546,0.0089,0.2856
CVE-2019-8547,0.01213,0.6557
CVE-2019-8548,0.00885,0.26162
CVE-2019-8549,0.01237,0.66358
CVE-2019-8550,0.00954,0.34522
CVE-2019-8551,0.01018,0.38792
CVE-2019-8552,0.01018,0.38792
CVE-2019-8553,0.01843,0.76237
CVE-2019-8554,0.00885,0.26162
CVE-2019-8555,0.01036,0.41241
CVE-2019-8556,0.01843,0.76237
CVE-2019-8558,0.15945,0.95891
CVE-2019-8559,0.02031,0.78519
CVE-2019-8560,0.01018,0.38792
CVE-2019-8562,0.01018,0.38792
CVE-2019-8563,0.02031,0.78519
CVE-2019-8564,0.00885,0.26162
CVE-2019-8566,0.00885,0.26162
CVE-2019-8567,0.00885,0.26162
CVE-2019-8568,0.0095,0.30554
CVE-2019-8569,0.01005,0.36332
CVE-2019-8570,0.01018,0.38792
CVE-2019-8571,0.02031,0.78519
CVE-2019-8572,0.01978,0.78447
CVE-2019-8573,0.01136,0.57949
CVE-2019-8574,0.01237,0.66358
CVE-2019-8575,0.00885,0.26162
CVE-2019-8576,0.0095,0.30554
CVE-2019-8577,0.01183,0.60428
CVE-2019-8578,0.01978,0.78447
CVE-2019-8579,0.00885,0.26162
CVE-2019-8580,0.00885,0.26162
CVE-2019-8581,0.01055,0.50287
CVE-2019-8582,0.01018,0.38792
CVE-2019-8583,0.02166,0.79205
CVE-2019-8584,0.02031,0.78519
CVE-2019-8585,0.01843,0.76237
CVE-2019-8586,0.02031,0.78519
CVE-2019-8587,0.02031,0.78519
CVE-2019-8588,0.01055,0.50287
CVE-2019-8589,0.00885,0.26162
CVE-2019-8590,0.01036,0.41241
CVE-2019-8592,0.01455,0.72673
CVE-2019-8593,0.01237,0.66358
CVE-2019-8594,0.02031,0.78519
CVE-2019-8595,0.02031,0.78519
CVE-2019-8596,0.02031,0.78519
CVE-2019-8597,0.02031,0.78519
CVE-2019-8598,0.01183,0.60428
CVE-2019-8599,0.00885,0.26162
CVE-2019-8600,0.02166,0.79205
CVE-2019-8602,0.01183,0.60428
CVE-2019-8603,0.00885,0.26162
CVE-2019-8604,0.01036,0.41241
CVE-2019-8606,0.00885,0.26162
CVE-2019-8607,0.01183,0.60428
CVE-2019-8608,0.02031,0.78519
CVE-2019-8609,0.02031,0.78519
CVE-2019-8610,0.02031,0.78519
CVE-2019-8611,0.15945,0.95891
CVE-2019-8612,0.0095,0.30554
CVE-2019-8613,0.07176,0.91936
CVE-2019-8615,0.02031,0.78519
CVE-2019-8616,0.01036,0.41241
CVE-2019-8617,0.00885,0.26162
CVE-2019-8618,0.00954,0.34522
CVE-2019-8619,0.02031,0.78519
CVE-2019-8620,0.00954,0.34522
CVE-2019-8622,0.20507,0.96284
CVE-2019-8623,0.20507,0.96284
CVE-2019-8624,0.08382,0.93597
CVE-2019-8625,0.01018,0.38792
CVE-2019-8626,0.00885,0.26162
CVE-2019-8628,0.02031,0.78519
CVE-2019-8629,0.01036,0.41241
CVE-2019-8630,0.00885,0.26162
CVE-2019-8631,0.00954,0.34522
CVE-2019-8632,0.0089,0.2856
CVE-2019-8633,0.01018,0.38792
CVE-2019-8634,0.00885,0.26162
CVE-2019-8635,0.01036,0.41241
CVE-2019-8637,0.00954,0.34522
CVE-2019-8638,0.01843,0.76237
CVE-2019-8639,0.01843,0.76237
CVE-2019-8640,0.00885,0.26162
CVE-2019-8642,0.00885,0.26162
CVE-2019-8643,0.00885,0.26162
CVE-2019-8644,0.02031,0.78519
CVE-2019-8645,0.00885,0.26162
CVE-2019-8646,0.08382,0.93597
CVE-2019-8647,0.07176,0.91936
CVE-2019-8648,0.03822,0.84853
CVE-2019-8649,0.10212,0.94357
CVE-2019-8654,0.00885,0.26162
CVE-2019-8657,0.01843,0.76237
CVE-2019-8658,0.01183,0.60428
CVE-2019-8659,0.00885,0.26162
CVE-2019-8660,0.07176,0.91936
CVE-2019-8661,0.02544,0.81132
CVE-2019-8662,0.08382,0.93597
CVE-2019-8663,0.08382,0.93597
CVE-2019-8664,0.00885,0.26162
CVE-2019-8665,0.01055,0.50287
CVE-2019-8666,0.02031,0.78519
CVE-2019-8667,0.00885,0.26162
CVE-2019-8668,0.00954,0.34522
CVE-2019-8669,0.02166,0.79205
CVE-2019-8670,0.00885,0.26162
CVE-2019-8671,0.15945,0.95891
CVE-2019-8672,0.20507,0.96284
CVE-2019-8673,0.02031,0.78519
CVE-2019-8674,0.00954,0.34522
CVE-2019-8675,0.01086,0.51674
CVE-2019-8676,0.02166,0.79205
CVE-2019-8677,0.02031,0.78519
CVE-2019-8678,0.02031,0.78519
CVE-2019-8679,0.02031,0.78519
CVE-2019-8680,0.02031,0.78519
CVE-2019-8681,0.02031,0.78519
CVE-2019-8682,0.00885,0.26162
CVE-2019-8683,0.02166,0.79205
CVE-2019-8684,0.02166,0.79205
CVE-2019-8685,0.02166,0.79205
CVE-2019-8686,0.02031,0.78519
CVE-2019-8687,0.02031,0.78519
CVE-2019-8688,0.02166,0.79205
CVE-2019-8689,0.20507,0.96284
CVE-2019-8690,0.10212,0.94357
CVE-2019-8691,0.00885,0.26162
CVE-2019-8692,0.00885,0.26162
CVE-2019-8693,0.00885,0.26162
CVE-2019-8694,0.01036,0.41241
CVE-2019-8695,0.01036,0.41241
CVE-2019-8696,0.01086,0.51674
CVE-2019-8697,0.01036,0.41241
CVE-2019-8698,0.00885,0.26162
CVE-2019-8699,0.00885,0.26162
CVE-2019-8701,0.01036,0.41241
CVE-2019-8702,0.0089,0.2856
CVE-2019-8703,0.01018,0.38792
CVE-2019-8704,0.00885,0.26162
CVE-2019-8705,0.00885,0.26162
CVE-2019-8706,0.01237,0.66358
CVE-2019-8707,0.01843,0.76237
CVE-2019-8708,0.0089,0.2856
CVE-2019-8709,0.01237,0.66358
CVE-2019-8710,0.0144,0.7265
CVE-2019-8711,0.00885,0.26162
CVE-2019-8712,0.01843,0.76237
CVE-2019-8715,0.01237,0.66358
CVE-2019-8716,0.01086,0.51674
CVE-2019-8717,0.01683,0.75067
CVE-2019-8718,0.01237,0.66358
CVE-2019-8719,0.01018,0.38792
CVE-2019-8721,0.01086,0.51674
CVE-2019-8722,0.01086,0.51674
CVE-2019-8723,0.01086,0.51674
CVE-2019-8724,0.01086,0.51674
CVE-2019-8725,0.00885,0.26162
CVE-2019-8726,0.01843,0.76237
CVE-2019-8727,0.00885,0.26162
CVE-2019-8728,0.02031,0.78519
CVE-2019-8730,0.00885,0.26162
CVE-2019-8731,0.00885,0.26162
CVE-2019-8732,0.00885,0.26162
CVE-2019-8733,0.01843,0.76237
CVE-2019-8734,0.02031,0.78519
CVE-2019-8735,0.01843,0.76237
CVE-2019-8736,0.00885,0.26162
CVE-2019-8737,0.00885,0.26162
CVE-2019-8738,0.01036,0.41241
CVE-2019-8739,0.01036,0.41241
CVE-2019-8740,0.01237,0.66358
CVE-2019-8741,0.01183,0.60428
CVE-2019-8742,0.00885,0.26162
CVE-2019-8743,0.0144,0.7265
CVE-2019-8744,0.01018,0.38792
CVE-2019-8745,0.01843,0.76237
CVE-2019-8746,0.04879,0.88823
CVE-2019-8747,0.01036,0.41241
CVE-2019-8748,0.01005,0.36332
CVE-2019-8749,0.01183,0.60428
CVE-2019-8750,0.00885,0.26162
CVE-2019-8751,0.02031,0.78519
CVE-2019-8752,0.02031,0.78519
CVE-2019-8753,0.01018,0.38792
CVE-2019-8754,0.00885,0.26162
CVE-2019-8755,0.00885,0.26162
CVE-2019-8756,0.01183,0.60428
CVE-2019-8757,0.00885,0.26162
CVE-2019-8758,0.01036,0.41241
CVE-2019-8759,0.00885,0.26162
CVE-2019-8760,0.00885,0.26162
CVE-2019-8761,0.00885,0.26162
CVE-2019-8762,0.01108,0.53389
CVE-2019-8763,0.01843,0.76237
CVE-2019-8764,0.00885,0.26162
CVE-2019-8765,0.06136,0.90187
CVE-2019-8766,0.01843,0.76237
CVE-2019-8767,0.00885,0.26162
CVE-2019-8768,0.00885,0.26162
CVE-2019-8769,0.00885,0.26162
CVE-2019-8770,0.00885,0.26162
CVE-2019-8771,0.00885,0.26162
CVE-2019-8772,0.00885,0.26162
CVE-2019-8773,0.02031,0.78519
CVE-2019-8774,0.00885,0.26162
CVE-2019-8775,0.00885,0.26162
CVE-2019-8776,0.01036,0.41241
CVE-2019-8777,0.00885,0.26162
CVE-2019-8779,0.00885,0.26162
CVE-2019-8780,0.00885,0.26162
CVE-2019-8782,0.02031,0.78519
CVE-2019-8783,0.02031,0.78519
CVE-2019-8784,0.01237,0.66358
CVE-2019-8785,0.01237,0.66358
CVE-2019-8786,0.01237,0.66358
CVE-2019-8787,0.01213,0.6557
CVE-2019-8788,0.00885,0.26162
CVE-2019-8789,0.00885,0.26162
CVE-2019-8790,0.00885,0.26162
CVE-2019-8793,0.00885,0.26162
CVE-2019-8794,0.01018,0.38792
CVE-2019-8795,0.01005,0.36332
CVE-2019-8796,0.01018,0.38792
CVE-2019-8797,0.01237,0.66358
CVE-2019-8798,0.01237,0.66358
CVE-2019-8799,0.01018,0.38792
CVE-2019-8800,0.01036,0.41241
CVE-2019-8801,0.01005,0.36332
CVE-2019-8802,0.00885,0.26162
CVE-2019-8803,0.01018,0.38792
CVE-2019-8804,0.00885,0.26162
CVE-2019-8805,0.01036,0.41241
CVE-2019-8806,0.01036,0.41241
CVE-2019-8807,0.01036,0.41241
CVE-2019-8808,0.02031,0.78519
CVE-2019-8809,0.0095,0.30554
CVE-2019-8811,0.02166,0.79205
CVE-2019-8812,0.02031,0.78519
CVE-2019-8813,0.01108,0.53389
CVE-2019-8814,0.02031,0.78519
CVE-2019-8815,0.02031,0.78519
CVE-2019-8816,0.02166,0.79205
CVE-2019-8817,0.00885,0.26162
CVE-2019-8819,0.02031,0.78519
CVE-2019-8820,0.20507,0.96284
CVE-2019-8821,0.02031,0.78519
CVE-2019-8822,0.02031,0.78519
CVE-2019-8823,0.02031,0.78519
CVE-2019-8824,0.01036,0.41241
CVE-2019-8825,0.02031,0.78519
CVE-2019-8826,0.01086,0.51674
CVE-2019-8827,0.01108,0.53389
CVE-2019-8828,0.01237,0.66358
CVE-2019-8829,0.01237,0.66358
CVE-2019-8830,0.02031,0.78519
CVE-2019-8831,0.01237,0.66358
CVE-2019-8832,0.01237,0.66358
CVE-2019-8833,0.01237,0.66358
CVE-2019-8834,0.01034,0.39824
CVE-2019-8835,0.02031,0.78519
CVE-2019-8836,0.01237,0.66358
CVE-2019-8837,0.00885,0.26162
CVE-2019-8838,0.01237,0.66358
CVE-2019-8839,0.00885,0.26162
CVE-2019-8840,0.01086,0.51674
CVE-2019-8841,0.01036,0.41241
CVE-2019-8842,0.01055,0.50287
CVE-2019-8844,0.02031,0.78519
CVE-2019-8846,0.02031,0.78519
CVE-2019-8847,0.01036,0.41241
CVE-2019-8848,0.01108,0.53389
CVE-2019-8849,0.01086,0.51674
CVE-2019-8850,0.01018,0.38792
CVE-2019-8851,0.00885,0.26162
CVE-2019-8853,0.00885,0.26162
CVE-2019-8854,0.01018,0.38792
CVE-2019-8855,0.00885,0.26162
CVE-2019-8856,0.00954,0.34522
CVE-2019-8857,0.00885,0.26162
CVE-2019-8858,0.00885,0.26162
CVE-2019-8898,0.01018,0.38792
CVE-2019-8901,0.00885,0.26162
CVE-2019-8902,0.00885,0.26162
CVE-2019-8904,0.00954,0.34522
CVE-2019-8905,0.01034,0.39824
CVE-2019-8906,0.01282,0.67298
CVE-2019-8907,0.01213,0.6557
CVE-2019-8908,0.01055,0.50287
CVE-2019-8909,0.01055,0.50287
CVE-2019-8910,0.00885,0.26162
CVE-2019-8911,0.00885,0.26162
CVE-2019-8912,0.01104,0.52279
CVE-2019-8917,0.01978,0.78447
CVE-2019-8919,0.00885,0.26162
CVE-2019-8920,0.00885,0.26162
CVE-2019-8921,0.00885,0.26162
CVE-2019-8922,0.00885,0.26162
CVE-2019-8923,0.01108,0.53389
CVE-2019-8924,0.01108,0.53389
CVE-2019-8925,0.02111,0.79102
CVE-2019-8926,0.03479,0.84045
CVE-2019-8927,0.03479,0.84045
CVE-2019-8928,0.03479,0.84045
CVE-2019-8929,0.03479,0.84045
CVE-2019-8931,0.00885,0.26162
CVE-2019-8932,0.00885,0.26162
CVE-2019-8933,0.00885,0.26162
CVE-2019-8934,0.01034,0.39824
CVE-2019-8935,0.00885,0.26162
CVE-2019-8937,0.02173,0.80027
CVE-2019-8938,0.00954,0.34522
CVE-2019-8939,0.00885,0.26162
CVE-2019-8944,0.01055,0.50287
CVE-2019-8945,0.01018,0.38792
CVE-2019-8946,0.01018,0.38792
CVE-2019-8947,0.01018,0.38792
CVE-2019-8948,0.00885,0.26162
CVE-2019-8950,0.00885,0.26162
CVE-2019-8951,0.01213,0.6557
CVE-2019-8952,0.01132,0.54372
CVE-2019-8953,0.02173,0.80027
CVE-2019-8954,0.01156,0.60033
CVE-2019-8955,0.01213,0.6557
CVE-2019-8960,0.00885,0.26162
CVE-2019-8961,0.01055,0.50287
CVE-2019-8980,0.01537,0.73595
CVE-2019-8981,0.00954,0.34522
CVE-2019-8983,0.00885,0.26162
CVE-2019-8984,0.00885,0.26162
CVE-2019-8986,0.00885,0.26162
CVE-2019-8987,0.0089,0.2856
CVE-2019-8988,0.0089,0.2856
CVE-2019-8989,0.0089,0.2856
CVE-2019-8990,0.00954,0.34522
CVE-2019-8991,0.00954,0.34522
CVE-2019-8992,0.0089,0.2856
CVE-2019-8993,0.00954,0.34522
CVE-2019-8994,0.0089,0.2856
CVE-2019-8995,0.00954,0.34522
CVE-2019-8996,0.00885,0.26162
CVE-2019-8998,0.00885,0.26162
CVE-2019-8999,0.00885,0.26162
CVE-2019-9002,0.01055,0.50287
CVE-2019-9003,0.02945,0.82534
CVE-2019-9004,0.00885,0.26162
CVE-2019-9005,0.00885,0.26162
CVE-2019-9008,0.0089,0.2856
CVE-2019-9009,0.00885,0.26162
CVE-2019-9010,0.00885,0.26162
CVE-2019-9012,0.00885,0.26162
CVE-2019-9013,0.00885,0.26162
CVE-2019-9015,0.00885,0.26162
CVE-2019-9016,0.01055,0.50287
CVE-2019-9017,0.08382,0.93597
CVE-2019-9019,0.00885,0.26162
CVE-2019-9020,0.02686,0.82061
CVE-2019-9021,0.02686,0.82061
CVE-2019-9022,0.01537,0.73595
CVE-2019-9023,0.02686,0.82061
CVE-2019-9024,0.01537,0.73595
CVE-2019-9025,0.00885,0.26162
CVE-2019-9026,0.00885,0.26162
CVE-2019-9027,0.00885,0.26162
CVE-2019-9028,0.00885,0.26162
CVE-2019-9029,0.00885,0.26162
CVE-2019-9030,0.00885,0.26162
CVE-2019-9031,0.00885,0.26162
CVE-2019-9032,0.00885,0.26162
CVE-2019-9033,0.00885,0.26162
CVE-2019-9034,0.00885,0.26162
CVE-2019-9035,0.00885,0.26162
CVE-2019-9036,0.00885,0.26162
CVE-2019-9037,0.00885,0.26162
CVE-2019-9038,0.00885,0.26162
CVE-2019-9039,0.00954,0.34522
CVE-2019-9040,0.00885,0.26162
CVE-2019-9041,0.04408,0.87557
CVE-2019-9042,0.01086,0.51674
CVE-2019-9047,0.00885,0.26162
CVE-2019-9048,0.00885,0.26162
CVE-2019-9049,0.00885,0.26162
CVE-2019-9050,0.01086,0.51674
CVE-2019-9051,0.00885,0.26162
CVE-2019-9052,0.00885,0.26162
CVE-2019-9055,0.18946,0.96157
CVE-2019-9056,0.00885,0.26162
CVE-2019-9057,0.00885,0.26162
CVE-2019-9058,0.00885,0.26162
CVE-2019-9059,0.02055,0.7893
CVE-2019-9060,0.01018,0.38792
CVE-2019-9061,0.00885,0.26162
CVE-2019-9062,0.00885,0.26162
CVE-2019-9063,0.00885,0.26162
CVE-2019-9064,0.00885,0.26162
CVE-2019-9065,0.00885,0.26162
CVE-2019-9066,0.00885,0.26162
CVE-2019-9070,0.01183,0.60428
CVE-2019-9071,0.01183,0.60428
CVE-2019-9072,0.01108,0.53389
CVE-2019-9073,0.01018,0.38792
CVE-2019-9074,0.01108,0.53389
CVE-2019-9075,0.01108,0.53389
CVE-2019-9076,0.01018,0.38792
CVE-2019-9077,0.01183,0.60428
CVE-2019-9078,0.00885,0.26162
CVE-2019-9080,0.00885,0.26162
CVE-2019-9083,0.01564,0.74439
CVE-2019-9084,0.01055,0.50287
CVE-2019-9085,0.01055,0.50287
CVE-2019-9086,0.00885,0.26162
CVE-2019-9087,0.00885,0.26162
CVE-2019-9093,0.00885,0.26162
CVE-2019-9094,0.00885,0.26162
CVE-2019-9095,0.00885,0.26162
CVE-2019-9096,0.00885,0.26162
CVE-2019-9097,0.00885,0.26162
CVE-2019-9098,0.01055,0.50287
CVE-2019-9099,0.01978,0.78447
CVE-2019-9101,0.00885,0.26162
CVE-2019-9102,0.01055,0.50287
CVE-2019-9103,0.00885,0.26162
CVE-2019-9104,0.00885,0.26162
CVE-2019-9105,0.01055,0.50287
CVE-2019-9106,0.01055,0.50287
CVE-2019-9107,0.00885,0.26162
CVE-2019-9108,0.00885,0.26162
CVE-2019-9109,0.00885,0.26162
CVE-2019-9110,0.00885,0.26162
CVE-2019-9111,0.00885,0.26162
CVE-2019-9112,0.00885,0.26162
CVE-2019-9113,0.00885,0.26162
CVE-2019-9114,0.00885,0.26162
CVE-2019-9115,0.01086,0.51674
CVE-2019-9116,0.00885,0.26162
CVE-2019-9117,0.01156,0.60033
CVE-2019-9118,0.01156,0.60033
CVE-2019-9119,0.01156,0.60033
CVE-2019-9120,0.01156,0.60033
CVE-2019-9121,0.01156,0.60033
CVE-2019-9122,0.01055,0.50287
CVE-2019-9123,0.00885,0.26162
CVE-2019-9124,0.00885,0.26162
CVE-2019-9125,0.00885,0.26162
CVE-2019-9126,0.00885,0.26162
CVE-2019-9132,0.01156,0.60033
CVE-2019-9133,0.00954,0.34522
CVE-2019-9134,0.01156,0.60033
CVE-2019-9135,0.01036,0.41241
CVE-2019-9136,0.01036,0.41241
CVE-2019-9137,0.01036,0.41241
CVE-2019-9138,0.01036,0.41241
CVE-2019-9139,0.01036,0.41241
CVE-2019-9140,0.01086,0.51674
CVE-2019-9141,0.01156,0.60033
CVE-2019-9142,0.00885,0.26162
CVE-2019-9143,0.00954,0.34522
CVE-2019-9144,0.00954,0.34522
CVE-2019-9145,0.00885,0.26162
CVE-2019-9146,0.00885,0.26162
CVE-2019-9147,0.00954,0.34522
CVE-2019-9148,0.00954,0.34522
CVE-2019-9149,0.00954,0.34522
CVE-2019-9150,0.00954,0.34522
CVE-2019-9151,0.00885,0.26162
CVE-2019-9152,0.00885,0.26162
CVE-2019-9153,0.01108,0.53389
CVE-2019-9154,0.01108,0.53389
CVE-2019-9155,0.01108,0.53389
CVE-2019-9156,0.01005,0.35949
CVE-2019-9157,0.00885,0.26162
CVE-2019-9158,0.00885,0.26162
CVE-2019-9160,0.01055,0.50287
CVE-2019-9161,0.01156,0.60033
CVE-2019-9162,0.03534,0.84129
CVE-2019-9163,0.01156,0.60033
CVE-2019-9164,0.02204,0.80286
CVE-2019-9165,0.00954,0.34522
CVE-2019-9166,0.0089,0.2856
CVE-2019-9167,0.00954,0.34522
CVE-2019-9169,0.01537,0.73595
CVE-2019-9170,0.00954,0.34522
CVE-2019-9171,0.00954,0.34522
CVE-2019-9172,0.00954,0.34522
CVE-2019-9174,0.00954,0.34522
CVE-2019-9175,0.00954,0.34522
CVE-2019-9176,0.00954,0.34522
CVE-2019-9178,0.00954,0.34522
CVE-2019-9179,0.00954,0.34522
CVE-2019-9181,0.01338,0.70562
CVE-2019-9182,0.00885,0.26162
CVE-2019-9183,0.00954,0.34522
CVE-2019-9184,0.01564,0.74439
CVE-2019-9185,0.01132,0.54372
CVE-2019-9186,0.01156,0.60033
CVE-2019-9187,0.00954,0.34522
CVE-2019-9189,0.0968,0.94003
CVE-2019-9191,0.00885,0.26162
CVE-2019-9192,0.00885,0.26162
CVE-2019-9194,0.80749,0.99497
CVE-2019-9195,0.02509,0.81058
CVE-2019-9196,0.00954,0.34522
CVE-2019-9197,0.01689,0.75137
CVE-2019-9199,0.01018,0.38792
CVE-2019-9200,0.01537,0.73595
CVE-2019-9201,0.01055,0.50287
CVE-2019-9202,0.0144,0.7265
CVE-2019-9203,0.00885,0.26162
CVE-2019-9204,0.00885,0.26162
CVE-2019-9206,0.00885,0.26162
CVE-2019-9207,0.00885,0.26162
CVE-2019-9208,0.01537,0.73595
CVE-2019-9209,0.01537,0.73595
CVE-2019-9210,0.01108,0.53389
CVE-2019-9211,0.01018,0.38792
CVE-2019-9212,0.01055,0.50287
CVE-2019-9214,0.01537,0.73595
CVE-2019-9215,0.01183,0.60428
CVE-2019-9217,0.00885,0.26162
CVE-2019-9218,0.00885,0.26162
CVE-2019-9219,0.00954,0.34522
CVE-2019-9220,0.00954,0.34522
CVE-2019-9221,0.00885,0.26162
CVE-2019-9222,0.0089,0.2856
CVE-2019-9223,0.00954,0.34522
CVE-2019-9224,0.00954,0.34522
CVE-2019-9225,0.00954,0.34522
CVE-2019-9226,0.01055,0.50287
CVE-2019-9227,0.01156,0.60033
CVE-2019-9228,0.01055,0.50287
CVE-2019-9229,0.00885,0.26162
CVE-2019-9230,0.01055,0.50287
CVE-2019-9231,0.01055,0.50287
CVE-2019-9232,0.09801,0.94069
CVE-2019-9233,0.01156,0.60033
CVE-2019-9234,0.01156,0.60033
CVE-2019-9235,0.01036,0.41241
CVE-2019-9236,0.01036,0.41241
CVE-2019-9237,0.01156,0.60033
CVE-2019-9238,0.01036,0.41241
CVE-2019-9239,0.01036,0.41241
CVE-2019-9240,0.01036,0.41241
CVE-2019-9241,0.01156,0.60033
CVE-2019-9242,0.01036,0.41241
CVE-2019-9243,0.01036,0.41241
CVE-2019-9244,0.01036,0.41241
CVE-2019-9245,0.01036,0.41241
CVE-2019-9246,0.01036,0.41241
CVE-2019-9247,0.01156,0.60033
CVE-2019-9248,0.01036,0.41241
CVE-2019-9249,0.01036,0.41241
CVE-2019-9250,0.01156,0.60033
CVE-2019-9251,0.01036,0.41241
CVE-2019-9252,0.01156,0.60033
CVE-2019-9253,0.01036,0.41241
CVE-2019-9254,0.01036,0.41241
CVE-2019-9256,0.01156,0.60033
CVE-2019-9257,0.01036,0.41241
CVE-2019-9258,0.01036,0.41241
CVE-2019-9259,0.01036,0.41241
CVE-2019-9260,0.01156,0.60033
CVE-2019-9261,0.01086,0.51674
CVE-2019-9262,0.01156,0.60033
CVE-2019-9263,0.01036,0.41241
CVE-2019-9264,0.01086,0.51674
CVE-2019-9265,0.01156,0.60033
CVE-2019-9266,0.01036,0.41241
CVE-2019-9268,0.01036,0.41241
CVE-2019-9269,0.01036,0.41241
CVE-2019-9270,0.01036,0.41241
CVE-2019-9271,0.01036,0.41241
CVE-2019-9272,0.01036,0.41241
CVE-2019-9273,0.01036,0.41241
CVE-2019-9274,0.01036,0.41241
CVE-2019-9275,0.01036,0.41241
CVE-2019-9276,0.01036,0.41241
CVE-2019-9277,0.01036,0.41241
CVE-2019-9278,0.0767,0.92609
CVE-2019-9279,0.01156,0.60033
CVE-2019-9280,0.01036,0.41241
CVE-2019-9281,0.01086,0.51674
CVE-2019-9282,0.01156,0.60033
CVE-2019-9283,0.01156,0.60033
CVE-2019-9284,0.01055,0.50287
CVE-2019-9285,0.01156,0.60033
CVE-2019-9286,0.01156,0.60033
CVE-2019-9287,0.01036,0.41241
CVE-2019-9288,0.01036,0.41241
CVE-2019-9289,0.01036,0.41241
CVE-2019-9290,0.01036,0.41241
CVE-2019-9291,0.01156,0.60033
CVE-2019-9292,0.01036,0.41241
CVE-2019-9293,0.01156,0.60033
CVE-2019-9294,0.01156,0.60033
CVE-2019-9295,0.01036,0.41241
CVE-2019-9296,0.01036,0.41241
CVE-2019-9297,0.01156,0.60033
CVE-2019-9298,0.01156,0.60033
CVE-2019-9299,0.01156,0.60033
CVE-2019-9300,0.01156,0.60033
CVE-2019-9301,0.01156,0.60033
CVE-2019-9302,0.01156,0.60033
CVE-2019-9303,0.01156,0.60033
CVE-2019-9304,0.01156,0.60033
CVE-2019-9305,0.01156,0.60033
CVE-2019-9306,0.01156,0.60033
CVE-2019-9307,0.01156,0.60033
CVE-2019-9308,0.01156,0.60033
CVE-2019-9309,0.01036,0.41241
CVE-2019-9310,0.01156,0.60033
CVE-2019-9311,0.01156,0.60033
CVE-2019-9312,0.01036,0.41241
CVE-2019-9313,0.01156,0.60033
CVE-2019-9314,0.01156,0.60033
CVE-2019-9315,0.01156,0.60033
CVE-2019-9316,0.01156,0.60033
CVE-2019-9317,0.01156,0.60033
CVE-2019-9318,0.01156,0.60033
CVE-2019-9319,0.01156,0.60033
CVE-2019-9320,0.01156,0.60033
CVE-2019-9321,0.01156,0.60033
CVE-2019-9322,0.01156,0.60033
CVE-2019-9323,0.01086,0.51674
CVE-2019-9325,0.0767,0.92609
CVE-2019-9326,0.01156,0.60033
CVE-2019-9327,0.01156,0.60033
CVE-2019-9328,0.01055,0.50287
CVE-2019-9329,0.01055,0.50287
CVE-2019-9330,0.01156,0.60033
CVE-2019-9331,0.01156,0.60033
CVE-2019-9332,0.01156,0.60033
CVE-2019-9333,0.01156,0.60033
CVE-2019-9334,0.01156,0.60033
CVE-2019-9335,0.01156,0.60033
CVE-2019-9336,0.01156,0.60033
CVE-2019-9337,0.01156,0.60033
CVE-2019-9338,0.01156,0.60033
CVE-2019-9341,0.01156,0.60033
CVE-2019-9342,0.01156,0.60033
CVE-2019-9343,0.01156,0.60033
CVE-2019-9344,0.01036,0.41241
CVE-2019-9345,0.01036,0.41241
CVE-2019-9346,0.01156,0.60033
CVE-2019-9347,0.01036,0.41241
CVE-2019-9348,0.01156,0.60033
CVE-2019-9349,0.01156,0.60033
CVE-2019-9350,0.01036,0.41241
CVE-2019-9351,0.01036,0.41241
CVE-2019-9352,0.01156,0.60033
CVE-2019-9353,0.01156,0.60033
CVE-2019-9354,0.01086,0.51674
CVE-2019-9355,0.01156,0.60033
CVE-2019-9356,0.01036,0.41241
CVE-2019-9357,0.01156,0.60033
CVE-2019-9358,0.01036,0.41241
CVE-2019-9359,0.01156,0.60033
CVE-2019-9360,0.01036,0.41241
CVE-2019-9361,0.01156,0.60033
CVE-2019-9362,0.01156,0.60033
CVE-2019-9363,0.01156,0.60033
CVE-2019-9364,0.01036,0.41241
CVE-2019-9365,0.01156,0.60033
CVE-2019-9366,0.01156,0.60033
CVE-2019-9368,0.01036,0.41241
CVE-2019-9369,0.01036,0.41241
CVE-2019-9370,0.01156,0.60033
CVE-2019-9371,0.05066,0.89014
CVE-2019-9372,0.01156,0.60033
CVE-2019-9373,0.01036,0.41241
CVE-2019-9375,0.01036,0.41241
CVE-2019-9376,0.01036,0.41241
CVE-2019-9377,0.01036,0.41241
CVE-2019-9378,0.01036,0.41241
CVE-2019-9379,0.01156,0.60033
CVE-2019-9380,0.01086,0.51674
CVE-2019-9381,0.01156,0.60033
CVE-2019-9382,0.01156,0.60033
CVE-2019-9383,0.01036,0.41241
CVE-2019-9384,0.01036,0.41241
CVE-2019-9385,0.01156,0.60033
CVE-2019-9386,0.01036,0.41241
CVE-2019-9387,0.01156,0.60033
CVE-2019-9388,0.01156,0.60033
CVE-2019-9389,0.01156,0.60033
CVE-2019-9390,0.01156,0.60033
CVE-2019-9391,0.01086,0.51674
CVE-2019-9393,0.01156,0.60033
CVE-2019-9394,0.01156,0.60033
CVE-2019-9395,0.01156,0.60033
CVE-2019-9396,0.01156,0.60033
CVE-2019-9397,0.01156,0.60033
CVE-2019-9398,0.01156,0.60033
CVE-2019-9399,0.01156,0.60033
CVE-2019-9400,0.01156,0.60033
CVE-2019-9401,0.01156,0.60033
CVE-2019-9402,0.01156,0.60033
CVE-2019-9403,0.01156,0.60033
CVE-2019-9404,0.01156,0.60033
CVE-2019-9405,0.01156,0.60033
CVE-2019-9406,0.01156,0.60033
CVE-2019-9407,0.01036,0.41241
CVE-2019-9408,0.01156,0.60033
CVE-2019-9409,0.01156,0.60033
CVE-2019-9410,0.01156,0.60033
CVE-2019-9411,0.01156,0.60033
CVE-2019-9412,0.01156,0.60033
CVE-2019-9413,0.01156,0.60033
CVE-2019-9414,0.01156,0.60033
CVE-2019-9415,0.01156,0.60033
CVE-2019-9416,0.01156,0.60033
CVE-2019-9417,0.01036,0.41241
CVE-2019-9418,0.01156,0.60033
CVE-2019-9419,0.01156,0.60033
CVE-2019-9420,0.01156,0.60033
CVE-2019-9421,0.01036,0.41241
CVE-2019-9422,0.01156,0.60033
CVE-2019-9423,0.01365,0.70715
CVE-2019-9424,0.00885,0.26162
CVE-2019-9425,0.01156,0.60033
CVE-2019-9426,0.01036,0.41241
CVE-2019-9427,0.01036,0.41241
CVE-2019-9428,0.01156,0.60033
CVE-2019-9429,0.01036,0.41241
CVE-2019-9430,0.01156,0.60033
CVE-2019-9431,0.01156,0.60033
CVE-2019-9432,0.01156,0.60033
CVE-2019-9433,0.0767,0.92609
CVE-2019-9434,0.01156,0.60033
CVE-2019-9435,0.01036,0.41241
CVE-2019-9436,0.01036,0.41241
CVE-2019-9438,0.01036,0.41241
CVE-2019-9440,0.01036,0.41241
CVE-2019-9441,0.01036,0.41241
CVE-2019-9442,0.00885,0.26162
CVE-2019-9443,0.01036,0.41241
CVE-2019-9444,0.01036,0.41241
CVE-2019-9445,0.01365,0.70715
CVE-2019-9446,0.01036,0.41241
CVE-2019-9447,0.01036,0.41241
CVE-2019-9448,0.01036,0.41241
CVE-2019-9449,0.01036,0.41241
CVE-2019-9450,0.01036,0.41241
CVE-2019-9451,0.01036,0.41241
CVE-2019-9452,0.01036,0.41241
CVE-2019-9453,0.01005,0.36332
CVE-2019-9454,0.01036,0.41241
CVE-2019-9455,0.01005,0.36332
CVE-2019-9456,0.01365,0.70715
CVE-2019-9458,0.01005,0.36332
CVE-2019-9459,0.01156,0.60033
CVE-2019-9461,0.05634,0.89764
CVE-2019-9462,0.01156,0.60033
CVE-2019-9463,0.01036,0.41241
CVE-2019-9464,0.01036,0.41241
CVE-2019-9467,0.01036,0.41241
CVE-2019-9468,0.01036,0.41241
CVE-2019-9469,0.01036,0.41241
CVE-2019-9470,0.01036,0.41241
CVE-2019-9471,0.01036,0.41241
CVE-2019-9472,0.01036,0.41241
CVE-2019-9473,0.01156,0.60033
CVE-2019-9474,0.01156,0.60033
CVE-2019-9475,0.01036,0.41241
CVE-2019-9482,0.00885,0.26162
CVE-2019-9483,0.00885,0.26162
CVE-2019-9484,0.01055,0.50287
CVE-2019-9485,0.00885,0.26162
CVE-2019-9486,0.01086,0.51674
CVE-2019-9488,0.00885,0.26162
CVE-2019-9489,0.00885,0.26162
CVE-2019-9490,0.00885,0.26162
CVE-2019-9491,0.12744,0.9536
CVE-2019-9492,0.01005,0.36332
CVE-2019-9493,0.01213,0.6557
CVE-2019-9494,0.01537,0.73595
CVE-2019-9495,0.01537,0.73595
CVE-2019-9496,0.01537,0.73595
CVE-2019-9497,0.01537,0.73595
CVE-2019-9498,0.01537,0.73595
CVE-2019-9499,0.01537,0.73595
CVE-2019-9500,0.05634,0.89764
CVE-2019-9501,0.01888,0.76438
CVE-2019-9502,0.01888,0.76438
CVE-2019-9503,0.11152,0.94643
CVE-2019-9505,0.0144,0.7265
CVE-2019-9507,0.01055,0.50287
CVE-2019-9508,0.01055,0.50287
CVE-2019-9509,0.01689,0.75137
CVE-2019-9510,0.01743,0.75237
CVE-2019-9511,0.0902,0.93742
CVE-2019-9512,0.05242,0.89216
CVE-2019-9513,0.0902,0.93742
CVE-2019-9514,0.10668,0.94414
CVE-2019-9515,0.0902,0.93742
CVE-2019-9516,0.03052,0.82933
CVE-2019-9517,0.07767,0.92799
CVE-2019-9518,0.05242,0.89216
CVE-2019-9529,0.00885,0.26162
CVE-2019-9530,0.00885,0.26162
CVE-2019-9531,0.01055,0.50287
CVE-2019-9532,0.00885,0.26162
CVE-2019-9533,0.00885,0.26162
CVE-2019-9534,0.00885,0.26162
CVE-2019-9535,0.00954,0.34522
CVE-2019-9536,0.00885,0.26162
CVE-2019-9537,0.01055,0.50287
CVE-2019-9538,0.01055,0.50287
CVE-2019-9539,0.01055,0.50287
CVE-2019-9540,0.01055,0.50287
CVE-2019-9541,0.01055,0.50287
CVE-2019-9542,0.01055,0.50287
CVE-2019-9543,0.00954,0.34522
CVE-2019-9544,0.00885,0.26162
CVE-2019-9545,0.00885,0.26162
CVE-2019-9546,0.00954,0.34522
CVE-2019-9547,0.00885,0.26162
CVE-2019-9548,0.00885,0.26162
CVE-2019-9549,0.00885,0.26162
CVE-2019-9550,0.00885,0.26162
CVE-2019-9551,0.00885,0.26162
CVE-2019-9552,0.01055,0.50287
CVE-2019-9553,0.02173,0.80027
CVE-2019-9554,0.02173,0.80027
CVE-2019-9555,0.00885,0.26162
CVE-2019-9556,0.02192,0.80195
CVE-2019-9557,0.00885,0.26162
CVE-2019-9558,0.00885,0.26162
CVE-2019-9563,0.00954,0.34522
CVE-2019-9564,0.00885,0.26162
CVE-2019-9565,0.01055,0.50287
CVE-2019-9566,0.00885,0.26162
CVE-2019-9567,0.01018,0.38792
CVE-2019-9568,0.0095,0.30554
CVE-2019-9569,0.01885,0.76424
CVE-2019-9570,0.00885,0.26162
CVE-2019-9572,0.01338,0.70562
CVE-2019-9573,0.00954,0.34522
CVE-2019-9574,0.00954,0.34522
CVE-2019-9575,0.01018,0.38792
CVE-2019-9576,0.00954,0.34522
CVE-2019-9578,0.01183,0.60428
CVE-2019-9581,0.0968,0.94003
CVE-2019-9582,0.00885,0.26162
CVE-2019-9583,0.00885,0.26162
CVE-2019-9584,0.00885,0.26162
CVE-2019-9585,0.00885,0.26162
CVE-2019-9587,0.00885,0.26162
CVE-2019-9588,0.00885,0.26162
CVE-2019-9589,0.00885,0.26162
CVE-2019-9590,0.01055,0.50287
CVE-2019-9591,0.01136,0.57949
CVE-2019-9592,0.01136,0.57949
CVE-2019-9593,0.01136,0.57949
CVE-2019-9594,0.00885,0.26162
CVE-2019-9595,0.00885,0.26162
CVE-2019-9598,0.00885,0.26162
CVE-2019-9600,0.08382,0.93597
CVE-2019-9601,0.08382,0.93597
CVE-2019-9603,0.00885,0.26162
CVE-2019-9604,0.00885,0.26162
CVE-2019-9605,0.00885,0.26162
CVE-2019-9606,0.00885,0.26162
CVE-2019-9607,0.00885,0.26162
CVE-2019-9608,0.01156,0.60033
CVE-2019-9609,0.01156,0.60033
CVE-2019-9610,0.00885,0.26162
CVE-2019-9611,0.00885,0.26162
CVE-2019-9612,0.01156,0.60033
CVE-2019-9613,0.01156,0.60033
CVE-2019-9614,0.01086,0.51674
CVE-2019-9615,0.00885,0.26162
CVE-2019-9616,0.01156,0.60033
CVE-2019-9617,0.01156,0.60033
CVE-2019-9618,0.07571,0.92534
CVE-2019-9622,0.07308,0.9216
CVE-2019-9623,0.05365,0.89438
CVE-2019-9625,0.08382,0.93597
CVE-2019-9626,0.00885,0.26162
CVE-2019-9627,0.0089,0.2856
CVE-2019-9628,0.01108,0.53389
CVE-2019-9629,0.00885,0.26162
CVE-2019-9630,0.00885,0.26162
CVE-2019-9631,0.01537,0.73595
CVE-2019-9632,0.00885,0.26162
CVE-2019-9633,0.01366,0.70716
CVE-2019-9634,0.00954,0.34522
CVE-2019-9635,0.00885,0.26162
CVE-2019-9636,0.02686,0.82061
CVE-2019-9637,0.02686,0.82061
CVE-2019-9638,0.02686,0.82061
CVE-2019-9639,0.02686,0.82061
CVE-2019-9640,0.02686,0.82061
CVE-2019-9641,0.01537,0.73595
CVE-2019-9642,0.0144,0.7265
CVE-2019-9644,0.00954,0.34522
CVE-2019-9646,0.00954,0.34522
CVE-2019-9647,0.02173,0.80027
CVE-2019-9648,0.10212,0.94357
CVE-2019-9649,0.10212,0.94357
CVE-2019-9650,0.02173,0.80027
CVE-2019-9651,0.01086,0.51674
CVE-2019-9652,0.00885,0.26162
CVE-2019-9656,0.01018,0.38792
CVE-2019-9657,0.00885,0.26162
CVE-2019-9658,0.02686,0.82061
CVE-2019-9659,0.00885,0.26162
CVE-2019-9660,0.00885,0.26162
CVE-2019-9661,0.00885,0.26162
CVE-2019-9662,0.00885,0.26162
CVE-2019-9668,0.01055,0.50287
CVE-2019-9669,0.00885,0.26162
CVE-2019-9674,0.01974,0.7812
CVE-2019-9675,0.01183,0.60428
CVE-2019-9676,0.01036,0.41241
CVE-2019-9677,0.00885,0.26162
CVE-2019-9678,0.00885,0.26162
CVE-2019-9679,0.00885,0.26162
CVE-2019-9680,0.00885,0.26162
CVE-2019-9681,0.00885,0.26162
CVE-2019-9682,0.00885,0.26162
CVE-2019-9686,0.02509,0.81058
CVE-2019-9687,0.00954,0.34522
CVE-2019-9688,0.00885,0.26162
CVE-2019-9689,0.01018,0.38792
CVE-2019-9692,0.64281,0.98958
CVE-2019-9693,0.00885,0.26162
CVE-2019-9694,0.00885,0.26162
CVE-2019-9695,0.01005,0.36332
CVE-2019-9696,0.00885,0.26162
CVE-2019-9697,0.00885,0.26162
CVE-2019-9698,0.00885,0.26162
CVE-2019-9699,0.00885,0.26162
CVE-2019-9700,0.00885,0.26162
CVE-2019-9701,0.02192,0.80195
CVE-2019-9702,0.00885,0.26162
CVE-2019-9703,0.00885,0.26162
CVE-2019-9704,0.0095,0.30554
CVE-2019-9705,0.0095,0.30554
CVE-2019-9706,0.0095,0.30554
CVE-2019-9708,0.00885,0.26162
CVE-2019-9709,0.00885,0.26162
CVE-2019-9710,0.00885,0.26162
CVE-2019-9711,0.00885,0.26162
CVE-2019-9712,0.00885,0.26162
CVE-2019-9713,0.00885,0.26162
CVE-2019-9714,0.00885,0.26162
CVE-2019-9717,0.00885,0.26162
CVE-2019-9718,0.01108,0.53389
CVE-2019-9719,0.01018,0.38792
CVE-2019-9720,0.00885,0.26162
CVE-2019-9721,0.01018,0.38792
CVE-2019-9723,0.00885,0.26162
CVE-2019-9724,0.00885,0.26162
CVE-2019-9725,0.00885,0.26162
CVE-2019-9726,0.01055,0.50287
CVE-2019-9727,0.01055,0.50287
CVE-2019-9732,0.00885,0.26162
CVE-2019-9733,0.02147,0.79182
CVE-2019-9734,0.00885,0.26162
CVE-2019-9735,0.01282,0.67298
CVE-2019-9736,0.00885,0.26162
CVE-2019-9737,0.00885,0.26162
CVE-2019-9738,0.00885,0.26162
CVE-2019-9740,0.02686,0.82061
CVE-2019-9741,0.01183,0.60428
CVE-2019-9742,0.00885,0.26162
CVE-2019-9743,0.02055,0.7893
CVE-2019-9744,0.00954,0.34522
CVE-2019-9746,0.00885,0.26162
CVE-2019-9747,0.00885,0.26162
CVE-2019-9748,0.00885,0.26162
CVE-2019-9749,0.00885,0.26162
CVE-2019-9750,0.00885,0.26162
CVE-2019-9751,0.01086,0.51674
CVE-2019-9752,0.02199,0.80273
CVE-2019-9753,0.00885,0.26162
CVE-2019-9754,0.00885,0.26162
CVE-2019-9755,0.01365,0.70715
CVE-2019-9756,0.00954,0.34522
CVE-2019-9757,0.00885,0.26162
CVE-2019-9758,0.00885,0.26162
CVE-2019-9759,0.00885,0.26162
CVE-2019-9760,0.05365,0.89438
CVE-2019-9761,0.00885,0.26162
CVE-2019-9762,0.00885,0.26162
CVE-2019-9763,0.00954,0.34522
CVE-2019-9764,0.00885,0.26162
CVE-2019-9765,0.00885,0.26162
CVE-2019-9767,0.10347,0.94365
CVE-2019-9768,0.08382,0.93597
CVE-2019-9769,0.08382,0.93597
CVE-2019-9770,0.01018,0.38792
CVE-2019-9771,0.01018,0.38792
CVE-2019-9772,0.01018,0.38792
CVE-2019-9773,0.01018,0.38792
CVE-2019-9774,0.01018,0.38792
CVE-2019-9775,0.01018,0.38792
CVE-2019-9776,0.01018,0.38792
CVE-2019-9777,0.01018,0.38792
CVE-2019-9778,0.01018,0.38792
CVE-2019-9779,0.01018,0.38792
CVE-2019-9785,0.01611,0.74874
CVE-2019-9788,0.01108,0.53389
CVE-2019-9789,0.00885,0.26162
CVE-2019-9790,0.01108,0.53389
CVE-2019-9792,0.10212,0.94357
CVE-2019-9793,0.01108,0.53389
CVE-2019-9794,0.01018,0.38792
CVE-2019-9795,0.01108,0.53389
CVE-2019-9796,0.01108,0.53389
CVE-2019-9797,0.02686,0.82061
CVE-2019-9798,0.00885,0.26162
CVE-2019-9799,0.00885,0.26162
CVE-2019-9800,0.01018,0.38792
CVE-2019-9801,0.01018,0.38792
CVE-2019-9802,0.00885,0.26162
CVE-2019-9803,0.01018,0.38792
CVE-2019-9804,0.0144,0.7265
CVE-2019-9805,0.00885,0.26162
CVE-2019-9806,0.00885,0.26162
CVE-2019-9807,0.00885,0.26162
CVE-2019-9808,0.00885,0.26162
CVE-2019-9809,0.00954,0.34522
CVE-2019-9811,0.02686,0.82061
CVE-2019-9812,0.01018,0.38792
CVE-2019-9813,0.10212,0.94357
CVE-2019-9814,0.00885,0.26162
CVE-2019-9815,0.01018,0.38792
CVE-2019-9816,0.08382,0.93597
CVE-2019-9817,0.01018,0.38792
CVE-2019-9818,0.01018,0.38792
CVE-2019-9819,0.01018,0.38792
CVE-2019-9820,0.01018,0.38792
CVE-2019-9821,0.00885,0.26162
CVE-2019-9823,0.00885,0.26162
CVE-2019-9824,0.01034,0.39824
CVE-2019-9825,0.01055,0.50287
CVE-2019-9826,0.00954,0.34522
CVE-2019-9827,0.01055,0.50287
CVE-2019-9829,0.01055,0.50287
CVE-2019-9831,0.08382,0.93597
CVE-2019-9832,0.08382,0.93597
CVE-2019-9833,0.08382,0.93597
CVE-2019-9834,0.08382,0.93597
CVE-2019-9835,0.00885,0.26162
CVE-2019-9836,0.01018,0.38792
CVE-2019-9837,0.00954,0.34522
CVE-2019-9838,0.00885,0.26162
CVE-2019-9839,0.00885,0.26162
CVE-2019-9841,0.00954,0.34522
CVE-2019-9842,0.01055,0.50287
CVE-2019-9843,0.01018,0.38792
CVE-2019-9844,0.01018,0.38792
CVE-2019-9845,0.01055,0.50287
CVE-2019-9846,0.01055,0.50287
CVE-2019-9847,0.00885,0.26162
CVE-2019-9848,0.01537,0.73595
CVE-2019-9849,0.01282,0.67298
CVE-2019-9850,0.01537,0.73595
CVE-2019-9851,0.90054,0.99835
CVE-2019-9852,0.01537,0.73595
CVE-2019-9853,0.02378,0.80704
CVE-2019-9854,0.01183,0.60428
CVE-2019-9855,0.00954,0.34522
CVE-2019-9857,0.01034,0.39824
CVE-2019-9858,0.32719,0.97522
CVE-2019-9859,0.01086,0.51674
CVE-2019-9860,0.00885,0.26162
CVE-2019-9861,0.01018,0.38792
CVE-2019-9862,0.00885,0.26162
CVE-2019-9863,0.00885,0.26162
CVE-2019-9864,0.00885,0.26162
CVE-2019-9865,0.01885,0.76424
CVE-2019-9866,0.00885,0.26162
CVE-2019-9867,0.00885,0.26162
CVE-2019-9868,0.00885,0.26162
CVE-2019-9870,0.00885,0.26162
CVE-2019-9871,0.01978,0.78447
CVE-2019-9872,0.00885,0.26162
CVE-2019-9873,0.00885,0.26162
CVE-2019-9874,0.03938,0.85198
CVE-2019-9875,0.03458,0.84023
CVE-2019-9877,0.00885,0.26162
CVE-2019-9878,0.00885,0.26162
CVE-2019-9879,0.01213,0.6557
CVE-2019-9880,0.01018,0.38792
CVE-2019-9881,0.01018,0.38792
CVE-2019-9882,0.00885,0.26162
CVE-2019-9883,0.00885,0.26162
CVE-2019-9884,0.00954,0.34522
CVE-2019-9885,0.00954,0.34522
CVE-2019-9886,0.00954,0.34522
CVE-2019-9889,0.02199,0.80273
CVE-2019-9890,0.00885,0.26162
CVE-2019-9892,0.0095,0.30554
CVE-2019-9893,0.01183,0.60428
CVE-2019-9894,0.01537,0.73595
CVE-2019-9895,0.01183,0.60428
CVE-2019-9897,0.01537,0.73595
CVE-2019-9898,0.01537,0.73595
CVE-2019-9900,0.01213,0.6557
CVE-2019-9901,0.01213,0.6557
CVE-2019-9903,0.01183,0.60428
CVE-2019-9904,0.00954,0.34522
CVE-2019-9908,0.01018,0.38792
CVE-2019-9909,0.01018,0.38792
CVE-2019-9910,0.00954,0.34522
CVE-2019-9911,0.00954,0.34522
CVE-2019-9912,0.00954,0.34522
CVE-2019-9913,0.00954,0.34522
CVE-2019-9914,0.00954,0.34522
CVE-2019-9915,0.00885,0.26162
CVE-2019-9917,0.01649,0.75017
CVE-2019-9918,0.00885,0.26162
CVE-2019-9919,0.00885,0.26162
CVE-2019-9920,0.00885,0.26162
CVE-2019-9921,0.00885,0.26162
CVE-2019-9922,0.00885,0.26162
CVE-2019-9923,0.01108,0.53389
CVE-2019-9924,0.01034,0.39824
CVE-2019-9925,0.00885,0.26162
CVE-2019-9926,0.0144,0.7265
CVE-2019-9927,0.01156,0.60033
CVE-2019-9928,0.0767,0.92609
CVE-2019-9929,0.00885,0.26162
CVE-2019-9930,0.00885,0.26162
CVE-2019-9931,0.00885,0.26162
CVE-2019-9932,0.00885,0.26162
CVE-2019-9933,0.00885,0.26162
CVE-2019-9934,0.00885,0.26162
CVE-2019-9935,0.00885,0.26162
CVE-2019-9936,0.02686,0.82061
CVE-2019-9937,0.02686,0.82061
CVE-2019-9938,0.01055,0.50287
CVE-2019-9939,0.01055,0.50287
CVE-2019-9942,0.01018,0.38792
CVE-2019-9943,0.00885,0.26162
CVE-2019-9944,0.00885,0.26162
CVE-2019-9945,0.01156,0.60033
CVE-2019-9946,0.01018,0.38792
CVE-2019-9947,0.02686,0.82061
CVE-2019-9948,0.04358,0.87435
CVE-2019-9949,0.02199,0.80273
CVE-2019-9950,0.01018,0.38792
CVE-2019-9951,0.01018,0.38792
CVE-2019-9955,0.02173,0.80027
CVE-2019-9956,0.0364,0.8426
CVE-2019-9957,0.01055,0.50287
CVE-2019-9958,0.01055,0.50287
CVE-2019-9959,0.01108,0.53389
CVE-2019-9960,0.00885,0.26162
CVE-2019-9961,0.01055,0.50287
CVE-2019-9962,0.01055,0.50287
CVE-2019-9963,0.01055,0.50287
CVE-2019-9964,0.01055,0.50287
CVE-2019-9965,0.01055,0.50287
CVE-2019-9966,0.01055,0.50287
CVE-2019-9967,0.01055,0.50287
CVE-2019-9968,0.01055,0.50287
CVE-2019-9969,0.01055,0.50287
CVE-2019-9970,0.00885,0.26162
CVE-2019-9971,0.0089,0.2856
CVE-2019-9972,0.00885,0.26162
CVE-2019-9974,0.01136,0.57949
CVE-2019-9975,0.00954,0.34522
CVE-2019-9976,0.00885,0.26162
CVE-2019-9977,0.02509,0.81058
CVE-2018-0001,0.05634,0.89764
CVE-2018-0002,0.00885,0.26162
CVE-2018-0003,0.00954,0.34522
CVE-2018-0004,0.00885,0.26162
CVE-2018-0005,0.00885,0.26162
CVE-2018-0006,0.00885,0.26162
CVE-2018-0007,0.00885,0.26162
CVE-2018-0008,0.0089,0.2856
CVE-2018-0009,0.00954,0.34522
CVE-2018-0010,0.00885,0.26162
CVE-2018-0011,0.01055,0.50287
CVE-2018-0012,0.00885,0.26162
CVE-2018-0013,0.00885,0.26162
CVE-2018-0014,0.00885,0.26162
CVE-2018-0015,0.00885,0.26162
CVE-2018-0016,0.04571,0.88388
CVE-2018-0017,0.0089,0.2856
CVE-2018-0018,0.00954,0.34522
CVE-2018-0019,0.01055,0.50287
CVE-2018-0020,0.00885,0.26162
CVE-2018-0021,0.00885,0.26162
CVE-2018-0022,0.00954,0.34522
CVE-2018-0023,0.00885,0.26162
CVE-2018-0024,0.0089,0.2856
CVE-2018-0025,0.01108,0.53389
CVE-2018-0026,0.00954,0.34522
CVE-2018-0027,0.00954,0.34522
CVE-2018-0029,0.00885,0.26162
CVE-2018-0030,0.00954,0.34522
CVE-2018-0031,0.00885,0.26162
CVE-2018-0032,0.00885,0.26162
CVE-2018-0034,0.00954,0.34522
CVE-2018-0035,0.00885,0.26162
CVE-2018-0037,0.01885,0.76424
CVE-2018-0038,0.00885,0.26162
CVE-2018-0039,0.00885,0.26162
CVE-2018-0040,0.00885,0.26162
CVE-2018-0041,0.00885,0.26162
CVE-2018-0042,0.00885,0.26162
CVE-2018-0043,0.01799,0.76031
CVE-2018-0044,0.00885,0.26162
CVE-2018-0045,0.01799,0.76031
CVE-2018-0046,0.01018,0.38792
CVE-2018-0047,0.00885,0.26162
CVE-2018-0048,0.00954,0.34522
CVE-2018-0049,0.01018,0.38792
CVE-2018-0050,0.00954,0.34522
CVE-2018-0051,0.00885,0.26162
CVE-2018-0052,0.01055,0.50287
CVE-2018-0053,0.00885,0.26162
CVE-2018-0054,0.00885,0.26162
CVE-2018-0055,0.00885,0.26162
CVE-2018-0056,0.00885,0.26162
CVE-2018-0057,0.00885,0.26162
CVE-2018-0058,0.00885,0.26162
CVE-2018-0059,0.01055,0.50287
CVE-2018-0060,0.00885,0.26162
CVE-2018-0061,0.01055,0.50287
CVE-2018-0062,0.01055,0.50287
CVE-2018-0063,0.00885,0.26162
CVE-2018-0086,0.01136,0.57949
CVE-2018-0087,0.01136,0.57949
CVE-2018-0088,0.01005,0.36332
CVE-2018-0089,0.01055,0.50287
CVE-2018-0090,0.01136,0.57949
CVE-2018-0091,0.01136,0.57949
CVE-2018-0092,0.0089,0.2856
CVE-2018-0093,0.01136,0.57949
CVE-2018-0094,0.01136,0.57949
CVE-2018-0095,0.0095,0.30554
CVE-2018-0096,0.01061,0.51015
CVE-2018-0097,0.01136,0.57949
CVE-2018-0098,0.01055,0.50287
CVE-2018-0099,0.01055,0.50287
CVE-2018-0100,0.0089,0.2856
CVE-2018-0102,0.00954,0.34522
CVE-2018-0103,0.01005,0.36332
CVE-2018-0104,0.01689,0.75137
CVE-2018-0105,0.01136,0.57949
CVE-2018-0106,0.00885,0.26162
CVE-2018-0107,0.01136,0.57949
CVE-2018-0108,0.01136,0.57949
CVE-2018-0109,0.01061,0.51015
CVE-2018-0110,0.01061,0.51015
CVE-2018-0111,0.01136,0.57949
CVE-2018-0112,0.03917,0.84989
CVE-2018-0113,0.01061,0.51015
CVE-2018-0115,0.0089,0.2856
CVE-2018-0116,0.01055,0.50287
CVE-2018-0117,0.01055,0.50287
CVE-2018-0118,0.01136,0.57949
CVE-2018-0119,0.01055,0.50287
CVE-2018-0120,0.01061,0.51015
CVE-2018-0121,0.01055,0.50287
CVE-2018-0122,0.0089,0.2856
CVE-2018-0123,0.0089,0.2856
CVE-2018-0124,0.05634,0.89764
CVE-2018-0125,0.03693,0.843
CVE-2018-0127,0.01136,0.57949
CVE-2018-0128,0.01055,0.50287
CVE-2018-0129,0.01055,0.50287
CVE-2018-0130,0.01055,0.50287
CVE-2018-0131,0.01136,0.57949
CVE-2018-0132,0.01136,0.57949
CVE-2018-0134,0.01055,0.50287
CVE-2018-0135,0.01061,0.51015
CVE-2018-0136,0.01136,0.57949
CVE-2018-0137,0.01055,0.50287
CVE-2018-0138,0.01055,0.50287
CVE-2018-0139,0.01136,0.57949
CVE-2018-0140,0.01132,0.54372
CVE-2018-0141,0.00954,0.34522
CVE-2018-0144,0.01136,0.57949
CVE-2018-0145,0.01055,0.50287
CVE-2018-0146,0.01055,0.50287
CVE-2018-0147,0.01136,0.57949
CVE-2018-0148,0.01136,0.57949
CVE-2018-0149,0.01061,0.51015
CVE-2018-0150,0.01136,0.57949
CVE-2018-0151,0.03693,0.843
CVE-2018-0152,0.01061,0.51015
CVE-2018-0154,0.01136,0.57949
CVE-2018-0155,0.01213,0.6557
CVE-2018-0156,0.01213,0.6557
CVE-2018-0157,0.01136,0.57949
CVE-2018-0158,0.01213,0.6557
CVE-2018-0159,0.01136,0.57949
CVE-2018-0160,0.01061,0.51015
CVE-2018-0161,0.01061,0.51015
CVE-2018-0163,0.00885,0.26162
CVE-2018-0164,0.01055,0.50287
CVE-2018-0165,0.00954,0.34522
CVE-2018-0167,0.01642,0.74929
CVE-2018-0169,0.0089,0.2856
CVE-2018-0170,0.01136,0.57949
CVE-2018-0171,0.22914,0.96486
CVE-2018-0172,0.01319,0.70416
CVE-2018-0173,0.01319,0.70416
CVE-2018-0174,0.01319,0.70416
CVE-2018-0175,0.01642,0.74929
CVE-2018-0176,0.0089,0.2856
CVE-2018-0177,0.01136,0.57949
CVE-2018-0179,0.01055,0.50287
CVE-2018-0180,0.01055,0.50287
CVE-2018-0181,0.01055,0.50287
CVE-2018-0182,0.01005,0.36332
CVE-2018-0183,0.00885,0.26162
CVE-2018-0184,0.00885,0.26162
CVE-2018-0185,0.01005,0.36332
CVE-2018-0186,0.01055,0.50287
CVE-2018-0187,0.01055,0.50287
CVE-2018-0188,0.01055,0.50287
CVE-2018-0189,0.00885,0.26162
CVE-2018-0190,0.01055,0.50287
CVE-2018-0193,0.01005,0.36332
CVE-2018-0194,0.01005,0.36332
CVE-2018-0195,0.01055,0.50287
CVE-2018-0196,0.01055,0.50287
CVE-2018-0197,0.00885,0.26162
CVE-2018-0198,0.01136,0.57949
CVE-2018-0199,0.04836,0.88802
CVE-2018-0200,0.01136,0.57949
CVE-2018-0201,0.01061,0.51015
CVE-2018-0202,0.01319,0.70416
CVE-2018-0203,0.01136,0.57949
CVE-2018-0204,0.01136,0.57949
CVE-2018-0205,0.01136,0.57949
CVE-2018-0206,0.01136,0.57949
CVE-2018-0207,0.01136,0.57949
CVE-2018-0208,0.01055,0.50287
CVE-2018-0209,0.01055,0.50287
CVE-2018-0210,0.01136,0.57949
CVE-2018-0211,0.0089,0.2856
CVE-2018-0212,0.01136,0.57949
CVE-2018-0213,0.01061,0.51015
CVE-2018-0214,0.01011,0.36346
CVE-2018-0215,0.01136,0.57949
CVE-2018-0216,0.01136,0.57949
CVE-2018-0217,0.01011,0.36346
CVE-2018-0218,0.01136,0.57949
CVE-2018-0219,0.01136,0.57949
CVE-2018-0220,0.01055,0.50287
CVE-2018-0221,0.01011,0.36346
CVE-2018-0222,0.01055,0.50287
CVE-2018-0223,0.01136,0.57949
CVE-2018-0224,0.0089,0.2856
CVE-2018-0225,0.00885,0.26162
CVE-2018-0226,0.01061,0.51015
CVE-2018-0227,0.01213,0.6557
CVE-2018-0228,0.01213,0.6557
CVE-2018-0229,0.01213,0.6557
CVE-2018-0230,0.01055,0.50287
CVE-2018-0231,0.01136,0.57949
CVE-2018-0233,0.01055,0.50287
CVE-2018-0234,0.01213,0.6557
CVE-2018-0235,0.00885,0.26162
CVE-2018-0237,0.01055,0.50287
CVE-2018-0238,0.01061,0.51015
CVE-2018-0239,0.01136,0.57949
CVE-2018-0240,0.01213,0.6557
CVE-2018-0241,0.00954,0.34522
CVE-2018-0242,0.01136,0.57949
CVE-2018-0243,0.01055,0.50287
CVE-2018-0244,0.01055,0.50287
CVE-2018-0245,0.01136,0.57949
CVE-2018-0247,0.01018,0.38792
CVE-2018-0248,0.01055,0.50287
CVE-2018-0249,0.00885,0.26162
CVE-2018-0250,0.00885,0.26162
CVE-2018-0251,0.01136,0.57949
CVE-2018-0252,0.01055,0.50287
CVE-2018-0253,0.01136,0.57949
CVE-2018-0254,0.01055,0.50287
CVE-2018-0255,0.01055,0.50287
CVE-2018-0256,0.01055,0.50287
CVE-2018-0257,0.00954,0.34522
CVE-2018-0258,0.01136,0.57949
CVE-2018-0259,0.01055,0.50287
CVE-2018-0260,0.01055,0.50287
CVE-2018-0262,0.05634,0.89764
CVE-2018-0263,0.00954,0.34522
CVE-2018-0264,0.01689,0.75137
CVE-2018-0266,0.01061,0.51015
CVE-2018-0267,0.0089,0.2856
CVE-2018-0268,0.01055,0.50287
CVE-2018-0269,0.01055,0.50287
CVE-2018-0270,0.01055,0.50287
CVE-2018-0271,0.01055,0.50287
CVE-2018-0272,0.01055,0.50287
CVE-2018-0273,0.01136,0.57949
CVE-2018-0274,0.01055,0.50287
CVE-2018-0275,0.00885,0.26162
CVE-2018-0276,0.01055,0.50287
CVE-2018-0277,0.01136,0.57949
CVE-2018-0278,0.01055,0.50287
CVE-2018-0279,0.01978,0.78447
CVE-2018-0280,0.01136,0.57949
CVE-2018-0281,0.01055,0.50287
CVE-2018-0282,0.01055,0.50287
CVE-2018-0283,0.01055,0.50287
CVE-2018-0284,0.01055,0.50287
CVE-2018-0285,0.01061,0.51015
CVE-2018-0286,0.01136,0.57949
CVE-2018-0287,0.04836,0.88802
CVE-2018-0288,0.01136,0.57949
CVE-2018-0289,0.01136,0.57949
CVE-2018-0290,0.01055,0.50287
CVE-2018-0291,0.01055,0.50287
CVE-2018-0292,0.01005,0.36332
CVE-2018-0293,0.01061,0.51015
CVE-2018-0294,0.00885,0.26162
CVE-2018-0295,0.01055,0.50287
CVE-2018-0297,0.01055,0.50287
CVE-2018-0298,0.01055,0.50287
CVE-2018-0299,0.01055,0.50287
CVE-2018-0300,0.01978,0.78447
CVE-2018-0301,0.05634,0.89764
CVE-2018-0302,0.01036,0.41241
CVE-2018-0303,0.01005,0.36332
CVE-2018-0304,0.03693,0.843
CVE-2018-0305,0.01055,0.50287
CVE-2018-0306,0.00885,0.26162
CVE-2018-0307,0.00885,0.26162
CVE-2018-0308,0.03693,0.843
CVE-2018-0309,0.01055,0.50287
CVE-2018-0310,0.01055,0.50287
CVE-2018-0311,0.01055,0.50287
CVE-2018-0312,0.03693,0.843
CVE-2018-0313,0.01055,0.50287
CVE-2018-0314,0.05634,0.89764
CVE-2018-0315,0.03693,0.843
CVE-2018-0316,0.01055,0.50287
CVE-2018-0317,0.01061,0.51015
CVE-2018-0318,0.01136,0.57949
CVE-2018-0319,0.01136,0.57949
CVE-2018-0320,0.01136,0.57949
CVE-2018-0321,0.01136,0.57949
CVE-2018-0322,0.01061,0.51015
CVE-2018-0323,0.01055,0.50287
CVE-2018-0324,0.01005,0.35949
CVE-2018-0325,0.01136,0.57949
CVE-2018-0326,0.01136,0.57949
CVE-2018-0327,0.01136,0.57949
CVE-2018-0328,0.01213,0.6557
CVE-2018-0329,0.01136,0.57949
CVE-2018-0330,0.01055,0.50287
CVE-2018-0331,0.00885,0.26162
CVE-2018-0332,0.01136,0.57949
CVE-2018-0333,0.01055,0.50287
CVE-2018-0334,0.01136,0.57949
CVE-2018-0335,0.0089,0.2856
CVE-2018-0336,0.01061,0.51015
CVE-2018-0337,0.00885,0.26162
CVE-2018-0338,0.0089,0.2856
CVE-2018-0339,0.01136,0.57949
CVE-2018-0340,0.01061,0.51015
CVE-2018-0341,0.01061,0.51015
CVE-2018-0342,0.01005,0.36332
CVE-2018-0343,0.01885,0.76424
CVE-2018-0344,0.01055,0.50287
CVE-2018-0345,0.01055,0.50287
CVE-2018-0346,0.01055,0.50287
CVE-2018-0347,0.00885,0.26162
CVE-2018-0348,0.01055,0.50287
CVE-2018-0349,0.01055,0.50287
CVE-2018-0350,0.01055,0.50287
CVE-2018-0351,0.00885,0.26162
CVE-2018-0352,0.0089,0.2856
CVE-2018-0353,0.01136,0.57949
CVE-2018-0354,0.01136,0.57949
CVE-2018-0355,0.01136,0.57949
CVE-2018-0356,0.01136,0.57949
CVE-2018-0357,0.01136,0.57949
CVE-2018-0358,0.01136,0.57949
CVE-2018-0359,0.0089,0.2856
CVE-2018-0360,0.01108,0.53389
CVE-2018-0361,0.01018,0.38792
CVE-2018-0362,0.00885,0.26162
CVE-2018-0363,0.01136,0.57949
CVE-2018-0364,0.01055,0.50287
CVE-2018-0365,0.01055,0.50287
CVE-2018-0366,0.01136,0.57949
CVE-2018-0367,0.01055,0.50287
CVE-2018-0368,0.00885,0.26162
CVE-2018-0369,0.01055,0.50287
CVE-2018-0370,0.01055,0.50287
CVE-2018-0371,0.01061,0.51015
CVE-2018-0372,0.01055,0.50287
CVE-2018-0373,0.0089,0.2856
CVE-2018-0374,0.01055,0.50287
CVE-2018-0375,0.01055,0.50287
CVE-2018-0376,0.01055,0.50287
CVE-2018-0377,0.01055,0.50287
CVE-2018-0378,0.01136,0.57949
CVE-2018-0379,0.01559,0.742
CVE-2018-0380,0.00954,0.34522
CVE-2018-0381,0.0089,0.2856
CVE-2018-0382,0.01055,0.50287
CVE-2018-0383,0.01136,0.57949
CVE-2018-0384,0.01136,0.57949
CVE-2018-0385,0.01055,0.50287
CVE-2018-0386,0.01136,0.57949
CVE-2018-0387,0.01689,0.75137
CVE-2018-0388,0.01061,0.51015
CVE-2018-0389,0.01055,0.50287
CVE-2018-0390,0.01055,0.50287
CVE-2018-0391,0.01061,0.51015
CVE-2018-0392,0.00885,0.26162
CVE-2018-0393,0.01055,0.50287
CVE-2018-0394,0.01055,0.50287
CVE-2018-0395,0.00954,0.34522
CVE-2018-0396,0.01213,0.6557
CVE-2018-0397,0.01055,0.50287
CVE-2018-0398,0.01055,0.50287
CVE-2018-0399,0.01055,0.50287
CVE-2018-0400,0.01055,0.50287
CVE-2018-0401,0.01055,0.50287
CVE-2018-0402,0.01055,0.50287
CVE-2018-0403,0.01055,0.50287
CVE-2018-0404,0.01055,0.50287
CVE-2018-0405,0.01055,0.50287
CVE-2018-0406,0.01136,0.57949
CVE-2018-0407,0.01055,0.50287
CVE-2018-0408,0.01055,0.50287
CVE-2018-0409,0.01213,0.6557
CVE-2018-0410,0.01136,0.57949
CVE-2018-0411,0.01136,0.57949
CVE-2018-0412,0.00885,0.26162
CVE-2018-0413,0.01136,0.57949
CVE-2018-0414,0.01061,0.51015
CVE-2018-0415,0.00885,0.26162
CVE-2018-0416,0.01136,0.57949
CVE-2018-0417,0.0089,0.2856
CVE-2018-0418,0.01136,0.57949
CVE-2018-0419,0.01136,0.57949
CVE-2018-0420,0.01061,0.51015
CVE-2018-0421,0.01136,0.57949
CVE-2018-0422,0.03917,0.84989
CVE-2018-0423,0.03693,0.843
CVE-2018-0424,0.01055,0.50287
CVE-2018-0425,0.01055,0.50287
CVE-2018-0426,0.01055,0.50287
CVE-2018-0427,0.01055,0.50287
CVE-2018-0428,0.0089,0.2856
CVE-2018-0429,0.01005,0.36332
CVE-2018-0430,0.01055,0.50287
CVE-2018-0431,0.01055,0.50287
CVE-2018-0432,0.01055,0.50287
CVE-2018-0433,0.00885,0.26162
CVE-2018-0434,0.01055,0.50287
CVE-2018-0435,0.01055,0.50287
CVE-2018-0436,0.01055,0.50287
CVE-2018-0437,0.0089,0.2856
CVE-2018-0438,0.0089,0.2856
CVE-2018-0439,0.01136,0.57949
CVE-2018-0440,0.00885,0.26162
CVE-2018-0441,0.00954,0.34522
CVE-2018-0442,0.01136,0.57949
CVE-2018-0443,0.01136,0.57949
CVE-2018-0444,0.01055,0.50287
CVE-2018-0445,0.01055,0.50287
CVE-2018-0446,0.01055,0.50287
CVE-2018-0447,0.01136,0.57949
CVE-2018-0448,0.01055,0.50287
CVE-2018-0449,0.00885,0.26162
CVE-2018-0450,0.01055,0.50287
CVE-2018-0451,0.01055,0.50287
CVE-2018-0452,0.01055,0.50287
CVE-2018-0453,0.00885,0.26162
CVE-2018-0454,0.01055,0.50287
CVE-2018-0455,0.01055,0.50287
CVE-2018-0456,0.01061,0.51015
CVE-2018-0457,0.01136,0.57949
CVE-2018-0458,0.01136,0.57949
CVE-2018-0459,0.01055,0.50287
CVE-2018-0460,0.01055,0.50287
CVE-2018-0461,0.01055,0.50287
CVE-2018-0462,0.01055,0.50287
CVE-2018-0463,0.01055,0.50287
CVE-2018-0464,0.01132,0.54372
CVE-2018-0465,0.01055,0.50287
CVE-2018-0466,0.01018,0.38792
CVE-2018-0467,0.01136,0.57949
CVE-2018-0468,0.0089,0.2856
CVE-2018-0469,0.01136,0.57949
CVE-2018-0470,0.01213,0.6557
CVE-2018-0471,0.00954,0.34522
CVE-2018-0472,0.01213,0.6557
CVE-2018-0473,0.01213,0.6557
CVE-2018-0474,0.01055,0.50287
CVE-2018-0475,0.00954,0.34522
CVE-2018-0476,0.01213,0.6557
CVE-2018-0477,0.00885,0.26162
CVE-2018-0480,0.00954,0.34522
CVE-2018-0481,0.00885,0.26162
CVE-2018-0482,0.01055,0.50287
CVE-2018-0483,0.01055,0.50287
CVE-2018-0484,0.00885,0.26162
CVE-2018-0485,0.01213,0.6557
CVE-2018-0486,0.01213,0.6557
CVE-2018-0487,0.04429,0.87632
CVE-2018-0488,0.04429,0.87632
CVE-2018-0489,0.01319,0.70416
CVE-2018-0490,0.01136,0.57949
CVE-2018-0491,0.08382,0.93597
CVE-2018-0492,0.02115,0.79119
CVE-2018-0493,0.02199,0.80273
CVE-2018-0494,0.18327,0.96125
CVE-2018-0495,0.01547,0.74085
CVE-2018-0496,0.00954,0.34522
CVE-2018-0497,0.01213,0.6557
CVE-2018-0498,0.0095,0.30554
CVE-2018-0499,0.00954,0.34522
CVE-2018-0500,0.01108,0.53389
CVE-2018-0501,0.01018,0.38792
CVE-2018-0502,0.01108,0.53389
CVE-2018-0503,0.01034,0.39824
CVE-2018-0504,0.01034,0.39824
CVE-2018-0505,0.01034,0.39824
CVE-2018-0506,0.01055,0.50287
CVE-2018-0507,0.00885,0.26162
CVE-2018-0508,0.00885,0.26162
CVE-2018-0509,0.00885,0.26162
CVE-2018-0510,0.01055,0.50287
CVE-2018-0511,0.00885,0.26162
CVE-2018-0512,0.00885,0.26162
CVE-2018-0513,0.01055,0.50287
CVE-2018-0514,0.01055,0.50287
CVE-2018-0515,0.00885,0.26162
CVE-2018-0516,0.00885,0.26162
CVE-2018-0517,0.00885,0.26162
CVE-2018-0518,0.00885,0.26162
CVE-2018-0519,0.00885,0.26162
CVE-2018-0520,0.00885,0.26162
CVE-2018-0521,0.00885,0.26162
CVE-2018-0522,0.01005,0.36332
CVE-2018-0523,0.00885,0.26162
CVE-2018-0524,0.01978,0.78447
CVE-2018-0525,0.01055,0.50287
CVE-2018-0526,0.01055,0.50287
CVE-2018-0527,0.01055,0.50287
CVE-2018-0528,0.00885,0.26162
CVE-2018-0529,0.01055,0.50287
CVE-2018-0530,0.01055,0.50287
CVE-2018-0531,0.01055,0.50287
CVE-2018-0532,0.01055,0.50287
CVE-2018-0533,0.01055,0.50287
CVE-2018-0534,0.00885,0.26162
CVE-2018-0535,0.00885,0.26162
CVE-2018-0536,0.00885,0.26162
CVE-2018-0537,0.00885,0.26162
CVE-2018-0538,0.00885,0.26162
CVE-2018-0539,0.00885,0.26162
CVE-2018-0540,0.00885,0.26162
CVE-2018-0541,0.01086,0.51674
CVE-2018-0542,0.00885,0.26162
CVE-2018-0543,0.00885,0.26162
CVE-2018-0544,0.00885,0.26162
CVE-2018-0545,0.01055,0.50287
CVE-2018-0546,0.00954,0.34522
CVE-2018-0547,0.00954,0.34522
CVE-2018-0548,0.01055,0.50287
CVE-2018-0549,0.01055,0.50287
CVE-2018-0550,0.01055,0.50287
CVE-2018-0551,0.01055,0.50287
CVE-2018-0552,0.00885,0.26162
CVE-2018-0553,0.00885,0.26162
CVE-2018-0554,0.00885,0.26162
CVE-2018-0555,0.01005,0.36332
CVE-2018-0556,0.00885,0.26162
CVE-2018-0557,0.01055,0.50287
CVE-2018-0558,0.01055,0.50287
CVE-2018-0559,0.01055,0.50287
CVE-2018-0560,0.01055,0.50287
CVE-2018-0561,0.00885,0.26162
CVE-2018-0562,0.00885,0.26162
CVE-2018-0563,0.00954,0.34522
CVE-2018-0564,0.01055,0.50287
CVE-2018-0565,0.01055,0.50287
CVE-2018-0566,0.00885,0.26162
CVE-2018-0567,0.00885,0.26162
CVE-2018-0568,0.01055,0.50287
CVE-2018-0569,0.01055,0.50287
CVE-2018-0570,0.01055,0.50287
CVE-2018-0571,0.01055,0.50287
CVE-2018-0572,0.01055,0.50287
CVE-2018-0573,0.01055,0.50287
CVE-2018-0574,0.01055,0.50287
CVE-2018-0575,0.01055,0.50287
CVE-2018-0576,0.01061,0.51015
CVE-2018-0577,0.01061,0.51015
CVE-2018-0578,0.01055,0.50287
CVE-2018-0579,0.01055,0.50287
CVE-2018-0580,0.01136,0.57949
CVE-2018-0581,0.01055,0.50287
CVE-2018-0582,0.01055,0.50287
CVE-2018-0583,0.01055,0.50287
CVE-2018-0584,0.01055,0.50287
CVE-2018-0585,0.01061,0.51015
CVE-2018-0586,0.01061,0.51015
CVE-2018-0587,0.01061,0.51015
CVE-2018-0588,0.01136,0.57949
CVE-2018-0589,0.01061,0.51015
CVE-2018-0590,0.01061,0.51015
CVE-2018-0591,0.00954,0.34522
CVE-2018-0592,0.10669,0.94417
CVE-2018-0593,0.10669,0.94417
CVE-2018-0594,0.10669,0.94417
CVE-2018-0595,0.10669,0.94417
CVE-2018-0596,0.10669,0.94417
CVE-2018-0597,0.10669,0.94417
CVE-2018-0598,0.09539,0.93976
CVE-2018-0599,0.09539,0.93976
CVE-2018-0600,0.00885,0.26162
CVE-2018-0601,0.00885,0.26162
CVE-2018-0602,0.01136,0.57949
CVE-2018-0603,0.01136,0.57949
CVE-2018-0604,0.01156,0.60033
CVE-2018-0605,0.01055,0.50287
CVE-2018-0606,0.01055,0.50287
CVE-2018-0607,0.01055,0.50287
CVE-2018-0608,0.01885,0.76424
CVE-2018-0609,0.00885,0.26162
CVE-2018-0610,0.01978,0.78447
CVE-2018-0611,0.00885,0.26162
CVE-2018-0612,0.01055,0.50287
CVE-2018-0613,0.01055,0.50287
CVE-2018-0614,0.01055,0.50287
CVE-2018-0617,0.01055,0.50287
CVE-2018-0618,0.01232,0.66248
CVE-2018-0619,0.00885,0.26162
CVE-2018-0620,0.00885,0.26162
CVE-2018-0621,0.00885,0.26162
CVE-2018-0622,0.00885,0.26162
CVE-2018-0623,0.00885,0.26162
CVE-2018-0625,0.00885,0.26162
CVE-2018-0626,0.00885,0.26162
CVE-2018-0627,0.00885,0.26162
CVE-2018-0628,0.00885,0.26162
CVE-2018-0629,0.00885,0.26162
CVE-2018-0630,0.00885,0.26162
CVE-2018-0631,0.00885,0.26162
CVE-2018-0632,0.0144,0.7265
CVE-2018-0633,0.0144,0.7265
CVE-2018-0634,0.00885,0.26162
CVE-2018-0635,0.00885,0.26162
CVE-2018-0636,0.00885,0.26162
CVE-2018-0637,0.00885,0.26162
CVE-2018-0638,0.00885,0.26162
CVE-2018-0639,0.00885,0.26162
CVE-2018-0640,0.0144,0.7265
CVE-2018-0641,0.0144,0.7265
CVE-2018-0642,0.01055,0.50287
CVE-2018-0643,0.00885,0.26162
CVE-2018-0644,0.00885,0.26162
CVE-2018-0645,0.02509,0.81058
CVE-2018-0646,0.00885,0.26162
CVE-2018-0647,0.01055,0.50287
CVE-2018-0648,0.00885,0.26162
CVE-2018-0649,0.00885,0.26162
CVE-2018-0650,0.00954,0.34522
CVE-2018-0651,0.01136,0.57949
CVE-2018-0652,0.01055,0.50287
CVE-2018-0653,0.01055,0.50287
CVE-2018-0654,0.01055,0.50287
CVE-2018-0655,0.01055,0.50287
CVE-2018-0656,0.00885,0.26162
CVE-2018-0657,0.00885,0.26162
CVE-2018-0658,0.00885,0.26162
CVE-2018-0659,0.00885,0.26162
CVE-2018-0660,0.00885,0.26162
CVE-2018-0661,0.00885,0.26162
CVE-2018-0662,0.01005,0.36332
CVE-2018-0663,0.01055,0.50287
CVE-2018-0664,0.00885,0.26162
CVE-2018-0665,0.0095,0.30554
CVE-2018-0666,0.0095,0.30554
CVE-2018-0667,0.00885,0.26162
CVE-2018-0668,0.01055,0.50287
CVE-2018-0669,0.01055,0.50287
CVE-2018-0670,0.01055,0.50287
CVE-2018-0671,0.01005,0.36332
CVE-2018-0672,0.01055,0.50287
CVE-2018-0673,0.00885,0.26162
CVE-2018-0674,0.01005,0.36332
CVE-2018-0675,0.01005,0.36332
CVE-2018-0676,0.00885,0.26162
CVE-2018-0677,0.00885,0.26162
CVE-2018-0678,0.01005,0.36332
CVE-2018-0679,0.00885,0.26162
CVE-2018-0680,0.01136,0.57949
CVE-2018-0681,0.01136,0.57949
CVE-2018-0682,0.01136,0.57949
CVE-2018-0683,0.05634,0.89764
CVE-2018-0684,0.05634,0.89764
CVE-2018-0685,0.01061,0.51015
CVE-2018-0686,0.01061,0.51015
CVE-2018-0687,0.01136,0.57949
CVE-2018-0688,0.01055,0.50287
CVE-2018-0689,0.01055,0.50287
CVE-2018-0690,0.00885,0.26162
CVE-2018-0691,0.01018,0.38792
CVE-2018-0692,0.00885,0.26162
CVE-2018-0693,0.01055,0.50287
CVE-2018-0694,0.01055,0.50287
CVE-2018-0695,0.01055,0.50287
CVE-2018-0696,0.01061,0.51015
CVE-2018-0697,0.01055,0.50287
CVE-2018-0698,0.01055,0.50287
CVE-2018-0699,0.01055,0.50287
CVE-2018-0700,0.00885,0.26162
CVE-2018-0701,0.00885,0.26162
CVE-2018-0702,0.01055,0.50287
CVE-2018-0703,0.01055,0.50287
CVE-2018-0704,0.01055,0.50287
CVE-2018-0705,0.01055,0.50287
CVE-2018-0706,0.01034,0.39824
CVE-2018-0707,0.02396,0.8071
CVE-2018-0709,0.02396,0.8071
CVE-2018-0710,0.02396,0.8071
CVE-2018-0711,0.01055,0.50287
CVE-2018-0712,0.01055,0.50287
CVE-2018-0714,0.01055,0.50287
CVE-2018-0715,0.08382,0.93597
CVE-2018-0716,0.01055,0.50287
CVE-2018-0718,0.01055,0.50287
CVE-2018-0719,0.00885,0.26162
CVE-2018-0721,0.00885,0.26162
CVE-2018-0722,0.01055,0.50287
CVE-2018-0723,0.01055,0.50287
CVE-2018-0724,0.01055,0.50287
CVE-2018-0728,0.00885,0.26162
CVE-2018-0729,0.02055,0.7893
CVE-2018-0730,0.02055,0.7893
CVE-2018-0732,0.0472,0.88691
CVE-2018-0733,0.0472,0.88691
CVE-2018-0734,0.0472,0.88691
CVE-2018-0735,0.0472,0.88691
CVE-2018-0737,0.0472,0.88691
CVE-2018-0739,0.0472,0.88691
CVE-2018-0741,0.06416,0.90604
CVE-2018-0742,0.01418,0.72341
CVE-2018-0743,0.02342,0.80639
CVE-2018-0744,0.02185,0.80059
CVE-2018-0745,0.02185,0.80059
CVE-2018-0746,0.02185,0.80059
CVE-2018-0747,0.01418,0.72341
CVE-2018-0748,0.02342,0.80639
CVE-2018-0749,0.02342,0.80639
CVE-2018-0750,0.01418,0.72341
CVE-2018-0751,0.02185,0.80059
CVE-2018-0752,0.02185,0.80059
CVE-2018-0753,0.06416,0.90604
CVE-2018-0754,0.01418,0.72341
CVE-2018-0755,0.01418,0.72341
CVE-2018-0756,0.01418,0.72341
CVE-2018-0757,0.01418,0.72341
CVE-2018-0758,0.88138,0.99788
CVE-2018-0760,0.01418,0.72341
CVE-2018-0761,0.01418,0.72341
CVE-2018-0762,0.21363,0.96383
CVE-2018-0763,0.06416,0.90604
CVE-2018-0764,0.08761,0.93662
CVE-2018-0765,0.06416,0.90604
CVE-2018-0766,0.06416,0.90604
CVE-2018-0767,0.46217,0.98304
CVE-2018-0768,0.10622,0.94405
CVE-2018-0769,0.88138,0.99788
CVE-2018-0770,0.88138,0.99788
CVE-2018-0771,0.06416,0.90604
CVE-2018-0772,0.21363,0.96383
CVE-2018-0773,0.10622,0.94405
CVE-2018-0774,0.88138,0.99788
CVE-2018-0775,0.88138,0.99788
CVE-2018-0776,0.88138,0.99788
CVE-2018-0777,0.88138,0.99788
CVE-2018-0778,0.10622,0.94405
CVE-2018-0780,0.46217,0.98304
CVE-2018-0781,0.10622,0.94405
CVE-2018-0784,0.06416,0.90604
CVE-2018-0785,0.06416,0.90604
CVE-2018-0786,0.06416,0.90604
CVE-2018-0787,0.11247,0.94653
CVE-2018-0788,0.01418,0.72341
CVE-2018-0789,0.01418,0.72341
CVE-2018-0790,0.01418,0.72341
CVE-2018-0791,0.34599,0.97683
CVE-2018-0792,0.34599,0.97683
CVE-2018-0793,0.34599,0.97683
CVE-2018-0794,0.34599,0.97683
CVE-2018-0795,0.34599,0.97683
CVE-2018-0796,0.34599,0.97683
CVE-2018-0797,0.34599,0.97683
CVE-2018-0799,0.06416,0.90604
CVE-2018-0800,0.06416,0.90604
CVE-2018-0801,0.34599,0.97683
CVE-2018-0803,0.06416,0.90604
CVE-2018-0804,0.34599,0.97683
CVE-2018-0805,0.34599,0.97683
CVE-2018-0806,0.34599,0.97683
CVE-2018-0807,0.34599,0.97683
CVE-2018-0808,0.06416,0.90604
CVE-2018-0809,0.01418,0.72341
CVE-2018-0810,0.01418,0.72341
CVE-2018-0811,0.01418,0.72341
CVE-2018-0812,0.34599,0.97683
CVE-2018-0813,0.01418,0.72341
CVE-2018-0814,0.01418,0.72341
CVE-2018-0815,0.01418,0.72341
CVE-2018-0816,0.01418,0.72341
CVE-2018-0817,0.01418,0.72341
CVE-2018-0818,0.05708,0.89834
CVE-2018-0819,0.06416,0.90604
CVE-2018-0820,0.01418,0.72341
CVE-2018-0821,0.02185,0.80059
CVE-2018-0822,0.02185,0.80059
CVE-2018-0823,0.02185,0.80059
CVE-2018-0825,0.34599,0.97683
CVE-2018-0826,0.02185,0.80059
CVE-2018-0827,0.01418,0.72341
CVE-2018-0828,0.01418,0.72341
CVE-2018-0829,0.01418,0.72341
CVE-2018-0830,0.01418,0.72341
CVE-2018-0831,0.01418,0.72341
CVE-2018-0832,0.02185,0.80059
CVE-2018-0833,0.08318,0.9328
CVE-2018-0834,0.90212,0.99849
CVE-2018-0835,0.90212,0.99849
CVE-2018-0836,0.34599,0.97683
CVE-2018-0837,0.90212,0.99849
CVE-2018-0838,0.90212,0.99849
CVE-2018-0839,0.06416,0.90604
CVE-2018-0840,0.90474,0.99855
CVE-2018-0841,0.34599,0.97683
CVE-2018-0842,0.01418,0.72341
CVE-2018-0843,0.01418,0.72341
CVE-2018-0844,0.01418,0.72341
CVE-2018-0845,0.13961,0.95597
CVE-2018-0846,0.01418,0.72341
CVE-2018-0847,0.06416,0.90604
CVE-2018-0848,0.14545,0.95639
CVE-2018-0849,0.14545,0.95639
CVE-2018-0850,0.06416,0.90604
CVE-2018-0851,0.34599,0.97683
CVE-2018-0852,0.34599,0.97683
CVE-2018-0853,0.06416,0.90604
CVE-2018-0854,0.01418,0.72341
CVE-2018-0855,0.06416,0.90604
CVE-2018-0856,0.34599,0.97683
CVE-2018-0857,0.34599,0.97683
CVE-2018-0858,0.34599,0.97683
CVE-2018-0859,0.34599,0.97683
CVE-2018-0860,0.90212,0.99849
CVE-2018-0861,0.34599,0.97683
CVE-2018-0862,0.14545,0.95639
CVE-2018-0864,0.01418,0.72341
CVE-2018-0866,0.90474,0.99855
CVE-2018-0868,0.01418,0.72341
CVE-2018-0869,0.01418,0.72341
CVE-2018-0870,0.34599,0.97683
CVE-2018-0871,0.05853,0.90032
CVE-2018-0872,0.34599,0.97683
CVE-2018-0873,0.34599,0.97683
CVE-2018-0874,0.34599,0.97683
CVE-2018-0875,0.08761,0.93662
CVE-2018-0876,0.34599,0.97683
CVE-2018-0877,0.02185,0.80059
CVE-2018-0878,0.46217,0.98304
CVE-2018-0879,0.06416,0.90604
CVE-2018-0880,0.02185,0.80059
CVE-2018-0881,0.01418,0.72341
CVE-2018-0882,0.02185,0.80059
CVE-2018-0883,0.34599,0.97683
CVE-2018-0884,0.01418,0.72341
CVE-2018-0885,0.01418,0.72341
CVE-2018-0887,0.01418,0.72341
CVE-2018-0888,0.01418,0.72341
CVE-2018-0889,0.34599,0.97683
CVE-2018-0890,0.01418,0.72341
CVE-2018-0891,0.42402,0.98174
CVE-2018-0892,0.06416,0.90604
CVE-2018-0893,0.34599,0.97683
CVE-2018-0894,0.02185,0.80059
CVE-2018-0895,0.02185,0.80059
CVE-2018-0896,0.01418,0.72341
CVE-2018-0897,0.02185,0.80059
CVE-2018-0898,0.01418,0.72341
CVE-2018-0899,0.01418,0.72341
CVE-2018-0900,0.01418,0.72341
CVE-2018-0901,0.02185,0.80059
CVE-2018-0902,0.01418,0.72341
CVE-2018-0903,0.34599,0.97683
CVE-2018-0904,0.01418,0.72341
CVE-2018-0907,0.06416,0.90604
CVE-2018-0908,0.05708,0.89834
CVE-2018-0909,0.01418,0.72341
CVE-2018-0910,0.01418,0.72341
CVE-2018-0911,0.01418,0.72341
CVE-2018-0912,0.01418,0.72341
CVE-2018-0913,0.01418,0.72341
CVE-2018-0914,0.01418,0.72341
CVE-2018-0915,0.01418,0.72341
CVE-2018-0916,0.01418,0.72341
CVE-2018-0917,0.01418,0.72341
CVE-2018-0919,0.06416,0.90604
CVE-2018-0920,0.34599,0.97683
CVE-2018-0921,0.01418,0.72341
CVE-2018-0922,0.33428,0.97567
CVE-2018-0923,0.01418,0.72341
CVE-2018-0924,0.06416,0.90604
CVE-2018-0925,0.14545,0.95639
CVE-2018-0926,0.01418,0.72341
CVE-2018-0927,0.06416,0.90604
CVE-2018-0929,0.06416,0.90604
CVE-2018-0930,0.14545,0.95639
CVE-2018-0931,0.14545,0.95639
CVE-2018-0932,0.06416,0.90604
CVE-2018-0933,0.42807,0.98185
CVE-2018-0934,0.90474,0.99855
CVE-2018-0935,0.90212,0.99849
CVE-2018-0936,0.34599,0.97683
CVE-2018-0937,0.34599,0.97683
CVE-2018-0939,0.06416,0.90604
CVE-2018-0940,0.06416,0.90604
CVE-2018-0941,0.06416,0.90604
CVE-2018-0942,0.01418,0.72341
CVE-2018-0943,0.34599,0.97683
CVE-2018-0944,0.01418,0.72341
CVE-2018-0945,0.34599,0.97683
CVE-2018-0946,0.90212,0.99849
CVE-2018-0947,0.01418,0.72341
CVE-2018-0949,0.05853,0.90032
CVE-2018-0950,0.06416,0.90604
CVE-2018-0951,0.34599,0.97683
CVE-2018-0953,0.90212,0.99849
CVE-2018-0954,0.33428,0.97567
CVE-2018-0955,0.34599,0.97683
CVE-2018-0956,0.06416,0.90604
CVE-2018-0957,0.01418,0.72341
CVE-2018-0958,0.01418,0.72341
CVE-2018-0959,0.16905,0.95989
CVE-2018-0960,0.01418,0.72341
CVE-2018-0961,0.16905,0.95989
CVE-2018-0963,0.01418,0.72341
CVE-2018-0964,0.01418,0.72341
CVE-2018-0965,0.1607,0.95894
CVE-2018-0966,0.02185,0.80059
CVE-2018-0967,0.01418,0.72341
CVE-2018-0968,0.02185,0.80059
CVE-2018-0969,0.02185,0.80059
CVE-2018-0970,0.02185,0.80059
CVE-2018-0971,0.02185,0.80059
CVE-2018-0972,0.02185,0.80059
CVE-2018-0973,0.02185,0.80059
CVE-2018-0974,0.02185,0.80059
CVE-2018-0975,0.02185,0.80059
CVE-2018-0976,0.01418,0.72341
CVE-2018-0977,0.01418,0.72341
CVE-2018-0978,0.32419,0.97514
CVE-2018-0979,0.34599,0.97683
CVE-2018-0980,0.90212,0.99849
CVE-2018-0981,0.06416,0.90604
CVE-2018-0982,0.02185,0.80059
CVE-2018-0983,0.01418,0.72341
CVE-2018-0986,0.86271,0.99689
CVE-2018-0987,0.06416,0.90604
CVE-2018-0988,0.34599,0.97683
CVE-2018-0989,0.06416,0.90604
CVE-2018-0990,0.34599,0.97683
CVE-2018-0991,0.34599,0.97683
CVE-2018-0993,0.34599,0.97683
CVE-2018-0994,0.34599,0.97683
CVE-2018-0995,0.34599,0.97683
CVE-2018-0996,0.34599,0.97683
CVE-2018-0997,0.34599,0.97683
CVE-2018-0998,0.06416,0.90604
CVE-2018-1000,0.09867,0.94091
CVE-2018-10000,0.00885,0.26162
CVE-2018-1000002,0.00885,0.26162
CVE-2018-1000003,0.00885,0.26162
CVE-2018-1000004,0.02686,0.82061
CVE-2018-1000005,0.01108,0.53389
CVE-2018-1000007,0.02686,0.82061
CVE-2018-1000008,0.00885,0.26162
CVE-2018-1000009,0.00885,0.26162
CVE-2018-1000010,0.00885,0.26162
CVE-2018-1000011,0.00885,0.26162
CVE-2018-1000012,0.00885,0.26162
CVE-2018-1000013,0.00885,0.26162
CVE-2018-1000014,0.00885,0.26162
CVE-2018-1000015,0.01086,0.51674
CVE-2018-1000018,0.00885,0.26162
CVE-2018-1000019,0.02055,0.7893
CVE-2018-1000020,0.00885,0.26162
CVE-2018-1000021,0.00885,0.26162
CVE-2018-1000022,0.01018,0.38792
CVE-2018-1000023,0.00885,0.26162
CVE-2018-1000024,0.01108,0.53389
CVE-2018-1000025,0.00885,0.26162
CVE-2018-1000026,0.01547,0.74085
CVE-2018-1000027,0.01537,0.73595
CVE-2018-1000028,0.01055,0.50287
CVE-2018-1000029,0.00885,0.26162
CVE-2018-1000031,0.01036,0.41241
CVE-2018-1000032,0.01036,0.41241
CVE-2018-1000033,0.00885,0.26162
CVE-2018-1000034,0.00885,0.26162
CVE-2018-1000035,0.0149,0.72731
CVE-2018-1000036,0.00954,0.34522
CVE-2018-1000037,0.01537,0.73595
CVE-2018-1000038,0.01559,0.742
CVE-2018-1000039,0.01752,0.75238
CVE-2018-1000040,0.01183,0.60428
CVE-2018-1000041,0.01136,0.57949
CVE-2018-1000042,0.01086,0.51674
CVE-2018-1000043,0.01086,0.51674
CVE-2018-1000044,0.01086,0.51674
CVE-2018-1000045,0.01103,0.51945
CVE-2018-1000046,0.01103,0.51945
CVE-2018-1000047,0.01156,0.60033
CVE-2018-1000048,0.01156,0.60033
CVE-2018-1000049,0.60894,0.98857
CVE-2018-1000050,0.01086,0.51674
CVE-2018-1000051,0.01559,0.742
CVE-2018-1000052,0.00885,0.26162
CVE-2018-1000053,0.00885,0.26162
CVE-2018-1000054,0.00885,0.26162
CVE-2018-1000055,0.00885,0.26162
CVE-2018-1000056,0.00885,0.26162
CVE-2018-1000057,0.00885,0.26162
CVE-2018-1000058,0.03298,0.83532
CVE-2018-1000059,0.00885,0.26162
CVE-2018-1000060,0.01018,0.38792
CVE-2018-1000062,0.00885,0.26162
CVE-2018-1000067,0.00885,0.26162
CVE-2018-1000068,0.00954,0.34522
CVE-2018-1000069,0.01018,0.38792
CVE-2018-1000070,0.01156,0.60033
CVE-2018-1000071,0.00885,0.26162
CVE-2018-1000072,0.00885,0.26162
CVE-2018-1000073,0.02686,0.82061
CVE-2018-1000074,0.02378,0.80704
CVE-2018-1000075,0.02686,0.82061
CVE-2018-1000076,0.02686,0.82061
CVE-2018-1000077,0.02686,0.82061
CVE-2018-1000078,0.02686,0.82061
CVE-2018-1000079,0.02686,0.82061
CVE-2018-1000080,0.00885,0.26162
CVE-2018-1000081,0.00885,0.26162
CVE-2018-1000082,0.01086,0.51674
CVE-2018-1000083,0.00885,0.26162
CVE-2018-1000084,0.00885,0.26162
CVE-2018-1000085,0.01108,0.53389
CVE-2018-1000087,0.00885,0.26162
CVE-2018-1000088,0.01018,0.38792
CVE-2018-1000089,0.00885,0.26162
CVE-2018-1000090,0.00885,0.26162
CVE-2018-1000091,0.01156,0.60033
CVE-2018-1000092,0.00885,0.26162
CVE-2018-1000093,0.04836,0.88802
CVE-2018-1000094,0.58561,0.98802
CVE-2018-1000095,0.00885,0.26162
CVE-2018-1000096,0.00885,0.26162
CVE-2018-1000097,0.01559,0.742
CVE-2018-1000098,0.00954,0.34522
CVE-2018-1000099,0.01018,0.38792
CVE-2018-10001,0.01213,0.6557
CVE-2018-1000100,0.00885,0.26162
CVE-2018-1000101,0.01018,0.38792
CVE-2018-1000104,0.00885,0.26162
CVE-2018-1000105,0.00885,0.26162
CVE-2018-1000106,0.00885,0.26162
CVE-2018-1000107,0.00885,0.26162
CVE-2018-1000108,0.00885,0.26162
CVE-2018-1000109,0.00885,0.26162
CVE-2018-1000110,0.00885,0.26162
CVE-2018-1000111,0.00885,0.26162
CVE-2018-1000112,0.00885,0.26162
CVE-2018-1000113,0.00885,0.26162
CVE-2018-1000114,0.00885,0.26162
CVE-2018-1000115,0.83477,0.9958
CVE-2018-1000116,0.02509,0.81058
CVE-2018-1000118,0.02055,0.7893
CVE-2018-1000119,0.01018,0.38792
CVE-2018-1000120,0.02686,0.82061
CVE-2018-1000121,0.02686,0.82061
CVE-2018-1000122,0.02686,0.82061
CVE-2018-1000123,0.00885,0.26162
CVE-2018-1000124,0.00885,0.26162
CVE-2018-1000125,0.00885,0.26162
CVE-2018-1000126,0.00885,0.26162
CVE-2018-1000127,0.01108,0.53389
CVE-2018-1000130,0.01055,0.50287
CVE-2018-1000131,0.00954,0.34522
CVE-2018-1000132,0.01018,0.38792
CVE-2018-1000133,0.0095,0.30554
CVE-2018-1000134,0.00954,0.34522
CVE-2018-1000135,0.01018,0.38792
CVE-2018-1000136,0.01978,0.78447
CVE-2018-1000137,0.00885,0.26162
CVE-2018-1000138,0.00885,0.26162
CVE-2018-1000139,0.00885,0.26162
CVE-2018-1000141,0.00885,0.26162
CVE-2018-1000142,0.00885,0.26162
CVE-2018-1000143,0.00885,0.26162
CVE-2018-1000144,0.00885,0.26162
CVE-2018-1000145,0.00885,0.26162
CVE-2018-1000146,0.01086,0.51674
CVE-2018-1000147,0.00885,0.26162
CVE-2018-1000148,0.00885,0.26162
CVE-2018-1000149,0.00885,0.26162
CVE-2018-1000150,0.00885,0.26162
CVE-2018-1000151,0.00885,0.26162
CVE-2018-1000152,0.00885,0.26162
CVE-2018-1000153,0.00885,0.26162
CVE-2018-1000154,0.02509,0.81058
CVE-2018-1000155,0.00885,0.26162
CVE-2018-1000156,0.02378,0.80704
CVE-2018-1000158,0.00885,0.26162
CVE-2018-1000159,0.00885,0.26162
CVE-2018-1000160,0.00954,0.34522
CVE-2018-1000161,0.00885,0.26162
CVE-2018-1000162,0.0144,0.7265
CVE-2018-1000163,0.00885,0.26162
CVE-2018-1000164,0.01018,0.38792
CVE-2018-1000165,0.00885,0.26162
CVE-2018-1000167,0.01611,0.74874
CVE-2018-1000168,0.01108,0.53389
CVE-2018-1000169,0.00885,0.26162
CVE-2018-1000170,0.00885,0.26162
CVE-2018-1000172,0.00885,0.26162
CVE-2018-1000173,0.00885,0.26162
CVE-2018-1000174,0.00885,0.26162
CVE-2018-1000175,0.00885,0.26162
CVE-2018-1000176,0.00885,0.26162
CVE-2018-1000177,0.00885,0.26162
CVE-2018-1000178,0.02762,0.82156
CVE-2018-1000179,0.01018,0.38792
CVE-2018-1000180,0.02686,0.82061
CVE-2018-1000181,0.00885,0.26162
CVE-2018-1000182,0.00885,0.26162
CVE-2018-1000183,0.00885,0.26162
CVE-2018-1000184,0.00885,0.26162
CVE-2018-1000185,0.00885,0.26162
CVE-2018-1000186,0.00885,0.26162
CVE-2018-1000187,0.00885,0.26162
CVE-2018-1000188,0.00885,0.26162
CVE-2018-1000189,0.01086,0.51674
CVE-2018-1000190,0.00885,0.26162
CVE-2018-1000191,0.00885,0.26162
CVE-2018-1000192,0.00885,0.26162
CVE-2018-1000193,0.00885,0.26162
CVE-2018-1000194,0.00885,0.26162
CVE-2018-1000195,0.00885,0.26162
CVE-2018-1000196,0.00885,0.26162
CVE-2018-1000197,0.00885,0.26162
CVE-2018-1000198,0.00885,0.26162
CVE-2018-1000200,0.01282,0.67298
CVE-2018-1000201,0.00885,0.26162
CVE-2018-1000202,0.00885,0.26162
CVE-2018-1000203,0.00885,0.26162
CVE-2018-1000204,0.01547,0.74085
CVE-2018-1000205,0.00885,0.26162
CVE-2018-1000206,0.00954,0.34522
CVE-2018-1000207,0.0095,0.30554
CVE-2018-1000208,0.00885,0.26162
CVE-2018-1000209,0.01086,0.51674
CVE-2018-1000210,0.01005,0.36332
CVE-2018-1000211,0.00885,0.26162
CVE-2018-1000215,0.00885,0.26162
CVE-2018-1000216,0.00885,0.26162
CVE-2018-1000217,0.00885,0.26162
CVE-2018-1000218,0.01055,0.50287
CVE-2018-1000219,0.01055,0.50287
CVE-2018-1000221,0.00885,0.26162
CVE-2018-1000222,0.04836,0.88802
CVE-2018-1000223,0.01086,0.51674
CVE-2018-1000225,0.00885,0.26162
CVE-2018-1000226,0.00885,0.26162
CVE-2018-1000300,0.01183,0.60428
CVE-2018-1000301,0.02686,0.82061
CVE-2018-1000400,0.0144,0.7265
CVE-2018-1000401,0.00885,0.26162
CVE-2018-1000402,0.00885,0.26162
CVE-2018-1000403,0.00885,0.26162
CVE-2018-1000404,0.00885,0.26162
CVE-2018-1000406,0.00885,0.26162
CVE-2018-1000407,0.00885,0.26162
CVE-2018-1000408,0.00885,0.26162
CVE-2018-1000409,0.00885,0.26162
CVE-2018-1000410,0.00885,0.26162
CVE-2018-1000411,0.00885,0.26162
CVE-2018-1000412,0.00885,0.26162
CVE-2018-1000413,0.00885,0.26162
CVE-2018-1000414,0.00885,0.26162
CVE-2018-1000415,0.00885,0.26162
CVE-2018-1000416,0.00885,0.26162
CVE-2018-1000417,0.00885,0.26162
CVE-2018-1000418,0.00885,0.26162
CVE-2018-1000419,0.00885,0.26162
CVE-2018-1000420,0.00885,0.26162
CVE-2018-1000421,0.00885,0.26162
CVE-2018-1000422,0.00885,0.26162
CVE-2018-1000423,0.00885,0.26162
CVE-2018-1000424,0.00885,0.26162
CVE-2018-1000425,0.00885,0.26162
CVE-2018-1000426,0.00885,0.26162
CVE-2018-1000500,0.02509,0.81058
CVE-2018-1000501,0.00885,0.26162
CVE-2018-1000502,0.01055,0.50287
CVE-2018-1000503,0.00885,0.26162
CVE-2018-1000504,0.00885,0.26162
CVE-2018-1000505,0.00885,0.26162
CVE-2018-1000506,0.00885,0.26162
CVE-2018-1000507,0.00885,0.26162
CVE-2018-1000508,0.00885,0.26162
CVE-2018-1000509,0.01086,0.51674
CVE-2018-1000510,0.00885,0.26162
CVE-2018-1000511,0.00885,0.26162
CVE-2018-1000512,0.00885,0.26162
CVE-2018-1000513,0.01086,0.51674
CVE-2018-1000514,0.00885,0.26162
CVE-2018-1000515,0.00885,0.26162
CVE-2018-1000516,0.01086,0.51674
CVE-2018-1000517,0.01018,0.38792
CVE-2018-1000518,0.00885,0.26162
CVE-2018-1000519,0.00885,0.26162
CVE-2018-1000520,0.00885,0.26162
CVE-2018-1000521,0.00885,0.26162
CVE-2018-1000523,0.00885,0.26162
CVE-2018-1000524,0.01055,0.50287
CVE-2018-1000525,0.01978,0.78447
CVE-2018-1000526,0.01055,0.50287
CVE-2018-1000527,0.01978,0.78447
CVE-2018-1000528,0.01018,0.38792
CVE-2018-1000531,0.00885,0.26162
CVE-2018-1000532,0.01036,0.41241
CVE-2018-1000533,0.425,0.98179
CVE-2018-1000534,0.0144,0.7265
CVE-2018-1000535,0.00885,0.26162
CVE-2018-1000536,0.01086,0.51674
CVE-2018-1000537,0.0144,0.7265
CVE-2018-1000538,0.00885,0.26162
CVE-2018-1000539,0.00885,0.26162
CVE-2018-1000540,0.00885,0.26162
CVE-2018-1000542,0.01611,0.74874
CVE-2018-1000543,0.01086,0.51674
CVE-2018-1000544,0.01018,0.38792
CVE-2018-1000546,0.01611,0.74874
CVE-2018-1000547,0.00885,0.26162
CVE-2018-1000548,0.00885,0.26162
CVE-2018-1000549,0.01136,0.57949
CVE-2018-1000550,0.01018,0.38792
CVE-2018-1000551,0.00885,0.26162
CVE-2018-1000552,0.00885,0.26162
CVE-2018-1000553,0.00885,0.26162
CVE-2018-1000554,0.00885,0.26162
CVE-2018-1000556,0.00885,0.26162
CVE-2018-1000557,0.00885,0.26162
CVE-2018-1000558,0.00885,0.26162
CVE-2018-1000559,0.00954,0.34522
CVE-2018-1000601,0.00885,0.26162
CVE-2018-1000602,0.00885,0.26162
CVE-2018-1000603,0.00885,0.26162
CVE-2018-1000604,0.00885,0.26162
CVE-2018-1000605,0.00885,0.26162
CVE-2018-1000606,0.00885,0.26162
CVE-2018-1000607,0.00885,0.26162
CVE-2018-1000608,0.00885,0.26162
CVE-2018-1000609,0.00885,0.26162
CVE-2018-1000610,0.00885,0.26162
CVE-2018-1000611,0.00885,0.26162
CVE-2018-1000613,0.0593,0.90076
CVE-2018-1000614,0.00885,0.26162
CVE-2018-1000615,0.00885,0.26162
CVE-2018-1000616,0.00885,0.26162
CVE-2018-1000617,0.01055,0.50287
CVE-2018-1000618,0.00885,0.26162
CVE-2018-1000619,0.04571,0.88388
CVE-2018-1000621,0.0144,0.7265
CVE-2018-1000622,0.01559,0.742
CVE-2018-1000623,0.01156,0.60033
CVE-2018-1000624,0.01055,0.50287
CVE-2018-1000625,0.00885,0.26162
CVE-2018-1000626,0.01055,0.50287
CVE-2018-1000627,0.01055,0.50287
CVE-2018-1000628,0.01055,0.50287
CVE-2018-1000629,0.01055,0.50287
CVE-2018-1000630,0.01055,0.50287
CVE-2018-1000631,0.01055,0.50287
CVE-2018-1000632,0.02686,0.82061
CVE-2018-1000633,0.00885,0.26162
CVE-2018-1000634,0.00885,0.26162
CVE-2018-1000635,0.00885,0.26162
CVE-2018-1000636,0.00885,0.26162
CVE-2018-1000637,0.0149,0.72731
CVE-2018-1000638,0.00885,0.26162
CVE-2018-1000639,0.00885,0.26162
CVE-2018-1000640,0.00885,0.26162
CVE-2018-1000641,0.0144,0.7265
CVE-2018-1000642,0.00885,0.26162
CVE-2018-1000644,0.00885,0.26162
CVE-2018-1000645,0.00885,0.26162
CVE-2018-1000646,0.01978,0.78447
CVE-2018-1000647,0.00885,0.26162
CVE-2018-1000648,0.01978,0.78447
CVE-2018-1000649,0.01978,0.78447
CVE-2018-1000650,0.00885,0.26162
CVE-2018-1000651,0.00885,0.26162
CVE-2018-1000652,0.00885,0.26162
CVE-2018-1000653,0.00885,0.26162
CVE-2018-1000654,0.01018,0.38792
CVE-2018-1000655,0.00885,0.26162
CVE-2018-1000656,0.01018,0.38792
CVE-2018-1000657,0.01365,0.70715
CVE-2018-1000658,0.01773,0.75668
CVE-2018-1000659,0.01424,0.72364
CVE-2018-1000660,0.00885,0.26162
CVE-2018-1000661,0.00885,0.26162
CVE-2018-1000663,0.00885,0.26162
CVE-2018-1000664,0.00885,0.26162
CVE-2018-1000665,0.00885,0.26162
CVE-2018-1000666,0.02509,0.81058
CVE-2018-1000667,0.01018,0.38792
CVE-2018-1000668,0.00885,0.26162
CVE-2018-1000669,0.00885,0.26162
CVE-2018-1000670,0.00885,0.26162
CVE-2018-1000671,0.01018,0.38792
CVE-2018-1000773,0.04571,0.88388
CVE-2018-1000800,0.00885,0.26162
CVE-2018-1000801,0.01018,0.38792
CVE-2018-1000803,0.00885,0.26162
CVE-2018-1000804,0.01978,0.78447
CVE-2018-1000805,0.01282,0.67298
CVE-2018-1000807,0.03693,0.843
CVE-2018-1000808,0.01018,0.38792
CVE-2018-1000809,0.00885,0.26162
CVE-2018-1000810,0.00954,0.34522
CVE-2018-1000811,0.05164,0.89136
CVE-2018-1000812,0.00954,0.34522
CVE-2018-1000813,0.01086,0.51674
CVE-2018-1000814,0.00885,0.26162
CVE-2018-1000815,0.00954,0.34522
CVE-2018-1000816,0.00885,0.26162
CVE-2018-1000817,0.00885,0.26162
CVE-2018-1000820,0.00885,0.26162
CVE-2018-1000821,0.00885,0.26162
CVE-2018-1000822,0.00885,0.26162
CVE-2018-1000823,0.00885,0.26162
CVE-2018-1000824,0.01885,0.76424
CVE-2018-1000825,0.00885,0.26162
CVE-2018-1000826,0.0144,0.7265
CVE-2018-1000827,0.01885,0.76424
CVE-2018-1000828,0.00885,0.26162
CVE-2018-1000829,0.00885,0.26162
CVE-2018-1000830,0.00885,0.26162
CVE-2018-1000831,0.00885,0.26162
CVE-2018-1000832,0.01885,0.76424
CVE-2018-1000833,0.01885,0.76424
CVE-2018-1000834,0.00885,0.26162
CVE-2018-1000835,0.00885,0.26162
CVE-2018-1000836,0.00885,0.26162
CVE-2018-1000837,0.00885,0.26162
CVE-2018-1000838,0.00885,0.26162
CVE-2018-1000839,0.02432,0.8082
CVE-2018-1000840,0.00885,0.26162
CVE-2018-1000841,0.00885,0.26162
CVE-2018-1000842,0.02509,0.81058
CVE-2018-1000843,0.00954,0.34522
CVE-2018-1000844,0.00885,0.26162
CVE-2018-1000846,0.00885,0.26162
CVE-2018-1000847,0.0144,0.7265
CVE-2018-1000848,0.00885,0.26162
CVE-2018-1000849,0.04836,0.88802
CVE-2018-1000850,0.01108,0.53389
CVE-2018-1000851,0.01018,0.38792
CVE-2018-1000852,0.01108,0.53389
CVE-2018-1000854,0.01156,0.60033
CVE-2018-1000855,0.00885,0.26162
CVE-2018-1000856,0.00885,0.26162
CVE-2018-1000857,0.00885,0.26162
CVE-2018-1000858,0.00954,0.34522
CVE-2018-1000860,0.00885,0.26162
CVE-2018-1000862,0.0089,0.2856
CVE-2018-1000863,0.01018,0.38792
CVE-2018-1000864,0.0089,0.2856
CVE-2018-1000865,0.13041,0.95432
CVE-2018-1000866,0.13041,0.95432
CVE-2018-1000867,0.0089,0.2856
CVE-2018-1000868,0.02509,0.81058
CVE-2018-1000869,0.00885,0.26162
CVE-2018-1000870,0.0144,0.7265
CVE-2018-1000871,0.01564,0.74439
CVE-2018-1000872,0.00885,0.26162
CVE-2018-1000873,0.02686,0.82061
CVE-2018-1000874,0.00885,0.26162
CVE-2018-1000875,0.00885,0.26162
CVE-2018-1000876,0.01505,0.72763
CVE-2018-1000877,0.02686,0.82061
CVE-2018-1000878,0.02686,0.82061
CVE-2018-1000879,0.01183,0.60428
CVE-2018-1000880,0.01537,0.73595
CVE-2018-1000881,0.01156,0.60033
CVE-2018-1000882,0.00954,0.34522
CVE-2018-1000883,0.00885,0.26162
CVE-2018-1000884,0.00885,0.26162
CVE-2018-1000885,0.02055,0.7893
CVE-2018-1000886,0.00885,0.26162
CVE-2018-1000887,0.00885,0.26162
CVE-2018-1000888,0.39749,0.98025
CVE-2018-1000889,0.00885,0.26162
CVE-2018-1000890,0.01564,0.74439
CVE-2018-1000891,0.00885,0.26162
CVE-2018-1000892,0.00885,0.26162
CVE-2018-1000893,0.00885,0.26162
CVE-2018-1000997,0.00885,0.26162
CVE-2018-1000998,0.00885,0.26162
CVE-2018-1001,0.34599,0.97683
CVE-2018-10016,0.00954,0.34522
CVE-2018-10017,0.01136,0.57949
CVE-2018-10018,0.08382,0.93597
CVE-2018-1002000,0.0089,0.2856
CVE-2018-1002001,0.0089,0.2856
CVE-2018-1002002,0.0089,0.2856
CVE-2018-1002003,0.0089,0.2856
CVE-2018-1002004,0.0089,0.2856
CVE-2018-1002005,0.0089,0.2856
CVE-2018-1002006,0.0089,0.2856
CVE-2018-1002007,0.0089,0.2856
CVE-2018-1002008,0.0089,0.2856
CVE-2018-1002009,0.0089,0.2856
CVE-2018-10021,0.01282,0.67298
CVE-2018-1002100,0.0089,0.2856
CVE-2018-1002101,0.00954,0.34522
CVE-2018-1002102,0.00885,0.26162
CVE-2018-1002103,0.00885,0.26162
CVE-2018-1002104,0.00885,0.26162
CVE-2018-1002150,0.00885,0.26162
CVE-2018-1002200,0.01183,0.60428
CVE-2018-1002201,0.01018,0.38792
CVE-2018-1002202,0.01018,0.38792
CVE-2018-1002203,0.01018,0.38792
CVE-2018-1002205,0.01018,0.38792
CVE-2018-1002206,0.01018,0.38792
CVE-2018-1002207,0.01018,0.38792
CVE-2018-1002208,0.01018,0.38792
CVE-2018-1002209,0.01018,0.38792
CVE-2018-10023,0.00885,0.26162
CVE-2018-10024,0.00885,0.26162
CVE-2018-10026,0.00885,0.26162
CVE-2018-10027,0.01005,0.36332
CVE-2018-10028,0.01055,0.50287
CVE-2018-10029,0.00885,0.26162
CVE-2018-1003,0.34599,0.97683
CVE-2018-10030,0.00885,0.26162
CVE-2018-10031,0.00885,0.26162
CVE-2018-10032,0.00885,0.26162
CVE-2018-10033,0.00885,0.26162
CVE-2018-1004,0.34599,0.97683
CVE-2018-10048,0.00885,0.26162
CVE-2018-10049,0.00885,0.26162
CVE-2018-1005,0.01418,0.72341
CVE-2018-10050,0.00885,0.26162
CVE-2018-10051,0.00885,0.26162
CVE-2018-10052,0.00885,0.26162
CVE-2018-10054,0.15721,0.9588
CVE-2018-10055,0.00885,0.26162
CVE-2018-10057,0.01055,0.50287
CVE-2018-10058,0.01978,0.78447
CVE-2018-10059,0.0089,0.2856
CVE-2018-10060,0.0095,0.30554
CVE-2018-10061,0.0095,0.30554
CVE-2018-10063,0.10889,0.94474
CVE-2018-10066,0.01055,0.50287
CVE-2018-10068,0.02173,0.80027
CVE-2018-1007,0.06416,0.90604
CVE-2018-10070,0.08382,0.93597
CVE-2018-10071,0.00885,0.26162
CVE-2018-10072,0.00885,0.26162
CVE-2018-10073,0.00885,0.26162
CVE-2018-10074,0.00885,0.26162
CVE-2018-10075,0.01055,0.50287
CVE-2018-10076,0.01055,0.50287
CVE-2018-10077,0.01055,0.50287
CVE-2018-10078,0.01055,0.50287
CVE-2018-10079,0.00885,0.26162
CVE-2018-1008,0.01418,0.72341
CVE-2018-10080,0.08382,0.93597
CVE-2018-10081,0.00885,0.26162
CVE-2018-10082,0.00885,0.26162
CVE-2018-10083,0.00885,0.26162
CVE-2018-10084,0.00885,0.26162
CVE-2018-10085,0.01156,0.60033
CVE-2018-10086,0.01086,0.51674
CVE-2018-10087,0.01104,0.52279
CVE-2018-10088,0.08382,0.93597
CVE-2018-1009,0.01418,0.72341
CVE-2018-10091,0.00885,0.26162
CVE-2018-10092,0.01132,0.54372
CVE-2018-10093,0.10123,0.94312
CVE-2018-10094,0.66244,0.98997
CVE-2018-10095,0.01213,0.6557
CVE-2018-10096,0.00885,0.26162
CVE-2018-10097,0.00885,0.26162
CVE-2018-10098,0.00885,0.26162
CVE-2018-10099,0.00954,0.34522
CVE-2018-10100,0.01183,0.60428
CVE-2018-10101,0.01183,0.60428
CVE-2018-10102,0.01537,0.73595
CVE-2018-10103,0.02686,0.82061
CVE-2018-10105,0.02686,0.82061
CVE-2018-10106,0.00885,0.26162
CVE-2018-10107,0.00885,0.26162
CVE-2018-10108,0.00885,0.26162
CVE-2018-10109,0.02192,0.80195
CVE-2018-1011,0.34599,0.97683
CVE-2018-10110,0.02192,0.80195
CVE-2018-10111,0.00885,0.26162
CVE-2018-10112,0.01055,0.50287
CVE-2018-10113,0.00885,0.26162
CVE-2018-10114,0.01055,0.50287
CVE-2018-10115,0.03161,0.83171
CVE-2018-10117,0.00885,0.26162
CVE-2018-10119,0.01955,0.77585
CVE-2018-1012,0.34599,0.97683
CVE-2018-10120,0.01955,0.77585
CVE-2018-10121,0.00885,0.26162
CVE-2018-10122,0.01055,0.50287
CVE-2018-10123,0.08078,0.93055
CVE-2018-10124,0.01104,0.52279
CVE-2018-10125,0.00885,0.26162
CVE-2018-10126,0.00885,0.26162
CVE-2018-10127,0.00885,0.26162
CVE-2018-10128,0.00885,0.26162
CVE-2018-1013,0.34599,0.97683
CVE-2018-10132,0.00885,0.26162
CVE-2018-10133,0.00885,0.26162
CVE-2018-10135,0.00885,0.26162
CVE-2018-10136,0.00885,0.26162
CVE-2018-10137,0.00885,0.26162
CVE-2018-10138,0.00885,0.26162
CVE-2018-10139,0.00954,0.34522
CVE-2018-1014,0.01418,0.72341
CVE-2018-10140,0.0089,0.2856
CVE-2018-10141,0.00885,0.26162
CVE-2018-10143,0.00954,0.34522
CVE-2018-1015,0.34599,0.97683
CVE-2018-1016,0.34599,0.97683
CVE-2018-10164,0.00885,0.26162
CVE-2018-10165,0.00885,0.26162
CVE-2018-10166,0.00885,0.26162
CVE-2018-10167,0.00885,0.26162
CVE-2018-10168,0.00885,0.26162
CVE-2018-10169,0.01086,0.51674
CVE-2018-10170,0.01086,0.51674
CVE-2018-10171,0.00885,0.26162
CVE-2018-10172,0.00885,0.26162
CVE-2018-10173,0.01424,0.72364
CVE-2018-10174,0.01055,0.50287
CVE-2018-10175,0.00885,0.26162
CVE-2018-10176,0.00885,0.26162
CVE-2018-10177,0.01136,0.57949
CVE-2018-10178,0.01055,0.50287
CVE-2018-1018,0.34599,0.97683
CVE-2018-10183,0.00885,0.26162
CVE-2018-10184,0.02509,0.81058
CVE-2018-10185,0.00885,0.26162
CVE-2018-10186,0.01055,0.50287
CVE-2018-10187,0.01055,0.50287
CVE-2018-10188,0.08382,0.93597
CVE-2018-10189,0.00885,0.26162
CVE-2018-1019,0.34599,0.97683
CVE-2018-10190,0.00885,0.26162
CVE-2018-10191,0.02509,0.81058
CVE-2018-10192,0.01086,0.51674
CVE-2018-10193,0.01136,0.57949
CVE-2018-10194,0.01319,0.70416
CVE-2018-10195,0.0095,0.30554
CVE-2018-10196,0.01319,0.70416
CVE-2018-10197,0.00885,0.26162
CVE-2018-10198,0.00885,0.26162
CVE-2018-10199,0.0144,0.7265
CVE-2018-1020,0.34599,0.97683
CVE-2018-10201,0.08382,0.93597
CVE-2018-10204,0.01086,0.51674
CVE-2018-10205,0.00885,0.26162
CVE-2018-10206,0.00885,0.26162
CVE-2018-10207,0.00885,0.26162
CVE-2018-10208,0.00885,0.26162
CVE-2018-10209,0.00885,0.26162
CVE-2018-1021,0.06416,0.90604
CVE-2018-10210,0.00885,0.26162
CVE-2018-10211,0.00885,0.26162
CVE-2018-10212,0.00885,0.26162
CVE-2018-10213,0.00885,0.26162
CVE-2018-10219,0.00885,0.26162
CVE-2018-1022,0.33428,0.97567
CVE-2018-10220,0.01055,0.50287
CVE-2018-10221,0.00885,0.26162
CVE-2018-10222,0.00885,0.26162
CVE-2018-10223,0.00885,0.26162
CVE-2018-10224,0.00885,0.26162
CVE-2018-10225,0.00885,0.26162
CVE-2018-10227,0.00885,0.26162
CVE-2018-10228,0.01055,0.50287
CVE-2018-10229,0.00954,0.34522
CVE-2018-1023,0.33428,0.97567
CVE-2018-10230,0.00885,0.26162
CVE-2018-10231,0.01055,0.50287
CVE-2018-10232,0.01055,0.50287
CVE-2018-10233,0.00954,0.34522
CVE-2018-10234,0.00885,0.26162
CVE-2018-10235,0.01055,0.50287
CVE-2018-10236,0.01055,0.50287
CVE-2018-10237,0.04358,0.87435
CVE-2018-10238,0.00954,0.34522
CVE-2018-10239,0.00885,0.26162
CVE-2018-10240,0.00885,0.26162
CVE-2018-10241,0.00885,0.26162
CVE-2018-10242,0.00885,0.26162
CVE-2018-10243,0.01055,0.50287
CVE-2018-10244,0.00885,0.26162
CVE-2018-10245,0.01055,0.50287
CVE-2018-10248,0.00885,0.26162
CVE-2018-10249,0.00885,0.26162
CVE-2018-1025,0.06416,0.90604
CVE-2018-10250,0.00885,0.26162
CVE-2018-10251,0.01156,0.60033
CVE-2018-10252,0.00885,0.26162
CVE-2018-10253,0.08382,0.93597
CVE-2018-10254,0.01136,0.57949
CVE-2018-10255,0.04408,0.87557
CVE-2018-10256,0.01564,0.74439
CVE-2018-10257,0.02108,0.791
CVE-2018-10258,0.04408,0.87557
CVE-2018-10259,0.02192,0.80195
CVE-2018-10260,0.06593,0.90989
CVE-2018-10265,0.00885,0.26162
CVE-2018-10266,0.00885,0.26162
CVE-2018-10267,0.00885,0.26162
CVE-2018-10268,0.00885,0.26162
CVE-2018-1027,0.34599,0.97683
CVE-2018-1028,0.34599,0.97683
CVE-2018-10283,0.00885,0.26162
CVE-2018-10284,0.00885,0.26162
CVE-2018-10285,0.00885,0.26162
CVE-2018-10286,0.00885,0.26162
CVE-2018-10289,0.00885,0.26162
CVE-2018-1029,0.34599,0.97683
CVE-2018-10294,0.00885,0.26162
CVE-2018-10295,0.00885,0.26162
CVE-2018-10296,0.00885,0.26162
CVE-2018-10297,0.00885,0.26162
CVE-2018-10298,0.00885,0.26162
CVE-2018-10299,0.01108,0.53389
CVE-2018-1030,0.34599,0.97683
CVE-2018-10300,0.01055,0.50287
CVE-2018-10301,0.01055,0.50287
CVE-2018-10302,0.01321,0.70521
CVE-2018-10303,0.01384,0.711
CVE-2018-10305,0.00885,0.26162
CVE-2018-10306,0.00954,0.34522
CVE-2018-10307,0.00885,0.26162
CVE-2018-10309,0.02192,0.80195
CVE-2018-10310,0.07441,0.92312
CVE-2018-10311,0.02173,0.80027
CVE-2018-10312,0.08382,0.93597
CVE-2018-10313,0.02192,0.80195
CVE-2018-10314,0.02437,0.80834
CVE-2018-10316,0.00954,0.34522
CVE-2018-10318,0.00885,0.26162
CVE-2018-10319,0.00885,0.26162
CVE-2018-1032,0.01418,0.72341
CVE-2018-10320,0.00885,0.26162
CVE-2018-10321,0.07308,0.9216
CVE-2018-10322,0.01104,0.52279
CVE-2018-10323,0.01282,0.67298
CVE-2018-10326,0.00885,0.26162
CVE-2018-10327,0.00885,0.26162
CVE-2018-10328,0.01055,0.50287
CVE-2018-10329,0.00885,0.26162
CVE-2018-1034,0.01418,0.72341
CVE-2018-1035,0.01418,0.72341
CVE-2018-10350,0.01978,0.78447
CVE-2018-10351,0.01055,0.50287
CVE-2018-10352,0.01055,0.50287
CVE-2018-10353,0.01055,0.50287
CVE-2018-10354,0.01978,0.78447
CVE-2018-10355,0.00885,0.26162
CVE-2018-10356,0.01978,0.78447
CVE-2018-10357,0.04571,0.88388
CVE-2018-10358,0.00885,0.26162
CVE-2018-10359,0.00885,0.26162
CVE-2018-1036,0.01418,0.72341
CVE-2018-10360,0.01319,0.70416
CVE-2018-10361,0.0089,0.2856
CVE-2018-10362,0.00885,0.26162
CVE-2018-10363,0.01055,0.50287
CVE-2018-10364,0.0089,0.2856
CVE-2018-10365,0.02192,0.80195
CVE-2018-10366,0.02173,0.80027
CVE-2018-10367,0.00885,0.26162
CVE-2018-10368,0.00885,0.26162
CVE-2018-10369,0.00885,0.26162
CVE-2018-1037,0.06416,0.90604
CVE-2018-10371,0.09647,0.93982
CVE-2018-10372,0.01319,0.70416
CVE-2018-10373,0.01319,0.70416
CVE-2018-10374,0.00885,0.26162
CVE-2018-10375,0.00885,0.26162
CVE-2018-10376,0.00954,0.34522
CVE-2018-10377,0.00954,0.34522
CVE-2018-10379,0.00885,0.26162
CVE-2018-1038,0.02342,0.80639
CVE-2018-10380,0.01034,0.39824
CVE-2018-10381,0.01086,0.51674
CVE-2018-10382,0.00885,0.26162
CVE-2018-10383,0.00885,0.26162
CVE-2018-10387,0.01156,0.60033
CVE-2018-10388,0.01156,0.60033
CVE-2018-10389,0.01156,0.60033
CVE-2018-1039,0.01418,0.72341
CVE-2018-10391,0.00885,0.26162
CVE-2018-10392,0.01213,0.6557
CVE-2018-10393,0.01018,0.38792
CVE-2018-1040,0.05853,0.90032
CVE-2018-10403,0.00885,0.26162
CVE-2018-10404,0.00885,0.26162
CVE-2018-10405,0.00885,0.26162
CVE-2018-10406,0.00885,0.26162
CVE-2018-10407,0.00885,0.26162
CVE-2018-10408,0.00885,0.26162
CVE-2018-1041,0.108,0.94438
CVE-2018-1042,0.07308,0.9216
CVE-2018-10422,0.00885,0.26162
CVE-2018-10423,0.01055,0.50287
CVE-2018-10424,0.00885,0.26162
CVE-2018-10425,0.00885,0.26162
CVE-2018-10428,0.01108,0.53389
CVE-2018-10429,0.00885,0.26162
CVE-2018-1043,0.00885,0.26162
CVE-2018-10430,0.00885,0.26162
CVE-2018-10431,0.01156,0.60033
CVE-2018-10432,0.01055,0.50287
CVE-2018-1044,0.00885,0.26162
CVE-2018-1045,0.00885,0.26162
CVE-2018-1046,0.01036,0.41241
CVE-2018-10465,0.00885,0.26162
CVE-2018-10466,0.00885,0.26162
CVE-2018-10468,0.00885,0.26162
CVE-2018-10469,0.01055,0.50287
CVE-2018-1047,0.01034,0.39824
CVE-2018-10470,0.00885,0.26162
CVE-2018-10471,0.0095,0.30554
CVE-2018-10472,0.0095,0.30554
CVE-2018-10473,0.01384,0.711
CVE-2018-10474,0.01384,0.711
CVE-2018-10475,0.01384,0.711
CVE-2018-10476,0.01384,0.711
CVE-2018-10477,0.01384,0.711
CVE-2018-10478,0.01384,0.711
CVE-2018-10479,0.01384,0.711
CVE-2018-1048,0.01018,0.38792
CVE-2018-10480,0.01384,0.711
CVE-2018-10481,0.01384,0.711
CVE-2018-10482,0.01384,0.711
CVE-2018-10483,0.01384,0.711
CVE-2018-10484,0.01384,0.711
CVE-2018-10485,0.01384,0.711
CVE-2018-10486,0.01384,0.711
CVE-2018-10487,0.01384,0.711
CVE-2018-10488,0.01384,0.711
CVE-2018-10489,0.01384,0.711
CVE-2018-1049,0.01018,0.38792
CVE-2018-10490,0.01384,0.711
CVE-2018-10491,0.01384,0.711
CVE-2018-10492,0.01384,0.711
CVE-2018-10493,0.01384,0.711
CVE-2018-10494,0.01384,0.711
CVE-2018-10495,0.01384,0.711
CVE-2018-10496,0.01156,0.60033
CVE-2018-10497,0.00885,0.26162
CVE-2018-10498,0.00885,0.26162
CVE-2018-10499,0.01036,0.41241
CVE-2018-1050,0.02686,0.82061
CVE-2018-10500,0.00885,0.26162
CVE-2018-10501,0.00885,0.26162
CVE-2018-10502,0.00885,0.26162
CVE-2018-10503,0.00885,0.26162
CVE-2018-10504,0.03377,0.83648
CVE-2018-10505,0.00885,0.26162
CVE-2018-10506,0.00885,0.26162
CVE-2018-10507,0.02042,0.78565
CVE-2018-10508,0.00885,0.26162
CVE-2018-10509,0.00885,0.26162
CVE-2018-1051,0.00885,0.26162
CVE-2018-10510,0.01156,0.60033
CVE-2018-10511,0.00885,0.26162
CVE-2018-10512,0.00885,0.26162
CVE-2018-10513,0.00885,0.26162
CVE-2018-10514,0.00885,0.26162
CVE-2018-10515,0.01156,0.60033
CVE-2018-10516,0.00885,0.26162
CVE-2018-10518,0.00885,0.26162
CVE-2018-10519,0.00885,0.26162
CVE-2018-1052,0.00885,0.26162
CVE-2018-10520,0.00885,0.26162
CVE-2018-10521,0.00885,0.26162
CVE-2018-10522,0.00885,0.26162
CVE-2018-10523,0.00885,0.26162
CVE-2018-10527,0.00885,0.26162
CVE-2018-10528,0.00954,0.34522
CVE-2018-10529,0.00954,0.34522
CVE-2018-1053,0.01034,0.39824
CVE-2018-10531,0.00885,0.26162
CVE-2018-10532,0.00885,0.26162
CVE-2018-10534,0.01034,0.39824
CVE-2018-10535,0.01319,0.70416
CVE-2018-10536,0.01537,0.73595
CVE-2018-10537,0.01537,0.73595
CVE-2018-10538,0.01183,0.60428
CVE-2018-10539,0.01183,0.60428
CVE-2018-1054,0.01319,0.70416
CVE-2018-10540,0.01183,0.60428
CVE-2018-10544,0.00885,0.26162
CVE-2018-10545,0.01547,0.74085
CVE-2018-10547,0.01537,0.73595
CVE-2018-10548,0.02686,0.82061
CVE-2018-10549,0.02686,0.82061
CVE-2018-10550,0.00885,0.26162
CVE-2018-10553,0.00885,0.26162
CVE-2018-10554,0.00885,0.26162
CVE-2018-1056,0.01108,0.53389
CVE-2018-10563,0.00885,0.26162
CVE-2018-10564,0.00885,0.26162
CVE-2018-10565,0.00885,0.26162
CVE-2018-10566,0.00885,0.26162
CVE-2018-10567,0.00885,0.26162
CVE-2018-10568,0.00885,0.26162
CVE-2018-10569,0.00885,0.26162
CVE-2018-1057,0.01282,0.67298
CVE-2018-10570,0.00885,0.26162
CVE-2018-10571,0.01213,0.6557
CVE-2018-10572,0.01132,0.54372
CVE-2018-10573,0.01132,0.54372
CVE-2018-10574,0.01055,0.50287
CVE-2018-10575,0.01018,0.38792
CVE-2018-10576,0.0095,0.30554
CVE-2018-10577,0.00885,0.26162
CVE-2018-10578,0.00885,0.26162
CVE-2018-1058,0.02422,0.80762
CVE-2018-10580,0.02192,0.80195
CVE-2018-10581,0.00885,0.26162
CVE-2018-10585,0.01055,0.50287
CVE-2018-10586,0.00885,0.26162
CVE-2018-10587,0.02218,0.80423
CVE-2018-10589,0.0144,0.7265
CVE-2018-1059,0.01183,0.60428
CVE-2018-10590,0.00885,0.26162
CVE-2018-10591,0.00885,0.26162
CVE-2018-10592,0.05634,0.89764
CVE-2018-10593,0.00885,0.26162
CVE-2018-10594,0.83379,0.99578
CVE-2018-10595,0.00885,0.26162
CVE-2018-10596,0.00885,0.26162
CVE-2018-10597,0.00885,0.26162
CVE-2018-10598,0.01689,0.75137
CVE-2018-10599,0.00885,0.26162
CVE-2018-1060,0.02686,0.82061
CVE-2018-10600,0.01086,0.51674
CVE-2018-10601,0.00885,0.26162
CVE-2018-10602,0.00885,0.26162
CVE-2018-10603,0.00885,0.26162
CVE-2018-10604,0.01086,0.51674
CVE-2018-10605,0.00885,0.26162
CVE-2018-10606,0.00885,0.26162
CVE-2018-10607,0.00954,0.34522
CVE-2018-10608,0.08382,0.93597
CVE-2018-10609,0.02509,0.81058
CVE-2018-1061,0.02686,0.82061
CVE-2018-10610,0.00885,0.26162
CVE-2018-10611,0.05634,0.89764
CVE-2018-10612,0.00885,0.26162
CVE-2018-10613,0.00954,0.34522
CVE-2018-10614,0.00885,0.26162
CVE-2018-10615,0.0089,0.2856
CVE-2018-10616,0.00954,0.34522
CVE-2018-10617,0.01978,0.78447
CVE-2018-10618,0.08382,0.93597
CVE-2018-10619,0.02515,0.81066
CVE-2018-1062,0.0095,0.30554
CVE-2018-10620,0.01213,0.6557
CVE-2018-10621,0.01978,0.78447
CVE-2018-10622,0.00885,0.26162
CVE-2018-10623,0.01978,0.78447
CVE-2018-10624,0.00885,0.26162
CVE-2018-10626,0.00885,0.26162
CVE-2018-10627,0.00885,0.26162
CVE-2018-10628,0.05634,0.89764
CVE-2018-1063,0.00885,0.26162
CVE-2018-10630,0.00885,0.26162
CVE-2018-10631,0.00885,0.26162
CVE-2018-10632,0.00885,0.26162
CVE-2018-10633,0.00885,0.26162
CVE-2018-10634,0.00885,0.26162
CVE-2018-10635,0.01978,0.78447
CVE-2018-10636,0.01689,0.75137
CVE-2018-10637,0.01005,0.36332
CVE-2018-1064,0.01108,0.53389
CVE-2018-10641,0.00954,0.34522
CVE-2018-10642,0.01055,0.50287
CVE-2018-10645,0.01036,0.41241
CVE-2018-10646,0.01036,0.41241
CVE-2018-10647,0.01036,0.41241
CVE-2018-10648,0.00885,0.26162
CVE-2018-10649,0.00885,0.26162
CVE-2018-1065,0.01282,0.67298
CVE-2018-10650,0.00885,0.26162
CVE-2018-10651,0.00885,0.26162
CVE-2018-10652,0.00885,0.26162
CVE-2018-10653,0.08382,0.93597
CVE-2018-10654,0.00885,0.26162
CVE-2018-10655,0.02362,0.80685
CVE-2018-10657,0.00885,0.26162
CVE-2018-10658,0.00954,0.34522
CVE-2018-10659,0.01136,0.57949
CVE-2018-1066,0.01537,0.73595
CVE-2018-10660,0.02359,0.80663
CVE-2018-10661,0.01018,0.38792
CVE-2018-10662,0.01018,0.38792
CVE-2018-10663,0.00954,0.34522
CVE-2018-10664,0.00954,0.34522
CVE-2018-10665,0.00954,0.34522
CVE-2018-10666,0.00885,0.26162
CVE-2018-1067,0.01108,0.53389
CVE-2018-10675,0.01547,0.74085
CVE-2018-10676,0.01055,0.50287
CVE-2018-10677,0.01055,0.50287
CVE-2018-10678,0.01055,0.50287
CVE-2018-1068,0.01791,0.76026
CVE-2018-10680,0.00885,0.26162
CVE-2018-10682,0.01156,0.60033
CVE-2018-10683,0.00885,0.26162
CVE-2018-10685,0.01055,0.50287
CVE-2018-10686,0.0144,0.7265
CVE-2018-10689,0.01108,0.53389
CVE-2018-1069,0.00885,0.26162
CVE-2018-10690,0.00954,0.34522
CVE-2018-10691,0.00954,0.34522
CVE-2018-10692,0.00954,0.34522
CVE-2018-10693,0.00954,0.34522
CVE-2018-10694,0.00954,0.34522
CVE-2018-10695,0.00954,0.34522
CVE-2018-10696,0.00954,0.34522
CVE-2018-10697,0.00954,0.34522
CVE-2018-10698,0.00954,0.34522
CVE-2018-10699,0.00954,0.34522
CVE-2018-1070,0.00885,0.26162
CVE-2018-10700,0.00954,0.34522
CVE-2018-10701,0.00954,0.34522
CVE-2018-10702,0.02211,0.80357
CVE-2018-10703,0.00954,0.34522
CVE-2018-10704,0.00885,0.26162
CVE-2018-10705,0.00885,0.26162
CVE-2018-10706,0.00885,0.26162
CVE-2018-10709,0.00885,0.26162
CVE-2018-1071,0.01034,0.39824
CVE-2018-10710,0.00885,0.26162
CVE-2018-10711,0.00885,0.26162
CVE-2018-10712,0.00885,0.26162
CVE-2018-10713,0.01086,0.51674
CVE-2018-10716,0.00885,0.26162
CVE-2018-10717,0.01055,0.50287
CVE-2018-10718,0.12131,0.94983
CVE-2018-1072,0.00885,0.26162
CVE-2018-10722,0.00885,0.26162
CVE-2018-10723,0.00885,0.26162
CVE-2018-10726,0.00885,0.26162
CVE-2018-10727,0.01055,0.50287
CVE-2018-10728,0.00954,0.34522
CVE-2018-10729,0.00954,0.34522
CVE-2018-1073,0.00954,0.34522
CVE-2018-10730,0.02066,0.78986
CVE-2018-10731,0.00954,0.34522
CVE-2018-10732,0.01055,0.50287
CVE-2018-10733,0.01213,0.6557
CVE-2018-10734,0.00954,0.34522
CVE-2018-10735,0.00885,0.26162
CVE-2018-10736,0.00885,0.26162
CVE-2018-10737,0.00885,0.26162
CVE-2018-10738,0.00885,0.26162
CVE-2018-10739,0.00885,0.26162
CVE-2018-1074,0.00885,0.26162
CVE-2018-10740,0.01156,0.60033
CVE-2018-10746,0.01086,0.51674
CVE-2018-10747,0.01086,0.51674
CVE-2018-10748,0.01086,0.51674
CVE-2018-10749,0.01086,0.51674
CVE-2018-1075,0.0089,0.2856
CVE-2018-10750,0.01086,0.51674
CVE-2018-10751,0.08382,0.93597
CVE-2018-10752,0.02192,0.80195
CVE-2018-10753,0.01319,0.70416
CVE-2018-10756,0.03795,0.8483
CVE-2018-10757,0.01564,0.74439
CVE-2018-10758,0.00885,0.26162
CVE-2018-10759,0.01055,0.50287
CVE-2018-10760,0.01055,0.50287
CVE-2018-10763,0.02192,0.80195
CVE-2018-10767,0.01213,0.6557
CVE-2018-10768,0.01319,0.70416
CVE-2018-10769,0.00885,0.26162
CVE-2018-1077,0.00885,0.26162
CVE-2018-10770,0.01055,0.50287
CVE-2018-10771,0.01319,0.70416
CVE-2018-10772,0.01055,0.50287
CVE-2018-10773,0.01055,0.50287
CVE-2018-10774,0.01055,0.50287
CVE-2018-10775,0.01055,0.50287
CVE-2018-10776,0.01055,0.50287
CVE-2018-10777,0.01055,0.50287
CVE-2018-10778,0.01055,0.50287
CVE-2018-10779,0.01018,0.38792
CVE-2018-1078,0.00885,0.26162
CVE-2018-10780,0.00885,0.26162
CVE-2018-1079,0.00885,0.26162
CVE-2018-10790,0.01055,0.50287
CVE-2018-10795,0.00885,0.26162
CVE-2018-10796,0.00885,0.26162
CVE-2018-10798,0.00885,0.26162
CVE-2018-10799,0.00885,0.26162
CVE-2018-1080,0.01018,0.38792
CVE-2018-10801,0.00885,0.26162
CVE-2018-10803,0.01055,0.50287
CVE-2018-10804,0.00885,0.26162
CVE-2018-10805,0.00885,0.26162
CVE-2018-10806,0.00885,0.26162
CVE-2018-10809,0.01832,0.76196
CVE-2018-1081,0.00954,0.34522
CVE-2018-10810,0.00885,0.26162
CVE-2018-10811,0.01974,0.7812
CVE-2018-10812,0.00885,0.26162
CVE-2018-10813,0.00885,0.26162
CVE-2018-10814,0.02042,0.78565
CVE-2018-10815,0.00885,0.26162
CVE-2018-10817,0.00885,0.26162
CVE-2018-1082,0.00954,0.34522
CVE-2018-10822,0.08382,0.93597
CVE-2018-10823,0.04408,0.87557
CVE-2018-10824,0.08382,0.93597
CVE-2018-10825,0.00885,0.26162
CVE-2018-10827,0.01055,0.50287
CVE-2018-10828,0.02042,0.78565
CVE-2018-1083,0.01864,0.7628
CVE-2018-10830,0.01832,0.76196
CVE-2018-10831,0.00885,0.26162
CVE-2018-10832,0.02808,0.8233
CVE-2018-10839,0.01034,0.39824
CVE-2018-1084,0.01108,0.53389
CVE-2018-10840,0.01034,0.39824
CVE-2018-10841,0.01034,0.39824
CVE-2018-10843,0.00885,0.26162
CVE-2018-10844,0.02172,0.79917
CVE-2018-10845,0.02172,0.79917
CVE-2018-10846,0.01282,0.67298
CVE-2018-10847,0.0095,0.30554
CVE-2018-1085,0.01055,0.50287
CVE-2018-10850,0.01108,0.53389
CVE-2018-10851,0.01136,0.57949
CVE-2018-10852,0.01018,0.38792
CVE-2018-10853,0.01547,0.74085
CVE-2018-10854,0.00885,0.26162
CVE-2018-10855,0.01537,0.73595
CVE-2018-10856,0.0089,0.2856
CVE-2018-10857,0.00885,0.26162
CVE-2018-10858,0.02993,0.82801
CVE-2018-10859,0.00885,0.26162
CVE-2018-1086,0.01213,0.6557
CVE-2018-10860,0.01108,0.53389
CVE-2018-10861,0.01282,0.67298
CVE-2018-10862,0.01282,0.67298
CVE-2018-10863,0.00885,0.26162
CVE-2018-10864,0.01055,0.50287
CVE-2018-10865,0.00885,0.26162
CVE-2018-10866,0.00885,0.26162
CVE-2018-10867,0.01055,0.50287
CVE-2018-10868,0.00885,0.26162
CVE-2018-10869,0.01136,0.57949
CVE-2018-1087,0.01547,0.74085
CVE-2018-10870,0.05634,0.89764
CVE-2018-10871,0.0095,0.30554
CVE-2018-10872,0.0095,0.30554
CVE-2018-10873,0.01282,0.67298
CVE-2018-10874,0.01282,0.67298
CVE-2018-10875,0.01864,0.7628
CVE-2018-10876,0.01547,0.74085
CVE-2018-10877,0.01282,0.67298
CVE-2018-10878,0.01547,0.74085
CVE-2018-10879,0.01547,0.74085
CVE-2018-10880,0.02686,0.82061
CVE-2018-10881,0.01547,0.74085
CVE-2018-10882,0.01282,0.67298
CVE-2018-10883,0.01547,0.74085
CVE-2018-10884,0.00885,0.26162
CVE-2018-10885,0.00885,0.26162
CVE-2018-10887,0.01108,0.53389
CVE-2018-10888,0.01018,0.38792
CVE-2018-10889,0.00954,0.34522
CVE-2018-1089,0.01213,0.6557
CVE-2018-10890,0.00954,0.34522
CVE-2018-10891,0.00954,0.34522
CVE-2018-10892,0.01108,0.53389
CVE-2018-10893,0.02199,0.80273
CVE-2018-10894,0.0095,0.30554
CVE-2018-10895,0.02509,0.81058
CVE-2018-10896,0.0089,0.2856
CVE-2018-10897,0.01537,0.73595
CVE-2018-10898,0.00885,0.26162
CVE-2018-10899,0.0767,0.92609
CVE-2018-1090,0.00954,0.34522
CVE-2018-10900,0.11961,0.94962
CVE-2018-10901,0.01282,0.67298
CVE-2018-10902,0.01547,0.74085
CVE-2018-10903,0.01018,0.38792
CVE-2018-10904,0.02993,0.82801
CVE-2018-10905,0.0089,0.2856
CVE-2018-10906,0.02685,0.8144
CVE-2018-10907,0.02993,0.82801
CVE-2018-10908,0.01018,0.38792
CVE-2018-1091,0.01104,0.52279
CVE-2018-10910,0.00885,0.26162
CVE-2018-10911,0.01537,0.73595
CVE-2018-10912,0.0089,0.2856
CVE-2018-10913,0.01282,0.67298
CVE-2018-10914,0.01315,0.67456
CVE-2018-10915,0.01547,0.74085
CVE-2018-10916,0.01319,0.70416
CVE-2018-10917,0.00885,0.26162
CVE-2018-10918,0.01034,0.39824
CVE-2018-10919,0.01034,0.39824
CVE-2018-1092,0.02686,0.82061
CVE-2018-10921,0.00885,0.26162
CVE-2018-10922,0.00885,0.26162
CVE-2018-10923,0.01104,0.52279
CVE-2018-10924,0.0095,0.30554
CVE-2018-10925,0.01282,0.67298
CVE-2018-10926,0.02583,0.81238
CVE-2018-10927,0.01315,0.67456
CVE-2018-10928,0.02583,0.81238
CVE-2018-10929,0.02993,0.82801
CVE-2018-1093,0.02686,0.82061
CVE-2018-10930,0.01282,0.67298
CVE-2018-10931,0.01213,0.6557
CVE-2018-10932,0.01018,0.38792
CVE-2018-10934,0.01034,0.39824
CVE-2018-10935,0.0095,0.30554
CVE-2018-10937,0.0095,0.30554
CVE-2018-10938,0.01537,0.73595
CVE-2018-10939,0.01018,0.38792
CVE-2018-1094,0.01537,0.73595
CVE-2018-10940,0.01547,0.74085
CVE-2018-10942,0.01156,0.60033
CVE-2018-10943,0.00885,0.26162
CVE-2018-10944,0.00885,0.26162
CVE-2018-10945,0.01055,0.50287
CVE-2018-10946,0.00885,0.26162
CVE-2018-10947,0.00885,0.26162
CVE-2018-10948,0.00885,0.26162
CVE-2018-1095,0.01108,0.53389
CVE-2018-10950,0.00885,0.26162
CVE-2018-10951,0.00885,0.26162
CVE-2018-10952,0.00885,0.26162
CVE-2018-10953,0.00885,0.26162
CVE-2018-10954,0.00885,0.26162
CVE-2018-10955,0.00885,0.26162
CVE-2018-10956,0.08382,0.93597
CVE-2018-10957,0.00885,0.26162
CVE-2018-10958,0.01108,0.53389
CVE-2018-10959,0.01018,0.38792
CVE-2018-1096,0.0089,0.2856
CVE-2018-10962,0.00885,0.26162
CVE-2018-10963,0.01213,0.6557
CVE-2018-10966,0.00954,0.34522
CVE-2018-10967,0.01156,0.60033
CVE-2018-10968,0.00885,0.26162
CVE-2018-10969,0.01564,0.74439
CVE-2018-1097,0.0095,0.30554
CVE-2018-10971,0.01055,0.50287
CVE-2018-10972,0.01055,0.50287
CVE-2018-10973,0.00885,0.26162
CVE-2018-10974,0.00885,0.26162
CVE-2018-10975,0.00885,0.26162
CVE-2018-10976,0.00885,0.26162
CVE-2018-10977,0.00885,0.26162
CVE-2018-1098,0.01018,0.38792
CVE-2018-10981,0.01034,0.39824
CVE-2018-10982,0.01034,0.39824
CVE-2018-10986,0.00885,0.26162
CVE-2018-10987,0.01156,0.60033
CVE-2018-10988,0.00885,0.26162
CVE-2018-10989,0.01055,0.50287
CVE-2018-1099,0.0095,0.30554
CVE-2018-10990,0.00885,0.26162
CVE-2018-10992,0.01055,0.50287
CVE-2018-10994,0.01018,0.38792
CVE-2018-10995,0.01018,0.38792
CVE-2018-10996,0.0144,0.7265
CVE-2018-10997,0.00885,0.26162
CVE-2018-10998,0.01319,0.70416
CVE-2018-10999,0.01108,0.53389
CVE-2018-1100,0.01505,0.72763
CVE-2018-11002,0.00885,0.26162
CVE-2018-11003,0.01055,0.50287
CVE-2018-11004,0.01055,0.50287
CVE-2018-11005,0.00885,0.26162
CVE-2018-11006,0.00885,0.26162
CVE-2018-11007,0.00885,0.26162
CVE-2018-11008,0.00885,0.26162
CVE-2018-11009,0.00885,0.26162
CVE-2018-1101,0.0095,0.30554
CVE-2018-11010,0.00885,0.26162
CVE-2018-11011,0.00885,0.26162
CVE-2018-11012,0.00885,0.26162
CVE-2018-11013,0.01156,0.60033
CVE-2018-11017,0.01055,0.50287
CVE-2018-11018,0.01055,0.50287
CVE-2018-11019,0.00885,0.26162
CVE-2018-1102,0.01282,0.67298
CVE-2018-11020,0.00885,0.26162
CVE-2018-11021,0.00885,0.26162
CVE-2018-11022,0.00885,0.26162
CVE-2018-11023,0.00885,0.26162
CVE-2018-11024,0.00885,0.26162
CVE-2018-11025,0.00885,0.26162
CVE-2018-11027,0.01055,0.50287
CVE-2018-1103,0.00885,0.26162
CVE-2018-11031,0.00885,0.26162
CVE-2018-11032,0.00885,0.26162
CVE-2018-11033,0.01055,0.50287
CVE-2018-11034,0.01832,0.76196
CVE-2018-11035,0.00885,0.26162
CVE-2018-11036,0.01055,0.50287
CVE-2018-11037,0.01136,0.57949
CVE-2018-11039,0.01537,0.73595
CVE-2018-1104,0.02199,0.80273
CVE-2018-11040,0.01537,0.73595
CVE-2018-11041,0.01055,0.50287
CVE-2018-11044,0.00885,0.26162
CVE-2018-11045,0.00885,0.26162
CVE-2018-11046,0.00885,0.26162
CVE-2018-11047,0.00885,0.26162
CVE-2018-11048,0.0089,0.2856
CVE-2018-11049,0.0089,0.2856
CVE-2018-11050,0.00954,0.34522
CVE-2018-11051,0.01136,0.57949
CVE-2018-11052,0.01055,0.50287
CVE-2018-11053,0.00885,0.26162
CVE-2018-11054,0.01319,0.70416
CVE-2018-11055,0.01034,0.39824
CVE-2018-11056,0.01232,0.66248
CVE-2018-11057,0.01319,0.70416
CVE-2018-11058,0.01319,0.70416
CVE-2018-11059,0.01061,0.51015
CVE-2018-1106,0.0095,0.30554
CVE-2018-11060,0.01061,0.51015
CVE-2018-11061,0.01132,0.54372
CVE-2018-11062,0.00885,0.26162
CVE-2018-11063,0.00885,0.26162
CVE-2018-11064,0.01005,0.36332
CVE-2018-11065,0.0089,0.2856
CVE-2018-11066,0.05634,0.89764
CVE-2018-11067,0.01213,0.6557
CVE-2018-11068,0.00885,0.26162
CVE-2018-11069,0.01055,0.50287
CVE-2018-1107,0.00885,0.26162
CVE-2018-11070,0.01136,0.57949
CVE-2018-11071,0.01055,0.50287
CVE-2018-11072,0.00885,0.26162
CVE-2018-11073,0.0089,0.2856
CVE-2018-11074,0.01136,0.57949
CVE-2018-11075,0.00954,0.34522
CVE-2018-11076,0.01018,0.38792
CVE-2018-11077,0.01079,0.51017
CVE-2018-11078,0.01055,0.50287
CVE-2018-11079,0.0089,0.2856
CVE-2018-1108,0.01537,0.73595
CVE-2018-11080,0.0089,0.2856
CVE-2018-11081,0.01055,0.50287
CVE-2018-11082,0.00885,0.26162
CVE-2018-11083,0.01055,0.50287
CVE-2018-11084,0.01055,0.50287
CVE-2018-11086,0.00885,0.26162
CVE-2018-11087,0.00885,0.26162
CVE-2018-11088,0.00885,0.26162
CVE-2018-1109,0.00885,0.26162
CVE-2018-11090,0.00885,0.26162
CVE-2018-11091,0.0095,0.30554
CVE-2018-11092,0.08382,0.93597
CVE-2018-11094,0.08382,0.93597
CVE-2018-11095,0.01055,0.50287
CVE-2018-11096,0.08382,0.93597
CVE-2018-11097,0.00885,0.26162
CVE-2018-11098,0.00885,0.26162
CVE-2018-11099,0.01136,0.57949
CVE-2018-1110,0.00885,0.26162
CVE-2018-11100,0.01055,0.50287
CVE-2018-11101,0.01156,0.60033
CVE-2018-11102,0.01136,0.57949
CVE-2018-11105,0.00885,0.26162
CVE-2018-11106,0.02055,0.7893
CVE-2018-11116,0.01978,0.78447
CVE-2018-11117,0.00885,0.26162
CVE-2018-11118,0.00954,0.34522
CVE-2018-11119,0.00885,0.26162
CVE-2018-11120,0.00885,0.26162
CVE-2018-11124,0.02437,0.80834
CVE-2018-11126,0.00885,0.26162
CVE-2018-11127,0.00885,0.26162
CVE-2018-11128,0.01103,0.51945
CVE-2018-11129,0.01136,0.57949
CVE-2018-1113,0.0089,0.2856
CVE-2018-11130,0.01136,0.57949
CVE-2018-11132,0.02055,0.7893
CVE-2018-11133,0.00885,0.26162
CVE-2018-11134,0.00885,0.26162
CVE-2018-11135,0.00885,0.26162
CVE-2018-11136,0.00885,0.26162
CVE-2018-11137,0.00885,0.26162
CVE-2018-11138,0.7962,0.99468
CVE-2018-11139,0.02055,0.7893
CVE-2018-1114,0.01034,0.39824
CVE-2018-11140,0.00885,0.26162
CVE-2018-11141,0.00885,0.26162
CVE-2018-11142,0.00885,0.26162
CVE-2018-11143,0.02211,0.80357
CVE-2018-11144,0.02066,0.78986
CVE-2018-11145,0.02066,0.78986
CVE-2018-11146,0.02066,0.78986
CVE-2018-11147,0.02066,0.78986
CVE-2018-11148,0.02066,0.78986
CVE-2018-11149,0.02066,0.78986
CVE-2018-1115,0.01108,0.53389
CVE-2018-11150,0.02066,0.78986
CVE-2018-11151,0.02066,0.78986
CVE-2018-11152,0.02066,0.78986
CVE-2018-11153,0.02066,0.78986
CVE-2018-11154,0.02066,0.78986
CVE-2018-11155,0.02066,0.78986
CVE-2018-11156,0.02066,0.78986
CVE-2018-11157,0.02066,0.78986
CVE-2018-11158,0.02066,0.78986
CVE-2018-11159,0.02066,0.78986
CVE-2018-1116,0.0095,0.30554
CVE-2018-11160,0.02066,0.78986
CVE-2018-11161,0.02066,0.78986
CVE-2018-11162,0.02066,0.78986
CVE-2018-11163,0.02066,0.78986
CVE-2018-11164,0.02066,0.78986
CVE-2018-11165,0.02066,0.78986
CVE-2018-11166,0.02066,0.78986
CVE-2018-11167,0.02066,0.78986
CVE-2018-11168,0.02066,0.78986
CVE-2018-11169,0.02066,0.78986
CVE-2018-1117,0.00954,0.34522
CVE-2018-11170,0.02066,0.78986
CVE-2018-11171,0.02066,0.78986
CVE-2018-11172,0.02066,0.78986
CVE-2018-11173,0.02066,0.78986
CVE-2018-11174,0.02066,0.78986
CVE-2018-11175,0.02066,0.78986
CVE-2018-11176,0.02066,0.78986
CVE-2018-11177,0.02066,0.78986
CVE-2018-11178,0.02066,0.78986
CVE-2018-11179,0.02066,0.78986
CVE-2018-1118,0.01034,0.39824
CVE-2018-11180,0.02066,0.78986
CVE-2018-11181,0.02066,0.78986
CVE-2018-11182,0.02066,0.78986
CVE-2018-11183,0.02066,0.78986
CVE-2018-11184,0.02066,0.78986
CVE-2018-11185,0.02066,0.78986
CVE-2018-11186,0.02066,0.78986
CVE-2018-11187,0.02066,0.78986
CVE-2018-11188,0.02066,0.78986
CVE-2018-11189,0.0089,0.2856
CVE-2018-11190,0.0089,0.2856
CVE-2018-11191,0.0089,0.2856
CVE-2018-11192,0.0089,0.2856
CVE-2018-11193,0.0089,0.2856
CVE-2018-11194,0.0089,0.2856
CVE-2018-11195,0.00885,0.26162
CVE-2018-11196,0.00885,0.26162
CVE-2018-11198,0.00885,0.26162
CVE-2018-1120,0.01547,0.74085
CVE-2018-11200,0.00885,0.26162
CVE-2018-11202,0.01055,0.50287
CVE-2018-11203,0.01055,0.50287
CVE-2018-11204,0.01055,0.50287
CVE-2018-11205,0.01055,0.50287
CVE-2018-11206,0.01055,0.50287
CVE-2018-11207,0.01055,0.50287
CVE-2018-11208,0.01055,0.50287
CVE-2018-11209,0.00885,0.26162
CVE-2018-1121,0.01018,0.38792
CVE-2018-11210,0.00954,0.34522
CVE-2018-11212,0.03932,0.8519
CVE-2018-11213,0.01213,0.6557
CVE-2018-11214,0.01213,0.6557
CVE-2018-11215,0.01156,0.60033
CVE-2018-11218,0.02686,0.82061
CVE-2018-11219,0.02686,0.82061
CVE-2018-1122,0.01547,0.74085
CVE-2018-11220,0.03059,0.82941
CVE-2018-11221,0.00885,0.26162
CVE-2018-11222,0.00885,0.26162
CVE-2018-11223,0.0144,0.7265
CVE-2018-11224,0.01055,0.50287
CVE-2018-11225,0.01055,0.50287
CVE-2018-11226,0.01055,0.50287
CVE-2018-11227,0.02173,0.80027
CVE-2018-11229,0.05634,0.89764
CVE-2018-11230,0.01055,0.50287
CVE-2018-11231,0.00885,0.26162
CVE-2018-11232,0.0089,0.2856
CVE-2018-11233,0.01108,0.53389
CVE-2018-11236,0.03806,0.84842
CVE-2018-11237,0.01282,0.67298
CVE-2018-11239,0.00885,0.26162
CVE-2018-1124,0.01864,0.7628
CVE-2018-11240,0.01086,0.51674
CVE-2018-11241,0.01156,0.60033
CVE-2018-11242,0.07308,0.9216
CVE-2018-11243,0.01776,0.75902
CVE-2018-11244,0.00885,0.26162
CVE-2018-11245,0.00885,0.26162
CVE-2018-11246,0.00885,0.26162
CVE-2018-11247,0.01156,0.60033
CVE-2018-11248,0.00885,0.26162
CVE-2018-1125,0.01537,0.73595
CVE-2018-11251,0.01018,0.38792
CVE-2018-11254,0.01055,0.50287
CVE-2018-11255,0.01055,0.50287
CVE-2018-11256,0.01055,0.50287
CVE-2018-11257,0.00885,0.26162
CVE-2018-11258,0.00885,0.26162
CVE-2018-11259,0.00885,0.26162
CVE-2018-1126,0.02686,0.82061
CVE-2018-11260,0.0089,0.2856
CVE-2018-11261,0.0089,0.2856
CVE-2018-11262,0.0089,0.2856
CVE-2018-11263,0.00954,0.34522
CVE-2018-11264,0.00885,0.26162
CVE-2018-11265,0.0089,0.2856
CVE-2018-11266,0.0089,0.2856
CVE-2018-11267,0.00885,0.26162
CVE-2018-11268,0.00885,0.26162
CVE-2018-11269,0.00885,0.26162
CVE-2018-1127,0.01018,0.38792
CVE-2018-11270,0.0089,0.2856
CVE-2018-11271,0.00885,0.26162
CVE-2018-11273,0.0095,0.30554
CVE-2018-11274,0.00885,0.26162
CVE-2018-11275,0.0089,0.2856
CVE-2018-11276,0.0089,0.2856
CVE-2018-11277,0.00885,0.26162
CVE-2018-11278,0.00885,0.26162
CVE-2018-11279,0.00885,0.26162
CVE-2018-1128,0.01537,0.73595
CVE-2018-11280,0.0089,0.2856
CVE-2018-11281,0.0095,0.30554
CVE-2018-11284,0.00885,0.26162
CVE-2018-11285,0.00885,0.26162
CVE-2018-11286,0.00885,0.26162
CVE-2018-11287,0.00885,0.26162
CVE-2018-11288,0.00885,0.26162
CVE-2018-11289,0.00885,0.26162
CVE-2018-1129,0.01537,0.73595
CVE-2018-11290,0.00954,0.34522
CVE-2018-11291,0.00885,0.26162
CVE-2018-11292,0.0089,0.2856
CVE-2018-11293,0.0089,0.2856
CVE-2018-11294,0.0089,0.2856
CVE-2018-11295,0.0089,0.2856
CVE-2018-11296,0.0089,0.2856
CVE-2018-11297,0.0089,0.2856
CVE-2018-11298,0.0089,0.2856
CVE-2018-11299,0.0089,0.2856
CVE-2018-1130,0.01547,0.74085
CVE-2018-11300,0.0089,0.2856
CVE-2018-11301,0.0089,0.2856
CVE-2018-11302,0.00885,0.26162
CVE-2018-11304,0.00885,0.26162
CVE-2018-11305,0.00885,0.26162
CVE-2018-11307,0.02686,0.82061
CVE-2018-11309,0.00885,0.26162
CVE-2018-1131,0.03458,0.84023
CVE-2018-11314,0.00885,0.26162
CVE-2018-11315,0.00954,0.34522
CVE-2018-11316,0.00885,0.26162
CVE-2018-11317,0.00885,0.26162
CVE-2018-11319,0.02199,0.80273
CVE-2018-1132,0.01018,0.38792
CVE-2018-11320,0.00885,0.26162
CVE-2018-11321,0.0089,0.2856
CVE-2018-11322,0.0089,0.2856
CVE-2018-11323,0.0089,0.2856
CVE-2018-11324,0.00954,0.34522
CVE-2018-11325,0.00954,0.34522
CVE-2018-11326,0.0089,0.2856
CVE-2018-11327,0.0089,0.2856
CVE-2018-11328,0.00954,0.34522
CVE-2018-11329,0.00885,0.26162
CVE-2018-11330,0.00885,0.26162
CVE-2018-11331,0.0144,0.7265
CVE-2018-11332,0.02437,0.80834
CVE-2018-11334,0.00885,0.26162
CVE-2018-11335,0.00885,0.26162
CVE-2018-11338,0.00885,0.26162
CVE-2018-11339,0.02173,0.80027
CVE-2018-1134,0.00885,0.26162
CVE-2018-11340,0.0089,0.2856
CVE-2018-11341,0.0089,0.2856
CVE-2018-11342,0.0089,0.2856
CVE-2018-11343,0.0089,0.2856
CVE-2018-11344,0.0089,0.2856
CVE-2018-11345,0.0089,0.2856
CVE-2018-11346,0.0089,0.2856
CVE-2018-11347,0.00885,0.26162
CVE-2018-11348,0.00885,0.26162
CVE-2018-11349,0.00885,0.26162
CVE-2018-1135,0.00885,0.26162
CVE-2018-11350,0.00885,0.26162
CVE-2018-11351,0.01086,0.51674
CVE-2018-11352,0.01086,0.51674
CVE-2018-11354,0.01108,0.53389
CVE-2018-11355,0.01108,0.53389
CVE-2018-11356,0.01108,0.53389
CVE-2018-11357,0.01108,0.53389
CVE-2018-11358,0.01183,0.60428
CVE-2018-11359,0.01108,0.53389
CVE-2018-1136,0.00885,0.26162
CVE-2018-11360,0.01108,0.53389
CVE-2018-11361,0.01108,0.53389
CVE-2018-11362,0.01183,0.60428
CVE-2018-11363,0.00885,0.26162
CVE-2018-11364,0.00885,0.26162
CVE-2018-11365,0.00885,0.26162
CVE-2018-11366,0.01018,0.38792
CVE-2018-11367,0.00885,0.26162
CVE-2018-11369,0.00885,0.26162
CVE-2018-1137,0.00885,0.26162
CVE-2018-11371,0.00885,0.26162
CVE-2018-11372,0.00885,0.26162
CVE-2018-11373,0.00885,0.26162
CVE-2018-11375,0.01055,0.50287
CVE-2018-11376,0.01055,0.50287
CVE-2018-11377,0.01136,0.57949
CVE-2018-11378,0.00885,0.26162
CVE-2018-11379,0.01055,0.50287
CVE-2018-11380,0.01055,0.50287
CVE-2018-11381,0.01055,0.50287
CVE-2018-11382,0.01055,0.50287
CVE-2018-11383,0.01055,0.50287
CVE-2018-11384,0.01055,0.50287
CVE-2018-11385,0.01108,0.53389
CVE-2018-11386,0.01018,0.38792
CVE-2018-1139,0.01537,0.73595
CVE-2018-11392,0.04571,0.88388
CVE-2018-11396,0.01055,0.50287
CVE-2018-11399,0.00885,0.26162
CVE-2018-1140,0.01108,0.53389
CVE-2018-11400,0.00885,0.26162
CVE-2018-11401,0.00885,0.26162
CVE-2018-11402,0.00885,0.26162
CVE-2018-11403,0.02192,0.80195
CVE-2018-11404,0.02173,0.80027
CVE-2018-11405,0.00885,0.26162
CVE-2018-11406,0.01018,0.38792
CVE-2018-11407,0.01055,0.50287
CVE-2018-11408,0.01018,0.38792
CVE-2018-1141,0.00885,0.26162
CVE-2018-11410,0.01213,0.6557
CVE-2018-11411,0.00885,0.26162
CVE-2018-11412,0.108,0.94438
CVE-2018-11413,0.01055,0.50287
CVE-2018-11414,0.00885,0.26162
CVE-2018-11415,0.14057,0.95603
CVE-2018-11416,0.01055,0.50287
CVE-2018-11418,0.00885,0.26162
CVE-2018-11419,0.00885,0.26162
CVE-2018-1142,0.00885,0.26162
CVE-2018-11420,0.00885,0.26162
CVE-2018-11421,0.00885,0.26162
CVE-2018-11422,0.00885,0.26162
CVE-2018-11423,0.00885,0.26162
CVE-2018-11424,0.00885,0.26162
CVE-2018-11425,0.00885,0.26162
CVE-2018-11426,0.00885,0.26162
CVE-2018-11427,0.00885,0.26162
CVE-2018-11429,0.00885,0.26162
CVE-2018-1143,0.01055,0.50287
CVE-2018-11430,0.02192,0.80195
CVE-2018-11432,0.01055,0.50287
CVE-2018-11433,0.01055,0.50287
CVE-2018-11434,0.01055,0.50287
CVE-2018-11435,0.01055,0.50287
CVE-2018-11436,0.01055,0.50287
CVE-2018-11437,0.01055,0.50287
CVE-2018-11438,0.01156,0.60033
CVE-2018-11439,0.01136,0.57949
CVE-2018-1144,0.01055,0.50287
CVE-2018-11440,0.01018,0.38792
CVE-2018-11442,0.00885,0.26162
CVE-2018-11443,0.08382,0.93597
CVE-2018-11444,0.01564,0.74439
CVE-2018-11445,0.00885,0.26162
CVE-2018-11446,0.00885,0.26162
CVE-2018-11447,0.00885,0.26162
CVE-2018-11448,0.00885,0.26162
CVE-2018-11449,0.00885,0.26162
CVE-2018-1145,0.01055,0.50287
CVE-2018-11450,0.00885,0.26162
CVE-2018-11451,0.00954,0.34522
CVE-2018-11452,0.00954,0.34522
CVE-2018-11453,0.01005,0.36332
CVE-2018-11454,0.01005,0.36332
CVE-2018-11455,0.01689,0.75137
CVE-2018-11456,0.00885,0.26162
CVE-2018-11457,0.01978,0.78447
CVE-2018-11458,0.01978,0.78447
CVE-2018-11459,0.00885,0.26162
CVE-2018-1146,0.01055,0.50287
CVE-2018-11460,0.00885,0.26162
CVE-2018-11461,0.00885,0.26162
CVE-2018-11462,0.01055,0.50287
CVE-2018-11463,0.01005,0.36332
CVE-2018-11464,0.01055,0.50287
CVE-2018-11465,0.01005,0.36332
CVE-2018-11466,0.01978,0.78447
CVE-2018-11468,0.01136,0.57949
CVE-2018-11469,0.01018,0.38792
CVE-2018-1147,0.01689,0.75137
CVE-2018-11470,0.00885,0.26162
CVE-2018-11471,0.00885,0.26162
CVE-2018-11472,0.00885,0.26162
CVE-2018-11473,0.00885,0.26162
CVE-2018-11474,0.00885,0.26162
CVE-2018-11475,0.00885,0.26162
CVE-2018-11476,0.00885,0.26162
CVE-2018-11477,0.00885,0.26162
CVE-2018-11478,0.00885,0.26162
CVE-2018-11479,0.11608,0.94847
CVE-2018-1148,0.00885,0.26162
CVE-2018-11481,0.01156,0.60033
CVE-2018-11482,0.00885,0.26162
CVE-2018-11485,0.00885,0.26162
CVE-2018-11486,0.00885,0.26162
CVE-2018-11487,0.00885,0.26162
CVE-2018-11488,0.01136,0.57949
CVE-2018-11489,0.00954,0.34522
CVE-2018-1149,0.05634,0.89764
CVE-2018-11490,0.00954,0.34522
CVE-2018-11491,0.01978,0.78447
CVE-2018-11492,0.00954,0.34522
CVE-2018-11493,0.00885,0.26162
CVE-2018-11494,0.01086,0.51674
CVE-2018-11495,0.00885,0.26162
CVE-2018-11496,0.00885,0.26162
CVE-2018-11498,0.01103,0.51945
CVE-2018-11499,0.01018,0.38792
CVE-2018-1150,0.01136,0.57949
CVE-2018-11500,0.00885,0.26162
CVE-2018-11501,0.00885,0.26162
CVE-2018-11502,0.08382,0.93597
CVE-2018-11503,0.01136,0.57949
CVE-2018-11504,0.01136,0.57949
CVE-2018-11505,0.08382,0.93597
CVE-2018-11506,0.01282,0.67298
CVE-2018-11507,0.00885,0.26162
CVE-2018-11508,0.03534,0.84129
CVE-2018-11509,0.00885,0.26162
CVE-2018-1151,0.01156,0.60033
CVE-2018-11511,0.00885,0.26162
CVE-2018-11512,0.02437,0.80834
CVE-2018-11514,0.00885,0.26162
CVE-2018-11515,0.00885,0.26162
CVE-2018-11516,0.01213,0.6557
CVE-2018-11518,0.01018,0.38792
CVE-2018-1152,0.01537,0.73595
CVE-2018-11522,0.02173,0.80027
CVE-2018-11523,0.08382,0.93597
CVE-2018-11525,0.02362,0.80685
CVE-2018-11526,0.02362,0.80685
CVE-2018-11527,0.01055,0.50287
CVE-2018-11528,0.00885,0.26162
CVE-2018-11529,0.52031,0.98662
CVE-2018-1153,0.00885,0.26162
CVE-2018-11531,0.01018,0.38792
CVE-2018-11532,0.02173,0.80027
CVE-2018-11535,0.01564,0.74439
CVE-2018-11536,0.00885,0.26162
CVE-2018-11537,0.01055,0.50287
CVE-2018-11538,0.08382,0.93597
CVE-2018-1154,0.00885,0.26162
CVE-2018-11541,0.00885,0.26162
CVE-2018-11542,0.01978,0.78447
CVE-2018-11543,0.00885,0.26162
CVE-2018-11544,0.00885,0.26162
CVE-2018-11545,0.00885,0.26162
CVE-2018-11546,0.00885,0.26162
CVE-2018-11547,0.00885,0.26162
CVE-2018-11548,0.00885,0.26162
CVE-2018-11549,0.00885,0.26162
CVE-2018-1155,0.00885,0.26162
CVE-2018-11551,0.01103,0.51945
CVE-2018-11552,0.01055,0.50287
CVE-2018-11553,0.00885,0.26162
CVE-2018-11554,0.01055,0.50287
CVE-2018-11555,0.00885,0.26162
CVE-2018-11556,0.00885,0.26162
CVE-2018-11557,0.00885,0.26162
CVE-2018-11558,0.00885,0.26162
CVE-2018-11559,0.00885,0.26162
CVE-2018-1156,0.04571,0.88388
CVE-2018-11560,0.00885,0.26162
CVE-2018-11561,0.00885,0.26162
CVE-2018-11562,0.00885,0.26162
CVE-2018-11563,0.0095,0.30554
CVE-2018-11565,0.00885,0.26162
CVE-2018-11567,0.01018,0.38792
CVE-2018-11568,0.00885,0.26162
CVE-2018-11569,0.00885,0.26162
CVE-2018-1157,0.01132,0.54372
CVE-2018-11571,0.00885,0.26162
CVE-2018-11572,0.00885,0.26162
CVE-2018-11574,0.00885,0.26162
CVE-2018-11575,0.00885,0.26162
CVE-2018-11576,0.00885,0.26162
CVE-2018-11577,0.01018,0.38792
CVE-2018-11578,0.00885,0.26162
CVE-2018-11579,0.00885,0.26162
CVE-2018-1158,0.01132,0.54372
CVE-2018-11580,0.00885,0.26162
CVE-2018-11581,0.02437,0.80834
CVE-2018-11583,0.00885,0.26162
CVE-2018-11586,0.08382,0.93597
CVE-2018-11587,0.05634,0.89764
CVE-2018-11588,0.0095,0.30554
CVE-2018-11589,0.01108,0.53389
CVE-2018-1159,0.01061,0.51015
CVE-2018-11590,0.00954,0.34522
CVE-2018-11591,0.00954,0.34522
CVE-2018-11592,0.00954,0.34522
CVE-2018-11593,0.00954,0.34522
CVE-2018-11594,0.00954,0.34522
CVE-2018-11595,0.01018,0.38792
CVE-2018-11596,0.00885,0.26162
CVE-2018-11597,0.00885,0.26162
CVE-2018-11598,0.01018,0.38792
CVE-2018-1160,0.43663,0.98216
CVE-2018-1161,0.36588,0.97782
CVE-2018-11614,0.01055,0.50287
CVE-2018-11615,0.01055,0.50287
CVE-2018-11616,0.01156,0.60033
CVE-2018-11617,0.01384,0.711
CVE-2018-11618,0.01384,0.711
CVE-2018-11619,0.01384,0.711
CVE-2018-1162,0.01055,0.50287
CVE-2018-11620,0.01384,0.711
CVE-2018-11621,0.01384,0.711
CVE-2018-11622,0.01384,0.711
CVE-2018-11623,0.01384,0.711
CVE-2018-11624,0.00885,0.26162
CVE-2018-11625,0.00885,0.26162
CVE-2018-11626,0.00885,0.26162
CVE-2018-11627,0.01018,0.38792
CVE-2018-11628,0.02173,0.80027
CVE-2018-11629,0.02509,0.81058
CVE-2018-1163,0.36588,0.97782
CVE-2018-11632,0.00885,0.26162
CVE-2018-11633,0.00885,0.26162
CVE-2018-11634,0.00885,0.26162
CVE-2018-11635,0.01055,0.50287
CVE-2018-11636,0.01055,0.50287
CVE-2018-11637,0.01055,0.50287
CVE-2018-11638,0.01156,0.60033
CVE-2018-11639,0.01055,0.50287
CVE-2018-1164,0.01055,0.50287
CVE-2018-11640,0.01055,0.50287
CVE-2018-11641,0.01055,0.50287
CVE-2018-11642,0.01036,0.41241
CVE-2018-11643,0.01055,0.50287
CVE-2018-11645,0.01319,0.70416
CVE-2018-11646,0.7803,0.99395
CVE-2018-11647,0.00885,0.26162
CVE-2018-11649,0.00885,0.26162
CVE-2018-1165,0.01365,0.70715
CVE-2018-11650,0.00885,0.26162
CVE-2018-11651,0.00885,0.26162
CVE-2018-11652,0.08382,0.93597
CVE-2018-11653,0.00885,0.26162
CVE-2018-11654,0.00885,0.26162
CVE-2018-11655,0.00885,0.26162
CVE-2018-11656,0.00885,0.26162
CVE-2018-11657,0.00885,0.26162
CVE-2018-1166,0.01005,0.36332
CVE-2018-1167,0.01156,0.60033
CVE-2018-11670,0.08382,0.93597
CVE-2018-11671,0.08382,0.93597
CVE-2018-11678,0.00885,0.26162
CVE-2018-11679,0.00885,0.26162
CVE-2018-1168,0.00885,0.26162
CVE-2018-11680,0.00885,0.26162
CVE-2018-11681,0.02509,0.81058
CVE-2018-11682,0.02509,0.81058
CVE-2018-11683,0.00954,0.34522
CVE-2018-11684,0.00954,0.34522
CVE-2018-11685,0.00954,0.34522
CVE-2018-11687,0.00885,0.26162
CVE-2018-11688,0.01319,0.70416
CVE-2018-11689,0.01018,0.38792
CVE-2018-1169,0.01689,0.75137
CVE-2018-11690,0.01213,0.6557
CVE-2018-11691,0.00954,0.34522
CVE-2018-11692,0.00885,0.26162
CVE-2018-11693,0.00885,0.26162
CVE-2018-11694,0.00885,0.26162
CVE-2018-11695,0.00954,0.34522
CVE-2018-11696,0.00885,0.26162
CVE-2018-11697,0.00885,0.26162
CVE-2018-11698,0.00885,0.26162
CVE-2018-1170,0.00885,0.26162
CVE-2018-11701,0.00885,0.26162
CVE-2018-11702,0.00885,0.26162
CVE-2018-11703,0.00885,0.26162
CVE-2018-11704,0.00885,0.26162
CVE-2018-11705,0.00885,0.26162
CVE-2018-11706,0.00885,0.26162
CVE-2018-11707,0.00885,0.26162
CVE-2018-11709,0.00954,0.34522
CVE-2018-1171,0.01365,0.70715
CVE-2018-11710,0.01055,0.50287
CVE-2018-11711,0.01055,0.50287
CVE-2018-11712,0.00954,0.34522
CVE-2018-11713,0.00954,0.34522
CVE-2018-11714,0.08382,0.93597
CVE-2018-11715,0.02192,0.80195
CVE-2018-11716,0.00885,0.26162
CVE-2018-11717,0.00885,0.26162
CVE-2018-11718,0.00885,0.26162
CVE-2018-11719,0.00885,0.26162
CVE-2018-1172,0.01055,0.50287
CVE-2018-11720,0.00885,0.26162
CVE-2018-11722,0.00885,0.26162
CVE-2018-11723,0.01055,0.50287
CVE-2018-11724,0.01055,0.50287
CVE-2018-11725,0.01055,0.50287
CVE-2018-11726,0.01055,0.50287
CVE-2018-11727,0.01055,0.50287
CVE-2018-11728,0.01055,0.50287
CVE-2018-11729,0.01055,0.50287
CVE-2018-1173,0.01384,0.711
CVE-2018-11730,0.01055,0.50287
CVE-2018-11731,0.01055,0.50287
CVE-2018-11734,0.00885,0.26162
CVE-2018-11735,0.00885,0.26162
CVE-2018-11736,0.01055,0.50287
CVE-2018-11737,0.00885,0.26162
CVE-2018-11738,0.00885,0.26162
CVE-2018-11739,0.00885,0.26162
CVE-2018-1174,0.01384,0.711
CVE-2018-11740,0.00885,0.26162
CVE-2018-11741,0.01018,0.38792
CVE-2018-11742,0.01018,0.38792
CVE-2018-11743,0.00954,0.34522
CVE-2018-11744,0.00885,0.26162
CVE-2018-11746,0.00885,0.26162
CVE-2018-11747,0.00885,0.26162
CVE-2018-11748,0.00885,0.26162
CVE-2018-11749,0.00885,0.26162
CVE-2018-1175,0.01384,0.711
CVE-2018-11750,0.00885,0.26162
CVE-2018-11751,0.00885,0.26162
CVE-2018-11752,0.00885,0.26162
CVE-2018-11756,0.00954,0.34522
CVE-2018-11757,0.00954,0.34522
CVE-2018-11758,0.00885,0.26162
CVE-2018-1176,0.01384,0.711
CVE-2018-11760,0.0089,0.2856
CVE-2018-11762,0.00885,0.26162
CVE-2018-11763,0.07767,0.92799
CVE-2018-11764,0.00885,0.26162
CVE-2018-11765,0.03032,0.82851
CVE-2018-11766,0.00885,0.26162
CVE-2018-11767,0.01246,0.66436
CVE-2018-11768,0.03032,0.82851
CVE-2018-11769,0.05471,0.89498
CVE-2018-1177,0.01384,0.711
CVE-2018-11771,0.05242,0.89216
CVE-2018-11772,0.00885,0.26162
CVE-2018-11773,0.00885,0.26162
CVE-2018-11774,0.00885,0.26162
CVE-2018-11775,0.05242,0.89216
CVE-2018-11777,0.00885,0.26162
CVE-2018-11778,0.01164,0.60046
CVE-2018-11779,0.00885,0.26162
CVE-2018-1178,0.01384,0.711
CVE-2018-11780,0.06729,0.91198
CVE-2018-11781,0.01627,0.74906
CVE-2018-11782,0.00885,0.26162
CVE-2018-11783,0.00885,0.26162
CVE-2018-11785,0.00885,0.26162
CVE-2018-11786,0.0089,0.2856
CVE-2018-11787,0.00954,0.34522
CVE-2018-11789,0.00885,0.26162
CVE-2018-1179,0.01384,0.711
CVE-2018-11790,0.01164,0.60046
CVE-2018-11792,0.00885,0.26162
CVE-2018-11793,0.00885,0.26162
CVE-2018-11796,0.01246,0.66436
CVE-2018-11797,0.01742,0.75235
CVE-2018-11798,0.01386,0.71108
CVE-2018-11799,0.00885,0.26162
CVE-2018-1180,0.01384,0.711
CVE-2018-11800,0.00954,0.34522
CVE-2018-11801,0.00954,0.34522
CVE-2018-11802,0.00885,0.26162
CVE-2018-11803,0.01246,0.66436
CVE-2018-11804,0.00954,0.34522
CVE-2018-11805,0.03525,0.84103000000000006
CVE-2018-11806,0.01791,0.76026
CVE-2018-11808,0.03479,0.84045
CVE-2018-11813,0.01108,0.53389
CVE-2018-11818,0.0089,0.2856
CVE-2018-11819,0.00885,0.26162
CVE-2018-1182,0.01365,0.70715
CVE-2018-11820,0.00885,0.26162
CVE-2018-11821,0.00885,0.26162
CVE-2018-11822,0.00885,0.26162
CVE-2018-11823,0.00885,0.26162
CVE-2018-11824,0.00885,0.26162
CVE-2018-11826,0.0089,0.2856
CVE-2018-11827,0.0089,0.2856
CVE-2018-11828,0.00885,0.26162
CVE-2018-1183,0.00885,0.26162
CVE-2018-11830,0.00885,0.26162
CVE-2018-11832,0.00885,0.26162
CVE-2018-11836,0.0089,0.2856
CVE-2018-11838,0.00885,0.26162
CVE-2018-1184,0.01005,0.35949
CVE-2018-11840,0.0089,0.2856
CVE-2018-11842,0.0089,0.2856
CVE-2018-11843,0.00885,0.26162
CVE-2018-11845,0.00885,0.26162
CVE-2018-11846,0.00885,0.26162
CVE-2018-11847,0.00885,0.26162
CVE-2018-11849,0.00885,0.26162
CVE-2018-1185,0.05625,0.89567
CVE-2018-11850,0.00885,0.26162
CVE-2018-11851,0.0089,0.2856
CVE-2018-11852,0.00885,0.26162
CVE-2018-11853,0.00885,0.26162
CVE-2018-11854,0.00885,0.26162
CVE-2018-11855,0.00885,0.26162
CVE-2018-11856,0.00885,0.26162
CVE-2018-11857,0.00885,0.26162
CVE-2018-11858,0.00885,0.26162
CVE-2018-11859,0.00885,0.26162
CVE-2018-1186,0.0095,0.30554
CVE-2018-11860,0.0089,0.2856
CVE-2018-11861,0.00885,0.26162
CVE-2018-11862,0.00885,0.26162
CVE-2018-11863,0.00885,0.26162
CVE-2018-11864,0.00885,0.26162
CVE-2018-11865,0.00885,0.26162
CVE-2018-11866,0.00885,0.26162
CVE-2018-11867,0.00885,0.26162
CVE-2018-11868,0.0089,0.2856
CVE-2018-11869,0.0089,0.2856
CVE-2018-1187,0.0095,0.30554
CVE-2018-11870,0.00885,0.26162
CVE-2018-11871,0.00885,0.26162
CVE-2018-11872,0.00885,0.26162
CVE-2018-11873,0.00885,0.26162
CVE-2018-11874,0.00885,0.26162
CVE-2018-11875,0.00885,0.26162
CVE-2018-11876,0.00885,0.26162
CVE-2018-11877,0.00885,0.26162
CVE-2018-11878,0.0089,0.2856
CVE-2018-11879,0.00885,0.26162
CVE-2018-1188,0.0095,0.30554
CVE-2018-11880,0.00885,0.26162
CVE-2018-11883,0.00885,0.26162
CVE-2018-11884,0.00885,0.26162
CVE-2018-11886,0.00885,0.26162
CVE-2018-11888,0.00885,0.26162
CVE-2018-11889,0.0089,0.2856
CVE-2018-1189,0.0095,0.30554
CVE-2018-11891,0.00954,0.34522
CVE-2018-11893,0.00885,0.26162
CVE-2018-11894,0.0089,0.2856
CVE-2018-11895,0.0089,0.2856
CVE-2018-11897,0.0089,0.2856
CVE-2018-11898,0.0089,0.2856
CVE-2018-11899,0.00885,0.26162
CVE-2018-1190,0.00885,0.26162
CVE-2018-11902,0.0089,0.2856
CVE-2018-11903,0.00885,0.26162
CVE-2018-11904,0.01547,0.74085
CVE-2018-11905,0.00885,0.26162
CVE-2018-11906,0.0095,0.30554
CVE-2018-11907,0.00885,0.26162
CVE-2018-11908,0.00885,0.26162
CVE-2018-11909,0.00885,0.26162
CVE-2018-1191,0.00885,0.26162
CVE-2018-11910,0.00885,0.26162
CVE-2018-11911,0.00885,0.26162
CVE-2018-11912,0.00885,0.26162
CVE-2018-11913,0.0089,0.2856
CVE-2018-11914,0.0089,0.2856
CVE-2018-11918,0.00885,0.26162
CVE-2018-11919,0.0095,0.30554
CVE-2018-1192,0.00885,0.26162
CVE-2018-11921,0.00885,0.26162
CVE-2018-11923,0.00885,0.26162
CVE-2018-11924,0.00885,0.26162
CVE-2018-11925,0.00885,0.26162
CVE-2018-11927,0.00885,0.26162
CVE-2018-11928,0.00885,0.26162
CVE-2018-11929,0.00885,0.26162
CVE-2018-1193,0.01055,0.50287
CVE-2018-11930,0.00885,0.26162
CVE-2018-11931,0.00885,0.26162
CVE-2018-11932,0.00885,0.26162
CVE-2018-11934,0.00885,0.26162
CVE-2018-11935,0.00885,0.26162
CVE-2018-11936,0.00885,0.26162
CVE-2018-11937,0.00885,0.26162
CVE-2018-11938,0.00885,0.26162
CVE-2018-11939,0.00885,0.26162
CVE-2018-11940,0.00885,0.26162
CVE-2018-11942,0.00885,0.26162
CVE-2018-11943,0.00885,0.26162
CVE-2018-11945,0.00885,0.26162
CVE-2018-11946,0.00885,0.26162
CVE-2018-11947,0.00885,0.26162
CVE-2018-11948,0.00885,0.26162
CVE-2018-11949,0.00885,0.26162
CVE-2018-1195,0.00885,0.26162
CVE-2018-11950,0.00885,0.26162
CVE-2018-11951,0.00885,0.26162
CVE-2018-11953,0.00885,0.26162
CVE-2018-11955,0.00885,0.26162
CVE-2018-11956,0.00885,0.26162
CVE-2018-11958,0.00885,0.26162
CVE-2018-1196,0.00885,0.26162
CVE-2018-11960,0.00885,0.26162
CVE-2018-11961,0.00885,0.26162
CVE-2018-11962,0.00885,0.26162
CVE-2018-11963,0.00885,0.26162
CVE-2018-11964,0.00885,0.26162
CVE-2018-11965,0.00885,0.26162
CVE-2018-11966,0.00885,0.26162
CVE-2018-11967,0.00885,0.26162
CVE-2018-11968,0.00885,0.26162
CVE-2018-1197,0.00885,0.26162
CVE-2018-11970,0.00885,0.26162
CVE-2018-11971,0.00885,0.26162
CVE-2018-11976,0.00885,0.26162
CVE-2018-1198,0.00885,0.26162
CVE-2018-11980,0.00885,0.26162
CVE-2018-11982,0.00885,0.26162
CVE-2018-11983,0.00885,0.26162
CVE-2018-11984,0.00885,0.26162
CVE-2018-11985,0.00885,0.26162
CVE-2018-11986,0.00885,0.26162
CVE-2018-11987,0.00885,0.26162
CVE-2018-11988,0.00885,0.26162
CVE-2018-1199,0.01108,0.53389
CVE-2018-11993,0.00885,0.26162
CVE-2018-11994,0.00885,0.26162
CVE-2018-11995,0.0089,0.2856
CVE-2018-11996,0.00885,0.26162
CVE-2018-11998,0.00885,0.26162
CVE-2018-11999,0.00885,0.26162
CVE-2018-1200,0.00885,0.26162
CVE-2018-12004,0.00885,0.26162
CVE-2018-12005,0.00885,0.26162
CVE-2018-12006,0.00885,0.26162
CVE-2018-1201,0.0095,0.30554
CVE-2018-12010,0.00885,0.26162
CVE-2018-12011,0.00885,0.26162
CVE-2018-12012,0.00885,0.26162
CVE-2018-12013,0.00885,0.26162
CVE-2018-12014,0.00885,0.26162
CVE-2018-12016,0.01055,0.50287
CVE-2018-12019,0.01319,0.70416
CVE-2018-1202,0.0095,0.30554
CVE-2018-12020,0.04358,0.87435
CVE-2018-12021,0.00885,0.26162
CVE-2018-12022,0.02686,0.82061
CVE-2018-12023,0.02686,0.82061
CVE-2018-12025,0.01086,0.51674
CVE-2018-12026,0.00885,0.26162
CVE-2018-12027,0.00885,0.26162
CVE-2018-12028,0.00885,0.26162
CVE-2018-12029,0.0095,0.30554
CVE-2018-1203,0.01365,0.70715
CVE-2018-12030,0.00885,0.26162
CVE-2018-12034,0.00954,0.34522
CVE-2018-12035,0.00954,0.34522
CVE-2018-12036,0.00885,0.26162
CVE-2018-12037,0.0089,0.2856
CVE-2018-12038,0.01018,0.38792
CVE-2018-12039,0.01156,0.60033
CVE-2018-1204,0.01365,0.70715
CVE-2018-12040,0.01055,0.50287
CVE-2018-12041,0.00885,0.26162
CVE-2018-12042,0.00885,0.26162
CVE-2018-12043,0.00885,0.26162
CVE-2018-12045,0.00885,0.26162
CVE-2018-12046,0.00885,0.26162
CVE-2018-12047,0.00885,0.26162
CVE-2018-12048,0.01055,0.50287
CVE-2018-12049,0.01055,0.50287
CVE-2018-1205,0.01055,0.50287
CVE-2018-12051,0.01424,0.72364
CVE-2018-12052,0.01564,0.74439
CVE-2018-12053,0.08382,0.93597
CVE-2018-12054,0.08382,0.93597
CVE-2018-12055,0.01564,0.74439
CVE-2018-12056,0.00885,0.26162
CVE-2018-1206,0.0089,0.2856
CVE-2018-12062,0.00885,0.26162
CVE-2018-12063,0.00885,0.26162
CVE-2018-12064,0.00885,0.26162
CVE-2018-12065,0.01055,0.50287
CVE-2018-12066,0.0095,0.30554
CVE-2018-12067,0.00885,0.26162
CVE-2018-12068,0.00885,0.26162
CVE-2018-12070,0.00885,0.26162
CVE-2018-12071,0.00885,0.26162
CVE-2018-12072,0.00885,0.26162
CVE-2018-12073,0.00885,0.26162
CVE-2018-12076,0.00885,0.26162
CVE-2018-12078,0.00885,0.26162
CVE-2018-12079,0.00885,0.26162
CVE-2018-12080,0.00885,0.26162
CVE-2018-12081,0.00885,0.26162
CVE-2018-12082,0.00885,0.26162
CVE-2018-12083,0.00885,0.26162
CVE-2018-12084,0.00885,0.26162
CVE-2018-12085,0.00954,0.34522
CVE-2018-12087,0.00885,0.26162
CVE-2018-12088,0.00954,0.34522
CVE-2018-12089,0.00885,0.26162
CVE-2018-12090,0.02173,0.80027
CVE-2018-12092,0.00885,0.26162
CVE-2018-12093,0.00885,0.26162
CVE-2018-12094,0.02437,0.80834
CVE-2018-12095,0.07308,0.9216
CVE-2018-12096,0.01055,0.50287
CVE-2018-12097,0.01055,0.50287
CVE-2018-12098,0.01055,0.50287
CVE-2018-12099,0.00954,0.34522
CVE-2018-12100,0.0095,0.30554
CVE-2018-12101,0.0089,0.2856
CVE-2018-12102,0.00885,0.26162
CVE-2018-12103,0.00885,0.26162
CVE-2018-12104,0.01055,0.50287
CVE-2018-12108,0.01055,0.50287
CVE-2018-12109,0.01055,0.50287
CVE-2018-1211,0.01055,0.50287
CVE-2018-12110,0.00885,0.26162
CVE-2018-12111,0.02173,0.80027
CVE-2018-12112,0.01055,0.50287
CVE-2018-12113,0.05634,0.89764
CVE-2018-12114,0.08382,0.93597
CVE-2018-12115,0.01183,0.60428
CVE-2018-12116,0.00954,0.34522
CVE-2018-1212,0.01055,0.50287
CVE-2018-12120,0.00885,0.26162
CVE-2018-12121,0.01108,0.53389
CVE-2018-12122,0.01018,0.38792
CVE-2018-12123,0.00954,0.34522
CVE-2018-12126,0.01864,0.7628
CVE-2018-12127,0.01864,0.7628
CVE-2018-1213,0.01018,0.38792
CVE-2018-12130,0.01864,0.7628
CVE-2018-12131,0.00885,0.26162
CVE-2018-1214,0.00885,0.26162
CVE-2018-12147,0.01036,0.41241
CVE-2018-12148,0.01036,0.41241
CVE-2018-12149,0.00885,0.26162
CVE-2018-1215,0.01132,0.54372
CVE-2018-12150,0.01036,0.41241
CVE-2018-12151,0.00885,0.26162
CVE-2018-12152,0.01232,0.66248
CVE-2018-12153,0.01034,0.39824
CVE-2018-12154,0.01034,0.39824
CVE-2018-12155,0.00885,0.26162
CVE-2018-12158,0.00885,0.26162
CVE-2018-12159,0.00885,0.26162
CVE-2018-1216,0.01213,0.6557
CVE-2018-12160,0.01036,0.41241
CVE-2018-12161,0.00885,0.26162
CVE-2018-12162,0.01036,0.41241
CVE-2018-12163,0.00885,0.26162
CVE-2018-12166,0.00885,0.26162
CVE-2018-12167,0.00885,0.26162
CVE-2018-12168,0.01036,0.41241
CVE-2018-12169,0.00954,0.34522
CVE-2018-1217,0.08382,0.93597
CVE-2018-12171,0.01086,0.51674
CVE-2018-12172,0.00885,0.26162
CVE-2018-12173,0.01005,0.36332
CVE-2018-12174,0.00885,0.26162
CVE-2018-12175,0.00885,0.26162
CVE-2018-12176,0.01036,0.41241
CVE-2018-12177,0.00885,0.26162
CVE-2018-12178,0.01018,0.38792
CVE-2018-12179,0.0089,0.2856
CVE-2018-1218,0.08382,0.93597
CVE-2018-12180,0.01183,0.60428
CVE-2018-12181,0.01104,0.52279
CVE-2018-12182,0.0095,0.30554
CVE-2018-12183,0.01018,0.38792
CVE-2018-12185,0.01005,0.36332
CVE-2018-12187,0.00885,0.26162
CVE-2018-12188,0.00885,0.26162
CVE-2018-12189,0.00885,0.26162
CVE-2018-1219,0.01061,0.51015
CVE-2018-12190,0.00885,0.26162
CVE-2018-12191,0.01559,0.742
CVE-2018-12192,0.00954,0.34522
CVE-2018-12193,0.00885,0.26162
CVE-2018-12196,0.01005,0.36332
CVE-2018-12198,0.0089,0.2856
CVE-2018-12199,0.01005,0.36332
CVE-2018-1220,0.01136,0.57949
CVE-2018-12200,0.00885,0.26162
CVE-2018-12201,0.01365,0.70715
CVE-2018-12202,0.0089,0.2856
CVE-2018-12203,0.01365,0.70715
CVE-2018-12204,0.0095,0.30554
CVE-2018-12205,0.00954,0.34522
CVE-2018-12206,0.00885,0.26162
CVE-2018-12207,0.01547,0.74085
CVE-2018-12208,0.01559,0.742
CVE-2018-12209,0.00885,0.26162
CVE-2018-1221,0.00885,0.26162
CVE-2018-12210,0.00885,0.26162
CVE-2018-12211,0.00885,0.26162
CVE-2018-12212,0.00885,0.26162
CVE-2018-12213,0.00885,0.26162
CVE-2018-12214,0.01005,0.36332
CVE-2018-12215,0.00885,0.26162
CVE-2018-12216,0.01005,0.36332
CVE-2018-12217,0.00885,0.26162
CVE-2018-12218,0.00885,0.26162
CVE-2018-12219,0.00885,0.26162
CVE-2018-12220,0.01005,0.36332
CVE-2018-12221,0.00885,0.26162
CVE-2018-12222,0.00885,0.26162
CVE-2018-12223,0.00885,0.26162
CVE-2018-12224,0.00885,0.26162
CVE-2018-12227,0.02051,0.78585
CVE-2018-12228,0.0176,0.7531
CVE-2018-12229,0.01213,0.6557
CVE-2018-1223,0.00885,0.26162
CVE-2018-12230,0.00885,0.26162
CVE-2018-12232,0.03806,0.84842
CVE-2018-12233,0.01537,0.73595
CVE-2018-12234,0.02173,0.80027
CVE-2018-12237,0.02055,0.7893
CVE-2018-12238,0.00885,0.26162
CVE-2018-12239,0.00885,0.26162
CVE-2018-12240,0.00885,0.26162
CVE-2018-12241,0.01055,0.50287
CVE-2018-12242,0.00885,0.26162
CVE-2018-12243,0.00885,0.26162
CVE-2018-12244,0.00885,0.26162
CVE-2018-12245,0.00885,0.26162
CVE-2018-12246,0.01055,0.50287
CVE-2018-12247,0.00885,0.26162
CVE-2018-12248,0.00885,0.26162
CVE-2018-12249,0.00954,0.34522
CVE-2018-12250,0.00885,0.26162
CVE-2018-12254,0.01564,0.74439
CVE-2018-12255,0.00885,0.26162
CVE-2018-12256,0.01978,0.78447
CVE-2018-12257,0.00885,0.26162
CVE-2018-12258,0.00885,0.26162
CVE-2018-12259,0.00885,0.26162
CVE-2018-12260,0.00885,0.26162
CVE-2018-12261,0.00885,0.26162
CVE-2018-12263,0.00885,0.26162
CVE-2018-12264,0.01183,0.60428
CVE-2018-12265,0.01183,0.60428
CVE-2018-12266,0.00885,0.26162
CVE-2018-12268,0.02055,0.7893
CVE-2018-1227,0.01055,0.50287
CVE-2018-12270,0.00885,0.26162
CVE-2018-12271,0.00954,0.34522
CVE-2018-12272,0.00885,0.26162
CVE-2018-12273,0.00885,0.26162
CVE-2018-1229,0.00885,0.26162
CVE-2018-12290,0.00885,0.26162
CVE-2018-12291,0.00885,0.26162
CVE-2018-12292,0.08382,0.93597
CVE-2018-12293,0.108,0.94438
CVE-2018-12294,0.01108,0.53389
CVE-2018-12295,0.00885,0.26162
CVE-2018-12296,0.00885,0.26162
CVE-2018-12297,0.00885,0.26162
CVE-2018-12298,0.00885,0.26162
CVE-2018-12299,0.00885,0.26162
CVE-2018-1230,0.01055,0.50287
CVE-2018-12300,0.00885,0.26162
CVE-2018-12301,0.00885,0.26162
CVE-2018-12302,0.00885,0.26162
CVE-2018-12303,0.00885,0.26162
CVE-2018-12304,0.00885,0.26162
CVE-2018-12305,0.00885,0.26162
CVE-2018-12306,0.00885,0.26162
CVE-2018-12307,0.02055,0.7893
CVE-2018-12308,0.00885,0.26162
CVE-2018-12309,0.00885,0.26162
CVE-2018-1231,0.00885,0.26162
CVE-2018-12310,0.00885,0.26162
CVE-2018-12311,0.00885,0.26162
CVE-2018-12312,0.02055,0.7893
CVE-2018-12313,0.02055,0.7893
CVE-2018-12314,0.00885,0.26162
CVE-2018-12315,0.00885,0.26162
CVE-2018-12316,0.02055,0.7893
CVE-2018-12317,0.02055,0.7893
CVE-2018-12318,0.00885,0.26162
CVE-2018-12319,0.00885,0.26162
CVE-2018-1232,0.00885,0.26162
CVE-2018-12320,0.00885,0.26162
CVE-2018-12321,0.00885,0.26162
CVE-2018-12322,0.00885,0.26162
CVE-2018-12323,0.00885,0.26162
CVE-2018-12326,0.04285,0.86885
CVE-2018-12327,0.3484,0.97693
CVE-2018-12329,0.00885,0.26162
CVE-2018-1233,0.00885,0.26162
CVE-2018-12330,0.00885,0.26162
CVE-2018-12331,0.00885,0.26162
CVE-2018-12332,0.00885,0.26162
CVE-2018-12333,0.00885,0.26162
CVE-2018-12334,0.00885,0.26162
CVE-2018-12335,0.00885,0.26162
CVE-2018-12336,0.00885,0.26162
CVE-2018-12337,0.00885,0.26162
CVE-2018-12338,0.00885,0.26162
CVE-2018-12339,0.00885,0.26162
CVE-2018-1234,0.00885,0.26162
CVE-2018-1235,0.08382,0.93597
CVE-2018-12353,0.00885,0.26162
CVE-2018-12354,0.00885,0.26162
CVE-2018-12355,0.00885,0.26162
CVE-2018-12356,0.07154,0.91917
CVE-2018-12357,0.00885,0.26162
CVE-2018-12358,0.01018,0.38792
CVE-2018-12359,0.02686,0.82061
CVE-2018-12360,0.02686,0.82061
CVE-2018-12361,0.01537,0.73595
CVE-2018-12362,0.02686,0.82061
CVE-2018-12363,0.02686,0.82061
CVE-2018-12364,0.02686,0.82061
CVE-2018-12365,0.02686,0.82061
CVE-2018-12366,0.02686,0.82061
CVE-2018-12367,0.01537,0.73595
CVE-2018-12368,0.03806,0.84842
CVE-2018-12369,0.01108,0.53389
CVE-2018-1237,0.00885,0.26162
CVE-2018-12370,0.01018,0.38792
CVE-2018-12371,0.01018,0.38792
CVE-2018-12372,0.01537,0.73595
CVE-2018-12373,0.01537,0.73595
CVE-2018-12374,0.01537,0.73595
CVE-2018-12375,0.01018,0.38792
CVE-2018-12376,0.02686,0.82061
CVE-2018-12377,0.02686,0.82061
CVE-2018-12378,0.02686,0.82061
CVE-2018-12379,0.01547,0.74085
CVE-2018-1238,0.02055,0.7893
CVE-2018-12381,0.01108,0.53389
CVE-2018-12382,0.01018,0.38792
CVE-2018-12383,0.01547,0.74085
CVE-2018-12384,0.00885,0.26162
CVE-2018-12385,0.01547,0.74085
CVE-2018-12387,0.01537,0.73595
CVE-2018-12388,0.01018,0.38792
CVE-2018-12389,0.02686,0.82061
CVE-2018-1239,0.02055,0.7893
CVE-2018-12390,0.02686,0.82061
CVE-2018-12391,0.01183,0.60428
CVE-2018-12392,0.02686,0.82061
CVE-2018-12393,0.02686,0.82061
CVE-2018-12395,0.01537,0.73595
CVE-2018-12396,0.01537,0.73595
CVE-2018-12397,0.01282,0.67298
CVE-2018-12398,0.01108,0.53389
CVE-2018-12399,0.01018,0.38792
CVE-2018-1240,0.00885,0.26162
CVE-2018-12400,0.01018,0.38792
CVE-2018-12401,0.01018,0.38792
CVE-2018-12402,0.01108,0.53389
CVE-2018-12403,0.01018,0.38792
CVE-2018-12404,0.01183,0.60428
CVE-2018-12405,0.02686,0.82061
CVE-2018-12406,0.01018,0.38792
CVE-2018-12407,0.01018,0.38792
CVE-2018-12408,0.00954,0.34522
CVE-2018-12409,0.00954,0.34522
CVE-2018-1241,0.00885,0.26162
CVE-2018-12410,0.01978,0.78447
CVE-2018-12411,0.00954,0.34522
CVE-2018-12412,0.00954,0.34522
CVE-2018-12413,0.00954,0.34522
CVE-2018-12414,0.00954,0.34522
CVE-2018-12415,0.00954,0.34522
CVE-2018-12416,0.00885,0.26162
CVE-2018-1242,0.02055,0.7893
CVE-2018-12420,0.00885,0.26162
CVE-2018-12422,0.00885,0.26162
CVE-2018-12423,0.00954,0.34522
CVE-2018-12426,0.05634,0.89764
CVE-2018-12429,0.00885,0.26162
CVE-2018-1243,0.01055,0.50287
CVE-2018-12431,0.00885,0.26162
CVE-2018-12432,0.00885,0.26162
CVE-2018-12433,0.00885,0.26162
CVE-2018-12434,0.0089,0.2856
CVE-2018-12435,0.00954,0.34522
CVE-2018-12436,0.0089,0.2856
CVE-2018-12437,0.00885,0.26162
CVE-2018-12438,0.00885,0.26162
CVE-2018-12439,0.00885,0.26162
CVE-2018-1244,0.01055,0.50287
CVE-2018-12440,0.00885,0.26162
CVE-2018-12441,0.00885,0.26162
CVE-2018-12445,0.00885,0.26162
CVE-2018-12446,0.00885,0.26162
CVE-2018-12447,0.01689,0.75137
CVE-2018-12448,0.00885,0.26162
CVE-2018-12449,0.00885,0.26162
CVE-2018-1245,0.01055,0.50287
CVE-2018-12453,0.08382,0.93597
CVE-2018-12454,0.00885,0.26162
CVE-2018-12455,0.00885,0.26162
CVE-2018-12456,0.00885,0.26162
CVE-2018-12457,0.01061,0.51015
CVE-2018-12458,0.00954,0.34522
CVE-2018-12459,0.00885,0.26162
CVE-2018-1246,0.01055,0.50287
CVE-2018-12460,0.00885,0.26162
CVE-2018-12461,0.00885,0.26162
CVE-2018-12462,0.00885,0.26162
CVE-2018-12463,0.08382,0.93597
CVE-2018-12464,0.17838,0.96063
CVE-2018-12465,0.14834,0.95669
CVE-2018-12466,0.0089,0.2856
CVE-2018-12467,0.00885,0.26162
CVE-2018-12468,0.01156,0.60033
CVE-2018-12469,0.00885,0.26162
CVE-2018-12470,0.01055,0.50287
CVE-2018-12471,0.01055,0.50287
CVE-2018-12472,0.01055,0.50287
CVE-2018-12473,0.01055,0.50287
CVE-2018-12474,0.01055,0.50287
CVE-2018-12475,0.00885,0.26162
CVE-2018-12476,0.01055,0.50287
CVE-2018-12477,0.01055,0.50287
CVE-2018-12478,0.01055,0.50287
CVE-2018-12479,0.01055,0.50287
CVE-2018-1248,0.01136,0.57949
CVE-2018-12480,0.00885,0.26162
CVE-2018-12481,0.00885,0.26162
CVE-2018-12482,0.00885,0.26162
CVE-2018-12483,0.01086,0.51674
CVE-2018-1249,0.00885,0.26162
CVE-2018-12491,0.00885,0.26162
CVE-2018-12492,0.00885,0.26162
CVE-2018-12493,0.00885,0.26162
CVE-2018-12494,0.00885,0.26162
CVE-2018-12495,0.01136,0.57949
CVE-2018-12498,0.00885,0.26162
CVE-2018-12499,0.00885,0.26162
CVE-2018-1250,0.01055,0.50287
CVE-2018-12501,0.00885,0.26162
CVE-2018-12503,0.00885,0.26162
CVE-2018-12504,0.00885,0.26162
CVE-2018-1251,0.01055,0.50287
CVE-2018-12511,0.00885,0.26162
CVE-2018-12519,0.08078,0.93055
CVE-2018-1252,0.0089,0.2856
CVE-2018-12520,0.08382,0.93597
CVE-2018-12522,0.00885,0.26162
CVE-2018-12523,0.00885,0.26162
CVE-2018-12524,0.00885,0.26162
CVE-2018-12525,0.00885,0.26162
CVE-2018-12526,0.01055,0.50287
CVE-2018-12528,0.07308,0.9216
CVE-2018-12529,0.08382,0.93597
CVE-2018-1253,0.00954,0.34522
CVE-2018-12530,0.01055,0.50287
CVE-2018-12531,0.01055,0.50287
CVE-2018-12532,0.01136,0.57949
CVE-2018-12534,0.00885,0.26162
CVE-2018-12536,0.01183,0.60428
CVE-2018-12538,0.01034,0.39824
CVE-2018-12539,0.01282,0.67298
CVE-2018-1254,0.01136,0.57949
CVE-2018-12541,0.01547,0.74085
CVE-2018-12542,0.00954,0.34522
CVE-2018-12543,0.00885,0.26162
CVE-2018-12544,0.01018,0.38792
CVE-2018-12545,0.01537,0.73595
CVE-2018-12546,0.00885,0.26162
CVE-2018-12547,0.01108,0.53389
CVE-2018-12548,0.00885,0.26162
CVE-2018-12549,0.01018,0.38792
CVE-2018-1255,0.01055,0.50287
CVE-2018-12550,0.00885,0.26162
CVE-2018-12551,0.00885,0.26162
CVE-2018-12556,0.01319,0.70416
CVE-2018-12557,0.00954,0.34522
CVE-2018-12558,0.00954,0.34522
CVE-2018-12559,0.00885,0.26162
CVE-2018-1256,0.01055,0.50287
CVE-2018-12560,0.00885,0.26162
CVE-2018-12561,0.00885,0.26162
CVE-2018-12562,0.00885,0.26162
CVE-2018-12563,0.00885,0.26162
CVE-2018-12564,0.0089,0.2856
CVE-2018-12565,0.01978,0.78447
CVE-2018-1257,0.01282,0.67298
CVE-2018-12571,0.29404,0.97215
CVE-2018-12572,0.00885,0.26162
CVE-2018-12574,0.00885,0.26162
CVE-2018-12575,0.00885,0.26162
CVE-2018-12576,0.00885,0.26162
CVE-2018-12577,0.02055,0.7893
CVE-2018-12578,0.00885,0.26162
CVE-2018-12579,0.00885,0.26162
CVE-2018-1258,0.01532,0.72898
CVE-2018-12580,0.00885,0.26162
CVE-2018-12581,0.00954,0.34522
CVE-2018-12582,0.00885,0.26162
CVE-2018-12583,0.00885,0.26162
CVE-2018-12584,0.15386,0.95781
CVE-2018-12585,0.01055,0.50287
CVE-2018-12587,0.01055,0.50287
CVE-2018-12588,0.01213,0.6557
CVE-2018-12589,0.02438,0.80836
CVE-2018-12590,0.01086,0.51674
CVE-2018-12591,0.01086,0.51674
CVE-2018-12592,0.00885,0.26162
CVE-2018-12594,0.01055,0.50287
CVE-2018-12599,0.01018,0.38792
CVE-2018-1260,0.05634,0.89764
CVE-2018-12600,0.01018,0.38792
CVE-2018-12601,0.00885,0.26162
CVE-2018-12602,0.08382,0.93597
CVE-2018-12603,0.08382,0.93597
CVE-2018-12604,0.08382,0.93597
CVE-2018-12605,0.00885,0.26162
CVE-2018-12606,0.00885,0.26162
CVE-2018-12607,0.00885,0.26162
CVE-2018-12608,0.00885,0.26162
CVE-2018-12609,0.0095,0.30554
CVE-2018-1261,0.00885,0.26162
CVE-2018-12610,0.00954,0.34522
CVE-2018-12611,0.01018,0.38792
CVE-2018-12615,0.00885,0.26162
CVE-2018-12617,0.108,0.94438
CVE-2018-1262,0.00885,0.26162
CVE-2018-12621,0.00885,0.26162
CVE-2018-12622,0.00885,0.26162
CVE-2018-12623,0.00885,0.26162
CVE-2018-12624,0.00885,0.26162
CVE-2018-12625,0.00885,0.26162
CVE-2018-12626,0.00885,0.26162
CVE-2018-12627,0.00885,0.26162
CVE-2018-12628,0.00885,0.26162
CVE-2018-1263,0.00885,0.26162
CVE-2018-12630,0.01564,0.74439
CVE-2018-12631,0.01055,0.50287
CVE-2018-12632,0.01055,0.50287
CVE-2018-12633,0.0089,0.2856
CVE-2018-12635,0.00885,0.26162
CVE-2018-12638,0.00885,0.26162
CVE-2018-1264,0.01055,0.50287
CVE-2018-12640,0.00885,0.26162
CVE-2018-12641,0.01719,0.75183
CVE-2018-12642,0.00885,0.26162
CVE-2018-12648,0.00954,0.34522
CVE-2018-12649,0.00885,0.26162
CVE-2018-1265,0.01055,0.50287
CVE-2018-12650,0.02173,0.80027
CVE-2018-12651,0.00885,0.26162
CVE-2018-12652,0.00885,0.26162
CVE-2018-12653,0.02173,0.80027
CVE-2018-12654,0.00885,0.26162
CVE-2018-12655,0.00885,0.26162
CVE-2018-12656,0.00885,0.26162
CVE-2018-12657,0.00885,0.26162
CVE-2018-12658,0.00885,0.26162
CVE-2018-12659,0.01055,0.50287
CVE-2018-1266,0.00885,0.26162
CVE-2018-12666,0.01055,0.50287
CVE-2018-12667,0.00885,0.26162
CVE-2018-12668,0.00885,0.26162
CVE-2018-12669,0.01055,0.50287
CVE-2018-1267,0.00885,0.26162
CVE-2018-12670,0.02055,0.7893
CVE-2018-12671,0.00885,0.26162
CVE-2018-12672,0.00885,0.26162
CVE-2018-12673,0.00885,0.26162
CVE-2018-12674,0.00885,0.26162
CVE-2018-12675,0.00885,0.26162
CVE-2018-12678,0.01055,0.50287
CVE-2018-12679,0.00885,0.26162
CVE-2018-1268,0.01055,0.50287
CVE-2018-12680,0.00885,0.26162
CVE-2018-12684,0.00885,0.26162
CVE-2018-12687,0.00885,0.26162
CVE-2018-12688,0.00885,0.26162
CVE-2018-12689,0.08382,0.93597
CVE-2018-1269,0.01055,0.50287
CVE-2018-12691,0.00885,0.26162
CVE-2018-12692,0.08078,0.93055
CVE-2018-12693,0.01055,0.50287
CVE-2018-12694,0.01055,0.50287
CVE-2018-12695,0.00885,0.26162
CVE-2018-12696,0.00885,0.26162
CVE-2018-12697,0.02945,0.82534
CVE-2018-12698,0.02762,0.82156
CVE-2018-12699,0.02641,0.81368
CVE-2018-12702,0.00885,0.26162
CVE-2018-12703,0.00885,0.26162
CVE-2018-12705,0.02173,0.80027
CVE-2018-12706,0.08382,0.93597
CVE-2018-12710,0.06089,0.90158
CVE-2018-12711,0.00954,0.34522
CVE-2018-12712,0.0089,0.2856
CVE-2018-12713,0.00885,0.26162
CVE-2018-12714,0.01018,0.38792
CVE-2018-12715,0.02173,0.80027
CVE-2018-12716,0.01213,0.6557
CVE-2018-1272,0.01282,0.67298
CVE-2018-12735,0.01055,0.50287
CVE-2018-12739,0.08382,0.93597
CVE-2018-1274,0.00954,0.34522
CVE-2018-12754,0.03097,0.83065
CVE-2018-12755,0.03097,0.83065
CVE-2018-12756,0.03097,0.83065
CVE-2018-12757,0.01126,0.53553
CVE-2018-12758,0.03097,0.83065
CVE-2018-12759,0.03405,0.8369
CVE-2018-1276,0.01055,0.50287
CVE-2018-12760,0.03097,0.83065
CVE-2018-12761,0.01126,0.53553
CVE-2018-12762,0.01126,0.53553
CVE-2018-12763,0.01126,0.53553
CVE-2018-12764,0.01202,0.60495
CVE-2018-12765,0.01202,0.60495
CVE-2018-12766,0.01202,0.60495
CVE-2018-12767,0.01202,0.60495
CVE-2018-12768,0.01202,0.60495
CVE-2018-12769,0.03405,0.8369
CVE-2018-1277,0.01055,0.50287
CVE-2018-12770,0.03097,0.83065
CVE-2018-12771,0.03097,0.83065
CVE-2018-12772,0.03097,0.83065
CVE-2018-12773,0.03097,0.83065
CVE-2018-12774,0.01126,0.53553
CVE-2018-12775,0.01126,0.53553
CVE-2018-12776,0.03097,0.83065
CVE-2018-12777,0.01126,0.53553
CVE-2018-12778,0.01126,0.53553
CVE-2018-12779,0.01126,0.53553
CVE-2018-1278,0.00885,0.26162
CVE-2018-12780,0.01126,0.53553
CVE-2018-12781,0.01126,0.53553
CVE-2018-12782,0.03097,0.83065
CVE-2018-12783,0.03097,0.83065
CVE-2018-12784,0.03097,0.83065
CVE-2018-12785,0.01783,0.75945
CVE-2018-12786,0.01126,0.53553
CVE-2018-12787,0.03097,0.83065
CVE-2018-12788,0.01783,0.75945
CVE-2018-12789,0.01126,0.53553
CVE-2018-1279,0.01055,0.50287
CVE-2018-12790,0.01126,0.53553
CVE-2018-12791,0.03097,0.83065
CVE-2018-12792,0.03097,0.83065
CVE-2018-12793,0.03097,0.83065
CVE-2018-12794,0.03097,0.83065
CVE-2018-12795,0.01126,0.53553
CVE-2018-12796,0.03097,0.83065
CVE-2018-12797,0.03097,0.83065
CVE-2018-12798,0.01783,0.75945
CVE-2018-12799,0.03097,0.83065
CVE-2018-1280,0.00885,0.26162
CVE-2018-12801,0.01126,0.53553
CVE-2018-12802,0.01126,0.53553
CVE-2018-12803,0.01126,0.53553
CVE-2018-12804,0.01126,0.53553
CVE-2018-12805,0.01046,0.41635
CVE-2018-12806,0.01126,0.53553
CVE-2018-12807,0.01126,0.53553
CVE-2018-12808,0.03097,0.83065
CVE-2018-12809,0.01046,0.41635
CVE-2018-1281,0.00885,0.26162
CVE-2018-12810,0.05634,0.89764
CVE-2018-12811,0.05634,0.89764
CVE-2018-12812,0.01282,0.66661
CVE-2018-12813,0.01783,0.75945
CVE-2018-12814,0.01783,0.75945
CVE-2018-12815,0.01783,0.75945
CVE-2018-12816,0.01046,0.41635
CVE-2018-12817,0.01046,0.41635
CVE-2018-12818,0.01046,0.41635
CVE-2018-12819,0.01046,0.41635
CVE-2018-1282,0.00885,0.26162
CVE-2018-12820,0.01046,0.41635
CVE-2018-12821,0.01046,0.41635
CVE-2018-12822,0.01783,0.75945
CVE-2018-12823,0.01282,0.66661
CVE-2018-12824,0.01202,0.60495
CVE-2018-12825,0.01202,0.60495
CVE-2018-12826,0.01202,0.60495
CVE-2018-12827,0.11242,0.94652
CVE-2018-12828,0.01202,0.60495
CVE-2018-12829,0.01126,0.53553
CVE-2018-1283,0.06425,0.90604
CVE-2018-12830,0.01768,0.7561
CVE-2018-12831,0.03405,0.8369
CVE-2018-12832,0.03405,0.8369
CVE-2018-12833,0.03405,0.8369
CVE-2018-12834,0.01126,0.53553
CVE-2018-12835,0.03405,0.8369
CVE-2018-12836,0.03405,0.8369
CVE-2018-12837,0.03405,0.8369
CVE-2018-12838,0.01126,0.53553
CVE-2018-12839,0.01202,0.60495
CVE-2018-1284,0.00885,0.26162
CVE-2018-12840,0.01202,0.60495
CVE-2018-12841,0.03405,0.8369
CVE-2018-12842,0.01126,0.53553
CVE-2018-12843,0.01126,0.53553
CVE-2018-12844,0.01126,0.53553
CVE-2018-12845,0.01126,0.53553
CVE-2018-12846,0.03405,0.8369
CVE-2018-12847,0.03405,0.8369
CVE-2018-12848,0.03097,0.83065
CVE-2018-12849,0.01202,0.60495
CVE-2018-12850,0.01202,0.60495
CVE-2018-12851,0.03405,0.8369
CVE-2018-12852,0.03405,0.8369
CVE-2018-12853,0.03405,0.8369
CVE-2018-12855,0.03405,0.8369
CVE-2018-12856,0.01126,0.53553
CVE-2018-12857,0.01202,0.60495
CVE-2018-12858,0.03405,0.8369
CVE-2018-12859,0.01202,0.60495
CVE-2018-1286,0.00885,0.26162
CVE-2018-12860,0.0465,0.88536
CVE-2018-12861,0.0465,0.88536
CVE-2018-12862,0.0465,0.88536
CVE-2018-12863,0.0465,0.88536
CVE-2018-12864,0.0465,0.88536
CVE-2018-12865,0.0465,0.88536
CVE-2018-12866,0.01202,0.60495
CVE-2018-12867,0.01202,0.60495
CVE-2018-12868,0.03405,0.8369
CVE-2018-12869,0.01202,0.60495
CVE-2018-1287,0.00954,0.34522
CVE-2018-12870,0.01202,0.60495
CVE-2018-12871,0.01202,0.60495
CVE-2018-12872,0.01202,0.60495
CVE-2018-12873,0.01202,0.60495
CVE-2018-12874,0.01202,0.60495
CVE-2018-12875,0.01202,0.60495
CVE-2018-12876,0.03405,0.8369
CVE-2018-12877,0.03405,0.8369
CVE-2018-12878,0.01126,0.53553
CVE-2018-12879,0.01126,0.53553
CVE-2018-1288,0.02537,0.81131
CVE-2018-12880,0.01126,0.53553
CVE-2018-12881,0.01126,0.53553
CVE-2018-12882,0.01018,0.38792
CVE-2018-12884,0.00885,0.26162
CVE-2018-12885,0.00954,0.34522
CVE-2018-12886,0.00885,0.26162
CVE-2018-12889,0.00885,0.26162
CVE-2018-1289,0.00885,0.26162
CVE-2018-12891,0.01104,0.52279
CVE-2018-12892,0.01034,0.39824
CVE-2018-12893,0.01282,0.67298
CVE-2018-12896,0.01547,0.74085
CVE-2018-12897,0.02042,0.78565
CVE-2018-1290,0.00885,0.26162
CVE-2018-12900,0.01408,0.72072
CVE-2018-12901,0.01086,0.51674
CVE-2018-12902,0.00885,0.26162
CVE-2018-12903,0.00885,0.26162
CVE-2018-12904,0.026,0.81248
CVE-2018-12905,0.00885,0.26162
CVE-2018-12907,0.00885,0.26162
CVE-2018-12908,0.08382,0.93597
CVE-2018-12909,0.00885,0.26162
CVE-2018-1291,0.00885,0.26162
CVE-2018-12910,0.01537,0.73595
CVE-2018-12911,0.00885,0.26162
CVE-2018-12912,0.01564,0.74439
CVE-2018-12913,0.00885,0.26162
CVE-2018-12914,0.01156,0.60033
CVE-2018-12915,0.00885,0.26162
CVE-2018-12916,0.00885,0.26162
CVE-2018-12917,0.00885,0.26162
CVE-2018-12918,0.00885,0.26162
CVE-2018-12919,0.00885,0.26162
CVE-2018-1292,0.00885,0.26162
CVE-2018-12920,0.01055,0.50287
CVE-2018-12921,0.01055,0.50287
CVE-2018-12922,0.01055,0.50287
CVE-2018-12923,0.01055,0.50287
CVE-2018-12924,0.00885,0.26162
CVE-2018-12925,0.00885,0.26162
CVE-2018-12926,0.01055,0.50287
CVE-2018-12927,0.01055,0.50287
CVE-2018-12928,0.0089,0.2856
CVE-2018-12929,0.0095,0.30554
CVE-2018-12930,0.0095,0.30554
CVE-2018-12931,0.0095,0.30554
CVE-2018-12932,0.01018,0.38792
CVE-2018-12933,0.01018,0.38792
CVE-2018-12934,0.02509,0.81058
CVE-2018-12939,0.0144,0.7265
CVE-2018-1294,0.00885,0.26162
CVE-2018-12940,0.02432,0.8082
CVE-2018-12941,0.01978,0.78447
CVE-2018-12942,0.00885,0.26162
CVE-2018-12943,0.01055,0.50287
CVE-2018-12944,0.01055,0.50287
CVE-2018-1295,0.00954,0.34522
CVE-2018-12959,0.00885,0.26162
CVE-2018-1296,0.00885,0.26162
CVE-2018-12971,0.00885,0.26162
CVE-2018-12972,0.00885,0.26162
CVE-2018-12973,0.00885,0.26162
CVE-2018-12975,0.00885,0.26162
CVE-2018-12976,0.01978,0.78447
CVE-2018-12977,0.01564,0.74439
CVE-2018-12979,0.01034,0.39824
CVE-2018-1298,0.00885,0.26162
CVE-2018-12980,0.01034,0.39824
CVE-2018-12981,0.01034,0.39824
CVE-2018-12982,0.01055,0.50287
CVE-2018-12983,0.01136,0.57949
CVE-2018-12984,0.08382,0.93597
CVE-2018-12988,0.00885,0.26162
CVE-2018-12989,0.00885,0.26162
CVE-2018-1299,0.00885,0.26162
CVE-2018-12990,0.01055,0.50287
CVE-2018-12992,0.00885,0.26162
CVE-2018-12993,0.00885,0.26162
CVE-2018-12994,0.00885,0.26162
CVE-2018-12995,0.00885,0.26162
CVE-2018-12996,0.04475,0.87758
CVE-2018-12997,0.03479,0.84045
CVE-2018-12998,0.04123,0.8536
CVE-2018-12999,0.03479,0.84045
CVE-2018-13000,0.01156,0.60033
CVE-2018-13001,0.01055,0.50287
CVE-2018-13002,0.01156,0.60033
CVE-2018-13003,0.00885,0.26162
CVE-2018-13005,0.00954,0.34522
CVE-2018-13006,0.00954,0.34522
CVE-2018-13007,0.00885,0.26162
CVE-2018-13008,0.00885,0.26162
CVE-2018-13009,0.00885,0.26162
CVE-2018-1301,0.07767,0.92799
CVE-2018-13010,0.00885,0.26162
CVE-2018-13011,0.00885,0.26162
CVE-2018-13012,0.01055,0.50287
CVE-2018-13013,0.00885,0.26162
CVE-2018-13014,0.00885,0.26162
CVE-2018-1302,0.07767,0.92799
CVE-2018-13021,0.01338,0.70562
CVE-2018-13022,0.00885,0.26162
CVE-2018-13023,0.02055,0.7893
CVE-2018-13024,0.01055,0.50287
CVE-2018-13025,0.01055,0.50287
CVE-2018-13026,0.00885,0.26162
CVE-2018-1303,0.07767,0.92799
CVE-2018-13030,0.01055,0.50287
CVE-2018-13031,0.08382,0.93597
CVE-2018-13032,0.08382,0.93597
CVE-2018-13033,0.03795,0.8483
CVE-2018-13034,0.01055,0.50287
CVE-2018-13037,0.01055,0.50287
CVE-2018-13038,0.00885,0.26162
CVE-2018-13039,0.00885,0.26162
CVE-2018-13040,0.00885,0.26162
CVE-2018-13041,0.00885,0.26162
CVE-2018-13042,0.08382,0.93597
CVE-2018-13043,0.0144,0.7265
CVE-2018-13045,0.01564,0.74439
CVE-2018-13049,0.00885,0.26162
CVE-2018-13050,0.0176,0.7531
CVE-2018-13052,0.00885,0.26162
CVE-2018-13053,0.01547,0.74085
CVE-2018-13054,0.00954,0.34522
CVE-2018-13055,0.01136,0.57949
CVE-2018-13056,0.00885,0.26162
CVE-2018-1306,0.10816,0.94441
CVE-2018-13060,0.00885,0.26162
CVE-2018-13063,0.00885,0.26162
CVE-2018-13065,0.00954,0.34522
CVE-2018-13066,0.00885,0.26162
CVE-2018-13067,0.00885,0.26162
CVE-2018-13068,0.00885,0.26162
CVE-2018-13069,0.00885,0.26162
CVE-2018-1307,0.00885,0.26162
CVE-2018-13070,0.00885,0.26162
CVE-2018-13071,0.00885,0.26162
CVE-2018-13072,0.00885,0.26162
CVE-2018-13073,0.00885,0.26162
CVE-2018-13074,0.00885,0.26162
CVE-2018-13075,0.00885,0.26162
CVE-2018-13076,0.00885,0.26162
CVE-2018-13077,0.00885,0.26162
CVE-2018-13078,0.00885,0.26162
CVE-2018-13079,0.00885,0.26162
CVE-2018-1308,0.01246,0.66436
CVE-2018-13080,0.00885,0.26162
CVE-2018-13081,0.00885,0.26162
CVE-2018-13082,0.00885,0.26162
CVE-2018-13083,0.00885,0.26162
CVE-2018-13084,0.00885,0.26162
CVE-2018-13085,0.00885,0.26162
CVE-2018-13086,0.00885,0.26162
CVE-2018-13087,0.00885,0.26162
CVE-2018-13088,0.00885,0.26162
CVE-2018-13089,0.00885,0.26162
CVE-2018-1309,0.01156,0.60033
CVE-2018-13090,0.00885,0.26162
CVE-2018-13091,0.00885,0.26162
CVE-2018-13092,0.00885,0.26162
CVE-2018-13093,0.01183,0.60428
CVE-2018-13094,0.02686,0.82061
CVE-2018-13095,0.01108,0.53389
CVE-2018-13096,0.01537,0.73595
CVE-2018-13097,0.01537,0.73595
CVE-2018-13098,0.01018,0.38792
CVE-2018-13099,0.02686,0.82061
CVE-2018-1310,0.00885,0.26162
CVE-2018-13100,0.01537,0.73595
CVE-2018-13101,0.01086,0.51674
CVE-2018-13102,0.00885,0.26162
CVE-2018-13103,0.00885,0.26162
CVE-2018-13104,0.00885,0.26162
CVE-2018-13106,0.00885,0.26162
CVE-2018-13108,0.02189,0.80123
CVE-2018-13109,0.08944,0.93724
CVE-2018-13110,0.07804,0.92959
CVE-2018-13111,0.00885,0.26162
CVE-2018-13112,0.01055,0.50287
CVE-2018-13113,0.00885,0.26162
CVE-2018-13114,0.00885,0.26162
CVE-2018-13115,0.00885,0.26162
CVE-2018-13116,0.00885,0.26162
CVE-2018-1312,0.07767,0.92799
CVE-2018-13121,0.01055,0.50287
CVE-2018-13122,0.00885,0.26162
CVE-2018-13123,0.00885,0.26162
CVE-2018-13126,0.00885,0.26162
CVE-2018-13127,0.00885,0.26162
CVE-2018-13128,0.00885,0.26162
CVE-2018-13129,0.00885,0.26162
CVE-2018-13130,0.00885,0.26162
CVE-2018-13131,0.00885,0.26162
CVE-2018-13132,0.00885,0.26162
CVE-2018-13133,0.00885,0.26162
CVE-2018-13134,0.02173,0.80027
CVE-2018-13136,0.00954,0.34522
CVE-2018-13137,0.0095,0.30554
CVE-2018-13139,0.01213,0.6557
CVE-2018-1314,0.00885,0.26162
CVE-2018-13140,0.05634,0.89764
CVE-2018-13144,0.00885,0.26162
CVE-2018-13145,0.00885,0.26162
CVE-2018-13146,0.00885,0.26162
CVE-2018-1315,0.00885,0.26162
CVE-2018-13153,0.01018,0.38792
CVE-2018-13155,0.00885,0.26162
CVE-2018-13156,0.00885,0.26162
CVE-2018-13157,0.00885,0.26162
CVE-2018-13158,0.00885,0.26162
CVE-2018-13159,0.00885,0.26162
CVE-2018-1316,0.00885,0.26162
CVE-2018-13160,0.00885,0.26162
CVE-2018-13161,0.00885,0.26162
CVE-2018-13162,0.00885,0.26162
CVE-2018-13163,0.00885,0.26162
CVE-2018-13164,0.00885,0.26162
CVE-2018-13165,0.00885,0.26162
CVE-2018-13166,0.00885,0.26162
CVE-2018-13167,0.00885,0.26162
CVE-2018-13168,0.00885,0.26162
CVE-2018-13169,0.00885,0.26162
CVE-2018-1317,0.01164,0.60046
CVE-2018-13170,0.00885,0.26162
CVE-2018-13171,0.00885,0.26162
CVE-2018-13172,0.00885,0.26162
CVE-2018-13173,0.00885,0.26162
CVE-2018-13174,0.00885,0.26162
CVE-2018-13175,0.00885,0.26162
CVE-2018-13176,0.00885,0.26162
CVE-2018-13177,0.00885,0.26162
CVE-2018-13178,0.00885,0.26162
CVE-2018-13179,0.00885,0.26162
CVE-2018-1318,0.01246,0.66436
CVE-2018-13180,0.00885,0.26162
CVE-2018-13181,0.00885,0.26162
CVE-2018-13182,0.00885,0.26162
CVE-2018-13183,0.00885,0.26162
CVE-2018-13184,0.00885,0.26162
CVE-2018-13185,0.00885,0.26162
CVE-2018-13186,0.00885,0.26162
CVE-2018-13187,0.00885,0.26162
CVE-2018-13188,0.00885,0.26162
CVE-2018-13189,0.00885,0.26162
CVE-2018-1319,0.00885,0.26162
CVE-2018-13190,0.00885,0.26162
CVE-2018-13191,0.00885,0.26162
CVE-2018-13192,0.00885,0.26162
CVE-2018-13193,0.00885,0.26162
CVE-2018-13194,0.00885,0.26162
CVE-2018-13195,0.00885,0.26162
CVE-2018-13196,0.00885,0.26162
CVE-2018-13197,0.00885,0.26162
CVE-2018-13198,0.00885,0.26162
CVE-2018-13199,0.00885,0.26162
CVE-2018-1320,0.0902,0.93742
CVE-2018-13200,0.00885,0.26162
CVE-2018-13201,0.00885,0.26162
CVE-2018-13202,0.00885,0.26162
CVE-2018-13203,0.00885,0.26162
CVE-2018-13204,0.00885,0.26162
CVE-2018-13205,0.00885,0.26162
CVE-2018-13206,0.00885,0.26162
CVE-2018-13207,0.00885,0.26162
CVE-2018-13208,0.00885,0.26162
CVE-2018-13209,0.00885,0.26162
CVE-2018-1321,0.02199,0.80273
CVE-2018-13210,0.00885,0.26162
CVE-2018-13211,0.00885,0.26162
CVE-2018-13212,0.00885,0.26162
CVE-2018-13213,0.00885,0.26162
CVE-2018-13214,0.00885,0.26162
CVE-2018-13215,0.00885,0.26162
CVE-2018-13216,0.00885,0.26162
CVE-2018-13217,0.00885,0.26162
CVE-2018-13218,0.00885,0.26162
CVE-2018-13219,0.00885,0.26162
CVE-2018-1322,0.0089,0.2856
CVE-2018-13220,0.00885,0.26162
CVE-2018-13221,0.00885,0.26162
CVE-2018-13222,0.00885,0.26162
CVE-2018-13223,0.00885,0.26162
CVE-2018-13224,0.00885,0.26162
CVE-2018-13225,0.00885,0.26162
CVE-2018-13226,0.00885,0.26162
CVE-2018-13227,0.00885,0.26162
CVE-2018-13228,0.00885,0.26162
CVE-2018-13229,0.00885,0.26162
CVE-2018-13230,0.00885,0.26162
CVE-2018-13231,0.00885,0.26162
CVE-2018-13232,0.00885,0.26162
CVE-2018-13233,0.00885,0.26162
CVE-2018-1325,0.00885,0.26162
CVE-2018-13250,0.01055,0.50287
CVE-2018-13251,0.01055,0.50287
CVE-2018-13252,0.00885,0.26162
CVE-2018-13256,0.00885,0.26162
CVE-2018-13258,0.00954,0.34522
CVE-2018-13259,0.01108,0.53389
CVE-2018-1327,0.02649,0.81395
CVE-2018-1328,0.01246,0.66436
CVE-2018-13280,0.00885,0.26162
CVE-2018-13281,0.01055,0.50287
CVE-2018-13282,0.01055,0.50287
CVE-2018-13283,0.01055,0.50287
CVE-2018-13284,0.01055,0.50287
CVE-2018-13285,0.01055,0.50287
CVE-2018-13286,0.01055,0.50287
CVE-2018-13287,0.01055,0.50287
CVE-2018-13288,0.01055,0.50287
CVE-2018-13289,0.01055,0.50287
CVE-2018-13290,0.01055,0.50287
CVE-2018-13291,0.01055,0.50287
CVE-2018-13292,0.01055,0.50287
CVE-2018-13293,0.01055,0.50287
CVE-2018-13294,0.01055,0.50287
CVE-2018-13295,0.01055,0.50287
CVE-2018-13296,0.01055,0.50287
CVE-2018-13297,0.01055,0.50287
CVE-2018-13298,0.01086,0.51674
CVE-2018-13299,0.01055,0.50287
CVE-2018-1330,0.00885,0.26162
CVE-2018-13300,0.01018,0.38792
CVE-2018-13301,0.00885,0.26162
CVE-2018-13302,0.00954,0.34522
CVE-2018-13303,0.00885,0.26162
CVE-2018-13304,0.00885,0.26162
CVE-2018-13305,0.00885,0.26162
CVE-2018-13306,0.02055,0.7893
CVE-2018-13307,0.02055,0.7893
CVE-2018-13308,0.00885,0.26162
CVE-2018-13309,0.00885,0.26162
CVE-2018-1331,0.02199,0.80273
CVE-2018-13310,0.00885,0.26162
CVE-2018-13311,0.02055,0.7893
CVE-2018-13312,0.00885,0.26162
CVE-2018-13313,0.00885,0.26162
CVE-2018-13314,0.02055,0.7893
CVE-2018-13315,0.00885,0.26162
CVE-2018-13316,0.02055,0.7893
CVE-2018-13317,0.00885,0.26162
CVE-2018-13318,0.02055,0.7893
CVE-2018-13319,0.00885,0.26162
CVE-2018-1332,0.00885,0.26162
CVE-2018-13320,0.02055,0.7893
CVE-2018-13321,0.00885,0.26162
CVE-2018-13322,0.00885,0.26162
CVE-2018-13323,0.00885,0.26162
CVE-2018-13324,0.00885,0.26162
CVE-2018-13325,0.00885,0.26162
CVE-2018-13326,0.00885,0.26162
CVE-2018-13327,0.00885,0.26162
CVE-2018-13328,0.00885,0.26162
CVE-2018-13329,0.00885,0.26162
CVE-2018-1333,0.07767,0.92799
CVE-2018-13330,0.02055,0.7893
CVE-2018-13331,0.00885,0.26162
CVE-2018-13332,0.00885,0.26162
CVE-2018-13333,0.00885,0.26162
CVE-2018-13334,0.00885,0.26162
CVE-2018-13335,0.00885,0.26162
CVE-2018-13336,0.02055,0.7893
CVE-2018-13337,0.00885,0.26162
CVE-2018-13338,0.02055,0.7893
CVE-2018-13339,0.00885,0.26162
CVE-2018-1334,0.00885,0.26162
CVE-2018-13340,0.00885,0.26162
CVE-2018-13342,0.00885,0.26162
CVE-2018-13346,0.01018,0.38792
CVE-2018-13347,0.01018,0.38792
CVE-2018-13348,0.00954,0.34522
CVE-2018-13349,0.00885,0.26162
CVE-2018-13350,0.00885,0.26162
CVE-2018-13351,0.00885,0.26162
CVE-2018-13352,0.00885,0.26162
CVE-2018-13353,0.02055,0.7893
CVE-2018-13354,0.02055,0.7893
CVE-2018-13355,0.00885,0.26162
CVE-2018-13356,0.00885,0.26162
CVE-2018-13357,0.00885,0.26162
CVE-2018-13358,0.02055,0.7893
CVE-2018-13359,0.00885,0.26162
CVE-2018-1336,0.05242,0.89216
CVE-2018-13360,0.00885,0.26162
CVE-2018-13361,0.00885,0.26162
CVE-2018-13365,0.00885,0.26162
CVE-2018-13366,0.00885,0.26162
CVE-2018-13367,0.00885,0.26162
CVE-2018-13368,0.01005,0.35949
CVE-2018-1337,0.01859,0.7626
CVE-2018-13371,0.00885,0.26162
CVE-2018-13374,0.07308,0.9216
CVE-2018-13375,0.00885,0.26162
CVE-2018-13376,0.00954,0.34522
CVE-2018-13378,0.00885,0.26162
CVE-2018-1338,0.00885,0.26162
CVE-2018-13380,0.00885,0.26162
CVE-2018-13381,0.00885,0.26162
CVE-2018-13383,0.00885,0.26162
CVE-2018-13384,0.01055,0.50287
CVE-2018-13385,0.01086,0.51674
CVE-2018-13386,0.01086,0.51674
CVE-2018-13387,0.01055,0.50287
CVE-2018-13388,0.01061,0.51015
CVE-2018-13389,0.01055,0.50287
CVE-2018-1339,0.00885,0.26162
CVE-2018-13390,0.00885,0.26162
CVE-2018-13391,0.01055,0.50287
CVE-2018-13392,0.01136,0.57949
CVE-2018-13393,0.01055,0.50287
CVE-2018-13394,0.01055,0.50287
CVE-2018-13395,0.01055,0.50287
CVE-2018-13396,0.01086,0.51674
CVE-2018-13397,0.01086,0.51674
CVE-2018-13398,0.01055,0.50287
CVE-2018-13399,0.00885,0.26162
CVE-2018-1340,0.00885,0.26162
CVE-2018-13400,0.01055,0.50287
CVE-2018-13401,0.01055,0.50287
CVE-2018-13402,0.01055,0.50287
CVE-2018-13403,0.01055,0.50287
CVE-2018-13404,0.01055,0.50287
CVE-2018-13405,0.03534,0.84129
CVE-2018-13406,0.01282,0.67298
CVE-2018-13407,0.00885,0.26162
CVE-2018-13408,0.00885,0.26162
CVE-2018-13409,0.00885,0.26162
CVE-2018-13410,0.01086,0.51674
CVE-2018-13411,0.0089,0.2856
CVE-2018-13412,0.0089,0.2856
CVE-2018-13415,0.05365,0.89438
CVE-2018-13416,0.05365,0.89438
CVE-2018-13417,0.05365,0.89438
CVE-2018-13418,0.02055,0.7893
CVE-2018-13419,0.00885,0.26162
CVE-2018-1342,0.00885,0.26162
CVE-2018-13420,0.00885,0.26162
CVE-2018-13421,0.00885,0.26162
CVE-2018-13422,0.00885,0.26162
CVE-2018-13423,0.00885,0.26162
CVE-2018-1343,0.00954,0.34522
CVE-2018-13433,0.00885,0.26162
CVE-2018-13434,0.00885,0.26162
CVE-2018-13435,0.00885,0.26162
CVE-2018-13439,0.00885,0.26162
CVE-2018-1344,0.00885,0.26162
CVE-2018-13440,0.00885,0.26162
CVE-2018-13441,0.01034,0.39824
CVE-2018-13442,0.00885,0.26162
CVE-2018-13443,0.00954,0.34522
CVE-2018-13444,0.00885,0.26162
CVE-2018-13445,0.00885,0.26162
CVE-2018-13446,0.00885,0.26162
CVE-2018-13447,0.01055,0.50287
CVE-2018-13448,0.01055,0.50287
CVE-2018-13449,0.01055,0.50287
CVE-2018-1345,0.00885,0.26162
CVE-2018-13450,0.01055,0.50287
CVE-2018-13457,0.01108,0.53389
CVE-2018-13458,0.01108,0.53389
CVE-2018-1346,0.00885,0.26162
CVE-2018-13462,0.00885,0.26162
CVE-2018-13463,0.00885,0.26162
CVE-2018-13464,0.00885,0.26162
CVE-2018-13465,0.00885,0.26162
CVE-2018-13466,0.00885,0.26162
CVE-2018-13467,0.00885,0.26162
CVE-2018-13468,0.00885,0.26162
CVE-2018-13469,0.00885,0.26162
CVE-2018-1347,0.00885,0.26162
CVE-2018-13470,0.00885,0.26162
CVE-2018-13471,0.00885,0.26162
CVE-2018-13472,0.00885,0.26162
CVE-2018-13473,0.00885,0.26162
CVE-2018-13474,0.00885,0.26162
CVE-2018-13475,0.00885,0.26162
CVE-2018-13476,0.00885,0.26162
CVE-2018-13477,0.00885,0.26162
CVE-2018-13478,0.00885,0.26162
CVE-2018-13479,0.00885,0.26162
CVE-2018-1348,0.00885,0.26162
CVE-2018-13480,0.00885,0.26162
CVE-2018-13481,0.00885,0.26162
CVE-2018-13482,0.00885,0.26162
CVE-2018-13483,0.00885,0.26162
CVE-2018-13484,0.00885,0.26162
CVE-2018-13485,0.00885,0.26162
CVE-2018-13486,0.00885,0.26162
CVE-2018-13487,0.00885,0.26162
CVE-2018-13488,0.00885,0.26162
CVE-2018-13489,0.00885,0.26162
CVE-2018-1349,0.00885,0.26162
CVE-2018-13490,0.00885,0.26162
CVE-2018-13491,0.00885,0.26162
CVE-2018-13492,0.00885,0.26162
CVE-2018-13493,0.00885,0.26162
CVE-2018-13494,0.00885,0.26162
CVE-2018-13495,0.00885,0.26162
CVE-2018-13496,0.00885,0.26162
CVE-2018-13497,0.00885,0.26162
CVE-2018-13498,0.00885,0.26162
CVE-2018-13499,0.00885,0.26162
CVE-2018-1350,0.00885,0.26162
CVE-2018-13500,0.00885,0.26162
CVE-2018-13501,0.00885,0.26162
CVE-2018-13502,0.00885,0.26162
CVE-2018-13503,0.00885,0.26162
CVE-2018-13504,0.00885,0.26162
CVE-2018-13505,0.00885,0.26162
CVE-2018-13506,0.00885,0.26162
CVE-2018-13507,0.00885,0.26162
CVE-2018-13508,0.00885,0.26162
CVE-2018-13509,0.00885,0.26162
CVE-2018-1351,0.0089,0.2856
CVE-2018-13510,0.00885,0.26162
CVE-2018-13511,0.00885,0.26162
CVE-2018-13512,0.00885,0.26162
CVE-2018-13513,0.00885,0.26162
CVE-2018-13514,0.00885,0.26162
CVE-2018-13515,0.00885,0.26162
CVE-2018-13516,0.00885,0.26162
CVE-2018-13517,0.00885,0.26162
CVE-2018-13518,0.00885,0.26162
CVE-2018-13519,0.00885,0.26162
CVE-2018-1352,0.00885,0.26162
CVE-2018-13520,0.00885,0.26162
CVE-2018-13521,0.00885,0.26162
CVE-2018-13522,0.00885,0.26162
CVE-2018-13523,0.00885,0.26162
CVE-2018-13524,0.00885,0.26162
CVE-2018-13525,0.00885,0.26162
CVE-2018-13526,0.00885,0.26162
CVE-2018-13527,0.00885,0.26162
CVE-2018-13528,0.00885,0.26162
CVE-2018-13529,0.00885,0.26162
CVE-2018-1353,0.00885,0.26162
CVE-2018-13530,0.00885,0.26162
CVE-2018-13531,0.00885,0.26162
CVE-2018-13532,0.00885,0.26162
CVE-2018-13533,0.00885,0.26162
CVE-2018-13534,0.00885,0.26162
CVE-2018-13535,0.00885,0.26162
CVE-2018-13536,0.00885,0.26162
CVE-2018-13537,0.00885,0.26162
CVE-2018-13538,0.00885,0.26162
CVE-2018-13539,0.00885,0.26162
CVE-2018-1354,0.0095,0.30554
CVE-2018-13540,0.00885,0.26162
CVE-2018-13541,0.00885,0.26162
CVE-2018-13542,0.00885,0.26162
CVE-2018-13543,0.00885,0.26162
CVE-2018-13544,0.00885,0.26162
CVE-2018-13545,0.00885,0.26162
CVE-2018-13546,0.00885,0.26162
CVE-2018-13547,0.00885,0.26162
CVE-2018-13548,0.00885,0.26162
CVE-2018-13549,0.00885,0.26162
CVE-2018-1355,0.01018,0.38792
CVE-2018-13550,0.00885,0.26162
CVE-2018-13551,0.00885,0.26162
CVE-2018-13552,0.00885,0.26162
CVE-2018-13553,0.00885,0.26162
CVE-2018-13554,0.00885,0.26162
CVE-2018-13555,0.00885,0.26162
CVE-2018-13556,0.00885,0.26162
CVE-2018-13557,0.00885,0.26162
CVE-2018-13558,0.00885,0.26162
CVE-2018-13559,0.00885,0.26162
CVE-2018-1356,0.00885,0.26162
CVE-2018-13560,0.00885,0.26162
CVE-2018-13561,0.00885,0.26162
CVE-2018-13562,0.00885,0.26162
CVE-2018-13563,0.00885,0.26162
CVE-2018-13564,0.00885,0.26162
CVE-2018-13565,0.00885,0.26162
CVE-2018-13566,0.00885,0.26162
CVE-2018-13567,0.00885,0.26162
CVE-2018-13568,0.00885,0.26162
CVE-2018-13569,0.00885,0.26162
CVE-2018-13570,0.00885,0.26162
CVE-2018-13571,0.00885,0.26162
CVE-2018-13572,0.00885,0.26162
CVE-2018-13573,0.00885,0.26162
CVE-2018-13574,0.00885,0.26162
CVE-2018-13575,0.00885,0.26162
CVE-2018-13576,0.00885,0.26162
CVE-2018-13577,0.00885,0.26162
CVE-2018-13578,0.00885,0.26162
CVE-2018-13579,0.00885,0.26162
CVE-2018-13580,0.00885,0.26162
CVE-2018-13581,0.00885,0.26162
CVE-2018-13582,0.00885,0.26162
CVE-2018-13583,0.00885,0.26162
CVE-2018-13584,0.00885,0.26162
CVE-2018-13585,0.00885,0.26162
CVE-2018-13586,0.00885,0.26162
CVE-2018-13587,0.00885,0.26162
CVE-2018-13588,0.00885,0.26162
CVE-2018-13589,0.00885,0.26162
CVE-2018-13590,0.00885,0.26162
CVE-2018-13591,0.00885,0.26162
CVE-2018-13592,0.00885,0.26162
CVE-2018-13593,0.00885,0.26162
CVE-2018-13594,0.00885,0.26162
CVE-2018-13595,0.00885,0.26162
CVE-2018-13596,0.00885,0.26162
CVE-2018-13597,0.00885,0.26162
CVE-2018-13598,0.00885,0.26162
CVE-2018-13599,0.00885,0.26162
CVE-2018-1360,0.00885,0.26162
CVE-2018-13600,0.00885,0.26162
CVE-2018-13601,0.00885,0.26162
CVE-2018-13602,0.00885,0.26162
CVE-2018-13603,0.00885,0.26162
CVE-2018-13604,0.00885,0.26162
CVE-2018-13605,0.00885,0.26162
CVE-2018-13606,0.00885,0.26162
CVE-2018-13607,0.00885,0.26162
CVE-2018-13608,0.00885,0.26162
CVE-2018-13609,0.00885,0.26162
CVE-2018-1361,0.01018,0.38792
CVE-2018-13610,0.00885,0.26162
CVE-2018-13611,0.00885,0.26162
CVE-2018-13612,0.00885,0.26162
CVE-2018-13613,0.00885,0.26162
CVE-2018-13614,0.00885,0.26162
CVE-2018-13615,0.00885,0.26162
CVE-2018-13616,0.00885,0.26162
CVE-2018-13617,0.00885,0.26162
CVE-2018-13618,0.00885,0.26162
CVE-2018-13619,0.00885,0.26162
CVE-2018-1362,0.00885,0.26162
CVE-2018-13620,0.00885,0.26162
CVE-2018-13621,0.00885,0.26162
CVE-2018-13622,0.00885,0.26162
CVE-2018-13623,0.00885,0.26162
CVE-2018-13624,0.00885,0.26162
CVE-2018-13625,0.00885,0.26162
CVE-2018-13626,0.00885,0.26162
CVE-2018-13627,0.00885,0.26162
CVE-2018-13628,0.00885,0.26162
CVE-2018-13629,0.00885,0.26162
CVE-2018-1363,0.0089,0.2856
CVE-2018-13630,0.00885,0.26162
CVE-2018-13631,0.00885,0.26162
CVE-2018-13632,0.00885,0.26162
CVE-2018-13633,0.00885,0.26162
CVE-2018-13634,0.00885,0.26162
CVE-2018-13635,0.00885,0.26162
CVE-2018-13636,0.00885,0.26162
CVE-2018-13637,0.00885,0.26162
CVE-2018-13638,0.00885,0.26162
CVE-2018-13639,0.00885,0.26162
CVE-2018-1364,0.01136,0.57949
CVE-2018-13640,0.00885,0.26162
CVE-2018-13641,0.00885,0.26162
CVE-2018-13642,0.00885,0.26162
CVE-2018-13643,0.00885,0.26162
CVE-2018-13644,0.00885,0.26162
CVE-2018-13645,0.00885,0.26162
CVE-2018-13646,0.00885,0.26162
CVE-2018-13647,0.00885,0.26162
CVE-2018-13648,0.00885,0.26162
CVE-2018-13649,0.00885,0.26162
CVE-2018-13650,0.00885,0.26162
CVE-2018-13651,0.00885,0.26162
CVE-2018-13652,0.00885,0.26162
CVE-2018-13653,0.00885,0.26162
CVE-2018-13654,0.00885,0.26162
CVE-2018-13655,0.00885,0.26162
CVE-2018-13656,0.00885,0.26162
CVE-2018-13657,0.00885,0.26162
CVE-2018-13658,0.00885,0.26162
CVE-2018-13659,0.00885,0.26162
CVE-2018-1366,0.00885,0.26162
CVE-2018-13660,0.00885,0.26162
CVE-2018-13661,0.00885,0.26162
CVE-2018-13662,0.00885,0.26162
CVE-2018-13663,0.00885,0.26162
CVE-2018-13664,0.00885,0.26162
CVE-2018-13665,0.00885,0.26162
CVE-2018-13666,0.00885,0.26162
CVE-2018-13667,0.00885,0.26162
CVE-2018-13668,0.00885,0.26162
CVE-2018-13669,0.00885,0.26162
CVE-2018-13670,0.00885,0.26162
CVE-2018-13671,0.00885,0.26162
CVE-2018-13672,0.00885,0.26162
CVE-2018-13673,0.00885,0.26162
CVE-2018-13674,0.00885,0.26162
CVE-2018-13675,0.00885,0.26162
CVE-2018-13676,0.00885,0.26162
CVE-2018-13677,0.00885,0.26162
CVE-2018-13678,0.00885,0.26162
CVE-2018-13679,0.00885,0.26162
CVE-2018-1368,0.0089,0.2856
CVE-2018-13680,0.00885,0.26162
CVE-2018-13681,0.00885,0.26162
CVE-2018-13682,0.00885,0.26162
CVE-2018-13683,0.00885,0.26162
CVE-2018-13684,0.00885,0.26162
CVE-2018-13685,0.00885,0.26162
CVE-2018-13686,0.00885,0.26162
CVE-2018-13687,0.00885,0.26162
CVE-2018-13688,0.00885,0.26162
CVE-2018-13689,0.00885,0.26162
CVE-2018-1369,0.00885,0.26162
CVE-2018-13690,0.00885,0.26162
CVE-2018-13691,0.00885,0.26162
CVE-2018-13692,0.00885,0.26162
CVE-2018-13693,0.00885,0.26162
CVE-2018-13694,0.00885,0.26162
CVE-2018-13695,0.00885,0.26162
CVE-2018-13696,0.00885,0.26162
CVE-2018-13697,0.00885,0.26162
CVE-2018-13698,0.00885,0.26162
CVE-2018-13699,0.00885,0.26162
CVE-2018-1370,0.00885,0.26162
CVE-2018-13700,0.00885,0.26162
CVE-2018-13701,0.00885,0.26162
CVE-2018-13702,0.00885,0.26162
CVE-2018-13703,0.00885,0.26162
CVE-2018-13704,0.00885,0.26162
CVE-2018-13705,0.00885,0.26162
CVE-2018-13706,0.00885,0.26162
CVE-2018-13707,0.00885,0.26162
CVE-2018-13708,0.00885,0.26162
CVE-2018-13709,0.00885,0.26162
CVE-2018-1371,0.00885,0.26162
CVE-2018-13710,0.00885,0.26162
CVE-2018-13711,0.00885,0.26162
CVE-2018-13712,0.00885,0.26162
CVE-2018-13713,0.00885,0.26162
CVE-2018-13714,0.00885,0.26162
CVE-2018-13715,0.00885,0.26162
CVE-2018-13716,0.00885,0.26162
CVE-2018-13717,0.00885,0.26162
CVE-2018-13718,0.00885,0.26162
CVE-2018-13719,0.00885,0.26162
CVE-2018-1372,0.00954,0.34522
CVE-2018-13720,0.00885,0.26162
CVE-2018-13721,0.00885,0.26162
CVE-2018-13722,0.00885,0.26162
CVE-2018-13723,0.00885,0.26162
CVE-2018-13724,0.00885,0.26162
CVE-2018-13725,0.00885,0.26162
CVE-2018-13726,0.00885,0.26162
CVE-2018-13727,0.00885,0.26162
CVE-2018-13728,0.00885,0.26162
CVE-2018-13729,0.00885,0.26162
CVE-2018-1373,0.01213,0.6557
CVE-2018-13730,0.00885,0.26162
CVE-2018-13731,0.00885,0.26162
CVE-2018-13732,0.00885,0.26162
CVE-2018-13733,0.00885,0.26162
CVE-2018-13734,0.00885,0.26162
CVE-2018-13735,0.00885,0.26162
CVE-2018-13736,0.00885,0.26162
CVE-2018-13737,0.00885,0.26162
CVE-2018-13738,0.00885,0.26162
CVE-2018-13739,0.00885,0.26162
CVE-2018-1374,0.00885,0.26162
CVE-2018-13740,0.00885,0.26162
CVE-2018-13741,0.00885,0.26162
CVE-2018-13742,0.00885,0.26162
CVE-2018-13743,0.00885,0.26162
CVE-2018-13744,0.00885,0.26162
CVE-2018-13745,0.00885,0.26162
CVE-2018-13746,0.00885,0.26162
CVE-2018-13747,0.00885,0.26162
CVE-2018-13748,0.00885,0.26162
CVE-2018-13749,0.00885,0.26162
CVE-2018-1375,0.00885,0.26162
CVE-2018-13750,0.00885,0.26162
CVE-2018-13751,0.00885,0.26162
CVE-2018-13752,0.00885,0.26162
CVE-2018-13753,0.00885,0.26162
CVE-2018-13754,0.00885,0.26162
CVE-2018-13755,0.00885,0.26162
CVE-2018-13756,0.00885,0.26162
CVE-2018-13757,0.00885,0.26162
CVE-2018-13758,0.00885,0.26162
CVE-2018-13759,0.00885,0.26162
CVE-2018-1376,0.00885,0.26162
CVE-2018-13760,0.00885,0.26162
CVE-2018-13761,0.00885,0.26162
CVE-2018-13762,0.00885,0.26162
CVE-2018-13763,0.00885,0.26162
CVE-2018-13764,0.00885,0.26162
CVE-2018-13765,0.00885,0.26162
CVE-2018-13766,0.00885,0.26162
CVE-2018-13767,0.00885,0.26162
CVE-2018-13768,0.00885,0.26162
CVE-2018-13769,0.00885,0.26162
CVE-2018-1377,0.0089,0.2856
CVE-2018-13770,0.00885,0.26162
CVE-2018-13771,0.00885,0.26162
CVE-2018-13772,0.00885,0.26162
CVE-2018-13773,0.00885,0.26162
CVE-2018-13774,0.00885,0.26162
CVE-2018-13775,0.00885,0.26162
CVE-2018-13776,0.00885,0.26162
CVE-2018-13777,0.00885,0.26162
CVE-2018-13778,0.00885,0.26162
CVE-2018-13779,0.00885,0.26162
CVE-2018-13780,0.00885,0.26162
CVE-2018-13781,0.00885,0.26162
CVE-2018-13782,0.00885,0.26162
CVE-2018-13783,0.00885,0.26162
CVE-2018-13785,0.02686,0.82061
CVE-2018-13787,0.0089,0.2856
CVE-2018-13789,0.00885,0.26162
CVE-2018-13790,0.00885,0.26162
CVE-2018-13791,0.00885,0.26162
CVE-2018-13792,0.00885,0.26162
CVE-2018-13793,0.00885,0.26162
CVE-2018-13794,0.00885,0.26162
CVE-2018-13795,0.00885,0.26162
CVE-2018-13796,0.01018,0.38792
CVE-2018-13798,0.01055,0.50287
CVE-2018-13799,0.01055,0.50287
CVE-2018-1380,0.00885,0.26162
CVE-2018-13800,0.00885,0.26162
CVE-2018-13801,0.0089,0.2856
CVE-2018-13802,0.02199,0.80273
CVE-2018-13804,0.00885,0.26162
CVE-2018-13805,0.00885,0.26162
CVE-2018-13806,0.01036,0.41241
CVE-2018-13807,0.00954,0.34522
CVE-2018-13808,0.00885,0.26162
CVE-2018-13809,0.00885,0.26162
CVE-2018-13810,0.00885,0.26162
CVE-2018-13811,0.00885,0.26162
CVE-2018-13812,0.00885,0.26162
CVE-2018-13813,0.00885,0.26162
CVE-2018-13814,0.00885,0.26162
CVE-2018-13815,0.00885,0.26162
CVE-2018-13816,0.00885,0.26162
CVE-2018-13818,0.08944,0.93724
CVE-2018-13819,0.00885,0.26162
CVE-2018-1382,0.00885,0.26162
CVE-2018-13820,0.00885,0.26162
CVE-2018-13821,0.01055,0.50287
CVE-2018-13822,0.00885,0.26162
CVE-2018-13823,0.01055,0.50287
CVE-2018-13824,0.01055,0.50287
CVE-2018-13825,0.01055,0.50287
CVE-2018-13826,0.01055,0.50287
CVE-2018-1383,0.0095,0.30554
CVE-2018-13832,0.02437,0.80834
CVE-2018-13833,0.01055,0.50287
CVE-2018-13836,0.00885,0.26162
CVE-2018-1384,0.0095,0.30554
CVE-2018-13843,0.00885,0.26162
CVE-2018-13844,0.00885,0.26162
CVE-2018-13845,0.00885,0.26162
CVE-2018-13846,0.00885,0.26162
CVE-2018-13847,0.00885,0.26162
CVE-2018-13848,0.00885,0.26162
CVE-2018-13849,0.02173,0.80027
CVE-2018-13850,0.00885,0.26162
CVE-2018-13858,0.01055,0.50287
CVE-2018-13859,0.08382,0.93597
CVE-2018-1386,0.00885,0.26162
CVE-2018-13860,0.01055,0.50287
CVE-2018-13861,0.01055,0.50287
CVE-2018-13862,0.08382,0.93597
CVE-2018-13865,0.00885,0.26162
CVE-2018-13866,0.00885,0.26162
CVE-2018-13867,0.00885,0.26162
CVE-2018-13868,0.00885,0.26162
CVE-2018-13869,0.00885,0.26162
CVE-2018-1387,0.00954,0.34522
CVE-2018-13870,0.00885,0.26162
CVE-2018-13871,0.00885,0.26162
CVE-2018-13872,0.00885,0.26162
CVE-2018-13873,0.00885,0.26162
CVE-2018-13874,0.00885,0.26162
CVE-2018-13875,0.00885,0.26162
CVE-2018-13876,0.00885,0.26162
CVE-2018-13877,0.00885,0.26162
CVE-2018-13878,0.00885,0.26162
CVE-2018-13879,0.00885,0.26162
CVE-2018-1388,0.00954,0.34522
CVE-2018-13885,0.00885,0.26162
CVE-2018-13886,0.00885,0.26162
CVE-2018-13887,0.00885,0.26162
CVE-2018-13888,0.00885,0.26162
CVE-2018-13889,0.00885,0.26162
CVE-2018-1389,0.0089,0.2856
CVE-2018-13893,0.00885,0.26162
CVE-2018-13895,0.00885,0.26162
CVE-2018-13896,0.00885,0.26162
CVE-2018-13897,0.00885,0.26162
CVE-2018-13898,0.00885,0.26162
CVE-2018-13899,0.00885,0.26162
CVE-2018-1390,0.0089,0.2856
CVE-2018-13900,0.00885,0.26162
CVE-2018-13901,0.00885,0.26162
CVE-2018-13902,0.00885,0.26162
CVE-2018-13903,0.00885,0.26162
CVE-2018-13904,0.00885,0.26162
CVE-2018-13905,0.00885,0.26162
CVE-2018-13906,0.00885,0.26162
CVE-2018-13907,0.00885,0.26162
CVE-2018-13908,0.00885,0.26162
CVE-2018-13909,0.00885,0.26162
CVE-2018-1391,0.0089,0.2856
CVE-2018-13910,0.00885,0.26162
CVE-2018-13911,0.00885,0.26162
CVE-2018-13912,0.00885,0.26162
CVE-2018-13913,0.00885,0.26162
CVE-2018-13914,0.00885,0.26162
CVE-2018-13916,0.00885,0.26162
CVE-2018-13918,0.00885,0.26162
CVE-2018-13919,0.00885,0.26162
CVE-2018-1392,0.00885,0.26162
CVE-2018-13920,0.00885,0.26162
CVE-2018-13924,0.00885,0.26162
CVE-2018-13925,0.00885,0.26162
CVE-2018-13927,0.00885,0.26162
CVE-2018-1393,0.0089,0.2856
CVE-2018-1394,0.00885,0.26162
CVE-2018-1395,0.00885,0.26162
CVE-2018-1396,0.00885,0.26162
CVE-2018-1398,0.01136,0.57949
CVE-2018-13980,0.0089,0.2856
CVE-2018-13981,0.05634,0.89764
CVE-2018-13982,0.01537,0.73595
CVE-2018-13983,0.00954,0.34522
CVE-2018-13988,0.01537,0.73595
CVE-2018-13989,0.08382,0.93597
CVE-2018-1399,0.0089,0.2856
CVE-2018-13990,0.00885,0.26162
CVE-2018-13991,0.00885,0.26162
CVE-2018-13992,0.00885,0.26162
CVE-2018-13993,0.00885,0.26162
CVE-2018-13994,0.00885,0.26162
CVE-2018-13996,0.00885,0.26162
CVE-2018-13997,0.00885,0.26162
CVE-2018-13998,0.00885,0.26162
CVE-2018-13999,0.00885,0.26162
CVE-2018-14001,0.00885,0.26162
CVE-2018-14002,0.00885,0.26162
CVE-2018-14003,0.00885,0.26162
CVE-2018-14004,0.00885,0.26162
CVE-2018-14005,0.00885,0.26162
CVE-2018-14006,0.00885,0.26162
CVE-2018-14007,0.00954,0.34522
CVE-2018-14008,0.00885,0.26162
CVE-2018-1401,0.01018,0.38792
CVE-2018-14010,0.02055,0.7893
CVE-2018-14012,0.01564,0.74439
CVE-2018-14013,0.01108,0.53389
CVE-2018-14014,0.00885,0.26162
CVE-2018-14015,0.01055,0.50287
CVE-2018-14016,0.01055,0.50287
CVE-2018-14017,0.01055,0.50287
CVE-2018-14020,0.00885,0.26162
CVE-2018-14023,0.00885,0.26162
CVE-2018-14027,0.00885,0.26162
CVE-2018-14028,0.0095,0.30554
CVE-2018-14029,0.08382,0.93597
CVE-2018-1403,0.00885,0.26162
CVE-2018-14031,0.00885,0.26162
CVE-2018-14033,0.00885,0.26162
CVE-2018-14034,0.00885,0.26162
CVE-2018-14035,0.00885,0.26162
CVE-2018-14036,0.0095,0.30554
CVE-2018-14037,0.01136,0.57949
CVE-2018-1404,0.00885,0.26162
CVE-2018-14043,0.00885,0.26162
CVE-2018-14044,0.01055,0.50287
CVE-2018-14045,0.01055,0.50287
CVE-2018-14046,0.00885,0.26162
CVE-2018-14047,0.00885,0.26162
CVE-2018-14048,0.01108,0.53389
CVE-2018-14049,0.00885,0.26162
CVE-2018-1405,0.00885,0.26162
CVE-2018-14050,0.00885,0.26162
CVE-2018-14051,0.00885,0.26162
CVE-2018-14052,0.00885,0.26162
CVE-2018-14054,0.01018,0.38792
CVE-2018-14055,0.0095,0.30554
CVE-2018-14056,0.00954,0.34522
CVE-2018-14057,0.01213,0.6557
CVE-2018-14058,0.15217,0.95707
CVE-2018-14059,0.0095,0.30554
CVE-2018-14060,0.02055,0.7893
CVE-2018-14062,0.01055,0.50287
CVE-2018-14063,0.00885,0.26162
CVE-2018-14064,0.08382,0.93597
CVE-2018-14065,0.00954,0.34522
CVE-2018-14066,0.00885,0.26162
CVE-2018-14067,0.01156,0.60033
CVE-2018-14068,0.00885,0.26162
CVE-2018-14069,0.00885,0.26162
CVE-2018-1407,0.00885,0.26162
CVE-2018-14071,0.00954,0.34522
CVE-2018-14072,0.00885,0.26162
CVE-2018-14073,0.00885,0.26162
CVE-2018-14077,0.01055,0.50287
CVE-2018-14078,0.01055,0.50287
CVE-2018-14079,0.01055,0.50287
CVE-2018-1408,0.00885,0.26162
CVE-2018-14080,0.00885,0.26162
CVE-2018-14081,0.00885,0.26162
CVE-2018-14082,0.00885,0.26162
CVE-2018-14084,0.00885,0.26162
CVE-2018-14085,0.00885,0.26162
CVE-2018-14086,0.00885,0.26162
CVE-2018-14087,0.00885,0.26162
CVE-2018-14088,0.00885,0.26162
CVE-2018-14089,0.00885,0.26162
CVE-2018-1409,0.0089,0.2856
CVE-2018-1410,0.0089,0.2856
CVE-2018-1411,0.0089,0.2856
CVE-2018-1413,0.01034,0.39824
CVE-2018-1414,0.01061,0.51015
CVE-2018-1415,0.0089,0.2856
CVE-2018-1416,0.00954,0.34522
CVE-2018-1417,0.01108,0.53389
CVE-2018-1418,0.02199,0.80273
CVE-2018-1419,0.0089,0.2856
CVE-2018-1420,0.0089,0.2856
CVE-2018-1421,0.01055,0.50287
CVE-2018-1422,0.0089,0.2856
CVE-2018-1423,0.00885,0.26162
CVE-2018-1424,0.01061,0.51015
CVE-2018-14241,0.01384,0.711
CVE-2018-14242,0.01384,0.711
CVE-2018-14243,0.01384,0.711
CVE-2018-14244,0.01384,0.711
CVE-2018-14245,0.01384,0.711
CVE-2018-14246,0.01384,0.711
CVE-2018-14247,0.01384,0.711
CVE-2018-14248,0.01384,0.711
CVE-2018-14249,0.01384,0.711
CVE-2018-1425,0.00954,0.34522
CVE-2018-14250,0.01384,0.711
CVE-2018-14251,0.01384,0.711
CVE-2018-14252,0.01384,0.711
CVE-2018-14253,0.01384,0.711
CVE-2018-14254,0.01384,0.711
CVE-2018-14255,0.01384,0.711
CVE-2018-14256,0.01384,0.711
CVE-2018-14257,0.01384,0.711
CVE-2018-14258,0.01384,0.711
CVE-2018-14259,0.01384,0.711
CVE-2018-1426,0.01018,0.38792
CVE-2018-14260,0.01384,0.711
CVE-2018-14261,0.01384,0.711
CVE-2018-14262,0.01384,0.711
CVE-2018-14263,0.01384,0.711
CVE-2018-14264,0.01384,0.711
CVE-2018-14265,0.01384,0.711
CVE-2018-14266,0.01384,0.711
CVE-2018-14267,0.01384,0.711
CVE-2018-14268,0.01384,0.711
CVE-2018-14269,0.01384,0.711
CVE-2018-1427,0.0095,0.30554
CVE-2018-14270,0.01384,0.711
CVE-2018-14271,0.01384,0.711
CVE-2018-14272,0.01384,0.711
CVE-2018-14273,0.01384,0.711
CVE-2018-14274,0.01384,0.711
CVE-2018-14275,0.01384,0.711
CVE-2018-14276,0.01384,0.711
CVE-2018-14277,0.01384,0.711
CVE-2018-14278,0.01384,0.711
CVE-2018-14279,0.01384,0.711
CVE-2018-1428,0.0095,0.30554
CVE-2018-14280,0.01384,0.711
CVE-2018-14281,0.01384,0.711
CVE-2018-14282,0.01384,0.711
CVE-2018-14283,0.01384,0.711
CVE-2018-14284,0.01384,0.711
CVE-2018-14285,0.01384,0.711
CVE-2018-14286,0.01384,0.711
CVE-2018-14287,0.01384,0.711
CVE-2018-14288,0.01384,0.711
CVE-2018-14289,0.01384,0.711
CVE-2018-1429,0.0095,0.30554
CVE-2018-14290,0.01384,0.711
CVE-2018-14291,0.01384,0.711
CVE-2018-14292,0.01384,0.711
CVE-2018-14293,0.01384,0.711
CVE-2018-14294,0.01384,0.711
CVE-2018-14295,0.01384,0.711
CVE-2018-14296,0.01384,0.711
CVE-2018-14297,0.01384,0.711
CVE-2018-14298,0.01384,0.711
CVE-2018-14299,0.01384,0.711
CVE-2018-1430,0.0089,0.2856
CVE-2018-14300,0.01384,0.711
CVE-2018-14301,0.01384,0.711
CVE-2018-14302,0.01384,0.711
CVE-2018-14303,0.01384,0.711
CVE-2018-14304,0.01384,0.711
CVE-2018-14305,0.01384,0.711
CVE-2018-14306,0.01384,0.711
CVE-2018-14307,0.01384,0.711
CVE-2018-14308,0.01384,0.711
CVE-2018-14309,0.01384,0.711
CVE-2018-1431,0.0089,0.2856
CVE-2018-14310,0.01384,0.711
CVE-2018-14311,0.01384,0.711
CVE-2018-14312,0.01384,0.711
CVE-2018-14313,0.01384,0.711
CVE-2018-14314,0.01384,0.711
CVE-2018-14315,0.01384,0.711
CVE-2018-14316,0.01384,0.711
CVE-2018-14317,0.01384,0.711
CVE-2018-14318,0.01156,0.60033
CVE-2018-1432,0.00954,0.34522
CVE-2018-14320,0.01156,0.60033
CVE-2018-14324,0.01055,0.50287
CVE-2018-14325,0.01018,0.38792
CVE-2018-14326,0.01018,0.38792
CVE-2018-14327,0.03034,0.82853
CVE-2018-14328,0.08382,0.93597
CVE-2018-14329,0.00885,0.26162
CVE-2018-1433,0.01018,0.38792
CVE-2018-14331,0.00885,0.26162
CVE-2018-14332,0.01018,0.38792
CVE-2018-14333,0.00885,0.26162
CVE-2018-14334,0.00885,0.26162
CVE-2018-14335,0.07308,0.9216
CVE-2018-14336,0.08382,0.93597
CVE-2018-14337,0.00885,0.26162
CVE-2018-14338,0.00885,0.26162
CVE-2018-14339,0.01108,0.53389
CVE-2018-1434,0.01018,0.38792
CVE-2018-14340,0.01108,0.53389
CVE-2018-14341,0.01108,0.53389
CVE-2018-14342,0.01108,0.53389
CVE-2018-14343,0.01108,0.53389
CVE-2018-14344,0.01108,0.53389
CVE-2018-14345,0.00885,0.26162
CVE-2018-14346,0.01018,0.38792
CVE-2018-14347,0.01018,0.38792
CVE-2018-14348,0.01034,0.39824
CVE-2018-14349,0.01183,0.60428
CVE-2018-1435,0.04836,0.88802
CVE-2018-14350,0.01537,0.73595
CVE-2018-14351,0.01183,0.60428
CVE-2018-14352,0.01537,0.73595
CVE-2018-14353,0.01537,0.73595
CVE-2018-14354,0.01537,0.73595
CVE-2018-14355,0.01183,0.60428
CVE-2018-14356,0.01183,0.60428
CVE-2018-14357,0.01537,0.73595
CVE-2018-14358,0.01537,0.73595
CVE-2018-14359,0.01537,0.73595
CVE-2018-14360,0.01018,0.38792
CVE-2018-14361,0.01018,0.38792
CVE-2018-14362,0.01537,0.73595
CVE-2018-14363,0.01018,0.38792
CVE-2018-14364,0.05634,0.89764
CVE-2018-14366,0.00885,0.26162
CVE-2018-14367,0.01108,0.53389
CVE-2018-14368,0.01108,0.53389
CVE-2018-14369,0.01108,0.53389
CVE-2018-1437,0.01559,0.742
CVE-2018-14370,0.01108,0.53389
CVE-2018-14371,0.01055,0.50287
CVE-2018-14379,0.01213,0.6557
CVE-2018-1438,0.01018,0.38792
CVE-2018-14381,0.00885,0.26162
CVE-2018-14382,0.00885,0.26162
CVE-2018-14383,0.00885,0.26162
CVE-2018-14384,0.01055,0.50287
CVE-2018-14387,0.00885,0.26162
CVE-2018-14388,0.00885,0.26162
CVE-2018-14389,0.00885,0.26162
CVE-2018-1439,0.00885,0.26162
CVE-2018-14392,0.02173,0.80027
CVE-2018-14394,0.00885,0.26162
CVE-2018-14395,0.01018,0.38792
CVE-2018-14396,0.00885,0.26162
CVE-2018-14397,0.00885,0.26162
CVE-2018-14398,0.00885,0.26162
CVE-2018-14399,0.01055,0.50287
CVE-2018-1440,0.00885,0.26162
CVE-2018-14401,0.00885,0.26162
CVE-2018-14402,0.00885,0.26162
CVE-2018-14403,0.01018,0.38792
CVE-2018-14404,0.01537,0.73595
CVE-2018-1441,0.00885,0.26162
CVE-2018-14415,0.00885,0.26162
CVE-2018-14417,0.08944,0.93724
CVE-2018-14418,0.01564,0.74439
CVE-2018-14419,0.00885,0.26162
CVE-2018-1442,0.00954,0.34522
CVE-2018-14420,0.00885,0.26162
CVE-2018-14421,0.01156,0.60033
CVE-2018-14422,0.00885,0.26162
CVE-2018-14423,0.01213,0.6557
CVE-2018-14424,0.01365,0.70715
CVE-2018-14425,0.00885,0.26162
CVE-2018-14429,0.00885,0.26162
CVE-2018-1443,0.01108,0.53389
CVE-2018-14430,0.00885,0.26162
CVE-2018-14432,0.01034,0.39824
CVE-2018-14434,0.00954,0.34522
CVE-2018-14435,0.00885,0.26162
CVE-2018-14436,0.00885,0.26162
CVE-2018-14437,0.00885,0.26162
CVE-2018-14438,0.00885,0.26162
CVE-2018-14439,0.00885,0.26162
CVE-2018-1444,0.0089,0.2856
CVE-2018-14440,0.00885,0.26162
CVE-2018-14441,0.00885,0.26162
CVE-2018-14442,0.01156,0.60033
CVE-2018-14443,0.01055,0.50287
CVE-2018-14444,0.00885,0.26162
CVE-2018-14445,0.01055,0.50287
CVE-2018-14446,0.01213,0.6557
CVE-2018-14447,0.00954,0.34522
CVE-2018-14448,0.00885,0.26162
CVE-2018-14449,0.00885,0.26162
CVE-2018-1445,0.0089,0.2856
CVE-2018-14450,0.00885,0.26162
CVE-2018-14451,0.00885,0.26162
CVE-2018-14452,0.00885,0.26162
CVE-2018-14453,0.00885,0.26162
CVE-2018-14454,0.00885,0.26162
CVE-2018-14455,0.00885,0.26162
CVE-2018-14456,0.00885,0.26162
CVE-2018-14457,0.00885,0.26162
CVE-2018-14458,0.00885,0.26162
CVE-2018-14459,0.00885,0.26162
CVE-2018-14460,0.00885,0.26162
CVE-2018-14461,0.02686,0.82061
CVE-2018-14462,0.02293,0.8062
CVE-2018-14463,0.02293,0.8062
CVE-2018-14464,0.02686,0.82061
CVE-2018-14465,0.02293,0.8062
CVE-2018-14466,0.02686,0.82061
CVE-2018-14467,0.02686,0.82061
CVE-2018-14468,0.02293,0.8062
CVE-2018-14469,0.02293,0.8062
CVE-2018-1447,0.01108,0.53389
CVE-2018-14470,0.02686,0.82061
CVE-2018-14471,0.01055,0.50287
CVE-2018-14472,0.01086,0.51674
CVE-2018-14473,0.00885,0.26162
CVE-2018-14474,0.00885,0.26162
CVE-2018-14476,0.00885,0.26162
CVE-2018-14478,0.00885,0.26162
CVE-2018-1448,0.0089,0.2856
CVE-2018-14481,0.00885,0.26162
CVE-2018-14485,0.08382,0.93597
CVE-2018-14486,0.00885,0.26162
CVE-2018-1449,0.0089,0.2856
CVE-2018-14492,0.00885,0.26162
CVE-2018-14493,0.02173,0.80027
CVE-2018-14494,0.01055,0.50287
CVE-2018-14495,0.01055,0.50287
CVE-2018-14496,0.01978,0.78447
CVE-2018-14497,0.02192,0.80195
CVE-2018-14498,0.01537,0.73595
CVE-2018-14499,0.00885,0.26162
CVE-2018-1450,0.0089,0.2856
CVE-2018-14500,0.00885,0.26162
CVE-2018-14501,0.00885,0.26162
CVE-2018-14502,0.01055,0.50287
CVE-2018-14503,0.01055,0.50287
CVE-2018-14504,0.02509,0.81058
CVE-2018-14505,0.00885,0.26162
CVE-2018-1451,0.0089,0.2856
CVE-2018-14512,0.01055,0.50287
CVE-2018-14513,0.01055,0.50287
CVE-2018-14514,0.00885,0.26162
CVE-2018-14515,0.01055,0.50287
CVE-2018-14517,0.00885,0.26162
CVE-2018-14519,0.01055,0.50287
CVE-2018-1452,0.0089,0.2856
CVE-2018-14520,0.00885,0.26162
CVE-2018-14521,0.00885,0.26162
CVE-2018-14522,0.00954,0.34522
CVE-2018-14523,0.00954,0.34522
CVE-2018-14524,0.00885,0.26162
CVE-2018-14526,0.01537,0.73595
CVE-2018-14527,0.00885,0.26162
CVE-2018-14528,0.00885,0.26162
CVE-2018-14529,0.00885,0.26162
CVE-2018-1453,0.0089,0.2856
CVE-2018-14531,0.00885,0.26162
CVE-2018-14532,0.00885,0.26162
CVE-2018-14533,0.02042,0.78565
CVE-2018-1454,0.01136,0.57949
CVE-2018-14541,0.00885,0.26162
CVE-2018-14543,0.00885,0.26162
CVE-2018-14544,0.00885,0.26162
CVE-2018-14545,0.00885,0.26162
CVE-2018-14549,0.00885,0.26162
CVE-2018-1455,0.00954,0.34522
CVE-2018-14550,0.01018,0.38792
CVE-2018-14551,0.00954,0.34522
CVE-2018-14553,0.01183,0.60428
CVE-2018-14557,0.00885,0.26162
CVE-2018-14558,0.02055,0.7893
CVE-2018-14559,0.00885,0.26162
CVE-2018-1456,0.01055,0.50287
CVE-2018-14562,0.00885,0.26162
CVE-2018-14563,0.00885,0.26162
CVE-2018-14564,0.00885,0.26162
CVE-2018-14565,0.00885,0.26162
CVE-2018-14567,0.01213,0.6557
CVE-2018-14568,0.01018,0.38792
CVE-2018-1457,0.00954,0.34522
CVE-2018-14570,0.01338,0.70562
CVE-2018-14572,0.01611,0.74874
CVE-2018-14573,0.00885,0.26162
CVE-2018-14574,0.01108,0.53389
CVE-2018-14575,0.02173,0.80027
CVE-2018-14576,0.00954,0.34522
CVE-2018-14579,0.01055,0.50287
CVE-2018-1458,0.01559,0.742
CVE-2018-14581,0.01559,0.742
CVE-2018-14582,0.00885,0.26162
CVE-2018-14583,0.00885,0.26162
CVE-2018-14584,0.00885,0.26162
CVE-2018-14585,0.00885,0.26162
CVE-2018-14586,0.00885,0.26162
CVE-2018-14587,0.00885,0.26162
CVE-2018-14588,0.00885,0.26162
CVE-2018-14589,0.00885,0.26162
CVE-2018-1459,0.01365,0.70715
CVE-2018-14590,0.00885,0.26162
CVE-2018-14592,0.01564,0.74439
CVE-2018-14593,0.0089,0.2856
CVE-2018-14596,0.01055,0.50287
CVE-2018-14597,0.01055,0.50287
CVE-2018-14598,0.01537,0.73595
CVE-2018-14599,0.01537,0.73595
CVE-2018-1460,0.0095,0.30554
CVE-2018-14600,0.09801,0.94069
CVE-2018-14601,0.00885,0.26162
CVE-2018-14602,0.00885,0.26162
CVE-2018-14603,0.00885,0.26162
CVE-2018-14604,0.00885,0.26162
CVE-2018-14605,0.00885,0.26162
CVE-2018-14606,0.00885,0.26162
CVE-2018-14607,0.00885,0.26162
CVE-2018-14608,0.00885,0.26162
CVE-2018-14609,0.01537,0.73595
CVE-2018-1461,0.0095,0.30554
CVE-2018-14610,0.01537,0.73595
CVE-2018-14611,0.01537,0.73595
CVE-2018-14612,0.01537,0.73595
CVE-2018-14613,0.01537,0.73595
CVE-2018-14614,0.01108,0.53389
CVE-2018-14615,0.01018,0.38792
CVE-2018-14616,0.01108,0.53389
CVE-2018-14617,0.01537,0.73595
CVE-2018-14618,0.01537,0.73595
CVE-2018-14619,0.0095,0.30554
CVE-2018-1462,0.0095,0.30554
CVE-2018-14620,0.00954,0.34522
CVE-2018-14621,0.00954,0.34522
CVE-2018-14622,0.01319,0.70416
CVE-2018-14623,0.01055,0.50287
CVE-2018-14624,0.01018,0.38792
CVE-2018-14625,0.01547,0.74085
CVE-2018-14626,0.00954,0.34522
CVE-2018-14627,0.01108,0.53389
CVE-2018-14629,0.01282,0.67298
CVE-2018-1463,0.0095,0.30554
CVE-2018-14630,0.05471,0.89498
CVE-2018-14631,0.01018,0.38792
CVE-2018-14632,0.01034,0.39824
CVE-2018-14633,0.03779,0.84781
CVE-2018-14635,0.01034,0.39824
CVE-2018-14636,0.0089,0.2856
CVE-2018-14637,0.00885,0.26162
CVE-2018-14638,0.01136,0.57949
CVE-2018-1464,0.0095,0.30554
CVE-2018-14641,0.01018,0.38792
CVE-2018-14642,0.01537,0.73595
CVE-2018-14643,0.01018,0.38792
CVE-2018-14644,0.01055,0.50287
CVE-2018-14645,0.01018,0.38792
CVE-2018-14646,0.01034,0.39824
CVE-2018-14647,0.02686,0.82061
CVE-2018-14648,0.01018,0.38792
CVE-2018-14649,0.01108,0.53389
CVE-2018-1465,0.0095,0.30554
CVE-2018-14650,0.0089,0.2856
CVE-2018-14651,0.03391,0.83657
CVE-2018-14652,0.01232,0.66248
CVE-2018-14653,0.01232,0.66248
CVE-2018-14654,0.01232,0.66248
CVE-2018-14655,0.0095,0.30554
CVE-2018-14656,0.01034,0.39824
CVE-2018-14657,0.01018,0.38792
CVE-2018-14658,0.01018,0.38792
CVE-2018-14659,0.01232,0.66248
CVE-2018-1466,0.0095,0.30554
CVE-2018-14660,0.01232,0.66248
CVE-2018-14661,0.01232,0.66248
CVE-2018-14662,0.01104,0.52279
CVE-2018-14663,0.01055,0.50287
CVE-2018-14664,0.0095,0.30554
CVE-2018-14666,0.00885,0.26162
CVE-2018-14668,0.00885,0.26162
CVE-2018-14669,0.00885,0.26162
CVE-2018-1467,0.00954,0.34522
CVE-2018-14670,0.00885,0.26162
CVE-2018-14671,0.01156,0.60033
CVE-2018-14672,0.00885,0.26162
CVE-2018-14678,0.01034,0.39824
CVE-2018-14679,0.02686,0.82061
CVE-2018-1468,0.00885,0.26162
CVE-2018-14680,0.02686,0.82061
CVE-2018-14681,0.02686,0.82061
CVE-2018-14682,0.02686,0.82061
CVE-2018-14683,0.00885,0.26162
CVE-2018-14685,0.01055,0.50287
CVE-2018-14686,0.00885,0.26162
CVE-2018-14688,0.00885,0.26162
CVE-2018-14689,0.00885,0.26162
CVE-2018-1469,0.00885,0.26162
CVE-2018-14690,0.00885,0.26162
CVE-2018-14691,0.00885,0.26162
CVE-2018-14695,0.0176,0.7531
CVE-2018-14696,0.0176,0.7531
CVE-2018-14697,0.0176,0.7531
CVE-2018-14698,0.0176,0.7531
CVE-2018-14699,0.06621,0.91144
CVE-2018-1470,0.01061,0.51015
CVE-2018-14700,0.0176,0.7531
CVE-2018-14701,0.06621,0.91144
CVE-2018-14702,0.0176,0.7531
CVE-2018-14703,0.0176,0.7531
CVE-2018-14704,0.0176,0.7531
CVE-2018-14705,0.0176,0.7531
CVE-2018-14706,0.06621,0.91144
CVE-2018-14707,0.0176,0.7531
CVE-2018-14708,0.0176,0.7531
CVE-2018-14709,0.0176,0.7531
CVE-2018-14710,0.00885,0.26162
CVE-2018-14711,0.00885,0.26162
CVE-2018-14712,0.00885,0.26162
CVE-2018-14713,0.00885,0.26162
CVE-2018-14715,0.00885,0.26162
CVE-2018-14716,0.16971,0.95993
CVE-2018-14718,0.10667,0.94413
CVE-2018-14719,0.10667,0.94413
CVE-2018-14720,0.02686,0.82061
CVE-2018-14721,0.04358,0.87435
CVE-2018-14722,0.02509,0.81058
CVE-2018-14724,0.02192,0.80195
CVE-2018-1473,0.00885,0.26162
CVE-2018-14730,0.00885,0.26162
CVE-2018-14731,0.00954,0.34522
CVE-2018-14732,0.00954,0.34522
CVE-2018-14733,0.01018,0.38792
CVE-2018-14734,0.01547,0.74085
CVE-2018-14735,0.01055,0.50287
CVE-2018-14736,0.00885,0.26162
CVE-2018-14737,0.00885,0.26162
CVE-2018-14738,0.00885,0.26162
CVE-2018-14739,0.00885,0.26162
CVE-2018-1474,0.01055,0.50287
CVE-2018-14740,0.00885,0.26162
CVE-2018-14741,0.00885,0.26162
CVE-2018-14742,0.00885,0.26162
CVE-2018-14743,0.00885,0.26162
CVE-2018-14744,0.00885,0.26162
CVE-2018-14745,0.01559,0.742
CVE-2018-14746,0.01055,0.50287
CVE-2018-14747,0.01055,0.50287
CVE-2018-14748,0.01055,0.50287
CVE-2018-14749,0.00885,0.26162
CVE-2018-1475,0.01055,0.50287
CVE-2018-1476,0.00885,0.26162
CVE-2018-14767,0.02398,0.80734
CVE-2018-14768,0.01978,0.78447
CVE-2018-14769,0.00885,0.26162
CVE-2018-14770,0.01978,0.78447
CVE-2018-14771,0.01978,0.78447
CVE-2018-14773,0.01104,0.52279
CVE-2018-14774,0.00885,0.26162
CVE-2018-14775,0.0095,0.30554
CVE-2018-14776,0.00885,0.26162
CVE-2018-14777,0.00885,0.26162
CVE-2018-14779,0.01018,0.38792
CVE-2018-1478,0.01055,0.50287
CVE-2018-14780,0.01018,0.38792
CVE-2018-14781,0.00885,0.26162
CVE-2018-14782,0.00885,0.26162
CVE-2018-14783,0.00885,0.26162
CVE-2018-14784,0.01055,0.50287
CVE-2018-14785,0.00885,0.26162
CVE-2018-14786,0.01136,0.57949
CVE-2018-14787,0.01005,0.36332
CVE-2018-14788,0.00885,0.26162
CVE-2018-14789,0.01005,0.36332
CVE-2018-1479,0.00885,0.26162
CVE-2018-14790,0.01978,0.78447
CVE-2018-14791,0.00885,0.26162
CVE-2018-14792,0.01086,0.51674
CVE-2018-14793,0.01005,0.36332
CVE-2018-14794,0.00885,0.26162
CVE-2018-14795,0.00885,0.26162
CVE-2018-14796,0.00885,0.26162
CVE-2018-14797,0.01005,0.36332
CVE-2018-14798,0.00885,0.26162
CVE-2018-14799,0.0089,0.2856
CVE-2018-1480,0.00885,0.26162
CVE-2018-14800,0.01005,0.36332
CVE-2018-14801,0.0089,0.2856
CVE-2018-14802,0.01978,0.78447
CVE-2018-14803,0.00954,0.34522
CVE-2018-14804,0.01978,0.78447
CVE-2018-14805,0.00954,0.34522
CVE-2018-14806,0.02509,0.81058
CVE-2018-14807,0.01978,0.78447
CVE-2018-14808,0.00885,0.26162
CVE-2018-14809,0.01156,0.60033
CVE-2018-1481,0.00885,0.26162
CVE-2018-14810,0.00885,0.26162
CVE-2018-14811,0.01978,0.78447
CVE-2018-14812,0.00885,0.26162
CVE-2018-14813,0.01978,0.78447
CVE-2018-14814,0.00885,0.26162
CVE-2018-14815,0.01978,0.78447
CVE-2018-14816,0.02509,0.81058
CVE-2018-14817,0.01978,0.78447
CVE-2018-14818,0.01156,0.60033
CVE-2018-14819,0.01978,0.78447
CVE-2018-14820,0.00954,0.34522
CVE-2018-14821,0.00885,0.26162
CVE-2018-14822,0.0144,0.7265
CVE-2018-14823,0.01978,0.78447
CVE-2018-14824,0.00954,0.34522
CVE-2018-14825,0.00954,0.34522
CVE-2018-14826,0.01978,0.78447
CVE-2018-14827,0.00885,0.26162
CVE-2018-14828,0.0089,0.2856
CVE-2018-14829,0.0144,0.7265
CVE-2018-1483,0.00954,0.34522
CVE-2018-14831,0.01055,0.50287
CVE-2018-14833,0.00885,0.26162
CVE-2018-14835,0.00885,0.26162
CVE-2018-14836,0.00885,0.26162
CVE-2018-14837,0.00885,0.26162
CVE-2018-14838,0.00885,0.26162
CVE-2018-14839,0.01156,0.60033
CVE-2018-1484,0.00885,0.26162
CVE-2018-14840,0.02173,0.80027
CVE-2018-14846,0.0089,0.2856
CVE-2018-14849,0.0089,0.2856
CVE-2018-1485,0.00885,0.26162
CVE-2018-14850,0.0089,0.2856
CVE-2018-14851,0.01955,0.77585
CVE-2018-14852,0.01036,0.41241
CVE-2018-14853,0.01036,0.41241
CVE-2018-14854,0.01036,0.41241
CVE-2018-14855,0.01036,0.41241
CVE-2018-14856,0.01036,0.41241
CVE-2018-14857,0.04571,0.88388
CVE-2018-14858,0.00885,0.26162
CVE-2018-14859,0.00885,0.26162
CVE-2018-14860,0.01086,0.51674
CVE-2018-14861,0.00885,0.26162
CVE-2018-14862,0.00885,0.26162
CVE-2018-14863,0.00885,0.26162
CVE-2018-14864,0.01055,0.50287
CVE-2018-14865,0.01055,0.50287
CVE-2018-14866,0.00885,0.26162
CVE-2018-14867,0.01055,0.50287
CVE-2018-14868,0.00885,0.26162
CVE-2018-14869,0.02192,0.80195
CVE-2018-1487,0.0089,0.2856
CVE-2018-14872,0.00885,0.26162
CVE-2018-14873,0.00885,0.26162
CVE-2018-14874,0.00885,0.26162
CVE-2018-14875,0.00885,0.26162
CVE-2018-14876,0.00885,0.26162
CVE-2018-14877,0.00885,0.26162
CVE-2018-14878,0.01005,0.36332
CVE-2018-14879,0.02293,0.8062
CVE-2018-1488,0.01365,0.70715
CVE-2018-14880,0.02293,0.8062
CVE-2018-14881,0.02686,0.82061
CVE-2018-14882,0.02293,0.8062
CVE-2018-14883,0.01537,0.73595
CVE-2018-14884,0.01018,0.38792
CVE-2018-14885,0.01055,0.50287
CVE-2018-14886,0.00885,0.26162
CVE-2018-14887,0.01055,0.50287
CVE-2018-14888,0.02173,0.80027
CVE-2018-14889,0.01036,0.41241
CVE-2018-14890,0.00885,0.26162
CVE-2018-14891,0.00885,0.26162
CVE-2018-14892,0.00885,0.26162
CVE-2018-14893,0.02055,0.7893
CVE-2018-14894,0.02042,0.78565
CVE-2018-14899,0.00885,0.26162
CVE-2018-14900,0.01055,0.50287
CVE-2018-14901,0.00885,0.26162
CVE-2018-14902,0.00885,0.26162
CVE-2018-14903,0.01055,0.50287
CVE-2018-14904,0.00885,0.26162
CVE-2018-14905,0.00885,0.26162
CVE-2018-14906,0.00885,0.26162
CVE-2018-14907,0.00885,0.26162
CVE-2018-14908,0.00885,0.26162
CVE-2018-14910,0.01156,0.60033
CVE-2018-14911,0.00885,0.26162
CVE-2018-14912,0.84021,0.99596
CVE-2018-14916,0.00954,0.34522
CVE-2018-14918,0.00954,0.34522
CVE-2018-14919,0.01018,0.38792
CVE-2018-1492,0.00885,0.26162
CVE-2018-14922,0.01136,0.57949
CVE-2018-14923,0.01036,0.41241
CVE-2018-14924,0.00885,0.26162
CVE-2018-14925,0.00885,0.26162
CVE-2018-14926,0.00885,0.26162
CVE-2018-14927,0.00885,0.26162
CVE-2018-14928,0.00885,0.26162
CVE-2018-14929,0.00885,0.26162
CVE-2018-14930,0.00885,0.26162
CVE-2018-14931,0.00885,0.26162
CVE-2018-14933,0.66052,0.98994
CVE-2018-14934,0.00885,0.26162
CVE-2018-14935,0.00885,0.26162
CVE-2018-14936,0.00885,0.26162
CVE-2018-14937,0.00885,0.26162
CVE-2018-14938,0.01018,0.38792
CVE-2018-14939,0.00885,0.26162
CVE-2018-1494,0.00885,0.26162
CVE-2018-14940,0.01055,0.50287
CVE-2018-14941,0.01055,0.50287
CVE-2018-14942,0.01055,0.50287
CVE-2018-14943,0.00885,0.26162
CVE-2018-14944,0.00885,0.26162
CVE-2018-14945,0.00885,0.26162
CVE-2018-14946,0.00885,0.26162
CVE-2018-14947,0.00885,0.26162
CVE-2018-14948,0.00885,0.26162
CVE-2018-1495,0.0089,0.2856
CVE-2018-14950,0.01018,0.38792
CVE-2018-14951,0.01018,0.38792
CVE-2018-14952,0.01018,0.38792
CVE-2018-14953,0.01018,0.38792
CVE-2018-14954,0.01018,0.38792
CVE-2018-14955,0.01018,0.38792
CVE-2018-14956,0.00954,0.34522
CVE-2018-14957,0.00885,0.26162
CVE-2018-14958,0.00885,0.26162
CVE-2018-14959,0.00885,0.26162
CVE-2018-1496,0.0089,0.2856
CVE-2018-14960,0.00885,0.26162
CVE-2018-14961,0.00885,0.26162
CVE-2018-14962,0.00885,0.26162
CVE-2018-14963,0.00885,0.26162
CVE-2018-14964,0.00885,0.26162
CVE-2018-14965,0.00885,0.26162
CVE-2018-14966,0.00885,0.26162
CVE-2018-14967,0.00885,0.26162
CVE-2018-14968,0.00885,0.26162
CVE-2018-14969,0.00885,0.26162
CVE-2018-14970,0.00885,0.26162
CVE-2018-14971,0.00885,0.26162
CVE-2018-14972,0.00885,0.26162
CVE-2018-14973,0.00885,0.26162
CVE-2018-14974,0.00885,0.26162
CVE-2018-14975,0.00885,0.26162
CVE-2018-14976,0.00885,0.26162
CVE-2018-14977,0.00885,0.26162
CVE-2018-14978,0.00885,0.26162
CVE-2018-14979,0.00885,0.26162
CVE-2018-1498,0.0089,0.2856
CVE-2018-14980,0.00885,0.26162
CVE-2018-14981,0.00885,0.26162
CVE-2018-14982,0.00885,0.26162
CVE-2018-14983,0.00885,0.26162
CVE-2018-14984,0.00885,0.26162
CVE-2018-14985,0.00885,0.26162
CVE-2018-14986,0.00885,0.26162
CVE-2018-14987,0.00885,0.26162
CVE-2018-14988,0.00885,0.26162
CVE-2018-14989,0.00954,0.34522
CVE-2018-14990,0.00954,0.34522
CVE-2018-14991,0.00954,0.34522
CVE-2018-14992,0.00885,0.26162
CVE-2018-14993,0.0089,0.2856
CVE-2018-14994,0.00954,0.34522
CVE-2018-14995,0.00885,0.26162
CVE-2018-14996,0.01365,0.70715
CVE-2018-14997,0.0089,0.2856
CVE-2018-14998,0.01005,0.36332
CVE-2018-14999,0.00954,0.34522
CVE-2018-15000,0.0089,0.2856
CVE-2018-15001,0.00885,0.26162
CVE-2018-15002,0.00885,0.26162
CVE-2018-15003,0.00954,0.34522
CVE-2018-15004,0.00885,0.26162
CVE-2018-15005,0.0089,0.2856
CVE-2018-15006,0.0089,0.2856
CVE-2018-15007,0.00885,0.26162
CVE-2018-1501,0.00885,0.26162
CVE-2018-1502,0.0089,0.2856
CVE-2018-1503,0.0095,0.30554
CVE-2018-1504,0.01055,0.50287
CVE-2018-1505,0.00885,0.26162
CVE-2018-1507,0.0089,0.2856
CVE-2018-1509,0.00954,0.34522
CVE-2018-15120,0.18327,0.96125
CVE-2018-15121,0.00885,0.26162
CVE-2018-15122,0.01005,0.36332
CVE-2018-15123,0.01055,0.50287
CVE-2018-15124,0.00885,0.26162
CVE-2018-15125,0.01055,0.50287
CVE-2018-15126,0.05634,0.89764
CVE-2018-15127,0.07154,0.91917
CVE-2018-15128,0.01156,0.60033
CVE-2018-15129,0.00885,0.26162
CVE-2018-1513,0.0095,0.30554
CVE-2018-15130,0.00885,0.26162
CVE-2018-15132,0.01108,0.53389
CVE-2018-15136,0.00885,0.26162
CVE-2018-15137,0.05365,0.89438
CVE-2018-15138,0.08382,0.93597
CVE-2018-1514,0.00885,0.26162
CVE-2018-15140,0.01061,0.51015
CVE-2018-15141,0.01061,0.51015
CVE-2018-15142,0.01061,0.51015
CVE-2018-15143,0.01055,0.50287
CVE-2018-15144,0.01055,0.50287
CVE-2018-15145,0.01055,0.50287
CVE-2018-15146,0.01132,0.54372
CVE-2018-15147,0.01132,0.54372
CVE-2018-15148,0.01132,0.54372
CVE-2018-15149,0.01132,0.54372
CVE-2018-1515,0.0089,0.2856
CVE-2018-15150,0.01132,0.54372
CVE-2018-15151,0.01132,0.54372
CVE-2018-15152,0.01319,0.70416
CVE-2018-15153,0.08621,0.9364
CVE-2018-15154,0.01132,0.54372
CVE-2018-15155,0.01132,0.54372
CVE-2018-15156,0.01132,0.54372
CVE-2018-15157,0.01055,0.50287
CVE-2018-15158,0.01055,0.50287
CVE-2018-15159,0.01055,0.50287
CVE-2018-15160,0.01055,0.50287
CVE-2018-15161,0.01055,0.50287
CVE-2018-15168,0.0176,0.7531
CVE-2018-15169,0.02094,0.79055
CVE-2018-1517,0.01537,0.73595
CVE-2018-15172,0.08382,0.93597
CVE-2018-15173,0.01319,0.70416
CVE-2018-15174,0.01055,0.50287
CVE-2018-15175,0.01055,0.50287
CVE-2018-15176,0.01055,0.50287
CVE-2018-15177,0.00885,0.26162
CVE-2018-15178,0.01055,0.50287
CVE-2018-1518,0.00885,0.26162
CVE-2018-15180,0.00885,0.26162
CVE-2018-15181,0.02192,0.80195
CVE-2018-15182,0.00885,0.26162
CVE-2018-15183,0.00885,0.26162
CVE-2018-15184,0.00885,0.26162
CVE-2018-15185,0.01055,0.50287
CVE-2018-15186,0.00885,0.26162
CVE-2018-15187,0.00885,0.26162
CVE-2018-15188,0.01055,0.50287
CVE-2018-15189,0.00885,0.26162
CVE-2018-15190,0.00885,0.26162
CVE-2018-15191,0.01055,0.50287
CVE-2018-15192,0.01055,0.50287
CVE-2018-15193,0.01055,0.50287
CVE-2018-15197,0.00885,0.26162
CVE-2018-15198,0.00885,0.26162
CVE-2018-15199,0.00885,0.26162
CVE-2018-15202,0.00885,0.26162
CVE-2018-15203,0.00885,0.26162
CVE-2018-15206,0.00885,0.26162
CVE-2018-15207,0.00885,0.26162
CVE-2018-15208,0.00885,0.26162
CVE-2018-15209,0.01136,0.57949
CVE-2018-1521,0.00885,0.26162
CVE-2018-1522,0.00885,0.26162
CVE-2018-1523,0.00885,0.26162
CVE-2018-1524,0.00885,0.26162
CVE-2018-1525,0.01055,0.50287
CVE-2018-1528,0.0089,0.2856
CVE-2018-1529,0.0089,0.2856
CVE-2018-15310,0.00885,0.26162
CVE-2018-15311,0.00885,0.26162
CVE-2018-15312,0.00885,0.26162
CVE-2018-15313,0.00954,0.34522
CVE-2018-15314,0.00954,0.34522
CVE-2018-15315,0.00885,0.26162
CVE-2018-15316,0.0089,0.2856
CVE-2018-15317,0.00885,0.26162
CVE-2018-15318,0.00885,0.26162
CVE-2018-15319,0.00885,0.26162
CVE-2018-1532,0.00885,0.26162
CVE-2018-15320,0.00885,0.26162
CVE-2018-15321,0.00885,0.26162
CVE-2018-15322,0.00885,0.26162
CVE-2018-15323,0.00885,0.26162
CVE-2018-15324,0.00885,0.26162
CVE-2018-15325,0.00885,0.26162
CVE-2018-15326,0.00885,0.26162
CVE-2018-15327,0.00885,0.26162
CVE-2018-15328,0.00885,0.26162
CVE-2018-15329,0.00885,0.26162
CVE-2018-1533,0.00885,0.26162
CVE-2018-15330,0.00885,0.26162
CVE-2018-15331,0.00885,0.26162
CVE-2018-15332,0.00885,0.26162
CVE-2018-15333,0.0089,0.2856
CVE-2018-15334,0.00885,0.26162
CVE-2018-15335,0.00885,0.26162
CVE-2018-1534,0.00885,0.26162
CVE-2018-1535,0.00885,0.26162
CVE-2018-15350,0.01055,0.50287
CVE-2018-15351,0.00885,0.26162
CVE-2018-15352,0.00885,0.26162
CVE-2018-15353,0.01156,0.60033
CVE-2018-15354,0.01055,0.50287
CVE-2018-15355,0.00885,0.26162
CVE-2018-15356,0.01086,0.51674
CVE-2018-15357,0.00885,0.26162
CVE-2018-15358,0.00885,0.26162
CVE-2018-15359,0.00885,0.26162
CVE-2018-1536,0.00885,0.26162
CVE-2018-15360,0.00885,0.26162
CVE-2018-15361,0.02509,0.81058
CVE-2018-15362,0.00954,0.34522
CVE-2018-15363,0.00885,0.26162
CVE-2018-15364,0.00885,0.26162
CVE-2018-15366,0.0095,0.30554
CVE-2018-15367,0.0095,0.30554
CVE-2018-15368,0.00885,0.26162
CVE-2018-15369,0.01055,0.50287
CVE-2018-15370,0.00885,0.26162
CVE-2018-15371,0.00885,0.26162
CVE-2018-15372,0.00885,0.26162
CVE-2018-15373,0.00954,0.34522
CVE-2018-15374,0.00885,0.26162
CVE-2018-15375,0.00885,0.26162
CVE-2018-15376,0.00885,0.26162
CVE-2018-15377,0.01055,0.50287
CVE-2018-15378,0.01108,0.53389
CVE-2018-15379,0.7962,0.99468
CVE-2018-15380,0.00885,0.26162
CVE-2018-15381,0.01136,0.57949
CVE-2018-15382,0.01055,0.50287
CVE-2018-15383,0.01055,0.50287
CVE-2018-15386,0.01055,0.50287
CVE-2018-15387,0.01055,0.50287
CVE-2018-15388,0.01055,0.50287
CVE-2018-15389,0.01055,0.50287
CVE-2018-1539,0.01055,0.50287
CVE-2018-15390,0.01055,0.50287
CVE-2018-15391,0.01055,0.50287
CVE-2018-15392,0.00885,0.26162
CVE-2018-15393,0.01055,0.50287
CVE-2018-15394,0.01055,0.50287
CVE-2018-15395,0.0089,0.2856
CVE-2018-15396,0.01055,0.50287
CVE-2018-15397,0.01055,0.50287
CVE-2018-15398,0.01136,0.57949
CVE-2018-15399,0.01055,0.50287
CVE-2018-15400,0.01055,0.50287
CVE-2018-15401,0.01055,0.50287
CVE-2018-15402,0.01055,0.50287
CVE-2018-15403,0.01061,0.51015
CVE-2018-15404,0.01055,0.50287
CVE-2018-15405,0.01055,0.50287
CVE-2018-15406,0.01055,0.50287
CVE-2018-15407,0.00885,0.26162
CVE-2018-15408,0.01559,0.742
CVE-2018-15409,0.01559,0.742
CVE-2018-1541,0.0089,0.2856
CVE-2018-15410,0.01559,0.742
CVE-2018-15411,0.01559,0.742
CVE-2018-15412,0.01559,0.742
CVE-2018-15413,0.01559,0.742
CVE-2018-15414,0.01559,0.742
CVE-2018-15415,0.01559,0.742
CVE-2018-15416,0.01559,0.742
CVE-2018-15417,0.01559,0.742
CVE-2018-15418,0.01559,0.742
CVE-2018-15419,0.01559,0.742
CVE-2018-1542,0.01061,0.51015
CVE-2018-15420,0.01559,0.742
CVE-2018-15421,0.01559,0.742
CVE-2018-15422,0.01559,0.742
CVE-2018-15423,0.01055,0.50287
CVE-2018-15424,0.01055,0.50287
CVE-2018-15425,0.01055,0.50287
CVE-2018-15426,0.01055,0.50287
CVE-2018-15427,0.01136,0.57949
CVE-2018-15428,0.01055,0.50287
CVE-2018-15429,0.01055,0.50287
CVE-2018-1543,0.01055,0.50287
CVE-2018-15430,0.01978,0.78447
CVE-2018-15431,0.01365,0.70715
CVE-2018-15432,0.01055,0.50287
CVE-2018-15433,0.01055,0.50287
CVE-2018-15434,0.01055,0.50287
CVE-2018-15435,0.01055,0.50287
CVE-2018-15436,0.01213,0.6557
CVE-2018-15437,0.01832,0.76196
CVE-2018-15438,0.01136,0.57949
CVE-2018-15439,0.01055,0.50287
CVE-2018-1544,0.0089,0.2856
CVE-2018-15440,0.01055,0.50287
CVE-2018-15441,0.01055,0.50287
CVE-2018-15442,0.32246,0.97493
CVE-2018-15443,0.01055,0.50287
CVE-2018-15444,0.01061,0.51015
CVE-2018-15445,0.01061,0.51015
CVE-2018-15446,0.01055,0.50287
CVE-2018-15447,0.01055,0.50287
CVE-2018-15448,0.01055,0.50287
CVE-2018-15449,0.01055,0.50287
CVE-2018-1545,0.00885,0.26162
CVE-2018-15450,0.01055,0.50287
CVE-2018-15451,0.01055,0.50287
CVE-2018-15452,0.00885,0.26162
CVE-2018-15453,0.01055,0.50287
CVE-2018-15454,0.01136,0.57949
CVE-2018-15455,0.01055,0.50287
CVE-2018-15456,0.01055,0.50287
CVE-2018-15457,0.01055,0.50287
CVE-2018-15458,0.01055,0.50287
CVE-2018-15459,0.01055,0.50287
CVE-2018-1546,0.01055,0.50287
CVE-2018-15460,0.01055,0.50287
CVE-2018-15461,0.01055,0.50287
CVE-2018-15462,0.01055,0.50287
CVE-2018-15463,0.01055,0.50287
CVE-2018-15464,0.01055,0.50287
CVE-2018-15465,0.01061,0.51015
CVE-2018-15466,0.01055,0.50287
CVE-2018-15467,0.01055,0.50287
CVE-2018-15468,0.00885,0.26162
CVE-2018-15469,0.0089,0.2856
CVE-2018-1547,0.04836,0.88802
CVE-2018-15470,0.0089,0.2856
CVE-2018-15471,0.01104,0.52279
CVE-2018-15474,0.04836,0.88802
CVE-2018-15476,0.00885,0.26162
CVE-2018-15477,0.00885,0.26162
CVE-2018-15478,0.00885,0.26162
CVE-2018-15479,0.00885,0.26162
CVE-2018-1548,0.0089,0.2856
CVE-2018-15480,0.00885,0.26162
CVE-2018-15481,0.01055,0.50287
CVE-2018-15482,0.00885,0.26162
CVE-2018-15483,0.00885,0.26162
CVE-2018-15484,0.01978,0.78447
CVE-2018-15485,0.00885,0.26162
CVE-2018-15486,0.00885,0.26162
CVE-2018-1549,0.01055,0.50287
CVE-2018-15490,0.00885,0.26162
CVE-2018-15491,0.01086,0.51674
CVE-2018-15492,0.00885,0.26162
CVE-2018-15493,0.00885,0.26162
CVE-2018-15494,0.00954,0.34522
CVE-2018-15495,0.00885,0.26162
CVE-2018-15497,0.01885,0.76424
CVE-2018-15498,0.00885,0.26162
CVE-2018-1550,0.00885,0.26162
CVE-2018-15501,0.01408,0.72072
CVE-2018-15502,0.01055,0.50287
CVE-2018-15503,0.00954,0.34522
CVE-2018-15504,0.00954,0.34522
CVE-2018-15505,0.00954,0.34522
CVE-2018-15506,0.01156,0.60033
CVE-2018-15508,0.01055,0.50287
CVE-2018-15509,0.00885,0.26162
CVE-2018-1551,0.0089,0.2856
CVE-2018-15510,0.01055,0.50287
CVE-2018-15511,0.01055,0.50287
CVE-2018-15512,0.01055,0.50287
CVE-2018-15513,0.00885,0.26162
CVE-2018-15514,0.0095,0.30554
CVE-2018-15515,0.00885,0.26162
CVE-2018-15516,0.01061,0.51015
CVE-2018-15517,0.00885,0.26162
CVE-2018-15518,0.02686,0.82061
CVE-2018-15519,0.00885,0.26162
CVE-2018-1552,0.01689,0.75137
CVE-2018-15520,0.00885,0.26162
CVE-2018-15528,0.01055,0.50287
CVE-2018-15529,0.02204,0.80286
CVE-2018-1553,0.01136,0.57949
CVE-2018-15530,0.00885,0.26162
CVE-2018-15531,0.01018,0.38792
CVE-2018-15532,0.0095,0.30554
CVE-2018-15533,0.08382,0.93597
CVE-2018-15534,0.08382,0.93597
CVE-2018-15535,0.00885,0.26162
CVE-2018-15536,0.00885,0.26162
CVE-2018-15537,0.02432,0.8082
CVE-2018-15538,0.00885,0.26162
CVE-2018-15539,0.00885,0.26162
CVE-2018-1554,0.0089,0.2856
CVE-2018-15540,0.00885,0.26162
CVE-2018-15542,0.00885,0.26162
CVE-2018-15543,0.00885,0.26162
CVE-2018-15546,0.00885,0.26162
CVE-2018-1555,0.0089,0.2856
CVE-2018-15552,0.00885,0.26162
CVE-2018-15553,0.02055,0.7893
CVE-2018-15555,0.00954,0.34522
CVE-2018-15556,0.00954,0.34522
CVE-2018-15557,0.00954,0.34522
CVE-2018-15559,0.00885,0.26162
CVE-2018-1556,0.0089,0.2856
CVE-2018-15560,0.00885,0.26162
CVE-2018-15562,0.00885,0.26162
CVE-2018-15563,0.00885,0.26162
CVE-2018-15564,0.00885,0.26162
CVE-2018-15565,0.00885,0.26162
CVE-2018-15566,0.00885,0.26162
CVE-2018-15567,0.00885,0.26162
CVE-2018-15568,0.00885,0.26162
CVE-2018-15569,0.00885,0.26162
CVE-2018-1557,0.00885,0.26162
CVE-2018-15570,0.00885,0.26162
CVE-2018-15571,0.02362,0.80685
CVE-2018-15572,0.01282,0.67298
CVE-2018-15573,0.00885,0.26162
CVE-2018-15574,0.00885,0.26162
CVE-2018-15576,0.05365,0.89438
CVE-2018-1558,0.00885,0.26162
CVE-2018-15580,0.01055,0.50287
CVE-2018-15581,0.01055,0.50287
CVE-2018-15582,0.01055,0.50287
CVE-2018-15583,0.01055,0.50287
CVE-2018-15584,0.01055,0.50287
CVE-2018-15585,0.01136,0.57949
CVE-2018-15586,0.01108,0.53389
CVE-2018-15587,0.02686,0.82061
CVE-2018-15588,0.01108,0.53389
CVE-2018-15590,0.0095,0.30554
CVE-2018-15591,0.01365,0.70715
CVE-2018-15592,0.0095,0.30554
CVE-2018-15593,0.0095,0.30554
CVE-2018-15594,0.01547,0.74085
CVE-2018-15596,0.02173,0.80027
CVE-2018-15598,0.01018,0.38792
CVE-2018-15599,0.01018,0.38792
CVE-2018-1560,0.00885,0.26162
CVE-2018-15601,0.00885,0.26162
CVE-2018-15602,0.00885,0.26162
CVE-2018-15603,0.00885,0.26162
CVE-2018-15605,0.01018,0.38792
CVE-2018-15606,0.00885,0.26162
CVE-2018-15607,0.01136,0.57949
CVE-2018-15608,0.08382,0.93597
CVE-2018-15610,0.00885,0.26162
CVE-2018-15611,0.00885,0.26162
CVE-2018-15612,0.00885,0.26162
CVE-2018-15613,0.00885,0.26162
CVE-2018-15614,0.00885,0.26162
CVE-2018-15615,0.00885,0.26162
CVE-2018-15616,0.01156,0.60033
CVE-2018-15617,0.01055,0.50287
CVE-2018-1563,0.0095,0.30554
CVE-2018-15631,0.01055,0.50287
CVE-2018-15632,0.01055,0.50287
CVE-2018-15633,0.01055,0.50287
CVE-2018-15634,0.01055,0.50287
CVE-2018-15635,0.01055,0.50287
CVE-2018-15638,0.01055,0.50287
CVE-2018-1564,0.0089,0.2856
CVE-2018-15641,0.01055,0.50287
CVE-2018-15645,0.01055,0.50287
CVE-2018-1565,0.0089,0.2856
CVE-2018-15655,0.00885,0.26162
CVE-2018-15656,0.00885,0.26162
CVE-2018-15657,0.02042,0.78565
CVE-2018-15658,0.00885,0.26162
CVE-2018-15659,0.00885,0.26162
CVE-2018-1566,0.01365,0.70715
CVE-2018-15660,0.00885,0.26162
CVE-2018-15661,0.00885,0.26162
CVE-2018-15664,0.01282,0.67298
CVE-2018-15665,0.00885,0.26162
CVE-2018-15667,0.00885,0.26162
CVE-2018-15668,0.00885,0.26162
CVE-2018-15669,0.00885,0.26162
CVE-2018-1567,0.01136,0.57949
CVE-2018-15670,0.00885,0.26162
CVE-2018-15671,0.00885,0.26162
CVE-2018-15676,0.00885,0.26162
CVE-2018-15677,0.00885,0.26162
CVE-2018-15678,0.00885,0.26162
CVE-2018-15679,0.00885,0.26162
CVE-2018-1568,0.00885,0.26162
CVE-2018-15680,0.00885,0.26162
CVE-2018-15681,0.00885,0.26162
CVE-2018-15682,0.00885,0.26162
CVE-2018-15683,0.00885,0.26162
CVE-2018-15684,0.00885,0.26162
CVE-2018-15685,0.05365,0.89438
CVE-2018-15687,0.02189,0.80123
CVE-2018-15688,0.01537,0.73595
CVE-2018-15691,0.10986,0.9449
CVE-2018-15692,0.00885,0.26162
CVE-2018-15693,0.00885,0.26162
CVE-2018-15694,0.01086,0.51674
CVE-2018-15695,0.00885,0.26162
CVE-2018-15696,0.00885,0.26162
CVE-2018-15697,0.00885,0.26162
CVE-2018-15698,0.00885,0.26162
CVE-2018-15699,0.00885,0.26162
CVE-2018-15700,0.00885,0.26162
CVE-2018-15701,0.00885,0.26162
CVE-2018-15702,0.00885,0.26162
CVE-2018-15703,0.01055,0.50287
CVE-2018-15704,0.01055,0.50287
CVE-2018-15705,0.01978,0.78447
CVE-2018-15706,0.01055,0.50287
CVE-2018-15707,0.00885,0.26162
CVE-2018-15708,0.01136,0.57949
CVE-2018-15709,0.01055,0.50287
CVE-2018-1571,0.01061,0.51015
CVE-2018-15710,0.0089,0.2856
CVE-2018-15711,0.01055,0.50287
CVE-2018-15712,0.01055,0.50287
CVE-2018-15713,0.01055,0.50287
CVE-2018-15714,0.01055,0.50287
CVE-2018-15715,0.01055,0.50287
CVE-2018-15716,0.08078,0.93055
CVE-2018-15717,0.00885,0.26162
CVE-2018-15718,0.01055,0.50287
CVE-2018-15719,0.00885,0.26162
CVE-2018-15720,0.01055,0.50287
CVE-2018-15721,0.01055,0.50287
CVE-2018-15722,0.02055,0.7893
CVE-2018-15723,0.01055,0.50287
CVE-2018-15726,0.00885,0.26162
CVE-2018-15728,0.0089,0.2856
CVE-2018-15729,0.00885,0.26162
CVE-2018-15730,0.00885,0.26162
CVE-2018-15731,0.00885,0.26162
CVE-2018-15732,0.00885,0.26162
CVE-2018-15733,0.00885,0.26162
CVE-2018-15734,0.00885,0.26162
CVE-2018-15735,0.00885,0.26162
CVE-2018-15736,0.00885,0.26162
CVE-2018-15737,0.00885,0.26162
CVE-2018-15738,0.00885,0.26162
CVE-2018-15740,0.02173,0.80027
CVE-2018-15745,0.08382,0.93597
CVE-2018-15746,0.0089,0.2856
CVE-2018-15747,0.01156,0.60033
CVE-2018-15748,0.00885,0.26162
CVE-2018-15749,0.00885,0.26162
CVE-2018-15750,0.01319,0.70416
CVE-2018-15751,0.01319,0.70416
CVE-2018-15752,0.00885,0.26162
CVE-2018-15753,0.00885,0.26162
CVE-2018-15754,0.01061,0.51015
CVE-2018-15755,0.01055,0.50287
CVE-2018-15756,0.02686,0.82061
CVE-2018-15758,0.00954,0.34522
CVE-2018-15759,0.00885,0.26162
CVE-2018-15761,0.01055,0.50287
CVE-2018-15762,0.00885,0.26162
CVE-2018-15763,0.00885,0.26162
CVE-2018-15764,0.05634,0.89764
CVE-2018-15765,0.0089,0.2856
CVE-2018-15766,0.00885,0.26162
CVE-2018-15767,0.0089,0.2856
CVE-2018-15768,0.0089,0.2856
CVE-2018-15769,0.01183,0.60428
CVE-2018-15771,0.0089,0.2856
CVE-2018-15772,0.0089,0.2856
CVE-2018-15773,0.00885,0.26162
CVE-2018-15774,0.00885,0.26162
CVE-2018-15776,0.00885,0.26162
CVE-2018-15778,0.00885,0.26162
CVE-2018-15780,0.00885,0.26162
CVE-2018-15781,0.01055,0.50287
CVE-2018-15782,0.00885,0.26162
CVE-2018-15784,0.00885,0.26162
CVE-2018-15795,0.00885,0.26162
CVE-2018-15796,0.00885,0.26162
CVE-2018-15797,0.01055,0.50287
CVE-2018-15798,0.01055,0.50287
CVE-2018-15800,0.00885,0.26162
CVE-2018-15801,0.00885,0.26162
CVE-2018-15804,0.00885,0.26162
CVE-2018-15805,0.00885,0.26162
CVE-2018-15807,0.00885,0.26162
CVE-2018-15808,0.01086,0.51674
CVE-2018-15809,0.00885,0.26162
CVE-2018-15810,0.00885,0.26162
CVE-2018-15811,0.00954,0.34522
CVE-2018-15812,0.00954,0.34522
CVE-2018-15813,0.00885,0.26162
CVE-2018-15814,0.00885,0.26162
CVE-2018-15815,0.00885,0.26162
CVE-2018-15816,0.00885,0.26162
CVE-2018-15817,0.00885,0.26162
CVE-2018-15818,0.00885,0.26162
CVE-2018-15819,0.00885,0.26162
CVE-2018-15820,0.00885,0.26162
CVE-2018-15822,0.01108,0.53389
CVE-2018-1583,0.00885,0.26162
CVE-2018-15833,0.0095,0.30554
CVE-2018-15834,0.00885,0.26162
CVE-2018-15836,0.01136,0.57949
CVE-2018-15839,0.08382,0.93597
CVE-2018-1584,0.0089,0.2856
CVE-2018-15840,0.01055,0.50287
CVE-2018-15842,0.00885,0.26162
CVE-2018-15843,0.00885,0.26162
CVE-2018-15844,0.08382,0.93597
CVE-2018-15845,0.08382,0.93597
CVE-2018-15846,0.00885,0.26162
CVE-2018-15847,0.00885,0.26162
CVE-2018-15848,0.00885,0.26162
CVE-2018-15849,0.00885,0.26162
CVE-2018-1585,0.00885,0.26162
CVE-2018-15850,0.00885,0.26162
CVE-2018-15851,0.00885,0.26162
CVE-2018-15852,0.01055,0.50287
CVE-2018-15853,0.01034,0.39824
CVE-2018-15854,0.01034,0.39824
CVE-2018-15855,0.01034,0.39824
CVE-2018-15857,0.01034,0.39824
CVE-2018-15858,0.0095,0.30554
CVE-2018-15859,0.01034,0.39824
CVE-2018-15861,0.01034,0.39824
CVE-2018-15862,0.01034,0.39824
CVE-2018-15863,0.01034,0.39824
CVE-2018-15864,0.01034,0.39824
CVE-2018-15865,0.00885,0.26162
CVE-2018-15868,0.00885,0.26162
CVE-2018-15869,0.00885,0.26162
CVE-2018-1587,0.00885,0.26162
CVE-2018-15870,0.00885,0.26162
CVE-2018-15871,0.00885,0.26162
CVE-2018-15873,0.00885,0.26162
CVE-2018-15874,0.00885,0.26162
CVE-2018-15875,0.00885,0.26162
CVE-2018-15876,0.00885,0.26162
CVE-2018-1588,0.01055,0.50287
CVE-2018-15880,0.0089,0.2856
CVE-2018-15881,0.00954,0.34522
CVE-2018-15882,0.00954,0.34522
CVE-2018-15884,0.08382,0.93597
CVE-2018-15885,0.00885,0.26162
CVE-2018-15886,0.00885,0.26162
CVE-2018-15887,0.01156,0.60033
CVE-2018-15888,0.00885,0.26162
CVE-2018-15890,0.00954,0.34522
CVE-2018-15891,0.00885,0.26162
CVE-2018-15892,0.00885,0.26162
CVE-2018-15893,0.00885,0.26162
CVE-2018-15894,0.00885,0.26162
CVE-2018-15895,0.00885,0.26162
CVE-2018-15896,0.00885,0.26162
CVE-2018-15897,0.01055,0.50287
CVE-2018-15898,0.00885,0.26162
CVE-2018-15899,0.00885,0.26162
CVE-2018-15901,0.00885,0.26162
CVE-2018-15903,0.00885,0.26162
CVE-2018-15904,0.00885,0.26162
CVE-2018-15906,0.04571,0.88388
CVE-2018-15907,0.01055,0.50287
CVE-2018-15908,0.01108,0.53389
CVE-2018-15909,0.02378,0.80704
CVE-2018-15910,0.02378,0.80704
CVE-2018-15911,0.02378,0.80704
CVE-2018-15912,0.00885,0.26162
CVE-2018-15913,0.00885,0.26162
CVE-2018-15917,0.02437,0.80834
CVE-2018-15918,0.01564,0.74439
CVE-2018-15920,0.03405,0.8369
CVE-2018-15922,0.01126,0.53553
CVE-2018-15923,0.01126,0.53553
CVE-2018-15924,0.03405,0.8369
CVE-2018-15925,0.01126,0.53553
CVE-2018-15926,0.01126,0.53553
CVE-2018-15927,0.01202,0.60495
CVE-2018-15928,0.0465,0.88536
CVE-2018-15929,0.0465,0.88536
CVE-2018-1593,0.00885,0.26162
CVE-2018-15930,0.0465,0.88536
CVE-2018-15931,0.0465,0.88536
CVE-2018-15932,0.01202,0.60495
CVE-2018-15933,0.0465,0.88536
CVE-2018-15934,0.0465,0.88536
CVE-2018-15935,0.0465,0.88536
CVE-2018-15936,0.0465,0.88536
CVE-2018-15937,0.0465,0.88536
CVE-2018-15938,0.0465,0.88536
CVE-2018-15939,0.03405,0.8369
CVE-2018-15940,0.03405,0.8369
CVE-2018-15941,0.03405,0.8369
CVE-2018-15942,0.01126,0.53553
CVE-2018-15943,0.01126,0.53553
CVE-2018-15944,0.03405,0.8369
CVE-2018-15945,0.03405,0.8369
CVE-2018-15946,0.01126,0.53553
CVE-2018-15947,0.01126,0.53553
CVE-2018-15948,0.01126,0.53553
CVE-2018-15949,0.01126,0.53553
CVE-2018-1595,0.0089,0.2856
CVE-2018-15950,0.01126,0.53553
CVE-2018-15951,0.03405,0.8369
CVE-2018-15952,0.0465,0.88536
CVE-2018-15953,0.01202,0.60495
CVE-2018-15954,0.0465,0.88536
CVE-2018-15955,0.0465,0.88536
CVE-2018-15956,0.01202,0.60495
CVE-2018-15957,0.08276,0.93277
CVE-2018-15958,0.08276,0.93277
CVE-2018-15959,0.08276,0.93277
CVE-2018-15960,0.01126,0.53553
CVE-2018-15962,0.01126,0.53553
CVE-2018-15963,0.01126,0.53553
CVE-2018-15964,0.01126,0.53553
CVE-2018-15965,0.08276,0.93277
CVE-2018-15966,0.01126,0.53553
CVE-2018-15967,0.01202,0.60495
CVE-2018-15968,0.01126,0.53553
CVE-2018-15969,0.01046,0.41635
CVE-2018-15970,0.01046,0.41635
CVE-2018-15971,0.01046,0.41635
CVE-2018-15972,0.01046,0.41635
CVE-2018-15973,0.01046,0.41635
CVE-2018-15974,0.01046,0.41635
CVE-2018-15976,0.01202,0.60495
CVE-2018-15978,0.01202,0.60495
CVE-2018-15979,0.01126,0.53553
CVE-2018-15980,0.01126,0.53553
CVE-2018-15981,0.03097,0.83065
CVE-2018-15983,0.01046,0.41635
CVE-2018-15984,0.01046,0.41635
CVE-2018-15985,0.01046,0.41635
CVE-2018-15986,0.01046,0.41635
CVE-2018-15987,0.01768,0.7561
CVE-2018-15988,0.01768,0.7561
CVE-2018-15989,0.01046,0.41635
CVE-2018-1599,0.01055,0.50287
CVE-2018-15990,0.01768,0.7561
CVE-2018-15991,0.01783,0.75945
CVE-2018-15992,0.01783,0.75945
CVE-2018-15993,0.01783,0.75945
CVE-2018-15994,0.01783,0.75945
CVE-2018-15995,0.01046,0.41635
CVE-2018-15996,0.01046,0.41635
CVE-2018-15997,0.01046,0.41635
CVE-2018-15998,0.01768,0.7561
CVE-2018-15999,0.01768,0.7561
CVE-2018-1600,0.00885,0.26162
CVE-2018-16000,0.01768,0.7561
CVE-2018-16001,0.01046,0.41635
CVE-2018-16002,0.01046,0.41635
CVE-2018-16003,0.01768,0.7561
CVE-2018-16004,0.01768,0.7561
CVE-2018-16005,0.01046,0.41635
CVE-2018-16006,0.01046,0.41635
CVE-2018-16007,0.01046,0.41635
CVE-2018-16008,0.01783,0.75945
CVE-2018-16009,0.01046,0.41635
CVE-2018-1601,0.00885,0.26162
CVE-2018-16010,0.01046,0.41635
CVE-2018-16011,0.03097,0.83065
CVE-2018-16012,0.01046,0.41635
CVE-2018-16013,0.01046,0.41635
CVE-2018-16014,0.01783,0.75945
CVE-2018-16015,0.01046,0.41635
CVE-2018-16016,0.01783,0.75945
CVE-2018-16017,0.01046,0.41635
CVE-2018-16018,0.01046,0.41635
CVE-2018-16019,0.01046,0.41635
CVE-2018-1602,0.00885,0.26162
CVE-2018-16020,0.01046,0.41635
CVE-2018-16021,0.01783,0.75945
CVE-2018-16022,0.01046,0.41635
CVE-2018-16023,0.01046,0.41635
CVE-2018-16024,0.01046,0.41635
CVE-2018-16025,0.01783,0.75945
CVE-2018-16026,0.01783,0.75945
CVE-2018-16027,0.01783,0.75945
CVE-2018-16028,0.01046,0.41635
CVE-2018-16029,0.01783,0.75945
CVE-2018-1603,0.00885,0.26162
CVE-2018-16030,0.01046,0.41635
CVE-2018-16031,0.01046,0.41635
CVE-2018-16032,0.01046,0.41635
CVE-2018-16033,0.01046,0.41635
CVE-2018-16034,0.01046,0.41635
CVE-2018-16035,0.01046,0.41635
CVE-2018-16036,0.01783,0.75945
CVE-2018-16037,0.01783,0.75945
CVE-2018-16038,0.01046,0.41635
CVE-2018-16039,0.01783,0.75945
CVE-2018-1604,0.00885,0.26162
CVE-2018-16040,0.01783,0.75945
CVE-2018-16041,0.01046,0.41635
CVE-2018-16042,0.01202,0.60495
CVE-2018-16043,0.01046,0.41635
CVE-2018-16044,0.01046,0.41635
CVE-2018-16045,0.01046,0.41635
CVE-2018-16046,0.01783,0.75945
CVE-2018-16047,0.01046,0.41635
CVE-2018-16048,0.00885,0.26162
CVE-2018-16049,0.00954,0.34522
CVE-2018-1605,0.00885,0.26162
CVE-2018-16050,0.00885,0.26162
CVE-2018-16051,0.00885,0.26162
CVE-2018-16055,0.02055,0.7893
CVE-2018-16056,0.01108,0.53389
CVE-2018-16057,0.01183,0.60428
CVE-2018-16058,0.01183,0.60428
CVE-2018-16059,0.08382,0.93597
CVE-2018-1606,0.00885,0.26162
CVE-2018-16060,0.01055,0.50287
CVE-2018-16061,0.00885,0.26162
CVE-2018-16062,0.01319,0.70416
CVE-2018-16064,0.00885,0.26162
CVE-2018-16065,0.05786,0.8994
CVE-2018-16066,0.01319,0.70416
CVE-2018-16067,0.01319,0.70416
CVE-2018-16068,0.01319,0.70416
CVE-2018-16069,0.01055,0.50287
CVE-2018-1607,0.01055,0.50287
CVE-2018-16070,0.01055,0.50287
CVE-2018-16071,0.10212,0.94357
CVE-2018-16072,0.01213,0.6557
CVE-2018-16073,0.01055,0.50287
CVE-2018-16074,0.01055,0.50287
CVE-2018-16075,0.01055,0.50287
CVE-2018-16076,0.01213,0.6557
CVE-2018-16077,0.01055,0.50287
CVE-2018-16078,0.01213,0.6557
CVE-2018-16079,0.01213,0.6557
CVE-2018-1608,0.00954,0.34522
CVE-2018-16080,0.01213,0.6557
CVE-2018-16081,0.01018,0.38792
CVE-2018-16082,0.01213,0.6557
CVE-2018-16083,0.10212,0.94357
CVE-2018-16084,0.01213,0.6557
CVE-2018-16085,0.01213,0.6557
CVE-2018-16086,0.00885,0.26162
CVE-2018-16087,0.01213,0.6557
CVE-2018-16088,0.01213,0.6557
CVE-2018-16089,0.02055,0.7893
CVE-2018-16090,0.02055,0.7893
CVE-2018-16091,0.00885,0.26162
CVE-2018-16092,0.00885,0.26162
CVE-2018-16093,0.00885,0.26162
CVE-2018-16094,0.00885,0.26162
CVE-2018-16095,0.00885,0.26162
CVE-2018-16096,0.00885,0.26162
CVE-2018-16097,0.00885,0.26162
CVE-2018-16098,0.01036,0.41241
CVE-2018-1610,0.00885,0.26162
CVE-2018-16115,0.00885,0.26162
CVE-2018-16116,0.01061,0.51015
CVE-2018-16117,0.01061,0.51015
CVE-2018-16118,0.01136,0.57949
CVE-2018-1612,0.01136,0.57949
CVE-2018-16130,0.02055,0.7893
CVE-2018-16131,0.01213,0.6557
CVE-2018-16132,0.00885,0.26162
CVE-2018-16133,0.08382,0.93597
CVE-2018-16134,0.02173,0.80027
CVE-2018-16136,0.00885,0.26162
CVE-2018-16137,0.00885,0.26162
CVE-2018-16138,0.00885,0.26162
CVE-2018-16139,0.01055,0.50287
CVE-2018-1614,0.01136,0.57949
CVE-2018-16140,0.00954,0.34522
CVE-2018-16141,0.00885,0.26162
CVE-2018-16142,0.00885,0.26162
CVE-2018-16144,0.02359,0.80663
CVE-2018-16145,0.01018,0.38792
CVE-2018-16146,0.02066,0.78986
CVE-2018-16147,0.01018,0.38792
CVE-2018-16148,0.01018,0.38792
CVE-2018-16149,0.01055,0.50287
CVE-2018-16150,0.01055,0.50287
CVE-2018-16151,0.01408,0.72072
CVE-2018-16152,0.01408,0.72072
CVE-2018-16157,0.00885,0.26162
CVE-2018-16158,0.35503,0.97736
CVE-2018-16159,0.01564,0.74439
CVE-2018-16160,0.00885,0.26162
CVE-2018-16161,0.00885,0.26162
CVE-2018-16162,0.00885,0.26162
CVE-2018-16163,0.00885,0.26162
CVE-2018-16164,0.01132,0.54372
CVE-2018-16165,0.01055,0.50287
CVE-2018-16166,0.01055,0.50287
CVE-2018-16168,0.01055,0.50287
CVE-2018-16169,0.01055,0.50287
CVE-2018-16170,0.01055,0.50287
CVE-2018-16171,0.01055,0.50287
CVE-2018-16172,0.01055,0.50287
CVE-2018-16173,0.01055,0.50287
CVE-2018-16174,0.01055,0.50287
CVE-2018-16175,0.00885,0.26162
CVE-2018-16176,0.01055,0.50287
CVE-2018-16177,0.00885,0.26162
CVE-2018-16178,0.01055,0.50287
CVE-2018-16179,0.00885,0.26162
CVE-2018-1618,0.01055,0.50287
CVE-2018-16180,0.01055,0.50287
CVE-2018-16181,0.01055,0.50287
CVE-2018-16182,0.00885,0.26162
CVE-2018-16183,0.01005,0.36332
CVE-2018-16184,0.01055,0.50287
CVE-2018-16185,0.01055,0.50287
CVE-2018-16186,0.00885,0.26162
CVE-2018-16187,0.00885,0.26162
CVE-2018-16188,0.01055,0.50287
CVE-2018-16189,0.00885,0.26162
CVE-2018-16190,0.01018,0.38792
CVE-2018-16191,0.01136,0.57949
CVE-2018-16192,0.00885,0.26162
CVE-2018-16193,0.00885,0.26162
CVE-2018-16194,0.00885,0.26162
CVE-2018-16195,0.00885,0.26162
CVE-2018-16196,0.01136,0.57949
CVE-2018-16197,0.00885,0.26162
CVE-2018-16198,0.00885,0.26162
CVE-2018-16199,0.01055,0.50287
CVE-2018-16200,0.00885,0.26162
CVE-2018-16201,0.00885,0.26162
CVE-2018-16202,0.01213,0.6557
CVE-2018-16203,0.01055,0.50287
CVE-2018-16204,0.01055,0.50287
CVE-2018-16205,0.01055,0.50287
CVE-2018-16206,0.01055,0.50287
CVE-2018-16207,0.0089,0.2856
CVE-2018-1621,0.0089,0.2856
CVE-2018-16210,0.02173,0.80027
CVE-2018-16216,0.01055,0.50287
CVE-2018-16217,0.01055,0.50287
CVE-2018-16218,0.01689,0.75137
CVE-2018-16219,0.01055,0.50287
CVE-2018-1622,0.00885,0.26162
CVE-2018-16220,0.00885,0.26162
CVE-2018-16221,0.01055,0.50287
CVE-2018-16222,0.00885,0.26162
CVE-2018-16223,0.00885,0.26162
CVE-2018-16224,0.00885,0.26162
CVE-2018-16225,0.00885,0.26162
CVE-2018-16226,0.01086,0.51674
CVE-2018-16227,0.02686,0.82061
CVE-2018-16228,0.02686,0.82061
CVE-2018-16229,0.02293,0.8062
CVE-2018-1623,0.00885,0.26162
CVE-2018-16230,0.02686,0.82061
CVE-2018-16231,0.01055,0.50287
CVE-2018-16232,0.02055,0.7893
CVE-2018-16233,0.00885,0.26162
CVE-2018-16234,0.00885,0.26162
CVE-2018-16235,0.00954,0.34522
CVE-2018-16236,0.00885,0.26162
CVE-2018-16237,0.00885,0.26162
CVE-2018-16238,0.01156,0.60033
CVE-2018-16239,0.00885,0.26162
CVE-2018-16242,0.00885,0.26162
CVE-2018-16243,0.00885,0.26162
CVE-2018-16247,0.00885,0.26162
CVE-2018-16248,0.01055,0.50287
CVE-2018-16249,0.00885,0.26162
CVE-2018-1625,0.00885,0.26162
CVE-2018-16250,0.00885,0.26162
CVE-2018-16251,0.00885,0.26162
CVE-2018-16252,0.02042,0.78565
CVE-2018-16253,0.01055,0.50287
CVE-2018-16254,0.00885,0.26162
CVE-2018-16255,0.00885,0.26162
CVE-2018-16256,0.00885,0.26162
CVE-2018-16257,0.00885,0.26162
CVE-2018-16258,0.00885,0.26162
CVE-2018-16259,0.00885,0.26162
CVE-2018-1626,0.00885,0.26162
CVE-2018-16261,0.00885,0.26162
CVE-2018-16262,0.00954,0.34522
CVE-2018-16263,0.00954,0.34522
CVE-2018-16264,0.00954,0.34522
CVE-2018-16265,0.01018,0.38792
CVE-2018-16266,0.00954,0.34522
CVE-2018-16267,0.00954,0.34522
CVE-2018-16268,0.00954,0.34522
CVE-2018-16269,0.00885,0.26162
CVE-2018-16270,0.00885,0.26162
CVE-2018-16271,0.00885,0.26162
CVE-2018-16272,0.00885,0.26162
CVE-2018-16275,0.00885,0.26162
CVE-2018-16276,0.01547,0.74085
CVE-2018-16277,0.00885,0.26162
CVE-2018-16278,0.00885,0.26162
CVE-2018-16281,0.00885,0.26162
CVE-2018-16282,0.01055,0.50287
CVE-2018-16283,0.08382,0.93597
CVE-2018-16285,0.00885,0.26162
CVE-2018-16286,0.00885,0.26162
CVE-2018-16287,0.00885,0.26162
CVE-2018-16288,0.12802,0.95381
CVE-2018-16291,0.01005,0.36332
CVE-2018-16292,0.01005,0.36332
CVE-2018-16293,0.01005,0.36332
CVE-2018-16294,0.01005,0.36332
CVE-2018-16295,0.01005,0.36332
CVE-2018-16296,0.01005,0.36332
CVE-2018-16297,0.01005,0.36332
CVE-2018-16298,0.00885,0.26162
CVE-2018-16299,0.08382,0.93597
CVE-2018-1630,0.0089,0.2856
CVE-2018-16300,0.02686,0.82061
CVE-2018-16301,0.00885,0.26162
CVE-2018-16302,0.02362,0.80685
CVE-2018-16303,0.01055,0.50287
CVE-2018-16307,0.00885,0.26162
CVE-2018-16308,0.02362,0.80685
CVE-2018-1631,0.0089,0.2856
CVE-2018-16310,0.01055,0.50287
CVE-2018-16313,0.00885,0.26162
CVE-2018-16314,0.00885,0.26162
CVE-2018-16315,0.00885,0.26162
CVE-2018-16316,0.01055,0.50287
CVE-2018-1632,0.0089,0.2856
CVE-2018-16320,0.01086,0.51674
CVE-2018-16324,0.00885,0.26162
CVE-2018-16325,0.00885,0.26162
CVE-2018-16326,0.00885,0.26162
CVE-2018-16327,0.00885,0.26162
CVE-2018-16328,0.00885,0.26162
CVE-2018-16329,0.00885,0.26162
CVE-2018-1633,0.0089,0.2856
CVE-2018-16330,0.00885,0.26162
CVE-2018-16331,0.00885,0.26162
CVE-2018-16332,0.00885,0.26162
CVE-2018-16333,0.00885,0.26162
CVE-2018-16334,0.02055,0.7893
CVE-2018-16335,0.01055,0.50287
CVE-2018-16336,0.01136,0.57949
CVE-2018-16337,0.00885,0.26162
CVE-2018-16338,0.00885,0.26162
CVE-2018-16339,0.00885,0.26162
CVE-2018-1634,0.0089,0.2856
CVE-2018-16342,0.00885,0.26162
CVE-2018-16343,0.01978,0.78447
CVE-2018-16344,0.01055,0.50287
CVE-2018-16345,0.00885,0.26162
CVE-2018-16346,0.00885,0.26162
CVE-2018-16347,0.00885,0.26162
CVE-2018-16348,0.00885,0.26162
CVE-2018-16349,0.00885,0.26162
CVE-2018-1635,0.0089,0.2856
CVE-2018-16350,0.00885,0.26162
CVE-2018-16352,0.00885,0.26162
CVE-2018-16353,0.00885,0.26162
CVE-2018-16354,0.00885,0.26162
CVE-2018-16356,0.00885,0.26162
CVE-2018-16357,0.00885,0.26162
CVE-2018-16358,0.01055,0.50287
CVE-2018-16359,0.00885,0.26162
CVE-2018-1636,0.0089,0.2856
CVE-2018-16361,0.00885,0.26162
CVE-2018-16362,0.02509,0.81058
CVE-2018-16363,0.0095,0.30554
CVE-2018-16364,0.01156,0.60033
CVE-2018-16365,0.00885,0.26162
CVE-2018-16366,0.00885,0.26162
CVE-2018-16367,0.00885,0.26162
CVE-2018-16368,0.01055,0.50287
CVE-2018-16369,0.01055,0.50287
CVE-2018-16370,0.00885,0.26162
CVE-2018-16371,0.00885,0.26162
CVE-2018-16372,0.00885,0.26162
CVE-2018-16373,0.00885,0.26162
CVE-2018-16374,0.00885,0.26162
CVE-2018-16375,0.00885,0.26162
CVE-2018-16376,0.01055,0.50287
CVE-2018-16379,0.00885,0.26162
CVE-2018-1638,0.00885,0.26162
CVE-2018-16380,0.00885,0.26162
CVE-2018-16381,0.00885,0.26162
CVE-2018-16382,0.00954,0.34522
CVE-2018-16384,0.00885,0.26162
CVE-2018-16385,0.00885,0.26162
CVE-2018-16386,0.00885,0.26162
CVE-2018-16387,0.00885,0.26162
CVE-2018-16388,0.01055,0.50287
CVE-2018-16389,0.00885,0.26162
CVE-2018-1639,0.00885,0.26162
CVE-2018-16391,0.01018,0.38792
CVE-2018-16392,0.01018,0.38792
CVE-2018-16393,0.01018,0.38792
CVE-2018-16395,0.02686,0.82061
CVE-2018-16396,0.02686,0.82061
CVE-2018-16397,0.00885,0.26162
CVE-2018-16398,0.00885,0.26162
CVE-2018-1640,0.01055,0.50287
CVE-2018-16402,0.01319,0.70416
CVE-2018-16403,0.01018,0.38792
CVE-2018-16405,0.00954,0.34522
CVE-2018-16406,0.00954,0.34522
CVE-2018-16407,0.00954,0.34522
CVE-2018-16408,0.01156,0.60033
CVE-2018-16409,0.00885,0.26162
CVE-2018-16410,0.00885,0.26162
CVE-2018-16412,0.01108,0.53389
CVE-2018-16413,0.01108,0.53389
CVE-2018-16416,0.01055,0.50287
CVE-2018-16417,0.02359,0.80663
CVE-2018-16418,0.0095,0.30554
CVE-2018-16419,0.0095,0.30554
CVE-2018-16420,0.0095,0.30554
CVE-2018-16421,0.0095,0.30554
CVE-2018-16422,0.0095,0.30554
CVE-2018-16423,0.0095,0.30554
CVE-2018-16424,0.0095,0.30554
CVE-2018-16425,0.0095,0.30554
CVE-2018-16426,0.0095,0.30554
CVE-2018-16427,0.0095,0.30554
CVE-2018-16428,0.01108,0.53389
CVE-2018-16429,0.01108,0.53389
CVE-2018-1643,0.01018,0.38792
CVE-2018-16430,0.01018,0.38792
CVE-2018-16431,0.00885,0.26162
CVE-2018-16432,0.00885,0.26162
CVE-2018-16435,0.01183,0.60428
CVE-2018-16436,0.00885,0.26162
CVE-2018-16437,0.00885,0.26162
CVE-2018-16438,0.00885,0.26162
CVE-2018-1644,0.00885,0.26162
CVE-2018-16444,0.00885,0.26162
CVE-2018-16445,0.00885,0.26162
CVE-2018-16446,0.01055,0.50287
CVE-2018-16447,0.00885,0.26162
CVE-2018-16448,0.00885,0.26162
CVE-2018-16449,0.00885,0.26162
CVE-2018-16450,0.00885,0.26162
CVE-2018-16451,0.02686,0.82061
CVE-2018-16452,0.02686,0.82061
CVE-2018-16453,0.00885,0.26162
CVE-2018-16454,0.01055,0.50287
CVE-2018-16455,0.00885,0.26162
CVE-2018-16456,0.00885,0.26162
CVE-2018-16457,0.01055,0.50287
CVE-2018-16458,0.00885,0.26162
CVE-2018-16459,0.00885,0.26162
CVE-2018-16461,0.02055,0.7893
CVE-2018-16462,0.01086,0.51674
CVE-2018-16463,0.00885,0.26162
CVE-2018-16464,0.00885,0.26162
CVE-2018-16465,0.00885,0.26162
CVE-2018-16466,0.00885,0.26162
CVE-2018-16467,0.00885,0.26162
CVE-2018-16468,0.00885,0.26162
CVE-2018-16469,0.00885,0.26162
CVE-2018-1647,0.00885,0.26162
CVE-2018-16470,0.00885,0.26162
CVE-2018-16471,0.01018,0.38792
CVE-2018-16472,0.00885,0.26162
CVE-2018-16473,0.00885,0.26162
CVE-2018-16474,0.00885,0.26162
CVE-2018-16475,0.00885,0.26162
CVE-2018-16476,0.00954,0.34522
CVE-2018-16477,0.00885,0.26162
CVE-2018-1648,0.00885,0.26162
CVE-2018-16481,0.00885,0.26162
CVE-2018-16482,0.00885,0.26162
CVE-2018-16483,0.00885,0.26162
CVE-2018-16486,0.00885,0.26162
CVE-2018-1649,0.01055,0.50287
CVE-2018-16493,0.00885,0.26162
CVE-2018-16494,0.01086,0.51674
CVE-2018-16495,0.00885,0.26162
CVE-2018-16496,0.00885,0.26162
CVE-2018-16497,0.00885,0.26162
CVE-2018-16498,0.00885,0.26162
CVE-2018-16499,0.00885,0.26162
CVE-2018-1650,0.00885,0.26162
CVE-2018-16510,0.01319,0.70416
CVE-2018-16511,0.01776,0.75902
CVE-2018-16513,0.01537,0.73595
CVE-2018-16514,0.01055,0.50287
CVE-2018-16515,0.01061,0.51015
CVE-2018-16516,0.00954,0.34522
CVE-2018-16517,0.02919,0.82469
CVE-2018-16518,0.01156,0.60033
CVE-2018-16519,0.01018,0.38792
CVE-2018-1652,0.0089,0.2856
CVE-2018-16521,0.00885,0.26162
CVE-2018-16522,0.00954,0.34522
CVE-2018-16523,0.00954,0.34522
CVE-2018-16524,0.00954,0.34522
CVE-2018-16525,0.05634,0.89764
CVE-2018-16526,0.05634,0.89764
CVE-2018-16527,0.00954,0.34522
CVE-2018-16528,0.05634,0.89764
CVE-2018-16529,0.00885,0.26162
CVE-2018-1653,0.0089,0.2856
CVE-2018-16530,0.01978,0.78447
CVE-2018-16539,0.01183,0.60428
CVE-2018-1654,0.01136,0.57949
CVE-2018-16540,0.01537,0.73595
CVE-2018-16541,0.01183,0.60428
CVE-2018-16542,0.01537,0.73595
CVE-2018-16543,0.01108,0.53389
CVE-2018-16545,0.01103,0.51945
CVE-2018-16546,0.01055,0.50287
CVE-2018-16548,0.01018,0.38792
CVE-2018-16549,0.00885,0.26162
CVE-2018-1655,0.0095,0.30554
CVE-2018-16550,0.01055,0.50287
CVE-2018-16551,0.00885,0.26162
CVE-2018-16552,0.00885,0.26162
CVE-2018-16553,0.01978,0.78447
CVE-2018-16554,0.01136,0.57949
CVE-2018-16555,0.00885,0.26162
CVE-2018-16556,0.00885,0.26162
CVE-2018-16557,0.00885,0.26162
CVE-2018-16558,0.01055,0.50287
CVE-2018-16559,0.01055,0.50287
CVE-2018-1656,0.01537,0.73595
CVE-2018-16561,0.00885,0.26162
CVE-2018-16563,0.00885,0.26162
CVE-2018-1657,0.0089,0.2856
CVE-2018-1658,0.01061,0.51015
CVE-2018-16585,0.01408,0.72072
CVE-2018-16586,0.01108,0.53389
CVE-2018-16587,0.01108,0.53389
CVE-2018-16588,0.00885,0.26162
CVE-2018-1659,0.00885,0.26162
CVE-2018-16590,0.00885,0.26162
CVE-2018-16591,0.00885,0.26162
CVE-2018-16593,0.00885,0.26162
CVE-2018-16594,0.00885,0.26162
CVE-2018-16595,0.00885,0.26162
CVE-2018-16596,0.01103,0.51945
CVE-2018-16597,0.01104,0.52279
CVE-2018-16598,0.00954,0.34522
CVE-2018-16599,0.00954,0.34522
CVE-2018-1660,0.0095,0.30554
CVE-2018-16600,0.00954,0.34522
CVE-2018-16601,0.03693,0.843
CVE-2018-16602,0.00954,0.34522
CVE-2018-16603,0.00954,0.34522
CVE-2018-16604,0.00885,0.26162
CVE-2018-16605,0.00885,0.26162
CVE-2018-16606,0.00885,0.26162
CVE-2018-16607,0.01055,0.50287
CVE-2018-16608,0.00885,0.26162
CVE-2018-1661,0.00954,0.34522
CVE-2018-16613,0.00954,0.34522
CVE-2018-16618,0.01978,0.78447
CVE-2018-16619,0.00885,0.26162
CVE-2018-16620,0.00885,0.26162
CVE-2018-16621,0.00885,0.26162
CVE-2018-16622,0.01055,0.50287
CVE-2018-16623,0.00885,0.26162
CVE-2018-16624,0.00885,0.26162
CVE-2018-16625,0.00885,0.26162
CVE-2018-16626,0.00885,0.26162
CVE-2018-16627,0.00885,0.26162
CVE-2018-16628,0.00885,0.26162
CVE-2018-16629,0.00885,0.26162
CVE-2018-1663,0.01136,0.57949
CVE-2018-16630,0.00885,0.26162
CVE-2018-16631,0.00885,0.26162
CVE-2018-16632,0.00885,0.26162
CVE-2018-16633,0.00885,0.26162
CVE-2018-16634,0.00885,0.26162
CVE-2018-16635,0.00885,0.26162
CVE-2018-16636,0.00885,0.26162
CVE-2018-16637,0.00885,0.26162
CVE-2018-16638,0.00885,0.26162
CVE-2018-16639,0.00885,0.26162
CVE-2018-1664,0.00885,0.26162
CVE-2018-16640,0.00954,0.34522
CVE-2018-16641,0.00885,0.26162
CVE-2018-16642,0.01213,0.6557
CVE-2018-16643,0.01213,0.6557
CVE-2018-16644,0.01408,0.72072
CVE-2018-16645,0.01319,0.70416
CVE-2018-16646,0.01408,0.72072
CVE-2018-16647,0.01055,0.50287
CVE-2018-16648,0.01055,0.50287
CVE-2018-1665,0.00885,0.26162
CVE-2018-16650,0.00885,0.26162
CVE-2018-16651,0.00885,0.26162
CVE-2018-16653,0.00885,0.26162
CVE-2018-16654,0.00885,0.26162
CVE-2018-16655,0.00885,0.26162
CVE-2018-16656,0.01055,0.50287
CVE-2018-16657,0.02398,0.80734
CVE-2018-16658,0.01547,0.74085
CVE-2018-16659,0.01564,0.74439
CVE-2018-1666,0.00885,0.26162
CVE-2018-16660,0.02055,0.7893
CVE-2018-16663,0.00885,0.26162
CVE-2018-16664,0.00885,0.26162
CVE-2018-16665,0.00885,0.26162
CVE-2018-16666,0.00885,0.26162
CVE-2018-16667,0.00885,0.26162
CVE-2018-16669,0.00885,0.26162
CVE-2018-1667,0.00885,0.26162
CVE-2018-16672,0.00885,0.26162
CVE-2018-1668,0.00885,0.26162
CVE-2018-1669,0.01055,0.50287
CVE-2018-1670,0.0089,0.2856
CVE-2018-16703,0.01055,0.50287
CVE-2018-16704,0.00885,0.26162
CVE-2018-16705,0.00885,0.26162
CVE-2018-16709,0.08382,0.93597
CVE-2018-1671,0.01136,0.57949
CVE-2018-16710,0.01055,0.50287
CVE-2018-16715,0.00885,0.26162
CVE-2018-16716,0.00885,0.26162
CVE-2018-16717,0.00885,0.26162
CVE-2018-16718,0.00885,0.26162
CVE-2018-16719,0.00885,0.26162
CVE-2018-1672,0.0089,0.2856
CVE-2018-16720,0.00885,0.26162
CVE-2018-16721,0.00885,0.26162
CVE-2018-16722,0.00885,0.26162
CVE-2018-16723,0.00885,0.26162
CVE-2018-16724,0.00885,0.26162
CVE-2018-16725,0.00885,0.26162
CVE-2018-16726,0.00885,0.26162
CVE-2018-16727,0.00885,0.26162
CVE-2018-16728,0.00885,0.26162
CVE-2018-16729,0.00885,0.26162
CVE-2018-1673,0.00954,0.34522
CVE-2018-16730,0.00885,0.26162
CVE-2018-16731,0.00885,0.26162
CVE-2018-16732,0.00885,0.26162
CVE-2018-16733,0.00885,0.26162
CVE-2018-16736,0.02192,0.80195
CVE-2018-16737,0.00885,0.26162
CVE-2018-16738,0.00954,0.34522
CVE-2018-1674,0.01061,0.51015
CVE-2018-16741,0.01011,0.36346
CVE-2018-16742,0.00885,0.26162
CVE-2018-16743,0.00885,0.26162
CVE-2018-16744,0.01005,0.35949
CVE-2018-16745,0.00885,0.26162
CVE-2018-16749,0.01018,0.38792
CVE-2018-1675,0.00885,0.26162
CVE-2018-16750,0.00954,0.34522
CVE-2018-16752,0.05164,0.89136
CVE-2018-16758,0.00954,0.34522
CVE-2018-16759,0.00885,0.26162
CVE-2018-1676,0.00885,0.26162
CVE-2018-16761,0.00885,0.26162
CVE-2018-16762,0.00885,0.26162
CVE-2018-16764,0.00885,0.26162
CVE-2018-16765,0.00885,0.26162
CVE-2018-16766,0.00885,0.26162
CVE-2018-16767,0.00885,0.26162
CVE-2018-16768,0.00885,0.26162
CVE-2018-16769,0.00885,0.26162
CVE-2018-1677,0.0089,0.2856
CVE-2018-16770,0.00885,0.26162
CVE-2018-16771,0.01086,0.51674
CVE-2018-16772,0.00885,0.26162
CVE-2018-16773,0.00885,0.26162
CVE-2018-16774,0.00885,0.26162
CVE-2018-16775,0.00885,0.26162
CVE-2018-16776,0.00885,0.26162
CVE-2018-16778,0.01055,0.50287
CVE-2018-16779,0.00885,0.26162
CVE-2018-16780,0.00885,0.26162
CVE-2018-16781,0.01055,0.50287
CVE-2018-16782,0.00885,0.26162
CVE-2018-16784,0.01156,0.60033
CVE-2018-16785,0.00885,0.26162
CVE-2018-16786,0.00885,0.26162
CVE-2018-16789,0.01018,0.38792
CVE-2018-1679,0.00954,0.34522
CVE-2018-16790,0.00954,0.34522
CVE-2018-16791,0.00885,0.26162
CVE-2018-16792,0.00885,0.26162
CVE-2018-16793,0.1363,0.95557
CVE-2018-16794,0.08761,0.93662
CVE-2018-16795,0.00885,0.26162
CVE-2018-16796,0.00885,0.26162
CVE-2018-16797,0.01103,0.51945
CVE-2018-1680,0.00885,0.26162
CVE-2018-16802,0.02378,0.80704
CVE-2018-16803,0.00954,0.34522
CVE-2018-16804,0.00885,0.26162
CVE-2018-16805,0.01055,0.50287
CVE-2018-16806,0.00885,0.26162
CVE-2018-16807,0.00885,0.26162
CVE-2018-16808,0.00885,0.26162
CVE-2018-16809,0.00885,0.26162
CVE-2018-16819,0.00885,0.26162
CVE-2018-1682,0.00885,0.26162
CVE-2018-16820,0.00885,0.26162
CVE-2018-16821,0.00885,0.26162
CVE-2018-16822,0.00885,0.26162
CVE-2018-1683,0.01136,0.57949
CVE-2018-16831,0.00885,0.26162
CVE-2018-16832,0.00885,0.26162
CVE-2018-16833,0.00885,0.26162
CVE-2018-16836,0.08382,0.93597
CVE-2018-16837,0.01547,0.74085
CVE-2018-16838,0.01034,0.39824
CVE-2018-16839,0.01537,0.73595
CVE-2018-1684,0.00885,0.26162
CVE-2018-16840,0.01108,0.53389
CVE-2018-16841,0.01104,0.52279
CVE-2018-16842,0.01537,0.73595
CVE-2018-16843,0.01537,0.73595
CVE-2018-16844,0.01537,0.73595
CVE-2018-16845,0.04714,0.88666
CVE-2018-16846,0.01104,0.52279
CVE-2018-16847,0.0095,0.30554
CVE-2018-16848,0.00885,0.26162
CVE-2018-16849,0.00885,0.26162
CVE-2018-1685,0.0095,0.30554
CVE-2018-16850,0.01108,0.53389
CVE-2018-16851,0.01282,0.67298
CVE-2018-16852,0.0095,0.30554
CVE-2018-16853,0.01018,0.38792
CVE-2018-16855,0.01055,0.50287
CVE-2018-16856,0.00885,0.26162
CVE-2018-16857,0.01018,0.38792
CVE-2018-16859,0.01864,0.7628
CVE-2018-1686,0.00885,0.26162
CVE-2018-16860,0.01547,0.74085
CVE-2018-16861,0.0144,0.7265
CVE-2018-16862,0.01282,0.67298
CVE-2018-16863,0.01108,0.53389
CVE-2018-16864,0.01547,0.74085
CVE-2018-16865,0.01864,0.7628
CVE-2018-16867,0.01365,0.70715
CVE-2018-16868,0.0095,0.30554
CVE-2018-16869,0.00954,0.34522
CVE-2018-16870,0.00885,0.26162
CVE-2018-16871,0.01108,0.53389
CVE-2018-16872,0.01282,0.67298
CVE-2018-16873,0.09801,0.94069
CVE-2018-16874,0.03806,0.84842
CVE-2018-16876,0.01547,0.74085
CVE-2018-16877,0.01282,0.67298
CVE-2018-16878,0.01282,0.67298
CVE-2018-16879,0.00885,0.26162
CVE-2018-1688,0.0089,0.2856
CVE-2018-16880,0.01034,0.39824
CVE-2018-16881,0.01108,0.53389
CVE-2018-16882,0.01547,0.74085
CVE-2018-16883,0.00885,0.26162
CVE-2018-16884,0.01547,0.74085
CVE-2018-16885,0.0095,0.30554
CVE-2018-16886,0.01408,0.72072
CVE-2018-16887,0.0144,0.7265
CVE-2018-16889,0.01018,0.38792
CVE-2018-1690,0.00885,0.26162
CVE-2018-1691,0.00885,0.26162
CVE-2018-1692,0.00885,0.26162
CVE-2018-1694,0.01055,0.50287
CVE-2018-16946,0.12802,0.95381
CVE-2018-16947,0.00954,0.34522
CVE-2018-16948,0.00954,0.34522
CVE-2018-16949,0.01018,0.38792
CVE-2018-1695,0.01136,0.57949
CVE-2018-16950,0.01055,0.50287
CVE-2018-16951,0.01086,0.51674
CVE-2018-16952,0.00885,0.26162
CVE-2018-16953,0.00885,0.26162
CVE-2018-16954,0.00885,0.26162
CVE-2018-16955,0.00885,0.26162
CVE-2018-16956,0.00885,0.26162
CVE-2018-16957,0.00885,0.26162
CVE-2018-16958,0.00885,0.26162
CVE-2018-16959,0.00885,0.26162
CVE-2018-16960,0.00885,0.26162
CVE-2018-16961,0.01055,0.50287
CVE-2018-16962,0.00885,0.26162
CVE-2018-16965,0.00885,0.26162
CVE-2018-16966,0.00954,0.34522
CVE-2018-16967,0.00954,0.34522
CVE-2018-16968,0.00885,0.26162
CVE-2018-16969,0.00885,0.26162
CVE-2018-1697,0.00885,0.26162
CVE-2018-16970,0.00885,0.26162
CVE-2018-16971,0.00885,0.26162
CVE-2018-16974,0.02509,0.81058
CVE-2018-16975,0.02509,0.81058
CVE-2018-16976,0.0089,0.2856
CVE-2018-16977,0.00885,0.26162
CVE-2018-16978,0.00885,0.26162
CVE-2018-16979,0.00885,0.26162
CVE-2018-1698,0.00954,0.34522
CVE-2018-16980,0.00885,0.26162
CVE-2018-16981,0.00885,0.26162
CVE-2018-16982,0.00885,0.26162
CVE-2018-16983,0.00954,0.34522
CVE-2018-16984,0.0089,0.2856
CVE-2018-16985,0.00885,0.26162
CVE-2018-16986,0.06729,0.91198
CVE-2018-16987,0.00885,0.26162
CVE-2018-16988,0.00885,0.26162
CVE-2018-1699,0.01061,0.51015
CVE-2018-16994,0.01055,0.50287
CVE-2018-16999,0.00954,0.34522
CVE-2018-17000,0.01108,0.53389
CVE-2018-17001,0.00885,0.26162
CVE-2018-17002,0.00885,0.26162
CVE-2018-17003,0.00885,0.26162
CVE-2018-17004,0.00885,0.26162
CVE-2018-17005,0.00885,0.26162
CVE-2018-17006,0.00885,0.26162
CVE-2018-17007,0.00885,0.26162
CVE-2018-17008,0.00885,0.26162
CVE-2018-17009,0.00885,0.26162
CVE-2018-1701,0.00885,0.26162
CVE-2018-17010,0.00885,0.26162
CVE-2018-17011,0.00885,0.26162
CVE-2018-17012,0.00885,0.26162
CVE-2018-17013,0.00885,0.26162
CVE-2018-17014,0.00885,0.26162
CVE-2018-17015,0.00885,0.26162
CVE-2018-17016,0.00885,0.26162
CVE-2018-17017,0.00885,0.26162
CVE-2018-17018,0.00885,0.26162
CVE-2018-17019,0.00885,0.26162
CVE-2018-1702,0.01055,0.50287
CVE-2018-17020,0.01055,0.50287
CVE-2018-17021,0.01055,0.50287
CVE-2018-17022,0.01055,0.50287
CVE-2018-17023,0.01055,0.50287
CVE-2018-17024,0.00885,0.26162
CVE-2018-17025,0.00885,0.26162
CVE-2018-17026,0.00885,0.26162
CVE-2018-17030,0.01156,0.60033
CVE-2018-17031,0.00885,0.26162
CVE-2018-17034,0.00885,0.26162
CVE-2018-17035,0.00885,0.26162
CVE-2018-17036,0.00885,0.26162
CVE-2018-17037,0.00885,0.26162
CVE-2018-17039,0.00885,0.26162
CVE-2018-1704,0.01055,0.50287
CVE-2018-17042,0.00885,0.26162
CVE-2018-17043,0.00885,0.26162
CVE-2018-17044,0.00885,0.26162
CVE-2018-17045,0.00885,0.26162
CVE-2018-17046,0.00885,0.26162
CVE-2018-17048,0.00954,0.34522
CVE-2018-17049,0.00885,0.26162
CVE-2018-1705,0.00885,0.26162
CVE-2018-17050,0.00885,0.26162
CVE-2018-17051,0.00885,0.26162
CVE-2018-17053,0.01055,0.50287
CVE-2018-17054,0.01055,0.50287
CVE-2018-17055,0.00885,0.26162
CVE-2018-17056,0.01055,0.50287
CVE-2018-17057,0.10212,0.94357
CVE-2018-17058,0.00885,0.26162
CVE-2018-1706,0.00885,0.26162
CVE-2018-17060,0.01055,0.50287
CVE-2018-17061,0.00885,0.26162
CVE-2018-17062,0.00885,0.26162
CVE-2018-17063,0.02055,0.7893
CVE-2018-17064,0.02055,0.7893
CVE-2018-17065,0.00885,0.26162
CVE-2018-17066,0.02055,0.7893
CVE-2018-17067,0.00885,0.26162
CVE-2018-17068,0.02055,0.7893
CVE-2018-17069,0.00885,0.26162
CVE-2018-17070,0.00885,0.26162
CVE-2018-17071,0.00885,0.26162
CVE-2018-17072,0.00885,0.26162
CVE-2018-17073,0.00885,0.26162
CVE-2018-17074,0.01018,0.38792
CVE-2018-17075,0.01018,0.38792
CVE-2018-17076,0.00885,0.26162
CVE-2018-17077,0.00885,0.26162
CVE-2018-17079,0.00885,0.26162
CVE-2018-1708,0.00885,0.26162
CVE-2018-17082,0.01537,0.73595
CVE-2018-17085,0.00885,0.26162
CVE-2018-17086,0.00885,0.26162
CVE-2018-17088,0.01055,0.50287
CVE-2018-17090,0.00885,0.26162
CVE-2018-17091,0.01055,0.50287
CVE-2018-17092,0.00885,0.26162
CVE-2018-17095,0.00954,0.34522
CVE-2018-17096,0.01055,0.50287
CVE-2018-17097,0.01055,0.50287
CVE-2018-17098,0.01055,0.50287
CVE-2018-1710,0.01365,0.70715
CVE-2018-17100,0.01108,0.53389
CVE-2018-17101,0.01183,0.60428
CVE-2018-17102,0.00885,0.26162
CVE-2018-17103,0.00885,0.26162
CVE-2018-17104,0.00954,0.34522
CVE-2018-17106,0.00885,0.26162
CVE-2018-17107,0.00885,0.26162
CVE-2018-17108,0.00885,0.26162
CVE-2018-1711,0.0095,0.30554
CVE-2018-17110,0.01564,0.74439
CVE-2018-17111,0.00885,0.26162
CVE-2018-17113,0.00885,0.26162
CVE-2018-1712,0.00885,0.26162
CVE-2018-17125,0.00885,0.26162
CVE-2018-17126,0.01978,0.78447
CVE-2018-17127,0.01055,0.50287
CVE-2018-17128,0.02192,0.80195
CVE-2018-17129,0.00885,0.26162
CVE-2018-17130,0.00885,0.26162
CVE-2018-17131,0.01086,0.51674
CVE-2018-17132,0.01086,0.51674
CVE-2018-17133,0.01086,0.51674
CVE-2018-17134,0.01086,0.51674
CVE-2018-17136,0.00885,0.26162
CVE-2018-17137,0.00885,0.26162
CVE-2018-17138,0.02192,0.80195
CVE-2018-17139,0.03059,0.82941
CVE-2018-17140,0.02192,0.80195
CVE-2018-17141,0.06729,0.91198
CVE-2018-17142,0.00954,0.34522
CVE-2018-17143,0.01018,0.38792
CVE-2018-17145,0.01213,0.6557
CVE-2018-17146,0.00885,0.26162
CVE-2018-17147,0.00885,0.26162
CVE-2018-17148,0.01055,0.50287
CVE-2018-1715,0.00885,0.26162
CVE-2018-17150,0.00885,0.26162
CVE-2018-17151,0.00885,0.26162
CVE-2018-17152,0.00885,0.26162
CVE-2018-17153,0.00954,0.34522
CVE-2018-17154,0.00885,0.26162
CVE-2018-17155,0.00885,0.26162
CVE-2018-17156,0.00885,0.26162
CVE-2018-17157,0.05634,0.89764
CVE-2018-17158,0.01213,0.6557
CVE-2018-17159,0.01213,0.6557
CVE-2018-1716,0.00954,0.34522
CVE-2018-17160,0.0144,0.7265
CVE-2018-17161,0.01885,0.76424
CVE-2018-17167,0.00885,0.26162
CVE-2018-17168,0.00885,0.26162
CVE-2018-17169,0.01055,0.50287
CVE-2018-17170,0.01156,0.60033
CVE-2018-17172,0.02055,0.7893
CVE-2018-17173,0.18999,0.96158
CVE-2018-17174,0.01086,0.51674
CVE-2018-17175,0.00954,0.34522
CVE-2018-17176,0.00885,0.26162
CVE-2018-17177,0.00885,0.26162
CVE-2018-17178,0.00885,0.26162
CVE-2018-17179,0.31567,0.97479
CVE-2018-1718,0.0089,0.2856
CVE-2018-17180,0.00885,0.26162
CVE-2018-17181,0.00885,0.26162
CVE-2018-17183,0.01213,0.6557
CVE-2018-17184,0.00885,0.26162
CVE-2018-17186,0.01086,0.51674
CVE-2018-17187,0.01246,0.66436
CVE-2018-17188,0.01164,0.60046
CVE-2018-17189,0.07767,0.92799
CVE-2018-1719,0.01136,0.57949
CVE-2018-17190,0.02509,0.81058
CVE-2018-17191,0.01978,0.78447
CVE-2018-17192,0.00885,0.26162
CVE-2018-17193,0.00885,0.26162
CVE-2018-17194,0.00885,0.26162
CVE-2018-17195,0.00885,0.26162
CVE-2018-17196,0.02537,0.81131
CVE-2018-17197,0.01246,0.66436
CVE-2018-17198,0.00885,0.26162
CVE-2018-17199,0.07767,0.92799
CVE-2018-1720,0.00885,0.26162
CVE-2018-17200,0.01246,0.66436
CVE-2018-17201,0.00885,0.26162
CVE-2018-17202,0.00885,0.26162
CVE-2018-17204,0.01034,0.39824
CVE-2018-17205,0.01018,0.38792
CVE-2018-17206,0.01034,0.39824
CVE-2018-17207,0.25724,0.96888
CVE-2018-17208,0.02055,0.7893
CVE-2018-1721,0.01055,0.50287
CVE-2018-17210,0.00885,0.26162
CVE-2018-17211,0.00885,0.26162
CVE-2018-17213,0.00885,0.26162
CVE-2018-17215,0.00885,0.26162
CVE-2018-17216,0.00885,0.26162
CVE-2018-17217,0.00885,0.26162
CVE-2018-17218,0.00885,0.26162
CVE-2018-1722,0.08918,0.93689
CVE-2018-17228,0.00885,0.26162
CVE-2018-17229,0.01055,0.50287
CVE-2018-1723,0.0089,0.2856
CVE-2018-17230,0.01055,0.50287
CVE-2018-17231,0.00885,0.26162
CVE-2018-17232,0.01055,0.50287
CVE-2018-17233,0.01055,0.50287
CVE-2018-17234,0.00885,0.26162
CVE-2018-17235,0.00885,0.26162
CVE-2018-17236,0.00885,0.26162
CVE-2018-17237,0.00885,0.26162
CVE-2018-1724,0.0089,0.2856
CVE-2018-17243,0.00885,0.26162
CVE-2018-17244,0.0089,0.2856
CVE-2018-17245,0.00885,0.26162
CVE-2018-17247,0.00954,0.34522
CVE-2018-1725,0.00885,0.26162
CVE-2018-17256,0.00885,0.26162
CVE-2018-1727,0.01055,0.50287
CVE-2018-1728,0.00885,0.26162
CVE-2018-17281,0.03079,0.82963
CVE-2018-17282,0.00954,0.34522
CVE-2018-17283,0.00885,0.26162
CVE-2018-17287,0.00885,0.26162
CVE-2018-17288,0.00885,0.26162
CVE-2018-17289,0.01055,0.50287
CVE-2018-1729,0.00954,0.34522
CVE-2018-17292,0.00885,0.26162
CVE-2018-17293,0.00885,0.26162
CVE-2018-17294,0.01018,0.38792
CVE-2018-17297,0.01055,0.50287
CVE-2018-17298,0.00954,0.34522
CVE-2018-1730,0.01055,0.50287
CVE-2018-17300,0.00885,0.26162
CVE-2018-17301,0.00885,0.26162
CVE-2018-17302,0.00885,0.26162
CVE-2018-17305,0.01156,0.60033
CVE-2018-17309,0.00885,0.26162
CVE-2018-1731,0.0089,0.2856
CVE-2018-17310,0.00885,0.26162
CVE-2018-17311,0.00885,0.26162
CVE-2018-17312,0.00885,0.26162
CVE-2018-17313,0.00885,0.26162
CVE-2018-17314,0.00885,0.26162
CVE-2018-17315,0.00885,0.26162
CVE-2018-17316,0.00885,0.26162
CVE-2018-17317,0.01136,0.57949
CVE-2018-1732,0.00885,0.26162
CVE-2018-17320,0.00885,0.26162
CVE-2018-17321,0.00885,0.26162
CVE-2018-17322,0.01055,0.50287
CVE-2018-1733,0.00954,0.34522
CVE-2018-17332,0.00885,0.26162
CVE-2018-17333,0.01055,0.50287
CVE-2018-17334,0.01055,0.50287
CVE-2018-17336,0.0089,0.2856
CVE-2018-17337,0.00885,0.26162
CVE-2018-17338,0.00885,0.26162
CVE-2018-1734,0.00885,0.26162
CVE-2018-17341,0.01055,0.50287
CVE-2018-17358,0.01018,0.38792
CVE-2018-17359,0.01018,0.38792
CVE-2018-1736,0.01213,0.6557
CVE-2018-17360,0.01018,0.38792
CVE-2018-17361,0.01055,0.50287
CVE-2018-17364,0.01055,0.50287
CVE-2018-17365,0.01055,0.50287
CVE-2018-17366,0.00885,0.26162
CVE-2018-17368,0.00885,0.26162
CVE-2018-17369,0.00885,0.26162
CVE-2018-17374,0.01564,0.74439
CVE-2018-17375,0.01564,0.74439
CVE-2018-17376,0.01564,0.74439
CVE-2018-17377,0.01564,0.74439
CVE-2018-17378,0.01564,0.74439
CVE-2018-17379,0.01564,0.74439
CVE-2018-1738,0.00885,0.26162
CVE-2018-17380,0.01564,0.74439
CVE-2018-17381,0.01564,0.74439
CVE-2018-17382,0.01564,0.74439
CVE-2018-17383,0.01564,0.74439
CVE-2018-17384,0.01564,0.74439
CVE-2018-17385,0.01564,0.74439
CVE-2018-17386,0.01564,0.74439
CVE-2018-17387,0.08382,0.93597
CVE-2018-17388,0.01564,0.74439
CVE-2018-17389,0.08382,0.93597
CVE-2018-17391,0.01564,0.74439
CVE-2018-17393,0.01564,0.74439
CVE-2018-17394,0.01564,0.74439
CVE-2018-17397,0.01564,0.74439
CVE-2018-17398,0.01564,0.74439
CVE-2018-17399,0.01564,0.74439
CVE-2018-1740,0.00885,0.26162
CVE-2018-17400,0.00885,0.26162
CVE-2018-17401,0.00885,0.26162
CVE-2018-17402,0.00885,0.26162
CVE-2018-17403,0.00885,0.26162
CVE-2018-17404,0.00885,0.26162
CVE-2018-17407,0.01559,0.742
CVE-2018-17408,0.71051,0.99138
CVE-2018-1741,0.00885,0.26162
CVE-2018-17410,0.00885,0.26162
CVE-2018-17411,0.00885,0.26162
CVE-2018-17412,0.00885,0.26162
CVE-2018-17413,0.00885,0.26162
CVE-2018-17414,0.00885,0.26162
CVE-2018-17415,0.00885,0.26162
CVE-2018-17416,0.00885,0.26162
CVE-2018-17419,0.00885,0.26162
CVE-2018-1742,0.00885,0.26162
CVE-2018-17420,0.00885,0.26162
CVE-2018-17421,0.00885,0.26162
CVE-2018-17422,0.00885,0.26162
CVE-2018-17423,0.00885,0.26162
CVE-2018-17425,0.00885,0.26162
CVE-2018-17426,0.00885,0.26162
CVE-2018-17427,0.01055,0.50287
CVE-2018-17428,0.01564,0.74439
CVE-2018-17429,0.00885,0.26162
CVE-2018-1743,0.00885,0.26162
CVE-2018-17432,0.00885,0.26162
CVE-2018-17433,0.00885,0.26162
CVE-2018-17434,0.01055,0.50287
CVE-2018-17435,0.00885,0.26162
CVE-2018-17436,0.00885,0.26162
CVE-2018-17437,0.00885,0.26162
CVE-2018-17438,0.01055,0.50287
CVE-2018-17439,0.00885,0.26162
CVE-2018-1744,0.01055,0.50287
CVE-2018-17440,0.01213,0.6557
CVE-2018-17441,0.01018,0.38792
CVE-2018-17442,0.01132,0.54372
CVE-2018-17443,0.01018,0.38792
CVE-2018-17444,0.00885,0.26162
CVE-2018-17445,0.02055,0.7893
CVE-2018-17446,0.00885,0.26162
CVE-2018-17447,0.00885,0.26162
CVE-2018-17448,0.00885,0.26162
CVE-2018-1745,0.00954,0.34522
CVE-2018-17457,0.01689,0.75137
CVE-2018-17458,0.04836,0.88802
CVE-2018-17459,0.01136,0.57949
CVE-2018-17460,0.01055,0.50287
CVE-2018-17461,0.01055,0.50287
CVE-2018-17462,0.01319,0.70416
CVE-2018-17464,0.01319,0.70416
CVE-2018-17465,0.01319,0.70416
CVE-2018-17466,0.03407,0.83908
CVE-2018-17467,0.01319,0.70416
CVE-2018-17468,0.01319,0.70416
CVE-2018-17469,0.01319,0.70416
CVE-2018-1747,0.01055,0.50287
CVE-2018-17470,0.01319,0.70416
CVE-2018-17471,0.01319,0.70416
CVE-2018-17472,0.01213,0.6557
CVE-2018-17473,0.01319,0.70416
CVE-2018-17474,0.01319,0.70416
CVE-2018-17475,0.01319,0.70416
CVE-2018-17476,0.01319,0.70416
CVE-2018-17477,0.01319,0.70416
CVE-2018-17478,0.01055,0.50287
CVE-2018-17479,0.01055,0.50287
CVE-2018-17480,0.05786,0.8994
CVE-2018-17481,0.01408,0.72072
CVE-2018-17482,0.00885,0.26162
CVE-2018-17483,0.00885,0.26162
CVE-2018-17484,0.00885,0.26162
CVE-2018-17485,0.00885,0.26162
CVE-2018-17486,0.00885,0.26162
CVE-2018-17487,0.00885,0.26162
CVE-2018-17488,0.00885,0.26162
CVE-2018-17489,0.00885,0.26162
CVE-2018-1749,0.00885,0.26162
CVE-2018-17490,0.00885,0.26162
CVE-2018-17491,0.00885,0.26162
CVE-2018-17492,0.00885,0.26162
CVE-2018-17493,0.00885,0.26162
CVE-2018-17494,0.00885,0.26162
CVE-2018-17495,0.00885,0.26162
CVE-2018-17496,0.00885,0.26162
CVE-2018-17497,0.00885,0.26162
CVE-2018-17499,0.00885,0.26162
CVE-2018-1750,0.00885,0.26162
CVE-2018-17500,0.00885,0.26162
CVE-2018-17502,0.00885,0.26162
CVE-2018-1751,0.00954,0.34522
CVE-2018-1753,0.00885,0.26162
CVE-2018-17532,0.01136,0.57949
CVE-2018-17533,0.00954,0.34522
CVE-2018-17534,0.00954,0.34522
CVE-2018-17538,0.00954,0.34522
CVE-2018-17539,0.01055,0.50287
CVE-2018-17540,0.01537,0.73595
CVE-2018-17542,0.00885,0.26162
CVE-2018-1755,0.01213,0.6557
CVE-2018-17555,0.01055,0.50287
CVE-2018-17556,0.00885,0.26162
CVE-2018-1756,0.01564,0.74439
CVE-2018-17560,0.00885,0.26162
CVE-2018-17563,0.00885,0.26162
CVE-2018-17564,0.00885,0.26162
CVE-2018-17565,0.00885,0.26162
CVE-2018-17566,0.00885,0.26162
CVE-2018-17567,0.00954,0.34522
CVE-2018-17568,0.00885,0.26162
CVE-2018-17569,0.00885,0.26162
CVE-2018-1757,0.00885,0.26162
CVE-2018-17570,0.00885,0.26162
CVE-2018-17571,0.00885,0.26162
CVE-2018-17572,0.00885,0.26162
CVE-2018-17573,0.00885,0.26162
CVE-2018-17574,0.00885,0.26162
CVE-2018-17575,0.00885,0.26162
CVE-2018-1758,0.00885,0.26162
CVE-2018-17580,0.00885,0.26162
CVE-2018-17581,0.01018,0.38792
CVE-2018-17582,0.00885,0.26162
CVE-2018-17583,0.00954,0.34522
CVE-2018-17584,0.00954,0.34522
CVE-2018-17585,0.00954,0.34522
CVE-2018-17586,0.00954,0.34522
CVE-2018-17587,0.00885,0.26162
CVE-2018-17588,0.00885,0.26162
CVE-2018-17589,0.00885,0.26162
CVE-2018-1759,0.0089,0.2856
CVE-2018-17590,0.00885,0.26162
CVE-2018-17591,0.00885,0.26162
CVE-2018-17593,0.00885,0.26162
CVE-2018-17594,0.00885,0.26162
CVE-2018-17595,0.00885,0.26162
CVE-2018-17596,0.00885,0.26162
CVE-2018-1760,0.00885,0.26162
CVE-2018-17605,0.00885,0.26162
CVE-2018-17607,0.01156,0.60033
CVE-2018-17608,0.01156,0.60033
CVE-2018-17609,0.01156,0.60033
CVE-2018-1761,0.0089,0.2856
CVE-2018-17610,0.01156,0.60033
CVE-2018-17611,0.01156,0.60033
CVE-2018-17612,0.15979,0.95892
CVE-2018-17613,0.00885,0.26162
CVE-2018-17614,0.01888,0.76438
CVE-2018-17615,0.01384,0.711
CVE-2018-17616,0.01384,0.711
CVE-2018-17617,0.01384,0.711
CVE-2018-17618,0.01384,0.711
CVE-2018-17619,0.01384,0.711
CVE-2018-1762,0.0089,0.2856
CVE-2018-17620,0.01384,0.711
CVE-2018-17621,0.01384,0.711
CVE-2018-17622,0.01384,0.711
CVE-2018-17623,0.01384,0.711
CVE-2018-17624,0.01384,0.711
CVE-2018-17625,0.01384,0.711
CVE-2018-17626,0.01384,0.711
CVE-2018-17627,0.01384,0.711
CVE-2018-17628,0.01384,0.711
CVE-2018-17629,0.01384,0.711
CVE-2018-1763,0.0089,0.2856
CVE-2018-17630,0.01384,0.711
CVE-2018-17631,0.01384,0.711
CVE-2018-17632,0.01384,0.711
CVE-2018-17633,0.01384,0.711
CVE-2018-17634,0.01384,0.711
CVE-2018-17635,0.01384,0.711
CVE-2018-17636,0.01384,0.711
CVE-2018-17637,0.01384,0.711
CVE-2018-17638,0.01384,0.711
CVE-2018-17639,0.01384,0.711
CVE-2018-1764,0.0089,0.2856
CVE-2018-17640,0.01384,0.711
CVE-2018-17641,0.01384,0.711
CVE-2018-17642,0.01384,0.711
CVE-2018-17643,0.01384,0.711
CVE-2018-17644,0.01384,0.711
CVE-2018-17645,0.01384,0.711
CVE-2018-17646,0.01384,0.711
CVE-2018-17647,0.01384,0.711
CVE-2018-17648,0.01384,0.711
CVE-2018-17649,0.01384,0.711
CVE-2018-17650,0.01384,0.711
CVE-2018-17651,0.01384,0.711
CVE-2018-17652,0.01384,0.711
CVE-2018-17653,0.01384,0.711
CVE-2018-17654,0.01384,0.711
CVE-2018-17655,0.01384,0.711
CVE-2018-17656,0.01384,0.711
CVE-2018-17657,0.01384,0.711
CVE-2018-17658,0.01384,0.711
CVE-2018-17659,0.01384,0.711
CVE-2018-1766,0.00885,0.26162
CVE-2018-17660,0.01384,0.711
CVE-2018-17661,0.01384,0.711
CVE-2018-17662,0.01384,0.711
CVE-2018-17663,0.01384,0.711
CVE-2018-17664,0.01384,0.711
CVE-2018-17665,0.01384,0.711
CVE-2018-17666,0.01384,0.711
CVE-2018-17667,0.01384,0.711
CVE-2018-17668,0.01384,0.711
CVE-2018-17669,0.01384,0.711
CVE-2018-1767,0.00954,0.34522
CVE-2018-17670,0.01384,0.711
CVE-2018-17671,0.01384,0.711
CVE-2018-17672,0.01384,0.711
CVE-2018-17673,0.01384,0.711
CVE-2018-17674,0.01384,0.711
CVE-2018-17675,0.01384,0.711
CVE-2018-17676,0.01384,0.711
CVE-2018-17677,0.01384,0.711
CVE-2018-17678,0.01384,0.711
CVE-2018-17679,0.01384,0.711
CVE-2018-1768,0.0089,0.2856
CVE-2018-17680,0.01384,0.711
CVE-2018-17681,0.01384,0.711
CVE-2018-17682,0.01384,0.711
CVE-2018-17683,0.01384,0.711
CVE-2018-17684,0.01384,0.711
CVE-2018-17685,0.01384,0.711
CVE-2018-17686,0.01384,0.711
CVE-2018-17687,0.01384,0.711
CVE-2018-17688,0.01384,0.711
CVE-2018-17689,0.01384,0.711
CVE-2018-17690,0.01384,0.711
CVE-2018-17691,0.01384,0.711
CVE-2018-17692,0.01384,0.711
CVE-2018-17693,0.01384,0.711
CVE-2018-17694,0.01384,0.711
CVE-2018-17695,0.01384,0.711
CVE-2018-17696,0.01384,0.711
CVE-2018-17697,0.01384,0.711
CVE-2018-17698,0.01384,0.711
CVE-2018-17699,0.01384,0.711
CVE-2018-1770,0.01132,0.54372
CVE-2018-17700,0.01384,0.711
CVE-2018-17701,0.01384,0.711
CVE-2018-17702,0.01384,0.711
CVE-2018-17703,0.01384,0.711
CVE-2018-17704,0.01384,0.711
CVE-2018-17705,0.01384,0.711
CVE-2018-17706,0.01384,0.711
CVE-2018-17707,0.01156,0.60033
CVE-2018-1771,0.00885,0.26162
CVE-2018-1772,0.0089,0.2856
CVE-2018-1773,0.0089,0.2856
CVE-2018-1774,0.00885,0.26162
CVE-2018-1775,0.0089,0.2856
CVE-2018-17765,0.01018,0.38792
CVE-2018-17766,0.01018,0.38792
CVE-2018-17767,0.01018,0.38792
CVE-2018-17768,0.01018,0.38792
CVE-2018-17769,0.0095,0.30554
CVE-2018-1777,0.0089,0.2856
CVE-2018-17770,0.0095,0.30554
CVE-2018-17771,0.0095,0.30554
CVE-2018-17772,0.01559,0.742
CVE-2018-17773,0.01018,0.38792
CVE-2018-17774,0.01018,0.38792
CVE-2018-17775,0.01832,0.76196
CVE-2018-17776,0.0212,0.79153
CVE-2018-17777,0.00885,0.26162
CVE-2018-1778,0.00954,0.34522
CVE-2018-17780,0.00885,0.26162
CVE-2018-17781,0.01055,0.50287
CVE-2018-17782,0.01055,0.50287
CVE-2018-17783,0.01055,0.50287
CVE-2018-17784,0.02173,0.80027
CVE-2018-17785,0.00885,0.26162
CVE-2018-17786,0.01156,0.60033
CVE-2018-17787,0.02055,0.7893
CVE-2018-17789,0.00885,0.26162
CVE-2018-1779,0.00954,0.34522
CVE-2018-17790,0.00885,0.26162
CVE-2018-17791,0.00885,0.26162
CVE-2018-17792,0.00954,0.34522
CVE-2018-17794,0.00954,0.34522
CVE-2018-17795,0.01136,0.57949
CVE-2018-17796,0.00885,0.26162
CVE-2018-17797,0.01055,0.50287
CVE-2018-17798,0.01055,0.50287
CVE-2018-1780,0.0095,0.30554
CVE-2018-1781,0.0095,0.30554
CVE-2018-1782,0.00885,0.26162
CVE-2018-17825,0.00954,0.34522
CVE-2018-17826,0.00885,0.26162
CVE-2018-17827,0.01055,0.50287
CVE-2018-17828,0.00885,0.26162
CVE-2018-1783,0.00885,0.26162
CVE-2018-17830,0.00885,0.26162
CVE-2018-17831,0.00954,0.34522
CVE-2018-17832,0.02173,0.80027
CVE-2018-17835,0.00885,0.26162
CVE-2018-17836,0.01055,0.50287
CVE-2018-17837,0.00885,0.26162
CVE-2018-17838,0.00885,0.26162
CVE-2018-1784,0.00954,0.34522
CVE-2018-17840,0.01564,0.74439
CVE-2018-17841,0.01564,0.74439
CVE-2018-17842,0.01564,0.74439
CVE-2018-17843,0.01564,0.74439
CVE-2018-17846,0.00954,0.34522
CVE-2018-17847,0.00954,0.34522
CVE-2018-17848,0.00954,0.34522
CVE-2018-17849,0.00885,0.26162
CVE-2018-1785,0.00954,0.34522
CVE-2018-17852,0.00885,0.26162
CVE-2018-17854,0.01055,0.50287
CVE-2018-17855,0.0089,0.2856
CVE-2018-17856,0.02199,0.80273
CVE-2018-17857,0.0089,0.2856
CVE-2018-17858,0.00954,0.34522
CVE-2018-17859,0.0089,0.2856
CVE-2018-1786,0.00954,0.34522
CVE-2018-17860,0.00885,0.26162
CVE-2018-17861,0.01136,0.57949
CVE-2018-17862,0.01136,0.57949
CVE-2018-17865,0.01055,0.50287
CVE-2018-17866,0.01136,0.57949
CVE-2018-17867,0.01156,0.60033
CVE-2018-17868,0.00885,0.26162
CVE-2018-17869,0.00885,0.26162
CVE-2018-1787,0.00885,0.26162
CVE-2018-17870,0.00885,0.26162
CVE-2018-17871,0.0095,0.30554
CVE-2018-17872,0.0095,0.30554
CVE-2018-17874,0.00885,0.26162
CVE-2018-17875,0.01978,0.78447
CVE-2018-17876,0.00885,0.26162
CVE-2018-17877,0.00885,0.26162
CVE-2018-1788,0.0095,0.30554
CVE-2018-17880,0.00885,0.26162
CVE-2018-17881,0.00885,0.26162
CVE-2018-17882,0.00885,0.26162
CVE-2018-17884,0.00954,0.34522
CVE-2018-17886,0.00885,0.26162
CVE-2018-17888,0.32352,0.97498
CVE-2018-17889,0.00885,0.26162
CVE-2018-1789,0.00885,0.26162
CVE-2018-17890,0.0144,0.7265
CVE-2018-17891,0.00885,0.26162
CVE-2018-17892,0.01978,0.78447
CVE-2018-17893,0.05634,0.89764
CVE-2018-17894,0.00885,0.26162
CVE-2018-17895,0.05634,0.89764
CVE-2018-17896,0.00885,0.26162
CVE-2018-17897,0.05634,0.89764
CVE-2018-17898,0.00885,0.26162
CVE-2018-17899,0.04836,0.88802
CVE-2018-1790,0.00885,0.26162
CVE-2018-17900,0.00885,0.26162
CVE-2018-17901,0.01005,0.36332
CVE-2018-17902,0.00885,0.26162
CVE-2018-17903,0.00885,0.26162
CVE-2018-17904,0.00885,0.26162
CVE-2018-17905,0.00885,0.26162
CVE-2018-17906,0.00885,0.26162
CVE-2018-17907,0.00885,0.26162
CVE-2018-17908,0.0089,0.2856
CVE-2018-17909,0.01005,0.36332
CVE-2018-1791,0.00885,0.26162
CVE-2018-17910,0.04836,0.88802
CVE-2018-17911,0.01611,0.74874
CVE-2018-17912,0.00885,0.26162
CVE-2018-17913,0.01005,0.36332
CVE-2018-17914,0.0144,0.7265
CVE-2018-17915,0.00885,0.26162
CVE-2018-17916,0.01055,0.50287
CVE-2018-17917,0.00885,0.26162
CVE-2018-17918,0.00885,0.26162
CVE-2018-17919,0.00885,0.26162
CVE-2018-1792,0.0089,0.2856
CVE-2018-17921,0.00885,0.26162
CVE-2018-17922,0.00885,0.26162
CVE-2018-17923,0.00885,0.26162
CVE-2018-17924,0.00885,0.26162
CVE-2018-17925,0.00885,0.26162
CVE-2018-17926,0.00885,0.26162
CVE-2018-17927,0.01611,0.74874
CVE-2018-17928,0.00885,0.26162
CVE-2018-17929,0.01005,0.36332
CVE-2018-1793,0.00954,0.34522
CVE-2018-17930,0.05634,0.89764
CVE-2018-17931,0.01036,0.41241
CVE-2018-17932,0.00885,0.26162
CVE-2018-17933,0.00885,0.26162
CVE-2018-17934,0.18997,0.96157
CVE-2018-17935,0.00885,0.26162
CVE-2018-17936,0.19992,0.96223
CVE-2018-17937,0.05634,0.89764
CVE-2018-17938,0.00885,0.26162
CVE-2018-17939,0.00885,0.26162
CVE-2018-1794,0.00954,0.34522
CVE-2018-17942,0.01018,0.38792
CVE-2018-17944,0.00885,0.26162
CVE-2018-17946,0.00885,0.26162
CVE-2018-17947,0.00954,0.34522
CVE-2018-17948,0.00885,0.26162
CVE-2018-17949,0.00885,0.26162
CVE-2018-1795,0.00885,0.26162
CVE-2018-17950,0.00885,0.26162
CVE-2018-17952,0.00885,0.26162
CVE-2018-17953,0.00885,0.26162
CVE-2018-17954,0.00885,0.26162
CVE-2018-17955,0.00885,0.26162
CVE-2018-17956,0.00885,0.26162
CVE-2018-17957,0.00885,0.26162
CVE-2018-17958,0.01537,0.73595
CVE-2018-1796,0.00885,0.26162
CVE-2018-17960,0.01018,0.38792
CVE-2018-17962,0.01108,0.53389
CVE-2018-17963,0.01537,0.73595
CVE-2018-17964,0.00885,0.26162
CVE-2018-17965,0.00885,0.26162
CVE-2018-17966,0.00885,0.26162
CVE-2018-17967,0.00885,0.26162
CVE-2018-17968,0.00885,0.26162
CVE-2018-17969,0.01055,0.50287
CVE-2018-1797,0.01018,0.38792
CVE-2018-17972,0.01547,0.74085
CVE-2018-17974,0.00885,0.26162
CVE-2018-17975,0.00885,0.26162
CVE-2018-17976,0.00885,0.26162
CVE-2018-17977,0.00885,0.26162
CVE-2018-1798,0.01018,0.38792
CVE-2018-17980,0.02362,0.80685
CVE-2018-17981,0.00885,0.26162
CVE-2018-17983,0.00885,0.26162
CVE-2018-17984,0.01365,0.70715
CVE-2018-17985,0.01018,0.38792
CVE-2018-17986,0.00885,0.26162
CVE-2018-17987,0.00885,0.26162
CVE-2018-17988,0.01564,0.74439
CVE-2018-17989,0.00885,0.26162
CVE-2018-1799,0.0095,0.30554
CVE-2018-17990,0.01055,0.50287
CVE-2018-17996,0.08382,0.93597
CVE-2018-17997,0.02173,0.80027
CVE-2018-1800,0.00885,0.26162
CVE-2018-18004,0.01055,0.50287
CVE-2018-18005,0.01055,0.50287
CVE-2018-18006,0.00885,0.26162
CVE-2018-18007,0.01055,0.50287
CVE-2018-18008,0.01055,0.50287
CVE-2018-18009,0.01055,0.50287
CVE-2018-1801,0.01055,0.50287
CVE-2018-18013,0.01103,0.51945
CVE-2018-18014,0.00885,0.26162
CVE-2018-18016,0.00885,0.26162
CVE-2018-18017,0.00885,0.26162
CVE-2018-18018,0.00885,0.26162
CVE-2018-18019,0.00885,0.26162
CVE-2018-1802,0.0095,0.30554
CVE-2018-18020,0.01055,0.50287
CVE-2018-18021,0.01864,0.7628
CVE-2018-18023,0.00885,0.26162
CVE-2018-18024,0.01136,0.57949
CVE-2018-18025,0.01018,0.38792
CVE-2018-18029,0.00885,0.26162
CVE-2018-1803,0.01055,0.50287
CVE-2018-18035,0.01055,0.50287
CVE-2018-1804,0.00885,0.26162
CVE-2018-1805,0.00885,0.26162
CVE-2018-18056,0.00885,0.26162
CVE-2018-18058,0.00885,0.26162
CVE-2018-18059,0.00885,0.26162
CVE-2018-18060,0.00885,0.26162
CVE-2018-18061,0.00885,0.26162
CVE-2018-18062,0.01055,0.50287
CVE-2018-18064,0.00885,0.26162
CVE-2018-18065,0.01282,0.67298
CVE-2018-18066,0.01018,0.38792
CVE-2018-18068,0.0144,0.7265
CVE-2018-18070,0.00885,0.26162
CVE-2018-18071,0.00885,0.26162
CVE-2018-18073,0.02378,0.80704
CVE-2018-18074,0.02172,0.79917
CVE-2018-18075,0.01564,0.74439
CVE-2018-1808,0.0089,0.2856
CVE-2018-18082,0.00885,0.26162
CVE-2018-18083,0.0144,0.7265
CVE-2018-18084,0.00885,0.26162
CVE-2018-18086,0.00885,0.26162
CVE-2018-18087,0.00885,0.26162
CVE-2018-18088,0.01018,0.38792
CVE-2018-18089,0.00885,0.26162
CVE-2018-18090,0.00885,0.26162
CVE-2018-18091,0.00885,0.26162
CVE-2018-18093,0.00885,0.26162
CVE-2018-18094,0.00885,0.26162
CVE-2018-18095,0.01018,0.38792
CVE-2018-18096,0.00885,0.26162
CVE-2018-18097,0.00885,0.26162
CVE-2018-18098,0.00885,0.26162
CVE-2018-1812,0.00885,0.26162
CVE-2018-1813,0.00885,0.26162
CVE-2018-1814,0.00885,0.26162
CVE-2018-1815,0.00885,0.26162
CVE-2018-1817,0.00885,0.26162
CVE-2018-1818,0.00885,0.26162
CVE-2018-1819,0.01132,0.54372
CVE-2018-18190,0.00885,0.26162
CVE-2018-18191,0.01055,0.50287
CVE-2018-18192,0.00885,0.26162
CVE-2018-18193,0.00885,0.26162
CVE-2018-18194,0.00885,0.26162
CVE-2018-18195,0.00885,0.26162
CVE-2018-18196,0.00885,0.26162
CVE-2018-18197,0.00885,0.26162
CVE-2018-18198,0.00885,0.26162
CVE-2018-18199,0.00885,0.26162
CVE-2018-1820,0.0089,0.2856
CVE-2018-18200,0.00885,0.26162
CVE-2018-18201,0.00885,0.26162
CVE-2018-18202,0.00885,0.26162
CVE-2018-18203,0.01036,0.41241
CVE-2018-18205,0.01055,0.50287
CVE-2018-18206,0.00885,0.26162
CVE-2018-18207,0.00885,0.26162
CVE-2018-18208,0.00885,0.26162
CVE-2018-18209,0.00885,0.26162
CVE-2018-1821,0.08382,0.93597
CVE-2018-18210,0.00885,0.26162
CVE-2018-18211,0.00885,0.26162
CVE-2018-18215,0.00885,0.26162
CVE-2018-1822,0.00885,0.26162
CVE-2018-18223,0.00954,0.34522
CVE-2018-18224,0.00954,0.34522
CVE-2018-18225,0.01108,0.53389
CVE-2018-18226,0.01108,0.53389
CVE-2018-18227,0.01183,0.60428
CVE-2018-1823,0.0089,0.2856
CVE-2018-1824,0.0089,0.2856
CVE-2018-18240,0.01156,0.60033
CVE-2018-18242,0.00885,0.26162
CVE-2018-18244,0.01055,0.50287
CVE-2018-18245,0.0095,0.30554
CVE-2018-18246,0.00885,0.26162
CVE-2018-18247,0.00885,0.26162
CVE-2018-18248,0.00885,0.26162
CVE-2018-18249,0.00885,0.26162
CVE-2018-1825,0.0089,0.2856
CVE-2018-18250,0.00885,0.26162
CVE-2018-18251,0.01156,0.60033
CVE-2018-18252,0.00885,0.26162
CVE-2018-18253,0.00885,0.26162
CVE-2018-18254,0.00885,0.26162
CVE-2018-18255,0.00885,0.26162
CVE-2018-18256,0.00885,0.26162
CVE-2018-18257,0.00885,0.26162
CVE-2018-18258,0.00885,0.26162
CVE-2018-18259,0.00885,0.26162
CVE-2018-1826,0.00885,0.26162
CVE-2018-18260,0.00885,0.26162
CVE-2018-18261,0.00885,0.26162
CVE-2018-18262,0.00885,0.26162
CVE-2018-1827,0.00885,0.26162
CVE-2018-18270,0.00885,0.26162
CVE-2018-18271,0.00885,0.26162
CVE-2018-18274,0.00885,0.26162
CVE-2018-18276,0.00885,0.26162
CVE-2018-1828,0.00885,0.26162
CVE-2018-18281,0.01547,0.74085
CVE-2018-18282,0.00885,0.26162
CVE-2018-18284,0.01537,0.73595
CVE-2018-18285,0.0144,0.7265
CVE-2018-18286,0.0144,0.7265
CVE-2018-18287,0.01055,0.50287
CVE-2018-18288,0.00885,0.26162
CVE-2018-18289,0.00885,0.26162
CVE-2018-1829,0.0089,0.2856
CVE-2018-18290,0.00885,0.26162
CVE-2018-18291,0.01055,0.50287
CVE-2018-18296,0.00885,0.26162
CVE-2018-18307,0.00885,0.26162
CVE-2018-18308,0.02173,0.80027
CVE-2018-18309,0.01108,0.53389
CVE-2018-18310,0.01108,0.53389
CVE-2018-18311,0.02686,0.82061
CVE-2018-18312,0.02686,0.82061
CVE-2018-18313,0.02686,0.82061
CVE-2018-18314,0.02686,0.82061
CVE-2018-18315,0.00885,0.26162
CVE-2018-18316,0.00885,0.26162
CVE-2018-18317,0.00885,0.26162
CVE-2018-18318,0.00885,0.26162
CVE-2018-18319,0.01978,0.78447
CVE-2018-18320,0.01978,0.78447
CVE-2018-18322,0.02211,0.80357
CVE-2018-18323,0.00954,0.34522
CVE-2018-18324,0.00954,0.34522
CVE-2018-18325,0.00954,0.34522
CVE-2018-18327,0.0095,0.30554
CVE-2018-18328,0.0095,0.30554
CVE-2018-18329,0.0095,0.30554
CVE-2018-1833,0.01061,0.51015
CVE-2018-18330,0.00885,0.26162
CVE-2018-18331,0.00885,0.26162
CVE-2018-18332,0.00885,0.26162
CVE-2018-18334,0.01055,0.50287
CVE-2018-18335,0.01408,0.72072
CVE-2018-18336,0.01319,0.70416
CVE-2018-18337,0.01319,0.70416
CVE-2018-18338,0.01319,0.70416
CVE-2018-18339,0.01319,0.70416
CVE-2018-1834,0.0095,0.30554
CVE-2018-18340,0.01319,0.70416
CVE-2018-18341,0.01319,0.70416
CVE-2018-18342,0.05786,0.8994
CVE-2018-18343,0.01319,0.70416
CVE-2018-18344,0.01319,0.70416
CVE-2018-18345,0.01319,0.70416
CVE-2018-18346,0.01319,0.70416
CVE-2018-18347,0.01319,0.70416
CVE-2018-18348,0.01319,0.70416
CVE-2018-18349,0.01108,0.53389
CVE-2018-1835,0.01055,0.50287
CVE-2018-18350,0.01319,0.70416
CVE-2018-18351,0.01319,0.70416
CVE-2018-18352,0.01319,0.70416
CVE-2018-18353,0.01319,0.70416
CVE-2018-18354,0.01319,0.70416
CVE-2018-18355,0.01319,0.70416
CVE-2018-18356,0.03407,0.83908
CVE-2018-18357,0.01319,0.70416
CVE-2018-18358,0.01108,0.53389
CVE-2018-18359,0.01319,0.70416
CVE-2018-1836,0.0089,0.2856
CVE-2018-18361,0.00885,0.26162
CVE-2018-18362,0.00885,0.26162
CVE-2018-18363,0.00885,0.26162
CVE-2018-18364,0.00885,0.26162
CVE-2018-18365,0.00885,0.26162
CVE-2018-18366,0.00885,0.26162
CVE-2018-18367,0.01005,0.36332
CVE-2018-18369,0.01005,0.36332
CVE-2018-18370,0.01055,0.50287
CVE-2018-18371,0.00885,0.26162
CVE-2018-18372,0.00885,0.26162
CVE-2018-18373,0.00885,0.26162
CVE-2018-18374,0.00885,0.26162
CVE-2018-18375,0.00885,0.26162
CVE-2018-18376,0.01055,0.50287
CVE-2018-18377,0.00885,0.26162
CVE-2018-18379,0.00954,0.34522
CVE-2018-1838,0.01055,0.50287
CVE-2018-18380,0.00954,0.34522
CVE-2018-18381,0.00885,0.26162
CVE-2018-18382,0.03059,0.82941
CVE-2018-18384,0.01018,0.38792
CVE-2018-18385,0.01055,0.50287
CVE-2018-18386,0.01034,0.39824
CVE-2018-18388,0.00885,0.26162
CVE-2018-18389,0.00885,0.26162
CVE-2018-18390,0.00885,0.26162
CVE-2018-18391,0.00885,0.26162
CVE-2018-18392,0.00885,0.26162
CVE-2018-18393,0.00885,0.26162
CVE-2018-18394,0.00885,0.26162
CVE-2018-18395,0.00885,0.26162
CVE-2018-18396,0.01156,0.60033
CVE-2018-18397,0.01547,0.74085
CVE-2018-18398,0.00885,0.26162
CVE-2018-18399,0.01055,0.50287
CVE-2018-1840,0.01136,0.57949
CVE-2018-18405,0.01018,0.38792
CVE-2018-18406,0.07308,0.9216
CVE-2018-18407,0.01018,0.38792
CVE-2018-18408,0.01018,0.38792
CVE-2018-18409,0.01018,0.38792
CVE-2018-1841,0.0089,0.2856
CVE-2018-18416,0.02192,0.80195
CVE-2018-18417,0.02192,0.80195
CVE-2018-18419,0.02192,0.80195
CVE-2018-1842,0.0095,0.30554
CVE-2018-18420,0.00885,0.26162
CVE-2018-18422,0.00885,0.26162
CVE-2018-18425,0.00885,0.26162
CVE-2018-18426,0.01055,0.50287
CVE-2018-18427,0.00885,0.26162
CVE-2018-18428,0.08382,0.93597
CVE-2018-1843,0.00885,0.26162
CVE-2018-18430,0.00885,0.26162
CVE-2018-18431,0.00885,0.26162
CVE-2018-18432,0.00885,0.26162
CVE-2018-18433,0.00885,0.26162
CVE-2018-18434,0.00885,0.26162
CVE-2018-18435,0.02189,0.80123
CVE-2018-18436,0.00885,0.26162
CVE-2018-18437,0.02173,0.80027
CVE-2018-18438,0.0095,0.30554
CVE-2018-18439,0.00885,0.26162
CVE-2018-1844,0.01055,0.50287
CVE-2018-18440,0.00885,0.26162
CVE-2018-18441,0.00885,0.26162
CVE-2018-18442,0.00885,0.26162
CVE-2018-18443,0.01018,0.38792
CVE-2018-18444,0.01108,0.53389
CVE-2018-18445,0.01547,0.74085
CVE-2018-18449,0.00885,0.26162
CVE-2018-1845,0.01055,0.50287
CVE-2018-18450,0.00885,0.26162
CVE-2018-18454,0.01055,0.50287
CVE-2018-18455,0.01055,0.50287
CVE-2018-18456,0.01055,0.50287
CVE-2018-18457,0.01055,0.50287
CVE-2018-18458,0.01055,0.50287
CVE-2018-18459,0.01055,0.50287
CVE-2018-1846,0.01055,0.50287
CVE-2018-18460,0.00885,0.26162
CVE-2018-18461,0.01978,0.78447
CVE-2018-18466,0.00885,0.26162
CVE-2018-18467,0.00885,0.26162
CVE-2018-1847,0.01055,0.50287
CVE-2018-18471,0.01978,0.78447
CVE-2018-18472,0.05634,0.89764
CVE-2018-18473,0.01978,0.78447
CVE-2018-18475,0.00885,0.26162
CVE-2018-18476,0.00885,0.26162
CVE-2018-18478,0.01213,0.6557
CVE-2018-1848,0.00954,0.34522
CVE-2018-18480,0.00885,0.26162
CVE-2018-18481,0.00885,0.26162
CVE-2018-18482,0.00885,0.26162
CVE-2018-18483,0.01319,0.70416
CVE-2018-18484,0.01108,0.53389
CVE-2018-18485,0.01055,0.50287
CVE-2018-18486,0.00885,0.26162
CVE-2018-18487,0.00885,0.26162
CVE-2018-18488,0.00885,0.26162
CVE-2018-18489,0.01055,0.50287
CVE-2018-18492,0.02686,0.82061
CVE-2018-18493,0.02686,0.82061
CVE-2018-18494,0.02686,0.82061
CVE-2018-18495,0.01018,0.38792
CVE-2018-18496,0.00954,0.34522
CVE-2018-18497,0.01018,0.38792
CVE-2018-18498,0.02686,0.82061
CVE-2018-18499,0.01018,0.38792
CVE-2018-1850,0.0089,0.2856
CVE-2018-18501,0.02686,0.82061
CVE-2018-18502,0.00954,0.34522
CVE-2018-18503,0.00954,0.34522
CVE-2018-18504,0.00954,0.34522
CVE-2018-18505,0.02686,0.82061
CVE-2018-18506,0.02686,0.82061
CVE-2018-18508,0.01018,0.38792
CVE-2018-18509,0.01537,0.73595
CVE-2018-1851,0.05634,0.89764
CVE-2018-18510,0.00885,0.26162
CVE-2018-18511,0.02686,0.82061
CVE-2018-18512,0.00885,0.26162
CVE-2018-18513,0.00885,0.26162
CVE-2018-18517,0.0089,0.2856
CVE-2018-18519,0.00885,0.26162
CVE-2018-18520,0.01108,0.53389
CVE-2018-18521,0.01319,0.70416
CVE-2018-18524,0.01689,0.75137
CVE-2018-18527,0.01564,0.74439
CVE-2018-18529,0.00885,0.26162
CVE-2018-1853,0.01055,0.50287
CVE-2018-18530,0.00885,0.26162
CVE-2018-18531,0.01055,0.50287
CVE-2018-18535,0.0095,0.30554
CVE-2018-18536,0.0095,0.30554
CVE-2018-18537,0.0095,0.30554
CVE-2018-18540,0.00885,0.26162
CVE-2018-18541,0.01319,0.70416
CVE-2018-18544,0.01018,0.38792
CVE-2018-18545,0.00885,0.26162
CVE-2018-18546,0.00885,0.26162
CVE-2018-18547,0.00885,0.26162
CVE-2018-18548,0.02173,0.80027
CVE-2018-18550,0.00885,0.26162
CVE-2018-18551,0.00885,0.26162
CVE-2018-18552,0.00885,0.26162
CVE-2018-18553,0.00885,0.26162
CVE-2018-18555,0.00885,0.26162
CVE-2018-18556,0.1247,0.95138
CVE-2018-18557,0.16168,0.95904
CVE-2018-18558,0.01005,0.36332
CVE-2018-18559,0.01537,0.73595
CVE-2018-18561,0.00885,0.26162
CVE-2018-18562,0.00885,0.26162
CVE-2018-18563,0.01005,0.36332
CVE-2018-18564,0.00885,0.26162
CVE-2018-18565,0.00885,0.26162
CVE-2018-18566,0.01136,0.57949
CVE-2018-18567,0.00954,0.34522
CVE-2018-18568,0.00885,0.26162
CVE-2018-18569,0.00885,0.26162
CVE-2018-1857,0.0095,0.30554
CVE-2018-18570,0.00885,0.26162
CVE-2018-18571,0.00885,0.26162
CVE-2018-18572,0.01156,0.60033
CVE-2018-18573,0.01156,0.60033
CVE-2018-18576,0.00885,0.26162
CVE-2018-18578,0.00885,0.26162
CVE-2018-18579,0.00885,0.26162
CVE-2018-1858,0.01018,0.38792
CVE-2018-18581,0.00885,0.26162
CVE-2018-18582,0.00885,0.26162
CVE-2018-18583,0.00885,0.26162
CVE-2018-18584,0.01537,0.73595
CVE-2018-18585,0.01537,0.73595
CVE-2018-18586,0.01018,0.38792
CVE-2018-18587,0.00885,0.26162
CVE-2018-18589,0.01156,0.60033
CVE-2018-1859,0.0089,0.2856
CVE-2018-18590,0.01103,0.51945
CVE-2018-18591,0.00885,0.26162
CVE-2018-18593,0.01055,0.50287
CVE-2018-18599,0.00885,0.26162
CVE-2018-18600,0.02055,0.7893
CVE-2018-18601,0.00885,0.26162
CVE-2018-18602,0.00885,0.26162
CVE-2018-18603,0.00885,0.26162
CVE-2018-18605,0.01319,0.70416
CVE-2018-18606,0.01319,0.70416
CVE-2018-18607,0.01319,0.70416
CVE-2018-18608,0.00885,0.26162
CVE-2018-18619,0.01564,0.74439
CVE-2018-18621,0.00885,0.26162
CVE-2018-18622,0.00885,0.26162
CVE-2018-18623,0.01018,0.38792
CVE-2018-18624,0.00885,0.26162
CVE-2018-18625,0.00885,0.26162
CVE-2018-18626,0.00885,0.26162
CVE-2018-18628,0.01156,0.60033
CVE-2018-18629,0.02042,0.78565
CVE-2018-18630,0.00885,0.26162
CVE-2018-18631,0.00885,0.26162
CVE-2018-18635,0.00885,0.26162
CVE-2018-18636,0.00885,0.26162
CVE-2018-18638,0.02055,0.7893
CVE-2018-18640,0.00885,0.26162
CVE-2018-18641,0.00885,0.26162
CVE-2018-18642,0.00885,0.26162
CVE-2018-18643,0.00954,0.34522
CVE-2018-18644,0.00885,0.26162
CVE-2018-18645,0.00885,0.26162
CVE-2018-18646,0.00885,0.26162
CVE-2018-18647,0.00885,0.26162
CVE-2018-18648,0.00885,0.26162
CVE-2018-18650,0.00885,0.26162
CVE-2018-18651,0.00885,0.26162
CVE-2018-18652,0.01978,0.78447
CVE-2018-18653,0.0089,0.2856
CVE-2018-18654,0.00885,0.26162
CVE-2018-18655,0.00885,0.26162
CVE-2018-18656,0.00885,0.26162
CVE-2018-18657,0.00954,0.34522
CVE-2018-18658,0.00954,0.34522
CVE-2018-18659,0.00954,0.34522
CVE-2018-18660,0.00954,0.34522
CVE-2018-18661,0.01018,0.38792
CVE-2018-18662,0.01018,0.38792
CVE-2018-18665,0.00954,0.34522
CVE-2018-18666,0.00954,0.34522
CVE-2018-18667,0.00954,0.34522
CVE-2018-18668,0.01136,0.57949
CVE-2018-18669,0.01136,0.57949
CVE-2018-18670,0.01136,0.57949
CVE-2018-18671,0.01136,0.57949
CVE-2018-18672,0.01136,0.57949
CVE-2018-18673,0.01136,0.57949
CVE-2018-18674,0.01136,0.57949
CVE-2018-18675,0.01136,0.57949
CVE-2018-18676,0.01136,0.57949
CVE-2018-18678,0.01136,0.57949
CVE-2018-18688,0.01018,0.38792
CVE-2018-18689,0.01018,0.38792
CVE-2018-18690,0.01547,0.74085
CVE-2018-18692,0.01055,0.50287
CVE-2018-18694,0.01055,0.50287
CVE-2018-18695,0.00885,0.26162
CVE-2018-18696,0.00954,0.34522
CVE-2018-18698,0.00885,0.26162
CVE-2018-18699,0.00885,0.26162
CVE-2018-18700,0.01136,0.57949
CVE-2018-18701,0.01136,0.57949
CVE-2018-18702,0.00885,0.26162
CVE-2018-18703,0.00885,0.26162
CVE-2018-18704,0.01564,0.74439
CVE-2018-18705,0.00885,0.26162
CVE-2018-18706,0.00885,0.26162
CVE-2018-18707,0.00885,0.26162
CVE-2018-18708,0.00885,0.26162
CVE-2018-18709,0.00885,0.26162
CVE-2018-1871,0.0089,0.2856
CVE-2018-18710,0.01547,0.74085
CVE-2018-18711,0.00885,0.26162
CVE-2018-18712,0.00885,0.26162
CVE-2018-18713,0.01055,0.50287
CVE-2018-18715,0.0176,0.7531
CVE-2018-18716,0.0176,0.7531
CVE-2018-18717,0.00885,0.26162
CVE-2018-18718,0.00885,0.26162
CVE-2018-1872,0.0089,0.2856
CVE-2018-18720,0.00885,0.26162
CVE-2018-18721,0.00885,0.26162
CVE-2018-18722,0.00885,0.26162
CVE-2018-18723,0.00885,0.26162
CVE-2018-18724,0.00885,0.26162
CVE-2018-18725,0.00885,0.26162
CVE-2018-18726,0.00885,0.26162
CVE-2018-18727,0.00885,0.26162
CVE-2018-18728,0.01156,0.60033
CVE-2018-18729,0.00885,0.26162
CVE-2018-18730,0.00885,0.26162
CVE-2018-18731,0.00885,0.26162
CVE-2018-18732,0.00885,0.26162
CVE-2018-18733,0.00885,0.26162
CVE-2018-18734,0.00885,0.26162
CVE-2018-18735,0.00885,0.26162
CVE-2018-18736,0.00885,0.26162
CVE-2018-18737,0.00885,0.26162
CVE-2018-18738,0.00885,0.26162
CVE-2018-18739,0.00885,0.26162
CVE-2018-1874,0.00954,0.34522
CVE-2018-18740,0.00885,0.26162
CVE-2018-18741,0.00885,0.26162
CVE-2018-18742,0.00885,0.26162
CVE-2018-18743,0.00885,0.26162
CVE-2018-18744,0.00885,0.26162
CVE-2018-18745,0.00885,0.26162
CVE-2018-18748,0.00885,0.26162
CVE-2018-18749,0.00885,0.26162
CVE-2018-1875,0.01055,0.50287
CVE-2018-18751,0.01183,0.60428
CVE-2018-18752,0.00885,0.26162
CVE-2018-18753,0.01055,0.50287
CVE-2018-18754,0.00885,0.26162
CVE-2018-18755,0.01564,0.74439
CVE-2018-18756,0.00885,0.26162
CVE-2018-18757,0.01564,0.74439
CVE-2018-18758,0.01564,0.74439
CVE-2018-18759,0.08382,0.93597
CVE-2018-1876,0.00885,0.26162
CVE-2018-18760,0.08382,0.93597
CVE-2018-18761,0.01564,0.74439
CVE-2018-18762,0.08382,0.93597
CVE-2018-18763,0.01564,0.74439
CVE-2018-18764,0.00885,0.26162
CVE-2018-18765,0.00885,0.26162
CVE-2018-18766,0.00885,0.26162
CVE-2018-18767,0.00885,0.26162
CVE-2018-1877,0.00885,0.26162
CVE-2018-18771,0.00885,0.26162
CVE-2018-18772,0.00954,0.34522
CVE-2018-18773,0.00954,0.34522
CVE-2018-18774,0.00954,0.34522
CVE-2018-18775,0.00885,0.26162
CVE-2018-18776,0.00885,0.26162
CVE-2018-18777,0.01055,0.50287
CVE-2018-1878,0.00885,0.26162
CVE-2018-18781,0.00885,0.26162
CVE-2018-18782,0.00885,0.26162
CVE-2018-18783,0.00885,0.26162
CVE-2018-18784,0.00885,0.26162
CVE-2018-18785,0.00885,0.26162
CVE-2018-18786,0.00885,0.26162
CVE-2018-18787,0.00885,0.26162
CVE-2018-18788,0.00885,0.26162
CVE-2018-18789,0.00885,0.26162
CVE-2018-18790,0.00885,0.26162
CVE-2018-18791,0.00885,0.26162
CVE-2018-18792,0.00885,0.26162
CVE-2018-18793,0.08382,0.93597
CVE-2018-18794,0.08382,0.93597
CVE-2018-18795,0.01564,0.74439
CVE-2018-18796,0.00885,0.26162
CVE-2018-18797,0.08382,0.93597
CVE-2018-18798,0.01564,0.74439
CVE-2018-18799,0.08382,0.93597
CVE-2018-18800,0.01564,0.74439
CVE-2018-18801,0.01564,0.74439
CVE-2018-18802,0.08382,0.93597
CVE-2018-18803,0.01564,0.74439
CVE-2018-18804,0.01564,0.74439
CVE-2018-18805,0.01564,0.74439
CVE-2018-18806,0.00885,0.26162
CVE-2018-18807,0.0089,0.2856
CVE-2018-18808,0.0089,0.2856
CVE-2018-18809,0.01034,0.39824
CVE-2018-18810,0.00885,0.26162
CVE-2018-18812,0.0089,0.2856
CVE-2018-18813,0.00954,0.34522
CVE-2018-18814,0.00954,0.34522
CVE-2018-18815,0.01018,0.38792
CVE-2018-18816,0.0089,0.2856
CVE-2018-18817,0.01055,0.50287
CVE-2018-18819,0.0144,0.7265
CVE-2018-1882,0.0095,0.30554
CVE-2018-18820,0.03693,0.843
CVE-2018-18822,0.01564,0.74439
CVE-2018-18823,0.0095,0.30554
CVE-2018-18824,0.0095,0.30554
CVE-2018-18825,0.00885,0.26162
CVE-2018-18826,0.00885,0.26162
CVE-2018-18827,0.00885,0.26162
CVE-2018-18828,0.00885,0.26162
CVE-2018-18829,0.00885,0.26162
CVE-2018-1883,0.00954,0.34522
CVE-2018-18830,0.00885,0.26162
CVE-2018-18831,0.00885,0.26162
CVE-2018-18832,0.00885,0.26162
CVE-2018-18834,0.00885,0.26162
CVE-2018-18835,0.01055,0.50287
CVE-2018-18836,0.01018,0.38792
CVE-2018-18837,0.01018,0.38792
CVE-2018-18838,0.00954,0.34522
CVE-2018-1884,0.04836,0.88802
CVE-2018-18840,0.00885,0.26162
CVE-2018-18841,0.00885,0.26162
CVE-2018-18842,0.01055,0.50287
CVE-2018-18843,0.00885,0.26162
CVE-2018-18845,0.01055,0.50287
CVE-2018-18849,0.01282,0.67298
CVE-2018-1885,0.00954,0.34522
CVE-2018-18850,0.01156,0.60033
CVE-2018-18853,0.01055,0.50287
CVE-2018-18854,0.01055,0.50287
CVE-2018-18856,0.0089,0.2856
CVE-2018-18857,0.0089,0.2856
CVE-2018-18858,0.0089,0.2856
CVE-2018-18859,0.0089,0.2856
CVE-2018-1886,0.00885,0.26162
CVE-2018-18860,0.01832,0.76196
CVE-2018-18861,0.01156,0.60033
CVE-2018-18862,0.0089,0.2856
CVE-2018-18863,0.00885,0.26162
CVE-2018-18864,0.00885,0.26162
CVE-2018-18865,0.08382,0.93597
CVE-2018-18867,0.00885,0.26162
CVE-2018-18868,0.00885,0.26162
CVE-2018-18869,0.01156,0.60033
CVE-2018-1887,0.00885,0.26162
CVE-2018-18871,0.01055,0.50287
CVE-2018-18872,0.00885,0.26162
CVE-2018-18873,0.01108,0.53389
CVE-2018-18874,0.01055,0.50287
CVE-2018-18875,0.01055,0.50287
CVE-2018-18876,0.00885,0.26162
CVE-2018-18877,0.00885,0.26162
CVE-2018-18878,0.01055,0.50287
CVE-2018-18879,0.00885,0.26162
CVE-2018-1888,0.01559,0.742
CVE-2018-18880,0.01055,0.50287
CVE-2018-18881,0.00885,0.26162
CVE-2018-18882,0.00885,0.26162
CVE-2018-18883,0.0089,0.2856
CVE-2018-18886,0.00885,0.26162
CVE-2018-18887,0.00885,0.26162
CVE-2018-18888,0.00885,0.26162
CVE-2018-1889,0.0089,0.2856
CVE-2018-18890,0.00885,0.26162
CVE-2018-18891,0.00885,0.26162
CVE-2018-18892,0.0144,0.7265
CVE-2018-18893,0.00885,0.26162
CVE-2018-18894,0.00885,0.26162
CVE-2018-18897,0.01018,0.38792
CVE-2018-18898,0.01213,0.6557
CVE-2018-1890,0.0095,0.30554
CVE-2018-18903,0.05634,0.89764
CVE-2018-18907,0.00954,0.34522
CVE-2018-18908,0.00885,0.26162
CVE-2018-18909,0.00885,0.26162
CVE-2018-1891,0.0089,0.2856
CVE-2018-18912,0.01156,0.60033
CVE-2018-18913,0.00885,0.26162
CVE-2018-18915,0.01055,0.50287
CVE-2018-18919,0.00885,0.26162
CVE-2018-1892,0.00885,0.26162
CVE-2018-18920,0.02509,0.81058
CVE-2018-18921,0.00885,0.26162
CVE-2018-18922,0.08382,0.93597
CVE-2018-18923,0.01564,0.74439
CVE-2018-18924,0.05164,0.89136
CVE-2018-18926,0.01156,0.60033
CVE-2018-18927,0.00885,0.26162
CVE-2018-18928,0.00954,0.34522
CVE-2018-18929,0.00885,0.26162
CVE-2018-1893,0.00885,0.26162
CVE-2018-18930,0.01424,0.72364
CVE-2018-18931,0.00885,0.26162
CVE-2018-18933,0.01213,0.6557
CVE-2018-18934,0.00885,0.26162
CVE-2018-18935,0.00885,0.26162
CVE-2018-18936,0.01055,0.50287
CVE-2018-18937,0.00885,0.26162
CVE-2018-18938,0.00885,0.26162
CVE-2018-18939,0.00885,0.26162
CVE-2018-18940,0.01055,0.50287
CVE-2018-18941,0.00885,0.26162
CVE-2018-18942,0.01061,0.51015
CVE-2018-18943,0.00885,0.26162
CVE-2018-18944,0.08382,0.93597
CVE-2018-18949,0.00885,0.26162
CVE-2018-1895,0.00885,0.26162
CVE-2018-18950,0.00885,0.26162
CVE-2018-18952,0.00885,0.26162
CVE-2018-18954,0.01034,0.39824
CVE-2018-18956,0.01136,0.57949
CVE-2018-18957,0.08382,0.93597
CVE-2018-18958,0.00885,0.26162
CVE-2018-18959,0.00885,0.26162
CVE-2018-1896,0.0089,0.2856
CVE-2018-18960,0.00885,0.26162
CVE-2018-18963,0.00885,0.26162
CVE-2018-18964,0.00885,0.26162
CVE-2018-18965,0.00885,0.26162
CVE-2018-18966,0.00885,0.26162
CVE-2018-1897,0.01365,0.70715
CVE-2018-18975,0.00885,0.26162
CVE-2018-18976,0.00885,0.26162
CVE-2018-18977,0.00885,0.26162
CVE-2018-18978,0.00885,0.26162
CVE-2018-18979,0.00885,0.26162
CVE-2018-18980,0.00885,0.26162
CVE-2018-18981,0.01055,0.50287
CVE-2018-18982,0.30109,0.97374
CVE-2018-18983,0.01689,0.75137
CVE-2018-18984,0.00885,0.26162
CVE-2018-18985,0.01055,0.50287
CVE-2018-18986,0.01611,0.74874
CVE-2018-18987,0.01689,0.75137
CVE-2018-18988,0.01689,0.75137
CVE-2018-18989,0.01005,0.36332
CVE-2018-1899,0.00885,0.26162
CVE-2018-18990,0.00885,0.26162
CVE-2018-18991,0.00885,0.26162
CVE-2018-18992,0.00885,0.26162
CVE-2018-18993,0.01005,0.36332
CVE-2018-18994,0.00885,0.26162
CVE-2018-18995,0.00885,0.26162
CVE-2018-18996,0.00885,0.26162
CVE-2018-18997,0.00885,0.26162
CVE-2018-18998,0.00885,0.26162
CVE-2018-18999,0.00954,0.34522
CVE-2018-1900,0.0089,0.2856
CVE-2018-19000,0.00885,0.26162
CVE-2018-19001,0.00885,0.26162
CVE-2018-19002,0.01611,0.74874
CVE-2018-19003,0.00885,0.26162
CVE-2018-19004,0.00885,0.26162
CVE-2018-19005,0.01005,0.36332
CVE-2018-19006,0.00885,0.26162
CVE-2018-19007,0.02055,0.7893
CVE-2018-19008,0.01005,0.36332
CVE-2018-19009,0.00885,0.26162
CVE-2018-1901,0.01055,0.50287
CVE-2018-19010,0.00885,0.26162
CVE-2018-19011,0.0144,0.7265
CVE-2018-19012,0.00885,0.26162
CVE-2018-19013,0.00885,0.26162
CVE-2018-19014,0.00885,0.26162
CVE-2018-19015,0.01005,0.36332
CVE-2018-19016,0.01055,0.50287
CVE-2018-19017,0.0144,0.7265
CVE-2018-19018,0.01036,0.41241
CVE-2018-19019,0.01005,0.36332
CVE-2018-1902,0.01061,0.51015
CVE-2018-19020,0.00885,0.26162
CVE-2018-19021,0.00885,0.26162
CVE-2018-19023,0.00885,0.26162
CVE-2018-19025,0.00885,0.26162
CVE-2018-19027,0.01005,0.36332
CVE-2018-19029,0.01611,0.74874
CVE-2018-1903,0.00885,0.26162
CVE-2018-19031,0.02055,0.7893
CVE-2018-19036,0.01086,0.51674
CVE-2018-19037,0.08382,0.93597
CVE-2018-19039,0.01232,0.66248
CVE-2018-1904,0.01136,0.57949
CVE-2018-19040,0.00885,0.26162
CVE-2018-19041,0.00885,0.26162
CVE-2018-19042,0.00885,0.26162
CVE-2018-19043,0.00885,0.26162
CVE-2018-19044,0.0095,0.30554
CVE-2018-19045,0.01018,0.38792
CVE-2018-19046,0.0089,0.2856
CVE-2018-19047,0.00885,0.26162
CVE-2018-1905,0.01061,0.51015
CVE-2018-19050,0.00885,0.26162
CVE-2018-19051,0.00885,0.26162
CVE-2018-19053,0.01055,0.50287
CVE-2018-19056,0.00885,0.26162
CVE-2018-19057,0.00885,0.26162
CVE-2018-19058,0.01018,0.38792
CVE-2018-19059,0.00954,0.34522
CVE-2018-1906,0.0089,0.2856
CVE-2018-19060,0.00954,0.34522
CVE-2018-19061,0.00885,0.26162
CVE-2018-19063,0.00885,0.26162
CVE-2018-19064,0.00885,0.26162
CVE-2018-19065,0.00885,0.26162
CVE-2018-19066,0.00885,0.26162
CVE-2018-19067,0.00885,0.26162
CVE-2018-19068,0.00885,0.26162
CVE-2018-19069,0.00885,0.26162
CVE-2018-19070,0.01055,0.50287
CVE-2018-19071,0.00885,0.26162
CVE-2018-19072,0.00885,0.26162
CVE-2018-19073,0.00885,0.26162
CVE-2018-19074,0.00885,0.26162
CVE-2018-19075,0.01055,0.50287
CVE-2018-19076,0.00885,0.26162
CVE-2018-19077,0.01055,0.50287
CVE-2018-19078,0.00885,0.26162
CVE-2018-19079,0.00885,0.26162
CVE-2018-1908,0.0089,0.2856
CVE-2018-19080,0.00885,0.26162
CVE-2018-19081,0.01055,0.50287
CVE-2018-19082,0.01055,0.50287
CVE-2018-19083,0.00885,0.26162
CVE-2018-19084,0.01036,0.41241
CVE-2018-19085,0.01036,0.41241
CVE-2018-19086,0.01036,0.41241
CVE-2018-19087,0.01036,0.41241
CVE-2018-19089,0.00885,0.26162
CVE-2018-19090,0.00885,0.26162
CVE-2018-19091,0.00885,0.26162
CVE-2018-19092,0.00885,0.26162
CVE-2018-19093,0.00885,0.26162
CVE-2018-1910,0.0089,0.2856
CVE-2018-19104,0.00885,0.26162
CVE-2018-19105,0.01055,0.50287
CVE-2018-19106,0.00885,0.26162
CVE-2018-19107,0.01018,0.38792
CVE-2018-19108,0.01108,0.53389
CVE-2018-19109,0.01055,0.50287
CVE-2018-1911,0.00885,0.26162
CVE-2018-19110,0.01055,0.50287
CVE-2018-19111,0.00885,0.26162
CVE-2018-19113,0.01832,0.76196
CVE-2018-19114,0.00885,0.26162
CVE-2018-19115,0.01537,0.73595
CVE-2018-19118,0.01055,0.50287
CVE-2018-1912,0.00885,0.26162
CVE-2018-19120,0.00885,0.26162
CVE-2018-19121,0.00885,0.26162
CVE-2018-19122,0.00885,0.26162
CVE-2018-19124,0.01136,0.57949
CVE-2018-19128,0.00885,0.26162
CVE-2018-19129,0.00885,0.26162
CVE-2018-1913,0.0089,0.2856
CVE-2018-19130,0.00885,0.26162
CVE-2018-19132,0.01108,0.53389
CVE-2018-19133,0.00885,0.26162
CVE-2018-19134,0.01719,0.75183
CVE-2018-19135,0.08382,0.93597
CVE-2018-19136,0.02173,0.80027
CVE-2018-19137,0.00885,0.26162
CVE-2018-19138,0.08382,0.93597
CVE-2018-19139,0.01108,0.53389
CVE-2018-1914,0.0089,0.2856
CVE-2018-19141,0.00885,0.26162
CVE-2018-19142,0.00885,0.26162
CVE-2018-19143,0.00885,0.26162
CVE-2018-19145,0.00885,0.26162
CVE-2018-19146,0.0095,0.30554
CVE-2018-19148,0.00954,0.34522
CVE-2018-19149,0.01108,0.53389
CVE-2018-19150,0.01055,0.50287
CVE-2018-19151,0.01055,0.50287
CVE-2018-19152,0.01055,0.50287
CVE-2018-19153,0.01055,0.50287
CVE-2018-19154,0.01055,0.50287
CVE-2018-19155,0.01055,0.50287
CVE-2018-19156,0.01055,0.50287
CVE-2018-19157,0.01055,0.50287
CVE-2018-19158,0.01136,0.57949
CVE-2018-19159,0.01055,0.50287
CVE-2018-1916,0.0089,0.2856
CVE-2018-19160,0.01055,0.50287
CVE-2018-19161,0.01055,0.50287
CVE-2018-19162,0.01055,0.50287
CVE-2018-19163,0.01055,0.50287
CVE-2018-19164,0.01055,0.50287
CVE-2018-19165,0.01055,0.50287
CVE-2018-19166,0.01055,0.50287
CVE-2018-19167,0.01055,0.50287
CVE-2018-19168,0.01156,0.60033
CVE-2018-1917,0.0089,0.2856
CVE-2018-19170,0.00885,0.26162
CVE-2018-19178,0.00885,0.26162
CVE-2018-1918,0.0089,0.2856
CVE-2018-19180,0.01055,0.50287
CVE-2018-19181,0.00885,0.26162
CVE-2018-19182,0.00885,0.26162
CVE-2018-19183,0.00885,0.26162
CVE-2018-19184,0.00885,0.26162
CVE-2018-19185,0.00885,0.26162
CVE-2018-19186,0.00885,0.26162
CVE-2018-19187,0.00885,0.26162
CVE-2018-19188,0.00954,0.34522
CVE-2018-19189,0.00885,0.26162
CVE-2018-19190,0.00885,0.26162
CVE-2018-19191,0.00885,0.26162
CVE-2018-19192,0.00885,0.26162
CVE-2018-19193,0.00885,0.26162
CVE-2018-19194,0.00885,0.26162
CVE-2018-19195,0.00885,0.26162
CVE-2018-19196,0.01978,0.78447
CVE-2018-19197,0.00885,0.26162
CVE-2018-19198,0.01018,0.38792
CVE-2018-19199,0.01018,0.38792
CVE-2018-1920,0.01061,0.51015
CVE-2018-19200,0.00954,0.34522
CVE-2018-19201,0.01055,0.50287
CVE-2018-19202,0.01055,0.50287
CVE-2018-19203,0.01136,0.57949
CVE-2018-19204,0.04571,0.88388
CVE-2018-19205,0.00885,0.26162
CVE-2018-19206,0.00954,0.34522
CVE-2018-19208,0.00885,0.26162
CVE-2018-19209,0.00885,0.26162
CVE-2018-1921,0.00885,0.26162
CVE-2018-19210,0.01537,0.73595
CVE-2018-19211,0.00885,0.26162
CVE-2018-19212,0.00885,0.26162
CVE-2018-19213,0.00885,0.26162
CVE-2018-19214,0.01018,0.38792
CVE-2018-19215,0.01018,0.38792
CVE-2018-19216,0.01018,0.38792
CVE-2018-19217,0.00885,0.26162
CVE-2018-19218,0.00885,0.26162
CVE-2018-19219,0.00885,0.26162
CVE-2018-1922,0.01365,0.70715
CVE-2018-19220,0.01055,0.50287
CVE-2018-19221,0.00885,0.26162
CVE-2018-19222,0.00885,0.26162
CVE-2018-19223,0.00885,0.26162
CVE-2018-19224,0.00885,0.26162
CVE-2018-19225,0.00885,0.26162
CVE-2018-19226,0.01055,0.50287
CVE-2018-19227,0.00885,0.26162
CVE-2018-19228,0.00885,0.26162
CVE-2018-19229,0.00885,0.26162
CVE-2018-1923,0.01365,0.70715
CVE-2018-19232,0.01055,0.50287
CVE-2018-19233,0.01365,0.70715
CVE-2018-19234,0.04571,0.88388
CVE-2018-19239,0.01055,0.50287
CVE-2018-19240,0.00885,0.26162
CVE-2018-19241,0.00885,0.26162
CVE-2018-19242,0.00885,0.26162
CVE-2018-19244,0.00885,0.26162
CVE-2018-19246,0.07571,0.92534
CVE-2018-19248,0.01055,0.50287
CVE-2018-19249,0.01055,0.50287
CVE-2018-1925,0.00885,0.26162
CVE-2018-1926,0.01136,0.57949
CVE-2018-1927,0.00885,0.26162
CVE-2018-19271,0.0095,0.30554
CVE-2018-19274,0.04571,0.88388
CVE-2018-19275,0.01978,0.78447
CVE-2018-19277,0.08382,0.93597
CVE-2018-19279,0.00885,0.26162
CVE-2018-1928,0.00885,0.26162
CVE-2018-19280,0.00885,0.26162
CVE-2018-19281,0.01018,0.38792
CVE-2018-19282,0.01055,0.50287
CVE-2018-19286,0.00885,0.26162
CVE-2018-19287,0.02173,0.80027
CVE-2018-19288,0.00885,0.26162
CVE-2018-19289,0.01086,0.51674
CVE-2018-1929,0.0089,0.2856
CVE-2018-19290,0.01055,0.50287
CVE-2018-19291,0.00885,0.26162
CVE-2018-19295,0.00885,0.26162
CVE-2018-19296,0.01108,0.53389
CVE-2018-19300,0.01018,0.38792
CVE-2018-19301,0.00885,0.26162
CVE-2018-19311,0.0089,0.2856
CVE-2018-19312,0.0095,0.30554
CVE-2018-19318,0.00885,0.26162
CVE-2018-19319,0.00885,0.26162
CVE-2018-19322,0.0095,0.30554
CVE-2018-19324,0.00885,0.26162
CVE-2018-19326,0.00885,0.26162
CVE-2018-19327,0.00885,0.26162
CVE-2018-19328,0.00885,0.26162
CVE-2018-19329,0.01055,0.50287
CVE-2018-1933,0.0089,0.2856
CVE-2018-19331,0.00885,0.26162
CVE-2018-19332,0.00885,0.26162
CVE-2018-19333,0.00885,0.26162
CVE-2018-19334,0.00954,0.34522
CVE-2018-19335,0.00954,0.34522
CVE-2018-1934,0.00885,0.26162
CVE-2018-19340,0.00885,0.26162
CVE-2018-19341,0.01055,0.50287
CVE-2018-19342,0.01213,0.6557
CVE-2018-19343,0.01055,0.50287
CVE-2018-19344,0.01055,0.50287
CVE-2018-19345,0.01055,0.50287
CVE-2018-19346,0.01055,0.50287
CVE-2018-19347,0.01055,0.50287
CVE-2018-19348,0.01213,0.6557
CVE-2018-19349,0.00885,0.26162
CVE-2018-1935,0.0089,0.2856
CVE-2018-19350,0.00885,0.26162
CVE-2018-19351,0.01018,0.38792
CVE-2018-19352,0.00954,0.34522
CVE-2018-19353,0.01055,0.50287
CVE-2018-19355,0.01156,0.60033
CVE-2018-19357,0.02823,0.82342
CVE-2018-19358,0.0089,0.2856
CVE-2018-19359,0.0089,0.2856
CVE-2018-1936,0.01005,0.36332
CVE-2018-19360,0.02686,0.82061
CVE-2018-19361,0.02686,0.82061
CVE-2018-19362,0.02686,0.82061
CVE-2018-19364,0.01282,0.67298
CVE-2018-19365,0.00885,0.26162
CVE-2018-19367,0.00885,0.26162
CVE-2018-1937,0.0089,0.2856
CVE-2018-19370,0.02199,0.80273
CVE-2018-19371,0.07308,0.9216
CVE-2018-19374,0.01832,0.76196
CVE-2018-19376,0.00885,0.26162
CVE-2018-1938,0.0089,0.2856
CVE-2018-19388,0.01055,0.50287
CVE-2018-19389,0.01055,0.50287
CVE-2018-1939,0.01136,0.57949
CVE-2018-19390,0.01055,0.50287
CVE-2018-19391,0.00885,0.26162
CVE-2018-19392,0.00885,0.26162
CVE-2018-19393,0.00885,0.26162
CVE-2018-19394,0.00885,0.26162
CVE-2018-19395,0.00954,0.34522
CVE-2018-19396,0.00954,0.34522
CVE-2018-19404,0.01055,0.50287
CVE-2018-19406,0.00885,0.26162
CVE-2018-19407,0.01282,0.67298
CVE-2018-19409,0.01537,0.73595
CVE-2018-1941,0.00885,0.26162
CVE-2018-19410,0.01055,0.50287
CVE-2018-19411,0.00885,0.26162
CVE-2018-19413,0.00885,0.26162
CVE-2018-19414,0.01136,0.57949
CVE-2018-19415,0.01055,0.50287
CVE-2018-19416,0.00885,0.26162
CVE-2018-19417,0.01156,0.60033
CVE-2018-19418,0.01321,0.70521
CVE-2018-19420,0.00885,0.26162
CVE-2018-19421,0.00885,0.26162
CVE-2018-19423,0.04571,0.88388
CVE-2018-19424,0.01055,0.50287
CVE-2018-1943,0.01061,0.51015
CVE-2018-19432,0.01018,0.38792
CVE-2018-19433,0.00885,0.26162
CVE-2018-19434,0.00885,0.26162
CVE-2018-19435,0.00885,0.26162
CVE-2018-19436,0.00885,0.26162
CVE-2018-19437,0.01055,0.50287
CVE-2018-1944,0.00885,0.26162
CVE-2018-19440,0.00885,0.26162
CVE-2018-19441,0.00885,0.26162
CVE-2018-19442,0.01978,0.78447
CVE-2018-19443,0.00885,0.26162
CVE-2018-19444,0.01103,0.51945
CVE-2018-19445,0.01103,0.51945
CVE-2018-19446,0.01103,0.51945
CVE-2018-19447,0.01103,0.51945
CVE-2018-19448,0.01103,0.51945
CVE-2018-19449,0.01103,0.51945
CVE-2018-1945,0.01055,0.50287
CVE-2018-19450,0.01103,0.51945
CVE-2018-19451,0.01321,0.70521
CVE-2018-19452,0.01321,0.70521
CVE-2018-19453,0.00885,0.26162
CVE-2018-19456,0.01055,0.50287
CVE-2018-19457,0.05164,0.89136
CVE-2018-19458,0.08382,0.93597
CVE-2018-19459,0.02362,0.80685
CVE-2018-1946,0.00885,0.26162
CVE-2018-19461,0.0089,0.2856
CVE-2018-19462,0.01132,0.54372
CVE-2018-19463,0.01055,0.50287
CVE-2018-19464,0.00885,0.26162
CVE-2018-19465,0.00885,0.26162
CVE-2018-19468,0.00885,0.26162
CVE-2018-19469,0.00885,0.26162
CVE-2018-1947,0.00885,0.26162
CVE-2018-19475,0.01955,0.77585
CVE-2018-19476,0.01955,0.77585
CVE-2018-19477,0.01955,0.77585
CVE-2018-19478,0.01108,0.53389
CVE-2018-1948,0.00885,0.26162
CVE-2018-19486,0.01108,0.53389
CVE-2018-19489,0.01282,0.67298
CVE-2018-1949,0.00885,0.26162
CVE-2018-19490,0.01108,0.53389
CVE-2018-19491,0.01108,0.53389
CVE-2018-19492,0.01108,0.53389
CVE-2018-19493,0.00954,0.34522
CVE-2018-19494,0.00885,0.26162
CVE-2018-19495,0.00885,0.26162
CVE-2018-19496,0.00885,0.26162
CVE-2018-19497,0.01108,0.53389
CVE-2018-19498,0.01018,0.38792
CVE-2018-19499,0.01156,0.60033
CVE-2018-1950,0.00885,0.26162
CVE-2018-19502,0.01108,0.53389
CVE-2018-19503,0.01018,0.38792
CVE-2018-19504,0.01018,0.38792
CVE-2018-19505,0.0089,0.2856
CVE-2018-19506,0.00885,0.26162
CVE-2018-19507,0.00885,0.26162
CVE-2018-19508,0.00885,0.26162
CVE-2018-19509,0.00885,0.26162
CVE-2018-1951,0.0089,0.2856
CVE-2018-19510,0.00885,0.26162
CVE-2018-19511,0.00885,0.26162
CVE-2018-19512,0.0144,0.7265
CVE-2018-19513,0.00885,0.26162
CVE-2018-19514,0.0144,0.7265
CVE-2018-19515,0.00885,0.26162
CVE-2018-19516,0.00885,0.26162
CVE-2018-19517,0.00885,0.26162
CVE-2018-19518,0.17731,0.96058
CVE-2018-19519,0.01537,0.73595
CVE-2018-1952,0.0089,0.2856
CVE-2018-19520,0.0144,0.7265
CVE-2018-19522,0.00885,0.26162
CVE-2018-19523,0.00885,0.26162
CVE-2018-19524,0.16145,0.959
CVE-2018-19525,0.01018,0.38792
CVE-2018-19527,0.00885,0.26162
CVE-2018-19528,0.01055,0.50287
CVE-2018-19530,0.01156,0.60033
CVE-2018-19531,0.01156,0.60033
CVE-2018-19532,0.00885,0.26162
CVE-2018-19535,0.01018,0.38792
CVE-2018-19539,0.01018,0.38792
CVE-2018-19540,0.01018,0.38792
CVE-2018-19541,0.01018,0.38792
CVE-2018-19542,0.01018,0.38792
CVE-2018-19543,0.01018,0.38792
CVE-2018-19544,0.00885,0.26162
CVE-2018-19545,0.00885,0.26162
CVE-2018-19546,0.00885,0.26162
CVE-2018-19547,0.00885,0.26162
CVE-2018-19548,0.01055,0.50287
CVE-2018-19549,0.00885,0.26162
CVE-2018-19550,0.07308,0.9216
CVE-2018-19551,0.00885,0.26162
CVE-2018-19552,0.00885,0.26162
CVE-2018-19553,0.00885,0.26162
CVE-2018-19554,0.00885,0.26162
CVE-2018-19555,0.00885,0.26162
CVE-2018-19556,0.00885,0.26162
CVE-2018-19557,0.00885,0.26162
CVE-2018-19558,0.00885,0.26162
CVE-2018-19559,0.00885,0.26162
CVE-2018-1956,0.00954,0.34522
CVE-2018-19560,0.00885,0.26162
CVE-2018-19561,0.00885,0.26162
CVE-2018-19562,0.01156,0.60033
CVE-2018-19564,0.02173,0.80027
CVE-2018-19565,0.00885,0.26162
CVE-2018-19566,0.00885,0.26162
CVE-2018-19567,0.00885,0.26162
CVE-2018-19568,0.00885,0.26162
CVE-2018-19569,0.0089,0.2856
CVE-2018-1957,0.0089,0.2856
CVE-2018-19570,0.0089,0.2856
CVE-2018-19572,0.00885,0.26162
CVE-2018-19573,0.0089,0.2856
CVE-2018-19574,0.0089,0.2856
CVE-2018-19575,0.0089,0.2856
CVE-2018-19576,0.00885,0.26162
CVE-2018-19577,0.00954,0.34522
CVE-2018-19578,0.00885,0.26162
CVE-2018-19579,0.00885,0.26162
CVE-2018-19580,0.00885,0.26162
CVE-2018-19581,0.00885,0.26162
CVE-2018-19582,0.00885,0.26162
CVE-2018-19583,0.0089,0.2856
CVE-2018-19584,0.00885,0.26162
CVE-2018-19586,0.00885,0.26162
CVE-2018-19587,0.00885,0.26162
CVE-2018-19588,0.00885,0.26162
CVE-2018-19589,0.00885,0.26162
CVE-2018-1959,0.0089,0.2856
CVE-2018-19591,0.01537,0.73595
CVE-2018-19592,0.00885,0.26162
CVE-2018-19595,0.05634,0.89764
CVE-2018-19596,0.00885,0.26162
CVE-2018-19597,0.00885,0.26162
CVE-2018-19598,0.00885,0.26162
CVE-2018-19599,0.0089,0.2856
CVE-2018-19600,0.00885,0.26162
CVE-2018-19601,0.00885,0.26162
CVE-2018-19607,0.01136,0.57949
CVE-2018-19608,0.0089,0.2856
CVE-2018-19609,0.01055,0.50287
CVE-2018-1961,0.00885,0.26162
CVE-2018-19612,0.01055,0.50287
CVE-2018-19613,0.00885,0.26162
CVE-2018-19614,0.00885,0.26162
CVE-2018-19615,0.08944,0.93724
CVE-2018-19616,0.08944,0.93724
CVE-2018-1962,0.0089,0.2856
CVE-2018-19620,0.01061,0.51015
CVE-2018-19621,0.00885,0.26162
CVE-2018-19622,0.01183,0.60428
CVE-2018-19623,0.01408,0.72072
CVE-2018-19624,0.01183,0.60428
CVE-2018-19625,0.01183,0.60428
CVE-2018-19626,0.01183,0.60428
CVE-2018-19627,0.108,0.94438
CVE-2018-19628,0.01108,0.53389
CVE-2018-19629,0.00885,0.26162
CVE-2018-19630,0.00885,0.26162
CVE-2018-19634,0.00885,0.26162
CVE-2018-19635,0.00885,0.26162
CVE-2018-19636,0.00885,0.26162
CVE-2018-19637,0.00885,0.26162
CVE-2018-19638,0.00885,0.26162
CVE-2018-19639,0.00885,0.26162
CVE-2018-19640,0.00885,0.26162
CVE-2018-19641,0.01156,0.60033
CVE-2018-19642,0.00885,0.26162
CVE-2018-19643,0.00885,0.26162
CVE-2018-19644,0.00885,0.26162
CVE-2018-19645,0.00885,0.26162
CVE-2018-19646,0.01055,0.50287
CVE-2018-19648,0.00885,0.26162
CVE-2018-19649,0.00885,0.26162
CVE-2018-19650,0.01036,0.41241
CVE-2018-19651,0.00885,0.26162
CVE-2018-19653,0.00885,0.26162
CVE-2018-19654,0.00885,0.26162
CVE-2018-19655,0.01213,0.6557
CVE-2018-19658,0.00885,0.26162
CVE-2018-19659,0.00885,0.26162
CVE-2018-19660,0.00885,0.26162
CVE-2018-19661,0.01018,0.38792
CVE-2018-19662,0.01018,0.38792
CVE-2018-19664,0.00885,0.26162
CVE-2018-19665,0.0095,0.30554
CVE-2018-19666,0.00885,0.26162
CVE-2018-1967,0.00954,0.34522
CVE-2018-1968,0.00885,0.26162
CVE-2018-1969,0.0089,0.2856
CVE-2018-19692,0.01055,0.50287
CVE-2018-19693,0.00885,0.26162
CVE-2018-19694,0.01018,0.38792
CVE-2018-19698,0.01783,0.75945
CVE-2018-19699,0.01046,0.41635
CVE-2018-1970,0.01055,0.50287
CVE-2018-19700,0.01783,0.75945
CVE-2018-19701,0.01046,0.41635
CVE-2018-19702,0.01783,0.75945
CVE-2018-19703,0.01046,0.41635
CVE-2018-19704,0.01046,0.41635
CVE-2018-19705,0.01046,0.41635
CVE-2018-19706,0.01046,0.41635
CVE-2018-19707,0.01783,0.75945
CVE-2018-19708,0.01783,0.75945
CVE-2018-19709,0.01046,0.41635
CVE-2018-19710,0.01046,0.41635
CVE-2018-19711,0.01046,0.41635
CVE-2018-19712,0.01046,0.41635
CVE-2018-19713,0.01783,0.75945
CVE-2018-19714,0.01046,0.41635
CVE-2018-19715,0.01783,0.75945
CVE-2018-19716,0.01783,0.75945
CVE-2018-19717,0.01046,0.41635
CVE-2018-19718,0.01046,0.41635
CVE-2018-19719,0.01046,0.41635
CVE-2018-19720,0.01783,0.75945
CVE-2018-19721,0.01046,0.41635
CVE-2018-19722,0.01046,0.41635
CVE-2018-19723,0.01046,0.41635
CVE-2018-19724,0.01046,0.41635
CVE-2018-19725,0.01046,0.41635
CVE-2018-19726,0.01046,0.41635
CVE-2018-19727,0.01046,0.41635
CVE-2018-19728,0.01046,0.41635
CVE-2018-1973,0.0089,0.2856
CVE-2018-1974,0.00885,0.26162
CVE-2018-19748,0.00885,0.26162
CVE-2018-19749,0.02192,0.80195
CVE-2018-1975,0.00885,0.26162
CVE-2018-19750,0.02192,0.80195
CVE-2018-19751,0.02192,0.80195
CVE-2018-19752,0.02192,0.80195
CVE-2018-19753,0.00885,0.26162
CVE-2018-19754,0.00885,0.26162
CVE-2018-19755,0.00885,0.26162
CVE-2018-19756,0.00885,0.26162
CVE-2018-19757,0.00885,0.26162
CVE-2018-19758,0.01018,0.38792
CVE-2018-19759,0.00885,0.26162
CVE-2018-1976,0.0089,0.2856
CVE-2018-19760,0.00885,0.26162
CVE-2018-19761,0.00885,0.26162
CVE-2018-19762,0.00885,0.26162
CVE-2018-19763,0.00885,0.26162
CVE-2018-19765,0.00885,0.26162
CVE-2018-19766,0.00885,0.26162
CVE-2018-19767,0.00885,0.26162
CVE-2018-19768,0.00885,0.26162
CVE-2018-19769,0.00885,0.26162
CVE-2018-1977,0.0089,0.2856
CVE-2018-19770,0.00885,0.26162
CVE-2018-19771,0.00885,0.26162
CVE-2018-19772,0.00885,0.26162
CVE-2018-19773,0.00885,0.26162
CVE-2018-19774,0.00885,0.26162
CVE-2018-19775,0.00885,0.26162
CVE-2018-19777,0.00885,0.26162
CVE-2018-1978,0.01365,0.70715
CVE-2018-19782,0.02173,0.80027
CVE-2018-19783,0.00885,0.26162
CVE-2018-19784,0.00885,0.26162
CVE-2018-19785,0.00885,0.26162
CVE-2018-19786,0.00885,0.26162
CVE-2018-19787,0.01213,0.6557
CVE-2018-19789,0.07154,0.91917
CVE-2018-19790,0.01183,0.60428
CVE-2018-19791,0.00885,0.26162
CVE-2018-19792,0.00885,0.26162
CVE-2018-19793,0.01055,0.50287
CVE-2018-19794,0.01136,0.57949
CVE-2018-19795,0.00885,0.26162
CVE-2018-19796,0.01136,0.57949
CVE-2018-19797,0.01018,0.38792
CVE-2018-19798,0.03059,0.82941
CVE-2018-19799,0.02173,0.80027
CVE-2018-1980,0.01365,0.70715
CVE-2018-19800,0.01018,0.38792
CVE-2018-19801,0.01018,0.38792
CVE-2018-19802,0.01108,0.53389
CVE-2018-19809,0.00885,0.26162
CVE-2018-19810,0.00885,0.26162
CVE-2018-19811,0.00885,0.26162
CVE-2018-19812,0.00885,0.26162
CVE-2018-19813,0.00885,0.26162
CVE-2018-19814,0.00885,0.26162
CVE-2018-19815,0.00885,0.26162
CVE-2018-19816,0.00885,0.26162
CVE-2018-19817,0.00885,0.26162
CVE-2018-19818,0.00885,0.26162
CVE-2018-19819,0.00885,0.26162
CVE-2018-1982,0.0089,0.2856
CVE-2018-19820,0.00885,0.26162
CVE-2018-19821,0.00885,0.26162
CVE-2018-19822,0.00885,0.26162
CVE-2018-19824,0.01547,0.74085
CVE-2018-19826,0.00885,0.26162
CVE-2018-19827,0.01018,0.38792
CVE-2018-19828,0.02173,0.80027
CVE-2018-19829,0.08382,0.93597
CVE-2018-1983,0.0089,0.2856
CVE-2018-19830,0.00885,0.26162
CVE-2018-19831,0.00885,0.26162
CVE-2018-19832,0.00885,0.26162
CVE-2018-19833,0.00885,0.26162
CVE-2018-19834,0.00885,0.26162
CVE-2018-19835,0.00885,0.26162
CVE-2018-19836,0.00885,0.26162
CVE-2018-19837,0.01018,0.38792
CVE-2018-19838,0.01018,0.38792
CVE-2018-19839,0.01018,0.38792
CVE-2018-1984,0.0089,0.2856
CVE-2018-19840,0.02686,0.82061
CVE-2018-19841,0.02686,0.82061
CVE-2018-19842,0.00885,0.26162
CVE-2018-19843,0.00885,0.26162
CVE-2018-19844,0.00885,0.26162
CVE-2018-19845,0.00885,0.26162
CVE-2018-19849,0.00885,0.26162
CVE-2018-1985,0.00885,0.26162
CVE-2018-19853,0.00885,0.26162
CVE-2018-19855,0.00885,0.26162
CVE-2018-19856,0.00885,0.26162
CVE-2018-19857,0.01537,0.73595
CVE-2018-19858,0.00954,0.34522
CVE-2018-19860,0.01108,0.53389
CVE-2018-19861,0.05634,0.89764
CVE-2018-19862,0.05634,0.89764
CVE-2018-19863,0.0089,0.2856
CVE-2018-19864,0.09893,0.94114
CVE-2018-19865,0.02686,0.82061
CVE-2018-19869,0.01537,0.73595
CVE-2018-1987,0.00885,0.26162
CVE-2018-19870,0.01537,0.73595
CVE-2018-19871,0.01108,0.53389
CVE-2018-19872,0.01537,0.73595
CVE-2018-19873,0.02686,0.82061
CVE-2018-19876,0.00885,0.26162
CVE-2018-19877,0.02173,0.80027
CVE-2018-19878,0.00885,0.26162
CVE-2018-19879,0.00885,0.26162
CVE-2018-19881,0.01213,0.6557
CVE-2018-19882,0.01213,0.6557
CVE-2018-19886,0.00885,0.26162
CVE-2018-19887,0.00885,0.26162
CVE-2018-19888,0.00885,0.26162
CVE-2018-19889,0.00885,0.26162
CVE-2018-19890,0.00885,0.26162
CVE-2018-19891,0.00885,0.26162
CVE-2018-19892,0.00885,0.26162
CVE-2018-19893,0.00885,0.26162
CVE-2018-19894,0.00885,0.26162
CVE-2018-19895,0.00885,0.26162
CVE-2018-19896,0.00885,0.26162
CVE-2018-19897,0.00885,0.26162
CVE-2018-19898,0.00885,0.26162
CVE-2018-1990,0.00954,0.34522
CVE-2018-19901,0.00885,0.26162
CVE-2018-19902,0.00885,0.26162
CVE-2018-19903,0.00885,0.26162
CVE-2018-19904,0.00885,0.26162
CVE-2018-19905,0.00885,0.26162
CVE-2018-19906,0.00885,0.26162
CVE-2018-19907,0.00885,0.26162
CVE-2018-19908,0.07308,0.9216
CVE-2018-1991,0.00885,0.26162
CVE-2018-19913,0.02192,0.80195
CVE-2018-19914,0.02192,0.80195
CVE-2018-19915,0.02192,0.80195
CVE-2018-19917,0.01018,0.38792
CVE-2018-19918,0.00885,0.26162
CVE-2018-19919,0.00885,0.26162
CVE-2018-1992,0.00885,0.26162
CVE-2018-19921,0.00885,0.26162
CVE-2018-19922,0.01055,0.50287
CVE-2018-19923,0.00885,0.26162
CVE-2018-19924,0.00885,0.26162
CVE-2018-19925,0.00885,0.26162
CVE-2018-19926,0.00885,0.26162
CVE-2018-19927,0.00885,0.26162
CVE-2018-1993,0.0089,0.2856
CVE-2018-19931,0.01183,0.60428
CVE-2018-19932,0.01183,0.60428
CVE-2018-19933,0.02173,0.80027
CVE-2018-19934,0.0089,0.2856
CVE-2018-19935,0.01319,0.70416
CVE-2018-19936,0.07308,0.9216
CVE-2018-19937,0.00885,0.26162
CVE-2018-19939,0.00885,0.26162
CVE-2018-1994,0.01055,0.50287
CVE-2018-19941,0.00885,0.26162
CVE-2018-19942,0.01055,0.50287
CVE-2018-19943,0.01055,0.50287
CVE-2018-19944,0.01055,0.50287
CVE-2018-19945,0.00885,0.26162
CVE-2018-19946,0.00885,0.26162
CVE-2018-19947,0.00885,0.26162
CVE-2018-19948,0.00885,0.26162
CVE-2018-19949,0.01055,0.50287
CVE-2018-19950,0.01055,0.50287
CVE-2018-19951,0.01055,0.50287
CVE-2018-19952,0.01055,0.50287
CVE-2018-19953,0.01055,0.50287
CVE-2018-19954,0.01055,0.50287
CVE-2018-19955,0.01055,0.50287
CVE-2018-19956,0.01055,0.50287
CVE-2018-19957,0.01055,0.50287
CVE-2018-1996,0.01061,0.51015
CVE-2018-19960,0.00885,0.26162
CVE-2018-19961,0.01034,0.39824
CVE-2018-19962,0.01034,0.39824
CVE-2018-19963,0.00885,0.26162
CVE-2018-19964,0.00885,0.26162
CVE-2018-19965,0.01034,0.39824
CVE-2018-19966,0.01034,0.39824
CVE-2018-19967,0.01034,0.39824
CVE-2018-19968,0.0095,0.30554
CVE-2018-19969,0.00954,0.34522
CVE-2018-1997,0.00885,0.26162
CVE-2018-19970,0.01018,0.38792
CVE-2018-19971,0.01018,0.38792
CVE-2018-19974,0.01018,0.38792
CVE-2018-19975,0.01018,0.38792
CVE-2018-19976,0.01018,0.38792
CVE-2018-19977,0.01055,0.50287
CVE-2018-19978,0.01888,0.76438
CVE-2018-1998,0.00885,0.26162
CVE-2018-19980,0.00885,0.26162
CVE-2018-19981,0.0095,0.30554
CVE-2018-19982,0.00885,0.26162
CVE-2018-19983,0.00885,0.26162
CVE-2018-19985,0.02686,0.82061
CVE-2018-19988,0.02055,0.7893
CVE-2018-19989,0.00885,0.26162
CVE-2018-1999,0.00885,0.26162
CVE-2018-19990,0.00885,0.26162
CVE-2018-1999001,0.00885,0.26162
CVE-2018-1999003,0.00885,0.26162
CVE-2018-1999004,0.00885,0.26162
CVE-2018-1999005,0.00885,0.26162
CVE-2018-1999006,0.00885,0.26162
CVE-2018-1999007,0.00885,0.26162
CVE-2018-1999008,0.00885,0.26162
CVE-2018-1999009,0.01156,0.60033
CVE-2018-1999010,0.00954,0.34522
CVE-2018-1999011,0.04836,0.88802
CVE-2018-1999012,0.00954,0.34522
CVE-2018-1999013,0.00885,0.26162
CVE-2018-1999014,0.00885,0.26162
CVE-2018-1999015,0.00885,0.26162
CVE-2018-1999016,0.01055,0.50287
CVE-2018-1999017,0.00885,0.26162
CVE-2018-1999018,0.01156,0.60033
CVE-2018-1999019,0.01978,0.78447
CVE-2018-1999020,0.00885,0.26162
CVE-2018-1999021,0.00885,0.26162
CVE-2018-1999022,0.0144,0.7265
CVE-2018-1999023,0.01086,0.51674
CVE-2018-1999024,0.00885,0.26162
CVE-2018-1999025,0.00885,0.26162
CVE-2018-1999026,0.00885,0.26162
CVE-2018-1999027,0.00885,0.26162
CVE-2018-1999028,0.00885,0.26162
CVE-2018-1999029,0.00885,0.26162
CVE-2018-1999030,0.00885,0.26162
CVE-2018-1999031,0.00885,0.26162
CVE-2018-1999032,0.00885,0.26162
CVE-2018-1999033,0.00885,0.26162
CVE-2018-1999034,0.00885,0.26162
CVE-2018-1999035,0.00885,0.26162
CVE-2018-1999036,0.01086,0.51674
CVE-2018-1999037,0.00885,0.26162
CVE-2018-1999038,0.00885,0.26162
CVE-2018-1999039,0.00885,0.26162
CVE-2018-1999040,0.00885,0.26162
CVE-2018-1999041,0.00885,0.26162
CVE-2018-1999042,0.00885,0.26162
CVE-2018-1999043,0.00885,0.26162
CVE-2018-1999044,0.00885,0.26162
CVE-2018-1999045,0.00885,0.26162
CVE-2018-1999046,0.00885,0.26162
CVE-2018-1999047,0.00885,0.26162
CVE-2018-19991,0.01055,0.50287
CVE-2018-19992,0.01055,0.50287
CVE-2018-19993,0.01055,0.50287
CVE-2018-19994,0.01055,0.50287
CVE-2018-19995,0.01055,0.50287
CVE-2018-19998,0.01055,0.50287
CVE-2018-19999,0.01005,0.36332
CVE-2018-2000,0.00954,0.34522
CVE-2018-20000,0.00885,0.26162
CVE-2018-20001,0.01055,0.50287
CVE-2018-20002,0.01108,0.53389
CVE-2018-20004,0.01018,0.38792
CVE-2018-20005,0.01018,0.38792
CVE-2018-20006,0.00885,0.26162
CVE-2018-20007,0.00885,0.26162
CVE-2018-20008,0.00885,0.26162
CVE-2018-20009,0.02192,0.80195
CVE-2018-2001,0.00885,0.26162
CVE-2018-20010,0.02192,0.80195
CVE-2018-20011,0.02192,0.80195
CVE-2018-20012,0.00885,0.26162
CVE-2018-20013,0.00885,0.26162
CVE-2018-20014,0.00885,0.26162
CVE-2018-20015,0.00885,0.26162
CVE-2018-20017,0.00885,0.26162
CVE-2018-20018,0.00885,0.26162
CVE-2018-20019,0.09801,0.94069
CVE-2018-20020,0.09801,0.94069
CVE-2018-20021,0.01537,0.73595
CVE-2018-20022,0.01537,0.73595
CVE-2018-20023,0.01183,0.60428
CVE-2018-20024,0.01537,0.73595
CVE-2018-20025,0.00954,0.34522
CVE-2018-20026,0.00954,0.34522
CVE-2018-20027,0.00885,0.26162
CVE-2018-20028,0.00885,0.26162
CVE-2018-20029,0.00885,0.26162
CVE-2018-20030,0.01108,0.53389
CVE-2018-20031,0.01136,0.57949
CVE-2018-20032,0.01136,0.57949
CVE-2018-20033,0.05634,0.89764
CVE-2018-20034,0.01136,0.57949
CVE-2018-2004,0.0089,0.2856
CVE-2018-2005,0.00885,0.26162
CVE-2018-20050,0.01055,0.50287
CVE-2018-20051,0.01055,0.50287
CVE-2018-20052,0.00885,0.26162
CVE-2018-20053,0.02055,0.7893
CVE-2018-20056,0.01156,0.60033
CVE-2018-20057,0.01055,0.50287
CVE-2018-20058,0.00885,0.26162
CVE-2018-20059,0.00885,0.26162
CVE-2018-2006,0.01061,0.51015
CVE-2018-20060,0.01537,0.73595
CVE-2018-20061,0.00885,0.26162
CVE-2018-20063,0.01156,0.60033
CVE-2018-20064,0.01055,0.50287
CVE-2018-20065,0.01055,0.50287
CVE-2018-20066,0.01055,0.50287
CVE-2018-20067,0.01055,0.50287
CVE-2018-20068,0.01055,0.50287
CVE-2018-20069,0.01055,0.50287
CVE-2018-2007,0.00885,0.26162
CVE-2018-20070,0.01055,0.50287
CVE-2018-20071,0.01055,0.50287
CVE-2018-20073,0.0089,0.2856
CVE-2018-2008,0.0089,0.2856
CVE-2018-2009,0.0089,0.2856
CVE-2018-20090,0.00885,0.26162
CVE-2018-20091,0.00885,0.26162
CVE-2018-20092,0.00885,0.26162
CVE-2018-20094,0.00885,0.26162
CVE-2018-20095,0.00885,0.26162
CVE-2018-20096,0.01213,0.6557
CVE-2018-20097,0.01213,0.6557
CVE-2018-20098,0.01213,0.6557
CVE-2018-20099,0.01213,0.6557
CVE-2018-20100,0.00885,0.26162
CVE-2018-20101,0.00885,0.26162
CVE-2018-20102,0.01319,0.70416
CVE-2018-20103,0.01108,0.53389
CVE-2018-20105,0.0089,0.2856
CVE-2018-20106,0.00885,0.26162
CVE-2018-2011,0.00954,0.34522
CVE-2018-20114,0.01086,0.51674
CVE-2018-20121,0.01018,0.38792
CVE-2018-20122,0.01156,0.60033
CVE-2018-20123,0.0095,0.30554
CVE-2018-20124,0.0095,0.30554
CVE-2018-20125,0.01018,0.38792
CVE-2018-20126,0.01034,0.39824
CVE-2018-20127,0.01055,0.50287
CVE-2018-20128,0.01055,0.50287
CVE-2018-20129,0.01055,0.50287
CVE-2018-2013,0.00954,0.34522
CVE-2018-20131,0.00885,0.26162
CVE-2018-20133,0.00885,0.26162
CVE-2018-20135,0.01978,0.78447
CVE-2018-20136,0.00885,0.26162
CVE-2018-20137,0.00885,0.26162
CVE-2018-20138,0.00885,0.26162
CVE-2018-20140,0.01018,0.38792
CVE-2018-20141,0.00954,0.34522
CVE-2018-20144,0.00954,0.34522
CVE-2018-20145,0.00954,0.34522
CVE-2018-20146,0.00885,0.26162
CVE-2018-20147,0.01104,0.52279
CVE-2018-20149,0.01282,0.67298
CVE-2018-2015,0.01136,0.57949
CVE-2018-20150,0.01537,0.73595
CVE-2018-20151,0.01183,0.60428
CVE-2018-20152,0.01104,0.52279
CVE-2018-20153,0.01104,0.52279
CVE-2018-20154,0.01055,0.50287
CVE-2018-20155,0.01055,0.50287
CVE-2018-20156,0.01055,0.50287
CVE-2018-20157,0.00885,0.26162
CVE-2018-20159,0.05164,0.89136
CVE-2018-20160,0.00954,0.34522
CVE-2018-20161,0.00885,0.26162
CVE-2018-20165,0.01055,0.50287
CVE-2018-20166,0.07308,0.9216
CVE-2018-20167,0.04836,0.88802
CVE-2018-20168,0.00885,0.26162
CVE-2018-20169,0.01537,0.73595
CVE-2018-20170,0.00885,0.26162
CVE-2018-20171,0.00885,0.26162
CVE-2018-20172,0.00885,0.26162
CVE-2018-20173,0.00885,0.26162
CVE-2018-20174,0.01108,0.53389
CVE-2018-20175,0.01108,0.53389
CVE-2018-20176,0.01108,0.53389
CVE-2018-20177,0.06729,0.91198
CVE-2018-20178,0.01108,0.53389
CVE-2018-20179,0.06729,0.91198
CVE-2018-20180,0.06729,0.91198
CVE-2018-20181,0.06729,0.91198
CVE-2018-20182,0.06729,0.91198
CVE-2018-20184,0.01108,0.53389
CVE-2018-20185,0.01108,0.53389
CVE-2018-20186,0.00885,0.26162
CVE-2018-20187,0.00954,0.34522
CVE-2018-20188,0.00885,0.26162
CVE-2018-20189,0.01108,0.53389
CVE-2018-20190,0.01018,0.38792
CVE-2018-20191,0.01108,0.53389
CVE-2018-20193,0.00885,0.26162
CVE-2018-20194,0.01018,0.38792
CVE-2018-20195,0.01018,0.38792
CVE-2018-20196,0.01018,0.38792
CVE-2018-20197,0.01018,0.38792
CVE-2018-20198,0.01018,0.38792
CVE-2018-20199,0.01018,0.38792
CVE-2018-20200,0.02686,0.82061
CVE-2018-20201,0.00885,0.26162
CVE-2018-2021,0.00885,0.26162
CVE-2018-20211,0.00885,0.26162
CVE-2018-20212,0.00954,0.34522
CVE-2018-20213,0.00885,0.26162
CVE-2018-20216,0.01018,0.38792
CVE-2018-20217,0.01034,0.39824
CVE-2018-20218,0.02055,0.7893
CVE-2018-20219,0.00954,0.34522
CVE-2018-2022,0.00885,0.26162
CVE-2018-20220,0.00954,0.34522
CVE-2018-20221,0.05164,0.89136
CVE-2018-20222,0.00885,0.26162
CVE-2018-20225,0.01018,0.38792
CVE-2018-20226,0.0089,0.2856
CVE-2018-20227,0.00885,0.26162
CVE-2018-20228,0.00885,0.26162
CVE-2018-20229,0.00885,0.26162
CVE-2018-20230,0.00885,0.26162
CVE-2018-20231,0.01136,0.57949
CVE-2018-20232,0.01055,0.50287
CVE-2018-20233,0.01055,0.50287
CVE-2018-20234,0.04571,0.88388
CVE-2018-20235,0.04571,0.88388
CVE-2018-20236,0.04836,0.88802
CVE-2018-20237,0.0089,0.2856
CVE-2018-20238,0.01055,0.50287
CVE-2018-20239,0.01232,0.66248
CVE-2018-2024,0.00885,0.26162
CVE-2018-20240,0.01061,0.51015
CVE-2018-20241,0.01061,0.51015
CVE-2018-20242,0.01246,0.66436
CVE-2018-20243,0.00885,0.26162
CVE-2018-20244,0.0089,0.2856
CVE-2018-20245,0.00885,0.26162
CVE-2018-20247,0.00885,0.26162
CVE-2018-20248,0.00885,0.26162
CVE-2018-20249,0.00885,0.26162
CVE-2018-20251,0.00954,0.34522
CVE-2018-20252,0.01559,0.742
CVE-2018-20253,0.01005,0.36332
CVE-2018-2026,0.0095,0.30554
CVE-2018-2028,0.00885,0.26162
CVE-2018-20298,0.01055,0.50287
CVE-2018-20299,0.01086,0.51674
CVE-2018-20300,0.01055,0.50287
CVE-2018-20301,0.00885,0.26162
CVE-2018-20302,0.00885,0.26162
CVE-2018-20303,0.00954,0.34522
CVE-2018-20304,0.00885,0.26162
CVE-2018-20305,0.01156,0.60033
CVE-2018-20306,0.01055,0.50287
CVE-2018-20307,0.01055,0.50287
CVE-2018-20309,0.00885,0.26162
CVE-2018-20310,0.00885,0.26162
CVE-2018-20311,0.00885,0.26162
CVE-2018-20312,0.00885,0.26162
CVE-2018-20313,0.00885,0.26162
CVE-2018-20314,0.00885,0.26162
CVE-2018-20315,0.00885,0.26162
CVE-2018-20316,0.00885,0.26162
CVE-2018-20318,0.00885,0.26162
CVE-2018-20321,0.00885,0.26162
CVE-2018-20322,0.0144,0.7265
CVE-2018-20323,0.14925,0.95682
CVE-2018-20325,0.01086,0.51674
CVE-2018-20326,0.02173,0.80027
CVE-2018-20327,0.00885,0.26162
CVE-2018-20328,0.00885,0.26162
CVE-2018-20329,0.00885,0.26162
CVE-2018-20330,0.00885,0.26162
CVE-2018-20331,0.01036,0.41241
CVE-2018-20332,0.00885,0.26162
CVE-2018-20333,0.00885,0.26162
CVE-2018-20334,0.02055,0.7893
CVE-2018-20335,0.00885,0.26162
CVE-2018-20336,0.00885,0.26162
CVE-2018-20337,0.00885,0.26162
CVE-2018-20338,0.00885,0.26162
CVE-2018-20339,0.00885,0.26162
CVE-2018-20340,0.01108,0.53389
CVE-2018-20341,0.01036,0.41241
CVE-2018-20342,0.00885,0.26162
CVE-2018-20345,0.00885,0.26162
CVE-2018-20346,0.10667,0.94413
CVE-2018-20348,0.00885,0.26162
CVE-2018-20349,0.01018,0.38792
CVE-2018-20351,0.00885,0.26162
CVE-2018-20352,0.01156,0.60033
CVE-2018-20353,0.01156,0.60033
CVE-2018-20354,0.01156,0.60033
CVE-2018-20355,0.01156,0.60033
CVE-2018-20356,0.01156,0.60033
CVE-2018-20357,0.01018,0.38792
CVE-2018-20358,0.01018,0.38792
CVE-2018-20359,0.01018,0.38792
CVE-2018-20360,0.01018,0.38792
CVE-2018-20361,0.01018,0.38792
CVE-2018-20362,0.01018,0.38792
CVE-2018-20363,0.00954,0.34522
CVE-2018-20364,0.00954,0.34522
CVE-2018-20365,0.00954,0.34522
CVE-2018-20367,0.00885,0.26162
CVE-2018-20368,0.00885,0.26162
CVE-2018-20369,0.00885,0.26162
CVE-2018-20370,0.00885,0.26162
CVE-2018-20371,0.01055,0.50287
CVE-2018-20372,0.00885,0.26162
CVE-2018-20373,0.00885,0.26162
CVE-2018-20374,0.00885,0.26162
CVE-2018-20375,0.00885,0.26162
CVE-2018-20376,0.00885,0.26162
CVE-2018-20377,0.01213,0.6557
CVE-2018-20378,0.01799,0.76031
CVE-2018-20379,0.00885,0.26162
CVE-2018-20380,0.01055,0.50287
CVE-2018-20381,0.01055,0.50287
CVE-2018-20382,0.01055,0.50287
CVE-2018-20383,0.01055,0.50287
CVE-2018-20384,0.01055,0.50287
CVE-2018-20385,0.01055,0.50287
CVE-2018-20386,0.01055,0.50287
CVE-2018-20387,0.01055,0.50287
CVE-2018-20388,0.01055,0.50287
CVE-2018-20389,0.01055,0.50287
CVE-2018-20390,0.01055,0.50287
CVE-2018-20391,0.01055,0.50287
CVE-2018-20392,0.01055,0.50287
CVE-2018-20393,0.01055,0.50287
CVE-2018-20394,0.01055,0.50287
CVE-2018-20395,0.01055,0.50287
CVE-2018-20396,0.01055,0.50287
CVE-2018-20397,0.01055,0.50287
CVE-2018-20398,0.01055,0.50287
CVE-2018-20399,0.01136,0.57949
CVE-2018-20400,0.01055,0.50287
CVE-2018-20401,0.01055,0.50287
CVE-2018-20402,0.00885,0.26162
CVE-2018-20404,0.00885,0.26162
CVE-2018-20405,0.00885,0.26162
CVE-2018-20406,0.02686,0.82061
CVE-2018-20407,0.00885,0.26162
CVE-2018-20408,0.00885,0.26162
CVE-2018-20409,0.00885,0.26162
CVE-2018-20410,0.00885,0.26162
CVE-2018-20418,0.02192,0.80195
CVE-2018-20419,0.00885,0.26162
CVE-2018-20420,0.00885,0.26162
CVE-2018-20421,0.00885,0.26162
CVE-2018-20422,0.01055,0.50287
CVE-2018-20423,0.01055,0.50287
CVE-2018-20424,0.01055,0.50287
CVE-2018-20425,0.00885,0.26162
CVE-2018-20426,0.00885,0.26162
CVE-2018-20427,0.00885,0.26162
CVE-2018-20428,0.00885,0.26162
CVE-2018-20429,0.00885,0.26162
CVE-2018-20430,0.01108,0.53389
CVE-2018-20431,0.01108,0.53389
CVE-2018-20432,0.00954,0.34522
CVE-2018-20433,0.01018,0.38792
CVE-2018-20436,0.00885,0.26162
CVE-2018-20437,0.00954,0.34522
CVE-2018-20438,0.01055,0.50287
CVE-2018-20439,0.01055,0.50287
CVE-2018-20440,0.01055,0.50287
CVE-2018-20441,0.01055,0.50287
CVE-2018-20442,0.01055,0.50287
CVE-2018-20443,0.01055,0.50287
CVE-2018-20444,0.01055,0.50287
CVE-2018-20445,0.01055,0.50287
CVE-2018-20448,0.02192,0.80195
CVE-2018-20449,0.0089,0.2856
CVE-2018-20450,0.00885,0.26162
CVE-2018-20451,0.00885,0.26162
CVE-2018-20452,0.00885,0.26162
CVE-2018-20453,0.00885,0.26162
CVE-2018-20454,0.00885,0.26162
CVE-2018-20455,0.00885,0.26162
CVE-2018-20456,0.00885,0.26162
CVE-2018-20457,0.00885,0.26162
CVE-2018-20458,0.00885,0.26162
CVE-2018-20459,0.00885,0.26162
CVE-2018-20460,0.00885,0.26162
CVE-2018-20461,0.00885,0.26162
CVE-2018-20462,0.01055,0.50287
CVE-2018-20463,0.00885,0.26162
CVE-2018-20464,0.00885,0.26162
CVE-2018-20465,0.01055,0.50287
CVE-2018-20467,0.01319,0.70416
CVE-2018-20468,0.01086,0.51674
CVE-2018-20469,0.01564,0.74439
CVE-2018-20470,0.08382,0.93597
CVE-2018-20472,0.02173,0.80027
CVE-2018-20476,0.00885,0.26162
CVE-2018-20477,0.00885,0.26162
CVE-2018-20478,0.00885,0.26162
CVE-2018-20479,0.00885,0.26162
CVE-2018-20480,0.00885,0.26162
CVE-2018-20481,0.01408,0.72072
CVE-2018-20482,0.01282,0.67298
CVE-2018-20483,0.01034,0.39824
CVE-2018-20484,0.00885,0.26162
CVE-2018-20485,0.00885,0.26162
CVE-2018-20486,0.00885,0.26162
CVE-2018-20487,0.00885,0.26162
CVE-2018-20488,0.00885,0.26162
CVE-2018-20489,0.00885,0.26162
CVE-2018-20490,0.00885,0.26162
CVE-2018-20491,0.00885,0.26162
CVE-2018-20492,0.00885,0.26162
CVE-2018-20493,0.00885,0.26162
CVE-2018-20494,0.00885,0.26162
CVE-2018-20495,0.00885,0.26162
CVE-2018-20496,0.00885,0.26162
CVE-2018-20497,0.00885,0.26162
CVE-2018-20498,0.00885,0.26162
CVE-2018-20499,0.00885,0.26162
CVE-2018-20500,0.00885,0.26162
CVE-2018-20501,0.00885,0.26162
CVE-2018-20502,0.00885,0.26162
CVE-2018-20503,0.02173,0.80027
CVE-2018-20505,0.04358,0.87435
CVE-2018-20506,0.07363,0.92241
CVE-2018-20507,0.00885,0.26162
CVE-2018-20508,0.00885,0.26162
CVE-2018-20509,0.0089,0.2856
CVE-2018-20510,0.00885,0.26162
CVE-2018-20511,0.01282,0.67298
CVE-2018-20512,0.00885,0.26162
CVE-2018-20519,0.01055,0.50287
CVE-2018-20520,0.00885,0.26162
CVE-2018-20523,0.00954,0.34522
CVE-2018-20524,0.00885,0.26162
CVE-2018-20525,0.00954,0.34522
CVE-2018-20526,0.00885,0.26162
CVE-2018-20528,0.00885,0.26162
CVE-2018-20530,0.00885,0.26162
CVE-2018-20532,0.01018,0.38792
CVE-2018-20533,0.01018,0.38792
CVE-2018-20534,0.01108,0.53389
CVE-2018-20535,0.00885,0.26162
CVE-2018-20536,0.00954,0.34522
CVE-2018-20537,0.00954,0.34522
CVE-2018-20538,0.00885,0.26162
CVE-2018-20539,0.00954,0.34522
CVE-2018-20540,0.00954,0.34522
CVE-2018-20541,0.00954,0.34522
CVE-2018-20542,0.01018,0.38792
CVE-2018-20543,0.00885,0.26162
CVE-2018-20544,0.01018,0.38792
CVE-2018-20545,0.01537,0.73595
CVE-2018-20546,0.01537,0.73595
CVE-2018-20547,0.01183,0.60428
CVE-2018-20548,0.01108,0.53389
CVE-2018-20549,0.01183,0.60428
CVE-2018-20551,0.01018,0.38792
CVE-2018-20552,0.00885,0.26162
CVE-2018-20553,0.00885,0.26162
CVE-2018-20556,0.01564,0.74439
CVE-2018-20557,0.00885,0.26162
CVE-2018-20558,0.00885,0.26162
CVE-2018-20559,0.00885,0.26162
CVE-2018-20560,0.00885,0.26162
CVE-2018-20561,0.00885,0.26162
CVE-2018-20562,0.00885,0.26162
CVE-2018-20563,0.00885,0.26162
CVE-2018-20564,0.00885,0.26162
CVE-2018-20565,0.00885,0.26162
CVE-2018-20566,0.00885,0.26162
CVE-2018-20567,0.00885,0.26162
CVE-2018-20568,0.00885,0.26162
CVE-2018-20569,0.00885,0.26162
CVE-2018-20570,0.01018,0.38792
CVE-2018-20571,0.01055,0.50287
CVE-2018-20572,0.00885,0.26162
CVE-2018-20573,0.01055,0.50287
CVE-2018-20574,0.01055,0.50287
CVE-2018-20575,0.00885,0.26162
CVE-2018-20576,0.00885,0.26162
CVE-2018-20577,0.00885,0.26162
CVE-2018-20578,0.00885,0.26162
CVE-2018-20579,0.00885,0.26162
CVE-2018-20582,0.00885,0.26162
CVE-2018-20583,0.01136,0.57949
CVE-2018-20584,0.01213,0.6557
CVE-2018-20586,0.00885,0.26162
CVE-2018-20587,0.00885,0.26162
CVE-2018-20588,0.00885,0.26162
CVE-2018-20589,0.00885,0.26162
CVE-2018-20590,0.00885,0.26162
CVE-2018-20591,0.00885,0.26162
CVE-2018-20592,0.01213,0.6557
CVE-2018-20593,0.01018,0.38792
CVE-2018-20594,0.00885,0.26162
CVE-2018-20595,0.00885,0.26162
CVE-2018-20596,0.00885,0.26162
CVE-2018-20597,0.00885,0.26162
CVE-2018-20598,0.00885,0.26162
CVE-2018-20599,0.01055,0.50287
CVE-2018-20600,0.00885,0.26162
CVE-2018-20601,0.00885,0.26162
CVE-2018-20602,0.00885,0.26162
CVE-2018-20603,0.00885,0.26162
CVE-2018-20604,0.00885,0.26162
CVE-2018-20605,0.01055,0.50287
CVE-2018-20606,0.00885,0.26162
CVE-2018-20607,0.01055,0.50287
CVE-2018-20608,0.01055,0.50287
CVE-2018-20609,0.01055,0.50287
CVE-2018-20610,0.00885,0.26162
CVE-2018-20611,0.00885,0.26162
CVE-2018-20612,0.00885,0.26162
CVE-2018-20613,0.00885,0.26162
CVE-2018-20614,0.01055,0.50287
CVE-2018-20615,0.01108,0.53389
CVE-2018-20616,0.00885,0.26162
CVE-2018-20617,0.00885,0.26162
CVE-2018-20618,0.00885,0.26162
CVE-2018-20621,0.00885,0.26162
CVE-2018-20622,0.01108,0.53389
CVE-2018-20623,0.01108,0.53389
CVE-2018-20626,0.00885,0.26162
CVE-2018-20627,0.00885,0.26162
CVE-2018-20628,0.00885,0.26162
CVE-2018-20629,0.00885,0.26162
CVE-2018-20630,0.00885,0.26162
CVE-2018-20631,0.00885,0.26162
CVE-2018-20632,0.00885,0.26162
CVE-2018-20633,0.00885,0.26162
CVE-2018-20634,0.01055,0.50287
CVE-2018-20635,0.00885,0.26162
CVE-2018-20636,0.00885,0.26162
CVE-2018-20637,0.01055,0.50287
CVE-2018-20638,0.00885,0.26162
CVE-2018-20639,0.00885,0.26162
CVE-2018-20640,0.00885,0.26162
CVE-2018-20641,0.00885,0.26162
CVE-2018-20642,0.01055,0.50287
CVE-2018-20643,0.00885,0.26162
CVE-2018-20644,0.00885,0.26162
CVE-2018-20645,0.00885,0.26162
CVE-2018-20646,0.00885,0.26162
CVE-2018-20647,0.00885,0.26162
CVE-2018-20648,0.00885,0.26162
CVE-2018-20650,0.01183,0.60428
CVE-2018-20651,0.01408,0.72072
CVE-2018-20652,0.01055,0.50287
CVE-2018-20655,0.00885,0.26162
CVE-2018-20657,0.01018,0.38792
CVE-2018-20658,0.08382,0.93597
CVE-2018-20659,0.00885,0.26162
CVE-2018-20662,0.01537,0.73595
CVE-2018-20663,0.00885,0.26162
CVE-2018-20664,0.00885,0.26162
CVE-2018-20669,0.01104,0.52279
CVE-2018-20671,0.01108,0.53389
CVE-2018-20673,0.00885,0.26162
CVE-2018-20674,0.01156,0.60033
CVE-2018-20675,0.00885,0.26162
CVE-2018-20678,0.00885,0.26162
CVE-2018-20679,0.01319,0.70416
CVE-2018-20680,0.00885,0.26162
CVE-2018-20681,0.01018,0.38792
CVE-2018-20682,0.00885,0.26162
CVE-2018-20683,0.01018,0.38792
CVE-2018-20684,0.01108,0.53389
CVE-2018-20685,0.02686,0.82061
CVE-2018-20687,0.01055,0.50287
CVE-2018-20698,0.00885,0.26162
CVE-2018-20699,0.0089,0.2856
CVE-2018-20703,0.00885,0.26162
CVE-2018-20712,0.01018,0.38792
CVE-2018-20713,0.01055,0.50287
CVE-2018-20714,0.00885,0.26162
CVE-2018-20715,0.00885,0.26162
CVE-2018-20716,0.00885,0.26162
CVE-2018-20717,0.01978,0.78447
CVE-2018-20719,0.00885,0.26162
CVE-2018-20720,0.01055,0.50287
CVE-2018-20721,0.01018,0.38792
CVE-2018-20723,0.01034,0.39824
CVE-2018-20724,0.01034,0.39824
CVE-2018-20725,0.01034,0.39824
CVE-2018-20726,0.01034,0.39824
CVE-2018-20727,0.0144,0.7265
CVE-2018-20728,0.01055,0.50287
CVE-2018-20729,0.01055,0.50287
CVE-2018-20730,0.00885,0.26162
CVE-2018-20731,0.01055,0.50287
CVE-2018-20732,0.01978,0.78447
CVE-2018-20733,0.00885,0.26162
CVE-2018-20735,0.13815,0.95593
CVE-2018-20736,0.0089,0.2856
CVE-2018-20737,0.0089,0.2856
CVE-2018-20742,0.00885,0.26162
CVE-2018-20743,0.01974,0.7812
CVE-2018-20744,0.00954,0.34522
CVE-2018-20745,0.00885,0.26162
CVE-2018-20748,0.01537,0.73595
CVE-2018-20749,0.01537,0.73595
CVE-2018-20750,0.01537,0.73595
CVE-2018-20751,0.00885,0.26162
CVE-2018-20752,0.01978,0.78447
CVE-2018-20753,0.01055,0.50287
CVE-2018-20755,0.00885,0.26162
CVE-2018-20756,0.00885,0.26162
CVE-2018-20757,0.00885,0.26162
CVE-2018-20758,0.00885,0.26162
CVE-2018-20760,0.01018,0.38792
CVE-2018-20761,0.01018,0.38792
CVE-2018-20762,0.01018,0.38792
CVE-2018-20763,0.01018,0.38792
CVE-2018-20764,0.00885,0.26162
CVE-2018-20767,0.01156,0.60033
CVE-2018-20768,0.00885,0.26162
CVE-2018-20769,0.00885,0.26162
CVE-2018-20770,0.00885,0.26162
CVE-2018-20771,0.01156,0.60033
CVE-2018-20772,0.01086,0.51674
CVE-2018-20773,0.01086,0.51674
CVE-2018-20774,0.00885,0.26162
CVE-2018-20775,0.01086,0.51674
CVE-2018-20776,0.00885,0.26162
CVE-2018-20777,0.00885,0.26162
CVE-2018-20778,0.00885,0.26162
CVE-2018-20779,0.00885,0.26162
CVE-2018-20780,0.00885,0.26162
CVE-2018-20781,0.01104,0.52279
CVE-2018-20782,0.08382,0.93597
CVE-2018-20783,0.01537,0.73595
CVE-2018-20784,0.01537,0.73595
CVE-2018-20785,0.01036,0.41241
CVE-2018-20786,0.00954,0.34522
CVE-2018-20787,0.00885,0.26162
CVE-2018-20788,0.00885,0.26162
CVE-2018-20789,0.01055,0.50287
CVE-2018-20790,0.01055,0.50287
CVE-2018-20791,0.00885,0.26162
CVE-2018-20792,0.01055,0.50287
CVE-2018-20793,0.01055,0.50287
CVE-2018-20794,0.01055,0.50287
CVE-2018-20795,0.01055,0.50287
CVE-2018-20796,0.01018,0.38792
CVE-2018-20797,0.00885,0.26162
CVE-2018-20798,0.00885,0.26162
CVE-2018-20799,0.00885,0.26162
CVE-2018-20800,0.00885,0.26162
CVE-2018-20802,0.00885,0.26162
CVE-2018-20803,0.00885,0.26162
CVE-2018-20804,0.00885,0.26162
CVE-2018-20805,0.00885,0.26162
CVE-2018-20806,0.00885,0.26162
CVE-2018-20807,0.00885,0.26162
CVE-2018-20808,0.00885,0.26162
CVE-2018-20809,0.00885,0.26162
CVE-2018-20810,0.00885,0.26162
CVE-2018-20811,0.00885,0.26162
CVE-2018-20812,0.00885,0.26162
CVE-2018-20813,0.00885,0.26162
CVE-2018-20814,0.00885,0.26162
CVE-2018-20815,0.01537,0.73595
CVE-2018-20816,0.00954,0.34522
CVE-2018-20817,0.0144,0.7265
CVE-2018-20818,0.00885,0.26162
CVE-2018-20819,0.00885,0.26162
CVE-2018-20820,0.00885,0.26162
CVE-2018-20821,0.01018,0.38792
CVE-2018-20822,0.01018,0.38792
CVE-2018-20823,0.00885,0.26162
CVE-2018-20826,0.01055,0.50287
CVE-2018-20827,0.01055,0.50287
CVE-2018-20834,0.01108,0.53389
CVE-2018-20836,0.02686,0.82061
CVE-2018-20837,0.00885,0.26162
CVE-2018-20838,0.0095,0.30554
CVE-2018-20839,0.01108,0.53389
CVE-2018-20840,0.00885,0.26162
CVE-2018-20841,0.05365,0.89438
CVE-2018-20843,0.02686,0.82061
CVE-2018-20845,0.01055,0.50287
CVE-2018-20846,0.01055,0.50287
CVE-2018-20847,0.01018,0.38792
CVE-2018-20848,0.00885,0.26162
CVE-2018-20849,0.00885,0.26162
CVE-2018-20850,0.00885,0.26162
CVE-2018-20851,0.00885,0.26162
CVE-2018-20852,0.02686,0.82061
CVE-2018-20853,0.00885,0.26162
CVE-2018-20854,0.0095,0.30554
CVE-2018-20855,0.01034,0.39824
CVE-2018-20856,0.01547,0.74085
CVE-2018-20857,0.00885,0.26162
CVE-2018-20858,0.00885,0.26162
CVE-2018-20859,0.00954,0.34522
CVE-2018-20860,0.00954,0.34522
CVE-2018-20861,0.00954,0.34522
CVE-2018-20862,0.00885,0.26162
CVE-2018-20863,0.01156,0.60033
CVE-2018-20864,0.00885,0.26162
CVE-2018-20865,0.00885,0.26162
CVE-2018-20866,0.00885,0.26162
CVE-2018-20867,0.00885,0.26162
CVE-2018-20868,0.00885,0.26162
CVE-2018-20869,0.01036,0.41241
CVE-2018-20870,0.00885,0.26162
CVE-2018-20871,0.00885,0.26162
CVE-2018-20872,0.00885,0.26162
CVE-2018-20873,0.00885,0.26162
CVE-2018-20874,0.00885,0.26162
CVE-2018-20875,0.00885,0.26162
CVE-2018-20876,0.00885,0.26162
CVE-2018-20877,0.00885,0.26162
CVE-2018-20878,0.00885,0.26162
CVE-2018-20879,0.01086,0.51674
CVE-2018-20880,0.00885,0.26162
CVE-2018-20881,0.00885,0.26162
CVE-2018-20882,0.00885,0.26162
CVE-2018-20883,0.00885,0.26162
CVE-2018-20884,0.00885,0.26162
CVE-2018-20885,0.00885,0.26162
CVE-2018-20886,0.00885,0.26162
CVE-2018-20887,0.00885,0.26162
CVE-2018-20888,0.00885,0.26162
CVE-2018-20889,0.00885,0.26162
CVE-2018-20890,0.00885,0.26162
CVE-2018-20891,0.00885,0.26162
CVE-2018-20892,0.00885,0.26162
CVE-2018-20893,0.00885,0.26162
CVE-2018-20894,0.00885,0.26162
CVE-2018-20895,0.00885,0.26162
CVE-2018-20896,0.00885,0.26162
CVE-2018-20897,0.00885,0.26162
CVE-2018-20898,0.00885,0.26162
CVE-2018-20899,0.00885,0.26162
CVE-2018-20900,0.00885,0.26162
CVE-2018-20901,0.00885,0.26162
CVE-2018-20902,0.00885,0.26162
CVE-2018-20903,0.00885,0.26162
CVE-2018-20904,0.00885,0.26162
CVE-2018-20905,0.00885,0.26162
CVE-2018-20906,0.00885,0.26162
CVE-2018-20907,0.00885,0.26162
CVE-2018-20908,0.00885,0.26162
CVE-2018-20909,0.00885,0.26162
CVE-2018-20910,0.00885,0.26162
CVE-2018-20911,0.01086,0.51674
CVE-2018-20912,0.01086,0.51674
CVE-2018-20913,0.00885,0.26162
CVE-2018-20914,0.00885,0.26162
CVE-2018-20915,0.00885,0.26162
CVE-2018-20916,0.00885,0.26162
CVE-2018-20917,0.00885,0.26162
CVE-2018-20918,0.00885,0.26162
CVE-2018-20919,0.00885,0.26162
CVE-2018-20920,0.00885,0.26162
CVE-2018-20921,0.00885,0.26162
CVE-2018-20922,0.00885,0.26162
CVE-2018-20923,0.00885,0.26162
CVE-2018-20924,0.00885,0.26162
CVE-2018-20925,0.00885,0.26162
CVE-2018-20926,0.00885,0.26162
CVE-2018-20927,0.00885,0.26162
CVE-2018-20928,0.00885,0.26162
CVE-2018-20929,0.00885,0.26162
CVE-2018-20930,0.00885,0.26162
CVE-2018-20931,0.01086,0.51674
CVE-2018-20932,0.00885,0.26162
CVE-2018-20933,0.00885,0.26162
CVE-2018-20934,0.00885,0.26162
CVE-2018-20935,0.00885,0.26162
CVE-2018-20936,0.00885,0.26162
CVE-2018-20937,0.00885,0.26162
CVE-2018-20938,0.00885,0.26162
CVE-2018-20939,0.00885,0.26162
CVE-2018-20940,0.00885,0.26162
CVE-2018-20941,0.00885,0.26162
CVE-2018-20942,0.00885,0.26162
CVE-2018-20943,0.00885,0.26162
CVE-2018-20944,0.00885,0.26162
CVE-2018-20945,0.00885,0.26162
CVE-2018-20946,0.00885,0.26162
CVE-2018-20947,0.00885,0.26162
CVE-2018-20948,0.00885,0.26162
CVE-2018-20949,0.00885,0.26162
CVE-2018-20950,0.00885,0.26162
CVE-2018-20951,0.00885,0.26162
CVE-2018-20952,0.00885,0.26162
CVE-2018-20953,0.00885,0.26162
CVE-2018-20954,0.00954,0.34522
CVE-2018-20955,0.00885,0.26162
CVE-2018-20956,0.00885,0.26162
CVE-2018-20957,0.00885,0.26162
CVE-2018-20958,0.00885,0.26162
CVE-2018-20959,0.00885,0.26162
CVE-2018-20960,0.00885,0.26162
CVE-2018-20961,0.01537,0.73595
CVE-2018-20962,0.01018,0.38792
CVE-2018-20963,0.00885,0.26162
CVE-2018-20964,0.00885,0.26162
CVE-2018-20965,0.00885,0.26162
CVE-2018-20966,0.00885,0.26162
CVE-2018-20967,0.00885,0.26162
CVE-2018-20968,0.00885,0.26162
CVE-2018-20969,0.01537,0.73595
CVE-2018-20970,0.00885,0.26162
CVE-2018-20971,0.00885,0.26162
CVE-2018-20972,0.00885,0.26162
CVE-2018-20973,0.00885,0.26162
CVE-2018-20974,0.00885,0.26162
CVE-2018-20975,0.00954,0.34522
CVE-2018-20976,0.01547,0.74085
CVE-2018-20977,0.00885,0.26162
CVE-2018-20978,0.00885,0.26162
CVE-2018-20979,0.00885,0.26162
CVE-2018-20980,0.00885,0.26162
CVE-2018-20981,0.00885,0.26162
CVE-2018-20982,0.00885,0.26162
CVE-2018-20983,0.00885,0.26162
CVE-2018-20984,0.00885,0.26162
CVE-2018-20985,0.00885,0.26162
CVE-2018-20986,0.0095,0.30554
CVE-2018-20987,0.00885,0.26162
CVE-2018-20988,0.00885,0.26162
CVE-2018-20989,0.00885,0.26162
CVE-2018-20990,0.00885,0.26162
CVE-2018-20991,0.00885,0.26162
CVE-2018-20992,0.00885,0.26162
CVE-2018-20993,0.00885,0.26162
CVE-2018-20994,0.00885,0.26162
CVE-2018-20995,0.00885,0.26162
CVE-2018-20996,0.00885,0.26162
CVE-2018-20997,0.00885,0.26162
CVE-2018-20998,0.00885,0.26162
CVE-2018-20999,0.00885,0.26162
CVE-2018-21000,0.00885,0.26162
CVE-2018-21001,0.00885,0.26162
CVE-2018-21002,0.00885,0.26162
CVE-2018-21003,0.00885,0.26162
CVE-2018-21004,0.00954,0.34522
CVE-2018-21005,0.00885,0.26162
CVE-2018-21006,0.00885,0.26162
CVE-2018-21007,0.00885,0.26162
CVE-2018-21008,0.01282,0.67298
CVE-2018-21009,0.00954,0.34522
CVE-2018-21010,0.01018,0.38792
CVE-2018-21011,0.00885,0.26162
CVE-2018-21012,0.00885,0.26162
CVE-2018-21013,0.00885,0.26162
CVE-2018-21014,0.00885,0.26162
CVE-2018-21015,0.01055,0.50287
CVE-2018-21016,0.01055,0.50287
CVE-2018-21017,0.00885,0.26162
CVE-2018-21018,0.01018,0.38792
CVE-2018-21019,0.00885,0.26162
CVE-2018-21020,0.00954,0.34522
CVE-2018-21021,0.0089,0.2856
CVE-2018-21022,0.0089,0.2856
CVE-2018-21023,0.02199,0.80273
CVE-2018-21024,0.00954,0.34522
CVE-2018-21025,0.00954,0.34522
CVE-2018-21026,0.01055,0.50287
CVE-2018-21027,0.01055,0.50287
CVE-2018-21028,0.01055,0.50287
CVE-2018-21029,0.01537,0.73595
CVE-2018-21030,0.00954,0.34522
CVE-2018-21031,0.01132,0.54372
CVE-2018-21032,0.01055,0.50287
CVE-2018-21033,0.01055,0.50287
CVE-2018-21034,0.0095,0.30554
CVE-2018-21035,0.00885,0.26162
CVE-2018-21037,0.00885,0.26162
CVE-2018-21038,0.00885,0.26162
CVE-2018-21039,0.00885,0.26162
CVE-2018-21040,0.00885,0.26162
CVE-2018-21041,0.00885,0.26162
CVE-2018-21042,0.01086,0.51674
CVE-2018-21043,0.00885,0.26162
CVE-2018-21044,0.01086,0.51674
CVE-2018-21045,0.00885,0.26162
CVE-2018-21046,0.00885,0.26162
CVE-2018-21047,0.00885,0.26162
CVE-2018-21048,0.00885,0.26162
CVE-2018-21049,0.00885,0.26162
CVE-2018-21050,0.01086,0.51674
CVE-2018-21051,0.01086,0.51674
CVE-2018-21052,0.01086,0.51674
CVE-2018-21053,0.00885,0.26162
CVE-2018-21054,0.00885,0.26162
CVE-2018-21055,0.01086,0.51674
CVE-2018-21056,0.00885,0.26162
CVE-2018-21057,0.00885,0.26162
CVE-2018-21058,0.00885,0.26162
CVE-2018-21059,0.00885,0.26162
CVE-2018-21060,0.00885,0.26162
CVE-2018-21061,0.00885,0.26162
CVE-2018-21062,0.00885,0.26162
CVE-2018-21063,0.00885,0.26162
CVE-2018-21064,0.00885,0.26162
CVE-2018-21065,0.00885,0.26162
CVE-2018-21066,0.00885,0.26162
CVE-2018-21067,0.00885,0.26162
CVE-2018-21068,0.01036,0.41241
CVE-2018-21069,0.00885,0.26162
CVE-2018-21070,0.00885,0.26162
CVE-2018-21071,0.00885,0.26162
CVE-2018-21072,0.01086,0.51674
CVE-2018-21073,0.00885,0.26162
CVE-2018-21074,0.00885,0.26162
CVE-2018-21075,0.01086,0.51674
CVE-2018-21076,0.00885,0.26162
CVE-2018-21077,0.00885,0.26162
CVE-2018-21078,0.00885,0.26162
CVE-2018-21079,0.00885,0.26162
CVE-2018-21080,0.00885,0.26162
CVE-2018-21081,0.00885,0.26162
CVE-2018-21082,0.00885,0.26162
CVE-2018-21083,0.00885,0.26162
CVE-2018-21084,0.00885,0.26162
CVE-2018-21085,0.00885,0.26162
CVE-2018-21086,0.00885,0.26162
CVE-2018-21087,0.00885,0.26162
CVE-2018-21088,0.00885,0.26162
CVE-2018-21089,0.01086,0.51674
CVE-2018-21090,0.00885,0.26162
CVE-2018-21091,0.00885,0.26162
CVE-2018-21092,0.00885,0.26162
CVE-2018-21093,0.00885,0.26162
CVE-2018-21094,0.00885,0.26162
CVE-2018-21095,0.00885,0.26162
CVE-2018-21096,0.00885,0.26162
CVE-2018-21097,0.00885,0.26162
CVE-2018-21098,0.01005,0.35949
CVE-2018-21099,0.01005,0.35949
CVE-2018-21100,0.01005,0.35949
CVE-2018-21101,0.01005,0.35949
CVE-2018-21102,0.00885,0.26162
CVE-2018-21103,0.01005,0.35949
CVE-2018-21104,0.01005,0.35949
CVE-2018-21105,0.01005,0.35949
CVE-2018-21106,0.01005,0.35949
CVE-2018-21107,0.01005,0.35949
CVE-2018-21108,0.01005,0.35949
CVE-2018-21109,0.01005,0.35949
CVE-2018-21110,0.01005,0.35949
CVE-2018-21111,0.00885,0.26162
CVE-2018-21112,0.01005,0.35949
CVE-2018-21113,0.01005,0.35949
CVE-2018-21114,0.01005,0.35949
CVE-2018-21115,0.01103,0.51945
CVE-2018-21116,0.01103,0.51945
CVE-2018-21117,0.01103,0.51945
CVE-2018-21118,0.00885,0.26162
CVE-2018-21119,0.01005,0.35949
CVE-2018-21120,0.00885,0.26162
CVE-2018-21121,0.00885,0.26162
CVE-2018-21122,0.00885,0.26162
CVE-2018-21123,0.01005,0.35949
CVE-2018-21124,0.00885,0.26162
CVE-2018-21125,0.00885,0.26162
CVE-2018-21126,0.01005,0.35949
CVE-2018-21127,0.01005,0.35949
CVE-2018-21128,0.00885,0.26162
CVE-2018-21129,0.00885,0.26162
CVE-2018-21130,0.01005,0.35949
CVE-2018-21131,0.00885,0.26162
CVE-2018-21132,0.00885,0.26162
CVE-2018-21133,0.00885,0.26162
CVE-2018-21134,0.00885,0.26162
CVE-2018-21135,0.00885,0.26162
CVE-2018-21136,0.00885,0.26162
CVE-2018-21137,0.00885,0.26162
CVE-2018-21138,0.00885,0.26162
CVE-2018-21139,0.00885,0.26162
CVE-2018-21140,0.00885,0.26162
CVE-2018-21141,0.00885,0.26162
CVE-2018-21142,0.00885,0.26162
CVE-2018-21143,0.00885,0.26162
CVE-2018-21144,0.00885,0.26162
CVE-2018-21145,0.00885,0.26162
CVE-2018-21146,0.01005,0.35949
CVE-2018-21147,0.00885,0.26162
CVE-2018-21148,0.00885,0.26162
CVE-2018-21149,0.00885,0.26162
CVE-2018-21150,0.00885,0.26162
CVE-2018-21151,0.00885,0.26162
CVE-2018-21152,0.01005,0.35949
CVE-2018-21153,0.00885,0.26162
CVE-2018-21154,0.01005,0.35949
CVE-2018-21155,0.00885,0.26162
CVE-2018-21156,0.00885,0.26162
CVE-2018-21157,0.01005,0.35949
CVE-2018-21158,0.00885,0.26162
CVE-2018-21159,0.00885,0.26162
CVE-2018-21160,0.00885,0.26162
CVE-2018-21161,0.00885,0.26162
CVE-2018-21162,0.02055,0.7893
CVE-2018-21163,0.00885,0.26162
CVE-2018-21164,0.02055,0.7893
CVE-2018-21165,0.00885,0.26162
CVE-2018-21166,0.00885,0.26162
CVE-2018-21167,0.00885,0.26162
CVE-2018-21168,0.00885,0.26162
CVE-2018-21169,0.00885,0.26162
CVE-2018-21170,0.00885,0.26162
CVE-2018-21171,0.00885,0.26162
CVE-2018-21172,0.00885,0.26162
CVE-2018-21173,0.00885,0.26162
CVE-2018-21174,0.00885,0.26162
CVE-2018-21175,0.00885,0.26162
CVE-2018-21176,0.00885,0.26162
CVE-2018-21177,0.00885,0.26162
CVE-2018-21178,0.00885,0.26162
CVE-2018-21179,0.00885,0.26162
CVE-2018-21180,0.00885,0.26162
CVE-2018-21181,0.00885,0.26162
CVE-2018-21182,0.00885,0.26162
CVE-2018-21183,0.00885,0.26162
CVE-2018-21184,0.00885,0.26162
CVE-2018-21185,0.00885,0.26162
CVE-2018-21186,0.00885,0.26162
CVE-2018-21187,0.00885,0.26162
CVE-2018-21188,0.00885,0.26162
CVE-2018-21189,0.00885,0.26162
CVE-2018-21190,0.00885,0.26162
CVE-2018-21191,0.00885,0.26162
CVE-2018-21192,0.00885,0.26162
CVE-2018-21193,0.00885,0.26162
CVE-2018-21194,0.00885,0.26162
CVE-2018-21195,0.00885,0.26162
CVE-2018-21196,0.00885,0.26162
CVE-2018-21197,0.00885,0.26162
CVE-2018-21198,0.00885,0.26162
CVE-2018-21199,0.00885,0.26162
CVE-2018-21200,0.00885,0.26162
CVE-2018-21201,0.00885,0.26162
CVE-2018-21202,0.00885,0.26162
CVE-2018-21203,0.00885,0.26162
CVE-2018-21204,0.00885,0.26162
CVE-2018-21205,0.00885,0.26162
CVE-2018-21206,0.00885,0.26162
CVE-2018-21207,0.00885,0.26162
CVE-2018-21208,0.01005,0.35949
CVE-2018-21209,0.00885,0.26162
CVE-2018-21210,0.00885,0.26162
CVE-2018-21211,0.00885,0.26162
CVE-2018-21212,0.00885,0.26162
CVE-2018-21213,0.00885,0.26162
CVE-2018-21214,0.00885,0.26162
CVE-2018-21215,0.00885,0.26162
CVE-2018-21216,0.00885,0.26162
CVE-2018-21217,0.00885,0.26162
CVE-2018-21218,0.00885,0.26162
CVE-2018-21219,0.00885,0.26162
CVE-2018-21220,0.00885,0.26162
CVE-2018-21221,0.00885,0.26162
CVE-2018-21222,0.00885,0.26162
CVE-2018-21223,0.00885,0.26162
CVE-2018-21224,0.00885,0.26162
CVE-2018-21225,0.01005,0.35949
CVE-2018-21226,0.00885,0.26162
CVE-2018-21227,0.01005,0.35949
CVE-2018-21228,0.01005,0.35949
CVE-2018-21229,0.00885,0.26162
CVE-2018-21230,0.00885,0.26162
CVE-2018-21231,0.00885,0.26162
CVE-2018-21232,0.00954,0.34522
CVE-2018-21233,0.00885,0.26162
CVE-2018-21234,0.05242,0.89216
CVE-2018-21235,0.00885,0.26162
CVE-2018-21236,0.00885,0.26162
CVE-2018-21237,0.00885,0.26162
CVE-2018-21238,0.00885,0.26162
CVE-2018-21239,0.00885,0.26162
CVE-2018-21240,0.00885,0.26162
CVE-2018-21241,0.00885,0.26162
CVE-2018-21242,0.01156,0.60033
CVE-2018-21243,0.00885,0.26162
CVE-2018-21244,0.01086,0.51674
CVE-2018-21245,0.00885,0.26162
CVE-2018-21246,0.00885,0.26162
CVE-2018-21247,0.01183,0.60428
CVE-2018-21248,0.00885,0.26162
CVE-2018-21249,0.00885,0.26162
CVE-2018-21250,0.01055,0.50287
CVE-2018-21251,0.00885,0.26162
CVE-2018-21252,0.00885,0.26162
CVE-2018-21253,0.00885,0.26162
CVE-2018-21254,0.00885,0.26162
CVE-2018-21255,0.00885,0.26162
CVE-2018-21256,0.00885,0.26162
CVE-2018-21257,0.00885,0.26162
CVE-2018-21258,0.00885,0.26162
CVE-2018-21259,0.00885,0.26162
CVE-2018-21260,0.00885,0.26162
CVE-2018-21261,0.00885,0.26162
CVE-2018-21262,0.00885,0.26162
CVE-2018-21263,0.00885,0.26162
CVE-2018-21264,0.00885,0.26162
CVE-2018-21265,0.00885,0.26162
CVE-2018-21268,0.01408,0.72072
CVE-2018-21269,0.00885,0.26162
CVE-2018-21270,0.00954,0.34522
CVE-2018-2360,0.00954,0.34522
CVE-2018-2361,0.0089,0.2856
CVE-2018-2362,0.01136,0.57949
CVE-2018-2363,0.0095,0.30554
CVE-2018-2364,0.00954,0.34522
CVE-2018-2365,0.00954,0.34522
CVE-2018-2366,0.0089,0.2856
CVE-2018-2367,0.0089,0.2856
CVE-2018-2368,0.00954,0.34522
CVE-2018-2369,0.00954,0.34522
CVE-2018-2370,0.00954,0.34522
CVE-2018-2371,0.00954,0.34522
CVE-2018-2372,0.00885,0.26162
CVE-2018-2373,0.00885,0.26162
CVE-2018-2374,0.0089,0.2856
CVE-2018-2375,0.00885,0.26162
CVE-2018-2376,0.00885,0.26162
CVE-2018-2377,0.00885,0.26162
CVE-2018-2378,0.00885,0.26162
CVE-2018-2379,0.00885,0.26162
CVE-2018-2381,0.0089,0.2856
CVE-2018-2382,0.00885,0.26162
CVE-2018-2383,0.00885,0.26162
CVE-2018-2384,0.00885,0.26162
CVE-2018-2385,0.00885,0.26162
CVE-2018-2386,0.00885,0.26162
CVE-2018-2387,0.00885,0.26162
CVE-2018-2388,0.00885,0.26162
CVE-2018-2389,0.00885,0.26162
CVE-2018-2390,0.00885,0.26162
CVE-2018-2391,0.00885,0.26162
CVE-2018-2394,0.00885,0.26162
CVE-2018-2395,0.0089,0.2856
CVE-2018-2396,0.00885,0.26162
CVE-2018-2397,0.0089,0.2856
CVE-2018-2398,0.00954,0.34522
CVE-2018-2399,0.00954,0.34522
CVE-2018-2400,0.00954,0.34522
CVE-2018-2401,0.0089,0.2856
CVE-2018-2402,0.0089,0.2856
CVE-2018-2403,0.0089,0.2856
CVE-2018-2404,0.00954,0.34522
CVE-2018-2405,0.0089,0.2856
CVE-2018-2406,0.0089,0.2856
CVE-2018-2408,0.00954,0.34522
CVE-2018-2409,0.0089,0.2856
CVE-2018-2410,0.0089,0.2856
CVE-2018-2412,0.0089,0.2856
CVE-2018-2413,0.0089,0.2856
CVE-2018-2415,0.00954,0.34522
CVE-2018-2416,0.01034,0.39824
CVE-2018-2417,0.00954,0.34522
CVE-2018-2418,0.00954,0.34522
CVE-2018-2419,0.0089,0.2856
CVE-2018-2420,0.00954,0.34522
CVE-2018-2421,0.00954,0.34522
CVE-2018-2422,0.00954,0.34522
CVE-2018-2423,0.00954,0.34522
CVE-2018-2424,0.00954,0.34522
CVE-2018-2425,0.0089,0.2856
CVE-2018-2427,0.0089,0.2856
CVE-2018-2428,0.00954,0.34522
CVE-2018-2431,0.00954,0.34522
CVE-2018-2432,0.0089,0.2856
CVE-2018-2433,0.00885,0.26162
CVE-2018-2434,0.00954,0.34522
CVE-2018-2435,0.00954,0.34522
CVE-2018-2436,0.0089,0.2856
CVE-2018-2437,0.02509,0.81058
CVE-2018-2438,0.00954,0.34522
CVE-2018-2439,0.00954,0.34522
CVE-2018-2440,0.00885,0.26162
CVE-2018-2441,0.0089,0.2856
CVE-2018-2442,0.00954,0.34522
CVE-2018-2444,0.00954,0.34522
CVE-2018-2445,0.0089,0.2856
CVE-2018-2446,0.00954,0.34522
CVE-2018-2447,0.0089,0.2856
CVE-2018-2448,0.00954,0.34522
CVE-2018-2449,0.00954,0.34522
CVE-2018-2450,0.0089,0.2856
CVE-2018-2451,0.0089,0.2856
CVE-2018-2452,0.00954,0.34522
CVE-2018-2454,0.0089,0.2856
CVE-2018-2455,0.0089,0.2856
CVE-2018-2457,0.00885,0.26162
CVE-2018-2458,0.00954,0.34522
CVE-2018-2459,0.00954,0.34522
CVE-2018-2460,0.00954,0.34522
CVE-2018-2461,0.0089,0.2856
CVE-2018-2462,0.0089,0.2856
CVE-2018-2463,0.00954,0.34522
CVE-2018-2464,0.00954,0.34522
CVE-2018-2465,0.00954,0.34522
CVE-2018-2466,0.0089,0.2856
CVE-2018-2467,0.00954,0.34522
CVE-2018-2468,0.00954,0.34522
CVE-2018-2469,0.00954,0.34522
CVE-2018-2470,0.00954,0.34522
CVE-2018-2471,0.00954,0.34522
CVE-2018-2472,0.00954,0.34522
CVE-2018-2473,0.0089,0.2856
CVE-2018-2474,0.00954,0.34522
CVE-2018-2475,0.0095,0.30554
CVE-2018-2476,0.00954,0.34522
CVE-2018-2477,0.0089,0.2856
CVE-2018-2478,0.0089,0.2856
CVE-2018-2479,0.00954,0.34522
CVE-2018-2481,0.0089,0.2856
CVE-2018-2482,0.00954,0.34522
CVE-2018-2483,0.0089,0.2856
CVE-2018-2484,0.0089,0.2856
CVE-2018-2485,0.00954,0.34522
CVE-2018-2486,0.0089,0.2856
CVE-2018-2487,0.00954,0.34522
CVE-2018-2488,0.00885,0.26162
CVE-2018-2489,0.00885,0.26162
CVE-2018-2490,0.00885,0.26162
CVE-2018-2491,0.00885,0.26162
CVE-2018-2492,0.0089,0.2856
CVE-2018-2494,0.00885,0.26162
CVE-2018-2497,0.0089,0.2856
CVE-2018-2499,0.00954,0.34522
CVE-2018-2500,0.0089,0.2856
CVE-2018-25001,0.00885,0.26162
CVE-2018-25002,0.0089,0.2856
CVE-2018-25004,0.00885,0.26162
CVE-2018-25007,0.00885,0.26162
CVE-2018-25008,0.00885,0.26162
CVE-2018-25009,0.00954,0.34522
CVE-2018-25010,0.00954,0.34522
CVE-2018-25011,0.01018,0.38792
CVE-2018-25012,0.00954,0.34522
CVE-2018-25013,0.00954,0.34522
CVE-2018-25014,0.00954,0.34522
CVE-2018-25015,0.0095,0.30554
CVE-2018-25016,0.00885,0.26162
CVE-2018-25017,0.00954,0.34522
CVE-2018-25018,0.00954,0.34522
CVE-2018-25019,0.00885,0.26162
CVE-2018-2502,0.00954,0.34522
CVE-2018-25020,0.0089,0.2856
CVE-2018-25021,0.01136,0.57949
CVE-2018-25022,0.01061,0.51015
CVE-2018-25023,0.00885,0.26162
CVE-2018-25024,0.00885,0.26162
CVE-2018-25025,0.00885,0.26162
CVE-2018-25026,0.00885,0.26162
CVE-2018-25027,0.00885,0.26162
CVE-2018-25028,0.00885,0.26162
CVE-2018-25029,0.00885,0.26162
CVE-2018-2503,0.00954,0.34522
CVE-2018-25030,0.0089,0.2856
CVE-2018-25032,0.02686,0.82061
CVE-2018-25033,0.00885,0.26162
CVE-2018-25034,0.00885,0.26162
CVE-2018-25035,0.00885,0.26162
CVE-2018-25036,0.00885,0.26162
CVE-2018-25037,0.00885,0.26162
CVE-2018-25038,0.00885,0.26162
CVE-2018-25039,0.00885,0.26162
CVE-2018-2504,0.00954,0.34522
CVE-2018-25040,0.00954,0.34522
CVE-2018-25041,0.01018,0.38792
CVE-2018-25042,0.00954,0.34522
CVE-2018-25043,0.00954,0.34522
CVE-2018-25044,0.00954,0.34522
CVE-2018-25045,0.00954,0.34522
CVE-2018-2505,0.00954,0.34522
CVE-2018-2560,0.0089,0.2856
CVE-2018-2561,0.00954,0.34522
CVE-2018-2562,0.01547,0.74085
CVE-2018-2563,0.0089,0.2856
CVE-2018-2564,0.00954,0.34522
CVE-2018-2565,0.01034,0.39824
CVE-2018-2566,0.0089,0.2856
CVE-2018-2567,0.00954,0.34522
CVE-2018-2568,0.00954,0.34522
CVE-2018-2569,0.00954,0.34522
CVE-2018-2570,0.0089,0.2856
CVE-2018-2571,0.0089,0.2856
CVE-2018-2572,0.00885,0.26162
CVE-2018-2573,0.01034,0.39824
CVE-2018-2574,0.00885,0.26162
CVE-2018-2575,0.0089,0.2856
CVE-2018-2576,0.01034,0.39824
CVE-2018-2577,0.0089,0.2856
CVE-2018-2578,0.0089,0.2856
CVE-2018-2579,0.02686,0.82061
CVE-2018-2580,0.0089,0.2856
CVE-2018-2581,0.01537,0.73595
CVE-2018-2582,0.02686,0.82061
CVE-2018-2583,0.01034,0.39824
CVE-2018-2584,0.0089,0.2856
CVE-2018-2585,0.01018,0.38792
CVE-2018-2586,0.01034,0.39824
CVE-2018-2587,0.01018,0.38792
CVE-2018-2588,0.01547,0.74085
CVE-2018-2589,0.00885,0.26162
CVE-2018-2590,0.01034,0.39824
CVE-2018-2591,0.0095,0.30554
CVE-2018-2592,0.0089,0.2856
CVE-2018-2593,0.00954,0.34522
CVE-2018-2594,0.0089,0.2856
CVE-2018-2595,0.0089,0.2856
CVE-2018-2596,0.00954,0.34522
CVE-2018-2597,0.00885,0.26162
CVE-2018-2598,0.01018,0.38792
CVE-2018-2599,0.02686,0.82061
CVE-2018-2600,0.01034,0.39824
CVE-2018-2601,0.0089,0.2856
CVE-2018-2602,0.02686,0.82061
CVE-2018-2603,0.02686,0.82061
CVE-2018-2604,0.00885,0.26162
CVE-2018-2605,0.0095,0.30554
CVE-2018-2606,0.00885,0.26162
CVE-2018-2607,0.00885,0.26162
CVE-2018-2608,0.00885,0.26162
CVE-2018-2609,0.00885,0.26162
CVE-2018-2610,0.00954,0.34522
CVE-2018-2611,0.00954,0.34522
CVE-2018-2612,0.01282,0.67298
CVE-2018-2613,0.00885,0.26162
CVE-2018-2614,0.0089,0.2856
CVE-2018-2615,0.00885,0.26162
CVE-2018-2616,0.00885,0.26162
CVE-2018-2617,0.00885,0.26162
CVE-2018-2618,0.02686,0.82061
CVE-2018-2619,0.00885,0.26162
CVE-2018-2620,0.0089,0.2856
CVE-2018-2621,0.00885,0.26162
CVE-2018-2622,0.01547,0.74085
CVE-2018-2623,0.00954,0.34522
CVE-2018-2624,0.00954,0.34522
CVE-2018-2625,0.00954,0.34522
CVE-2018-2626,0.00954,0.34522
CVE-2018-2627,0.01034,0.39824
CVE-2018-2629,0.02686,0.82061
CVE-2018-2630,0.0089,0.2856
CVE-2018-2631,0.00885,0.26162
CVE-2018-2632,0.00885,0.26162
CVE-2018-2633,0.02686,0.82061
CVE-2018-2634,0.02686,0.82061
CVE-2018-2635,0.00954,0.34522
CVE-2018-2637,0.02686,0.82061
CVE-2018-2638,0.01537,0.73595
CVE-2018-2639,0.01537,0.73595
CVE-2018-2640,0.01547,0.74085
CVE-2018-2641,0.02686,0.82061
CVE-2018-2642,0.00885,0.26162
CVE-2018-2643,0.00885,0.26162
CVE-2018-2644,0.00885,0.26162
CVE-2018-2645,0.01034,0.39824
CVE-2018-2646,0.01034,0.39824
CVE-2018-2647,0.01034,0.39824
CVE-2018-2648,0.0089,0.2856
CVE-2018-2649,0.0089,0.2856
CVE-2018-2650,0.00885,0.26162
CVE-2018-2651,0.00954,0.34522
CVE-2018-2652,0.00954,0.34522
CVE-2018-2653,0.00954,0.34522
CVE-2018-2654,0.00954,0.34522
CVE-2018-2655,0.00954,0.34522
CVE-2018-2656,0.00954,0.34522
CVE-2018-2657,0.01537,0.73595
CVE-2018-2658,0.00885,0.26162
CVE-2018-2659,0.00885,0.26162
CVE-2018-2660,0.0089,0.2856
CVE-2018-2661,0.00954,0.34522
CVE-2018-2662,0.00885,0.26162
CVE-2018-2663,0.02686,0.82061
CVE-2018-2664,0.00954,0.34522
CVE-2018-2665,0.01547,0.74085
CVE-2018-2666,0.00885,0.26162
CVE-2018-2667,0.01034,0.39824
CVE-2018-2668,0.01547,0.74085
CVE-2018-2669,0.00885,0.26162
CVE-2018-2670,0.00954,0.34522
CVE-2018-2671,0.0089,0.2856
CVE-2018-2672,0.00885,0.26162
CVE-2018-2673,0.00885,0.26162
CVE-2018-2674,0.00954,0.34522
CVE-2018-2675,0.01018,0.38792
CVE-2018-2676,0.0089,0.2856
CVE-2018-2677,0.02686,0.82061
CVE-2018-2678,0.02686,0.82061
CVE-2018-2679,0.0089,0.2856
CVE-2018-2680,0.00954,0.34522
CVE-2018-2681,0.0089,0.2856
CVE-2018-2682,0.00954,0.34522
CVE-2018-2683,0.00885,0.26162
CVE-2018-2684,0.0089,0.2856
CVE-2018-2685,0.00954,0.34522
CVE-2018-2686,0.00954,0.34522
CVE-2018-2687,0.00954,0.34522
CVE-2018-2688,0.00954,0.34522
CVE-2018-2689,0.00954,0.34522
CVE-2018-2690,0.00954,0.34522
CVE-2018-2691,0.0089,0.2856
CVE-2018-2692,0.00954,0.34522
CVE-2018-2693,0.0089,0.2856
CVE-2018-2694,0.0089,0.2856
CVE-2018-2695,0.0089,0.2856
CVE-2018-2696,0.01108,0.53389
CVE-2018-2697,0.00885,0.26162
CVE-2018-2698,0.02001,0.7846
CVE-2018-2699,0.00954,0.34522
CVE-2018-2700,0.00885,0.26162
CVE-2018-2701,0.00885,0.26162
CVE-2018-2702,0.0089,0.2856
CVE-2018-2703,0.01034,0.39824
CVE-2018-2704,0.0089,0.2856
CVE-2018-2705,0.0089,0.2856
CVE-2018-2706,0.0089,0.2856
CVE-2018-2707,0.0089,0.2856
CVE-2018-2708,0.0089,0.2856
CVE-2018-2709,0.0089,0.2856
CVE-2018-2710,0.00954,0.34522
CVE-2018-2711,0.00954,0.34522
CVE-2018-2712,0.00954,0.34522
CVE-2018-2713,0.00954,0.34522
CVE-2018-2714,0.00954,0.34522
CVE-2018-2715,0.0089,0.2856
CVE-2018-2716,0.00954,0.34522
CVE-2018-2717,0.0089,0.2856
CVE-2018-2718,0.00954,0.34522
CVE-2018-2719,0.00954,0.34522
CVE-2018-2720,0.0089,0.2856
CVE-2018-2721,0.0089,0.2856
CVE-2018-2722,0.00954,0.34522
CVE-2018-2723,0.0089,0.2856
CVE-2018-2724,0.0089,0.2856
CVE-2018-2725,0.0089,0.2856
CVE-2018-2726,0.0089,0.2856
CVE-2018-2727,0.0089,0.2856
CVE-2018-2728,0.00954,0.34522
CVE-2018-2729,0.0089,0.2856
CVE-2018-2730,0.00885,0.26162
CVE-2018-2731,0.0089,0.2856
CVE-2018-2732,0.00954,0.34522
CVE-2018-2733,0.0089,0.2856
CVE-2018-2737,0.00885,0.26162
CVE-2018-2738,0.00885,0.26162
CVE-2018-2739,0.00954,0.34522
CVE-2018-2742,0.00954,0.34522
CVE-2018-2746,0.0089,0.2856
CVE-2018-2747,0.0089,0.2856
CVE-2018-2748,0.00954,0.34522
CVE-2018-2749,0.0089,0.2856
CVE-2018-2750,0.00954,0.34522
CVE-2018-2752,0.0089,0.2856
CVE-2018-2753,0.0089,0.2856
CVE-2018-2754,0.00954,0.34522
CVE-2018-2755,0.02686,0.82061
CVE-2018-2756,0.0089,0.2856
CVE-2018-2758,0.01104,0.52279
CVE-2018-2759,0.01282,0.67298
CVE-2018-2760,0.00954,0.34522
CVE-2018-2761,0.02686,0.82061
CVE-2018-2762,0.01034,0.39824
CVE-2018-2763,0.0089,0.2856
CVE-2018-2764,0.00954,0.34522
CVE-2018-2765,0.01018,0.38792
CVE-2018-2766,0.01282,0.67298
CVE-2018-2767,0.01282,0.67298
CVE-2018-2768,0.00954,0.34522
CVE-2018-2769,0.01034,0.39824
CVE-2018-2770,0.0089,0.2856
CVE-2018-2771,0.01791,0.76026
CVE-2018-2772,0.0089,0.2856
CVE-2018-2773,0.01282,0.67298
CVE-2018-2774,0.00954,0.34522
CVE-2018-2775,0.01034,0.39824
CVE-2018-2776,0.01034,0.39824
CVE-2018-2777,0.01282,0.67298
CVE-2018-2778,0.01034,0.39824
CVE-2018-2779,0.01034,0.39824
CVE-2018-2780,0.01034,0.39824
CVE-2018-2781,0.01791,0.76026
CVE-2018-2782,0.01282,0.67298
CVE-2018-2783,0.02686,0.82061
CVE-2018-2784,0.01282,0.67298
CVE-2018-2785,0.00954,0.34522
CVE-2018-2786,0.01282,0.67298
CVE-2018-2787,0.01282,0.67298
CVE-2018-2788,0.00954,0.34522
CVE-2018-2789,0.00885,0.26162
CVE-2018-2790,0.02686,0.82061
CVE-2018-2792,0.0089,0.2856
CVE-2018-2793,0.00954,0.34522
CVE-2018-2794,0.02686,0.82061
CVE-2018-2795,0.02686,0.82061
CVE-2018-2796,0.02686,0.82061
CVE-2018-2797,0.02686,0.82061
CVE-2018-2798,0.02686,0.82061
CVE-2018-2799,0.05242,0.89216
CVE-2018-2800,0.02686,0.82061
CVE-2018-2801,0.00954,0.34522
CVE-2018-2802,0.00885,0.26162
CVE-2018-2803,0.00885,0.26162
CVE-2018-2804,0.00954,0.34522
CVE-2018-2805,0.0095,0.30554
CVE-2018-2806,0.00954,0.34522
CVE-2018-2807,0.00954,0.34522
CVE-2018-2808,0.0089,0.2856
CVE-2018-2809,0.00954,0.34522
CVE-2018-2810,0.01282,0.67298
CVE-2018-2811,0.01183,0.60428
CVE-2018-2812,0.01034,0.39824
CVE-2018-2813,0.01547,0.74085
CVE-2018-2814,0.02686,0.82061
CVE-2018-2815,0.02686,0.82061
CVE-2018-2816,0.01034,0.39824
CVE-2018-2817,0.01547,0.74085
CVE-2018-2818,0.01282,0.67298
CVE-2018-2819,0.01547,0.74085
CVE-2018-2820,0.0089,0.2856
CVE-2018-2821,0.00954,0.34522
CVE-2018-2822,0.0089,0.2856
CVE-2018-2823,0.00885,0.26162
CVE-2018-2824,0.00885,0.26162
CVE-2018-2825,0.01108,0.53389
CVE-2018-2826,0.01108,0.53389
CVE-2018-2827,0.00885,0.26162
CVE-2018-2828,0.0089,0.2856
CVE-2018-2829,0.00885,0.26162
CVE-2018-2830,0.0095,0.30554
CVE-2018-2831,0.0095,0.30554
CVE-2018-2832,0.00885,0.26162
CVE-2018-2833,0.00885,0.26162
CVE-2018-2834,0.00954,0.34522
CVE-2018-2835,0.0095,0.30554
CVE-2018-2836,0.0095,0.30554
CVE-2018-2837,0.0095,0.30554
CVE-2018-2838,0.00954,0.34522
CVE-2018-2839,0.01034,0.39824
CVE-2018-2840,0.00885,0.26162
CVE-2018-2841,0.0089,0.2856
CVE-2018-2842,0.0095,0.30554
CVE-2018-2843,0.0095,0.30554
CVE-2018-2845,0.0095,0.30554
CVE-2018-2846,0.01034,0.39824
CVE-2018-2847,0.00885,0.26162
CVE-2018-2848,0.00885,0.26162
CVE-2018-2849,0.00885,0.26162
CVE-2018-2850,0.00885,0.26162
CVE-2018-2851,0.00885,0.26162
CVE-2018-2852,0.00885,0.26162
CVE-2018-2853,0.00885,0.26162
CVE-2018-2854,0.00954,0.34522
CVE-2018-2855,0.0089,0.2856
CVE-2018-2856,0.0089,0.2856
CVE-2018-2857,0.0089,0.2856
CVE-2018-2858,0.00954,0.34522
CVE-2018-2859,0.00954,0.34522
CVE-2018-2860,0.0095,0.30554
CVE-2018-2861,0.00885,0.26162
CVE-2018-2862,0.00885,0.26162
CVE-2018-2863,0.0089,0.2856
CVE-2018-2864,0.00954,0.34522
CVE-2018-2865,0.00954,0.34522
CVE-2018-2866,0.00954,0.34522
CVE-2018-2867,0.00954,0.34522
CVE-2018-2868,0.00954,0.34522
CVE-2018-2869,0.00954,0.34522
CVE-2018-2870,0.00954,0.34522
CVE-2018-2871,0.00954,0.34522
CVE-2018-2872,0.00954,0.34522
CVE-2018-2873,0.00954,0.34522
CVE-2018-2874,0.00954,0.34522
CVE-2018-2875,0.00885,0.26162
CVE-2018-2876,0.00885,0.26162
CVE-2018-2877,0.0095,0.30554
CVE-2018-2878,0.00954,0.34522
CVE-2018-2880,0.00885,0.26162
CVE-2018-2881,0.00885,0.26162
CVE-2018-2882,0.00885,0.26162
CVE-2018-2883,0.00885,0.26162
CVE-2018-2887,0.00885,0.26162
CVE-2018-2888,0.00885,0.26162
CVE-2018-2889,0.00885,0.26162
CVE-2018-2891,0.00885,0.26162
CVE-2018-2892,0.02001,0.7846
CVE-2018-2895,0.00954,0.34522
CVE-2018-2896,0.00954,0.34522
CVE-2018-2897,0.00954,0.34522
CVE-2018-2898,0.00954,0.34522
CVE-2018-2899,0.00954,0.34522
CVE-2018-2900,0.00954,0.34522
CVE-2018-2901,0.00954,0.34522
CVE-2018-2902,0.0089,0.2856
CVE-2018-2903,0.0089,0.2856
CVE-2018-2904,0.00954,0.34522
CVE-2018-2905,0.00954,0.34522
CVE-2018-2906,0.00954,0.34522
CVE-2018-2907,0.00954,0.34522
CVE-2018-2908,0.0089,0.2856
CVE-2018-2909,0.00954,0.34522
CVE-2018-2911,0.00885,0.26162
CVE-2018-2912,0.00954,0.34522
CVE-2018-2913,0.00954,0.34522
CVE-2018-2914,0.00954,0.34522
CVE-2018-2915,0.00954,0.34522
CVE-2018-2916,0.0089,0.2856
CVE-2018-2917,0.00954,0.34522
CVE-2018-2918,0.00954,0.34522
CVE-2018-2919,0.00954,0.34522
CVE-2018-2920,0.0089,0.2856
CVE-2018-2921,0.00954,0.34522
CVE-2018-2922,0.0089,0.2856
CVE-2018-2923,0.0089,0.2856
CVE-2018-2924,0.0089,0.2856
CVE-2018-2925,0.0089,0.2856
CVE-2018-2926,0.0089,0.2856
CVE-2018-2927,0.0089,0.2856
CVE-2018-2928,0.00954,0.34522
CVE-2018-2929,0.00954,0.34522
CVE-2018-2930,0.00954,0.34522
CVE-2018-2932,0.00954,0.34522
CVE-2018-2933,0.0089,0.2856
CVE-2018-2934,0.00954,0.34522
CVE-2018-2935,0.00954,0.34522
CVE-2018-2936,0.00954,0.34522
CVE-2018-2937,0.00954,0.34522
CVE-2018-2938,0.01018,0.38792
CVE-2018-2939,0.0089,0.2856
CVE-2018-2940,0.02686,0.82061
CVE-2018-2941,0.01183,0.60428
CVE-2018-2942,0.01018,0.38792
CVE-2018-2943,0.00954,0.34522
CVE-2018-2944,0.00954,0.34522
CVE-2018-2945,0.00954,0.34522
CVE-2018-2946,0.00954,0.34522
CVE-2018-2947,0.0089,0.2856
CVE-2018-2948,0.00954,0.34522
CVE-2018-2949,0.00954,0.34522
CVE-2018-2950,0.00954,0.34522
CVE-2018-2951,0.00954,0.34522
CVE-2018-2952,0.02686,0.82061
CVE-2018-2953,0.00954,0.34522
CVE-2018-2954,0.0089,0.2856
CVE-2018-2955,0.00954,0.34522
CVE-2018-2956,0.00954,0.34522
CVE-2018-2957,0.00954,0.34522
CVE-2018-2958,0.00954,0.34522
CVE-2018-2959,0.00885,0.26162
CVE-2018-2960,0.00885,0.26162
CVE-2018-2961,0.00885,0.26162
CVE-2018-2962,0.00885,0.26162
CVE-2018-2963,0.00885,0.26162
CVE-2018-2964,0.01108,0.53389
CVE-2018-2965,0.00885,0.26162
CVE-2018-2966,0.00885,0.26162
CVE-2018-2967,0.00885,0.26162
CVE-2018-2968,0.00885,0.26162
CVE-2018-2969,0.00885,0.26162
CVE-2018-2970,0.00885,0.26162
CVE-2018-2971,0.0089,0.2856
CVE-2018-2972,0.01018,0.38792
CVE-2018-2973,0.02686,0.82061
CVE-2018-2974,0.0089,0.2856
CVE-2018-2975,0.00954,0.34522
CVE-2018-2976,0.00954,0.34522
CVE-2018-2977,0.00954,0.34522
CVE-2018-2978,0.0089,0.2856
CVE-2018-2979,0.0089,0.2856
CVE-2018-2980,0.0089,0.2856
CVE-2018-2981,0.0089,0.2856
CVE-2018-2982,0.0089,0.2856
CVE-2018-2984,0.0089,0.2856
CVE-2018-2985,0.00954,0.34522
CVE-2018-2986,0.00954,0.34522
CVE-2018-2987,0.00954,0.34522
CVE-2018-2988,0.00954,0.34522
CVE-2018-2989,0.00885,0.26162
CVE-2018-2990,0.00954,0.34522
CVE-2018-2991,0.00954,0.34522
CVE-2018-2992,0.00954,0.34522
CVE-2018-2993,0.00954,0.34522
CVE-2018-2994,0.00954,0.34522
CVE-2018-2995,0.00954,0.34522
CVE-2018-2996,0.00954,0.34522
CVE-2018-2997,0.00954,0.34522
CVE-2018-2998,0.0089,0.2856
CVE-2018-2999,0.00954,0.34522
CVE-2018-3000,0.00954,0.34522
CVE-2018-3001,0.00954,0.34522
CVE-2018-3002,0.00954,0.34522
CVE-2018-3003,0.00954,0.34522
CVE-2018-3004,0.0095,0.30554
CVE-2018-3005,0.00954,0.34522
CVE-2018-3006,0.00954,0.34522
CVE-2018-3007,0.00954,0.34522
CVE-2018-3008,0.00954,0.34522
CVE-2018-3009,0.00954,0.34522
CVE-2018-3010,0.00954,0.34522
CVE-2018-3011,0.00954,0.34522
CVE-2018-3012,0.00954,0.34522
CVE-2018-3013,0.0089,0.2856
CVE-2018-3014,0.0089,0.2856
CVE-2018-3015,0.0089,0.2856
CVE-2018-3016,0.0089,0.2856
CVE-2018-3017,0.00954,0.34522
CVE-2018-3018,0.00954,0.34522
CVE-2018-3019,0.0089,0.2856
CVE-2018-3020,0.0089,0.2856
CVE-2018-3021,0.00954,0.34522
CVE-2018-3022,0.0089,0.2856
CVE-2018-3023,0.0089,0.2856
CVE-2018-3024,0.0089,0.2856
CVE-2018-3025,0.0089,0.2856
CVE-2018-3026,0.0089,0.2856
CVE-2018-3027,0.0089,0.2856
CVE-2018-3028,0.0089,0.2856
CVE-2018-3029,0.00954,0.34522
CVE-2018-3030,0.0089,0.2856
CVE-2018-3031,0.0089,0.2856
CVE-2018-3032,0.0089,0.2856
CVE-2018-3033,0.0089,0.2856
CVE-2018-3034,0.0089,0.2856
CVE-2018-3035,0.0089,0.2856
CVE-2018-3036,0.0089,0.2856
CVE-2018-3037,0.0089,0.2856
CVE-2018-3038,0.00954,0.34522
CVE-2018-3039,0.00954,0.34522
CVE-2018-3040,0.0089,0.2856
CVE-2018-3041,0.0089,0.2856
CVE-2018-3042,0.0089,0.2856
CVE-2018-3043,0.0089,0.2856
CVE-2018-3044,0.0089,0.2856
CVE-2018-3045,0.0089,0.2856
CVE-2018-3046,0.0089,0.2856
CVE-2018-3047,0.0089,0.2856
CVE-2018-3048,0.0089,0.2856
CVE-2018-3049,0.0089,0.2856
CVE-2018-3050,0.0089,0.2856
CVE-2018-3051,0.0089,0.2856
CVE-2018-3052,0.00885,0.26162
CVE-2018-3053,0.00885,0.26162
CVE-2018-3054,0.01034,0.39824
CVE-2018-3056,0.01034,0.39824
CVE-2018-3057,0.0089,0.2856
CVE-2018-3058,0.01282,0.67298
CVE-2018-3059,0.00885,0.26162
CVE-2018-3060,0.01034,0.39824
CVE-2018-3061,0.01034,0.39824
CVE-2018-3062,0.01034,0.39824
CVE-2018-3063,0.01282,0.67298
CVE-2018-3064,0.01282,0.67298
CVE-2018-3065,0.01034,0.39824
CVE-2018-3066,0.01282,0.67298
CVE-2018-3067,0.0095,0.30554
CVE-2018-3068,0.00954,0.34522
CVE-2018-3069,0.00885,0.26162
CVE-2018-3070,0.01104,0.52279
CVE-2018-3071,0.01034,0.39824
CVE-2018-3072,0.00954,0.34522
CVE-2018-3073,0.0095,0.30554
CVE-2018-3074,0.0095,0.30554
CVE-2018-3075,0.0095,0.30554
CVE-2018-3076,0.0089,0.2856
CVE-2018-3077,0.01034,0.39824
CVE-2018-3078,0.0095,0.30554
CVE-2018-3079,0.0095,0.30554
CVE-2018-3080,0.0095,0.30554
CVE-2018-3081,0.01282,0.67298
CVE-2018-3082,0.0095,0.30554
CVE-2018-3084,0.0095,0.30554
CVE-2018-3086,0.00954,0.34522
CVE-2018-3087,0.00954,0.34522
CVE-2018-3088,0.00954,0.34522
CVE-2018-3089,0.00954,0.34522
CVE-2018-3090,0.00954,0.34522
CVE-2018-3091,0.00954,0.34522
CVE-2018-3092,0.00954,0.34522
CVE-2018-3093,0.00954,0.34522
CVE-2018-3094,0.00954,0.34522
CVE-2018-3095,0.00954,0.34522
CVE-2018-3096,0.00954,0.34522
CVE-2018-3097,0.00954,0.34522
CVE-2018-3098,0.00954,0.34522
CVE-2018-3099,0.00885,0.26162
CVE-2018-3100,0.00954,0.34522
CVE-2018-3101,0.00954,0.34522
CVE-2018-3102,0.00885,0.26162
CVE-2018-3103,0.00885,0.26162
CVE-2018-3104,0.00885,0.26162
CVE-2018-3105,0.00885,0.26162
CVE-2018-3108,0.0089,0.2856
CVE-2018-3109,0.0089,0.2856
CVE-2018-3110,0.0089,0.2856
CVE-2018-3111,0.00885,0.26162
CVE-2018-3115,0.00885,0.26162
CVE-2018-3120,0.00885,0.26162
CVE-2018-3122,0.00885,0.26162
CVE-2018-3123,0.00885,0.26162
CVE-2018-3125,0.00885,0.26162
CVE-2018-3126,0.00885,0.26162
CVE-2018-3127,0.00885,0.26162
CVE-2018-3128,0.00885,0.26162
CVE-2018-3129,0.00954,0.34522
CVE-2018-3130,0.0089,0.2856
CVE-2018-3131,0.00885,0.26162
CVE-2018-3132,0.00954,0.34522
CVE-2018-3133,0.01282,0.67298
CVE-2018-3134,0.00885,0.26162
CVE-2018-3135,0.00954,0.34522
CVE-2018-3136,0.02686,0.82061
CVE-2018-3137,0.0095,0.30554
CVE-2018-3138,0.00954,0.34522
CVE-2018-3139,0.02686,0.82061
CVE-2018-3140,0.00954,0.34522
CVE-2018-3141,0.00954,0.34522
CVE-2018-3142,0.0089,0.2856
CVE-2018-3143,0.01282,0.67298
CVE-2018-3144,0.01108,0.53389
CVE-2018-3145,0.0095,0.30554
CVE-2018-3146,0.00885,0.26162
CVE-2018-3147,0.00954,0.34522
CVE-2018-3148,0.00885,0.26162
CVE-2018-3150,0.01108,0.53389
CVE-2018-3151,0.00954,0.34522
CVE-2018-3152,0.00885,0.26162
CVE-2018-3153,0.00954,0.34522
CVE-2018-3154,0.00954,0.34522
CVE-2018-3155,0.01034,0.39824
CVE-2018-3156,0.01282,0.67298
CVE-2018-3157,0.01018,0.38792
CVE-2018-3158,0.00885,0.26162
CVE-2018-3159,0.00885,0.26162
CVE-2018-3160,0.00885,0.26162
CVE-2018-3161,0.01034,0.39824
CVE-2018-3162,0.01104,0.52279
CVE-2018-3163,0.00885,0.26162
CVE-2018-3164,0.00954,0.34522
CVE-2018-3165,0.0089,0.2856
CVE-2018-3166,0.00885,0.26162
CVE-2018-3168,0.00885,0.26162
CVE-2018-3169,0.02686,0.82061
CVE-2018-3170,0.0095,0.30554
CVE-2018-3171,0.01034,0.39824
CVE-2018-3172,0.00954,0.34522
CVE-2018-3173,0.01104,0.52279
CVE-2018-3174,0.01282,0.67298
CVE-2018-3175,0.00954,0.34522
CVE-2018-3176,0.00954,0.34522
CVE-2018-3177,0.00954,0.34522
CVE-2018-3178,0.00954,0.34522
CVE-2018-3179,0.00885,0.26162
CVE-2018-3180,0.02686,0.82061
CVE-2018-3181,0.00885,0.26162
CVE-2018-3182,0.0095,0.30554
CVE-2018-3183,0.02686,0.82061
CVE-2018-3184,0.0089,0.2856
CVE-2018-3185,0.01104,0.52279
CVE-2018-3186,0.0095,0.30554
CVE-2018-3187,0.01034,0.39824
CVE-2018-3188,0.00954,0.34522
CVE-2018-3189,0.00954,0.34522
CVE-2018-3190,0.00954,0.34522
CVE-2018-3192,0.0089,0.2856
CVE-2018-3193,0.00954,0.34522
CVE-2018-3194,0.00954,0.34522
CVE-2018-3195,0.0095,0.30554
CVE-2018-3196,0.00954,0.34522
CVE-2018-3197,0.00954,0.34522
CVE-2018-3198,0.00954,0.34522
CVE-2018-3200,0.01104,0.52279
CVE-2018-3201,0.00954,0.34522
CVE-2018-3202,0.00954,0.34522
CVE-2018-3203,0.0095,0.30554
CVE-2018-3204,0.00885,0.26162
CVE-2018-3205,0.00954,0.34522
CVE-2018-3206,0.00954,0.34522
CVE-2018-3207,0.00954,0.34522
CVE-2018-3208,0.0089,0.2856
CVE-2018-3209,0.01108,0.53389
CVE-2018-3210,0.00885,0.26162
CVE-2018-3211,0.01034,0.39824
CVE-2018-3212,0.0095,0.30554
CVE-2018-3213,0.01018,0.38792
CVE-2018-3214,0.02686,0.82061
CVE-2018-3215,0.00885,0.26162
CVE-2018-3217,0.00885,0.26162
CVE-2018-3218,0.00885,0.26162
CVE-2018-3219,0.00885,0.26162
CVE-2018-3220,0.00885,0.26162
CVE-2018-3221,0.00885,0.26162
CVE-2018-3222,0.00885,0.26162
CVE-2018-3223,0.00885,0.26162
CVE-2018-3224,0.00885,0.26162
CVE-2018-3225,0.00885,0.26162
CVE-2018-3226,0.00885,0.26162
CVE-2018-3227,0.00885,0.26162
CVE-2018-3228,0.00885,0.26162
CVE-2018-3229,0.00885,0.26162
CVE-2018-3230,0.00885,0.26162
CVE-2018-3231,0.00885,0.26162
CVE-2018-3232,0.00885,0.26162
CVE-2018-3233,0.00885,0.26162
CVE-2018-3234,0.00885,0.26162
CVE-2018-3235,0.00954,0.34522
CVE-2018-3236,0.0089,0.2856
CVE-2018-3237,0.00954,0.34522
CVE-2018-3238,0.00885,0.26162
CVE-2018-3239,0.00954,0.34522
CVE-2018-3241,0.00885,0.26162
CVE-2018-3242,0.00954,0.34522
CVE-2018-3243,0.00954,0.34522
CVE-2018-3244,0.00954,0.34522
CVE-2018-3246,0.01018,0.38792
CVE-2018-3247,0.01034,0.39824
CVE-2018-3248,0.00954,0.34522
CVE-2018-3249,0.0089,0.2856
CVE-2018-3250,0.00954,0.34522
CVE-2018-3251,0.01282,0.67298
CVE-2018-3253,0.00885,0.26162
CVE-2018-3254,0.00885,0.26162
CVE-2018-3255,0.00954,0.34522
CVE-2018-3256,0.00954,0.34522
CVE-2018-3257,0.00954,0.34522
CVE-2018-3258,0.0095,0.30554
CVE-2018-3259,0.00954,0.34522
CVE-2018-3261,0.00954,0.34522
CVE-2018-3262,0.00954,0.34522
CVE-2018-3263,0.00954,0.34522
CVE-2018-3264,0.0089,0.2856
CVE-2018-3265,0.00954,0.34522
CVE-2018-3266,0.0089,0.2856
CVE-2018-3267,0.00954,0.34522
CVE-2018-3268,0.00954,0.34522
CVE-2018-3269,0.0089,0.2856
CVE-2018-3270,0.0089,0.2856
CVE-2018-3271,0.0089,0.2856
CVE-2018-3272,0.00954,0.34522
CVE-2018-3273,0.00954,0.34522
CVE-2018-3274,0.0089,0.2856
CVE-2018-3275,0.00954,0.34522
CVE-2018-3276,0.01034,0.39824
CVE-2018-3277,0.01104,0.52279
CVE-2018-3278,0.01034,0.39824
CVE-2018-3279,0.0095,0.30554
CVE-2018-3280,0.0095,0.30554
CVE-2018-3281,0.00885,0.26162
CVE-2018-3282,0.01791,0.76026
CVE-2018-3283,0.01034,0.39824
CVE-2018-3284,0.01104,0.52279
CVE-2018-3285,0.0095,0.30554
CVE-2018-3286,0.0095,0.30554
CVE-2018-3287,0.00954,0.34522
CVE-2018-3288,0.01018,0.38792
CVE-2018-3289,0.01018,0.38792
CVE-2018-3290,0.01018,0.38792
CVE-2018-3291,0.01018,0.38792
CVE-2018-3292,0.01018,0.38792
CVE-2018-3293,0.01018,0.38792
CVE-2018-3294,0.0095,0.30554
CVE-2018-3296,0.01018,0.38792
CVE-2018-3297,0.01018,0.38792
CVE-2018-3298,0.01018,0.38792
CVE-2018-3299,0.00954,0.34522
CVE-2018-3300,0.00885,0.26162
CVE-2018-3301,0.00954,0.34522
CVE-2018-3302,0.00885,0.26162
CVE-2018-3303,0.00885,0.26162
CVE-2018-3304,0.00885,0.26162
CVE-2018-3305,0.00885,0.26162
CVE-2018-3309,0.0089,0.2856
CVE-2018-3311,0.00885,0.26162
CVE-2018-3312,0.00885,0.26162
CVE-2018-3314,0.00885,0.26162
CVE-2018-3315,0.00885,0.26162
CVE-2018-3316,0.00885,0.26162
CVE-2018-3560,0.00885,0.26162
CVE-2018-3561,0.00885,0.26162
CVE-2018-3562,0.00885,0.26162
CVE-2018-3563,0.01036,0.41241
CVE-2018-3564,0.0089,0.2856
CVE-2018-3565,0.00885,0.26162
CVE-2018-3566,0.00885,0.26162
CVE-2018-3567,0.00885,0.26162
CVE-2018-3568,0.00885,0.26162
CVE-2018-3569,0.0089,0.2856
CVE-2018-3570,0.00885,0.26162
CVE-2018-3571,0.00885,0.26162
CVE-2018-3572,0.00885,0.26162
CVE-2018-3573,0.00885,0.26162
CVE-2018-3574,0.0095,0.30554
CVE-2018-3576,0.00885,0.26162
CVE-2018-3577,0.00954,0.34522
CVE-2018-3578,0.00885,0.26162
CVE-2018-3579,0.00885,0.26162
CVE-2018-3580,0.00885,0.26162
CVE-2018-3581,0.00885,0.26162
CVE-2018-3582,0.00885,0.26162
CVE-2018-3583,0.00885,0.26162
CVE-2018-3584,0.00885,0.26162
CVE-2018-3586,0.00885,0.26162
CVE-2018-3587,0.0095,0.30554
CVE-2018-3588,0.00885,0.26162
CVE-2018-3589,0.00885,0.26162
CVE-2018-3590,0.00885,0.26162
CVE-2018-3591,0.00885,0.26162
CVE-2018-3592,0.00885,0.26162
CVE-2018-3593,0.00885,0.26162
CVE-2018-3594,0.00885,0.26162
CVE-2018-3595,0.00885,0.26162
CVE-2018-3596,0.00885,0.26162
CVE-2018-3597,0.00885,0.26162
CVE-2018-3598,0.00885,0.26162
CVE-2018-3599,0.00885,0.26162
CVE-2018-3600,0.01055,0.50287
CVE-2018-3601,0.01055,0.50287
CVE-2018-3602,0.01978,0.78447
CVE-2018-3603,0.01978,0.78447
CVE-2018-3604,0.05822,0.89949
CVE-2018-3605,0.07876,0.92965
CVE-2018-3606,0.07876,0.92965
CVE-2018-3607,0.04571,0.88388
CVE-2018-3608,0.00885,0.26162
CVE-2018-3609,0.01018,0.38792
CVE-2018-3610,0.00885,0.26162
CVE-2018-3611,0.00885,0.26162
CVE-2018-3612,0.00885,0.26162
CVE-2018-3613,0.0095,0.30554
CVE-2018-3615,0.01864,0.7628
CVE-2018-3616,0.01108,0.53389
CVE-2018-3619,0.00885,0.26162
CVE-2018-3620,0.03807,0.84843
CVE-2018-3621,0.00885,0.26162
CVE-2018-3624,0.05634,0.89764
CVE-2018-3626,0.00885,0.26162
CVE-2018-3627,0.01005,0.36332
CVE-2018-3628,0.01559,0.742
CVE-2018-3629,0.01018,0.38792
CVE-2018-3632,0.0095,0.30554
CVE-2018-3634,0.00885,0.26162
CVE-2018-3635,0.0089,0.2856
CVE-2018-3638,0.01036,0.41241
CVE-2018-3640,0.01864,0.7628
CVE-2018-3641,0.00885,0.26162
CVE-2018-3643,0.01365,0.70715
CVE-2018-3645,0.00885,0.26162
CVE-2018-3646,0.03807,0.84843
CVE-2018-3649,0.01103,0.51945
CVE-2018-3650,0.00885,0.26162
CVE-2018-3652,0.00885,0.26162
CVE-2018-3655,0.01559,0.742
CVE-2018-3657,0.01505,0.72763
CVE-2018-3658,0.01108,0.53389
CVE-2018-3659,0.00885,0.26162
CVE-2018-3661,0.00885,0.26162
CVE-2018-3662,0.01036,0.41241
CVE-2018-3663,0.00885,0.26162
CVE-2018-3665,0.01864,0.7628
CVE-2018-3666,0.01036,0.41241
CVE-2018-3667,0.01036,0.41241
CVE-2018-3668,0.01036,0.41241
CVE-2018-3669,0.00885,0.26162
CVE-2018-3670,0.01036,0.41241
CVE-2018-3671,0.00885,0.26162
CVE-2018-3672,0.01036,0.41241
CVE-2018-3679,0.01103,0.51945
CVE-2018-3682,0.00885,0.26162
CVE-2018-3683,0.01036,0.41241
CVE-2018-3684,0.01036,0.41241
CVE-2018-3686,0.01036,0.41241
CVE-2018-3687,0.01036,0.41241
CVE-2018-3688,0.01036,0.41241
CVE-2018-3689,0.00885,0.26162
CVE-2018-3691,0.01036,0.41241
CVE-2018-3693,0.01864,0.7628
CVE-2018-3696,0.00885,0.26162
CVE-2018-3697,0.00885,0.26162
CVE-2018-3698,0.00885,0.26162
CVE-2018-3699,0.00885,0.26162
CVE-2018-3700,0.00885,0.26162
CVE-2018-3701,0.0095,0.30554
CVE-2018-3702,0.00885,0.26162
CVE-2018-3703,0.00885,0.26162
CVE-2018-3704,0.00885,0.26162
CVE-2018-3705,0.00885,0.26162
CVE-2018-3710,0.04836,0.88802
CVE-2018-3711,0.00885,0.26162
CVE-2018-3712,0.00885,0.26162
CVE-2018-3713,0.00885,0.26162
CVE-2018-3715,0.00885,0.26162
CVE-2018-3716,0.00885,0.26162
CVE-2018-3717,0.0089,0.2856
CVE-2018-3718,0.00885,0.26162
CVE-2018-3720,0.00885,0.26162
CVE-2018-3723,0.00885,0.26162
CVE-2018-3724,0.00885,0.26162
CVE-2018-3725,0.00885,0.26162
CVE-2018-3727,0.00885,0.26162
CVE-2018-3729,0.00885,0.26162
CVE-2018-3730,0.00885,0.26162
CVE-2018-3734,0.00885,0.26162
CVE-2018-3735,0.00885,0.26162
CVE-2018-3737,0.00885,0.26162
CVE-2018-3739,0.00885,0.26162
CVE-2018-3740,0.01018,0.38792
CVE-2018-3741,0.00885,0.26162
CVE-2018-3743,0.00885,0.26162
CVE-2018-3744,0.00885,0.26162
CVE-2018-3745,0.00885,0.26162
CVE-2018-3748,0.00885,0.26162
CVE-2018-3749,0.00885,0.26162
CVE-2018-3750,0.00885,0.26162
CVE-2018-3751,0.00885,0.26162
CVE-2018-3752,0.00885,0.26162
CVE-2018-3753,0.00885,0.26162
CVE-2018-3754,0.00885,0.26162
CVE-2018-3755,0.00885,0.26162
CVE-2018-3756,0.00885,0.26162
CVE-2018-3757,0.02055,0.7893
CVE-2018-3758,0.00885,0.26162
CVE-2018-3759,0.00885,0.26162
CVE-2018-3761,0.00885,0.26162
CVE-2018-3762,0.00885,0.26162
CVE-2018-3763,0.00885,0.26162
CVE-2018-3764,0.00885,0.26162
CVE-2018-3766,0.00885,0.26162
CVE-2018-3767,0.00885,0.26162
CVE-2018-3769,0.00954,0.34522
CVE-2018-3770,0.00885,0.26162
CVE-2018-3771,0.00885,0.26162
CVE-2018-3772,0.00885,0.26162
CVE-2018-3773,0.00885,0.26162
CVE-2018-3774,0.00954,0.34522
CVE-2018-3775,0.00885,0.26162
CVE-2018-3776,0.00885,0.26162
CVE-2018-3777,0.00885,0.26162
CVE-2018-3778,0.00954,0.34522
CVE-2018-3779,0.01156,0.60033
CVE-2018-3780,0.00885,0.26162
CVE-2018-3781,0.00885,0.26162
CVE-2018-3784,0.01086,0.51674
CVE-2018-3785,0.02055,0.7893
CVE-2018-3786,0.02509,0.81058
CVE-2018-3787,0.00885,0.26162
CVE-2018-3809,0.00885,0.26162
CVE-2018-3811,0.01018,0.38792
CVE-2018-3813,0.00885,0.26162
CVE-2018-3814,0.01055,0.50287
CVE-2018-3815,0.00885,0.26162
CVE-2018-3817,0.00885,0.26162
CVE-2018-3818,0.00885,0.26162
CVE-2018-3819,0.00885,0.26162
CVE-2018-3820,0.00885,0.26162
CVE-2018-3821,0.00885,0.26162
CVE-2018-3822,0.00885,0.26162
CVE-2018-3823,0.00885,0.26162
CVE-2018-3824,0.00885,0.26162
CVE-2018-3825,0.00885,0.26162
CVE-2018-3826,0.00885,0.26162
CVE-2018-3827,0.00885,0.26162
CVE-2018-3828,0.00885,0.26162
CVE-2018-3829,0.00885,0.26162
CVE-2018-3830,0.00954,0.34522
CVE-2018-3831,0.00885,0.26162
CVE-2018-3832,0.00885,0.26162
CVE-2018-3833,0.00885,0.26162
CVE-2018-3834,0.00885,0.26162
CVE-2018-3835,0.01086,0.51674
CVE-2018-3836,0.01005,0.36332
CVE-2018-3837,0.01018,0.38792
CVE-2018-3838,0.01018,0.38792
CVE-2018-3839,0.02509,0.81058
CVE-2018-3840,0.00885,0.26162
CVE-2018-3841,0.00885,0.26162
CVE-2018-3842,0.02509,0.81058
CVE-2018-3843,0.02509,0.81058
CVE-2018-3844,0.01005,0.36332
CVE-2018-3845,0.01005,0.36332
CVE-2018-3846,0.02509,0.81058
CVE-2018-3847,0.0144,0.7265
CVE-2018-3848,0.02509,0.81058
CVE-2018-3849,0.02509,0.81058
CVE-2018-3850,0.02509,0.81058
CVE-2018-3851,0.01005,0.36332
CVE-2018-3852,0.00885,0.26162
CVE-2018-3853,0.01559,0.742
CVE-2018-3854,0.00885,0.26162
CVE-2018-3855,0.01005,0.36332
CVE-2018-3856,0.02055,0.7893
CVE-2018-3857,0.01036,0.41241
CVE-2018-3858,0.01036,0.41241
CVE-2018-3859,0.01036,0.41241
CVE-2018-3860,0.01036,0.41241
CVE-2018-3861,0.01036,0.41241
CVE-2018-3862,0.00885,0.26162
CVE-2018-3863,0.00885,0.26162
CVE-2018-3864,0.00885,0.26162
CVE-2018-3865,0.00885,0.26162
CVE-2018-3866,0.00885,0.26162
CVE-2018-3867,0.00885,0.26162
CVE-2018-3868,0.01036,0.41241
CVE-2018-3870,0.01036,0.41241
CVE-2018-3871,0.01036,0.41241
CVE-2018-3872,0.00885,0.26162
CVE-2018-3873,0.00885,0.26162
CVE-2018-3874,0.00885,0.26162
CVE-2018-3875,0.00885,0.26162
CVE-2018-3876,0.00885,0.26162
CVE-2018-3877,0.00885,0.26162
CVE-2018-3878,0.00885,0.26162
CVE-2018-3879,0.00885,0.26162
CVE-2018-3880,0.00885,0.26162
CVE-2018-3881,0.00885,0.26162
CVE-2018-3882,0.00885,0.26162
CVE-2018-3883,0.00885,0.26162
CVE-2018-3884,0.00885,0.26162
CVE-2018-3885,0.00885,0.26162
CVE-2018-3886,0.01036,0.41241
CVE-2018-3887,0.01036,0.41241
CVE-2018-3888,0.01036,0.41241
CVE-2018-3889,0.01036,0.41241
CVE-2018-3890,0.01036,0.41241
CVE-2018-3891,0.00885,0.26162
CVE-2018-3892,0.01086,0.51674
CVE-2018-3893,0.00885,0.26162
CVE-2018-3894,0.00885,0.26162
CVE-2018-3895,0.00885,0.26162
CVE-2018-3896,0.00885,0.26162
CVE-2018-3897,0.00885,0.26162
CVE-2018-3898,0.01086,0.51674
CVE-2018-3899,0.01086,0.51674
CVE-2018-3900,0.01086,0.51674
CVE-2018-3902,0.00885,0.26162
CVE-2018-3903,0.00885,0.26162
CVE-2018-3904,0.00885,0.26162
CVE-2018-3905,0.00885,0.26162
CVE-2018-3906,0.00885,0.26162
CVE-2018-3907,0.00885,0.26162
CVE-2018-3908,0.00885,0.26162
CVE-2018-3909,0.00885,0.26162
CVE-2018-3910,0.01036,0.41241
CVE-2018-3911,0.00885,0.26162
CVE-2018-3912,0.00885,0.26162
CVE-2018-3913,0.00885,0.26162
CVE-2018-3914,0.00885,0.26162
CVE-2018-3915,0.00885,0.26162
CVE-2018-3916,0.00885,0.26162
CVE-2018-3917,0.00885,0.26162
CVE-2018-3918,0.00885,0.26162
CVE-2018-3919,0.00885,0.26162
CVE-2018-3920,0.01036,0.41241
CVE-2018-3921,0.01036,0.41241
CVE-2018-3922,0.01036,0.41241
CVE-2018-3923,0.01036,0.41241
CVE-2018-3924,0.01005,0.36332
CVE-2018-3925,0.00885,0.26162
CVE-2018-3926,0.00885,0.26162
CVE-2018-3927,0.00885,0.26162
CVE-2018-3928,0.01086,0.51674
CVE-2018-3929,0.01103,0.51945
CVE-2018-3930,0.01103,0.51945
CVE-2018-3931,0.01103,0.51945
CVE-2018-3932,0.01103,0.51945
CVE-2018-3933,0.01103,0.51945
CVE-2018-3934,0.01086,0.51674
CVE-2018-3935,0.01086,0.51674
CVE-2018-3936,0.01103,0.51945
CVE-2018-3937,0.02055,0.7893
CVE-2018-3938,0.01156,0.60033
CVE-2018-3939,0.01036,0.41241
CVE-2018-3940,0.00885,0.26162
CVE-2018-3941,0.01005,0.36332
CVE-2018-3942,0.01005,0.36332
CVE-2018-3943,0.01005,0.36332
CVE-2018-3944,0.01005,0.36332
CVE-2018-3945,0.01005,0.36332
CVE-2018-3946,0.01005,0.36332
CVE-2018-3947,0.00885,0.26162
CVE-2018-3948,0.00885,0.26162
CVE-2018-3949,0.00885,0.26162
CVE-2018-3950,0.01156,0.60033
CVE-2018-3951,0.01156,0.60033
CVE-2018-3952,0.01005,0.36332
CVE-2018-3953,0.02055,0.7893
CVE-2018-3954,0.02055,0.7893
CVE-2018-3955,0.01086,0.51674
CVE-2018-3956,0.00885,0.26162
CVE-2018-3957,0.00885,0.26162
CVE-2018-3958,0.00885,0.26162
CVE-2018-3959,0.00885,0.26162
CVE-2018-3960,0.00885,0.26162
CVE-2018-3961,0.00885,0.26162
CVE-2018-3962,0.00885,0.26162
CVE-2018-3963,0.01036,0.41241
CVE-2018-3964,0.01036,0.41241
CVE-2018-3965,0.01036,0.41241
CVE-2018-3966,0.01036,0.41241
CVE-2018-3967,0.01036,0.41241
CVE-2018-3968,0.00885,0.26162
CVE-2018-3969,0.00885,0.26162
CVE-2018-3970,0.00885,0.26162
CVE-2018-3971,0.00885,0.26162
CVE-2018-3972,0.02275,0.80593
CVE-2018-3973,0.01005,0.36332
CVE-2018-3974,0.01036,0.41241
CVE-2018-3975,0.01036,0.41241
CVE-2018-3976,0.01005,0.36332
CVE-2018-3977,0.02509,0.81058
CVE-2018-3978,0.00885,0.26162
CVE-2018-3979,0.01086,0.51674
CVE-2018-3980,0.01036,0.41241
CVE-2018-3981,0.01559,0.742
CVE-2018-3982,0.01036,0.41241
CVE-2018-3983,0.01036,0.41241
CVE-2018-3984,0.01036,0.41241
CVE-2018-3985,0.01086,0.51674
CVE-2018-3986,0.00885,0.26162
CVE-2018-3987,0.00885,0.26162
CVE-2018-3988,0.00885,0.26162
CVE-2018-3989,0.0095,0.30554
CVE-2018-3991,0.05634,0.89764
CVE-2018-3992,0.01005,0.36332
CVE-2018-3993,0.01005,0.36332
CVE-2018-3994,0.01005,0.36332
CVE-2018-3995,0.01005,0.36332
CVE-2018-3996,0.01005,0.36332
CVE-2018-3997,0.01005,0.36332
CVE-2018-3998,0.00885,0.26162
CVE-2018-3999,0.00885,0.26162
CVE-2018-4000,0.00885,0.26162
CVE-2018-4001,0.01036,0.41241
CVE-2018-4002,0.00885,0.26162
CVE-2018-4003,0.01086,0.51674
CVE-2018-4004,0.00885,0.26162
CVE-2018-4005,0.00885,0.26162
CVE-2018-4006,0.00885,0.26162
CVE-2018-4007,0.00885,0.26162
CVE-2018-4008,0.00885,0.26162
CVE-2018-4009,0.00885,0.26162
CVE-2018-4010,0.01005,0.36332
CVE-2018-4011,0.00885,0.26162
CVE-2018-4012,0.01086,0.51674
CVE-2018-4014,0.01086,0.51674
CVE-2018-4015,0.00885,0.26162
CVE-2018-4016,0.01036,0.41241
CVE-2018-4017,0.00885,0.26162
CVE-2018-4018,0.00885,0.26162
CVE-2018-4019,0.02055,0.7893
CVE-2018-4020,0.02055,0.7893
CVE-2018-4021,0.02055,0.7893
CVE-2018-4022,0.01036,0.41241
CVE-2018-4023,0.01086,0.51674
CVE-2018-4024,0.00885,0.26162
CVE-2018-4025,0.00885,0.26162
CVE-2018-4026,0.00885,0.26162
CVE-2018-4027,0.00885,0.26162
CVE-2018-4028,0.00885,0.26162
CVE-2018-4029,0.01086,0.51674
CVE-2018-4030,0.00885,0.26162
CVE-2018-4031,0.01086,0.51674
CVE-2018-4032,0.00885,0.26162
CVE-2018-4033,0.00885,0.26162
CVE-2018-4034,0.00885,0.26162
CVE-2018-4035,0.00885,0.26162
CVE-2018-4036,0.00885,0.26162
CVE-2018-4037,0.00885,0.26162
CVE-2018-4038,0.01036,0.41241
CVE-2018-4039,0.01036,0.41241
CVE-2018-4040,0.00885,0.26162
CVE-2018-4041,0.00885,0.26162
CVE-2018-4042,0.00885,0.26162
CVE-2018-4043,0.00885,0.26162
CVE-2018-4044,0.00885,0.26162
CVE-2018-4045,0.00885,0.26162
CVE-2018-4046,0.00885,0.26162
CVE-2018-4047,0.00885,0.26162
CVE-2018-4048,0.01036,0.41241
CVE-2018-4049,0.01036,0.41241
CVE-2018-4050,0.01036,0.41241
CVE-2018-4051,0.00885,0.26162
CVE-2018-4052,0.00885,0.26162
CVE-2018-4053,0.00885,0.26162
CVE-2018-4054,0.00885,0.26162
CVE-2018-4055,0.00885,0.26162
CVE-2018-4056,0.00954,0.34522
CVE-2018-4058,0.00885,0.26162
CVE-2018-4059,0.00885,0.26162
CVE-2018-4061,0.02199,0.80273
CVE-2018-4062,0.01018,0.38792
CVE-2018-4063,0.04571,0.88388
CVE-2018-4064,0.00885,0.26162
CVE-2018-4065,0.02509,0.81058
CVE-2018-4066,0.01018,0.38792
CVE-2018-4067,0.0095,0.30554
CVE-2018-4068,0.00885,0.26162
CVE-2018-4069,0.01018,0.38792
CVE-2018-4070,0.00885,0.26162
CVE-2018-4071,0.00885,0.26162
CVE-2018-4072,0.00885,0.26162
CVE-2018-4073,0.00885,0.26162
CVE-2018-4082,0.01363,0.70595
CVE-2018-4083,0.01947,0.77153
CVE-2018-4085,0.02197,0.80203
CVE-2018-4086,0.01319,0.70416
CVE-2018-4088,0.02949,0.82791
CVE-2018-4089,0.20516,0.96291
CVE-2018-4090,0.03102,0.83066
CVE-2018-4091,0.00954,0.34522
CVE-2018-4092,0.01108,0.53389
CVE-2018-4093,0.01108,0.53389
CVE-2018-4094,0.02585,0.81242
CVE-2018-4095,0.01363,0.70595
CVE-2018-4096,0.02949,0.82791
CVE-2018-4097,0.01237,0.66358
CVE-2018-4098,0.01237,0.66358
CVE-2018-4100,0.01319,0.70416
CVE-2018-4101,0.02343,0.80645
CVE-2018-4102,0.01136,0.57949
CVE-2018-4104,0.01108,0.53389
CVE-2018-4105,0.00954,0.34522
CVE-2018-4106,0.00954,0.34522
CVE-2018-4107,0.01136,0.57949
CVE-2018-4108,0.00954,0.34522
CVE-2018-4109,0.01237,0.66358
CVE-2018-4111,0.00954,0.34522
CVE-2018-4112,0.00954,0.34522
CVE-2018-4113,0.01537,0.73595
CVE-2018-4114,0.02949,0.82791
CVE-2018-4115,0.01108,0.53389
CVE-2018-4116,0.01055,0.50287
CVE-2018-4117,0.01955,0.77585
CVE-2018-4118,0.02343,0.80645
CVE-2018-4119,0.02343,0.80645
CVE-2018-4120,0.02343,0.80645
CVE-2018-4122,0.02949,0.82791
CVE-2018-4123,0.00954,0.34522
CVE-2018-4125,0.02949,0.82791
CVE-2018-4126,0.01108,0.53389
CVE-2018-4127,0.02343,0.80645
CVE-2018-4128,0.02343,0.80645
CVE-2018-4129,0.02949,0.82791
CVE-2018-4130,0.02197,0.80203
CVE-2018-4131,0.01108,0.53389
CVE-2018-4132,0.01237,0.66358
CVE-2018-4133,0.01213,0.6557
CVE-2018-4134,0.01136,0.57949
CVE-2018-4135,0.01237,0.66358
CVE-2018-4136,0.01237,0.66358
CVE-2018-4137,0.01136,0.57949
CVE-2018-4138,0.00954,0.34522
CVE-2018-4139,0.02106,0.79092
CVE-2018-4140,0.01136,0.57949
CVE-2018-4141,0.00885,0.26162
CVE-2018-4142,0.01319,0.70416
CVE-2018-4143,0.01363,0.70595
CVE-2018-4144,0.01889,0.76448
CVE-2018-4145,0.01108,0.53389
CVE-2018-4146,0.01537,0.73595
CVE-2018-4147,0.01018,0.38792
CVE-2018-4148,0.03822,0.84853
CVE-2018-4149,0.01136,0.57949
CVE-2018-4151,0.01237,0.66358
CVE-2018-4152,0.01237,0.66358
CVE-2018-4153,0.00885,0.26162
CVE-2018-4154,0.01363,0.70595
CVE-2018-4155,0.01363,0.70595
CVE-2018-4156,0.01237,0.66358
CVE-2018-4157,0.01363,0.70595
CVE-2018-4158,0.01363,0.70595
CVE-2018-4159,0.00885,0.26162
CVE-2018-4160,0.01237,0.66358
CVE-2018-4161,0.02343,0.80645
CVE-2018-4162,0.02949,0.82791
CVE-2018-4163,0.02949,0.82791
CVE-2018-4164,0.01108,0.53389
CVE-2018-4165,0.02343,0.80645
CVE-2018-4166,0.01363,0.70595
CVE-2018-4167,0.01363,0.70595
CVE-2018-4168,0.00954,0.34522
CVE-2018-4169,0.00885,0.26162
CVE-2018-4170,0.01237,0.66358
CVE-2018-4171,0.00885,0.26162
CVE-2018-4172,0.00954,0.34522
CVE-2018-4173,0.00885,0.26162
CVE-2018-4174,0.01018,0.38792
CVE-2018-4175,0.00954,0.34522
CVE-2018-4176,0.00954,0.34522
CVE-2018-4178,0.00885,0.26162
CVE-2018-4179,0.00885,0.26162
CVE-2018-4180,0.0095,0.30554
CVE-2018-4181,0.0095,0.30554
CVE-2018-4182,0.0089,0.2856
CVE-2018-4183,0.0089,0.2856
CVE-2018-4184,0.00885,0.26162
CVE-2018-4186,0.00885,0.26162
CVE-2018-4187,0.01319,0.70416
CVE-2018-4188,0.01319,0.70416
CVE-2018-4189,0.01018,0.38792
CVE-2018-4190,0.01408,0.72072
CVE-2018-4191,0.01108,0.53389
CVE-2018-4192,0.228,0.9647
CVE-2018-4194,0.01018,0.38792
CVE-2018-4195,0.00885,0.26162
CVE-2018-4196,0.01005,0.36332
CVE-2018-4197,0.08944,0.93724
CVE-2018-4198,0.01213,0.6557
CVE-2018-4199,0.02343,0.80645
CVE-2018-4200,0.20516,0.96291
CVE-2018-4201,0.02343,0.80645
CVE-2018-4202,0.01018,0.38792
CVE-2018-4203,0.01018,0.38792
CVE-2018-4204,0.02949,0.82791
CVE-2018-4205,0.01136,0.57949
CVE-2018-4206,0.06549,0.90972
CVE-2018-4207,0.01183,0.60428
CVE-2018-4208,0.01183,0.60428
CVE-2018-4209,0.01183,0.60428
CVE-2018-4210,0.01108,0.53389
CVE-2018-4211,0.02149,0.79189
CVE-2018-4212,0.01183,0.60428
CVE-2018-4213,0.01108,0.53389
CVE-2018-4214,0.01408,0.72072
CVE-2018-4215,0.00885,0.26162
CVE-2018-4216,0.00885,0.26162
CVE-2018-4217,0.00885,0.26162
CVE-2018-4218,0.20516,0.96291
CVE-2018-4219,0.00885,0.26162
CVE-2018-4220,0.0144,0.7265
CVE-2018-4221,0.01018,0.38792
CVE-2018-4222,0.228,0.9647
CVE-2018-4223,0.0095,0.30554
CVE-2018-4224,0.01104,0.52279
CVE-2018-4225,0.01034,0.39824
CVE-2018-4226,0.01034,0.39824
CVE-2018-4227,0.01213,0.6557
CVE-2018-4228,0.01005,0.36332
CVE-2018-4229,0.00885,0.26162
CVE-2018-4230,0.02106,0.79092
CVE-2018-4232,0.01408,0.72072
CVE-2018-4234,0.01005,0.36332
CVE-2018-4235,0.0095,0.30554
CVE-2018-4236,0.01005,0.36332
CVE-2018-4237,0.49613,0.98544
CVE-2018-4238,0.00885,0.26162
CVE-2018-4239,0.00885,0.26162
CVE-2018-4240,0.10212,0.94357
CVE-2018-4244,0.00885,0.26162
CVE-2018-4246,0.03564,0.84145
CVE-2018-4247,0.01213,0.6557
CVE-2018-4249,0.01363,0.70595
CVE-2018-4250,0.01055,0.50287
CVE-2018-4251,0.00954,0.34522
CVE-2018-4252,0.00885,0.26162
CVE-2018-4253,0.00885,0.26162
CVE-2018-4254,0.00885,0.26162
CVE-2018-4255,0.00885,0.26162
CVE-2018-4256,0.00885,0.26162
CVE-2018-4257,0.00885,0.26162
CVE-2018-4258,0.00885,0.26162
CVE-2018-4259,0.00885,0.26162
CVE-2018-4260,0.00885,0.26162
CVE-2018-4261,0.01018,0.38792
CVE-2018-4262,0.01108,0.53389
CVE-2018-4263,0.01018,0.38792
CVE-2018-4264,0.01108,0.53389
CVE-2018-4265,0.01018,0.38792
CVE-2018-4266,0.01108,0.53389
CVE-2018-4267,0.01018,0.38792
CVE-2018-4268,0.00885,0.26162
CVE-2018-4269,0.01018,0.38792
CVE-2018-4270,0.01108,0.53389
CVE-2018-4271,0.01108,0.53389
CVE-2018-4272,0.01108,0.53389
CVE-2018-4273,0.01108,0.53389
CVE-2018-4274,0.00885,0.26162
CVE-2018-4275,0.00885,0.26162
CVE-2018-4276,0.00885,0.26162
CVE-2018-4277,0.01108,0.53389
CVE-2018-4278,0.01183,0.60428
CVE-2018-4279,0.00885,0.26162
CVE-2018-4281,0.00885,0.26162
CVE-2018-4282,0.0089,0.2856
CVE-2018-4283,0.00885,0.26162
CVE-2018-4284,0.01108,0.53389
CVE-2018-4285,0.00885,0.26162
CVE-2018-4286,0.00885,0.26162
CVE-2018-4287,0.00885,0.26162
CVE-2018-4288,0.00885,0.26162
CVE-2018-4289,0.00885,0.26162
CVE-2018-4290,0.00885,0.26162
CVE-2018-4291,0.00885,0.26162
CVE-2018-4293,0.01108,0.53389
CVE-2018-4295,0.00885,0.26162
CVE-2018-4296,0.00885,0.26162
CVE-2018-4298,0.00885,0.26162
CVE-2018-4299,0.01108,0.53389
CVE-2018-4300,0.00954,0.34522
CVE-2018-4302,0.01237,0.66358
CVE-2018-4303,0.01018,0.38792
CVE-2018-4304,0.0095,0.30554
CVE-2018-4305,0.00954,0.34522
CVE-2018-4306,0.08944,0.93724
CVE-2018-4307,0.00885,0.26162
CVE-2018-4308,0.00885,0.26162
CVE-2018-4309,0.01018,0.38792
CVE-2018-4310,0.00954,0.34522
CVE-2018-4311,0.01018,0.38792
CVE-2018-4312,0.08944,0.93724
CVE-2018-4313,0.0089,0.2856
CVE-2018-4314,0.08944,0.93724
CVE-2018-4315,0.08944,0.93724
CVE-2018-4316,0.01018,0.38792
CVE-2018-4317,0.08944,0.93724
CVE-2018-4318,0.08944,0.93724
CVE-2018-4319,0.01018,0.38792
CVE-2018-4321,0.00954,0.34522
CVE-2018-4322,0.00885,0.26162
CVE-2018-4323,0.08944,0.93724
CVE-2018-4324,0.00885,0.26162
CVE-2018-4325,0.00885,0.26162
CVE-2018-4326,0.00954,0.34522
CVE-2018-4328,0.08944,0.93724
CVE-2018-4329,0.00885,0.26162
CVE-2018-4332,0.01018,0.38792
CVE-2018-4333,0.00885,0.26162
CVE-2018-4334,0.00885,0.26162
CVE-2018-4335,0.00885,0.26162
CVE-2018-4336,0.01018,0.38792
CVE-2018-4337,0.01018,0.38792
CVE-2018-4338,0.00885,0.26162
CVE-2018-4339,0.00885,0.26162
CVE-2018-4340,0.01018,0.38792
CVE-2018-4341,0.01018,0.38792
CVE-2018-4342,0.00885,0.26162
CVE-2018-4344,0.01018,0.38792
CVE-2018-4345,0.01018,0.38792
CVE-2018-4346,0.00885,0.26162
CVE-2018-4347,0.01108,0.53389
CVE-2018-4348,0.00885,0.26162
CVE-2018-4350,0.00885,0.26162
CVE-2018-4351,0.00885,0.26162
CVE-2018-4352,0.00885,0.26162
CVE-2018-4353,0.00885,0.26162
CVE-2018-4354,0.01018,0.38792
CVE-2018-4355,0.00885,0.26162
CVE-2018-4356,0.00885,0.26162
CVE-2018-4357,0.00885,0.26162
CVE-2018-4358,0.01108,0.53389
CVE-2018-4359,0.01108,0.53389
CVE-2018-4360,0.01108,0.53389
CVE-2018-4361,0.01108,0.53389
CVE-2018-4362,0.00885,0.26162
CVE-2018-4363,0.00954,0.34522
CVE-2018-4365,0.00885,0.26162
CVE-2018-4366,0.08382,0.93597
CVE-2018-4367,0.08382,0.93597
CVE-2018-4368,0.0095,0.30554
CVE-2018-4369,0.01018,0.38792
CVE-2018-4371,0.01018,0.38792
CVE-2018-4372,0.01108,0.53389
CVE-2018-4373,0.01018,0.38792
CVE-2018-4374,0.01018,0.38792
CVE-2018-4375,0.01018,0.38792
CVE-2018-4376,0.01018,0.38792
CVE-2018-4377,0.01018,0.38792
CVE-2018-4378,0.01108,0.53389
CVE-2018-4379,0.00885,0.26162
CVE-2018-4380,0.00885,0.26162
CVE-2018-4381,0.00885,0.26162
CVE-2018-4382,0.10212,0.94357
CVE-2018-4383,0.01018,0.38792
CVE-2018-4384,0.02362,0.80685
CVE-2018-4385,0.00885,0.26162
CVE-2018-4386,0.10212,0.94357
CVE-2018-4387,0.00885,0.26162
CVE-2018-4388,0.00885,0.26162
CVE-2018-4389,0.00885,0.26162
CVE-2018-4390,0.00954,0.34522
CVE-2018-4391,0.00954,0.34522
CVE-2018-4392,0.01108,0.53389
CVE-2018-4393,0.00885,0.26162
CVE-2018-4394,0.01018,0.38792
CVE-2018-4395,0.0095,0.30554
CVE-2018-4396,0.00885,0.26162
CVE-2018-4397,0.00885,0.26162
CVE-2018-4398,0.01108,0.53389
CVE-2018-4399,0.01018,0.38792
CVE-2018-4400,0.00954,0.34522
CVE-2018-4401,0.01018,0.38792
CVE-2018-4402,0.00885,0.26162
CVE-2018-4403,0.00885,0.26162
CVE-2018-4404,0.00954,0.34522
CVE-2018-4406,0.00885,0.26162
CVE-2018-4408,0.01018,0.38792
CVE-2018-4409,0.01018,0.38792
CVE-2018-4410,0.00885,0.26162
CVE-2018-4412,0.01108,0.53389
CVE-2018-4413,0.01018,0.38792
CVE-2018-4414,0.01108,0.53389
CVE-2018-4416,0.10212,0.94357
CVE-2018-4417,0.00885,0.26162
CVE-2018-4418,0.00885,0.26162
CVE-2018-4419,0.01018,0.38792
CVE-2018-4420,0.01018,0.38792
CVE-2018-4421,0.00885,0.26162
CVE-2018-4422,0.00885,0.26162
CVE-2018-4423,0.00885,0.26162
CVE-2018-4424,0.00885,0.26162
CVE-2018-4425,0.01018,0.38792
CVE-2018-4426,0.01018,0.38792
CVE-2018-4427,0.01018,0.38792
CVE-2018-4428,0.00885,0.26162
CVE-2018-4429,0.00885,0.26162
CVE-2018-4430,0.00885,0.26162
CVE-2018-4433,0.01018,0.38792
CVE-2018-4434,0.00885,0.26162
CVE-2018-4435,0.02362,0.80685
CVE-2018-4436,0.00954,0.34522
CVE-2018-4437,0.01108,0.53389
CVE-2018-4438,0.10212,0.94357
CVE-2018-4439,0.01018,0.38792
CVE-2018-4440,0.01018,0.38792
CVE-2018-4442,0.10212,0.94357
CVE-2018-4443,0.10212,0.94357
CVE-2018-4444,0.01018,0.38792
CVE-2018-4445,0.00885,0.26162
CVE-2018-4446,0.00885,0.26162
CVE-2018-4447,0.01018,0.38792
CVE-2018-4448,0.0095,0.30554
CVE-2018-4449,0.00885,0.26162
CVE-2018-4450,0.00885,0.26162
CVE-2018-4451,0.00885,0.26162
CVE-2018-4452,0.01005,0.36332
CVE-2018-4456,0.01108,0.53389
CVE-2018-4460,0.0095,0.30554
CVE-2018-4461,0.01018,0.38792
CVE-2018-4462,0.00885,0.26162
CVE-2018-4463,0.00885,0.26162
CVE-2018-4464,0.01108,0.53389
CVE-2018-4465,0.00885,0.26162
CVE-2018-4467,0.00885,0.26162
CVE-2018-4468,0.00885,0.26162
CVE-2018-4470,0.00885,0.26162
CVE-2018-4474,0.01108,0.53389
CVE-2018-4478,0.00885,0.26162
CVE-2018-4832,0.00954,0.34522
CVE-2018-4833,0.03131,0.83161
CVE-2018-4834,0.01136,0.57949
CVE-2018-4835,0.00954,0.34522
CVE-2018-4836,0.0089,0.2856
CVE-2018-4837,0.00954,0.34522
CVE-2018-4838,0.00885,0.26162
CVE-2018-4839,0.00885,0.26162
CVE-2018-4840,0.01055,0.50287
CVE-2018-4841,0.01055,0.50287
CVE-2018-4842,0.01055,0.50287
CVE-2018-4843,0.00885,0.26162
CVE-2018-4844,0.00885,0.26162
CVE-2018-4845,0.01055,0.50287
CVE-2018-4846,0.00885,0.26162
CVE-2018-4847,0.00885,0.26162
CVE-2018-4848,0.00885,0.26162
CVE-2018-4849,0.00885,0.26162
CVE-2018-4850,0.00954,0.34522
CVE-2018-4851,0.00885,0.26162
CVE-2018-4852,0.00885,0.26162
CVE-2018-4853,0.00885,0.26162
CVE-2018-4854,0.0144,0.7265
CVE-2018-4855,0.00885,0.26162
CVE-2018-4856,0.00885,0.26162
CVE-2018-4858,0.01559,0.742
CVE-2018-4859,0.01156,0.60033
CVE-2018-4860,0.01156,0.60033
CVE-2018-4861,0.01055,0.50287
CVE-2018-4862,0.00885,0.26162
CVE-2018-4863,0.01832,0.76196
CVE-2018-4868,0.01055,0.50287
CVE-2018-4871,0.01202,0.60495
CVE-2018-4872,0.01126,0.53553
CVE-2018-4873,0.01052,0.41643
CVE-2018-4875,0.01126,0.53553
CVE-2018-4876,0.01126,0.53553
CVE-2018-4877,0.03097,0.83065
CVE-2018-4880,0.01126,0.53553
CVE-2018-4881,0.01126,0.53553
CVE-2018-4882,0.01126,0.53553
CVE-2018-4883,0.01126,0.53553
CVE-2018-4884,0.01126,0.53553
CVE-2018-4885,0.01126,0.53553
CVE-2018-4886,0.01126,0.53553
CVE-2018-4887,0.01126,0.53553
CVE-2018-4888,0.03097,0.83065
CVE-2018-4889,0.01126,0.53553
CVE-2018-4890,0.01126,0.53553
CVE-2018-4891,0.01126,0.53553
CVE-2018-4892,0.03097,0.83065
CVE-2018-4893,0.01126,0.53553
CVE-2018-4894,0.01126,0.53553
CVE-2018-4895,0.03097,0.83065
CVE-2018-4896,0.01126,0.53553
CVE-2018-4897,0.01126,0.53553
CVE-2018-4898,0.03097,0.83065
CVE-2018-4899,0.01126,0.53553
CVE-2018-4900,0.01126,0.53553
CVE-2018-4902,0.03097,0.83065
CVE-2018-4903,0.01126,0.53553
CVE-2018-4904,0.03097,0.83065
CVE-2018-4905,0.01126,0.53553
CVE-2018-4906,0.01126,0.53553
CVE-2018-4907,0.01126,0.53553
CVE-2018-4908,0.01126,0.53553
CVE-2018-4909,0.01126,0.53553
CVE-2018-4910,0.01126,0.53553
CVE-2018-4911,0.01126,0.53553
CVE-2018-4912,0.01126,0.53553
CVE-2018-4913,0.03097,0.83065
CVE-2018-4914,0.01126,0.53553
CVE-2018-4915,0.03097,0.83065
CVE-2018-4916,0.03097,0.83065
CVE-2018-4917,0.03097,0.83065
CVE-2018-4918,0.03097,0.83065
CVE-2018-4919,0.03097,0.83065
CVE-2018-4920,0.03097,0.83065
CVE-2018-4921,0.01126,0.53553
CVE-2018-4923,0.02606,0.81251
CVE-2018-4924,0.03097,0.83065
CVE-2018-4925,0.01046,0.41635
CVE-2018-4926,0.01046,0.41635
CVE-2018-4927,0.01046,0.41635
CVE-2018-4928,0.01768,0.7561
CVE-2018-4929,0.01046,0.41635
CVE-2018-4930,0.01046,0.41635
CVE-2018-4931,0.01046,0.41635
CVE-2018-4932,0.02717,0.82074
CVE-2018-4933,0.01122,0.53391
CVE-2018-4934,0.12789,0.9538
CVE-2018-4935,0.41581,0.98151
CVE-2018-4936,0.12789,0.9538
CVE-2018-4937,0.41581,0.98151
CVE-2018-4938,0.01046,0.41635
CVE-2018-4939,0.04874,0.88823
CVE-2018-4940,0.01046,0.41635
CVE-2018-4941,0.01046,0.41635
CVE-2018-4942,0.01046,0.41635
CVE-2018-4943,0.01783,0.75945
CVE-2018-4944,0.03097,0.83065
CVE-2018-4945,0.03097,0.83065
CVE-2018-4946,0.03097,0.83065
CVE-2018-4947,0.03097,0.83065
CVE-2018-4948,0.03097,0.83065
CVE-2018-4949,0.01126,0.53553
CVE-2018-4950,0.03097,0.83065
CVE-2018-4951,0.01126,0.53553
CVE-2018-4952,0.03097,0.83065
CVE-2018-4953,0.03097,0.83065
CVE-2018-4954,0.03097,0.83065
CVE-2018-4955,0.01126,0.53553
CVE-2018-4956,0.01126,0.53553
CVE-2018-4957,0.01126,0.53553
CVE-2018-4958,0.03097,0.83065
CVE-2018-4959,0.03097,0.83065
CVE-2018-4960,0.01126,0.53553
CVE-2018-4961,0.03097,0.83065
CVE-2018-4962,0.01126,0.53553
CVE-2018-4963,0.01126,0.53553
CVE-2018-4964,0.01126,0.53553
CVE-2018-4965,0.01126,0.53553
CVE-2018-4966,0.03097,0.83065
CVE-2018-4967,0.01126,0.53553
CVE-2018-4968,0.03097,0.83065
CVE-2018-4969,0.01126,0.53553
CVE-2018-4970,0.01126,0.53553
CVE-2018-4971,0.03097,0.83065
CVE-2018-4972,0.01126,0.53553
CVE-2018-4973,0.01126,0.53553
CVE-2018-4974,0.03097,0.83065
CVE-2018-4975,0.01126,0.53553
CVE-2018-4976,0.01126,0.53553
CVE-2018-4977,0.03097,0.83065
CVE-2018-4978,0.03097,0.83065
CVE-2018-4979,0.01126,0.53553
CVE-2018-4980,0.03097,0.83065
CVE-2018-4981,0.01126,0.53553
CVE-2018-4982,0.03097,0.83065
CVE-2018-4983,0.03097,0.83065
CVE-2018-4984,0.03097,0.83065
CVE-2018-4985,0.01202,0.60495
CVE-2018-4986,0.01126,0.53553
CVE-2018-4987,0.03097,0.83065
CVE-2018-4988,0.03097,0.83065
CVE-2018-4989,0.03097,0.83065
CVE-2018-4990,0.03097,0.83065
CVE-2018-4991,0.01126,0.53553
CVE-2018-4992,0.01052,0.41643
CVE-2018-4994,0.01202,0.60495
CVE-2018-4995,0.01046,0.41635
CVE-2018-4996,0.01783,0.75945
CVE-2018-4997,0.01783,0.75945
CVE-2018-4998,0.01783,0.75945
CVE-2018-4999,0.01783,0.75945
CVE-2018-5000,0.01202,0.60495
CVE-2018-5001,0.01202,0.60495
CVE-2018-5002,0.03097,0.83065
CVE-2018-5003,0.01126,0.53553
CVE-2018-5004,0.01046,0.41635
CVE-2018-5005,0.01126,0.53553
CVE-2018-5006,0.01046,0.41635
CVE-2018-5007,0.03097,0.83065
CVE-2018-5008,0.01202,0.60495
CVE-2018-5009,0.03097,0.83065
CVE-2018-5010,0.01126,0.53553
CVE-2018-5011,0.03097,0.83065
CVE-2018-5012,0.03097,0.83065
CVE-2018-5014,0.01126,0.53553
CVE-2018-5015,0.01783,0.75945
CVE-2018-5016,0.01126,0.53553
CVE-2018-5017,0.01126,0.53553
CVE-2018-5018,0.01126,0.53553
CVE-2018-5019,0.01126,0.53553
CVE-2018-5020,0.03097,0.83065
CVE-2018-5021,0.03097,0.83065
CVE-2018-5022,0.01126,0.53553
CVE-2018-5023,0.01126,0.53553
CVE-2018-5024,0.01126,0.53553
CVE-2018-5025,0.01126,0.53553
CVE-2018-5026,0.01126,0.53553
CVE-2018-5027,0.01126,0.53553
CVE-2018-5028,0.01783,0.75945
CVE-2018-5029,0.01126,0.53553
CVE-2018-5030,0.03097,0.83065
CVE-2018-5031,0.01126,0.53553
CVE-2018-5032,0.01783,0.75945
CVE-2018-5033,0.01126,0.53553
CVE-2018-5034,0.03097,0.83065
CVE-2018-5035,0.01126,0.53553
CVE-2018-5036,0.01783,0.75945
CVE-2018-5037,0.03097,0.83065
CVE-2018-5038,0.01783,0.75945
CVE-2018-5039,0.01126,0.53553
CVE-2018-5040,0.01783,0.75945
CVE-2018-5041,0.01783,0.75945
CVE-2018-5042,0.03097,0.83065
CVE-2018-5043,0.03097,0.83065
CVE-2018-5044,0.01126,0.53553
CVE-2018-5045,0.01783,0.75945
CVE-2018-5046,0.01126,0.53553
CVE-2018-5047,0.01126,0.53553
CVE-2018-5048,0.01126,0.53553
CVE-2018-5049,0.01126,0.53553
CVE-2018-5050,0.01126,0.53553
CVE-2018-5051,0.01126,0.53553
CVE-2018-5052,0.01783,0.75945
CVE-2018-5053,0.01126,0.53553
CVE-2018-5054,0.01126,0.53553
CVE-2018-5055,0.01126,0.53553
CVE-2018-5056,0.01126,0.53553
CVE-2018-5057,0.03097,0.83065
CVE-2018-5058,0.01783,0.75945
CVE-2018-5059,0.03097,0.83065
CVE-2018-5060,0.01126,0.53553
CVE-2018-5061,0.01126,0.53553
CVE-2018-5062,0.01126,0.53553
CVE-2018-5063,0.01202,0.60495
CVE-2018-5064,0.03097,0.83065
CVE-2018-5065,0.03097,0.83065
CVE-2018-5066,0.01126,0.53553
CVE-2018-5067,0.01783,0.75945
CVE-2018-5068,0.01202,0.60495
CVE-2018-5069,0.03097,0.83065
CVE-2018-5070,0.03097,0.83065
CVE-2018-5071,0.01055,0.50287
CVE-2018-5072,0.00885,0.26162
CVE-2018-5073,0.00885,0.26162
CVE-2018-5074,0.00885,0.26162
CVE-2018-5075,0.00885,0.26162
CVE-2018-5076,0.00885,0.26162
CVE-2018-5077,0.00885,0.26162
CVE-2018-5078,0.00885,0.26162
CVE-2018-5079,0.00885,0.26162
CVE-2018-5080,0.00885,0.26162
CVE-2018-5081,0.00885,0.26162
CVE-2018-5082,0.00885,0.26162
CVE-2018-5083,0.00885,0.26162
CVE-2018-5084,0.00885,0.26162
CVE-2018-5085,0.00885,0.26162
CVE-2018-5086,0.00885,0.26162
CVE-2018-5087,0.00885,0.26162
CVE-2018-5088,0.00885,0.26162
CVE-2018-5089,0.02686,0.82061
CVE-2018-5090,0.01018,0.38792
CVE-2018-5091,0.01537,0.73595
CVE-2018-5092,0.01018,0.38792
CVE-2018-5093,0.01018,0.38792
CVE-2018-5094,0.01018,0.38792
CVE-2018-5095,0.02686,0.82061
CVE-2018-5096,0.01537,0.73595
CVE-2018-5097,0.02686,0.82061
CVE-2018-5098,0.02686,0.82061
CVE-2018-5099,0.02686,0.82061
CVE-2018-5100,0.01018,0.38792
CVE-2018-5101,0.01018,0.38792
CVE-2018-5102,0.02686,0.82061
CVE-2018-5103,0.02686,0.82061
CVE-2018-5104,0.02686,0.82061
CVE-2018-5105,0.01018,0.38792
CVE-2018-5106,0.01018,0.38792
CVE-2018-5107,0.01018,0.38792
CVE-2018-5108,0.01018,0.38792
CVE-2018-5109,0.01018,0.38792
CVE-2018-5110,0.01018,0.38792
CVE-2018-5111,0.01018,0.38792
CVE-2018-5112,0.01018,0.38792
CVE-2018-5113,0.01018,0.38792
CVE-2018-5114,0.01018,0.38792
CVE-2018-5115,0.01018,0.38792
CVE-2018-5116,0.01018,0.38792
CVE-2018-5117,0.02686,0.82061
CVE-2018-5118,0.01018,0.38792
CVE-2018-5119,0.01018,0.38792
CVE-2018-5121,0.01018,0.38792
CVE-2018-5122,0.01018,0.38792
CVE-2018-5123,0.00885,0.26162
CVE-2018-5124,0.01086,0.51674
CVE-2018-5125,0.02686,0.82061
CVE-2018-5126,0.01018,0.38792
CVE-2018-5127,0.02686,0.82061
CVE-2018-5128,0.01018,0.38792
CVE-2018-5129,0.02686,0.82061
CVE-2018-5130,0.01537,0.73595
CVE-2018-5131,0.01537,0.73595
CVE-2018-5132,0.01018,0.38792
CVE-2018-5133,0.01108,0.53389
CVE-2018-5134,0.01018,0.38792
CVE-2018-5135,0.01018,0.38792
CVE-2018-5136,0.01018,0.38792
CVE-2018-5137,0.01018,0.38792
CVE-2018-5138,0.01018,0.38792
CVE-2018-5140,0.01018,0.38792
CVE-2018-5141,0.01018,0.38792
CVE-2018-5142,0.01018,0.38792
CVE-2018-5143,0.01018,0.38792
CVE-2018-5144,0.02686,0.82061
CVE-2018-5145,0.02686,0.82061
CVE-2018-5147,0.01183,0.60428
CVE-2018-5148,0.01537,0.73595
CVE-2018-5150,0.02686,0.82061
CVE-2018-5151,0.01018,0.38792
CVE-2018-5152,0.01108,0.53389
CVE-2018-5153,0.01018,0.38792
CVE-2018-5154,0.02686,0.82061
CVE-2018-5155,0.02686,0.82061
CVE-2018-5156,0.02686,0.82061
CVE-2018-5157,0.01537,0.73595
CVE-2018-5159,0.18327,0.96125
CVE-2018-5160,0.01018,0.38792
CVE-2018-5161,0.01537,0.73595
CVE-2018-5162,0.01537,0.73595
CVE-2018-5163,0.01018,0.38792
CVE-2018-5164,0.01018,0.38792
CVE-2018-5165,0.01018,0.38792
CVE-2018-5166,0.01018,0.38792
CVE-2018-5167,0.01018,0.38792
CVE-2018-5168,0.02686,0.82061
CVE-2018-5169,0.01018,0.38792
CVE-2018-5170,0.01537,0.73595
CVE-2018-5172,0.01018,0.38792
CVE-2018-5173,0.01018,0.38792
CVE-2018-5174,0.01108,0.53389
CVE-2018-5175,0.01018,0.38792
CVE-2018-5176,0.01018,0.38792
CVE-2018-5177,0.01018,0.38792
CVE-2018-5178,0.02686,0.82061
CVE-2018-5179,0.00885,0.26162
CVE-2018-5180,0.01018,0.38792
CVE-2018-5181,0.01018,0.38792
CVE-2018-5182,0.01018,0.38792
CVE-2018-5183,0.02686,0.82061
CVE-2018-5184,0.01537,0.73595
CVE-2018-5185,0.01537,0.73595
CVE-2018-5186,0.01108,0.53389
CVE-2018-5187,0.01537,0.73595
CVE-2018-5188,0.02686,0.82061
CVE-2018-5189,0.01832,0.76196
CVE-2018-5190,0.01055,0.50287
CVE-2018-5195,0.01055,0.50287
CVE-2018-5196,0.01005,0.36332
CVE-2018-5197,0.01005,0.35949
CVE-2018-5198,0.01156,0.60033
CVE-2018-5199,0.01055,0.50287
CVE-2018-5200,0.01103,0.51945
CVE-2018-5201,0.00885,0.26162
CVE-2018-5202,0.01103,0.51945
CVE-2018-5203,0.01156,0.60033
CVE-2018-5204,0.01156,0.60033
CVE-2018-5205,0.00954,0.34522
CVE-2018-5206,0.00885,0.26162
CVE-2018-5207,0.00885,0.26162
CVE-2018-5208,0.00885,0.26162
CVE-2018-5210,0.01086,0.51674
CVE-2018-5211,0.01564,0.74439
CVE-2018-5212,0.0095,0.30554
CVE-2018-5213,0.0095,0.30554
CVE-2018-5214,0.00885,0.26162
CVE-2018-5215,0.00885,0.26162
CVE-2018-5216,0.00885,0.26162
CVE-2018-5217,0.00885,0.26162
CVE-2018-5218,0.00885,0.26162
CVE-2018-5219,0.00885,0.26162
CVE-2018-5220,0.00885,0.26162
CVE-2018-5221,0.01689,0.75137
CVE-2018-5223,0.02199,0.80273
CVE-2018-5224,0.02199,0.80273
CVE-2018-5225,0.04571,0.88388
CVE-2018-5226,0.01086,0.51674
CVE-2018-5227,0.01055,0.50287
CVE-2018-5228,0.01136,0.57949
CVE-2018-5229,0.01055,0.50287
CVE-2018-5231,0.01055,0.50287
CVE-2018-5232,0.01055,0.50287
CVE-2018-5233,0.01055,0.50287
CVE-2018-5235,0.01005,0.36332
CVE-2018-5236,0.0089,0.2856
CVE-2018-5237,0.0089,0.2856
CVE-2018-5238,0.01005,0.36332
CVE-2018-5239,0.00885,0.26162
CVE-2018-5240,0.0089,0.2856
CVE-2018-5241,0.01136,0.57949
CVE-2018-5242,0.00885,0.26162
CVE-2018-5243,0.00954,0.34522
CVE-2018-5244,0.0095,0.30554
CVE-2018-5246,0.00954,0.34522
CVE-2018-5247,0.00885,0.26162
CVE-2018-5248,0.01018,0.38792
CVE-2018-5249,0.01136,0.57949
CVE-2018-5251,0.01136,0.57949
CVE-2018-5252,0.00885,0.26162
CVE-2018-5253,0.00885,0.26162
CVE-2018-5254,0.01055,0.50287
CVE-2018-5255,0.01055,0.50287
CVE-2018-5256,0.00885,0.26162
CVE-2018-5258,0.01136,0.57949
CVE-2018-5259,0.01055,0.50287
CVE-2018-5261,0.00885,0.26162
CVE-2018-5262,0.05082,0.89024
CVE-2018-5263,0.02192,0.80195
CVE-2018-5264,0.01055,0.50287
CVE-2018-5265,0.01156,0.60033
CVE-2018-5266,0.01055,0.50287
CVE-2018-5267,0.01055,0.50287
CVE-2018-5268,0.01018,0.38792
CVE-2018-5269,0.01018,0.38792
CVE-2018-5270,0.00885,0.26162
CVE-2018-5271,0.00885,0.26162
CVE-2018-5272,0.00885,0.26162
CVE-2018-5273,0.00885,0.26162
CVE-2018-5274,0.00885,0.26162
CVE-2018-5275,0.00885,0.26162
CVE-2018-5276,0.00885,0.26162
CVE-2018-5277,0.00885,0.26162
CVE-2018-5278,0.00885,0.26162
CVE-2018-5279,0.00885,0.26162
CVE-2018-5280,0.0089,0.2856
CVE-2018-5281,0.0089,0.2856
CVE-2018-5282,0.02042,0.78565
CVE-2018-5283,0.00885,0.26162
CVE-2018-5284,0.0089,0.2856
CVE-2018-5285,0.00954,0.34522
CVE-2018-5286,0.00954,0.34522
CVE-2018-5287,0.00954,0.34522
CVE-2018-5288,0.00954,0.34522
CVE-2018-5289,0.00954,0.34522
CVE-2018-5290,0.00954,0.34522
CVE-2018-5291,0.00954,0.34522
CVE-2018-5292,0.00954,0.34522
CVE-2018-5293,0.00954,0.34522
CVE-2018-5294,0.01136,0.57949
CVE-2018-5295,0.01055,0.50287
CVE-2018-5296,0.01055,0.50287
CVE-2018-5298,0.00885,0.26162
CVE-2018-5299,0.01156,0.60033
CVE-2018-5301,0.00885,0.26162
CVE-2018-5303,0.00885,0.26162
CVE-2018-5304,0.00885,0.26162
CVE-2018-5306,0.01136,0.57949
CVE-2018-5307,0.01136,0.57949
CVE-2018-5308,0.01055,0.50287
CVE-2018-5309,0.01055,0.50287
CVE-2018-5310,0.0089,0.2856
CVE-2018-5311,0.00885,0.26162
CVE-2018-5312,0.00885,0.26162
CVE-2018-5313,0.01005,0.36332
CVE-2018-5314,0.01136,0.57949
CVE-2018-5315,0.01564,0.74439
CVE-2018-5316,0.00954,0.34522
CVE-2018-5319,0.08382,0.93597
CVE-2018-5326,0.00885,0.26162
CVE-2018-5327,0.00885,0.26162
CVE-2018-5328,0.00885,0.26162
CVE-2018-5329,0.00885,0.26162
CVE-2018-5330,0.01055,0.50287
CVE-2018-5331,0.00885,0.26162
CVE-2018-5332,0.01547,0.74085
CVE-2018-5333,0.01547,0.74085
CVE-2018-5334,0.01108,0.53389
CVE-2018-5335,0.01108,0.53389
CVE-2018-5336,0.01108,0.53389
CVE-2018-5337,0.00885,0.26162
CVE-2018-5338,0.00885,0.26162
CVE-2018-5339,0.00885,0.26162
CVE-2018-5340,0.00885,0.26162
CVE-2018-5341,0.00885,0.26162
CVE-2018-5342,0.00885,0.26162
CVE-2018-5344,0.01547,0.74085
CVE-2018-5345,0.01559,0.742
CVE-2018-5347,0.08382,0.93597
CVE-2018-5349,0.00885,0.26162
CVE-2018-5354,0.01888,0.76438
CVE-2018-5357,0.00954,0.34522
CVE-2018-5358,0.00885,0.26162
CVE-2018-5359,0.08382,0.93597
CVE-2018-5360,0.00954,0.34522
CVE-2018-5361,0.00885,0.26162
CVE-2018-5362,0.00885,0.26162
CVE-2018-5363,0.00885,0.26162
CVE-2018-5364,0.00885,0.26162
CVE-2018-5365,0.00885,0.26162
CVE-2018-5366,0.00885,0.26162
CVE-2018-5367,0.00885,0.26162
CVE-2018-5368,0.00885,0.26162
CVE-2018-5369,0.00885,0.26162
CVE-2018-5370,0.02173,0.80027
CVE-2018-5371,0.01055,0.50287
CVE-2018-5372,0.00885,0.26162
CVE-2018-5373,0.00885,0.26162
CVE-2018-5374,0.00885,0.26162
CVE-2018-5375,0.00885,0.26162
CVE-2018-5376,0.00885,0.26162
CVE-2018-5377,0.01055,0.50287
CVE-2018-5378,0.01034,0.39824
CVE-2018-5379,0.0364,0.8426
CVE-2018-5380,0.01104,0.52279
CVE-2018-5381,0.01183,0.60428
CVE-2018-5382,0.0095,0.30554
CVE-2018-5383,0.02172,0.79917
CVE-2018-5384,0.01018,0.38792
CVE-2018-5385,0.01018,0.38792
CVE-2018-5386,0.01018,0.38792
CVE-2018-5387,0.01018,0.38792
CVE-2018-5388,0.01282,0.67298
CVE-2018-5389,0.01018,0.38792
CVE-2018-5390,0.04714,0.88666
CVE-2018-5391,0.02686,0.82061
CVE-2018-5392,0.00885,0.26162
CVE-2018-5393,0.01055,0.50287
CVE-2018-5399,0.00885,0.26162
CVE-2018-5400,0.00885,0.26162
CVE-2018-5401,0.00885,0.26162
CVE-2018-5402,0.00885,0.26162
CVE-2018-5403,0.00885,0.26162
CVE-2018-5404,0.01055,0.50287
CVE-2018-5405,0.02199,0.80273
CVE-2018-5406,0.01136,0.57949
CVE-2018-5407,0.03464,0.84024
CVE-2018-5408,0.00885,0.26162
CVE-2018-5409,0.00885,0.26162
CVE-2018-5410,0.02189,0.80123
CVE-2018-5411,0.00885,0.26162
CVE-2018-5412,0.02171,0.79259
CVE-2018-5413,0.07308,0.9216
CVE-2018-5428,0.0144,0.7265
CVE-2018-5429,0.01086,0.51674
CVE-2018-5430,0.07308,0.9216
CVE-2018-5431,0.00885,0.26162
CVE-2018-5432,0.00885,0.26162
CVE-2018-5433,0.00885,0.26162
CVE-2018-5434,0.00885,0.26162
CVE-2018-5435,0.01978,0.78447
CVE-2018-5436,0.00885,0.26162
CVE-2018-5437,0.00885,0.26162
CVE-2018-5438,0.0089,0.2856
CVE-2018-5439,0.01156,0.60033
CVE-2018-5440,0.0144,0.7265
CVE-2018-5441,0.0089,0.2856
CVE-2018-5442,0.01978,0.78447
CVE-2018-5443,0.00885,0.26162
CVE-2018-5445,0.00885,0.26162
CVE-2018-5446,0.00885,0.26162
CVE-2018-5447,0.01055,0.50287
CVE-2018-5448,0.00885,0.26162
CVE-2018-5449,0.00885,0.26162
CVE-2018-5451,0.0144,0.7265
CVE-2018-5452,0.00885,0.26162
CVE-2018-5453,0.00885,0.26162
CVE-2018-5454,0.02509,0.81058
CVE-2018-5455,0.00885,0.26162
CVE-2018-5457,0.00885,0.26162
CVE-2018-5458,0.00954,0.34522
CVE-2018-5459,0.00885,0.26162
CVE-2018-5461,0.00885,0.26162
CVE-2018-5462,0.00954,0.34522
CVE-2018-5463,0.01005,0.36332
CVE-2018-5464,0.00954,0.34522
CVE-2018-5465,0.00885,0.26162
CVE-2018-5466,0.00954,0.34522
CVE-2018-5467,0.00885,0.26162
CVE-2018-5468,0.02509,0.81058
CVE-2018-5469,0.00885,0.26162
CVE-2018-5470,0.01365,0.70715
CVE-2018-5471,0.00885,0.26162
CVE-2018-5472,0.02509,0.81058
CVE-2018-5473,0.01978,0.78447
CVE-2018-5474,0.05634,0.89764
CVE-2018-5475,0.01978,0.78447
CVE-2018-5476,0.01005,0.36332
CVE-2018-5477,0.00885,0.26162
CVE-2018-5479,0.02173,0.80027
CVE-2018-5481,0.00885,0.26162
CVE-2018-5482,0.00885,0.26162
CVE-2018-5485,0.00885,0.26162
CVE-2018-5486,0.01036,0.41241
CVE-2018-5487,0.01156,0.60033
CVE-2018-5488,0.01978,0.78447
CVE-2018-5489,0.00885,0.26162
CVE-2018-5490,0.00885,0.26162
CVE-2018-5492,0.01156,0.60033
CVE-2018-5493,0.01055,0.50287
CVE-2018-5495,0.00885,0.26162
CVE-2018-5496,0.00885,0.26162
CVE-2018-5497,0.00885,0.26162
CVE-2018-5498,0.01055,0.50287
CVE-2018-5499,0.00885,0.26162
CVE-2018-5500,0.00885,0.26162
CVE-2018-5501,0.00885,0.26162
CVE-2018-5502,0.00885,0.26162
CVE-2018-5503,0.00885,0.26162
CVE-2018-5504,0.01978,0.78447
CVE-2018-5505,0.00954,0.34522
CVE-2018-5506,0.00885,0.26162
CVE-2018-5507,0.00885,0.26162
CVE-2018-5508,0.00885,0.26162
CVE-2018-5509,0.00954,0.34522
CVE-2018-5510,0.00885,0.26162
CVE-2018-5511,0.07308,0.9216
CVE-2018-5512,0.00954,0.34522
CVE-2018-5513,0.00885,0.26162
CVE-2018-5514,0.00954,0.34522
CVE-2018-5515,0.0089,0.2856
CVE-2018-5516,0.0089,0.2856
CVE-2018-5517,0.00885,0.26162
CVE-2018-5518,0.00885,0.26162
CVE-2018-5519,0.00885,0.26162
CVE-2018-5520,0.00885,0.26162
CVE-2018-5521,0.00885,0.26162
CVE-2018-5522,0.00885,0.26162
CVE-2018-5523,0.0089,0.2856
CVE-2018-5524,0.00885,0.26162
CVE-2018-5525,0.00885,0.26162
CVE-2018-5526,0.00954,0.34522
CVE-2018-5527,0.01055,0.50287
CVE-2018-5528,0.00885,0.26162
CVE-2018-5529,0.0089,0.2856
CVE-2018-5530,0.00885,0.26162
CVE-2018-5531,0.00885,0.26162
CVE-2018-5532,0.00885,0.26162
CVE-2018-5533,0.00885,0.26162
CVE-2018-5534,0.00885,0.26162
CVE-2018-5535,0.00885,0.26162
CVE-2018-5536,0.01055,0.50287
CVE-2018-5537,0.01055,0.50287
CVE-2018-5538,0.00885,0.26162
CVE-2018-5539,0.00885,0.26162
CVE-2018-5540,0.0095,0.30554
CVE-2018-5541,0.00885,0.26162
CVE-2018-5542,0.00885,0.26162
CVE-2018-5543,0.00885,0.26162
CVE-2018-5544,0.00954,0.34522
CVE-2018-5545,0.0144,0.7265
CVE-2018-5546,0.0089,0.2856
CVE-2018-5547,0.0089,0.2856
CVE-2018-5548,0.00954,0.34522
CVE-2018-5549,0.00885,0.26162
CVE-2018-5550,0.00885,0.26162
CVE-2018-5551,0.00885,0.26162
CVE-2018-5552,0.00885,0.26162
CVE-2018-5553,0.02055,0.7893
CVE-2018-5559,0.00885,0.26162
CVE-2018-5560,0.00885,0.26162
CVE-2018-5650,0.01055,0.50287
CVE-2018-5651,0.00885,0.26162
CVE-2018-5652,0.00885,0.26162
CVE-2018-5653,0.00885,0.26162
CVE-2018-5654,0.00885,0.26162
CVE-2018-5655,0.00885,0.26162
CVE-2018-5656,0.00885,0.26162
CVE-2018-5657,0.00885,0.26162
CVE-2018-5658,0.00885,0.26162
CVE-2018-5659,0.00885,0.26162
CVE-2018-5660,0.00885,0.26162
CVE-2018-5661,0.00885,0.26162
CVE-2018-5662,0.00885,0.26162
CVE-2018-5663,0.00885,0.26162
CVE-2018-5664,0.00885,0.26162
CVE-2018-5665,0.00885,0.26162
CVE-2018-5666,0.00885,0.26162
CVE-2018-5667,0.00885,0.26162
CVE-2018-5668,0.00885,0.26162
CVE-2018-5669,0.00885,0.26162
CVE-2018-5670,0.00885,0.26162
CVE-2018-5671,0.00885,0.26162
CVE-2018-5672,0.00885,0.26162
CVE-2018-5673,0.00885,0.26162
CVE-2018-5674,0.03987,0.85269
CVE-2018-5675,0.03987,0.85269
CVE-2018-5676,0.03987,0.85269
CVE-2018-5677,0.03987,0.85269
CVE-2018-5678,0.03987,0.85269
CVE-2018-5679,0.03987,0.85269
CVE-2018-5680,0.03987,0.85269
CVE-2018-5681,0.00885,0.26162
CVE-2018-5682,0.00885,0.26162
CVE-2018-5683,0.01282,0.67298
CVE-2018-5684,0.01055,0.50287
CVE-2018-5685,0.01213,0.6557
CVE-2018-5686,0.01213,0.6557
CVE-2018-5687,0.00885,0.26162
CVE-2018-5688,0.02173,0.80027
CVE-2018-5689,0.01055,0.50287
CVE-2018-5690,0.01055,0.50287
CVE-2018-5691,0.0089,0.2856
CVE-2018-5692,0.00885,0.26162
CVE-2018-5693,0.00885,0.26162
CVE-2018-5694,0.01055,0.50287
CVE-2018-5695,0.00885,0.26162
CVE-2018-5696,0.00885,0.26162
CVE-2018-5697,0.00885,0.26162
CVE-2018-5698,0.00885,0.26162
CVE-2018-5700,0.01156,0.60033
CVE-2018-5701,0.08382,0.93597
CVE-2018-5702,0.10212,0.94357
CVE-2018-5703,0.00885,0.26162
CVE-2018-5704,0.01136,0.57949
CVE-2018-5705,0.02173,0.80027
CVE-2018-5706,0.00885,0.26162
CVE-2018-5708,0.06089,0.90158
CVE-2018-5709,0.00885,0.26162
CVE-2018-5710,0.01055,0.50287
CVE-2018-5711,0.01537,0.73595
CVE-2018-5712,0.02686,0.82061
CVE-2018-5713,0.00885,0.26162
CVE-2018-5714,0.00885,0.26162
CVE-2018-5715,0.02173,0.80027
CVE-2018-5716,0.00885,0.26162
CVE-2018-5717,0.00885,0.26162
CVE-2018-5718,0.00885,0.26162
CVE-2018-5720,0.08382,0.93597
CVE-2018-5721,0.01086,0.51674
CVE-2018-5723,0.00954,0.34522
CVE-2018-5724,0.00954,0.34522
CVE-2018-5725,0.00954,0.34522
CVE-2018-5726,0.01136,0.57949
CVE-2018-5727,0.01055,0.50287
CVE-2018-5729,0.01282,0.67298
CVE-2018-5730,0.01282,0.67298
CVE-2018-5731,0.00885,0.26162
CVE-2018-5732,0.00885,0.26162
CVE-2018-5733,0.03358,0.83641
CVE-2018-5734,0.01626,0.74899
CVE-2018-5735,0.00885,0.26162
CVE-2018-5736,0.01519,0.72802
CVE-2018-5737,0.01626,0.74899
CVE-2018-5738,0.01626,0.74899
CVE-2018-5739,0.00885,0.26162
CVE-2018-5741,0.02812,0.82335
CVE-2018-5742,0.00885,0.26162
CVE-2018-5743,0.00954,0.34522
CVE-2018-5744,0.00885,0.26162
CVE-2018-5745,0.00885,0.26162
CVE-2018-5747,0.01055,0.50287
CVE-2018-5748,0.01108,0.53389
CVE-2018-5749,0.01055,0.50287
CVE-2018-5750,0.01547,0.74085
CVE-2018-5751,0.01061,0.51015
CVE-2018-5752,0.01061,0.51015
CVE-2018-5753,0.01061,0.51015
CVE-2018-5754,0.01061,0.51015
CVE-2018-5755,0.01136,0.57949
CVE-2018-5756,0.01061,0.51015
CVE-2018-5757,0.01156,0.60033
CVE-2018-5758,0.00885,0.26162
CVE-2018-5759,0.02808,0.8233
CVE-2018-5761,0.00885,0.26162
CVE-2018-5762,0.01055,0.50287
CVE-2018-5763,0.00885,0.26162
CVE-2018-5764,0.01974,0.7812
CVE-2018-5766,0.01136,0.57949
CVE-2018-5767,0.05365,0.89438
CVE-2018-5768,0.01156,0.60033
CVE-2018-5770,0.01055,0.50287
CVE-2018-5772,0.01136,0.57949
CVE-2018-5773,0.00885,0.26162
CVE-2018-5776,0.01018,0.38792
CVE-2018-5777,0.00885,0.26162
CVE-2018-5778,0.00885,0.26162
CVE-2018-5779,0.01086,0.51674
CVE-2018-5780,0.00885,0.26162
CVE-2018-5781,0.00885,0.26162
CVE-2018-5782,0.08382,0.93597
CVE-2018-5783,0.01055,0.50287
CVE-2018-5784,0.01319,0.70416
CVE-2018-5785,0.01136,0.57949
CVE-2018-5786,0.01213,0.6557
CVE-2018-5787,0.00885,0.26162
CVE-2018-5788,0.00885,0.26162
CVE-2018-5789,0.00885,0.26162
CVE-2018-5790,0.00885,0.26162
CVE-2018-5791,0.00885,0.26162
CVE-2018-5792,0.00885,0.26162
CVE-2018-5793,0.00885,0.26162
CVE-2018-5794,0.00885,0.26162
CVE-2018-5795,0.00885,0.26162
CVE-2018-5796,0.00885,0.26162
CVE-2018-5797,0.00885,0.26162
CVE-2018-5798,0.00885,0.26162
CVE-2018-5799,0.00885,0.26162
CVE-2018-5800,0.01183,0.60428
CVE-2018-5801,0.01108,0.53389
CVE-2018-5802,0.01108,0.53389
CVE-2018-5803,0.01547,0.74085
CVE-2018-5804,0.01018,0.38792
CVE-2018-5805,0.01018,0.38792
CVE-2018-5806,0.01018,0.38792
CVE-2018-5807,0.01018,0.38792
CVE-2018-5808,0.02509,0.81058
CVE-2018-5809,0.02509,0.81058
CVE-2018-5810,0.01018,0.38792
CVE-2018-5811,0.01018,0.38792
CVE-2018-5812,0.01018,0.38792
CVE-2018-5813,0.01018,0.38792
CVE-2018-5814,0.01547,0.74085
CVE-2018-5815,0.01018,0.38792
CVE-2018-5816,0.01018,0.38792
CVE-2018-5817,0.01018,0.38792
CVE-2018-5818,0.01018,0.38792
CVE-2018-5819,0.01018,0.38792
CVE-2018-5820,0.00885,0.26162
CVE-2018-5821,0.00885,0.26162
CVE-2018-5822,0.00885,0.26162
CVE-2018-5823,0.00885,0.26162
CVE-2018-5824,0.00885,0.26162
CVE-2018-5825,0.00885,0.26162
CVE-2018-5826,0.00885,0.26162
CVE-2018-5827,0.00885,0.26162
CVE-2018-5828,0.00885,0.26162
CVE-2018-5829,0.00954,0.34522
CVE-2018-5830,0.0095,0.30554
CVE-2018-5831,0.0089,0.2856
CVE-2018-5832,0.00885,0.26162
CVE-2018-5834,0.0089,0.2856
CVE-2018-5835,0.0089,0.2856
CVE-2018-5836,0.0089,0.2856
CVE-2018-5837,0.00885,0.26162
CVE-2018-5838,0.00885,0.26162
CVE-2018-5839,0.00885,0.26162
CVE-2018-5840,0.00885,0.26162
CVE-2018-5841,0.00885,0.26162
CVE-2018-5842,0.00885,0.26162
CVE-2018-5843,0.00885,0.26162
CVE-2018-5844,0.00885,0.26162
CVE-2018-5845,0.00885,0.26162
CVE-2018-5846,0.00885,0.26162
CVE-2018-5847,0.00885,0.26162
CVE-2018-5848,0.01034,0.39824
CVE-2018-5849,0.00885,0.26162
CVE-2018-5850,0.00885,0.26162
CVE-2018-5851,0.00885,0.26162
CVE-2018-5853,0.0089,0.2856
CVE-2018-5854,0.00885,0.26162
CVE-2018-5855,0.01018,0.38792
CVE-2018-5856,0.0089,0.2856
CVE-2018-5857,0.00885,0.26162
CVE-2018-5858,0.0095,0.30554
CVE-2018-5859,0.0089,0.2856
CVE-2018-5860,0.00885,0.26162
CVE-2018-5861,0.00885,0.26162
CVE-2018-5862,0.0089,0.2856
CVE-2018-5863,0.00885,0.26162
CVE-2018-5864,0.0089,0.2856
CVE-2018-5865,0.0089,0.2856
CVE-2018-5866,0.00885,0.26162
CVE-2018-5867,0.00885,0.26162
CVE-2018-5868,0.00885,0.26162
CVE-2018-5869,0.00885,0.26162
CVE-2018-5870,0.00885,0.26162
CVE-2018-5871,0.00885,0.26162
CVE-2018-5872,0.0089,0.2856
CVE-2018-5873,0.0095,0.30554
CVE-2018-5874,0.00885,0.26162
CVE-2018-5875,0.00885,0.26162
CVE-2018-5876,0.00885,0.26162
CVE-2018-5877,0.00885,0.26162
CVE-2018-5878,0.00885,0.26162
CVE-2018-5879,0.00885,0.26162
CVE-2018-5880,0.00885,0.26162
CVE-2018-5881,0.00885,0.26162
CVE-2018-5882,0.00885,0.26162
CVE-2018-5883,0.00885,0.26162
CVE-2018-5884,0.00885,0.26162
CVE-2018-5885,0.00885,0.26162
CVE-2018-5886,0.00885,0.26162
CVE-2018-5887,0.00885,0.26162
CVE-2018-5888,0.00885,0.26162
CVE-2018-5889,0.00885,0.26162
CVE-2018-5890,0.00885,0.26162
CVE-2018-5891,0.00885,0.26162
CVE-2018-5892,0.00885,0.26162
CVE-2018-5893,0.0089,0.2856
CVE-2018-5894,0.00885,0.26162
CVE-2018-5895,0.00885,0.26162
CVE-2018-5896,0.00885,0.26162
CVE-2018-5897,0.00885,0.26162
CVE-2018-5898,0.00885,0.26162
CVE-2018-5899,0.00885,0.26162
CVE-2018-5903,0.00885,0.26162
CVE-2018-5904,0.0089,0.2856
CVE-2018-5905,0.0095,0.30554
CVE-2018-5906,0.00885,0.26162
CVE-2018-5907,0.00885,0.26162
CVE-2018-5908,0.0089,0.2856
CVE-2018-5909,0.00885,0.26162
CVE-2018-5910,0.0089,0.2856
CVE-2018-5911,0.00885,0.26162
CVE-2018-5912,0.00885,0.26162
CVE-2018-5913,0.00885,0.26162
CVE-2018-5914,0.00885,0.26162
CVE-2018-5915,0.00885,0.26162
CVE-2018-5916,0.00885,0.26162
CVE-2018-5917,0.00885,0.26162
CVE-2018-5918,0.00885,0.26162
CVE-2018-5919,0.00885,0.26162
CVE-2018-5921,0.00885,0.26162
CVE-2018-5923,0.01293,0.6731
CVE-2018-5924,0.10074,0.94302
CVE-2018-5925,0.08706,0.9365
CVE-2018-5926,0.00885,0.26162
CVE-2018-5927,0.00885,0.26162
CVE-2018-5950,0.01776,0.75902
CVE-2018-5953,0.0095,0.30554
CVE-2018-5954,0.08382,0.93597
CVE-2018-5956,0.00885,0.26162
CVE-2018-5957,0.00885,0.26162
CVE-2018-5958,0.00885,0.26162
CVE-2018-5960,0.00885,0.26162
CVE-2018-5961,0.00885,0.26162
CVE-2018-5962,0.00885,0.26162
CVE-2018-5963,0.0089,0.2856
CVE-2018-5964,0.0089,0.2856
CVE-2018-5965,0.0089,0.2856
CVE-2018-5967,0.00885,0.26162
CVE-2018-5968,0.09801,0.94069
CVE-2018-5969,0.08382,0.93597
CVE-2018-5970,0.01564,0.74439
CVE-2018-5971,0.01564,0.74439
CVE-2018-5972,0.01564,0.74439
CVE-2018-5973,0.01564,0.74439
CVE-2018-5974,0.01564,0.74439
CVE-2018-5975,0.01564,0.74439
CVE-2018-5976,0.08382,0.93597
CVE-2018-5977,0.01564,0.74439
CVE-2018-5978,0.01564,0.74439
CVE-2018-5979,0.01564,0.74439
CVE-2018-5980,0.01564,0.74439
CVE-2018-5981,0.01564,0.74439
CVE-2018-5982,0.01564,0.74439
CVE-2018-5983,0.01564,0.74439
CVE-2018-5984,0.01564,0.74439
CVE-2018-5985,0.01564,0.74439
CVE-2018-5986,0.01564,0.74439
CVE-2018-5987,0.01564,0.74439
CVE-2018-5988,0.01564,0.74439
CVE-2018-5989,0.01564,0.74439
CVE-2018-5990,0.01564,0.74439
CVE-2018-5991,0.01564,0.74439
CVE-2018-5992,0.01564,0.74439
CVE-2018-5993,0.01564,0.74439
CVE-2018-5994,0.01564,0.74439
CVE-2018-5995,0.01034,0.39824
CVE-2018-5996,0.03161,0.83171
CVE-2018-5997,0.03181,0.83177
CVE-2018-5999,0.01018,0.38792
CVE-2018-6000,0.01018,0.38792
CVE-2018-6001,0.00885,0.26162
CVE-2018-6002,0.00885,0.26162
CVE-2018-6003,0.01108,0.53389
CVE-2018-6004,0.01564,0.74439
CVE-2018-6005,0.01564,0.74439
CVE-2018-6006,0.01564,0.74439
CVE-2018-6007,0.08382,0.93597
CVE-2018-6008,0.08382,0.93597
CVE-2018-6009,0.00885,0.26162
CVE-2018-6010,0.01136,0.57949
CVE-2018-6011,0.00885,0.26162
CVE-2018-6012,0.00885,0.26162
CVE-2018-6013,0.01055,0.50287
CVE-2018-6014,0.00885,0.26162
CVE-2018-6015,0.08382,0.93597
CVE-2018-6016,0.00885,0.26162
CVE-2018-6017,0.00885,0.26162
CVE-2018-6018,0.00885,0.26162
CVE-2018-6019,0.00885,0.26162
CVE-2018-6020,0.00885,0.26162
CVE-2018-6021,0.01156,0.60033
CVE-2018-6022,0.01055,0.50287
CVE-2018-6023,0.08382,0.93597
CVE-2018-6024,0.01564,0.74439
CVE-2018-6029,0.01055,0.50287
CVE-2018-6031,0.01319,0.70416
CVE-2018-6032,0.01319,0.70416
CVE-2018-6033,0.01319,0.70416
CVE-2018-6034,0.01319,0.70416
CVE-2018-6035,0.01319,0.70416
CVE-2018-6036,0.01319,0.70416
CVE-2018-6037,0.01319,0.70416
CVE-2018-6038,0.01319,0.70416
CVE-2018-6039,0.01319,0.70416
CVE-2018-6040,0.01319,0.70416
CVE-2018-6041,0.01319,0.70416
CVE-2018-6042,0.01319,0.70416
CVE-2018-6043,0.01319,0.70416
CVE-2018-6045,0.01319,0.70416
CVE-2018-6046,0.01319,0.70416
CVE-2018-6047,0.01319,0.70416
CVE-2018-6048,0.01319,0.70416
CVE-2018-6049,0.01319,0.70416
CVE-2018-6050,0.01319,0.70416
CVE-2018-6051,0.01319,0.70416
CVE-2018-6052,0.01319,0.70416
CVE-2018-6053,0.01108,0.53389
CVE-2018-6054,0.01319,0.70416
CVE-2018-6055,0.01136,0.57949
CVE-2018-6056,0.04836,0.88802
CVE-2018-6057,0.01213,0.6557
CVE-2018-6060,0.01213,0.6557
CVE-2018-6061,0.01213,0.6557
CVE-2018-6062,0.01213,0.6557
CVE-2018-6063,0.01213,0.6557
CVE-2018-6064,0.10212,0.94357
CVE-2018-6066,0.01213,0.6557
CVE-2018-6067,0.01213,0.6557
CVE-2018-6068,0.01213,0.6557
CVE-2018-6069,0.01213,0.6557
CVE-2018-6070,0.01018,0.38792
CVE-2018-6071,0.01213,0.6557
CVE-2018-6072,0.01213,0.6557
CVE-2018-6073,0.01213,0.6557
CVE-2018-6074,0.01213,0.6557
CVE-2018-6075,0.01213,0.6557
CVE-2018-6076,0.01213,0.6557
CVE-2018-6077,0.01213,0.6557
CVE-2018-6078,0.01213,0.6557
CVE-2018-6079,0.01213,0.6557
CVE-2018-6080,0.01213,0.6557
CVE-2018-6081,0.01018,0.38792
CVE-2018-6082,0.01213,0.6557
CVE-2018-6083,0.01213,0.6557
CVE-2018-6084,0.03324,0.83542
CVE-2018-6085,0.05786,0.8994
CVE-2018-6086,0.05786,0.8994
CVE-2018-6087,0.05786,0.8994
CVE-2018-6088,0.05786,0.8994
CVE-2018-6089,0.01319,0.70416
CVE-2018-6090,0.05786,0.8994
CVE-2018-6091,0.01319,0.70416
CVE-2018-6092,0.17086,0.96003
CVE-2018-6093,0.01319,0.70416
CVE-2018-6094,0.01319,0.70416
CVE-2018-6095,0.01319,0.70416
CVE-2018-6096,0.01319,0.70416
CVE-2018-6097,0.01319,0.70416
CVE-2018-6098,0.01319,0.70416
CVE-2018-6099,0.01319,0.70416
CVE-2018-6100,0.01319,0.70416
CVE-2018-6101,0.05786,0.8994
CVE-2018-6102,0.01319,0.70416
CVE-2018-6103,0.01319,0.70416
CVE-2018-6104,0.01319,0.70416
CVE-2018-6105,0.01319,0.70416
CVE-2018-6106,0.01319,0.70416
CVE-2018-6107,0.01319,0.70416
CVE-2018-6108,0.01319,0.70416
CVE-2018-6109,0.01319,0.70416
CVE-2018-6110,0.01319,0.70416
CVE-2018-6111,0.02762,0.82156
CVE-2018-6112,0.01319,0.70416
CVE-2018-6113,0.01319,0.70416
CVE-2018-6114,0.01319,0.70416
CVE-2018-6115,0.01213,0.6557
CVE-2018-6116,0.01319,0.70416
CVE-2018-6117,0.01319,0.70416
CVE-2018-6118,0.01689,0.75137
CVE-2018-6119,0.01136,0.57949
CVE-2018-6120,0.05786,0.8994
CVE-2018-6121,0.01055,0.50287
CVE-2018-6122,0.01055,0.50287
CVE-2018-6123,0.01319,0.70416
CVE-2018-6124,0.01319,0.70416
CVE-2018-6125,0.01055,0.50287
CVE-2018-6126,0.18327,0.96125
CVE-2018-6127,0.01319,0.70416
CVE-2018-6128,0.01055,0.50287
CVE-2018-6129,0.08382,0.93597
CVE-2018-6130,0.08382,0.93597
CVE-2018-6131,0.01055,0.50287
CVE-2018-6132,0.01055,0.50287
CVE-2018-6133,0.01319,0.70416
CVE-2018-6134,0.01055,0.50287
CVE-2018-6135,0.01319,0.70416
CVE-2018-6136,0.01055,0.50287
CVE-2018-6137,0.01319,0.70416
CVE-2018-6138,0.00885,0.26162
CVE-2018-6139,0.02762,0.82156
CVE-2018-6140,0.02762,0.82156
CVE-2018-6141,0.01319,0.70416
CVE-2018-6142,0.01055,0.50287
CVE-2018-6143,0.01319,0.70416
CVE-2018-6144,0.01319,0.70416
CVE-2018-6145,0.01055,0.50287
CVE-2018-6147,0.01034,0.39824
CVE-2018-6148,0.01055,0.50287
CVE-2018-6149,0.01055,0.50287
CVE-2018-6150,0.01055,0.50287
CVE-2018-6151,0.01108,0.53389
CVE-2018-6152,0.01108,0.53389
CVE-2018-6153,0.01319,0.70416
CVE-2018-6154,0.01055,0.50287
CVE-2018-6155,0.01055,0.50287
CVE-2018-6156,0.01136,0.57949
CVE-2018-6157,0.01055,0.50287
CVE-2018-6158,0.01319,0.70416
CVE-2018-6159,0.01055,0.50287
CVE-2018-6160,0.01213,0.6557
CVE-2018-6161,0.01055,0.50287
CVE-2018-6162,0.01319,0.70416
CVE-2018-6163,0.01319,0.70416
CVE-2018-6164,0.01319,0.70416
CVE-2018-6165,0.01319,0.70416
CVE-2018-6166,0.01319,0.70416
CVE-2018-6167,0.01319,0.70416
CVE-2018-6168,0.01055,0.50287
CVE-2018-6169,0.01319,0.70416
CVE-2018-6170,0.01319,0.70416
CVE-2018-6171,0.00885,0.26162
CVE-2018-6172,0.01319,0.70416
CVE-2018-6173,0.01319,0.70416
CVE-2018-6174,0.05786,0.8994
CVE-2018-6175,0.01319,0.70416
CVE-2018-6176,0.01055,0.50287
CVE-2018-6177,0.01055,0.50287
CVE-2018-6178,0.01108,0.53389
CVE-2018-6179,0.01108,0.53389
CVE-2018-6180,0.08382,0.93597
CVE-2018-6182,0.00885,0.26162
CVE-2018-6183,0.00885,0.26162
CVE-2018-6184,0.00885,0.26162
CVE-2018-6185,0.00885,0.26162
CVE-2018-6186,0.0095,0.30554
CVE-2018-6187,0.01213,0.6557
CVE-2018-6188,0.01136,0.57949
CVE-2018-6189,0.00885,0.26162
CVE-2018-6190,0.02192,0.80195
CVE-2018-6191,0.02362,0.80685
CVE-2018-6192,0.01213,0.6557
CVE-2018-6193,0.02173,0.80027
CVE-2018-6194,0.01132,0.54372
CVE-2018-6195,0.01132,0.54372
CVE-2018-6196,0.01108,0.53389
CVE-2018-6197,0.01108,0.53389
CVE-2018-6198,0.01034,0.39824
CVE-2018-6200,0.00885,0.26162
CVE-2018-6201,0.00885,0.26162
CVE-2018-6202,0.00885,0.26162
CVE-2018-6203,0.00885,0.26162
CVE-2018-6204,0.00885,0.26162
CVE-2018-6205,0.00885,0.26162
CVE-2018-6206,0.00885,0.26162
CVE-2018-6207,0.00885,0.26162
CVE-2018-6208,0.00885,0.26162
CVE-2018-6209,0.00885,0.26162
CVE-2018-6210,0.01055,0.50287
CVE-2018-6211,0.02204,0.80286
CVE-2018-6212,0.01018,0.38792
CVE-2018-6213,0.01018,0.38792
CVE-2018-6217,0.01055,0.50287
CVE-2018-6218,0.01018,0.38792
CVE-2018-6219,0.00954,0.34522
CVE-2018-6220,0.02509,0.81058
CVE-2018-6221,0.00954,0.34522
CVE-2018-6222,0.01365,0.70715
CVE-2018-6223,0.00954,0.34522
CVE-2018-6224,0.00954,0.34522
CVE-2018-6225,0.0089,0.2856
CVE-2018-6226,0.0089,0.2856
CVE-2018-6227,0.0089,0.2856
CVE-2018-6228,0.02509,0.81058
CVE-2018-6229,0.02509,0.81058
CVE-2018-6230,0.01365,0.70715
CVE-2018-6231,0.01055,0.50287
CVE-2018-6232,0.00885,0.26162
CVE-2018-6233,0.00885,0.26162
CVE-2018-6234,0.00885,0.26162
CVE-2018-6235,0.00885,0.26162
CVE-2018-6236,0.00885,0.26162
CVE-2018-6237,0.01055,0.50287
CVE-2018-6239,0.01036,0.41241
CVE-2018-6240,0.0089,0.2856
CVE-2018-6241,0.01365,0.70715
CVE-2018-6243,0.01005,0.36332
CVE-2018-6246,0.00885,0.26162
CVE-2018-6247,0.00885,0.26162
CVE-2018-6248,0.00885,0.26162
CVE-2018-6249,0.00885,0.26162
CVE-2018-6250,0.00885,0.26162
CVE-2018-6251,0.01005,0.36332
CVE-2018-6252,0.00885,0.26162
CVE-2018-6253,0.0089,0.2856
CVE-2018-6254,0.00885,0.26162
CVE-2018-6257,0.00885,0.26162
CVE-2018-6258,0.00885,0.26162
CVE-2018-6259,0.00885,0.26162
CVE-2018-6260,0.0095,0.30554
CVE-2018-6261,0.01036,0.41241
CVE-2018-6262,0.00885,0.26162
CVE-2018-6263,0.00885,0.26162
CVE-2018-6265,0.00885,0.26162
CVE-2018-6266,0.00885,0.26162
CVE-2018-6267,0.01018,0.38792
CVE-2018-6268,0.01018,0.38792
CVE-2018-6269,0.01005,0.36332
CVE-2018-6271,0.01018,0.38792
CVE-2018-6288,0.00885,0.26162
CVE-2018-6289,0.0144,0.7265
CVE-2018-6290,0.00885,0.26162
CVE-2018-6291,0.00885,0.26162
CVE-2018-6292,0.01978,0.78447
CVE-2018-6293,0.00885,0.26162
CVE-2018-6294,0.00885,0.26162
CVE-2018-6295,0.00885,0.26162
CVE-2018-6296,0.00885,0.26162
CVE-2018-6297,0.00885,0.26162
CVE-2018-6298,0.01156,0.60033
CVE-2018-6299,0.00885,0.26162
CVE-2018-6300,0.00885,0.26162
CVE-2018-6301,0.00885,0.26162
CVE-2018-6302,0.00885,0.26162
CVE-2018-6303,0.00885,0.26162
CVE-2018-6304,0.01055,0.50287
CVE-2018-6305,0.00885,0.26162
CVE-2018-6306,0.01036,0.41241
CVE-2018-6307,0.05634,0.89764
CVE-2018-6308,0.00885,0.26162
CVE-2018-6311,0.00885,0.26162
CVE-2018-6312,0.00885,0.26162
CVE-2018-6313,0.01055,0.50287
CVE-2018-6315,0.01018,0.38792
CVE-2018-6316,0.00885,0.26162
CVE-2018-6317,0.7529,0.99293
CVE-2018-6318,0.00885,0.26162
CVE-2018-6319,0.00885,0.26162
CVE-2018-6320,0.00885,0.26162
CVE-2018-6321,0.00885,0.26162
CVE-2018-6322,0.00885,0.26162
CVE-2018-6323,0.03008,0.82813
CVE-2018-6324,0.00885,0.26162
CVE-2018-6328,0.01018,0.38792
CVE-2018-6329,0.50236,0.9863
CVE-2018-6330,0.00885,0.26162
CVE-2018-6331,0.01086,0.51674
CVE-2018-6332,0.00885,0.26162
CVE-2018-6334,0.00885,0.26162
CVE-2018-6335,0.00885,0.26162
CVE-2018-6336,0.00885,0.26162
CVE-2018-6337,0.00954,0.34522
CVE-2018-6339,0.00885,0.26162
CVE-2018-6340,0.00885,0.26162
CVE-2018-6342,0.00885,0.26162
CVE-2018-6343,0.00885,0.26162
CVE-2018-6344,0.00885,0.26162
CVE-2018-6345,0.00885,0.26162
CVE-2018-6346,0.00885,0.26162
CVE-2018-6347,0.00885,0.26162
CVE-2018-6349,0.00885,0.26162
CVE-2018-6350,0.00885,0.26162
CVE-2018-6352,0.01055,0.50287
CVE-2018-6353,0.00885,0.26162
CVE-2018-6354,0.00885,0.26162
CVE-2018-6355,0.00885,0.26162
CVE-2018-6356,0.0095,0.30554
CVE-2018-6357,0.00885,0.26162
CVE-2018-6358,0.00954,0.34522
CVE-2018-6359,0.01018,0.38792
CVE-2018-6360,0.04124,0.85361
CVE-2018-6361,0.00885,0.26162
CVE-2018-6362,0.00885,0.26162
CVE-2018-6363,0.01564,0.74439
CVE-2018-6364,0.01564,0.74439
CVE-2018-6365,0.01564,0.74439
CVE-2018-6367,0.01564,0.74439
CVE-2018-6368,0.01564,0.74439
CVE-2018-6370,0.01564,0.74439
CVE-2018-6372,0.01564,0.74439
CVE-2018-6373,0.01564,0.74439
CVE-2018-6374,0.00885,0.26162
CVE-2018-6377,0.00954,0.34522
CVE-2018-6378,0.00954,0.34522
CVE-2018-6379,0.00954,0.34522
CVE-2018-6380,0.00954,0.34522
CVE-2018-6381,0.01018,0.38792
CVE-2018-6382,0.00885,0.26162
CVE-2018-6383,0.01061,0.51015
CVE-2018-6384,0.01005,0.36332
CVE-2018-6387,0.00885,0.26162
CVE-2018-6388,0.08078,0.93055
CVE-2018-6390,0.01055,0.50287
CVE-2018-6391,0.08382,0.93597
CVE-2018-6392,0.01213,0.6557
CVE-2018-6393,0.0089,0.2856
CVE-2018-6394,0.01564,0.74439
CVE-2018-6395,0.01564,0.74439
CVE-2018-6397,0.08382,0.93597
CVE-2018-6398,0.01564,0.74439
CVE-2018-6400,0.00885,0.26162
CVE-2018-6401,0.00885,0.26162
CVE-2018-6402,0.00885,0.26162
CVE-2018-6405,0.01055,0.50287
CVE-2018-6406,0.01055,0.50287
CVE-2018-6409,0.00954,0.34522
CVE-2018-6410,0.00954,0.34522
CVE-2018-6411,0.00954,0.34522
CVE-2018-6412,0.00954,0.34522
CVE-2018-6413,0.01055,0.50287
CVE-2018-6414,0.01086,0.51674
CVE-2018-6433,0.00885,0.26162
CVE-2018-6434,0.00885,0.26162
CVE-2018-6435,0.00885,0.26162
CVE-2018-6436,0.00885,0.26162
CVE-2018-6437,0.00885,0.26162
CVE-2018-6438,0.00885,0.26162
CVE-2018-6439,0.00885,0.26162
CVE-2018-6440,0.01055,0.50287
CVE-2018-6441,0.00885,0.26162
CVE-2018-6442,0.01055,0.50287
CVE-2018-6443,0.08382,0.93597
CVE-2018-6444,0.01136,0.57949
CVE-2018-6445,0.01136,0.57949
CVE-2018-6446,0.01055,0.50287
CVE-2018-6447,0.00885,0.26162
CVE-2018-6448,0.01055,0.50287
CVE-2018-6449,0.01055,0.50287
CVE-2018-6458,0.01055,0.50287
CVE-2018-6459,0.01136,0.57949
CVE-2018-6460,0.08382,0.93597
CVE-2018-6461,0.01018,0.38792
CVE-2018-6462,0.01611,0.74874
CVE-2018-6464,0.00885,0.26162
CVE-2018-6465,0.01018,0.38792
CVE-2018-6466,0.01055,0.50287
CVE-2018-6467,0.00885,0.26162
CVE-2018-6468,0.01055,0.50287
CVE-2018-6469,0.01055,0.50287
CVE-2018-6470,0.00885,0.26162
CVE-2018-6471,0.00885,0.26162
CVE-2018-6472,0.00885,0.26162
CVE-2018-6473,0.00885,0.26162
CVE-2018-6474,0.00885,0.26162
CVE-2018-6475,0.00885,0.26162
CVE-2018-6476,0.00885,0.26162
CVE-2018-6480,0.00885,0.26162
CVE-2018-6484,0.01136,0.57949
CVE-2018-6485,0.01537,0.73595
CVE-2018-6486,0.00885,0.26162
CVE-2018-6487,0.01055,0.50287
CVE-2018-6488,0.01086,0.51674
CVE-2018-6489,0.00885,0.26162
CVE-2018-6490,0.00885,0.26162
CVE-2018-6491,0.00885,0.26162
CVE-2018-6492,0.00954,0.34522
CVE-2018-6493,0.01061,0.51015
CVE-2018-6494,0.01061,0.51015
CVE-2018-6495,0.00885,0.26162
CVE-2018-6496,0.00954,0.34522
CVE-2018-6497,0.00885,0.26162
CVE-2018-6498,0.17838,0.96063
CVE-2018-6499,0.20784,0.96335
CVE-2018-6500,0.00885,0.26162
CVE-2018-6501,0.00885,0.26162
CVE-2018-6502,0.00885,0.26162
CVE-2018-6503,0.00885,0.26162
CVE-2018-6504,0.00885,0.26162
CVE-2018-6505,0.00885,0.26162
CVE-2018-6506,0.00885,0.26162
CVE-2018-6508,0.01689,0.75137
CVE-2018-6510,0.00885,0.26162
CVE-2018-6511,0.00885,0.26162
CVE-2018-6512,0.01086,0.51674
CVE-2018-6513,0.00885,0.26162
CVE-2018-6514,0.00885,0.26162
CVE-2018-6515,0.00885,0.26162
CVE-2018-6516,0.00885,0.26162
CVE-2018-6517,0.00885,0.26162
CVE-2018-6519,0.00885,0.26162
CVE-2018-6520,0.01055,0.50287
CVE-2018-6521,0.01136,0.57949
CVE-2018-6522,0.00885,0.26162
CVE-2018-6523,0.00885,0.26162
CVE-2018-6524,0.00885,0.26162
CVE-2018-6525,0.00885,0.26162
CVE-2018-6526,0.01136,0.57949
CVE-2018-6527,0.01213,0.6557
CVE-2018-6528,0.01213,0.6557
CVE-2018-6529,0.01213,0.6557
CVE-2018-6530,0.01213,0.6557
CVE-2018-6532,0.00885,0.26162
CVE-2018-6533,0.00885,0.26162
CVE-2018-6534,0.00885,0.26162
CVE-2018-6535,0.00885,0.26162
CVE-2018-6536,0.00885,0.26162
CVE-2018-6537,0.0301,0.82822
CVE-2018-6540,0.01136,0.57949
CVE-2018-6541,0.01213,0.6557
CVE-2018-6542,0.00885,0.26162
CVE-2018-6543,0.01213,0.6557
CVE-2018-6544,0.01319,0.70416
CVE-2018-6545,0.00885,0.26162
CVE-2018-6547,0.00885,0.26162
CVE-2018-6548,0.00885,0.26162
CVE-2018-6550,0.00885,0.26162
CVE-2018-6551,0.00954,0.34522
CVE-2018-6552,0.00885,0.26162
CVE-2018-6553,0.0095,0.30554
CVE-2018-6554,0.01547,0.74085
CVE-2018-6555,0.01282,0.67298
CVE-2018-6556,0.01104,0.52279
CVE-2018-6557,0.0089,0.2856
CVE-2018-6558,0.0095,0.30554
CVE-2018-6559,0.01282,0.67298
CVE-2018-6560,0.0095,0.30554
CVE-2018-6561,0.00885,0.26162
CVE-2018-6562,0.01136,0.57949
CVE-2018-6563,0.08382,0.93597
CVE-2018-6569,0.00885,0.26162
CVE-2018-6575,0.01564,0.74439
CVE-2018-6576,0.01564,0.74439
CVE-2018-6577,0.01564,0.74439
CVE-2018-6578,0.01564,0.74439
CVE-2018-6579,0.01564,0.74439
CVE-2018-6580,0.08382,0.93597
CVE-2018-6581,0.01564,0.74439
CVE-2018-6582,0.01564,0.74439
CVE-2018-6583,0.01564,0.74439
CVE-2018-6584,0.01564,0.74439
CVE-2018-6585,0.01564,0.74439
CVE-2018-6586,0.00885,0.26162
CVE-2018-6587,0.00885,0.26162
CVE-2018-6588,0.00885,0.26162
CVE-2018-6589,0.01055,0.50287
CVE-2018-6590,0.00885,0.26162
CVE-2018-6591,0.01055,0.50287
CVE-2018-6592,0.00885,0.26162
CVE-2018-6593,0.02042,0.78565
CVE-2018-6594,0.01108,0.53389
CVE-2018-6596,0.01319,0.70416
CVE-2018-6597,0.01036,0.41241
CVE-2018-6598,0.00885,0.26162
CVE-2018-6599,0.00885,0.26162
CVE-2018-6603,0.01055,0.50287
CVE-2018-6604,0.01564,0.74439
CVE-2018-6605,0.01564,0.74439
CVE-2018-6606,0.02042,0.78565
CVE-2018-6608,0.01018,0.38792
CVE-2018-6609,0.01564,0.74439
CVE-2018-6610,0.08382,0.93597
CVE-2018-6611,0.00885,0.26162
CVE-2018-6612,0.01055,0.50287
CVE-2018-6616,0.01213,0.6557
CVE-2018-6617,0.00885,0.26162
CVE-2018-6618,0.00885,0.26162
CVE-2018-6619,0.00885,0.26162
CVE-2018-6621,0.01213,0.6557
CVE-2018-6623,0.00885,0.26162
CVE-2018-6624,0.01055,0.50287
CVE-2018-6625,0.00885,0.26162
CVE-2018-6626,0.00885,0.26162
CVE-2018-6627,0.00885,0.26162
CVE-2018-6628,0.00885,0.26162
CVE-2018-6629,0.00885,0.26162
CVE-2018-6630,0.00885,0.26162
CVE-2018-6631,0.00885,0.26162
CVE-2018-6632,0.00885,0.26162
CVE-2018-6633,0.00885,0.26162
CVE-2018-6634,0.00885,0.26162
CVE-2018-6635,0.01061,0.51015
CVE-2018-6638,0.01978,0.78447
CVE-2018-6639,0.01978,0.78447
CVE-2018-6640,0.01978,0.78447
CVE-2018-6641,0.01978,0.78447
CVE-2018-6643,0.00885,0.26162
CVE-2018-6644,0.00885,0.26162
CVE-2018-6651,0.01136,0.57949
CVE-2018-6653,0.01055,0.50287
CVE-2018-6654,0.01055,0.50287
CVE-2018-6655,0.00885,0.26162
CVE-2018-6656,0.00885,0.26162
CVE-2018-6659,0.01061,0.51015
CVE-2018-6660,0.0089,0.2856
CVE-2018-6661,0.00885,0.26162
CVE-2018-6662,0.00885,0.26162
CVE-2018-6664,0.0089,0.2856
CVE-2018-6667,0.05634,0.89764
CVE-2018-6668,0.01005,0.36332
CVE-2018-6669,0.00885,0.26162
CVE-2018-6670,0.01055,0.50287
CVE-2018-6671,0.08078,0.93055
CVE-2018-6672,0.0089,0.2856
CVE-2018-6674,0.00885,0.26162
CVE-2018-6677,0.00885,0.26162
CVE-2018-6678,0.00885,0.26162
CVE-2018-6681,0.00885,0.26162
CVE-2018-6682,0.00885,0.26162
CVE-2018-6683,0.00885,0.26162
CVE-2018-6686,0.00885,0.26162
CVE-2018-6687,0.00885,0.26162
CVE-2018-6689,0.00885,0.26162
CVE-2018-6690,0.01005,0.36332
CVE-2018-6692,0.01055,0.50287
CVE-2018-6693,0.00885,0.26162
CVE-2018-6695,0.00885,0.26162
CVE-2018-6700,0.01036,0.41241
CVE-2018-6703,0.01156,0.60033
CVE-2018-6704,0.01036,0.41241
CVE-2018-6705,0.01005,0.36332
CVE-2018-6706,0.00885,0.26162
CVE-2018-6707,0.01005,0.36332
CVE-2018-6755,0.01005,0.36332
CVE-2018-6756,0.00885,0.26162
CVE-2018-6757,0.01005,0.36332
CVE-2018-6758,0.00954,0.34522
CVE-2018-6759,0.01213,0.6557
CVE-2018-6764,0.0095,0.30554
CVE-2018-6765,0.01103,0.51945
CVE-2018-6766,0.01103,0.51945
CVE-2018-6767,0.01319,0.70416
CVE-2018-6768,0.00885,0.26162
CVE-2018-6769,0.00885,0.26162
CVE-2018-6770,0.00885,0.26162
CVE-2018-6771,0.00885,0.26162
CVE-2018-6772,0.00885,0.26162
CVE-2018-6773,0.00885,0.26162
CVE-2018-6774,0.00885,0.26162
CVE-2018-6775,0.00885,0.26162
CVE-2018-6776,0.00885,0.26162
CVE-2018-6777,0.00885,0.26162
CVE-2018-6778,0.00885,0.26162
CVE-2018-6779,0.00885,0.26162
CVE-2018-6780,0.00885,0.26162
CVE-2018-6781,0.00885,0.26162
CVE-2018-6782,0.00885,0.26162
CVE-2018-6783,0.00885,0.26162
CVE-2018-6784,0.00885,0.26162
CVE-2018-6785,0.00885,0.26162
CVE-2018-6786,0.00885,0.26162
CVE-2018-6787,0.00885,0.26162
CVE-2018-6788,0.00885,0.26162
CVE-2018-6790,0.01213,0.6557
CVE-2018-6792,0.00885,0.26162
CVE-2018-6794,0.08944,0.93724
CVE-2018-6795,0.00885,0.26162
CVE-2018-6796,0.00885,0.26162
CVE-2018-6797,0.01183,0.60428
CVE-2018-6798,0.01108,0.53389
CVE-2018-6799,0.01319,0.70416
CVE-2018-6806,0.01055,0.50287
CVE-2018-6808,0.01055,0.50287
CVE-2018-6809,0.01055,0.50287
CVE-2018-6810,0.01055,0.50287
CVE-2018-6811,0.01055,0.50287
CVE-2018-6822,0.00885,0.26162
CVE-2018-6823,0.00885,0.26162
CVE-2018-6824,0.01055,0.50287
CVE-2018-6825,0.00885,0.26162
CVE-2018-6826,0.01086,0.51674
CVE-2018-6827,0.01086,0.51674
CVE-2018-6829,0.01018,0.38792
CVE-2018-6830,0.01055,0.50287
CVE-2018-6831,0.01055,0.50287
CVE-2018-6832,0.01055,0.50287
CVE-2018-6834,0.00885,0.26162
CVE-2018-6835,0.01055,0.50287
CVE-2018-6836,0.01213,0.6557
CVE-2018-6842,0.00885,0.26162
CVE-2018-6843,0.00885,0.26162
CVE-2018-6844,0.00885,0.26162
CVE-2018-6845,0.02173,0.80027
CVE-2018-6846,0.01055,0.50287
CVE-2018-6849,0.7532,0.99294
CVE-2018-6851,0.01365,0.70715
CVE-2018-6852,0.01365,0.70715
CVE-2018-6853,0.01365,0.70715
CVE-2018-6854,0.01365,0.70715
CVE-2018-6855,0.01365,0.70715
CVE-2018-6856,0.01365,0.70715
CVE-2018-6857,0.01365,0.70715
CVE-2018-6858,0.00885,0.26162
CVE-2018-6859,0.00885,0.26162
CVE-2018-6860,0.01424,0.72364
CVE-2018-6861,0.00885,0.26162
CVE-2018-6862,0.00885,0.26162
CVE-2018-6863,0.00885,0.26162
CVE-2018-6864,0.00885,0.26162
CVE-2018-6866,0.00885,0.26162
CVE-2018-6867,0.00885,0.26162
CVE-2018-6868,0.00885,0.26162
CVE-2018-6869,0.01213,0.6557
CVE-2018-6870,0.00885,0.26162
CVE-2018-6871,0.108,0.94438
CVE-2018-6872,0.01319,0.70416
CVE-2018-6873,0.00885,0.26162
CVE-2018-6874,0.00885,0.26162
CVE-2018-6875,0.00885,0.26162
CVE-2018-6876,0.01055,0.50287
CVE-2018-6878,0.00885,0.26162
CVE-2018-6879,0.01055,0.50287
CVE-2018-6880,0.01055,0.50287
CVE-2018-6881,0.01136,0.57949
CVE-2018-6882,0.01319,0.70416
CVE-2018-6883,0.00885,0.26162
CVE-2018-6885,0.00885,0.26162
CVE-2018-6888,0.07308,0.9216
CVE-2018-6889,0.07308,0.9216
CVE-2018-6891,0.00885,0.26162
CVE-2018-6893,0.00885,0.26162
CVE-2018-6900,0.00885,0.26162
CVE-2018-6902,0.00885,0.26162
CVE-2018-6903,0.01055,0.50287
CVE-2018-6904,0.00885,0.26162
CVE-2018-6906,0.00885,0.26162
CVE-2018-6907,0.00885,0.26162
CVE-2018-6908,0.00885,0.26162
CVE-2018-6909,0.01055,0.50287
CVE-2018-6911,0.08382,0.93597
CVE-2018-6912,0.01055,0.50287
CVE-2018-6913,0.03806,0.84842
CVE-2018-6914,0.02686,0.82061
CVE-2018-6916,0.00885,0.26162
CVE-2018-6917,0.00954,0.34522
CVE-2018-6918,0.01319,0.70416
CVE-2018-6919,0.00885,0.26162
CVE-2018-6920,0.00885,0.26162
CVE-2018-6921,0.00885,0.26162
CVE-2018-6922,0.01018,0.38792
CVE-2018-6923,0.01136,0.57949
CVE-2018-6924,0.00885,0.26162
CVE-2018-6925,0.00885,0.26162
CVE-2018-6926,0.00885,0.26162
CVE-2018-6927,0.01547,0.74085
CVE-2018-6928,0.01564,0.74439
CVE-2018-6930,0.01055,0.50287
CVE-2018-6934,0.00885,0.26162
CVE-2018-6935,0.00885,0.26162
CVE-2018-6936,0.02192,0.80195
CVE-2018-6940,0.07947,0.92976
CVE-2018-6941,0.07947,0.92976
CVE-2018-6942,0.01018,0.38792
CVE-2018-6943,0.00885,0.26162
CVE-2018-6944,0.00885,0.26162
CVE-2018-6947,0.01961,0.77613
CVE-2018-6948,0.00885,0.26162
CVE-2018-6951,0.01018,0.38792
CVE-2018-6952,0.01018,0.38792
CVE-2018-6953,0.00885,0.26162
CVE-2018-6954,0.01034,0.39824
CVE-2018-6957,0.0089,0.2856
CVE-2018-6958,0.00954,0.34522
CVE-2018-6959,0.00954,0.34522
CVE-2018-6960,0.0089,0.2856
CVE-2018-6962,0.0089,0.2856
CVE-2018-6963,0.0089,0.2856
CVE-2018-6964,0.0089,0.2856
CVE-2018-6965,0.0089,0.2856
CVE-2018-6966,0.0089,0.2856
CVE-2018-6967,0.0089,0.2856
CVE-2018-6968,0.05634,0.89764
CVE-2018-6969,0.0089,0.2856
CVE-2018-6970,0.0089,0.2856
CVE-2018-6971,0.0095,0.30554
CVE-2018-6972,0.0095,0.30554
CVE-2018-6973,0.01365,0.70715
CVE-2018-6974,0.01365,0.70715
CVE-2018-6975,0.0089,0.2856
CVE-2018-6976,0.00954,0.34522
CVE-2018-6977,0.0095,0.30554
CVE-2018-6978,0.00885,0.26162
CVE-2018-6979,0.00885,0.26162
CVE-2018-6980,0.00885,0.26162
CVE-2018-6981,0.01365,0.70715
CVE-2018-6982,0.0089,0.2856
CVE-2018-6983,0.01005,0.36332
CVE-2018-7032,0.01086,0.51674
CVE-2018-7033,0.01018,0.38792
CVE-2018-7034,0.00885,0.26162
CVE-2018-7035,0.01055,0.50287
CVE-2018-7039,0.01055,0.50287
CVE-2018-7046,0.01156,0.60033
CVE-2018-7047,0.01978,0.78447
CVE-2018-7048,0.00885,0.26162
CVE-2018-7049,0.00885,0.26162
CVE-2018-7050,0.01018,0.38792
CVE-2018-7051,0.01018,0.38792
CVE-2018-7052,0.01018,0.38792
CVE-2018-7053,0.01018,0.38792
CVE-2018-7054,0.01018,0.38792
CVE-2018-7055,0.00885,0.26162
CVE-2018-7056,0.01055,0.50287
CVE-2018-7057,0.00885,0.26162
CVE-2018-7058,0.00885,0.26162
CVE-2018-7059,0.00885,0.26162
CVE-2018-7060,0.00885,0.26162
CVE-2018-7063,0.00885,0.26162
CVE-2018-7064,0.00954,0.34522
CVE-2018-7065,0.00885,0.26162
CVE-2018-7066,0.01156,0.60033
CVE-2018-7067,0.01055,0.50287
CVE-2018-7068,0.00885,0.26162
CVE-2018-7069,0.00885,0.26162
CVE-2018-7070,0.01055,0.50287
CVE-2018-7071,0.00885,0.26162
CVE-2018-7072,0.01055,0.50287
CVE-2018-7073,0.00885,0.26162
CVE-2018-7074,0.02931,0.82528
CVE-2018-7075,0.00885,0.26162
CVE-2018-7076,0.01377,0.70912
CVE-2018-7077,0.01055,0.50287
CVE-2018-7078,0.02071,0.78995
CVE-2018-7079,0.00885,0.26162
CVE-2018-7080,0.00885,0.26162
CVE-2018-7081,0.01978,0.78447
CVE-2018-7082,0.02066,0.78986
CVE-2018-7083,0.00954,0.34522
CVE-2018-7084,0.02211,0.80357
CVE-2018-7090,0.00885,0.26162
CVE-2018-7091,0.00885,0.26162
CVE-2018-7092,0.01055,0.50287
CVE-2018-7093,0.00885,0.26162
CVE-2018-7094,0.00885,0.26162
CVE-2018-7095,0.00885,0.26162
CVE-2018-7096,0.01715,0.75175
CVE-2018-7097,0.00885,0.26162
CVE-2018-7098,0.00885,0.26162
CVE-2018-7099,0.00885,0.26162
CVE-2018-7100,0.00885,0.26162
CVE-2018-7101,0.01055,0.50287
CVE-2018-7102,0.00885,0.26162
CVE-2018-7103,0.01377,0.70912
CVE-2018-7104,0.01377,0.70912
CVE-2018-7105,0.02614,0.81255
CVE-2018-7107,0.00885,0.26162
CVE-2018-7108,0.01055,0.50287
CVE-2018-7109,0.00885,0.26162
CVE-2018-7110,0.00885,0.26162
CVE-2018-7111,0.01055,0.50287
CVE-2018-7112,0.0095,0.30554
CVE-2018-7113,0.00885,0.26162
CVE-2018-7114,0.10074,0.94302
CVE-2018-7115,0.01213,0.6557
CVE-2018-7116,0.01213,0.6557
CVE-2018-7117,0.00885,0.26162
CVE-2018-7118,0.00885,0.26162
CVE-2018-7119,0.00885,0.26162
CVE-2018-7120,0.00885,0.26162
CVE-2018-7121,0.01377,0.70912
CVE-2018-7122,0.01055,0.50287
CVE-2018-7123,0.01055,0.50287
CVE-2018-7124,0.01377,0.70912
CVE-2018-7125,0.01377,0.70912
CVE-2018-7158,0.00885,0.26162
CVE-2018-7159,0.00954,0.34522
CVE-2018-7160,0.04836,0.88802
CVE-2018-7161,0.00954,0.34522
CVE-2018-7162,0.00954,0.34522
CVE-2018-7164,0.00954,0.34522
CVE-2018-7166,0.00885,0.26162
CVE-2018-7167,0.00954,0.34522
CVE-2018-7169,0.00885,0.26162
CVE-2018-7170,0.01282,0.67298
CVE-2018-7172,0.01061,0.51015
CVE-2018-7173,0.00885,0.26162
CVE-2018-7174,0.00885,0.26162
CVE-2018-7175,0.00885,0.26162
CVE-2018-7176,0.08382,0.93597
CVE-2018-7177,0.01564,0.74439
CVE-2018-7178,0.01564,0.74439
CVE-2018-7179,0.01564,0.74439
CVE-2018-7180,0.01564,0.74439
CVE-2018-7183,0.09801,0.94069
CVE-2018-7184,0.02172,0.79917
CVE-2018-7185,0.02172,0.79917
CVE-2018-7186,0.01213,0.6557
CVE-2018-7187,0.01319,0.70416
CVE-2018-7188,0.00885,0.26162
CVE-2018-7191,0.01282,0.67298
CVE-2018-7192,0.01055,0.50287
CVE-2018-7193,0.01055,0.50287
CVE-2018-7194,0.01055,0.50287
CVE-2018-7195,0.01055,0.50287
CVE-2018-7196,0.01055,0.50287
CVE-2018-7198,0.02173,0.80027
CVE-2018-7201,0.00885,0.26162
CVE-2018-7202,0.00885,0.26162
CVE-2018-7204,0.00954,0.34522
CVE-2018-7205,0.01055,0.50287
CVE-2018-7206,0.0089,0.2856
CVE-2018-7208,0.01319,0.70416
CVE-2018-7209,0.01055,0.50287
CVE-2018-7210,0.01055,0.50287
CVE-2018-7212,0.00885,0.26162
CVE-2018-7213,0.01018,0.38792
CVE-2018-7216,0.08078,0.93055
CVE-2018-7217,0.00885,0.26162
CVE-2018-7218,0.01978,0.78447
CVE-2018-7219,0.00885,0.26162
CVE-2018-7225,0.02686,0.82061
CVE-2018-7226,0.00954,0.34522
CVE-2018-7227,0.00885,0.26162
CVE-2018-7228,0.01055,0.50287
CVE-2018-7229,0.01055,0.50287
CVE-2018-7230,0.00885,0.26162
CVE-2018-7231,0.01086,0.51674
CVE-2018-7232,0.01086,0.51674
CVE-2018-7233,0.01086,0.51674
CVE-2018-7234,0.00885,0.26162
CVE-2018-7235,0.00885,0.26162
CVE-2018-7236,0.00885,0.26162
CVE-2018-7237,0.01055,0.50287
CVE-2018-7238,0.01156,0.60033
CVE-2018-7239,0.01559,0.742
CVE-2018-7240,0.02199,0.80273
CVE-2018-7241,0.00954,0.34522
CVE-2018-7242,0.00954,0.34522
CVE-2018-7243,0.01055,0.50287
CVE-2018-7244,0.01055,0.50287
CVE-2018-7245,0.01055,0.50287
CVE-2018-7246,0.01055,0.50287
CVE-2018-7247,0.01086,0.51674
CVE-2018-7248,0.0176,0.7531
CVE-2018-7251,0.08944,0.93724
CVE-2018-7253,0.01319,0.70416
CVE-2018-7254,0.03682,0.84276
CVE-2018-7259,0.01136,0.57949
CVE-2018-7260,0.01132,0.54372
CVE-2018-7261,0.00885,0.26162
CVE-2018-7262,0.01108,0.53389
CVE-2018-7263,0.01055,0.50287
CVE-2018-7264,0.05365,0.89438
CVE-2018-7265,0.00885,0.26162
CVE-2018-7268,0.0089,0.2856
CVE-2018-7269,0.01055,0.50287
CVE-2018-7271,0.00885,0.26162
CVE-2018-7272,0.00885,0.26162
CVE-2018-7273,0.02042,0.78565
CVE-2018-7274,0.00885,0.26162
CVE-2018-7276,0.01055,0.50287
CVE-2018-7277,0.01055,0.50287
CVE-2018-7278,0.01055,0.50287
CVE-2018-7279,0.01978,0.78447
CVE-2018-7280,0.00885,0.26162
CVE-2018-7281,0.00885,0.26162
CVE-2018-7282,0.00954,0.34522
CVE-2018-7285,0.01923,0.77074
CVE-2018-7286,0.09848,0.94077
CVE-2018-7287,0.02051,0.78585
CVE-2018-7289,0.02362,0.80685
CVE-2018-7290,0.00885,0.26162
CVE-2018-7295,0.00885,0.26162
CVE-2018-7296,0.01055,0.50287
CVE-2018-7297,0.05365,0.89438
CVE-2018-7298,0.00885,0.26162
CVE-2018-7299,0.01103,0.51945
CVE-2018-7300,0.05365,0.89438
CVE-2018-7301,0.00885,0.26162
CVE-2018-7302,0.00885,0.26162
CVE-2018-7303,0.00885,0.26162
CVE-2018-7304,0.00885,0.26162
CVE-2018-7305,0.00885,0.26162
CVE-2018-7307,0.00885,0.26162
CVE-2018-7308,0.01055,0.50287
CVE-2018-7311,0.02199,0.80273
CVE-2018-7312,0.01564,0.74439
CVE-2018-7313,0.01564,0.74439
CVE-2018-7314,0.01564,0.74439
CVE-2018-7315,0.01564,0.74439
CVE-2018-7316,0.08382,0.93597
CVE-2018-7317,0.08382,0.93597
CVE-2018-7318,0.01564,0.74439
CVE-2018-7319,0.01564,0.74439
CVE-2018-7320,0.01018,0.38792
CVE-2018-7321,0.01018,0.38792
CVE-2018-7322,0.01108,0.53389
CVE-2018-7323,0.01108,0.53389
CVE-2018-7324,0.01108,0.53389
CVE-2018-7325,0.01018,0.38792
CVE-2018-7326,0.01018,0.38792
CVE-2018-7327,0.01018,0.38792
CVE-2018-7328,0.01018,0.38792
CVE-2018-7329,0.01018,0.38792
CVE-2018-7330,0.01018,0.38792
CVE-2018-7331,0.01018,0.38792
CVE-2018-7332,0.01018,0.38792
CVE-2018-7333,0.01018,0.38792
CVE-2018-7334,0.01108,0.53389
CVE-2018-7335,0.01108,0.53389
CVE-2018-7336,0.01108,0.53389
CVE-2018-7337,0.01018,0.38792
CVE-2018-7339,0.01055,0.50287
CVE-2018-7340,0.00885,0.26162
CVE-2018-7355,0.02173,0.80027
CVE-2018-7356,0.01055,0.50287
CVE-2018-7357,0.00885,0.26162
CVE-2018-7358,0.00954,0.34522
CVE-2018-7359,0.01086,0.51674
CVE-2018-7360,0.00885,0.26162
CVE-2018-7361,0.00885,0.26162
CVE-2018-7362,0.00885,0.26162
CVE-2018-7363,0.00885,0.26162
CVE-2018-7364,0.01156,0.60033
CVE-2018-7365,0.00885,0.26162
CVE-2018-7366,0.00885,0.26162
CVE-2018-7405,0.01055,0.50287
CVE-2018-7406,0.03987,0.85269
CVE-2018-7407,0.03987,0.85269
CVE-2018-7408,0.0089,0.2856
CVE-2018-7409,0.00954,0.34522
CVE-2018-7417,0.01108,0.53389
CVE-2018-7418,0.01108,0.53389
CVE-2018-7419,0.01108,0.53389
CVE-2018-7420,0.01108,0.53389
CVE-2018-7421,0.01018,0.38792
CVE-2018-7427,0.01055,0.50287
CVE-2018-7429,0.01055,0.50287
CVE-2018-7431,0.01055,0.50287
CVE-2018-7432,0.01055,0.50287
CVE-2018-7433,0.00885,0.26162
CVE-2018-7434,0.01055,0.50287
CVE-2018-7435,0.01018,0.38792
CVE-2018-7436,0.01018,0.38792
CVE-2018-7437,0.01018,0.38792
CVE-2018-7438,0.01018,0.38792
CVE-2018-7439,0.01018,0.38792
CVE-2018-7440,0.02055,0.7893
CVE-2018-7441,0.00885,0.26162
CVE-2018-7442,0.00885,0.26162
CVE-2018-7443,0.01213,0.6557
CVE-2018-7445,0.12131,0.94983
CVE-2018-7447,0.00885,0.26162
CVE-2018-7448,0.10123,0.94312
CVE-2018-7449,0.08382,0.93597
CVE-2018-7452,0.00885,0.26162
CVE-2018-7453,0.00885,0.26162
CVE-2018-7454,0.00885,0.26162
CVE-2018-7455,0.00885,0.26162
CVE-2018-7456,0.01537,0.73595
CVE-2018-7463,0.01055,0.50287
CVE-2018-7465,0.02192,0.80195
CVE-2018-7466,0.08078,0.93055
CVE-2018-7467,0.00885,0.26162
CVE-2018-7469,0.00885,0.26162
CVE-2018-7470,0.00885,0.26162
CVE-2018-7471,0.00885,0.26162
CVE-2018-7472,0.01055,0.50287
CVE-2018-7473,0.01055,0.50287
CVE-2018-7474,0.08382,0.93597
CVE-2018-7475,0.01055,0.50287
CVE-2018-7476,0.00885,0.26162
CVE-2018-7477,0.01564,0.74439
CVE-2018-7479,0.01055,0.50287
CVE-2018-7480,0.01034,0.39824
CVE-2018-7482,0.00885,0.26162
CVE-2018-7484,0.00885,0.26162
CVE-2018-7485,0.00954,0.34522
CVE-2018-7486,0.01424,0.72364
CVE-2018-7487,0.00885,0.26162
CVE-2018-7491,0.00885,0.26162
CVE-2018-7492,0.01547,0.74085
CVE-2018-7493,0.00885,0.26162
CVE-2018-7494,0.01689,0.75137
CVE-2018-7495,0.00885,0.26162
CVE-2018-7496,0.00885,0.26162
CVE-2018-7497,0.0144,0.7265
CVE-2018-7498,0.00885,0.26162
CVE-2018-7499,0.0144,0.7265
CVE-2018-7500,0.00885,0.26162
CVE-2018-7501,0.00885,0.26162
CVE-2018-7502,0.01365,0.70715
CVE-2018-7503,0.00885,0.26162
CVE-2018-7504,0.00885,0.26162
CVE-2018-7505,0.01773,0.75668
CVE-2018-7506,0.01055,0.50287
CVE-2018-7507,0.01689,0.75137
CVE-2018-7508,0.00885,0.26162
CVE-2018-7509,0.01689,0.75137
CVE-2018-7510,0.00885,0.26162
CVE-2018-7511,0.04836,0.88802
CVE-2018-7512,0.01689,0.75137
CVE-2018-7513,0.00885,0.26162
CVE-2018-7514,0.00885,0.26162
CVE-2018-7515,0.00885,0.26162
CVE-2018-7516,0.00885,0.26162
CVE-2018-7517,0.00885,0.26162
CVE-2018-7518,0.00885,0.26162
CVE-2018-7519,0.00885,0.26162
CVE-2018-7520,0.00885,0.26162
CVE-2018-7521,0.00885,0.26162
CVE-2018-7522,0.0089,0.2856
CVE-2018-7523,0.00885,0.26162
CVE-2018-7524,0.00885,0.26162
CVE-2018-7525,0.00885,0.26162
CVE-2018-7526,0.00885,0.26162
CVE-2018-7527,0.00885,0.26162
CVE-2018-7528,0.00885,0.26162
CVE-2018-7529,0.00885,0.26162
CVE-2018-7530,0.00885,0.26162
CVE-2018-7531,0.00885,0.26162
CVE-2018-7532,0.05634,0.89764
CVE-2018-7533,0.00885,0.26162
CVE-2018-7534,0.00885,0.26162
CVE-2018-7535,0.00885,0.26162
CVE-2018-7536,0.01537,0.73595
CVE-2018-7537,0.01108,0.53389
CVE-2018-7538,0.01564,0.74439
CVE-2018-7539,0.00885,0.26162
CVE-2018-7540,0.01282,0.67298
CVE-2018-7541,0.01282,0.67298
CVE-2018-7542,0.0095,0.30554
CVE-2018-7543,0.02173,0.80027
CVE-2018-7544,0.00885,0.26162
CVE-2018-7546,0.01055,0.50287
CVE-2018-7547,0.00885,0.26162
CVE-2018-7548,0.00954,0.34522
CVE-2018-7549,0.01018,0.38792
CVE-2018-7550,0.01864,0.7628
CVE-2018-7551,0.00954,0.34522
CVE-2018-7552,0.00954,0.34522
CVE-2018-7553,0.00954,0.34522
CVE-2018-7554,0.00954,0.34522
CVE-2018-7556,0.01055,0.50287
CVE-2018-7557,0.01213,0.6557
CVE-2018-7559,0.01132,0.54372
CVE-2018-7561,0.01055,0.50287
CVE-2018-7562,0.01978,0.78447
CVE-2018-7563,0.00885,0.26162
CVE-2018-7564,0.00885,0.26162
CVE-2018-7565,0.00885,0.26162
CVE-2018-7566,0.01547,0.74085
CVE-2018-7567,0.01156,0.60033
CVE-2018-7568,0.01319,0.70416
CVE-2018-7569,0.01319,0.70416
CVE-2018-7570,0.01213,0.6557
CVE-2018-7572,0.00885,0.26162
CVE-2018-7573,0.7962,0.99468
CVE-2018-7575,0.00885,0.26162
CVE-2018-7576,0.00885,0.26162
CVE-2018-7577,0.00885,0.26162
CVE-2018-7579,0.00885,0.26162
CVE-2018-7580,0.00954,0.34522
CVE-2018-7581,0.02626,0.8126
CVE-2018-7582,0.08382,0.93597
CVE-2018-7583,0.08382,0.93597
CVE-2018-7584,0.18327,0.96125
CVE-2018-7586,0.00885,0.26162
CVE-2018-7587,0.00885,0.26162
CVE-2018-7588,0.01018,0.38792
CVE-2018-7589,0.01018,0.38792
CVE-2018-7590,0.00885,0.26162
CVE-2018-7603,0.00885,0.26162
CVE-2018-7631,0.01086,0.51674
CVE-2018-7632,0.00885,0.26162
CVE-2018-7633,0.00885,0.26162
CVE-2018-7634,0.01018,0.38792
CVE-2018-7635,0.00885,0.26162
CVE-2018-7636,0.00954,0.34522
CVE-2018-7637,0.00954,0.34522
CVE-2018-7638,0.00954,0.34522
CVE-2018-7639,0.00954,0.34522
CVE-2018-7640,0.00954,0.34522
CVE-2018-7641,0.00954,0.34522
CVE-2018-7642,0.01319,0.70416
CVE-2018-7643,0.01319,0.70416
CVE-2018-7644,0.01055,0.50287
CVE-2018-7648,0.00885,0.26162
CVE-2018-7649,0.00885,0.26162
CVE-2018-7650,0.00885,0.26162
CVE-2018-7651,0.00954,0.34522
CVE-2018-7652,0.01018,0.38792
CVE-2018-7653,0.02173,0.80027
CVE-2018-7654,0.00885,0.26162
CVE-2018-7658,0.08382,0.93597
CVE-2018-7659,0.00885,0.26162
CVE-2018-7660,0.00885,0.26162
CVE-2018-7661,0.01055,0.50287
CVE-2018-7663,0.00885,0.26162
CVE-2018-7664,0.00885,0.26162
CVE-2018-7665,0.31567,0.97479
CVE-2018-7666,0.00885,0.26162
CVE-2018-7667,0.00885,0.26162
CVE-2018-7668,0.01055,0.50287
CVE-2018-7673,0.00885,0.26162
CVE-2018-7674,0.00885,0.26162
CVE-2018-7675,0.00885,0.26162
CVE-2018-7676,0.00885,0.26162
CVE-2018-7677,0.00885,0.26162
CVE-2018-7678,0.00885,0.26162
CVE-2018-7679,0.01156,0.60033
CVE-2018-7680,0.00885,0.26162
CVE-2018-7681,0.00885,0.26162
CVE-2018-7682,0.00885,0.26162
CVE-2018-7683,0.00885,0.26162
CVE-2018-7685,0.0089,0.2856
CVE-2018-7686,0.00885,0.26162
CVE-2018-7687,0.00885,0.26162
CVE-2018-7688,0.0089,0.2856
CVE-2018-7689,0.0089,0.2856
CVE-2018-7690,0.08078,0.93055
CVE-2018-7691,0.08078,0.93055
CVE-2018-7692,0.00885,0.26162
CVE-2018-7698,0.00885,0.26162
CVE-2018-7700,0.01086,0.51674
CVE-2018-7701,0.01136,0.57949
CVE-2018-7702,0.01136,0.57949
CVE-2018-7703,0.01136,0.57949
CVE-2018-7704,0.01061,0.51015
CVE-2018-7705,0.01061,0.51015
CVE-2018-7706,0.01061,0.51015
CVE-2018-7707,0.01136,0.57949
CVE-2018-7711,0.00954,0.34522
CVE-2018-7712,0.01055,0.50287
CVE-2018-7713,0.01055,0.50287
CVE-2018-7714,0.01055,0.50287
CVE-2018-7715,0.01086,0.51674
CVE-2018-7716,0.01086,0.51674
CVE-2018-7717,0.00885,0.26162
CVE-2018-7718,0.00885,0.26162
CVE-2018-7719,0.08382,0.93597
CVE-2018-7720,0.00885,0.26162
CVE-2018-7721,0.00885,0.26162
CVE-2018-7722,0.00885,0.26162
CVE-2018-7723,0.00885,0.26162
CVE-2018-7724,0.00885,0.26162
CVE-2018-7725,0.01018,0.38792
CVE-2018-7726,0.01018,0.38792
CVE-2018-7727,0.00885,0.26162
CVE-2018-7728,0.01018,0.38792
CVE-2018-7729,0.01018,0.38792
CVE-2018-7730,0.01108,0.53389
CVE-2018-7731,0.01018,0.38792
CVE-2018-7732,0.00885,0.26162
CVE-2018-7733,0.00885,0.26162
CVE-2018-7734,0.01061,0.51015
CVE-2018-7735,0.01061,0.51015
CVE-2018-7736,0.02173,0.80027
CVE-2018-7737,0.08382,0.93597
CVE-2018-7738,0.01034,0.39824
CVE-2018-7739,0.08382,0.93597
CVE-2018-7740,0.01282,0.67298
CVE-2018-7741,0.00885,0.26162
CVE-2018-7745,0.08382,0.93597
CVE-2018-7746,0.02173,0.80027
CVE-2018-7748,0.01978,0.78447
CVE-2018-7749,0.00885,0.26162
CVE-2018-7751,0.01136,0.57949
CVE-2018-7752,0.01018,0.38792
CVE-2018-7753,0.00954,0.34522
CVE-2018-7754,0.00885,0.26162
CVE-2018-7755,0.01547,0.74085
CVE-2018-7756,0.05365,0.89438
CVE-2018-7757,0.01547,0.74085
CVE-2018-7758,0.00954,0.34522
CVE-2018-7759,0.00885,0.26162
CVE-2018-7760,0.00885,0.26162
CVE-2018-7761,0.01086,0.51674
CVE-2018-7762,0.00885,0.26162
CVE-2018-7763,0.00885,0.26162
CVE-2018-7764,0.00885,0.26162
CVE-2018-7765,0.00885,0.26162
CVE-2018-7766,0.00885,0.26162
CVE-2018-7767,0.00885,0.26162
CVE-2018-7768,0.00885,0.26162
CVE-2018-7769,0.00885,0.26162
CVE-2018-7770,0.00885,0.26162
CVE-2018-7771,0.00885,0.26162
CVE-2018-7772,0.00885,0.26162
CVE-2018-7773,0.00885,0.26162
CVE-2018-7774,0.00885,0.26162
CVE-2018-7776,0.00885,0.26162
CVE-2018-7777,0.08078,0.93055
CVE-2018-7778,0.01055,0.50287
CVE-2018-7779,0.00885,0.26162
CVE-2018-7780,0.00885,0.26162
CVE-2018-7781,0.00885,0.26162
CVE-2018-7782,0.00885,0.26162
CVE-2018-7783,0.00885,0.26162
CVE-2018-7784,0.0144,0.7265
CVE-2018-7785,0.01055,0.50287
CVE-2018-7786,0.00885,0.26162
CVE-2018-7787,0.00885,0.26162
CVE-2018-7788,0.00885,0.26162
CVE-2018-7789,0.00954,0.34522
CVE-2018-7790,0.00885,0.26162
CVE-2018-7791,0.00885,0.26162
CVE-2018-7792,0.00885,0.26162
CVE-2018-7793,0.00885,0.26162
CVE-2018-7794,0.00885,0.26162
CVE-2018-7795,0.02509,0.81058
CVE-2018-7796,0.00885,0.26162
CVE-2018-7797,0.00885,0.26162
CVE-2018-7798,0.00885,0.26162
CVE-2018-7799,0.01559,0.742
CVE-2018-7800,0.00954,0.34522
CVE-2018-7801,0.04836,0.88802
CVE-2018-7802,0.0089,0.2856
CVE-2018-7803,0.00885,0.26162
CVE-2018-7804,0.00885,0.26162
CVE-2018-7806,0.00885,0.26162
CVE-2018-7807,0.00885,0.26162
CVE-2018-7809,0.01055,0.50287
CVE-2018-7810,0.00885,0.26162
CVE-2018-7811,0.01136,0.57949
CVE-2018-7812,0.00885,0.26162
CVE-2018-7813,0.00885,0.26162
CVE-2018-7814,0.00885,0.26162
CVE-2018-7815,0.00885,0.26162
CVE-2018-7816,0.01055,0.50287
CVE-2018-7817,0.04836,0.88802
CVE-2018-7820,0.00885,0.26162
CVE-2018-7821,0.00885,0.26162
CVE-2018-7822,0.00885,0.26162
CVE-2018-7823,0.00885,0.26162
CVE-2018-7824,0.00885,0.26162
CVE-2018-7825,0.01055,0.50287
CVE-2018-7826,0.01055,0.50287
CVE-2018-7827,0.01055,0.50287
CVE-2018-7828,0.00885,0.26162
CVE-2018-7829,0.00885,0.26162
CVE-2018-7830,0.00885,0.26162
CVE-2018-7831,0.00885,0.26162
CVE-2018-7832,0.02199,0.80273
CVE-2018-7833,0.00885,0.26162
CVE-2018-7834,0.00885,0.26162
CVE-2018-7835,0.00885,0.26162
CVE-2018-7836,0.0144,0.7265
CVE-2018-7837,0.00885,0.26162
CVE-2018-7838,0.00885,0.26162
CVE-2018-7839,0.00885,0.26162
CVE-2018-7840,0.00885,0.26162
CVE-2018-7841,0.07744,0.92775
CVE-2018-7842,0.00885,0.26162
CVE-2018-7843,0.00885,0.26162
CVE-2018-7844,0.00885,0.26162
CVE-2018-7845,0.00885,0.26162
CVE-2018-7846,0.00885,0.26162
CVE-2018-7847,0.02398,0.80734
CVE-2018-7848,0.00885,0.26162
CVE-2018-7849,0.00885,0.26162
CVE-2018-7850,0.00885,0.26162
CVE-2018-7851,0.00885,0.26162
CVE-2018-7852,0.00885,0.26162
CVE-2018-7853,0.00885,0.26162
CVE-2018-7854,0.00885,0.26162
CVE-2018-7855,0.00954,0.34522
CVE-2018-7856,0.00885,0.26162
CVE-2018-7857,0.00885,0.26162
CVE-2018-7858,0.01282,0.67298
CVE-2018-7859,0.01055,0.50287
CVE-2018-7866,0.01108,0.53389
CVE-2018-7867,0.00954,0.34522
CVE-2018-7868,0.00954,0.34522
CVE-2018-7869,0.00885,0.26162
CVE-2018-7870,0.00954,0.34522
CVE-2018-7871,0.00954,0.34522
CVE-2018-7872,0.00954,0.34522
CVE-2018-7873,0.01108,0.53389
CVE-2018-7874,0.00885,0.26162
CVE-2018-7875,0.00954,0.34522
CVE-2018-7876,0.01319,0.70416
CVE-2018-7877,0.00885,0.26162
CVE-2018-7884,0.00885,0.26162
CVE-2018-7886,0.01994,0.78451
CVE-2018-7889,0.01611,0.74874
CVE-2018-7890,0.82639,0.9955
CVE-2018-7891,0.05634,0.89764
CVE-2018-7893,0.00885,0.26162
CVE-2018-7894,0.00885,0.26162
CVE-2018-7899,0.00885,0.26162
CVE-2018-7900,0.00885,0.26162
CVE-2018-7901,0.00885,0.26162
CVE-2018-7902,0.01055,0.50287
CVE-2018-7903,0.01055,0.50287
CVE-2018-7904,0.01055,0.50287
CVE-2018-7906,0.00885,0.26162
CVE-2018-7907,0.00885,0.26162
CVE-2018-7910,0.00885,0.26162
CVE-2018-7911,0.00885,0.26162
CVE-2018-7920,0.01055,0.50287
CVE-2018-7921,0.06998,0.91864
CVE-2018-7922,0.01036,0.41241
CVE-2018-7923,0.01036,0.41241
CVE-2018-7924,0.00885,0.26162
CVE-2018-7925,0.00885,0.26162
CVE-2018-7926,0.00885,0.26162
CVE-2018-7928,0.00885,0.26162
CVE-2018-7929,0.00885,0.26162
CVE-2018-7930,0.00885,0.26162
CVE-2018-7931,0.00885,0.26162
CVE-2018-7932,0.00885,0.26162
CVE-2018-7933,0.01036,0.41241
CVE-2018-7934,0.00885,0.26162
CVE-2018-7936,0.00885,0.26162
CVE-2018-7937,0.00885,0.26162
CVE-2018-7938,0.00885,0.26162
CVE-2018-7939,0.00885,0.26162
CVE-2018-7940,0.00885,0.26162
CVE-2018-7941,0.01055,0.50287
CVE-2018-7942,0.01055,0.50287
CVE-2018-7943,0.01055,0.50287
CVE-2018-7944,0.00885,0.26162
CVE-2018-7946,0.00885,0.26162
CVE-2018-7947,0.00885,0.26162
CVE-2018-7949,0.01055,0.50287
CVE-2018-7950,0.01055,0.50287
CVE-2018-7951,0.01055,0.50287
CVE-2018-7956,0.00885,0.26162
CVE-2018-7957,0.00885,0.26162
CVE-2018-7958,0.01055,0.50287
CVE-2018-7959,0.01055,0.50287
CVE-2018-7960,0.01055,0.50287
CVE-2018-7961,0.00885,0.26162
CVE-2018-7976,0.01055,0.50287
CVE-2018-7977,0.00885,0.26162
CVE-2018-7987,0.00885,0.26162
CVE-2018-7988,0.00885,0.26162
CVE-2018-7989,0.00885,0.26162
CVE-2018-7990,0.00885,0.26162
CVE-2018-7991,0.00885,0.26162
CVE-2018-7992,0.00885,0.26162
CVE-2018-7993,0.01036,0.41241
CVE-2018-7994,0.01055,0.50287
CVE-2018-7995,0.01282,0.67298
CVE-2018-7996,0.00885,0.26162
CVE-2018-7997,0.00885,0.26162
CVE-2018-7998,0.01136,0.57949
CVE-2018-7999,0.01018,0.38792
CVE-2018-8000,0.01689,0.75137
CVE-2018-8001,0.01055,0.50287
CVE-2018-8002,0.08382,0.93597
CVE-2018-8003,0.00885,0.26162
CVE-2018-8004,0.01627,0.74906
CVE-2018-8005,0.01246,0.66436
CVE-2018-8006,0.03032,0.82851
CVE-2018-8007,0.07876,0.92965
CVE-2018-8008,0.00885,0.26162
CVE-2018-8009,0.01736,0.75201
CVE-2018-8010,0.01164,0.60046
CVE-2018-8011,0.07767,0.92799
CVE-2018-8012,0.03032,0.82851
CVE-2018-8013,0.05242,0.89216
CVE-2018-8014,0.07767,0.92799
CVE-2018-8015,0.00885,0.26162
CVE-2018-8016,0.01055,0.50287
CVE-2018-8017,0.00885,0.26162
CVE-2018-8018,0.00954,0.34522
CVE-2018-8019,0.03032,0.82851
CVE-2018-8020,0.05242,0.89216
CVE-2018-8022,0.00954,0.34522
CVE-2018-8023,0.00885,0.26162
CVE-2018-8024,0.00885,0.26162
CVE-2018-8025,0.00885,0.26162
CVE-2018-8026,0.01164,0.60046
CVE-2018-8027,0.01246,0.66436
CVE-2018-8028,0.00885,0.26162
CVE-2018-8029,0.01736,0.75201
CVE-2018-8030,0.00885,0.26162
CVE-2018-8031,0.00885,0.26162
CVE-2018-8032,0.05242,0.89216
CVE-2018-8033,0.02895,0.8245
CVE-2018-8034,0.05242,0.89216
CVE-2018-8036,0.01742,0.75235
CVE-2018-8037,0.05242,0.89216
CVE-2018-8040,0.01246,0.66436
CVE-2018-8041,0.01742,0.75235
CVE-2018-8042,0.00885,0.26162
CVE-2018-8043,0.01104,0.52279
CVE-2018-8044,0.01365,0.70715
CVE-2018-8046,0.00885,0.26162
CVE-2018-8047,0.01055,0.50287
CVE-2018-8048,0.01018,0.38792
CVE-2018-8049,0.01055,0.50287
CVE-2018-8050,0.01055,0.50287
CVE-2018-8056,0.00954,0.34522
CVE-2018-8057,0.01564,0.74439
CVE-2018-8058,0.00885,0.26162
CVE-2018-8059,0.00885,0.26162
CVE-2018-8062,0.01055,0.50287
CVE-2018-8069,0.00885,0.26162
CVE-2018-8070,0.00885,0.26162
CVE-2018-8071,0.00885,0.26162
CVE-2018-8072,0.01018,0.38792
CVE-2018-8073,0.01055,0.50287
CVE-2018-8074,0.01055,0.50287
CVE-2018-8076,0.00885,0.26162
CVE-2018-8087,0.01547,0.74085
CVE-2018-8088,0.04358,0.87435
CVE-2018-8090,0.00885,0.26162
CVE-2018-8092,0.00885,0.26162
CVE-2018-8096,0.08382,0.93597
CVE-2018-8097,0.01978,0.78447
CVE-2018-8098,0.01018,0.38792
CVE-2018-8099,0.00954,0.34522
CVE-2018-8100,0.00885,0.26162
CVE-2018-8101,0.00885,0.26162
CVE-2018-8102,0.00885,0.26162
CVE-2018-8103,0.00885,0.26162
CVE-2018-8104,0.00885,0.26162
CVE-2018-8105,0.00885,0.26162
CVE-2018-8106,0.00885,0.26162
CVE-2018-8107,0.00885,0.26162
CVE-2018-8108,0.00885,0.26162
CVE-2018-8110,0.32419,0.97514
CVE-2018-8111,0.32419,0.97514
CVE-2018-8112,0.06416,0.90604
CVE-2018-8113,0.05853,0.90032
CVE-2018-8114,0.34599,0.97683
CVE-2018-8116,0.01418,0.72341
CVE-2018-8117,0.05708,0.89834
CVE-2018-8118,0.0574,0.89859
CVE-2018-8119,0.05708,0.89834
CVE-2018-8121,0.01418,0.72341
CVE-2018-8122,0.34599,0.97683
CVE-2018-8123,0.06416,0.90604
CVE-2018-8124,0.01418,0.72341
CVE-2018-8125,0.32419,0.97514
CVE-2018-8126,0.06416,0.90604
CVE-2018-8127,0.01418,0.72341
CVE-2018-8128,0.34599,0.97683
CVE-2018-8129,0.01418,0.72341
CVE-2018-8130,0.34599,0.97683
CVE-2018-8132,0.01418,0.72341
CVE-2018-8133,0.90212,0.99849
CVE-2018-8134,0.02185,0.80059
CVE-2018-8136,0.34599,0.97683
CVE-2018-8137,0.34599,0.97683
CVE-2018-8139,0.90212,0.99849
CVE-2018-8140,0.05853,0.90032
CVE-2018-8141,0.01418,0.72341
CVE-2018-8142,0.0141,0.7214
CVE-2018-8145,0.7426,0.9927
CVE-2018-8147,0.34599,0.97683
CVE-2018-8148,0.34599,0.97683
CVE-2018-8149,0.01418,0.72341
CVE-2018-8150,0.06416,0.90604
CVE-2018-8151,0.06454,0.90615
CVE-2018-8152,0.06416,0.90604
CVE-2018-8153,0.06416,0.90604
CVE-2018-8154,0.34599,0.97683
CVE-2018-8155,0.01418,0.72341
CVE-2018-8156,0.01418,0.72341
CVE-2018-8157,0.34599,0.97683
CVE-2018-8158,0.34599,0.97683
CVE-2018-8159,0.06416,0.90604
CVE-2018-8160,0.06416,0.90604
CVE-2018-8161,0.34599,0.97683
CVE-2018-8162,0.34599,0.97683
CVE-2018-8163,0.06416,0.90604
CVE-2018-8164,0.0141,0.7214
CVE-2018-8165,0.0141,0.7214
CVE-2018-8166,0.0141,0.7214
CVE-2018-8167,0.0141,0.7214
CVE-2018-8168,0.01418,0.72341
CVE-2018-8169,0.01418,0.72341
CVE-2018-8170,0.01418,0.72341
CVE-2018-8171,0.05853,0.90032
CVE-2018-8173,0.34599,0.97683
CVE-2018-8175,0.05853,0.90032
CVE-2018-8176,0.32419,0.97514
CVE-2018-8177,0.14545,0.95639
CVE-2018-8178,0.33428,0.97567
CVE-2018-8179,0.34599,0.97683
CVE-2018-8200,0.01418,0.72341
CVE-2018-8201,0.01418,0.72341
CVE-2018-8202,0.01418,0.72341
CVE-2018-8204,0.01418,0.72341
CVE-2018-8205,0.01418,0.72341
CVE-2018-8206,0.05853,0.90032
CVE-2018-8207,0.01418,0.72341
CVE-2018-8208,0.02185,0.80059
CVE-2018-8209,0.01418,0.72341
CVE-2018-8210,0.16905,0.95989
CVE-2018-8211,0.01418,0.72341
CVE-2018-8212,0.01418,0.72341
CVE-2018-8213,0.16905,0.95989
CVE-2018-8214,0.02185,0.80059
CVE-2018-8215,0.01418,0.72341
CVE-2018-8216,0.01418,0.72341
CVE-2018-8217,0.01418,0.72341
CVE-2018-8218,0.01418,0.72341
CVE-2018-8219,0.01418,0.72341
CVE-2018-8221,0.01418,0.72341
CVE-2018-8222,0.01418,0.72341
CVE-2018-8224,0.01418,0.72341
CVE-2018-8225,0.32419,0.97514
CVE-2018-8226,0.05853,0.90032
CVE-2018-8227,0.32419,0.97514
CVE-2018-8229,0.90212,0.99849
CVE-2018-8231,0.32419,0.97514
CVE-2018-8232,0.01418,0.72341
CVE-2018-8233,0.01418,0.72341
CVE-2018-8234,0.05853,0.90032
CVE-2018-8235,0.05853,0.90032
CVE-2018-8236,0.32419,0.97514
CVE-2018-8238,0.05203,0.89145
CVE-2018-8239,0.05853,0.90032
CVE-2018-8242,0.32419,0.97514
CVE-2018-8243,0.1337,0.95493
CVE-2018-8244,0.05853,0.90032
CVE-2018-8245,0.32419,0.97514
CVE-2018-8246,0.05853,0.90032
CVE-2018-8247,0.05853,0.90032
CVE-2018-8248,0.32419,0.97514
CVE-2018-8249,0.32419,0.97514
CVE-2018-8251,0.05888,0.9006
CVE-2018-8252,0.01418,0.72341
CVE-2018-8253,0.05853,0.90032
CVE-2018-8254,0.01418,0.72341
CVE-2018-8256,0.23099,0.9652
CVE-2018-8260,0.32419,0.97514
CVE-2018-8262,0.32419,0.97514
CVE-2018-8265,0.27139,0.97045
CVE-2018-8266,0.31104,0.97458
CVE-2018-8267,0.32419,0.97514
CVE-2018-8269,0.27649,0.97089
CVE-2018-8271,0.01418,0.72341
CVE-2018-8273,0.31104,0.97458
CVE-2018-8274,0.32419,0.97514
CVE-2018-8275,0.32419,0.97514
CVE-2018-8276,0.05853,0.90032
CVE-2018-8278,0.05853,0.90032
CVE-2018-8279,0.90212,0.99849
CVE-2018-8280,0.32419,0.97514
CVE-2018-8281,0.32419,0.97514
CVE-2018-8282,0.01418,0.72341
CVE-2018-8283,0.1337,0.95493
CVE-2018-8284,0.32419,0.97514
CVE-2018-8286,0.32419,0.97514
CVE-2018-8287,0.33702,0.97583
CVE-2018-8288,0.88313,0.99793
CVE-2018-8289,0.05853,0.90032
CVE-2018-8290,0.32419,0.97514
CVE-2018-8291,0.88313,0.99793
CVE-2018-8292,0.09575,0.93977
CVE-2018-8294,0.32419,0.97514
CVE-2018-8296,0.32419,0.97514
CVE-2018-8297,0.05853,0.90032
CVE-2018-8298,0.75274,0.99292
CVE-2018-8299,0.01418,0.72341
CVE-2018-8300,0.16905,0.95989
CVE-2018-8301,0.32419,0.97514
CVE-2018-8302,0.31104,0.97458
CVE-2018-8304,0.05853,0.90032
CVE-2018-8305,0.05853,0.90032
CVE-2018-8306,0.01608,0.74722
CVE-2018-8307,0.05853,0.90032
CVE-2018-8308,0.0141,0.7214
CVE-2018-8309,0.01418,0.72341
CVE-2018-8310,0.05853,0.90032
CVE-2018-8311,0.42807,0.98185
CVE-2018-8312,0.32419,0.97514
CVE-2018-8313,0.01418,0.72341
CVE-2018-8314,0.05853,0.90032
CVE-2018-8315,0.05853,0.90032
CVE-2018-8316,0.31104,0.97458
CVE-2018-8319,0.05853,0.90032
CVE-2018-8320,0.01418,0.72341
CVE-2018-8323,0.01418,0.72341
CVE-2018-8324,0.05853,0.90032
CVE-2018-8325,0.05853,0.90032
CVE-2018-8326,0.01418,0.72341
CVE-2018-8327,0.32419,0.97514
CVE-2018-8329,0.0141,0.7214
CVE-2018-8330,0.0141,0.7214
CVE-2018-8331,0.31104,0.97458
CVE-2018-8332,0.31104,0.97458
CVE-2018-8333,0.01418,0.72341
CVE-2018-8335,0.05853,0.90032
CVE-2018-8336,0.01418,0.72341
CVE-2018-8337,0.0141,0.7214
CVE-2018-8339,0.01418,0.72341
CVE-2018-8340,0.02391,0.80706
CVE-2018-8341,0.0141,0.7214
CVE-2018-8342,0.01418,0.72341
CVE-2018-8343,0.01418,0.72341
CVE-2018-8344,0.31104,0.97458
CVE-2018-8345,0.31104,0.97458
CVE-2018-8346,0.31104,0.97458
CVE-2018-8347,0.0141,0.7214
CVE-2018-8348,0.0141,0.7214
CVE-2018-8349,0.31104,0.97458
CVE-2018-8350,0.31104,0.97458
CVE-2018-8351,0.05853,0.90032
CVE-2018-8354,0.31104,0.97458
CVE-2018-8355,0.88,0.99772
CVE-2018-8356,0.01418,0.72341
CVE-2018-8357,0.05853,0.90032
CVE-2018-8358,0.05853,0.90032
CVE-2018-8359,0.31104,0.97458
CVE-2018-8360,0.05853,0.90032
CVE-2018-8366,0.05853,0.90032
CVE-2018-8367,0.31104,0.97458
CVE-2018-8370,0.05853,0.90032
CVE-2018-8371,0.31104,0.97458
CVE-2018-8372,0.29997,0.97371
CVE-2018-8374,0.01418,0.72341
CVE-2018-8375,0.31104,0.97458
CVE-2018-8376,0.31104,0.97458
CVE-2018-8377,0.12683,0.95336
CVE-2018-8378,0.05203,0.89145
CVE-2018-8379,0.31104,0.97458
CVE-2018-8380,0.31104,0.97458
CVE-2018-8381,0.31104,0.97458
CVE-2018-8382,0.05853,0.90032
CVE-2018-8383,0.09867,0.94091
CVE-2018-8384,0.74128,0.99261
CVE-2018-8385,0.29997,0.97371
CVE-2018-8387,0.12683,0.95336
CVE-2018-8388,0.05853,0.90032
CVE-2018-8389,0.31104,0.97458
CVE-2018-8390,0.31104,0.97458
CVE-2018-8391,0.12683,0.95336
CVE-2018-8392,0.31104,0.97458
CVE-2018-8393,0.31104,0.97458
CVE-2018-8394,0.05853,0.90032
CVE-2018-8396,0.01418,0.72341
CVE-2018-8397,0.31104,0.97458
CVE-2018-8398,0.05853,0.90032
CVE-2018-8399,0.01418,0.72341
CVE-2018-8400,0.01418,0.72341
CVE-2018-8401,0.01418,0.72341
CVE-2018-8403,0.29997,0.97371
CVE-2018-8404,0.01418,0.72341
CVE-2018-8405,0.01418,0.72341
CVE-2018-8406,0.01418,0.72341
CVE-2018-8407,0.01418,0.72341
CVE-2018-8408,0.01418,0.72341
CVE-2018-8409,0.05203,0.89145
CVE-2018-8410,0.02185,0.80059
CVE-2018-8411,0.02185,0.80059
CVE-2018-8412,0.01418,0.72341
CVE-2018-8413,0.68733,0.99075
CVE-2018-8415,0.01418,0.72341
CVE-2018-8416,0.02084,0.79035
CVE-2018-8417,0.01418,0.72341
CVE-2018-8419,0.01418,0.72341
CVE-2018-8421,0.31104,0.97458
CVE-2018-8422,0.05203,0.89145
CVE-2018-8423,0.42807,0.98185
CVE-2018-8424,0.05203,0.89145
CVE-2018-8425,0.05853,0.90032
CVE-2018-8426,0.01418,0.72341
CVE-2018-8427,0.01418,0.72341
CVE-2018-8428,0.0141,0.7214
CVE-2018-8429,0.05853,0.90032
CVE-2018-8430,0.31104,0.97458
CVE-2018-8431,0.01418,0.72341
CVE-2018-8432,0.27139,0.97045
CVE-2018-8433,0.0141,0.7214
CVE-2018-8434,0.01418,0.72341
CVE-2018-8435,0.01418,0.72341
CVE-2018-8436,0.01418,0.72341
CVE-2018-8437,0.01418,0.72341
CVE-2018-8438,0.01418,0.72341
CVE-2018-8439,0.1607,0.95894
CVE-2018-8441,0.01418,0.72341
CVE-2018-8442,0.01418,0.72341
CVE-2018-8443,0.01418,0.72341
CVE-2018-8444,0.05203,0.89145
CVE-2018-8445,0.01418,0.72341
CVE-2018-8446,0.01418,0.72341
CVE-2018-8447,0.31104,0.97458
CVE-2018-8448,0.05853,0.90032
CVE-2018-8449,0.02185,0.80059
CVE-2018-8450,0.12452,0.95132
CVE-2018-8452,0.05853,0.90032
CVE-2018-8454,0.01418,0.72341
CVE-2018-8455,0.01418,0.72341
CVE-2018-8456,0.31104,0.97458
CVE-2018-8457,0.29997,0.97371
CVE-2018-8459,0.31104,0.97458
CVE-2018-8460,0.27139,0.97045
CVE-2018-8461,0.31104,0.97458
CVE-2018-8462,0.01418,0.72341
CVE-2018-8463,0.0915,0.93872
CVE-2018-8464,0.42807,0.98185
CVE-2018-8465,0.31104,0.97458
CVE-2018-8466,0.90212,0.99849
CVE-2018-8467,0.90212,0.99849
CVE-2018-8468,0.05853,0.90032
CVE-2018-8469,0.0915,0.93872
CVE-2018-8470,0.05853,0.90032
CVE-2018-8471,0.01418,0.72341
CVE-2018-8472,0.01418,0.72341
CVE-2018-8473,0.27139,0.97045
CVE-2018-8474,0.39236,0.97933
CVE-2018-8475,0.31104,0.97458
CVE-2018-8476,0.40133,0.98031
CVE-2018-8477,0.0141,0.7214
CVE-2018-8479,0.05203,0.89145
CVE-2018-8480,0.01418,0.72341
CVE-2018-8481,0.05853,0.90032
CVE-2018-8482,0.05853,0.90032
CVE-2018-8484,0.01418,0.72341
CVE-2018-8485,0.01418,0.72341
CVE-2018-8486,0.01418,0.72341
CVE-2018-8488,0.01418,0.72341
CVE-2018-8489,0.13642,0.95561
CVE-2018-8490,0.13642,0.95561
CVE-2018-8491,0.27139,0.97045
CVE-2018-8492,0.01418,0.72341
CVE-2018-8493,0.05853,0.90032
CVE-2018-8494,0.27139,0.97045
CVE-2018-8497,0.01418,0.72341
CVE-2018-8498,0.01418,0.72341
CVE-2018-8500,0.10702,0.9442
CVE-2018-8501,0.27139,0.97045
CVE-2018-8502,0.27139,0.97045
CVE-2018-8503,0.27139,0.97045
CVE-2018-8504,0.27139,0.97045
CVE-2018-8505,0.27139,0.97045
CVE-2018-8506,0.05853,0.90032
CVE-2018-8509,0.27139,0.97045
CVE-2018-8510,0.27139,0.97045
CVE-2018-8511,0.27139,0.97045
CVE-2018-8512,0.05853,0.90032
CVE-2018-8513,0.27139,0.97045
CVE-2018-8514,0.0141,0.7214
CVE-2018-8517,0.04026,0.853
CVE-2018-8518,0.01418,0.72341
CVE-2018-8522,0.23099,0.9652
CVE-2018-8524,0.23099,0.9652
CVE-2018-8527,0.16292,0.95916
CVE-2018-8529,0.08358,0.93297
CVE-2018-8530,0.05853,0.90032
CVE-2018-8531,0.10702,0.9442
CVE-2018-8532,0.16292,0.95916
CVE-2018-8533,0.16292,0.95916
CVE-2018-8539,0.23099,0.9652
CVE-2018-8540,0.07619,0.92598
CVE-2018-8541,0.23099,0.9652
CVE-2018-8542,0.23099,0.9652
CVE-2018-8543,0.23099,0.9652
CVE-2018-8544,0.69119,0.99078
CVE-2018-8545,0.05274,0.89302
CVE-2018-8546,0.05274,0.89302
CVE-2018-8547,0.0141,0.7214
CVE-2018-8549,0.01418,0.72341
CVE-2018-8550,0.02185,0.80059
CVE-2018-8551,0.23099,0.9652
CVE-2018-8552,0.62818,0.98916
CVE-2018-8553,0.23099,0.9652
CVE-2018-8554,0.01418,0.72341
CVE-2018-8555,0.23099,0.9652
CVE-2018-8556,0.23099,0.9652
CVE-2018-8557,0.23099,0.9652
CVE-2018-8558,0.0141,0.7214
CVE-2018-8561,0.01418,0.72341
CVE-2018-8562,0.0141,0.7214
CVE-2018-8563,0.01418,0.72341
CVE-2018-8564,0.04434,0.877
CVE-2018-8565,0.0141,0.7214
CVE-2018-8566,0.04434,0.877
CVE-2018-8567,0.05274,0.89302
CVE-2018-8568,0.01418,0.72341
CVE-2018-8569,0.07999,0.93018
CVE-2018-8570,0.23099,0.9652
CVE-2018-8572,0.0141,0.7214
CVE-2018-8573,0.23099,0.9652
CVE-2018-8574,0.23099,0.9652
CVE-2018-8575,0.23099,0.9652
CVE-2018-8576,0.23099,0.9652
CVE-2018-8577,0.23099,0.9652
CVE-2018-8578,0.01418,0.72341
CVE-2018-8579,0.01418,0.72341
CVE-2018-8580,0.04026,0.853
CVE-2018-8582,0.23099,0.9652
CVE-2018-8583,0.07619,0.92598
CVE-2018-8584,0.02185,0.80059
CVE-2018-8587,0.07289,0.92107000000000006
CVE-2018-8588,0.23099,0.9652
CVE-2018-8589,0.01418,0.72341
CVE-2018-8592,0.05274,0.89302
CVE-2018-8595,0.04026,0.853
CVE-2018-8596,0.04026,0.853
CVE-2018-8597,0.07289,0.92107000000000006
CVE-2018-8598,0.04026,0.853
CVE-2018-8599,0.0141,0.7214
CVE-2018-8600,0.04434,0.877
CVE-2018-8602,0.0141,0.7214
CVE-2018-8604,0.0141,0.7214
CVE-2018-8605,0.0141,0.7214
CVE-2018-8606,0.0141,0.7214
CVE-2018-8607,0.0141,0.7214
CVE-2018-8608,0.0141,0.7214
CVE-2018-8609,0.05382,0.89443
CVE-2018-8612,0.0141,0.7214
CVE-2018-8617,0.76827,0.99368
CVE-2018-8618,0.07619,0.92598
CVE-2018-8619,0.56683,0.98749
CVE-2018-8621,0.0141,0.7214
CVE-2018-8622,0.0141,0.7214
CVE-2018-8624,0.07619,0.92598
CVE-2018-8625,0.56683,0.98749
CVE-2018-8626,0.07619,0.92598
CVE-2018-8627,0.04026,0.853
CVE-2018-8628,0.07289,0.92107000000000006
CVE-2018-8629,0.07619,0.92598
CVE-2018-8631,0.76827,0.99368
CVE-2018-8634,0.07619,0.92598
CVE-2018-8635,0.02378,0.80693
CVE-2018-8636,0.07289,0.92107000000000006
CVE-2018-8637,0.0141,0.7214
CVE-2018-8638,0.0141,0.7214
CVE-2018-8641,0.0141,0.7214
CVE-2018-8643,0.07619,0.92598
CVE-2018-8649,0.0141,0.7214
CVE-2018-8650,0.0141,0.7214
CVE-2018-8651,0.0141,0.7214
CVE-2018-8652,0.0141,0.7214
CVE-2018-8653,0.07619,0.92598
CVE-2018-8654,0.0115,0.5906
CVE-2018-8710,0.05634,0.89764
CVE-2018-8711,0.00954,0.34522
CVE-2018-8714,0.0089,0.2856
CVE-2018-8715,0.00954,0.34522
CVE-2018-8716,0.02192,0.80195
CVE-2018-8717,0.00885,0.26162
CVE-2018-8719,0.08382,0.93597
CVE-2018-8720,0.00885,0.26162
CVE-2018-8721,0.00885,0.26162
CVE-2018-8722,0.00885,0.26162
CVE-2018-8724,0.0089,0.2856
CVE-2018-8725,0.01365,0.70715
CVE-2018-8726,0.01365,0.70715
CVE-2018-8727,0.00885,0.26162
CVE-2018-8728,0.00954,0.34522
CVE-2018-8729,0.02173,0.80027
CVE-2018-8732,0.02437,0.80834
CVE-2018-8737,0.00885,0.26162
CVE-2018-8738,0.02173,0.80027
CVE-2018-8739,0.00885,0.26162
CVE-2018-8740,0.02686,0.82061
CVE-2018-8741,0.01282,0.67298
CVE-2018-8753,0.01055,0.50287
CVE-2018-8754,0.00885,0.26162
CVE-2018-8755,0.00885,0.26162
CVE-2018-8756,0.01978,0.78447
CVE-2018-8761,0.00885,0.26162
CVE-2018-8763,0.01018,0.38792
CVE-2018-8764,0.01136,0.57949
CVE-2018-8765,0.00885,0.26162
CVE-2018-8766,0.01424,0.72364
CVE-2018-8767,0.00885,0.26162
CVE-2018-8768,0.00885,0.26162
CVE-2018-8769,0.00885,0.26162
CVE-2018-8770,0.00885,0.26162
CVE-2018-8772,0.02173,0.80027
CVE-2018-8777,0.02686,0.82061
CVE-2018-8778,0.02686,0.82061
CVE-2018-8779,0.02686,0.82061
CVE-2018-8780,0.02686,0.82061
CVE-2018-8781,0.01864,0.7628
CVE-2018-8784,0.05634,0.89764
CVE-2018-8785,0.05634,0.89764
CVE-2018-8786,0.07154,0.91917
CVE-2018-8787,0.06729,0.91198
CVE-2018-8788,0.06729,0.91198
CVE-2018-8789,0.01108,0.53389
CVE-2018-8790,0.01365,0.70715
CVE-2018-8791,0.01108,0.53389
CVE-2018-8792,0.01108,0.53389
CVE-2018-8793,0.06729,0.91198
CVE-2018-8794,0.06729,0.91198
CVE-2018-8795,0.06729,0.91198
CVE-2018-8796,0.01108,0.53389
CVE-2018-8797,0.06729,0.91198
CVE-2018-8798,0.01108,0.53389
CVE-2018-8799,0.01108,0.53389
CVE-2018-8800,0.06729,0.91198
CVE-2018-8801,0.0089,0.2856
CVE-2018-8802,0.01055,0.50287
CVE-2018-8804,0.01213,0.6557
CVE-2018-8805,0.00885,0.26162
CVE-2018-8806,0.01055,0.50287
CVE-2018-8807,0.01055,0.50287
CVE-2018-8808,0.01055,0.50287
CVE-2018-8809,0.01055,0.50287
CVE-2018-8810,0.01055,0.50287
CVE-2018-8811,0.08382,0.93597
CVE-2018-8813,0.08078,0.93055
CVE-2018-8814,0.08382,0.93597
CVE-2018-8815,0.02437,0.80834
CVE-2018-8817,0.08382,0.93597
CVE-2018-8819,0.00954,0.34522
CVE-2018-8821,0.00885,0.26162
CVE-2018-8822,0.01864,0.7628
CVE-2018-8823,0.01055,0.50287
CVE-2018-8824,0.01055,0.50287
CVE-2018-8825,0.01086,0.51674
CVE-2018-8826,0.10667,0.94413
CVE-2018-8827,0.00885,0.26162
CVE-2018-8828,0.01018,0.38792
CVE-2018-8831,0.06897,0.91818
CVE-2018-8832,0.00885,0.26162
CVE-2018-8833,0.01611,0.74874
CVE-2018-8834,0.00885,0.26162
CVE-2018-8835,0.01611,0.74874
CVE-2018-8836,0.00954,0.34522
CVE-2018-8837,0.01611,0.74874
CVE-2018-8838,0.00885,0.26162
CVE-2018-8839,0.01005,0.36332
CVE-2018-8840,0.05634,0.89764
CVE-2018-8841,0.00885,0.26162
CVE-2018-8842,0.00954,0.34522
CVE-2018-8843,0.00885,0.26162
CVE-2018-8844,0.00954,0.34522
CVE-2018-8845,0.0144,0.7265
CVE-2018-8846,0.00954,0.34522
CVE-2018-8847,0.05634,0.89764
CVE-2018-8848,0.00954,0.34522
CVE-2018-8849,0.00954,0.34522
CVE-2018-8850,0.02509,0.81058
CVE-2018-8851,0.00885,0.26162
CVE-2018-8852,0.00954,0.34522
CVE-2018-8853,0.0089,0.2856
CVE-2018-8854,0.00954,0.34522
CVE-2018-8855,0.00885,0.26162
CVE-2018-8856,0.00954,0.34522
CVE-2018-8857,0.0089,0.2856
CVE-2018-8858,0.00885,0.26162
CVE-2018-8859,0.00885,0.26162
CVE-2018-8860,0.00885,0.26162
CVE-2018-8861,0.0089,0.2856
CVE-2018-8862,0.00885,0.26162
CVE-2018-8864,0.00885,0.26162
CVE-2018-8865,0.01978,0.78447
CVE-2018-8866,0.01005,0.35949
CVE-2018-8867,0.01055,0.50287
CVE-2018-8868,0.00885,0.26162
CVE-2018-8869,0.00885,0.26162
CVE-2018-8870,0.00885,0.26162
CVE-2018-8871,0.01978,0.78447
CVE-2018-8872,0.00954,0.34522
CVE-2018-8873,0.00885,0.26162
CVE-2018-8874,0.00885,0.26162
CVE-2018-8875,0.00885,0.26162
CVE-2018-8876,0.00885,0.26162
CVE-2018-8877,0.01055,0.50287
CVE-2018-8878,0.01055,0.50287
CVE-2018-8879,0.01978,0.78447
CVE-2018-8880,0.08382,0.93597
CVE-2018-8881,0.0095,0.30554
CVE-2018-8882,0.0089,0.2856
CVE-2018-8883,0.0089,0.2856
CVE-2018-8885,0.00885,0.26162
CVE-2018-8888,0.00885,0.26162
CVE-2018-8889,0.00885,0.26162
CVE-2018-8890,0.00885,0.26162
CVE-2018-8891,0.00885,0.26162
CVE-2018-8892,0.00885,0.26162
CVE-2018-8893,0.00885,0.26162
CVE-2018-8894,0.00885,0.26162
CVE-2018-8895,0.00885,0.26162
CVE-2018-8896,0.00885,0.26162
CVE-2018-8898,0.08382,0.93597
CVE-2018-8899,0.01018,0.38792
CVE-2018-8900,0.01055,0.50287
CVE-2018-8901,0.00885,0.26162
CVE-2018-8902,0.00885,0.26162
CVE-2018-8903,0.02192,0.80195
CVE-2018-8904,0.00885,0.26162
CVE-2018-8905,0.01537,0.73595
CVE-2018-8906,0.00885,0.26162
CVE-2018-8908,0.08382,0.93597
CVE-2018-8909,0.00885,0.26162
CVE-2018-8910,0.01055,0.50287
CVE-2018-8911,0.01055,0.50287
CVE-2018-8912,0.01055,0.50287
CVE-2018-8913,0.01055,0.50287
CVE-2018-8914,0.01055,0.50287
CVE-2018-8915,0.01055,0.50287
CVE-2018-8916,0.01055,0.50287
CVE-2018-8917,0.01055,0.50287
CVE-2018-8918,0.01055,0.50287
CVE-2018-8919,0.01055,0.50287
CVE-2018-8920,0.01055,0.50287
CVE-2018-8921,0.01055,0.50287
CVE-2018-8922,0.01055,0.50287
CVE-2018-8923,0.01055,0.50287
CVE-2018-8924,0.01055,0.50287
CVE-2018-8925,0.01055,0.50287
CVE-2018-8926,0.01055,0.50287
CVE-2018-8927,0.01055,0.50287
CVE-2018-8928,0.01055,0.50287
CVE-2018-8929,0.01055,0.50287
CVE-2018-8930,0.01018,0.38792
CVE-2018-8931,0.01018,0.38792
CVE-2018-8932,0.01018,0.38792
CVE-2018-8933,0.01018,0.38792
CVE-2018-8934,0.01018,0.38792
CVE-2018-8935,0.01018,0.38792
CVE-2018-8936,0.01018,0.38792
CVE-2018-8937,0.00885,0.26162
CVE-2018-8938,0.00885,0.26162
CVE-2018-8939,0.00885,0.26162
CVE-2018-8940,0.00885,0.26162
CVE-2018-8942,0.00885,0.26162
CVE-2018-8943,0.00885,0.26162
CVE-2018-8944,0.00885,0.26162
CVE-2018-8945,0.01319,0.70416
CVE-2018-8948,0.00885,0.26162
CVE-2018-8949,0.00885,0.26162
CVE-2018-8953,0.01061,0.51015
CVE-2018-8954,0.05634,0.89764
CVE-2018-8955,0.05634,0.89764
CVE-2018-8956,0.01319,0.70416
CVE-2018-8957,0.0089,0.2856
CVE-2018-8960,0.01018,0.38792
CVE-2018-8961,0.01055,0.50287
CVE-2018-8962,0.01055,0.50287
CVE-2018-8963,0.01055,0.50287
CVE-2018-8964,0.01055,0.50287
CVE-2018-8965,0.01055,0.50287
CVE-2018-8966,0.00885,0.26162
CVE-2018-8967,0.00885,0.26162
CVE-2018-8968,0.01055,0.50287
CVE-2018-8969,0.01055,0.50287
CVE-2018-8971,0.00885,0.26162
CVE-2018-8972,0.01055,0.50287
CVE-2018-8973,0.00885,0.26162
CVE-2018-8974,0.04836,0.88802
CVE-2018-8975,0.01213,0.6557
CVE-2018-8976,0.01136,0.57949
CVE-2018-8977,0.01136,0.57949
CVE-2018-8978,0.00885,0.26162
CVE-2018-8979,0.02173,0.80027
CVE-2018-8988,0.00885,0.26162
CVE-2018-8989,0.00885,0.26162
CVE-2018-8990,0.00885,0.26162
CVE-2018-8991,0.00885,0.26162
CVE-2018-8992,0.00885,0.26162
CVE-2018-8993,0.00885,0.26162
CVE-2018-8994,0.00885,0.26162
CVE-2018-8995,0.00885,0.26162
CVE-2018-8996,0.00885,0.26162
CVE-2018-8997,0.00885,0.26162
CVE-2018-8998,0.00885,0.26162
CVE-2018-8999,0.00885,0.26162
CVE-2018-9000,0.00885,0.26162
CVE-2018-9001,0.00885,0.26162
CVE-2018-9002,0.00885,0.26162
CVE-2018-9003,0.00885,0.26162
CVE-2018-9004,0.00885,0.26162
CVE-2018-9005,0.00885,0.26162
CVE-2018-9006,0.00885,0.26162
CVE-2018-9007,0.00885,0.26162
CVE-2018-9009,0.01018,0.38792
CVE-2018-9010,0.08078,0.93055
CVE-2018-9014,0.00885,0.26162
CVE-2018-9015,0.00885,0.26162
CVE-2018-9016,0.00885,0.26162
CVE-2018-9017,0.00885,0.26162
CVE-2018-9018,0.01319,0.70416
CVE-2018-9019,0.01136,0.57949
CVE-2018-9020,0.0095,0.30554
CVE-2018-9021,0.01136,0.57949
CVE-2018-9022,0.05634,0.89764
CVE-2018-9023,0.00885,0.26162
CVE-2018-9024,0.00885,0.26162
CVE-2018-9025,0.01055,0.50287
CVE-2018-9026,0.01055,0.50287
CVE-2018-9027,0.01055,0.50287
CVE-2018-9028,0.00885,0.26162
CVE-2018-9029,0.01055,0.50287
CVE-2018-9031,0.00885,0.26162
CVE-2018-9032,0.08382,0.93597
CVE-2018-9034,0.02437,0.80834
CVE-2018-9035,0.08382,0.93597
CVE-2018-9036,0.00885,0.26162
CVE-2018-9037,0.01978,0.78447
CVE-2018-9038,0.08078,0.93055
CVE-2018-9039,0.00885,0.26162
CVE-2018-9040,0.00885,0.26162
CVE-2018-9041,0.00885,0.26162
CVE-2018-9042,0.00885,0.26162
CVE-2018-9043,0.00885,0.26162
CVE-2018-9044,0.00885,0.26162
CVE-2018-9045,0.00885,0.26162
CVE-2018-9046,0.00885,0.26162
CVE-2018-9047,0.00885,0.26162
CVE-2018-9048,0.00885,0.26162
CVE-2018-9049,0.00885,0.26162
CVE-2018-9050,0.00885,0.26162
CVE-2018-9051,0.00885,0.26162
CVE-2018-9052,0.00885,0.26162
CVE-2018-9053,0.00885,0.26162
CVE-2018-9054,0.00885,0.26162
CVE-2018-9055,0.01018,0.38792
CVE-2018-9056,0.01005,0.36332
CVE-2018-9057,0.01055,0.50287
CVE-2018-9058,0.01055,0.50287
CVE-2018-9062,0.00885,0.26162
CVE-2018-9063,0.01005,0.36332
CVE-2018-9064,0.00885,0.26162
CVE-2018-9065,0.00885,0.26162
CVE-2018-9066,0.01086,0.51674
CVE-2018-9067,0.00885,0.26162
CVE-2018-9068,0.00885,0.26162
CVE-2018-9069,0.00885,0.26162
CVE-2018-9070,0.00885,0.26162
CVE-2018-9071,0.00885,0.26162
CVE-2018-9072,0.00885,0.26162
CVE-2018-9073,0.00885,0.26162
CVE-2018-9074,0.00885,0.26162
CVE-2018-9075,0.02055,0.7893
CVE-2018-9076,0.02055,0.7893
CVE-2018-9077,0.02055,0.7893
CVE-2018-9078,0.00885,0.26162
CVE-2018-9079,0.00885,0.26162
CVE-2018-9080,0.00885,0.26162
CVE-2018-9081,0.00885,0.26162
CVE-2018-9082,0.00885,0.26162
CVE-2018-9083,0.00885,0.26162
CVE-2018-9084,0.00885,0.26162
CVE-2018-9085,0.00885,0.26162
CVE-2018-9086,0.01086,0.51674
CVE-2018-9090,0.00885,0.26162
CVE-2018-9091,0.01156,0.60033
CVE-2018-9092,0.08382,0.93597
CVE-2018-9101,0.0144,0.7265
CVE-2018-9102,0.00885,0.26162
CVE-2018-9103,0.0144,0.7265
CVE-2018-9104,0.0144,0.7265
CVE-2018-9105,0.01086,0.51674
CVE-2018-9106,0.08382,0.93597
CVE-2018-9107,0.08382,0.93597
CVE-2018-9108,0.01055,0.50287
CVE-2018-9109,0.01136,0.57949
CVE-2018-9110,0.01136,0.57949
CVE-2018-9111,0.00885,0.26162
CVE-2018-9112,0.00885,0.26162
CVE-2018-9113,0.04836,0.88802
CVE-2018-9115,0.08382,0.93597
CVE-2018-9116,0.01055,0.50287
CVE-2018-9117,0.01055,0.50287
CVE-2018-9118,0.08382,0.93597
CVE-2018-9119,0.00954,0.34522
CVE-2018-9120,0.00885,0.26162
CVE-2018-9121,0.00885,0.26162
CVE-2018-9122,0.00885,0.26162
CVE-2018-9123,0.00885,0.26162
CVE-2018-9127,0.00885,0.26162
CVE-2018-9128,0.02042,0.78565
CVE-2018-9129,0.00954,0.34522
CVE-2018-9130,0.00885,0.26162
CVE-2018-9132,0.01213,0.6557
CVE-2018-9133,0.01136,0.57949
CVE-2018-9134,0.01086,0.51674
CVE-2018-9135,0.00885,0.26162
CVE-2018-9136,0.00885,0.26162
CVE-2018-9137,0.07308,0.9216
CVE-2018-9138,0.00954,0.34522
CVE-2018-9139,0.01086,0.51674
CVE-2018-9140,0.00885,0.26162
CVE-2018-9141,0.01103,0.51945
CVE-2018-9142,0.00885,0.26162
CVE-2018-9143,0.01086,0.51674
CVE-2018-9144,0.00954,0.34522
CVE-2018-9145,0.01018,0.38792
CVE-2018-9147,0.01055,0.50287
CVE-2018-9148,0.01055,0.50287
CVE-2018-9149,0.00885,0.26162
CVE-2018-9151,0.00885,0.26162
CVE-2018-9153,0.01055,0.50287
CVE-2018-9154,0.01136,0.57949
CVE-2018-9155,0.02437,0.80834
CVE-2018-9156,0.01156,0.60033
CVE-2018-9157,0.01156,0.60033
CVE-2018-9158,0.00885,0.26162
CVE-2018-9159,0.01319,0.70416
CVE-2018-9161,0.08382,0.93597
CVE-2018-9162,0.08382,0.93597
CVE-2018-9163,0.02437,0.80834
CVE-2018-9165,0.00885,0.26162
CVE-2018-9169,0.00885,0.26162
CVE-2018-9172,0.07308,0.9216
CVE-2018-9173,0.02173,0.80027
CVE-2018-9174,0.01055,0.50287
CVE-2018-9175,0.01055,0.50287
CVE-2018-9177,0.00885,0.26162
CVE-2018-9182,0.00885,0.26162
CVE-2018-9183,0.02192,0.80195
CVE-2018-9185,0.00954,0.34522
CVE-2018-9186,0.00885,0.26162
CVE-2018-9190,0.00885,0.26162
CVE-2018-9191,0.00885,0.26162
CVE-2018-9192,0.00954,0.34522
CVE-2018-9193,0.00885,0.26162
CVE-2018-9194,0.00954,0.34522
CVE-2018-9195,0.00885,0.26162
CVE-2018-9205,0.08382,0.93597
CVE-2018-9207,0.00885,0.26162
CVE-2018-9208,0.00885,0.26162
CVE-2018-9209,0.00885,0.26162
CVE-2018-9230,0.01055,0.50287
CVE-2018-9232,0.00885,0.26162
CVE-2018-9233,0.02042,0.78565
CVE-2018-9234,0.00885,0.26162
CVE-2018-9235,0.08382,0.93597
CVE-2018-9236,0.00885,0.26162
CVE-2018-9237,0.00885,0.26162
CVE-2018-9238,0.02173,0.80027
CVE-2018-9240,0.00954,0.34522
CVE-2018-9242,0.0089,0.2856
CVE-2018-9243,0.00885,0.26162
CVE-2018-9244,0.00885,0.26162
CVE-2018-9245,0.00885,0.26162
CVE-2018-9246,0.01086,0.51674
CVE-2018-9247,0.01055,0.50287
CVE-2018-9248,0.08382,0.93597
CVE-2018-9249,0.00885,0.26162
CVE-2018-9250,0.01055,0.50287
CVE-2018-9251,0.01055,0.50287
CVE-2018-9252,0.01018,0.38792
CVE-2018-9256,0.01018,0.38792
CVE-2018-9257,0.00954,0.34522
CVE-2018-9258,0.01018,0.38792
CVE-2018-9259,0.01018,0.38792
CVE-2018-9260,0.01018,0.38792
CVE-2018-9261,0.01018,0.38792
CVE-2018-9262,0.01018,0.38792
CVE-2018-9263,0.01018,0.38792
CVE-2018-9264,0.01018,0.38792
CVE-2018-9265,0.01018,0.38792
CVE-2018-9266,0.00954,0.34522
CVE-2018-9267,0.01018,0.38792
CVE-2018-9268,0.01018,0.38792
CVE-2018-9269,0.01018,0.38792
CVE-2018-9270,0.01018,0.38792
CVE-2018-9271,0.00954,0.34522
CVE-2018-9272,0.00954,0.34522
CVE-2018-9273,0.01018,0.38792
CVE-2018-9274,0.01018,0.38792
CVE-2018-9275,0.00954,0.34522
CVE-2018-9279,0.00885,0.26162
CVE-2018-9280,0.00885,0.26162
CVE-2018-9281,0.00885,0.26162
CVE-2018-9282,0.00885,0.26162
CVE-2018-9283,0.01086,0.51674
CVE-2018-9284,0.01978,0.78447
CVE-2018-9285,0.02211,0.80357
CVE-2018-9302,0.08382,0.93597
CVE-2018-9303,0.00885,0.26162
CVE-2018-9304,0.00954,0.34522
CVE-2018-9305,0.01018,0.38792
CVE-2018-9307,0.00885,0.26162
CVE-2018-9309,0.00885,0.26162
CVE-2018-9310,0.00885,0.26162
CVE-2018-9311,0.00954,0.34522
CVE-2018-9312,0.0089,0.2856
CVE-2018-9313,0.00954,0.34522
CVE-2018-9314,0.00954,0.34522
CVE-2018-9318,0.00954,0.34522
CVE-2018-9320,0.0089,0.2856
CVE-2018-9322,0.0089,0.2856
CVE-2018-9325,0.00885,0.26162
CVE-2018-9326,0.01086,0.51674
CVE-2018-9327,0.01086,0.51674
CVE-2018-9328,0.00885,0.26162
CVE-2018-9330,0.00885,0.26162
CVE-2018-9331,0.01055,0.50287
CVE-2018-9332,0.0089,0.2856
CVE-2018-9333,0.01365,0.70715
CVE-2018-9334,0.0089,0.2856
CVE-2018-9335,0.0089,0.2856
CVE-2018-9336,0.0095,0.30554
CVE-2018-9337,0.0089,0.2856
CVE-2018-9347,0.0144,0.7265
CVE-2018-9355,0.01978,0.78447
CVE-2018-9356,0.01978,0.78447
CVE-2018-9357,0.01005,0.36332
CVE-2018-9358,0.01978,0.78447
CVE-2018-9359,0.01978,0.78447
CVE-2018-9360,0.01978,0.78447
CVE-2018-9361,0.01978,0.78447
CVE-2018-9362,0.01885,0.76424
CVE-2018-9363,0.02378,0.80704
CVE-2018-9385,0.01005,0.36332
CVE-2018-9415,0.01365,0.70715
CVE-2018-9422,0.0095,0.30554
CVE-2018-9425,0.01036,0.41241
CVE-2018-9427,0.01611,0.74874
CVE-2018-9436,0.01978,0.78447
CVE-2018-9437,0.01535,0.72901
CVE-2018-9438,0.01005,0.36332
CVE-2018-9444,0.01005,0.36332
CVE-2018-9445,0.04368,0.87437
CVE-2018-9446,0.01978,0.78447
CVE-2018-9448,0.01978,0.78447
CVE-2018-9450,0.01978,0.78447
CVE-2018-9451,0.01005,0.36332
CVE-2018-9452,0.03161,0.83171
CVE-2018-9453,0.01005,0.36332
CVE-2018-9454,0.01005,0.36332
CVE-2018-9455,0.01885,0.76424
CVE-2018-9457,0.01005,0.36332
CVE-2018-9458,0.01005,0.36332
CVE-2018-9459,0.01689,0.75137
CVE-2018-9465,0.01005,0.36332
CVE-2018-9473,0.04836,0.88802
CVE-2018-9476,0.05634,0.89764
CVE-2018-9488,0.01832,0.76196
CVE-2018-9489,0.0144,0.7265
CVE-2018-9490,0.04836,0.88802
CVE-2018-9491,0.04836,0.88802
CVE-2018-9492,0.01365,0.70715
CVE-2018-9496,0.04836,0.88802
CVE-2018-9497,0.04836,0.88802
CVE-2018-9498,0.04836,0.88802
CVE-2018-9499,0.01365,0.70715
CVE-2018-9501,0.01365,0.70715
CVE-2018-9502,0.05634,0.89764
CVE-2018-9503,0.05634,0.89764
CVE-2018-9504,0.05634,0.89764
CVE-2018-9505,0.05634,0.89764
CVE-2018-9506,0.05634,0.89764
CVE-2018-9507,0.05634,0.89764
CVE-2018-9508,0.05634,0.89764
CVE-2018-9509,0.05634,0.89764
CVE-2018-9510,0.05634,0.89764
CVE-2018-9511,0.01365,0.70715
CVE-2018-9513,0.01005,0.36332
CVE-2018-9514,0.01005,0.36332
CVE-2018-9515,0.03324,0.83542
CVE-2018-9516,0.01864,0.7628
CVE-2018-9517,0.01365,0.70715
CVE-2018-9518,0.01365,0.70715
CVE-2018-9519,0.00885,0.26162
CVE-2018-9521,0.01689,0.75137
CVE-2018-9522,0.01005,0.36332
CVE-2018-9523,0.01005,0.36332
CVE-2018-9524,0.01005,0.36332
CVE-2018-9525,0.01005,0.36332
CVE-2018-9526,0.01055,0.50287
CVE-2018-9527,0.01611,0.74874
CVE-2018-9528,0.01156,0.60033
CVE-2018-9529,0.01156,0.60033
CVE-2018-9530,0.01156,0.60033
CVE-2018-9531,0.01611,0.74874
CVE-2018-9532,0.01156,0.60033
CVE-2018-9533,0.01156,0.60033
CVE-2018-9534,0.01156,0.60033
CVE-2018-9535,0.01156,0.60033
CVE-2018-9536,0.01611,0.74874
CVE-2018-9537,0.01689,0.75137
CVE-2018-9538,0.01005,0.36332
CVE-2018-9540,0.01978,0.78447
CVE-2018-9541,0.01978,0.78447
CVE-2018-9542,0.01978,0.78447
CVE-2018-9543,0.01365,0.70715
CVE-2018-9544,0.01005,0.36332
CVE-2018-9545,0.01005,0.36332
CVE-2018-9547,0.01005,0.36332
CVE-2018-9548,0.01005,0.36332
CVE-2018-9549,0.01611,0.74874
CVE-2018-9550,0.01611,0.74874
CVE-2018-9551,0.01611,0.74874
CVE-2018-9552,0.01005,0.36332
CVE-2018-9553,0.01611,0.74874
CVE-2018-9554,0.01005,0.36332
CVE-2018-9555,0.01888,0.76438
CVE-2018-9556,0.01978,0.78447
CVE-2018-9557,0.01005,0.36332
CVE-2018-9558,0.01005,0.36332
CVE-2018-9559,0.01005,0.36332
CVE-2018-9560,0.01005,0.36332
CVE-2018-9561,0.01086,0.51674
CVE-2018-9562,0.01978,0.78447
CVE-2018-9563,0.01086,0.51674
CVE-2018-9564,0.01086,0.51674
CVE-2018-9565,0.01978,0.78447
CVE-2018-9566,0.01611,0.74874
CVE-2018-9567,0.01005,0.36332
CVE-2018-9568,0.01864,0.7628
CVE-2018-9569,0.01156,0.60033
CVE-2018-9570,0.01103,0.51945
CVE-2018-9571,0.01156,0.60033
CVE-2018-9572,0.01156,0.60033
CVE-2018-9573,0.01103,0.51945
CVE-2018-9574,0.01103,0.51945
CVE-2018-9575,0.01103,0.51945
CVE-2018-9576,0.01103,0.51945
CVE-2018-9577,0.01103,0.51945
CVE-2018-9578,0.01156,0.60033
CVE-2018-9580,0.00885,0.26162
CVE-2018-9581,0.01036,0.41241
CVE-2018-9582,0.01005,0.36332
CVE-2018-9583,0.01978,0.78447
CVE-2018-9584,0.01005,0.36332
CVE-2018-9585,0.01005,0.36332
CVE-2018-9586,0.01005,0.36332
CVE-2018-9587,0.01005,0.36332
CVE-2018-9588,0.01888,0.76438
CVE-2018-9589,0.01005,0.36332
CVE-2018-9590,0.01978,0.78447
CVE-2018-9591,0.01978,0.78447
CVE-2018-9592,0.01978,0.78447
CVE-2018-9593,0.01005,0.36332
CVE-2018-9594,0.01005,0.36332
CVE-2018-9838,0.01885,0.76424
CVE-2018-9839,0.00885,0.26162
CVE-2018-9840,0.00954,0.34522
CVE-2018-9841,0.01055,0.50287
CVE-2018-9842,0.10212,0.94357
CVE-2018-9843,0.12753,0.95373
CVE-2018-9844,0.02173,0.80027
CVE-2018-9845,0.00885,0.26162
CVE-2018-9846,0.01018,0.38792
CVE-2018-9847,0.01055,0.50287
CVE-2018-9848,0.01055,0.50287
CVE-2018-9849,0.01055,0.50287
CVE-2018-9850,0.01055,0.50287
CVE-2018-9851,0.01055,0.50287
CVE-2018-9852,0.01055,0.50287
CVE-2018-9853,0.00885,0.26162
CVE-2018-9856,0.00885,0.26162
CVE-2018-9857,0.02173,0.80027
CVE-2018-9859,0.00885,0.26162
CVE-2018-9860,0.00885,0.26162
CVE-2018-9861,0.01213,0.6557
CVE-2018-9862,0.00885,0.26162
CVE-2018-9864,0.00954,0.34522
CVE-2018-9866,0.05634,0.89764
CVE-2018-9867,0.00885,0.26162
CVE-2018-9918,0.01136,0.57949
CVE-2018-9919,0.01156,0.60033
CVE-2018-9920,0.00885,0.26162
CVE-2018-9921,0.00885,0.26162
CVE-2018-9922,0.00885,0.26162
CVE-2018-9923,0.00885,0.26162
CVE-2018-9924,0.00885,0.26162
CVE-2018-9925,0.00885,0.26162
CVE-2018-9926,0.08382,0.93597
CVE-2018-9927,0.00885,0.26162
CVE-2018-9928,0.01055,0.50287
CVE-2018-9934,0.01055,0.50287
CVE-2018-9935,0.01384,0.711
CVE-2018-9936,0.01384,0.711
CVE-2018-9937,0.01384,0.711
CVE-2018-9938,0.01384,0.711
CVE-2018-9939,0.01384,0.711
CVE-2018-9940,0.01384,0.711
CVE-2018-9941,0.01384,0.711
CVE-2018-9942,0.01384,0.711
CVE-2018-9943,0.01384,0.711
CVE-2018-9944,0.01384,0.711
CVE-2018-9945,0.01384,0.711
CVE-2018-9946,0.01384,0.711
CVE-2018-9947,0.01384,0.711
CVE-2018-9949,0.01384,0.711
CVE-2018-9950,0.01384,0.711
CVE-2018-9951,0.01384,0.711
CVE-2018-9952,0.01384,0.711
CVE-2018-9953,0.01384,0.711
CVE-2018-9954,0.01384,0.711
CVE-2018-9955,0.01384,0.711
CVE-2018-9956,0.01384,0.711
CVE-2018-9957,0.01384,0.711
CVE-2018-9959,0.01384,0.711
CVE-2018-9960,0.01384,0.711
CVE-2018-9961,0.01384,0.711
CVE-2018-9962,0.01384,0.711
CVE-2018-9963,0.01384,0.711
CVE-2018-9964,0.01384,0.711
CVE-2018-9965,0.01384,0.711
CVE-2018-9966,0.01384,0.711
CVE-2018-9967,0.01384,0.711
CVE-2018-9968,0.01384,0.711
CVE-2018-9969,0.01384,0.711
CVE-2018-9970,0.01384,0.711
CVE-2018-9971,0.01384,0.711
CVE-2018-9972,0.01384,0.711
CVE-2018-9973,0.01384,0.711
CVE-2018-9974,0.01384,0.711
CVE-2018-9975,0.01384,0.711
CVE-2018-9976,0.01384,0.711
CVE-2018-9977,0.01384,0.711
CVE-2018-9978,0.01384,0.711
CVE-2018-9979,0.01384,0.711
CVE-2018-9980,0.01384,0.711
CVE-2018-9981,0.01384,0.711
CVE-2018-9982,0.01384,0.711
CVE-2018-9983,0.01384,0.711
CVE-2018-9984,0.01384,0.711
CVE-2018-9985,0.00885,0.26162
CVE-2018-9986,0.00885,0.26162
CVE-2018-9987,0.00885,0.26162
CVE-2018-9988,0.01018,0.38792
CVE-2018-9989,0.01018,0.38792
CVE-2018-9990,0.00885,0.26162
CVE-2018-9991,0.00885,0.26162
CVE-2018-9992,0.00885,0.26162
CVE-2018-9993,0.00885,0.26162
CVE-2018-9996,0.00885,0.26162
CVE-2018-9997,0.01136,0.57949
CVE-2018-9998,0.01055,0.50287
CVE-2018-9999,0.00885,0.26162
CVE-2017-0001,0.01418,0.72341
CVE-2017-0002,0.2509,0.96779
CVE-2017-0003,0.50597,0.98633
CVE-2017-0004,0.36326,0.97779
CVE-2017-0006,0.29391,0.97214
CVE-2017-0007,0.1439,0.95621
CVE-2017-0008,0.2509,0.96779
CVE-2017-0009,0.21805,0.96414
CVE-2017-0010,0.38081,0.97877
CVE-2017-0011,0.2509,0.96779
CVE-2017-0012,0.2509,0.96779
CVE-2017-0015,0.38081,0.97877
CVE-2017-0016,0.37064,0.97805
CVE-2017-0017,0.2509,0.96779
CVE-2017-0018,0.23894,0.9661
CVE-2017-0019,0.29391,0.97214
CVE-2017-0020,0.2832,0.97164
CVE-2017-0021,0.01791,0.76027
CVE-2017-0022,0.14825,0.95666
CVE-2017-0023,0.3932,0.97991
CVE-2017-0024,0.01418,0.72341
CVE-2017-0025,0.01418,0.72341
CVE-2017-0026,0.01418,0.72341
CVE-2017-0027,0.2509,0.96779
CVE-2017-0028,0.09694,0.94005
CVE-2017-0029,0.2509,0.96779
CVE-2017-0030,0.2832,0.97164
CVE-2017-0031,0.29391,0.97214
CVE-2017-0032,0.38081,0.97877
CVE-2017-0033,0.2509,0.96779
CVE-2017-0034,0.3932,0.97991
CVE-2017-0035,0.38081,0.97877
CVE-2017-0039,0.3932,0.97991
CVE-2017-0040,0.22543,0.9646
CVE-2017-0042,0.23753,0.96568
CVE-2017-0043,0.09332,0.93957
CVE-2017-0045,0.17285,0.96035
CVE-2017-0047,0.01418,0.72341
CVE-2017-0049,0.2509,0.96779
CVE-2017-0050,0.01418,0.72341
CVE-2017-0051,0.11348,0.94801
CVE-2017-0052,0.29391,0.97214
CVE-2017-0053,0.29391,0.97214
CVE-2017-0055,0.2509,0.96779
CVE-2017-0056,0.01418,0.72341
CVE-2017-0057,0.2509,0.96779
CVE-2017-0058,0.02185,0.80059
CVE-2017-0059,0.49814,0.98623
CVE-2017-0060,0.12925,0.95415
CVE-2017-0061,0.70872,0.99134
CVE-2017-0062,0.12925,0.95415
CVE-2017-0063,0.6239,0.98907
CVE-2017-0064,0.06416,0.90604
CVE-2017-0066,0.2509,0.96779
CVE-2017-0067,0.38081,0.97877
CVE-2017-0068,0.2509,0.96779
CVE-2017-0069,0.2509,0.96779
CVE-2017-0070,0.88,0.99772
CVE-2017-0071,0.38081,0.97877
CVE-2017-0072,0.6239,0.98907
CVE-2017-0073,0.2509,0.96779
CVE-2017-0074,0.01418,0.72341
CVE-2017-0076,0.01418,0.72341
CVE-2017-0077,0.01418,0.72341
CVE-2017-0078,0.01418,0.72341
CVE-2017-0079,0.01418,0.72341
CVE-2017-0080,0.01418,0.72341
CVE-2017-0081,0.01418,0.72341
CVE-2017-0082,0.01418,0.72341
CVE-2017-0083,0.31179,0.97467
CVE-2017-0084,0.6239,0.98907
CVE-2017-0085,0.4584,0.9829
CVE-2017-0086,0.6239,0.98907
CVE-2017-0087,0.6239,0.98907
CVE-2017-0088,0.6239,0.98907
CVE-2017-0089,0.6239,0.98907
CVE-2017-0090,0.6239,0.98907
CVE-2017-0091,0.21805,0.96414
CVE-2017-0092,0.21805,0.96414
CVE-2017-0093,0.38081,0.97877
CVE-2017-0094,0.38081,0.97877
CVE-2017-0095,0.19947,0.96221
CVE-2017-0096,0.01418,0.72341
CVE-2017-0097,0.01418,0.72341
CVE-2017-0098,0.01418,0.72341
CVE-2017-0099,0.01418,0.72341
CVE-2017-0101,0.14839,0.95672
CVE-2017-0102,0.01418,0.72341
CVE-2017-0103,0.01961,0.77613
CVE-2017-0104,0.2509,0.96779
CVE-2017-0105,0.2509,0.96779
CVE-2017-0106,0.29391,0.97214
CVE-2017-0107,0.2509,0.96779
CVE-2017-0109,0.19947,0.96221
CVE-2017-0110,0.2509,0.96779
CVE-2017-0111,0.21805,0.96414
CVE-2017-0112,0.21805,0.96414
CVE-2017-0113,0.21805,0.96414
CVE-2017-0114,0.21805,0.96414
CVE-2017-0115,0.21805,0.96414
CVE-2017-0116,0.21805,0.96414
CVE-2017-0117,0.21805,0.96414
CVE-2017-0118,0.21805,0.96414
CVE-2017-0119,0.21805,0.96414
CVE-2017-0120,0.21805,0.96414
CVE-2017-0121,0.21805,0.96414
CVE-2017-0122,0.21805,0.96414
CVE-2017-0123,0.21805,0.96414
CVE-2017-0124,0.21805,0.96414
CVE-2017-0125,0.21805,0.96414
CVE-2017-0126,0.21805,0.96414
CVE-2017-0127,0.21805,0.96414
CVE-2017-0128,0.21805,0.96414
CVE-2017-0129,0.2509,0.96779
CVE-2017-0130,0.23894,0.9661
CVE-2017-0131,0.38081,0.97877
CVE-2017-0132,0.38081,0.97877
CVE-2017-0133,0.38081,0.97877
CVE-2017-0134,0.38081,0.97877
CVE-2017-0135,0.25385,0.96855
CVE-2017-0136,0.38081,0.97877
CVE-2017-0137,0.38081,0.97877
CVE-2017-0138,0.38081,0.97877
CVE-2017-0140,0.2509,0.96779
CVE-2017-0141,0.38081,0.97877
CVE-2017-0146,0.8486,0.99633
CVE-2017-0147,0.7514,0.9929
CVE-2017-0148,0.8486,0.99633
CVE-2017-0149,0.23894,0.9661
CVE-2017-0150,0.38081,0.97877
CVE-2017-0151,0.38081,0.97877
CVE-2017-0152,0.09694,0.94005
CVE-2017-0154,0.06416,0.90604
CVE-2017-0155,0.01418,0.72341
CVE-2017-0156,0.01418,0.72341
CVE-2017-0158,0.06454,0.90615
CVE-2017-0159,0.06416,0.90604
CVE-2017-0160,0.453,0.98269
CVE-2017-0161,0.3932,0.97991
CVE-2017-0162,0.19947,0.96221
CVE-2017-0163,0.19947,0.96221
CVE-2017-0164,0.01418,0.72341
CVE-2017-0165,0.02185,0.80059
CVE-2017-0166,0.06416,0.90604
CVE-2017-0167,0.02185,0.80059
CVE-2017-0168,0.01418,0.72341
CVE-2017-0169,0.01418,0.72341
CVE-2017-0170,0.06416,0.90604
CVE-2017-0171,0.05708,0.89834
CVE-2017-0173,0.0141,0.7214
CVE-2017-0174,0.06416,0.90604
CVE-2017-0175,0.02084,0.79035
CVE-2017-0176,0.64901,0.98977
CVE-2017-0178,0.0141,0.7214
CVE-2017-0179,0.0141,0.7214
CVE-2017-0180,0.19947,0.96221
CVE-2017-0181,0.19947,0.96221
CVE-2017-0182,0.0141,0.7214
CVE-2017-0183,0.0141,0.7214
CVE-2017-0184,0.0141,0.7214
CVE-2017-0185,0.01418,0.72341
CVE-2017-0186,0.0141,0.7214
CVE-2017-0188,0.01418,0.72341
CVE-2017-0189,0.01418,0.72341
CVE-2017-0190,0.11348,0.94801
CVE-2017-0191,0.01418,0.72341
CVE-2017-0192,0.06416,0.90604
CVE-2017-0193,0.01348,0.70563
CVE-2017-0194,0.2509,0.96779
CVE-2017-0195,0.26774,0.97018
CVE-2017-0196,0.20603,0.96292
CVE-2017-0197,0.47829,0.98472
CVE-2017-0200,0.3932,0.97991
CVE-2017-0201,0.3932,0.97991
CVE-2017-0202,0.90212,0.99849
CVE-2017-0203,0.06416,0.90604
CVE-2017-0204,0.2509,0.96779
CVE-2017-0205,0.3932,0.97991
CVE-2017-0207,0.2509,0.96779
CVE-2017-0208,0.06416,0.90604
CVE-2017-0210,0.06416,0.90604
CVE-2017-0211,0.16292,0.95916
CVE-2017-0212,0.0141,0.7214
CVE-2017-0214,0.01909,0.76503
CVE-2017-0215,0.02084,0.79035
CVE-2017-0216,0.0141,0.7214
CVE-2017-0218,0.01418,0.72341
CVE-2017-0219,0.0141,0.7214
CVE-2017-0220,0.02084,0.79035
CVE-2017-0221,0.05742,0.8986
CVE-2017-0222,0.3932,0.97991
CVE-2017-0223,0.18192,0.96101
CVE-2017-0224,0.18192,0.96101
CVE-2017-0226,0.18192,0.96101
CVE-2017-0227,0.3932,0.97991
CVE-2017-0228,0.38372,0.97889
CVE-2017-0229,0.18192,0.96101
CVE-2017-0230,0.18192,0.96101
CVE-2017-0231,0.0915,0.93872
CVE-2017-0233,0.05708,0.89834
CVE-2017-0234,0.3932,0.97991
CVE-2017-0235,0.18192,0.96101
CVE-2017-0236,0.3932,0.97991
CVE-2017-0238,0.17428,0.96041
CVE-2017-0240,0.3932,0.97991
CVE-2017-0241,0.05708,0.89834
CVE-2017-0242,0.05708,0.89834
CVE-2017-0243,0.3932,0.97991
CVE-2017-0244,0.01418,0.72341
CVE-2017-0245,0.02491,0.80867
CVE-2017-0246,0.01418,0.72341
CVE-2017-0247,0.2509,0.96779
CVE-2017-0249,0.04892,0.88827
CVE-2017-0250,0.3932,0.97991
CVE-2017-0252,0.09694,0.94005
CVE-2017-0254,0.38081,0.97877
CVE-2017-0255,0.0141,0.7214
CVE-2017-0256,0.04892,0.88827
CVE-2017-0258,0.03171,0.83173
CVE-2017-0259,0.02774,0.82207
CVE-2017-0260,0.3932,0.97991
CVE-2017-0262,0.17492,0.96051
CVE-2017-0263,0.01961,0.77613
CVE-2017-0264,0.17492,0.96051
CVE-2017-0265,0.3932,0.97991
CVE-2017-0266,0.18192,0.96101
CVE-2017-0267,0.08761,0.93662
CVE-2017-0268,0.06416,0.90604
CVE-2017-0269,0.08761,0.93662
CVE-2017-0270,0.06416,0.90604
CVE-2017-0271,0.08761,0.93662
CVE-2017-0272,0.3932,0.97991
CVE-2017-0273,0.08761,0.93662
CVE-2017-0274,0.06416,0.90604
CVE-2017-0275,0.08761,0.93662
CVE-2017-0276,0.06416,0.90604
CVE-2017-0277,0.47829,0.98472
CVE-2017-0278,0.47829,0.98472
CVE-2017-0279,0.47829,0.98472
CVE-2017-0280,0.06416,0.90604
CVE-2017-0281,0.16751,0.95967
CVE-2017-0282,0.01909,0.76503
CVE-2017-0283,0.70971,0.99134
CVE-2017-0284,0.01909,0.76503
CVE-2017-0285,0.01909,0.76503
CVE-2017-0286,0.01909,0.76503
CVE-2017-0287,0.02484,0.80863
CVE-2017-0288,0.01909,0.76503
CVE-2017-0289,0.02484,0.80863
CVE-2017-0290,0.87853,0.9977
CVE-2017-0291,0.17492,0.96051
CVE-2017-0292,0.3932,0.97991
CVE-2017-0293,0.3932,0.97991
CVE-2017-0294,0.17492,0.96051
CVE-2017-0295,0.01418,0.72341
CVE-2017-0296,0.0141,0.7214
CVE-2017-0297,0.01418,0.72341
CVE-2017-0298,0.0141,0.7214
CVE-2017-0299,0.03599,0.84166
CVE-2017-0300,0.02774,0.82207
CVE-2017-0301,0.00885,0.26162
CVE-2017-0302,0.00885,0.26162
CVE-2017-0303,0.00954,0.34522
CVE-2017-0304,0.0089,0.2856
CVE-2017-0305,0.01702,0.75164
CVE-2017-0306,0.01603,0.74718
CVE-2017-0307,0.01603,0.74718
CVE-2017-0308,0.00885,0.26162
CVE-2017-0309,0.00885,0.26162
CVE-2017-0310,0.00885,0.26162
CVE-2017-0311,0.00885,0.26162
CVE-2017-0312,0.02042,0.78565
CVE-2017-0313,0.02042,0.78565
CVE-2017-0314,0.00885,0.26162
CVE-2017-0315,0.00885,0.26162
CVE-2017-0316,0.00885,0.26162
CVE-2017-0317,0.01525,0.72834
CVE-2017-0318,0.00885,0.26162
CVE-2017-0319,0.00885,0.26162
CVE-2017-0320,0.00885,0.26162
CVE-2017-0321,0.00885,0.26162
CVE-2017-0322,0.00885,0.26162
CVE-2017-0323,0.00885,0.26162
CVE-2017-0324,0.00885,0.26162
CVE-2017-0325,0.01603,0.74718
CVE-2017-0326,0.00954,0.34522
CVE-2017-0327,0.01603,0.74718
CVE-2017-0328,0.00954,0.34522
CVE-2017-0329,0.01603,0.74718
CVE-2017-0330,0.01018,0.38792
CVE-2017-0331,0.01603,0.74718
CVE-2017-0332,0.01603,0.74718
CVE-2017-0333,0.01603,0.74718
CVE-2017-0334,0.00885,0.26162
CVE-2017-0335,0.01603,0.74718
CVE-2017-0336,0.00885,0.26162
CVE-2017-0337,0.01603,0.74718
CVE-2017-0338,0.01603,0.74718
CVE-2017-0339,0.01603,0.74718
CVE-2017-0340,0.01765,0.75587
CVE-2017-0341,0.00885,0.26162
CVE-2017-0342,0.00885,0.26162
CVE-2017-0343,0.00885,0.26162
CVE-2017-0344,0.00885,0.26162
CVE-2017-0345,0.00885,0.26162
CVE-2017-0346,0.00885,0.26162
CVE-2017-0347,0.00885,0.26162
CVE-2017-0348,0.00885,0.26162
CVE-2017-0349,0.00885,0.26162
CVE-2017-0350,0.00885,0.26162
CVE-2017-0351,0.00885,0.26162
CVE-2017-0352,0.00885,0.26162
CVE-2017-0353,0.00885,0.26162
CVE-2017-0354,0.00885,0.26162
CVE-2017-0355,0.00885,0.26162
CVE-2017-0356,0.01018,0.38792
CVE-2017-0357,0.00954,0.34522
CVE-2017-0358,0.0232,0.80631
CVE-2017-0359,0.00885,0.26162
CVE-2017-0360,0.01132,0.54372
CVE-2017-0361,0.0095,0.30554
CVE-2017-0362,0.00954,0.34522
CVE-2017-0363,0.00954,0.34522
CVE-2017-0364,0.00954,0.34522
CVE-2017-0365,0.00954,0.34522
CVE-2017-0366,0.0089,0.2856
CVE-2017-0367,0.0089,0.2856
CVE-2017-0368,0.00954,0.34522
CVE-2017-0369,0.0089,0.2856
CVE-2017-0370,0.00954,0.34522
CVE-2017-0371,0.01055,0.50287
CVE-2017-0372,0.34691,0.97686
CVE-2017-0373,0.01061,0.51015
CVE-2017-0374,0.0089,0.2856
CVE-2017-0375,0.01018,0.38792
CVE-2017-0376,0.01018,0.38792
CVE-2017-0377,0.01213,0.6557
CVE-2017-0378,0.01018,0.38792
CVE-2017-0379,0.01537,0.73595
CVE-2017-0380,0.01018,0.38792
CVE-2017-0381,0.01537,0.73595
CVE-2017-0382,0.01765,0.75587
CVE-2017-0383,0.01102,0.51825
CVE-2017-0384,0.01603,0.74718
CVE-2017-0385,0.01102,0.51825
CVE-2017-0386,0.01102,0.51825
CVE-2017-0387,0.01102,0.51825
CVE-2017-0388,0.00885,0.26162
CVE-2017-0389,0.01055,0.50287
CVE-2017-0390,0.01136,0.57949
CVE-2017-0391,0.01213,0.6557
CVE-2017-0392,0.01136,0.57949
CVE-2017-0393,0.01136,0.57949
CVE-2017-0394,0.01055,0.50287
CVE-2017-0395,0.00885,0.26162
CVE-2017-0396,0.00954,0.34522
CVE-2017-0397,0.00954,0.34522
CVE-2017-0398,0.00885,0.26162
CVE-2017-0399,0.00954,0.34522
CVE-2017-0400,0.00954,0.34522
CVE-2017-0401,0.00954,0.34522
CVE-2017-0402,0.01018,0.38792
CVE-2017-0403,0.01102,0.51825
CVE-2017-0404,0.01102,0.51825
CVE-2017-0405,0.04967,0.88942
CVE-2017-0406,0.04967,0.88942
CVE-2017-0407,0.04967,0.88942
CVE-2017-0408,0.04967,0.88942
CVE-2017-0409,0.04967,0.88942
CVE-2017-0410,0.01603,0.74718
CVE-2017-0412,0.03312,0.83537
CVE-2017-0413,0.00954,0.34522
CVE-2017-0414,0.00954,0.34522
CVE-2017-0415,0.01603,0.74718
CVE-2017-0416,0.01603,0.74718
CVE-2017-0417,0.01603,0.74718
CVE-2017-0418,0.01603,0.74718
CVE-2017-0419,0.01603,0.74718
CVE-2017-0420,0.00954,0.34522
CVE-2017-0421,0.00954,0.34522
CVE-2017-0422,0.01136,0.57949
CVE-2017-0423,0.00954,0.34522
CVE-2017-0424,0.01136,0.57949
CVE-2017-0425,0.00954,0.34522
CVE-2017-0426,0.00954,0.34522
CVE-2017-0427,0.01603,0.74718
CVE-2017-0428,0.01603,0.74718
CVE-2017-0429,0.01603,0.74718
CVE-2017-0430,0.01603,0.74718
CVE-2017-0431,0.0089,0.2856
CVE-2017-0432,0.01603,0.74718
CVE-2017-0433,0.01603,0.74718
CVE-2017-0434,0.01603,0.74718
CVE-2017-0435,0.01603,0.74718
CVE-2017-0436,0.01603,0.74718
CVE-2017-0437,0.01603,0.74718
CVE-2017-0438,0.01603,0.74718
CVE-2017-0439,0.01603,0.74718
CVE-2017-0440,0.01603,0.74718
CVE-2017-0441,0.01603,0.74718
CVE-2017-0442,0.01603,0.74718
CVE-2017-0443,0.01603,0.74718
CVE-2017-0444,0.01603,0.74718
CVE-2017-0445,0.01603,0.74718
CVE-2017-0446,0.01603,0.74718
CVE-2017-0447,0.01603,0.74718
CVE-2017-0448,0.00954,0.34522
CVE-2017-0449,0.01603,0.74718
CVE-2017-0450,0.01603,0.74718
CVE-2017-0451,0.00954,0.34522
CVE-2017-0452,0.00954,0.34522
CVE-2017-0453,0.01603,0.74718
CVE-2017-0454,0.01603,0.74718
CVE-2017-0455,0.01603,0.74718
CVE-2017-0456,0.01603,0.74718
CVE-2017-0457,0.01603,0.74718
CVE-2017-0458,0.01603,0.74718
CVE-2017-0459,0.01018,0.38792
CVE-2017-0460,0.01603,0.74718
CVE-2017-0461,0.01018,0.38792
CVE-2017-0462,0.01102,0.51825
CVE-2017-0463,0.01603,0.74718
CVE-2017-0464,0.01603,0.74718
CVE-2017-0465,0.01102,0.51825
CVE-2017-0466,0.04967,0.88942
CVE-2017-0467,0.04967,0.88942
CVE-2017-0468,0.04967,0.88942
CVE-2017-0469,0.04967,0.88942
CVE-2017-0470,0.04967,0.88942
CVE-2017-0471,0.04967,0.88942
CVE-2017-0472,0.04967,0.88942
CVE-2017-0473,0.04967,0.88942
CVE-2017-0474,0.04967,0.88942
CVE-2017-0475,0.01603,0.74718
CVE-2017-0476,0.04967,0.88942
CVE-2017-0477,0.04967,0.88942
CVE-2017-0479,0.01603,0.74718
CVE-2017-0480,0.01603,0.74718
CVE-2017-0481,0.01603,0.74718
CVE-2017-0482,0.01136,0.57949
CVE-2017-0483,0.01136,0.57949
CVE-2017-0484,0.01136,0.57949
CVE-2017-0485,0.01136,0.57949
CVE-2017-0486,0.01136,0.57949
CVE-2017-0487,0.01136,0.57949
CVE-2017-0488,0.01136,0.57949
CVE-2017-0489,0.00954,0.34522
CVE-2017-0490,0.00954,0.34522
CVE-2017-0491,0.00954,0.34522
CVE-2017-0492,0.00954,0.34522
CVE-2017-0493,0.00885,0.26162
CVE-2017-0494,0.01136,0.57949
CVE-2017-0495,0.00954,0.34522
CVE-2017-0496,0.00954,0.34522
CVE-2017-0497,0.00954,0.34522
CVE-2017-0498,0.0089,0.2856
CVE-2017-0499,0.00954,0.34522
CVE-2017-0500,0.01603,0.74718
CVE-2017-0501,0.01603,0.74718
CVE-2017-0502,0.01603,0.74718
CVE-2017-0503,0.01603,0.74718
CVE-2017-0504,0.01603,0.74718
CVE-2017-0506,0.01603,0.74718
CVE-2017-0507,0.01603,0.74718
CVE-2017-0508,0.01603,0.74718
CVE-2017-0509,0.01603,0.74718
CVE-2017-0510,0.01603,0.74718
CVE-2017-0516,0.01603,0.74718
CVE-2017-0517,0.01603,0.74718
CVE-2017-0518,0.01603,0.74718
CVE-2017-0519,0.01603,0.74718
CVE-2017-0520,0.01603,0.74718
CVE-2017-0521,0.01603,0.74718
CVE-2017-0522,0.01603,0.74718
CVE-2017-0523,0.01603,0.74718
CVE-2017-0524,0.01603,0.74718
CVE-2017-0525,0.01603,0.74718
CVE-2017-0526,0.01603,0.74718
CVE-2017-0527,0.01603,0.74718
CVE-2017-0528,0.01603,0.74718
CVE-2017-0529,0.00954,0.34522
CVE-2017-0531,0.01018,0.38792
CVE-2017-0532,0.00954,0.34522
CVE-2017-0533,0.01018,0.38792
CVE-2017-0534,0.01018,0.38792
CVE-2017-0535,0.00954,0.34522
CVE-2017-0536,0.00954,0.34522
CVE-2017-0537,0.00954,0.34522
CVE-2017-0538,0.04967,0.88942
CVE-2017-0539,0.04967,0.88942
CVE-2017-0540,0.04967,0.88942
CVE-2017-0542,0.04967,0.88942
CVE-2017-0543,0.04967,0.88942
CVE-2017-0544,0.01603,0.74718
CVE-2017-0545,0.01603,0.74718
CVE-2017-0546,0.01603,0.74718
CVE-2017-0547,0.01018,0.38792
CVE-2017-0548,0.01136,0.57949
CVE-2017-0549,0.01213,0.6557
CVE-2017-0550,0.01213,0.6557
CVE-2017-0551,0.01213,0.6557
CVE-2017-0552,0.01213,0.6557
CVE-2017-0553,0.02444,0.8084
CVE-2017-0555,0.01018,0.38792
CVE-2017-0556,0.01018,0.38792
CVE-2017-0557,0.01018,0.38792
CVE-2017-0558,0.01018,0.38792
CVE-2017-0559,0.00954,0.34522
CVE-2017-0560,0.00954,0.34522
CVE-2017-0561,0.1949,0.96202
CVE-2017-0562,0.01603,0.74718
CVE-2017-0563,0.01767,0.7559
CVE-2017-0565,0.01603,0.74718
CVE-2017-0566,0.01603,0.74718
CVE-2017-0567,0.01603,0.74718
CVE-2017-0568,0.01603,0.74718
CVE-2017-0569,0.03312,0.83537
CVE-2017-0570,0.01603,0.74718
CVE-2017-0571,0.01603,0.74718
CVE-2017-0572,0.01603,0.74718
CVE-2017-0573,0.01603,0.74718
CVE-2017-0574,0.01603,0.74718
CVE-2017-0575,0.01603,0.74718
CVE-2017-0576,0.01603,0.74718
CVE-2017-0577,0.01603,0.74718
CVE-2017-0578,0.01603,0.74718
CVE-2017-0579,0.01603,0.74718
CVE-2017-0580,0.01603,0.74718
CVE-2017-0581,0.01603,0.74718
CVE-2017-0582,0.01603,0.74718
CVE-2017-0583,0.01603,0.74718
CVE-2017-0584,0.00954,0.34522
CVE-2017-0585,0.00954,0.34522
CVE-2017-0586,0.00954,0.34522
CVE-2017-0587,0.04967,0.88942
CVE-2017-0588,0.04967,0.88942
CVE-2017-0589,0.04967,0.88942
CVE-2017-0590,0.04967,0.88942
CVE-2017-0591,0.04967,0.88942
CVE-2017-0592,0.04967,0.88942
CVE-2017-0593,0.00885,0.26162
CVE-2017-0594,0.01603,0.74718
CVE-2017-0595,0.01603,0.74718
CVE-2017-0596,0.01603,0.74718
CVE-2017-0597,0.01102,0.51825
CVE-2017-0598,0.00885,0.26162
CVE-2017-0599,0.01136,0.57949
CVE-2017-0600,0.01055,0.50287
CVE-2017-0601,0.00885,0.26162
CVE-2017-0602,0.00885,0.26162
CVE-2017-0603,0.00954,0.34522
CVE-2017-0604,0.01102,0.51825
CVE-2017-0606,0.01102,0.51825
CVE-2017-0607,0.01102,0.51825
CVE-2017-0608,0.01102,0.51825
CVE-2017-0609,0.01102,0.51825
CVE-2017-0610,0.01102,0.51825
CVE-2017-0611,0.01102,0.51825
CVE-2017-0612,0.01102,0.51825
CVE-2017-0613,0.01102,0.51825
CVE-2017-0614,0.01102,0.51825
CVE-2017-0615,0.01102,0.51825
CVE-2017-0616,0.01102,0.51825
CVE-2017-0617,0.01102,0.51825
CVE-2017-0618,0.01102,0.51825
CVE-2017-0619,0.01102,0.51825
CVE-2017-0620,0.01102,0.51825
CVE-2017-0621,0.01102,0.51825
CVE-2017-0622,0.01102,0.51825
CVE-2017-0623,0.01102,0.51825
CVE-2017-0624,0.00885,0.26162
CVE-2017-0625,0.00885,0.26162
CVE-2017-0626,0.00885,0.26162
CVE-2017-0627,0.01018,0.38792
CVE-2017-0628,0.00885,0.26162
CVE-2017-0629,0.00885,0.26162
CVE-2017-0630,0.00885,0.26162
CVE-2017-0631,0.00885,0.26162
CVE-2017-0632,0.00885,0.26162
CVE-2017-0633,0.00885,0.26162
CVE-2017-0634,0.00885,0.26162
CVE-2017-0635,0.01055,0.50287
CVE-2017-0636,0.01603,0.74718
CVE-2017-0637,0.04967,0.88942
CVE-2017-0638,0.04967,0.88942
CVE-2017-0639,0.00954,0.34522
CVE-2017-0640,0.01136,0.57949
CVE-2017-0641,0.01213,0.6557
CVE-2017-0642,0.01213,0.6557
CVE-2017-0643,0.01136,0.57949
CVE-2017-0644,0.01136,0.57949
CVE-2017-0645,0.00954,0.34522
CVE-2017-0646,0.00954,0.34522
CVE-2017-0647,0.00954,0.34522
CVE-2017-0648,0.01603,0.74718
CVE-2017-0649,0.01603,0.74718
CVE-2017-0650,0.00885,0.26162
CVE-2017-0651,0.00954,0.34522
CVE-2017-0663,0.05941,0.90101
CVE-2017-0664,0.00885,0.26162
CVE-2017-0665,0.00885,0.26162
CVE-2017-0666,0.00885,0.26162
CVE-2017-0667,0.00885,0.26162
CVE-2017-0668,0.00885,0.26162
CVE-2017-0669,0.00885,0.26162
CVE-2017-0670,0.00885,0.26162
CVE-2017-0671,0.01624,0.74891
CVE-2017-0672,0.00885,0.26162
CVE-2017-0673,0.01765,0.75587
CVE-2017-0674,0.01765,0.75587
CVE-2017-0675,0.01765,0.75587
CVE-2017-0676,0.01765,0.75587
CVE-2017-0677,0.01765,0.75587
CVE-2017-0678,0.01765,0.75587
CVE-2017-0679,0.01765,0.75587
CVE-2017-0680,0.01765,0.75587
CVE-2017-0681,0.01765,0.75587
CVE-2017-0682,0.01765,0.75587
CVE-2017-0683,0.01765,0.75587
CVE-2017-0684,0.00885,0.26162
CVE-2017-0685,0.00885,0.26162
CVE-2017-0686,0.00885,0.26162
CVE-2017-0687,0.00885,0.26162
CVE-2017-0688,0.00885,0.26162
CVE-2017-0689,0.00885,0.26162
CVE-2017-0690,0.00885,0.26162
CVE-2017-0691,0.00885,0.26162
CVE-2017-0692,0.00885,0.26162
CVE-2017-0693,0.00885,0.26162
CVE-2017-0694,0.00885,0.26162
CVE-2017-0695,0.00885,0.26162
CVE-2017-0696,0.00885,0.26162
CVE-2017-0697,0.00885,0.26162
CVE-2017-0698,0.00885,0.26162
CVE-2017-0699,0.00885,0.26162
CVE-2017-0700,0.01765,0.75587
CVE-2017-0701,0.01765,0.75587
CVE-2017-0702,0.01765,0.75587
CVE-2017-0703,0.00885,0.26162
CVE-2017-0704,0.00885,0.26162
CVE-2017-0705,0.00954,0.34522
CVE-2017-0706,0.00885,0.26162
CVE-2017-0707,0.00885,0.26162
CVE-2017-0708,0.00885,0.26162
CVE-2017-0709,0.00885,0.26162
CVE-2017-0710,0.00885,0.26162
CVE-2017-0711,0.00885,0.26162
CVE-2017-0712,0.00885,0.26162
CVE-2017-0713,0.01765,0.75587
CVE-2017-0714,0.01765,0.75587
CVE-2017-0715,0.01765,0.75587
CVE-2017-0716,0.01765,0.75587
CVE-2017-0718,0.01765,0.75587
CVE-2017-0719,0.01765,0.75587
CVE-2017-0720,0.01765,0.75587
CVE-2017-0721,0.01765,0.75587
CVE-2017-0722,0.01765,0.75587
CVE-2017-0723,0.01765,0.75587
CVE-2017-0724,0.00885,0.26162
CVE-2017-0725,0.00885,0.26162
CVE-2017-0726,0.00885,0.26162
CVE-2017-0727,0.00885,0.26162
CVE-2017-0728,0.00885,0.26162
CVE-2017-0729,0.00885,0.26162
CVE-2017-0730,0.00885,0.26162
CVE-2017-0731,0.00885,0.26162
CVE-2017-0732,0.00885,0.26162
CVE-2017-0733,0.00885,0.26162
CVE-2017-0734,0.00885,0.26162
CVE-2017-0735,0.00885,0.26162
CVE-2017-0736,0.00885,0.26162
CVE-2017-0737,0.00954,0.34522
CVE-2017-0738,0.00885,0.26162
CVE-2017-0739,0.00885,0.26162
CVE-2017-0740,0.01765,0.75587
CVE-2017-0741,0.00885,0.26162
CVE-2017-0742,0.00885,0.26162
CVE-2017-0744,0.00885,0.26162
CVE-2017-0745,0.01765,0.75587
CVE-2017-0746,0.00885,0.26162
CVE-2017-0747,0.00885,0.26162
CVE-2017-0748,0.00885,0.26162
CVE-2017-0749,0.01018,0.38792
CVE-2017-0750,0.01108,0.53389
CVE-2017-0751,0.00885,0.26162
CVE-2017-0752,0.00885,0.26162
CVE-2017-0753,0.01765,0.75587
CVE-2017-0755,0.00885,0.26162
CVE-2017-0756,0.01765,0.75587
CVE-2017-0757,0.01765,0.75587
CVE-2017-0758,0.01765,0.75587
CVE-2017-0759,0.01765,0.75587
CVE-2017-0760,0.01765,0.75587
CVE-2017-0761,0.01765,0.75587
CVE-2017-0762,0.01765,0.75587
CVE-2017-0763,0.01765,0.75587
CVE-2017-0764,0.01765,0.75587
CVE-2017-0765,0.01765,0.75587
CVE-2017-0766,0.01765,0.75587
CVE-2017-0767,0.00885,0.26162
CVE-2017-0768,0.00885,0.26162
CVE-2017-0769,0.00885,0.26162
CVE-2017-0770,0.00885,0.26162
CVE-2017-0771,0.00885,0.26162
CVE-2017-0772,0.00885,0.26162
CVE-2017-0773,0.00885,0.26162
CVE-2017-0774,0.00885,0.26162
CVE-2017-0775,0.00885,0.26162
CVE-2017-0776,0.00885,0.26162
CVE-2017-0777,0.00885,0.26162
CVE-2017-0778,0.00885,0.26162
CVE-2017-0779,0.00885,0.26162
CVE-2017-0780,0.00885,0.26162
CVE-2017-0784,0.00885,0.26162
CVE-2017-0786,0.00885,0.26162
CVE-2017-0787,0.00885,0.26162
CVE-2017-0788,0.00885,0.26162
CVE-2017-0789,0.00885,0.26162
CVE-2017-0790,0.00885,0.26162
CVE-2017-0791,0.00885,0.26162
CVE-2017-0792,0.00885,0.26162
CVE-2017-0793,0.00885,0.26162
CVE-2017-0794,0.01018,0.38792
CVE-2017-0795,0.00885,0.26162
CVE-2017-0796,0.00885,0.26162
CVE-2017-0797,0.00885,0.26162
CVE-2017-0798,0.00885,0.26162
CVE-2017-0799,0.00885,0.26162
CVE-2017-0800,0.00885,0.26162
CVE-2017-0801,0.00885,0.26162
CVE-2017-0802,0.00885,0.26162
CVE-2017-0803,0.00885,0.26162
CVE-2017-0804,0.00885,0.26162
CVE-2017-0805,0.00885,0.26162
CVE-2017-0808,0.00954,0.34522
CVE-2017-0809,0.04967,0.88942
CVE-2017-0810,0.04967,0.88942
CVE-2017-0811,0.04967,0.88942
CVE-2017-0812,0.00954,0.34522
CVE-2017-0813,0.00954,0.34522
CVE-2017-0814,0.00954,0.34522
CVE-2017-0815,0.00954,0.34522
CVE-2017-0816,0.00954,0.34522
CVE-2017-0817,0.00954,0.34522
CVE-2017-0818,0.00954,0.34522
CVE-2017-0819,0.00954,0.34522
CVE-2017-0820,0.00954,0.34522
CVE-2017-0822,0.00885,0.26162
CVE-2017-0823,0.00885,0.26162
CVE-2017-0824,0.00885,0.26162
CVE-2017-0825,0.00885,0.26162
CVE-2017-0826,0.00885,0.26162
CVE-2017-0827,0.00885,0.26162
CVE-2017-0828,0.00885,0.26162
CVE-2017-0829,0.00885,0.26162
CVE-2017-0830,0.00885,0.26162
CVE-2017-0831,0.00885,0.26162
CVE-2017-0832,0.01765,0.75587
CVE-2017-0833,0.01765,0.75587
CVE-2017-0834,0.01765,0.75587
CVE-2017-0835,0.01765,0.75587
CVE-2017-0836,0.01765,0.75587
CVE-2017-0837,0.00885,0.26162
CVE-2017-0838,0.00885,0.26162
CVE-2017-0839,0.00885,0.26162
CVE-2017-0840,0.00885,0.26162
CVE-2017-0841,0.01765,0.75587
CVE-2017-0842,0.00885,0.26162
CVE-2017-0843,0.00885,0.26162
CVE-2017-0845,0.00885,0.26162
CVE-2017-0846,0.00885,0.26162
CVE-2017-0847,0.00885,0.26162
CVE-2017-0848,0.00885,0.26162
CVE-2017-0849,0.00885,0.26162
CVE-2017-0850,0.00885,0.26162
CVE-2017-0851,0.00885,0.26162
CVE-2017-0852,0.00885,0.26162
CVE-2017-0853,0.00885,0.26162
CVE-2017-0854,0.00885,0.26162
CVE-2017-0855,0.03693,0.843
CVE-2017-0857,0.00885,0.26162
CVE-2017-0858,0.00885,0.26162
CVE-2017-0859,0.00885,0.26162
CVE-2017-0860,0.00885,0.26162
CVE-2017-0861,0.01547,0.74085
CVE-2017-0862,0.00885,0.26162
CVE-2017-0863,0.00885,0.26162
CVE-2017-0864,0.00885,0.26162
CVE-2017-0865,0.00885,0.26162
CVE-2017-0866,0.01135,0.54401
CVE-2017-0869,0.01365,0.70715
CVE-2017-0870,0.00885,0.26162
CVE-2017-0871,0.00885,0.26162
CVE-2017-0872,0.0185,0.76248
CVE-2017-0873,0.00885,0.26162
CVE-2017-0874,0.00885,0.26162
CVE-2017-0876,0.0185,0.76248
CVE-2017-0877,0.0185,0.76248
CVE-2017-0878,0.0185,0.76248
CVE-2017-0879,0.00885,0.26162
CVE-2017-0880,0.00885,0.26162
CVE-2017-0881,0.0089,0.2856
CVE-2017-0882,0.01034,0.39824
CVE-2017-0883,0.00885,0.26162
CVE-2017-0884,0.00885,0.26162
CVE-2017-0885,0.00885,0.26162
CVE-2017-0886,0.00885,0.26162
CVE-2017-0887,0.00885,0.26162
CVE-2017-0888,0.00954,0.34522
CVE-2017-0889,0.00954,0.34522
CVE-2017-0890,0.00885,0.26162
CVE-2017-0891,0.00885,0.26162
CVE-2017-0892,0.00885,0.26162
CVE-2017-0893,0.00885,0.26162
CVE-2017-0894,0.00885,0.26162
CVE-2017-0895,0.00885,0.26162
CVE-2017-0896,0.0089,0.2856
CVE-2017-0897,0.05785,0.89924
CVE-2017-0898,0.02686,0.82061
CVE-2017-0899,0.02686,0.82061
CVE-2017-0900,0.01537,0.73595
CVE-2017-0901,0.18327,0.96125
CVE-2017-0902,0.02686,0.82061
CVE-2017-0903,0.10052,0.9429
CVE-2017-0904,0.01018,0.38792
CVE-2017-0905,0.00954,0.34522
CVE-2017-0906,0.00954,0.34522
CVE-2017-0907,0.00954,0.34522
CVE-2017-0909,0.00885,0.26162
CVE-2017-0910,0.00885,0.26162
CVE-2017-0911,0.0095,0.30554
CVE-2017-0912,0.00885,0.26162
CVE-2017-0913,0.00885,0.26162
CVE-2017-0914,0.00885,0.26162
CVE-2017-0915,0.05634,0.89764
CVE-2017-0916,0.05634,0.89764
CVE-2017-0917,0.00954,0.34522
CVE-2017-0918,0.04571,0.88388
CVE-2017-0919,0.00885,0.26162
CVE-2017-0920,0.0089,0.2856
CVE-2017-0921,0.00885,0.26162
CVE-2017-0922,0.00885,0.26162
CVE-2017-0923,0.00885,0.26162
CVE-2017-0924,0.00885,0.26162
CVE-2017-0925,0.0089,0.2856
CVE-2017-0926,0.0089,0.2856
CVE-2017-0927,0.00885,0.26162
CVE-2017-0928,0.00885,0.26162
CVE-2017-0930,0.00885,0.26162
CVE-2017-0931,0.00885,0.26162
CVE-2017-0932,0.00885,0.26162
CVE-2017-0933,0.00885,0.26162
CVE-2017-0934,0.00885,0.26162
CVE-2017-0935,0.00885,0.26162
CVE-2017-0936,0.00885,0.26162
CVE-2017-0938,0.00954,0.34522
CVE-2017-10000,0.00885,0.26162
CVE-2017-1000001,0.00885,0.26162
CVE-2017-1000002,0.02578,0.8123
CVE-2017-1000003,0.00954,0.34522
CVE-2017-1000005,0.00885,0.26162
CVE-2017-1000006,0.00885,0.26162
CVE-2017-1000007,0.00885,0.26162
CVE-2017-1000008,0.00885,0.26162
CVE-2017-1000009,0.05785,0.89924
CVE-2017-1000010,0.01102,0.51825
CVE-2017-1000011,0.00885,0.26162
CVE-2017-1000012,0.00885,0.26162
CVE-2017-1000013,0.00885,0.26162
CVE-2017-1000014,0.00885,0.26162
CVE-2017-1000015,0.00885,0.26162
CVE-2017-1000016,0.00885,0.26162
CVE-2017-1000017,0.00885,0.26162
CVE-2017-1000018,0.00885,0.26162
CVE-2017-1000020,0.00885,0.26162
CVE-2017-1000021,0.00885,0.26162
CVE-2017-1000022,0.00885,0.26162
CVE-2017-1000023,0.00885,0.26162
CVE-2017-1000024,0.00885,0.26162
CVE-2017-1000025,0.00885,0.26162
CVE-2017-1000026,0.00885,0.26162
CVE-2017-1000027,0.00885,0.26162
CVE-2017-1000028,0.87049,0.99718
CVE-2017-1000029,0.00885,0.26162
CVE-2017-1000030,0.00885,0.26162
CVE-2017-1000031,0.01055,0.50287
CVE-2017-1000032,0.01055,0.50287
CVE-2017-1000033,0.01578,0.74478
CVE-2017-1000034,0.01702,0.75164
CVE-2017-1000035,0.00885,0.26162
CVE-2017-1000037,0.01599,0.74589
CVE-2017-1000038,0.00885,0.26162
CVE-2017-1000039,0.01599,0.74589
CVE-2017-1000042,0.00885,0.26162
CVE-2017-1000043,0.00885,0.26162
CVE-2017-1000044,0.00885,0.26162
CVE-2017-1000046,0.00885,0.26162
CVE-2017-1000047,0.01599,0.74589
CVE-2017-1000048,0.00885,0.26162
CVE-2017-1000050,0.01183,0.60428
CVE-2017-1000051,0.01055,0.50287
CVE-2017-1000052,0.00885,0.26162
CVE-2017-1000053,0.01599,0.74589
CVE-2017-1000054,0.00885,0.26162
CVE-2017-1000056,0.00885,0.26162
CVE-2017-1000058,0.00885,0.26162
CVE-2017-1000059,0.01599,0.74589
CVE-2017-1000060,0.00885,0.26162
CVE-2017-1000061,0.01018,0.38792
CVE-2017-1000062,0.01262,0.66439
CVE-2017-1000063,0.00885,0.26162
CVE-2017-1000064,0.00885,0.26162
CVE-2017-1000065,0.00885,0.26162
CVE-2017-1000066,0.00885,0.26162
CVE-2017-1000067,0.00885,0.26162
CVE-2017-1000068,0.00885,0.26162
CVE-2017-1000069,0.00885,0.26162
CVE-2017-1000070,0.00885,0.26162
CVE-2017-1000071,0.00954,0.34522
CVE-2017-1000072,0.00885,0.26162
CVE-2017-1000073,0.01599,0.74589
CVE-2017-1000074,0.00885,0.26162
CVE-2017-1000075,0.00885,0.26162
CVE-2017-1000078,0.00885,0.26162
CVE-2017-1000079,0.00885,0.26162
CVE-2017-1000080,0.00885,0.26162
CVE-2017-1000081,0.01702,0.75164
CVE-2017-1000082,0.01018,0.38792
CVE-2017-1000083,0.63797,0.98936
CVE-2017-1000084,0.00885,0.26162
CVE-2017-1000085,0.00885,0.26162
CVE-2017-1000086,0.00885,0.26162
CVE-2017-1000087,0.00885,0.26162
CVE-2017-1000088,0.00885,0.26162
CVE-2017-1000089,0.00885,0.26162
CVE-2017-1000090,0.00885,0.26162
CVE-2017-1000091,0.00885,0.26162
CVE-2017-1000092,0.00885,0.26162
CVE-2017-1000093,0.00885,0.26162
CVE-2017-1000094,0.00885,0.26162
CVE-2017-1000095,0.00885,0.26162
CVE-2017-1000096,0.02294,0.8062
CVE-2017-1000097,0.00954,0.34522
CVE-2017-1000098,0.00954,0.34522
CVE-2017-1000099,0.01018,0.38792
CVE-2017-10001,0.00885,0.26162
CVE-2017-1000100,0.01108,0.53389
CVE-2017-1000101,0.01108,0.53389
CVE-2017-1000102,0.00885,0.26162
CVE-2017-1000103,0.00885,0.26162
CVE-2017-1000104,0.00885,0.26162
CVE-2017-1000105,0.00885,0.26162
CVE-2017-1000106,0.00885,0.26162
CVE-2017-1000107,0.00885,0.26162
CVE-2017-1000108,0.00885,0.26162
CVE-2017-1000109,0.00885,0.26162
CVE-2017-1000110,0.00885,0.26162
CVE-2017-1000111,0.01104,0.52279
CVE-2017-1000113,0.00885,0.26162
CVE-2017-1000114,0.00885,0.26162
CVE-2017-1000115,0.01018,0.38792
CVE-2017-1000116,0.01018,0.38792
CVE-2017-1000118,0.00885,0.26162
CVE-2017-1000119,0.48619,0.98508
CVE-2017-1000120,0.01055,0.50287
CVE-2017-1000121,0.00885,0.26162
CVE-2017-1000122,0.00885,0.26162
CVE-2017-1000125,0.00885,0.26162
CVE-2017-1000126,0.00885,0.26162
CVE-2017-1000127,0.00885,0.26162
CVE-2017-1000128,0.00885,0.26162
CVE-2017-1000129,0.00885,0.26162
CVE-2017-1000131,0.00885,0.26162
CVE-2017-1000132,0.00885,0.26162
CVE-2017-1000133,0.00885,0.26162
CVE-2017-1000134,0.00885,0.26162
CVE-2017-1000135,0.00885,0.26162
CVE-2017-1000136,0.00885,0.26162
CVE-2017-1000137,0.00885,0.26162
CVE-2017-1000138,0.00885,0.26162
CVE-2017-1000139,0.00885,0.26162
CVE-2017-1000140,0.00885,0.26162
CVE-2017-1000141,0.00885,0.26162
CVE-2017-1000142,0.00885,0.26162
CVE-2017-1000143,0.00885,0.26162
CVE-2017-1000144,0.00885,0.26162
CVE-2017-1000145,0.00885,0.26162
CVE-2017-1000146,0.0119,0.60447
CVE-2017-1000147,0.00885,0.26162
CVE-2017-1000148,0.0119,0.60447
CVE-2017-1000149,0.00885,0.26162
CVE-2017-1000150,0.00885,0.26162
CVE-2017-1000151,0.00885,0.26162
CVE-2017-1000152,0.00885,0.26162
CVE-2017-1000153,0.00885,0.26162
CVE-2017-1000154,0.00885,0.26162
CVE-2017-1000155,0.00885,0.26162
CVE-2017-1000156,0.00885,0.26162
CVE-2017-1000157,0.00885,0.26162
CVE-2017-1000158,0.03026,0.82827
CVE-2017-1000159,0.01174,0.60051
CVE-2017-1000160,0.00885,0.26162
CVE-2017-1000163,0.00885,0.26162
CVE-2017-1000164,0.0119,0.60447
CVE-2017-1000168,0.00885,0.26162
CVE-2017-1000169,0.01267,0.66451
CVE-2017-1000171,0.00885,0.26162
CVE-2017-1000172,0.0119,0.60447
CVE-2017-1000173,0.0119,0.60447
CVE-2017-1000174,0.00885,0.26162
CVE-2017-1000176,0.00885,0.26162
CVE-2017-1000182,0.00885,0.26162
CVE-2017-1000185,0.00885,0.26162
CVE-2017-1000186,0.00885,0.26162
CVE-2017-1000187,0.00885,0.26162
CVE-2017-1000188,0.00885,0.26162
CVE-2017-1000189,0.00885,0.26162
CVE-2017-1000190,0.01018,0.38792
CVE-2017-1000191,0.00885,0.26162
CVE-2017-1000192,0.00885,0.26162
CVE-2017-1000193,0.0119,0.60447
CVE-2017-1000194,0.00885,0.26162
CVE-2017-1000195,0.00885,0.26162
CVE-2017-1000196,0.0119,0.60447
CVE-2017-1000197,0.00885,0.26162
CVE-2017-1000198,0.00885,0.26162
CVE-2017-1000199,0.00885,0.26162
CVE-2017-10002,0.0089,0.2856
CVE-2017-1000200,0.00885,0.26162
CVE-2017-1000201,0.00885,0.26162
CVE-2017-1000203,0.01267,0.66451
CVE-2017-1000206,0.0119,0.60447
CVE-2017-1000207,0.00885,0.26162
CVE-2017-1000208,0.00885,0.26162
CVE-2017-1000209,0.00885,0.26162
CVE-2017-1000210,0.0119,0.60447
CVE-2017-1000211,0.01018,0.38792
CVE-2017-1000212,0.01267,0.66451
CVE-2017-1000213,0.00885,0.26162
CVE-2017-1000214,0.02055,0.7893
CVE-2017-1000215,0.05785,0.89924
CVE-2017-1000217,0.0119,0.60447
CVE-2017-1000218,0.01267,0.66451
CVE-2017-1000219,0.0119,0.60447
CVE-2017-1000220,0.0119,0.60447
CVE-2017-1000221,0.00885,0.26162
CVE-2017-1000223,0.00885,0.26162
CVE-2017-1000224,0.00885,0.26162
CVE-2017-1000225,0.00885,0.26162
CVE-2017-1000226,0.00885,0.26162
CVE-2017-1000227,0.00885,0.26162
CVE-2017-1000228,0.02166,0.79253
CVE-2017-1000229,0.01532,0.72897
CVE-2017-1000230,0.00885,0.26162
CVE-2017-1000231,0.00954,0.34522
CVE-2017-1000232,0.00885,0.26162
CVE-2017-1000234,0.00885,0.26162
CVE-2017-1000235,0.02055,0.7893
CVE-2017-1000236,0.00885,0.26162
CVE-2017-1000237,0.00885,0.26162
CVE-2017-1000238,0.00885,0.26162
CVE-2017-1000239,0.00885,0.26162
CVE-2017-1000240,0.01055,0.50287
CVE-2017-1000241,0.00885,0.26162
CVE-2017-1000242,0.00885,0.26162
CVE-2017-1000243,0.00885,0.26162
CVE-2017-1000244,0.00885,0.26162
CVE-2017-1000245,0.00885,0.26162
CVE-2017-1000246,0.00885,0.26162
CVE-2017-1000247,0.00885,0.26162
CVE-2017-1000248,0.00885,0.26162
CVE-2017-1000249,0.0095,0.30554
CVE-2017-1000252,0.01547,0.74085
CVE-2017-1000254,0.01537,0.73595
CVE-2017-1000255,0.0089,0.2856
CVE-2017-1000256,0.01018,0.38792
CVE-2017-1000257,0.01183,0.60428
CVE-2017-10003,0.0089,0.2856
CVE-2017-1000354,0.00885,0.26162
CVE-2017-1000355,0.00885,0.26162
CVE-2017-1000356,0.00885,0.26162
CVE-2017-1000357,0.00885,0.26162
CVE-2017-1000358,0.00885,0.26162
CVE-2017-1000359,0.00885,0.26162
CVE-2017-1000360,0.00885,0.26162
CVE-2017-1000361,0.00885,0.26162
CVE-2017-1000362,0.00885,0.26162
CVE-2017-1000363,0.0089,0.2856
CVE-2017-1000364,0.02686,0.82061
CVE-2017-1000365,0.0095,0.30554
CVE-2017-1000366,0.01916,0.76514
CVE-2017-1000369,0.01767,0.7559
CVE-2017-1000370,0.01034,0.39824
CVE-2017-1000371,0.01034,0.39824
CVE-2017-1000372,0.02578,0.8123
CVE-2017-1000373,0.36148,0.97777
CVE-2017-1000374,0.01578,0.74478
CVE-2017-1000375,0.09647,0.93982
CVE-2017-1000376,0.01404,0.71155
CVE-2017-1000377,0.00954,0.34522
CVE-2017-1000378,0.02578,0.8123
CVE-2017-1000379,0.01547,0.74085
CVE-2017-1000380,0.01282,0.67298
CVE-2017-1000381,0.00954,0.34522
CVE-2017-1000382,0.00885,0.26162
CVE-2017-1000383,0.00885,0.26162
CVE-2017-1000385,0.02686,0.82061
CVE-2017-1000386,0.00885,0.26162
CVE-2017-1000387,0.00885,0.26162
CVE-2017-1000388,0.00885,0.26162
CVE-2017-1000389,0.00885,0.26162
CVE-2017-1000390,0.00885,0.26162
CVE-2017-1000391,0.00885,0.26162
CVE-2017-1000392,0.0089,0.2856
CVE-2017-1000393,0.01086,0.51674
CVE-2017-1000394,0.00885,0.26162
CVE-2017-1000395,0.00885,0.26162
CVE-2017-1000396,0.00885,0.26162
CVE-2017-1000397,0.00885,0.26162
CVE-2017-1000398,0.00885,0.26162
CVE-2017-1000399,0.00885,0.26162
CVE-2017-10004,0.0089,0.2856
CVE-2017-1000400,0.00885,0.26162
CVE-2017-1000401,0.00885,0.26162
CVE-2017-1000402,0.00885,0.26162
CVE-2017-1000403,0.00885,0.26162
CVE-2017-1000404,0.00885,0.26162
CVE-2017-1000406,0.00954,0.34522
CVE-2017-1000407,0.02686,0.82061
CVE-2017-1000408,0.01034,0.39824
CVE-2017-1000409,0.0089,0.2856
CVE-2017-1000410,0.02686,0.82061
CVE-2017-1000411,0.00885,0.26162
CVE-2017-1000412,0.00954,0.34522
CVE-2017-1000413,0.00954,0.34522
CVE-2017-1000414,0.00885,0.26162
CVE-2017-1000415,0.00885,0.26162
CVE-2017-1000416,0.00885,0.26162
CVE-2017-1000417,0.00954,0.34522
CVE-2017-1000418,0.01055,0.50287
CVE-2017-1000419,0.00885,0.26162
CVE-2017-1000420,0.00885,0.26162
CVE-2017-1000421,0.02509,0.81058
CVE-2017-1000422,0.02509,0.81058
CVE-2017-1000423,0.0144,0.7265
CVE-2017-1000424,0.00885,0.26162
CVE-2017-1000425,0.01055,0.50287
CVE-2017-1000426,0.00885,0.26162
CVE-2017-1000427,0.00954,0.34522
CVE-2017-1000428,0.00885,0.26162
CVE-2017-1000429,0.00885,0.26162
CVE-2017-1000430,0.00885,0.26162
CVE-2017-1000431,0.00885,0.26162
CVE-2017-1000432,0.07308,0.9216
CVE-2017-1000433,0.01018,0.38792
CVE-2017-1000434,0.00885,0.26162
CVE-2017-1000437,0.01156,0.60033
CVE-2017-1000438,0.00885,0.26162
CVE-2017-1000442,0.00885,0.26162
CVE-2017-1000443,0.0144,0.7265
CVE-2017-1000444,0.01978,0.78447
CVE-2017-1000445,0.01108,0.53389
CVE-2017-1000448,0.00885,0.26162
CVE-2017-1000450,0.03161,0.83171
CVE-2017-1000451,0.01005,0.35949
CVE-2017-1000452,0.00885,0.26162
CVE-2017-1000453,0.01086,0.51674
CVE-2017-1000454,0.00885,0.26162
CVE-2017-1000455,0.00885,0.26162
CVE-2017-1000456,0.00954,0.34522
CVE-2017-1000457,0.01055,0.50287
CVE-2017-1000458,0.01055,0.50287
CVE-2017-1000459,0.00885,0.26162
CVE-2017-1000460,0.01018,0.38792
CVE-2017-1000461,0.00885,0.26162
CVE-2017-1000462,0.01086,0.51674
CVE-2017-1000463,0.01086,0.51674
CVE-2017-1000465,0.01086,0.51674
CVE-2017-1000466,0.01086,0.51674
CVE-2017-1000467,0.01086,0.51674
CVE-2017-1000469,0.01086,0.51674
CVE-2017-1000470,0.00885,0.26162
CVE-2017-1000471,0.00885,0.26162
CVE-2017-1000472,0.00954,0.34522
CVE-2017-1000473,0.01036,0.41241
CVE-2017-1000474,0.01564,0.74439
CVE-2017-1000476,0.01108,0.53389
CVE-2017-1000477,0.00885,0.26162
CVE-2017-1000478,0.01086,0.51674
CVE-2017-1000479,0.4025,0.98041
CVE-2017-1000480,0.01018,0.38792
CVE-2017-1000481,0.00885,0.26162
CVE-2017-1000482,0.00885,0.26162
CVE-2017-1000483,0.00885,0.26162
CVE-2017-1000484,0.00885,0.26162
CVE-2017-1000485,0.00885,0.26162
CVE-2017-1000487,0.03535,0.8413
CVE-2017-1000488,0.00885,0.26162
CVE-2017-1000489,0.00885,0.26162
CVE-2017-1000490,0.00885,0.26162
CVE-2017-1000491,0.0144,0.7265
CVE-2017-1000492,0.0144,0.7265
CVE-2017-1000493,0.00885,0.26162
CVE-2017-1000494,0.0095,0.30554
CVE-2017-1000495,0.00885,0.26162
CVE-2017-1000496,0.01156,0.60033
CVE-2017-1000497,0.01156,0.60033
CVE-2017-1000498,0.01103,0.51945
CVE-2017-10005,0.00954,0.34522
CVE-2017-1000501,0.06729,0.91198
CVE-2017-1000502,0.00885,0.26162
CVE-2017-1000503,0.01086,0.51674
CVE-2017-1000504,0.01086,0.51674
CVE-2017-1000505,0.00885,0.26162
CVE-2017-1000506,0.01086,0.51674
CVE-2017-1000507,0.01086,0.51674
CVE-2017-1000508,0.0144,0.7265
CVE-2017-1000509,0.01086,0.51674
CVE-2017-1000510,0.01086,0.51674
CVE-2017-10006,0.0089,0.2856
CVE-2017-1000600,0.04571,0.88388
CVE-2017-10007,0.0089,0.2856
CVE-2017-10008,0.00885,0.26162
CVE-2017-10009,0.0089,0.2856
CVE-2017-10010,0.0089,0.2856
CVE-2017-1001000,0.64635,0.98971
CVE-2017-1001001,0.00885,0.26162
CVE-2017-1001002,0.01578,0.74478
CVE-2017-1001003,0.00885,0.26162
CVE-2017-10011,0.0089,0.2856
CVE-2017-10012,0.0089,0.2856
CVE-2017-10013,0.00885,0.26162
CVE-2017-10014,0.00885,0.26162
CVE-2017-10015,0.0089,0.2856
CVE-2017-10016,0.00885,0.26162
CVE-2017-10017,0.00954,0.34522
CVE-2017-10018,0.0089,0.2856
CVE-2017-10019,0.00954,0.34522
CVE-2017-10020,0.0089,0.2856
CVE-2017-1002000,0.01018,0.38792
CVE-2017-1002001,0.00954,0.34522
CVE-2017-1002002,0.01018,0.38792
CVE-2017-1002003,0.01018,0.38792
CVE-2017-1002004,0.00954,0.34522
CVE-2017-1002005,0.00954,0.34522
CVE-2017-1002006,0.00954,0.34522
CVE-2017-1002007,0.00954,0.34522
CVE-2017-1002008,0.08382,0.93597
CVE-2017-1002009,0.00885,0.26162
CVE-2017-1002010,0.00885,0.26162
CVE-2017-1002011,0.00885,0.26162
CVE-2017-1002012,0.00885,0.26162
CVE-2017-1002013,0.00885,0.26162
CVE-2017-1002014,0.00885,0.26162
CVE-2017-1002015,0.00885,0.26162
CVE-2017-1002016,0.00885,0.26162
CVE-2017-1002017,0.00885,0.26162
CVE-2017-1002018,0.00885,0.26162
CVE-2017-1002019,0.00885,0.26162
CVE-2017-1002020,0.00954,0.34522
CVE-2017-1002021,0.00954,0.34522
CVE-2017-1002022,0.00954,0.34522
CVE-2017-1002023,0.00885,0.26162
CVE-2017-1002024,0.0089,0.2856
CVE-2017-1002025,0.00885,0.26162
CVE-2017-1002026,0.00885,0.26162
CVE-2017-1002027,0.00954,0.34522
CVE-2017-1002028,0.00954,0.34522
CVE-2017-10021,0.00954,0.34522
CVE-2017-1002100,0.00885,0.26162
CVE-2017-1002102,0.00885,0.26162
CVE-2017-1002150,0.00885,0.26162
CVE-2017-1002151,0.00885,0.26162
CVE-2017-1002152,0.00885,0.26162
CVE-2017-1002153,0.00885,0.26162
CVE-2017-1002157,0.01156,0.60033
CVE-2017-10022,0.0089,0.2856
CVE-2017-1002201,0.01018,0.38792
CVE-2017-10023,0.0089,0.2856
CVE-2017-10024,0.00954,0.34522
CVE-2017-10025,0.00954,0.34522
CVE-2017-10026,0.00954,0.34522
CVE-2017-10027,0.0089,0.2856
CVE-2017-10028,0.00954,0.34522
CVE-2017-10029,0.00954,0.34522
CVE-2017-10030,0.00954,0.34522
CVE-2017-10031,0.00954,0.34522
CVE-2017-10032,0.0089,0.2856
CVE-2017-10033,0.07162,0.91918
CVE-2017-10034,0.01018,0.38792
CVE-2017-10035,0.00954,0.34522
CVE-2017-10036,0.00954,0.34522
CVE-2017-10037,0.00954,0.34522
CVE-2017-10038,0.0089,0.2856
CVE-2017-10039,0.0089,0.2856
CVE-2017-10040,0.00954,0.34522
CVE-2017-10041,0.0089,0.2856
CVE-2017-10042,0.00954,0.34522
CVE-2017-10043,0.00954,0.34522
CVE-2017-10044,0.0089,0.2856
CVE-2017-10045,0.00954,0.34522
CVE-2017-10046,0.07168,0.9192
CVE-2017-10047,0.00954,0.34522
CVE-2017-10048,0.00954,0.34522
CVE-2017-10049,0.00954,0.34522
CVE-2017-10050,0.00885,0.26162
CVE-2017-10051,0.0089,0.2856
CVE-2017-10052,0.00954,0.34522
CVE-2017-10053,0.02686,0.82061
CVE-2017-10054,0.00885,0.26162
CVE-2017-10055,0.00954,0.34522
CVE-2017-10056,0.0089,0.2856
CVE-2017-10057,0.0089,0.2856
CVE-2017-10058,0.0089,0.2856
CVE-2017-10059,0.0089,0.2856
CVE-2017-10060,0.00954,0.34522
CVE-2017-10061,0.01018,0.38792
CVE-2017-10062,0.0089,0.2856
CVE-2017-10063,0.00954,0.34522
CVE-2017-10064,0.00885,0.26162
CVE-2017-10065,0.00885,0.26162
CVE-2017-10066,0.00954,0.34522
CVE-2017-10067,0.02686,0.82061
CVE-2017-10068,0.00954,0.34522
CVE-2017-10069,0.0089,0.2856
CVE-2017-10070,0.00954,0.34522
CVE-2017-10071,0.00954,0.34522
CVE-2017-10072,0.0089,0.2856
CVE-2017-10073,0.0089,0.2856
CVE-2017-10074,0.01537,0.73595
CVE-2017-10076,0.0089,0.2856
CVE-2017-10077,0.0089,0.2856
CVE-2017-10078,0.01282,0.67298
CVE-2017-10079,0.00954,0.34522
CVE-2017-10080,0.00954,0.34522
CVE-2017-10081,0.01537,0.73595
CVE-2017-10082,0.00954,0.34522
CVE-2017-10083,0.00954,0.34522
CVE-2017-10084,0.0089,0.2856
CVE-2017-10085,0.0089,0.2856
CVE-2017-10086,0.01183,0.60428
CVE-2017-10087,0.02686,0.82061
CVE-2017-10088,0.0089,0.2856
CVE-2017-10089,0.02686,0.82061
CVE-2017-10090,0.02686,0.82061
CVE-2017-10091,0.0089,0.2856
CVE-2017-10092,0.00954,0.34522
CVE-2017-10093,0.00954,0.34522
CVE-2017-10094,0.0089,0.2856
CVE-2017-10095,0.00954,0.34522
CVE-2017-10096,0.02686,0.82061
CVE-2017-10097,0.00954,0.34522
CVE-2017-10098,0.0089,0.2856
CVE-2017-10099,0.00885,0.26162
CVE-2017-10100,0.00954,0.34522
CVE-2017-10101,0.02686,0.82061
CVE-2017-10102,0.02686,0.82061
CVE-2017-10103,0.0089,0.2856
CVE-2017-10104,0.0095,0.30554
CVE-2017-10105,0.01537,0.73595
CVE-2017-10106,0.01018,0.38792
CVE-2017-10107,0.02686,0.82061
CVE-2017-10108,0.02686,0.82061
CVE-2017-10109,0.02686,0.82061
CVE-2017-10110,0.02686,0.82061
CVE-2017-10111,0.01183,0.60428
CVE-2017-10112,0.00885,0.26162
CVE-2017-10113,0.00954,0.34522
CVE-2017-10114,0.01183,0.60428
CVE-2017-10115,0.02686,0.82061
CVE-2017-10116,0.02686,0.82061
CVE-2017-10117,0.01018,0.38792
CVE-2017-10118,0.01537,0.73595
CVE-2017-10119,0.0089,0.2856
CVE-2017-10120,0.0089,0.2856
CVE-2017-10121,0.01018,0.38792
CVE-2017-10122,0.0089,0.2856
CVE-2017-10123,0.0089,0.2856
CVE-2017-10125,0.01018,0.38792
CVE-2017-10126,0.00954,0.34522
CVE-2017-10128,0.00954,0.34522
CVE-2017-10129,0.02001,0.7846
CVE-2017-10130,0.0089,0.2856
CVE-2017-10131,0.0089,0.2856
CVE-2017-10132,0.0089,0.2856
CVE-2017-10133,0.0089,0.2856
CVE-2017-10134,0.0089,0.2856
CVE-2017-10135,0.02686,0.82061
CVE-2017-10136,0.00885,0.26162
CVE-2017-10137,0.00954,0.34522
CVE-2017-10140,0.0095,0.30554
CVE-2017-10141,0.00954,0.34522
CVE-2017-10142,0.0089,0.2856
CVE-2017-10143,0.00954,0.34522
CVE-2017-10144,0.00954,0.34522
CVE-2017-10145,0.0095,0.30554
CVE-2017-10146,0.01018,0.38792
CVE-2017-10147,0.01213,0.6557
CVE-2017-10148,0.01213,0.6557
CVE-2017-10149,0.0089,0.2856
CVE-2017-10150,0.0089,0.2856
CVE-2017-10151,0.00954,0.34522
CVE-2017-10152,0.0089,0.2856
CVE-2017-10153,0.0089,0.2856
CVE-2017-10154,0.00954,0.34522
CVE-2017-10155,0.01108,0.53389
CVE-2017-10156,0.00954,0.34522
CVE-2017-10157,0.00954,0.34522
CVE-2017-10158,0.00954,0.34522
CVE-2017-10159,0.00954,0.34522
CVE-2017-10160,0.0089,0.2856
CVE-2017-10161,0.00885,0.26162
CVE-2017-10162,0.00885,0.26162
CVE-2017-10163,0.0089,0.2856
CVE-2017-10164,0.0089,0.2856
CVE-2017-10165,0.0095,0.30554
CVE-2017-10166,0.00954,0.34522
CVE-2017-10167,0.0095,0.30554
CVE-2017-10168,0.0089,0.2856
CVE-2017-10169,0.0089,0.2856
CVE-2017-10170,0.00954,0.34522
CVE-2017-10171,0.00954,0.34522
CVE-2017-10172,0.00954,0.34522
CVE-2017-10173,0.00954,0.34522
CVE-2017-10174,0.00954,0.34522
CVE-2017-10175,0.0089,0.2856
CVE-2017-10176,0.01537,0.73595
CVE-2017-10177,0.0089,0.2856
CVE-2017-10178,0.00954,0.34522
CVE-2017-10179,0.00954,0.34522
CVE-2017-10180,0.00954,0.34522
CVE-2017-10181,0.0089,0.2856
CVE-2017-10182,0.0089,0.2856
CVE-2017-10183,0.00954,0.34522
CVE-2017-10184,0.00954,0.34522
CVE-2017-10185,0.00954,0.34522
CVE-2017-10186,0.00954,0.34522
CVE-2017-10187,0.0089,0.2856
CVE-2017-10188,0.0089,0.2856
CVE-2017-10189,0.0089,0.2856
CVE-2017-10190,0.0089,0.2856
CVE-2017-10191,0.00954,0.34522
CVE-2017-10192,0.00954,0.34522
CVE-2017-10193,0.01537,0.73595
CVE-2017-10194,0.00885,0.26162
CVE-2017-10195,0.00954,0.34522
CVE-2017-10196,0.00954,0.34522
CVE-2017-10197,0.00885,0.26162
CVE-2017-10198,0.02686,0.82061
CVE-2017-10199,0.00954,0.34522
CVE-2017-10200,0.0089,0.2856
CVE-2017-10201,0.0089,0.2856
CVE-2017-10202,0.0089,0.2856
CVE-2017-10203,0.01018,0.38792
CVE-2017-10204,0.02145,0.79181
CVE-2017-10205,0.0089,0.2856
CVE-2017-10206,0.00954,0.34522
CVE-2017-10207,0.00954,0.34522
CVE-2017-10208,0.0089,0.2856
CVE-2017-10209,0.0089,0.2856
CVE-2017-10210,0.0089,0.2856
CVE-2017-10211,0.00954,0.34522
CVE-2017-10212,0.0089,0.2856
CVE-2017-10213,0.00954,0.34522
CVE-2017-10214,0.00954,0.34522
CVE-2017-10215,0.00954,0.34522
CVE-2017-10216,0.0089,0.2856
CVE-2017-10217,0.0089,0.2856
CVE-2017-10218,0.0089,0.2856
CVE-2017-10219,0.0089,0.2856
CVE-2017-10220,0.00954,0.34522
CVE-2017-10221,0.0089,0.2856
CVE-2017-10222,0.0089,0.2856
CVE-2017-10223,0.0089,0.2856
CVE-2017-10224,0.0089,0.2856
CVE-2017-10225,0.0089,0.2856
CVE-2017-10226,0.0089,0.2856
CVE-2017-10227,0.01034,0.39824
CVE-2017-10228,0.0089,0.2856
CVE-2017-10229,0.0089,0.2856
CVE-2017-10230,0.0089,0.2856
CVE-2017-10231,0.0089,0.2856
CVE-2017-10232,0.00885,0.26162
CVE-2017-10233,0.0089,0.2856
CVE-2017-10234,0.0089,0.2856
CVE-2017-10236,0.0089,0.2856
CVE-2017-10237,0.0089,0.2856
CVE-2017-10238,0.0089,0.2856
CVE-2017-10239,0.0089,0.2856
CVE-2017-10240,0.0089,0.2856
CVE-2017-10241,0.0089,0.2856
CVE-2017-10242,0.0089,0.2856
CVE-2017-10243,0.02686,0.82061
CVE-2017-10244,0.00954,0.34522
CVE-2017-10245,0.00954,0.34522
CVE-2017-10246,0.12108,0.9497
CVE-2017-10247,0.00954,0.34522
CVE-2017-10248,0.00954,0.34522
CVE-2017-10249,0.00954,0.34522
CVE-2017-10250,0.0089,0.2856
CVE-2017-10251,0.0089,0.2856
CVE-2017-10252,0.0089,0.2856
CVE-2017-10253,0.00954,0.34522
CVE-2017-10254,0.0089,0.2856
CVE-2017-10255,0.00954,0.34522
CVE-2017-10256,0.00954,0.34522
CVE-2017-10257,0.00954,0.34522
CVE-2017-10258,0.00954,0.34522
CVE-2017-10259,0.00954,0.34522
CVE-2017-10260,0.00885,0.26162
CVE-2017-10261,0.0089,0.2856
CVE-2017-10262,0.00954,0.34522
CVE-2017-10263,0.00885,0.26162
CVE-2017-10264,0.00885,0.26162
CVE-2017-10265,0.00885,0.26162
CVE-2017-10266,0.00885,0.26162
CVE-2017-10267,0.00885,0.26162
CVE-2017-10268,0.01791,0.76026
CVE-2017-10269,0.00885,0.26162
CVE-2017-10270,0.00954,0.34522
CVE-2017-10272,0.00885,0.26162
CVE-2017-10273,0.02001,0.7846
CVE-2017-10274,0.02686,0.82061
CVE-2017-10275,0.00885,0.26162
CVE-2017-10276,0.01034,0.39824
CVE-2017-10277,0.01018,0.38792
CVE-2017-10278,0.00885,0.26162
CVE-2017-10279,0.01034,0.39824
CVE-2017-10280,0.0089,0.2856
CVE-2017-10281,0.02686,0.82061
CVE-2017-10282,0.0089,0.2856
CVE-2017-10283,0.01034,0.39824
CVE-2017-10284,0.0095,0.30554
CVE-2017-10285,0.02686,0.82061
CVE-2017-10286,0.01104,0.52279
CVE-2017-10287,0.0089,0.2856
CVE-2017-10292,0.0089,0.2856
CVE-2017-10293,0.01183,0.60428
CVE-2017-10294,0.01034,0.39824
CVE-2017-10295,0.02686,0.82061
CVE-2017-10296,0.0095,0.30554
CVE-2017-10299,0.00885,0.26162
CVE-2017-10300,0.00885,0.26162
CVE-2017-10301,0.0089,0.2856
CVE-2017-10302,0.00885,0.26162
CVE-2017-10303,0.00954,0.34522
CVE-2017-10304,0.0089,0.2856
CVE-2017-10306,0.0089,0.2856
CVE-2017-10308,0.00885,0.26162
CVE-2017-10309,0.22505,0.96447
CVE-2017-10310,0.00954,0.34522
CVE-2017-10311,0.0095,0.30554
CVE-2017-10312,0.00954,0.34522
CVE-2017-10313,0.0095,0.30554
CVE-2017-10314,0.01034,0.39824
CVE-2017-10315,0.00885,0.26162
CVE-2017-10316,0.00885,0.26162
CVE-2017-10317,0.00885,0.26162
CVE-2017-10318,0.00885,0.26162
CVE-2017-10319,0.00885,0.26162
CVE-2017-10320,0.0095,0.30554
CVE-2017-10321,0.0089,0.2856
CVE-2017-10322,0.00954,0.34522
CVE-2017-10323,0.00954,0.34522
CVE-2017-10324,0.00954,0.34522
CVE-2017-10325,0.00954,0.34522
CVE-2017-10326,0.00954,0.34522
CVE-2017-10327,0.00954,0.34522
CVE-2017-10328,0.00954,0.34522
CVE-2017-10329,0.00954,0.34522
CVE-2017-10330,0.00954,0.34522
CVE-2017-10331,0.00954,0.34522
CVE-2017-10332,0.00954,0.34522
CVE-2017-10333,0.00885,0.26162
CVE-2017-10334,0.00885,0.26162
CVE-2017-10335,0.00954,0.34522
CVE-2017-10336,0.00954,0.34522
CVE-2017-10337,0.00885,0.26162
CVE-2017-10338,0.00954,0.34522
CVE-2017-10339,0.00885,0.26162
CVE-2017-10340,0.00885,0.26162
CVE-2017-10341,0.01018,0.38792
CVE-2017-10342,0.01018,0.38792
CVE-2017-10343,0.00885,0.26162
CVE-2017-10344,0.00885,0.26162
CVE-2017-10345,0.02686,0.82061
CVE-2017-10346,0.02686,0.82061
CVE-2017-10347,0.02686,0.82061
CVE-2017-10348,0.02686,0.82061
CVE-2017-10349,0.02686,0.82061
CVE-2017-10350,0.02686,0.82061
CVE-2017-10351,0.00954,0.34522
CVE-2017-10353,0.00885,0.26162
CVE-2017-10354,0.00954,0.34522
CVE-2017-10355,0.25256,0.96832
CVE-2017-10356,0.02686,0.82061
CVE-2017-10357,0.02686,0.82061
CVE-2017-10358,0.0089,0.2856
CVE-2017-10359,0.00954,0.34522
CVE-2017-10360,0.00954,0.34522
CVE-2017-10361,0.00885,0.26162
CVE-2017-10362,0.00954,0.34522
CVE-2017-10363,0.0089,0.2856
CVE-2017-10364,0.0089,0.2856
CVE-2017-10365,0.0095,0.30554
CVE-2017-10366,0.12108,0.9497
CVE-2017-10367,0.00885,0.26162
CVE-2017-10368,0.00954,0.34522
CVE-2017-10369,0.0089,0.2856
CVE-2017-10370,0.00885,0.26162
CVE-2017-10372,0.00885,0.26162
CVE-2017-10373,0.00954,0.34522
CVE-2017-10375,0.00885,0.26162
CVE-2017-10378,0.01547,0.74085
CVE-2017-10379,0.01282,0.67298
CVE-2017-10380,0.01018,0.38792
CVE-2017-10381,0.00954,0.34522
CVE-2017-10382,0.00954,0.34522
CVE-2017-10383,0.00885,0.26162
CVE-2017-10384,0.01282,0.67298
CVE-2017-10385,0.00954,0.34522
CVE-2017-10386,0.0095,0.30554
CVE-2017-10387,0.00954,0.34522
CVE-2017-10388,0.02686,0.82061
CVE-2017-10389,0.00885,0.26162
CVE-2017-10391,0.00954,0.34522
CVE-2017-10392,0.0089,0.2856
CVE-2017-10393,0.00954,0.34522
CVE-2017-10394,0.0089,0.2856
CVE-2017-10395,0.00885,0.26162
CVE-2017-10396,0.00885,0.26162
CVE-2017-10397,0.00885,0.26162
CVE-2017-10398,0.00885,0.26162
CVE-2017-10399,0.00885,0.26162
CVE-2017-10400,0.00954,0.34522
CVE-2017-10401,0.00885,0.26162
CVE-2017-10402,0.00885,0.26162
CVE-2017-10403,0.00885,0.26162
CVE-2017-10404,0.00885,0.26162
CVE-2017-10405,0.00885,0.26162
CVE-2017-10406,0.00954,0.34522
CVE-2017-10407,0.0089,0.2856
CVE-2017-10408,0.0089,0.2856
CVE-2017-10409,0.00954,0.34522
CVE-2017-10410,0.00954,0.34522
CVE-2017-10411,0.00954,0.34522
CVE-2017-10412,0.00954,0.34522
CVE-2017-10413,0.00954,0.34522
CVE-2017-10414,0.00954,0.34522
CVE-2017-10415,0.00954,0.34522
CVE-2017-10416,0.00954,0.34522
CVE-2017-10417,0.00954,0.34522
CVE-2017-10418,0.0089,0.2856
CVE-2017-10419,0.00885,0.26162
CVE-2017-10420,0.00885,0.26162
CVE-2017-10421,0.00885,0.26162
CVE-2017-10422,0.00954,0.34522
CVE-2017-10423,0.0089,0.2856
CVE-2017-10424,0.01018,0.38792
CVE-2017-10425,0.00885,0.26162
CVE-2017-10426,0.0089,0.2856
CVE-2017-10427,0.00954,0.34522
CVE-2017-10428,0.0089,0.2856
CVE-2017-10600,0.00885,0.26162
CVE-2017-10601,0.00885,0.26162
CVE-2017-10602,0.01404,0.71155
CVE-2017-10603,0.00885,0.26162
CVE-2017-10604,0.00885,0.26162
CVE-2017-10605,0.00885,0.26162
CVE-2017-10606,0.00885,0.26162
CVE-2017-10607,0.00885,0.26162
CVE-2017-10608,0.00885,0.26162
CVE-2017-10610,0.00885,0.26162
CVE-2017-10611,0.00885,0.26162
CVE-2017-10612,0.00885,0.26162
CVE-2017-10613,0.00885,0.26162
CVE-2017-10614,0.01055,0.50287
CVE-2017-10615,0.01578,0.74478
CVE-2017-10618,0.00954,0.34522
CVE-2017-10619,0.00885,0.26162
CVE-2017-10620,0.00885,0.26162
CVE-2017-10621,0.01055,0.50287
CVE-2017-10622,0.01055,0.50287
CVE-2017-10623,0.00885,0.26162
CVE-2017-10624,0.00885,0.26162
CVE-2017-10662,0.01034,0.39824
CVE-2017-10663,0.01034,0.39824
CVE-2017-10664,0.03779,0.84781
CVE-2017-10665,0.01765,0.75587
CVE-2017-10667,0.00885,0.26162
CVE-2017-10668,0.00885,0.26162
CVE-2017-10669,0.00885,0.26162
CVE-2017-10670,0.00885,0.26162
CVE-2017-10671,0.01136,0.57949
CVE-2017-10672,0.05785,0.89924
CVE-2017-10673,0.00885,0.26162
CVE-2017-10674,0.00885,0.26162
CVE-2017-10676,0.00885,0.26162
CVE-2017-10677,0.00885,0.26162
CVE-2017-10678,0.01136,0.57949
CVE-2017-10679,0.01136,0.57949
CVE-2017-10680,0.01136,0.57949
CVE-2017-10681,0.01136,0.57949
CVE-2017-10682,0.01564,0.74439
CVE-2017-10683,0.01055,0.50287
CVE-2017-10684,0.05785,0.89924
CVE-2017-10685,0.02166,0.79253
CVE-2017-10686,0.04967,0.88942
CVE-2017-10687,0.01055,0.50287
CVE-2017-10688,0.08944,0.93724
CVE-2017-10689,0.0089,0.2856
CVE-2017-10690,0.00885,0.26162
CVE-2017-10699,0.02464,0.80851
CVE-2017-10700,0.01055,0.50287
CVE-2017-10701,0.01213,0.6557
CVE-2017-10706,0.00885,0.26162
CVE-2017-10708,0.01765,0.75587
CVE-2017-10709,0.01018,0.38792
CVE-2017-10711,0.00885,0.26162
CVE-2017-10718,0.0089,0.2856
CVE-2017-10719,0.0089,0.2856
CVE-2017-10720,0.01365,0.70715
CVE-2017-10721,0.0089,0.2856
CVE-2017-10722,0.01365,0.70715
CVE-2017-10723,0.0089,0.2856
CVE-2017-10724,0.0089,0.2856
CVE-2017-10725,0.01525,0.72834
CVE-2017-10726,0.01525,0.72834
CVE-2017-10727,0.01525,0.72834
CVE-2017-10728,0.01525,0.72834
CVE-2017-10729,0.01102,0.51825
CVE-2017-10730,0.01102,0.51825
CVE-2017-10731,0.01102,0.51825
CVE-2017-10732,0.00885,0.26162
CVE-2017-10733,0.00885,0.26162
CVE-2017-10734,0.00885,0.26162
CVE-2017-10735,0.00885,0.26162
CVE-2017-10736,0.01525,0.72834
CVE-2017-10737,0.01525,0.72834
CVE-2017-10738,0.01525,0.72834
CVE-2017-10739,0.01525,0.72834
CVE-2017-10740,0.01525,0.72834
CVE-2017-10741,0.01525,0.72834
CVE-2017-10742,0.01525,0.72834
CVE-2017-10743,0.01525,0.72834
CVE-2017-10744,0.01525,0.72834
CVE-2017-10745,0.01525,0.72834
CVE-2017-10746,0.01525,0.72834
CVE-2017-10747,0.01525,0.72834
CVE-2017-10748,0.01525,0.72834
CVE-2017-10749,0.01525,0.72834
CVE-2017-10750,0.01525,0.72834
CVE-2017-10751,0.00885,0.26162
CVE-2017-10752,0.00885,0.26162
CVE-2017-10753,0.00885,0.26162
CVE-2017-10754,0.00885,0.26162
CVE-2017-10755,0.00885,0.26162
CVE-2017-10756,0.00885,0.26162
CVE-2017-10757,0.00885,0.26162
CVE-2017-10758,0.00885,0.26162
CVE-2017-10759,0.00885,0.26162
CVE-2017-10760,0.00885,0.26162
CVE-2017-10761,0.00885,0.26162
CVE-2017-10762,0.00885,0.26162
CVE-2017-10763,0.00885,0.26162
CVE-2017-10764,0.00885,0.26162
CVE-2017-10765,0.00885,0.26162
CVE-2017-10766,0.00885,0.26162
CVE-2017-10767,0.00885,0.26162
CVE-2017-10768,0.00885,0.26162
CVE-2017-10769,0.00885,0.26162
CVE-2017-10770,0.00885,0.26162
CVE-2017-10771,0.00885,0.26162
CVE-2017-10772,0.00885,0.26162
CVE-2017-10773,0.00885,0.26162
CVE-2017-10774,0.00885,0.26162
CVE-2017-10775,0.00885,0.26162
CVE-2017-10776,0.00885,0.26162
CVE-2017-10777,0.00885,0.26162
CVE-2017-10778,0.00885,0.26162
CVE-2017-10779,0.00885,0.26162
CVE-2017-10780,0.00885,0.26162
CVE-2017-10781,0.00885,0.26162
CVE-2017-10782,0.00885,0.26162
CVE-2017-10783,0.00885,0.26162
CVE-2017-10784,0.03407,0.83908
CVE-2017-10788,0.01136,0.57949
CVE-2017-10789,0.01018,0.38792
CVE-2017-10790,0.01319,0.70416
CVE-2017-10791,0.01055,0.50287
CVE-2017-10792,0.01136,0.57949
CVE-2017-10793,0.01136,0.57949
CVE-2017-10794,0.01018,0.38792
CVE-2017-10795,0.01055,0.50287
CVE-2017-10796,0.00885,0.26162
CVE-2017-10798,0.00885,0.26162
CVE-2017-10799,0.01018,0.38792
CVE-2017-10800,0.00954,0.34522
CVE-2017-10801,0.00885,0.26162
CVE-2017-10803,0.03908,0.84955
CVE-2017-10804,0.01136,0.57949
CVE-2017-10805,0.01055,0.50287
CVE-2017-10806,0.01034,0.39824
CVE-2017-10807,0.01018,0.38792
CVE-2017-1081,0.00954,0.34522
CVE-2017-10810,0.01018,0.38792
CVE-2017-10811,0.00885,0.26162
CVE-2017-10812,0.00885,0.26162
CVE-2017-10813,0.00885,0.26162
CVE-2017-10814,0.01102,0.51825
CVE-2017-10815,0.01055,0.50287
CVE-2017-10816,0.01055,0.50287
CVE-2017-10817,0.01055,0.50287
CVE-2017-10818,0.00885,0.26162
CVE-2017-10819,0.00885,0.26162
CVE-2017-1082,0.00885,0.26162
CVE-2017-10820,0.00885,0.26162
CVE-2017-10821,0.00885,0.26162
CVE-2017-10822,0.00885,0.26162
CVE-2017-10823,0.00885,0.26162
CVE-2017-10824,0.00885,0.26162
CVE-2017-10825,0.00885,0.26162
CVE-2017-10826,0.00885,0.26162
CVE-2017-10827,0.00885,0.26162
CVE-2017-10828,0.00885,0.26162
CVE-2017-10829,0.00954,0.34522
CVE-2017-1083,0.00885,0.26162
CVE-2017-10830,0.00885,0.26162
CVE-2017-10831,0.00885,0.26162
CVE-2017-10832,0.01055,0.50287
CVE-2017-10833,0.01055,0.50287
CVE-2017-10834,0.00885,0.26162
CVE-2017-10835,0.00885,0.26162
CVE-2017-10836,0.00885,0.26162
CVE-2017-10837,0.00885,0.26162
CVE-2017-10838,0.00885,0.26162
CVE-2017-10839,0.00885,0.26162
CVE-2017-1084,0.08382,0.93597
CVE-2017-10840,0.00885,0.26162
CVE-2017-10841,0.00885,0.26162
CVE-2017-10842,0.01055,0.50287
CVE-2017-10843,0.01055,0.50287
CVE-2017-10844,0.00885,0.26162
CVE-2017-10845,0.01055,0.50287
CVE-2017-10846,0.01055,0.50287
CVE-2017-10848,0.00885,0.26162
CVE-2017-10849,0.00885,0.26162
CVE-2017-1085,0.02108,0.791
CVE-2017-10850,0.00885,0.26162
CVE-2017-10851,0.00885,0.26162
CVE-2017-10852,0.01005,0.36332
CVE-2017-10853,0.00885,0.26162
CVE-2017-10854,0.00885,0.26162
CVE-2017-10855,0.00885,0.26162
CVE-2017-10856,0.01055,0.50287
CVE-2017-10857,0.00885,0.26162
CVE-2017-10858,0.00885,0.26162
CVE-2017-10859,0.00885,0.26162
CVE-2017-1086,0.0089,0.2856
CVE-2017-10860,0.01603,0.74718
CVE-2017-10861,0.00885,0.26162
CVE-2017-10862,0.00885,0.26162
CVE-2017-10863,0.00885,0.26162
CVE-2017-10864,0.00885,0.26162
CVE-2017-10865,0.00885,0.26162
CVE-2017-10868,0.01055,0.50287
CVE-2017-10869,0.01055,0.50287
CVE-2017-1087,0.0089,0.2856
CVE-2017-10870,0.01102,0.51825
CVE-2017-10871,0.0119,0.60447
CVE-2017-10872,0.01055,0.50287
CVE-2017-10873,0.00954,0.34522
CVE-2017-10874,0.01055,0.50287
CVE-2017-10875,0.00885,0.26162
CVE-2017-1088,0.0089,0.2856
CVE-2017-10885,0.00885,0.26162
CVE-2017-10886,0.00885,0.26162
CVE-2017-10887,0.00885,0.26162
CVE-2017-10888,0.00885,0.26162
CVE-2017-10889,0.00885,0.26162
CVE-2017-10890,0.00885,0.26162
CVE-2017-10891,0.00885,0.26162
CVE-2017-10892,0.00885,0.26162
CVE-2017-10893,0.00885,0.26162
CVE-2017-10894,0.01055,0.50287
CVE-2017-10895,0.01055,0.50287
CVE-2017-10896,0.00885,0.26162
CVE-2017-10897,0.00885,0.26162
CVE-2017-10898,0.00885,0.26162
CVE-2017-10899,0.00885,0.26162
CVE-2017-10900,0.01055,0.50287
CVE-2017-10901,0.01055,0.50287
CVE-2017-10902,0.01055,0.50287
CVE-2017-10903,0.01055,0.50287
CVE-2017-10904,0.01055,0.50287
CVE-2017-10905,0.00885,0.26162
CVE-2017-10906,0.01018,0.38792
CVE-2017-10907,0.00885,0.26162
CVE-2017-10908,0.01055,0.50287
CVE-2017-10909,0.00885,0.26162
CVE-2017-10910,0.0089,0.2856
CVE-2017-10911,0.01282,0.67298
CVE-2017-10912,0.01108,0.53389
CVE-2017-10913,0.01108,0.53389
CVE-2017-10914,0.01108,0.53389
CVE-2017-10915,0.01018,0.38792
CVE-2017-10916,0.01018,0.38792
CVE-2017-10917,0.01018,0.38792
CVE-2017-10918,0.01108,0.53389
CVE-2017-10919,0.0095,0.30554
CVE-2017-1092,0.7856,0.9943
CVE-2017-10920,0.01018,0.38792
CVE-2017-10921,0.01018,0.38792
CVE-2017-10922,0.01018,0.38792
CVE-2017-10923,0.0095,0.30554
CVE-2017-10924,0.01102,0.51825
CVE-2017-10925,0.00885,0.26162
CVE-2017-10926,0.00885,0.26162
CVE-2017-10928,0.01055,0.50287
CVE-2017-10929,0.01136,0.57949
CVE-2017-1093,0.0089,0.2856
CVE-2017-10930,0.00885,0.26162
CVE-2017-10931,0.00885,0.26162
CVE-2017-10932,0.01382,0.70925
CVE-2017-10933,0.01055,0.50287
CVE-2017-10934,0.01156,0.60033
CVE-2017-10935,0.01055,0.50287
CVE-2017-10936,0.01055,0.50287
CVE-2017-10937,0.01055,0.50287
CVE-2017-10940,0.04695,0.88634
CVE-2017-10941,0.01517,0.728
CVE-2017-10942,0.01517,0.728
CVE-2017-10943,0.01517,0.728
CVE-2017-10944,0.01517,0.728
CVE-2017-10945,0.01517,0.728
CVE-2017-10946,0.01517,0.728
CVE-2017-10947,0.01517,0.728
CVE-2017-10948,0.04096,0.85331
CVE-2017-10949,0.00954,0.34522
CVE-2017-10950,0.01102,0.51825
CVE-2017-10953,0.04096,0.85331
CVE-2017-10954,0.0185,0.76248
CVE-2017-10955,0.02166,0.79253
CVE-2017-10956,0.01384,0.711
CVE-2017-10957,0.01384,0.711
CVE-2017-10958,0.01384,0.711
CVE-2017-10959,0.01384,0.711
CVE-2017-1096,0.0089,0.2856
CVE-2017-10961,0.00885,0.26162
CVE-2017-10962,0.00885,0.26162
CVE-2017-10963,0.00885,0.26162
CVE-2017-10965,0.00954,0.34522
CVE-2017-10966,0.00954,0.34522
CVE-2017-10967,0.00885,0.26162
CVE-2017-10968,0.01599,0.74589
CVE-2017-1097,0.00885,0.26162
CVE-2017-10970,0.00885,0.26162
CVE-2017-10971,0.02489,0.80867
CVE-2017-10972,0.0095,0.30554
CVE-2017-10973,0.00885,0.26162
CVE-2017-10974,0.08382,0.93597
CVE-2017-10975,0.01055,0.50287
CVE-2017-10976,0.00885,0.26162
CVE-2017-10978,0.01108,0.53389
CVE-2017-10979,0.03795,0.84827
CVE-2017-1098,0.00885,0.26162
CVE-2017-10980,0.01018,0.38792
CVE-2017-10981,0.01018,0.38792
CVE-2017-10982,0.01018,0.38792
CVE-2017-10983,0.01108,0.53389
CVE-2017-10984,0.03795,0.84827
CVE-2017-10985,0.01018,0.38792
CVE-2017-10986,0.01018,0.38792
CVE-2017-10987,0.01018,0.38792
CVE-2017-10989,0.02686,0.82061
CVE-2017-1099,0.00885,0.26162
CVE-2017-10991,0.00885,0.26162
CVE-2017-10992,0.01377,0.70912
CVE-2017-10993,0.01055,0.50287
CVE-2017-10994,0.03313,0.83537
CVE-2017-10995,0.01213,0.6557
CVE-2017-10996,0.00885,0.26162
CVE-2017-10997,0.00885,0.26162
CVE-2017-10998,0.00885,0.26162
CVE-2017-10999,0.00885,0.26162
CVE-2017-1100,0.0095,0.30554
CVE-2017-11000,0.00885,0.26162
CVE-2017-11001,0.00885,0.26162
CVE-2017-11002,0.00885,0.26162
CVE-2017-11003,0.00885,0.26162
CVE-2017-11004,0.00885,0.26162
CVE-2017-11005,0.00885,0.26162
CVE-2017-11006,0.00885,0.26162
CVE-2017-11007,0.00885,0.26162
CVE-2017-1101,0.0095,0.30554
CVE-2017-11010,0.00954,0.34522
CVE-2017-11011,0.00885,0.26162
CVE-2017-11012,0.00885,0.26162
CVE-2017-11013,0.00885,0.26162
CVE-2017-11014,0.00885,0.26162
CVE-2017-11015,0.00885,0.26162
CVE-2017-11016,0.00885,0.26162
CVE-2017-11017,0.00885,0.26162
CVE-2017-11018,0.00885,0.26162
CVE-2017-11019,0.00885,0.26162
CVE-2017-1102,0.0095,0.30554
CVE-2017-11022,0.00885,0.26162
CVE-2017-11023,0.00885,0.26162
CVE-2017-11024,0.00885,0.26162
CVE-2017-11025,0.00885,0.26162
CVE-2017-11026,0.00885,0.26162
CVE-2017-11027,0.00885,0.26162
CVE-2017-11028,0.00885,0.26162
CVE-2017-11029,0.00885,0.26162
CVE-2017-1103,0.01055,0.50287
CVE-2017-11030,0.00885,0.26162
CVE-2017-11031,0.00885,0.26162
CVE-2017-11032,0.00885,0.26162
CVE-2017-11033,0.00885,0.26162
CVE-2017-11035,0.00885,0.26162
CVE-2017-11038,0.00885,0.26162
CVE-2017-1104,0.0095,0.30554
CVE-2017-11040,0.00885,0.26162
CVE-2017-11041,0.00954,0.34522
CVE-2017-11042,0.00885,0.26162
CVE-2017-11043,0.00954,0.34522
CVE-2017-11044,0.00885,0.26162
CVE-2017-11045,0.00885,0.26162
CVE-2017-11046,0.00885,0.26162
CVE-2017-11047,0.00885,0.26162
CVE-2017-11048,0.00885,0.26162
CVE-2017-11049,0.00885,0.26162
CVE-2017-1105,0.0095,0.30554
CVE-2017-11050,0.00885,0.26162
CVE-2017-11051,0.00885,0.26162
CVE-2017-11052,0.00885,0.26162
CVE-2017-11053,0.00885,0.26162
CVE-2017-11054,0.00885,0.26162
CVE-2017-11055,0.00885,0.26162
CVE-2017-11056,0.00885,0.26162
CVE-2017-11057,0.00885,0.26162
CVE-2017-11058,0.00885,0.26162
CVE-2017-11059,0.00885,0.26162
CVE-2017-1106,0.0089,0.2856
CVE-2017-11060,0.00885,0.26162
CVE-2017-11061,0.00885,0.26162
CVE-2017-11062,0.00885,0.26162
CVE-2017-11063,0.00885,0.26162
CVE-2017-11064,0.00885,0.26162
CVE-2017-11066,0.00885,0.26162
CVE-2017-11067,0.00885,0.26162
CVE-2017-11069,0.00954,0.34522
CVE-2017-1107,0.0089,0.2856
CVE-2017-11072,0.00885,0.26162
CVE-2017-11073,0.00885,0.26162
CVE-2017-11074,0.00885,0.26162
CVE-2017-11075,0.00885,0.26162
CVE-2017-11078,0.00885,0.26162
CVE-2017-11079,0.00885,0.26162
CVE-2017-11080,0.00885,0.26162
CVE-2017-11081,0.00885,0.26162
CVE-2017-11082,0.00885,0.26162
CVE-2017-11085,0.00885,0.26162
CVE-2017-11087,0.00885,0.26162
CVE-2017-11088,0.00885,0.26162
CVE-2017-11089,0.00954,0.34522
CVE-2017-11090,0.00885,0.26162
CVE-2017-11091,0.00885,0.26162
CVE-2017-11092,0.00885,0.26162
CVE-2017-11093,0.00885,0.26162
CVE-2017-11096,0.00885,0.26162
CVE-2017-11097,0.00885,0.26162
CVE-2017-11098,0.00885,0.26162
CVE-2017-11099,0.00885,0.26162
CVE-2017-1110,0.00885,0.26162
CVE-2017-11100,0.00885,0.26162
CVE-2017-11101,0.00885,0.26162
CVE-2017-11102,0.01319,0.70416
CVE-2017-11103,0.02172,0.79917
CVE-2017-11105,0.00885,0.26162
CVE-2017-11107,0.00954,0.34522
CVE-2017-11108,0.01213,0.6557
CVE-2017-11109,0.00954,0.34522
CVE-2017-11110,0.01055,0.50287
CVE-2017-11111,0.01136,0.57949
CVE-2017-11112,0.01055,0.50287
CVE-2017-11113,0.01055,0.50287
CVE-2017-11114,0.01055,0.50287
CVE-2017-11115,0.01055,0.50287
CVE-2017-11116,0.01055,0.50287
CVE-2017-11117,0.01055,0.50287
CVE-2017-11118,0.01055,0.50287
CVE-2017-11119,0.01055,0.50287
CVE-2017-11120,0.18327,0.96125
CVE-2017-11121,0.01537,0.73595
CVE-2017-11122,0.01108,0.53389
CVE-2017-11124,0.00954,0.34522
CVE-2017-11125,0.00954,0.34522
CVE-2017-11126,0.01055,0.50287
CVE-2017-11127,0.00885,0.26162
CVE-2017-11128,0.00885,0.26162
CVE-2017-11129,0.00885,0.26162
CVE-2017-1113,0.0095,0.30554
CVE-2017-11130,0.00885,0.26162
CVE-2017-11131,0.00885,0.26162
CVE-2017-11132,0.00885,0.26162
CVE-2017-11133,0.00885,0.26162
CVE-2017-11134,0.00885,0.26162
CVE-2017-11135,0.00885,0.26162
CVE-2017-11136,0.00885,0.26162
CVE-2017-11139,0.00954,0.34522
CVE-2017-1114,0.00885,0.26162
CVE-2017-11140,0.01213,0.6557
CVE-2017-11141,0.00885,0.26162
CVE-2017-11142,0.02172,0.79917
CVE-2017-11143,0.01537,0.73595
CVE-2017-11144,0.01537,0.73595
CVE-2017-11145,0.01537,0.73595
CVE-2017-11147,0.01537,0.73595
CVE-2017-11148,0.01055,0.50287
CVE-2017-11149,0.01055,0.50287
CVE-2017-1115,0.01055,0.50287
CVE-2017-11150,0.01055,0.50287
CVE-2017-11151,0.01055,0.50287
CVE-2017-11152,0.01055,0.50287
CVE-2017-11153,0.01055,0.50287
CVE-2017-11154,0.01055,0.50287
CVE-2017-11155,0.01055,0.50287
CVE-2017-11156,0.01318,0.6746
CVE-2017-11157,0.01238,0.6639
CVE-2017-11158,0.01238,0.6639
CVE-2017-11159,0.01238,0.6639
CVE-2017-1116,0.0089,0.2856
CVE-2017-11160,0.01238,0.6639
CVE-2017-11161,0.01055,0.50287
CVE-2017-11162,0.01055,0.50287
CVE-2017-11163,0.01055,0.50287
CVE-2017-11164,0.00954,0.34522
CVE-2017-11165,0.08382,0.93597
CVE-2017-11166,0.00885,0.26162
CVE-2017-11167,0.01055,0.50287
CVE-2017-11169,0.01055,0.50287
CVE-2017-1117,0.0089,0.2856
CVE-2017-11170,0.00885,0.26162
CVE-2017-11171,0.00885,0.26162
CVE-2017-11173,0.01018,0.38792
CVE-2017-11174,0.00885,0.26162
CVE-2017-11175,0.00885,0.26162
CVE-2017-11177,0.00885,0.26162
CVE-2017-11178,0.01055,0.50287
CVE-2017-11179,0.00885,0.26162
CVE-2017-1118,0.00954,0.34522
CVE-2017-11180,0.00885,0.26162
CVE-2017-11181,0.00885,0.26162
CVE-2017-11182,0.00885,0.26162
CVE-2017-11183,0.01055,0.50287
CVE-2017-11184,0.00885,0.26162
CVE-2017-11185,0.01136,0.57949
CVE-2017-11187,0.00885,0.26162
CVE-2017-11188,0.00885,0.26162
CVE-2017-11189,0.01055,0.50287
CVE-2017-1119,0.01055,0.50287
CVE-2017-11190,0.01055,0.50287
CVE-2017-11191,0.01055,0.50287
CVE-2017-11193,0.00954,0.34522
CVE-2017-11194,0.00885,0.26162
CVE-2017-11195,0.00954,0.34522
CVE-2017-11196,0.00954,0.34522
CVE-2017-11198,0.01055,0.50287
CVE-2017-1120,0.00954,0.34522
CVE-2017-11200,0.00885,0.26162
CVE-2017-11201,0.01055,0.50287
CVE-2017-11202,0.00885,0.26162
CVE-2017-11209,0.03183,0.83298
CVE-2017-1121,0.0089,0.2856
CVE-2017-11210,0.03183,0.83298
CVE-2017-11211,0.03183,0.83298
CVE-2017-11212,0.03183,0.83298
CVE-2017-11213,0.01202,0.60495
CVE-2017-11214,0.03183,0.83298
CVE-2017-11215,0.03097,0.83065
CVE-2017-11216,0.03183,0.83298
CVE-2017-11217,0.03183,0.83298
CVE-2017-11218,0.03183,0.83298
CVE-2017-11219,0.03183,0.83298
CVE-2017-1122,0.00954,0.34522
CVE-2017-11220,0.03183,0.83298
CVE-2017-11221,0.03183,0.83298
CVE-2017-11222,0.03183,0.83298
CVE-2017-11223,0.03183,0.83298
CVE-2017-11224,0.03183,0.83298
CVE-2017-11225,0.03097,0.83065
CVE-2017-11226,0.03183,0.83298
CVE-2017-11227,0.03183,0.83298
CVE-2017-11228,0.03183,0.83298
CVE-2017-11229,0.01126,0.53553
CVE-2017-11230,0.03183,0.83298
CVE-2017-11231,0.03183,0.83298
CVE-2017-11232,0.03183,0.83298
CVE-2017-11233,0.03183,0.83298
CVE-2017-11234,0.03183,0.83298
CVE-2017-11235,0.03183,0.83298
CVE-2017-11236,0.03183,0.83298
CVE-2017-11237,0.03183,0.83298
CVE-2017-11238,0.03183,0.83298
CVE-2017-11239,0.03183,0.83298
CVE-2017-1124,0.00885,0.26162
CVE-2017-11240,0.01282,0.66661
CVE-2017-11241,0.03183,0.83298
CVE-2017-11242,0.03183,0.83298
CVE-2017-11243,0.03183,0.83298
CVE-2017-11244,0.03183,0.83298
CVE-2017-11245,0.03183,0.83298
CVE-2017-11246,0.03183,0.83298
CVE-2017-11248,0.03183,0.83298
CVE-2017-11249,0.03183,0.83298
CVE-2017-1125,0.0089,0.2856
CVE-2017-11250,0.01282,0.66661
CVE-2017-11251,0.03183,0.83298
CVE-2017-11252,0.03183,0.83298
CVE-2017-11253,0.01282,0.66661
CVE-2017-11254,0.03183,0.83298
CVE-2017-11255,0.03183,0.83298
CVE-2017-11256,0.03183,0.83298
CVE-2017-11257,0.03183,0.83298
CVE-2017-11258,0.03183,0.83298
CVE-2017-11259,0.03183,0.83298
CVE-2017-1126,0.00954,0.34522
CVE-2017-11260,0.03183,0.83298
CVE-2017-11261,0.03183,0.83298
CVE-2017-11262,0.03183,0.83298
CVE-2017-11263,0.03183,0.83298
CVE-2017-11265,0.03183,0.83298
CVE-2017-11267,0.03183,0.83298
CVE-2017-11268,0.03183,0.83298
CVE-2017-11269,0.03183,0.83298
CVE-2017-1127,0.00885,0.26162
CVE-2017-11270,0.03183,0.83298
CVE-2017-11271,0.03183,0.83298
CVE-2017-11272,0.01126,0.53553
CVE-2017-11273,0.01126,0.53553
CVE-2017-11274,0.03183,0.83298
CVE-2017-11275,0.03183,0.83298
CVE-2017-11276,0.03183,0.83298
CVE-2017-11277,0.03183,0.83298
CVE-2017-11278,0.03183,0.83298
CVE-2017-11279,0.03183,0.83298
CVE-2017-1128,0.00885,0.26162
CVE-2017-11280,0.03183,0.83298
CVE-2017-11281,0.4698,0.98445
CVE-2017-11282,0.84976,0.99646
CVE-2017-11283,0.01126,0.53553
CVE-2017-11284,0.01126,0.53553
CVE-2017-11285,0.01126,0.53553
CVE-2017-11286,0.01126,0.53553
CVE-2017-11287,0.01126,0.53553
CVE-2017-11288,0.01126,0.53553
CVE-2017-11289,0.01126,0.53553
CVE-2017-1129,0.73445,0.99239
CVE-2017-11290,0.01126,0.53553
CVE-2017-11291,0.01126,0.53553
CVE-2017-11292,0.02792,0.8224
CVE-2017-11293,0.03097,0.83065
CVE-2017-11294,0.03097,0.83065
CVE-2017-11295,0.01783,0.75945
CVE-2017-11296,0.01126,0.53553
CVE-2017-11297,0.01126,0.53553
CVE-2017-11298,0.01126,0.53553
CVE-2017-11299,0.01126,0.53553
CVE-2017-1130,0.73445,0.99239
CVE-2017-11300,0.01126,0.53553
CVE-2017-11301,0.01126,0.53553
CVE-2017-11302,0.03097,0.83065
CVE-2017-11303,0.03097,0.83065
CVE-2017-11304,0.03097,0.83065
CVE-2017-11305,0.01202,0.60495
CVE-2017-11306,0.01282,0.66661
CVE-2017-11307,0.01282,0.66661
CVE-2017-11308,0.01282,0.66661
CVE-2017-11309,0.0916,0.93875
CVE-2017-1131,0.0089,0.2856
CVE-2017-11310,0.00954,0.34522
CVE-2017-11311,0.01603,0.74718
CVE-2017-11318,0.00885,0.26162
CVE-2017-11319,0.08078,0.93055
CVE-2017-1132,0.0089,0.2856
CVE-2017-11320,0.02173,0.80027
CVE-2017-11321,0.08078,0.93055
CVE-2017-11322,0.027,0.8207
CVE-2017-11323,0.01765,0.75587
CVE-2017-11324,0.00885,0.26162
CVE-2017-11325,0.00885,0.26162
CVE-2017-11326,0.00885,0.26162
CVE-2017-11327,0.00885,0.26162
CVE-2017-11328,0.00885,0.26162
CVE-2017-11329,0.00885,0.26162
CVE-2017-1133,0.00885,0.26162
CVE-2017-11330,0.02808,0.8233
CVE-2017-11331,0.02808,0.8233
CVE-2017-11332,0.01213,0.6557
CVE-2017-11333,0.01213,0.6557
CVE-2017-11334,0.01791,0.76026
CVE-2017-11335,0.03249,0.83468
CVE-2017-11336,0.01055,0.50287
CVE-2017-11337,0.01055,0.50287
CVE-2017-11338,0.01055,0.50287
CVE-2017-11339,0.01055,0.50287
CVE-2017-1134,0.0089,0.2856
CVE-2017-11340,0.01055,0.50287
CVE-2017-11341,0.01055,0.50287
CVE-2017-11342,0.01055,0.50287
CVE-2017-11343,0.00885,0.26162
CVE-2017-11344,0.01765,0.75587
CVE-2017-11345,0.01765,0.75587
CVE-2017-11346,0.05365,0.89438
CVE-2017-11347,0.01702,0.75164
CVE-2017-11348,0.00885,0.26162
CVE-2017-11349,0.01055,0.50287
CVE-2017-11350,0.00885,0.26162
CVE-2017-11351,0.00885,0.26162
CVE-2017-11352,0.01018,0.38792
CVE-2017-11353,0.00885,0.26162
CVE-2017-11354,0.00885,0.26162
CVE-2017-11355,0.01136,0.57949
CVE-2017-11356,0.01061,0.51015
CVE-2017-11358,0.01213,0.6557
CVE-2017-11359,0.01213,0.6557
CVE-2017-11360,0.00885,0.26162
CVE-2017-11361,0.00885,0.26162
CVE-2017-11362,0.01213,0.6557
CVE-2017-11364,0.01132,0.54372
CVE-2017-11365,0.00885,0.26162
CVE-2017-11367,0.01055,0.50287
CVE-2017-11368,0.0095,0.30554
CVE-2017-1137,0.01055,0.50287
CVE-2017-11379,0.00885,0.26162
CVE-2017-11380,0.00885,0.26162
CVE-2017-11381,0.02055,0.7893
CVE-2017-11382,0.01136,0.57949
CVE-2017-11383,0.05785,0.89924
CVE-2017-11384,0.05785,0.89924
CVE-2017-11385,0.05785,0.89924
CVE-2017-11386,0.05785,0.89924
CVE-2017-11387,0.01018,0.38792
CVE-2017-11388,0.04695,0.88634
CVE-2017-11389,0.05785,0.89924
CVE-2017-11390,0.00954,0.34522
CVE-2017-11391,0.04695,0.88634
CVE-2017-11392,0.04695,0.88634
CVE-2017-11393,0.05785,0.89924
CVE-2017-11394,0.83379,0.99578
CVE-2017-11395,0.0226,0.80584
CVE-2017-11396,0.01055,0.50287
CVE-2017-11397,0.01611,0.74874
CVE-2017-11398,0.01018,0.38792
CVE-2017-11399,0.01213,0.6557
CVE-2017-1140,0.0089,0.2856
CVE-2017-11400,0.00885,0.26162
CVE-2017-11401,0.00885,0.26162
CVE-2017-11402,0.00885,0.26162
CVE-2017-11403,0.01018,0.38792
CVE-2017-11404,0.01055,0.50287
CVE-2017-11405,0.01055,0.50287
CVE-2017-11406,0.01108,0.53389
CVE-2017-11407,0.01108,0.53389
CVE-2017-11408,0.01183,0.60428
CVE-2017-11409,0.01108,0.53389
CVE-2017-1141,0.00885,0.26162
CVE-2017-11410,0.00954,0.34522
CVE-2017-11411,0.00954,0.34522
CVE-2017-11412,0.00885,0.26162
CVE-2017-11413,0.00885,0.26162
CVE-2017-11414,0.00885,0.26162
CVE-2017-11415,0.00885,0.26162
CVE-2017-11416,0.00885,0.26162
CVE-2017-11417,0.00885,0.26162
CVE-2017-11418,0.00885,0.26162
CVE-2017-11419,0.00885,0.26162
CVE-2017-1142,0.01055,0.50287
CVE-2017-11420,0.02166,0.79253
CVE-2017-11421,0.0095,0.30554
CVE-2017-11422,0.00885,0.26162
CVE-2017-11423,0.01213,0.6557
CVE-2017-11424,0.00885,0.26162
CVE-2017-11428,0.00885,0.26162
CVE-2017-11429,0.00885,0.26162
CVE-2017-1143,0.01055,0.50287
CVE-2017-11430,0.00885,0.26162
CVE-2017-11434,0.01034,0.39824
CVE-2017-11435,0.08382,0.93597
CVE-2017-11436,0.01055,0.50287
CVE-2017-11437,0.00885,0.26162
CVE-2017-11438,0.00885,0.26162
CVE-2017-11439,0.00885,0.26162
CVE-2017-1144,0.0089,0.2856
CVE-2017-11440,0.00885,0.26162
CVE-2017-11441,0.00885,0.26162
CVE-2017-11445,0.00885,0.26162
CVE-2017-11446,0.01018,0.38792
CVE-2017-11447,0.01018,0.38792
CVE-2017-11448,0.01136,0.57949
CVE-2017-11449,0.01213,0.6557
CVE-2017-1145,0.00954,0.34522
CVE-2017-11450,0.01213,0.6557
CVE-2017-11455,0.01136,0.57949
CVE-2017-11456,0.08382,0.93597
CVE-2017-11457,0.01055,0.50287
CVE-2017-11458,0.01055,0.50287
CVE-2017-11459,0.01702,0.75164
CVE-2017-1146,0.00885,0.26162
CVE-2017-11460,0.01136,0.57949
CVE-2017-11461,0.00885,0.26162
CVE-2017-11462,0.01018,0.38792
CVE-2017-11463,0.00885,0.26162
CVE-2017-11464,0.01108,0.53389
CVE-2017-11465,0.00885,0.26162
CVE-2017-11466,0.04695,0.88634
CVE-2017-11467,0.7962,0.99468
CVE-2017-11468,0.01213,0.6557
CVE-2017-11469,0.00885,0.26162
CVE-2017-1147,0.0089,0.2856
CVE-2017-11470,0.00885,0.26162
CVE-2017-11471,0.00885,0.26162
CVE-2017-11472,0.01034,0.39824
CVE-2017-11473,0.01034,0.39824
CVE-2017-11474,0.00885,0.26162
CVE-2017-11475,0.00885,0.26162
CVE-2017-11478,0.01055,0.50287
CVE-2017-11479,0.00954,0.34522
CVE-2017-1148,0.00954,0.34522
CVE-2017-11480,0.00885,0.26162
CVE-2017-11481,0.00885,0.26162
CVE-2017-11482,0.00885,0.26162
CVE-2017-1149,0.01055,0.50287
CVE-2017-11494,0.01564,0.74439
CVE-2017-11495,0.01702,0.75164
CVE-2017-11496,0.06908,0.9183
CVE-2017-11497,0.06908,0.9183
CVE-2017-11498,0.01319,0.70416
CVE-2017-11499,0.01018,0.38792
CVE-2017-1150,0.0089,0.2856
CVE-2017-11500,0.01055,0.50287
CVE-2017-11501,0.00954,0.34522
CVE-2017-11502,0.08382,0.93597
CVE-2017-11503,0.01018,0.38792
CVE-2017-11505,0.01055,0.50287
CVE-2017-11506,0.00885,0.26162
CVE-2017-11507,0.00885,0.26162
CVE-2017-11508,0.00885,0.26162
CVE-2017-11509,0.04571,0.88388
CVE-2017-1151,0.00954,0.34522
CVE-2017-11510,0.01055,0.50287
CVE-2017-11511,0.01055,0.50287
CVE-2017-11512,0.01055,0.50287
CVE-2017-11516,0.00885,0.26162
CVE-2017-11517,0.45922,0.98293
CVE-2017-1152,0.00885,0.26162
CVE-2017-11521,0.01213,0.6557
CVE-2017-11522,0.01136,0.57949
CVE-2017-11523,0.01319,0.70416
CVE-2017-11524,0.01136,0.57949
CVE-2017-11525,0.01136,0.57949
CVE-2017-11526,0.01136,0.57949
CVE-2017-11527,0.01055,0.50287
CVE-2017-11528,0.01055,0.50287
CVE-2017-11529,0.01055,0.50287
CVE-2017-1153,0.00885,0.26162
CVE-2017-11530,0.01055,0.50287
CVE-2017-11531,0.00885,0.26162
CVE-2017-11532,0.00885,0.26162
CVE-2017-11533,0.01018,0.38792
CVE-2017-11534,0.00885,0.26162
CVE-2017-11535,0.01018,0.38792
CVE-2017-11536,0.00885,0.26162
CVE-2017-11537,0.01018,0.38792
CVE-2017-11538,0.00885,0.26162
CVE-2017-11539,0.00885,0.26162
CVE-2017-1154,0.00885,0.26162
CVE-2017-11540,0.00885,0.26162
CVE-2017-11541,0.01108,0.53389
CVE-2017-11542,0.01108,0.53389
CVE-2017-11543,0.01108,0.53389
CVE-2017-11546,0.01055,0.50287
CVE-2017-11547,0.01055,0.50287
CVE-2017-11548,0.02808,0.8233
CVE-2017-11549,0.01055,0.50287
CVE-2017-1155,0.00885,0.26162
CVE-2017-11550,0.01055,0.50287
CVE-2017-11551,0.01055,0.50287
CVE-2017-11552,0.08382,0.93597
CVE-2017-11553,0.01055,0.50287
CVE-2017-11554,0.01055,0.50287
CVE-2017-11555,0.01055,0.50287
CVE-2017-11556,0.01055,0.50287
CVE-2017-11557,0.03479,0.84045
CVE-2017-11559,0.0176,0.7531
CVE-2017-1156,0.01136,0.57949
CVE-2017-11560,0.0089,0.2856
CVE-2017-11561,0.0089,0.2856
CVE-2017-11562,0.00885,0.26162
CVE-2017-11563,0.01978,0.78447
CVE-2017-11564,0.02055,0.7893
CVE-2017-11565,0.00885,0.26162
CVE-2017-11566,0.01005,0.35949
CVE-2017-11567,0.11065,0.9464
CVE-2017-11568,0.01102,0.51825
CVE-2017-11569,0.01102,0.51825
CVE-2017-1157,0.0089,0.2856
CVE-2017-11570,0.01525,0.72834
CVE-2017-11571,0.01102,0.51825
CVE-2017-11572,0.01102,0.51825
CVE-2017-11573,0.01525,0.72834
CVE-2017-11574,0.01102,0.51825
CVE-2017-11575,0.01102,0.51825
CVE-2017-11576,0.00885,0.26162
CVE-2017-11577,0.01102,0.51825
CVE-2017-11578,0.00954,0.34522
CVE-2017-11579,0.00954,0.34522
CVE-2017-11580,0.00954,0.34522
CVE-2017-11581,0.00885,0.26162
CVE-2017-11582,0.00885,0.26162
CVE-2017-11583,0.00885,0.26162
CVE-2017-11584,0.00885,0.26162
CVE-2017-11585,0.01599,0.74589
CVE-2017-11586,0.00885,0.26162
CVE-2017-11587,0.00885,0.26162
CVE-2017-11588,0.02166,0.79253
CVE-2017-11589,0.00885,0.26162
CVE-2017-1159,0.01055,0.50287
CVE-2017-11590,0.01055,0.50287
CVE-2017-11591,0.01055,0.50287
CVE-2017-11592,0.01055,0.50287
CVE-2017-11593,0.01055,0.50287
CVE-2017-11594,0.01061,0.51015
CVE-2017-1160,0.00885,0.26162
CVE-2017-11600,0.01282,0.67298
CVE-2017-11605,0.01055,0.50287
CVE-2017-11608,0.01055,0.50287
CVE-2017-1161,0.01055,0.50287
CVE-2017-11612,0.00885,0.26162
CVE-2017-11613,0.01108,0.53389
CVE-2017-11614,0.00885,0.26162
CVE-2017-11615,0.00885,0.26162
CVE-2017-11617,0.01055,0.50287
CVE-2017-1162,0.00954,0.34522
CVE-2017-11624,0.00954,0.34522
CVE-2017-11625,0.00954,0.34522
CVE-2017-11626,0.00954,0.34522
CVE-2017-11627,0.00954,0.34522
CVE-2017-11628,0.01537,0.73595
CVE-2017-11629,0.00885,0.26162
CVE-2017-11630,0.01055,0.50287
CVE-2017-11631,0.00885,0.26162
CVE-2017-11632,0.01055,0.50287
CVE-2017-11633,0.01055,0.50287
CVE-2017-11634,0.01055,0.50287
CVE-2017-11635,0.00885,0.26162
CVE-2017-11636,0.01018,0.38792
CVE-2017-11637,0.01018,0.38792
CVE-2017-11638,0.01108,0.53389
CVE-2017-11639,0.01018,0.38792
CVE-2017-1164,0.0089,0.2856
CVE-2017-11640,0.01108,0.53389
CVE-2017-11641,0.01018,0.38792
CVE-2017-11642,0.01108,0.53389
CVE-2017-11643,0.01018,0.38792
CVE-2017-11644,0.00885,0.26162
CVE-2017-11645,0.00885,0.26162
CVE-2017-11646,0.00885,0.26162
CVE-2017-11647,0.00885,0.26162
CVE-2017-11648,0.00885,0.26162
CVE-2017-11649,0.01055,0.50287
CVE-2017-11650,0.01055,0.50287
CVE-2017-11651,0.00885,0.26162
CVE-2017-11652,0.00885,0.26162
CVE-2017-11653,0.00885,0.26162
CVE-2017-11654,0.01055,0.50287
CVE-2017-11655,0.01055,0.50287
CVE-2017-11657,0.01832,0.76196
CVE-2017-11658,0.00954,0.34522
CVE-2017-11661,0.00885,0.26162
CVE-2017-11662,0.00885,0.26162
CVE-2017-11663,0.00885,0.26162
CVE-2017-11664,0.00954,0.34522
CVE-2017-11665,0.00954,0.34522
CVE-2017-11666,0.01055,0.50287
CVE-2017-11667,0.01136,0.57949
CVE-2017-11668,0.01055,0.50287
CVE-2017-11669,0.01055,0.50287
CVE-2017-11670,0.01055,0.50287
CVE-2017-11671,0.01018,0.38792
CVE-2017-11672,0.00885,0.26162
CVE-2017-11673,0.01702,0.75164
CVE-2017-11674,0.01055,0.50287
CVE-2017-11675,0.01055,0.50287
CVE-2017-11677,0.01055,0.50287
CVE-2017-11678,0.01055,0.50287
CVE-2017-11679,0.00885,0.26162
CVE-2017-1168,0.0089,0.2856
CVE-2017-11680,0.00885,0.26162
CVE-2017-11681,0.01055,0.50287
CVE-2017-11682,0.01055,0.50287
CVE-2017-11683,0.01136,0.57949
CVE-2017-11684,0.01055,0.50287
CVE-2017-11685,0.01055,0.50287
CVE-2017-11686,0.01055,0.50287
CVE-2017-11687,0.01055,0.50287
CVE-2017-1169,0.0089,0.2856
CVE-2017-11691,0.01132,0.54372
CVE-2017-11692,0.01055,0.50287
CVE-2017-11693,0.00885,0.26162
CVE-2017-11694,0.00885,0.26162
CVE-2017-11695,0.01034,0.39824
CVE-2017-11696,0.01034,0.39824
CVE-2017-11697,0.01034,0.39824
CVE-2017-11698,0.01034,0.39824
CVE-2017-1170,0.0089,0.2856
CVE-2017-11703,0.00885,0.26162
CVE-2017-11704,0.00885,0.26162
CVE-2017-11705,0.00885,0.26162
CVE-2017-11706,0.01055,0.50287
CVE-2017-1171,0.00885,0.26162
CVE-2017-11714,0.01213,0.6557
CVE-2017-11715,0.01055,0.50287
CVE-2017-11716,0.00885,0.26162
CVE-2017-11717,0.01055,0.50287
CVE-2017-11718,0.00885,0.26162
CVE-2017-11719,0.01213,0.6557
CVE-2017-11720,0.00954,0.34522
CVE-2017-11721,0.01136,0.57949
CVE-2017-11722,0.01213,0.6557
CVE-2017-11723,0.01055,0.50287
CVE-2017-11724,0.00954,0.34522
CVE-2017-11725,0.00885,0.26162
CVE-2017-11726,0.00885,0.26162
CVE-2017-11727,0.01599,0.74589
CVE-2017-11728,0.00954,0.34522
CVE-2017-11729,0.00954,0.34522
CVE-2017-11730,0.00954,0.34522
CVE-2017-11731,0.00954,0.34522
CVE-2017-11732,0.01018,0.38792
CVE-2017-11733,0.01018,0.38792
CVE-2017-11734,0.00954,0.34522
CVE-2017-11736,0.01055,0.50287
CVE-2017-11737,0.00885,0.26162
CVE-2017-11738,0.03479,0.84045
CVE-2017-11739,0.03479,0.84045
CVE-2017-1174,0.01061,0.51015
CVE-2017-11740,0.0176,0.7531
CVE-2017-11741,0.02515,0.81066
CVE-2017-11742,0.00885,0.26162
CVE-2017-11743,0.00885,0.26162
CVE-2017-11744,0.00885,0.26162
CVE-2017-11746,0.00885,0.26162
CVE-2017-11747,0.00885,0.26162
CVE-2017-11748,0.00885,0.26162
CVE-2017-11749,0.00885,0.26162
CVE-2017-1175,0.01136,0.57949
CVE-2017-11750,0.01055,0.50287
CVE-2017-11751,0.01055,0.50287
CVE-2017-11752,0.01055,0.50287
CVE-2017-11753,0.01055,0.50287
CVE-2017-11754,0.01055,0.50287
CVE-2017-11755,0.01055,0.50287
CVE-2017-11756,0.01055,0.50287
CVE-2017-11757,0.05785,0.89924
CVE-2017-1176,0.0089,0.2856
CVE-2017-11760,0.01055,0.50287
CVE-2017-11761,0.06416,0.90604
CVE-2017-11762,0.3932,0.97991
CVE-2017-11763,0.3932,0.97991
CVE-2017-11764,0.88138,0.99788
CVE-2017-11765,0.01418,0.72341
CVE-2017-11766,0.12707,0.95358
CVE-2017-11767,0.06454,0.90615
CVE-2017-11768,0.11348,0.94801
CVE-2017-11769,0.3932,0.97991
CVE-2017-1177,0.00885,0.26162
CVE-2017-11770,0.08117,0.93071
CVE-2017-11771,0.3932,0.97991
CVE-2017-11772,0.06416,0.90604
CVE-2017-11775,0.01418,0.72341
CVE-2017-11776,0.06416,0.90604
CVE-2017-11777,0.01418,0.72341
CVE-2017-11779,0.3932,0.97991
CVE-2017-1178,0.00954,0.34522
CVE-2017-11780,0.3932,0.97991
CVE-2017-11781,0.06416,0.90604
CVE-2017-11782,0.01418,0.72341
CVE-2017-11784,0.01418,0.72341
CVE-2017-11785,0.02185,0.80059
CVE-2017-11786,0.10457,0.94385
CVE-2017-11788,0.06416,0.90604
CVE-2017-1179,0.00954,0.34522
CVE-2017-11790,0.06416,0.90604
CVE-2017-11791,0.09867,0.94091
CVE-2017-11792,0.12707,0.95358
CVE-2017-11793,0.88138,0.99788
CVE-2017-11794,0.06416,0.90604
CVE-2017-11796,0.12707,0.95358
CVE-2017-11797,0.07698,0.92753
CVE-2017-11798,0.12707,0.95358
CVE-2017-11799,0.88138,0.99788
CVE-2017-1180,0.00885,0.26162
CVE-2017-11800,0.12707,0.95358
CVE-2017-11801,0.07698,0.92753
CVE-2017-11802,0.88138,0.99788
CVE-2017-11803,0.06416,0.90604
CVE-2017-11804,0.12707,0.95358
CVE-2017-11805,0.12707,0.95358
CVE-2017-11806,0.12707,0.95358
CVE-2017-11807,0.12707,0.95358
CVE-2017-11808,0.12707,0.95358
CVE-2017-11809,0.88138,0.99788
CVE-2017-1181,0.0095,0.30554
CVE-2017-11810,0.88138,0.99788
CVE-2017-11811,0.88138,0.99788
CVE-2017-11812,0.12707,0.95358
CVE-2017-11813,0.12707,0.95358
CVE-2017-11814,0.01418,0.72341
CVE-2017-11815,0.01418,0.72341
CVE-2017-11816,0.01418,0.72341
CVE-2017-11817,0.01418,0.72341
CVE-2017-11818,0.01418,0.72341
CVE-2017-11819,0.38081,0.97877
CVE-2017-1182,0.00954,0.34522
CVE-2017-11820,0.01418,0.72341
CVE-2017-11821,0.12707,0.95358
CVE-2017-11822,0.12707,0.95358
CVE-2017-11823,0.02185,0.80059
CVE-2017-11824,0.01418,0.72341
CVE-2017-11825,0.3932,0.97991
CVE-2017-11827,0.09203,0.93927
CVE-2017-11829,0.01418,0.72341
CVE-2017-1183,0.01018,0.38792
CVE-2017-11830,0.02185,0.80059
CVE-2017-11831,0.02185,0.80059
CVE-2017-11832,0.01418,0.72341
CVE-2017-11833,0.06416,0.90604
CVE-2017-11834,0.06416,0.90604
CVE-2017-11835,0.01418,0.72341
CVE-2017-11836,0.06454,0.90615
CVE-2017-11837,0.09923,0.94271
CVE-2017-11838,0.09923,0.94271
CVE-2017-11839,0.7426,0.9927
CVE-2017-11840,0.7426,0.9927
CVE-2017-11841,0.7426,0.9927
CVE-2017-11842,0.01418,0.72341
CVE-2017-11843,0.09923,0.94271
CVE-2017-11844,0.06416,0.90604
CVE-2017-11845,0.12707,0.95358
CVE-2017-11846,0.09923,0.94271
CVE-2017-11847,0.06416,0.90604
CVE-2017-11848,0.06416,0.90604
CVE-2017-11849,0.01418,0.72341
CVE-2017-11850,0.01418,0.72341
CVE-2017-11851,0.01418,0.72341
CVE-2017-11852,0.01418,0.72341
CVE-2017-11853,0.06416,0.90604
CVE-2017-11854,0.06454,0.90615
CVE-2017-11855,0.65075,0.98979
CVE-2017-11856,0.05742,0.8986
CVE-2017-11858,0.09203,0.93927
CVE-2017-11861,0.7426,0.9927
CVE-2017-11862,0.06454,0.90615
CVE-2017-11863,0.06416,0.90604
CVE-2017-11866,0.06454,0.90615
CVE-2017-11869,0.09203,0.93927
CVE-2017-11870,0.7426,0.9927
CVE-2017-11871,0.06454,0.90615
CVE-2017-11872,0.06416,0.90604
CVE-2017-11873,0.7426,0.9927
CVE-2017-11874,0.06416,0.90604
CVE-2017-11876,0.0915,0.93872
CVE-2017-11877,0.06416,0.90604
CVE-2017-11878,0.06454,0.90615
CVE-2017-11879,0.10457,0.94385
CVE-2017-11880,0.01418,0.72341
CVE-2017-11883,0.06416,0.90604
CVE-2017-11884,0.06454,0.90615
CVE-2017-11885,0.55293,0.98728
CVE-2017-11887,0.06416,0.90604
CVE-2017-11888,0.10622,0.94405
CVE-2017-11889,0.10622,0.94405
CVE-2017-1189,0.01018,0.38792
CVE-2017-11890,0.88138,0.99788
CVE-2017-11893,0.88138,0.99788
CVE-2017-11894,0.09923,0.94271
CVE-2017-11895,0.09923,0.94271
CVE-2017-11899,0.06416,0.90604
CVE-2017-1190,0.01102,0.51825
CVE-2017-11901,0.06454,0.90615
CVE-2017-11903,0.7426,0.9927
CVE-2017-11905,0.10622,0.94405
CVE-2017-11906,0.46217,0.98304
CVE-2017-11908,0.10622,0.94405
CVE-2017-11909,0.88138,0.99788
CVE-2017-1191,0.00885,0.26162
CVE-2017-11910,0.10622,0.94405
CVE-2017-11911,0.88138,0.99788
CVE-2017-11912,0.09923,0.94271
CVE-2017-11913,0.10622,0.94405
CVE-2017-11914,0.7426,0.9927
CVE-2017-11916,0.06036,0.90151
CVE-2017-11918,0.7426,0.9927
CVE-2017-11919,0.06416,0.90604
CVE-2017-1192,0.01136,0.57949
CVE-2017-11927,0.06416,0.90604
CVE-2017-1193,0.0089,0.2856
CVE-2017-11930,0.10622,0.94405
CVE-2017-11932,0.06416,0.90604
CVE-2017-11934,0.06416,0.90604
CVE-2017-11935,0.34599,0.97683
CVE-2017-11936,0.01418,0.72341
CVE-2017-11937,0.3932,0.97991
CVE-2017-11939,0.01418,0.72341
CVE-2017-1194,0.00954,0.34522
CVE-2017-11940,0.34599,0.97683
CVE-2017-1195,0.01055,0.50287
CVE-2017-1196,0.00954,0.34522
CVE-2017-1197,0.01055,0.50287
CVE-2017-1198,0.00885,0.26162
CVE-2017-1199,0.0089,0.2856
CVE-2017-1200,0.00885,0.26162
CVE-2017-1201,0.00885,0.26162
CVE-2017-1202,0.01055,0.50287
CVE-2017-1203,0.01018,0.38792
CVE-2017-1204,0.01136,0.57949
CVE-2017-1205,0.00885,0.26162
CVE-2017-12061,0.01319,0.70416
CVE-2017-12062,0.01213,0.6557
CVE-2017-12064,0.00885,0.26162
CVE-2017-12065,0.05785,0.89924
CVE-2017-12066,0.01061,0.51015
CVE-2017-12067,0.00885,0.26162
CVE-2017-12068,0.00885,0.26162
CVE-2017-12069,0.01018,0.38792
CVE-2017-1207,0.0089,0.2856
CVE-2017-12070,0.00885,0.26162
CVE-2017-12071,0.01055,0.50287
CVE-2017-12072,0.01055,0.50287
CVE-2017-12074,0.01055,0.50287
CVE-2017-12075,0.01055,0.50287
CVE-2017-12076,0.01055,0.50287
CVE-2017-12077,0.01055,0.50287
CVE-2017-12078,0.01055,0.50287
CVE-2017-12079,0.01055,0.50287
CVE-2017-1208,0.0089,0.2856
CVE-2017-12080,0.01055,0.50287
CVE-2017-12081,0.01559,0.742
CVE-2017-12082,0.01559,0.742
CVE-2017-12083,0.00885,0.26162
CVE-2017-12084,0.00885,0.26162
CVE-2017-12085,0.00885,0.26162
CVE-2017-12086,0.01559,0.742
CVE-2017-12087,0.00885,0.26162
CVE-2017-12088,0.00885,0.26162
CVE-2017-12089,0.00885,0.26162
CVE-2017-1209,0.00885,0.26162
CVE-2017-12090,0.00885,0.26162
CVE-2017-12092,0.00885,0.26162
CVE-2017-12093,0.00885,0.26162
CVE-2017-12094,0.00885,0.26162
CVE-2017-12095,0.00885,0.26162
CVE-2017-12096,0.00885,0.26162
CVE-2017-12097,0.00885,0.26162
CVE-2017-12098,0.00885,0.26162
CVE-2017-12099,0.01559,0.742
CVE-2017-1210,0.00885,0.26162
CVE-2017-12100,0.01559,0.742
CVE-2017-12101,0.01559,0.742
CVE-2017-12102,0.01559,0.742
CVE-2017-12103,0.01559,0.742
CVE-2017-12104,0.01559,0.742
CVE-2017-12105,0.01559,0.742
CVE-2017-12106,0.01102,0.51825
CVE-2017-12107,0.01036,0.41241
CVE-2017-12108,0.01156,0.60033
CVE-2017-12109,0.01156,0.60033
CVE-2017-1211,0.0089,0.2856
CVE-2017-12110,0.04967,0.88942
CVE-2017-12111,0.04967,0.88942
CVE-2017-12112,0.00885,0.26162
CVE-2017-12113,0.00885,0.26162
CVE-2017-12114,0.00885,0.26162
CVE-2017-12115,0.00885,0.26162
CVE-2017-12116,0.00885,0.26162
CVE-2017-12117,0.00885,0.26162
CVE-2017-12118,0.00885,0.26162
CVE-2017-12119,0.00885,0.26162
CVE-2017-1212,0.00885,0.26162
CVE-2017-12120,0.02055,0.7893
CVE-2017-12121,0.02055,0.7893
CVE-2017-12122,0.02509,0.81058
CVE-2017-12123,0.00885,0.26162
CVE-2017-12124,0.00885,0.26162
CVE-2017-12125,0.02055,0.7893
CVE-2017-12126,0.00885,0.26162
CVE-2017-12127,0.00885,0.26162
CVE-2017-12128,0.00885,0.26162
CVE-2017-12129,0.00885,0.26162
CVE-2017-12130,0.00885,0.26162
CVE-2017-12131,0.00885,0.26162
CVE-2017-12132,0.01018,0.38792
CVE-2017-12133,0.01213,0.6557
CVE-2017-12134,0.01282,0.67298
CVE-2017-12135,0.01282,0.67298
CVE-2017-12136,0.01104,0.52279
CVE-2017-12137,0.01104,0.52279
CVE-2017-12138,0.00885,0.26162
CVE-2017-12139,0.00885,0.26162
CVE-2017-1214,0.01061,0.51015
CVE-2017-12140,0.01108,0.53389
CVE-2017-12141,0.01018,0.38792
CVE-2017-12142,0.00954,0.34522
CVE-2017-12143,0.00885,0.26162
CVE-2017-12144,0.01018,0.38792
CVE-2017-12145,0.00885,0.26162
CVE-2017-12146,0.01104,0.52279
CVE-2017-12148,0.0144,0.7265
CVE-2017-12150,0.02172,0.79917
CVE-2017-12151,0.01537,0.73595
CVE-2017-12153,0.01282,0.67298
CVE-2017-12154,0.01282,0.67298
CVE-2017-12155,0.0095,0.30554
CVE-2017-12156,0.00885,0.26162
CVE-2017-12157,0.00885,0.26162
CVE-2017-12158,0.0095,0.30554
CVE-2017-12159,0.01018,0.38792
CVE-2017-12160,0.0095,0.30554
CVE-2017-12161,0.00885,0.26162
CVE-2017-12163,0.02686,0.82061
CVE-2017-12164,0.00885,0.26162
CVE-2017-12165,0.01537,0.73595
CVE-2017-12166,0.02578,0.8123
CVE-2017-12167,0.01282,0.67298
CVE-2017-12168,0.0095,0.30554
CVE-2017-12169,0.01055,0.50287
CVE-2017-1217,0.01018,0.38792
CVE-2017-12170,0.00885,0.26162
CVE-2017-12171,0.01246,0.66436
CVE-2017-12172,0.01104,0.52279
CVE-2017-12173,0.0089,0.2856
CVE-2017-12174,0.03032,0.82851
CVE-2017-12175,0.0095,0.30554
CVE-2017-12176,0.02509,0.81058
CVE-2017-12177,0.02509,0.81058
CVE-2017-12178,0.02509,0.81058
CVE-2017-12179,0.02509,0.81058
CVE-2017-1218,0.01018,0.38792
CVE-2017-12180,0.02509,0.81058
CVE-2017-12181,0.02509,0.81058
CVE-2017-12182,0.02509,0.81058
CVE-2017-12183,0.02509,0.81058
CVE-2017-12184,0.02509,0.81058
CVE-2017-12185,0.02509,0.81058
CVE-2017-12186,0.02509,0.81058
CVE-2017-12187,0.02509,0.81058
CVE-2017-12188,0.01547,0.7409
CVE-2017-12189,0.01034,0.39824
CVE-2017-1219,0.01055,0.50287
CVE-2017-12190,0.01547,0.74085
CVE-2017-12191,0.00885,0.26162
CVE-2017-12192,0.01104,0.52279
CVE-2017-12193,0.01104,0.52279
CVE-2017-12194,0.02509,0.81058
CVE-2017-12195,0.00954,0.34522
CVE-2017-12196,0.01537,0.73595
CVE-2017-12197,0.01034,0.39824
CVE-2017-12199,0.00885,0.26162
CVE-2017-1220,0.00954,0.34522
CVE-2017-12200,0.00885,0.26162
CVE-2017-1221,0.00954,0.34522
CVE-2017-12211,0.01132,0.54372
CVE-2017-12212,0.01213,0.6557
CVE-2017-12213,0.00954,0.34522
CVE-2017-12214,0.01061,0.51015
CVE-2017-12215,0.01136,0.57949
CVE-2017-12216,0.01136,0.57949
CVE-2017-12217,0.01136,0.57949
CVE-2017-12218,0.01136,0.57949
CVE-2017-12219,0.01136,0.57949
CVE-2017-1222,0.00954,0.34522
CVE-2017-12220,0.01055,0.50287
CVE-2017-12221,0.0185,0.76248
CVE-2017-12222,0.00954,0.34522
CVE-2017-12223,0.01603,0.74718
CVE-2017-12224,0.01061,0.51015
CVE-2017-12225,0.01136,0.57949
CVE-2017-12226,0.01132,0.54372
CVE-2017-12227,0.01061,0.51015
CVE-2017-12228,0.01136,0.57949
CVE-2017-12229,0.01136,0.57949
CVE-2017-1223,0.01136,0.57949
CVE-2017-12230,0.01061,0.51015
CVE-2017-12231,0.01136,0.57949
CVE-2017-12232,0.00954,0.34522
CVE-2017-12233,0.01136,0.57949
CVE-2017-12234,0.01136,0.57949
CVE-2017-12235,0.01136,0.57949
CVE-2017-12236,0.01136,0.57949
CVE-2017-12237,0.01136,0.57949
CVE-2017-12238,0.00954,0.34522
CVE-2017-12239,0.01018,0.38792
CVE-2017-1224,0.00954,0.34522
CVE-2017-12240,0.03795,0.84827
CVE-2017-12243,0.09431,0.93964
CVE-2017-12244,0.01055,0.50287
CVE-2017-12245,0.01055,0.50287
CVE-2017-12246,0.01136,0.57949
CVE-2017-12248,0.01136,0.57949
CVE-2017-12249,0.01061,0.51015
CVE-2017-1225,0.00954,0.34522
CVE-2017-12250,0.01136,0.57949
CVE-2017-12251,0.01061,0.51015
CVE-2017-12252,0.00885,0.26162
CVE-2017-12253,0.01136,0.57949
CVE-2017-12254,0.04967,0.88942
CVE-2017-12255,0.0089,0.2856
CVE-2017-12256,0.01055,0.50287
CVE-2017-12257,0.01055,0.50287
CVE-2017-12258,0.01136,0.57949
CVE-2017-12259,0.01136,0.57949
CVE-2017-1226,0.0089,0.2856
CVE-2017-12260,0.01136,0.57949
CVE-2017-12261,0.0089,0.2856
CVE-2017-12262,0.00954,0.34522
CVE-2017-12263,0.01055,0.50287
CVE-2017-12264,0.01136,0.57949
CVE-2017-12265,0.01136,0.57949
CVE-2017-12266,0.00885,0.26162
CVE-2017-12267,0.01055,0.50287
CVE-2017-12268,0.0089,0.2856
CVE-2017-12269,0.0185,0.76248
CVE-2017-1227,0.00885,0.26162
CVE-2017-12270,0.01136,0.57949
CVE-2017-12271,0.01136,0.57949
CVE-2017-12272,0.01136,0.57949
CVE-2017-12273,0.00954,0.34522
CVE-2017-12274,0.00954,0.34522
CVE-2017-12275,0.00954,0.34522
CVE-2017-12276,0.01061,0.51015
CVE-2017-12277,0.01055,0.50287
CVE-2017-12278,0.01061,0.51015
CVE-2017-12279,0.00954,0.34522
CVE-2017-1228,0.01136,0.57949
CVE-2017-12280,0.01136,0.57949
CVE-2017-12281,0.00954,0.34522
CVE-2017-12282,0.00954,0.34522
CVE-2017-12283,0.00954,0.34522
CVE-2017-12284,0.0089,0.2856
CVE-2017-12285,0.01136,0.57949
CVE-2017-12286,0.0089,0.2856
CVE-2017-12287,0.01061,0.51015
CVE-2017-12288,0.01136,0.57949
CVE-2017-12289,0.0089,0.2856
CVE-2017-1229,0.01055,0.50287
CVE-2017-12290,0.01055,0.50287
CVE-2017-12291,0.01055,0.50287
CVE-2017-12292,0.01055,0.50287
CVE-2017-12293,0.01136,0.57949
CVE-2017-12294,0.01061,0.51015
CVE-2017-12295,0.01136,0.57949
CVE-2017-12296,0.01136,0.57949
CVE-2017-12297,0.01061,0.51015
CVE-2017-12298,0.01136,0.57949
CVE-2017-12299,0.01055,0.50287
CVE-2017-1230,0.00954,0.34522
CVE-2017-12300,0.01055,0.50287
CVE-2017-12301,0.01102,0.51825
CVE-2017-12302,0.01061,0.51015
CVE-2017-12303,0.01136,0.57949
CVE-2017-12304,0.01136,0.57949
CVE-2017-12305,0.01011,0.36346
CVE-2017-12306,0.00885,0.26162
CVE-2017-12307,0.01055,0.50287
CVE-2017-12308,0.01055,0.50287
CVE-2017-12309,0.01136,0.57949
CVE-2017-1231,0.00885,0.26162
CVE-2017-12310,0.01055,0.50287
CVE-2017-12311,0.01136,0.57949
CVE-2017-12312,0.01102,0.51825
CVE-2017-12313,0.01102,0.51825
CVE-2017-12314,0.00885,0.26162
CVE-2017-12315,0.00885,0.26162
CVE-2017-12316,0.01136,0.57949
CVE-2017-12317,0.00885,0.26162
CVE-2017-12318,0.01055,0.50287
CVE-2017-12319,0.01055,0.50287
CVE-2017-1232,0.00954,0.34522
CVE-2017-12320,0.01055,0.50287
CVE-2017-12321,0.01055,0.50287
CVE-2017-12322,0.01055,0.50287
CVE-2017-12323,0.01055,0.50287
CVE-2017-12328,0.01136,0.57949
CVE-2017-12329,0.01011,0.36346
CVE-2017-1233,0.00885,0.26162
CVE-2017-12330,0.01011,0.36346
CVE-2017-12331,0.0089,0.2856
CVE-2017-12332,0.0089,0.2856
CVE-2017-12333,0.0089,0.2856
CVE-2017-12334,0.01011,0.36346
CVE-2017-12335,0.01011,0.36346
CVE-2017-12336,0.01404,0.71155
CVE-2017-12337,0.02172,0.79917
CVE-2017-12338,0.00885,0.26162
CVE-2017-12339,0.01011,0.36346
CVE-2017-1234,0.0089,0.2856
CVE-2017-12340,0.01102,0.51825
CVE-2017-12341,0.01005,0.35949
CVE-2017-12342,0.00954,0.34522
CVE-2017-12343,0.01055,0.50287
CVE-2017-12344,0.01055,0.50287
CVE-2017-12345,0.01055,0.50287
CVE-2017-12346,0.01055,0.50287
CVE-2017-12347,0.01055,0.50287
CVE-2017-12348,0.01061,0.51015
CVE-2017-12349,0.01061,0.51015
CVE-2017-1235,0.0089,0.2856
CVE-2017-12350,0.0089,0.2856
CVE-2017-12351,0.0089,0.2856
CVE-2017-12352,0.0089,0.2856
CVE-2017-12353,0.01136,0.57949
CVE-2017-12354,0.01136,0.57949
CVE-2017-12355,0.01136,0.57949
CVE-2017-12356,0.01136,0.57949
CVE-2017-12357,0.01061,0.51015
CVE-2017-12358,0.01055,0.50287
CVE-2017-12359,0.01578,0.74478
CVE-2017-1236,0.0089,0.2856
CVE-2017-12360,0.00885,0.26162
CVE-2017-12361,0.00954,0.34522
CVE-2017-12362,0.01061,0.51015
CVE-2017-12363,0.01136,0.57949
CVE-2017-12364,0.01136,0.57949
CVE-2017-12365,0.01061,0.51015
CVE-2017-12366,0.01136,0.57949
CVE-2017-12367,0.03249,0.83468
CVE-2017-12368,0.04967,0.88942
CVE-2017-12369,0.04967,0.88942
CVE-2017-1237,0.00885,0.26162
CVE-2017-12370,0.04967,0.88942
CVE-2017-12371,0.04967,0.88942
CVE-2017-12372,0.04967,0.88942
CVE-2017-12373,0.01055,0.50287
CVE-2017-12374,0.01213,0.6557
CVE-2017-12375,0.01213,0.6557
CVE-2017-12376,0.03161,0.83171
CVE-2017-12377,0.03693,0.843
CVE-2017-12378,0.01213,0.6557
CVE-2017-12379,0.03693,0.843
CVE-2017-1238,0.00885,0.26162
CVE-2017-12380,0.01213,0.6557
CVE-2017-1239,0.00885,0.26162
CVE-2017-1240,0.0089,0.2856
CVE-2017-1241,0.0089,0.2856
CVE-2017-12410,0.01036,0.41241
CVE-2017-12412,0.00885,0.26162
CVE-2017-12413,0.00885,0.26162
CVE-2017-12414,0.00885,0.26162
CVE-2017-12415,0.01055,0.50287
CVE-2017-12416,0.01136,0.57949
CVE-2017-12418,0.00954,0.34522
CVE-2017-12419,0.0089,0.2856
CVE-2017-1242,0.01055,0.50287
CVE-2017-12420,0.02065,0.78945
CVE-2017-12421,0.01382,0.70925
CVE-2017-12422,0.01055,0.50287
CVE-2017-12423,0.01055,0.50287
CVE-2017-12424,0.01018,0.38792
CVE-2017-12425,0.01108,0.53389
CVE-2017-12426,0.0185,0.76248
CVE-2017-12427,0.01136,0.57949
CVE-2017-12428,0.00954,0.34522
CVE-2017-12429,0.00954,0.34522
CVE-2017-12430,0.01018,0.38792
CVE-2017-12431,0.01018,0.38792
CVE-2017-12432,0.01018,0.38792
CVE-2017-12433,0.00885,0.26162
CVE-2017-12434,0.00885,0.26162
CVE-2017-12435,0.01018,0.38792
CVE-2017-12439,0.00885,0.26162
CVE-2017-12440,0.01315,0.67456
CVE-2017-12441,0.00885,0.26162
CVE-2017-12442,0.00885,0.26162
CVE-2017-12443,0.00885,0.26162
CVE-2017-12444,0.00885,0.26162
CVE-2017-12445,0.00885,0.26162
CVE-2017-12447,0.00954,0.34522
CVE-2017-12448,0.01639,0.74924
CVE-2017-12449,0.01055,0.50287
CVE-2017-1245,0.00885,0.26162
CVE-2017-12450,0.01624,0.74891
CVE-2017-12451,0.01055,0.50287
CVE-2017-12452,0.01055,0.50287
CVE-2017-12453,0.01055,0.50287
CVE-2017-12454,0.01055,0.50287
CVE-2017-12455,0.01055,0.50287
CVE-2017-12456,0.01055,0.50287
CVE-2017-12457,0.01055,0.50287
CVE-2017-12458,0.01055,0.50287
CVE-2017-12459,0.01624,0.74891
CVE-2017-12460,0.0089,0.2856
CVE-2017-12463,0.00885,0.26162
CVE-2017-12464,0.00885,0.26162
CVE-2017-12465,0.00885,0.26162
CVE-2017-12466,0.00885,0.26162
CVE-2017-12467,0.00885,0.26162
CVE-2017-12468,0.00885,0.26162
CVE-2017-12469,0.00885,0.26162
CVE-2017-1247,0.0089,0.2856
CVE-2017-12470,0.00885,0.26162
CVE-2017-12471,0.00885,0.26162
CVE-2017-12472,0.00885,0.26162
CVE-2017-12473,0.00885,0.26162
CVE-2017-12474,0.01136,0.57949
CVE-2017-12475,0.01136,0.57949
CVE-2017-12476,0.01136,0.57949
CVE-2017-12477,0.7962,0.99468
CVE-2017-12478,0.08382,0.93597
CVE-2017-12479,0.08078,0.93055
CVE-2017-1248,0.01055,0.50287
CVE-2017-12480,0.00885,0.26162
CVE-2017-12481,0.01213,0.6557
CVE-2017-12482,0.01213,0.6557
CVE-2017-12487,0.05336,0.89412
CVE-2017-12488,0.05336,0.89412
CVE-2017-12489,0.05336,0.89412
CVE-2017-1249,0.00885,0.26162
CVE-2017-12490,0.05336,0.89412
CVE-2017-12491,0.05336,0.89412
CVE-2017-12492,0.05336,0.89412
CVE-2017-12493,0.05336,0.89412
CVE-2017-12494,0.05336,0.89412
CVE-2017-12495,0.05336,0.89412
CVE-2017-12496,0.05336,0.89412
CVE-2017-12497,0.05336,0.89412
CVE-2017-12498,0.05336,0.89412
CVE-2017-12499,0.05336,0.89412
CVE-2017-1250,0.00885,0.26162
CVE-2017-12500,0.05336,0.89412
CVE-2017-12501,0.05336,0.89412
CVE-2017-12502,0.05336,0.89412
CVE-2017-12503,0.05336,0.89412
CVE-2017-12504,0.05336,0.89412
CVE-2017-12505,0.05336,0.89412
CVE-2017-12506,0.05336,0.89412
CVE-2017-12507,0.05336,0.89412
CVE-2017-12508,0.05336,0.89412
CVE-2017-12509,0.05336,0.89412
CVE-2017-1251,0.00885,0.26162
CVE-2017-12510,0.05336,0.89412
CVE-2017-12511,0.05336,0.89412
CVE-2017-12512,0.05336,0.89412
CVE-2017-12513,0.05336,0.89412
CVE-2017-12514,0.05336,0.89412
CVE-2017-12515,0.05336,0.89412
CVE-2017-12516,0.05336,0.89412
CVE-2017-12517,0.05336,0.89412
CVE-2017-12518,0.05336,0.89412
CVE-2017-12519,0.05336,0.89412
CVE-2017-12520,0.05336,0.89412
CVE-2017-12521,0.05336,0.89412
CVE-2017-12522,0.05336,0.89412
CVE-2017-12523,0.05336,0.89412
CVE-2017-12524,0.05336,0.89412
CVE-2017-12525,0.05336,0.89412
CVE-2017-12526,0.05336,0.89412
CVE-2017-12527,0.05336,0.89412
CVE-2017-12528,0.05336,0.89412
CVE-2017-12529,0.05336,0.89412
CVE-2017-1253,0.01061,0.51015
CVE-2017-12530,0.05336,0.89412
CVE-2017-12531,0.05336,0.89412
CVE-2017-12532,0.05336,0.89412
CVE-2017-12533,0.05336,0.89412
CVE-2017-12534,0.05336,0.89412
CVE-2017-12535,0.05336,0.89412
CVE-2017-12536,0.05336,0.89412
CVE-2017-12537,0.05336,0.89412
CVE-2017-12538,0.05336,0.89412
CVE-2017-12539,0.05336,0.89412
CVE-2017-1254,0.01061,0.51015
CVE-2017-12540,0.05336,0.89412
CVE-2017-12541,0.05336,0.89412
CVE-2017-12543,0.01055,0.50287
CVE-2017-12544,0.0089,0.2856
CVE-2017-12545,0.01213,0.6557
CVE-2017-12546,0.0089,0.2856
CVE-2017-12547,0.01625,0.74894
CVE-2017-12548,0.01625,0.74894
CVE-2017-12549,0.0089,0.2856
CVE-2017-1255,0.00885,0.26162
CVE-2017-12550,0.0089,0.2856
CVE-2017-12551,0.01625,0.74894
CVE-2017-12552,0.01625,0.74894
CVE-2017-12553,0.0089,0.2856
CVE-2017-12554,0.02071,0.78995
CVE-2017-12555,0.01061,0.51015
CVE-2017-12556,0.10074,0.94302
CVE-2017-12557,0.87595,0.99765
CVE-2017-12558,0.10074,0.94302
CVE-2017-12559,0.01055,0.50287
CVE-2017-1256,0.00954,0.34522
CVE-2017-12560,0.01055,0.50287
CVE-2017-12561,0.02931,0.82528
CVE-2017-12562,0.01136,0.57949
CVE-2017-12563,0.01018,0.38792
CVE-2017-12564,0.00885,0.26162
CVE-2017-12565,0.00885,0.26162
CVE-2017-12566,0.00885,0.26162
CVE-2017-12567,0.00885,0.26162
CVE-2017-12568,0.01055,0.50287
CVE-2017-1257,0.0089,0.2856
CVE-2017-12572,0.00885,0.26162
CVE-2017-12573,0.01086,0.51674
CVE-2017-12574,0.00885,0.26162
CVE-2017-12575,0.00885,0.26162
CVE-2017-12576,0.01086,0.51674
CVE-2017-12577,0.00885,0.26162
CVE-2017-12579,0.02042,0.78565
CVE-2017-1258,0.00954,0.34522
CVE-2017-12580,0.00885,0.26162
CVE-2017-12581,0.02166,0.79253
CVE-2017-12582,0.00885,0.26162
CVE-2017-12583,0.00885,0.26162
CVE-2017-12584,0.01055,0.50287
CVE-2017-12585,0.01055,0.50287
CVE-2017-12586,0.01055,0.50287
CVE-2017-12587,0.01018,0.38792
CVE-2017-12588,0.00954,0.34522
CVE-2017-12589,0.00885,0.26162
CVE-2017-12590,0.00885,0.26162
CVE-2017-12591,0.00885,0.26162
CVE-2017-12592,0.00885,0.26162
CVE-2017-12593,0.00885,0.26162
CVE-2017-12595,0.01136,0.57949
CVE-2017-12596,0.01532,0.72897
CVE-2017-12597,0.01018,0.38792
CVE-2017-12598,0.01018,0.38792
CVE-2017-12599,0.01018,0.38792
CVE-2017-12600,0.00954,0.34522
CVE-2017-12601,0.01018,0.38792
CVE-2017-12602,0.00954,0.34522
CVE-2017-12603,0.01018,0.38792
CVE-2017-12604,0.01018,0.38792
CVE-2017-12605,0.01018,0.38792
CVE-2017-12606,0.01018,0.38792
CVE-2017-12607,0.01688,0.75069
CVE-2017-12608,0.01688,0.75069
CVE-2017-1261,0.00885,0.26162
CVE-2017-12610,0.01627,0.74906
CVE-2017-12612,0.01102,0.51825
CVE-2017-12613,0.03052,0.82933
CVE-2017-12614,0.00885,0.26162
CVE-2017-12616,0.05242,0.89216
CVE-2017-12618,0.01164,0.60046
CVE-2017-12619,0.01246,0.66436
CVE-2017-1262,0.01055,0.50287
CVE-2017-12620,0.00885,0.26162
CVE-2017-12621,0.01246,0.66436
CVE-2017-12622,0.00885,0.26162
CVE-2017-12623,0.00885,0.26162
CVE-2017-12625,0.00885,0.26162
CVE-2017-12626,0.03032,0.82851
CVE-2017-12628,0.00885,0.26162
CVE-2017-12630,0.00885,0.26162
CVE-2017-12631,0.03032,0.82851
CVE-2017-12632,0.00885,0.26162
CVE-2017-12633,0.01742,0.75235
CVE-2017-12634,0.01742,0.75235
CVE-2017-12637,0.01055,0.50287
CVE-2017-12638,0.01382,0.70925
CVE-2017-12639,0.01382,0.70925
CVE-2017-1264,0.00954,0.34522
CVE-2017-12640,0.01108,0.53389
CVE-2017-12641,0.00885,0.26162
CVE-2017-12642,0.00885,0.26162
CVE-2017-12643,0.01108,0.53389
CVE-2017-12644,0.01018,0.38792
CVE-2017-12645,0.00885,0.26162
CVE-2017-12646,0.00885,0.26162
CVE-2017-12647,0.00885,0.26162
CVE-2017-12648,0.00885,0.26162
CVE-2017-12649,0.00885,0.26162
CVE-2017-1265,0.00954,0.34522
CVE-2017-12650,0.00954,0.34522
CVE-2017-12651,0.00954,0.34522
CVE-2017-12652,0.01018,0.38792
CVE-2017-12653,0.02362,0.80685
CVE-2017-12654,0.00885,0.26162
CVE-2017-12655,0.00885,0.26162
CVE-2017-1266,0.00885,0.26162
CVE-2017-12662,0.00954,0.34522
CVE-2017-12663,0.00885,0.26162
CVE-2017-12664,0.00885,0.26162
CVE-2017-12665,0.00885,0.26162
CVE-2017-12666,0.00954,0.34522
CVE-2017-12667,0.00885,0.26162
CVE-2017-12668,0.00885,0.26162
CVE-2017-12669,0.00885,0.26162
CVE-2017-1267,0.01018,0.38792
CVE-2017-12670,0.01018,0.38792
CVE-2017-12671,0.00885,0.26162
CVE-2017-12672,0.00885,0.26162
CVE-2017-12673,0.00885,0.26162
CVE-2017-12674,0.01018,0.38792
CVE-2017-12675,0.00885,0.26162
CVE-2017-12676,0.00885,0.26162
CVE-2017-12677,0.01055,0.50287
CVE-2017-12678,0.01213,0.6557
CVE-2017-12679,0.00885,0.26162
CVE-2017-1268,0.00954,0.34522
CVE-2017-12680,0.00885,0.26162
CVE-2017-1269,0.01136,0.57949
CVE-2017-12691,0.01213,0.6557
CVE-2017-12692,0.01213,0.6557
CVE-2017-12693,0.01213,0.6557
CVE-2017-12694,0.00885,0.26162
CVE-2017-12695,0.00885,0.26162
CVE-2017-12697,0.00885,0.26162
CVE-2017-12698,0.02166,0.79253
CVE-2017-12699,0.00885,0.26162
CVE-2017-1270,0.00885,0.26162
CVE-2017-12701,0.00885,0.26162
CVE-2017-12702,0.01578,0.74478
CVE-2017-12703,0.00885,0.26162
CVE-2017-12704,0.01578,0.74478
CVE-2017-12705,0.01102,0.51825
CVE-2017-12706,0.01578,0.74478
CVE-2017-12707,0.00885,0.26162
CVE-2017-12708,0.01578,0.74478
CVE-2017-12709,0.00885,0.26162
CVE-2017-1271,0.01018,0.38792
CVE-2017-12710,0.01018,0.38792
CVE-2017-12711,0.00885,0.26162
CVE-2017-12712,0.00885,0.26162
CVE-2017-12713,0.00885,0.26162
CVE-2017-12714,0.00885,0.26162
CVE-2017-12716,0.00885,0.26162
CVE-2017-12718,0.12131,0.94983
CVE-2017-12719,0.02166,0.79253
CVE-2017-1272,0.00954,0.34522
CVE-2017-12720,0.00885,0.26162
CVE-2017-12721,0.00885,0.26162
CVE-2017-12722,0.00954,0.34522
CVE-2017-12723,0.00885,0.26162
CVE-2017-12724,0.00885,0.26162
CVE-2017-12725,0.00885,0.26162
CVE-2017-12726,0.00885,0.26162
CVE-2017-12728,0.01102,0.51825
CVE-2017-12729,0.00885,0.26162
CVE-2017-12730,0.01102,0.51825
CVE-2017-12731,0.00885,0.26162
CVE-2017-12732,0.01765,0.75587
CVE-2017-12733,0.00885,0.26162
CVE-2017-12734,0.00885,0.26162
CVE-2017-12735,0.00885,0.26162
CVE-2017-12736,0.01018,0.38792
CVE-2017-12737,0.01055,0.50287
CVE-2017-12738,0.00885,0.26162
CVE-2017-12739,0.02166,0.79253
CVE-2017-1274,0.1175,0.94934
CVE-2017-12740,0.01055,0.50287
CVE-2017-12741,0.01018,0.38792
CVE-2017-1275,0.00885,0.26162
CVE-2017-12754,0.02166,0.79253
CVE-2017-12756,0.00885,0.26162
CVE-2017-12757,0.07744,0.92775
CVE-2017-12758,0.0306,0.82942
CVE-2017-12759,0.07744,0.92775
CVE-2017-1276,0.0089,0.2856
CVE-2017-12760,0.0306,0.82942
CVE-2017-12761,0.01564,0.74439
CVE-2017-12762,0.01108,0.53389
CVE-2017-12763,0.07308,0.9216
CVE-2017-1277,0.00885,0.26162
CVE-2017-12774,0.01055,0.50287
CVE-2017-12775,0.01055,0.50287
CVE-2017-12776,0.01055,0.50287
CVE-2017-12777,0.00885,0.26162
CVE-2017-12778,0.0089,0.2856
CVE-2017-12779,0.01136,0.57949
CVE-2017-1278,0.01061,0.51015
CVE-2017-12780,0.01136,0.57949
CVE-2017-12781,0.01136,0.57949
CVE-2017-12782,0.01136,0.57949
CVE-2017-12783,0.01136,0.57949
CVE-2017-12784,0.00885,0.26162
CVE-2017-12785,0.01298,0.67319
CVE-2017-12786,0.01382,0.70925
CVE-2017-12787,0.01382,0.70925
CVE-2017-12788,0.01055,0.50287
CVE-2017-12789,0.00885,0.26162
CVE-2017-1279,0.01055,0.50287
CVE-2017-12790,0.00885,0.26162
CVE-2017-12791,0.01108,0.53389
CVE-2017-12794,0.01018,0.38792
CVE-2017-12795,0.01018,0.38792
CVE-2017-12796,0.01136,0.57949
CVE-2017-12797,0.01055,0.50287
CVE-2017-12798,0.00885,0.26162
CVE-2017-12799,0.01136,0.57949
CVE-2017-1280,0.00885,0.26162
CVE-2017-12800,0.01136,0.57949
CVE-2017-12801,0.01136,0.57949
CVE-2017-12802,0.01136,0.57949
CVE-2017-12803,0.01136,0.57949
CVE-2017-12804,0.01055,0.50287
CVE-2017-12805,0.01108,0.53389
CVE-2017-12806,0.01108,0.53389
CVE-2017-12809,0.0095,0.30554
CVE-2017-1281,0.00885,0.26162
CVE-2017-12810,0.00885,0.26162
CVE-2017-12811,0.00885,0.26162
CVE-2017-12812,0.00885,0.26162
CVE-2017-12813,0.00885,0.26162
CVE-2017-12814,0.02839,0.8236
CVE-2017-12815,0.00885,0.26162
CVE-2017-12816,0.00885,0.26162
CVE-2017-12817,0.00885,0.26162
CVE-2017-12818,0.01213,0.6557
CVE-2017-12819,0.00954,0.34522
CVE-2017-1282,0.00885,0.26162
CVE-2017-12820,0.01213,0.6557
CVE-2017-12821,0.05785,0.89924
CVE-2017-12822,0.01018,0.38792
CVE-2017-12823,0.00885,0.26162
CVE-2017-12824,0.01102,0.51825
CVE-2017-1283,0.00885,0.26162
CVE-2017-12836,0.0632,0.90497
CVE-2017-12837,0.01974,0.7812
CVE-2017-12838,0.01055,0.50287
CVE-2017-12839,0.01136,0.57949
CVE-2017-1284,0.0089,0.2856
CVE-2017-12840,0.00885,0.26162
CVE-2017-12842,0.00954,0.34522
CVE-2017-12843,0.01132,0.54372
CVE-2017-12844,0.01055,0.50287
CVE-2017-12847,0.01034,0.39824
CVE-2017-12849,0.01055,0.50287
CVE-2017-1285,0.0089,0.2856
CVE-2017-12850,0.00885,0.26162
CVE-2017-12851,0.00885,0.26162
CVE-2017-12853,0.08382,0.93597
CVE-2017-12855,0.0095,0.30554
CVE-2017-12856,0.01055,0.50287
CVE-2017-12857,0.01055,0.50287
CVE-2017-12858,0.00885,0.26162
CVE-2017-12859,0.01055,0.50287
CVE-2017-1286,0.00885,0.26162
CVE-2017-12860,0.00885,0.26162
CVE-2017-12861,0.00885,0.26162
CVE-2017-12862,0.03249,0.83468
CVE-2017-12863,0.03249,0.83468
CVE-2017-12864,0.03249,0.83468
CVE-2017-12865,0.0455,0.88291
CVE-2017-12867,0.00954,0.34522
CVE-2017-12868,0.01018,0.38792
CVE-2017-12869,0.01136,0.57949
CVE-2017-1287,0.01055,0.50287
CVE-2017-12870,0.00885,0.26162
CVE-2017-12871,0.00885,0.26162
CVE-2017-12872,0.01136,0.57949
CVE-2017-12873,0.01018,0.38792
CVE-2017-12874,0.00954,0.34522
CVE-2017-12875,0.01213,0.6557
CVE-2017-12876,0.01213,0.6557
CVE-2017-12877,0.01319,0.70416
CVE-2017-12879,0.01132,0.54372
CVE-2017-12881,0.01055,0.50287
CVE-2017-12882,0.01055,0.50287
CVE-2017-12883,0.02172,0.79917
CVE-2017-12884,0.00954,0.34522
CVE-2017-12885,0.00954,0.34522
CVE-2017-1289,0.01319,0.70416
CVE-2017-12892,0.00885,0.26162
CVE-2017-12893,0.01108,0.53389
CVE-2017-12894,0.01108,0.53389
CVE-2017-12895,0.01108,0.53389
CVE-2017-12896,0.01183,0.60428
CVE-2017-12897,0.01108,0.53389
CVE-2017-12898,0.01108,0.53389
CVE-2017-12899,0.01183,0.60428
CVE-2017-1290,0.0089,0.2856
CVE-2017-12900,0.01108,0.53389
CVE-2017-12901,0.01108,0.53389
CVE-2017-12902,0.01183,0.60428
CVE-2017-12904,0.04967,0.88942
CVE-2017-12905,0.01382,0.70925
CVE-2017-12906,0.01055,0.50287
CVE-2017-12907,0.00885,0.26162
CVE-2017-12908,0.01055,0.50287
CVE-2017-12909,0.01055,0.50287
CVE-2017-1291,0.01055,0.50287
CVE-2017-12910,0.01055,0.50287
CVE-2017-12911,0.00954,0.34522
CVE-2017-12912,0.00885,0.26162
CVE-2017-12919,0.01055,0.50287
CVE-2017-1292,0.00885,0.26162
CVE-2017-12920,0.01055,0.50287
CVE-2017-12921,0.01055,0.50287
CVE-2017-12922,0.01055,0.50287
CVE-2017-12923,0.01055,0.50287
CVE-2017-12924,0.01055,0.50287
CVE-2017-12925,0.01055,0.50287
CVE-2017-12927,0.01018,0.38792
CVE-2017-12928,0.01055,0.50287
CVE-2017-12929,0.04084,0.85325
CVE-2017-1293,0.00885,0.26162
CVE-2017-12930,0.01564,0.74439
CVE-2017-12932,0.01537,0.73595
CVE-2017-12933,0.01537,0.73595
CVE-2017-12934,0.01018,0.38792
CVE-2017-12935,0.01108,0.53389
CVE-2017-12936,0.01108,0.53389
CVE-2017-12937,0.01183,0.60428
CVE-2017-12938,0.01055,0.50287
CVE-2017-12939,0.05785,0.89924
CVE-2017-1294,0.00885,0.26162
CVE-2017-12940,0.00954,0.34522
CVE-2017-12941,0.00954,0.34522
CVE-2017-12942,0.00954,0.34522
CVE-2017-12943,0.08382,0.93597
CVE-2017-12944,0.01213,0.6557
CVE-2017-12946,0.00885,0.26162
CVE-2017-12947,0.00885,0.26162
CVE-2017-12948,0.00885,0.26162
CVE-2017-12949,0.00885,0.26162
CVE-2017-1295,0.0089,0.2856
CVE-2017-12950,0.01055,0.50287
CVE-2017-12951,0.01055,0.50287
CVE-2017-12952,0.01055,0.50287
CVE-2017-12953,0.01055,0.50287
CVE-2017-12954,0.01055,0.50287
CVE-2017-12955,0.01055,0.50287
CVE-2017-12956,0.01055,0.50287
CVE-2017-12957,0.01055,0.50287
CVE-2017-12958,0.01055,0.50287
CVE-2017-12959,0.01055,0.50287
CVE-2017-12960,0.01055,0.50287
CVE-2017-12961,0.01055,0.50287
CVE-2017-12962,0.01055,0.50287
CVE-2017-12963,0.01055,0.50287
CVE-2017-12964,0.01055,0.50287
CVE-2017-12965,0.01213,0.6557
CVE-2017-12966,0.01055,0.50287
CVE-2017-12967,0.01136,0.57949
CVE-2017-12969,0.13404,0.95496
CVE-2017-1297,0.02378,0.80705
CVE-2017-12970,0.01213,0.6557
CVE-2017-12971,0.01213,0.6557
CVE-2017-12972,0.01018,0.38792
CVE-2017-12973,0.00954,0.34522
CVE-2017-12974,0.01018,0.38792
CVE-2017-12976,0.01213,0.6557
CVE-2017-12977,0.00885,0.26162
CVE-2017-12978,0.0095,0.30554
CVE-2017-12979,0.01298,0.67319
CVE-2017-12980,0.01298,0.67319
CVE-2017-12981,0.00885,0.26162
CVE-2017-12982,0.01213,0.6557
CVE-2017-12983,0.01213,0.6557
CVE-2017-12984,0.02173,0.80027
CVE-2017-12985,0.01108,0.53389
CVE-2017-12986,0.01108,0.53389
CVE-2017-12987,0.01183,0.60428
CVE-2017-12988,0.01108,0.53389
CVE-2017-12989,0.01108,0.53389
CVE-2017-1299,0.00885,0.26162
CVE-2017-12990,0.01108,0.53389
CVE-2017-12991,0.01108,0.53389
CVE-2017-12992,0.01108,0.53389
CVE-2017-12993,0.01108,0.53389
CVE-2017-12994,0.01108,0.53389
CVE-2017-12995,0.01108,0.53389
CVE-2017-12996,0.01108,0.53389
CVE-2017-12997,0.01183,0.60428
CVE-2017-12998,0.01108,0.53389
CVE-2017-12999,0.01108,0.53389
CVE-2017-1300,0.00954,0.34522
CVE-2017-13000,0.01537,0.73595
CVE-2017-13001,0.01108,0.53389
CVE-2017-13002,0.01108,0.53389
CVE-2017-13003,0.01108,0.53389
CVE-2017-13004,0.01183,0.60428
CVE-2017-13005,0.01108,0.53389
CVE-2017-13006,0.01108,0.53389
CVE-2017-13007,0.01108,0.53389
CVE-2017-13008,0.01108,0.53389
CVE-2017-13009,0.01108,0.53389
CVE-2017-1301,0.0089,0.2856
CVE-2017-13010,0.01108,0.53389
CVE-2017-13011,0.01108,0.53389
CVE-2017-13012,0.01108,0.53389
CVE-2017-13013,0.01108,0.53389
CVE-2017-13014,0.01108,0.53389
CVE-2017-13015,0.01108,0.53389
CVE-2017-13016,0.01108,0.53389
CVE-2017-13017,0.01108,0.53389
CVE-2017-13018,0.01108,0.53389
CVE-2017-13019,0.01108,0.53389
CVE-2017-1302,0.0089,0.2856
CVE-2017-13020,0.01183,0.60428
CVE-2017-13021,0.01108,0.53389
CVE-2017-13022,0.01108,0.53389
CVE-2017-13023,0.01108,0.53389
CVE-2017-13024,0.01183,0.60428
CVE-2017-13025,0.01108,0.53389
CVE-2017-13026,0.01108,0.53389
CVE-2017-13027,0.01108,0.53389
CVE-2017-13028,0.01183,0.60428
CVE-2017-13029,0.01108,0.53389
CVE-2017-1303,0.00954,0.34522
CVE-2017-13030,0.01108,0.53389
CVE-2017-13031,0.01108,0.53389
CVE-2017-13032,0.01108,0.53389
CVE-2017-13033,0.01108,0.53389
CVE-2017-13034,0.01108,0.53389
CVE-2017-13035,0.01108,0.53389
CVE-2017-13036,0.01108,0.53389
CVE-2017-13037,0.01108,0.53389
CVE-2017-13038,0.01108,0.53389
CVE-2017-13039,0.01108,0.53389
CVE-2017-1304,0.00954,0.34522
CVE-2017-13040,0.01108,0.53389
CVE-2017-13041,0.01108,0.53389
CVE-2017-13042,0.01108,0.53389
CVE-2017-13043,0.01108,0.53389
CVE-2017-13044,0.01108,0.53389
CVE-2017-13045,0.01108,0.53389
CVE-2017-13046,0.01108,0.53389
CVE-2017-13047,0.01108,0.53389
CVE-2017-13048,0.01108,0.53389
CVE-2017-13049,0.01108,0.53389
CVE-2017-1305,0.0089,0.2856
CVE-2017-13050,0.01108,0.53389
CVE-2017-13051,0.01108,0.53389
CVE-2017-13052,0.01108,0.53389
CVE-2017-13053,0.01108,0.53389
CVE-2017-13054,0.01108,0.53389
CVE-2017-13055,0.01108,0.53389
CVE-2017-13056,0.02984,0.82796
CVE-2017-13058,0.01018,0.38792
CVE-2017-13059,0.01018,0.38792
CVE-2017-1306,0.00885,0.26162
CVE-2017-13060,0.01018,0.38792
CVE-2017-13061,0.01018,0.38792
CVE-2017-13062,0.00954,0.34522
CVE-2017-13063,0.01108,0.53389
CVE-2017-13064,0.01183,0.60428
CVE-2017-13065,0.01108,0.53389
CVE-2017-13066,0.00885,0.26162
CVE-2017-13067,0.23043,0.96507
CVE-2017-13068,0.01564,0.74439
CVE-2017-13069,0.01055,0.50287
CVE-2017-13070,0.01103,0.51945
CVE-2017-13071,0.01055,0.50287
CVE-2017-13072,0.01055,0.50287
CVE-2017-13073,0.01055,0.50287
CVE-2017-13077,0.02686,0.82061
CVE-2017-13078,0.02686,0.82061
CVE-2017-13079,0.02686,0.82061
CVE-2017-1308,0.0089,0.2856
CVE-2017-13080,0.02686,0.82061
CVE-2017-13081,0.02686,0.82061
CVE-2017-13082,0.02686,0.82061
CVE-2017-13083,0.02578,0.8123
CVE-2017-13084,0.02686,0.82061
CVE-2017-13086,0.02686,0.82061
CVE-2017-13087,0.02686,0.82061
CVE-2017-13088,0.02686,0.82061
CVE-2017-1309,0.0089,0.2856
CVE-2017-13090,0.01183,0.60428
CVE-2017-13091,0.00885,0.26162
CVE-2017-13092,0.00885,0.26162
CVE-2017-13093,0.00885,0.26162
CVE-2017-13094,0.00885,0.26162
CVE-2017-13095,0.00885,0.26162
CVE-2017-13096,0.00885,0.26162
CVE-2017-13097,0.00885,0.26162
CVE-2017-13098,0.01183,0.60428
CVE-2017-13099,0.01108,0.53389
CVE-2017-1310,0.0095,0.30554
CVE-2017-13100,0.00885,0.26162
CVE-2017-13101,0.00885,0.26162
CVE-2017-13102,0.00885,0.26162
CVE-2017-13104,0.00885,0.26162
CVE-2017-13105,0.00885,0.26162
CVE-2017-13106,0.00885,0.26162
CVE-2017-13107,0.00885,0.26162
CVE-2017-13108,0.00885,0.26162
CVE-2017-1311,0.01061,0.51015
CVE-2017-1312,0.00885,0.26162
CVE-2017-13127,0.01055,0.50287
CVE-2017-13129,0.08078,0.93055
CVE-2017-1313,0.00885,0.26162
CVE-2017-13130,0.00885,0.26162
CVE-2017-13131,0.01018,0.38792
CVE-2017-13132,0.00954,0.34522
CVE-2017-13133,0.01018,0.38792
CVE-2017-13134,0.01537,0.73595
CVE-2017-13135,0.00885,0.26162
CVE-2017-13136,0.00885,0.26162
CVE-2017-13137,0.00885,0.26162
CVE-2017-13138,0.01136,0.57949
CVE-2017-13139,0.01108,0.53389
CVE-2017-1314,0.00885,0.26162
CVE-2017-13140,0.01213,0.6557
CVE-2017-13141,0.01018,0.38792
CVE-2017-13142,0.01108,0.53389
CVE-2017-13143,0.01319,0.70416
CVE-2017-13144,0.01108,0.53389
CVE-2017-13145,0.01183,0.60428
CVE-2017-13146,0.00954,0.34522
CVE-2017-13147,0.00885,0.26162
CVE-2017-13148,0.00885,0.26162
CVE-2017-13149,0.00885,0.26162
CVE-2017-1315,0.00885,0.26162
CVE-2017-13150,0.00885,0.26162
CVE-2017-13151,0.0185,0.76248
CVE-2017-13152,0.00885,0.26162
CVE-2017-13153,0.00885,0.26162
CVE-2017-13154,0.00885,0.26162
CVE-2017-13157,0.00885,0.26162
CVE-2017-13158,0.00885,0.26162
CVE-2017-13159,0.00885,0.26162
CVE-2017-1316,0.00885,0.26162
CVE-2017-13160,0.02166,0.79253
CVE-2017-13161,0.00885,0.26162
CVE-2017-13162,0.00885,0.26162
CVE-2017-13163,0.00885,0.26162
CVE-2017-13164,0.00885,0.26162
CVE-2017-13165,0.00885,0.26162
CVE-2017-13166,0.01282,0.67298
CVE-2017-13167,0.00885,0.26162
CVE-2017-13168,0.01104,0.52279
CVE-2017-13169,0.00885,0.26162
CVE-2017-1317,0.00885,0.26162
CVE-2017-13170,0.00885,0.26162
CVE-2017-13171,0.00885,0.26162
CVE-2017-13172,0.00885,0.26162
CVE-2017-13173,0.00885,0.26162
CVE-2017-13174,0.00885,0.26162
CVE-2017-13175,0.00885,0.26162
CVE-2017-13176,0.02509,0.81058
CVE-2017-13177,0.05634,0.89764
CVE-2017-13178,0.05634,0.89764
CVE-2017-13179,0.05634,0.89764
CVE-2017-1318,0.0226,0.80584
CVE-2017-13180,0.01365,0.70715
CVE-2017-13181,0.01365,0.70715
CVE-2017-13182,0.01365,0.70715
CVE-2017-13183,0.01559,0.742
CVE-2017-13184,0.01365,0.70715
CVE-2017-13185,0.00885,0.26162
CVE-2017-13186,0.00885,0.26162
CVE-2017-13187,0.00885,0.26162
CVE-2017-13188,0.00885,0.26162
CVE-2017-13189,0.00885,0.26162
CVE-2017-1319,0.00954,0.34522
CVE-2017-13190,0.00885,0.26162
CVE-2017-13191,0.03693,0.843
CVE-2017-13192,0.03693,0.843
CVE-2017-13193,0.03693,0.843
CVE-2017-13194,0.01108,0.53389
CVE-2017-13195,0.03693,0.843
CVE-2017-13196,0.03693,0.843
CVE-2017-13197,0.03693,0.843
CVE-2017-13198,0.00885,0.26162
CVE-2017-13199,0.03693,0.843
CVE-2017-1320,0.00885,0.26162
CVE-2017-13200,0.00885,0.26162
CVE-2017-13201,0.00885,0.26162
CVE-2017-13202,0.00885,0.26162
CVE-2017-13203,0.00885,0.26162
CVE-2017-13204,0.00885,0.26162
CVE-2017-13205,0.00885,0.26162
CVE-2017-13206,0.00885,0.26162
CVE-2017-13207,0.00885,0.26162
CVE-2017-13209,0.02515,0.81066
CVE-2017-1321,0.00954,0.34522
CVE-2017-13210,0.01365,0.70715
CVE-2017-13211,0.03693,0.843
CVE-2017-13212,0.00885,0.26162
CVE-2017-13213,0.00885,0.26162
CVE-2017-13214,0.03693,0.843
CVE-2017-13215,0.01034,0.39824
CVE-2017-13216,0.02515,0.81066
CVE-2017-13217,0.01365,0.70715
CVE-2017-13218,0.01365,0.70715
CVE-2017-13219,0.00885,0.26162
CVE-2017-1322,0.01136,0.57949
CVE-2017-13220,0.01282,0.67298
CVE-2017-13221,0.00885,0.26162
CVE-2017-13222,0.00885,0.26162
CVE-2017-13225,0.01559,0.742
CVE-2017-13226,0.00885,0.26162
CVE-2017-13228,0.01689,0.75137
CVE-2017-13229,0.01978,0.78447
CVE-2017-13230,0.01689,0.75137
CVE-2017-13231,0.01005,0.36332
CVE-2017-13232,0.0144,0.7265
CVE-2017-13233,0.0144,0.7265
CVE-2017-13234,0.0144,0.7265
CVE-2017-13235,0.00885,0.26162
CVE-2017-13236,0.02515,0.81066
CVE-2017-13238,0.01005,0.36332
CVE-2017-13239,0.00885,0.26162
CVE-2017-1324,0.0089,0.2856
CVE-2017-13240,0.00885,0.26162
CVE-2017-13241,0.00885,0.26162
CVE-2017-13242,0.00885,0.26162
CVE-2017-13243,0.00885,0.26162
CVE-2017-13244,0.00885,0.26162
CVE-2017-13245,0.00885,0.26162
CVE-2017-13246,0.00885,0.26162
CVE-2017-13247,0.01005,0.36332
CVE-2017-13248,0.01611,0.74874
CVE-2017-13249,0.01611,0.74874
CVE-2017-1325,0.00954,0.34522
CVE-2017-13250,0.01611,0.74874
CVE-2017-13251,0.01005,0.36332
CVE-2017-13252,0.01005,0.36332
CVE-2017-13254,0.00885,0.26162
CVE-2017-13255,0.01888,0.76438
CVE-2017-13256,0.01888,0.76438
CVE-2017-13257,0.0144,0.7265
CVE-2017-13258,0.05634,0.89764
CVE-2017-13259,0.01978,0.78447
CVE-2017-1326,0.0089,0.2856
CVE-2017-13260,0.05634,0.89764
CVE-2017-13261,0.05634,0.89764
CVE-2017-13262,0.05634,0.89764
CVE-2017-13263,0.00885,0.26162
CVE-2017-13264,0.00885,0.26162
CVE-2017-13265,0.00885,0.26162
CVE-2017-13266,0.01978,0.78447
CVE-2017-13267,0.01156,0.60033
CVE-2017-13268,0.00885,0.26162
CVE-2017-13269,0.00885,0.26162
CVE-2017-1327,0.00954,0.34522
CVE-2017-13270,0.00885,0.26162
CVE-2017-13271,0.00885,0.26162
CVE-2017-13272,0.01978,0.78447
CVE-2017-13273,0.01036,0.41241
CVE-2017-13274,0.01086,0.51674
CVE-2017-13275,0.00885,0.26162
CVE-2017-13276,0.01103,0.51945
CVE-2017-13277,0.01103,0.51945
CVE-2017-13278,0.01036,0.41241
CVE-2017-13279,0.01103,0.51945
CVE-2017-1328,0.01136,0.57949
CVE-2017-13280,0.01156,0.60033
CVE-2017-13281,0.01156,0.60033
CVE-2017-13282,0.01156,0.60033
CVE-2017-13283,0.01978,0.78447
CVE-2017-13284,0.01156,0.60033
CVE-2017-13285,0.01156,0.60033
CVE-2017-13286,0.01036,0.41241
CVE-2017-13287,0.01036,0.41241
CVE-2017-13288,0.01036,0.41241
CVE-2017-13289,0.01036,0.41241
CVE-2017-1329,0.01055,0.50287
CVE-2017-13290,0.01036,0.41241
CVE-2017-13291,0.01156,0.60033
CVE-2017-13292,0.01156,0.60033
CVE-2017-13293,0.01036,0.41241
CVE-2017-13294,0.00885,0.26162
CVE-2017-13295,0.00885,0.26162
CVE-2017-13296,0.00885,0.26162
CVE-2017-13297,0.00885,0.26162
CVE-2017-13298,0.00885,0.26162
CVE-2017-13299,0.00885,0.26162
CVE-2017-13300,0.00885,0.26162
CVE-2017-13301,0.00885,0.26162
CVE-2017-13302,0.00885,0.26162
CVE-2017-13303,0.00885,0.26162
CVE-2017-13304,0.00885,0.26162
CVE-2017-13305,0.01104,0.52279
CVE-2017-13306,0.00885,0.26162
CVE-2017-13307,0.00885,0.26162
CVE-2017-1331,0.0089,0.2856
CVE-2017-1332,0.00954,0.34522
CVE-2017-1333,0.00954,0.34522
CVE-2017-1334,0.0089,0.2856
CVE-2017-1335,0.0089,0.2856
CVE-2017-1336,0.0089,0.2856
CVE-2017-1337,0.00954,0.34522
CVE-2017-1338,0.0089,0.2856
CVE-2017-1339,0.0095,0.30554
CVE-2017-1340,0.0089,0.2856
CVE-2017-1341,0.00954,0.34522
CVE-2017-1342,0.00885,0.26162
CVE-2017-1345,0.00885,0.26162
CVE-2017-1346,0.0089,0.2856
CVE-2017-1347,0.01061,0.51015
CVE-2017-1348,0.0089,0.2856
CVE-2017-1349,0.0089,0.2856
CVE-2017-1350,0.0095,0.30554
CVE-2017-1352,0.0089,0.2856
CVE-2017-1353,0.00885,0.26162
CVE-2017-1354,0.00885,0.26162
CVE-2017-1355,0.00954,0.34522
CVE-2017-1356,0.01061,0.51015
CVE-2017-1357,0.0089,0.2856
CVE-2017-1359,0.0089,0.2856
CVE-2017-1362,0.0089,0.2856
CVE-2017-1363,0.0089,0.2856
CVE-2017-1364,0.0089,0.2856
CVE-2017-13648,0.00954,0.34522
CVE-2017-13649,0.00885,0.26162
CVE-2017-1365,0.00885,0.26162
CVE-2017-13652,0.00885,0.26162
CVE-2017-13658,0.01018,0.38792
CVE-2017-1366,0.00885,0.26162
CVE-2017-13663,0.00885,0.26162
CVE-2017-13664,0.00885,0.26162
CVE-2017-13666,0.00885,0.26162
CVE-2017-13667,0.00885,0.26162
CVE-2017-13668,0.00885,0.26162
CVE-2017-13669,0.00885,0.26162
CVE-2017-1367,0.00885,0.26162
CVE-2017-13670,0.01055,0.50287
CVE-2017-13671,0.00885,0.26162
CVE-2017-13673,0.01034,0.39824
CVE-2017-13674,0.01102,0.51825
CVE-2017-13675,0.01055,0.50287
CVE-2017-13676,0.01102,0.51825
CVE-2017-13677,0.01136,0.57949
CVE-2017-13678,0.0089,0.2856
CVE-2017-13679,0.01055,0.50287
CVE-2017-1368,0.00885,0.26162
CVE-2017-13680,0.0089,0.2856
CVE-2017-13681,0.0089,0.2856
CVE-2017-13682,0.00885,0.26162
CVE-2017-13683,0.00885,0.26162
CVE-2017-13684,0.01055,0.50287
CVE-2017-13685,0.01213,0.6557
CVE-2017-13686,0.00885,0.26162
CVE-2017-13687,0.01183,0.60428
CVE-2017-13688,0.01108,0.53389
CVE-2017-13689,0.01108,0.53389
CVE-2017-1369,0.0089,0.2856
CVE-2017-13690,0.01108,0.53389
CVE-2017-13692,0.00885,0.26162
CVE-2017-13693,0.0089,0.2856
CVE-2017-13694,0.0089,0.2856
CVE-2017-13695,0.01034,0.39824
CVE-2017-13696,0.80151,0.99486
CVE-2017-13697,0.00885,0.26162
CVE-2017-13698,0.00885,0.26162
CVE-2017-13699,0.00885,0.26162
CVE-2017-1370,0.0089,0.2856
CVE-2017-13700,0.00885,0.26162
CVE-2017-13701,0.00885,0.26162
CVE-2017-13702,0.00885,0.26162
CVE-2017-13703,0.00885,0.26162
CVE-2017-13704,0.01537,0.73595
CVE-2017-13706,0.01061,0.51015
CVE-2017-13707,0.01298,0.67319
CVE-2017-13708,0.01382,0.70925
CVE-2017-13709,0.00885,0.26162
CVE-2017-1371,0.00885,0.26162
CVE-2017-13710,0.01055,0.50287
CVE-2017-13711,0.01183,0.60428
CVE-2017-13712,0.00885,0.26162
CVE-2017-13713,0.05164,0.89136
CVE-2017-13715,0.03795,0.84827
CVE-2017-13716,0.01055,0.50287
CVE-2017-13717,0.00954,0.34522
CVE-2017-13718,0.0089,0.2856
CVE-2017-13719,0.00954,0.34522
CVE-2017-1372,0.00885,0.26162
CVE-2017-13720,0.01034,0.39824
CVE-2017-13721,0.01034,0.39824
CVE-2017-13722,0.01034,0.39824
CVE-2017-13723,0.01034,0.39824
CVE-2017-13724,0.00885,0.26162
CVE-2017-13725,0.01183,0.60428
CVE-2017-13726,0.01213,0.6557
CVE-2017-13727,0.01213,0.6557
CVE-2017-13728,0.01213,0.6557
CVE-2017-13729,0.01213,0.6557
CVE-2017-1373,0.0089,0.2856
CVE-2017-13730,0.01213,0.6557
CVE-2017-13731,0.01213,0.6557
CVE-2017-13732,0.01213,0.6557
CVE-2017-13733,0.01213,0.6557
CVE-2017-13734,0.01055,0.50287
CVE-2017-13735,0.01055,0.50287
CVE-2017-13736,0.01213,0.6557
CVE-2017-13737,0.01955,0.77585
CVE-2017-13738,0.00954,0.34522
CVE-2017-13739,0.01763,0.75551
CVE-2017-1374,0.00885,0.26162
CVE-2017-13740,0.00954,0.34522
CVE-2017-13741,0.01136,0.57949
CVE-2017-13742,0.01136,0.57949
CVE-2017-13743,0.01136,0.57949
CVE-2017-13744,0.00954,0.34522
CVE-2017-13745,0.01319,0.70416
CVE-2017-13746,0.01213,0.6557
CVE-2017-13747,0.01213,0.6557
CVE-2017-13748,0.01319,0.70416
CVE-2017-13749,0.01213,0.6557
CVE-2017-1375,0.00954,0.34522
CVE-2017-13750,0.01213,0.6557
CVE-2017-13751,0.01213,0.6557
CVE-2017-13752,0.01213,0.6557
CVE-2017-13754,0.0281,0.82331
CVE-2017-13755,0.00885,0.26162
CVE-2017-13756,0.00885,0.26162
CVE-2017-13757,0.01136,0.57949
CVE-2017-13758,0.01108,0.53389
CVE-2017-1376,0.01018,0.38792
CVE-2017-13760,0.00885,0.26162
CVE-2017-13761,0.01055,0.50287
CVE-2017-13762,0.01537,0.73595
CVE-2017-13763,0.00885,0.26162
CVE-2017-13764,0.01018,0.38792
CVE-2017-13765,0.01108,0.53389
CVE-2017-13766,0.01108,0.53389
CVE-2017-13767,0.01018,0.38792
CVE-2017-13768,0.01108,0.53389
CVE-2017-13769,0.01018,0.38792
CVE-2017-1377,0.0089,0.2856
CVE-2017-13771,0.01136,0.57949
CVE-2017-13772,0.09615,0.9398
CVE-2017-13774,0.00885,0.26162
CVE-2017-13775,0.01183,0.60428
CVE-2017-13776,0.01108,0.53389
CVE-2017-13777,0.01108,0.53389
CVE-2017-13778,0.00885,0.26162
CVE-2017-13779,0.01318,0.6746
CVE-2017-1378,0.00885,0.26162
CVE-2017-13780,0.00885,0.26162
CVE-2017-13782,0.00954,0.34522
CVE-2017-13783,0.09881,0.94103
CVE-2017-13784,0.09881,0.94103
CVE-2017-13785,0.09881,0.94103
CVE-2017-13786,0.00885,0.26162
CVE-2017-13788,0.02258,0.80578
CVE-2017-13789,0.01055,0.50287
CVE-2017-1379,0.01136,0.57949
CVE-2017-13790,0.01055,0.50287
CVE-2017-13791,0.09881,0.94103
CVE-2017-13792,0.09881,0.94103
CVE-2017-13793,0.02258,0.80578
CVE-2017-13794,0.09881,0.94103
CVE-2017-13795,0.09881,0.94103
CVE-2017-13796,0.09881,0.94103
CVE-2017-13797,0.07461,0.9232
CVE-2017-13798,0.09881,0.94103
CVE-2017-13799,0.01271,0.66495
CVE-2017-1380,0.0095,0.30554
CVE-2017-13800,0.01102,0.51825
CVE-2017-13801,0.00885,0.26162
CVE-2017-13802,0.09881,0.94103
CVE-2017-13803,0.02258,0.80578
CVE-2017-13804,0.01213,0.6557
CVE-2017-13805,0.00885,0.26162
CVE-2017-13806,0.00885,0.26162
CVE-2017-13807,0.01682,0.75066
CVE-2017-13808,0.01102,0.51825
CVE-2017-13809,0.01765,0.75587
CVE-2017-1381,0.0095,0.30554
CVE-2017-13810,0.00885,0.26162
CVE-2017-13811,0.01102,0.51825
CVE-2017-13812,0.01682,0.75066
CVE-2017-13813,0.01682,0.75066
CVE-2017-13814,0.01682,0.75066
CVE-2017-13815,0.01055,0.50287
CVE-2017-13816,0.01682,0.75066
CVE-2017-13817,0.00885,0.26162
CVE-2017-13818,0.00885,0.26162
CVE-2017-13819,0.01055,0.50287
CVE-2017-1382,0.0095,0.30554
CVE-2017-13820,0.01055,0.50287
CVE-2017-13821,0.00885,0.26162
CVE-2017-13822,0.00885,0.26162
CVE-2017-13823,0.00885,0.26162
CVE-2017-13824,0.01682,0.75066
CVE-2017-13825,0.01682,0.75066
CVE-2017-13827,0.01036,0.41241
CVE-2017-13828,0.01055,0.50287
CVE-2017-13829,0.01135,0.54401
CVE-2017-1383,0.01055,0.50287
CVE-2017-13830,0.01102,0.51825
CVE-2017-13831,0.01055,0.50287
CVE-2017-13832,0.00885,0.26162
CVE-2017-13834,0.01055,0.50287
CVE-2017-13835,0.01036,0.41241
CVE-2017-13836,0.00885,0.26162
CVE-2017-13837,0.00885,0.26162
CVE-2017-13838,0.01102,0.51825
CVE-2017-13839,0.00885,0.26162
CVE-2017-13840,0.00885,0.26162
CVE-2017-13841,0.00885,0.26162
CVE-2017-13842,0.00885,0.26162
CVE-2017-13843,0.01102,0.51825
CVE-2017-13844,0.00954,0.34522
CVE-2017-13846,0.01055,0.50287
CVE-2017-13847,0.02507,0.80889
CVE-2017-13848,0.01237,0.66358
CVE-2017-13849,0.03467,0.84028
CVE-2017-13850,0.01055,0.50287
CVE-2017-13851,0.00885,0.26162
CVE-2017-13852,0.01018,0.38792
CVE-2017-13853,0.01036,0.41241
CVE-2017-13854,0.01237,0.66358
CVE-2017-13855,0.04852,0.88814
CVE-2017-13856,0.02949,0.82791
CVE-2017-13858,0.01237,0.66358
CVE-2017-1386,0.00954,0.34522
CVE-2017-13860,0.01018,0.38792
CVE-2017-13861,0.02891,0.82449
CVE-2017-13862,0.01455,0.72673
CVE-2017-13863,0.00885,0.26162
CVE-2017-13864,0.01018,0.38792
CVE-2017-13865,0.04852,0.88814
CVE-2017-13866,0.02949,0.82791
CVE-2017-13867,0.06549,0.90972
CVE-2017-13869,0.04852,0.88814
CVE-2017-13870,0.02949,0.82791
CVE-2017-13871,0.01136,0.57949
CVE-2017-13873,0.01018,0.38792
CVE-2017-13874,0.01136,0.57949
CVE-2017-13875,0.02106,0.79092
CVE-2017-13876,0.06549,0.90972
CVE-2017-13877,0.00885,0.26162
CVE-2017-13878,0.01832,0.76196
CVE-2017-13879,0.01237,0.66358
CVE-2017-13880,0.01005,0.36332
CVE-2017-13883,0.01237,0.66358
CVE-2017-13884,0.02197,0.80203
CVE-2017-13885,0.02197,0.80203
CVE-2017-13886,0.00885,0.26162
CVE-2017-13887,0.00885,0.26162
CVE-2017-13888,0.00885,0.26162
CVE-2017-13889,0.00885,0.26162
CVE-2017-13890,0.01213,0.6557
CVE-2017-13891,0.00885,0.26162
CVE-2017-13892,0.00885,0.26162
CVE-2017-13903,0.01213,0.6557
CVE-2017-13904,0.01237,0.66358
CVE-2017-13905,0.01018,0.38792
CVE-2017-13906,0.00885,0.26162
CVE-2017-13907,0.00885,0.26162
CVE-2017-13908,0.00885,0.26162
CVE-2017-13909,0.00885,0.26162
CVE-2017-13910,0.00885,0.26162
CVE-2017-13911,0.00885,0.26162
CVE-2017-1395,0.01055,0.50287
CVE-2017-1396,0.00885,0.26162
CVE-2017-1398,0.01136,0.57949
CVE-2017-13982,0.0095,0.30554
CVE-2017-13983,0.01136,0.57949
CVE-2017-13984,0.01061,0.51015
CVE-2017-13985,0.01061,0.51015
CVE-2017-13986,0.00885,0.26162
CVE-2017-13987,0.00885,0.26162
CVE-2017-13988,0.00885,0.26162
CVE-2017-13989,0.00885,0.26162
CVE-2017-13990,0.00885,0.26162
CVE-2017-13991,0.00885,0.26162
CVE-2017-13992,0.02166,0.79253
CVE-2017-13993,0.01102,0.51825
CVE-2017-13994,0.00885,0.26162
CVE-2017-13995,0.00885,0.26162
CVE-2017-13996,0.01578,0.74478
CVE-2017-13997,0.01578,0.74478
CVE-2017-13998,0.00885,0.26162
CVE-2017-13999,0.00954,0.34522
CVE-2017-14000,0.00885,0.26162
CVE-2017-14001,0.01578,0.74478
CVE-2017-14002,0.01055,0.50287
CVE-2017-14003,0.00885,0.26162
CVE-2017-14004,0.01055,0.50287
CVE-2017-14005,0.00885,0.26162
CVE-2017-14006,0.01055,0.50287
CVE-2017-14007,0.00885,0.26162
CVE-2017-14008,0.01055,0.50287
CVE-2017-14009,0.00885,0.26162
CVE-2017-14010,0.01559,0.742
CVE-2017-14011,0.00885,0.26162
CVE-2017-14012,0.00885,0.26162
CVE-2017-14013,0.00885,0.26162
CVE-2017-14014,0.00885,0.26162
CVE-2017-14016,0.63891,0.98938
CVE-2017-14017,0.02067,0.78991
CVE-2017-14018,0.00885,0.26162
CVE-2017-14019,0.00885,0.26162
CVE-2017-14020,0.00885,0.26162
CVE-2017-14021,0.00885,0.26162
CVE-2017-14022,0.00885,0.26162
CVE-2017-14023,0.01061,0.51015
CVE-2017-14024,0.02166,0.79253
CVE-2017-14025,0.00885,0.26162
CVE-2017-14026,0.00885,0.26162
CVE-2017-14027,0.00885,0.26162
CVE-2017-14028,0.00885,0.26162
CVE-2017-14029,0.00885,0.26162
CVE-2017-14030,0.00885,0.26162
CVE-2017-14031,0.00885,0.26162
CVE-2017-14032,0.01213,0.6557
CVE-2017-14033,0.01537,0.73595
CVE-2017-14034,0.01055,0.50287
CVE-2017-14035,0.00885,0.26162
CVE-2017-14036,0.00885,0.26162
CVE-2017-14037,0.00885,0.26162
CVE-2017-14038,0.00885,0.26162
CVE-2017-14039,0.01319,0.70416
CVE-2017-14040,0.01213,0.6557
CVE-2017-14041,0.03249,0.83468
CVE-2017-14042,0.01213,0.6557
CVE-2017-14048,0.01055,0.50287
CVE-2017-14049,0.01055,0.50287
CVE-2017-1405,0.00885,0.26162
CVE-2017-14050,0.01055,0.50287
CVE-2017-14051,0.01034,0.39824
CVE-2017-14053,0.01055,0.50287
CVE-2017-14054,0.00954,0.34522
CVE-2017-14055,0.01018,0.38792
CVE-2017-14056,0.01018,0.38792
CVE-2017-14057,0.01018,0.38792
CVE-2017-14058,0.01213,0.6557
CVE-2017-14059,0.00954,0.34522
CVE-2017-14060,0.01018,0.38792
CVE-2017-14061,0.01055,0.50287
CVE-2017-14062,0.01213,0.6557
CVE-2017-14063,0.02686,0.82061
CVE-2017-14064,0.02686,0.82061
CVE-2017-14069,0.00885,0.26162
CVE-2017-1407,0.01061,0.51015
CVE-2017-14070,0.00885,0.26162
CVE-2017-14075,0.02108,0.791
CVE-2017-14076,0.00885,0.26162
CVE-2017-14077,0.01055,0.50287
CVE-2017-14078,0.13676,0.95564
CVE-2017-14079,0.05619,0.89566
CVE-2017-14080,0.00885,0.26162
CVE-2017-14081,0.04695,0.88634
CVE-2017-14082,0.01136,0.57949
CVE-2017-14083,0.108,0.94438
CVE-2017-14084,0.36148,0.97777
CVE-2017-14085,0.108,0.94438
CVE-2017-14086,0.108,0.94438
CVE-2017-14087,0.108,0.94438
CVE-2017-14088,0.01404,0.71155
CVE-2017-14089,0.108,0.94438
CVE-2017-1409,0.00885,0.26162
CVE-2017-14090,0.00885,0.26162
CVE-2017-14091,0.00885,0.26162
CVE-2017-14092,0.00885,0.26162
CVE-2017-14093,0.00885,0.26162
CVE-2017-14094,0.05634,0.89764
CVE-2017-14095,0.05634,0.89764
CVE-2017-14096,0.01018,0.38792
CVE-2017-14097,0.01018,0.38792
CVE-2017-14098,0.02051,0.78585
CVE-2017-14099,0.0223,0.80449
CVE-2017-14100,0.02839,0.8236
CVE-2017-14101,0.01055,0.50287
CVE-2017-14102,0.00885,0.26162
CVE-2017-14103,0.01055,0.50287
CVE-2017-14105,0.01238,0.6639
CVE-2017-14106,0.01282,0.67298
CVE-2017-14107,0.01136,0.57949
CVE-2017-14108,0.01136,0.57949
CVE-2017-1411,0.00885,0.26162
CVE-2017-14111,0.0089,0.2856
CVE-2017-14114,0.01055,0.50287
CVE-2017-14115,0.01136,0.57949
CVE-2017-14116,0.01136,0.57949
CVE-2017-14117,0.32869,0.97533
CVE-2017-14118,0.01055,0.50287
CVE-2017-14119,0.01055,0.50287
CVE-2017-1412,0.00885,0.26162
CVE-2017-14120,0.00954,0.34522
CVE-2017-14121,0.00954,0.34522
CVE-2017-14122,0.00954,0.34522
CVE-2017-14123,0.00885,0.26162
CVE-2017-14124,0.00885,0.26162
CVE-2017-14125,0.01055,0.50287
CVE-2017-14126,0.02173,0.80027
CVE-2017-14127,0.01055,0.50287
CVE-2017-14128,0.01213,0.6557
CVE-2017-14129,0.01213,0.6557
CVE-2017-14130,0.01213,0.6557
CVE-2017-14132,0.01319,0.70416
CVE-2017-14134,0.00885,0.26162
CVE-2017-14135,0.01055,0.50287
CVE-2017-14136,0.01018,0.38792
CVE-2017-14137,0.00885,0.26162
CVE-2017-14138,0.00885,0.26162
CVE-2017-14139,0.00885,0.26162
CVE-2017-14140,0.01282,0.67298
CVE-2017-14141,0.01061,0.51015
CVE-2017-14142,0.01213,0.6557
CVE-2017-14143,0.80749,0.99497
CVE-2017-14145,0.00885,0.26162
CVE-2017-14146,0.01055,0.50287
CVE-2017-14147,0.08382,0.93597
CVE-2017-14149,0.00885,0.26162
CVE-2017-14151,0.03249,0.83468
CVE-2017-14152,0.03249,0.83468
CVE-2017-14153,0.02108,0.791
CVE-2017-14156,0.01034,0.39824
CVE-2017-14158,0.01055,0.50287
CVE-2017-14159,0.00885,0.26162
CVE-2017-14160,0.01213,0.6557
CVE-2017-14163,0.00885,0.26162
CVE-2017-14164,0.03249,0.83468
CVE-2017-14165,0.01213,0.6557
CVE-2017-14166,0.01319,0.70416
CVE-2017-14167,0.01916,0.76514
CVE-2017-14169,0.01018,0.38792
CVE-2017-14170,0.01018,0.38792
CVE-2017-14171,0.01018,0.38792
CVE-2017-14172,0.01108,0.53389
CVE-2017-14173,0.01108,0.53389
CVE-2017-14174,0.01108,0.53389
CVE-2017-14175,0.01108,0.53389
CVE-2017-14176,0.01319,0.70416
CVE-2017-14177,0.0095,0.30554
CVE-2017-14178,0.00954,0.34522
CVE-2017-14179,0.00885,0.26162
CVE-2017-1418,0.00885,0.26162
CVE-2017-14180,0.0095,0.30554
CVE-2017-14181,0.01055,0.50287
CVE-2017-14182,0.0095,0.30554
CVE-2017-14184,0.00885,0.26162
CVE-2017-14185,0.00885,0.26162
CVE-2017-14186,0.01061,0.51015
CVE-2017-14187,0.01365,0.70715
CVE-2017-14189,0.00954,0.34522
CVE-2017-14190,0.00954,0.34522
CVE-2017-14191,0.00885,0.26162
CVE-2017-14192,0.00885,0.26162
CVE-2017-14193,0.00885,0.26162
CVE-2017-14194,0.00885,0.26162
CVE-2017-14195,0.00885,0.26162
CVE-2017-14196,0.00885,0.26162
CVE-2017-14197,0.00885,0.26162
CVE-2017-14198,0.01267,0.66451
CVE-2017-14199,0.00885,0.26162
CVE-2017-14201,0.03391,0.83657
CVE-2017-14202,0.01365,0.70715
CVE-2017-1421,0.01018,0.38792
CVE-2017-14219,0.02173,0.80027
CVE-2017-1422,0.0089,0.2856
CVE-2017-14222,0.00954,0.34522
CVE-2017-14223,0.01018,0.38792
CVE-2017-14224,0.03899,0.84942
CVE-2017-14225,0.01018,0.38792
CVE-2017-14226,0.01319,0.70416
CVE-2017-14227,0.01213,0.6557
CVE-2017-14228,0.01136,0.57949
CVE-2017-14229,0.01213,0.6557
CVE-2017-1423,0.00954,0.34522
CVE-2017-14230,0.01213,0.6557
CVE-2017-14231,0.01055,0.50287
CVE-2017-14232,0.01055,0.50287
CVE-2017-14238,0.01055,0.50287
CVE-2017-14239,0.01055,0.50287
CVE-2017-1424,0.0089,0.2856
CVE-2017-14240,0.00885,0.26162
CVE-2017-14241,0.01055,0.50287
CVE-2017-14242,0.01055,0.50287
CVE-2017-14245,0.01018,0.38792
CVE-2017-14246,0.01018,0.38792
CVE-2017-14247,0.00885,0.26162
CVE-2017-14248,0.01055,0.50287
CVE-2017-14249,0.01213,0.6557
CVE-2017-1425,0.0089,0.2856
CVE-2017-14250,0.00885,0.26162
CVE-2017-14251,0.01132,0.54372
CVE-2017-14252,0.00885,0.26162
CVE-2017-14257,0.00885,0.26162
CVE-2017-14258,0.01238,0.6639
CVE-2017-14259,0.01238,0.6639
CVE-2017-14260,0.01238,0.6639
CVE-2017-14261,0.00885,0.26162
CVE-2017-14265,0.01382,0.70925
CVE-2017-14266,0.02362,0.80685
CVE-2017-14267,0.01108,0.53389
CVE-2017-14268,0.00885,0.26162
CVE-2017-14269,0.01055,0.50287
CVE-2017-1427,0.01018,0.38792
CVE-2017-14270,0.01238,0.6639
CVE-2017-14271,0.01238,0.6639
CVE-2017-14272,0.01238,0.6639
CVE-2017-14273,0.01238,0.6639
CVE-2017-14274,0.01238,0.6639
CVE-2017-14275,0.01238,0.6639
CVE-2017-14276,0.00885,0.26162
CVE-2017-14277,0.00885,0.26162
CVE-2017-14278,0.00885,0.26162
CVE-2017-14279,0.00885,0.26162
CVE-2017-1428,0.01213,0.6557
CVE-2017-14280,0.00885,0.26162
CVE-2017-14281,0.00885,0.26162
CVE-2017-14282,0.00885,0.26162
CVE-2017-14283,0.00885,0.26162
CVE-2017-14284,0.00885,0.26162
CVE-2017-14285,0.00885,0.26162
CVE-2017-14286,0.01238,0.6639
CVE-2017-14287,0.01238,0.6639
CVE-2017-14288,0.01238,0.6639
CVE-2017-14289,0.01238,0.6639
CVE-2017-1429,0.0089,0.2856
CVE-2017-14290,0.01238,0.6639
CVE-2017-14291,0.01238,0.6639
CVE-2017-14292,0.01238,0.6639
CVE-2017-14293,0.01238,0.6639
CVE-2017-14294,0.01238,0.6639
CVE-2017-14295,0.01238,0.6639
CVE-2017-14296,0.01238,0.6639
CVE-2017-14297,0.01238,0.6639
CVE-2017-14298,0.01238,0.6639
CVE-2017-14299,0.01238,0.6639
CVE-2017-14300,0.01238,0.6639
CVE-2017-14301,0.01238,0.6639
CVE-2017-14302,0.00885,0.26162
CVE-2017-14303,0.00885,0.26162
CVE-2017-14304,0.00885,0.26162
CVE-2017-14305,0.00885,0.26162
CVE-2017-14306,0.00885,0.26162
CVE-2017-14307,0.00885,0.26162
CVE-2017-14308,0.00885,0.26162
CVE-2017-14309,0.00885,0.26162
CVE-2017-1431,0.0089,0.2856
CVE-2017-14310,0.00885,0.26162
CVE-2017-14311,0.01832,0.76196
CVE-2017-14312,0.0089,0.2856
CVE-2017-14313,0.01018,0.38792
CVE-2017-14314,0.01213,0.6557
CVE-2017-14316,0.01034,0.39824
CVE-2017-14317,0.0095,0.30554
CVE-2017-14318,0.0095,0.30554
CVE-2017-14319,0.01034,0.39824
CVE-2017-14320,0.01382,0.70925
CVE-2017-14321,0.01055,0.50287
CVE-2017-14323,0.01156,0.60033
CVE-2017-14324,0.00885,0.26162
CVE-2017-14325,0.00954,0.34522
CVE-2017-14326,0.00885,0.26162
CVE-2017-14327,0.00885,0.26162
CVE-2017-14328,0.01055,0.50287
CVE-2017-14329,0.00885,0.26162
CVE-2017-1433,0.0089,0.2856
CVE-2017-14330,0.00885,0.26162
CVE-2017-14331,0.00885,0.26162
CVE-2017-14332,0.01055,0.50287
CVE-2017-14333,0.01102,0.51825
CVE-2017-14335,0.08382,0.93597
CVE-2017-14337,0.00885,0.26162
CVE-2017-14339,0.00954,0.34522
CVE-2017-1434,0.0095,0.30554
CVE-2017-14340,0.01104,0.52279
CVE-2017-14341,0.01018,0.38792
CVE-2017-14342,0.00885,0.26162
CVE-2017-14343,0.00885,0.26162
CVE-2017-14344,0.02108,0.791
CVE-2017-14345,0.00885,0.26162
CVE-2017-14346,0.01599,0.74589
CVE-2017-14347,0.00885,0.26162
CVE-2017-14348,0.00885,0.26162
CVE-2017-14349,0.00954,0.34522
CVE-2017-14350,0.0497,0.88982000000000006
CVE-2017-14351,0.02758,0.82136
CVE-2017-14352,0.00885,0.26162
CVE-2017-14353,0.12689,0.95336
CVE-2017-14354,0.01018,0.38792
CVE-2017-14355,0.02042,0.78565
CVE-2017-14356,0.00954,0.34522
CVE-2017-14357,0.00885,0.26162
CVE-2017-14358,0.00885,0.26162
CVE-2017-14359,0.00885,0.26162
CVE-2017-14360,0.00885,0.26162
CVE-2017-14361,0.00885,0.26162
CVE-2017-14362,0.00885,0.26162
CVE-2017-14363,0.00885,0.26162
CVE-2017-14369,0.0089,0.2856
CVE-2017-14370,0.00885,0.26162
CVE-2017-14371,0.00954,0.34522
CVE-2017-14372,0.00954,0.34522
CVE-2017-14373,0.00954,0.34522
CVE-2017-14374,0.01055,0.50287
CVE-2017-14375,0.00954,0.34522
CVE-2017-14376,0.00885,0.26162
CVE-2017-14377,0.00954,0.34522
CVE-2017-14378,0.00954,0.34522
CVE-2017-14379,0.0089,0.2856
CVE-2017-1438,0.0095,0.30554
CVE-2017-14380,0.00885,0.26162
CVE-2017-14383,0.01055,0.50287
CVE-2017-14384,0.00885,0.26162
CVE-2017-14385,0.05634,0.89764
CVE-2017-14386,0.00885,0.26162
CVE-2017-14387,0.00885,0.26162
CVE-2017-14388,0.00885,0.26162
CVE-2017-14389,0.00885,0.26162
CVE-2017-1439,0.0095,0.30554
CVE-2017-14390,0.00885,0.26162
CVE-2017-14394,0.00885,0.26162
CVE-2017-14395,0.00885,0.26162
CVE-2017-14396,0.01564,0.74439
CVE-2017-14397,0.00885,0.26162
CVE-2017-14398,0.00885,0.26162
CVE-2017-14399,0.00885,0.26162
CVE-2017-1440,0.04695,0.88634
CVE-2017-14400,0.01213,0.6557
CVE-2017-14401,0.00885,0.26162
CVE-2017-14402,0.00885,0.26162
CVE-2017-14403,0.00885,0.26162
CVE-2017-14404,0.00885,0.26162
CVE-2017-14405,0.01382,0.70925
CVE-2017-14406,0.01055,0.50287
CVE-2017-14407,0.01055,0.50287
CVE-2017-14408,0.01055,0.50287
CVE-2017-14409,0.01318,0.6746
CVE-2017-1441,0.0089,0.2856
CVE-2017-14410,0.01055,0.50287
CVE-2017-14411,0.01318,0.6746
CVE-2017-14412,0.00885,0.26162
CVE-2017-14413,0.00885,0.26162
CVE-2017-14414,0.00885,0.26162
CVE-2017-14415,0.00885,0.26162
CVE-2017-14416,0.00885,0.26162
CVE-2017-14417,0.00885,0.26162
CVE-2017-14418,0.00885,0.26162
CVE-2017-14419,0.00885,0.26162
CVE-2017-1442,0.00954,0.34522
CVE-2017-14420,0.00885,0.26162
CVE-2017-14421,0.01055,0.50287
CVE-2017-14422,0.01055,0.50287
CVE-2017-14423,0.01055,0.50287
CVE-2017-14424,0.00885,0.26162
CVE-2017-14425,0.00885,0.26162
CVE-2017-14426,0.00885,0.26162
CVE-2017-14427,0.00885,0.26162
CVE-2017-14428,0.00885,0.26162
CVE-2017-14429,0.01382,0.70925
CVE-2017-1443,0.00954,0.34522
CVE-2017-14430,0.01055,0.50287
CVE-2017-14431,0.00885,0.26162
CVE-2017-14432,0.02055,0.7893
CVE-2017-14433,0.02055,0.7893
CVE-2017-14434,0.02055,0.7893
CVE-2017-14435,0.00885,0.26162
CVE-2017-14436,0.00885,0.26162
CVE-2017-14437,0.00885,0.26162
CVE-2017-14438,0.00885,0.26162
CVE-2017-14439,0.00885,0.26162
CVE-2017-1444,0.00885,0.26162
CVE-2017-14440,0.02509,0.81058
CVE-2017-14441,0.02509,0.81058
CVE-2017-14442,0.02509,0.81058
CVE-2017-14443,0.00885,0.26162
CVE-2017-14444,0.00885,0.26162
CVE-2017-14445,0.00885,0.26162
CVE-2017-14446,0.00885,0.26162
CVE-2017-14447,0.00885,0.26162
CVE-2017-14448,0.02509,0.81058
CVE-2017-14449,0.00954,0.34522
CVE-2017-1445,0.0089,0.2856
CVE-2017-14450,0.01018,0.38792
CVE-2017-14451,0.01156,0.60033
CVE-2017-14452,0.00885,0.26162
CVE-2017-14453,0.00885,0.26162
CVE-2017-14455,0.00885,0.26162
CVE-2017-14457,0.00885,0.26162
CVE-2017-14458,0.02509,0.81058
CVE-2017-14459,0.03181,0.83177
CVE-2017-1446,0.0089,0.2856
CVE-2017-14460,0.00885,0.26162
CVE-2017-14461,0.01034,0.39824
CVE-2017-14462,0.00885,0.26162
CVE-2017-14463,0.00885,0.26162
CVE-2017-14464,0.00885,0.26162
CVE-2017-14465,0.00885,0.26162
CVE-2017-14466,0.00885,0.26162
CVE-2017-14467,0.00885,0.26162
CVE-2017-14468,0.00885,0.26162
CVE-2017-14469,0.00885,0.26162
CVE-2017-1447,0.00885,0.26162
CVE-2017-14470,0.00885,0.26162
CVE-2017-14471,0.00885,0.26162
CVE-2017-14472,0.00885,0.26162
CVE-2017-14473,0.00885,0.26162
CVE-2017-14474,0.01086,0.51674
CVE-2017-14475,0.01086,0.51674
CVE-2017-14476,0.01086,0.51674
CVE-2017-14477,0.01086,0.51674
CVE-2017-14478,0.01086,0.51674
CVE-2017-14479,0.01086,0.51674
CVE-2017-1448,0.01061,0.51015
CVE-2017-14480,0.01086,0.51674
CVE-2017-14481,0.01086,0.51674
CVE-2017-14482,0.0632,0.90497
CVE-2017-14483,0.00885,0.26162
CVE-2017-14484,0.00885,0.26162
CVE-2017-14486,0.01055,0.50287
CVE-2017-14487,0.01055,0.50287
CVE-2017-14489,0.02115,0.79119
CVE-2017-1449,0.01055,0.50287
CVE-2017-14492,0.43973,0.98228
CVE-2017-14494,0.18327,0.96125
CVE-2017-14495,0.18327,0.96125
CVE-2017-14496,0.18327,0.96125
CVE-2017-14497,0.01282,0.67298
CVE-2017-14498,0.01018,0.38792
CVE-2017-1450,0.01055,0.50287
CVE-2017-14500,0.05941,0.90101
CVE-2017-14501,0.01108,0.53389
CVE-2017-14502,0.01108,0.53389
CVE-2017-14503,0.01183,0.60428
CVE-2017-14504,0.01537,0.73595
CVE-2017-14505,0.01018,0.38792
CVE-2017-14506,0.00885,0.26162
CVE-2017-14507,0.01564,0.74439
CVE-2017-14508,0.0089,0.2856
CVE-2017-14509,0.01061,0.51015
CVE-2017-1451,0.0095,0.30554
CVE-2017-14510,0.00954,0.34522
CVE-2017-14511,0.00954,0.34522
CVE-2017-14512,0.00885,0.26162
CVE-2017-14513,0.01055,0.50287
CVE-2017-14514,0.01055,0.50287
CVE-2017-14515,0.01055,0.50287
CVE-2017-14516,0.00885,0.26162
CVE-2017-14517,0.00954,0.34522
CVE-2017-14518,0.00885,0.26162
CVE-2017-14519,0.00885,0.26162
CVE-2017-1452,0.0095,0.30554
CVE-2017-14520,0.00885,0.26162
CVE-2017-14521,0.07308,0.9216
CVE-2017-14522,0.01086,0.51674
CVE-2017-14523,0.08382,0.93597
CVE-2017-14524,0.01055,0.50287
CVE-2017-14525,0.01055,0.50287
CVE-2017-14526,0.01055,0.50287
CVE-2017-14527,0.01055,0.50287
CVE-2017-14528,0.01213,0.6557
CVE-2017-14529,0.01136,0.57949
CVE-2017-1453,0.01055,0.50287
CVE-2017-14530,0.0089,0.2856
CVE-2017-14531,0.00954,0.34522
CVE-2017-14532,0.01018,0.38792
CVE-2017-14533,0.00954,0.34522
CVE-2017-14534,0.00885,0.26162
CVE-2017-14535,0.02396,0.8071
CVE-2017-14536,0.00885,0.26162
CVE-2017-14537,0.0214,0.79167
CVE-2017-14538,0.01238,0.6639
CVE-2017-14539,0.00885,0.26162
CVE-2017-14540,0.00885,0.26162
CVE-2017-14541,0.00885,0.26162
CVE-2017-14542,0.01238,0.6639
CVE-2017-14543,0.00885,0.26162
CVE-2017-14544,0.00885,0.26162
CVE-2017-14545,0.00885,0.26162
CVE-2017-14546,0.00885,0.26162
CVE-2017-14547,0.00885,0.26162
CVE-2017-14548,0.01238,0.6639
CVE-2017-14549,0.01238,0.6639
CVE-2017-14550,0.00885,0.26162
CVE-2017-14551,0.00885,0.26162
CVE-2017-14552,0.01238,0.6639
CVE-2017-14553,0.01238,0.6639
CVE-2017-14554,0.00885,0.26162
CVE-2017-14555,0.00885,0.26162
CVE-2017-14556,0.01238,0.6639
CVE-2017-14557,0.01238,0.6639
CVE-2017-14558,0.01238,0.6639
CVE-2017-14559,0.01238,0.6639
CVE-2017-14560,0.00885,0.26162
CVE-2017-14561,0.01238,0.6639
CVE-2017-14562,0.00885,0.26162
CVE-2017-14563,0.01238,0.6639
CVE-2017-14564,0.00885,0.26162
CVE-2017-14565,0.00885,0.26162
CVE-2017-14566,0.01238,0.6639
CVE-2017-14567,0.01238,0.6639
CVE-2017-14568,0.01238,0.6639
CVE-2017-14569,0.00885,0.26162
CVE-2017-1457,0.00954,0.34522
CVE-2017-14570,0.01238,0.6639
CVE-2017-14571,0.01238,0.6639
CVE-2017-14572,0.01238,0.6639
CVE-2017-14573,0.01238,0.6639
CVE-2017-14574,0.01238,0.6639
CVE-2017-14575,0.01238,0.6639
CVE-2017-14576,0.00885,0.26162
CVE-2017-14577,0.01238,0.6639
CVE-2017-14578,0.00885,0.26162
CVE-2017-14579,0.01238,0.6639
CVE-2017-1458,0.01061,0.51015
CVE-2017-14580,0.01238,0.6639
CVE-2017-14581,0.01055,0.50287
CVE-2017-14582,0.00885,0.26162
CVE-2017-14583,0.00885,0.26162
CVE-2017-14585,0.04695,0.88634
CVE-2017-14586,0.05785,0.89924
CVE-2017-14587,0.01061,0.51015
CVE-2017-14588,0.01136,0.57949
CVE-2017-14589,0.00954,0.34522
CVE-2017-1459,0.0089,0.2856
CVE-2017-14590,0.02199,0.80273
CVE-2017-14591,0.01578,0.74478
CVE-2017-14592,0.02199,0.80273
CVE-2017-14593,0.02199,0.80273
CVE-2017-14594,0.01055,0.50287
CVE-2017-14595,0.00954,0.34522
CVE-2017-14596,0.01018,0.38792
CVE-2017-14597,0.00885,0.26162
CVE-2017-1460,0.00885,0.26162
CVE-2017-14600,0.00885,0.26162
CVE-2017-14601,0.00885,0.26162
CVE-2017-14602,0.0089,0.2856
CVE-2017-14603,0.01923,0.77074
CVE-2017-14604,0.01282,0.67298
CVE-2017-14607,0.01018,0.38792
CVE-2017-14608,0.00885,0.26162
CVE-2017-14609,0.00885,0.26162
CVE-2017-1461,0.0089,0.2856
CVE-2017-14610,0.00885,0.26162
CVE-2017-14611,0.01055,0.50287
CVE-2017-14612,0.00885,0.26162
CVE-2017-14614,0.01055,0.50287
CVE-2017-14615,0.00954,0.34522
CVE-2017-14616,0.00885,0.26162
CVE-2017-14617,0.00885,0.26162
CVE-2017-14618,0.02437,0.80834
CVE-2017-14619,0.02173,0.80027
CVE-2017-1462,0.0095,0.30554
CVE-2017-14620,0.08382,0.93597
CVE-2017-14621,0.00885,0.26162
CVE-2017-14622,0.01136,0.57949
CVE-2017-14623,0.00885,0.26162
CVE-2017-14624,0.01018,0.38792
CVE-2017-14625,0.01018,0.38792
CVE-2017-14626,0.01108,0.53389
CVE-2017-14627,0.71051,0.99138
CVE-2017-14628,0.00885,0.26162
CVE-2017-14629,0.00885,0.26162
CVE-2017-14630,0.00885,0.26162
CVE-2017-14631,0.00885,0.26162
CVE-2017-14632,0.05785,0.89924
CVE-2017-14633,0.01018,0.38792
CVE-2017-14634,0.01018,0.38792
CVE-2017-14635,0.01055,0.50287
CVE-2017-14636,0.00885,0.26162
CVE-2017-14637,0.00885,0.26162
CVE-2017-14638,0.00954,0.34522
CVE-2017-14639,0.00954,0.34522
CVE-2017-14640,0.01136,0.57949
CVE-2017-14641,0.01136,0.57949
CVE-2017-14642,0.01136,0.57949
CVE-2017-14643,0.00954,0.34522
CVE-2017-14644,0.01382,0.70925
CVE-2017-14645,0.01055,0.50287
CVE-2017-14646,0.00954,0.34522
CVE-2017-14647,0.01382,0.70925
CVE-2017-14648,0.02065,0.78945
CVE-2017-14649,0.01108,0.53389
CVE-2017-1465,0.01055,0.50287
CVE-2017-14650,0.05785,0.89924
CVE-2017-14651,0.0089,0.2856
CVE-2017-14652,0.01055,0.50287
CVE-2017-14653,0.01055,0.50287
CVE-2017-1467,0.00954,0.34522
CVE-2017-1468,0.0089,0.2856
CVE-2017-14680,0.08382,0.93597
CVE-2017-14681,0.00885,0.26162
CVE-2017-14682,0.01213,0.6557
CVE-2017-14683,0.00885,0.26162
CVE-2017-14684,0.00885,0.26162
CVE-2017-14685,0.01018,0.38792
CVE-2017-14686,0.01532,0.72897
CVE-2017-14687,0.01018,0.38792
CVE-2017-14688,0.00885,0.26162
CVE-2017-14689,0.00885,0.26162
CVE-2017-1469,0.0089,0.2856
CVE-2017-14690,0.01238,0.6639
CVE-2017-14691,0.00885,0.26162
CVE-2017-14692,0.01238,0.6639
CVE-2017-14693,0.00885,0.26162
CVE-2017-14694,0.01404,0.71155
CVE-2017-14695,0.01108,0.53389
CVE-2017-14696,0.01319,0.70416
CVE-2017-14698,0.01055,0.50287
CVE-2017-14699,0.01055,0.50287
CVE-2017-14702,0.05365,0.89438
CVE-2017-14703,0.01564,0.74439
CVE-2017-14704,0.04084,0.85325
CVE-2017-14705,0.05785,0.89924
CVE-2017-14706,0.37242,0.97818
CVE-2017-14709,0.00885,0.26162
CVE-2017-14710,0.00885,0.26162
CVE-2017-14711,0.00885,0.26162
CVE-2017-14712,0.00885,0.26162
CVE-2017-14713,0.00885,0.26162
CVE-2017-14714,0.00885,0.26162
CVE-2017-14715,0.00885,0.26162
CVE-2017-14716,0.00885,0.26162
CVE-2017-14717,0.00885,0.26162
CVE-2017-14718,0.01018,0.38792
CVE-2017-14720,0.01018,0.38792
CVE-2017-14721,0.01018,0.38792
CVE-2017-14722,0.01108,0.53389
CVE-2017-14723,0.01537,0.73595
CVE-2017-14724,0.01108,0.53389
CVE-2017-14725,0.01034,0.39824
CVE-2017-14726,0.01108,0.53389
CVE-2017-14727,0.01018,0.38792
CVE-2017-14728,0.01136,0.57949
CVE-2017-14729,0.01213,0.6557
CVE-2017-1473,0.00885,0.26162
CVE-2017-14730,0.0095,0.30554
CVE-2017-14731,0.01136,0.57949
CVE-2017-14733,0.01319,0.70416
CVE-2017-14734,0.01055,0.50287
CVE-2017-14735,0.01537,0.73595
CVE-2017-14737,0.0089,0.2856
CVE-2017-14738,0.01564,0.74439
CVE-2017-14739,0.01213,0.6557
CVE-2017-1474,0.00954,0.34522
CVE-2017-14740,0.01055,0.50287
CVE-2017-14741,0.01213,0.6557
CVE-2017-14742,0.01086,0.51674
CVE-2017-14743,0.00885,0.26162
CVE-2017-14744,0.00885,0.26162
CVE-2017-14745,0.01055,0.50287
CVE-2017-14746,0.15468,0.95786
CVE-2017-14748,0.01061,0.51015
CVE-2017-14749,0.01318,0.6746
CVE-2017-14751,0.00954,0.34522
CVE-2017-14752,0.0119,0.60447
CVE-2017-14753,0.01055,0.50287
CVE-2017-14754,0.00885,0.26162
CVE-2017-14755,0.00885,0.26162
CVE-2017-14756,0.00885,0.26162
CVE-2017-14757,0.01564,0.74439
CVE-2017-14758,0.01564,0.74439
CVE-2017-14759,0.00885,0.26162
CVE-2017-1476,0.01136,0.57949
CVE-2017-14760,0.00885,0.26162
CVE-2017-14761,0.00885,0.26162
CVE-2017-14762,0.00885,0.26162
CVE-2017-14763,0.01055,0.50287
CVE-2017-14764,0.01055,0.50287
CVE-2017-14765,0.00885,0.26162
CVE-2017-14766,0.00954,0.34522
CVE-2017-14767,0.01213,0.6557
CVE-2017-1477,0.01055,0.50287
CVE-2017-14770,0.00885,0.26162
CVE-2017-14771,0.00885,0.26162
CVE-2017-14772,0.00885,0.26162
CVE-2017-14773,0.00885,0.26162
CVE-2017-14775,0.00954,0.34522
CVE-2017-1478,0.0095,0.30554
CVE-2017-14795,0.01055,0.50287
CVE-2017-14796,0.01055,0.50287
CVE-2017-14797,0.01055,0.50287
CVE-2017-14798,0.02042,0.78565
CVE-2017-14799,0.00885,0.26162
CVE-2017-1480,0.01061,0.51015
CVE-2017-14800,0.00885,0.26162
CVE-2017-14801,0.00885,0.26162
CVE-2017-14802,0.01055,0.50287
CVE-2017-14803,0.01086,0.51674
CVE-2017-14804,0.00954,0.34522
CVE-2017-14806,0.01055,0.50287
CVE-2017-14807,0.01055,0.50287
CVE-2017-1481,0.0089,0.2856
CVE-2017-14818,0.01384,0.711
CVE-2017-14819,0.01384,0.711
CVE-2017-1482,0.0089,0.2856
CVE-2017-14820,0.01384,0.711
CVE-2017-14821,0.01384,0.711
CVE-2017-14822,0.01384,0.711
CVE-2017-14823,0.01384,0.711
CVE-2017-14824,0.01384,0.711
CVE-2017-14825,0.01384,0.711
CVE-2017-14826,0.01384,0.711
CVE-2017-14827,0.01384,0.711
CVE-2017-14828,0.01384,0.711
CVE-2017-14829,0.01384,0.711
CVE-2017-1483,0.00954,0.34522
CVE-2017-14830,0.01384,0.711
CVE-2017-14831,0.01384,0.711
CVE-2017-14832,0.01384,0.711
CVE-2017-14833,0.01384,0.711
CVE-2017-14834,0.01384,0.711
CVE-2017-14835,0.01384,0.711
CVE-2017-14836,0.01384,0.711
CVE-2017-14837,0.01384,0.711
CVE-2017-14838,0.07308,0.9216
CVE-2017-14839,0.07308,0.9216
CVE-2017-1484,0.0089,0.2856
CVE-2017-14840,0.07308,0.9216
CVE-2017-14841,0.07308,0.9216
CVE-2017-14842,0.01564,0.74439
CVE-2017-14843,0.01564,0.74439
CVE-2017-14844,0.01564,0.74439
CVE-2017-14845,0.01564,0.74439
CVE-2017-14846,0.01564,0.74439
CVE-2017-14847,0.01564,0.74439
CVE-2017-14848,0.01564,0.74439
CVE-2017-1485,0.00885,0.26162
CVE-2017-14850,0.00954,0.34522
CVE-2017-14851,0.00954,0.34522
CVE-2017-14852,0.00954,0.34522
CVE-2017-14853,0.00954,0.34522
CVE-2017-14854,0.05634,0.89764
CVE-2017-14855,0.01055,0.50287
CVE-2017-14857,0.00885,0.26162
CVE-2017-14858,0.00885,0.26162
CVE-2017-14859,0.00885,0.26162
CVE-2017-1486,0.00885,0.26162
CVE-2017-14860,0.00885,0.26162
CVE-2017-14861,0.01055,0.50287
CVE-2017-14862,0.00885,0.26162
CVE-2017-14863,0.00885,0.26162
CVE-2017-14864,0.00885,0.26162
CVE-2017-14865,0.00885,0.26162
CVE-2017-14866,0.00885,0.26162
CVE-2017-14867,0.01034,0.39824
CVE-2017-14868,0.01136,0.57949
CVE-2017-14869,0.00885,0.26162
CVE-2017-1487,0.0089,0.2856
CVE-2017-14870,0.00885,0.26162
CVE-2017-14872,0.00885,0.26162
CVE-2017-14873,0.00885,0.26162
CVE-2017-14875,0.00885,0.26162
CVE-2017-14876,0.00885,0.26162
CVE-2017-14877,0.00885,0.26162
CVE-2017-14878,0.00954,0.34522
CVE-2017-14879,0.00885,0.26162
CVE-2017-1488,0.00885,0.26162
CVE-2017-14880,0.00885,0.26162
CVE-2017-14881,0.00885,0.26162
CVE-2017-14882,0.00954,0.34522
CVE-2017-14883,0.00885,0.26162
CVE-2017-14884,0.00885,0.26162
CVE-2017-14885,0.0089,0.2856
CVE-2017-14887,0.00885,0.26162
CVE-2017-14888,0.00885,0.26162
CVE-2017-14889,0.01005,0.36332
CVE-2017-1489,0.01018,0.38792
CVE-2017-14890,0.00885,0.26162
CVE-2017-14891,0.00885,0.26162
CVE-2017-14892,0.00885,0.26162
CVE-2017-14893,0.00885,0.26162
CVE-2017-14894,0.00885,0.26162
CVE-2017-14895,0.00885,0.26162
CVE-2017-14896,0.00885,0.26162
CVE-2017-14897,0.00885,0.26162
CVE-2017-14898,0.00885,0.26162
CVE-2017-14899,0.00885,0.26162
CVE-2017-1490,0.0089,0.2856
CVE-2017-14900,0.00885,0.26162
CVE-2017-14901,0.00885,0.26162
CVE-2017-14902,0.00885,0.26162
CVE-2017-14903,0.00885,0.26162
CVE-2017-14904,0.0089,0.2856
CVE-2017-14905,0.00885,0.26162
CVE-2017-14906,0.00954,0.34522
CVE-2017-14907,0.00885,0.26162
CVE-2017-14908,0.00885,0.26162
CVE-2017-14909,0.00885,0.26162
CVE-2017-1491,0.00885,0.26162
CVE-2017-14910,0.00885,0.26162
CVE-2017-14911,0.00954,0.34522
CVE-2017-14912,0.00954,0.34522
CVE-2017-14913,0.00954,0.34522
CVE-2017-14914,0.00885,0.26162
CVE-2017-14915,0.00954,0.34522
CVE-2017-14916,0.00885,0.26162
CVE-2017-14917,0.00885,0.26162
CVE-2017-14918,0.00885,0.26162
CVE-2017-14919,0.01213,0.6557
CVE-2017-14920,0.01055,0.50287
CVE-2017-14921,0.0095,0.30554
CVE-2017-14922,0.0095,0.30554
CVE-2017-14923,0.0095,0.30554
CVE-2017-14924,0.0089,0.2856
CVE-2017-14925,0.0089,0.2856
CVE-2017-14926,0.00885,0.26162
CVE-2017-14927,0.00885,0.26162
CVE-2017-14928,0.00885,0.26162
CVE-2017-14929,0.00885,0.26162
CVE-2017-1493,0.0089,0.2856
CVE-2017-14930,0.01055,0.50287
CVE-2017-14931,0.01055,0.50287
CVE-2017-14932,0.01055,0.50287
CVE-2017-14933,0.01213,0.6557
CVE-2017-14934,0.01136,0.57949
CVE-2017-14935,0.01055,0.50287
CVE-2017-14937,0.05844,0.90003
CVE-2017-14938,0.01213,0.6557
CVE-2017-14939,0.03008,0.82813
CVE-2017-1494,0.0095,0.30554
CVE-2017-14940,0.01136,0.57949
CVE-2017-14941,0.01055,0.50287
CVE-2017-14942,0.08382,0.93597
CVE-2017-14943,0.00885,0.26162
CVE-2017-14944,0.00885,0.26162
CVE-2017-14945,0.00885,0.26162
CVE-2017-14946,0.00885,0.26162
CVE-2017-14947,0.01238,0.6639
CVE-2017-14948,0.01086,0.51674
CVE-2017-14949,0.01055,0.50287
CVE-2017-1495,0.00885,0.26162
CVE-2017-14952,0.05785,0.89924
CVE-2017-14953,0.00885,0.26162
CVE-2017-14955,0.08382,0.93597
CVE-2017-14956,0.08927,0.93692
CVE-2017-14957,0.01018,0.38792
CVE-2017-14958,0.01298,0.67319
CVE-2017-1496,0.00885,0.26162
CVE-2017-14960,0.01564,0.74439
CVE-2017-14961,0.02042,0.78565
CVE-2017-14962,0.00885,0.26162
CVE-2017-14963,0.00885,0.26162
CVE-2017-14964,0.00885,0.26162
CVE-2017-14965,0.00885,0.26162
CVE-2017-14966,0.00885,0.26162
CVE-2017-14967,0.00885,0.26162
CVE-2017-14968,0.00885,0.26162
CVE-2017-14969,0.00885,0.26162
CVE-2017-1497,0.00954,0.34522
CVE-2017-14970,0.00885,0.26162
CVE-2017-14971,0.00885,0.26162
CVE-2017-14972,0.00885,0.26162
CVE-2017-14973,0.00885,0.26162
CVE-2017-14974,0.01055,0.50287
CVE-2017-14975,0.00954,0.34522
CVE-2017-14976,0.01018,0.38792
CVE-2017-14977,0.00954,0.34522
CVE-2017-14979,0.01055,0.50287
CVE-2017-1498,0.0089,0.2856
CVE-2017-14981,0.00885,0.26162
CVE-2017-14983,0.01055,0.50287
CVE-2017-14984,0.01055,0.50287
CVE-2017-14985,0.01055,0.50287
CVE-2017-14988,0.01055,0.50287
CVE-2017-14989,0.01018,0.38792
CVE-2017-1499,0.01978,0.78447
CVE-2017-14990,0.01061,0.51015
CVE-2017-14991,0.0095,0.30554
CVE-2017-14992,0.01055,0.50287
CVE-2017-14993,0.01055,0.50287
CVE-2017-14994,0.01776,0.75902
CVE-2017-14995,0.00885,0.26162
CVE-2017-14997,0.01776,0.75902
CVE-2017-1500,0.00885,0.26162
CVE-2017-15008,0.00885,0.26162
CVE-2017-15009,0.00885,0.26162
CVE-2017-1501,0.01018,0.38792
CVE-2017-15010,0.01537,0.73595
CVE-2017-15011,0.01055,0.50287
CVE-2017-15012,0.07308,0.9216
CVE-2017-15013,0.07308,0.9216
CVE-2017-15014,0.07308,0.9216
CVE-2017-15015,0.01018,0.38792
CVE-2017-15016,0.00885,0.26162
CVE-2017-15017,0.01018,0.38792
CVE-2017-15018,0.00885,0.26162
CVE-2017-15019,0.00885,0.26162
CVE-2017-1502,0.00885,0.26162
CVE-2017-15020,0.01136,0.57949
CVE-2017-15021,0.01136,0.57949
CVE-2017-15022,0.01136,0.57949
CVE-2017-15023,0.01213,0.6557
CVE-2017-15024,0.01136,0.57949
CVE-2017-15025,0.01136,0.57949
CVE-2017-15029,0.0089,0.2856
CVE-2017-1503,0.01213,0.6557
CVE-2017-15030,0.00954,0.34522
CVE-2017-15031,0.00885,0.26162
CVE-2017-15032,0.00885,0.26162
CVE-2017-15033,0.00885,0.26162
CVE-2017-15035,0.08382,0.93597
CVE-2017-15037,0.00954,0.34522
CVE-2017-15038,0.0095,0.30554
CVE-2017-15039,0.00885,0.26162
CVE-2017-1504,0.0089,0.2856
CVE-2017-15041,0.10052,0.9429
CVE-2017-15042,0.01183,0.60428
CVE-2017-15043,0.01156,0.60033
CVE-2017-15044,0.01055,0.50287
CVE-2017-15045,0.00885,0.26162
CVE-2017-15046,0.00885,0.26162
CVE-2017-15047,0.00885,0.26162
CVE-2017-15048,0.10516,0.94389
CVE-2017-15049,0.11065,0.9464
CVE-2017-15051,0.01055,0.50287
CVE-2017-15052,0.00885,0.26162
CVE-2017-15053,0.00885,0.26162
CVE-2017-15054,0.02662,0.81427
CVE-2017-15055,0.00885,0.26162
CVE-2017-15056,0.01055,0.50287
CVE-2017-1506,0.01018,0.38792
CVE-2017-15063,0.00885,0.26162
CVE-2017-1507,0.00885,0.26162
CVE-2017-15079,0.00885,0.26162
CVE-2017-1508,0.0089,0.2856
CVE-2017-15081,0.01564,0.74439
CVE-2017-15084,0.08382,0.93597
CVE-2017-15085,0.00954,0.34522
CVE-2017-15086,0.00954,0.34522
CVE-2017-15087,0.00954,0.34522
CVE-2017-15088,0.03795,0.84827
CVE-2017-15089,0.01282,0.67298
CVE-2017-1509,0.00885,0.26162
CVE-2017-15090,0.00885,0.26162
CVE-2017-15091,0.00885,0.26162
CVE-2017-15092,0.01055,0.50287
CVE-2017-15093,0.00885,0.26162
CVE-2017-15094,0.00885,0.26162
CVE-2017-15096,0.00885,0.26162
CVE-2017-15097,0.01034,0.39824
CVE-2017-15098,0.01104,0.52279
CVE-2017-15099,0.01034,0.39824
CVE-2017-15100,0.00954,0.34522
CVE-2017-15101,0.0144,0.7265
CVE-2017-15102,0.01034,0.39824
CVE-2017-15103,0.04571,0.88388
CVE-2017-15104,0.0095,0.30554
CVE-2017-15105,0.01018,0.38792
CVE-2017-15107,0.00954,0.34522
CVE-2017-15108,0.0089,0.2856
CVE-2017-15110,0.00885,0.26162
CVE-2017-15111,0.00885,0.26162
CVE-2017-15112,0.00885,0.26162
CVE-2017-15113,0.0095,0.30554
CVE-2017-15114,0.00885,0.26162
CVE-2017-15115,0.01547,0.74085
CVE-2017-15116,0.01034,0.39824
CVE-2017-15118,0.10212,0.94357
CVE-2017-15119,0.01183,0.60428
CVE-2017-15121,0.01034,0.39824
CVE-2017-15123,0.00954,0.34522
CVE-2017-15124,0.01183,0.60428
CVE-2017-15125,0.0089,0.2856
CVE-2017-15126,0.01183,0.60428
CVE-2017-15127,0.01034,0.39824
CVE-2017-15128,0.0095,0.30554
CVE-2017-15129,0.01547,0.74085
CVE-2017-15130,0.01108,0.53389
CVE-2017-15131,0.0089,0.2856
CVE-2017-15132,0.01108,0.53389
CVE-2017-15133,0.01055,0.50287
CVE-2017-15134,0.01319,0.70416
CVE-2017-15135,0.01213,0.6557
CVE-2017-15136,0.00885,0.26162
CVE-2017-15137,0.00885,0.26162
CVE-2017-15138,0.00885,0.26162
CVE-2017-15139,0.01018,0.38792
CVE-2017-1515,0.0089,0.2856
CVE-2017-1516,0.01061,0.51015
CVE-2017-15185,0.01132,0.54372
CVE-2017-15186,0.01136,0.57949
CVE-2017-15188,0.01055,0.50287
CVE-2017-15189,0.01018,0.38792
CVE-2017-1519,0.01213,0.6557
CVE-2017-15190,0.01018,0.38792
CVE-2017-15191,0.01108,0.53389
CVE-2017-15192,0.01018,0.38792
CVE-2017-15193,0.01018,0.38792
CVE-2017-15194,0.00954,0.34522
CVE-2017-15195,0.0095,0.30554
CVE-2017-15196,0.0095,0.30554
CVE-2017-15197,0.0095,0.30554
CVE-2017-15198,0.0095,0.30554
CVE-2017-15199,0.0095,0.30554
CVE-2017-1520,0.01018,0.38792
CVE-2017-15200,0.0095,0.30554
CVE-2017-15201,0.0095,0.30554
CVE-2017-15202,0.0095,0.30554
CVE-2017-15203,0.0095,0.30554
CVE-2017-15204,0.0095,0.30554
CVE-2017-15205,0.0089,0.2856
CVE-2017-15206,0.0095,0.30554
CVE-2017-15207,0.0095,0.30554
CVE-2017-15208,0.0095,0.30554
CVE-2017-15209,0.0089,0.2856
CVE-2017-1521,0.00954,0.34522
CVE-2017-15210,0.0089,0.2856
CVE-2017-15211,0.0095,0.30554
CVE-2017-15212,0.0095,0.30554
CVE-2017-15213,0.0089,0.2856
CVE-2017-15214,0.0089,0.2856
CVE-2017-15215,0.00954,0.34522
CVE-2017-15216,0.00885,0.26162
CVE-2017-15217,0.00954,0.34522
CVE-2017-15218,0.00954,0.34522
CVE-2017-15219,0.00885,0.26162
CVE-2017-1522,0.00885,0.26162
CVE-2017-15220,0.0301,0.82822
CVE-2017-15221,0.02362,0.80685
CVE-2017-15222,0.75644,0.99327
CVE-2017-15223,0.08382,0.93597
CVE-2017-15225,0.01055,0.50287
CVE-2017-15226,0.02055,0.7893
CVE-2017-15227,0.01018,0.38792
CVE-2017-15228,0.01018,0.38792
CVE-2017-1523,0.00954,0.34522
CVE-2017-15232,0.00954,0.34522
CVE-2017-15235,0.08382,0.93597
CVE-2017-15236,0.08382,0.93597
CVE-2017-15238,0.01108,0.53389
CVE-2017-15239,0.00885,0.26162
CVE-2017-1524,0.0089,0.2856
CVE-2017-15240,0.00885,0.26162
CVE-2017-15241,0.00885,0.26162
CVE-2017-15242,0.01135,0.54401
CVE-2017-15243,0.00885,0.26162
CVE-2017-15244,0.00885,0.26162
CVE-2017-15245,0.00885,0.26162
CVE-2017-15246,0.01135,0.54401
CVE-2017-15247,0.00885,0.26162
CVE-2017-15248,0.01135,0.54401
CVE-2017-15249,0.01135,0.54401
CVE-2017-15250,0.00885,0.26162
CVE-2017-15251,0.01135,0.54401
CVE-2017-15252,0.01135,0.54401
CVE-2017-15253,0.01135,0.54401
CVE-2017-15254,0.00885,0.26162
CVE-2017-15255,0.00885,0.26162
CVE-2017-15256,0.00885,0.26162
CVE-2017-15257,0.01135,0.54401
CVE-2017-15258,0.00885,0.26162
CVE-2017-15259,0.00885,0.26162
CVE-2017-15260,0.00885,0.26162
CVE-2017-15261,0.00885,0.26162
CVE-2017-15262,0.01135,0.54401
CVE-2017-15263,0.00885,0.26162
CVE-2017-15264,0.00885,0.26162
CVE-2017-15265,0.01547,0.74085
CVE-2017-15266,0.01018,0.38792
CVE-2017-15267,0.01018,0.38792
CVE-2017-15268,0.01319,0.70416
CVE-2017-15269,0.0089,0.2856
CVE-2017-1527,0.01061,0.51015
CVE-2017-15270,0.01018,0.38792
CVE-2017-15271,0.01018,0.38792
CVE-2017-15272,0.0089,0.2856
CVE-2017-15273,0.0095,0.30554
CVE-2017-15274,0.01282,0.67298
CVE-2017-15275,0.03779,0.84781
CVE-2017-15276,0.07308,0.9216
CVE-2017-15278,0.0089,0.2856
CVE-2017-15279,0.01055,0.50287
CVE-2017-15280,0.00885,0.26162
CVE-2017-15281,0.01319,0.70416
CVE-2017-15284,0.07441,0.92312
CVE-2017-15285,0.01267,0.66451
CVE-2017-15286,0.00885,0.26162
CVE-2017-15287,0.02173,0.80027
CVE-2017-15288,0.01547,0.74085
CVE-2017-15289,0.01791,0.76026
CVE-2017-15290,0.00885,0.26162
CVE-2017-15291,0.02173,0.80027
CVE-2017-15293,0.01018,0.38792
CVE-2017-15294,0.00954,0.34522
CVE-2017-15295,0.00954,0.34522
CVE-2017-15296,0.00885,0.26162
CVE-2017-15297,0.00954,0.34522
CVE-2017-15298,0.01213,0.6557
CVE-2017-15299,0.01104,0.52279
CVE-2017-1530,0.0089,0.2856
CVE-2017-15300,0.00885,0.26162
CVE-2017-15302,0.00885,0.26162
CVE-2017-15304,0.00885,0.26162
CVE-2017-15305,0.00885,0.26162
CVE-2017-15306,0.0095,0.30554
CVE-2017-15307,0.00885,0.26162
CVE-2017-15308,0.00885,0.26162
CVE-2017-15309,0.00885,0.26162
CVE-2017-1531,0.0089,0.2856
CVE-2017-15310,0.00885,0.26162
CVE-2017-15311,0.01103,0.51945
CVE-2017-15312,0.01055,0.50287
CVE-2017-15313,0.01055,0.50287
CVE-2017-15314,0.00885,0.26162
CVE-2017-15315,0.00885,0.26162
CVE-2017-15316,0.01036,0.41241
CVE-2017-15317,0.01055,0.50287
CVE-2017-15318,0.01055,0.50287
CVE-2017-15319,0.01055,0.50287
CVE-2017-1532,0.0089,0.2856
CVE-2017-15320,0.01055,0.50287
CVE-2017-15321,0.00885,0.26162
CVE-2017-15322,0.00885,0.26162
CVE-2017-15323,0.00885,0.26162
CVE-2017-15324,0.01055,0.50287
CVE-2017-15325,0.01036,0.41241
CVE-2017-15326,0.01055,0.50287
CVE-2017-15327,0.00885,0.26162
CVE-2017-15328,0.00885,0.26162
CVE-2017-15329,0.00885,0.26162
CVE-2017-1533,0.01018,0.38792
CVE-2017-15330,0.00885,0.26162
CVE-2017-15331,0.01055,0.50287
CVE-2017-15332,0.01055,0.50287
CVE-2017-15333,0.00885,0.26162
CVE-2017-15334,0.00885,0.26162
CVE-2017-15335,0.00885,0.26162
CVE-2017-15336,0.00885,0.26162
CVE-2017-15337,0.00885,0.26162
CVE-2017-15338,0.00885,0.26162
CVE-2017-15339,0.00885,0.26162
CVE-2017-1534,0.01213,0.6557
CVE-2017-15340,0.00885,0.26162
CVE-2017-15341,0.01055,0.50287
CVE-2017-15342,0.01055,0.50287
CVE-2017-15343,0.01055,0.50287
CVE-2017-15344,0.01055,0.50287
CVE-2017-15345,0.00885,0.26162
CVE-2017-15346,0.00885,0.26162
CVE-2017-15347,0.00885,0.26162
CVE-2017-15348,0.01055,0.50287
CVE-2017-15349,0.00885,0.26162
CVE-2017-1535,0.0089,0.2856
CVE-2017-15350,0.01055,0.50287
CVE-2017-15351,0.00885,0.26162
CVE-2017-15352,0.00885,0.26162
CVE-2017-15353,0.00885,0.26162
CVE-2017-15354,0.00885,0.26162
CVE-2017-15355,0.00885,0.26162
CVE-2017-15356,0.00885,0.26162
CVE-2017-15357,0.0212,0.79153
CVE-2017-15358,0.01832,0.76196
CVE-2017-15359,0.07308,0.9216
CVE-2017-1536,0.0089,0.2856
CVE-2017-15360,0.00885,0.26162
CVE-2017-15362,0.0119,0.60447
CVE-2017-15363,0.01055,0.50287
CVE-2017-15364,0.01055,0.50287
CVE-2017-15365,0.01649,0.75017
CVE-2017-15366,0.00885,0.26162
CVE-2017-15367,0.06153,0.90191
CVE-2017-15368,0.01055,0.50287
CVE-2017-15369,0.01055,0.50287
CVE-2017-15370,0.01018,0.38792
CVE-2017-15371,0.01018,0.38792
CVE-2017-15372,0.01018,0.38792
CVE-2017-15373,0.01564,0.74439
CVE-2017-15374,0.04604,0.88397
CVE-2017-15375,0.01055,0.50287
CVE-2017-15376,0.01055,0.50287
CVE-2017-15377,0.00954,0.34522
CVE-2017-15378,0.01564,0.74439
CVE-2017-15379,0.08382,0.93597
CVE-2017-1538,0.0089,0.2856
CVE-2017-15380,0.02173,0.80027
CVE-2017-15381,0.01564,0.74439
CVE-2017-15383,0.00885,0.26162
CVE-2017-15384,0.00885,0.26162
CVE-2017-15385,0.01055,0.50287
CVE-2017-15386,0.01319,0.70416
CVE-2017-15387,0.01319,0.70416
CVE-2017-15388,0.01319,0.70416
CVE-2017-15389,0.01319,0.70416
CVE-2017-1539,0.0089,0.2856
CVE-2017-15390,0.01319,0.70416
CVE-2017-15391,0.01319,0.70416
CVE-2017-15392,0.01034,0.39824
CVE-2017-15393,0.01319,0.70416
CVE-2017-15394,0.01319,0.70416
CVE-2017-15395,0.01319,0.70416
CVE-2017-15396,0.01319,0.70416
CVE-2017-15397,0.01213,0.6557
CVE-2017-15398,0.06729,0.91198
CVE-2017-15399,0.01319,0.70416
CVE-2017-1540,0.0089,0.2856
CVE-2017-15400,0.01213,0.6557
CVE-2017-15401,0.01689,0.75137
CVE-2017-15402,0.01055,0.50287
CVE-2017-15403,0.01005,0.36332
CVE-2017-15404,0.00885,0.26162
CVE-2017-15405,0.01005,0.36332
CVE-2017-15406,0.01055,0.50287
CVE-2017-15407,0.04836,0.88802
CVE-2017-15408,0.01213,0.6557
CVE-2017-15409,0.01213,0.6557
CVE-2017-1541,0.01018,0.38792
CVE-2017-15410,0.01213,0.6557
CVE-2017-15411,0.01213,0.6557
CVE-2017-15412,0.01776,0.75902
CVE-2017-15413,0.01213,0.6557
CVE-2017-15415,0.01213,0.6557
CVE-2017-15416,0.01213,0.6557
CVE-2017-15417,0.01213,0.6557
CVE-2017-15418,0.01213,0.6557
CVE-2017-15419,0.01213,0.6557
CVE-2017-15420,0.01319,0.70416
CVE-2017-15422,0.01319,0.70416
CVE-2017-15423,0.01213,0.6557
CVE-2017-15424,0.01213,0.6557
CVE-2017-15425,0.01213,0.6557
CVE-2017-15426,0.01213,0.6557
CVE-2017-15427,0.01018,0.38792
CVE-2017-15428,0.01689,0.75137
CVE-2017-15429,0.01319,0.70416
CVE-2017-15430,0.01055,0.50287
CVE-2017-1544,0.0089,0.2856
CVE-2017-1545,0.00954,0.34522
CVE-2017-1546,0.0089,0.2856
CVE-2017-1548,0.01136,0.57949
CVE-2017-1549,0.0089,0.2856
CVE-2017-1550,0.0089,0.2856
CVE-2017-1551,0.01055,0.50287
CVE-2017-15515,0.00885,0.26162
CVE-2017-15516,0.00885,0.26162
CVE-2017-15517,0.00885,0.26162
CVE-2017-15518,0.00885,0.26162
CVE-2017-15519,0.01055,0.50287
CVE-2017-1552,0.01061,0.51015
CVE-2017-15524,0.00954,0.34522
CVE-2017-15525,0.00885,0.26162
CVE-2017-15526,0.00885,0.26162
CVE-2017-15527,0.00885,0.26162
CVE-2017-15528,0.00954,0.34522
CVE-2017-15529,0.00885,0.26162
CVE-2017-1553,0.0089,0.2856
CVE-2017-15530,0.00885,0.26162
CVE-2017-15531,0.01055,0.50287
CVE-2017-15532,0.00885,0.26162
CVE-2017-15533,0.01055,0.50287
CVE-2017-15534,0.00885,0.26162
CVE-2017-15535,0.00885,0.26162
CVE-2017-15536,0.00885,0.26162
CVE-2017-15537,0.0095,0.30554
CVE-2017-15538,0.0095,0.30554
CVE-2017-15539,0.00885,0.26162
CVE-2017-1554,0.01061,0.51015
CVE-2017-15546,0.0089,0.2856
CVE-2017-15548,0.00954,0.34522
CVE-2017-15549,0.01061,0.51015
CVE-2017-1555,0.0089,0.2856
CVE-2017-15550,0.01061,0.51015
CVE-2017-1556,0.0089,0.2856
CVE-2017-15565,0.00954,0.34522
CVE-2017-15566,0.01404,0.71155
CVE-2017-15567,0.00885,0.26162
CVE-2017-15568,0.01018,0.38792
CVE-2017-15569,0.01018,0.38792
CVE-2017-1557,0.0089,0.2856
CVE-2017-15570,0.01018,0.38792
CVE-2017-15571,0.01018,0.38792
CVE-2017-15572,0.01136,0.57949
CVE-2017-15573,0.00954,0.34522
CVE-2017-15574,0.00954,0.34522
CVE-2017-15575,0.01136,0.57949
CVE-2017-15576,0.01136,0.57949
CVE-2017-15577,0.01136,0.57949
CVE-2017-15578,0.00885,0.26162
CVE-2017-15579,0.00885,0.26162
CVE-2017-1558,0.01136,0.57949
CVE-2017-15580,0.10212,0.94357
CVE-2017-15581,0.02166,0.79253
CVE-2017-15582,0.00885,0.26162
CVE-2017-15583,0.00885,0.26162
CVE-2017-15587,0.01018,0.38792
CVE-2017-15588,0.01651,0.75021
CVE-2017-15589,0.01104,0.52279
CVE-2017-1559,0.00885,0.26162
CVE-2017-15590,0.01034,0.39824
CVE-2017-15591,0.00885,0.26162
CVE-2017-15592,0.01282,0.67298
CVE-2017-15593,0.01034,0.39824
CVE-2017-15594,0.01034,0.39824
CVE-2017-15595,0.02526,0.81076
CVE-2017-15596,0.0089,0.2856
CVE-2017-15597,0.01034,0.39824
CVE-2017-1560,0.0089,0.2856
CVE-2017-15600,0.01018,0.38792
CVE-2017-15601,0.00954,0.34522
CVE-2017-15602,0.00954,0.34522
CVE-2017-15607,0.00885,0.26162
CVE-2017-15608,0.00885,0.26162
CVE-2017-15609,0.00885,0.26162
CVE-2017-1561,0.00885,0.26162
CVE-2017-15610,0.00885,0.26162
CVE-2017-15611,0.00885,0.26162
CVE-2017-15612,0.00885,0.26162
CVE-2017-15613,0.01055,0.50287
CVE-2017-15614,0.01055,0.50287
CVE-2017-15615,0.01055,0.50287
CVE-2017-15616,0.01055,0.50287
CVE-2017-15617,0.01055,0.50287
CVE-2017-15618,0.01055,0.50287
CVE-2017-15619,0.01055,0.50287
CVE-2017-1562,0.00885,0.26162
CVE-2017-15620,0.01055,0.50287
CVE-2017-15621,0.01055,0.50287
CVE-2017-15622,0.01055,0.50287
CVE-2017-15623,0.01055,0.50287
CVE-2017-15624,0.01055,0.50287
CVE-2017-15625,0.01055,0.50287
CVE-2017-15626,0.01055,0.50287
CVE-2017-15627,0.01055,0.50287
CVE-2017-15628,0.01055,0.50287
CVE-2017-15629,0.01055,0.50287
CVE-2017-1563,0.0089,0.2856
CVE-2017-15630,0.01055,0.50287
CVE-2017-15631,0.01055,0.50287
CVE-2017-15632,0.01055,0.50287
CVE-2017-15633,0.01055,0.50287
CVE-2017-15634,0.01055,0.50287
CVE-2017-15635,0.01055,0.50287
CVE-2017-15636,0.01055,0.50287
CVE-2017-15637,0.01055,0.50287
CVE-2017-15638,0.01055,0.50287
CVE-2017-15639,0.07308,0.9216
CVE-2017-1564,0.00885,0.26162
CVE-2017-15640,0.00885,0.26162
CVE-2017-15642,0.01018,0.38792
CVE-2017-15643,0.0504,0.89012
CVE-2017-15644,0.01018,0.38792
CVE-2017-15645,0.01018,0.38792
CVE-2017-15646,0.04967,0.88942
CVE-2017-15647,0.08382,0.93597
CVE-2017-15648,0.00885,0.26162
CVE-2017-15649,0.03534,0.84129
CVE-2017-1565,0.00885,0.26162
CVE-2017-15650,0.00954,0.34522
CVE-2017-15651,0.01208,0.60538
CVE-2017-15652,0.00954,0.34522
CVE-2017-15653,0.00885,0.26162
CVE-2017-15654,0.00885,0.26162
CVE-2017-15655,0.00954,0.34522
CVE-2017-15656,0.00885,0.26162
CVE-2017-15662,0.08382,0.93597
CVE-2017-15663,0.08382,0.93597
CVE-2017-15664,0.08382,0.93597
CVE-2017-15665,0.08382,0.93597
CVE-2017-15667,0.08382,0.93597
CVE-2017-1567,0.0089,0.2856
CVE-2017-15670,0.01018,0.38792
CVE-2017-15671,0.00885,0.26162
CVE-2017-15672,0.01319,0.70416
CVE-2017-1568,0.00885,0.26162
CVE-2017-15680,0.00885,0.26162
CVE-2017-15681,0.00885,0.26162
CVE-2017-15682,0.00885,0.26162
CVE-2017-15683,0.00885,0.26162
CVE-2017-15684,0.00885,0.26162
CVE-2017-15685,0.00885,0.26162
CVE-2017-15686,0.01055,0.50287
CVE-2017-15687,0.02173,0.80027
CVE-2017-1569,0.00954,0.34522
CVE-2017-15691,0.0089,0.2856
CVE-2017-15692,0.01978,0.78447
CVE-2017-15693,0.01978,0.78447
CVE-2017-15694,0.00885,0.26162
CVE-2017-15695,0.01978,0.78447
CVE-2017-15696,0.00885,0.26162
CVE-2017-15697,0.01156,0.60033
CVE-2017-15698,0.03032,0.82851
CVE-2017-15699,0.01055,0.50287
CVE-2017-1570,0.0089,0.2856
CVE-2017-15700,0.00885,0.26162
CVE-2017-15701,0.01484,0.72722
CVE-2017-15702,0.01484,0.72722
CVE-2017-15703,0.00885,0.26162
CVE-2017-15705,0.01859,0.7626
CVE-2017-15706,0.05242,0.89216
CVE-2017-15707,0.02649,0.81395
CVE-2017-15709,0.01859,0.7626
CVE-2017-1571,0.0089,0.2856
CVE-2017-15710,0.07767,0.92799
CVE-2017-15712,0.00885,0.26162
CVE-2017-15713,0.00885,0.26162
CVE-2017-15714,0.00885,0.26162
CVE-2017-15717,0.00885,0.26162
CVE-2017-15718,0.00885,0.26162
CVE-2017-15719,0.00885,0.26162
CVE-2017-15720,0.01086,0.51674
CVE-2017-15721,0.01018,0.38792
CVE-2017-15722,0.01018,0.38792
CVE-2017-15723,0.00954,0.34522
CVE-2017-15725,0.00885,0.26162
CVE-2017-15727,0.02192,0.80195
CVE-2017-15728,0.00885,0.26162
CVE-2017-15729,0.00885,0.26162
CVE-2017-15730,0.08382,0.93597
CVE-2017-15731,0.00885,0.26162
CVE-2017-15732,0.00885,0.26162
CVE-2017-15733,0.00885,0.26162
CVE-2017-15734,0.00885,0.26162
CVE-2017-15735,0.00885,0.26162
CVE-2017-15736,0.01136,0.57949
CVE-2017-15737,0.00885,0.26162
CVE-2017-15738,0.00885,0.26162
CVE-2017-15739,0.01135,0.54401
CVE-2017-15740,0.01135,0.54401
CVE-2017-15741,0.00885,0.26162
CVE-2017-15742,0.00885,0.26162
CVE-2017-15743,0.00885,0.26162
CVE-2017-15744,0.01135,0.54401
CVE-2017-15745,0.00885,0.26162
CVE-2017-15746,0.00885,0.26162
CVE-2017-15747,0.01135,0.54401
CVE-2017-15748,0.01135,0.54401
CVE-2017-15749,0.00885,0.26162
CVE-2017-1575,0.0089,0.2856
CVE-2017-15750,0.00885,0.26162
CVE-2017-15751,0.00885,0.26162
CVE-2017-15752,0.01135,0.54401
CVE-2017-15753,0.00885,0.26162
CVE-2017-15754,0.01135,0.54401
CVE-2017-15755,0.00885,0.26162
CVE-2017-15756,0.01135,0.54401
CVE-2017-15757,0.00885,0.26162
CVE-2017-15758,0.01135,0.54401
CVE-2017-15759,0.01135,0.54401
CVE-2017-15760,0.01135,0.54401
CVE-2017-15761,0.01135,0.54401
CVE-2017-15762,0.01135,0.54401
CVE-2017-15763,0.01135,0.54401
CVE-2017-15764,0.00885,0.26162
CVE-2017-15765,0.00885,0.26162
CVE-2017-15766,0.00885,0.26162
CVE-2017-15767,0.01135,0.54401
CVE-2017-15768,0.00885,0.26162
CVE-2017-15769,0.00885,0.26162
CVE-2017-1577,0.01213,0.6557
CVE-2017-15772,0.00885,0.26162
CVE-2017-15773,0.00885,0.26162
CVE-2017-15774,0.01135,0.54401
CVE-2017-15775,0.00885,0.26162
CVE-2017-15776,0.00885,0.26162
CVE-2017-15777,0.01135,0.54401
CVE-2017-15778,0.00885,0.26162
CVE-2017-15779,0.01135,0.54401
CVE-2017-15780,0.00885,0.26162
CVE-2017-15781,0.01135,0.54401
CVE-2017-15782,0.01135,0.54401
CVE-2017-15783,0.00885,0.26162
CVE-2017-15784,0.01135,0.54401
CVE-2017-15785,0.01135,0.54401
CVE-2017-15786,0.00885,0.26162
CVE-2017-15787,0.01135,0.54401
CVE-2017-15788,0.01135,0.54401
CVE-2017-15789,0.01135,0.54401
CVE-2017-15801,0.00885,0.26162
CVE-2017-15802,0.00885,0.26162
CVE-2017-15803,0.00885,0.26162
CVE-2017-15804,0.01018,0.38792
CVE-2017-15805,0.00885,0.26162
CVE-2017-15806,0.1949,0.96202
CVE-2017-15808,0.00885,0.26162
CVE-2017-15809,0.00885,0.26162
CVE-2017-15810,0.00954,0.34522
CVE-2017-15811,0.0089,0.2856
CVE-2017-15812,0.00885,0.26162
CVE-2017-15813,0.00885,0.26162
CVE-2017-15814,0.01036,0.41241
CVE-2017-15815,0.00954,0.34522
CVE-2017-15817,0.00885,0.26162
CVE-2017-15818,0.0089,0.2856
CVE-2017-15820,0.00885,0.26162
CVE-2017-15821,0.0089,0.2856
CVE-2017-15822,0.00885,0.26162
CVE-2017-15823,0.00885,0.26162
CVE-2017-15824,0.00885,0.26162
CVE-2017-15825,0.0089,0.2856
CVE-2017-15826,0.00885,0.26162
CVE-2017-15828,0.00885,0.26162
CVE-2017-15829,0.00885,0.26162
CVE-2017-1583,0.01213,0.6557
CVE-2017-15830,0.00885,0.26162
CVE-2017-15831,0.00885,0.26162
CVE-2017-15833,0.00885,0.26162
CVE-2017-15834,0.00885,0.26162
CVE-2017-15835,0.00885,0.26162
CVE-2017-15836,0.00885,0.26162
CVE-2017-15837,0.00885,0.26162
CVE-2017-15841,0.00885,0.26162
CVE-2017-15842,0.00885,0.26162
CVE-2017-15843,0.00885,0.26162
CVE-2017-15844,0.00885,0.26162
CVE-2017-15845,0.00885,0.26162
CVE-2017-15846,0.00885,0.26162
CVE-2017-15847,0.00885,0.26162
CVE-2017-15848,0.00885,0.26162
CVE-2017-15849,0.00954,0.34522
CVE-2017-15850,0.00885,0.26162
CVE-2017-15851,0.00885,0.26162
CVE-2017-15852,0.00885,0.26162
CVE-2017-15853,0.00885,0.26162
CVE-2017-15854,0.00885,0.26162
CVE-2017-15855,0.00885,0.26162
CVE-2017-15856,0.0089,0.2856
CVE-2017-15857,0.00885,0.26162
CVE-2017-15859,0.00885,0.26162
CVE-2017-15860,0.00885,0.26162
CVE-2017-15861,0.00885,0.26162
CVE-2017-15862,0.00885,0.26162
CVE-2017-15863,0.00885,0.26162
CVE-2017-15864,0.0089,0.2856
CVE-2017-15865,0.01213,0.6557
CVE-2017-15867,0.01055,0.50287
CVE-2017-15868,0.01282,0.67298
CVE-2017-15869,0.01136,0.57949
CVE-2017-15870,0.01005,0.36332
CVE-2017-15871,0.00885,0.26162
CVE-2017-15872,0.00885,0.26162
CVE-2017-15873,0.01018,0.38792
CVE-2017-15874,0.00885,0.26162
CVE-2017-15875,0.01055,0.50287
CVE-2017-15876,0.01055,0.50287
CVE-2017-15877,0.01055,0.50287
CVE-2017-15878,0.02173,0.80027
CVE-2017-15879,0.08382,0.93597
CVE-2017-15880,0.01055,0.50287
CVE-2017-15881,0.01132,0.54372
CVE-2017-15882,0.01055,0.50287
CVE-2017-15883,0.01055,0.50287
CVE-2017-15884,0.01832,0.76196
CVE-2017-15885,0.00885,0.26162
CVE-2017-15886,0.01055,0.50287
CVE-2017-15887,0.01055,0.50287
CVE-2017-15888,0.01055,0.50287
CVE-2017-15889,0.61685,0.98883
CVE-2017-15890,0.01055,0.50287
CVE-2017-15891,0.01055,0.50287
CVE-2017-15892,0.01055,0.50287
CVE-2017-15893,0.01055,0.50287
CVE-2017-15894,0.01055,0.50287
CVE-2017-15895,0.01055,0.50287
CVE-2017-15896,0.00885,0.26162
CVE-2017-15897,0.00885,0.26162
CVE-2017-15906,0.01183,0.60428
CVE-2017-15907,0.01055,0.50287
CVE-2017-15908,0.01018,0.38792
CVE-2017-15909,0.01213,0.6557
CVE-2017-1591,0.00954,0.34522
CVE-2017-15911,0.01578,0.74478
CVE-2017-15913,0.00885,0.26162
CVE-2017-15914,0.01055,0.50287
CVE-2017-15917,0.00885,0.26162
CVE-2017-15918,0.02042,0.78565
CVE-2017-15919,0.01018,0.38792
CVE-2017-1592,0.00885,0.26162
CVE-2017-15920,0.00885,0.26162
CVE-2017-15921,0.00885,0.26162
CVE-2017-15922,0.00954,0.34522
CVE-2017-15923,0.01213,0.6557
CVE-2017-15924,0.01079,0.51017
CVE-2017-15928,0.00885,0.26162
CVE-2017-1593,0.0089,0.2856
CVE-2017-15930,0.01537,0.73595
CVE-2017-15931,0.00954,0.34522
CVE-2017-15932,0.00954,0.34522
CVE-2017-15933,0.01055,0.50287
CVE-2017-15934,0.00885,0.26162
CVE-2017-15935,0.0119,0.60447
CVE-2017-15936,0.00885,0.26162
CVE-2017-15937,0.00885,0.26162
CVE-2017-15938,0.01213,0.6557
CVE-2017-15939,0.01213,0.6557
CVE-2017-15940,0.05634,0.89764
CVE-2017-15941,0.01136,0.57949
CVE-2017-15942,0.01136,0.57949
CVE-2017-15943,0.01136,0.57949
CVE-2017-15945,0.00885,0.26162
CVE-2017-15946,0.00885,0.26162
CVE-2017-15947,0.00885,0.26162
CVE-2017-15948,0.00885,0.26162
CVE-2017-15949,0.00885,0.26162
CVE-2017-1595,0.00885,0.26162
CVE-2017-15951,0.0095,0.30554
CVE-2017-15953,0.01018,0.38792
CVE-2017-15954,0.01018,0.38792
CVE-2017-15955,0.01018,0.38792
CVE-2017-15956,0.08382,0.93597
CVE-2017-15957,0.07308,0.9216
CVE-2017-15958,0.01564,0.74439
CVE-2017-15959,0.01564,0.74439
CVE-2017-1596,0.00885,0.26162
CVE-2017-15960,0.01564,0.74439
CVE-2017-15961,0.01564,0.74439
CVE-2017-15962,0.08382,0.93597
CVE-2017-15963,0.01564,0.74439
CVE-2017-15964,0.01564,0.74439
CVE-2017-15965,0.01564,0.74439
CVE-2017-15966,0.01564,0.74439
CVE-2017-15967,0.01564,0.74439
CVE-2017-15968,0.01564,0.74439
CVE-2017-15969,0.01564,0.74439
CVE-2017-1597,0.00954,0.34522
CVE-2017-15970,0.01564,0.74439
CVE-2017-15971,0.01564,0.74439
CVE-2017-15972,0.01564,0.74439
CVE-2017-15973,0.01564,0.74439
CVE-2017-15974,0.01564,0.74439
CVE-2017-15975,0.01564,0.74439
CVE-2017-15976,0.01564,0.74439
CVE-2017-15977,0.01564,0.74439
CVE-2017-15978,0.01564,0.74439
CVE-2017-15979,0.01564,0.74439
CVE-2017-1598,0.00885,0.26162
CVE-2017-15980,0.01564,0.74439
CVE-2017-15981,0.01564,0.74439
CVE-2017-15982,0.01564,0.74439
CVE-2017-15983,0.01564,0.74439
CVE-2017-15984,0.01564,0.74439
CVE-2017-15985,0.01564,0.74439
CVE-2017-15986,0.01564,0.74439
CVE-2017-15987,0.01564,0.74439
CVE-2017-15988,0.01564,0.74439
CVE-2017-15989,0.01564,0.74439
CVE-2017-15990,0.08382,0.93597
CVE-2017-15991,0.01564,0.74439
CVE-2017-15992,0.01564,0.74439
CVE-2017-15993,0.01564,0.74439
CVE-2017-15994,0.01136,0.57949
CVE-2017-15996,0.01213,0.6557
CVE-2017-15997,0.00885,0.26162
CVE-2017-15998,0.01055,0.50287
CVE-2017-15999,0.00885,0.26162
CVE-2017-1600,0.00885,0.26162
CVE-2017-16000,0.01055,0.50287
CVE-2017-16001,0.01832,0.76196
CVE-2017-16005,0.00885,0.26162
CVE-2017-16006,0.00885,0.26162
CVE-2017-16007,0.01018,0.38792
CVE-2017-16008,0.00885,0.26162
CVE-2017-16009,0.00954,0.34522
CVE-2017-1601,0.00954,0.34522
CVE-2017-16010,0.00885,0.26162
CVE-2017-16013,0.00885,0.26162
CVE-2017-16014,0.00885,0.26162
CVE-2017-16015,0.00885,0.26162
CVE-2017-16016,0.00954,0.34522
CVE-2017-16017,0.00954,0.34522
CVE-2017-16018,0.00885,0.26162
CVE-2017-16019,0.00885,0.26162
CVE-2017-1602,0.0089,0.2856
CVE-2017-16020,0.00885,0.26162
CVE-2017-16021,0.00885,0.26162
CVE-2017-16022,0.00885,0.26162
CVE-2017-16024,0.0095,0.30554
CVE-2017-16025,0.00954,0.34522
CVE-2017-16026,0.00954,0.34522
CVE-2017-16031,0.01018,0.38792
CVE-2017-16035,0.00885,0.26162
CVE-2017-16036,0.00885,0.26162
CVE-2017-16037,0.00885,0.26162
CVE-2017-16038,0.00954,0.34522
CVE-2017-16039,0.00885,0.26162
CVE-2017-1604,0.0089,0.2856
CVE-2017-16040,0.01156,0.60033
CVE-2017-16041,0.00885,0.26162
CVE-2017-16042,0.02509,0.81058
CVE-2017-16044,0.00885,0.26162
CVE-2017-16045,0.00885,0.26162
CVE-2017-16046,0.00885,0.26162
CVE-2017-16047,0.00885,0.26162
CVE-2017-16048,0.00885,0.26162
CVE-2017-16049,0.00885,0.26162
CVE-2017-16050,0.00885,0.26162
CVE-2017-16051,0.00885,0.26162
CVE-2017-16052,0.00885,0.26162
CVE-2017-16053,0.00885,0.26162
CVE-2017-16054,0.00885,0.26162
CVE-2017-16055,0.00885,0.26162
CVE-2017-16056,0.00885,0.26162
CVE-2017-16057,0.00885,0.26162
CVE-2017-16058,0.00885,0.26162
CVE-2017-16059,0.00885,0.26162
CVE-2017-1606,0.01061,0.51015
CVE-2017-16060,0.00885,0.26162
CVE-2017-16061,0.00885,0.26162
CVE-2017-16062,0.00885,0.26162
CVE-2017-16063,0.00885,0.26162
CVE-2017-16064,0.00885,0.26162
CVE-2017-16065,0.00885,0.26162
CVE-2017-16066,0.00885,0.26162
CVE-2017-16067,0.00885,0.26162
CVE-2017-16068,0.00885,0.26162
CVE-2017-16069,0.00885,0.26162
CVE-2017-1607,0.0089,0.2856
CVE-2017-16070,0.00885,0.26162
CVE-2017-16071,0.00885,0.26162
CVE-2017-16072,0.00885,0.26162
CVE-2017-16073,0.00885,0.26162
CVE-2017-16074,0.00885,0.26162
CVE-2017-16075,0.00885,0.26162
CVE-2017-16076,0.00885,0.26162
CVE-2017-16077,0.00885,0.26162
CVE-2017-16078,0.00885,0.26162
CVE-2017-16079,0.00885,0.26162
CVE-2017-1608,0.00885,0.26162
CVE-2017-16080,0.00885,0.26162
CVE-2017-16081,0.00885,0.26162
CVE-2017-16083,0.00885,0.26162
CVE-2017-16085,0.00885,0.26162
CVE-2017-16086,0.22745,0.96467
CVE-2017-16088,0.00954,0.34522
CVE-2017-16089,0.00885,0.26162
CVE-2017-1609,0.0089,0.2856
CVE-2017-16090,0.00885,0.26162
CVE-2017-16091,0.00885,0.26162
CVE-2017-16092,0.00885,0.26162
CVE-2017-16093,0.00885,0.26162
CVE-2017-16094,0.00885,0.26162
CVE-2017-16095,0.00885,0.26162
CVE-2017-16096,0.00885,0.26162
CVE-2017-16097,0.00885,0.26162
CVE-2017-16099,0.00885,0.26162
CVE-2017-16100,0.02055,0.7893
CVE-2017-16101,0.00885,0.26162
CVE-2017-16102,0.00885,0.26162
CVE-2017-16103,0.00885,0.26162
CVE-2017-16104,0.00885,0.26162
CVE-2017-16105,0.00885,0.26162
CVE-2017-16106,0.00885,0.26162
CVE-2017-16108,0.00885,0.26162
CVE-2017-16109,0.00885,0.26162
CVE-2017-16110,0.00885,0.26162
CVE-2017-16111,0.00885,0.26162
CVE-2017-16113,0.00885,0.26162
CVE-2017-16114,0.00885,0.26162
CVE-2017-16115,0.00885,0.26162
CVE-2017-16116,0.00885,0.26162
CVE-2017-16117,0.00885,0.26162
CVE-2017-1612,0.0095,0.30554
CVE-2017-16120,0.00885,0.26162
CVE-2017-16121,0.00885,0.26162
CVE-2017-16122,0.00885,0.26162
CVE-2017-16123,0.00885,0.26162
CVE-2017-16124,0.00885,0.26162
CVE-2017-16125,0.00885,0.26162
CVE-2017-16126,0.00885,0.26162
CVE-2017-16127,0.00885,0.26162
CVE-2017-16128,0.00885,0.26162
CVE-2017-16129,0.00885,0.26162
CVE-2017-1613,0.01136,0.57949
CVE-2017-16130,0.00885,0.26162
CVE-2017-16131,0.00885,0.26162
CVE-2017-16132,0.00885,0.26162
CVE-2017-16133,0.00885,0.26162
CVE-2017-16134,0.00885,0.26162
CVE-2017-16135,0.00885,0.26162
CVE-2017-16136,0.00885,0.26162
CVE-2017-16137,0.01018,0.38792
CVE-2017-16139,0.00885,0.26162
CVE-2017-16140,0.00885,0.26162
CVE-2017-16141,0.00885,0.26162
CVE-2017-16142,0.00885,0.26162
CVE-2017-16143,0.00885,0.26162
CVE-2017-16144,0.00885,0.26162
CVE-2017-16145,0.00885,0.26162
CVE-2017-16146,0.00885,0.26162
CVE-2017-16147,0.00885,0.26162
CVE-2017-16148,0.00885,0.26162
CVE-2017-16149,0.00885,0.26162
CVE-2017-16150,0.00885,0.26162
CVE-2017-16151,0.01978,0.78447
CVE-2017-16152,0.00885,0.26162
CVE-2017-16153,0.00885,0.26162
CVE-2017-16154,0.00885,0.26162
CVE-2017-16155,0.00885,0.26162
CVE-2017-16156,0.00885,0.26162
CVE-2017-16157,0.00885,0.26162
CVE-2017-16158,0.00885,0.26162
CVE-2017-16159,0.00885,0.26162
CVE-2017-16160,0.00885,0.26162
CVE-2017-16161,0.00885,0.26162
CVE-2017-16162,0.00885,0.26162
CVE-2017-16163,0.00885,0.26162
CVE-2017-16164,0.00885,0.26162
CVE-2017-16165,0.00885,0.26162
CVE-2017-16166,0.00885,0.26162
CVE-2017-16167,0.00885,0.26162
CVE-2017-16168,0.00885,0.26162
CVE-2017-16169,0.00885,0.26162
CVE-2017-16170,0.00885,0.26162
CVE-2017-16171,0.00885,0.26162
CVE-2017-16172,0.00885,0.26162
CVE-2017-16173,0.00885,0.26162
CVE-2017-16174,0.00885,0.26162
CVE-2017-16175,0.00885,0.26162
CVE-2017-16176,0.00885,0.26162
CVE-2017-16177,0.00885,0.26162
CVE-2017-16178,0.00885,0.26162
CVE-2017-16179,0.00885,0.26162
CVE-2017-16180,0.00885,0.26162
CVE-2017-16181,0.00885,0.26162
CVE-2017-16182,0.00885,0.26162
CVE-2017-16183,0.00885,0.26162
CVE-2017-16184,0.00885,0.26162
CVE-2017-16185,0.00885,0.26162
CVE-2017-16186,0.00885,0.26162
CVE-2017-16187,0.00885,0.26162
CVE-2017-16188,0.00885,0.26162
CVE-2017-16189,0.00885,0.26162
CVE-2017-16190,0.00885,0.26162
CVE-2017-16191,0.00885,0.26162
CVE-2017-16192,0.00885,0.26162
CVE-2017-16193,0.00885,0.26162
CVE-2017-16194,0.00885,0.26162
CVE-2017-16195,0.00885,0.26162
CVE-2017-16196,0.00885,0.26162
CVE-2017-16197,0.00885,0.26162
CVE-2017-16198,0.00885,0.26162
CVE-2017-16199,0.00885,0.26162
CVE-2017-16200,0.00885,0.26162
CVE-2017-16201,0.00885,0.26162
CVE-2017-16202,0.00885,0.26162
CVE-2017-16203,0.00885,0.26162
CVE-2017-16204,0.00885,0.26162
CVE-2017-16205,0.00885,0.26162
CVE-2017-16206,0.00885,0.26162
CVE-2017-16207,0.00885,0.26162
CVE-2017-16208,0.00885,0.26162
CVE-2017-16209,0.00885,0.26162
CVE-2017-1621,0.00885,0.26162
CVE-2017-16210,0.00885,0.26162
CVE-2017-16211,0.00885,0.26162
CVE-2017-16212,0.00885,0.26162
CVE-2017-16213,0.00885,0.26162
CVE-2017-16214,0.00885,0.26162
CVE-2017-16215,0.00885,0.26162
CVE-2017-16216,0.00885,0.26162
CVE-2017-16217,0.00885,0.26162
CVE-2017-16218,0.00885,0.26162
CVE-2017-16219,0.00885,0.26162
CVE-2017-1622,0.00885,0.26162
CVE-2017-16220,0.00885,0.26162
CVE-2017-16221,0.00885,0.26162
CVE-2017-16222,0.00885,0.26162
CVE-2017-16223,0.00885,0.26162
CVE-2017-16225,0.00885,0.26162
CVE-2017-16226,0.02509,0.81058
CVE-2017-16227,0.01213,0.6557
CVE-2017-16228,0.01136,0.57949
CVE-2017-16229,0.00885,0.26162
CVE-2017-1623,0.00954,0.34522
CVE-2017-16230,0.00885,0.26162
CVE-2017-16231,0.01104,0.52279
CVE-2017-16232,0.01537,0.73595
CVE-2017-16237,0.02042,0.78565
CVE-2017-16239,0.01034,0.39824
CVE-2017-1624,0.00885,0.26162
CVE-2017-16241,0.01136,0.57949
CVE-2017-16242,0.01018,0.38792
CVE-2017-16244,0.08382,0.93597
CVE-2017-16248,0.01136,0.57949
CVE-2017-16249,0.73445,0.99239
CVE-2017-1625,0.00954,0.34522
CVE-2017-16250,0.00885,0.26162
CVE-2017-16251,0.01086,0.51674
CVE-2017-16252,0.00885,0.26162
CVE-2017-16253,0.00885,0.26162
CVE-2017-16254,0.00885,0.26162
CVE-2017-16255,0.00885,0.26162
CVE-2017-1628,0.0095,0.30554
CVE-2017-1629,0.0089,0.2856
CVE-2017-1631,0.00885,0.26162
CVE-2017-1632,0.0089,0.2856
CVE-2017-1633,0.0089,0.2856
CVE-2017-16337,0.00885,0.26162
CVE-2017-16338,0.00885,0.26162
CVE-2017-16339,0.00885,0.26162
CVE-2017-16340,0.00885,0.26162
CVE-2017-16341,0.00885,0.26162
CVE-2017-16342,0.00885,0.26162
CVE-2017-16343,0.00885,0.26162
CVE-2017-16344,0.00885,0.26162
CVE-2017-16345,0.00885,0.26162
CVE-2017-16346,0.00885,0.26162
CVE-2017-16347,0.00885,0.26162
CVE-2017-16348,0.00885,0.26162
CVE-2017-16349,0.00885,0.26162
CVE-2017-16352,0.01537,0.73595
CVE-2017-16353,0.01537,0.73595
CVE-2017-16355,0.0095,0.30554
CVE-2017-16356,0.02173,0.80027
CVE-2017-16357,0.00885,0.26162
CVE-2017-16358,0.00885,0.26162
CVE-2017-16359,0.01018,0.38792
CVE-2017-16360,0.03097,0.83065
CVE-2017-16361,0.01126,0.53553
CVE-2017-16362,0.01126,0.53553
CVE-2017-16363,0.01126,0.53553
CVE-2017-16364,0.01126,0.53553
CVE-2017-16365,0.01126,0.53553
CVE-2017-16366,0.01126,0.53553
CVE-2017-16367,0.01126,0.53553
CVE-2017-16368,0.03097,0.83065
CVE-2017-16369,0.01126,0.53553
CVE-2017-16370,0.01126,0.53553
CVE-2017-16371,0.01126,0.53553
CVE-2017-16372,0.01126,0.53553
CVE-2017-16373,0.01126,0.53553
CVE-2017-16374,0.01126,0.53553
CVE-2017-16375,0.01126,0.53553
CVE-2017-16376,0.01126,0.53553
CVE-2017-16377,0.01126,0.53553
CVE-2017-16378,0.01126,0.53553
CVE-2017-16379,0.01126,0.53553
CVE-2017-16380,0.01126,0.53553
CVE-2017-16381,0.03097,0.83065
CVE-2017-16382,0.01126,0.53553
CVE-2017-16383,0.01126,0.53553
CVE-2017-16384,0.01126,0.53553
CVE-2017-16385,0.03097,0.83065
CVE-2017-16386,0.01126,0.53553
CVE-2017-16387,0.01126,0.53553
CVE-2017-16388,0.03097,0.83065
CVE-2017-16389,0.03097,0.83065
CVE-2017-16390,0.03097,0.83065
CVE-2017-16391,0.01126,0.53553
CVE-2017-16392,0.03097,0.83065
CVE-2017-16393,0.03097,0.83065
CVE-2017-16394,0.01126,0.53553
CVE-2017-16395,0.03097,0.83065
CVE-2017-16396,0.03097,0.83065
CVE-2017-16397,0.01126,0.53553
CVE-2017-16398,0.03097,0.83065
CVE-2017-16399,0.01126,0.53553
CVE-2017-16400,0.01126,0.53553
CVE-2017-16401,0.01126,0.53553
CVE-2017-16402,0.01126,0.53553
CVE-2017-16403,0.01126,0.53553
CVE-2017-16404,0.03097,0.83065
CVE-2017-16405,0.01126,0.53553
CVE-2017-16406,0.01126,0.53553
CVE-2017-16407,0.03097,0.83065
CVE-2017-16408,0.01126,0.53553
CVE-2017-16409,0.01126,0.53553
CVE-2017-16410,0.01126,0.53553
CVE-2017-16411,0.01126,0.53553
CVE-2017-16412,0.01126,0.53553
CVE-2017-16413,0.03097,0.83065
CVE-2017-16414,0.01126,0.53553
CVE-2017-16415,0.03097,0.83065
CVE-2017-16416,0.03097,0.83065
CVE-2017-16417,0.01126,0.53553
CVE-2017-16418,0.01126,0.53553
CVE-2017-16419,0.01126,0.53553
CVE-2017-16420,0.01126,0.53553
CVE-2017-1649,0.00885,0.26162
CVE-2017-1650,0.0089,0.2856
CVE-2017-1651,0.00885,0.26162
CVE-2017-16510,0.01183,0.60428
CVE-2017-16512,0.00885,0.26162
CVE-2017-16513,0.02042,0.78565
CVE-2017-16514,0.00885,0.26162
CVE-2017-16516,0.00954,0.34522
CVE-2017-1652,0.00885,0.26162
CVE-2017-16520,0.00954,0.34522
CVE-2017-16521,0.01018,0.38792
CVE-2017-16522,0.01055,0.50287
CVE-2017-16523,0.00954,0.34522
CVE-2017-16525,0.01034,0.39824
CVE-2017-16526,0.0095,0.30554
CVE-2017-16527,0.0095,0.30554
CVE-2017-16528,0.0095,0.30554
CVE-2017-16529,0.0095,0.30554
CVE-2017-1653,0.01034,0.39824
CVE-2017-16530,0.00885,0.26162
CVE-2017-16531,0.01034,0.39824
CVE-2017-16532,0.01282,0.67298
CVE-2017-16533,0.0095,0.30554
CVE-2017-16534,0.0089,0.2856
CVE-2017-16535,0.0095,0.30554
CVE-2017-16536,0.01034,0.39824
CVE-2017-16537,0.01282,0.67298
CVE-2017-16538,0.01282,0.67298
CVE-2017-16539,0.01018,0.38792
CVE-2017-1654,0.0089,0.2856
CVE-2017-16540,0.00954,0.34522
CVE-2017-16542,0.0089,0.2856
CVE-2017-16543,0.0176,0.7531
CVE-2017-16544,0.03076,0.82962
CVE-2017-16545,0.01319,0.70416
CVE-2017-16546,0.01319,0.70416
CVE-2017-16547,0.01408,0.72072
CVE-2017-16548,0.01319,0.70416
CVE-2017-16549,0.00885,0.26162
CVE-2017-1655,0.0089,0.2856
CVE-2017-16550,0.00885,0.26162
CVE-2017-16551,0.00885,0.26162
CVE-2017-16552,0.00885,0.26162
CVE-2017-16553,0.00885,0.26162
CVE-2017-16554,0.00885,0.26162
CVE-2017-16555,0.00885,0.26162
CVE-2017-16556,0.00885,0.26162
CVE-2017-16557,0.00885,0.26162
CVE-2017-16558,0.00885,0.26162
CVE-2017-16560,0.00885,0.26162
CVE-2017-16561,0.01564,0.74439
CVE-2017-16562,0.08382,0.93597
CVE-2017-16563,0.00885,0.26162
CVE-2017-16564,0.01055,0.50287
CVE-2017-16565,0.00885,0.26162
CVE-2017-16566,0.01055,0.50287
CVE-2017-16567,0.02437,0.80834
CVE-2017-16568,0.02437,0.80834
CVE-2017-16569,0.00885,0.26162
CVE-2017-16570,0.08382,0.93597
CVE-2017-16571,0.01384,0.711
CVE-2017-16572,0.01384,0.711
CVE-2017-16573,0.01384,0.711
CVE-2017-16574,0.01384,0.711
CVE-2017-16575,0.01384,0.711
CVE-2017-16576,0.01384,0.711
CVE-2017-16577,0.01384,0.711
CVE-2017-16578,0.01384,0.711
CVE-2017-16579,0.01384,0.711
CVE-2017-16580,0.01384,0.711
CVE-2017-16581,0.01384,0.711
CVE-2017-16582,0.01384,0.711
CVE-2017-16583,0.01384,0.711
CVE-2017-16584,0.01384,0.711
CVE-2017-16585,0.01384,0.711
CVE-2017-16586,0.01384,0.711
CVE-2017-16587,0.01384,0.711
CVE-2017-16588,0.01384,0.711
CVE-2017-16589,0.01384,0.711
CVE-2017-1659,0.00885,0.26162
CVE-2017-16590,0.02218,0.80423
CVE-2017-16591,0.02218,0.80423
CVE-2017-16592,0.02218,0.80423
CVE-2017-16593,0.01055,0.50287
CVE-2017-16594,0.02218,0.80423
CVE-2017-16595,0.02218,0.80423
CVE-2017-16596,0.02218,0.80423
CVE-2017-16597,0.02218,0.80423
CVE-2017-16598,0.02218,0.80423
CVE-2017-16599,0.02218,0.80423
CVE-2017-16600,0.01055,0.50287
CVE-2017-16601,0.01055,0.50287
CVE-2017-16602,0.02218,0.80423
CVE-2017-16603,0.02218,0.80423
CVE-2017-16604,0.01055,0.50287
CVE-2017-16605,0.01055,0.50287
CVE-2017-16606,0.02218,0.80423
CVE-2017-16607,0.01136,0.57949
CVE-2017-16608,0.01978,0.78447
CVE-2017-16609,0.01055,0.50287
CVE-2017-16610,0.01978,0.78447
CVE-2017-16611,0.01104,0.52279
CVE-2017-16612,0.01537,0.73595
CVE-2017-16613,0.01018,0.38792
CVE-2017-16614,0.01156,0.60033
CVE-2017-16615,0.02578,0.8123
CVE-2017-16616,0.02578,0.8123
CVE-2017-16618,0.02578,0.8123
CVE-2017-16629,0.00885,0.26162
CVE-2017-16630,0.00885,0.26162
CVE-2017-16631,0.00885,0.26162
CVE-2017-16632,0.00885,0.26162
CVE-2017-16633,0.0089,0.2856
CVE-2017-16634,0.00954,0.34522
CVE-2017-16635,0.01267,0.66451
CVE-2017-16636,0.01055,0.50287
CVE-2017-16637,0.00885,0.26162
CVE-2017-16638,0.00885,0.26162
CVE-2017-16639,0.01213,0.6557
CVE-2017-1664,0.00954,0.34522
CVE-2017-16641,0.01055,0.50287
CVE-2017-16642,0.18327,0.96125
CVE-2017-16643,0.01034,0.39824
CVE-2017-16644,0.0095,0.30554
CVE-2017-16645,0.01282,0.67298
CVE-2017-16646,0.01104,0.52279
CVE-2017-16647,0.01034,0.39824
CVE-2017-16648,0.0095,0.30554
CVE-2017-16649,0.01282,0.67298
CVE-2017-1665,0.00954,0.34522
CVE-2017-16650,0.01282,0.67298
CVE-2017-16652,0.00885,0.26162
CVE-2017-16653,0.00954,0.34522
CVE-2017-16654,0.01018,0.38792
CVE-2017-16659,0.00885,0.26162
CVE-2017-1666,0.01061,0.51015
CVE-2017-16660,0.01267,0.66451
CVE-2017-16661,0.01055,0.50287
CVE-2017-16663,0.00885,0.26162
CVE-2017-16664,0.01061,0.51015
CVE-2017-16665,0.00885,0.26162
CVE-2017-16666,0.71897,0.99167
CVE-2017-16667,0.01018,0.38792
CVE-2017-16669,0.03407,0.83908
CVE-2017-16670,0.01055,0.50287
CVE-2017-16671,0.01916,0.76518
CVE-2017-16672,0.02051,0.78585
CVE-2017-16673,0.00885,0.26162
CVE-2017-16674,0.01208,0.60538
CVE-2017-16678,0.0089,0.2856
CVE-2017-16679,0.00954,0.34522
CVE-2017-1668,0.01136,0.57949
CVE-2017-16680,0.00954,0.34522
CVE-2017-16681,0.00954,0.34522
CVE-2017-16682,0.0089,0.2856
CVE-2017-16683,0.0089,0.2856
CVE-2017-16684,0.00954,0.34522
CVE-2017-16685,0.00954,0.34522
CVE-2017-16687,0.00954,0.34522
CVE-2017-16689,0.0089,0.2856
CVE-2017-1669,0.00954,0.34522
CVE-2017-16690,0.00954,0.34522
CVE-2017-16691,0.00954,0.34522
CVE-2017-1670,0.01136,0.57949
CVE-2017-16709,0.72756,0.99215
CVE-2017-1671,0.01136,0.57949
CVE-2017-16710,0.01055,0.50287
CVE-2017-16711,0.01055,0.50287
CVE-2017-16714,0.00885,0.26162
CVE-2017-16715,0.00885,0.26162
CVE-2017-16716,0.01564,0.74439
CVE-2017-16717,0.01156,0.60033
CVE-2017-16718,0.00885,0.26162
CVE-2017-16719,0.00885,0.26162
CVE-2017-1672,0.00885,0.26162
CVE-2017-16720,0.08382,0.93597
CVE-2017-16721,0.00885,0.26162
CVE-2017-16723,0.04836,0.88802
CVE-2017-16724,0.00885,0.26162
CVE-2017-16725,0.0144,0.7265
CVE-2017-16726,0.00885,0.26162
CVE-2017-16727,0.00885,0.26162
CVE-2017-16728,0.00885,0.26162
CVE-2017-1673,0.00954,0.34522
CVE-2017-16731,0.00885,0.26162
CVE-2017-16732,0.00885,0.26162
CVE-2017-16733,0.00885,0.26162
CVE-2017-16735,0.00885,0.26162
CVE-2017-16736,0.01055,0.50287
CVE-2017-16737,0.00885,0.26162
CVE-2017-16739,0.01611,0.74874
CVE-2017-16740,0.05634,0.89764
CVE-2017-16741,0.01055,0.50287
CVE-2017-16743,0.01055,0.50287
CVE-2017-16745,0.00885,0.26162
CVE-2017-16747,0.00885,0.26162
CVE-2017-16749,0.00885,0.26162
CVE-2017-16751,0.01005,0.36332
CVE-2017-16753,0.00885,0.26162
CVE-2017-16754,0.00954,0.34522
CVE-2017-16755,0.00954,0.34522
CVE-2017-16756,0.00954,0.34522
CVE-2017-16757,0.00885,0.26162
CVE-2017-16758,0.01061,0.51015
CVE-2017-16759,0.01213,0.6557
CVE-2017-16760,0.00885,0.26162
CVE-2017-16761,0.01136,0.57949
CVE-2017-16762,0.00885,0.26162
CVE-2017-16763,0.02578,0.8123
CVE-2017-16764,0.01578,0.74478
CVE-2017-16765,0.00885,0.26162
CVE-2017-16766,0.00885,0.26162
CVE-2017-16767,0.01055,0.50287
CVE-2017-16768,0.01055,0.50287
CVE-2017-16769,0.01055,0.50287
CVE-2017-1677,0.01365,0.70715
CVE-2017-16770,0.01055,0.50287
CVE-2017-16771,0.01055,0.50287
CVE-2017-16772,0.01156,0.60033
CVE-2017-16773,0.01055,0.50287
CVE-2017-16774,0.01055,0.50287
CVE-2017-16775,0.01055,0.50287
CVE-2017-16776,0.00885,0.26162
CVE-2017-16777,0.01832,0.76196
CVE-2017-1678,0.0089,0.2856
CVE-2017-16780,0.05365,0.89438
CVE-2017-16781,0.02192,0.80195
CVE-2017-16782,0.00885,0.26162
CVE-2017-16783,0.08382,0.93597
CVE-2017-16784,0.00885,0.26162
CVE-2017-16785,0.00885,0.26162
CVE-2017-16786,0.01055,0.50287
CVE-2017-16787,0.08078,0.93055
CVE-2017-16788,0.01055,0.50287
CVE-2017-16789,0.01061,0.51015
CVE-2017-1679,0.00885,0.26162
CVE-2017-16790,0.00885,0.26162
CVE-2017-16792,0.00954,0.34522
CVE-2017-16793,0.01055,0.50287
CVE-2017-16794,0.01055,0.50287
CVE-2017-16796,0.01055,0.50287
CVE-2017-16797,0.01055,0.50287
CVE-2017-16798,0.01055,0.50287
CVE-2017-16799,0.00885,0.26162
CVE-2017-16801,0.01055,0.50287
CVE-2017-16802,0.00885,0.26162
CVE-2017-16803,0.01213,0.6557
CVE-2017-16804,0.01132,0.54372
CVE-2017-16805,0.01055,0.50287
CVE-2017-16807,0.02192,0.80195
CVE-2017-16808,0.02686,0.82061
CVE-2017-1681,0.0089,0.2856
CVE-2017-16810,0.01055,0.50287
CVE-2017-16813,0.00885,0.26162
CVE-2017-16814,0.00885,0.26162
CVE-2017-16815,0.00885,0.26162
CVE-2017-16816,0.01055,0.50287
CVE-2017-16818,0.01061,0.51015
CVE-2017-16819,0.08078,0.93055
CVE-2017-1682,0.00885,0.26162
CVE-2017-16820,0.01537,0.73595
CVE-2017-16821,0.00885,0.26162
CVE-2017-16826,0.01136,0.57949
CVE-2017-16827,0.01136,0.57949
CVE-2017-16828,0.01136,0.57949
CVE-2017-16829,0.01136,0.57949
CVE-2017-1683,0.0089,0.2856
CVE-2017-16830,0.01213,0.6557
CVE-2017-16831,0.01136,0.57949
CVE-2017-16832,0.01136,0.57949
CVE-2017-16833,0.00885,0.26162
CVE-2017-16834,0.01102,0.51825
CVE-2017-16835,0.00885,0.26162
CVE-2017-16836,0.02173,0.80027
CVE-2017-16837,0.01102,0.51825
CVE-2017-16839,0.00885,0.26162
CVE-2017-16840,0.01213,0.6557
CVE-2017-16841,0.02173,0.80027
CVE-2017-16842,0.01061,0.51015
CVE-2017-16843,0.02192,0.80195
CVE-2017-16844,0.03795,0.84827
CVE-2017-16845,0.01108,0.53389
CVE-2017-16846,0.00885,0.26162
CVE-2017-16847,0.00885,0.26162
CVE-2017-16848,0.00885,0.26162
CVE-2017-16849,0.00885,0.26162
CVE-2017-16850,0.00885,0.26162
CVE-2017-16851,0.00885,0.26162
CVE-2017-16852,0.01018,0.38792
CVE-2017-16853,0.01108,0.53389
CVE-2017-16854,0.0089,0.2856
CVE-2017-16856,0.01055,0.50287
CVE-2017-16857,0.00885,0.26162
CVE-2017-16858,0.00885,0.26162
CVE-2017-16859,0.01061,0.51015
CVE-2017-16860,0.01055,0.50287
CVE-2017-16861,0.01018,0.38792
CVE-2017-16862,0.01055,0.50287
CVE-2017-16863,0.01055,0.50287
CVE-2017-16864,0.01055,0.50287
CVE-2017-16865,0.01055,0.50287
CVE-2017-16866,0.00885,0.26162
CVE-2017-16867,0.01018,0.38792
CVE-2017-16868,0.01055,0.50287
CVE-2017-16869,0.01055,0.50287
CVE-2017-16870,0.00885,0.26162
CVE-2017-16871,0.0119,0.60447
CVE-2017-16872,0.00954,0.34522
CVE-2017-16873,0.00885,0.26162
CVE-2017-16875,0.00954,0.34522
CVE-2017-16876,0.01213,0.6557
CVE-2017-16877,0.00885,0.26162
CVE-2017-16878,0.01055,0.50287
CVE-2017-16879,0.01688,0.75069
CVE-2017-1688,0.0089,0.2856
CVE-2017-16880,0.00885,0.26162
CVE-2017-16881,0.00885,0.26162
CVE-2017-16882,0.00885,0.26162
CVE-2017-16883,0.00885,0.26162
CVE-2017-16884,0.02173,0.80027
CVE-2017-16885,0.01055,0.50287
CVE-2017-16886,0.00885,0.26162
CVE-2017-16887,0.00885,0.26162
CVE-2017-1689,0.0089,0.2856
CVE-2017-16890,0.00885,0.26162
CVE-2017-16892,0.00885,0.26162
CVE-2017-16893,0.01055,0.50287
CVE-2017-16895,0.01832,0.76196
CVE-2017-16896,0.00885,0.26162
CVE-2017-16897,0.00885,0.26162
CVE-2017-16898,0.00885,0.26162
CVE-2017-16899,0.01055,0.50287
CVE-2017-1690,0.00885,0.26162
CVE-2017-16900,0.0089,0.2856
CVE-2017-16902,0.08382,0.93597
CVE-2017-16903,0.01055,0.50287
CVE-2017-16904,0.00885,0.26162
CVE-2017-16905,0.01978,0.78447
CVE-2017-16906,0.0095,0.30554
CVE-2017-16907,0.0095,0.30554
CVE-2017-16908,0.04024,0.85284
CVE-2017-16909,0.01018,0.38792
CVE-2017-1691,0.00885,0.26162
CVE-2017-16910,0.01018,0.38792
CVE-2017-16911,0.01282,0.67298
CVE-2017-16912,0.02686,0.82061
CVE-2017-16913,0.02686,0.82061
CVE-2017-16914,0.02686,0.82061
CVE-2017-16919,0.01055,0.50287
CVE-2017-1692,0.0089,0.2856
CVE-2017-16920,0.01055,0.50287
CVE-2017-16921,0.07804,0.92959
CVE-2017-16922,0.00885,0.26162
CVE-2017-16923,0.01055,0.50287
CVE-2017-16924,0.01055,0.50287
CVE-2017-16926,0.0119,0.60447
CVE-2017-16927,0.00954,0.34522
CVE-2017-16928,0.01832,0.76196
CVE-2017-16929,0.01061,0.51015
CVE-2017-1693,0.00954,0.34522
CVE-2017-16930,0.05785,0.89924
CVE-2017-16931,0.01018,0.38792
CVE-2017-16932,0.01537,0.73595
CVE-2017-16933,0.00885,0.26162
CVE-2017-16934,0.08382,0.93597
CVE-2017-16935,0.08382,0.93597
CVE-2017-16936,0.01055,0.50287
CVE-2017-16938,0.01213,0.6557
CVE-2017-16939,0.03534,0.84129
CVE-2017-1694,0.00954,0.34522
CVE-2017-16941,0.01055,0.50287
CVE-2017-16942,0.00885,0.26162
CVE-2017-16944,0.16168,0.95904
CVE-2017-16945,0.01832,0.76196
CVE-2017-16946,0.00885,0.26162
CVE-2017-16948,0.00885,0.26162
CVE-2017-16949,0.09647,0.93982
CVE-2017-1695,0.00954,0.34522
CVE-2017-16950,0.01055,0.50287
CVE-2017-16951,0.02808,0.8233
CVE-2017-16952,0.02808,0.8233
CVE-2017-16953,0.08382,0.93597
CVE-2017-16955,0.00885,0.26162
CVE-2017-16956,0.00885,0.26162
CVE-2017-16957,0.01055,0.50287
CVE-2017-16958,0.01055,0.50287
CVE-2017-16959,0.01055,0.50287
CVE-2017-1696,0.01055,0.50287
CVE-2017-16960,0.01055,0.50287
CVE-2017-16961,0.01055,0.50287
CVE-2017-16962,0.02173,0.80027
CVE-2017-1698,0.01018,0.38792
CVE-2017-1699,0.00885,0.26162
CVE-2017-16994,0.03534,0.84129
CVE-2017-16996,0.0095,0.30554
CVE-2017-1700,0.00885,0.26162
CVE-2017-1701,0.00885,0.26162
CVE-2017-17010,0.00885,0.26162
CVE-2017-17020,0.05164,0.89136
CVE-2017-17023,0.00885,0.26162
CVE-2017-17027,0.01978,0.78447
CVE-2017-17028,0.01978,0.78447
CVE-2017-17029,0.01978,0.78447
CVE-2017-17030,0.01978,0.78447
CVE-2017-17031,0.01978,0.78447
CVE-2017-17032,0.01978,0.78447
CVE-2017-17033,0.01978,0.78447
CVE-2017-17042,0.00885,0.26162
CVE-2017-17043,0.00954,0.34522
CVE-2017-17044,0.01282,0.67298
CVE-2017-17045,0.01104,0.52279
CVE-2017-17046,0.0089,0.2856
CVE-2017-17049,0.00885,0.26162
CVE-2017-1705,0.0089,0.2856
CVE-2017-17050,0.00885,0.26162
CVE-2017-17051,0.01018,0.38792
CVE-2017-17052,0.0095,0.30554
CVE-2017-17053,0.0095,0.30554
CVE-2017-17054,0.00885,0.26162
CVE-2017-17055,0.07225,0.92082
CVE-2017-17056,0.00885,0.26162
CVE-2017-17057,0.01055,0.50287
CVE-2017-17059,0.00885,0.26162
CVE-2017-17060,0.00885,0.26162
CVE-2017-17061,0.00885,0.26162
CVE-2017-17062,0.01061,0.51015
CVE-2017-17065,0.00885,0.26162
CVE-2017-17066,0.01055,0.50287
CVE-2017-17067,0.01055,0.50287
CVE-2017-17068,0.00885,0.26162
CVE-2017-17069,0.00954,0.34522
CVE-2017-17080,0.01055,0.50287
CVE-2017-17081,0.01213,0.6557
CVE-2017-17083,0.01108,0.53389
CVE-2017-17084,0.01108,0.53389
CVE-2017-17085,0.10212,0.94357
CVE-2017-17086,0.01055,0.50287
CVE-2017-17087,0.01034,0.39824
CVE-2017-17088,0.08382,0.93597
CVE-2017-17089,0.01055,0.50287
CVE-2017-17090,0.15439,0.95783
CVE-2017-17091,0.01232,0.66248
CVE-2017-17092,0.01232,0.66248
CVE-2017-17093,0.01034,0.39824
CVE-2017-17094,0.01034,0.39824
CVE-2017-17095,0.108,0.94438
CVE-2017-17096,0.01055,0.50287
CVE-2017-17097,0.01136,0.57949
CVE-2017-17098,0.01136,0.57949
CVE-2017-1710,0.01213,0.6557
CVE-2017-17101,0.00885,0.26162
CVE-2017-17102,0.00885,0.26162
CVE-2017-17103,0.00885,0.26162
CVE-2017-17104,0.00885,0.26162
CVE-2017-17105,0.01213,0.6557
CVE-2017-17106,0.01136,0.57949
CVE-2017-17107,0.00954,0.34522
CVE-2017-17108,0.00885,0.26162
CVE-2017-1711,0.00954,0.34522
CVE-2017-17110,0.08382,0.93597
CVE-2017-17111,0.08382,0.93597
CVE-2017-17112,0.00885,0.26162
CVE-2017-17113,0.00885,0.26162
CVE-2017-17114,0.00885,0.26162
CVE-2017-1712,0.01055,0.50287
CVE-2017-17121,0.01136,0.57949
CVE-2017-17122,0.01136,0.57949
CVE-2017-17123,0.01136,0.57949
CVE-2017-17124,0.01136,0.57949
CVE-2017-17125,0.01136,0.57949
CVE-2017-17126,0.01136,0.57949
CVE-2017-17127,0.01136,0.57949
CVE-2017-17128,0.01055,0.50287
CVE-2017-17129,0.01055,0.50287
CVE-2017-1713,0.00885,0.26162
CVE-2017-17130,0.01055,0.50287
CVE-2017-17131,0.01055,0.50287
CVE-2017-17132,0.00885,0.26162
CVE-2017-17133,0.00885,0.26162
CVE-2017-17134,0.00885,0.26162
CVE-2017-17135,0.00885,0.26162
CVE-2017-17136,0.00885,0.26162
CVE-2017-17137,0.00885,0.26162
CVE-2017-17138,0.00885,0.26162
CVE-2017-17139,0.00885,0.26162
CVE-2017-1714,0.0089,0.2856
CVE-2017-17140,0.00885,0.26162
CVE-2017-17141,0.00885,0.26162
CVE-2017-17142,0.00885,0.26162
CVE-2017-17143,0.00885,0.26162
CVE-2017-17144,0.00885,0.26162
CVE-2017-17145,0.00885,0.26162
CVE-2017-17146,0.01103,0.51945
CVE-2017-17147,0.00885,0.26162
CVE-2017-17148,0.00885,0.26162
CVE-2017-17149,0.00885,0.26162
CVE-2017-1715,0.00885,0.26162
CVE-2017-17150,0.00885,0.26162
CVE-2017-17151,0.00885,0.26162
CVE-2017-17152,0.00885,0.26162
CVE-2017-17153,0.00885,0.26162
CVE-2017-17154,0.00885,0.26162
CVE-2017-17155,0.00885,0.26162
CVE-2017-17156,0.00885,0.26162
CVE-2017-17157,0.00885,0.26162
CVE-2017-17158,0.00885,0.26162
CVE-2017-17159,0.00885,0.26162
CVE-2017-1716,0.0089,0.2856
CVE-2017-17160,0.01055,0.50287
CVE-2017-17161,0.00885,0.26162
CVE-2017-17162,0.00885,0.26162
CVE-2017-17163,0.00885,0.26162
CVE-2017-17164,0.00885,0.26162
CVE-2017-17165,0.00885,0.26162
CVE-2017-17166,0.01055,0.50287
CVE-2017-17167,0.01055,0.50287
CVE-2017-17168,0.01055,0.50287
CVE-2017-17169,0.01055,0.50287
CVE-2017-1717,0.00885,0.26162
CVE-2017-17170,0.01055,0.50287
CVE-2017-17171,0.00885,0.26162
CVE-2017-17172,0.00885,0.26162
CVE-2017-17173,0.01036,0.41241
CVE-2017-17174,0.01055,0.50287
CVE-2017-17175,0.00885,0.26162
CVE-2017-17176,0.01036,0.41241
CVE-2017-17182,0.01055,0.50287
CVE-2017-17183,0.01055,0.50287
CVE-2017-17184,0.01055,0.50287
CVE-2017-17185,0.01055,0.50287
CVE-2017-17186,0.01055,0.50287
CVE-2017-17187,0.01055,0.50287
CVE-2017-17199,0.01055,0.50287
CVE-2017-1720,0.0089,0.2856
CVE-2017-17200,0.01055,0.50287
CVE-2017-17201,0.00885,0.26162
CVE-2017-17202,0.01055,0.50287
CVE-2017-1721,0.0144,0.7265
CVE-2017-17216,0.01055,0.50287
CVE-2017-17217,0.01055,0.50287
CVE-2017-17218,0.01055,0.50287
CVE-2017-17219,0.01055,0.50287
CVE-2017-1722,0.01055,0.50287
CVE-2017-17220,0.01055,0.50287
CVE-2017-17221,0.01156,0.60033
CVE-2017-17222,0.01156,0.60033
CVE-2017-17223,0.01055,0.50287
CVE-2017-17224,0.00885,0.26162
CVE-2017-17225,0.01036,0.41241
CVE-2017-17226,0.00885,0.26162
CVE-2017-17227,0.01036,0.41241
CVE-2017-1723,0.01055,0.50287
CVE-2017-1724,0.00885,0.26162
CVE-2017-1725,0.00885,0.26162
CVE-2017-17250,0.01055,0.50287
CVE-2017-17251,0.01055,0.50287
CVE-2017-17252,0.01055,0.50287
CVE-2017-17253,0.01055,0.50287
CVE-2017-17254,0.01055,0.50287
CVE-2017-17255,0.01055,0.50287
CVE-2017-17256,0.01055,0.50287
CVE-2017-17257,0.01055,0.50287
CVE-2017-17258,0.01055,0.50287
CVE-2017-1727,0.0089,0.2856
CVE-2017-17279,0.00885,0.26162
CVE-2017-17280,0.00885,0.26162
CVE-2017-17281,0.01055,0.50287
CVE-2017-17282,0.00885,0.26162
CVE-2017-17283,0.01055,0.50287
CVE-2017-17284,0.01055,0.50287
CVE-2017-17285,0.01036,0.41241
CVE-2017-17286,0.01055,0.50287
CVE-2017-17287,0.01055,0.50287
CVE-2017-17288,0.01055,0.50287
CVE-2017-17289,0.00885,0.26162
CVE-2017-1729,0.00885,0.26162
CVE-2017-17290,0.01055,0.50287
CVE-2017-17291,0.00885,0.26162
CVE-2017-17292,0.00885,0.26162
CVE-2017-17293,0.00885,0.26162
CVE-2017-17294,0.00885,0.26162
CVE-2017-17295,0.01055,0.50287
CVE-2017-17296,0.01055,0.50287
CVE-2017-17297,0.01055,0.50287
CVE-2017-17298,0.01055,0.50287
CVE-2017-17299,0.01055,0.50287
CVE-2017-17300,0.01055,0.50287
CVE-2017-17301,0.01055,0.50287
CVE-2017-17302,0.00885,0.26162
CVE-2017-17303,0.01055,0.50287
CVE-2017-17304,0.01055,0.50287
CVE-2017-17305,0.01055,0.50287
CVE-2017-17306,0.00885,0.26162
CVE-2017-17307,0.00885,0.26162
CVE-2017-17308,0.01055,0.50287
CVE-2017-1731,0.01132,0.54372
CVE-2017-17310,0.01055,0.50287
CVE-2017-17311,0.00885,0.26162
CVE-2017-17312,0.00885,0.26162
CVE-2017-17313,0.00885,0.26162
CVE-2017-17314,0.00885,0.26162
CVE-2017-17315,0.01055,0.50287
CVE-2017-17316,0.01055,0.50287
CVE-2017-17317,0.01055,0.50287
CVE-2017-17318,0.00885,0.26162
CVE-2017-17319,0.00885,0.26162
CVE-2017-1732,0.00885,0.26162
CVE-2017-17320,0.01036,0.41241
CVE-2017-17321,0.00885,0.26162
CVE-2017-17322,0.00885,0.26162
CVE-2017-17323,0.00885,0.26162
CVE-2017-17324,0.01036,0.41241
CVE-2017-17325,0.00885,0.26162
CVE-2017-17326,0.00885,0.26162
CVE-2017-17327,0.00885,0.26162
CVE-2017-17328,0.00885,0.26162
CVE-2017-17329,0.00885,0.26162
CVE-2017-1733,0.0089,0.2856
CVE-2017-17330,0.00885,0.26162
CVE-2017-1734,0.00885,0.26162
CVE-2017-1738,0.00885,0.26162
CVE-2017-17381,0.0095,0.30554
CVE-2017-17382,0.01213,0.6557
CVE-2017-17383,0.01136,0.57949
CVE-2017-17384,0.01055,0.50287
CVE-2017-1739,0.0089,0.2856
CVE-2017-1740,0.0089,0.2856
CVE-2017-17405,0.4823,0.9849
CVE-2017-17406,0.01978,0.78447
CVE-2017-17407,0.02218,0.80423
CVE-2017-17408,0.01156,0.60033
CVE-2017-17409,0.01156,0.60033
CVE-2017-1741,0.01061,0.51015
CVE-2017-17410,0.01156,0.60033
CVE-2017-17411,0.83379,0.99578
CVE-2017-17412,0.02205,0.80297
CVE-2017-17413,0.02205,0.80297
CVE-2017-17414,0.02205,0.80297
CVE-2017-17415,0.02205,0.80297
CVE-2017-17416,0.02205,0.80297
CVE-2017-17417,0.05896,0.90061
CVE-2017-17418,0.02205,0.80297
CVE-2017-17419,0.02205,0.80297
CVE-2017-17420,0.02205,0.80297
CVE-2017-17421,0.02205,0.80297
CVE-2017-17422,0.02205,0.80297
CVE-2017-17423,0.02205,0.80297
CVE-2017-17424,0.02205,0.80297
CVE-2017-17425,0.02205,0.80297
CVE-2017-17426,0.00885,0.26162
CVE-2017-17427,0.01018,0.38792
CVE-2017-17428,0.01213,0.6557
CVE-2017-17429,0.00885,0.26162
CVE-2017-1743,0.01132,0.54372
CVE-2017-17430,0.01055,0.50287
CVE-2017-17431,0.00885,0.26162
CVE-2017-17432,0.01213,0.6557
CVE-2017-17433,0.01213,0.6557
CVE-2017-17434,0.01213,0.6557
CVE-2017-17435,0.00885,0.26162
CVE-2017-17436,0.00885,0.26162
CVE-2017-17439,0.01319,0.70416
CVE-2017-17440,0.01408,0.72072
CVE-2017-17442,0.00885,0.26162
CVE-2017-17443,0.00885,0.26162
CVE-2017-17446,0.01055,0.50287
CVE-2017-17448,0.01547,0.74085
CVE-2017-17449,0.01547,0.74085
CVE-2017-17450,0.01547,0.74085
CVE-2017-17451,0.00954,0.34522
CVE-2017-17454,0.0089,0.2856
CVE-2017-17455,0.00954,0.34522
CVE-2017-17458,0.01537,0.73595
CVE-2017-17459,0.01213,0.6557
CVE-2017-1746,0.00885,0.26162
CVE-2017-17463,0.01055,0.50287
CVE-2017-17464,0.00885,0.26162
CVE-2017-17465,0.00885,0.26162
CVE-2017-17466,0.00885,0.26162
CVE-2017-17467,0.00885,0.26162
CVE-2017-17468,0.00885,0.26162
CVE-2017-17469,0.00885,0.26162
CVE-2017-1747,0.0089,0.2856
CVE-2017-17470,0.00885,0.26162
CVE-2017-17471,0.00885,0.26162
CVE-2017-17472,0.00885,0.26162
CVE-2017-17473,0.00885,0.26162
CVE-2017-17474,0.00885,0.26162
CVE-2017-17475,0.00885,0.26162
CVE-2017-17476,0.01319,0.70416
CVE-2017-17477,0.01055,0.50287
CVE-2017-17478,0.00885,0.26162
CVE-2017-17479,0.01156,0.60033
CVE-2017-1748,0.01055,0.50287
CVE-2017-17480,0.03693,0.843
CVE-2017-17482,0.0089,0.2856
CVE-2017-17484,0.01319,0.70416
CVE-2017-1749,0.01055,0.50287
CVE-2017-17497,0.00885,0.26162
CVE-2017-17498,0.01776,0.75902
CVE-2017-17499,0.01108,0.53389
CVE-2017-1750,0.0089,0.2856
CVE-2017-17500,0.01537,0.73595
CVE-2017-17501,0.01537,0.73595
CVE-2017-17502,0.01183,0.60428
CVE-2017-17503,0.01183,0.60428
CVE-2017-17504,0.01018,0.38792
CVE-2017-17505,0.00885,0.26162
CVE-2017-17506,0.00885,0.26162
CVE-2017-17507,0.00885,0.26162
CVE-2017-17508,0.00885,0.26162
CVE-2017-17509,0.00885,0.26162
CVE-2017-1751,0.0089,0.2856
CVE-2017-17511,0.01055,0.50287
CVE-2017-17512,0.01213,0.6557
CVE-2017-17513,0.01055,0.50287
CVE-2017-17514,0.01055,0.50287
CVE-2017-17515,0.01055,0.50287
CVE-2017-17516,0.01055,0.50287
CVE-2017-17517,0.01055,0.50287
CVE-2017-17518,0.01055,0.50287
CVE-2017-17519,0.01055,0.50287
CVE-2017-1752,0.0089,0.2856
CVE-2017-17520,0.01055,0.50287
CVE-2017-17521,0.01055,0.50287
CVE-2017-17522,0.01136,0.57949
CVE-2017-17523,0.01136,0.57949
CVE-2017-17524,0.01055,0.50287
CVE-2017-17525,0.01055,0.50287
CVE-2017-17526,0.01055,0.50287
CVE-2017-17527,0.01055,0.50287
CVE-2017-17528,0.01055,0.50287
CVE-2017-17529,0.01055,0.50287
CVE-2017-1753,0.01055,0.50287
CVE-2017-17530,0.01055,0.50287
CVE-2017-17531,0.01055,0.50287
CVE-2017-17532,0.01055,0.50287
CVE-2017-17533,0.01055,0.50287
CVE-2017-17534,0.01055,0.50287
CVE-2017-17535,0.01055,0.50287
CVE-2017-17536,0.01689,0.75137
CVE-2017-17537,0.08382,0.93597
CVE-2017-17538,0.08382,0.93597
CVE-2017-17539,0.00885,0.26162
CVE-2017-17540,0.00885,0.26162
CVE-2017-17541,0.00954,0.34522
CVE-2017-17543,0.00885,0.26162
CVE-2017-17544,0.00885,0.26162
CVE-2017-17549,0.01136,0.57949
CVE-2017-1755,0.00885,0.26162
CVE-2017-17550,0.00885,0.26162
CVE-2017-17551,0.00885,0.26162
CVE-2017-17552,0.00885,0.26162
CVE-2017-17553,0.00885,0.26162
CVE-2017-17554,0.00885,0.26162
CVE-2017-17555,0.01055,0.50287
CVE-2017-17556,0.0089,0.2856
CVE-2017-17557,0.02509,0.81058
CVE-2017-17558,0.01547,0.74085
CVE-2017-1756,0.0089,0.2856
CVE-2017-17560,0.7856,0.9943
CVE-2017-17561,0.01055,0.50287
CVE-2017-17563,0.01282,0.67298
CVE-2017-17564,0.01282,0.67298
CVE-2017-17565,0.01282,0.67298
CVE-2017-17566,0.01282,0.67298
CVE-2017-17567,0.00885,0.26162
CVE-2017-17568,0.01055,0.50287
CVE-2017-17569,0.00885,0.26162
CVE-2017-1757,0.01061,0.51015
CVE-2017-17570,0.01564,0.74439
CVE-2017-17571,0.01564,0.74439
CVE-2017-17572,0.01564,0.74439
CVE-2017-17573,0.01564,0.74439
CVE-2017-17574,0.01564,0.74439
CVE-2017-17575,0.01564,0.74439
CVE-2017-17576,0.01564,0.74439
CVE-2017-17577,0.01564,0.74439
CVE-2017-17578,0.01564,0.74439
CVE-2017-17579,0.01564,0.74439
CVE-2017-1758,0.01132,0.54372
CVE-2017-17580,0.01564,0.74439
CVE-2017-17581,0.01564,0.74439
CVE-2017-17582,0.01564,0.74439
CVE-2017-17583,0.01564,0.74439
CVE-2017-17584,0.01564,0.74439
CVE-2017-17585,0.01564,0.74439
CVE-2017-17586,0.01564,0.74439
CVE-2017-17587,0.01564,0.74439
CVE-2017-17588,0.01564,0.74439
CVE-2017-17589,0.01564,0.74439
CVE-2017-17590,0.01564,0.74439
CVE-2017-17591,0.01564,0.74439
CVE-2017-17592,0.01564,0.74439
CVE-2017-17593,0.08382,0.93597
CVE-2017-17594,0.01564,0.74439
CVE-2017-17595,0.01564,0.74439
CVE-2017-17596,0.01564,0.74439
CVE-2017-17597,0.01564,0.74439
CVE-2017-17598,0.01564,0.74439
CVE-2017-17599,0.01564,0.74439
CVE-2017-1760,0.00885,0.26162
CVE-2017-17600,0.01564,0.74439
CVE-2017-17601,0.01564,0.74439
CVE-2017-17602,0.01564,0.74439
CVE-2017-17603,0.01564,0.74439
CVE-2017-17604,0.01564,0.74439
CVE-2017-17605,0.01564,0.74439
CVE-2017-17606,0.01564,0.74439
CVE-2017-17607,0.01564,0.74439
CVE-2017-17608,0.01564,0.74439
CVE-2017-17609,0.01564,0.74439
CVE-2017-1761,0.00954,0.34522
CVE-2017-17610,0.01564,0.74439
CVE-2017-17611,0.01564,0.74439
CVE-2017-17612,0.01564,0.74439
CVE-2017-17613,0.01564,0.74439
CVE-2017-17614,0.01564,0.74439
CVE-2017-17615,0.01564,0.74439
CVE-2017-17616,0.01564,0.74439
CVE-2017-17617,0.01564,0.74439
CVE-2017-17618,0.01564,0.74439
CVE-2017-17619,0.01564,0.74439
CVE-2017-1762,0.0089,0.2856
CVE-2017-17620,0.01564,0.74439
CVE-2017-17621,0.01564,0.74439
CVE-2017-17622,0.01564,0.74439
CVE-2017-17623,0.01564,0.74439
CVE-2017-17624,0.01564,0.74439
CVE-2017-17625,0.01564,0.74439
CVE-2017-17626,0.01564,0.74439
CVE-2017-17627,0.01564,0.74439
CVE-2017-17628,0.01564,0.74439
CVE-2017-17629,0.01564,0.74439
CVE-2017-17630,0.01564,0.74439
CVE-2017-17631,0.01564,0.74439
CVE-2017-17632,0.01564,0.74439
CVE-2017-17633,0.01564,0.74439
CVE-2017-17634,0.01564,0.74439
CVE-2017-17635,0.01564,0.74439
CVE-2017-17636,0.01564,0.74439
CVE-2017-17637,0.01564,0.74439
CVE-2017-17638,0.01564,0.74439
CVE-2017-17639,0.01564,0.74439
CVE-2017-1764,0.00885,0.26162
CVE-2017-17640,0.01564,0.74439
CVE-2017-17641,0.01564,0.74439
CVE-2017-17642,0.01564,0.74439
CVE-2017-17643,0.01564,0.74439
CVE-2017-17645,0.01564,0.74439
CVE-2017-17648,0.01564,0.74439
CVE-2017-17649,0.08382,0.93597
CVE-2017-1765,0.0095,0.30554
CVE-2017-17651,0.01564,0.74439
CVE-2017-17652,0.02205,0.80297
CVE-2017-17653,0.02205,0.80297
CVE-2017-17654,0.02205,0.80297
CVE-2017-17655,0.02205,0.80297
CVE-2017-17656,0.02205,0.80297
CVE-2017-17657,0.02205,0.80297
CVE-2017-17658,0.02205,0.80297
CVE-2017-17659,0.02205,0.80297
CVE-2017-1766,0.00885,0.26162
CVE-2017-17662,0.00885,0.26162
CVE-2017-17663,0.01086,0.51674
CVE-2017-17664,0.0223,0.80449
CVE-2017-17665,0.00885,0.26162
CVE-2017-17668,0.00885,0.26162
CVE-2017-17669,0.01055,0.50287
CVE-2017-1767,0.0095,0.30554
CVE-2017-17670,0.01018,0.38792
CVE-2017-17671,0.01086,0.51674
CVE-2017-17672,0.0508,0.89022
CVE-2017-17674,0.05634,0.89764
CVE-2017-17675,0.01018,0.38792
CVE-2017-17677,0.02199,0.80273
CVE-2017-17678,0.01018,0.38792
CVE-2017-1768,0.0089,0.2856
CVE-2017-17680,0.00954,0.34522
CVE-2017-17681,0.01018,0.38792
CVE-2017-17682,0.01108,0.53389
CVE-2017-17683,0.00885,0.26162
CVE-2017-17684,0.00885,0.26162
CVE-2017-17688,0.14352,0.95615000000000006
CVE-2017-17689,0.08761,0.93662
CVE-2017-1769,0.01018,0.38792
CVE-2017-17691,0.01055,0.50287
CVE-2017-17693,0.00885,0.26162
CVE-2017-17694,0.00885,0.26162
CVE-2017-17695,0.00885,0.26162
CVE-2017-17696,0.00885,0.26162
CVE-2017-17697,0.00885,0.26162
CVE-2017-17698,0.00885,0.26162
CVE-2017-17699,0.00885,0.26162
CVE-2017-17700,0.00885,0.26162
CVE-2017-17701,0.00885,0.26162
CVE-2017-17703,0.00885,0.26162
CVE-2017-17704,0.00885,0.26162
CVE-2017-17707,0.00885,0.26162
CVE-2017-17708,0.00885,0.26162
CVE-2017-17712,0.01864,0.7628
CVE-2017-17713,0.01018,0.38792
CVE-2017-17714,0.00954,0.34522
CVE-2017-17715,0.00885,0.26162
CVE-2017-17716,0.00954,0.34522
CVE-2017-17717,0.00885,0.26162
CVE-2017-17718,0.00954,0.34522
CVE-2017-17719,0.01055,0.50287
CVE-2017-1772,0.00954,0.34522
CVE-2017-17721,0.01806,0.76038
CVE-2017-17722,0.01055,0.50287
CVE-2017-17723,0.01055,0.50287
CVE-2017-17724,0.01213,0.6557
CVE-2017-17725,0.01055,0.50287
CVE-2017-17727,0.01338,0.70562
CVE-2017-1773,0.00885,0.26162
CVE-2017-17730,0.00885,0.26162
CVE-2017-17731,0.00885,0.26162
CVE-2017-17733,0.01156,0.60033
CVE-2017-17734,0.00885,0.26162
CVE-2017-17735,0.00885,0.26162
CVE-2017-17736,0.01055,0.50287
CVE-2017-17737,0.00885,0.26162
CVE-2017-17738,0.00885,0.26162
CVE-2017-17739,0.00885,0.26162
CVE-2017-1774,0.00954,0.34522
CVE-2017-17740,0.01213,0.6557
CVE-2017-17741,0.01547,0.74085
CVE-2017-17742,0.02686,0.82061
CVE-2017-17743,0.01055,0.50287
CVE-2017-17744,0.01055,0.50287
CVE-2017-17745,0.01055,0.50287
CVE-2017-17746,0.00885,0.26162
CVE-2017-17747,0.01055,0.50287
CVE-2017-17749,0.00885,0.26162
CVE-2017-17750,0.00885,0.26162
CVE-2017-17751,0.01055,0.50287
CVE-2017-17752,0.02173,0.80027
CVE-2017-17753,0.01055,0.50287
CVE-2017-17757,0.01055,0.50287
CVE-2017-17758,0.01055,0.50287
CVE-2017-17759,0.08382,0.93597
CVE-2017-17760,0.01108,0.53389
CVE-2017-17761,0.08382,0.93597
CVE-2017-17762,0.01055,0.50287
CVE-2017-17763,0.01055,0.50287
CVE-2017-17764,0.00885,0.26162
CVE-2017-17765,0.00885,0.26162
CVE-2017-17766,0.00885,0.26162
CVE-2017-17767,0.00885,0.26162
CVE-2017-17769,0.00885,0.26162
CVE-2017-17770,0.00885,0.26162
CVE-2017-17771,0.00885,0.26162
CVE-2017-17773,0.00885,0.26162
CVE-2017-17774,0.00885,0.26162
CVE-2017-17775,0.00885,0.26162
CVE-2017-17776,0.00885,0.26162
CVE-2017-17777,0.00885,0.26162
CVE-2017-17778,0.00885,0.26162
CVE-2017-17779,0.00885,0.26162
CVE-2017-17780,0.00885,0.26162
CVE-2017-17782,0.01108,0.53389
CVE-2017-17783,0.01018,0.38792
CVE-2017-17784,0.01108,0.53389
CVE-2017-17785,0.01018,0.38792
CVE-2017-17786,0.01108,0.53389
CVE-2017-17787,0.01018,0.38792
CVE-2017-17788,0.01018,0.38792
CVE-2017-17789,0.01108,0.53389
CVE-2017-1779,0.01034,0.39824
CVE-2017-17790,0.03535,0.8413
CVE-2017-17792,0.01055,0.50287
CVE-2017-17793,0.01055,0.50287
CVE-2017-17794,0.00885,0.26162
CVE-2017-17795,0.00885,0.26162
CVE-2017-17796,0.00885,0.26162
CVE-2017-17797,0.00885,0.26162
CVE-2017-17798,0.00885,0.26162
CVE-2017-17799,0.00885,0.26162
CVE-2017-17800,0.00885,0.26162
CVE-2017-17801,0.00885,0.26162
CVE-2017-17802,0.00885,0.26162
CVE-2017-17803,0.00885,0.26162
CVE-2017-17804,0.00885,0.26162
CVE-2017-17805,0.01547,0.74085
CVE-2017-17806,0.01547,0.74085
CVE-2017-17807,0.01547,0.74085
CVE-2017-17809,0.00885,0.26162
CVE-2017-17810,0.01136,0.57949
CVE-2017-17811,0.01055,0.50287
CVE-2017-17812,0.01136,0.57949
CVE-2017-17813,0.01055,0.50287
CVE-2017-17814,0.01055,0.50287
CVE-2017-17815,0.01136,0.57949
CVE-2017-17816,0.01055,0.50287
CVE-2017-17817,0.01055,0.50287
CVE-2017-17818,0.01055,0.50287
CVE-2017-17819,0.01136,0.57949
CVE-2017-17820,0.01055,0.50287
CVE-2017-17821,0.01055,0.50287
CVE-2017-17822,0.0089,0.2856
CVE-2017-17823,0.0089,0.2856
CVE-2017-17824,0.0089,0.2856
CVE-2017-17825,0.00885,0.26162
CVE-2017-17826,0.00885,0.26162
CVE-2017-17827,0.00954,0.34522
CVE-2017-17828,0.00885,0.26162
CVE-2017-17829,0.00885,0.26162
CVE-2017-1783,0.01108,0.53389
CVE-2017-17830,0.00885,0.26162
CVE-2017-17831,0.01213,0.6557
CVE-2017-17832,0.00885,0.26162
CVE-2017-17833,0.02762,0.82156
CVE-2017-17835,0.01055,0.50287
CVE-2017-17836,0.00885,0.26162
CVE-2017-17837,0.01246,0.66436
CVE-2017-1784,0.0095,0.30554
CVE-2017-17840,0.01005,0.36332
CVE-2017-17841,0.01136,0.57949
CVE-2017-17843,0.01213,0.6557
CVE-2017-17844,0.01213,0.6557
CVE-2017-17845,0.01018,0.38792
CVE-2017-17846,0.01018,0.38792
CVE-2017-17847,0.01108,0.53389
CVE-2017-17848,0.01537,0.73595
CVE-2017-17849,0.0916,0.93875
CVE-2017-1785,0.01055,0.50287
CVE-2017-17850,0.02051,0.78585
CVE-2017-17852,0.0089,0.2856
CVE-2017-17853,0.0089,0.2856
CVE-2017-17854,0.0089,0.2856
CVE-2017-17855,0.0089,0.2856
CVE-2017-17856,0.0089,0.2856
CVE-2017-17857,0.0089,0.2856
CVE-2017-17858,0.04836,0.88802
CVE-2017-17859,0.01055,0.50287
CVE-2017-1786,0.00885,0.26162
CVE-2017-17860,0.00885,0.26162
CVE-2017-17862,0.01282,0.67298
CVE-2017-17863,0.01034,0.39824
CVE-2017-17864,0.01034,0.39824
CVE-2017-17866,0.01136,0.57949
CVE-2017-17867,0.08078,0.93055
CVE-2017-17868,0.00885,0.26162
CVE-2017-17869,0.00885,0.26162
CVE-2017-1787,0.0089,0.2856
CVE-2017-17870,0.01564,0.74439
CVE-2017-17871,0.01564,0.74439
CVE-2017-17872,0.01564,0.74439
CVE-2017-17873,0.01564,0.74439
CVE-2017-17874,0.07308,0.9216
CVE-2017-17875,0.01564,0.74439
CVE-2017-17876,0.08382,0.93597
CVE-2017-17877,0.01136,0.57949
CVE-2017-17878,0.00954,0.34522
CVE-2017-17879,0.01108,0.53389
CVE-2017-1788,0.01136,0.57949
CVE-2017-17880,0.00885,0.26162
CVE-2017-17881,0.00885,0.26162
CVE-2017-17882,0.00885,0.26162
CVE-2017-17883,0.00885,0.26162
CVE-2017-17884,0.00885,0.26162
CVE-2017-17885,0.00885,0.26162
CVE-2017-17886,0.00885,0.26162
CVE-2017-17887,0.00885,0.26162
CVE-2017-17888,0.01061,0.51015
CVE-2017-17889,0.00885,0.26162
CVE-2017-1789,0.0144,0.7265
CVE-2017-17891,0.00885,0.26162
CVE-2017-17892,0.00885,0.26162
CVE-2017-17893,0.00885,0.26162
CVE-2017-17894,0.00885,0.26162
CVE-2017-17895,0.00885,0.26162
CVE-2017-17896,0.00885,0.26162
CVE-2017-17897,0.01055,0.50287
CVE-2017-17898,0.01055,0.50287
CVE-2017-17899,0.01055,0.50287
CVE-2017-1790,0.00885,0.26162
CVE-2017-17900,0.01055,0.50287
CVE-2017-17901,0.01055,0.50287
CVE-2017-17902,0.00885,0.26162
CVE-2017-17903,0.00885,0.26162
CVE-2017-17904,0.00885,0.26162
CVE-2017-17905,0.00885,0.26162
CVE-2017-17906,0.00885,0.26162
CVE-2017-17907,0.00885,0.26162
CVE-2017-17908,0.00885,0.26162
CVE-2017-17909,0.00885,0.26162
CVE-2017-1791,0.00885,0.26162
CVE-2017-17910,0.00885,0.26162
CVE-2017-17911,0.00885,0.26162
CVE-2017-17912,0.01108,0.53389
CVE-2017-17913,0.01018,0.38792
CVE-2017-17914,0.01018,0.38792
CVE-2017-17915,0.01108,0.53389
CVE-2017-17916,0.01055,0.50287
CVE-2017-17917,0.01055,0.50287
CVE-2017-17919,0.01055,0.50287
CVE-2017-1792,0.00885,0.26162
CVE-2017-17920,0.01055,0.50287
CVE-2017-17924,0.01055,0.50287
CVE-2017-17925,0.00885,0.26162
CVE-2017-17926,0.01055,0.50287
CVE-2017-17927,0.01055,0.50287
CVE-2017-17928,0.00885,0.26162
CVE-2017-17929,0.00885,0.26162
CVE-2017-1793,0.00885,0.26162
CVE-2017-17930,0.00885,0.26162
CVE-2017-17931,0.00885,0.26162
CVE-2017-17932,0.67374,0.99049
CVE-2017-17933,0.00885,0.26162
CVE-2017-17934,0.00954,0.34522
CVE-2017-17935,0.01213,0.6557
CVE-2017-17936,0.00885,0.26162
CVE-2017-17937,0.00885,0.26162
CVE-2017-17938,0.00885,0.26162
CVE-2017-17939,0.00885,0.26162
CVE-2017-1794,0.00885,0.26162
CVE-2017-17940,0.00885,0.26162
CVE-2017-17941,0.00885,0.26162
CVE-2017-17942,0.00885,0.26162
CVE-2017-17944,0.00885,0.26162
CVE-2017-17945,0.00885,0.26162
CVE-2017-17946,0.01978,0.78447
CVE-2017-17947,0.00885,0.26162
CVE-2017-17948,0.00885,0.26162
CVE-2017-17949,0.00885,0.26162
CVE-2017-1795,0.00885,0.26162
CVE-2017-17950,0.00885,0.26162
CVE-2017-17951,0.00885,0.26162
CVE-2017-17952,0.01055,0.50287
CVE-2017-17953,0.00885,0.26162
CVE-2017-17954,0.00885,0.26162
CVE-2017-17955,0.00885,0.26162
CVE-2017-17956,0.00885,0.26162
CVE-2017-17957,0.00885,0.26162
CVE-2017-17958,0.00885,0.26162
CVE-2017-17959,0.00885,0.26162
CVE-2017-17960,0.00885,0.26162
CVE-2017-17967,0.01055,0.50287
CVE-2017-17968,0.38627,0.97905
CVE-2017-17969,0.03795,0.8483
CVE-2017-17970,0.01564,0.74439
CVE-2017-17971,0.00885,0.26162
CVE-2017-17972,0.00885,0.26162
CVE-2017-17973,0.01018,0.38792
CVE-2017-17974,0.01055,0.50287
CVE-2017-17975,0.01282,0.67298
CVE-2017-17976,0.06545,0.90967
CVE-2017-17981,0.00885,0.26162
CVE-2017-17982,0.00885,0.26162
CVE-2017-17983,0.00885,0.26162
CVE-2017-17984,0.00885,0.26162
CVE-2017-17985,0.00885,0.26162
CVE-2017-17986,0.00885,0.26162
CVE-2017-17987,0.00885,0.26162
CVE-2017-17988,0.00885,0.26162
CVE-2017-17989,0.00885,0.26162
CVE-2017-17990,0.00885,0.26162
CVE-2017-17991,0.00885,0.26162
CVE-2017-17992,0.00885,0.26162
CVE-2017-17993,0.00885,0.26162
CVE-2017-17994,0.00885,0.26162
CVE-2017-17995,0.00885,0.26162
CVE-2017-17996,0.01978,0.78447
CVE-2017-17997,0.01018,0.38792
CVE-2017-17999,0.01564,0.74439
CVE-2017-18001,0.08382,0.93597
CVE-2017-18004,0.00885,0.26162
CVE-2017-18005,0.00885,0.26162
CVE-2017-18006,0.00885,0.26162
CVE-2017-18008,0.00954,0.34522
CVE-2017-18009,0.00885,0.26162
CVE-2017-18010,0.00954,0.34522
CVE-2017-18011,0.00954,0.34522
CVE-2017-18012,0.01018,0.38792
CVE-2017-18013,0.01183,0.60428
CVE-2017-18014,0.01018,0.38792
CVE-2017-18015,0.01018,0.38792
CVE-2017-18016,0.08382,0.93597
CVE-2017-18017,0.0755,0.92486
CVE-2017-18018,0.00885,0.26162
CVE-2017-18019,0.02042,0.78565
CVE-2017-18020,0.01036,0.41241
CVE-2017-18021,0.01018,0.38792
CVE-2017-18022,0.00954,0.34522
CVE-2017-18023,0.00885,0.26162
CVE-2017-18024,0.00885,0.26162
CVE-2017-18025,0.08382,0.93597
CVE-2017-18026,0.01319,0.70416
CVE-2017-18027,0.01136,0.57949
CVE-2017-18028,0.01055,0.50287
CVE-2017-18029,0.01136,0.57949
CVE-2017-18030,0.0095,0.30554
CVE-2017-18032,0.00885,0.26162
CVE-2017-18033,0.01055,0.50287
CVE-2017-18034,0.01055,0.50287
CVE-2017-18035,0.01055,0.50287
CVE-2017-18036,0.01055,0.50287
CVE-2017-18037,0.01055,0.50287
CVE-2017-18038,0.01055,0.50287
CVE-2017-18039,0.01055,0.50287
CVE-2017-18040,0.01055,0.50287
CVE-2017-18041,0.01055,0.50287
CVE-2017-18042,0.01055,0.50287
CVE-2017-18043,0.01034,0.39824
CVE-2017-18045,0.01055,0.50287
CVE-2017-18046,0.05634,0.89764
CVE-2017-18048,0.60894,0.98857
CVE-2017-18049,0.02362,0.80685
CVE-2017-18050,0.00885,0.26162
CVE-2017-18051,0.00885,0.26162
CVE-2017-18052,0.00885,0.26162
CVE-2017-18053,0.00885,0.26162
CVE-2017-18054,0.00885,0.26162
CVE-2017-18055,0.00885,0.26162
CVE-2017-18056,0.00885,0.26162
CVE-2017-18057,0.00885,0.26162
CVE-2017-18058,0.00885,0.26162
CVE-2017-18059,0.00885,0.26162
CVE-2017-18060,0.00885,0.26162
CVE-2017-18061,0.00885,0.26162
CVE-2017-18062,0.00885,0.26162
CVE-2017-18063,0.0089,0.2856
CVE-2017-18064,0.0089,0.2856
CVE-2017-18065,0.01005,0.36332
CVE-2017-18066,0.00885,0.26162
CVE-2017-18067,0.00954,0.34522
CVE-2017-18068,0.0089,0.2856
CVE-2017-18069,0.00885,0.26162
CVE-2017-18070,0.00885,0.26162
CVE-2017-18071,0.00885,0.26162
CVE-2017-18072,0.00885,0.26162
CVE-2017-18073,0.00885,0.26162
CVE-2017-18074,0.00885,0.26162
CVE-2017-18075,0.01034,0.39824
CVE-2017-18076,0.01018,0.38792
CVE-2017-18077,0.01018,0.38792
CVE-2017-18078,0.03534,0.84129
CVE-2017-18079,0.01034,0.39824
CVE-2017-18080,0.01055,0.50287
CVE-2017-18081,0.01055,0.50287
CVE-2017-18082,0.01055,0.50287
CVE-2017-18083,0.01055,0.50287
CVE-2017-18084,0.01055,0.50287
CVE-2017-18085,0.01055,0.50287
CVE-2017-18086,0.01055,0.50287
CVE-2017-18087,0.01978,0.78447
CVE-2017-18088,0.01055,0.50287
CVE-2017-18089,0.01055,0.50287
CVE-2017-18090,0.01055,0.50287
CVE-2017-18091,0.01061,0.51015
CVE-2017-18092,0.01055,0.50287
CVE-2017-18093,0.01061,0.51015
CVE-2017-18094,0.01055,0.50287
CVE-2017-18095,0.01055,0.50287
CVE-2017-18096,0.01055,0.50287
CVE-2017-18097,0.01055,0.50287
CVE-2017-18098,0.01055,0.50287
CVE-2017-18100,0.01055,0.50287
CVE-2017-18101,0.01055,0.50287
CVE-2017-18102,0.01055,0.50287
CVE-2017-18103,0.01055,0.50287
CVE-2017-18104,0.01055,0.50287
CVE-2017-18105,0.01055,0.50287
CVE-2017-18106,0.01055,0.50287
CVE-2017-18107,0.01055,0.50287
CVE-2017-18108,0.01156,0.60033
CVE-2017-18109,0.01055,0.50287
CVE-2017-18110,0.01055,0.50287
CVE-2017-18111,0.00885,0.26162
CVE-2017-18112,0.01055,0.50287
CVE-2017-18113,0.01156,0.60033
CVE-2017-18120,0.01213,0.6557
CVE-2017-18121,0.00954,0.34522
CVE-2017-18122,0.00954,0.34522
CVE-2017-18123,0.01319,0.70416
CVE-2017-18124,0.00885,0.26162
CVE-2017-18125,0.00885,0.26162
CVE-2017-18126,0.00885,0.26162
CVE-2017-18127,0.00885,0.26162
CVE-2017-18128,0.00885,0.26162
CVE-2017-18129,0.00885,0.26162
CVE-2017-18130,0.00885,0.26162
CVE-2017-18131,0.00885,0.26162
CVE-2017-18132,0.00885,0.26162
CVE-2017-18133,0.00885,0.26162
CVE-2017-18134,0.00885,0.26162
CVE-2017-18135,0.00885,0.26162
CVE-2017-18136,0.00885,0.26162
CVE-2017-18137,0.00885,0.26162
CVE-2017-18138,0.00885,0.26162
CVE-2017-18139,0.00885,0.26162
CVE-2017-18140,0.00885,0.26162
CVE-2017-18141,0.00885,0.26162
CVE-2017-18142,0.00885,0.26162
CVE-2017-18143,0.00885,0.26162
CVE-2017-18144,0.00885,0.26162
CVE-2017-18145,0.00885,0.26162
CVE-2017-18146,0.00885,0.26162
CVE-2017-18147,0.00885,0.26162
CVE-2017-18154,0.00885,0.26162
CVE-2017-18155,0.00885,0.26162
CVE-2017-18156,0.00885,0.26162
CVE-2017-18157,0.00885,0.26162
CVE-2017-18158,0.00885,0.26162
CVE-2017-18159,0.01282,0.67298
CVE-2017-18160,0.00885,0.26162
CVE-2017-18169,0.00885,0.26162
CVE-2017-18170,0.00885,0.26162
CVE-2017-18171,0.00885,0.26162
CVE-2017-18172,0.00885,0.26162
CVE-2017-18173,0.00885,0.26162
CVE-2017-18174,0.01108,0.53389
CVE-2017-18175,0.00885,0.26162
CVE-2017-18176,0.00885,0.26162
CVE-2017-18177,0.00885,0.26162
CVE-2017-18178,0.00885,0.26162
CVE-2017-18179,0.00885,0.26162
CVE-2017-18183,0.00954,0.34522
CVE-2017-18184,0.00954,0.34522
CVE-2017-18185,0.00954,0.34522
CVE-2017-18186,0.00954,0.34522
CVE-2017-18187,0.01108,0.53389
CVE-2017-18188,0.00885,0.26162
CVE-2017-18189,0.01319,0.70416
CVE-2017-18190,0.01213,0.6557
CVE-2017-18191,0.01183,0.60428
CVE-2017-18192,0.00885,0.26162
CVE-2017-18193,0.01034,0.39824
CVE-2017-18194,0.01055,0.50287
CVE-2017-18195,0.08382,0.93597
CVE-2017-18196,0.00885,0.26162
CVE-2017-18197,0.00885,0.26162
CVE-2017-18198,0.01213,0.6557
CVE-2017-18199,0.01213,0.6557
CVE-2017-18200,0.00885,0.26162
CVE-2017-18201,0.00954,0.34522
CVE-2017-18202,0.0095,0.30554
CVE-2017-18203,0.01547,0.74085
CVE-2017-18204,0.01282,0.67298
CVE-2017-18205,0.01018,0.38792
CVE-2017-18206,0.01108,0.53389
CVE-2017-18207,0.00885,0.26162
CVE-2017-18208,0.01547,0.74085
CVE-2017-18209,0.01018,0.38792
CVE-2017-18210,0.00885,0.26162
CVE-2017-18211,0.01018,0.38792
CVE-2017-18212,0.00885,0.26162
CVE-2017-18213,0.00885,0.26162
CVE-2017-18215,0.02509,0.81058
CVE-2017-18216,0.01282,0.67298
CVE-2017-18217,0.00954,0.34522
CVE-2017-18218,0.0095,0.30554
CVE-2017-18219,0.01537,0.73595
CVE-2017-18220,0.01408,0.72072
CVE-2017-18221,0.01034,0.39824
CVE-2017-18222,0.01034,0.39824
CVE-2017-18223,0.00885,0.26162
CVE-2017-18224,0.0095,0.30554
CVE-2017-18225,0.00885,0.26162
CVE-2017-18226,0.00885,0.26162
CVE-2017-18227,0.00954,0.34522
CVE-2017-18228,0.00885,0.26162
CVE-2017-18229,0.01108,0.53389
CVE-2017-18230,0.01108,0.53389
CVE-2017-18231,0.01108,0.53389
CVE-2017-18232,0.01104,0.52279
CVE-2017-18233,0.01213,0.6557
CVE-2017-18234,0.01213,0.6557
CVE-2017-18235,0.01055,0.50287
CVE-2017-18236,0.01213,0.6557
CVE-2017-18237,0.01055,0.50287
CVE-2017-18238,0.01213,0.6557
CVE-2017-18239,0.00954,0.34522
CVE-2017-18240,0.0089,0.2856
CVE-2017-18241,0.01034,0.39824
CVE-2017-18242,0.01055,0.50287
CVE-2017-18243,0.01055,0.50287
CVE-2017-18244,0.01055,0.50287
CVE-2017-18245,0.01055,0.50287
CVE-2017-18246,0.01055,0.50287
CVE-2017-18247,0.01055,0.50287
CVE-2017-18248,0.01232,0.66248
CVE-2017-18249,0.01034,0.39824
CVE-2017-18250,0.00885,0.26162
CVE-2017-18251,0.01055,0.50287
CVE-2017-18252,0.00954,0.34522
CVE-2017-18253,0.00885,0.26162
CVE-2017-18254,0.01055,0.50287
CVE-2017-18255,0.01034,0.39824
CVE-2017-18256,0.08382,0.93597
CVE-2017-18257,0.0095,0.30554
CVE-2017-18258,0.01319,0.70416
CVE-2017-18259,0.00885,0.26162
CVE-2017-18260,0.00885,0.26162
CVE-2017-18261,0.00885,0.26162
CVE-2017-18263,0.00885,0.26162
CVE-2017-18264,0.00954,0.34522
CVE-2017-18265,0.01213,0.6557
CVE-2017-18266,0.01319,0.70416
CVE-2017-18267,0.01319,0.70416
CVE-2017-18268,0.01055,0.50287
CVE-2017-18269,0.02641,0.81368
CVE-2017-18270,0.01282,0.67298
CVE-2017-18271,0.01018,0.38792
CVE-2017-18272,0.00885,0.26162
CVE-2017-18273,0.01018,0.38792
CVE-2017-18274,0.00885,0.26162
CVE-2017-18275,0.00885,0.26162
CVE-2017-18276,0.00885,0.26162
CVE-2017-18277,0.00885,0.26162
CVE-2017-18278,0.00885,0.26162
CVE-2017-18279,0.00885,0.26162
CVE-2017-18280,0.0089,0.2856
CVE-2017-18281,0.00885,0.26162
CVE-2017-18282,0.0089,0.2856
CVE-2017-18283,0.00954,0.34522
CVE-2017-18284,0.00885,0.26162
CVE-2017-18285,0.0089,0.2856
CVE-2017-18286,0.00885,0.26162
CVE-2017-18287,0.00885,0.26162
CVE-2017-18288,0.00885,0.26162
CVE-2017-18289,0.00885,0.26162
CVE-2017-18290,0.00885,0.26162
CVE-2017-18291,0.00885,0.26162
CVE-2017-18292,0.0089,0.2856
CVE-2017-18293,0.0089,0.2856
CVE-2017-18294,0.0089,0.2856
CVE-2017-18295,0.0089,0.2856
CVE-2017-18296,0.0089,0.2856
CVE-2017-18297,0.0089,0.2856
CVE-2017-18298,0.0089,0.2856
CVE-2017-18299,0.0089,0.2856
CVE-2017-18300,0.0089,0.2856
CVE-2017-18301,0.0089,0.2856
CVE-2017-18302,0.0089,0.2856
CVE-2017-18303,0.0089,0.2856
CVE-2017-18304,0.0089,0.2856
CVE-2017-18305,0.0089,0.2856
CVE-2017-18308,0.00885,0.26162
CVE-2017-18309,0.00885,0.26162
CVE-2017-18310,0.00885,0.26162
CVE-2017-18311,0.00885,0.26162
CVE-2017-18312,0.00885,0.26162
CVE-2017-18313,0.00885,0.26162
CVE-2017-18314,0.00885,0.26162
CVE-2017-18315,0.00885,0.26162
CVE-2017-18316,0.00885,0.26162
CVE-2017-18317,0.00885,0.26162
CVE-2017-18318,0.00885,0.26162
CVE-2017-18319,0.00885,0.26162
CVE-2017-18320,0.00885,0.26162
CVE-2017-18321,0.00885,0.26162
CVE-2017-18322,0.00885,0.26162
CVE-2017-18323,0.00885,0.26162
CVE-2017-18324,0.00885,0.26162
CVE-2017-18326,0.00885,0.26162
CVE-2017-18327,0.00885,0.26162
CVE-2017-18328,0.00885,0.26162
CVE-2017-18329,0.00885,0.26162
CVE-2017-18330,0.00885,0.26162
CVE-2017-18331,0.00885,0.26162
CVE-2017-18332,0.00885,0.26162
CVE-2017-18342,0.03806,0.84842
CVE-2017-18343,0.01018,0.38792
CVE-2017-18346,0.01564,0.74439
CVE-2017-18347,0.00954,0.34522
CVE-2017-18348,0.0089,0.2856
CVE-2017-18350,0.00885,0.26162
CVE-2017-18356,0.00885,0.26162
CVE-2017-18357,0.07308,0.9216
CVE-2017-18358,0.00885,0.26162
CVE-2017-18359,0.01213,0.6557
CVE-2017-18360,0.01034,0.39824
CVE-2017-18361,0.00885,0.26162
CVE-2017-18362,0.00954,0.34522
CVE-2017-18364,0.00954,0.34522
CVE-2017-18365,0.01978,0.78447
CVE-2017-18366,0.00885,0.26162
CVE-2017-18367,0.01108,0.53389
CVE-2017-18368,0.68069,0.99061
CVE-2017-18369,0.02211,0.80357
CVE-2017-18370,0.02204,0.80286
CVE-2017-18371,0.02359,0.80663
CVE-2017-18372,0.02066,0.78986
CVE-2017-18373,0.02066,0.78986
CVE-2017-18374,0.02204,0.80286
CVE-2017-18375,0.00885,0.26162
CVE-2017-18376,0.0089,0.2856
CVE-2017-18377,0.02055,0.7893
CVE-2017-18378,0.05365,0.89438
CVE-2017-18379,0.01018,0.38792
CVE-2017-18380,0.00885,0.26162
CVE-2017-18381,0.00885,0.26162
CVE-2017-18382,0.00885,0.26162
CVE-2017-18383,0.00885,0.26162
CVE-2017-18384,0.00885,0.26162
CVE-2017-18385,0.00885,0.26162
CVE-2017-18386,0.01086,0.51674
CVE-2017-18387,0.01086,0.51674
CVE-2017-18388,0.00885,0.26162
CVE-2017-18389,0.00885,0.26162
CVE-2017-18390,0.01036,0.41241
CVE-2017-18391,0.00885,0.26162
CVE-2017-18392,0.00885,0.26162
CVE-2017-18393,0.00885,0.26162
CVE-2017-18394,0.00885,0.26162
CVE-2017-18395,0.00885,0.26162
CVE-2017-18396,0.00885,0.26162
CVE-2017-18397,0.00885,0.26162
CVE-2017-18398,0.00885,0.26162
CVE-2017-18399,0.00885,0.26162
CVE-2017-18400,0.01036,0.41241
CVE-2017-18401,0.00885,0.26162
CVE-2017-18402,0.00885,0.26162
CVE-2017-18403,0.01086,0.51674
CVE-2017-18404,0.00885,0.26162
CVE-2017-18405,0.00885,0.26162
CVE-2017-18406,0.00885,0.26162
CVE-2017-18407,0.00885,0.26162
CVE-2017-18408,0.00885,0.26162
CVE-2017-18409,0.00885,0.26162
CVE-2017-18410,0.00885,0.26162
CVE-2017-18411,0.00885,0.26162
CVE-2017-18412,0.00885,0.26162
CVE-2017-18413,0.00885,0.26162
CVE-2017-18414,0.00885,0.26162
CVE-2017-18415,0.01036,0.41241
CVE-2017-18416,0.00885,0.26162
CVE-2017-18417,0.00885,0.26162
CVE-2017-18418,0.00885,0.26162
CVE-2017-18419,0.00885,0.26162
CVE-2017-18420,0.00885,0.26162
CVE-2017-18421,0.00885,0.26162
CVE-2017-18422,0.00885,0.26162
CVE-2017-18423,0.00885,0.26162
CVE-2017-18424,0.00885,0.26162
CVE-2017-18425,0.00885,0.26162
CVE-2017-18426,0.00885,0.26162
CVE-2017-18427,0.00885,0.26162
CVE-2017-18428,0.00885,0.26162
CVE-2017-18429,0.00885,0.26162
CVE-2017-18430,0.00885,0.26162
CVE-2017-18431,0.00885,0.26162
CVE-2017-18432,0.00885,0.26162
CVE-2017-18433,0.01086,0.51674
CVE-2017-18434,0.01036,0.41241
CVE-2017-18435,0.01086,0.51674
CVE-2017-18436,0.00885,0.26162
CVE-2017-18437,0.01036,0.41241
CVE-2017-18438,0.01086,0.51674
CVE-2017-18439,0.01086,0.51674
CVE-2017-18440,0.00885,0.26162
CVE-2017-18441,0.00885,0.26162
CVE-2017-18442,0.00885,0.26162
CVE-2017-18443,0.00885,0.26162
CVE-2017-18444,0.00885,0.26162
CVE-2017-18445,0.00885,0.26162
CVE-2017-18446,0.00885,0.26162
CVE-2017-18447,0.01086,0.51674
CVE-2017-18448,0.00885,0.26162
CVE-2017-18449,0.00885,0.26162
CVE-2017-18450,0.00885,0.26162
CVE-2017-18451,0.00885,0.26162
CVE-2017-18452,0.01036,0.41241
CVE-2017-18453,0.00885,0.26162
CVE-2017-18454,0.00885,0.26162
CVE-2017-18455,0.00885,0.26162
CVE-2017-18456,0.00885,0.26162
CVE-2017-18457,0.00885,0.26162
CVE-2017-18458,0.00885,0.26162
CVE-2017-18459,0.01036,0.41241
CVE-2017-18460,0.01036,0.41241
CVE-2017-18461,0.00885,0.26162
CVE-2017-18462,0.00885,0.26162
CVE-2017-18463,0.01036,0.41241
CVE-2017-18464,0.00885,0.26162
CVE-2017-18465,0.00885,0.26162
CVE-2017-18466,0.00885,0.26162
CVE-2017-18467,0.00885,0.26162
CVE-2017-18468,0.01086,0.51674
CVE-2017-18469,0.01086,0.51674
CVE-2017-18470,0.00885,0.26162
CVE-2017-18471,0.00885,0.26162
CVE-2017-18472,0.00885,0.26162
CVE-2017-18473,0.00885,0.26162
CVE-2017-18474,0.00885,0.26162
CVE-2017-18475,0.00885,0.26162
CVE-2017-18476,0.00885,0.26162
CVE-2017-18477,0.00885,0.26162
CVE-2017-18478,0.00885,0.26162
CVE-2017-18479,0.00885,0.26162
CVE-2017-18480,0.00885,0.26162
CVE-2017-18481,0.00885,0.26162
CVE-2017-18482,0.00885,0.26162
CVE-2017-18483,0.00885,0.26162
CVE-2017-18484,0.00885,0.26162
CVE-2017-18485,0.00885,0.26162
CVE-2017-18487,0.00885,0.26162
CVE-2017-18488,0.00885,0.26162
CVE-2017-18489,0.00885,0.26162
CVE-2017-18490,0.00885,0.26162
CVE-2017-18491,0.00885,0.26162
CVE-2017-18492,0.00885,0.26162
CVE-2017-18493,0.00885,0.26162
CVE-2017-18494,0.00885,0.26162
CVE-2017-18495,0.00885,0.26162
CVE-2017-18496,0.00885,0.26162
CVE-2017-18497,0.00885,0.26162
CVE-2017-18498,0.00885,0.26162
CVE-2017-18499,0.00885,0.26162
CVE-2017-18500,0.00885,0.26162
CVE-2017-18501,0.00885,0.26162
CVE-2017-18502,0.00885,0.26162
CVE-2017-18503,0.00885,0.26162
CVE-2017-18504,0.00885,0.26162
CVE-2017-18505,0.00885,0.26162
CVE-2017-18506,0.00885,0.26162
CVE-2017-18507,0.00885,0.26162
CVE-2017-18508,0.00885,0.26162
CVE-2017-18509,0.01864,0.7628
CVE-2017-18510,0.00885,0.26162
CVE-2017-18511,0.00885,0.26162
CVE-2017-18512,0.00885,0.26162
CVE-2017-18513,0.00885,0.26162
CVE-2017-18514,0.00885,0.26162
CVE-2017-18515,0.00885,0.26162
CVE-2017-18516,0.00885,0.26162
CVE-2017-18517,0.00885,0.26162
CVE-2017-18518,0.00885,0.26162
CVE-2017-18519,0.00885,0.26162
CVE-2017-18520,0.00885,0.26162
CVE-2017-18521,0.00885,0.26162
CVE-2017-18522,0.00885,0.26162
CVE-2017-18523,0.00885,0.26162
CVE-2017-18524,0.00885,0.26162
CVE-2017-18525,0.00885,0.26162
CVE-2017-18526,0.00885,0.26162
CVE-2017-18527,0.00885,0.26162
CVE-2017-18528,0.00885,0.26162
CVE-2017-18529,0.00885,0.26162
CVE-2017-18530,0.00885,0.26162
CVE-2017-18531,0.00885,0.26162
CVE-2017-18532,0.00885,0.26162
CVE-2017-18533,0.00885,0.26162
CVE-2017-18534,0.00885,0.26162
CVE-2017-18535,0.00885,0.26162
CVE-2017-18536,0.00885,0.26162
CVE-2017-18537,0.00885,0.26162
CVE-2017-18538,0.00885,0.26162
CVE-2017-18539,0.00885,0.26162
CVE-2017-18540,0.00885,0.26162
CVE-2017-18541,0.00885,0.26162
CVE-2017-18542,0.00885,0.26162
CVE-2017-18543,0.00885,0.26162
CVE-2017-18544,0.00885,0.26162
CVE-2017-18545,0.00885,0.26162
CVE-2017-18546,0.00885,0.26162
CVE-2017-18547,0.00885,0.26162
CVE-2017-18548,0.00885,0.26162
CVE-2017-18549,0.00885,0.26162
CVE-2017-18550,0.00885,0.26162
CVE-2017-18551,0.0095,0.30554
CVE-2017-18552,0.0089,0.2856
CVE-2017-18553,0.00885,0.26162
CVE-2017-18554,0.00885,0.26162
CVE-2017-18555,0.00885,0.26162
CVE-2017-18556,0.00885,0.26162
CVE-2017-18557,0.00885,0.26162
CVE-2017-18558,0.00885,0.26162
CVE-2017-18559,0.00885,0.26162
CVE-2017-18560,0.00885,0.26162
CVE-2017-18561,0.00885,0.26162
CVE-2017-18562,0.00885,0.26162
CVE-2017-18563,0.00885,0.26162
CVE-2017-18564,0.00885,0.26162
CVE-2017-18565,0.00885,0.26162
CVE-2017-18566,0.00885,0.26162
CVE-2017-18567,0.00885,0.26162
CVE-2017-18568,0.00885,0.26162
CVE-2017-18569,0.00885,0.26162
CVE-2017-18570,0.00885,0.26162
CVE-2017-18571,0.00885,0.26162
CVE-2017-18572,0.00885,0.26162
CVE-2017-18573,0.00885,0.26162
CVE-2017-18574,0.00885,0.26162
CVE-2017-18575,0.00885,0.26162
CVE-2017-18576,0.00885,0.26162
CVE-2017-18577,0.00885,0.26162
CVE-2017-18578,0.00885,0.26162
CVE-2017-18579,0.00885,0.26162
CVE-2017-18580,0.01156,0.60033
CVE-2017-18581,0.00885,0.26162
CVE-2017-18582,0.00885,0.26162
CVE-2017-18583,0.00885,0.26162
CVE-2017-18584,0.00885,0.26162
CVE-2017-18585,0.00885,0.26162
CVE-2017-18586,0.00885,0.26162
CVE-2017-18587,0.00885,0.26162
CVE-2017-18588,0.00885,0.26162
CVE-2017-18589,0.00885,0.26162
CVE-2017-18590,0.00885,0.26162
CVE-2017-18591,0.00885,0.26162
CVE-2017-18592,0.00885,0.26162
CVE-2017-18593,0.00885,0.26162
CVE-2017-18594,0.01183,0.60428
CVE-2017-18595,0.0095,0.30554
CVE-2017-18596,0.00885,0.26162
CVE-2017-18597,0.0089,0.2856
CVE-2017-18598,0.00885,0.26162
CVE-2017-18599,0.00885,0.26162
CVE-2017-18600,0.00885,0.26162
CVE-2017-18601,0.00885,0.26162
CVE-2017-18602,0.00885,0.26162
CVE-2017-18603,0.00885,0.26162
CVE-2017-18604,0.00885,0.26162
CVE-2017-18605,0.00885,0.26162
CVE-2017-18606,0.00885,0.26162
CVE-2017-18607,0.00885,0.26162
CVE-2017-18608,0.00885,0.26162
CVE-2017-18609,0.00885,0.26162
CVE-2017-18610,0.00885,0.26162
CVE-2017-18611,0.00885,0.26162
CVE-2017-18612,0.00885,0.26162
CVE-2017-18613,0.00885,0.26162
CVE-2017-18614,0.00885,0.26162
CVE-2017-18615,0.00885,0.26162
CVE-2017-18634,0.00885,0.26162
CVE-2017-18636,0.00885,0.26162
CVE-2017-18638,0.01108,0.53389
CVE-2017-18639,0.02173,0.80027
CVE-2017-18640,0.02686,0.82061
CVE-2017-18641,0.00885,0.26162
CVE-2017-18642,0.00885,0.26162
CVE-2017-18643,0.00885,0.26162
CVE-2017-18644,0.00885,0.26162
CVE-2017-18645,0.00885,0.26162
CVE-2017-18646,0.00885,0.26162
CVE-2017-18647,0.00885,0.26162
CVE-2017-18648,0.00885,0.26162
CVE-2017-18649,0.00885,0.26162
CVE-2017-18650,0.00885,0.26162
CVE-2017-18651,0.00885,0.26162
CVE-2017-18652,0.01086,0.51674
CVE-2017-18653,0.00885,0.26162
CVE-2017-18654,0.00885,0.26162
CVE-2017-18655,0.00885,0.26162
CVE-2017-18656,0.00885,0.26162
CVE-2017-18657,0.00885,0.26162
CVE-2017-18658,0.00885,0.26162
CVE-2017-18659,0.00885,0.26162
CVE-2017-18660,0.00885,0.26162
CVE-2017-18661,0.00885,0.26162
CVE-2017-18662,0.00885,0.26162
CVE-2017-18663,0.00885,0.26162
CVE-2017-18664,0.00885,0.26162
CVE-2017-18665,0.00885,0.26162
CVE-2017-18666,0.00885,0.26162
CVE-2017-18667,0.00885,0.26162
CVE-2017-18668,0.00885,0.26162
CVE-2017-18669,0.00885,0.26162
CVE-2017-18670,0.00885,0.26162
CVE-2017-18671,0.00885,0.26162
CVE-2017-18672,0.00885,0.26162
CVE-2017-18673,0.00885,0.26162
CVE-2017-18674,0.00885,0.26162
CVE-2017-18675,0.00885,0.26162
CVE-2017-18676,0.00885,0.26162
CVE-2017-18677,0.00885,0.26162
CVE-2017-18678,0.00885,0.26162
CVE-2017-18679,0.00885,0.26162
CVE-2017-18680,0.00885,0.26162
CVE-2017-18681,0.00885,0.26162
CVE-2017-18682,0.00885,0.26162
CVE-2017-18683,0.00885,0.26162
CVE-2017-18684,0.00885,0.26162
CVE-2017-18685,0.00885,0.26162
CVE-2017-18686,0.00885,0.26162
CVE-2017-18687,0.00885,0.26162
CVE-2017-18688,0.00885,0.26162
CVE-2017-18689,0.00885,0.26162
CVE-2017-18690,0.00885,0.26162
CVE-2017-18691,0.00885,0.26162
CVE-2017-18692,0.00885,0.26162
CVE-2017-18693,0.00885,0.26162
CVE-2017-18694,0.00885,0.26162
CVE-2017-18695,0.00885,0.26162
CVE-2017-18696,0.00885,0.26162
CVE-2017-18697,0.00885,0.26162
CVE-2017-18698,0.00885,0.26162
CVE-2017-18699,0.00885,0.26162
CVE-2017-18700,0.00885,0.26162
CVE-2017-18701,0.00885,0.26162
CVE-2017-18702,0.00885,0.26162
CVE-2017-18703,0.00885,0.26162
CVE-2017-18704,0.00885,0.26162
CVE-2017-18705,0.00885,0.26162
CVE-2017-18706,0.00885,0.26162
CVE-2017-18707,0.00885,0.26162
CVE-2017-18708,0.00885,0.26162
CVE-2017-18709,0.00885,0.26162
CVE-2017-18710,0.00885,0.26162
CVE-2017-18711,0.00885,0.26162
CVE-2017-18712,0.00885,0.26162
CVE-2017-18713,0.00885,0.26162
CVE-2017-18714,0.00885,0.26162
CVE-2017-18715,0.00885,0.26162
CVE-2017-18716,0.00885,0.26162
CVE-2017-18717,0.00885,0.26162
CVE-2017-18718,0.00885,0.26162
CVE-2017-18719,0.00885,0.26162
CVE-2017-18720,0.00885,0.26162
CVE-2017-18721,0.00885,0.26162
CVE-2017-18722,0.00885,0.26162
CVE-2017-18723,0.00885,0.26162
CVE-2017-18724,0.00885,0.26162
CVE-2017-18725,0.00885,0.26162
CVE-2017-18726,0.00885,0.26162
CVE-2017-18727,0.00885,0.26162
CVE-2017-18728,0.00885,0.26162
CVE-2017-18729,0.00885,0.26162
CVE-2017-18730,0.00885,0.26162
CVE-2017-18731,0.00885,0.26162
CVE-2017-18732,0.00885,0.26162
CVE-2017-18733,0.00885,0.26162
CVE-2017-18734,0.01005,0.35949
CVE-2017-18735,0.01005,0.35949
CVE-2017-18736,0.01005,0.35949
CVE-2017-18737,0.01005,0.35949
CVE-2017-18738,0.00885,0.26162
CVE-2017-18739,0.00885,0.26162
CVE-2017-18740,0.00885,0.26162
CVE-2017-18741,0.00885,0.26162
CVE-2017-18742,0.00885,0.26162
CVE-2017-18743,0.00885,0.26162
CVE-2017-18744,0.00885,0.26162
CVE-2017-18745,0.00885,0.26162
CVE-2017-18746,0.00885,0.26162
CVE-2017-18747,0.00885,0.26162
CVE-2017-18748,0.00885,0.26162
CVE-2017-18749,0.00885,0.26162
CVE-2017-18750,0.00885,0.26162
CVE-2017-18751,0.00885,0.26162
CVE-2017-18752,0.00885,0.26162
CVE-2017-18754,0.01005,0.35949
CVE-2017-18755,0.00885,0.26162
CVE-2017-18756,0.00885,0.26162
CVE-2017-18757,0.00885,0.26162
CVE-2017-18758,0.00885,0.26162
CVE-2017-18759,0.00885,0.26162
CVE-2017-18761,0.00885,0.26162
CVE-2017-18762,0.01005,0.35949
CVE-2017-18763,0.00885,0.26162
CVE-2017-18764,0.01005,0.35949
CVE-2017-18765,0.00885,0.26162
CVE-2017-18766,0.00885,0.26162
CVE-2017-18767,0.01005,0.35949
CVE-2017-18768,0.00885,0.26162
CVE-2017-18769,0.00885,0.26162
CVE-2017-18770,0.00885,0.26162
CVE-2017-18772,0.00885,0.26162
CVE-2017-18773,0.01005,0.35949
CVE-2017-18775,0.00885,0.26162
CVE-2017-18776,0.00885,0.26162
CVE-2017-18777,0.00885,0.26162
CVE-2017-18778,0.00885,0.26162
CVE-2017-18779,0.00885,0.26162
CVE-2017-18780,0.00885,0.26162
CVE-2017-18781,0.00885,0.26162
CVE-2017-18782,0.00885,0.26162
CVE-2017-18783,0.00885,0.26162
CVE-2017-18784,0.00885,0.26162
CVE-2017-18785,0.00885,0.26162
CVE-2017-18786,0.01005,0.35949
CVE-2017-18787,0.01005,0.35949
CVE-2017-18788,0.01005,0.35949
CVE-2017-18789,0.00885,0.26162
CVE-2017-18790,0.00885,0.26162
CVE-2017-18791,0.00885,0.26162
CVE-2017-18792,0.01005,0.35949
CVE-2017-18793,0.01005,0.35949
CVE-2017-18794,0.01005,0.35949
CVE-2017-18795,0.01005,0.35949
CVE-2017-18796,0.01005,0.35949
CVE-2017-18797,0.00885,0.26162
CVE-2017-18798,0.00885,0.26162
CVE-2017-18799,0.00885,0.26162
CVE-2017-18800,0.00885,0.26162
CVE-2017-18801,0.01005,0.35949
CVE-2017-18802,0.01005,0.35949
CVE-2017-18803,0.00885,0.26162
CVE-2017-18804,0.01005,0.35949
CVE-2017-18805,0.01005,0.35949
CVE-2017-18806,0.01005,0.35949
CVE-2017-18807,0.00885,0.26162
CVE-2017-18808,0.00885,0.26162
CVE-2017-18809,0.00885,0.26162
CVE-2017-18810,0.00885,0.26162
CVE-2017-18811,0.00885,0.26162
CVE-2017-18812,0.00885,0.26162
CVE-2017-18813,0.00885,0.26162
CVE-2017-18814,0.00885,0.26162
CVE-2017-18815,0.00885,0.26162
CVE-2017-18816,0.00885,0.26162
CVE-2017-18819,0.00885,0.26162
CVE-2017-18820,0.00885,0.26162
CVE-2017-18821,0.00885,0.26162
CVE-2017-18822,0.00885,0.26162
CVE-2017-18823,0.00885,0.26162
CVE-2017-18824,0.00885,0.26162
CVE-2017-18825,0.00885,0.26162
CVE-2017-18826,0.00885,0.26162
CVE-2017-18827,0.00885,0.26162
CVE-2017-18828,0.00885,0.26162
CVE-2017-18829,0.00885,0.26162
CVE-2017-18830,0.00885,0.26162
CVE-2017-18831,0.00885,0.26162
CVE-2017-18832,0.00885,0.26162
CVE-2017-18833,0.00885,0.26162
CVE-2017-18834,0.00885,0.26162
CVE-2017-18835,0.00885,0.26162
CVE-2017-18836,0.00885,0.26162
CVE-2017-18837,0.00885,0.26162
CVE-2017-18838,0.00885,0.26162
CVE-2017-18839,0.00885,0.26162
CVE-2017-18840,0.00885,0.26162
CVE-2017-18841,0.01005,0.35949
CVE-2017-18842,0.00885,0.26162
CVE-2017-18843,0.00885,0.26162
CVE-2017-18844,0.00885,0.26162
CVE-2017-18845,0.00885,0.26162
CVE-2017-18846,0.00885,0.26162
CVE-2017-18847,0.00885,0.26162
CVE-2017-18848,0.00885,0.26162
CVE-2017-18849,0.01005,0.35949
CVE-2017-18850,0.00885,0.26162
CVE-2017-18851,0.01005,0.35949
CVE-2017-18852,0.00885,0.26162
CVE-2017-18853,0.00885,0.26162
CVE-2017-18854,0.01005,0.35949
CVE-2017-18855,0.01036,0.41241
CVE-2017-18856,0.01005,0.35949
CVE-2017-18857,0.00885,0.26162
CVE-2017-18858,0.01086,0.51674
CVE-2017-18859,0.00885,0.26162
CVE-2017-18860,0.01036,0.41241
CVE-2017-18861,0.00885,0.26162
CVE-2017-18862,0.00885,0.26162
CVE-2017-18863,0.01036,0.41241
CVE-2017-18864,0.00885,0.26162
CVE-2017-18865,0.00885,0.26162
CVE-2017-18866,0.00885,0.26162
CVE-2017-18867,0.00885,0.26162
CVE-2017-18868,0.00885,0.26162
CVE-2017-18869,0.0095,0.30554
CVE-2017-18870,0.00885,0.26162
CVE-2017-18871,0.00885,0.26162
CVE-2017-18872,0.00885,0.26162
CVE-2017-18873,0.00885,0.26162
CVE-2017-18874,0.00885,0.26162
CVE-2017-18875,0.00885,0.26162
CVE-2017-18876,0.00885,0.26162
CVE-2017-18877,0.00885,0.26162
CVE-2017-18878,0.00885,0.26162
CVE-2017-18879,0.00885,0.26162
CVE-2017-18880,0.00885,0.26162
CVE-2017-18881,0.00885,0.26162
CVE-2017-18882,0.00885,0.26162
CVE-2017-18883,0.00885,0.26162
CVE-2017-18884,0.00885,0.26162
CVE-2017-18885,0.00885,0.26162
CVE-2017-18886,0.00885,0.26162
CVE-2017-18887,0.00885,0.26162
CVE-2017-18888,0.00885,0.26162
CVE-2017-18889,0.00885,0.26162
CVE-2017-18890,0.00885,0.26162
CVE-2017-18891,0.00885,0.26162
CVE-2017-18892,0.00885,0.26162
CVE-2017-18893,0.00885,0.26162
CVE-2017-18894,0.00885,0.26162
CVE-2017-18895,0.00885,0.26162
CVE-2017-18896,0.00885,0.26162
CVE-2017-18897,0.00885,0.26162
CVE-2017-18898,0.00885,0.26162
CVE-2017-18899,0.00885,0.26162
CVE-2017-18900,0.00885,0.26162
CVE-2017-18901,0.00885,0.26162
CVE-2017-18902,0.00885,0.26162
CVE-2017-18903,0.00885,0.26162
CVE-2017-18904,0.00885,0.26162
CVE-2017-18905,0.00885,0.26162
CVE-2017-18906,0.00885,0.26162
CVE-2017-18907,0.00885,0.26162
CVE-2017-18908,0.00885,0.26162
CVE-2017-18909,0.00885,0.26162
CVE-2017-18910,0.00885,0.26162
CVE-2017-18911,0.00885,0.26162
CVE-2017-18912,0.00885,0.26162
CVE-2017-18913,0.00885,0.26162
CVE-2017-18914,0.00885,0.26162
CVE-2017-18915,0.00885,0.26162
CVE-2017-18916,0.00885,0.26162
CVE-2017-18917,0.00885,0.26162
CVE-2017-18918,0.00885,0.26162
CVE-2017-18919,0.00885,0.26162
CVE-2017-18920,0.00885,0.26162
CVE-2017-18921,0.00885,0.26162
CVE-2017-18922,0.02686,0.82061
CVE-2017-18923,0.00885,0.26162
CVE-2017-18924,0.01018,0.38792
CVE-2017-18925,0.00885,0.26162
CVE-2017-18926,0.01537,0.73595
CVE-2017-20001,0.00885,0.26162
CVE-2017-20002,0.0089,0.2856
CVE-2017-20004,0.00885,0.26162
CVE-2017-20005,0.01108,0.53389
CVE-2017-20006,0.00954,0.34522
CVE-2017-20007,0.01055,0.50287
CVE-2017-20008,0.00885,0.26162
CVE-2017-20011,0.00885,0.26162
CVE-2017-20012,0.0089,0.2856
CVE-2017-20013,0.0089,0.2856
CVE-2017-20014,0.0089,0.2856
CVE-2017-20015,0.0089,0.2856
CVE-2017-20016,0.00954,0.34522
CVE-2017-20017,0.00885,0.26162
CVE-2017-20018,0.00885,0.26162
CVE-2017-20019,0.00885,0.26162
CVE-2017-20020,0.00885,0.26162
CVE-2017-20021,0.00885,0.26162
CVE-2017-20022,0.00885,0.26162
CVE-2017-20023,0.00885,0.26162
CVE-2017-20024,0.00885,0.26162
CVE-2017-20025,0.00885,0.26162
CVE-2017-20026,0.00885,0.26162
CVE-2017-20027,0.00885,0.26162
CVE-2017-20028,0.00885,0.26162
CVE-2017-20029,0.00885,0.26162
CVE-2017-20030,0.00885,0.26162
CVE-2017-20031,0.00885,0.26162
CVE-2017-20032,0.00885,0.26162
CVE-2017-20033,0.00885,0.26162
CVE-2017-20034,0.00885,0.26162
CVE-2017-20035,0.00885,0.26162
CVE-2017-20036,0.00885,0.26162
CVE-2017-20037,0.00885,0.26162
CVE-2017-20038,0.00885,0.26162
CVE-2017-20039,0.00885,0.26162
CVE-2017-20040,0.00885,0.26162
CVE-2017-20041,0.00885,0.26162
CVE-2017-20042,0.00885,0.26162
CVE-2017-20043,0.00885,0.26162
CVE-2017-20044,0.00885,0.26162
CVE-2017-20045,0.00885,0.26162
CVE-2017-20046,0.00885,0.26162
CVE-2017-20047,0.0089,0.2856
CVE-2017-20048,0.00954,0.34522
CVE-2017-20049,0.00885,0.26162
CVE-2017-20050,0.00885,0.26162
CVE-2017-20051,0.00885,0.26162
CVE-2017-20052,0.00954,0.34522
CVE-2017-20053,0.00954,0.34522
CVE-2017-20054,0.0089,0.2856
CVE-2017-20055,0.0089,0.2856
CVE-2017-20056,0.0089,0.2856
CVE-2017-20057,0.00885,0.26162
CVE-2017-20058,0.00885,0.26162
CVE-2017-20059,0.00885,0.26162
CVE-2017-20060,0.00885,0.26162
CVE-2017-20061,0.00885,0.26162
CVE-2017-20062,0.00885,0.26162
CVE-2017-20063,0.00885,0.26162
CVE-2017-20064,0.00885,0.26162
CVE-2017-20065,0.01018,0.38792
CVE-2017-20066,0.0089,0.2856
CVE-2017-20067,0.00885,0.26162
CVE-2017-20068,0.00885,0.26162
CVE-2017-20069,0.00885,0.26162
CVE-2017-20070,0.00885,0.26162
CVE-2017-20071,0.00885,0.26162
CVE-2017-20072,0.00885,0.26162
CVE-2017-20073,0.00885,0.26162
CVE-2017-20074,0.00885,0.26162
CVE-2017-20075,0.00885,0.26162
CVE-2017-20076,0.00885,0.26162
CVE-2017-20077,0.00885,0.26162
CVE-2017-20078,0.00885,0.26162
CVE-2017-20079,0.00885,0.26162
CVE-2017-20080,0.00885,0.26162
CVE-2017-20081,0.00885,0.26162
CVE-2017-20082,0.00885,0.26162
CVE-2017-20083,0.00885,0.26162
CVE-2017-20084,0.00885,0.26162
CVE-2017-20085,0.00885,0.26162
CVE-2017-20086,0.00885,0.26162
CVE-2017-20087,0.00885,0.26162
CVE-2017-20088,0.00885,0.26162
CVE-2017-20089,0.00885,0.26162
CVE-2017-20090,0.00885,0.26162
CVE-2017-20091,0.00885,0.26162
CVE-2017-20092,0.00885,0.26162
CVE-2017-20093,0.00885,0.26162
CVE-2017-20094,0.00885,0.26162
CVE-2017-20095,0.00885,0.26162
CVE-2017-20096,0.00885,0.26162
CVE-2017-20097,0.00885,0.26162
CVE-2017-20098,0.00885,0.26162
CVE-2017-20099,0.00885,0.26162
CVE-2017-20100,0.00885,0.26162
CVE-2017-20101,0.0089,0.2856
CVE-2017-20102,0.00885,0.26162
CVE-2017-20103,0.00885,0.26162
CVE-2017-20104,0.00885,0.26162
CVE-2017-20105,0.00885,0.26162
CVE-2017-20106,0.00885,0.26162
CVE-2017-20107,0.00885,0.26162
CVE-2017-20108,0.00885,0.26162
CVE-2017-20109,0.00885,0.26162
CVE-2017-20110,0.00885,0.26162
CVE-2017-20111,0.00885,0.26162
CVE-2017-20112,0.0089,0.2856
CVE-2017-20113,0.00885,0.26162
CVE-2017-20114,0.00885,0.26162
CVE-2017-20115,0.00885,0.26162
CVE-2017-20116,0.00885,0.26162
CVE-2017-20117,0.00885,0.26162
CVE-2017-20118,0.00885,0.26162
CVE-2017-20119,0.00885,0.26162
CVE-2017-20120,0.00885,0.26162
CVE-2017-20121,0.00885,0.26162
CVE-2017-20122,0.00885,0.26162
CVE-2017-20123,0.01018,0.38792
CVE-2017-20124,0.00885,0.26162
CVE-2017-20125,0.00885,0.26162
CVE-2017-20126,0.00885,0.26162
CVE-2017-20127,0.00885,0.26162
CVE-2017-20128,0.00885,0.26162
CVE-2017-20129,0.00885,0.26162
CVE-2017-20130,0.00885,0.26162
CVE-2017-20131,0.00885,0.26162
CVE-2017-20132,0.00885,0.26162
CVE-2017-20133,0.00885,0.26162
CVE-2017-20134,0.00885,0.26162
CVE-2017-20135,0.00885,0.26162
CVE-2017-20136,0.00885,0.26162
CVE-2017-20137,0.00885,0.26162
CVE-2017-20138,0.00885,0.26162
CVE-2017-20139,0.00885,0.26162
CVE-2017-20140,0.00885,0.26162
CVE-2017-20141,0.00885,0.26162
CVE-2017-20142,0.00885,0.26162
CVE-2017-20143,0.00885,0.26162
CVE-2017-20144,0.00885,0.26162
CVE-2017-20145,0.00885,0.26162
CVE-2017-2090,0.01061,0.51015
CVE-2017-2091,0.01061,0.51015
CVE-2017-2092,0.01061,0.51015
CVE-2017-2093,0.01136,0.57949
CVE-2017-2094,0.01061,0.51015
CVE-2017-2095,0.01061,0.51015
CVE-2017-2096,0.01136,0.57949
CVE-2017-2097,0.01055,0.50287
CVE-2017-2098,0.01061,0.51015
CVE-2017-2099,0.0185,0.76248
CVE-2017-2100,0.01055,0.50287
CVE-2017-2101,0.01055,0.50287
CVE-2017-2102,0.01055,0.50287
CVE-2017-2103,0.00885,0.26162
CVE-2017-2104,0.00885,0.26162
CVE-2017-2105,0.00885,0.26162
CVE-2017-2106,0.01136,0.57949
CVE-2017-2107,0.01136,0.57949
CVE-2017-2108,0.01061,0.51015
CVE-2017-2109,0.01136,0.57949
CVE-2017-2110,0.00885,0.26162
CVE-2017-2111,0.01136,0.57949
CVE-2017-2112,0.01136,0.57949
CVE-2017-2113,0.01136,0.57949
CVE-2017-2114,0.01061,0.51015
CVE-2017-2115,0.01061,0.51015
CVE-2017-2116,0.01061,0.51015
CVE-2017-2117,0.0089,0.2856
CVE-2017-2118,0.01136,0.57949
CVE-2017-2119,0.01136,0.57949
CVE-2017-2120,0.0089,0.2856
CVE-2017-2122,0.01055,0.50287
CVE-2017-2123,0.01136,0.57949
CVE-2017-2124,0.01136,0.57949
CVE-2017-2125,0.01061,0.51015
CVE-2017-2126,0.01055,0.50287
CVE-2017-2127,0.01055,0.50287
CVE-2017-2128,0.01055,0.50287
CVE-2017-2130,0.01136,0.57949
CVE-2017-2131,0.00885,0.26162
CVE-2017-2132,0.00885,0.26162
CVE-2017-2133,0.00885,0.26162
CVE-2017-2134,0.01055,0.50287
CVE-2017-2135,0.01136,0.57949
CVE-2017-2136,0.01136,0.57949
CVE-2017-2137,0.01055,0.50287
CVE-2017-2138,0.01055,0.50287
CVE-2017-2139,0.01055,0.50287
CVE-2017-2140,0.00885,0.26162
CVE-2017-2141,0.00885,0.26162
CVE-2017-2142,0.01055,0.50287
CVE-2017-2143,0.01055,0.50287
CVE-2017-2144,0.00885,0.26162
CVE-2017-2145,0.01055,0.50287
CVE-2017-2146,0.01055,0.50287
CVE-2017-2147,0.01136,0.57949
CVE-2017-2148,0.01061,0.51015
CVE-2017-2149,0.01136,0.57949
CVE-2017-2150,0.01055,0.50287
CVE-2017-2151,0.01055,0.50287
CVE-2017-2152,0.00885,0.26162
CVE-2017-2153,0.01055,0.50287
CVE-2017-2154,0.01055,0.50287
CVE-2017-2155,0.0157,0.7444
CVE-2017-2156,0.01603,0.74718
CVE-2017-2157,0.01055,0.50287
CVE-2017-2158,0.00885,0.26162
CVE-2017-2161,0.0089,0.2856
CVE-2017-2162,0.00954,0.34522
CVE-2017-2163,0.00885,0.26162
CVE-2017-2164,0.01055,0.50287
CVE-2017-2165,0.01055,0.50287
CVE-2017-2166,0.00885,0.26162
CVE-2017-2167,0.01765,0.75587
CVE-2017-2168,0.01213,0.6557
CVE-2017-2169,0.01136,0.57949
CVE-2017-2171,0.01055,0.50287
CVE-2017-2172,0.01055,0.50287
CVE-2017-2173,0.01061,0.51015
CVE-2017-2174,0.01136,0.57949
CVE-2017-2175,0.01136,0.57949
CVE-2017-2176,0.00954,0.34522
CVE-2017-2177,0.00885,0.26162
CVE-2017-2178,0.00954,0.34522
CVE-2017-2179,0.01702,0.75164
CVE-2017-2180,0.01055,0.50287
CVE-2017-2181,0.01055,0.50287
CVE-2017-2182,0.01055,0.50287
CVE-2017-2183,0.0089,0.2856
CVE-2017-2184,0.01603,0.74718
CVE-2017-2185,0.00954,0.34522
CVE-2017-2186,0.00954,0.34522
CVE-2017-2187,0.01055,0.50287
CVE-2017-2188,0.00885,0.26162
CVE-2017-2189,0.00885,0.26162
CVE-2017-2190,0.01102,0.51825
CVE-2017-2191,0.00885,0.26162
CVE-2017-2192,0.01102,0.51825
CVE-2017-2193,0.00954,0.34522
CVE-2017-2194,0.00885,0.26162
CVE-2017-2195,0.0089,0.2856
CVE-2017-2206,0.00954,0.34522
CVE-2017-2207,0.00954,0.34522
CVE-2017-2208,0.01102,0.51825
CVE-2017-2209,0.01018,0.38792
CVE-2017-2210,0.00885,0.26162
CVE-2017-2211,0.00885,0.26162
CVE-2017-2212,0.00885,0.26162
CVE-2017-2213,0.00885,0.26162
CVE-2017-2214,0.01525,0.72834
CVE-2017-2215,0.00954,0.34522
CVE-2017-2216,0.01136,0.57949
CVE-2017-2217,0.01136,0.57949
CVE-2017-2218,0.00885,0.26162
CVE-2017-2219,0.00885,0.26162
CVE-2017-2220,0.00885,0.26162
CVE-2017-2221,0.00885,0.26162
CVE-2017-2222,0.01136,0.57949
CVE-2017-2223,0.01136,0.57949
CVE-2017-2224,0.01213,0.6557
CVE-2017-2225,0.00885,0.26162
CVE-2017-2226,0.00885,0.26162
CVE-2017-2227,0.00885,0.26162
CVE-2017-2228,0.00885,0.26162
CVE-2017-2229,0.00954,0.34522
CVE-2017-2230,0.01136,0.57949
CVE-2017-2231,0.00954,0.34522
CVE-2017-2232,0.00885,0.26162
CVE-2017-2233,0.00885,0.26162
CVE-2017-2234,0.01055,0.50287
CVE-2017-2235,0.00885,0.26162
CVE-2017-2236,0.00885,0.26162
CVE-2017-2237,0.00885,0.26162
CVE-2017-2238,0.01055,0.50287
CVE-2017-2239,0.00885,0.26162
CVE-2017-2240,0.01055,0.50287
CVE-2017-2241,0.01055,0.50287
CVE-2017-2242,0.00885,0.26162
CVE-2017-2243,0.00954,0.34522
CVE-2017-2244,0.01055,0.50287
CVE-2017-2245,0.01132,0.54372
CVE-2017-2246,0.00885,0.26162
CVE-2017-2247,0.00885,0.26162
CVE-2017-2248,0.00885,0.26162
CVE-2017-2249,0.00885,0.26162
CVE-2017-2252,0.00885,0.26162
CVE-2017-2253,0.00885,0.26162
CVE-2017-2254,0.00885,0.26162
CVE-2017-2255,0.00885,0.26162
CVE-2017-2256,0.00885,0.26162
CVE-2017-2257,0.00885,0.26162
CVE-2017-2258,0.00885,0.26162
CVE-2017-2265,0.00885,0.26162
CVE-2017-2266,0.00885,0.26162
CVE-2017-2267,0.00885,0.26162
CVE-2017-2268,0.00885,0.26162
CVE-2017-2269,0.00885,0.26162
CVE-2017-2270,0.00885,0.26162
CVE-2017-2271,0.00885,0.26162
CVE-2017-2272,0.00885,0.26162
CVE-2017-2273,0.01055,0.50287
CVE-2017-2274,0.01055,0.50287
CVE-2017-2275,0.00885,0.26162
CVE-2017-2276,0.00885,0.26162
CVE-2017-2277,0.00885,0.26162
CVE-2017-2278,0.00885,0.26162
CVE-2017-2279,0.00885,0.26162
CVE-2017-2280,0.01102,0.51825
CVE-2017-2281,0.00885,0.26162
CVE-2017-2282,0.00885,0.26162
CVE-2017-2283,0.01102,0.51825
CVE-2017-2284,0.01213,0.6557
CVE-2017-2285,0.01213,0.6557
CVE-2017-2286,0.00885,0.26162
CVE-2017-2287,0.00885,0.26162
CVE-2017-2288,0.00885,0.26162
CVE-2017-2289,0.00885,0.26162
CVE-2017-2290,0.00885,0.26162
CVE-2017-2292,0.01578,0.74478
CVE-2017-2293,0.00885,0.26162
CVE-2017-2294,0.00885,0.26162
CVE-2017-2295,0.04695,0.88634
CVE-2017-2296,0.00885,0.26162
CVE-2017-2297,0.00885,0.26162
CVE-2017-2298,0.00954,0.34522
CVE-2017-2299,0.00885,0.26162
CVE-2017-2300,0.00954,0.34522
CVE-2017-2301,0.00954,0.34522
CVE-2017-2302,0.00954,0.34522
CVE-2017-2303,0.00954,0.34522
CVE-2017-2304,0.00954,0.34522
CVE-2017-2305,0.00885,0.26162
CVE-2017-2306,0.01578,0.74478
CVE-2017-2307,0.01055,0.50287
CVE-2017-2308,0.00885,0.26162
CVE-2017-2309,0.00885,0.26162
CVE-2017-2310,0.00885,0.26162
CVE-2017-2311,0.01055,0.50287
CVE-2017-2312,0.0089,0.2856
CVE-2017-2313,0.00954,0.34522
CVE-2017-2314,0.00885,0.26162
CVE-2017-2315,0.00954,0.34522
CVE-2017-2316,0.00885,0.26162
CVE-2017-2317,0.00885,0.26162
CVE-2017-2318,0.00885,0.26162
CVE-2017-2319,0.00885,0.26162
CVE-2017-2320,0.00885,0.26162
CVE-2017-2321,0.01578,0.74478
CVE-2017-2322,0.00885,0.26162
CVE-2017-2323,0.00885,0.26162
CVE-2017-2324,0.02055,0.7893
CVE-2017-2325,0.00885,0.26162
CVE-2017-2326,0.00885,0.26162
CVE-2017-2327,0.00885,0.26162
CVE-2017-2328,0.00885,0.26162
CVE-2017-2329,0.00885,0.26162
CVE-2017-2330,0.00885,0.26162
CVE-2017-2331,0.00885,0.26162
CVE-2017-2332,0.00885,0.26162
CVE-2017-2333,0.00885,0.26162
CVE-2017-2334,0.00885,0.26162
CVE-2017-2335,0.0089,0.2856
CVE-2017-2336,0.0089,0.2856
CVE-2017-2337,0.0089,0.2856
CVE-2017-2338,0.0089,0.2856
CVE-2017-2339,0.0089,0.2856
CVE-2017-2340,0.00954,0.34522
CVE-2017-2341,0.00885,0.26162
CVE-2017-2342,0.00885,0.26162
CVE-2017-2343,0.00885,0.26162
CVE-2017-2344,0.01404,0.71155
CVE-2017-2345,0.03795,0.84827
CVE-2017-2346,0.00885,0.26162
CVE-2017-2347,0.00954,0.34522
CVE-2017-2348,0.00885,0.26162
CVE-2017-2349,0.02055,0.7893
CVE-2017-2350,0.01319,0.70416
CVE-2017-2351,0.00954,0.34522
CVE-2017-2352,0.01018,0.38792
CVE-2017-2353,0.02106,0.79092
CVE-2017-2354,0.02408,0.8075
CVE-2017-2355,0.02408,0.8075
CVE-2017-2356,0.02408,0.8075
CVE-2017-2357,0.00954,0.34522
CVE-2017-2358,0.01271,0.66495
CVE-2017-2359,0.01136,0.57949
CVE-2017-2360,0.02891,0.82449
CVE-2017-2361,0.02173,0.80027
CVE-2017-2362,0.07461,0.9232
CVE-2017-2363,0.108,0.94438
CVE-2017-2364,0.10212,0.94357
CVE-2017-2365,0.10212,0.94357
CVE-2017-2366,0.02258,0.80578
CVE-2017-2367,0.10212,0.94357
CVE-2017-2369,0.07461,0.9232
CVE-2017-2371,0.08944,0.93724
CVE-2017-2372,0.02209,0.80307
CVE-2017-2373,0.07461,0.9232
CVE-2017-2374,0.02209,0.80307
CVE-2017-2375,0.00885,0.26162
CVE-2017-2376,0.01213,0.6557
CVE-2017-2377,0.01018,0.38792
CVE-2017-2378,0.03362,0.83643
CVE-2017-2379,0.02657,0.81402
CVE-2017-2380,0.01055,0.50287
CVE-2017-2381,0.01061,0.51015
CVE-2017-2382,0.01136,0.57949
CVE-2017-2383,0.0095,0.30554
CVE-2017-2384,0.0089,0.2856
CVE-2017-2385,0.0089,0.2856
CVE-2017-2386,0.01319,0.70416
CVE-2017-2387,0.00954,0.34522
CVE-2017-2389,0.01213,0.6557
CVE-2017-2390,0.01034,0.39824
CVE-2017-2391,0.01018,0.38792
CVE-2017-2392,0.01271,0.66495
CVE-2017-2393,0.01136,0.57949
CVE-2017-2394,0.02258,0.80578
CVE-2017-2395,0.02258,0.80578
CVE-2017-2396,0.02258,0.80578
CVE-2017-2397,0.00954,0.34522
CVE-2017-2398,0.01271,0.66495
CVE-2017-2399,0.00954,0.34522
CVE-2017-2400,0.00954,0.34522
CVE-2017-2401,0.01402,0.71128
CVE-2017-2402,0.01136,0.57949
CVE-2017-2403,0.03362,0.83643
CVE-2017-2404,0.01213,0.6557
CVE-2017-2405,0.01876,0.76377
CVE-2017-2406,0.02657,0.81402
CVE-2017-2407,0.02657,0.81402
CVE-2017-2408,0.01271,0.66495
CVE-2017-2409,0.00954,0.34522
CVE-2017-2410,0.01271,0.66495
CVE-2017-2411,0.00885,0.26162
CVE-2017-2412,0.00954,0.34522
CVE-2017-2413,0.02209,0.80307
CVE-2017-2414,0.01136,0.57949
CVE-2017-2415,0.04035,0.85301
CVE-2017-2416,0.02657,0.81402
CVE-2017-2417,0.01319,0.70416
CVE-2017-2418,0.0089,0.2856
CVE-2017-2419,0.01213,0.6557
CVE-2017-2420,0.01271,0.66495
CVE-2017-2421,0.01271,0.66495
CVE-2017-2422,0.01271,0.66495
CVE-2017-2423,0.01213,0.6557
CVE-2017-2424,0.01213,0.6557
CVE-2017-2425,0.03362,0.83643
CVE-2017-2426,0.01213,0.6557
CVE-2017-2427,0.01271,0.66495
CVE-2017-2428,0.01108,0.53389
CVE-2017-2429,0.01136,0.57949
CVE-2017-2430,0.02657,0.81402
CVE-2017-2431,0.02209,0.80307
CVE-2017-2432,0.02657,0.81402
CVE-2017-2433,0.01876,0.76377
CVE-2017-2434,0.00954,0.34522
CVE-2017-2435,0.02657,0.81402
CVE-2017-2436,0.01271,0.66495
CVE-2017-2437,0.0089,0.2856
CVE-2017-2438,0.01271,0.66495
CVE-2017-2439,0.01319,0.70416
CVE-2017-2440,0.01402,0.71128
CVE-2017-2441,0.04035,0.85301
CVE-2017-2442,0.10212,0.94357
CVE-2017-2443,0.02106,0.79092
CVE-2017-2444,0.02258,0.80578
CVE-2017-2445,0.02507,0.80895
CVE-2017-2446,0.228,0.9647
CVE-2017-2447,0.10212,0.94357
CVE-2017-2448,0.01018,0.38792
CVE-2017-2449,0.01271,0.66495
CVE-2017-2450,0.01319,0.70416
CVE-2017-2451,0.01402,0.71128
CVE-2017-2452,0.00954,0.34522
CVE-2017-2453,0.01213,0.6557
CVE-2017-2454,0.09881,0.94103
CVE-2017-2455,0.09881,0.94103
CVE-2017-2456,0.02891,0.82449
CVE-2017-2457,0.07461,0.9232
CVE-2017-2458,0.01402,0.71128
CVE-2017-2459,0.09881,0.94103
CVE-2017-2460,0.09881,0.94103
CVE-2017-2461,0.01319,0.70416
CVE-2017-2462,0.02657,0.81402
CVE-2017-2463,0.02408,0.8075
CVE-2017-2464,0.07461,0.9232
CVE-2017-2465,0.02258,0.80578
CVE-2017-2466,0.20516,0.96291
CVE-2017-2467,0.04482,0.88224
CVE-2017-2468,0.07461,0.9232
CVE-2017-2469,0.07461,0.9232
CVE-2017-2470,0.07461,0.9232
CVE-2017-2471,0.11147,0.94642
CVE-2017-2472,0.02507,0.80889
CVE-2017-2473,0.02507,0.80889
CVE-2017-2474,0.02507,0.80889
CVE-2017-2475,0.01319,0.70416
CVE-2017-2476,0.09881,0.94103
CVE-2017-2477,0.01055,0.50287
CVE-2017-2478,0.02507,0.80889
CVE-2017-2479,0.108,0.94438
CVE-2017-2480,0.108,0.94438
CVE-2017-2481,0.02258,0.80578
CVE-2017-2482,0.02507,0.80889
CVE-2017-2483,0.02507,0.80889
CVE-2017-2484,0.00954,0.34522
CVE-2017-2485,0.02657,0.81402
CVE-2017-2486,0.01213,0.6557
CVE-2017-2487,0.02657,0.81402
CVE-2017-2488,0.00885,0.26162
CVE-2017-2489,0.02362,0.80685
CVE-2017-2490,0.02507,0.80889
CVE-2017-2491,0.08739,0.93655
CVE-2017-2492,0.01136,0.57949
CVE-2017-2493,0.01213,0.6557
CVE-2017-2494,0.01102,0.51825
CVE-2017-2495,0.01213,0.6557
CVE-2017-2496,0.01876,0.76377
CVE-2017-2497,0.01136,0.57949
CVE-2017-2498,0.00954,0.34522
CVE-2017-2499,0.01018,0.38792
CVE-2017-2500,0.01055,0.50287
CVE-2017-2501,0.02507,0.80889
CVE-2017-2502,0.01108,0.53389
CVE-2017-2503,0.01102,0.51825
CVE-2017-2504,0.02507,0.80895
CVE-2017-2505,0.02258,0.80578
CVE-2017-2506,0.01876,0.76377
CVE-2017-2507,0.01108,0.53389
CVE-2017-2508,0.02507,0.80895
CVE-2017-2509,0.02362,0.80685
CVE-2017-2510,0.02507,0.80895
CVE-2017-2511,0.01055,0.50287
CVE-2017-2512,0.00885,0.26162
CVE-2017-2513,0.03107,0.83072
CVE-2017-2514,0.07461,0.9232
CVE-2017-2515,0.07461,0.9232
CVE-2017-2516,0.02042,0.78565
CVE-2017-2517,0.01136,0.57949
CVE-2017-2518,0.04607,0.884
CVE-2017-2519,0.03312,0.83535
CVE-2017-2520,0.03312,0.83535
CVE-2017-2521,0.09881,0.94103
CVE-2017-2522,0.10064,0.94293
CVE-2017-2523,0.10064,0.94293
CVE-2017-2524,0.10064,0.94293
CVE-2017-2525,0.02258,0.80578
CVE-2017-2526,0.01876,0.76377
CVE-2017-2527,0.06329,0.90498
CVE-2017-2528,0.02507,0.80895
CVE-2017-2530,0.02258,0.80578
CVE-2017-2531,0.07461,0.9232
CVE-2017-2533,0.02106,0.79092
CVE-2017-2534,0.00885,0.26162
CVE-2017-2535,0.00885,0.26162
CVE-2017-2536,0.07461,0.9232
CVE-2017-2537,0.01102,0.51825
CVE-2017-2538,0.01876,0.76377
CVE-2017-2539,0.01876,0.76377
CVE-2017-2540,0.00885,0.26162
CVE-2017-2541,0.01102,0.51825
CVE-2017-2542,0.01102,0.51825
CVE-2017-2543,0.01102,0.51825
CVE-2017-2544,0.01876,0.76377
CVE-2017-2545,0.01102,0.51825
CVE-2017-2546,0.01102,0.51825
CVE-2017-2547,0.07461,0.9232
CVE-2017-2548,0.01102,0.51825
CVE-2017-2549,0.01319,0.70416
CVE-2017-2550,0.00885,0.26162
CVE-2017-2551,0.00885,0.26162
CVE-2017-2575,0.00885,0.26162
CVE-2017-2576,0.00885,0.26162
CVE-2017-2578,0.00885,0.26162
CVE-2017-2579,0.01559,0.742
CVE-2017-2580,0.01559,0.742
CVE-2017-2581,0.01005,0.36332
CVE-2017-2582,0.01547,0.74085
CVE-2017-2583,0.01537,0.73595
CVE-2017-2584,0.01104,0.52279
CVE-2017-2585,0.01108,0.53389
CVE-2017-2586,0.00885,0.26162
CVE-2017-2587,0.00885,0.26162
CVE-2017-2589,0.00885,0.26162
CVE-2017-2590,0.0089,0.2856
CVE-2017-2591,0.00954,0.34522
CVE-2017-2592,0.01282,0.67298
CVE-2017-2594,0.00954,0.34522
CVE-2017-2595,0.01547,0.74085
CVE-2017-2596,0.01034,0.39824
CVE-2017-2598,0.0095,0.30554
CVE-2017-2599,0.0095,0.30554
CVE-2017-2600,0.0095,0.30554
CVE-2017-2601,0.01104,0.52279
CVE-2017-2602,0.0095,0.30554
CVE-2017-2603,0.0095,0.30554
CVE-2017-2604,0.0095,0.30554
CVE-2017-2606,0.0095,0.30554
CVE-2017-2607,0.00885,0.26162
CVE-2017-2608,0.04571,0.88388
CVE-2017-2609,0.0089,0.2856
CVE-2017-2610,0.0095,0.30554
CVE-2017-2611,0.0095,0.30554
CVE-2017-2612,0.0095,0.30554
CVE-2017-2613,0.01018,0.38792
CVE-2017-2614,0.00885,0.26162
CVE-2017-2615,0.02993,0.82801
CVE-2017-2616,0.01104,0.52279
CVE-2017-2617,0.04836,0.88802
CVE-2017-2618,0.01104,0.52279
CVE-2017-2619,0.16204,0.9591
CVE-2017-2620,0.02993,0.82801
CVE-2017-2621,0.0095,0.30554
CVE-2017-2622,0.00885,0.26162
CVE-2017-2623,0.00954,0.34522
CVE-2017-2624,0.01104,0.52279
CVE-2017-2625,0.01104,0.52279
CVE-2017-2626,0.01282,0.67298
CVE-2017-2627,0.00885,0.26162
CVE-2017-2628,0.00954,0.34522
CVE-2017-2629,0.01034,0.39824
CVE-2017-2630,0.02583,0.81238
CVE-2017-2632,0.0089,0.2856
CVE-2017-2633,0.01282,0.67298
CVE-2017-2634,0.01319,0.70416
CVE-2017-2635,0.01055,0.50287
CVE-2017-2636,0.01547,0.74085
CVE-2017-2637,0.01183,0.60428
CVE-2017-2638,0.01018,0.38792
CVE-2017-2639,0.01018,0.38792
CVE-2017-2640,0.02509,0.81058
CVE-2017-2641,0.01564,0.74439
CVE-2017-2642,0.00885,0.26162
CVE-2017-2643,0.00954,0.34522
CVE-2017-2644,0.00954,0.34522
CVE-2017-2645,0.00954,0.34522
CVE-2017-2646,0.00885,0.26162
CVE-2017-2647,0.01282,0.67298
CVE-2017-2648,0.00954,0.34522
CVE-2017-2649,0.00885,0.26162
CVE-2017-2650,0.00885,0.26162
CVE-2017-2651,0.00954,0.34522
CVE-2017-2652,0.00885,0.26162
CVE-2017-2653,0.0089,0.2856
CVE-2017-2654,0.00885,0.26162
CVE-2017-2658,0.01018,0.38792
CVE-2017-2659,0.00885,0.26162
CVE-2017-2661,0.00885,0.26162
CVE-2017-2662,0.00885,0.26162
CVE-2017-2663,0.0089,0.2856
CVE-2017-2664,0.0095,0.30554
CVE-2017-2665,0.00885,0.26162
CVE-2017-2667,0.01018,0.38792
CVE-2017-2668,0.01213,0.6557
CVE-2017-2669,0.01108,0.53389
CVE-2017-2670,0.01537,0.73595
CVE-2017-2672,0.0095,0.30554
CVE-2017-2673,0.01034,0.39824
CVE-2017-2674,0.01132,0.54372
CVE-2017-2675,0.00885,0.26162
CVE-2017-2680,0.01108,0.53389
CVE-2017-2681,0.01018,0.38792
CVE-2017-2682,0.01213,0.6557
CVE-2017-2683,0.01018,0.38792
CVE-2017-2684,0.00885,0.26162
CVE-2017-2685,0.00885,0.26162
CVE-2017-2686,0.0095,0.30554
CVE-2017-2687,0.01018,0.38792
CVE-2017-2688,0.01213,0.6557
CVE-2017-2689,0.0095,0.30554
CVE-2017-2690,0.00885,0.26162
CVE-2017-2691,0.00885,0.26162
CVE-2017-2692,0.01005,0.35949
CVE-2017-2693,0.00885,0.26162
CVE-2017-2694,0.00885,0.26162
CVE-2017-2695,0.00885,0.26162
CVE-2017-2696,0.00885,0.26162
CVE-2017-2697,0.00885,0.26162
CVE-2017-2698,0.00885,0.26162
CVE-2017-2699,0.01102,0.51825
CVE-2017-2700,0.00885,0.26162
CVE-2017-2701,0.00885,0.26162
CVE-2017-2702,0.00885,0.26162
CVE-2017-2703,0.00885,0.26162
CVE-2017-2704,0.00885,0.26162
CVE-2017-2705,0.00885,0.26162
CVE-2017-2706,0.00885,0.26162
CVE-2017-2707,0.00885,0.26162
CVE-2017-2708,0.00885,0.26162
CVE-2017-2709,0.00885,0.26162
CVE-2017-2710,0.00885,0.26162
CVE-2017-2711,0.00885,0.26162
CVE-2017-2712,0.00885,0.26162
CVE-2017-2713,0.00885,0.26162
CVE-2017-2714,0.01135,0.54401
CVE-2017-2715,0.00885,0.26162
CVE-2017-2716,0.00885,0.26162
CVE-2017-2717,0.00885,0.26162
CVE-2017-2718,0.01005,0.35949
CVE-2017-2719,0.01005,0.35949
CVE-2017-2720,0.00885,0.26162
CVE-2017-2721,0.00885,0.26162
CVE-2017-2722,0.01267,0.66451
CVE-2017-2723,0.00885,0.26162
CVE-2017-2724,0.01102,0.51825
CVE-2017-2725,0.01102,0.51825
CVE-2017-2726,0.01102,0.51825
CVE-2017-2727,0.00885,0.26162
CVE-2017-2728,0.00885,0.26162
CVE-2017-2729,0.01102,0.51825
CVE-2017-2730,0.00885,0.26162
CVE-2017-2731,0.00885,0.26162
CVE-2017-2732,0.00885,0.26162
CVE-2017-2733,0.00885,0.26162
CVE-2017-2734,0.00885,0.26162
CVE-2017-2735,0.00885,0.26162
CVE-2017-2736,0.02055,0.7893
CVE-2017-2737,0.00885,0.26162
CVE-2017-2738,0.00885,0.26162
CVE-2017-2739,0.00885,0.26162
CVE-2017-2740,0.00885,0.26162
CVE-2017-2741,0.82631,0.99547
CVE-2017-2742,0.00885,0.26162
CVE-2017-2743,0.00885,0.26162
CVE-2017-2744,0.00885,0.26162
CVE-2017-2745,0.00885,0.26162
CVE-2017-2746,0.00885,0.26162
CVE-2017-2747,0.00885,0.26162
CVE-2017-2748,0.00885,0.26162
CVE-2017-2750,0.01715,0.75175
CVE-2017-2752,0.00885,0.26162
CVE-2017-2765,0.00885,0.26162
CVE-2017-2766,0.00885,0.26162
CVE-2017-2767,0.05785,0.89924
CVE-2017-2768,0.00954,0.34522
CVE-2017-2773,0.00885,0.26162
CVE-2017-2775,0.04967,0.88942
CVE-2017-2777,0.00885,0.26162
CVE-2017-2779,0.01603,0.74718
CVE-2017-2780,0.02166,0.79253
CVE-2017-2781,0.02166,0.79253
CVE-2017-2782,0.00885,0.26162
CVE-2017-2783,0.02745,0.8213
CVE-2017-2784,0.05785,0.89924
CVE-2017-2785,0.02166,0.79253
CVE-2017-2786,0.00885,0.26162
CVE-2017-2787,0.02166,0.79253
CVE-2017-2788,0.02166,0.79253
CVE-2017-2789,0.01578,0.74478
CVE-2017-2790,0.01578,0.74478
CVE-2017-2791,0.01102,0.51825
CVE-2017-2792,0.01086,0.51674
CVE-2017-2794,0.01331,0.70521
CVE-2017-2795,0.01036,0.41241
CVE-2017-2797,0.00885,0.26162
CVE-2017-2798,0.02745,0.8213
CVE-2017-2799,0.02745,0.8213
CVE-2017-2800,0.05122,0.89047
CVE-2017-2801,0.00954,0.34522
CVE-2017-2802,0.00885,0.26162
CVE-2017-2803,0.00885,0.26162
CVE-2017-2804,0.00885,0.26162
CVE-2017-2805,0.00885,0.26162
CVE-2017-2806,0.00885,0.26162
CVE-2017-2807,0.01603,0.74718
CVE-2017-2808,0.01603,0.74718
CVE-2017-2809,0.01603,0.74718
CVE-2017-2810,0.02578,0.8123
CVE-2017-2811,0.01005,0.36332
CVE-2017-2812,0.01005,0.36332
CVE-2017-2813,0.01102,0.51825
CVE-2017-2814,0.01578,0.74478
CVE-2017-2815,0.00885,0.26162
CVE-2017-2816,0.01018,0.38792
CVE-2017-2817,0.01525,0.72834
CVE-2017-2818,0.00885,0.26162
CVE-2017-2819,0.01525,0.72834
CVE-2017-2820,0.01578,0.74478
CVE-2017-2821,0.01578,0.74478
CVE-2017-2822,0.01578,0.74478
CVE-2017-2823,0.02363,0.80686
CVE-2017-2825,0.00954,0.34522
CVE-2017-2826,0.00885,0.26162
CVE-2017-2827,0.02055,0.7893
CVE-2017-2828,0.02055,0.7893
CVE-2017-2829,0.00885,0.26162
CVE-2017-2830,0.00885,0.26162
CVE-2017-2831,0.00885,0.26162
CVE-2017-2832,0.02055,0.7893
CVE-2017-2833,0.02055,0.7893
CVE-2017-2834,0.02509,0.81058
CVE-2017-2835,0.0144,0.7265
CVE-2017-2836,0.00954,0.34522
CVE-2017-2837,0.00954,0.34522
CVE-2017-2838,0.00954,0.34522
CVE-2017-2839,0.00954,0.34522
CVE-2017-2840,0.01005,0.36332
CVE-2017-2841,0.01578,0.74478
CVE-2017-2842,0.01578,0.74478
CVE-2017-2843,0.01578,0.74478
CVE-2017-2844,0.01578,0.74478
CVE-2017-2845,0.01578,0.74478
CVE-2017-2846,0.02055,0.7893
CVE-2017-2847,0.02055,0.7893
CVE-2017-2848,0.02055,0.7893
CVE-2017-2849,0.02055,0.7893
CVE-2017-2850,0.00885,0.26162
CVE-2017-2851,0.00885,0.26162
CVE-2017-2852,0.00885,0.26162
CVE-2017-2853,0.0144,0.7265
CVE-2017-2854,0.00885,0.26162
CVE-2017-2855,0.00885,0.26162
CVE-2017-2856,0.00885,0.26162
CVE-2017-2857,0.00885,0.26162
CVE-2017-2858,0.00885,0.26162
CVE-2017-2860,0.00885,0.26162
CVE-2017-2861,0.00885,0.26162
CVE-2017-2862,0.04967,0.88942
CVE-2017-2863,0.00885,0.26162
CVE-2017-2864,0.00885,0.26162
CVE-2017-2865,0.00885,0.26162
CVE-2017-2866,0.02055,0.7893
CVE-2017-2867,0.0144,0.7265
CVE-2017-2868,0.0144,0.7265
CVE-2017-2869,0.0144,0.7265
CVE-2017-2870,0.04967,0.88942
CVE-2017-2871,0.00885,0.26162
CVE-2017-2872,0.00885,0.26162
CVE-2017-2873,0.02055,0.7893
CVE-2017-2874,0.00885,0.26162
CVE-2017-2875,0.00885,0.26162
CVE-2017-2876,0.00885,0.26162
CVE-2017-2877,0.00885,0.26162
CVE-2017-2878,0.00885,0.26162
CVE-2017-2879,0.00885,0.26162
CVE-2017-2880,0.01102,0.51825
CVE-2017-2881,0.00885,0.26162
CVE-2017-2882,0.0119,0.60447
CVE-2017-2883,0.0119,0.60447
CVE-2017-2884,0.00885,0.26162
CVE-2017-2885,0.06729,0.91198
CVE-2017-2886,0.01005,0.36332
CVE-2017-2887,0.02578,0.8123
CVE-2017-2888,0.02578,0.8123
CVE-2017-2889,0.00885,0.26162
CVE-2017-2890,0.02055,0.7893
CVE-2017-2891,0.01267,0.66451
CVE-2017-2892,0.01267,0.66451
CVE-2017-2893,0.00885,0.26162
CVE-2017-2894,0.01267,0.66451
CVE-2017-2895,0.00885,0.26162
CVE-2017-2896,0.04967,0.88942
CVE-2017-2897,0.04967,0.88942
CVE-2017-2898,0.0119,0.60447
CVE-2017-2899,0.01559,0.742
CVE-2017-2900,0.01559,0.742
CVE-2017-2901,0.01559,0.742
CVE-2017-2902,0.01559,0.742
CVE-2017-2903,0.01559,0.742
CVE-2017-2904,0.01559,0.742
CVE-2017-2905,0.01559,0.742
CVE-2017-2906,0.01559,0.742
CVE-2017-2907,0.01559,0.742
CVE-2017-2908,0.01559,0.742
CVE-2017-2909,0.00885,0.26162
CVE-2017-2910,0.01156,0.60033
CVE-2017-2911,0.00885,0.26162
CVE-2017-2912,0.00885,0.26162
CVE-2017-2913,0.00885,0.26162
CVE-2017-2914,0.00885,0.26162
CVE-2017-2915,0.00885,0.26162
CVE-2017-2916,0.00885,0.26162
CVE-2017-2917,0.02055,0.7893
CVE-2017-2918,0.01559,0.742
CVE-2017-2919,0.04967,0.88942
CVE-2017-2920,0.01603,0.74718
CVE-2017-2921,0.01267,0.66451
CVE-2017-2922,0.01267,0.66451
CVE-2017-2923,0.04836,0.88802
CVE-2017-2924,0.04836,0.88802
CVE-2017-2925,0.03183,0.83298
CVE-2017-2926,0.03183,0.83298
CVE-2017-2927,0.03183,0.83298
CVE-2017-2928,0.03183,0.83298
CVE-2017-2929,0.03183,0.83298
CVE-2017-2930,0.84976,0.99646
CVE-2017-2931,0.41581,0.98151
CVE-2017-2932,0.41581,0.98151
CVE-2017-2933,0.402,0.9804
CVE-2017-2934,0.402,0.9804
CVE-2017-2935,0.402,0.9804
CVE-2017-2936,0.03183,0.83298
CVE-2017-2937,0.03183,0.83298
CVE-2017-2938,0.01202,0.60495
CVE-2017-2939,0.03499,0.84085
CVE-2017-2940,0.03499,0.84085
CVE-2017-2941,0.04776,0.88717
CVE-2017-2942,0.03499,0.84085
CVE-2017-2943,0.03499,0.84085
CVE-2017-2944,0.03499,0.84085
CVE-2017-2945,0.03499,0.84085
CVE-2017-2946,0.04776,0.88717
CVE-2017-2947,0.01126,0.53553
CVE-2017-2948,0.03499,0.84085
CVE-2017-2949,0.0612,0.90184
CVE-2017-2950,0.04776,0.88717
CVE-2017-2951,0.04776,0.88717
CVE-2017-2952,0.03499,0.84085
CVE-2017-2953,0.03499,0.84085
CVE-2017-2954,0.03499,0.84085
CVE-2017-2955,0.03499,0.84085
CVE-2017-2956,0.03499,0.84085
CVE-2017-2957,0.03499,0.84085
CVE-2017-2958,0.03499,0.84085
CVE-2017-2959,0.04776,0.88717
CVE-2017-2960,0.04776,0.88717
CVE-2017-2961,0.07562,0.92528
CVE-2017-2962,0.04776,0.88717
CVE-2017-2963,0.04776,0.88717
CVE-2017-2964,0.04776,0.88717
CVE-2017-2965,0.04776,0.88717
CVE-2017-2966,0.04776,0.88717
CVE-2017-2967,0.04776,0.88717
CVE-2017-2968,0.01046,0.41635
CVE-2017-2969,0.01046,0.41635
CVE-2017-2970,0.01936,0.7714
CVE-2017-2971,0.03499,0.84085
CVE-2017-2972,0.01936,0.7714
CVE-2017-2973,0.03183,0.83298
CVE-2017-2974,0.01126,0.53553
CVE-2017-2975,0.01126,0.53553
CVE-2017-2976,0.01126,0.53553
CVE-2017-2977,0.01126,0.53553
CVE-2017-2978,0.01126,0.53553
CVE-2017-2979,0.01126,0.53553
CVE-2017-2980,0.01126,0.53553
CVE-2017-2981,0.01126,0.53553
CVE-2017-2982,0.03183,0.83298
CVE-2017-2983,0.01126,0.53553
CVE-2017-2984,0.03183,0.83298
CVE-2017-2985,0.41581,0.98151
CVE-2017-2986,0.402,0.9804
CVE-2017-2987,0.03183,0.83298
CVE-2017-2988,0.41581,0.98151
CVE-2017-2989,0.01046,0.41635
CVE-2017-2990,0.03183,0.83298
CVE-2017-2991,0.03183,0.83298
CVE-2017-2992,0.402,0.9804
CVE-2017-2993,0.03183,0.83298
CVE-2017-2994,0.03183,0.83298
CVE-2017-2995,0.03183,0.83298
CVE-2017-2996,0.03183,0.83298
CVE-2017-2997,0.03183,0.83298
CVE-2017-2998,0.03183,0.83298
CVE-2017-2999,0.03183,0.83298
CVE-2017-3001,0.03183,0.83298
CVE-2017-3002,0.03183,0.83298
CVE-2017-3003,0.03183,0.83298
CVE-2017-3004,0.03499,0.84085
CVE-2017-3005,0.01052,0.41643
CVE-2017-3006,0.09228,0.93928
CVE-2017-3007,0.01046,0.41635
CVE-2017-3008,0.01126,0.53553
CVE-2017-3009,0.01046,0.41635
CVE-2017-3010,0.01952,0.77181
CVE-2017-3011,0.03499,0.84085
CVE-2017-3012,0.01126,0.53553
CVE-2017-3013,0.01126,0.53553
CVE-2017-3014,0.03499,0.84085
CVE-2017-3015,0.03499,0.84085
CVE-2017-3016,0.03183,0.83298
CVE-2017-3017,0.03499,0.84085
CVE-2017-3018,0.03499,0.84085
CVE-2017-3019,0.03499,0.84085
CVE-2017-3020,0.01126,0.53553
CVE-2017-3021,0.01126,0.53553
CVE-2017-3022,0.01126,0.53553
CVE-2017-3023,0.03499,0.84085
CVE-2017-3024,0.03499,0.84085
CVE-2017-3025,0.03499,0.84085
CVE-2017-3026,0.03499,0.84085
CVE-2017-3027,0.03499,0.84085
CVE-2017-3028,0.03499,0.84085
CVE-2017-3029,0.01126,0.53553
CVE-2017-3030,0.03499,0.84085
CVE-2017-3031,0.01126,0.53553
CVE-2017-3032,0.01126,0.53553
CVE-2017-3033,0.01126,0.53553
CVE-2017-3034,0.03499,0.84085
CVE-2017-3035,0.03499,0.84085
CVE-2017-3036,0.03499,0.84085
CVE-2017-3037,0.03183,0.83298
CVE-2017-3038,0.04776,0.88717
CVE-2017-3039,0.03499,0.84085
CVE-2017-3040,0.03499,0.84085
CVE-2017-3041,0.03499,0.84085
CVE-2017-3042,0.03499,0.84085
CVE-2017-3043,0.01126,0.53553
CVE-2017-3044,0.03499,0.84085
CVE-2017-3045,0.01126,0.53553
CVE-2017-3046,0.01126,0.53553
CVE-2017-3047,0.03499,0.84085
CVE-2017-3048,0.03499,0.84085
CVE-2017-3049,0.03499,0.84085
CVE-2017-3050,0.03499,0.84085
CVE-2017-3051,0.03499,0.84085
CVE-2017-3052,0.01126,0.53553
CVE-2017-3053,0.01126,0.53553
CVE-2017-3054,0.03499,0.84085
CVE-2017-3055,0.03499,0.84085
CVE-2017-3056,0.03499,0.84085
CVE-2017-3057,0.03499,0.84085
CVE-2017-3058,0.04776,0.88717
CVE-2017-3059,0.03183,0.83298
CVE-2017-3060,0.03183,0.83298
CVE-2017-3061,0.41581,0.98151
CVE-2017-3062,0.03183,0.83298
CVE-2017-3063,0.03183,0.83298
CVE-2017-3064,0.29004,0.97191
CVE-2017-3065,0.03499,0.84085
CVE-2017-3067,0.01126,0.53553
CVE-2017-3068,0.41581,0.98151
CVE-2017-3069,0.03183,0.83298
CVE-2017-3070,0.03183,0.83298
CVE-2017-3071,0.03183,0.83298
CVE-2017-3072,0.03183,0.83298
CVE-2017-3073,0.03183,0.83298
CVE-2017-3074,0.03183,0.83298
CVE-2017-3075,0.03183,0.83298
CVE-2017-3076,0.41581,0.98151
CVE-2017-3077,0.41581,0.98151
CVE-2017-3078,0.41581,0.98151
CVE-2017-3079,0.03183,0.83298
CVE-2017-3080,0.01202,0.60495
CVE-2017-3081,0.03183,0.83298
CVE-2017-3082,0.03183,0.83298
CVE-2017-3083,0.03183,0.83298
CVE-2017-3084,0.03183,0.83298
CVE-2017-3085,0.01308,0.67354
CVE-2017-3086,0.03183,0.83298
CVE-2017-3087,0.01046,0.41635
CVE-2017-3088,0.03183,0.83298
CVE-2017-3089,0.03183,0.83298
CVE-2017-3090,0.03183,0.83298
CVE-2017-3091,0.03183,0.83298
CVE-2017-3092,0.03183,0.83298
CVE-2017-3093,0.03183,0.83298
CVE-2017-3094,0.03183,0.83298
CVE-2017-3095,0.03183,0.83298
CVE-2017-3096,0.03183,0.83298
CVE-2017-3097,0.03183,0.83298
CVE-2017-3098,0.02166,0.79253
CVE-2017-3099,0.03183,0.83298
CVE-2017-3100,0.01202,0.60495
CVE-2017-3101,0.01126,0.53553
CVE-2017-3102,0.01126,0.53553
CVE-2017-3103,0.01126,0.53553
CVE-2017-3104,0.01126,0.53553
CVE-2017-3105,0.01126,0.53553
CVE-2017-3106,0.41581,0.98151
CVE-2017-3107,0.01126,0.53553
CVE-2017-3108,0.03183,0.83298
CVE-2017-3109,0.01126,0.53553
CVE-2017-3110,0.01126,0.53553
CVE-2017-3111,0.01126,0.53553
CVE-2017-3112,0.01202,0.60495
CVE-2017-3113,0.03183,0.83298
CVE-2017-3114,0.01202,0.60495
CVE-2017-3115,0.01126,0.53553
CVE-2017-3116,0.03183,0.83298
CVE-2017-3117,0.03183,0.83298
CVE-2017-3118,0.03183,0.83298
CVE-2017-3119,0.03183,0.83298
CVE-2017-3120,0.03183,0.83298
CVE-2017-3121,0.03183,0.83298
CVE-2017-3122,0.03183,0.83298
CVE-2017-3123,0.03183,0.83298
CVE-2017-3124,0.03183,0.83298
CVE-2017-3125,0.01578,0.74478
CVE-2017-3126,0.01018,0.38792
CVE-2017-3127,0.00954,0.34522
CVE-2017-3128,0.0089,0.2856
CVE-2017-3129,0.00885,0.26162
CVE-2017-3130,0.00885,0.26162
CVE-2017-3131,0.0095,0.30554
CVE-2017-3132,0.01018,0.38792
CVE-2017-3133,0.01018,0.38792
CVE-2017-3134,0.00885,0.26162
CVE-2017-3135,0.02596,0.81247
CVE-2017-3136,0.03358,0.83641
CVE-2017-3137,0.03358,0.83641
CVE-2017-3138,0.01652,0.75022
CVE-2017-3139,0.01055,0.50287
CVE-2017-3140,0.01769,0.75614
CVE-2017-3141,0.02115,0.79119
CVE-2017-3142,0.02596,0.81247
CVE-2017-3144,0.01769,0.75614
CVE-2017-3145,0.03358,0.83641
CVE-2017-3150,0.00885,0.26162
CVE-2017-3151,0.00885,0.26162
CVE-2017-3152,0.00885,0.26162
CVE-2017-3153,0.00885,0.26162
CVE-2017-3154,0.00885,0.26162
CVE-2017-3155,0.00885,0.26162
CVE-2017-3156,0.03032,0.82851
CVE-2017-3157,0.01742,0.75235
CVE-2017-3158,0.00885,0.26162
CVE-2017-3159,0.01742,0.75235
CVE-2017-3160,0.00954,0.34522
CVE-2017-3161,0.01246,0.66436
CVE-2017-3162,0.01246,0.66436
CVE-2017-3163,0.01742,0.75235
CVE-2017-3164,0.03718,0.84354
CVE-2017-3165,0.0089,0.2856
CVE-2017-3166,0.00885,0.26162
CVE-2017-3167,0.07767,0.92799
CVE-2017-3169,0.05242,0.89216
CVE-2017-3180,0.00885,0.26162
CVE-2017-3181,0.00885,0.26162
CVE-2017-3182,0.00885,0.26162
CVE-2017-3183,0.01055,0.50287
CVE-2017-3184,0.01213,0.6557
CVE-2017-3185,0.01018,0.38792
CVE-2017-3186,0.01213,0.6557
CVE-2017-3187,0.01055,0.50287
CVE-2017-3188,0.01055,0.50287
CVE-2017-3189,0.02432,0.8082
CVE-2017-3190,0.00954,0.34522
CVE-2017-3191,0.01213,0.6557
CVE-2017-3192,0.01213,0.6557
CVE-2017-3193,0.01018,0.38792
CVE-2017-3194,0.01018,0.38792
CVE-2017-3195,0.0916,0.93875
CVE-2017-3196,0.01365,0.70715
CVE-2017-3197,0.01018,0.38792
CVE-2017-3198,0.00954,0.34522
CVE-2017-3199,0.05634,0.89764
CVE-2017-3200,0.05634,0.89764
CVE-2017-3201,0.05634,0.89764
CVE-2017-3202,0.05634,0.89764
CVE-2017-3203,0.05634,0.89764
CVE-2017-3204,0.01018,0.38792
CVE-2017-3206,0.01018,0.38792
CVE-2017-3207,0.05634,0.89764
CVE-2017-3208,0.01018,0.38792
CVE-2017-3209,0.01136,0.57949
CVE-2017-3210,0.01198,0.60448
CVE-2017-3211,0.00885,0.26162
CVE-2017-3212,0.00954,0.34522
CVE-2017-3213,0.00954,0.34522
CVE-2017-3214,0.00885,0.26162
CVE-2017-3215,0.00885,0.26162
CVE-2017-3216,0.01136,0.57949
CVE-2017-3217,0.00885,0.26162
CVE-2017-3218,0.00885,0.26162
CVE-2017-3219,0.00885,0.26162
CVE-2017-3221,0.01213,0.6557
CVE-2017-3222,0.01213,0.6557
CVE-2017-3223,0.01978,0.78447
CVE-2017-3224,0.00885,0.26162
CVE-2017-3225,0.00885,0.26162
CVE-2017-3226,0.00885,0.26162
CVE-2017-3230,0.00954,0.34522
CVE-2017-3231,0.02686,0.82061
CVE-2017-3232,0.00885,0.26162
CVE-2017-3233,0.00885,0.26162
CVE-2017-3234,0.00885,0.26162
CVE-2017-3235,0.00954,0.34522
CVE-2017-3236,0.00954,0.34522
CVE-2017-3237,0.00885,0.26162
CVE-2017-3238,0.01282,0.67298
CVE-2017-3239,0.00885,0.26162
CVE-2017-3240,0.0089,0.2856
CVE-2017-3242,0.00885,0.26162
CVE-2017-3243,0.01282,0.67298
CVE-2017-3244,0.01282,0.67298
CVE-2017-3245,0.00954,0.34522
CVE-2017-3246,0.0089,0.2856
CVE-2017-3247,0.00885,0.26162
CVE-2017-3249,0.00885,0.26162
CVE-2017-3250,0.00885,0.26162
CVE-2017-3251,0.0095,0.30554
CVE-2017-3252,0.01547,0.74085
CVE-2017-3253,0.02686,0.82061
CVE-2017-3254,0.00885,0.26162
CVE-2017-3255,0.00954,0.34522
CVE-2017-3256,0.0095,0.30554
CVE-2017-3257,0.01282,0.67298
CVE-2017-3258,0.01282,0.67298
CVE-2017-3259,0.02686,0.82061
CVE-2017-3260,0.01108,0.53389
CVE-2017-3261,0.02686,0.82061
CVE-2017-3262,0.01108,0.53389
CVE-2017-3263,0.00885,0.26162
CVE-2017-3264,0.0089,0.2856
CVE-2017-3265,0.01282,0.67298
CVE-2017-3266,0.00954,0.34522
CVE-2017-3267,0.00954,0.34522
CVE-2017-3268,0.00954,0.34522
CVE-2017-3269,0.00954,0.34522
CVE-2017-3270,0.00954,0.34522
CVE-2017-3271,0.00954,0.34522
CVE-2017-3272,0.02686,0.82061
CVE-2017-3273,0.01034,0.39824
CVE-2017-3274,0.00954,0.34522
CVE-2017-3275,0.00954,0.34522
CVE-2017-3276,0.0089,0.2856
CVE-2017-3277,0.0089,0.2856
CVE-2017-3278,0.00954,0.34522
CVE-2017-3279,0.00954,0.34522
CVE-2017-3280,0.00954,0.34522
CVE-2017-3281,0.00954,0.34522
CVE-2017-3282,0.00954,0.34522
CVE-2017-3283,0.00954,0.34522
CVE-2017-3284,0.00954,0.34522
CVE-2017-3285,0.00954,0.34522
CVE-2017-3286,0.0089,0.2856
CVE-2017-3287,0.00954,0.34522
CVE-2017-3288,0.0089,0.2856
CVE-2017-3289,0.02686,0.82061
CVE-2017-3290,0.0095,0.30554
CVE-2017-3291,0.01282,0.67298
CVE-2017-3292,0.0089,0.2856
CVE-2017-3293,0.00954,0.34522
CVE-2017-3294,0.01018,0.38792
CVE-2017-3295,0.01018,0.38792
CVE-2017-3296,0.00885,0.26162
CVE-2017-3297,0.0089,0.2856
CVE-2017-3298,0.00954,0.34522
CVE-2017-3299,0.00954,0.34522
CVE-2017-3300,0.01018,0.38792
CVE-2017-3301,0.00954,0.34522
CVE-2017-3302,0.01537,0.73595
CVE-2017-3303,0.00954,0.34522
CVE-2017-3304,0.0089,0.2856
CVE-2017-3305,0.01034,0.39824
CVE-2017-3306,0.0089,0.2856
CVE-2017-3307,0.0089,0.2856
CVE-2017-3308,0.01282,0.67298
CVE-2017-3309,0.01282,0.67298
CVE-2017-3310,0.0089,0.2856
CVE-2017-3311,0.00954,0.34522
CVE-2017-3312,0.01282,0.67298
CVE-2017-3313,0.01282,0.67298
CVE-2017-3314,0.00954,0.34522
CVE-2017-3315,0.0089,0.2856
CVE-2017-3316,0.076550000000000007,0.92603
CVE-2017-3317,0.01282,0.67298
CVE-2017-3318,0.01282,0.67298
CVE-2017-3319,0.0095,0.30554
CVE-2017-3320,0.0095,0.30554
CVE-2017-3321,0.00954,0.34522
CVE-2017-3322,0.00954,0.34522
CVE-2017-3323,0.00954,0.34522
CVE-2017-3324,0.00885,0.26162
CVE-2017-3325,0.00954,0.34522
CVE-2017-3326,0.00954,0.34522
CVE-2017-3327,0.00954,0.34522
CVE-2017-3328,0.00954,0.34522
CVE-2017-3329,0.01018,0.38792
CVE-2017-3330,0.0089,0.2856
CVE-2017-3331,0.0095,0.30554
CVE-2017-3332,0.0095,0.30554
CVE-2017-3333,0.00954,0.34522
CVE-2017-3334,0.00885,0.26162
CVE-2017-3335,0.00885,0.26162
CVE-2017-3336,0.00885,0.26162
CVE-2017-3337,0.00954,0.34522
CVE-2017-3338,0.00885,0.26162
CVE-2017-3339,0.00885,0.26162
CVE-2017-3340,0.00885,0.26162
CVE-2017-3341,0.00885,0.26162
CVE-2017-3342,0.00885,0.26162
CVE-2017-3343,0.00885,0.26162
CVE-2017-3344,0.00885,0.26162
CVE-2017-3345,0.00885,0.26162
CVE-2017-3346,0.00885,0.26162
CVE-2017-3347,0.00885,0.26162
CVE-2017-3348,0.00885,0.26162
CVE-2017-3349,0.00885,0.26162
CVE-2017-3350,0.00885,0.26162
CVE-2017-3351,0.00885,0.26162
CVE-2017-3352,0.00885,0.26162
CVE-2017-3353,0.00885,0.26162
CVE-2017-3354,0.00885,0.26162
CVE-2017-3355,0.00885,0.26162
CVE-2017-3356,0.00885,0.26162
CVE-2017-3357,0.00885,0.26162
CVE-2017-3358,0.00885,0.26162
CVE-2017-3359,0.00954,0.34522
CVE-2017-3360,0.00885,0.26162
CVE-2017-3361,0.00954,0.34522
CVE-2017-3362,0.00954,0.34522
CVE-2017-3363,0.00885,0.26162
CVE-2017-3364,0.00885,0.26162
CVE-2017-3365,0.00885,0.26162
CVE-2017-3366,0.00885,0.26162
CVE-2017-3367,0.00885,0.26162
CVE-2017-3368,0.00954,0.34522
CVE-2017-3369,0.00954,0.34522
CVE-2017-3370,0.00885,0.26162
CVE-2017-3371,0.00885,0.26162
CVE-2017-3372,0.00954,0.34522
CVE-2017-3373,0.00954,0.34522
CVE-2017-3374,0.00885,0.26162
CVE-2017-3375,0.00885,0.26162
CVE-2017-3376,0.00885,0.26162
CVE-2017-3377,0.00885,0.26162
CVE-2017-3378,0.00885,0.26162
CVE-2017-3379,0.00885,0.26162
CVE-2017-3380,0.00885,0.26162
CVE-2017-3381,0.00885,0.26162
CVE-2017-3382,0.00885,0.26162
CVE-2017-3383,0.00885,0.26162
CVE-2017-3384,0.00885,0.26162
CVE-2017-3385,0.00885,0.26162
CVE-2017-3386,0.00885,0.26162
CVE-2017-3387,0.00885,0.26162
CVE-2017-3388,0.00885,0.26162
CVE-2017-3389,0.00885,0.26162
CVE-2017-3390,0.00885,0.26162
CVE-2017-3391,0.00885,0.26162
CVE-2017-3392,0.00885,0.26162
CVE-2017-3393,0.00954,0.34522
CVE-2017-3394,0.00885,0.26162
CVE-2017-3395,0.00885,0.26162
CVE-2017-3396,0.00885,0.26162
CVE-2017-3397,0.00885,0.26162
CVE-2017-3398,0.00885,0.26162
CVE-2017-3399,0.00885,0.26162
CVE-2017-3400,0.00885,0.26162
CVE-2017-3401,0.00885,0.26162
CVE-2017-3402,0.00885,0.26162
CVE-2017-3403,0.00885,0.26162
CVE-2017-3404,0.00885,0.26162
CVE-2017-3405,0.00885,0.26162
CVE-2017-3406,0.00885,0.26162
CVE-2017-3407,0.00885,0.26162
CVE-2017-3408,0.00885,0.26162
CVE-2017-3409,0.00885,0.26162
CVE-2017-3410,0.00885,0.26162
CVE-2017-3411,0.00885,0.26162
CVE-2017-3412,0.00885,0.26162
CVE-2017-3413,0.00885,0.26162
CVE-2017-3414,0.00885,0.26162
CVE-2017-3415,0.00954,0.34522
CVE-2017-3416,0.00885,0.26162
CVE-2017-3417,0.00885,0.26162
CVE-2017-3418,0.00954,0.34522
CVE-2017-3419,0.00885,0.26162
CVE-2017-3420,0.00885,0.26162
CVE-2017-3421,0.00954,0.34522
CVE-2017-3422,0.00885,0.26162
CVE-2017-3423,0.00885,0.26162
CVE-2017-3424,0.00885,0.26162
CVE-2017-3425,0.00885,0.26162
CVE-2017-3426,0.00885,0.26162
CVE-2017-3427,0.00885,0.26162
CVE-2017-3429,0.00885,0.26162
CVE-2017-3430,0.00885,0.26162
CVE-2017-3431,0.00885,0.26162
CVE-2017-3432,0.00954,0.34522
CVE-2017-3433,0.00885,0.26162
CVE-2017-3434,0.00885,0.26162
CVE-2017-3435,0.00885,0.26162
CVE-2017-3436,0.00885,0.26162
CVE-2017-3437,0.00885,0.26162
CVE-2017-3438,0.00885,0.26162
CVE-2017-3439,0.00885,0.26162
CVE-2017-3440,0.00954,0.34522
CVE-2017-3441,0.00885,0.26162
CVE-2017-3442,0.00885,0.26162
CVE-2017-3443,0.00954,0.34522
CVE-2017-3444,0.00954,0.34522
CVE-2017-3445,0.00954,0.34522
CVE-2017-3446,0.00954,0.34522
CVE-2017-3450,0.01018,0.38792
CVE-2017-3451,0.00885,0.26162
CVE-2017-3452,0.0095,0.30554
CVE-2017-3453,0.01282,0.67298
CVE-2017-3454,0.0095,0.30554
CVE-2017-3455,0.0095,0.30554
CVE-2017-3456,0.01282,0.67298
CVE-2017-3457,0.0095,0.30554
CVE-2017-3458,0.0095,0.30554
CVE-2017-3459,0.0095,0.30554
CVE-2017-3460,0.0095,0.30554
CVE-2017-3461,0.01034,0.39824
CVE-2017-3462,0.01034,0.39824
CVE-2017-3463,0.01034,0.39824
CVE-2017-3464,0.01282,0.67298
CVE-2017-3465,0.0095,0.30554
CVE-2017-3467,0.01018,0.38792
CVE-2017-3468,0.0095,0.30554
CVE-2017-3469,0.00954,0.34522
CVE-2017-3470,0.00885,0.26162
CVE-2017-3471,0.00954,0.34522
CVE-2017-3472,0.0089,0.2856
CVE-2017-3473,0.0089,0.2856
CVE-2017-3474,0.0089,0.2856
CVE-2017-3475,0.0089,0.2856
CVE-2017-3476,0.0089,0.2856
CVE-2017-3477,0.0089,0.2856
CVE-2017-3478,0.0089,0.2856
CVE-2017-3479,0.0089,0.2856
CVE-2017-3480,0.00954,0.34522
CVE-2017-3481,0.0089,0.2856
CVE-2017-3482,0.0089,0.2856
CVE-2017-3483,0.0089,0.2856
CVE-2017-3484,0.0089,0.2856
CVE-2017-3485,0.0089,0.2856
CVE-2017-3486,0.0089,0.2856
CVE-2017-3487,0.0089,0.2856
CVE-2017-3488,0.0089,0.2856
CVE-2017-3489,0.0089,0.2856
CVE-2017-3490,0.0089,0.2856
CVE-2017-3491,0.0089,0.2856
CVE-2017-3492,0.0089,0.2856
CVE-2017-3493,0.0089,0.2856
CVE-2017-3494,0.00954,0.34522
CVE-2017-3495,0.00954,0.34522
CVE-2017-3496,0.00954,0.34522
CVE-2017-3497,0.00954,0.34522
CVE-2017-3498,0.0089,0.2856
CVE-2017-3499,0.00954,0.34522
CVE-2017-3500,0.0089,0.2856
CVE-2017-3501,0.00954,0.34522
CVE-2017-3502,0.00954,0.34522
CVE-2017-3503,0.0089,0.2856
CVE-2017-3504,0.00885,0.26162
CVE-2017-3505,0.00885,0.26162
CVE-2017-3507,0.00954,0.34522
CVE-2017-3508,0.0095,0.30554
CVE-2017-3509,0.02686,0.82061
CVE-2017-3510,0.0089,0.2856
CVE-2017-3511,0.02686,0.82061
CVE-2017-3512,0.01018,0.38792
CVE-2017-3513,0.0089,0.2856
CVE-2017-3514,0.01018,0.38792
CVE-2017-3515,0.00954,0.34522
CVE-2017-3516,0.0089,0.2856
CVE-2017-3517,0.00885,0.26162
CVE-2017-3518,0.00954,0.34522
CVE-2017-3519,0.00954,0.34522
CVE-2017-3520,0.00954,0.34522
CVE-2017-3521,0.0089,0.2856
CVE-2017-3522,0.0089,0.2856
CVE-2017-3523,0.0089,0.2856
CVE-2017-3524,0.0089,0.2856
CVE-2017-3525,0.0089,0.2856
CVE-2017-3526,0.01537,0.73595
CVE-2017-3527,0.00954,0.34522
CVE-2017-3528,0.12108,0.9497
CVE-2017-3529,0.0095,0.30554
CVE-2017-3530,0.0089,0.2856
CVE-2017-3531,0.01018,0.38792
CVE-2017-3532,0.00885,0.26162
CVE-2017-3533,0.02686,0.82061
CVE-2017-3534,0.0089,0.2856
CVE-2017-3535,0.00954,0.34522
CVE-2017-3536,0.0089,0.2856
CVE-2017-3537,0.00885,0.26162
CVE-2017-3538,0.0089,0.2856
CVE-2017-3539,0.02686,0.82061
CVE-2017-3540,0.00954,0.34522
CVE-2017-3541,0.00954,0.34522
CVE-2017-3542,0.00954,0.34522
CVE-2017-3543,0.00954,0.34522
CVE-2017-3544,0.02686,0.82061
CVE-2017-3545,0.00954,0.34522
CVE-2017-3546,0.12885,0.95408
CVE-2017-3547,0.01018,0.38792
CVE-2017-3548,0.12885,0.95408
CVE-2017-3549,0.12885,0.95408
CVE-2017-3550,0.00954,0.34522
CVE-2017-3551,0.0089,0.2856
CVE-2017-3552,0.00885,0.26162
CVE-2017-3553,0.0089,0.2856
CVE-2017-3554,0.0089,0.2856
CVE-2017-3555,0.01018,0.38792
CVE-2017-3556,0.01018,0.38792
CVE-2017-3557,0.01018,0.38792
CVE-2017-3558,0.05068,0.89014
CVE-2017-3559,0.0089,0.2856
CVE-2017-3560,0.00885,0.26162
CVE-2017-3561,0.02001,0.7846
CVE-2017-3562,0.0089,0.2856
CVE-2017-3563,0.02001,0.7846
CVE-2017-3564,0.0089,0.2856
CVE-2017-3565,0.0089,0.2856
CVE-2017-3567,0.0089,0.2856
CVE-2017-3568,0.00885,0.26162
CVE-2017-3569,0.00885,0.26162
CVE-2017-3570,0.0089,0.2856
CVE-2017-3571,0.0089,0.2856
CVE-2017-3572,0.00885,0.26162
CVE-2017-3573,0.00885,0.26162
CVE-2017-3574,0.00885,0.26162
CVE-2017-3575,0.02001,0.7846
CVE-2017-3576,0.02001,0.7846
CVE-2017-3577,0.0089,0.2856
CVE-2017-3578,0.0089,0.2856
CVE-2017-3579,0.00954,0.34522
CVE-2017-3580,0.00954,0.34522
CVE-2017-3581,0.00885,0.26162
CVE-2017-3582,0.00954,0.34522
CVE-2017-3583,0.00954,0.34522
CVE-2017-3584,0.0089,0.2856
CVE-2017-3585,0.00954,0.34522
CVE-2017-3586,0.0095,0.30554
CVE-2017-3587,0.02001,0.7846
CVE-2017-3588,0.00954,0.34522
CVE-2017-3589,0.0095,0.30554
CVE-2017-3590,0.0089,0.2856
CVE-2017-3591,0.00954,0.34522
CVE-2017-3592,0.0089,0.2856
CVE-2017-3593,0.00954,0.34522
CVE-2017-3594,0.0095,0.30554
CVE-2017-3595,0.0089,0.2856
CVE-2017-3596,0.0089,0.2856
CVE-2017-3597,0.0089,0.2856
CVE-2017-3598,0.0089,0.2856
CVE-2017-3600,0.01282,0.67298
CVE-2017-3601,0.00954,0.34522
CVE-2017-3602,0.0089,0.2856
CVE-2017-3603,0.0089,0.2856
CVE-2017-3604,0.00885,0.26162
CVE-2017-3605,0.00885,0.26162
CVE-2017-3606,0.00885,0.26162
CVE-2017-3607,0.00885,0.26162
CVE-2017-3608,0.00885,0.26162
CVE-2017-3609,0.00885,0.26162
CVE-2017-3610,0.00885,0.26162
CVE-2017-3611,0.00885,0.26162
CVE-2017-3612,0.00885,0.26162
CVE-2017-3613,0.00885,0.26162
CVE-2017-3614,0.00885,0.26162
CVE-2017-3615,0.00885,0.26162
CVE-2017-3616,0.00885,0.26162
CVE-2017-3617,0.00885,0.26162
CVE-2017-3618,0.00885,0.26162
CVE-2017-3619,0.00885,0.26162
CVE-2017-3620,0.00885,0.26162
CVE-2017-3621,0.00954,0.34522
CVE-2017-3622,0.17965,0.96069
CVE-2017-3623,0.12108,0.9497
CVE-2017-3625,0.00954,0.34522
CVE-2017-3626,0.00954,0.34522
CVE-2017-3629,0.0095,0.30554
CVE-2017-3630,0.0095,0.30554
CVE-2017-3631,0.0095,0.30554
CVE-2017-3632,0.00954,0.34522
CVE-2017-3633,0.01108,0.53389
CVE-2017-3634,0.0095,0.30554
CVE-2017-3635,0.0095,0.30554
CVE-2017-3636,0.01282,0.67298
CVE-2017-3637,0.0095,0.30554
CVE-2017-3638,0.0095,0.30554
CVE-2017-3639,0.0095,0.30554
CVE-2017-3640,0.0095,0.30554
CVE-2017-3641,0.01282,0.67298
CVE-2017-3642,0.0095,0.30554
CVE-2017-3643,0.0095,0.30554
CVE-2017-3644,0.0095,0.30554
CVE-2017-3645,0.0095,0.30554
CVE-2017-3646,0.0095,0.30554
CVE-2017-3647,0.0095,0.30554
CVE-2017-3648,0.01034,0.39824
CVE-2017-3649,0.0095,0.30554
CVE-2017-3650,0.01018,0.38792
CVE-2017-3651,0.01282,0.67298
CVE-2017-3652,0.01034,0.39824
CVE-2017-3653,0.01282,0.67298
CVE-2017-3718,0.00885,0.26162
CVE-2017-3731,0.0472,0.88691
CVE-2017-3732,0.0472,0.88691
CVE-2017-3733,0.01183,0.60428
CVE-2017-3735,0.0472,0.88691
CVE-2017-3736,0.01547,0.74085
CVE-2017-3737,0.08715,0.93651
CVE-2017-3738,0.0472,0.88691
CVE-2017-3740,0.00885,0.26162
CVE-2017-3741,0.00885,0.26162
CVE-2017-3742,0.00885,0.26162
CVE-2017-3743,0.00885,0.26162
CVE-2017-3744,0.00885,0.26162
CVE-2017-3745,0.01055,0.50287
CVE-2017-3746,0.01102,0.51825
CVE-2017-3747,0.00885,0.26162
CVE-2017-3748,0.00885,0.26162
CVE-2017-3749,0.00885,0.26162
CVE-2017-3750,0.00885,0.26162
CVE-2017-3751,0.01238,0.6639
CVE-2017-3752,0.00885,0.26162
CVE-2017-3753,0.00885,0.26162
CVE-2017-3754,0.00885,0.26162
CVE-2017-3756,0.01102,0.51825
CVE-2017-3757,0.02234,0.80453
CVE-2017-3758,0.01267,0.66451
CVE-2017-3759,0.01267,0.66451
CVE-2017-3760,0.01267,0.66451
CVE-2017-3761,0.01267,0.66451
CVE-2017-3762,0.0095,0.30554
CVE-2017-3763,0.00885,0.26162
CVE-2017-3764,0.00885,0.26162
CVE-2017-3765,0.00885,0.26162
CVE-2017-3767,0.01135,0.54401
CVE-2017-3768,0.00885,0.26162
CVE-2017-3770,0.00885,0.26162
CVE-2017-3771,0.00885,0.26162
CVE-2017-3774,0.00885,0.26162
CVE-2017-3775,0.00885,0.26162
CVE-2017-3776,0.00885,0.26162
CVE-2017-3790,0.01136,0.57949
CVE-2017-3791,0.01055,0.50287
CVE-2017-3792,0.03795,0.84827
CVE-2017-3793,0.01136,0.57949
CVE-2017-3794,0.01136,0.57949
CVE-2017-3795,0.01061,0.51015
CVE-2017-3796,0.01061,0.51015
CVE-2017-3797,0.01136,0.57949
CVE-2017-3798,0.01136,0.57949
CVE-2017-3799,0.01061,0.51015
CVE-2017-3800,0.01136,0.57949
CVE-2017-3801,0.0089,0.2856
CVE-2017-3802,0.01136,0.57949
CVE-2017-3803,0.00954,0.34522
CVE-2017-3804,0.00954,0.34522
CVE-2017-3805,0.01136,0.57949
CVE-2017-3806,0.00885,0.26162
CVE-2017-3807,0.09615,0.9398
CVE-2017-3808,0.01136,0.57949
CVE-2017-3809,0.01136,0.57949
CVE-2017-3810,0.01061,0.51015
CVE-2017-3811,0.01061,0.51015
CVE-2017-3812,0.01136,0.57949
CVE-2017-3813,0.03803,0.84831
CVE-2017-3814,0.01055,0.50287
CVE-2017-3815,0.01136,0.57949
CVE-2017-3817,0.01061,0.51015
CVE-2017-3818,0.01136,0.57949
CVE-2017-3819,0.01061,0.51015
CVE-2017-3820,0.01061,0.51015
CVE-2017-3821,0.01136,0.57949
CVE-2017-3822,0.01136,0.57949
CVE-2017-3823,0.65194,0.9898
CVE-2017-3824,0.01136,0.57949
CVE-2017-3825,0.01136,0.57949
CVE-2017-3826,0.01136,0.57949
CVE-2017-3827,0.01213,0.6557
CVE-2017-3828,0.01136,0.57949
CVE-2017-3829,0.01136,0.57949
CVE-2017-3830,0.01136,0.57949
CVE-2017-3831,0.01055,0.50287
CVE-2017-3832,0.01136,0.57949
CVE-2017-3833,0.01055,0.50287
CVE-2017-3834,0.01136,0.57949
CVE-2017-3835,0.01061,0.51015
CVE-2017-3836,0.01061,0.51015
CVE-2017-3837,0.01061,0.51015
CVE-2017-3838,0.01136,0.57949
CVE-2017-3839,0.01061,0.51015
CVE-2017-3840,0.01136,0.57949
CVE-2017-3841,0.01136,0.57949
CVE-2017-3842,0.01136,0.57949
CVE-2017-3843,0.01061,0.51015
CVE-2017-3844,0.01061,0.51015
CVE-2017-3845,0.01136,0.57949
CVE-2017-3846,0.01136,0.57949
CVE-2017-3847,0.01055,0.50287
CVE-2017-3848,0.01136,0.57949
CVE-2017-3849,0.00954,0.34522
CVE-2017-3850,0.01136,0.57949
CVE-2017-3851,0.01213,0.6557
CVE-2017-3852,0.01132,0.54372
CVE-2017-3853,0.05785,0.89924
CVE-2017-3854,0.01136,0.57949
CVE-2017-3856,0.01136,0.57949
CVE-2017-3857,0.01136,0.57949
CVE-2017-3858,0.01061,0.51015
CVE-2017-3859,0.01136,0.57949
CVE-2017-3860,0.01136,0.57949
CVE-2017-3861,0.01136,0.57949
CVE-2017-3862,0.01136,0.57949
CVE-2017-3863,0.01136,0.57949
CVE-2017-3864,0.01136,0.57949
CVE-2017-3865,0.01136,0.57949
CVE-2017-3866,0.01136,0.57949
CVE-2017-3867,0.01136,0.57949
CVE-2017-3868,0.01136,0.57949
CVE-2017-3869,0.01061,0.51015
CVE-2017-3870,0.01136,0.57949
CVE-2017-3871,0.01055,0.50287
CVE-2017-3872,0.01136,0.57949
CVE-2017-3873,0.01603,0.74718
CVE-2017-3874,0.01061,0.51015
CVE-2017-3875,0.01136,0.57949
CVE-2017-3876,0.01136,0.57949
CVE-2017-3877,0.01136,0.57949
CVE-2017-3878,0.01136,0.57949
CVE-2017-3879,0.01136,0.57949
CVE-2017-3880,0.01136,0.57949
CVE-2017-3882,0.03795,0.84827
CVE-2017-3883,0.01213,0.6557
CVE-2017-3884,0.01061,0.51015
CVE-2017-3885,0.01055,0.50287
CVE-2017-3886,0.01061,0.51015
CVE-2017-3887,0.01055,0.50287
CVE-2017-3888,0.01061,0.51015
CVE-2017-3889,0.01055,0.50287
CVE-2017-3890,0.01055,0.50287
CVE-2017-3891,0.00885,0.26162
CVE-2017-3892,0.00885,0.26162
CVE-2017-3893,0.00885,0.26162
CVE-2017-3894,0.00954,0.34522
CVE-2017-3896,0.01136,0.57949
CVE-2017-3897,0.0508,0.89022
CVE-2017-3898,0.08382,0.93597
CVE-2017-3899,0.01055,0.50287
CVE-2017-3902,0.0089,0.2856
CVE-2017-3907,0.01055,0.50287
CVE-2017-3912,0.01005,0.36332
CVE-2017-3933,0.01055,0.50287
CVE-2017-3934,0.00885,0.26162
CVE-2017-3935,0.00885,0.26162
CVE-2017-3936,0.02055,0.7893
CVE-2017-3948,0.00885,0.26162
CVE-2017-3960,0.00885,0.26162
CVE-2017-3961,0.00885,0.26162
CVE-2017-3962,0.00885,0.26162
CVE-2017-3964,0.00885,0.26162
CVE-2017-3965,0.01055,0.50287
CVE-2017-3966,0.01055,0.50287
CVE-2017-3967,0.01055,0.50287
CVE-2017-3968,0.01055,0.50287
CVE-2017-3969,0.00885,0.26162
CVE-2017-3971,0.00885,0.26162
CVE-2017-3972,0.01086,0.51674
CVE-2017-3980,0.01055,0.50287
CVE-2017-4011,0.01055,0.50287
CVE-2017-4012,0.01055,0.50287
CVE-2017-4013,0.01055,0.50287
CVE-2017-4014,0.01055,0.50287
CVE-2017-4015,0.01055,0.50287
CVE-2017-4016,0.01055,0.50287
CVE-2017-4017,0.01055,0.50287
CVE-2017-4028,0.00885,0.26162
CVE-2017-4052,0.01055,0.50287
CVE-2017-4053,0.01055,0.50287
CVE-2017-4054,0.01055,0.50287
CVE-2017-4055,0.01055,0.50287
CVE-2017-4057,0.01055,0.50287
CVE-2017-4895,0.0089,0.2856
CVE-2017-4896,0.0089,0.2856
CVE-2017-4897,0.00954,0.34522
CVE-2017-4898,0.0089,0.2856
CVE-2017-4899,0.0089,0.2856
CVE-2017-4900,0.0089,0.2856
CVE-2017-4901,0.07441,0.92312
CVE-2017-4902,0.01404,0.71155
CVE-2017-4903,0.01404,0.71155
CVE-2017-4904,0.01404,0.71155
CVE-2017-4905,0.02042,0.78565
CVE-2017-4907,0.05785,0.89924
CVE-2017-4908,0.01404,0.71155
CVE-2017-4909,0.01404,0.71155
CVE-2017-4910,0.01404,0.71155
CVE-2017-4911,0.01404,0.71155
CVE-2017-4912,0.01404,0.71155
CVE-2017-4913,0.01404,0.71155
CVE-2017-4914,0.08382,0.93597
CVE-2017-4915,0.16274,0.95914
CVE-2017-4916,0.07308,0.9216
CVE-2017-4917,0.00954,0.34522
CVE-2017-4918,0.02211,0.80357
CVE-2017-4919,0.00954,0.34522
CVE-2017-4920,0.00885,0.26162
CVE-2017-4921,0.0089,0.2856
CVE-2017-4922,0.0089,0.2856
CVE-2017-4923,0.00954,0.34522
CVE-2017-4924,0.01404,0.71155
CVE-2017-4925,0.0095,0.30554
CVE-2017-4926,0.0089,0.2856
CVE-2017-4927,0.01136,0.57949
CVE-2017-4928,0.00954,0.34522
CVE-2017-4929,0.00954,0.34522
CVE-2017-4930,0.0089,0.2856
CVE-2017-4931,0.00954,0.34522
CVE-2017-4932,0.0089,0.2856
CVE-2017-4933,0.04571,0.88388
CVE-2017-4934,0.01404,0.71155
CVE-2017-4935,0.01404,0.71155
CVE-2017-4936,0.01404,0.71155
CVE-2017-4937,0.01404,0.71155
CVE-2017-4938,0.0089,0.2856
CVE-2017-4939,0.01102,0.51825
CVE-2017-4940,0.00885,0.26162
CVE-2017-4941,0.04571,0.88388
CVE-2017-4942,0.0089,0.2856
CVE-2017-4943,0.00885,0.26162
CVE-2017-4945,0.01365,0.70715
CVE-2017-4946,0.0095,0.30554
CVE-2017-4947,0.05634,0.89764
CVE-2017-4948,0.0095,0.30554
CVE-2017-4949,0.01365,0.70715
CVE-2017-4950,0.01365,0.70715
CVE-2017-4951,0.00954,0.34522
CVE-2017-4952,0.01537,0.73595
CVE-2017-4955,0.00885,0.26162
CVE-2017-4959,0.00885,0.26162
CVE-2017-4960,0.00885,0.26162
CVE-2017-4961,0.00885,0.26162
CVE-2017-4963,0.00885,0.26162
CVE-2017-4964,0.01525,0.72834
CVE-2017-4965,0.00954,0.34522
CVE-2017-4966,0.00885,0.26162
CVE-2017-4967,0.00885,0.26162
CVE-2017-4969,0.00885,0.26162
CVE-2017-4970,0.00885,0.26162
CVE-2017-4971,0.00954,0.34522
CVE-2017-4972,0.00885,0.26162
CVE-2017-4973,0.00885,0.26162
CVE-2017-4974,0.00885,0.26162
CVE-2017-4975,0.00885,0.26162
CVE-2017-4976,0.01055,0.50287
CVE-2017-4977,0.0089,0.2856
CVE-2017-4978,0.0089,0.2856
CVE-2017-4979,0.00885,0.26162
CVE-2017-4980,0.00885,0.26162
CVE-2017-4981,0.00954,0.34522
CVE-2017-4982,0.00885,0.26162
CVE-2017-4983,0.0089,0.2856
CVE-2017-4984,0.02166,0.79253
CVE-2017-4985,0.00885,0.26162
CVE-2017-4986,0.00954,0.34522
CVE-2017-4987,0.01102,0.51825
CVE-2017-4988,0.00885,0.26162
CVE-2017-4989,0.01136,0.57949
CVE-2017-4990,0.02578,0.8123
CVE-2017-4991,0.00885,0.26162
CVE-2017-4992,0.00885,0.26162
CVE-2017-4994,0.00885,0.26162
CVE-2017-4997,0.02166,0.79253
CVE-2017-4998,0.01136,0.57949
CVE-2017-4999,0.01061,0.51015
CVE-2017-5000,0.01061,0.51015
CVE-2017-5001,0.01061,0.51015
CVE-2017-5002,0.00954,0.34522
CVE-2017-5003,0.00954,0.34522
CVE-2017-5004,0.0089,0.2856
CVE-2017-5006,0.01319,0.70416
CVE-2017-5007,0.01319,0.70416
CVE-2017-5008,0.01319,0.70416
CVE-2017-5009,0.01319,0.70416
CVE-2017-5010,0.01319,0.70416
CVE-2017-5011,0.01319,0.70416
CVE-2017-5012,0.01319,0.70416
CVE-2017-5013,0.01319,0.70416
CVE-2017-5014,0.01319,0.70416
CVE-2017-5015,0.01319,0.70416
CVE-2017-5016,0.01319,0.70416
CVE-2017-5017,0.01319,0.70416
CVE-2017-5018,0.01319,0.70416
CVE-2017-5019,0.01319,0.70416
CVE-2017-5020,0.05941,0.90101
CVE-2017-5021,0.01319,0.70416
CVE-2017-5022,0.01319,0.70416
CVE-2017-5023,0.01319,0.70416
CVE-2017-5024,0.01408,0.72072
CVE-2017-5025,0.01408,0.72072
CVE-2017-5026,0.01319,0.70416
CVE-2017-5027,0.01055,0.50287
CVE-2017-5028,0.01055,0.50287
CVE-2017-5029,0.01319,0.70416
CVE-2017-5030,0.05941,0.90101
CVE-2017-5031,0.01776,0.75902
CVE-2017-5032,0.01319,0.70416
CVE-2017-5033,0.01319,0.70416
CVE-2017-5034,0.01319,0.70416
CVE-2017-5035,0.01108,0.53389
CVE-2017-5036,0.01319,0.70416
CVE-2017-5037,0.01319,0.70416
CVE-2017-5038,0.01319,0.70416
CVE-2017-5039,0.01319,0.70416
CVE-2017-5040,0.01319,0.70416
CVE-2017-5041,0.01319,0.70416
CVE-2017-5042,0.01034,0.39824
CVE-2017-5043,0.01319,0.70416
CVE-2017-5044,0.01319,0.70416
CVE-2017-5045,0.01319,0.70416
CVE-2017-5046,0.01319,0.70416
CVE-2017-5047,0.01055,0.50287
CVE-2017-5048,0.01055,0.50287
CVE-2017-5049,0.01055,0.50287
CVE-2017-5050,0.01055,0.50287
CVE-2017-5051,0.01055,0.50287
CVE-2017-5052,0.01213,0.6557
CVE-2017-5053,0.05941,0.90101
CVE-2017-5054,0.01213,0.6557
CVE-2017-5055,0.01213,0.6557
CVE-2017-5056,0.01319,0.70416
CVE-2017-5057,0.01319,0.70416
CVE-2017-5058,0.01319,0.70416
CVE-2017-5059,0.05941,0.90101
CVE-2017-5060,0.01319,0.70416
CVE-2017-5061,0.01319,0.70416
CVE-2017-5062,0.01319,0.70416
CVE-2017-5063,0.01319,0.70416
CVE-2017-5064,0.01319,0.70416
CVE-2017-5065,0.01319,0.70416
CVE-2017-5066,0.01319,0.70416
CVE-2017-5067,0.01319,0.70416
CVE-2017-5068,0.01213,0.6557
CVE-2017-5069,0.01319,0.70416
CVE-2017-5070,0.05941,0.90101
CVE-2017-5071,0.01319,0.70416
CVE-2017-5072,0.01319,0.70416
CVE-2017-5073,0.01319,0.70416
CVE-2017-5074,0.01319,0.70416
CVE-2017-5075,0.01319,0.70416
CVE-2017-5076,0.01319,0.70416
CVE-2017-5077,0.01319,0.70416
CVE-2017-5078,0.01319,0.70416
CVE-2017-5079,0.01319,0.70416
CVE-2017-5080,0.01319,0.70416
CVE-2017-5081,0.01034,0.39824
CVE-2017-5082,0.01034,0.39824
CVE-2017-5083,0.01319,0.70416
CVE-2017-5084,0.0095,0.30554
CVE-2017-5085,0.01319,0.70416
CVE-2017-5086,0.01319,0.70416
CVE-2017-5087,0.01319,0.70416
CVE-2017-5088,0.01319,0.70416
CVE-2017-5089,0.01319,0.70416
CVE-2017-5090,0.01055,0.50287
CVE-2017-5091,0.01319,0.70416
CVE-2017-5092,0.01319,0.70416
CVE-2017-5093,0.01319,0.70416
CVE-2017-5094,0.01319,0.70416
CVE-2017-5095,0.01319,0.70416
CVE-2017-5096,0.01213,0.6557
CVE-2017-5097,0.01319,0.70416
CVE-2017-5098,0.01319,0.70416
CVE-2017-5099,0.01319,0.70416
CVE-2017-5100,0.01319,0.70416
CVE-2017-5101,0.01319,0.70416
CVE-2017-5102,0.01319,0.70416
CVE-2017-5103,0.01319,0.70416
CVE-2017-5104,0.01319,0.70416
CVE-2017-5105,0.01319,0.70416
CVE-2017-5106,0.01319,0.70416
CVE-2017-5107,0.01319,0.70416
CVE-2017-5108,0.01319,0.70416
CVE-2017-5109,0.01319,0.70416
CVE-2017-5110,0.01319,0.70416
CVE-2017-5111,0.01319,0.70416
CVE-2017-5112,0.05941,0.90101
CVE-2017-5113,0.01319,0.70416
CVE-2017-5114,0.01319,0.70416
CVE-2017-5115,0.01319,0.70416
CVE-2017-5116,0.0632,0.90497
CVE-2017-5117,0.01319,0.70416
CVE-2017-5118,0.01319,0.70416
CVE-2017-5119,0.01319,0.70416
CVE-2017-5120,0.01319,0.70416
CVE-2017-5121,0.0632,0.90497
CVE-2017-5122,0.01319,0.70416
CVE-2017-5125,0.01319,0.70416
CVE-2017-5126,0.01319,0.70416
CVE-2017-5127,0.01319,0.70416
CVE-2017-5128,0.01319,0.70416
CVE-2017-5129,0.01319,0.70416
CVE-2017-5130,0.01955,0.77585
CVE-2017-5131,0.01319,0.70416
CVE-2017-5132,0.01319,0.70416
CVE-2017-5133,0.05786,0.8994
CVE-2017-5135,0.08382,0.93597
CVE-2017-5136,0.00885,0.26162
CVE-2017-5137,0.00885,0.26162
CVE-2017-5139,0.00885,0.26162
CVE-2017-5140,0.00885,0.26162
CVE-2017-5141,0.00885,0.26162
CVE-2017-5142,0.00885,0.26162
CVE-2017-5143,0.00885,0.26162
CVE-2017-5144,0.00885,0.26162
CVE-2017-5145,0.01578,0.74478
CVE-2017-5146,0.28116,0.97147
CVE-2017-5147,0.00885,0.26162
CVE-2017-5149,0.00885,0.26162
CVE-2017-5151,0.02166,0.79253
CVE-2017-5152,0.00954,0.34522
CVE-2017-5153,0.00885,0.26162
CVE-2017-5154,0.00954,0.34522
CVE-2017-5155,0.01018,0.38792
CVE-2017-5156,0.00954,0.34522
CVE-2017-5157,0.01578,0.74478
CVE-2017-5158,0.00954,0.34522
CVE-2017-5159,0.00885,0.26162
CVE-2017-5160,0.0089,0.2856
CVE-2017-5161,0.00885,0.26162
CVE-2017-5162,0.31567,0.97479
CVE-2017-5163,0.00885,0.26162
CVE-2017-5164,0.00885,0.26162
CVE-2017-5165,0.01578,0.74478
CVE-2017-5166,0.00885,0.26162
CVE-2017-5167,0.00885,0.26162
CVE-2017-5168,0.0185,0.76248
CVE-2017-5169,0.0185,0.76248
CVE-2017-5170,0.00885,0.26162
CVE-2017-5173,0.05785,0.89924
CVE-2017-5174,0.09149,0.93868
CVE-2017-5175,0.01005,0.36332
CVE-2017-5176,0.00885,0.26162
CVE-2017-5177,0.12131,0.94983
CVE-2017-5178,0.00954,0.34522
CVE-2017-5179,0.01061,0.51015
CVE-2017-5180,0.01832,0.76196
CVE-2017-5182,0.01136,0.57949
CVE-2017-5183,0.00885,0.26162
CVE-2017-5184,0.00954,0.34522
CVE-2017-5185,0.01136,0.57949
CVE-2017-5186,0.01108,0.53389
CVE-2017-5187,0.01055,0.50287
CVE-2017-5188,0.00954,0.34522
CVE-2017-5189,0.00885,0.26162
CVE-2017-5190,0.0089,0.2856
CVE-2017-5191,0.00885,0.26162
CVE-2017-5192,0.0089,0.2856
CVE-2017-5193,0.01213,0.6557
CVE-2017-5194,0.01213,0.6557
CVE-2017-5195,0.01213,0.6557
CVE-2017-5196,0.01213,0.6557
CVE-2017-5197,0.00885,0.26162
CVE-2017-5198,0.00885,0.26162
CVE-2017-5199,0.02166,0.79253
CVE-2017-5200,0.0226,0.80584
CVE-2017-5201,0.01055,0.50287
CVE-2017-5202,0.01108,0.53389
CVE-2017-5203,0.01108,0.53389
CVE-2017-5204,0.01108,0.53389
CVE-2017-5205,0.01108,0.53389
CVE-2017-5206,0.01108,0.53389
CVE-2017-5207,0.01034,0.39824
CVE-2017-5208,0.03899,0.84942
CVE-2017-5209,0.00954,0.34522
CVE-2017-5210,0.00954,0.34522
CVE-2017-5211,0.00954,0.34522
CVE-2017-5212,0.00954,0.34522
CVE-2017-5213,0.00954,0.34522
CVE-2017-5214,0.00885,0.26162
CVE-2017-5215,0.01702,0.75164
CVE-2017-5216,0.00885,0.26162
CVE-2017-5217,0.00885,0.26162
CVE-2017-5218,0.00885,0.26162
CVE-2017-5219,0.00885,0.26162
CVE-2017-5223,0.02042,0.78565
CVE-2017-5225,0.02839,0.8236
CVE-2017-5226,0.01018,0.38792
CVE-2017-5227,0.08662,0.93646
CVE-2017-5228,0.00885,0.26162
CVE-2017-5229,0.00885,0.26162
CVE-2017-5230,0.0089,0.2856
CVE-2017-5231,0.00885,0.26162
CVE-2017-5232,0.00885,0.26162
CVE-2017-5233,0.00885,0.26162
CVE-2017-5234,0.00885,0.26162
CVE-2017-5235,0.00885,0.26162
CVE-2017-5236,0.00885,0.26162
CVE-2017-5237,0.00885,0.26162
CVE-2017-5238,0.00885,0.26162
CVE-2017-5239,0.00885,0.26162
CVE-2017-5240,0.00885,0.26162
CVE-2017-5241,0.0089,0.2856
CVE-2017-5243,0.00885,0.26162
CVE-2017-5244,0.0089,0.2856
CVE-2017-5246,0.00885,0.26162
CVE-2017-5247,0.00885,0.26162
CVE-2017-5249,0.00885,0.26162
CVE-2017-5250,0.00885,0.26162
CVE-2017-5251,0.00885,0.26162
CVE-2017-5254,0.12817,0.95384
CVE-2017-5255,0.59092,0.98817
CVE-2017-5256,0.00885,0.26162
CVE-2017-5257,0.00885,0.26162
CVE-2017-5258,0.00885,0.26162
CVE-2017-5259,0.12817,0.95384
CVE-2017-5260,0.12817,0.95384
CVE-2017-5261,0.12316,0.95107
CVE-2017-5262,0.07618,0.92582
CVE-2017-5263,0.00885,0.26162
CVE-2017-5264,0.08382,0.93597
CVE-2017-5328,0.00885,0.26162
CVE-2017-5329,0.01832,0.76196
CVE-2017-5330,0.05941,0.90101
CVE-2017-5331,0.01606,0.74722
CVE-2017-5332,0.02273,0.80589
CVE-2017-5333,0.02273,0.80589
CVE-2017-5334,0.01974,0.7812
CVE-2017-5335,0.02172,0.79917
CVE-2017-5336,0.02172,0.79917
CVE-2017-5337,0.02172,0.79917
CVE-2017-5340,0.0455,0.88291
CVE-2017-5341,0.01108,0.53389
CVE-2017-5342,0.01108,0.53389
CVE-2017-5344,0.05924,0.90075
CVE-2017-5345,0.01061,0.51015
CVE-2017-5346,0.01061,0.51015
CVE-2017-5347,0.01055,0.50287
CVE-2017-5350,0.00885,0.26162
CVE-2017-5351,0.00885,0.26162
CVE-2017-5356,0.01319,0.70416
CVE-2017-5357,0.01108,0.53389
CVE-2017-5358,0.12131,0.94983
CVE-2017-5359,0.10212,0.94357
CVE-2017-5361,0.01136,0.57949
CVE-2017-5364,0.01682,0.75066
CVE-2017-5367,0.01136,0.57949
CVE-2017-5368,0.00954,0.34522
CVE-2017-5371,0.01213,0.6557
CVE-2017-5372,0.01213,0.6557
CVE-2017-5373,0.01537,0.73595
CVE-2017-5374,0.01018,0.38792
CVE-2017-5375,0.02686,0.82061
CVE-2017-5376,0.01537,0.73595
CVE-2017-5377,0.01018,0.38792
CVE-2017-5378,0.02686,0.82061
CVE-2017-5379,0.01018,0.38792
CVE-2017-5380,0.01537,0.73595
CVE-2017-5381,0.01018,0.38792
CVE-2017-5382,0.01018,0.38792
CVE-2017-5383,0.02686,0.82061
CVE-2017-5384,0.01018,0.38792
CVE-2017-5385,0.01018,0.38792
CVE-2017-5386,0.01183,0.60428
CVE-2017-5387,0.0095,0.30554
CVE-2017-5388,0.01018,0.38792
CVE-2017-5389,0.01018,0.38792
CVE-2017-5390,0.01537,0.73595
CVE-2017-5391,0.01018,0.38792
CVE-2017-5392,0.01018,0.38792
CVE-2017-5393,0.01018,0.38792
CVE-2017-5394,0.01018,0.38792
CVE-2017-5395,0.01018,0.38792
CVE-2017-5396,0.01537,0.73595
CVE-2017-5397,0.00954,0.34522
CVE-2017-5398,0.02686,0.82061
CVE-2017-5399,0.01018,0.38792
CVE-2017-5400,0.02686,0.82061
CVE-2017-5401,0.02686,0.82061
CVE-2017-5402,0.02686,0.82061
CVE-2017-5403,0.01018,0.38792
CVE-2017-5404,0.18327,0.96125
CVE-2017-5405,0.02686,0.82061
CVE-2017-5406,0.01018,0.38792
CVE-2017-5407,0.02686,0.82061
CVE-2017-5408,0.02686,0.82061
CVE-2017-5409,0.0095,0.30554
CVE-2017-5410,0.02686,0.82061
CVE-2017-5411,0.01018,0.38792
CVE-2017-5412,0.01018,0.38792
CVE-2017-5413,0.01018,0.38792
CVE-2017-5414,0.0095,0.30554
CVE-2017-5415,0.08382,0.93597
CVE-2017-5416,0.01018,0.38792
CVE-2017-5417,0.01018,0.38792
CVE-2017-5418,0.01018,0.38792
CVE-2017-5419,0.01018,0.38792
CVE-2017-5420,0.01018,0.38792
CVE-2017-5421,0.01018,0.38792
CVE-2017-5422,0.01018,0.38792
CVE-2017-5425,0.01018,0.38792
CVE-2017-5426,0.01018,0.38792
CVE-2017-5427,0.0095,0.30554
CVE-2017-5428,0.01018,0.38792
CVE-2017-5429,0.01537,0.73595
CVE-2017-5430,0.01108,0.53389
CVE-2017-5432,0.01537,0.73595
CVE-2017-5433,0.01537,0.73595
CVE-2017-5434,0.01537,0.73595
CVE-2017-5435,0.0292,0.82471
CVE-2017-5436,0.01537,0.73595
CVE-2017-5438,0.01537,0.73595
CVE-2017-5439,0.01537,0.73595
CVE-2017-5440,0.01537,0.73595
CVE-2017-5441,0.01537,0.73595
CVE-2017-5442,0.01537,0.73595
CVE-2017-5443,0.01537,0.73595
CVE-2017-5444,0.01537,0.73595
CVE-2017-5445,0.01537,0.73595
CVE-2017-5446,0.01537,0.73595
CVE-2017-5447,0.18327,0.96125
CVE-2017-5448,0.01537,0.73595
CVE-2017-5449,0.01537,0.73595
CVE-2017-5450,0.01018,0.38792
CVE-2017-5451,0.01183,0.60428
CVE-2017-5452,0.01018,0.38792
CVE-2017-5453,0.01018,0.38792
CVE-2017-5454,0.01183,0.60428
CVE-2017-5455,0.06729,0.91198
CVE-2017-5456,0.01108,0.53389
CVE-2017-5458,0.01018,0.38792
CVE-2017-5459,0.01537,0.73595
CVE-2017-5460,0.01537,0.73595
CVE-2017-5461,0.04358,0.87435
CVE-2017-5462,0.01537,0.73595
CVE-2017-5463,0.01018,0.38792
CVE-2017-5464,0.01537,0.73595
CVE-2017-5465,0.18327,0.96125
CVE-2017-5466,0.01183,0.60428
CVE-2017-5467,0.01183,0.60428
CVE-2017-5468,0.01018,0.38792
CVE-2017-5469,0.01537,0.73595
CVE-2017-5470,0.01537,0.73595
CVE-2017-5471,0.01018,0.38792
CVE-2017-5472,0.01537,0.73595
CVE-2017-5473,0.08382,0.93597
CVE-2017-5474,0.01055,0.50287
CVE-2017-5475,0.00885,0.26162
CVE-2017-5476,0.00885,0.26162
CVE-2017-5480,0.01061,0.51015
CVE-2017-5481,0.01055,0.50287
CVE-2017-5482,0.01108,0.53389
CVE-2017-5483,0.01108,0.53389
CVE-2017-5484,0.01108,0.53389
CVE-2017-5485,0.01108,0.53389
CVE-2017-5486,0.01108,0.53389
CVE-2017-5488,0.01408,0.72072
CVE-2017-5489,0.01319,0.70416
CVE-2017-5490,0.01776,0.75902
CVE-2017-5491,0.01408,0.72072
CVE-2017-5492,0.01408,0.72072
CVE-2017-5493,0.01408,0.72072
CVE-2017-5494,0.01061,0.51015
CVE-2017-5495,0.01108,0.53389
CVE-2017-5496,0.08382,0.93597
CVE-2017-5498,0.01055,0.50287
CVE-2017-5499,0.01213,0.6557
CVE-2017-5500,0.01055,0.50287
CVE-2017-5501,0.01055,0.50287
CVE-2017-5502,0.01055,0.50287
CVE-2017-5503,0.01319,0.70416
CVE-2017-5504,0.01213,0.6557
CVE-2017-5505,0.01319,0.70416
CVE-2017-5506,0.01408,0.72072
CVE-2017-5507,0.01974,0.7812
CVE-2017-5508,0.01955,0.77585
CVE-2017-5509,0.01408,0.72072
CVE-2017-5510,0.01776,0.75902
CVE-2017-5511,0.01974,0.7812
CVE-2017-5515,0.01055,0.50287
CVE-2017-5516,0.01055,0.50287
CVE-2017-5517,0.01055,0.50287
CVE-2017-5518,0.01055,0.50287
CVE-2017-5519,0.01055,0.50287
CVE-2017-5520,0.00885,0.26162
CVE-2017-5521,0.89853,0.99832
CVE-2017-5522,0.0455,0.88291
CVE-2017-5524,0.01061,0.51015
CVE-2017-5525,0.01034,0.39824
CVE-2017-5526,0.0095,0.30554
CVE-2017-5527,0.00885,0.26162
CVE-2017-5528,0.00885,0.26162
CVE-2017-5529,0.0095,0.30554
CVE-2017-5530,0.00885,0.26162
CVE-2017-5531,0.0089,0.2856
CVE-2017-5532,0.00885,0.26162
CVE-2017-5533,0.01108,0.53389
CVE-2017-5534,0.00885,0.26162
CVE-2017-5535,0.00885,0.26162
CVE-2017-5536,0.00885,0.26162
CVE-2017-5537,0.01319,0.70416
CVE-2017-5538,0.01018,0.38792
CVE-2017-5539,0.01018,0.38792
CVE-2017-5541,0.01136,0.57949
CVE-2017-5542,0.01136,0.57949
CVE-2017-5543,0.01055,0.50287
CVE-2017-5544,0.00885,0.26162
CVE-2017-5545,0.01018,0.38792
CVE-2017-5546,0.01034,0.39824
CVE-2017-5547,0.01034,0.39824
CVE-2017-5548,0.01034,0.39824
CVE-2017-5549,0.01104,0.52279
CVE-2017-5550,0.01034,0.39824
CVE-2017-5551,0.01104,0.52279
CVE-2017-5552,0.0095,0.30554
CVE-2017-5553,0.01061,0.51015
CVE-2017-5554,0.00954,0.34522
CVE-2017-5556,0.03249,0.83468
CVE-2017-5563,0.02578,0.8123
CVE-2017-5565,0.01404,0.71155
CVE-2017-5566,0.01404,0.71155
CVE-2017-5567,0.01404,0.71155
CVE-2017-5569,0.00885,0.26162
CVE-2017-5570,0.00885,0.26162
CVE-2017-5571,0.01319,0.70416
CVE-2017-5572,0.0089,0.2856
CVE-2017-5573,0.0089,0.2856
CVE-2017-5574,0.00954,0.34522
CVE-2017-5575,0.01136,0.57949
CVE-2017-5576,0.01034,0.39824
CVE-2017-5577,0.01034,0.39824
CVE-2017-5578,0.0095,0.30554
CVE-2017-5579,0.01104,0.52279
CVE-2017-5580,0.01108,0.53389
CVE-2017-5581,0.0391,0.8496
CVE-2017-5583,0.01061,0.51015
CVE-2017-5584,0.01061,0.51015
CVE-2017-5585,0.01055,0.50287
CVE-2017-5586,0.08382,0.93597
CVE-2017-5589,0.01213,0.6557
CVE-2017-5590,0.01319,0.70416
CVE-2017-5591,0.01213,0.6557
CVE-2017-5592,0.01213,0.6557
CVE-2017-5593,0.01213,0.6557
CVE-2017-5594,0.08944,0.93724
CVE-2017-5595,0.0095,0.30554
CVE-2017-5596,0.01108,0.53389
CVE-2017-5597,0.01108,0.53389
CVE-2017-5598,0.00885,0.26162
CVE-2017-5599,0.00885,0.26162
CVE-2017-5600,0.01055,0.50287
CVE-2017-5601,0.01213,0.6557
CVE-2017-5602,0.01213,0.6557
CVE-2017-5603,0.01213,0.6557
CVE-2017-5604,0.01213,0.6557
CVE-2017-5605,0.01213,0.6557
CVE-2017-5606,0.01213,0.6557
CVE-2017-5607,0.10418,0.94372
CVE-2017-5608,0.01213,0.6557
CVE-2017-5609,0.01061,0.51015
CVE-2017-5610,0.01408,0.72072
CVE-2017-5611,0.01974,0.7812
CVE-2017-5612,0.01408,0.72072
CVE-2017-5613,0.04967,0.88942
CVE-2017-5614,0.01136,0.57949
CVE-2017-5615,0.01136,0.57949
CVE-2017-5616,0.01136,0.57949
CVE-2017-5617,0.01408,0.72072
CVE-2017-5618,0.01034,0.39824
CVE-2017-5619,0.00885,0.26162
CVE-2017-5620,0.00885,0.26162
CVE-2017-5621,0.00885,0.26162
CVE-2017-5622,0.00885,0.26162
CVE-2017-5623,0.00885,0.26162
CVE-2017-5624,0.01599,0.74589
CVE-2017-5625,0.00885,0.26162
CVE-2017-5626,0.01599,0.74589
CVE-2017-5627,0.00954,0.34522
CVE-2017-5628,0.00954,0.34522
CVE-2017-5630,0.08382,0.93597
CVE-2017-5631,0.08382,0.93597
CVE-2017-5632,0.00885,0.26162
CVE-2017-5634,0.0095,0.30554
CVE-2017-5635,0.00885,0.26162
CVE-2017-5636,0.00885,0.26162
CVE-2017-5637,0.43518,0.98211
CVE-2017-5640,0.00885,0.26162
CVE-2017-5641,0.10804,0.94439
CVE-2017-5642,0.00885,0.26162
CVE-2017-5643,0.01246,0.66436
CVE-2017-5644,0.01136,0.57949
CVE-2017-5646,0.0089,0.2856
CVE-2017-5647,0.05242,0.89216
CVE-2017-5648,0.05242,0.89216
CVE-2017-5649,0.01055,0.50287
CVE-2017-5650,0.05242,0.89216
CVE-2017-5651,0.05242,0.89216
CVE-2017-5652,0.00885,0.26162
CVE-2017-5653,0.03718,0.84354
CVE-2017-5654,0.00885,0.26162
CVE-2017-5655,0.00885,0.26162
CVE-2017-5656,0.03032,0.82851
CVE-2017-5657,0.01164,0.60046
CVE-2017-5658,0.00885,0.26162
CVE-2017-5659,0.00954,0.34522
CVE-2017-5660,0.00885,0.26162
CVE-2017-5661,0.01164,0.60046
CVE-2017-5662,0.02537,0.81131
CVE-2017-5663,0.00885,0.26162
CVE-2017-5664,0.05242,0.89216
CVE-2017-5665,0.01055,0.50287
CVE-2017-5666,0.01055,0.50287
CVE-2017-5667,0.01651,0.75021
CVE-2017-5668,0.03795,0.84827
CVE-2017-5669,0.01104,0.52279
CVE-2017-5670,0.01018,0.38792
CVE-2017-5671,0.01832,0.76196
CVE-2017-5672,0.00885,0.26162
CVE-2017-5673,0.00885,0.26162
CVE-2017-5675,0.00885,0.26162
CVE-2017-5677,0.06908,0.9183
CVE-2017-5681,0.01055,0.50287
CVE-2017-5682,0.00885,0.26162
CVE-2017-5683,0.01525,0.72834
CVE-2017-5684,0.00885,0.26162
CVE-2017-5685,0.00885,0.26162
CVE-2017-5686,0.00885,0.26162
CVE-2017-5688,0.01102,0.51825
CVE-2017-5691,0.0089,0.2856
CVE-2017-5692,0.00885,0.26162
CVE-2017-5694,0.00885,0.26162
CVE-2017-5695,0.00885,0.26162
CVE-2017-5696,0.00885,0.26162
CVE-2017-5697,0.01055,0.50287
CVE-2017-5698,0.00885,0.26162
CVE-2017-5699,0.00885,0.26162
CVE-2017-5700,0.00885,0.26162
CVE-2017-5701,0.00885,0.26162
CVE-2017-5703,0.0095,0.30554
CVE-2017-5704,0.00885,0.26162
CVE-2017-5705,0.01651,0.75021
CVE-2017-5706,0.01916,0.76514
CVE-2017-5707,0.01547,0.7409
CVE-2017-5708,0.01034,0.39824
CVE-2017-5709,0.01104,0.52279
CVE-2017-5710,0.01547,0.7409
CVE-2017-5711,0.01547,0.7409
CVE-2017-5712,0.02489,0.80867
CVE-2017-5717,0.02042,0.78565
CVE-2017-5719,0.0119,0.60447
CVE-2017-5722,0.00885,0.26162
CVE-2017-5727,0.00885,0.26162
CVE-2017-5729,0.01055,0.50287
CVE-2017-5731,0.00885,0.26162
CVE-2017-5736,0.01005,0.36332
CVE-2017-5738,0.00885,0.26162
CVE-2017-5780,0.00885,0.26162
CVE-2017-5781,0.00885,0.26162
CVE-2017-5782,0.00885,0.26162
CVE-2017-5783,0.00885,0.26162
CVE-2017-5784,0.00885,0.26162
CVE-2017-5785,0.01055,0.50287
CVE-2017-5786,0.00885,0.26162
CVE-2017-5787,0.01061,0.51015
CVE-2017-5788,0.00885,0.26162
CVE-2017-5789,0.14737,0.95663
CVE-2017-5790,0.01136,0.57949
CVE-2017-5791,0.01213,0.6557
CVE-2017-5792,0.27564,0.97087
CVE-2017-5793,0.01377,0.70912
CVE-2017-5794,0.01055,0.50287
CVE-2017-5795,0.00885,0.26162
CVE-2017-5796,0.01055,0.50287
CVE-2017-5797,0.00885,0.26162
CVE-2017-5798,0.08706,0.9365
CVE-2017-5799,0.05336,0.89412
CVE-2017-5800,0.00885,0.26162
CVE-2017-5801,0.01136,0.57949
CVE-2017-5802,0.00885,0.26162
CVE-2017-5803,0.01213,0.6557
CVE-2017-5804,0.10074,0.94302
CVE-2017-5805,0.10074,0.94302
CVE-2017-5806,0.10074,0.94302
CVE-2017-5807,0.10074,0.94302
CVE-2017-5808,0.10074,0.94302
CVE-2017-5809,0.05336,0.89412
CVE-2017-5810,0.01136,0.57949
CVE-2017-5811,0.10074,0.94302
CVE-2017-5812,0.00954,0.34522
CVE-2017-5813,0.00954,0.34522
CVE-2017-5814,0.01136,0.57949
CVE-2017-5815,0.07818,0.9296
CVE-2017-5816,0.87595,0.99765
CVE-2017-5817,0.87595,0.99765
CVE-2017-5818,0.02931,0.82528
CVE-2017-5819,0.02931,0.82528
CVE-2017-5820,0.02931,0.82528
CVE-2017-5821,0.02931,0.82528
CVE-2017-5822,0.02931,0.82528
CVE-2017-5823,0.02931,0.82528
CVE-2017-5824,0.10074,0.94302
CVE-2017-5825,0.0089,0.2856
CVE-2017-5826,0.05336,0.89412
CVE-2017-5827,0.0089,0.2856
CVE-2017-5828,0.02614,0.81255
CVE-2017-5829,0.0089,0.2856
CVE-2017-5830,0.05785,0.89924
CVE-2017-5831,0.01061,0.51015
CVE-2017-5832,0.01061,0.51015
CVE-2017-5833,0.01136,0.57949
CVE-2017-5834,0.01018,0.38792
CVE-2017-5835,0.01018,0.38792
CVE-2017-5836,0.01018,0.38792
CVE-2017-5837,0.01776,0.75902
CVE-2017-5838,0.01408,0.72072
CVE-2017-5839,0.01408,0.72072
CVE-2017-5840,0.01974,0.7812
CVE-2017-5841,0.01408,0.72072
CVE-2017-5842,0.01408,0.72072
CVE-2017-5843,0.01974,0.7812
CVE-2017-5844,0.01776,0.75902
CVE-2017-5845,0.01408,0.72072
CVE-2017-5846,0.01408,0.72072
CVE-2017-5847,0.01408,0.72072
CVE-2017-5848,0.01408,0.72072
CVE-2017-5849,0.01319,0.70416
CVE-2017-5850,0.18327,0.96125
CVE-2017-5851,0.01055,0.50287
CVE-2017-5852,0.01213,0.6557
CVE-2017-5853,0.01055,0.50287
CVE-2017-5854,0.01213,0.6557
CVE-2017-5855,0.01055,0.50287
CVE-2017-5856,0.01034,0.39824
CVE-2017-5857,0.01034,0.39824
CVE-2017-5858,0.01213,0.6557
CVE-2017-5859,0.00885,0.26162
CVE-2017-5863,0.00954,0.34522
CVE-2017-5864,0.00954,0.34522
CVE-2017-5865,0.01055,0.50287
CVE-2017-5866,0.01055,0.50287
CVE-2017-5867,0.01055,0.50287
CVE-2017-5868,0.01136,0.57949
CVE-2017-5869,0.08078,0.93055
CVE-2017-5870,0.01055,0.50287
CVE-2017-5871,0.00885,0.26162
CVE-2017-5872,0.01055,0.50287
CVE-2017-5873,0.00885,0.26162
CVE-2017-5874,0.00885,0.26162
CVE-2017-5875,0.00885,0.26162
CVE-2017-5876,0.00885,0.26162
CVE-2017-5877,0.00885,0.26162
CVE-2017-5878,0.02166,0.79253
CVE-2017-5879,0.00885,0.26162
CVE-2017-5880,0.01055,0.50287
CVE-2017-5881,0.02808,0.8233
CVE-2017-5882,0.01055,0.50287
CVE-2017-5884,0.01767,0.7559
CVE-2017-5885,0.02714,0.82073
CVE-2017-5886,0.01055,0.50287
CVE-2017-5887,0.00954,0.34522
CVE-2017-5891,0.00885,0.26162
CVE-2017-5892,0.00885,0.26162
CVE-2017-5896,0.01319,0.70416
CVE-2017-5897,0.01319,0.70416
CVE-2017-5898,0.01282,0.67298
CVE-2017-5899,0.01832,0.76196
CVE-2017-5900,0.01061,0.51015
CVE-2017-5901,0.00885,0.26162
CVE-2017-5902,0.00885,0.26162
CVE-2017-5905,0.00885,0.26162
CVE-2017-5906,0.00885,0.26162
CVE-2017-5907,0.00885,0.26162
CVE-2017-5909,0.00885,0.26162
CVE-2017-5911,0.00885,0.26162
CVE-2017-5912,0.00885,0.26162
CVE-2017-5913,0.00885,0.26162
CVE-2017-5914,0.00885,0.26162
CVE-2017-5915,0.00885,0.26162
CVE-2017-5916,0.00885,0.26162
CVE-2017-5918,0.00885,0.26162
CVE-2017-5919,0.00885,0.26162
CVE-2017-5923,0.01136,0.57949
CVE-2017-5924,0.01136,0.57949
CVE-2017-5925,0.00954,0.34522
CVE-2017-5926,0.00954,0.34522
CVE-2017-5927,0.00954,0.34522
CVE-2017-5928,0.01136,0.57949
CVE-2017-5929,0.02686,0.82061
CVE-2017-5930,0.25069,0.96738
CVE-2017-5931,0.01547,0.7409
CVE-2017-5932,0.0095,0.30554
CVE-2017-5933,0.01136,0.57949
CVE-2017-5934,0.01319,0.70416
CVE-2017-5936,0.01213,0.6557
CVE-2017-5937,0.0095,0.30554
CVE-2017-5938,0.01408,0.72072
CVE-2017-5940,0.01034,0.39824
CVE-2017-5942,0.00885,0.26162
CVE-2017-5943,0.01136,0.57949
CVE-2017-5944,0.04695,0.88634
CVE-2017-5945,0.00885,0.26162
CVE-2017-5946,0.01018,0.38792
CVE-2017-5947,0.00885,0.26162
CVE-2017-5948,0.00885,0.26162
CVE-2017-5949,0.01136,0.57949
CVE-2017-5950,0.01055,0.50287
CVE-2017-5951,0.01213,0.6557
CVE-2017-5953,0.01108,0.53389
CVE-2017-5954,0.02578,0.8123
CVE-2017-5956,0.0095,0.30554
CVE-2017-5957,0.0095,0.30554
CVE-2017-5959,0.00885,0.26162
CVE-2017-5960,0.00885,0.26162
CVE-2017-5961,0.00885,0.26162
CVE-2017-5962,0.00885,0.26162
CVE-2017-5963,0.00885,0.26162
CVE-2017-5964,0.00885,0.26162
CVE-2017-5965,0.01055,0.50287
CVE-2017-5966,0.01055,0.50287
CVE-2017-5967,0.00954,0.34522
CVE-2017-5969,0.01319,0.70416
CVE-2017-5970,0.01537,0.73595
CVE-2017-5971,0.01564,0.74439
CVE-2017-5972,0.16168,0.95904
CVE-2017-5973,0.01282,0.67298
CVE-2017-5974,0.01213,0.6557
CVE-2017-5975,0.01213,0.6557
CVE-2017-5976,0.01213,0.6557
CVE-2017-5977,0.01136,0.57949
CVE-2017-5978,0.01136,0.57949
CVE-2017-5979,0.01136,0.57949
CVE-2017-5980,0.01136,0.57949
CVE-2017-5981,0.01136,0.57949
CVE-2017-5982,0.83043,0.99563
CVE-2017-5983,0.03795,0.84827
CVE-2017-5984,0.00885,0.26162
CVE-2017-5985,0.01034,0.39824
CVE-2017-5986,0.01183,0.60428
CVE-2017-5987,0.01034,0.39824
CVE-2017-5988,0.01055,0.50287
CVE-2017-5990,0.00954,0.34522
CVE-2017-5991,0.10212,0.94357
CVE-2017-5992,0.01213,0.6557
CVE-2017-5993,0.01034,0.39824
CVE-2017-5994,0.01034,0.39824
CVE-2017-5995,0.01055,0.50287
CVE-2017-5996,0.00885,0.26162
CVE-2017-5997,0.01055,0.50287
CVE-2017-5998,0.01055,0.50287
CVE-2017-5999,0.01018,0.38792
CVE-2017-6001,0.01537,0.73595
CVE-2017-6002,0.00885,0.26162
CVE-2017-6003,0.00885,0.26162
CVE-2017-6004,0.01408,0.72072
CVE-2017-6005,0.01525,0.72834
CVE-2017-6007,0.00885,0.26162
CVE-2017-6009,0.01018,0.38792
CVE-2017-6010,0.01018,0.38792
CVE-2017-6011,0.01018,0.38792
CVE-2017-6013,0.00885,0.26162
CVE-2017-6014,0.01018,0.38792
CVE-2017-6015,0.01365,0.70715
CVE-2017-6016,0.00885,0.26162
CVE-2017-6017,0.01136,0.57949
CVE-2017-6018,0.00885,0.26162
CVE-2017-6019,0.08382,0.93597
CVE-2017-6020,0.08382,0.93597
CVE-2017-6021,0.00885,0.26162
CVE-2017-6022,0.00885,0.26162
CVE-2017-6023,0.02166,0.79253
CVE-2017-6024,0.00885,0.26162
CVE-2017-6025,0.00885,0.26162
CVE-2017-6026,0.08382,0.93597
CVE-2017-6027,0.02262,0.80585
CVE-2017-6028,0.00885,0.26162
CVE-2017-6029,0.0185,0.76248
CVE-2017-6030,0.00885,0.26162
CVE-2017-6031,0.0185,0.76248
CVE-2017-6032,0.00885,0.26162
CVE-2017-6033,0.00954,0.34522
CVE-2017-6034,0.00885,0.26162
CVE-2017-6035,0.00885,0.26162
CVE-2017-6036,0.00885,0.26162
CVE-2017-6037,0.00885,0.26162
CVE-2017-6038,0.00885,0.26162
CVE-2017-6039,0.00885,0.26162
CVE-2017-6040,0.00885,0.26162
CVE-2017-6041,0.00885,0.26162
CVE-2017-6042,0.00885,0.26162
CVE-2017-6043,0.00885,0.26162
CVE-2017-6044,0.01055,0.50287
CVE-2017-6045,0.00885,0.26162
CVE-2017-6046,0.00885,0.26162
CVE-2017-6047,0.00885,0.26162
CVE-2017-6048,0.25664,0.96885
CVE-2017-6049,0.00885,0.26162
CVE-2017-6050,0.02578,0.8123
CVE-2017-6051,0.01102,0.51825
CVE-2017-6052,0.01136,0.57949
CVE-2017-6053,0.00885,0.26162
CVE-2017-6054,0.00954,0.34522
CVE-2017-6055,0.01055,0.50287
CVE-2017-6056,0.02686,0.82061
CVE-2017-6058,0.01319,0.70416
CVE-2017-6059,0.01974,0.7812
CVE-2017-6060,0.03467,0.84028
CVE-2017-6061,0.01213,0.6557
CVE-2017-6062,0.01319,0.70416
CVE-2017-6065,0.01055,0.50287
CVE-2017-6066,0.00885,0.26162
CVE-2017-6067,0.00885,0.26162
CVE-2017-6068,0.00885,0.26162
CVE-2017-6069,0.00885,0.26162
CVE-2017-6070,0.01055,0.50287
CVE-2017-6071,0.01055,0.50287
CVE-2017-6072,0.01055,0.50287
CVE-2017-6074,0.03534,0.84129
CVE-2017-6076,0.00885,0.26162
CVE-2017-6077,0.08382,0.93597
CVE-2017-6078,0.00885,0.26162
CVE-2017-6080,0.00885,0.26162
CVE-2017-6081,0.00885,0.26162
CVE-2017-6086,0.08382,0.93597
CVE-2017-6087,0.10123,0.94312
CVE-2017-6088,0.01564,0.74439
CVE-2017-6089,0.01564,0.74439
CVE-2017-6090,0.66513,0.99003
CVE-2017-6094,0.00885,0.26162
CVE-2017-6095,0.00954,0.34522
CVE-2017-6096,0.0089,0.2856
CVE-2017-6097,0.0089,0.2856
CVE-2017-6098,0.0089,0.2856
CVE-2017-6099,0.01055,0.50287
CVE-2017-6100,0.00954,0.34522
CVE-2017-6102,0.00954,0.34522
CVE-2017-6103,0.00885,0.26162
CVE-2017-6104,0.01213,0.6557
CVE-2017-6127,0.01136,0.57949
CVE-2017-6128,0.00954,0.34522
CVE-2017-6129,0.00885,0.26162
CVE-2017-6130,0.00885,0.26162
CVE-2017-6131,0.00885,0.26162
CVE-2017-6132,0.00954,0.34522
CVE-2017-6133,0.00954,0.34522
CVE-2017-6134,0.01018,0.38792
CVE-2017-6135,0.00885,0.26162
CVE-2017-6136,0.00885,0.26162
CVE-2017-6137,0.00885,0.26162
CVE-2017-6138,0.00885,0.26162
CVE-2017-6139,0.00954,0.34522
CVE-2017-6140,0.00885,0.26162
CVE-2017-6141,0.00885,0.26162
CVE-2017-6142,0.00885,0.26162
CVE-2017-6143,0.00885,0.26162
CVE-2017-6144,0.00885,0.26162
CVE-2017-6145,0.00885,0.26162
CVE-2017-6147,0.00885,0.26162
CVE-2017-6148,0.00885,0.26162
CVE-2017-6150,0.00885,0.26162
CVE-2017-6151,0.00885,0.26162
CVE-2017-6152,0.00885,0.26162
CVE-2017-6153,0.00885,0.26162
CVE-2017-6154,0.00885,0.26162
CVE-2017-6155,0.00885,0.26162
CVE-2017-6156,0.01055,0.50287
CVE-2017-6157,0.05785,0.89924
CVE-2017-6158,0.00885,0.26162
CVE-2017-6159,0.00954,0.34522
CVE-2017-6160,0.01136,0.57949
CVE-2017-6161,0.01213,0.6557
CVE-2017-6162,0.00954,0.34522
CVE-2017-6163,0.00954,0.34522
CVE-2017-6164,0.01978,0.78447
CVE-2017-6165,0.00954,0.34522
CVE-2017-6166,0.00954,0.34522
CVE-2017-6167,0.00885,0.26162
CVE-2017-6168,0.01018,0.38792
CVE-2017-6169,0.00885,0.26162
CVE-2017-6178,0.01832,0.76196
CVE-2017-6180,0.00885,0.26162
CVE-2017-6181,0.01136,0.57949
CVE-2017-6182,0.08382,0.93597
CVE-2017-6183,0.01061,0.51015
CVE-2017-6184,0.01061,0.51015
CVE-2017-6186,0.01404,0.71155
CVE-2017-6187,0.5464,0.98707
CVE-2017-6188,0.0095,0.30554
CVE-2017-6189,0.01404,0.71155
CVE-2017-6190,0.08382,0.93597
CVE-2017-6191,0.10347,0.94365
CVE-2017-6192,0.03161,0.83171
CVE-2017-6193,0.03161,0.83171
CVE-2017-6194,0.01136,0.57949
CVE-2017-6195,0.00885,0.26162
CVE-2017-6196,0.01213,0.6557
CVE-2017-6197,0.01136,0.57949
CVE-2017-6198,0.01055,0.50287
CVE-2017-6199,0.01213,0.6557
CVE-2017-6200,0.01132,0.54372
CVE-2017-6201,0.01061,0.51015
CVE-2017-6205,0.00885,0.26162
CVE-2017-6209,0.01034,0.39824
CVE-2017-6210,0.01034,0.39824
CVE-2017-6211,0.00885,0.26162
CVE-2017-6213,0.01086,0.51674
CVE-2017-6214,0.02172,0.79917
CVE-2017-6215,0.01086,0.51674
CVE-2017-6216,0.01086,0.51674
CVE-2017-6217,0.01086,0.51674
CVE-2017-6223,0.02055,0.7893
CVE-2017-6224,0.02055,0.7893
CVE-2017-6225,0.01689,0.75137
CVE-2017-6227,0.00885,0.26162
CVE-2017-6229,0.02055,0.7893
CVE-2017-6230,0.02055,0.7893
CVE-2017-6247,0.01603,0.74718
CVE-2017-6248,0.01603,0.74718
CVE-2017-6249,0.01603,0.74718
CVE-2017-6250,0.01102,0.51825
CVE-2017-6251,0.00885,0.26162
CVE-2017-6252,0.00885,0.26162
CVE-2017-6253,0.00885,0.26162
CVE-2017-6254,0.00885,0.26162
CVE-2017-6255,0.00885,0.26162
CVE-2017-6256,0.00885,0.26162
CVE-2017-6257,0.00885,0.26162
CVE-2017-6258,0.01036,0.41241
CVE-2017-6259,0.00885,0.26162
CVE-2017-6260,0.00885,0.26162
CVE-2017-6261,0.00885,0.26162
CVE-2017-6262,0.01102,0.51825
CVE-2017-6263,0.01102,0.51825
CVE-2017-6264,0.01102,0.51825
CVE-2017-6266,0.00885,0.26162
CVE-2017-6267,0.00885,0.26162
CVE-2017-6268,0.00885,0.26162
CVE-2017-6269,0.00885,0.26162
CVE-2017-6270,0.00885,0.26162
CVE-2017-6271,0.00885,0.26162
CVE-2017-6272,0.00885,0.26162
CVE-2017-6273,0.00885,0.26162
CVE-2017-6274,0.00885,0.26162
CVE-2017-6275,0.00885,0.26162
CVE-2017-6276,0.01102,0.51825
CVE-2017-6277,0.00885,0.26162
CVE-2017-6278,0.00885,0.26162
CVE-2017-6279,0.01036,0.41241
CVE-2017-6280,0.00885,0.26162
CVE-2017-6281,0.00885,0.26162
CVE-2017-6282,0.00885,0.26162
CVE-2017-6283,0.00885,0.26162
CVE-2017-6284,0.00885,0.26162
CVE-2017-6285,0.00885,0.26162
CVE-2017-6286,0.00885,0.26162
CVE-2017-6287,0.00885,0.26162
CVE-2017-6288,0.00885,0.26162
CVE-2017-6289,0.01005,0.36332
CVE-2017-6290,0.01036,0.41241
CVE-2017-6292,0.01036,0.41241
CVE-2017-6293,0.00885,0.26162
CVE-2017-6294,0.00885,0.26162
CVE-2017-6295,0.00885,0.26162
CVE-2017-6296,0.00885,0.26162
CVE-2017-6297,0.00885,0.26162
CVE-2017-6298,0.01108,0.53389
CVE-2017-6299,0.01108,0.53389
CVE-2017-6300,0.01108,0.53389
CVE-2017-6301,0.01108,0.53389
CVE-2017-6302,0.01034,0.39824
CVE-2017-6303,0.01108,0.53389
CVE-2017-6304,0.01108,0.53389
CVE-2017-6305,0.01108,0.53389
CVE-2017-6306,0.01108,0.53389
CVE-2017-6307,0.01108,0.53389
CVE-2017-6308,0.01108,0.53389
CVE-2017-6309,0.01108,0.53389
CVE-2017-6310,0.01108,0.53389
CVE-2017-6311,0.01183,0.60428
CVE-2017-6312,0.01537,0.73595
CVE-2017-6313,0.01537,0.73595
CVE-2017-6314,0.01537,0.73595
CVE-2017-6315,0.03464,0.84024
CVE-2017-6316,0.08944,0.93724
CVE-2017-6317,0.01034,0.39824
CVE-2017-6318,0.01319,0.70416
CVE-2017-6319,0.01136,0.57949
CVE-2017-6320,0.08078,0.93055
CVE-2017-6323,0.00885,0.26162
CVE-2017-6324,0.00954,0.34522
CVE-2017-6325,0.04695,0.88634
CVE-2017-6326,0.83379,0.99578
CVE-2017-6327,0.10123,0.94312
CVE-2017-6328,0.08382,0.93597
CVE-2017-6329,0.01102,0.51825
CVE-2017-6330,0.01055,0.50287
CVE-2017-6331,0.02042,0.78565
CVE-2017-6334,0.75215,0.9929
CVE-2017-6335,0.01319,0.70416
CVE-2017-6338,0.01061,0.51015
CVE-2017-6339,0.0089,0.2856
CVE-2017-6340,0.01061,0.51015
CVE-2017-6341,0.01136,0.57949
CVE-2017-6342,0.00885,0.26162
CVE-2017-6343,0.01055,0.50287
CVE-2017-6344,0.01055,0.50287
CVE-2017-6345,0.01034,0.39824
CVE-2017-6346,0.01034,0.39824
CVE-2017-6347,0.01034,0.39824
CVE-2017-6348,0.01034,0.39824
CVE-2017-6349,0.01108,0.53389
CVE-2017-6350,0.01108,0.53389
CVE-2017-6351,0.08382,0.93597
CVE-2017-6353,0.0095,0.30554
CVE-2017-6355,0.0095,0.30554
CVE-2017-6356,0.00885,0.26162
CVE-2017-6359,0.01108,0.53389
CVE-2017-6362,0.01213,0.6557
CVE-2017-6363,0.00885,0.26162
CVE-2017-6366,0.01702,0.75164
CVE-2017-6367,0.08382,0.93597
CVE-2017-6369,0.04695,0.88634
CVE-2017-6371,0.08382,0.93597
CVE-2017-6377,0.00954,0.34522
CVE-2017-6379,0.00954,0.34522
CVE-2017-6381,0.05785,0.89924
CVE-2017-6384,0.01136,0.57949
CVE-2017-6386,0.0095,0.30554
CVE-2017-6387,0.01136,0.57949
CVE-2017-6390,0.00954,0.34522
CVE-2017-6391,0.00954,0.34522
CVE-2017-6392,0.00954,0.34522
CVE-2017-6393,0.00885,0.26162
CVE-2017-6394,0.00954,0.34522
CVE-2017-6395,0.00885,0.26162
CVE-2017-6396,0.00885,0.26162
CVE-2017-6397,0.00885,0.26162
CVE-2017-6398,0.12316,0.95107
CVE-2017-6399,0.02067,0.78991
CVE-2017-6400,0.01102,0.51825
CVE-2017-6401,0.01102,0.51825
CVE-2017-6402,0.00885,0.26162
CVE-2017-6403,0.00885,0.26162
CVE-2017-6404,0.00885,0.26162
CVE-2017-6405,0.00885,0.26162
CVE-2017-6406,0.01102,0.51825
CVE-2017-6407,0.04695,0.88634
CVE-2017-6408,0.0089,0.2856
CVE-2017-6409,0.00954,0.34522
CVE-2017-6410,0.01136,0.57949
CVE-2017-6411,0.08382,0.93597
CVE-2017-6412,0.08382,0.93597
CVE-2017-6413,0.01408,0.72072
CVE-2017-6414,0.01034,0.39824
CVE-2017-6415,0.01136,0.57949
CVE-2017-6416,0.53207,0.98683
CVE-2017-6417,0.01404,0.71155
CVE-2017-6418,0.01213,0.6557
CVE-2017-6419,0.01319,0.70416
CVE-2017-6420,0.01213,0.6557
CVE-2017-6421,0.00954,0.34522
CVE-2017-6423,0.0089,0.2856
CVE-2017-6424,0.0089,0.2856
CVE-2017-6425,0.00954,0.34522
CVE-2017-6426,0.00954,0.34522
CVE-2017-6427,0.08382,0.93597
CVE-2017-6429,0.01213,0.6557
CVE-2017-6430,0.01319,0.70416
CVE-2017-6432,0.00885,0.26162
CVE-2017-6435,0.0095,0.30554
CVE-2017-6436,0.0095,0.30554
CVE-2017-6437,0.00885,0.26162
CVE-2017-6438,0.01102,0.51825
CVE-2017-6439,0.0095,0.30554
CVE-2017-6440,0.00885,0.26162
CVE-2017-6441,0.00885,0.26162
CVE-2017-6443,0.02173,0.80027
CVE-2017-6444,0.08382,0.93597
CVE-2017-6445,0.00954,0.34522
CVE-2017-6446,0.00885,0.26162
CVE-2017-6448,0.01136,0.57949
CVE-2017-6451,0.01547,0.7409
CVE-2017-6452,0.01034,0.39824
CVE-2017-6455,0.01034,0.39824
CVE-2017-6458,0.02528,0.8112
CVE-2017-6459,0.0095,0.30554
CVE-2017-6460,0.01034,0.39824
CVE-2017-6462,0.01282,0.67298
CVE-2017-6463,0.01815,0.76117
CVE-2017-6464,0.01649,0.75017
CVE-2017-6465,0.12131,0.94983
CVE-2017-6466,0.00885,0.26162
CVE-2017-6467,0.01018,0.38792
CVE-2017-6468,0.01018,0.38792
CVE-2017-6469,0.01018,0.38792
CVE-2017-6470,0.01018,0.38792
CVE-2017-6471,0.01018,0.38792
CVE-2017-6472,0.01018,0.38792
CVE-2017-6473,0.01018,0.38792
CVE-2017-6474,0.01018,0.38792
CVE-2017-6478,0.00954,0.34522
CVE-2017-6479,0.00885,0.26162
CVE-2017-6480,0.00954,0.34522
CVE-2017-6481,0.00885,0.26162
CVE-2017-6483,0.00885,0.26162
CVE-2017-6484,0.00885,0.26162
CVE-2017-6485,0.00885,0.26162
CVE-2017-6486,0.00885,0.26162
CVE-2017-6487,0.00885,0.26162
CVE-2017-6488,0.00885,0.26162
CVE-2017-6489,0.00885,0.26162
CVE-2017-6490,0.00885,0.26162
CVE-2017-6491,0.00885,0.26162
CVE-2017-6492,0.00885,0.26162
CVE-2017-6497,0.00954,0.34522
CVE-2017-6498,0.01018,0.38792
CVE-2017-6499,0.01018,0.38792
CVE-2017-6500,0.01108,0.53389
CVE-2017-6501,0.00954,0.34522
CVE-2017-6502,0.00885,0.26162
CVE-2017-6503,0.00954,0.34522
CVE-2017-6504,0.00885,0.26162
CVE-2017-6505,0.01034,0.39824
CVE-2017-6506,0.12131,0.94983
CVE-2017-6507,0.01018,0.38792
CVE-2017-6508,0.01213,0.6557
CVE-2017-6509,0.00885,0.26162
CVE-2017-6510,0.28116,0.97147
CVE-2017-6511,0.00885,0.26162
CVE-2017-6512,0.01537,0.73595
CVE-2017-6513,0.01055,0.50287
CVE-2017-6514,0.01136,0.57949
CVE-2017-6517,0.603,0.98842
CVE-2017-6518,0.01055,0.50287
CVE-2017-6519,0.01319,0.70416
CVE-2017-6520,0.01055,0.50287
CVE-2017-6526,0.38546,0.97893
CVE-2017-6527,0.29659,0.97311
CVE-2017-6528,0.00954,0.34522
CVE-2017-6529,0.00954,0.34522
CVE-2017-6530,0.00885,0.26162
CVE-2017-6531,0.00885,0.26162
CVE-2017-6532,0.00885,0.26162
CVE-2017-6533,0.00885,0.26162
CVE-2017-6534,0.00885,0.26162
CVE-2017-6535,0.00885,0.26162
CVE-2017-6536,0.00885,0.26162
CVE-2017-6537,0.00885,0.26162
CVE-2017-6538,0.00885,0.26162
CVE-2017-6539,0.00885,0.26162
CVE-2017-6540,0.00885,0.26162
CVE-2017-6541,0.00885,0.26162
CVE-2017-6542,0.108,0.94438
CVE-2017-6543,0.01055,0.50287
CVE-2017-6544,0.00885,0.26162
CVE-2017-6547,0.02173,0.80027
CVE-2017-6548,0.12131,0.94983
CVE-2017-6549,0.08382,0.93597
CVE-2017-6550,0.01564,0.74439
CVE-2017-6551,0.02065,0.78945
CVE-2017-6552,0.08382,0.93597
CVE-2017-6553,0.78996,0.99441
CVE-2017-6554,0.10123,0.94312
CVE-2017-6555,0.01055,0.50287
CVE-2017-6556,0.01055,0.50287
CVE-2017-6557,0.01055,0.50287
CVE-2017-6559,0.00885,0.26162
CVE-2017-6560,0.00885,0.26162
CVE-2017-6561,0.00885,0.26162
CVE-2017-6562,0.00885,0.26162
CVE-2017-6564,0.00885,0.26162
CVE-2017-6565,0.00885,0.26162
CVE-2017-6570,0.00885,0.26162
CVE-2017-6571,0.00885,0.26162
CVE-2017-6572,0.00885,0.26162
CVE-2017-6573,0.00885,0.26162
CVE-2017-6574,0.00885,0.26162
CVE-2017-6575,0.00885,0.26162
CVE-2017-6576,0.00885,0.26162
CVE-2017-6577,0.00885,0.26162
CVE-2017-6578,0.00885,0.26162
CVE-2017-6589,0.00885,0.26162
CVE-2017-6590,0.0095,0.30554
CVE-2017-6591,0.00885,0.26162
CVE-2017-6594,0.01018,0.38792
CVE-2017-6596,0.00885,0.26162
CVE-2017-6597,0.01011,0.36346
CVE-2017-6598,0.0089,0.2856
CVE-2017-6599,0.01136,0.57949
CVE-2017-6600,0.01011,0.36346
CVE-2017-6601,0.01011,0.36346
CVE-2017-6602,0.01011,0.36346
CVE-2017-6603,0.00954,0.34522
CVE-2017-6604,0.01136,0.57949
CVE-2017-6605,0.01061,0.51015
CVE-2017-6606,0.00954,0.34522
CVE-2017-6607,0.01136,0.57949
CVE-2017-6608,0.01136,0.57949
CVE-2017-6609,0.01061,0.51015
CVE-2017-6610,0.01061,0.51015
CVE-2017-6611,0.01136,0.57949
CVE-2017-6612,0.01136,0.57949
CVE-2017-6613,0.01136,0.57949
CVE-2017-6614,0.01055,0.50287
CVE-2017-6615,0.01061,0.51015
CVE-2017-6616,0.02166,0.79253
CVE-2017-6617,0.01055,0.50287
CVE-2017-6618,0.0185,0.76248
CVE-2017-6619,0.01055,0.50287
CVE-2017-6620,0.01136,0.57949
CVE-2017-6621,0.01136,0.57949
CVE-2017-6622,0.08382,0.93597
CVE-2017-6623,0.00885,0.26162
CVE-2017-6624,0.01136,0.57949
CVE-2017-6625,0.01061,0.51015
CVE-2017-6626,0.01136,0.57949
CVE-2017-6627,0.01136,0.57949
CVE-2017-6628,0.01136,0.57949
CVE-2017-6629,0.01136,0.57949
CVE-2017-6630,0.01136,0.57949
CVE-2017-6631,0.01055,0.50287
CVE-2017-6632,0.01055,0.50287
CVE-2017-6633,0.01136,0.57949
CVE-2017-6634,0.01136,0.57949
CVE-2017-6635,0.01061,0.51015
CVE-2017-6636,0.01061,0.51015
CVE-2017-6637,0.01061,0.51015
CVE-2017-6638,0.0089,0.2856
CVE-2017-6639,0.09149,0.93868
CVE-2017-6641,0.01055,0.50287
CVE-2017-6642,0.01055,0.50287
CVE-2017-6643,0.01055,0.50287
CVE-2017-6644,0.01055,0.50287
CVE-2017-6645,0.01055,0.50287
CVE-2017-6646,0.01055,0.50287
CVE-2017-6647,0.01055,0.50287
CVE-2017-6648,0.01136,0.57949
CVE-2017-6649,0.01011,0.36346
CVE-2017-6650,0.01011,0.36346
CVE-2017-6651,0.01136,0.57949
CVE-2017-6652,0.01136,0.57949
CVE-2017-6653,0.01136,0.57949
CVE-2017-6654,0.01136,0.57949
CVE-2017-6655,0.00954,0.34522
CVE-2017-6656,0.01136,0.57949
CVE-2017-6657,0.00885,0.26162
CVE-2017-6658,0.00885,0.26162
CVE-2017-6659,0.01136,0.57949
CVE-2017-6661,0.01213,0.6557
CVE-2017-6662,0.04024,0.85284
CVE-2017-6663,0.00954,0.34522
CVE-2017-6664,0.00954,0.34522
CVE-2017-6665,0.00954,0.34522
CVE-2017-6666,0.0089,0.2856
CVE-2017-6667,0.02166,0.79253
CVE-2017-6668,0.01061,0.51015
CVE-2017-6669,0.01603,0.74718
CVE-2017-6670,0.01136,0.57949
CVE-2017-6671,0.01136,0.57949
CVE-2017-6672,0.01136,0.57949
CVE-2017-6673,0.01055,0.50287
CVE-2017-6674,0.01055,0.50287
CVE-2017-6675,0.01055,0.50287
CVE-2017-6678,0.01055,0.50287
CVE-2017-6679,0.0095,0.30554
CVE-2017-6680,0.01055,0.50287
CVE-2017-6681,0.01055,0.50287
CVE-2017-6682,0.01055,0.50287
CVE-2017-6683,0.02166,0.79253
CVE-2017-6684,0.01055,0.50287
CVE-2017-6685,0.01055,0.50287
CVE-2017-6686,0.01055,0.50287
CVE-2017-6687,0.01055,0.50287
CVE-2017-6688,0.01055,0.50287
CVE-2017-6689,0.01055,0.50287
CVE-2017-6690,0.01061,0.51015
CVE-2017-6691,0.01055,0.50287
CVE-2017-6692,0.01055,0.50287
CVE-2017-6693,0.00885,0.26162
CVE-2017-6694,0.00885,0.26162
CVE-2017-6695,0.00885,0.26162
CVE-2017-6696,0.00885,0.26162
CVE-2017-6697,0.01055,0.50287
CVE-2017-6698,0.01061,0.51015
CVE-2017-6699,0.01136,0.57949
CVE-2017-6700,0.01136,0.57949
CVE-2017-6701,0.01136,0.57949
CVE-2017-6702,0.01136,0.57949
CVE-2017-6703,0.01136,0.57949
CVE-2017-6704,0.01061,0.51015
CVE-2017-6705,0.0089,0.2856
CVE-2017-6706,0.00954,0.34522
CVE-2017-6707,0.01404,0.71155
CVE-2017-6708,0.01055,0.50287
CVE-2017-6709,0.01055,0.50287
CVE-2017-6710,0.01055,0.50287
CVE-2017-6711,0.01055,0.50287
CVE-2017-6712,0.01055,0.50287
CVE-2017-6713,0.01055,0.50287
CVE-2017-6714,0.01055,0.50287
CVE-2017-6715,0.01055,0.50287
CVE-2017-6716,0.01055,0.50287
CVE-2017-6717,0.01055,0.50287
CVE-2017-6718,0.0089,0.2856
CVE-2017-6719,0.01011,0.36346
CVE-2017-6720,0.01055,0.50287
CVE-2017-6721,0.01136,0.57949
CVE-2017-6722,0.01136,0.57949
CVE-2017-6724,0.01136,0.57949
CVE-2017-6725,0.01136,0.57949
CVE-2017-6726,0.00885,0.26162
CVE-2017-6727,0.01136,0.57949
CVE-2017-6728,0.01404,0.71155
CVE-2017-6729,0.01136,0.57949
CVE-2017-6730,0.01136,0.57949
CVE-2017-6731,0.01055,0.50287
CVE-2017-6732,0.00885,0.26162
CVE-2017-6733,0.01136,0.57949
CVE-2017-6734,0.01061,0.51015
CVE-2017-6735,0.01404,0.71155
CVE-2017-6737,0.04695,0.88634
CVE-2017-6738,0.04695,0.88634
CVE-2017-6739,0.04695,0.88634
CVE-2017-6740,0.04695,0.88634
CVE-2017-6741,0.04695,0.88634
CVE-2017-6742,0.04695,0.88634
CVE-2017-6743,0.04695,0.88634
CVE-2017-6744,0.04695,0.88634
CVE-2017-6745,0.01055,0.50287
CVE-2017-6746,0.01061,0.51015
CVE-2017-6747,0.01055,0.50287
CVE-2017-6748,0.01011,0.36346
CVE-2017-6749,0.01061,0.51015
CVE-2017-6750,0.01136,0.57949
CVE-2017-6751,0.01136,0.57949
CVE-2017-6752,0.01213,0.6557
CVE-2017-6753,0.04967,0.88942
CVE-2017-6754,0.01061,0.51015
CVE-2017-6755,0.01136,0.57949
CVE-2017-6756,0.01136,0.57949
CVE-2017-6757,0.01132,0.54372
CVE-2017-6758,0.01132,0.54372
CVE-2017-6759,0.01061,0.51015
CVE-2017-6761,0.01213,0.6557
CVE-2017-6762,0.01213,0.6557
CVE-2017-6763,0.01213,0.6557
CVE-2017-6764,0.01132,0.54372
CVE-2017-6765,0.01213,0.6557
CVE-2017-6766,0.01055,0.50287
CVE-2017-6767,0.01061,0.51015
CVE-2017-6768,0.0089,0.2856
CVE-2017-6769,0.01061,0.51015
CVE-2017-6770,0.01213,0.6557
CVE-2017-6771,0.01055,0.50287
CVE-2017-6772,0.01055,0.50287
CVE-2017-6773,0.0089,0.2856
CVE-2017-6774,0.01061,0.51015
CVE-2017-6775,0.0089,0.2856
CVE-2017-6776,0.01055,0.50287
CVE-2017-6777,0.01055,0.50287
CVE-2017-6778,0.01055,0.50287
CVE-2017-6779,0.01055,0.50287
CVE-2017-6780,0.01055,0.50287
CVE-2017-6781,0.00885,0.26162
CVE-2017-6782,0.01061,0.51015
CVE-2017-6783,0.01132,0.54372
CVE-2017-6784,0.01136,0.57949
CVE-2017-6785,0.01061,0.51015
CVE-2017-6786,0.00885,0.26162
CVE-2017-6788,0.01136,0.57949
CVE-2017-6789,0.01213,0.6557
CVE-2017-6790,0.01136,0.57949
CVE-2017-6791,0.01213,0.6557
CVE-2017-6792,0.01061,0.51015
CVE-2017-6793,0.01055,0.50287
CVE-2017-6794,0.01404,0.71155
CVE-2017-6795,0.0089,0.2856
CVE-2017-6796,0.0089,0.2856
CVE-2017-6797,0.01319,0.70416
CVE-2017-6798,0.01765,0.75587
CVE-2017-6799,0.01213,0.6557
CVE-2017-6800,0.01018,0.38792
CVE-2017-6801,0.00954,0.34522
CVE-2017-6802,0.01018,0.38792
CVE-2017-6803,0.08382,0.93597
CVE-2017-6805,0.08944,0.93724
CVE-2017-6807,0.00954,0.34522
CVE-2017-6808,0.00885,0.26162
CVE-2017-6809,0.00885,0.26162
CVE-2017-6810,0.00885,0.26162
CVE-2017-6811,0.00885,0.26162
CVE-2017-6812,0.00885,0.26162
CVE-2017-6813,0.00954,0.34522
CVE-2017-6814,0.01282,0.67298
CVE-2017-6815,0.01108,0.53389
CVE-2017-6816,0.01034,0.39824
CVE-2017-6817,0.01034,0.39824
CVE-2017-6818,0.01108,0.53389
CVE-2017-6819,0.01183,0.60428
CVE-2017-6820,0.01108,0.53389
CVE-2017-6821,0.00954,0.34522
CVE-2017-6823,0.08078,0.93055
CVE-2017-6827,0.01055,0.50287
CVE-2017-6828,0.01136,0.57949
CVE-2017-6829,0.01319,0.70416
CVE-2017-6830,0.01213,0.6557
CVE-2017-6831,0.01319,0.70416
CVE-2017-6832,0.01319,0.70416
CVE-2017-6833,0.01213,0.6557
CVE-2017-6834,0.01213,0.6557
CVE-2017-6835,0.01213,0.6557
CVE-2017-6836,0.01213,0.6557
CVE-2017-6837,0.01319,0.70416
CVE-2017-6838,0.01213,0.6557
CVE-2017-6839,0.01213,0.6557
CVE-2017-6840,0.01055,0.50287
CVE-2017-6841,0.01055,0.50287
CVE-2017-6842,0.01055,0.50287
CVE-2017-6843,0.01055,0.50287
CVE-2017-6844,0.01055,0.50287
CVE-2017-6845,0.01055,0.50287
CVE-2017-6846,0.01055,0.50287
CVE-2017-6847,0.01055,0.50287
CVE-2017-6848,0.01055,0.50287
CVE-2017-6849,0.01055,0.50287
CVE-2017-6850,0.01213,0.6557
CVE-2017-6851,0.01136,0.57949
CVE-2017-6852,0.01136,0.57949
CVE-2017-6862,0.05785,0.89924
CVE-2017-6864,0.0095,0.30554
CVE-2017-6865,0.00885,0.26162
CVE-2017-6866,0.01055,0.50287
CVE-2017-6867,0.01061,0.51015
CVE-2017-6868,0.01213,0.6557
CVE-2017-6869,0.01055,0.50287
CVE-2017-6870,0.00885,0.26162
CVE-2017-6871,0.00885,0.26162
CVE-2017-6872,0.00885,0.26162
CVE-2017-6873,0.00885,0.26162
CVE-2017-6874,0.0089,0.2856
CVE-2017-6877,0.01136,0.57949
CVE-2017-6878,0.01061,0.51015
CVE-2017-6880,0.08382,0.93597
CVE-2017-6883,0.03249,0.83468
CVE-2017-6884,0.12806,0.95382
CVE-2017-6885,0.00885,0.26162
CVE-2017-6886,0.01018,0.38792
CVE-2017-6887,0.01018,0.38792
CVE-2017-6888,0.01108,0.53389
CVE-2017-6889,0.00885,0.26162
CVE-2017-6890,0.00885,0.26162
CVE-2017-6891,0.01537,0.73595
CVE-2017-6892,0.01108,0.53389
CVE-2017-6895,0.01213,0.6557
CVE-2017-6896,0.07804,0.92959
CVE-2017-6899,0.00885,0.26162
CVE-2017-6900,0.02055,0.7893
CVE-2017-6903,0.01537,0.73595
CVE-2017-6905,0.01018,0.38792
CVE-2017-6906,0.00885,0.26162
CVE-2017-6907,0.00885,0.26162
CVE-2017-6908,0.00954,0.34522
CVE-2017-6909,0.00885,0.26162
CVE-2017-6910,0.01055,0.50287
CVE-2017-6911,0.0095,0.30554
CVE-2017-6912,0.0089,0.2856
CVE-2017-6914,0.00885,0.26162
CVE-2017-6915,0.00885,0.26162
CVE-2017-6916,0.00885,0.26162
CVE-2017-6917,0.00885,0.26162
CVE-2017-6918,0.00885,0.26162
CVE-2017-6919,0.0089,0.2856
CVE-2017-6920,0.05634,0.89764
CVE-2017-6921,0.00954,0.34522
CVE-2017-6922,0.0095,0.30554
CVE-2017-6923,0.0089,0.2856
CVE-2017-6924,0.00954,0.34522
CVE-2017-6925,0.00954,0.34522
CVE-2017-6926,0.00885,0.26162
CVE-2017-6927,0.01018,0.38792
CVE-2017-6928,0.0089,0.2856
CVE-2017-6929,0.00954,0.34522
CVE-2017-6930,0.00885,0.26162
CVE-2017-6931,0.00885,0.26162
CVE-2017-6932,0.00954,0.34522
CVE-2017-6949,0.00885,0.26162
CVE-2017-6950,0.05785,0.89924
CVE-2017-6951,0.01034,0.39824
CVE-2017-6952,0.00885,0.26162
CVE-2017-6953,0.02751,0.82134
CVE-2017-6954,0.0089,0.2856
CVE-2017-6955,0.00954,0.34522
CVE-2017-6956,0.02067,0.78991
CVE-2017-6957,0.05785,0.89924
CVE-2017-6958,0.00885,0.26162
CVE-2017-6960,0.00954,0.34522
CVE-2017-6961,0.00885,0.26162
CVE-2017-6962,0.00885,0.26162
CVE-2017-6964,0.01404,0.71155
CVE-2017-6965,0.00885,0.26162
CVE-2017-6966,0.00885,0.26162
CVE-2017-6967,0.00954,0.34522
CVE-2017-6968,0.01702,0.75164
CVE-2017-6969,0.00954,0.34522
CVE-2017-6970,0.0212,0.79153
CVE-2017-6972,0.01018,0.38792
CVE-2017-6973,0.01132,0.54372
CVE-2017-6974,0.00954,0.34522
CVE-2017-6975,0.01183,0.60428
CVE-2017-6976,0.00885,0.26162
CVE-2017-6977,0.00885,0.26162
CVE-2017-6978,0.02106,0.79092
CVE-2017-6979,0.01402,0.71128
CVE-2017-6980,0.07461,0.9232
CVE-2017-6981,0.01271,0.66495
CVE-2017-6982,0.02362,0.80685
CVE-2017-6983,0.01876,0.76377
CVE-2017-6984,0.09881,0.94103
CVE-2017-6985,0.01102,0.51825
CVE-2017-6986,0.00885,0.26162
CVE-2017-6987,0.01108,0.53389
CVE-2017-6988,0.01055,0.50287
CVE-2017-6989,0.01271,0.66495
CVE-2017-6990,0.00885,0.26162
CVE-2017-6991,0.01876,0.76377
CVE-2017-6994,0.01271,0.66495
CVE-2017-6995,0.01271,0.66495
CVE-2017-6996,0.01271,0.66495
CVE-2017-6997,0.01271,0.66495
CVE-2017-6998,0.01271,0.66495
CVE-2017-6999,0.01271,0.66495
CVE-2017-7000,0.02197,0.80203
CVE-2017-7001,0.01825,0.76141
CVE-2017-7002,0.01825,0.76141
CVE-2017-7003,0.01213,0.6557
CVE-2017-7004,0.02362,0.80685
CVE-2017-7005,0.04642,0.88525
CVE-2017-7006,0.01319,0.70416
CVE-2017-7007,0.01136,0.57949
CVE-2017-7008,0.02209,0.80307
CVE-2017-7009,0.01402,0.71128
CVE-2017-7010,0.01319,0.70416
CVE-2017-7011,0.01213,0.6557
CVE-2017-7012,0.02258,0.80578
CVE-2017-7013,0.01408,0.72072
CVE-2017-7014,0.01271,0.66495
CVE-2017-7015,0.01136,0.57949
CVE-2017-7016,0.02209,0.80307
CVE-2017-7017,0.01271,0.66495
CVE-2017-7018,0.20516,0.96291
CVE-2017-7019,0.02408,0.8075
CVE-2017-7020,0.02408,0.8075
CVE-2017-7021,0.01271,0.66495
CVE-2017-7022,0.01402,0.71128
CVE-2017-7023,0.01402,0.71128
CVE-2017-7024,0.01402,0.71128
CVE-2017-7025,0.01402,0.71128
CVE-2017-7026,0.01402,0.71128
CVE-2017-7027,0.01402,0.71128
CVE-2017-7028,0.01108,0.53389
CVE-2017-7029,0.01108,0.53389
CVE-2017-7030,0.02408,0.8075
CVE-2017-7031,0.03738,0.84377
CVE-2017-7032,0.01271,0.66495
CVE-2017-7033,0.02209,0.80307
CVE-2017-7034,0.02408,0.8075
CVE-2017-7035,0.01271,0.66495
CVE-2017-7036,0.00954,0.34522
CVE-2017-7037,0.20516,0.96291
CVE-2017-7039,0.20516,0.96291
CVE-2017-7040,0.20516,0.96291
CVE-2017-7041,0.20516,0.96291
CVE-2017-7042,0.20516,0.96291
CVE-2017-7043,0.20516,0.96291
CVE-2017-7044,0.01271,0.66495
CVE-2017-7045,0.00954,0.34522
CVE-2017-7046,0.09881,0.94103
CVE-2017-7048,0.09881,0.94103
CVE-2017-7049,0.09881,0.94103
CVE-2017-7050,0.01271,0.66495
CVE-2017-7051,0.01271,0.66495
CVE-2017-7052,0.02258,0.80578
CVE-2017-7053,0.01102,0.51825
CVE-2017-7054,0.01271,0.66495
CVE-2017-7055,0.02258,0.80578
CVE-2017-7056,0.09881,0.94103
CVE-2017-7058,0.00954,0.34522
CVE-2017-7059,0.01018,0.38792
CVE-2017-7060,0.01213,0.6557
CVE-2017-7061,0.09881,0.94103
CVE-2017-7062,0.03107,0.83072
CVE-2017-7063,0.01213,0.6557
CVE-2017-7064,0.04164,0.85408
CVE-2017-7065,0.02515,0.81067
CVE-2017-7066,0.00885,0.26162
CVE-2017-7067,0.00954,0.34522
CVE-2017-7068,0.02657,0.81402
CVE-2017-7069,0.01402,0.71128
CVE-2017-7070,0.00885,0.26162
CVE-2017-7071,0.01366,0.70716
CVE-2017-7072,0.01136,0.57949
CVE-2017-7074,0.00954,0.34522
CVE-2017-7075,0.00885,0.26162
CVE-2017-7076,0.02209,0.80307
CVE-2017-7077,0.01271,0.66495
CVE-2017-7078,0.01213,0.6557
CVE-2017-7079,0.00885,0.26162
CVE-2017-7080,0.01319,0.70416
CVE-2017-7081,0.02408,0.8075
CVE-2017-7082,0.00954,0.34522
CVE-2017-7083,0.01232,0.66248
CVE-2017-7084,0.01136,0.57949
CVE-2017-7085,0.01213,0.6557
CVE-2017-7086,0.01319,0.70416
CVE-2017-7087,0.02408,0.8075
CVE-2017-7088,0.01136,0.57949
CVE-2017-7090,0.01408,0.72072
CVE-2017-7091,0.02408,0.8075
CVE-2017-7093,0.02408,0.8075
CVE-2017-7094,0.02408,0.8075
CVE-2017-7095,0.02408,0.8075
CVE-2017-7096,0.02408,0.8075
CVE-2017-7097,0.00954,0.34522
CVE-2017-7098,0.02408,0.8075
CVE-2017-7099,0.02408,0.8075
CVE-2017-7100,0.02408,0.8075
CVE-2017-7102,0.02408,0.8075
CVE-2017-7103,0.03107,0.83072
CVE-2017-7104,0.02408,0.8075
CVE-2017-7105,0.03107,0.83072
CVE-2017-7106,0.01319,0.70416
CVE-2017-7107,0.02408,0.8075
CVE-2017-7108,0.03107,0.83072
CVE-2017-7109,0.01408,0.72072
CVE-2017-7110,0.03107,0.83072
CVE-2017-7111,0.02408,0.8075
CVE-2017-7112,0.03107,0.83072
CVE-2017-7113,0.00885,0.26162
CVE-2017-7114,0.01402,0.71128
CVE-2017-7115,0.10064,0.94293
CVE-2017-7116,0.01319,0.70416
CVE-2017-7117,0.20516,0.96291
CVE-2017-7118,0.01136,0.57949
CVE-2017-7119,0.00954,0.34522
CVE-2017-7120,0.02408,0.8075
CVE-2017-7121,0.01055,0.50287
CVE-2017-7122,0.01055,0.50287
CVE-2017-7123,0.01055,0.50287
CVE-2017-7124,0.01055,0.50287
CVE-2017-7125,0.01055,0.50287
CVE-2017-7126,0.01136,0.57949
CVE-2017-7127,0.01402,0.71128
CVE-2017-7128,0.01319,0.70416
CVE-2017-7129,0.01319,0.70416
CVE-2017-7130,0.01319,0.70416
CVE-2017-7131,0.00885,0.26162
CVE-2017-7132,0.01682,0.75066
CVE-2017-7133,0.01136,0.57949
CVE-2017-7134,0.02209,0.80307
CVE-2017-7135,0.02209,0.80307
CVE-2017-7136,0.02209,0.80307
CVE-2017-7137,0.02209,0.80307
CVE-2017-7138,0.0089,0.2856
CVE-2017-7139,0.00885,0.26162
CVE-2017-7140,0.00885,0.26162
CVE-2017-7141,0.01136,0.57949
CVE-2017-7142,0.00954,0.34522
CVE-2017-7143,0.01061,0.51015
CVE-2017-7144,0.01213,0.6557
CVE-2017-7145,0.00885,0.26162
CVE-2017-7146,0.00885,0.26162
CVE-2017-7147,0.01136,0.57949
CVE-2017-7148,0.00885,0.26162
CVE-2017-7149,0.01034,0.39824
CVE-2017-7150,0.0089,0.2856
CVE-2017-7151,0.01108,0.53389
CVE-2017-7152,0.01319,0.70416
CVE-2017-7153,0.01319,0.70416
CVE-2017-7154,0.01832,0.76196
CVE-2017-7155,0.01036,0.41241
CVE-2017-7156,0.02949,0.82791
CVE-2017-7157,0.02949,0.82791
CVE-2017-7158,0.00885,0.26162
CVE-2017-7159,0.01036,0.41241
CVE-2017-7160,0.02197,0.80203
CVE-2017-7161,0.01689,0.75137
CVE-2017-7162,0.01237,0.66358
CVE-2017-7163,0.01036,0.41241
CVE-2017-7164,0.00885,0.26162
CVE-2017-7165,0.02197,0.80203
CVE-2017-7167,0.01103,0.51945
CVE-2017-7170,0.01036,0.41241
CVE-2017-7171,0.01237,0.66358
CVE-2017-7172,0.01363,0.70595
CVE-2017-7174,0.02166,0.79253
CVE-2017-7175,0.01055,0.50287
CVE-2017-7177,0.01018,0.38792
CVE-2017-7178,0.108,0.94438
CVE-2017-7180,0.01832,0.76196
CVE-2017-7183,0.08382,0.93597
CVE-2017-7184,0.01547,0.74085
CVE-2017-7185,0.10212,0.94357
CVE-2017-7186,0.02172,0.79917
CVE-2017-7187,0.01104,0.52279
CVE-2017-7189,0.00885,0.26162
CVE-2017-7191,0.02464,0.80851
CVE-2017-7192,0.00954,0.34522
CVE-2017-7199,0.0095,0.30554
CVE-2017-7200,0.01018,0.38792
CVE-2017-7202,0.00885,0.26162
CVE-2017-7203,0.00885,0.26162
CVE-2017-7204,0.00885,0.26162
CVE-2017-7205,0.00885,0.26162
CVE-2017-7206,0.01055,0.50287
CVE-2017-7207,0.01319,0.70416
CVE-2017-7208,0.01136,0.57949
CVE-2017-7209,0.00954,0.34522
CVE-2017-7210,0.00954,0.34522
CVE-2017-7213,0.01055,0.50287
CVE-2017-7214,0.01018,0.38792
CVE-2017-7215,0.01319,0.70416
CVE-2017-7216,0.01055,0.50287
CVE-2017-7217,0.01061,0.51015
CVE-2017-7218,0.01061,0.51015
CVE-2017-7219,0.01061,0.51015
CVE-2017-7220,0.0089,0.2856
CVE-2017-7221,0.06468,0.90621
CVE-2017-7222,0.01055,0.50287
CVE-2017-7223,0.00885,0.26162
CVE-2017-7224,0.00954,0.34522
CVE-2017-7225,0.00954,0.34522
CVE-2017-7226,0.00885,0.26162
CVE-2017-7227,0.00954,0.34522
CVE-2017-7228,0.02685,0.8144
CVE-2017-7229,0.00885,0.26162
CVE-2017-7230,0.5464,0.98707
CVE-2017-7231,0.00885,0.26162
CVE-2017-7233,0.01537,0.73595
CVE-2017-7234,0.01018,0.38792
CVE-2017-7235,0.00954,0.34522
CVE-2017-7236,0.01055,0.50287
CVE-2017-7237,0.08382,0.93597
CVE-2017-7239,0.01136,0.57949
CVE-2017-7240,0.08944,0.93724
CVE-2017-7241,0.01132,0.54372
CVE-2017-7242,0.00885,0.26162
CVE-2017-7243,0.01136,0.57949
CVE-2017-7244,0.01213,0.6557
CVE-2017-7245,0.01213,0.6557
CVE-2017-7246,0.01213,0.6557
CVE-2017-7247,0.00954,0.34522
CVE-2017-7248,0.00954,0.34522
CVE-2017-7249,0.00954,0.34522
CVE-2017-7250,0.00954,0.34522
CVE-2017-7251,0.00885,0.26162
CVE-2017-7253,0.00885,0.26162
CVE-2017-7255,0.00885,0.26162
CVE-2017-7256,0.00885,0.26162
CVE-2017-7257,0.00885,0.26162
CVE-2017-7258,0.00885,0.26162
CVE-2017-7261,0.0095,0.30554
CVE-2017-7262,0.0095,0.30554
CVE-2017-7263,0.01055,0.50287
CVE-2017-7264,0.01136,0.57949
CVE-2017-7266,0.01018,0.38792
CVE-2017-7271,0.01213,0.6557
CVE-2017-7272,0.01108,0.53389
CVE-2017-7273,0.0095,0.30554
CVE-2017-7274,0.01136,0.57949
CVE-2017-7275,0.01136,0.57949
CVE-2017-7276,0.00885,0.26162
CVE-2017-7277,0.01104,0.52279
CVE-2017-7278,0.00885,0.26162
CVE-2017-7279,0.00885,0.26162
CVE-2017-7280,0.01702,0.75164
CVE-2017-7281,0.02094,0.79056
CVE-2017-7282,0.00885,0.26162
CVE-2017-7283,0.00885,0.26162
CVE-2017-7284,0.00885,0.26162
CVE-2017-7285,0.08382,0.93597
CVE-2017-7288,0.01136,0.57949
CVE-2017-7290,0.01055,0.50287
CVE-2017-7293,0.02042,0.78565
CVE-2017-7294,0.0095,0.30554
CVE-2017-7295,0.00885,0.26162
CVE-2017-7296,0.00885,0.26162
CVE-2017-7297,0.00885,0.26162
CVE-2017-7298,0.0089,0.2856
CVE-2017-7299,0.00885,0.26162
CVE-2017-7300,0.00885,0.26162
CVE-2017-7301,0.00885,0.26162
CVE-2017-7302,0.00885,0.26162
CVE-2017-7303,0.00885,0.26162
CVE-2017-7304,0.00885,0.26162
CVE-2017-7305,0.00885,0.26162
CVE-2017-7306,0.00885,0.26162
CVE-2017-7307,0.00885,0.26162
CVE-2017-7308,0.02212,0.80358
CVE-2017-7309,0.01132,0.54372
CVE-2017-7310,0.48182,0.9849
CVE-2017-7312,0.08382,0.93597
CVE-2017-7313,0.00885,0.26162
CVE-2017-7314,0.08382,0.93597
CVE-2017-7315,0.00885,0.26162
CVE-2017-7316,0.00885,0.26162
CVE-2017-7317,0.00885,0.26162
CVE-2017-7318,0.02166,0.79253
CVE-2017-7320,0.01055,0.50287
CVE-2017-7321,0.01055,0.50287
CVE-2017-7322,0.01578,0.74478
CVE-2017-7323,0.01578,0.74478
CVE-2017-7324,0.01055,0.50287
CVE-2017-7325,0.01055,0.50287
CVE-2017-7326,0.01055,0.50287
CVE-2017-7327,0.00885,0.26162
CVE-2017-7335,0.00885,0.26162
CVE-2017-7336,0.01055,0.50287
CVE-2017-7337,0.00885,0.26162
CVE-2017-7338,0.00885,0.26162
CVE-2017-7339,0.00885,0.26162
CVE-2017-7340,0.00885,0.26162
CVE-2017-7341,0.02055,0.7893
CVE-2017-7342,0.00885,0.26162
CVE-2017-7343,0.00885,0.26162
CVE-2017-7344,0.00954,0.34522
CVE-2017-7345,0.01055,0.50287
CVE-2017-7346,0.01034,0.39824
CVE-2017-7351,0.00885,0.26162
CVE-2017-7352,0.01055,0.50287
CVE-2017-7357,0.04695,0.88634
CVE-2017-7358,0.02115,0.79119
CVE-2017-7359,0.00954,0.34522
CVE-2017-7360,0.00885,0.26162
CVE-2017-7361,0.00885,0.26162
CVE-2017-7362,0.00885,0.26162
CVE-2017-7363,0.00885,0.26162
CVE-2017-7364,0.00885,0.26162
CVE-2017-7365,0.00885,0.26162
CVE-2017-7366,0.00885,0.26162
CVE-2017-7367,0.00885,0.26162
CVE-2017-7368,0.00885,0.26162
CVE-2017-7369,0.00885,0.26162
CVE-2017-7370,0.00885,0.26162
CVE-2017-7371,0.00885,0.26162
CVE-2017-7372,0.00885,0.26162
CVE-2017-7373,0.00885,0.26162
CVE-2017-7375,0.01183,0.60428
CVE-2017-7376,0.06729,0.91198
CVE-2017-7377,0.01034,0.39824
CVE-2017-7378,0.01055,0.50287
CVE-2017-7379,0.01055,0.50287
CVE-2017-7380,0.01055,0.50287
CVE-2017-7381,0.01055,0.50287
CVE-2017-7382,0.01055,0.50287
CVE-2017-7383,0.01055,0.50287
CVE-2017-7384,0.01055,0.50287
CVE-2017-7386,0.00885,0.26162
CVE-2017-7387,0.00885,0.26162
CVE-2017-7388,0.00885,0.26162
CVE-2017-7389,0.00885,0.26162
CVE-2017-7390,0.00885,0.26162
CVE-2017-7392,0.01018,0.38792
CVE-2017-7393,0.0226,0.80584
CVE-2017-7394,0.01018,0.38792
CVE-2017-7395,0.0095,0.30554
CVE-2017-7396,0.01018,0.38792
CVE-2017-7397,0.08944,0.93724
CVE-2017-7398,0.08382,0.93597
CVE-2017-7399,0.00885,0.26162
CVE-2017-7400,0.01132,0.54372
CVE-2017-7401,0.01213,0.6557
CVE-2017-7402,0.08382,0.93597
CVE-2017-7404,0.00885,0.26162
CVE-2017-7405,0.00885,0.26162
CVE-2017-7406,0.00885,0.26162
CVE-2017-7407,0.01018,0.38792
CVE-2017-7408,0.00954,0.34522
CVE-2017-7409,0.00954,0.34522
CVE-2017-7410,0.01213,0.6557
CVE-2017-7411,0.60894,0.98857
CVE-2017-7412,0.0089,0.2856
CVE-2017-7413,0.02055,0.7893
CVE-2017-7414,0.02055,0.7893
CVE-2017-7415,0.01136,0.57949
CVE-2017-7416,0.00885,0.26162
CVE-2017-7418,0.01104,0.52279
CVE-2017-7419,0.00885,0.26162
CVE-2017-7420,0.01055,0.50287
CVE-2017-7421,0.01055,0.50287
CVE-2017-7422,0.01055,0.50287
CVE-2017-7423,0.01055,0.50287
CVE-2017-7424,0.01055,0.50287
CVE-2017-7425,0.01018,0.38792
CVE-2017-7426,0.00885,0.26162
CVE-2017-7427,0.00885,0.26162
CVE-2017-7428,0.00954,0.34522
CVE-2017-7429,0.0089,0.2856
CVE-2017-7430,0.01108,0.53389
CVE-2017-7431,0.01108,0.53389
CVE-2017-7432,0.01018,0.38792
CVE-2017-7433,0.01055,0.50287
CVE-2017-7434,0.00885,0.26162
CVE-2017-7435,0.00954,0.34522
CVE-2017-7436,0.00954,0.34522
CVE-2017-7437,0.00885,0.26162
CVE-2017-7438,0.00885,0.26162
CVE-2017-7439,0.01055,0.50287
CVE-2017-7440,0.01055,0.50287
CVE-2017-7442,0.61023,0.98874
CVE-2017-7443,0.00885,0.26162
CVE-2017-7444,0.00885,0.26162
CVE-2017-7446,0.01018,0.38792
CVE-2017-7447,0.04967,0.88942
CVE-2017-7448,0.01136,0.57949
CVE-2017-7450,0.00885,0.26162
CVE-2017-7452,0.01136,0.57949
CVE-2017-7453,0.01136,0.57949
CVE-2017-7454,0.01136,0.57949
CVE-2017-7455,0.08382,0.93597
CVE-2017-7456,0.08382,0.93597
CVE-2017-7457,0.02042,0.78565
CVE-2017-7458,0.01055,0.50287
CVE-2017-7459,0.00885,0.26162
CVE-2017-7461,0.01055,0.50287
CVE-2017-7462,0.01055,0.50287
CVE-2017-7463,0.02509,0.81058
CVE-2017-7464,0.00885,0.26162
CVE-2017-7465,0.01978,0.78447
CVE-2017-7466,0.02583,0.81238
CVE-2017-7467,0.02509,0.81058
CVE-2017-7468,0.01018,0.38792
CVE-2017-7470,0.00954,0.34522
CVE-2017-7471,0.0095,0.30554
CVE-2017-7474,0.00885,0.26162
CVE-2017-7475,0.01018,0.38792
CVE-2017-7476,0.01018,0.38792
CVE-2017-7477,0.01034,0.39824
CVE-2017-7478,0.08382,0.93597
CVE-2017-7479,0.0095,0.30554
CVE-2017-7480,0.02166,0.79253
CVE-2017-7481,0.03806,0.84842
CVE-2017-7482,0.01104,0.52279
CVE-2017-7483,0.00954,0.34522
CVE-2017-7484,0.01537,0.73595
CVE-2017-7485,0.01537,0.73595
CVE-2017-7486,0.01537,0.73595
CVE-2017-7487,0.01104,0.52279
CVE-2017-7488,0.0095,0.30554
CVE-2017-7489,0.01055,0.50287
CVE-2017-7490,0.00885,0.26162
CVE-2017-7491,0.00885,0.26162
CVE-2017-7493,0.01034,0.39824
CVE-2017-7495,0.01034,0.39824
CVE-2017-7496,0.00885,0.26162
CVE-2017-7497,0.0089,0.2856
CVE-2017-7500,0.0089,0.2856
CVE-2017-7501,0.0095,0.30554
CVE-2017-7502,0.01974,0.7812
CVE-2017-7503,0.00885,0.26162
CVE-2017-7505,0.0089,0.2856
CVE-2017-7506,0.01034,0.39824
CVE-2017-7507,0.01018,0.38792
CVE-2017-7508,0.01018,0.38792
CVE-2017-7509,0.0089,0.2856
CVE-2017-7510,0.00885,0.26162
CVE-2017-7511,0.00885,0.26162
CVE-2017-7512,0.00954,0.34522
CVE-2017-7513,0.00885,0.26162
CVE-2017-7514,0.00885,0.26162
CVE-2017-7515,0.00885,0.26162
CVE-2017-7518,0.01282,0.67298
CVE-2017-7519,0.0089,0.2856
CVE-2017-7520,0.01018,0.38792
CVE-2017-7521,0.01018,0.38792
CVE-2017-7522,0.01061,0.51015
CVE-2017-7523,0.00885,0.26162
CVE-2017-7524,0.00885,0.26162
CVE-2017-7526,0.01537,0.73595
CVE-2017-7528,0.00885,0.26162
CVE-2017-7530,0.0089,0.2856
CVE-2017-7531,0.00885,0.26162
CVE-2017-7532,0.00885,0.26162
CVE-2017-7533,0.09345,0.93957
CVE-2017-7534,0.00885,0.26162
CVE-2017-7535,0.01018,0.38792
CVE-2017-7536,0.01547,0.74085
CVE-2017-7537,0.00954,0.34522
CVE-2017-7538,0.0089,0.2856
CVE-2017-7539,0.02172,0.79917
CVE-2017-7540,0.00885,0.26162
CVE-2017-7541,0.01547,0.74085
CVE-2017-7542,0.01282,0.67298
CVE-2017-7543,0.01183,0.60428
CVE-2017-7544,0.01018,0.38792
CVE-2017-7545,0.01132,0.54372
CVE-2017-7546,0.02172,0.79917
CVE-2017-7547,0.01649,0.75017
CVE-2017-7548,0.01408,0.72072
CVE-2017-7549,0.01034,0.39824
CVE-2017-7550,0.01136,0.57949
CVE-2017-7551,0.00885,0.26162
CVE-2017-7552,0.00954,0.34522
CVE-2017-7553,0.0089,0.2856
CVE-2017-7554,0.00954,0.34522
CVE-2017-7555,0.02839,0.8236
CVE-2017-7556,0.01055,0.50287
CVE-2017-7557,0.00885,0.26162
CVE-2017-7558,0.01537,0.73595
CVE-2017-7559,0.01537,0.73595
CVE-2017-7560,0.00885,0.26162
CVE-2017-7561,0.01537,0.73595
CVE-2017-7562,0.01232,0.66248
CVE-2017-7563,0.00885,0.26162
CVE-2017-7564,0.00885,0.26162
CVE-2017-7565,0.01702,0.75164
CVE-2017-7566,0.01132,0.54372
CVE-2017-7568,0.00885,0.26162
CVE-2017-7569,0.01055,0.50287
CVE-2017-7570,0.01055,0.50287
CVE-2017-7571,0.07308,0.9216
CVE-2017-7572,0.00885,0.26162
CVE-2017-7574,0.00954,0.34522
CVE-2017-7575,0.01136,0.57949
CVE-2017-7576,0.00885,0.26162
CVE-2017-7577,0.00885,0.26162
CVE-2017-7578,0.01055,0.50287
CVE-2017-7579,0.00885,0.26162
CVE-2017-7581,0.29373,0.97209
CVE-2017-7583,0.01018,0.38792
CVE-2017-7584,0.01682,0.75066
CVE-2017-7585,0.01018,0.38792
CVE-2017-7586,0.01108,0.53389
CVE-2017-7588,0.08382,0.93597
CVE-2017-7589,0.00885,0.26162
CVE-2017-7590,0.00954,0.34522
CVE-2017-7591,0.00885,0.26162
CVE-2017-7592,0.01213,0.6557
CVE-2017-7593,0.01213,0.6557
CVE-2017-7594,0.01213,0.6557
CVE-2017-7595,0.01213,0.6557
CVE-2017-7596,0.01213,0.6557
CVE-2017-7597,0.01213,0.6557
CVE-2017-7598,0.01213,0.6557
CVE-2017-7599,0.01319,0.70416
CVE-2017-7600,0.01213,0.6557
CVE-2017-7601,0.01213,0.6557
CVE-2017-7602,0.01213,0.6557
CVE-2017-7603,0.01055,0.50287
CVE-2017-7604,0.01055,0.50287
CVE-2017-7605,0.01055,0.50287
CVE-2017-7606,0.01136,0.57949
CVE-2017-7607,0.01213,0.6557
CVE-2017-7608,0.01319,0.70416
CVE-2017-7609,0.01213,0.6557
CVE-2017-7610,0.01213,0.6557
CVE-2017-7611,0.01213,0.6557
CVE-2017-7612,0.01213,0.6557
CVE-2017-7613,0.01213,0.6557
CVE-2017-7614,0.01055,0.50287
CVE-2017-7615,0.77635,0.99389
CVE-2017-7616,0.01104,0.52279
CVE-2017-7617,0.04695,0.88634
CVE-2017-7618,0.00954,0.34522
CVE-2017-7619,0.00954,0.34522
CVE-2017-7620,0.08944,0.93724
CVE-2017-7621,0.00885,0.26162
CVE-2017-7622,0.00885,0.26162
CVE-2017-7623,0.01055,0.50287
CVE-2017-7624,0.01055,0.50287
CVE-2017-7625,0.01578,0.74478
CVE-2017-7626,0.00954,0.34522
CVE-2017-7627,0.00885,0.26162
CVE-2017-7628,0.00954,0.34522
CVE-2017-7629,0.00885,0.26162
CVE-2017-7630,0.01055,0.50287
CVE-2017-7631,0.01055,0.50287
CVE-2017-7632,0.01055,0.50287
CVE-2017-7633,0.00885,0.26162
CVE-2017-7634,0.01055,0.50287
CVE-2017-7635,0.00885,0.26162
CVE-2017-7636,0.01055,0.50287
CVE-2017-7637,0.01055,0.50287
CVE-2017-7638,0.00885,0.26162
CVE-2017-7639,0.00885,0.26162
CVE-2017-7640,0.01055,0.50287
CVE-2017-7641,0.00885,0.26162
CVE-2017-7642,0.01832,0.76196
CVE-2017-7643,0.01832,0.76196
CVE-2017-7644,0.01055,0.50287
CVE-2017-7645,0.02172,0.79917
CVE-2017-7646,0.00885,0.26162
CVE-2017-7647,0.00885,0.26162
CVE-2017-7648,0.01055,0.50287
CVE-2017-7649,0.00885,0.26162
CVE-2017-7650,0.0095,0.30554
CVE-2017-7652,0.0095,0.30554
CVE-2017-7653,0.0095,0.30554
CVE-2017-7654,0.01018,0.38792
CVE-2017-7655,0.00954,0.34522
CVE-2017-7656,0.01537,0.73595
CVE-2017-7657,0.02686,0.82061
CVE-2017-7658,0.02686,0.82061
CVE-2017-7659,0.05242,0.89216
CVE-2017-7660,0.00954,0.34522
CVE-2017-7661,0.01859,0.7626
CVE-2017-7662,0.01859,0.7626
CVE-2017-7663,0.00885,0.26162
CVE-2017-7664,0.00885,0.26162
CVE-2017-7665,0.00885,0.26162
CVE-2017-7666,0.00885,0.26162
CVE-2017-7667,0.00885,0.26162
CVE-2017-7668,0.07767,0.92799
CVE-2017-7669,0.00885,0.26162
CVE-2017-7670,0.00954,0.34522
CVE-2017-7671,0.00885,0.26162
CVE-2017-7672,0.02649,0.81395
CVE-2017-7673,0.00885,0.26162
CVE-2017-7674,0.05242,0.89216
CVE-2017-7675,0.05242,0.89216
CVE-2017-7676,0.00885,0.26162
CVE-2017-7677,0.00885,0.26162
CVE-2017-7678,0.00885,0.26162
CVE-2017-7679,0.05242,0.89216
CVE-2017-7680,0.00885,0.26162
CVE-2017-7681,0.00885,0.26162
CVE-2017-7682,0.00885,0.26162
CVE-2017-7683,0.00885,0.26162
CVE-2017-7684,0.00885,0.26162
CVE-2017-7685,0.00885,0.26162
CVE-2017-7686,0.00885,0.26162
CVE-2017-7687,0.00885,0.26162
CVE-2017-7688,0.00885,0.26162
CVE-2017-7689,0.02211,0.80357
CVE-2017-7690,0.01832,0.76196
CVE-2017-7691,0.00885,0.26162
CVE-2017-7692,0.20234,0.96264
CVE-2017-7693,0.01055,0.50287
CVE-2017-7694,0.04695,0.88634
CVE-2017-7695,0.00954,0.34522
CVE-2017-7696,0.01055,0.50287
CVE-2017-7697,0.00954,0.34522
CVE-2017-7698,0.01639,0.74924
CVE-2017-7700,0.01108,0.53389
CVE-2017-7701,0.01108,0.53389
CVE-2017-7702,0.01108,0.53389
CVE-2017-7703,0.01108,0.53389
CVE-2017-7704,0.01108,0.53389
CVE-2017-7705,0.01108,0.53389
CVE-2017-7716,0.01055,0.50287
CVE-2017-7717,0.01061,0.51015
CVE-2017-7718,0.01547,0.74085
CVE-2017-7719,0.00885,0.26162
CVE-2017-7720,0.01832,0.76196
CVE-2017-7721,0.00885,0.26162
CVE-2017-7722,0.31567,0.97479
CVE-2017-7723,0.00885,0.26162
CVE-2017-7725,0.02173,0.80027
CVE-2017-7726,0.00885,0.26162
CVE-2017-7728,0.01702,0.75164
CVE-2017-7729,0.00885,0.26162
CVE-2017-7730,0.00885,0.26162
CVE-2017-7731,0.00885,0.26162
CVE-2017-7732,0.00954,0.34522
CVE-2017-7733,0.01136,0.57949
CVE-2017-7734,0.0089,0.2856
CVE-2017-7735,0.0089,0.2856
CVE-2017-7736,0.00885,0.26162
CVE-2017-7737,0.00885,0.26162
CVE-2017-7738,0.00885,0.26162
CVE-2017-7739,0.00954,0.34522
CVE-2017-7741,0.00954,0.34522
CVE-2017-7742,0.00954,0.34522
CVE-2017-7745,0.01018,0.38792
CVE-2017-7746,0.01018,0.38792
CVE-2017-7747,0.01018,0.38792
CVE-2017-7748,0.01018,0.38792
CVE-2017-7749,0.01537,0.73595
CVE-2017-7750,0.01537,0.73595
CVE-2017-7751,0.01537,0.73595
CVE-2017-7752,0.01537,0.73595
CVE-2017-7753,0.01537,0.73595
CVE-2017-7754,0.01537,0.73595
CVE-2017-7755,0.01719,0.75183
CVE-2017-7756,0.01537,0.73595
CVE-2017-7757,0.01537,0.73595
CVE-2017-7758,0.01537,0.73595
CVE-2017-7759,0.01018,0.38792
CVE-2017-7760,0.0095,0.30554
CVE-2017-7761,0.01034,0.39824
CVE-2017-7762,0.01108,0.53389
CVE-2017-7763,0.01108,0.53389
CVE-2017-7764,0.01537,0.73595
CVE-2017-7765,0.01108,0.53389
CVE-2017-7766,0.01365,0.70715
CVE-2017-7767,0.0095,0.30554
CVE-2017-7768,0.0095,0.30554
CVE-2017-7770,0.01018,0.38792
CVE-2017-7771,0.00885,0.26162
CVE-2017-7772,0.00885,0.26162
CVE-2017-7773,0.00885,0.26162
CVE-2017-7774,0.00885,0.26162
CVE-2017-7776,0.00885,0.26162
CVE-2017-7777,0.00885,0.26162
CVE-2017-7778,0.02686,0.82061
CVE-2017-7779,0.01537,0.73595
CVE-2017-7780,0.01018,0.38792
CVE-2017-7781,0.01018,0.38792
CVE-2017-7782,0.01108,0.53389
CVE-2017-7783,0.08944,0.93724
CVE-2017-7784,0.01537,0.73595
CVE-2017-7785,0.01537,0.73595
CVE-2017-7786,0.01537,0.73595
CVE-2017-7787,0.01537,0.73595
CVE-2017-7788,0.01018,0.38792
CVE-2017-7789,0.01018,0.38792
CVE-2017-7790,0.00954,0.34522
CVE-2017-7791,0.01537,0.73595
CVE-2017-7792,0.01537,0.73595
CVE-2017-7793,0.01537,0.73595
CVE-2017-7794,0.0089,0.2856
CVE-2017-7796,0.0089,0.2856
CVE-2017-7797,0.00954,0.34522
CVE-2017-7798,0.02762,0.82156
CVE-2017-7799,0.01018,0.38792
CVE-2017-7800,0.01537,0.73595
CVE-2017-7801,0.01537,0.73595
CVE-2017-7802,0.01537,0.73595
CVE-2017-7803,0.01537,0.73595
CVE-2017-7804,0.01108,0.53389
CVE-2017-7805,0.02686,0.82061
CVE-2017-7806,0.01018,0.38792
CVE-2017-7807,0.01537,0.73595
CVE-2017-7808,0.01018,0.38792
CVE-2017-7809,0.01537,0.73595
CVE-2017-7810,0.02686,0.82061
CVE-2017-7811,0.01018,0.38792
CVE-2017-7812,0.01018,0.38792
CVE-2017-7813,0.01018,0.38792
CVE-2017-7814,0.01537,0.73595
CVE-2017-7815,0.01018,0.38792
CVE-2017-7816,0.01018,0.38792
CVE-2017-7817,0.01018,0.38792
CVE-2017-7818,0.01537,0.73595
CVE-2017-7819,0.0292,0.82471
CVE-2017-7820,0.01018,0.38792
CVE-2017-7821,0.01018,0.38792
CVE-2017-7822,0.01018,0.38792
CVE-2017-7823,0.01537,0.73595
CVE-2017-7824,0.01537,0.73595
CVE-2017-7825,0.01537,0.73595
CVE-2017-7826,0.02686,0.82061
CVE-2017-7827,0.01018,0.38792
CVE-2017-7828,0.02686,0.82061
CVE-2017-7829,0.01183,0.60428
CVE-2017-7830,0.02686,0.82061
CVE-2017-7831,0.01018,0.38792
CVE-2017-7832,0.01018,0.38792
CVE-2017-7833,0.01018,0.38792
CVE-2017-7834,0.02509,0.81058
CVE-2017-7835,0.01018,0.38792
CVE-2017-7836,0.0095,0.30554
CVE-2017-7837,0.01018,0.38792
CVE-2017-7838,0.01018,0.38792
CVE-2017-7839,0.01018,0.38792
CVE-2017-7840,0.01018,0.38792
CVE-2017-7842,0.01018,0.38792
CVE-2017-7843,0.01537,0.73595
CVE-2017-7844,0.01018,0.38792
CVE-2017-7845,0.01108,0.53389
CVE-2017-7846,0.01108,0.53389
CVE-2017-7847,0.01108,0.53389
CVE-2017-7848,0.01108,0.53389
CVE-2017-7849,0.00885,0.26162
CVE-2017-7850,0.00885,0.26162
CVE-2017-7851,0.08382,0.93597
CVE-2017-7852,0.08382,0.93597
CVE-2017-7853,0.00954,0.34522
CVE-2017-7854,0.01136,0.57949
CVE-2017-7855,0.00885,0.26162
CVE-2017-7856,0.01018,0.38792
CVE-2017-7857,0.01018,0.38792
CVE-2017-7858,0.01018,0.38792
CVE-2017-7859,0.00885,0.26162
CVE-2017-7860,0.00954,0.34522
CVE-2017-7861,0.00954,0.34522
CVE-2017-7862,0.01018,0.38792
CVE-2017-7863,0.01018,0.38792
CVE-2017-7864,0.01018,0.38792
CVE-2017-7865,0.01018,0.38792
CVE-2017-7866,0.00954,0.34522
CVE-2017-7867,0.01108,0.53389
CVE-2017-7868,0.01108,0.53389
CVE-2017-7869,0.01018,0.38792
CVE-2017-7870,0.01183,0.60428
CVE-2017-7871,0.00885,0.26162
CVE-2017-7875,0.01018,0.38792
CVE-2017-7876,0.02211,0.80357
CVE-2017-7877,0.01055,0.50287
CVE-2017-7878,0.00885,0.26162
CVE-2017-7879,0.00885,0.26162
CVE-2017-7881,0.01055,0.50287
CVE-2017-7882,0.01018,0.38792
CVE-2017-7884,0.00954,0.34522
CVE-2017-7885,0.00954,0.34522
CVE-2017-7886,0.00885,0.26162
CVE-2017-7887,0.00885,0.26162
CVE-2017-7888,0.00885,0.26162
CVE-2017-7889,0.01282,0.67298
CVE-2017-7890,0.01537,0.73595
CVE-2017-7891,0.00885,0.26162
CVE-2017-7892,0.01055,0.50287
CVE-2017-7893,0.00885,0.26162
CVE-2017-7894,0.01525,0.72834
CVE-2017-7895,0.03779,0.84781
CVE-2017-7896,0.00885,0.26162
CVE-2017-7897,0.01213,0.6557
CVE-2017-7898,0.00885,0.26162
CVE-2017-7899,0.00885,0.26162
CVE-2017-7901,0.00885,0.26162
CVE-2017-7902,0.00885,0.26162
CVE-2017-7903,0.00885,0.26162
CVE-2017-7905,0.00885,0.26162
CVE-2017-7906,0.00885,0.26162
CVE-2017-7907,0.0095,0.30554
CVE-2017-7908,0.00885,0.26162
CVE-2017-7909,0.00885,0.26162
CVE-2017-7910,0.00885,0.26162
CVE-2017-7911,0.04695,0.88634
CVE-2017-7912,0.00885,0.26162
CVE-2017-7913,0.00885,0.26162
CVE-2017-7914,0.00885,0.26162
CVE-2017-7915,0.00885,0.26162
CVE-2017-7916,0.0089,0.2856
CVE-2017-7917,0.00885,0.26162
CVE-2017-7918,0.00885,0.26162
CVE-2017-7919,0.00885,0.26162
CVE-2017-7920,0.00954,0.34522
CVE-2017-7922,0.00885,0.26162
CVE-2017-7923,0.0095,0.30554
CVE-2017-7924,0.31792,0.9748
CVE-2017-7925,0.00954,0.34522
CVE-2017-7926,0.00885,0.26162
CVE-2017-7927,0.00954,0.34522
CVE-2017-7928,0.00885,0.26162
CVE-2017-7929,0.00885,0.26162
CVE-2017-7930,0.00885,0.26162
CVE-2017-7931,0.00885,0.26162
CVE-2017-7932,0.01102,0.51825
CVE-2017-7933,0.00885,0.26162
CVE-2017-7934,0.00885,0.26162
CVE-2017-7935,0.00885,0.26162
CVE-2017-7936,0.00885,0.26162
CVE-2017-7937,0.00885,0.26162
CVE-2017-7938,0.08782,0.93663
CVE-2017-7939,0.01055,0.50287
CVE-2017-7940,0.01055,0.50287
CVE-2017-7941,0.01136,0.57949
CVE-2017-7942,0.01055,0.50287
CVE-2017-7943,0.01136,0.57949
CVE-2017-7944,0.00885,0.26162
CVE-2017-7945,0.01055,0.50287
CVE-2017-7946,0.01055,0.50287
CVE-2017-7947,0.00885,0.26162
CVE-2017-7948,0.01136,0.57949
CVE-2017-7950,0.01055,0.50287
CVE-2017-7951,0.00885,0.26162
CVE-2017-7952,0.01564,0.74439
CVE-2017-7953,0.02192,0.80195
CVE-2017-7957,0.01537,0.73595
CVE-2017-7960,0.01213,0.6557
CVE-2017-7961,0.01319,0.70416
CVE-2017-7962,0.01213,0.6557
CVE-2017-7963,0.00885,0.26162
CVE-2017-7964,0.01055,0.50287
CVE-2017-7965,0.00885,0.26162
CVE-2017-7966,0.0185,0.76248
CVE-2017-7967,0.00885,0.26162
CVE-2017-7968,0.0089,0.2856
CVE-2017-7969,0.00954,0.34522
CVE-2017-7970,0.00954,0.34522
CVE-2017-7971,0.0089,0.2856
CVE-2017-7972,0.0089,0.2856
CVE-2017-7973,0.00885,0.26162
CVE-2017-7974,0.01578,0.74478
CVE-2017-7975,0.01532,0.72897
CVE-2017-7976,0.00954,0.34522
CVE-2017-7977,0.00885,0.26162
CVE-2017-7978,0.00885,0.26162
CVE-2017-7979,0.01104,0.52279
CVE-2017-7980,0.01916,0.76514
CVE-2017-7981,0.07308,0.9216
CVE-2017-7982,0.01055,0.50287
CVE-2017-7983,0.00885,0.26162
CVE-2017-7984,0.00885,0.26162
CVE-2017-7985,0.01108,0.53389
CVE-2017-7986,0.00885,0.26162
CVE-2017-7987,0.00885,0.26162
CVE-2017-7988,0.00885,0.26162
CVE-2017-7989,0.00885,0.26162
CVE-2017-7990,0.00885,0.26162
CVE-2017-7991,0.01018,0.38792
CVE-2017-7992,0.00885,0.26162
CVE-2017-7994,0.01136,0.57949
CVE-2017-7995,0.0089,0.2856
CVE-2017-7997,0.01564,0.74439
CVE-2017-7999,0.01055,0.50287
CVE-2017-8000,0.0089,0.2856
CVE-2017-8001,0.00885,0.26162
CVE-2017-8002,0.04695,0.88634
CVE-2017-8003,0.01061,0.51015
CVE-2017-8004,0.0089,0.2856
CVE-2017-8005,0.01061,0.51015
CVE-2017-8006,0.00954,0.34522
CVE-2017-8007,0.0095,0.30554
CVE-2017-8011,0.01136,0.57949
CVE-2017-8012,0.01018,0.38792
CVE-2017-8013,0.00954,0.34522
CVE-2017-8015,0.00885,0.26162
CVE-2017-8016,0.00885,0.26162
CVE-2017-8017,0.00954,0.34522
CVE-2017-8018,0.00885,0.26162
CVE-2017-8019,0.01055,0.50287
CVE-2017-8020,0.01055,0.50287
CVE-2017-8021,0.00885,0.26162
CVE-2017-8022,0.02065,0.78945
CVE-2017-8023,0.01978,0.78447
CVE-2017-8024,0.00885,0.26162
CVE-2017-8025,0.01136,0.57949
CVE-2017-8028,0.01018,0.38792
CVE-2017-8031,0.00885,0.26162
CVE-2017-8032,0.00885,0.26162
CVE-2017-8033,0.00885,0.26162
CVE-2017-8034,0.00885,0.26162
CVE-2017-8035,0.00885,0.26162
CVE-2017-8036,0.01102,0.51825
CVE-2017-8037,0.00885,0.26162
CVE-2017-8038,0.00885,0.26162
CVE-2017-8039,0.00885,0.26162
CVE-2017-8040,0.00885,0.26162
CVE-2017-8041,0.00885,0.26162
CVE-2017-8044,0.00885,0.26162
CVE-2017-8047,0.00885,0.26162
CVE-2017-8048,0.01238,0.6639
CVE-2017-8050,0.00885,0.26162
CVE-2017-8051,0.08382,0.93597
CVE-2017-8052,0.00885,0.26162
CVE-2017-8053,0.00885,0.26162
CVE-2017-8054,0.01055,0.50287
CVE-2017-8055,0.01018,0.38792
CVE-2017-8056,0.01018,0.38792
CVE-2017-8057,0.00885,0.26162
CVE-2017-8058,0.00885,0.26162
CVE-2017-8059,0.00885,0.26162
CVE-2017-8060,0.00885,0.26162
CVE-2017-8061,0.0095,0.30554
CVE-2017-8062,0.0095,0.30554
CVE-2017-8063,0.0095,0.30554
CVE-2017-8064,0.01034,0.39824
CVE-2017-8065,0.0095,0.30554
CVE-2017-8066,0.0095,0.30554
CVE-2017-8067,0.0095,0.30554
CVE-2017-8068,0.01034,0.39824
CVE-2017-8069,0.0095,0.30554
CVE-2017-8070,0.0095,0.30554
CVE-2017-8071,0.0095,0.30554
CVE-2017-8072,0.0095,0.30554
CVE-2017-8073,0.01183,0.60428
CVE-2017-8074,0.01055,0.50287
CVE-2017-8075,0.01055,0.50287
CVE-2017-8076,0.00885,0.26162
CVE-2017-8077,0.00885,0.26162
CVE-2017-8078,0.00885,0.26162
CVE-2017-8080,0.04695,0.88634
CVE-2017-8081,0.00885,0.26162
CVE-2017-8082,0.01136,0.57949
CVE-2017-8083,0.00885,0.26162
CVE-2017-8085,0.01018,0.38792
CVE-2017-8086,0.01034,0.39824
CVE-2017-8087,0.00954,0.34522
CVE-2017-8098,0.00885,0.26162
CVE-2017-8099,0.00885,0.26162
CVE-2017-8100,0.00954,0.34522
CVE-2017-8101,0.00885,0.26162
CVE-2017-8102,0.00885,0.26162
CVE-2017-8103,0.00885,0.26162
CVE-2017-8104,0.00954,0.34522
CVE-2017-8105,0.01108,0.53389
CVE-2017-8106,0.00885,0.26162
CVE-2017-8108,0.0095,0.30554
CVE-2017-8109,0.01034,0.39824
CVE-2017-8110,0.00885,0.26162
CVE-2017-8112,0.01034,0.39824
CVE-2017-8114,0.0095,0.30554
CVE-2017-8115,0.01055,0.50287
CVE-2017-8116,0.01136,0.57949
CVE-2017-8117,0.00885,0.26162
CVE-2017-8118,0.00885,0.26162
CVE-2017-8119,0.00885,0.26162
CVE-2017-8120,0.00885,0.26162
CVE-2017-8121,0.00885,0.26162
CVE-2017-8122,0.00885,0.26162
CVE-2017-8123,0.00885,0.26162
CVE-2017-8124,0.00885,0.26162
CVE-2017-8125,0.00885,0.26162
CVE-2017-8126,0.00885,0.26162
CVE-2017-8127,0.00885,0.26162
CVE-2017-8128,0.00885,0.26162
CVE-2017-8129,0.00885,0.26162
CVE-2017-8130,0.00885,0.26162
CVE-2017-8131,0.01005,0.35949
CVE-2017-8132,0.01005,0.35949
CVE-2017-8133,0.01055,0.50287
CVE-2017-8134,0.01005,0.35949
CVE-2017-8135,0.01005,0.35949
CVE-2017-8136,0.00885,0.26162
CVE-2017-8137,0.00885,0.26162
CVE-2017-8138,0.00885,0.26162
CVE-2017-8139,0.00885,0.26162
CVE-2017-8140,0.01135,0.54401
CVE-2017-8141,0.01135,0.54401
CVE-2017-8142,0.01135,0.54401
CVE-2017-8143,0.00885,0.26162
CVE-2017-8144,0.00885,0.26162
CVE-2017-8145,0.00885,0.26162
CVE-2017-8146,0.00885,0.26162
CVE-2017-8147,0.00885,0.26162
CVE-2017-8148,0.00885,0.26162
CVE-2017-8149,0.00885,0.26162
CVE-2017-8150,0.01135,0.54401
CVE-2017-8151,0.00885,0.26162
CVE-2017-8152,0.00885,0.26162
CVE-2017-8153,0.00885,0.26162
CVE-2017-8154,0.00885,0.26162
CVE-2017-8155,0.00885,0.26162
CVE-2017-8156,0.00885,0.26162
CVE-2017-8157,0.00885,0.26162
CVE-2017-8158,0.00885,0.26162
CVE-2017-8159,0.01135,0.54401
CVE-2017-8160,0.01135,0.54401
CVE-2017-8161,0.00885,0.26162
CVE-2017-8162,0.01055,0.50287
CVE-2017-8163,0.01055,0.50287
CVE-2017-8164,0.00885,0.26162
CVE-2017-8165,0.00885,0.26162
CVE-2017-8166,0.00885,0.26162
CVE-2017-8167,0.01055,0.50287
CVE-2017-8168,0.00885,0.26162
CVE-2017-8169,0.01135,0.54401
CVE-2017-8170,0.01135,0.54401
CVE-2017-8171,0.00885,0.26162
CVE-2017-8172,0.00885,0.26162
CVE-2017-8173,0.00885,0.26162
CVE-2017-8174,0.00885,0.26162
CVE-2017-8175,0.00885,0.26162
CVE-2017-8176,0.00885,0.26162
CVE-2017-8177,0.00885,0.26162
CVE-2017-8178,0.01267,0.66451
CVE-2017-8179,0.00885,0.26162
CVE-2017-8180,0.00885,0.26162
CVE-2017-8181,0.00885,0.26162
CVE-2017-8182,0.00885,0.26162
CVE-2017-8183,0.00885,0.26162
CVE-2017-8184,0.00885,0.26162
CVE-2017-8185,0.01135,0.54401
CVE-2017-8186,0.00885,0.26162
CVE-2017-8187,0.00885,0.26162
CVE-2017-8188,0.0119,0.60447
CVE-2017-8189,0.00885,0.26162
CVE-2017-8190,0.00885,0.26162
CVE-2017-8191,0.00885,0.26162
CVE-2017-8192,0.00885,0.26162
CVE-2017-8193,0.01005,0.35949
CVE-2017-8194,0.01055,0.50287
CVE-2017-8195,0.01055,0.50287
CVE-2017-8196,0.00885,0.26162
CVE-2017-8197,0.01055,0.50287
CVE-2017-8198,0.01055,0.50287
CVE-2017-8199,0.00885,0.26162
CVE-2017-8200,0.00885,0.26162
CVE-2017-8201,0.00885,0.26162
CVE-2017-8202,0.00885,0.26162
CVE-2017-8203,0.01102,0.51825
CVE-2017-8204,0.01102,0.51825
CVE-2017-8205,0.01102,0.51825
CVE-2017-8206,0.00885,0.26162
CVE-2017-8207,0.01135,0.54401
CVE-2017-8208,0.01135,0.54401
CVE-2017-8209,0.01135,0.54401
CVE-2017-8210,0.01135,0.54401
CVE-2017-8211,0.01135,0.54401
CVE-2017-8212,0.01135,0.54401
CVE-2017-8213,0.01055,0.50287
CVE-2017-8214,0.00885,0.26162
CVE-2017-8215,0.00885,0.26162
CVE-2017-8216,0.00885,0.26162
CVE-2017-8217,0.00885,0.26162
CVE-2017-8218,0.00885,0.26162
CVE-2017-8219,0.00885,0.26162
CVE-2017-8220,0.01702,0.75164
CVE-2017-8221,0.01055,0.50287
CVE-2017-8222,0.00885,0.26162
CVE-2017-8223,0.00885,0.26162
CVE-2017-8224,0.00885,0.26162
CVE-2017-8225,0.00885,0.26162
CVE-2017-8226,0.00954,0.34522
CVE-2017-8227,0.00954,0.34522
CVE-2017-8228,0.00954,0.34522
CVE-2017-8229,0.00954,0.34522
CVE-2017-8230,0.00885,0.26162
CVE-2017-8233,0.00885,0.26162
CVE-2017-8234,0.00885,0.26162
CVE-2017-8235,0.00885,0.26162
CVE-2017-8236,0.00885,0.26162
CVE-2017-8237,0.00885,0.26162
CVE-2017-8238,0.00885,0.26162
CVE-2017-8239,0.00954,0.34522
CVE-2017-8240,0.00885,0.26162
CVE-2017-8241,0.00885,0.26162
CVE-2017-8242,0.00885,0.26162
CVE-2017-8243,0.00885,0.26162
CVE-2017-8244,0.0089,0.2856
CVE-2017-8245,0.00885,0.26162
CVE-2017-8246,0.00885,0.26162
CVE-2017-8247,0.00885,0.26162
CVE-2017-8248,0.01018,0.38792
CVE-2017-8250,0.00885,0.26162
CVE-2017-8251,0.00885,0.26162
CVE-2017-8252,0.01036,0.41241
CVE-2017-8253,0.00885,0.26162
CVE-2017-8254,0.00885,0.26162
CVE-2017-8255,0.00885,0.26162
CVE-2017-8256,0.00885,0.26162
CVE-2017-8257,0.00885,0.26162
CVE-2017-8258,0.00885,0.26162
CVE-2017-8259,0.00885,0.26162
CVE-2017-8260,0.00954,0.34522
CVE-2017-8261,0.00885,0.26162
CVE-2017-8262,0.00885,0.26162
CVE-2017-8263,0.00885,0.26162
CVE-2017-8264,0.00885,0.26162
CVE-2017-8265,0.00885,0.26162
CVE-2017-8266,0.00885,0.26162
CVE-2017-8267,0.00885,0.26162
CVE-2017-8268,0.00885,0.26162
CVE-2017-8269,0.00954,0.34522
CVE-2017-8270,0.00885,0.26162
CVE-2017-8271,0.00885,0.26162
CVE-2017-8272,0.00885,0.26162
CVE-2017-8273,0.00885,0.26162
CVE-2017-8274,0.00885,0.26162
CVE-2017-8275,0.00885,0.26162
CVE-2017-8276,0.00885,0.26162
CVE-2017-8277,0.00885,0.26162
CVE-2017-8278,0.00885,0.26162
CVE-2017-8279,0.00885,0.26162
CVE-2017-8280,0.00885,0.26162
CVE-2017-8281,0.00954,0.34522
CVE-2017-8282,0.01624,0.74891
CVE-2017-8283,0.01055,0.50287
CVE-2017-8284,0.00885,0.26162
CVE-2017-8287,0.01108,0.53389
CVE-2017-8288,0.01018,0.38792
CVE-2017-8289,0.01136,0.57949
CVE-2017-8290,0.00885,0.26162
CVE-2017-8294,0.01136,0.57949
CVE-2017-8296,0.01018,0.38792
CVE-2017-8297,0.00885,0.26162
CVE-2017-8298,0.00885,0.26162
CVE-2017-8301,0.01018,0.38792
CVE-2017-8302,0.00885,0.26162
CVE-2017-8303,0.01702,0.75164
CVE-2017-8304,0.00885,0.26162
CVE-2017-8305,0.00885,0.26162
CVE-2017-8307,0.00885,0.26162
CVE-2017-8308,0.00885,0.26162
CVE-2017-8309,0.01213,0.6557
CVE-2017-8310,0.01018,0.38792
CVE-2017-8311,0.03134,0.83163
CVE-2017-8312,0.01018,0.38792
CVE-2017-8313,0.01018,0.38792
CVE-2017-8314,0.01018,0.38792
CVE-2017-8315,0.00885,0.26162
CVE-2017-8316,0.00954,0.34522
CVE-2017-8325,0.01136,0.57949
CVE-2017-8326,0.01136,0.57949
CVE-2017-8327,0.01136,0.57949
CVE-2017-8328,0.00954,0.34522
CVE-2017-8329,0.0089,0.2856
CVE-2017-8330,0.00954,0.34522
CVE-2017-8331,0.02066,0.78986
CVE-2017-8332,0.0089,0.2856
CVE-2017-8333,0.02066,0.78986
CVE-2017-8334,0.0089,0.2856
CVE-2017-8335,0.0089,0.2856
CVE-2017-8336,0.0089,0.2856
CVE-2017-8337,0.00954,0.34522
CVE-2017-8338,0.01213,0.6557
CVE-2017-8339,0.01832,0.76196
CVE-2017-8340,0.0089,0.2856
CVE-2017-8341,0.00954,0.34522
CVE-2017-8342,0.01018,0.38792
CVE-2017-8343,0.00954,0.34522
CVE-2017-8344,0.00954,0.34522
CVE-2017-8345,0.00954,0.34522
CVE-2017-8346,0.00954,0.34522
CVE-2017-8347,0.00954,0.34522
CVE-2017-8348,0.00954,0.34522
CVE-2017-8349,0.00954,0.34522
CVE-2017-8350,0.00954,0.34522
CVE-2017-8351,0.00954,0.34522
CVE-2017-8352,0.00954,0.34522
CVE-2017-8353,0.00954,0.34522
CVE-2017-8354,0.00954,0.34522
CVE-2017-8355,0.00954,0.34522
CVE-2017-8356,0.00954,0.34522
CVE-2017-8357,0.00954,0.34522
CVE-2017-8358,0.00954,0.34522
CVE-2017-8359,0.00954,0.34522
CVE-2017-8360,0.0089,0.2856
CVE-2017-8361,0.01136,0.57949
CVE-2017-8362,0.01136,0.57949
CVE-2017-8363,0.01136,0.57949
CVE-2017-8364,0.01055,0.50287
CVE-2017-8365,0.01136,0.57949
CVE-2017-8366,0.01055,0.50287
CVE-2017-8368,0.00885,0.26162
CVE-2017-8369,0.01102,0.51825
CVE-2017-8370,0.01682,0.75066
CVE-2017-8371,0.01055,0.50287
CVE-2017-8372,0.01136,0.57949
CVE-2017-8373,0.01136,0.57949
CVE-2017-8374,0.01136,0.57949
CVE-2017-8376,0.00885,0.26162
CVE-2017-8377,0.00885,0.26162
CVE-2017-8378,0.01055,0.50287
CVE-2017-8379,0.01034,0.39824
CVE-2017-8380,0.01136,0.57949
CVE-2017-8381,0.01624,0.74891
CVE-2017-8383,0.00885,0.26162
CVE-2017-8384,0.00885,0.26162
CVE-2017-8385,0.00885,0.26162
CVE-2017-8386,0.02186,0.8012
CVE-2017-8387,0.0113,0.53554
CVE-2017-8388,0.01055,0.50287
CVE-2017-8390,0.05785,0.89924
CVE-2017-8391,0.0089,0.2856
CVE-2017-8392,0.00885,0.26162
CVE-2017-8393,0.00885,0.26162
CVE-2017-8394,0.00885,0.26162
CVE-2017-8395,0.00885,0.26162
CVE-2017-8396,0.00885,0.26162
CVE-2017-8397,0.00885,0.26162
CVE-2017-8398,0.00885,0.26162
CVE-2017-8399,0.01018,0.38792
CVE-2017-8400,0.01599,0.74589
CVE-2017-8401,0.00885,0.26162
CVE-2017-8402,0.01055,0.50287
CVE-2017-8403,0.00885,0.26162
CVE-2017-8404,0.02211,0.80357
CVE-2017-8405,0.00954,0.34522
CVE-2017-8406,0.00954,0.34522
CVE-2017-8407,0.00954,0.34522
CVE-2017-8408,0.02055,0.7893
CVE-2017-8409,0.00954,0.34522
CVE-2017-8410,0.02509,0.81058
CVE-2017-8411,0.02211,0.80357
CVE-2017-8412,0.01083,0.51019
CVE-2017-8413,0.00954,0.34522
CVE-2017-8414,0.0089,0.2856
CVE-2017-8415,0.00954,0.34522
CVE-2017-8416,0.01559,0.742
CVE-2017-8417,0.00954,0.34522
CVE-2017-8418,0.00885,0.26162
CVE-2017-8419,0.01055,0.50287
CVE-2017-8420,0.00885,0.26162
CVE-2017-8421,0.00885,0.26162
CVE-2017-8422,0.01282,0.67298
CVE-2017-8438,0.0089,0.2856
CVE-2017-8439,0.00954,0.34522
CVE-2017-8440,0.00954,0.34522
CVE-2017-8441,0.0089,0.2856
CVE-2017-8442,0.00885,0.26162
CVE-2017-8443,0.00885,0.26162
CVE-2017-8444,0.00885,0.26162
CVE-2017-8445,0.00885,0.26162
CVE-2017-8446,0.00885,0.26162
CVE-2017-8447,0.00885,0.26162
CVE-2017-8448,0.00885,0.26162
CVE-2017-8449,0.00885,0.26162
CVE-2017-8450,0.00885,0.26162
CVE-2017-8451,0.00885,0.26162
CVE-2017-8452,0.00885,0.26162
CVE-2017-8453,0.04096,0.85331
CVE-2017-8454,0.04096,0.85331
CVE-2017-8455,0.04096,0.85331
CVE-2017-8458,0.00885,0.26162
CVE-2017-8459,0.00885,0.26162
CVE-2017-8460,0.01418,0.72341
CVE-2017-8461,0.32973,0.97535
CVE-2017-8462,0.02774,0.82207
CVE-2017-8463,0.3932,0.97991
CVE-2017-8466,0.01418,0.72341
CVE-2017-8467,0.01418,0.72341
CVE-2017-8468,0.0141,0.7214
CVE-2017-8469,0.03171,0.83173
CVE-2017-8470,0.02774,0.82207
CVE-2017-8471,0.03599,0.84166
CVE-2017-8472,0.02774,0.82207
CVE-2017-8473,0.03599,0.84166
CVE-2017-8474,0.0141,0.7214
CVE-2017-8475,0.01418,0.72341
CVE-2017-8476,0.02774,0.82207
CVE-2017-8477,0.03599,0.84166
CVE-2017-8478,0.02774,0.82207
CVE-2017-8479,0.03599,0.84166
CVE-2017-8480,0.02774,0.82207
CVE-2017-8481,0.03599,0.84166
CVE-2017-8482,0.02774,0.82207
CVE-2017-8483,0.03599,0.84166
CVE-2017-8484,0.02774,0.82207
CVE-2017-8485,0.03599,0.84166
CVE-2017-8487,0.68733,0.99075
CVE-2017-8488,0.02774,0.82207
CVE-2017-8489,0.03599,0.84166
CVE-2017-8490,0.02774,0.82207
CVE-2017-8491,0.03599,0.84166
CVE-2017-8492,0.02774,0.82207
CVE-2017-8493,0.02391,0.80706
CVE-2017-8494,0.0141,0.7214
CVE-2017-8495,0.07973,0.92984
CVE-2017-8496,0.62621,0.98909
CVE-2017-8497,0.12707,0.95358
CVE-2017-8498,0.05708,0.89834
CVE-2017-8499,0.12707,0.95358
CVE-2017-8501,0.3932,0.97991
CVE-2017-8502,0.3932,0.97991
CVE-2017-8503,0.01418,0.72341
CVE-2017-8504,0.05708,0.89834
CVE-2017-8506,0.3932,0.97991
CVE-2017-8507,0.3932,0.97991
CVE-2017-8508,0.05708,0.89834
CVE-2017-8509,0.18192,0.96101
CVE-2017-8510,0.3932,0.97991
CVE-2017-8511,0.17492,0.96051
CVE-2017-8512,0.3932,0.97991
CVE-2017-8513,0.17492,0.96051
CVE-2017-8514,0.01418,0.72341
CVE-2017-8515,0.0141,0.7214
CVE-2017-8516,0.06416,0.90604
CVE-2017-8517,0.12707,0.95358
CVE-2017-8518,0.18192,0.96101
CVE-2017-8519,0.07743,0.92773
CVE-2017-8520,0.12707,0.95358
CVE-2017-8521,0.07743,0.92773
CVE-2017-8522,0.12707,0.95358
CVE-2017-8523,0.05708,0.89834
CVE-2017-8524,0.12707,0.95358
CVE-2017-8527,0.3932,0.97991
CVE-2017-8528,0.18192,0.96101
CVE-2017-8530,0.06416,0.90604
CVE-2017-8531,0.05708,0.89834
CVE-2017-8532,0.06416,0.90604
CVE-2017-8533,0.06416,0.90604
CVE-2017-8534,0.05708,0.89834
CVE-2017-8535,0.09867,0.94091
CVE-2017-8536,0.09867,0.94091
CVE-2017-8537,0.09867,0.94091
CVE-2017-8538,0.47829,0.98472
CVE-2017-8539,0.06416,0.90604
CVE-2017-8540,0.86056,0.99685
CVE-2017-8541,0.86056,0.99685
CVE-2017-8542,0.06416,0.90604
CVE-2017-8543,0.3932,0.97991
CVE-2017-8544,0.0141,0.7214
CVE-2017-8545,0.06416,0.90604
CVE-2017-8547,0.07743,0.92773
CVE-2017-8548,0.7426,0.9927
CVE-2017-8549,0.05742,0.8986
CVE-2017-8550,0.56993,0.98759
CVE-2017-8551,0.06416,0.90604
CVE-2017-8552,0.01376,0.70823
CVE-2017-8553,0.01418,0.72341
CVE-2017-8554,0.0141,0.7214
CVE-2017-8555,0.05708,0.89834
CVE-2017-8556,0.01418,0.72341
CVE-2017-8557,0.02084,0.79035
CVE-2017-8558,0.56398,0.98745
CVE-2017-8559,0.06416,0.90604
CVE-2017-8560,0.06416,0.90604
CVE-2017-8561,0.0141,0.7214
CVE-2017-8562,0.0141,0.7214
CVE-2017-8563,0.09347,0.93958
CVE-2017-8564,0.02185,0.80059
CVE-2017-8565,0.3932,0.97991
CVE-2017-8566,0.01418,0.72341
CVE-2017-8567,0.3932,0.97991
CVE-2017-8569,0.01418,0.72341
CVE-2017-8571,0.06416,0.90604
CVE-2017-8572,0.06416,0.90604
CVE-2017-8573,0.01418,0.72341
CVE-2017-8574,0.01418,0.72341
CVE-2017-8575,0.0141,0.7214
CVE-2017-8576,0.0141,0.7214
CVE-2017-8577,0.01418,0.72341
CVE-2017-8578,0.06416,0.90604
CVE-2017-8579,0.0141,0.7214
CVE-2017-8580,0.01418,0.72341
CVE-2017-8581,0.01418,0.72341
CVE-2017-8582,0.06416,0.90604
CVE-2017-8584,0.3932,0.97991
CVE-2017-8585,0.08117,0.93071
CVE-2017-8587,0.06416,0.90604
CVE-2017-8588,0.3932,0.97991
CVE-2017-8589,0.3932,0.97991
CVE-2017-8590,0.01418,0.72341
CVE-2017-8591,0.19947,0.96221
CVE-2017-8592,0.0915,0.93872
CVE-2017-8593,0.01418,0.72341
CVE-2017-8594,0.62621,0.98909
CVE-2017-8595,0.12707,0.95358
CVE-2017-8596,0.07743,0.92773
CVE-2017-8597,0.06416,0.90604
CVE-2017-8598,0.12707,0.95358
CVE-2017-8599,0.06416,0.90604
CVE-2017-8601,0.88138,0.99788
CVE-2017-8602,0.0915,0.93872
CVE-2017-8603,0.12707,0.95358
CVE-2017-8604,0.12707,0.95358
CVE-2017-8605,0.12707,0.95358
CVE-2017-8606,0.19231,0.96187
CVE-2017-8607,0.19231,0.96187
CVE-2017-8608,0.19231,0.96187
CVE-2017-8609,0.12707,0.95358
CVE-2017-8610,0.12707,0.95358
CVE-2017-8611,0.2509,0.96779
CVE-2017-8613,0.05708,0.89834
CVE-2017-8617,0.18192,0.96101
CVE-2017-8618,0.7426,0.9927
CVE-2017-8619,0.3932,0.97991
CVE-2017-8620,0.47829,0.98472
CVE-2017-8621,0.06416,0.90604
CVE-2017-8622,0.01418,0.72341
CVE-2017-8623,0.01418,0.72341
CVE-2017-8624,0.01418,0.72341
CVE-2017-8627,0.01418,0.72341
CVE-2017-8629,0.01418,0.72341
CVE-2017-8630,0.3932,0.97991
CVE-2017-8631,0.38081,0.97877
CVE-2017-8632,0.38081,0.97877
CVE-2017-8633,0.01418,0.72341
CVE-2017-8637,0.06416,0.90604
CVE-2017-8642,0.06416,0.90604
CVE-2017-8643,0.06416,0.90604
CVE-2017-8644,0.42402,0.98174
CVE-2017-8648,0.06416,0.90604
CVE-2017-8649,0.12707,0.95358
CVE-2017-8650,0.06416,0.90604
CVE-2017-8651,0.07743,0.92773
CVE-2017-8652,0.42402,0.98174
CVE-2017-8653,0.19231,0.96187
CVE-2017-8654,0.01418,0.72341
CVE-2017-8658,0.18192,0.96101
CVE-2017-8659,0.06416,0.90604
CVE-2017-8660,0.12707,0.95358
CVE-2017-8661,0.07743,0.92773
CVE-2017-8662,0.06416,0.90604
CVE-2017-8663,0.3932,0.97991
CVE-2017-8664,0.19947,0.96221
CVE-2017-8665,0.01909,0.76503
CVE-2017-8666,0.01418,0.72341
CVE-2017-8668,0.01418,0.72341
CVE-2017-8669,0.19231,0.96187
CVE-2017-8673,0.06416,0.90604
CVE-2017-8675,0.01418,0.72341
CVE-2017-8676,0.01418,0.72341
CVE-2017-8677,0.01418,0.72341
CVE-2017-8678,0.02185,0.80059
CVE-2017-8679,0.01418,0.72341
CVE-2017-8680,0.02185,0.80059
CVE-2017-8681,0.02185,0.80059
CVE-2017-8682,0.69119,0.99078
CVE-2017-8683,0.453,0.98269
CVE-2017-8684,0.02185,0.80059
CVE-2017-8685,0.02185,0.80059
CVE-2017-8686,0.3932,0.97991
CVE-2017-8687,0.02185,0.80059
CVE-2017-8688,0.01418,0.72341
CVE-2017-8689,0.01418,0.72341
CVE-2017-8691,0.47829,0.98472
CVE-2017-8692,0.3932,0.97991
CVE-2017-8693,0.01418,0.72341
CVE-2017-8694,0.01418,0.72341
CVE-2017-8695,0.06416,0.90604
CVE-2017-8696,0.32828,0.97533
CVE-2017-8699,0.3932,0.97991
CVE-2017-8700,0.06416,0.90604
CVE-2017-8702,0.01418,0.72341
CVE-2017-8703,0.01418,0.72341
CVE-2017-8704,0.01418,0.72341
CVE-2017-8706,0.01418,0.72341
CVE-2017-8707,0.01418,0.72341
CVE-2017-8708,0.02185,0.80059
CVE-2017-8709,0.01418,0.72341
CVE-2017-8710,0.09867,0.94091
CVE-2017-8711,0.01418,0.72341
CVE-2017-8712,0.01418,0.72341
CVE-2017-8713,0.01418,0.72341
CVE-2017-8714,0.19947,0.96221
CVE-2017-8715,0.01418,0.72341
CVE-2017-8716,0.01418,0.72341
CVE-2017-8717,0.3932,0.97991
CVE-2017-8718,0.3932,0.97991
CVE-2017-8719,0.01418,0.72341
CVE-2017-8720,0.01418,0.72341
CVE-2017-8723,0.06416,0.90604
CVE-2017-8724,0.06416,0.90604
CVE-2017-8725,0.3932,0.97991
CVE-2017-8726,0.12707,0.95358
CVE-2017-8727,0.12707,0.95358
CVE-2017-8728,0.3932,0.97991
CVE-2017-8729,0.88138,0.99788
CVE-2017-8731,0.88138,0.99788
CVE-2017-8733,0.06416,0.90604
CVE-2017-8734,0.88138,0.99788
CVE-2017-8735,0.06416,0.90604
CVE-2017-8736,0.0915,0.93872
CVE-2017-8737,0.3932,0.97991
CVE-2017-8738,0.12707,0.95358
CVE-2017-8739,0.06416,0.90604
CVE-2017-8740,0.88138,0.99788
CVE-2017-8741,0.19231,0.96187
CVE-2017-8742,0.38081,0.97877
CVE-2017-8743,0.3932,0.97991
CVE-2017-8744,0.3932,0.97991
CVE-2017-8745,0.0141,0.7214
CVE-2017-8746,0.01418,0.72341
CVE-2017-8747,0.12707,0.95358
CVE-2017-8748,0.19231,0.96187
CVE-2017-8749,0.12707,0.95358
CVE-2017-8750,0.19231,0.96187
CVE-2017-8751,0.62621,0.98909
CVE-2017-8752,0.12707,0.95358
CVE-2017-8753,0.12707,0.95358
CVE-2017-8754,0.06416,0.90604
CVE-2017-8755,0.88138,0.99788
CVE-2017-8756,0.12707,0.95358
CVE-2017-8757,0.3932,0.97991
CVE-2017-8758,0.06416,0.90604
CVE-2017-8760,0.00885,0.26162
CVE-2017-8761,0.00885,0.26162
CVE-2017-8762,0.00885,0.26162
CVE-2017-8763,0.01055,0.50287
CVE-2017-8765,0.00954,0.34522
CVE-2017-8766,0.01624,0.74891
CVE-2017-8768,0.02578,0.8123
CVE-2017-8769,0.00885,0.26162
CVE-2017-8770,0.08382,0.93597
CVE-2017-8771,0.00885,0.26162
CVE-2017-8772,0.00885,0.26162
CVE-2017-8773,0.01702,0.75164
CVE-2017-8774,0.00885,0.26162
CVE-2017-8775,0.00885,0.26162
CVE-2017-8776,0.00885,0.26162
CVE-2017-8777,0.0089,0.2856
CVE-2017-8778,0.00885,0.26162
CVE-2017-8779,0.76838,0.99369
CVE-2017-8780,0.00885,0.26162
CVE-2017-8781,0.01624,0.74891
CVE-2017-8782,0.01055,0.50287
CVE-2017-8783,0.0095,0.30554
CVE-2017-8785,0.00885,0.26162
CVE-2017-8786,0.01213,0.6557
CVE-2017-8787,0.01055,0.50287
CVE-2017-8788,0.00885,0.26162
CVE-2017-8789,0.00885,0.26162
CVE-2017-8790,0.00885,0.26162
CVE-2017-8791,0.00885,0.26162
CVE-2017-8792,0.00885,0.26162
CVE-2017-8793,0.00885,0.26162
CVE-2017-8794,0.00885,0.26162
CVE-2017-8795,0.00885,0.26162
CVE-2017-8796,0.00885,0.26162
CVE-2017-8797,0.03779,0.84781
CVE-2017-8798,0.08382,0.93597
CVE-2017-8799,0.01599,0.74589
CVE-2017-8801,0.00885,0.26162
CVE-2017-8803,0.01525,0.72834
CVE-2017-8804,0.02172,0.79917
CVE-2017-8805,0.01136,0.57949
CVE-2017-8806,0.0095,0.30554
CVE-2017-8807,0.01319,0.70416
CVE-2017-8808,0.00954,0.34522
CVE-2017-8810,0.01136,0.57949
CVE-2017-8811,0.00954,0.34522
CVE-2017-8812,0.01136,0.57949
CVE-2017-8814,0.00954,0.34522
CVE-2017-8815,0.00954,0.34522
CVE-2017-8816,0.01183,0.60428
CVE-2017-8817,0.01408,0.72072
CVE-2017-8818,0.01018,0.38792
CVE-2017-8819,0.00954,0.34522
CVE-2017-8820,0.01136,0.57949
CVE-2017-8821,0.00954,0.34522
CVE-2017-8822,0.01018,0.38792
CVE-2017-8823,0.01018,0.38792
CVE-2017-8824,0.03534,0.84129
CVE-2017-8825,0.00954,0.34522
CVE-2017-8826,0.00885,0.26162
CVE-2017-8827,0.01055,0.50287
CVE-2017-8829,0.01525,0.72834
CVE-2017-8830,0.00954,0.34522
CVE-2017-8831,0.01108,0.53389
CVE-2017-8832,0.00885,0.26162
CVE-2017-8833,0.00885,0.26162
CVE-2017-8834,0.01213,0.6557
CVE-2017-8835,0.33212,0.9756
CVE-2017-8836,0.00954,0.34522
CVE-2017-8837,0.00954,0.34522
CVE-2017-8838,0.00954,0.34522
CVE-2017-8839,0.00954,0.34522
CVE-2017-8840,0.00954,0.34522
CVE-2017-8841,0.0089,0.2856
CVE-2017-8842,0.01136,0.57949
CVE-2017-8843,0.01136,0.57949
CVE-2017-8844,0.01213,0.6557
CVE-2017-8845,0.01136,0.57949
CVE-2017-8846,0.01213,0.6557
CVE-2017-8847,0.01136,0.57949
CVE-2017-8848,0.00885,0.26162
CVE-2017-8849,0.01282,0.67298
CVE-2017-8850,0.00885,0.26162
CVE-2017-8851,0.00885,0.26162
CVE-2017-8852,0.02362,0.80685
CVE-2017-8853,0.00885,0.26162
CVE-2017-8854,0.00885,0.26162
CVE-2017-8855,0.00885,0.26162
CVE-2017-8856,0.02166,0.79253
CVE-2017-8857,0.02166,0.79253
CVE-2017-8858,0.01055,0.50287
CVE-2017-8859,0.00885,0.26162
CVE-2017-8860,0.00885,0.26162
CVE-2017-8861,0.01055,0.50287
CVE-2017-8862,0.00885,0.26162
CVE-2017-8863,0.00885,0.26162
CVE-2017-8864,0.0119,0.60447
CVE-2017-8865,0.00885,0.26162
CVE-2017-8866,0.01055,0.50287
CVE-2017-8867,0.00885,0.26162
CVE-2017-8868,0.00885,0.26162
CVE-2017-8869,0.42909,0.982
CVE-2017-8870,0.42909,0.982
CVE-2017-8871,0.01213,0.6557
CVE-2017-8872,0.00885,0.26162
CVE-2017-8874,0.01055,0.50287
CVE-2017-8875,0.01055,0.50287
CVE-2017-8876,0.00885,0.26162
CVE-2017-8877,0.00885,0.26162
CVE-2017-8878,0.01055,0.50287
CVE-2017-8879,0.00885,0.26162
CVE-2017-8891,0.00954,0.34522
CVE-2017-8892,0.01055,0.50287
CVE-2017-8893,0.00885,0.26162
CVE-2017-8894,0.01599,0.74589
CVE-2017-8895,0.76935,0.99371
CVE-2017-8896,0.00954,0.34522
CVE-2017-8897,0.00954,0.34522
CVE-2017-8898,0.00954,0.34522
CVE-2017-8899,0.00954,0.34522
CVE-2017-8900,0.01018,0.38792
CVE-2017-8903,0.01404,0.71155
CVE-2017-8904,0.01404,0.71155
CVE-2017-8905,0.01404,0.71155
CVE-2017-8906,0.00885,0.26162
CVE-2017-8907,0.01578,0.74478
CVE-2017-8908,0.01055,0.50287
CVE-2017-8911,0.00954,0.34522
CVE-2017-8912,0.08078,0.93055
CVE-2017-8913,0.01055,0.50287
CVE-2017-8914,0.01136,0.57949
CVE-2017-8915,0.01136,0.57949
CVE-2017-8916,0.00885,0.26162
CVE-2017-8918,0.02362,0.80685
CVE-2017-8919,0.01055,0.50287
CVE-2017-8920,0.00885,0.26162
CVE-2017-8921,0.00885,0.26162
CVE-2017-8923,0.01055,0.50287
CVE-2017-8924,0.01018,0.38792
CVE-2017-8925,0.0095,0.30554
CVE-2017-8926,0.02362,0.80685
CVE-2017-8927,0.02362,0.80685
CVE-2017-8928,0.08382,0.93597
CVE-2017-8929,0.01055,0.50287
CVE-2017-8930,0.01055,0.50287
CVE-2017-8931,0.00885,0.26162
CVE-2017-8932,0.01537,0.73595
CVE-2017-8933,0.00885,0.26162
CVE-2017-8934,0.00885,0.26162
CVE-2017-8935,0.00885,0.26162
CVE-2017-8936,0.00885,0.26162
CVE-2017-8937,0.00885,0.26162
CVE-2017-8938,0.00885,0.26162
CVE-2017-8939,0.00885,0.26162
CVE-2017-8940,0.00885,0.26162
CVE-2017-8941,0.00885,0.26162
CVE-2017-8942,0.00885,0.26162
CVE-2017-8943,0.00885,0.26162
CVE-2017-8944,0.01055,0.50287
CVE-2017-8945,0.00954,0.34522
CVE-2017-8946,0.02506,0.80879
CVE-2017-8947,0.10074,0.94302
CVE-2017-8948,0.01055,0.50287
CVE-2017-8949,0.0089,0.2856
CVE-2017-8950,0.0089,0.2856
CVE-2017-8951,0.0089,0.2856
CVE-2017-8952,0.00954,0.34522
CVE-2017-8953,0.0089,0.2856
CVE-2017-8954,0.02931,0.82528
CVE-2017-8955,0.02931,0.82528
CVE-2017-8956,0.01377,0.70912
CVE-2017-8957,0.02931,0.82528
CVE-2017-8958,0.02506,0.80879
CVE-2017-8959,0.00885,0.26162
CVE-2017-8960,0.00885,0.26162
CVE-2017-8961,0.02071,0.78995
CVE-2017-8962,0.00885,0.26162
CVE-2017-8963,0.00885,0.26162
CVE-2017-8964,0.00885,0.26162
CVE-2017-8965,0.00885,0.26162
CVE-2017-8966,0.00885,0.26162
CVE-2017-8967,0.00885,0.26162
CVE-2017-8968,0.01313,0.67355
CVE-2017-8969,0.00885,0.26162
CVE-2017-8970,0.00885,0.26162
CVE-2017-8971,0.00885,0.26162
CVE-2017-8972,0.00885,0.26162
CVE-2017-8973,0.00885,0.26162
CVE-2017-8974,0.00885,0.26162
CVE-2017-8975,0.02931,0.82528
CVE-2017-8976,0.02931,0.82528
CVE-2017-8977,0.01055,0.50287
CVE-2017-8978,0.00885,0.26162
CVE-2017-8979,0.01715,0.75175
CVE-2017-8980,0.01055,0.50287
CVE-2017-8981,0.01377,0.70912
CVE-2017-8982,0.01136,0.57949
CVE-2017-8983,0.01377,0.70912
CVE-2017-8984,0.02506,0.80879
CVE-2017-8985,0.00885,0.26162
CVE-2017-8987,0.01055,0.50287
CVE-2017-8988,0.01055,0.50287
CVE-2017-8989,0.00885,0.26162
CVE-2017-8990,0.02931,0.82528
CVE-2017-8991,0.00885,0.26162
CVE-2017-8992,0.01055,0.50287
CVE-2017-8993,0.0089,0.2856
CVE-2017-8994,0.0497,0.88982000000000006
CVE-2017-9000,0.00885,0.26162
CVE-2017-9001,0.01377,0.70912
CVE-2017-9002,0.00885,0.26162
CVE-2017-9003,0.02931,0.82528
CVE-2017-9022,0.01018,0.38792
CVE-2017-9023,0.01213,0.6557
CVE-2017-9024,0.08382,0.93597
CVE-2017-9025,0.01055,0.50287
CVE-2017-9026,0.01055,0.50287
CVE-2017-9030,0.00885,0.26162
CVE-2017-9031,0.01018,0.38792
CVE-2017-9032,0.01213,0.6557
CVE-2017-9033,0.01213,0.6557
CVE-2017-9034,0.02578,0.8123
CVE-2017-9035,0.01018,0.38792
CVE-2017-9036,0.0095,0.30554
CVE-2017-9037,0.01213,0.6557
CVE-2017-9038,0.01213,0.6557
CVE-2017-9039,0.01213,0.6557
CVE-2017-9040,0.01213,0.6557
CVE-2017-9041,0.01213,0.6557
CVE-2017-9042,0.01136,0.57949
CVE-2017-9043,0.01136,0.57949
CVE-2017-9044,0.01055,0.50287
CVE-2017-9045,0.00885,0.26162
CVE-2017-9046,0.01525,0.72834
CVE-2017-9047,0.01108,0.53389
CVE-2017-9048,0.01108,0.53389
CVE-2017-9049,0.01108,0.53389
CVE-2017-9050,0.01108,0.53389
CVE-2017-9051,0.00954,0.34522
CVE-2017-9052,0.00885,0.26162
CVE-2017-9053,0.00885,0.26162
CVE-2017-9054,0.00885,0.26162
CVE-2017-9055,0.00885,0.26162
CVE-2017-9058,0.00954,0.34522
CVE-2017-9059,0.0095,0.30554
CVE-2017-9060,0.0095,0.30554
CVE-2017-9061,0.01108,0.53389
CVE-2017-9062,0.01108,0.53389
CVE-2017-9063,0.01108,0.53389
CVE-2017-9064,0.01108,0.53389
CVE-2017-9065,0.01108,0.53389
CVE-2017-9066,0.01183,0.60428
CVE-2017-9067,0.0089,0.2856
CVE-2017-9068,0.00885,0.26162
CVE-2017-9069,0.01942,0.77152
CVE-2017-9070,0.00885,0.26162
CVE-2017-9071,0.00885,0.26162
CVE-2017-9072,0.00954,0.34522
CVE-2017-9074,0.01282,0.67298
CVE-2017-9075,0.01282,0.67298
CVE-2017-9076,0.01282,0.67298
CVE-2017-9077,0.01282,0.67298
CVE-2017-9078,0.04695,0.88634
CVE-2017-9079,0.0089,0.2856
CVE-2017-9080,0.60894,0.98857
CVE-2017-9083,0.00885,0.26162
CVE-2017-9085,0.01055,0.50287
CVE-2017-9090,0.00885,0.26162
CVE-2017-9091,0.00885,0.26162
CVE-2017-9093,0.01055,0.50287
CVE-2017-9094,0.01055,0.50287
CVE-2017-9095,0.02362,0.80685
CVE-2017-9098,0.01108,0.53389
CVE-2017-9100,0.08245,0.93221
CVE-2017-9103,0.01108,0.53389
CVE-2017-9104,0.01108,0.53389
CVE-2017-9105,0.04571,0.88388
CVE-2017-9106,0.01018,0.38792
CVE-2017-9107,0.01018,0.38792
CVE-2017-9108,0.01018,0.38792
CVE-2017-9109,0.01108,0.53389
CVE-2017-9110,0.01108,0.53389
CVE-2017-9111,0.0391,0.8496
CVE-2017-9112,0.01108,0.53389
CVE-2017-9113,0.0391,0.8496
CVE-2017-9114,0.01108,0.53389
CVE-2017-9115,0.0391,0.8496
CVE-2017-9116,0.01108,0.53389
CVE-2017-9117,0.00954,0.34522
CVE-2017-9118,0.00954,0.34522
CVE-2017-9119,0.00954,0.34522
CVE-2017-9120,0.01136,0.57949
CVE-2017-9122,0.01055,0.50287
CVE-2017-9123,0.01055,0.50287
CVE-2017-9124,0.01055,0.50287
CVE-2017-9125,0.01055,0.50287
CVE-2017-9126,0.01055,0.50287
CVE-2017-9127,0.01055,0.50287
CVE-2017-9128,0.01055,0.50287
CVE-2017-9129,0.01055,0.50287
CVE-2017-9130,0.01055,0.50287
CVE-2017-9131,0.01262,0.66439
CVE-2017-9132,0.00885,0.26162
CVE-2017-9133,0.00885,0.26162
CVE-2017-9134,0.00885,0.26162
CVE-2017-9135,0.00885,0.26162
CVE-2017-9136,0.00885,0.26162
CVE-2017-9137,0.00885,0.26162
CVE-2017-9138,0.00885,0.26162
CVE-2017-9139,0.00885,0.26162
CVE-2017-9140,0.01136,0.57949
CVE-2017-9141,0.01018,0.38792
CVE-2017-9142,0.01018,0.38792
CVE-2017-9143,0.01018,0.38792
CVE-2017-9144,0.00954,0.34522
CVE-2017-9145,0.00885,0.26162
CVE-2017-9146,0.01213,0.6557
CVE-2017-9147,0.08944,0.93724
CVE-2017-9148,0.01319,0.70416
CVE-2017-9149,0.01018,0.38792
CVE-2017-9150,0.02115,0.79119
CVE-2017-9151,0.00885,0.26162
CVE-2017-9152,0.00885,0.26162
CVE-2017-9153,0.00885,0.26162
CVE-2017-9154,0.01055,0.50287
CVE-2017-9155,0.01055,0.50287
CVE-2017-9156,0.01055,0.50287
CVE-2017-9157,0.01055,0.50287
CVE-2017-9158,0.01055,0.50287
CVE-2017-9159,0.01055,0.50287
CVE-2017-9160,0.00885,0.26162
CVE-2017-9161,0.00885,0.26162
CVE-2017-9162,0.00885,0.26162
CVE-2017-9163,0.00885,0.26162
CVE-2017-9164,0.00885,0.26162
CVE-2017-9165,0.00885,0.26162
CVE-2017-9166,0.00885,0.26162
CVE-2017-9167,0.00885,0.26162
CVE-2017-9168,0.00885,0.26162
CVE-2017-9169,0.00885,0.26162
CVE-2017-9170,0.00885,0.26162
CVE-2017-9171,0.00885,0.26162
CVE-2017-9172,0.00885,0.26162
CVE-2017-9173,0.00885,0.26162
CVE-2017-9174,0.01055,0.50287
CVE-2017-9175,0.01055,0.50287
CVE-2017-9176,0.01055,0.50287
CVE-2017-9177,0.01055,0.50287
CVE-2017-9178,0.01055,0.50287
CVE-2017-9179,0.01055,0.50287
CVE-2017-9180,0.01055,0.50287
CVE-2017-9181,0.01055,0.50287
CVE-2017-9182,0.01055,0.50287
CVE-2017-9183,0.00885,0.26162
CVE-2017-9184,0.00885,0.26162
CVE-2017-9185,0.00885,0.26162
CVE-2017-9186,0.00885,0.26162
CVE-2017-9187,0.00885,0.26162
CVE-2017-9188,0.00885,0.26162
CVE-2017-9189,0.01055,0.50287
CVE-2017-9190,0.01055,0.50287
CVE-2017-9191,0.00885,0.26162
CVE-2017-9192,0.00885,0.26162
CVE-2017-9193,0.00885,0.26162
CVE-2017-9194,0.00885,0.26162
CVE-2017-9195,0.00885,0.26162
CVE-2017-9196,0.00885,0.26162
CVE-2017-9197,0.00885,0.26162
CVE-2017-9198,0.00885,0.26162
CVE-2017-9199,0.00885,0.26162
CVE-2017-9200,0.00885,0.26162
CVE-2017-9201,0.01055,0.50287
CVE-2017-9202,0.01055,0.50287
CVE-2017-9203,0.01055,0.50287
CVE-2017-9204,0.01055,0.50287
CVE-2017-9205,0.01055,0.50287
CVE-2017-9206,0.01055,0.50287
CVE-2017-9207,0.01055,0.50287
CVE-2017-9208,0.01055,0.50287
CVE-2017-9209,0.01055,0.50287
CVE-2017-9210,0.01055,0.50287
CVE-2017-9211,0.0089,0.2856
CVE-2017-9212,0.00885,0.26162
CVE-2017-9214,0.01537,0.73595
CVE-2017-9216,0.00954,0.34522
CVE-2017-9217,0.01213,0.6557
CVE-2017-9218,0.01055,0.50287
CVE-2017-9219,0.01055,0.50287
CVE-2017-9220,0.01055,0.50287
CVE-2017-9221,0.01055,0.50287
CVE-2017-9222,0.01055,0.50287
CVE-2017-9223,0.01055,0.50287
CVE-2017-9224,0.01018,0.38792
CVE-2017-9225,0.00885,0.26162
CVE-2017-9226,0.01018,0.38792
CVE-2017-9227,0.01018,0.38792
CVE-2017-9228,0.02578,0.8123
CVE-2017-9229,0.00954,0.34522
CVE-2017-9230,0.02839,0.8236
CVE-2017-9231,0.00954,0.34522
CVE-2017-9232,0.66774,0.99008
CVE-2017-9233,0.02686,0.82061
CVE-2017-9239,0.01018,0.38792
CVE-2017-9242,0.01034,0.39824
CVE-2017-9243,0.02173,0.80027
CVE-2017-9244,0.01055,0.50287
CVE-2017-9245,0.01136,0.57949
CVE-2017-9246,0.00885,0.26162
CVE-2017-9247,0.00885,0.26162
CVE-2017-9249,0.01055,0.50287
CVE-2017-9250,0.01213,0.6557
CVE-2017-9251,0.00885,0.26162
CVE-2017-9252,0.00885,0.26162
CVE-2017-9253,0.01055,0.50287
CVE-2017-9254,0.01055,0.50287
CVE-2017-9255,0.01055,0.50287
CVE-2017-9256,0.01055,0.50287
CVE-2017-9257,0.01055,0.50287
CVE-2017-9258,0.01055,0.50287
CVE-2017-9259,0.01136,0.57949
CVE-2017-9260,0.01055,0.50287
CVE-2017-9261,0.00885,0.26162
CVE-2017-9262,0.00885,0.26162
CVE-2017-9263,0.01183,0.60428
CVE-2017-9264,0.01018,0.38792
CVE-2017-9265,0.01183,0.60428
CVE-2017-9267,0.00885,0.26162
CVE-2017-9268,0.00885,0.26162
CVE-2017-9269,0.00954,0.34522
CVE-2017-9270,0.0089,0.2856
CVE-2017-9271,0.0089,0.2856
CVE-2017-9272,0.00885,0.26162
CVE-2017-9273,0.00885,0.26162
CVE-2017-9274,0.01559,0.742
CVE-2017-9275,0.00885,0.26162
CVE-2017-9276,0.00885,0.26162
CVE-2017-9277,0.00954,0.34522
CVE-2017-9278,0.00885,0.26162
CVE-2017-9279,0.0144,0.7265
CVE-2017-9280,0.00885,0.26162
CVE-2017-9281,0.00885,0.26162
CVE-2017-9282,0.00885,0.26162
CVE-2017-9283,0.00885,0.26162
CVE-2017-9284,0.00885,0.26162
CVE-2017-9285,0.00954,0.34522
CVE-2017-9286,0.0089,0.2856
CVE-2017-9287,0.01104,0.52279
CVE-2017-9288,0.01018,0.38792
CVE-2017-9289,0.00885,0.26162
CVE-2017-9292,0.00885,0.26162
CVE-2017-9294,0.01055,0.50287
CVE-2017-9295,0.01055,0.50287
CVE-2017-9296,0.01055,0.50287
CVE-2017-9297,0.01055,0.50287
CVE-2017-9298,0.01055,0.50287
CVE-2017-9299,0.00885,0.26162
CVE-2017-9300,0.01136,0.57949
CVE-2017-9301,0.01055,0.50287
CVE-2017-9302,0.01055,0.50287
CVE-2017-9303,0.01055,0.50287
CVE-2017-9304,0.01055,0.50287
CVE-2017-9305,0.01055,0.50287
CVE-2017-9306,0.01055,0.50287
CVE-2017-9307,0.01055,0.50287
CVE-2017-9310,0.01104,0.52279
CVE-2017-9312,0.00885,0.26162
CVE-2017-9313,0.01319,0.70416
CVE-2017-9314,0.00885,0.26162
CVE-2017-9315,0.00885,0.26162
CVE-2017-9316,0.01267,0.66451
CVE-2017-9317,0.00885,0.26162
CVE-2017-9324,0.0089,0.2856
CVE-2017-9325,0.00885,0.26162
CVE-2017-9326,0.00885,0.26162
CVE-2017-9327,0.00885,0.26162
CVE-2017-9328,0.01241,0.66391
CVE-2017-9330,0.01034,0.39824
CVE-2017-9331,0.01055,0.50287
CVE-2017-9332,0.00885,0.26162
CVE-2017-9333,0.0185,0.76248
CVE-2017-9334,0.00885,0.26162
CVE-2017-9336,0.00885,0.26162
CVE-2017-9337,0.00885,0.26162
CVE-2017-9338,0.00885,0.26162
CVE-2017-9339,0.00885,0.26162
CVE-2017-9340,0.00885,0.26162
CVE-2017-9343,0.01108,0.53389
CVE-2017-9344,0.01108,0.53389
CVE-2017-9345,0.01108,0.53389
CVE-2017-9346,0.01108,0.53389
CVE-2017-9347,0.10212,0.94357
CVE-2017-9348,0.01108,0.53389
CVE-2017-9349,0.01108,0.53389
CVE-2017-9350,0.01108,0.53389
CVE-2017-9351,0.01183,0.60428
CVE-2017-9352,0.01018,0.38792
CVE-2017-9353,0.10212,0.94357
CVE-2017-9354,0.01108,0.53389
CVE-2017-9355,0.08382,0.93597
CVE-2017-9356,0.00885,0.26162
CVE-2017-9358,0.01018,0.38792
CVE-2017-9359,0.01213,0.6557
CVE-2017-9360,0.00885,0.26162
CVE-2017-9361,0.00885,0.26162
CVE-2017-9362,0.00885,0.26162
CVE-2017-9363,0.01702,0.75164
CVE-2017-9364,0.00885,0.26162
CVE-2017-9365,0.00885,0.26162
CVE-2017-9366,0.01055,0.50287
CVE-2017-9367,0.00885,0.26162
CVE-2017-9368,0.00885,0.26162
CVE-2017-9369,0.00885,0.26162
CVE-2017-9370,0.00885,0.26162
CVE-2017-9371,0.00885,0.26162
CVE-2017-9372,0.01213,0.6557
CVE-2017-9373,0.01104,0.52279
CVE-2017-9374,0.01104,0.52279
CVE-2017-9375,0.01104,0.52279
CVE-2017-9376,0.00885,0.26162
CVE-2017-9377,0.02204,0.80286
CVE-2017-9378,0.00885,0.26162
CVE-2017-9379,0.00885,0.26162
CVE-2017-9380,0.0226,0.80584
CVE-2017-9381,0.00954,0.34522
CVE-2017-9382,0.0089,0.2856
CVE-2017-9383,0.0089,0.2856
CVE-2017-9384,0.0089,0.2856
CVE-2017-9385,0.00954,0.34522
CVE-2017-9386,0.0089,0.2856
CVE-2017-9387,0.00885,0.26162
CVE-2017-9388,0.0089,0.2856
CVE-2017-9389,0.0089,0.2856
CVE-2017-9390,0.00954,0.34522
CVE-2017-9391,0.02199,0.80273
CVE-2017-9392,0.02199,0.80273
CVE-2017-9393,0.01055,0.50287
CVE-2017-9394,0.01055,0.50287
CVE-2017-9403,0.01018,0.38792
CVE-2017-9404,0.00954,0.34522
CVE-2017-9405,0.00885,0.26162
CVE-2017-9406,0.00954,0.34522
CVE-2017-9407,0.00885,0.26162
CVE-2017-9408,0.00954,0.34522
CVE-2017-9409,0.00885,0.26162
CVE-2017-9412,0.01055,0.50287
CVE-2017-9413,0.08382,0.93597
CVE-2017-9414,0.02173,0.80027
CVE-2017-9415,0.08382,0.93597
CVE-2017-9416,0.01055,0.50287
CVE-2017-9417,0.43663,0.98216
CVE-2017-9418,0.01564,0.74439
CVE-2017-9419,0.01055,0.50287
CVE-2017-9420,0.01136,0.57949
CVE-2017-9421,0.01055,0.50287
CVE-2017-9424,0.02166,0.79253
CVE-2017-9425,0.02173,0.80027
CVE-2017-9426,0.01564,0.74439
CVE-2017-9427,0.01055,0.50287
CVE-2017-9428,0.00885,0.26162
CVE-2017-9429,0.01564,0.74439
CVE-2017-9430,0.08382,0.93597
CVE-2017-9431,0.00885,0.26162
CVE-2017-9432,0.00885,0.26162
CVE-2017-9433,0.00954,0.34522
CVE-2017-9434,0.01018,0.38792
CVE-2017-9435,0.00885,0.26162
CVE-2017-9436,0.00885,0.26162
CVE-2017-9437,0.01055,0.50287
CVE-2017-9438,0.01213,0.6557
CVE-2017-9439,0.00885,0.26162
CVE-2017-9440,0.00885,0.26162
CVE-2017-9441,0.01055,0.50287
CVE-2017-9442,0.01702,0.75164
CVE-2017-9443,0.01055,0.50287
CVE-2017-9444,0.00885,0.26162
CVE-2017-9445,0.01018,0.38792
CVE-2017-9447,0.01055,0.50287
CVE-2017-9448,0.01055,0.50287
CVE-2017-9449,0.01055,0.50287
CVE-2017-9450,0.01404,0.71155
CVE-2017-9451,0.01055,0.50287
CVE-2017-9452,0.01055,0.50287
CVE-2017-9454,0.01055,0.50287
CVE-2017-9457,0.0089,0.2856
CVE-2017-9458,0.01136,0.57949
CVE-2017-9459,0.01136,0.57949
CVE-2017-9461,0.01104,0.52279
CVE-2017-9462,0.32336,0.97497
CVE-2017-9463,0.01061,0.51015
CVE-2017-9464,0.01055,0.50287
CVE-2017-9465,0.01055,0.50287
CVE-2017-9466,0.00885,0.26162
CVE-2017-9467,0.01136,0.57949
CVE-2017-9468,0.01018,0.38792
CVE-2017-9469,0.01213,0.6557
CVE-2017-9470,0.01055,0.50287
CVE-2017-9471,0.01136,0.57949
CVE-2017-9472,0.01055,0.50287
CVE-2017-9473,0.01136,0.57949
CVE-2017-9474,0.01055,0.50287
CVE-2017-9475,0.01055,0.50287
CVE-2017-9477,0.01055,0.50287
CVE-2017-9478,0.01055,0.50287
CVE-2017-9479,0.01055,0.50287
CVE-2017-9480,0.00885,0.26162
CVE-2017-9481,0.01055,0.50287
CVE-2017-9482,0.01055,0.50287
CVE-2017-9483,0.00885,0.26162
CVE-2017-9484,0.01055,0.50287
CVE-2017-9485,0.01055,0.50287
CVE-2017-9486,0.01055,0.50287
CVE-2017-9487,0.01055,0.50287
CVE-2017-9488,0.01055,0.50287
CVE-2017-9489,0.00885,0.26162
CVE-2017-9490,0.00885,0.26162
CVE-2017-9491,0.01055,0.50287
CVE-2017-9492,0.01055,0.50287
CVE-2017-9493,0.01055,0.50287
CVE-2017-9494,0.01055,0.50287
CVE-2017-9495,0.00885,0.26162
CVE-2017-9496,0.00885,0.26162
CVE-2017-9497,0.00885,0.26162
CVE-2017-9498,0.00885,0.26162
CVE-2017-9499,0.00954,0.34522
CVE-2017-9500,0.01018,0.38792
CVE-2017-9501,0.00954,0.34522
CVE-2017-9502,0.01018,0.38792
CVE-2017-9503,0.01034,0.39824
CVE-2017-9505,0.0089,0.2856
CVE-2017-9507,0.01055,0.50287
CVE-2017-9508,0.01055,0.50287
CVE-2017-9509,0.01055,0.50287
CVE-2017-9510,0.01055,0.50287
CVE-2017-9511,0.01055,0.50287
CVE-2017-9512,0.01055,0.50287
CVE-2017-9513,0.01055,0.50287
CVE-2017-9514,0.00885,0.26162
CVE-2017-9516,0.02192,0.80195
CVE-2017-9517,0.00885,0.26162
CVE-2017-9518,0.00885,0.26162
CVE-2017-9519,0.00885,0.26162
CVE-2017-9520,0.01055,0.50287
CVE-2017-9521,0.01702,0.75164
CVE-2017-9522,0.01055,0.50287
CVE-2017-9523,0.00885,0.26162
CVE-2017-9524,0.01408,0.72072
CVE-2017-9525,0.0095,0.30554
CVE-2017-9526,0.01108,0.53389
CVE-2017-9527,0.00954,0.34522
CVE-2017-9528,0.01682,0.75066
CVE-2017-9529,0.01624,0.74891
CVE-2017-9530,0.01102,0.51825
CVE-2017-9531,0.01102,0.51825
CVE-2017-9532,0.01102,0.51825
CVE-2017-9533,0.01102,0.51825
CVE-2017-9534,0.01102,0.51825
CVE-2017-9535,0.01102,0.51825
CVE-2017-9536,0.01102,0.51825
CVE-2017-9537,0.01055,0.50287
CVE-2017-9538,0.01055,0.50287
CVE-2017-9542,0.00954,0.34522
CVE-2017-9543,0.08382,0.93597
CVE-2017-9545,0.01055,0.50287
CVE-2017-9546,0.01055,0.50287
CVE-2017-9547,0.01055,0.50287
CVE-2017-9548,0.01055,0.50287
CVE-2017-9551,0.00885,0.26162
CVE-2017-9552,0.00885,0.26162
CVE-2017-9553,0.01055,0.50287
CVE-2017-9555,0.01055,0.50287
CVE-2017-9556,0.01055,0.50287
CVE-2017-9557,0.08382,0.93597
CVE-2017-9558,0.00885,0.26162
CVE-2017-9559,0.00885,0.26162
CVE-2017-9560,0.00885,0.26162
CVE-2017-9561,0.00885,0.26162
CVE-2017-9562,0.00885,0.26162
CVE-2017-9563,0.00885,0.26162
CVE-2017-9564,0.00885,0.26162
CVE-2017-9565,0.00885,0.26162
CVE-2017-9566,0.00885,0.26162
CVE-2017-9567,0.00885,0.26162
CVE-2017-9568,0.00885,0.26162
CVE-2017-9569,0.00885,0.26162
CVE-2017-9570,0.00885,0.26162
CVE-2017-9571,0.00885,0.26162
CVE-2017-9572,0.00885,0.26162
CVE-2017-9573,0.00885,0.26162
CVE-2017-9574,0.00885,0.26162
CVE-2017-9575,0.00885,0.26162
CVE-2017-9576,0.00885,0.26162
CVE-2017-9577,0.00885,0.26162
CVE-2017-9578,0.00885,0.26162
CVE-2017-9579,0.00885,0.26162
CVE-2017-9580,0.00885,0.26162
CVE-2017-9581,0.00885,0.26162
CVE-2017-9582,0.00885,0.26162
CVE-2017-9583,0.00885,0.26162
CVE-2017-9584,0.00885,0.26162
CVE-2017-9585,0.00885,0.26162
CVE-2017-9586,0.00885,0.26162
CVE-2017-9587,0.00885,0.26162
CVE-2017-9588,0.00885,0.26162
CVE-2017-9589,0.00885,0.26162
CVE-2017-9590,0.00885,0.26162
CVE-2017-9591,0.00885,0.26162
CVE-2017-9592,0.00885,0.26162
CVE-2017-9593,0.00885,0.26162
CVE-2017-9594,0.00885,0.26162
CVE-2017-9595,0.00885,0.26162
CVE-2017-9596,0.00885,0.26162
CVE-2017-9597,0.00885,0.26162
CVE-2017-9598,0.00885,0.26162
CVE-2017-9599,0.00885,0.26162
CVE-2017-9600,0.00885,0.26162
CVE-2017-9601,0.00885,0.26162
CVE-2017-9602,0.08382,0.93597
CVE-2017-9603,0.01564,0.74439
CVE-2017-9604,0.01055,0.50287
CVE-2017-9605,0.0095,0.30554
CVE-2017-9606,0.00885,0.26162
CVE-2017-9607,0.00885,0.26162
CVE-2017-9608,0.01319,0.70416
CVE-2017-9610,0.01213,0.6557
CVE-2017-9611,0.01213,0.6557
CVE-2017-9612,0.01213,0.6557
CVE-2017-9613,0.01132,0.54372
CVE-2017-9614,0.08382,0.93597
CVE-2017-9615,0.00885,0.26162
CVE-2017-9616,0.00954,0.34522
CVE-2017-9617,0.00954,0.34522
CVE-2017-9618,0.01213,0.6557
CVE-2017-9619,0.01213,0.6557
CVE-2017-9620,0.01213,0.6557
CVE-2017-9621,0.01055,0.50287
CVE-2017-9622,0.01055,0.50287
CVE-2017-9623,0.01055,0.50287
CVE-2017-9624,0.01055,0.50287
CVE-2017-9625,0.01578,0.74478
CVE-2017-9626,0.00885,0.26162
CVE-2017-9628,0.00885,0.26162
CVE-2017-9630,0.00885,0.26162
CVE-2017-9632,0.00885,0.26162
CVE-2017-9633,0.02067,0.78991
CVE-2017-9634,0.0144,0.7265
CVE-2017-9635,0.0089,0.2856
CVE-2017-9636,0.0144,0.7265
CVE-2017-9637,0.0089,0.2856
CVE-2017-9638,0.0144,0.7265
CVE-2017-9639,0.02166,0.79253
CVE-2017-9640,0.07441,0.92312
CVE-2017-9641,0.00954,0.34522
CVE-2017-9644,0.02515,0.81066
CVE-2017-9645,0.00885,0.26162
CVE-2017-9646,0.01102,0.51825
CVE-2017-9647,0.01102,0.51825
CVE-2017-9648,0.01102,0.51825
CVE-2017-9649,0.00885,0.26162
CVE-2017-9650,0.02515,0.81066
CVE-2017-9653,0.00954,0.34522
CVE-2017-9654,0.0089,0.2856
CVE-2017-9655,0.0089,0.2856
CVE-2017-9656,0.01061,0.51015
CVE-2017-9657,0.00954,0.34522
CVE-2017-9658,0.00954,0.34522
CVE-2017-9659,0.04967,0.88942
CVE-2017-9660,0.04967,0.88942
CVE-2017-9661,0.01102,0.51825
CVE-2017-9662,0.0089,0.2856
CVE-2017-9663,0.01055,0.50287
CVE-2017-9664,0.00885,0.26162
CVE-2017-9668,0.00885,0.26162
CVE-2017-9669,0.03249,0.83468
CVE-2017-9670,0.00885,0.26162
CVE-2017-9671,0.03249,0.83468
CVE-2017-9673,0.00885,0.26162
CVE-2017-9674,0.00885,0.26162
CVE-2017-9675,0.08382,0.93597
CVE-2017-9676,0.00885,0.26162
CVE-2017-9677,0.00885,0.26162
CVE-2017-9678,0.00885,0.26162
CVE-2017-9679,0.00885,0.26162
CVE-2017-9680,0.00885,0.26162
CVE-2017-9681,0.00885,0.26162
CVE-2017-9682,0.00885,0.26162
CVE-2017-9683,0.00885,0.26162
CVE-2017-9684,0.00885,0.26162
CVE-2017-9685,0.00885,0.26162
CVE-2017-9686,0.00885,0.26162
CVE-2017-9687,0.00885,0.26162
CVE-2017-9689,0.00885,0.26162
CVE-2017-9690,0.00885,0.26162
CVE-2017-9691,0.00885,0.26162
CVE-2017-9692,0.0095,0.30554
CVE-2017-9693,0.0089,0.2856
CVE-2017-9694,0.0089,0.2856
CVE-2017-9696,0.00885,0.26162
CVE-2017-9697,0.00885,0.26162
CVE-2017-9698,0.00885,0.26162
CVE-2017-9700,0.00885,0.26162
CVE-2017-9701,0.00885,0.26162
CVE-2017-9702,0.00885,0.26162
CVE-2017-9703,0.00885,0.26162
CVE-2017-9704,0.00885,0.26162
CVE-2017-9705,0.00885,0.26162
CVE-2017-9706,0.00885,0.26162
CVE-2017-9708,0.00885,0.26162
CVE-2017-9709,0.00885,0.26162
CVE-2017-9710,0.00885,0.26162
CVE-2017-9712,0.00885,0.26162
CVE-2017-9714,0.00885,0.26162
CVE-2017-9715,0.00885,0.26162
CVE-2017-9716,0.00885,0.26162
CVE-2017-9717,0.00885,0.26162
CVE-2017-9718,0.00885,0.26162
CVE-2017-9719,0.00885,0.26162
CVE-2017-9720,0.00885,0.26162
CVE-2017-9721,0.00885,0.26162
CVE-2017-9722,0.00885,0.26162
CVE-2017-9723,0.00885,0.26162
CVE-2017-9724,0.00885,0.26162
CVE-2017-9725,0.01108,0.53389
CVE-2017-9726,0.01213,0.6557
CVE-2017-9727,0.01213,0.6557
CVE-2017-9728,0.00885,0.26162
CVE-2017-9729,0.00885,0.26162
CVE-2017-9730,0.01564,0.74439
CVE-2017-9731,0.00885,0.26162
CVE-2017-9732,0.01018,0.38792
CVE-2017-9735,0.03779,0.84781
CVE-2017-9736,0.05785,0.89924
CVE-2017-9739,0.01213,0.6557
CVE-2017-9740,0.01213,0.6557
CVE-2017-9741,0.01055,0.50287
CVE-2017-9742,0.08407,0.93602
CVE-2017-9743,0.03249,0.83468
CVE-2017-9744,0.01682,0.75066
CVE-2017-9745,0.01682,0.75066
CVE-2017-9746,0.08407,0.93602
CVE-2017-9747,0.08407,0.93602
CVE-2017-9748,0.08407,0.93602
CVE-2017-9749,0.08407,0.93602
CVE-2017-9750,0.08407,0.93602
CVE-2017-9751,0.03249,0.83468
CVE-2017-9752,0.01682,0.75066
CVE-2017-9753,0.01682,0.75066
CVE-2017-9754,0.01682,0.75066
CVE-2017-9755,0.03249,0.83468
CVE-2017-9756,0.08407,0.93602
CVE-2017-9757,0.70439,0.99122
CVE-2017-9758,0.01018,0.38792
CVE-2017-9759,0.00885,0.26162
CVE-2017-9761,0.01136,0.57949
CVE-2017-9762,0.01055,0.50287
CVE-2017-9763,0.01213,0.6557
CVE-2017-9764,0.01055,0.50287
CVE-2017-9765,0.0455,0.88291
CVE-2017-9766,0.01213,0.6557
CVE-2017-9767,0.07225,0.92082
CVE-2017-9770,0.00885,0.26162
CVE-2017-9771,0.01055,0.50287
CVE-2017-9772,0.01018,0.38792
CVE-2017-9773,0.00885,0.26162
CVE-2017-9774,0.02166,0.79253
CVE-2017-9775,0.01213,0.6557
CVE-2017-9776,0.01213,0.6557
CVE-2017-9778,0.00885,0.26162
CVE-2017-9780,0.0095,0.30554
CVE-2017-9781,0.01055,0.50287
CVE-2017-9782,0.01213,0.6557
CVE-2017-9783,0.01055,0.50287
CVE-2017-9785,0.01702,0.75164
CVE-2017-9786,0.01055,0.50287
CVE-2017-9787,0.02649,0.81395
CVE-2017-9788,0.07767,0.92799
CVE-2017-9789,0.05242,0.89216
CVE-2017-9790,0.00885,0.26162
CVE-2017-9792,0.0089,0.2856
CVE-2017-9793,0.02649,0.81395
CVE-2017-9794,0.00885,0.26162
CVE-2017-9795,0.04571,0.88388
CVE-2017-9796,0.00885,0.26162
CVE-2017-9797,0.00885,0.26162
CVE-2017-9799,0.00954,0.34522
CVE-2017-9800,0.05242,0.89216
CVE-2017-9801,0.00954,0.34522
CVE-2017-9802,0.01246,0.66436
CVE-2017-9803,0.00885,0.26162
CVE-2017-9804,0.02649,0.81395
CVE-2017-9806,0.01102,0.51825
CVE-2017-9807,0.01213,0.6557
CVE-2017-9808,0.00885,0.26162
CVE-2017-9809,0.00885,0.26162
CVE-2017-9810,0.01108,0.53389
CVE-2017-9811,0.01108,0.53389
CVE-2017-9812,0.01108,0.53389
CVE-2017-9813,0.01108,0.53389
CVE-2017-9814,0.01213,0.6557
CVE-2017-9815,0.01018,0.38792
CVE-2017-9816,0.01055,0.50287
CVE-2017-9818,0.00885,0.26162
CVE-2017-9819,0.00885,0.26162
CVE-2017-9820,0.00885,0.26162
CVE-2017-9821,0.00885,0.26162
CVE-2017-9828,0.01055,0.50287
CVE-2017-9829,0.01055,0.50287
CVE-2017-9831,0.0197,0.7781
CVE-2017-9832,0.0197,0.7781
CVE-2017-9833,0.08382,0.93597
CVE-2017-9834,0.01564,0.74439
CVE-2017-9835,0.01213,0.6557
CVE-2017-9836,0.01055,0.50287
CVE-2017-9838,0.00885,0.26162
CVE-2017-9839,0.00885,0.26162
CVE-2017-9840,0.01599,0.74589
CVE-2017-9843,0.01055,0.50287
CVE-2017-9844,0.02065,0.78945
CVE-2017-9845,0.01055,0.50287
CVE-2017-9846,0.02166,0.79253
CVE-2017-9847,0.01055,0.50287
CVE-2017-9848,0.01136,0.57949
CVE-2017-9851,0.00954,0.34522
CVE-2017-9852,0.00954,0.34522
CVE-2017-9853,0.00954,0.34522
CVE-2017-9854,0.00954,0.34522
CVE-2017-9855,0.00954,0.34522
CVE-2017-9856,0.00954,0.34522
CVE-2017-9857,0.00954,0.34522
CVE-2017-9858,0.00954,0.34522
CVE-2017-9859,0.00954,0.34522
CVE-2017-9860,0.00954,0.34522
CVE-2017-9861,0.00954,0.34522
CVE-2017-9862,0.00954,0.34522
CVE-2017-9863,0.00954,0.34522
CVE-2017-9864,0.00954,0.34522
CVE-2017-9865,0.01213,0.6557
CVE-2017-9868,0.00885,0.26162
CVE-2017-9869,0.02808,0.8233
CVE-2017-9870,0.01055,0.50287
CVE-2017-9871,0.01055,0.50287
CVE-2017-9872,0.02808,0.8233
CVE-2017-9873,0.01102,0.51825
CVE-2017-9874,0.01102,0.51825
CVE-2017-9875,0.01102,0.51825
CVE-2017-9876,0.01102,0.51825
CVE-2017-9877,0.01102,0.51825
CVE-2017-9878,0.01102,0.51825
CVE-2017-9879,0.01102,0.51825
CVE-2017-9880,0.01102,0.51825
CVE-2017-9881,0.01102,0.51825
CVE-2017-9882,0.01102,0.51825
CVE-2017-9883,0.01102,0.51825
CVE-2017-9884,0.00885,0.26162
CVE-2017-9885,0.00885,0.26162
CVE-2017-9886,0.00885,0.26162
CVE-2017-9887,0.00885,0.26162
CVE-2017-9888,0.00885,0.26162
CVE-2017-9889,0.00885,0.26162
CVE-2017-9890,0.00885,0.26162
CVE-2017-9891,0.00885,0.26162
CVE-2017-9892,0.00885,0.26162
CVE-2017-9893,0.01624,0.74891
CVE-2017-9894,0.01624,0.74891
CVE-2017-9895,0.01624,0.74891
CVE-2017-9896,0.01624,0.74891
CVE-2017-9897,0.01624,0.74891
CVE-2017-9898,0.01624,0.74891
CVE-2017-9899,0.01624,0.74891
CVE-2017-9900,0.01624,0.74891
CVE-2017-9901,0.01624,0.74891
CVE-2017-9902,0.01624,0.74891
CVE-2017-9903,0.01624,0.74891
CVE-2017-9904,0.01055,0.50287
CVE-2017-9905,0.01055,0.50287
CVE-2017-9906,0.01055,0.50287
CVE-2017-9907,0.01055,0.50287
CVE-2017-9908,0.01055,0.50287
CVE-2017-9909,0.01055,0.50287
CVE-2017-9910,0.01055,0.50287
CVE-2017-9911,0.01055,0.50287
CVE-2017-9912,0.01055,0.50287
CVE-2017-9913,0.01055,0.50287
CVE-2017-9914,0.01624,0.74891
CVE-2017-9915,0.01525,0.72834
CVE-2017-9916,0.00885,0.26162
CVE-2017-9917,0.00885,0.26162
CVE-2017-9918,0.01525,0.72834
CVE-2017-9919,0.01525,0.72834
CVE-2017-9920,0.01525,0.72834
CVE-2017-9921,0.01525,0.72834
CVE-2017-9922,0.01525,0.72834
CVE-2017-9923,0.01525,0.72834
CVE-2017-9924,0.01702,0.75164
CVE-2017-9925,0.01702,0.75164
CVE-2017-9926,0.01055,0.50287
CVE-2017-9927,0.01055,0.50287
CVE-2017-9928,0.01018,0.38792
CVE-2017-9929,0.01018,0.38792
CVE-2017-9930,0.00885,0.26162
CVE-2017-9931,0.00885,0.26162
CVE-2017-9932,0.00885,0.26162
CVE-2017-9933,0.00954,0.34522
CVE-2017-9935,0.02578,0.8123
CVE-2017-9936,0.08944,0.93724
CVE-2017-9937,0.01136,0.57949
CVE-2017-9938,0.00954,0.34522
CVE-2017-9939,0.00885,0.26162
CVE-2017-9940,0.00885,0.26162
CVE-2017-9941,0.00885,0.26162
CVE-2017-9942,0.00885,0.26162
CVE-2017-9944,0.01055,0.50287
CVE-2017-9945,0.00885,0.26162
CVE-2017-9946,0.00954,0.34522
CVE-2017-9947,0.01136,0.57949
CVE-2017-9948,0.02084,0.79035
CVE-2017-9949,0.01136,0.57949
CVE-2017-9951,0.01319,0.70416
CVE-2017-9953,0.01055,0.50287
CVE-2017-9954,0.01136,0.57949
CVE-2017-9955,0.01055,0.50287
CVE-2017-9956,0.00885,0.26162
CVE-2017-9957,0.00885,0.26162
CVE-2017-9958,0.01102,0.51825
CVE-2017-9959,0.00885,0.26162
CVE-2017-9960,0.00885,0.26162
CVE-2017-9961,0.01102,0.51825
CVE-2017-9962,0.00885,0.26162
CVE-2017-9963,0.00885,0.26162
CVE-2017-9964,0.00954,0.34522
CVE-2017-9965,0.00954,0.34522
CVE-2017-9966,0.0089,0.2856
CVE-2017-9967,0.01005,0.36332
CVE-2017-9968,0.00954,0.34522
CVE-2017-9969,0.0089,0.2856
CVE-2017-9970,0.04571,0.88388
CVE-2017-9977,0.01055,0.50287
CVE-2017-9978,0.01018,0.38792
CVE-2017-9979,0.01018,0.38792
CVE-2017-9980,0.02055,0.7893
CVE-2017-9982,0.01136,0.57949
CVE-2017-9984,0.0095,0.30554
CVE-2017-9985,0.0095,0.30554
CVE-2017-9986,0.00885,0.26162
CVE-2017-9987,0.01055,0.50287
CVE-2017-9988,0.01136,0.57949
CVE-2017-9989,0.01136,0.57949
CVE-2017-9990,0.01136,0.57949
CVE-2017-9991,0.01136,0.57949
CVE-2017-9992,0.01213,0.6557
CVE-2017-9993,0.01018,0.38792
CVE-2017-9994,0.01213,0.6557
CVE-2017-9995,0.01213,0.6557
CVE-2017-9996,0.01213,0.6557
CVE-2017-9998,0.01055,0.50287
CVE-2016-0002,0.33605,0.97572
CVE-2016-0003,0.3932,0.97991
CVE-2016-0005,0.22823,0.96484
CVE-2016-0006,0.02369,0.80692
CVE-2016-0007,0.14839,0.95672
CVE-2016-0008,0.2509,0.96779
CVE-2016-0009,0.18192,0.96101
CVE-2016-0010,0.17492,0.96051
CVE-2016-0011,0.11291,0.9479
CVE-2016-0012,0.22823,0.96484
CVE-2016-0015,0.68733,0.99075
CVE-2016-0016,0.8267,0.99551
CVE-2016-0018,0.23469,0.96555
CVE-2016-0019,0.22823,0.96484
CVE-2016-0020,0.01418,0.72341
CVE-2016-0021,0.3932,0.97991
CVE-2016-0022,0.38081,0.97877
CVE-2016-0024,0.3932,0.97991
CVE-2016-0025,0.09201,0.93925
CVE-2016-0026,0.09332,0.93957
CVE-2016-0028,0.22823,0.96484
CVE-2016-0029,0.2509,0.96779
CVE-2016-0030,0.2509,0.96779
CVE-2016-0031,0.2509,0.96779
CVE-2016-0032,0.2509,0.96779
CVE-2016-0033,0.22823,0.96484
CVE-2016-0035,0.3932,0.97991
CVE-2016-0036,0.18192,0.96101
CVE-2016-0037,0.36326,0.97779
CVE-2016-0038,0.3932,0.97991
CVE-2016-0039,0.22823,0.96484
CVE-2016-0041,0.69822,0.99092
CVE-2016-0042,0.23469,0.96555
CVE-2016-0044,0.22823,0.96484
CVE-2016-0046,0.3932,0.97991
CVE-2016-0047,0.22823,0.96484
CVE-2016-0048,0.0141,0.7214
CVE-2016-0050,0.33498,0.9757
CVE-2016-0052,0.38081,0.97877
CVE-2016-0053,0.38081,0.97877
CVE-2016-0054,0.16751,0.95967
CVE-2016-0055,0.17492,0.96051
CVE-2016-0056,0.17492,0.96051
CVE-2016-0057,0.01418,0.72341
CVE-2016-0058,0.17492,0.96051
CVE-2016-0059,0.22823,0.96484
CVE-2016-0060,0.28551,0.97173
CVE-2016-0061,0.24536,0.96676
CVE-2016-0062,0.24536,0.96676
CVE-2016-0063,0.73262,0.99229
CVE-2016-0064,0.13772,0.95571
CVE-2016-0067,0.13772,0.95571
CVE-2016-0068,0.22823,0.96484
CVE-2016-0069,0.26996,0.97024
CVE-2016-0070,0.08307,0.93279
CVE-2016-0071,0.13772,0.95571
CVE-2016-0072,0.23894,0.9661
CVE-2016-0073,0.01713,0.75173
CVE-2016-0075,0.11174,0.9465
CVE-2016-0077,0.23344,0.96541
CVE-2016-0079,0.01713,0.75173
CVE-2016-0080,0.2509,0.96779
CVE-2016-0084,0.23894,0.9661
CVE-2016-0087,0.01418,0.72341
CVE-2016-0088,0.17492,0.96051
CVE-2016-0089,0.05708,0.89834
CVE-2016-0090,0.05708,0.89834
CVE-2016-0091,0.47829,0.98472
CVE-2016-0092,0.47829,0.98472
CVE-2016-0093,0.01961,0.77613
CVE-2016-0094,0.01961,0.77613
CVE-2016-0096,0.01418,0.72341
CVE-2016-0098,0.3932,0.97991
CVE-2016-0100,0.3932,0.97991
CVE-2016-0101,0.3932,0.97991
CVE-2016-0102,0.24536,0.96676
CVE-2016-0103,0.23894,0.9661
CVE-2016-0104,0.23894,0.9661
CVE-2016-0105,0.24536,0.96676
CVE-2016-0106,0.24536,0.96676
CVE-2016-0107,0.22543,0.9646
CVE-2016-0108,0.83193,0.99566
CVE-2016-0109,0.28551,0.97173
CVE-2016-0110,0.24536,0.96676
CVE-2016-0111,0.84391,0.99614
CVE-2016-0112,0.24536,0.96676
CVE-2016-0113,0.22543,0.9646
CVE-2016-0114,0.22543,0.9646
CVE-2016-0116,0.13772,0.95571
CVE-2016-0117,0.3932,0.97991
CVE-2016-0118,0.47829,0.98472
CVE-2016-0120,0.50117,0.98628
CVE-2016-0121,0.69119,0.99078
CVE-2016-0122,0.7673,0.99362
CVE-2016-0123,0.22543,0.9646
CVE-2016-0124,0.23894,0.9661
CVE-2016-0125,0.22823,0.96484
CVE-2016-0126,0.3932,0.97991
CVE-2016-0127,0.38081,0.97877
CVE-2016-0128,0.09867,0.94091
CVE-2016-0129,0.23894,0.9661
CVE-2016-0130,0.23894,0.9661
CVE-2016-0132,0.2509,0.96779
CVE-2016-0133,0.07353,0.92239
CVE-2016-0134,0.38372,0.97889
CVE-2016-0135,0.08331,0.93281
CVE-2016-0136,0.47829,0.98472
CVE-2016-0137,0.09332,0.93957
CVE-2016-0138,0.11348,0.94801
CVE-2016-0139,0.17492,0.96051
CVE-2016-0140,0.38081,0.97877
CVE-2016-0141,0.06416,0.90604
CVE-2016-0142,0.32828,0.97533
CVE-2016-0143,0.01961,0.77613
CVE-2016-0145,0.88045,0.99773
CVE-2016-0147,0.14363,0.95619
CVE-2016-0148,0.69822,0.99092
CVE-2016-0149,0.06416,0.90604
CVE-2016-0150,0.22823,0.96484
CVE-2016-0151,0.01713,0.75173
CVE-2016-0152,0.41717,0.98152
CVE-2016-0153,0.17492,0.96051
CVE-2016-0154,0.22543,0.9646
CVE-2016-0155,0.13772,0.95571
CVE-2016-0156,0.13772,0.95571
CVE-2016-0157,0.23894,0.9661
CVE-2016-0158,0.2509,0.96779
CVE-2016-0159,0.23894,0.9661
CVE-2016-0160,0.63046,0.98918
CVE-2016-0161,0.22823,0.96484
CVE-2016-0162,0.2509,0.96779
CVE-2016-0164,0.23894,0.9661
CVE-2016-0165,0.01961,0.77613
CVE-2016-0166,0.23894,0.9661
CVE-2016-0167,0.01418,0.72341
CVE-2016-0168,0.50117,0.98628
CVE-2016-0169,0.50117,0.98628
CVE-2016-0170,0.69119,0.99078
CVE-2016-0171,0.01961,0.77613
CVE-2016-0173,0.01961,0.77613
CVE-2016-0174,0.02084,0.79035
CVE-2016-0175,0.02084,0.79035
CVE-2016-0176,0.02084,0.79035
CVE-2016-0178,0.19947,0.96221
CVE-2016-0179,0.32828,0.97533
CVE-2016-0180,0.01418,0.72341
CVE-2016-0181,0.01418,0.72341
CVE-2016-0182,0.47829,0.98472
CVE-2016-0183,0.17428,0.96041
CVE-2016-0184,0.3932,0.97991
CVE-2016-0185,0.69375,0.99084
CVE-2016-0186,0.24536,0.96676
CVE-2016-0187,0.22543,0.9646
CVE-2016-0188,0.2509,0.96779
CVE-2016-0190,0.01418,0.72341
CVE-2016-0191,0.22543,0.9646
CVE-2016-0192,0.28551,0.97173
CVE-2016-0193,0.22543,0.9646
CVE-2016-0194,0.21805,0.96414
CVE-2016-0195,0.3932,0.97991
CVE-2016-0196,0.02084,0.79035
CVE-2016-0197,0.01418,0.72341
CVE-2016-0198,0.3932,0.97991
CVE-2016-0200,0.23894,0.9661
CVE-2016-0201,0.01136,0.57949
CVE-2016-0202,0.00885,0.26162
CVE-2016-0203,0.00885,0.26162
CVE-2016-0204,0.01055,0.50287
CVE-2016-0205,0.00885,0.26162
CVE-2016-0206,0.00885,0.26162
CVE-2016-0207,0.01055,0.50287
CVE-2016-0208,0.01136,0.57949
CVE-2016-0209,0.01055,0.50287
CVE-2016-0210,0.01055,0.50287
CVE-2016-0211,0.01232,0.66248
CVE-2016-0212,0.01055,0.50287
CVE-2016-0213,0.01055,0.50287
CVE-2016-0214,0.01055,0.50287
CVE-2016-0215,0.01055,0.50287
CVE-2016-0216,0.01055,0.50287
CVE-2016-0217,0.01055,0.50287
CVE-2016-0218,0.01055,0.50287
CVE-2016-0219,0.01055,0.50287
CVE-2016-0221,0.01061,0.51015
CVE-2016-0222,0.01055,0.50287
CVE-2016-0223,0.01055,0.50287
CVE-2016-0224,0.01055,0.50287
CVE-2016-0225,0.01055,0.50287
CVE-2016-0226,0.01018,0.38792
CVE-2016-0227,0.01061,0.51015
CVE-2016-0228,0.01055,0.50287
CVE-2016-0229,0.01055,0.50287
CVE-2016-0230,0.02686,0.82061
CVE-2016-0231,0.01232,0.66248
CVE-2016-0232,0.01232,0.66248
CVE-2016-0233,0.01055,0.50287
CVE-2016-0234,0.00885,0.26162
CVE-2016-0235,0.00885,0.26162
CVE-2016-0236,0.01055,0.50287
CVE-2016-0237,0.00885,0.26162
CVE-2016-0238,0.00954,0.34522
CVE-2016-0239,0.01055,0.50287
CVE-2016-0240,0.01055,0.50287
CVE-2016-0241,0.01055,0.50287
CVE-2016-0242,0.01055,0.50287
CVE-2016-0243,0.01213,0.6557
CVE-2016-0244,0.01055,0.50287
CVE-2016-0245,0.01055,0.50287
CVE-2016-0246,0.01055,0.50287
CVE-2016-0247,0.00885,0.26162
CVE-2016-0248,0.00885,0.26162
CVE-2016-0249,0.01055,0.50287
CVE-2016-0250,0.01055,0.50287
CVE-2016-0252,0.00885,0.26162
CVE-2016-0253,0.01055,0.50287
CVE-2016-0254,0.01061,0.51015
CVE-2016-0255,0.01055,0.50287
CVE-2016-0259,0.00885,0.26162
CVE-2016-0260,0.01055,0.50287
CVE-2016-0261,0.01055,0.50287
CVE-2016-0262,0.01055,0.50287
CVE-2016-0263,0.0089,0.2856
CVE-2016-0264,0.10938,0.94483
CVE-2016-0265,0.01055,0.50287
CVE-2016-0266,0.01537,0.73595
CVE-2016-0267,0.01055,0.50287
CVE-2016-0268,0.01055,0.50287
CVE-2016-0269,0.01055,0.50287
CVE-2016-0270,0.01319,0.70416
CVE-2016-0271,0.00885,0.26162
CVE-2016-0272,0.01055,0.50287
CVE-2016-0273,0.01055,0.50287
CVE-2016-0274,0.01055,0.50287
CVE-2016-0275,0.00885,0.26162
CVE-2016-0276,0.01978,0.78447
CVE-2016-0277,0.01996,0.78455
CVE-2016-0278,0.05593,0.89561
CVE-2016-0279,0.01996,0.78455
CVE-2016-0280,0.01132,0.54372
CVE-2016-0281,0.01408,0.72072
CVE-2016-0282,0.01061,0.51015
CVE-2016-0283,0.01136,0.57949
CVE-2016-0284,0.01055,0.50287
CVE-2016-0285,0.01055,0.50287
CVE-2016-0286,0.01055,0.50287
CVE-2016-0287,0.0095,0.30554
CVE-2016-0288,0.01055,0.50287
CVE-2016-0289,0.01055,0.50287
CVE-2016-0291,0.01055,0.50287
CVE-2016-0292,0.00885,0.26162
CVE-2016-0293,0.01055,0.50287
CVE-2016-0295,0.01055,0.50287
CVE-2016-0296,0.00885,0.26162
CVE-2016-0297,0.01055,0.50287
CVE-2016-0298,0.01055,0.50287
CVE-2016-0299,0.01055,0.50287
CVE-2016-0300,0.01055,0.50287
CVE-2016-0301,0.01996,0.78455
CVE-2016-0303,0.01055,0.50287
CVE-2016-0304,0.01702,0.75164
CVE-2016-0305,0.01055,0.50287
CVE-2016-0306,0.00954,0.34522
CVE-2016-0307,0.01055,0.50287
CVE-2016-0308,0.00885,0.26162
CVE-2016-0310,0.00885,0.26162
CVE-2016-0311,0.01061,0.51015
CVE-2016-0312,0.01055,0.50287
CVE-2016-0313,0.01055,0.50287
CVE-2016-0314,0.01055,0.50287
CVE-2016-0315,0.01055,0.50287
CVE-2016-0316,0.01055,0.50287
CVE-2016-0317,0.01055,0.50287
CVE-2016-0318,0.01055,0.50287
CVE-2016-0319,0.01055,0.50287
CVE-2016-0320,0.00885,0.26162
CVE-2016-0321,0.00954,0.34522
CVE-2016-0322,0.01055,0.50287
CVE-2016-0323,0.01055,0.50287
CVE-2016-0324,0.01978,0.78447
CVE-2016-0325,0.01055,0.50287
CVE-2016-0326,0.01055,0.50287
CVE-2016-0327,0.00885,0.26162
CVE-2016-0328,0.01102,0.51825
CVE-2016-0329,0.01055,0.50287
CVE-2016-0330,0.01055,0.50287
CVE-2016-0331,0.01061,0.51015
CVE-2016-0332,0.01055,0.50287
CVE-2016-0335,0.01055,0.50287
CVE-2016-0336,0.01055,0.50287
CVE-2016-0338,0.00885,0.26162
CVE-2016-0339,0.01136,0.57949
CVE-2016-0340,0.01136,0.57949
CVE-2016-0341,0.01055,0.50287
CVE-2016-0342,0.01055,0.50287
CVE-2016-0343,0.01055,0.50287
CVE-2016-0344,0.01055,0.50287
CVE-2016-0345,0.01055,0.50287
CVE-2016-0346,0.01061,0.51015
CVE-2016-0348,0.01055,0.50287
CVE-2016-0349,0.01061,0.51015
CVE-2016-0350,0.01055,0.50287
CVE-2016-0351,0.01055,0.50287
CVE-2016-0353,0.01055,0.50287
CVE-2016-0354,0.0095,0.30554
CVE-2016-0355,0.0095,0.30554
CVE-2016-0356,0.0095,0.30554
CVE-2016-0357,0.01136,0.57949
CVE-2016-0358,0.0089,0.2856
CVE-2016-0359,0.01213,0.6557
CVE-2016-0360,0.00954,0.34522
CVE-2016-0361,0.01061,0.51015
CVE-2016-0362,0.01055,0.50287
CVE-2016-0363,0.04358,0.87435
CVE-2016-0364,0.01055,0.50287
CVE-2016-0365,0.01055,0.50287
CVE-2016-0366,0.01055,0.50287
CVE-2016-0367,0.01055,0.50287
CVE-2016-0369,0.01055,0.50287
CVE-2016-0370,0.01132,0.54372
CVE-2016-0371,0.00885,0.26162
CVE-2016-0372,0.01055,0.50287
CVE-2016-0373,0.00885,0.26162
CVE-2016-0374,0.01055,0.50287
CVE-2016-0375,0.01061,0.51015
CVE-2016-0376,0.12852,0.95407
CVE-2016-0377,0.01132,0.54372
CVE-2016-0378,0.01136,0.57949
CVE-2016-0379,0.01055,0.50287
CVE-2016-0380,0.0089,0.2856
CVE-2016-0381,0.01055,0.50287
CVE-2016-0382,0.00885,0.26162
CVE-2016-0385,0.01132,0.54372
CVE-2016-0386,0.01055,0.50287
CVE-2016-0387,0.01055,0.50287
CVE-2016-0389,0.01136,0.57949
CVE-2016-0390,0.01055,0.50287
CVE-2016-0391,0.01055,0.50287
CVE-2016-0392,0.01108,0.53389
CVE-2016-0393,0.01055,0.50287
CVE-2016-0394,0.00885,0.26162
CVE-2016-0396,0.00885,0.26162
CVE-2016-0397,0.01055,0.50287
CVE-2016-0398,0.01055,0.50287
CVE-2016-0399,0.01055,0.50287
CVE-2016-0400,0.08382,0.93597
CVE-2016-0401,0.01055,0.50287
CVE-2016-0402,0.04358,0.87435
CVE-2016-0403,0.01055,0.50287
CVE-2016-0404,0.01055,0.50287
CVE-2016-0405,0.00885,0.26162
CVE-2016-0406,0.00885,0.26162
CVE-2016-0407,0.01055,0.50287
CVE-2016-0408,0.01055,0.50287
CVE-2016-0409,0.01055,0.50287
CVE-2016-0411,0.00885,0.26162
CVE-2016-0412,0.01055,0.50287
CVE-2016-0413,0.01055,0.50287
CVE-2016-0414,0.00885,0.26162
CVE-2016-0415,0.01055,0.50287
CVE-2016-0416,0.01055,0.50287
CVE-2016-0417,0.00885,0.26162
CVE-2016-0418,0.00885,0.26162
CVE-2016-0419,0.00885,0.26162
CVE-2016-0420,0.01213,0.6557
CVE-2016-0421,0.01213,0.6557
CVE-2016-0422,0.01213,0.6557
CVE-2016-0423,0.01213,0.6557
CVE-2016-0424,0.01213,0.6557
CVE-2016-0425,0.01132,0.54372
CVE-2016-0426,0.00885,0.26162
CVE-2016-0427,0.01055,0.50287
CVE-2016-0428,0.00885,0.26162
CVE-2016-0429,0.01055,0.50287
CVE-2016-0430,0.01055,0.50287
CVE-2016-0431,0.00885,0.26162
CVE-2016-0432,0.00885,0.26162
CVE-2016-0433,0.01055,0.50287
CVE-2016-0434,0.00885,0.26162
CVE-2016-0435,0.00885,0.26162
CVE-2016-0436,0.00885,0.26162
CVE-2016-0437,0.00885,0.26162
CVE-2016-0438,0.00885,0.26162
CVE-2016-0439,0.01055,0.50287
CVE-2016-0440,0.01055,0.50287
CVE-2016-0441,0.01055,0.50287
CVE-2016-0442,0.01055,0.50287
CVE-2016-0443,0.01055,0.50287
CVE-2016-0444,0.00885,0.26162
CVE-2016-0445,0.00885,0.26162
CVE-2016-0446,0.00885,0.26162
CVE-2016-0447,0.00885,0.26162
CVE-2016-0448,0.02528,0.8112
CVE-2016-0449,0.00885,0.26162
CVE-2016-0450,0.01213,0.6557
CVE-2016-0451,0.01213,0.6557
CVE-2016-0452,0.01136,0.57949
CVE-2016-0453,0.01055,0.50287
CVE-2016-0454,0.00885,0.26162
CVE-2016-0455,0.00885,0.26162
CVE-2016-0456,0.01136,0.57949
CVE-2016-0457,0.01136,0.57949
CVE-2016-0458,0.00885,0.26162
CVE-2016-0459,0.01055,0.50287
CVE-2016-0460,0.01055,0.50287
CVE-2016-0461,0.01055,0.50287
CVE-2016-0462,0.01055,0.50287
CVE-2016-0463,0.01055,0.50287
CVE-2016-0464,0.01136,0.57949
CVE-2016-0465,0.00885,0.26162
CVE-2016-0466,0.04358,0.87435
CVE-2016-0467,0.01055,0.50287
CVE-2016-0468,0.01055,0.50287
CVE-2016-0469,0.00885,0.26162
CVE-2016-0470,0.01055,0.50287
CVE-2016-0471,0.01055,0.50287
CVE-2016-0472,0.01055,0.50287
CVE-2016-0473,0.01055,0.50287
CVE-2016-0474,0.01055,0.50287
CVE-2016-0475,0.01776,0.75902
CVE-2016-0476,0.01213,0.6557
CVE-2016-0477,0.01213,0.6557
CVE-2016-0478,0.01213,0.6557
CVE-2016-0479,0.01055,0.50287
CVE-2016-0480,0.01213,0.6557
CVE-2016-0481,0.01213,0.6557
CVE-2016-0482,0.01213,0.6557
CVE-2016-0483,0.12248,0.95092
CVE-2016-0484,0.01213,0.6557
CVE-2016-0485,0.01213,0.6557
CVE-2016-0486,0.01213,0.6557
CVE-2016-0487,0.01213,0.6557
CVE-2016-0488,0.01213,0.6557
CVE-2016-0489,0.01132,0.54372
CVE-2016-0490,0.01213,0.6557
CVE-2016-0491,0.01408,0.72072
CVE-2016-0492,0.01408,0.72072
CVE-2016-0493,0.00885,0.26162
CVE-2016-0494,0.04358,0.87435
CVE-2016-0495,0.01213,0.6557
CVE-2016-0496,0.01055,0.50287
CVE-2016-0497,0.01055,0.50287
CVE-2016-0498,0.00885,0.26162
CVE-2016-0499,0.01055,0.50287
CVE-2016-0500,0.01055,0.50287
CVE-2016-0501,0.01055,0.50287
CVE-2016-0502,0.01132,0.54372
CVE-2016-0503,0.01232,0.66248
CVE-2016-0504,0.01232,0.66248
CVE-2016-0505,0.02528,0.8112
CVE-2016-0506,0.01055,0.50287
CVE-2016-0507,0.01055,0.50287
CVE-2016-0508,0.01055,0.50287
CVE-2016-0509,0.01055,0.50287
CVE-2016-0510,0.01055,0.50287
CVE-2016-0511,0.01055,0.50287
CVE-2016-0512,0.01055,0.50287
CVE-2016-0513,0.01055,0.50287
CVE-2016-0514,0.01055,0.50287
CVE-2016-0515,0.01055,0.50287
CVE-2016-0516,0.01055,0.50287
CVE-2016-0517,0.01055,0.50287
CVE-2016-0518,0.01055,0.50287
CVE-2016-0519,0.01055,0.50287
CVE-2016-0520,0.01055,0.50287
CVE-2016-0521,0.01055,0.50287
CVE-2016-0522,0.01055,0.50287
CVE-2016-0523,0.01055,0.50287
CVE-2016-0524,0.01055,0.50287
CVE-2016-0525,0.01055,0.50287
CVE-2016-0526,0.01055,0.50287
CVE-2016-0527,0.01055,0.50287
CVE-2016-0528,0.01055,0.50287
CVE-2016-0529,0.01055,0.50287
CVE-2016-0530,0.01055,0.50287
CVE-2016-0531,0.01055,0.50287
CVE-2016-0532,0.01055,0.50287
CVE-2016-0533,0.01055,0.50287
CVE-2016-0534,0.01055,0.50287
CVE-2016-0535,0.01055,0.50287
CVE-2016-0536,0.01055,0.50287
CVE-2016-0537,0.01055,0.50287
CVE-2016-0538,0.01055,0.50287
CVE-2016-0539,0.01055,0.50287
CVE-2016-0540,0.01055,0.50287
CVE-2016-0541,0.01055,0.50287
CVE-2016-0542,0.01055,0.50287
CVE-2016-0543,0.01055,0.50287
CVE-2016-0544,0.01055,0.50287
CVE-2016-0545,0.01055,0.50287
CVE-2016-0546,0.01547,0.74085
CVE-2016-0547,0.01055,0.50287
CVE-2016-0548,0.01055,0.50287
CVE-2016-0549,0.01055,0.50287
CVE-2016-0550,0.01055,0.50287
CVE-2016-0551,0.01055,0.50287
CVE-2016-0552,0.01055,0.50287
CVE-2016-0553,0.01055,0.50287
CVE-2016-0554,0.01055,0.50287
CVE-2016-0555,0.01055,0.50287
CVE-2016-0556,0.01055,0.50287
CVE-2016-0557,0.01055,0.50287
CVE-2016-0558,0.01055,0.50287
CVE-2016-0559,0.01055,0.50287
CVE-2016-0560,0.01055,0.50287
CVE-2016-0561,0.01055,0.50287
CVE-2016-0562,0.01055,0.50287
CVE-2016-0563,0.01055,0.50287
CVE-2016-0564,0.01055,0.50287
CVE-2016-0565,0.01055,0.50287
CVE-2016-0566,0.01055,0.50287
CVE-2016-0567,0.01055,0.50287
CVE-2016-0568,0.01055,0.50287
CVE-2016-0569,0.01055,0.50287
CVE-2016-0570,0.01055,0.50287
CVE-2016-0571,0.01055,0.50287
CVE-2016-0572,0.01055,0.50287
CVE-2016-0573,0.01136,0.57949
CVE-2016-0574,0.01136,0.57949
CVE-2016-0575,0.01055,0.50287
CVE-2016-0576,0.01055,0.50287
CVE-2016-0577,0.01136,0.57949
CVE-2016-0578,0.01055,0.50287
CVE-2016-0579,0.01055,0.50287
CVE-2016-0580,0.01055,0.50287
CVE-2016-0581,0.01055,0.50287
CVE-2016-0582,0.01055,0.50287
CVE-2016-0583,0.01055,0.50287
CVE-2016-0584,0.01055,0.50287
CVE-2016-0585,0.01055,0.50287
CVE-2016-0586,0.01055,0.50287
CVE-2016-0587,0.01055,0.50287
CVE-2016-0588,0.01055,0.50287
CVE-2016-0589,0.01055,0.50287
CVE-2016-0590,0.01055,0.50287
CVE-2016-0591,0.01055,0.50287
CVE-2016-0592,0.0095,0.30554
CVE-2016-0594,0.01213,0.6557
CVE-2016-0595,0.01232,0.66248
CVE-2016-0596,0.02528,0.8112
CVE-2016-0597,0.02528,0.8112
CVE-2016-0598,0.02528,0.8112
CVE-2016-0599,0.01055,0.50287
CVE-2016-0600,0.02528,0.8112
CVE-2016-0601,0.01055,0.50287
CVE-2016-0602,0.0095,0.30554
CVE-2016-0603,0.01319,0.70416
CVE-2016-0605,0.01232,0.66248
CVE-2016-0606,0.02528,0.8112
CVE-2016-0607,0.01232,0.66248
CVE-2016-0608,0.02528,0.8112
CVE-2016-0609,0.02922,0.82516
CVE-2016-0610,0.01815,0.76117
CVE-2016-0611,0.01232,0.66248
CVE-2016-0614,0.01055,0.50287
CVE-2016-0616,0.02528,0.8112
CVE-2016-0617,0.00885,0.26162
CVE-2016-0618,0.00885,0.26162
CVE-2016-0623,0.01055,0.50287
CVE-2016-0634,0.08082,0.93056
CVE-2016-0635,0.02186,0.8012
CVE-2016-0636,0.04358,0.87435
CVE-2016-0639,0.01319,0.70416
CVE-2016-0640,0.01547,0.74085
CVE-2016-0641,0.01791,0.76026
CVE-2016-0642,0.01791,0.76026
CVE-2016-0643,0.01547,0.74085
CVE-2016-0644,0.01547,0.74085
CVE-2016-0646,0.01547,0.74085
CVE-2016-0647,0.01547,0.74085
CVE-2016-0648,0.01547,0.74085
CVE-2016-0649,0.01547,0.74085
CVE-2016-0650,0.01547,0.74085
CVE-2016-0651,0.01282,0.67298
CVE-2016-0652,0.00885,0.26162
CVE-2016-0653,0.00885,0.26162
CVE-2016-0654,0.00885,0.26162
CVE-2016-0655,0.01547,0.74085
CVE-2016-0656,0.00885,0.26162
CVE-2016-0657,0.0089,0.2856
CVE-2016-0658,0.00885,0.26162
CVE-2016-0659,0.0089,0.2856
CVE-2016-0661,0.01034,0.39824
CVE-2016-0662,0.0089,0.2856
CVE-2016-0663,0.00885,0.26162
CVE-2016-0665,0.01034,0.39824
CVE-2016-0666,0.01547,0.74085
CVE-2016-0667,0.0089,0.2856
CVE-2016-0668,0.01791,0.76026
CVE-2016-0669,0.00885,0.26162
CVE-2016-0671,0.01055,0.50287
CVE-2016-0672,0.01055,0.50287
CVE-2016-0673,0.01055,0.50287
CVE-2016-0674,0.00885,0.26162
CVE-2016-0675,0.01136,0.57949
CVE-2016-0676,0.00885,0.26162
CVE-2016-0677,0.01055,0.50287
CVE-2016-0678,0.0095,0.30554
CVE-2016-0679,0.01055,0.50287
CVE-2016-0680,0.01055,0.50287
CVE-2016-0681,0.00885,0.26162
CVE-2016-0682,0.00885,0.26162
CVE-2016-0683,0.01055,0.50287
CVE-2016-0684,0.01055,0.50287
CVE-2016-0685,0.01055,0.50287
CVE-2016-0686,0.03932,0.8519
CVE-2016-0687,0.03932,0.8519
CVE-2016-0688,0.01136,0.57949
CVE-2016-0689,0.00885,0.26162
CVE-2016-0690,0.00885,0.26162
CVE-2016-0691,0.00885,0.26162
CVE-2016-0692,0.00885,0.26162
CVE-2016-0693,0.01055,0.50287
CVE-2016-0694,0.00885,0.26162
CVE-2016-0695,0.04358,0.87435
CVE-2016-0696,0.01136,0.57949
CVE-2016-0697,0.00885,0.26162
CVE-2016-0698,0.01055,0.50287
CVE-2016-0699,0.01055,0.50287
CVE-2016-0700,0.01136,0.57949
CVE-2016-0701,0.07559,0.92528
CVE-2016-0702,0.0472,0.88691
CVE-2016-0703,0.0472,0.88691
CVE-2016-0704,0.07559,0.92528
CVE-2016-0705,0.07559,0.92528
CVE-2016-0706,0.04316,0.87043
CVE-2016-0707,0.00885,0.26162
CVE-2016-0708,0.01055,0.50287
CVE-2016-0709,0.05619,0.89566
CVE-2016-0710,0.03361,0.83641
CVE-2016-0711,0.01055,0.50287
CVE-2016-0712,0.01055,0.50287
CVE-2016-0713,0.00885,0.26162
CVE-2016-0714,0.08811,0.93665
CVE-2016-0715,0.01055,0.50287
CVE-2016-0718,0.02883,0.82435
CVE-2016-0720,0.01108,0.53389
CVE-2016-0721,0.01183,0.60428
CVE-2016-0723,0.02686,0.82061
CVE-2016-0724,0.01232,0.66248
CVE-2016-0725,0.01319,0.70416
CVE-2016-0726,0.01055,0.50287
CVE-2016-0727,0.02115,0.79119
CVE-2016-0731,0.01061,0.51015
CVE-2016-0732,0.01055,0.50287
CVE-2016-0733,0.01484,0.72722
CVE-2016-0734,0.02072,0.79023
CVE-2016-0735,0.01055,0.50287
CVE-2016-0736,0.43518,0.98211
CVE-2016-0737,0.01974,0.7812
CVE-2016-0738,0.01974,0.7812
CVE-2016-0739,0.01537,0.73595
CVE-2016-0740,0.01213,0.6557
CVE-2016-0741,0.01319,0.70416
CVE-2016-0742,0.02172,0.79917
CVE-2016-0746,0.02172,0.79917
CVE-2016-0747,0.02172,0.79917
CVE-2016-0749,0.04845,0.88811
CVE-2016-0750,0.05471,0.89498
CVE-2016-0753,0.03779,0.84781
CVE-2016-0754,0.00885,0.26162
CVE-2016-0755,0.03779,0.84781
CVE-2016-0756,0.01408,0.72072
CVE-2016-0757,0.01061,0.51015
CVE-2016-0758,0.01547,0.74085
CVE-2016-0760,0.02166,0.79253
CVE-2016-0761,0.00885,0.26162
CVE-2016-0762,0.07767,0.92799
CVE-2016-0763,0.04316,0.87043
CVE-2016-0764,0.00885,0.26162
CVE-2016-0765,0.01136,0.57949
CVE-2016-0766,0.01547,0.74085
CVE-2016-0767,0.01055,0.50287
CVE-2016-0768,0.00885,0.26162
CVE-2016-0769,0.01061,0.51015
CVE-2016-0770,0.01213,0.6557
CVE-2016-0771,0.01315,0.67456
CVE-2016-0772,0.18327,0.96125
CVE-2016-0773,0.04358,0.87435
CVE-2016-0774,0.02686,0.82061
CVE-2016-0775,0.01213,0.6557
CVE-2016-0777,0.01547,0.74085
CVE-2016-0778,0.02686,0.82061
CVE-2016-0779,0.06908,0.9183
CVE-2016-0780,0.00885,0.26162
CVE-2016-0781,0.00885,0.26162
CVE-2016-0782,0.01936,0.77139
CVE-2016-0783,0.01484,0.72722
CVE-2016-0784,0.22751,0.96468
CVE-2016-0785,0.08623,0.93642
CVE-2016-0787,0.01537,0.73595
CVE-2016-0788,0.05785,0.89924
CVE-2016-0789,0.01136,0.57949
CVE-2016-0790,0.01136,0.57949
CVE-2016-0791,0.01136,0.57949
CVE-2016-0794,0.01955,0.77585
CVE-2016-0795,0.01776,0.75902
CVE-2016-0796,0.00885,0.26162
CVE-2016-0797,0.07559,0.92528
CVE-2016-0798,0.07559,0.92528
CVE-2016-0799,0.07559,0.92528
CVE-2016-0800,0.07559,0.92528
CVE-2016-0802,0.04607,0.884
CVE-2016-0803,0.02065,0.78945
CVE-2016-0804,0.02065,0.78945
CVE-2016-0805,0.00885,0.26162
CVE-2016-0806,0.00885,0.26162
CVE-2016-0807,0.00885,0.26162
CVE-2016-0808,0.00885,0.26162
CVE-2016-0809,0.01102,0.51825
CVE-2016-0810,0.00885,0.26162
CVE-2016-0811,0.00885,0.26162
CVE-2016-0812,0.00885,0.26162
CVE-2016-0813,0.00885,0.26162
CVE-2016-0815,0.03795,0.84827
CVE-2016-0816,0.03795,0.84827
CVE-2016-0818,0.01018,0.38792
CVE-2016-0819,0.00885,0.26162
CVE-2016-0820,0.00885,0.26162
CVE-2016-0821,0.01547,0.74085
CVE-2016-0822,0.00885,0.26162
CVE-2016-0823,0.01108,0.53389
CVE-2016-0824,0.00954,0.34522
CVE-2016-0825,0.00885,0.26162
CVE-2016-0826,0.01018,0.38792
CVE-2016-0827,0.00954,0.34522
CVE-2016-0828,0.00954,0.34522
CVE-2016-0829,0.00954,0.34522
CVE-2016-0830,0.01136,0.57949
CVE-2016-0831,0.00954,0.34522
CVE-2016-0832,0.00885,0.26162
CVE-2016-0833,0.00885,0.26162
CVE-2016-0834,0.0197,0.7781
CVE-2016-0835,0.03795,0.84827
CVE-2016-0836,0.0197,0.7781
CVE-2016-0837,0.02065,0.78945
CVE-2016-0838,0.03795,0.84827
CVE-2016-0839,0.02065,0.78945
CVE-2016-0840,0.0197,0.7781
CVE-2016-0841,0.02065,0.78945
CVE-2016-0842,0.0197,0.7781
CVE-2016-0843,0.00885,0.26162
CVE-2016-0844,0.00885,0.26162
CVE-2016-0847,0.00954,0.34522
CVE-2016-0848,0.00885,0.26162
CVE-2016-0849,0.00885,0.26162
CVE-2016-0850,0.01055,0.50287
CVE-2016-0851,0.01055,0.50287
CVE-2016-0852,0.01055,0.50287
CVE-2016-0853,0.01055,0.50287
CVE-2016-0854,0.8215,0.99537
CVE-2016-0855,0.01319,0.70416
CVE-2016-0856,0.10938,0.94483
CVE-2016-0857,0.05785,0.89924
CVE-2016-0858,0.02065,0.78945
CVE-2016-0859,0.02065,0.78945
CVE-2016-0860,0.01136,0.57949
CVE-2016-0861,0.01132,0.54372
CVE-2016-0862,0.01132,0.54372
CVE-2016-0863,0.01055,0.50287
CVE-2016-0864,0.01055,0.50287
CVE-2016-0865,0.01055,0.50287
CVE-2016-0866,0.01055,0.50287
CVE-2016-0867,0.01055,0.50287
CVE-2016-0868,0.01839,0.76209
CVE-2016-0869,0.01055,0.50287
CVE-2016-0870,0.01055,0.50287
CVE-2016-0871,0.01055,0.50287
CVE-2016-0872,0.00885,0.26162
CVE-2016-0875,0.01055,0.50287
CVE-2016-0876,0.01055,0.50287
CVE-2016-0877,0.01055,0.50287
CVE-2016-0878,0.01055,0.50287
CVE-2016-0879,0.01055,0.50287
CVE-2016-0881,0.01055,0.50287
CVE-2016-0882,0.01055,0.50287
CVE-2016-0883,0.01055,0.50287
CVE-2016-0886,0.01061,0.51015
CVE-2016-0887,0.01319,0.70416
CVE-2016-0888,0.01055,0.50287
CVE-2016-0889,0.01055,0.50287
CVE-2016-0890,0.00885,0.26162
CVE-2016-0891,0.10212,0.94357
CVE-2016-0892,0.01136,0.57949
CVE-2016-0893,0.01061,0.51015
CVE-2016-0894,0.01061,0.51015
CVE-2016-0895,0.01136,0.57949
CVE-2016-0896,0.01055,0.50287
CVE-2016-0897,0.00885,0.26162
CVE-2016-0898,0.00885,0.26162
CVE-2016-0899,0.01055,0.50287
CVE-2016-0900,0.01136,0.57949
CVE-2016-0901,0.01136,0.57949
CVE-2016-0902,0.01136,0.57949
CVE-2016-0903,0.01136,0.57949
CVE-2016-0904,0.01136,0.57949
CVE-2016-0905,0.0089,0.2856
CVE-2016-0906,0.01055,0.50287
CVE-2016-0907,0.00885,0.26162
CVE-2016-0908,0.00885,0.26162
CVE-2016-0909,0.00954,0.34522
CVE-2016-0910,0.00885,0.26162
CVE-2016-0911,0.01055,0.50287
CVE-2016-0912,0.01055,0.50287
CVE-2016-0913,0.00954,0.34522
CVE-2016-0914,0.01055,0.50287
CVE-2016-0915,0.01061,0.51015
CVE-2016-0916,0.01055,0.50287
CVE-2016-0917,0.05785,0.89924
CVE-2016-0918,0.01061,0.51015
CVE-2016-0919,0.00954,0.34522
CVE-2016-0920,0.00885,0.26162
CVE-2016-0921,0.0089,0.2856
CVE-2016-0922,0.01055,0.50287
CVE-2016-0923,0.01136,0.57949
CVE-2016-0925,0.01061,0.51015
CVE-2016-0926,0.01055,0.50287
CVE-2016-0927,0.01055,0.50287
CVE-2016-0928,0.01055,0.50287
CVE-2016-0929,0.00885,0.26162
CVE-2016-0930,0.01055,0.50287
CVE-2016-0931,0.03043,0.82922
CVE-2016-0932,0.03183,0.83298
CVE-2016-0933,0.03043,0.82922
CVE-2016-0934,0.03183,0.83298
CVE-2016-0935,0.03183,0.83298
CVE-2016-0936,0.03043,0.82922
CVE-2016-0937,0.03183,0.83298
CVE-2016-0938,0.03043,0.82922
CVE-2016-0939,0.03043,0.82922
CVE-2016-0940,0.01952,0.77181
CVE-2016-0941,0.03183,0.83298
CVE-2016-0942,0.01952,0.77181
CVE-2016-0943,0.03183,0.83298
CVE-2016-0944,0.01952,0.77181
CVE-2016-0945,0.01952,0.77181
CVE-2016-0946,0.01952,0.77181
CVE-2016-0947,0.01046,0.41635
CVE-2016-0948,0.01055,0.50287
CVE-2016-0949,0.01055,0.50287
CVE-2016-0950,0.01055,0.50287
CVE-2016-0951,0.25934,0.96918
CVE-2016-0952,0.25934,0.96918
CVE-2016-0953,0.25934,0.96918
CVE-2016-0954,0.25934,0.96918
CVE-2016-0955,0.01055,0.50287
CVE-2016-0956,0.14376,0.9562
CVE-2016-0958,0.01055,0.50287
CVE-2016-0959,0.01126,0.53553
CVE-2016-0960,0.03568,0.84155
CVE-2016-0961,0.03568,0.84155
CVE-2016-0962,0.03568,0.84155
CVE-2016-0963,0.03731,0.84375
CVE-2016-0964,0.84374,0.9961
CVE-2016-0965,0.84374,0.9961
CVE-2016-0966,0.03568,0.84155
CVE-2016-0967,0.84374,0.9961
CVE-2016-0968,0.03568,0.84155
CVE-2016-0969,0.03568,0.84155
CVE-2016-0970,0.03568,0.84155
CVE-2016-0971,0.84232,0.99601
CVE-2016-0972,0.03568,0.84155
CVE-2016-0973,0.04098,0.85347
CVE-2016-0975,0.04098,0.85347
CVE-2016-0976,0.03568,0.84155
CVE-2016-0977,0.03568,0.84155
CVE-2016-0978,0.03568,0.84155
CVE-2016-0979,0.03568,0.84155
CVE-2016-0980,0.03568,0.84155
CVE-2016-0981,0.03568,0.84155
CVE-2016-0982,0.03731,0.84375
CVE-2016-0983,0.03731,0.84375
CVE-2016-0984,0.84976,0.99646
CVE-2016-0985,0.84976,0.99646
CVE-2016-0986,0.03568,0.84155
CVE-2016-0987,0.03731,0.84375
CVE-2016-0988,0.03731,0.84375
CVE-2016-0989,0.03568,0.84155
CVE-2016-0990,0.03731,0.84375
CVE-2016-0991,0.03731,0.84375
CVE-2016-0992,0.03568,0.84155
CVE-2016-0993,0.03731,0.84375
CVE-2016-0994,0.04098,0.85347
CVE-2016-0995,0.03731,0.84375
CVE-2016-0996,0.04098,0.85347
CVE-2016-0997,0.84976,0.99646
CVE-2016-0998,0.84976,0.99646
CVE-2016-0999,0.84976,0.99646
CVE-2016-1000,0.84976,0.99646
CVE-2016-1000000,0.00885,0.26162
CVE-2016-1000001,0.00885,0.26162
CVE-2016-1000002,0.01018,0.38792
CVE-2016-1000003,0.02166,0.79253
CVE-2016-1000004,0.00885,0.26162
CVE-2016-1000005,0.00885,0.26162
CVE-2016-1000006,0.00954,0.34522
CVE-2016-1000007,0.00885,0.26162
CVE-2016-1000009,0.00954,0.34522
CVE-2016-1000028,0.0089,0.2856
CVE-2016-1000029,0.0089,0.2856
CVE-2016-1000030,0.02509,0.81058
CVE-2016-1000031,0.11891,0.94958
CVE-2016-1000032,0.00885,0.26162
CVE-2016-1000033,0.00885,0.26162
CVE-2016-1000037,0.01018,0.38792
CVE-2016-1000104,0.01164,0.60046
CVE-2016-1000107,0.01213,0.6557
CVE-2016-1000108,0.01213,0.6557
CVE-2016-1000109,0.01136,0.57949
CVE-2016-1000110,0.01213,0.6557
CVE-2016-1000111,0.01213,0.6557
CVE-2016-1000112,0.00885,0.26162
CVE-2016-1000113,0.00954,0.34522
CVE-2016-1000114,0.00954,0.34522
CVE-2016-1000115,0.0089,0.2856
CVE-2016-1000116,0.0089,0.2856
CVE-2016-1000117,0.0089,0.2856
CVE-2016-1000118,0.0089,0.2856
CVE-2016-1000119,0.0089,0.2856
CVE-2016-1000120,0.0089,0.2856
CVE-2016-1000121,0.0089,0.2856
CVE-2016-1000122,0.0089,0.2856
CVE-2016-1000123,0.01564,0.74439
CVE-2016-1000124,0.01564,0.74439
CVE-2016-1000125,0.01564,0.74439
CVE-2016-1000126,0.00954,0.34522
CVE-2016-1000127,0.00954,0.34522
CVE-2016-1000128,0.00954,0.34522
CVE-2016-1000129,0.00954,0.34522
CVE-2016-1000130,0.00885,0.26162
CVE-2016-1000131,0.00954,0.34522
CVE-2016-1000132,0.00954,0.34522
CVE-2016-1000133,0.00954,0.34522
CVE-2016-1000134,0.00954,0.34522
CVE-2016-1000135,0.00954,0.34522
CVE-2016-1000136,0.00954,0.34522
CVE-2016-1000137,0.00954,0.34522
CVE-2016-1000138,0.00954,0.34522
CVE-2016-1000139,0.00954,0.34522
CVE-2016-1000140,0.00954,0.34522
CVE-2016-1000141,0.00954,0.34522
CVE-2016-1000142,0.00954,0.34522
CVE-2016-1000143,0.00954,0.34522
CVE-2016-1000144,0.00954,0.34522
CVE-2016-1000145,0.00954,0.34522
CVE-2016-1000146,0.00954,0.34522
CVE-2016-1000147,0.00954,0.34522
CVE-2016-1000148,0.00954,0.34522
CVE-2016-1000149,0.00954,0.34522
CVE-2016-1000150,0.00954,0.34522
CVE-2016-1000151,0.00954,0.34522
CVE-2016-1000152,0.00954,0.34522
CVE-2016-1000153,0.00954,0.34522
CVE-2016-1000154,0.00954,0.34522
CVE-2016-1000155,0.00954,0.34522
CVE-2016-1000156,0.01055,0.50287
CVE-2016-10002,0.01108,0.53389
CVE-2016-1000213,0.00885,0.26162
CVE-2016-1000214,0.00885,0.26162
CVE-2016-1000215,0.00885,0.26162
CVE-2016-1000216,0.02204,0.80286
CVE-2016-1000217,0.00954,0.34522
CVE-2016-1000218,0.00885,0.26162
CVE-2016-1000219,0.00885,0.26162
CVE-2016-1000220,0.00885,0.26162
CVE-2016-1000221,0.00885,0.26162
CVE-2016-1000222,0.00885,0.26162
CVE-2016-1000229,0.01018,0.38792
CVE-2016-1000232,0.01108,0.53389
CVE-2016-1000236,0.01034,0.39824
CVE-2016-1000237,0.00885,0.26162
CVE-2016-1000271,0.00885,0.26162
CVE-2016-1000282,0.4941,0.98538
CVE-2016-10003,0.01018,0.38792
CVE-2016-1000307,0.01055,0.50287
CVE-2016-1000338,0.01108,0.53389
CVE-2016-1000339,0.01183,0.60428
CVE-2016-1000340,0.01018,0.38792
CVE-2016-1000341,0.01108,0.53389
CVE-2016-1000342,0.01108,0.53389
CVE-2016-1000343,0.01183,0.60428
CVE-2016-1000344,0.01018,0.38792
CVE-2016-1000345,0.01108,0.53389
CVE-2016-1000346,0.01108,0.53389
CVE-2016-1000352,0.01018,0.38792
CVE-2016-10005,0.01213,0.6557
CVE-2016-10006,0.00954,0.34522
CVE-2016-10007,0.01055,0.50287
CVE-2016-10008,0.01055,0.50287
CVE-2016-10009,0.18327,0.96125
CVE-2016-1001,0.45559,0.98283
CVE-2016-10010,0.03534,0.84129
CVE-2016-10011,0.01282,0.67298
CVE-2016-10012,0.01282,0.67298
CVE-2016-10013,0.0095,0.30554
CVE-2016-1002,0.84374,0.9961
CVE-2016-10024,0.01034,0.39824
CVE-2016-10025,0.0095,0.30554
CVE-2016-10026,0.01213,0.6557
CVE-2016-10027,0.01108,0.53389
CVE-2016-10028,0.01034,0.39824
CVE-2016-10029,0.01034,0.39824
CVE-2016-10030,0.00954,0.34522
CVE-2016-10031,0.02515,0.81066
CVE-2016-10036,0.10414,0.94371
CVE-2016-10037,0.01136,0.57949
CVE-2016-10038,0.01136,0.57949
CVE-2016-10039,0.01136,0.57949
CVE-2016-10040,0.01213,0.6557
CVE-2016-10041,0.00885,0.26162
CVE-2016-10042,0.00885,0.26162
CVE-2016-10043,0.08382,0.93597
CVE-2016-10044,0.01034,0.39824
CVE-2016-10046,0.01213,0.6557
CVE-2016-10047,0.01213,0.6557
CVE-2016-10048,0.01319,0.70416
CVE-2016-10049,0.01319,0.70416
CVE-2016-1005,0.03919,0.84991
CVE-2016-10050,0.01319,0.70416
CVE-2016-10051,0.01408,0.72072
CVE-2016-10052,0.01319,0.70416
CVE-2016-10053,0.01213,0.6557
CVE-2016-10054,0.01213,0.6557
CVE-2016-10055,0.01213,0.6557
CVE-2016-10056,0.01319,0.70416
CVE-2016-10057,0.01213,0.6557
CVE-2016-10058,0.01213,0.6557
CVE-2016-10059,0.01213,0.6557
CVE-2016-1006,0.01308,0.67354
CVE-2016-10060,0.01213,0.6557
CVE-2016-10061,0.01213,0.6557
CVE-2016-10062,0.01213,0.6557
CVE-2016-10063,0.01213,0.6557
CVE-2016-10064,0.01319,0.70416
CVE-2016-10065,0.01319,0.70416
CVE-2016-10066,0.01213,0.6557
CVE-2016-10067,0.01213,0.6557
CVE-2016-10068,0.01319,0.70416
CVE-2016-10069,0.01213,0.6557
CVE-2016-1007,0.03043,0.82922
CVE-2016-10070,0.01408,0.72072
CVE-2016-10071,0.01213,0.6557
CVE-2016-10072,0.01102,0.51825
CVE-2016-10073,0.34958,0.97699
CVE-2016-10074,0.43663,0.98216
CVE-2016-10075,0.01404,0.71155
CVE-2016-10079,0.08382,0.93597
CVE-2016-1008,0.01202,0.60495
CVE-2016-10081,0.02808,0.8233
CVE-2016-10082,0.02578,0.8123
CVE-2016-10083,0.01136,0.57949
CVE-2016-10084,0.01061,0.51015
CVE-2016-10085,0.01061,0.51015
CVE-2016-10086,0.01061,0.51015
CVE-2016-10087,0.01183,0.60428
CVE-2016-10088,0.01282,0.67298
CVE-2016-10089,0.00885,0.26162
CVE-2016-1009,0.03043,0.82922
CVE-2016-10091,0.01213,0.6557
CVE-2016-10092,0.01776,0.75902
CVE-2016-10093,0.01408,0.72072
CVE-2016-10094,0.01319,0.70416
CVE-2016-10095,0.01319,0.70416
CVE-2016-10096,0.01213,0.6557
CVE-2016-10097,0.01136,0.57949
CVE-2016-10098,0.02055,0.7893
CVE-2016-10099,0.00885,0.26162
CVE-2016-1010,0.03731,0.84375
CVE-2016-10100,0.00885,0.26162
CVE-2016-10101,0.00885,0.26162
CVE-2016-10102,0.00885,0.26162
CVE-2016-10103,0.00885,0.26162
CVE-2016-10104,0.00885,0.26162
CVE-2016-10105,0.02578,0.8123
CVE-2016-10106,0.01132,0.54372
CVE-2016-10107,0.01055,0.50287
CVE-2016-10108,0.01055,0.50287
CVE-2016-10109,0.01974,0.7812
CVE-2016-1011,0.84976,0.99646
CVE-2016-10112,0.01055,0.50287
CVE-2016-10114,0.01564,0.74439
CVE-2016-10115,0.01136,0.57949
CVE-2016-10116,0.01136,0.57949
CVE-2016-10117,0.00885,0.26162
CVE-2016-10118,0.00885,0.26162
CVE-2016-10119,0.00885,0.26162
CVE-2016-1012,0.03348,0.83611
CVE-2016-10120,0.00885,0.26162
CVE-2016-10121,0.00885,0.26162
CVE-2016-10122,0.00885,0.26162
CVE-2016-10123,0.00885,0.26162
CVE-2016-10124,0.01018,0.38792
CVE-2016-10125,0.00885,0.26162
CVE-2016-10126,0.01055,0.50287
CVE-2016-10127,0.01232,0.66248
CVE-2016-10128,0.01974,0.7812
CVE-2016-10129,0.01974,0.7812
CVE-2016-1013,0.4698,0.98445
CVE-2016-10130,0.01537,0.73595
CVE-2016-10131,0.05785,0.89924
CVE-2016-10132,0.01018,0.38792
CVE-2016-10133,0.01018,0.38792
CVE-2016-10134,0.56903,0.98755
CVE-2016-10135,0.00885,0.26162
CVE-2016-10136,0.0089,0.2856
CVE-2016-10137,0.0089,0.2856
CVE-2016-10138,0.0089,0.2856
CVE-2016-10139,0.0089,0.2856
CVE-2016-1014,0.01282,0.67298
CVE-2016-10141,0.02464,0.80851
CVE-2016-10142,0.01108,0.53389
CVE-2016-10143,0.01136,0.57949
CVE-2016-10144,0.01319,0.70416
CVE-2016-10145,0.01319,0.70416
CVE-2016-10146,0.01319,0.70416
CVE-2016-10147,0.01282,0.67298
CVE-2016-10148,0.01132,0.54372
CVE-2016-10149,0.02172,0.79917
CVE-2016-1015,0.03731,0.84375
CVE-2016-10150,0.01108,0.53389
CVE-2016-10151,0.0095,0.30554
CVE-2016-10152,0.01213,0.6557
CVE-2016-10153,0.01034,0.39824
CVE-2016-10154,0.01034,0.39824
CVE-2016-10155,0.01104,0.52279
CVE-2016-10156,0.02115,0.79119
CVE-2016-10157,0.00885,0.26162
CVE-2016-10158,0.02172,0.79917
CVE-2016-10159,0.02172,0.79917
CVE-2016-1016,0.03731,0.84375
CVE-2016-10160,0.06698,0.91171
CVE-2016-10161,0.02172,0.79917
CVE-2016-10162,0.01319,0.70416
CVE-2016-10163,0.01034,0.39824
CVE-2016-10164,0.04845,0.88811
CVE-2016-10165,0.03932,0.8519
CVE-2016-10166,0.01408,0.72072
CVE-2016-10167,0.01955,0.77585
CVE-2016-10168,0.01955,0.77585
CVE-2016-10169,0.01213,0.6557
CVE-2016-1017,0.03731,0.84375
CVE-2016-10170,0.01213,0.6557
CVE-2016-10171,0.01213,0.6557
CVE-2016-10172,0.01213,0.6557
CVE-2016-10173,0.01408,0.72072
CVE-2016-10174,0.84219,0.99601
CVE-2016-10175,0.01018,0.38792
CVE-2016-10176,0.05785,0.89924
CVE-2016-10177,0.00885,0.26162
CVE-2016-10178,0.00885,0.26162
CVE-2016-10179,0.00885,0.26162
CVE-2016-1018,0.03502,0.84092
CVE-2016-10180,0.00885,0.26162
CVE-2016-10181,0.00885,0.26162
CVE-2016-10182,0.02055,0.7893
CVE-2016-10183,0.00885,0.26162
CVE-2016-10184,0.00885,0.26162
CVE-2016-10185,0.00885,0.26162
CVE-2016-10186,0.00885,0.26162
CVE-2016-10187,0.01213,0.6557
CVE-2016-10188,0.02464,0.80851
CVE-2016-10189,0.0455,0.88291
CVE-2016-1019,0.12063,0.94965
CVE-2016-10191,0.06908,0.9183
CVE-2016-10192,0.05785,0.89924
CVE-2016-10193,0.01136,0.57949
CVE-2016-10194,0.01136,0.57949
CVE-2016-10195,0.02172,0.79917
CVE-2016-10196,0.02686,0.82061
CVE-2016-10197,0.01537,0.73595
CVE-2016-10198,0.01776,0.75902
CVE-2016-10199,0.01408,0.72072
CVE-2016-1020,0.03348,0.83611
CVE-2016-10200,0.01282,0.67298
CVE-2016-10201,0.01055,0.50287
CVE-2016-10202,0.01055,0.50287
CVE-2016-10203,0.01136,0.57949
CVE-2016-10204,0.01055,0.50287
CVE-2016-10205,0.01136,0.57949
CVE-2016-10206,0.01136,0.57949
CVE-2016-10207,0.01974,0.7812
CVE-2016-10208,0.01282,0.67298
CVE-2016-10209,0.01213,0.6557
CVE-2016-1021,0.03348,0.83611
CVE-2016-10210,0.01136,0.57949
CVE-2016-10211,0.01136,0.57949
CVE-2016-10212,0.01136,0.57949
CVE-2016-10213,0.01136,0.57949
CVE-2016-10214,0.0095,0.30554
CVE-2016-10215,0.00885,0.26162
CVE-2016-10216,0.00885,0.26162
CVE-2016-10217,0.01055,0.50287
CVE-2016-10218,0.01055,0.50287
CVE-2016-10219,0.01213,0.6557
CVE-2016-1022,0.03348,0.83611
CVE-2016-10220,0.01213,0.6557
CVE-2016-10221,0.01055,0.50287
CVE-2016-10222,0.01055,0.50287
CVE-2016-10223,0.00885,0.26162
CVE-2016-10224,0.00885,0.26162
CVE-2016-10225,0.01774,0.75669
CVE-2016-10226,0.01055,0.50287
CVE-2016-10227,0.01136,0.57949
CVE-2016-10228,0.01183,0.60428
CVE-2016-10229,0.06908,0.9183
CVE-2016-1023,0.03348,0.83611
CVE-2016-10230,0.05634,0.89764
CVE-2016-10231,0.00954,0.34522
CVE-2016-10232,0.00954,0.34522
CVE-2016-10233,0.00954,0.34522
CVE-2016-10234,0.00954,0.34522
CVE-2016-10235,0.00954,0.34522
CVE-2016-10236,0.00954,0.34522
CVE-2016-10237,0.00954,0.34522
CVE-2016-10238,0.00954,0.34522
CVE-2016-10239,0.00954,0.34522
CVE-2016-1024,0.03348,0.83611
CVE-2016-10242,0.00954,0.34522
CVE-2016-10243,0.01408,0.72072
CVE-2016-10244,0.01776,0.75902
CVE-2016-10245,0.01108,0.53389
CVE-2016-10246,0.01213,0.6557
CVE-2016-10247,0.01213,0.6557
CVE-2016-10248,0.01213,0.6557
CVE-2016-10249,0.01213,0.6557
CVE-2016-1025,0.03348,0.83611
CVE-2016-10250,0.01136,0.57949
CVE-2016-10251,0.01319,0.70416
CVE-2016-10252,0.01018,0.38792
CVE-2016-10253,0.00885,0.26162
CVE-2016-10254,0.01213,0.6557
CVE-2016-10255,0.01319,0.70416
CVE-2016-10256,0.01136,0.57949
CVE-2016-10257,0.01136,0.57949
CVE-2016-10258,0.07308,0.9216
CVE-2016-10259,0.00954,0.34522
CVE-2016-1026,0.03348,0.83611
CVE-2016-10266,0.01213,0.6557
CVE-2016-10267,0.01319,0.70416
CVE-2016-10268,0.01213,0.6557
CVE-2016-10269,0.01319,0.70416
CVE-2016-1027,0.03348,0.83611
CVE-2016-10270,0.01213,0.6557
CVE-2016-10271,0.01136,0.57949
CVE-2016-10272,0.01136,0.57949
CVE-2016-10273,0.01702,0.75164
CVE-2016-10274,0.01102,0.51825
CVE-2016-10275,0.01102,0.51825
CVE-2016-10276,0.01102,0.51825
CVE-2016-1028,0.03348,0.83611
CVE-2016-10280,0.01102,0.51825
CVE-2016-10281,0.01102,0.51825
CVE-2016-10282,0.01102,0.51825
CVE-2016-10283,0.01603,0.74718
CVE-2016-10284,0.01102,0.51825
CVE-2016-10285,0.01102,0.51825
CVE-2016-10286,0.01102,0.51825
CVE-2016-10287,0.01102,0.51825
CVE-2016-10288,0.01525,0.72834
CVE-2016-10289,0.01525,0.72834
CVE-2016-1029,0.03348,0.83611
CVE-2016-10290,0.01102,0.51825
CVE-2016-10291,0.01102,0.51825
CVE-2016-10292,0.01055,0.50287
CVE-2016-10293,0.00885,0.26162
CVE-2016-10294,0.00885,0.26162
CVE-2016-10295,0.00885,0.26162
CVE-2016-10296,0.00885,0.26162
CVE-2016-10297,0.00885,0.26162
CVE-2016-10298,0.00954,0.34522
CVE-2016-10299,0.00954,0.34522
CVE-2016-1030,0.01202,0.60495
CVE-2016-10304,0.01055,0.50287
CVE-2016-10305,0.00885,0.26162
CVE-2016-10306,0.00954,0.34522
CVE-2016-10307,0.00885,0.26162
CVE-2016-10308,0.00885,0.26162
CVE-2016-10309,0.01055,0.50287
CVE-2016-1031,0.03502,0.84092
CVE-2016-10310,0.01055,0.50287
CVE-2016-10311,0.01055,0.50287
CVE-2016-10312,0.01055,0.50287
CVE-2016-10313,0.01055,0.50287
CVE-2016-10314,0.01055,0.50287
CVE-2016-10315,0.01055,0.50287
CVE-2016-10316,0.01055,0.50287
CVE-2016-10317,0.01136,0.57949
CVE-2016-10318,0.0095,0.30554
CVE-2016-10319,0.01185,0.60434
CVE-2016-1032,0.03348,0.83611
CVE-2016-10320,0.01005,0.35949
CVE-2016-10321,0.01136,0.57949
CVE-2016-10322,0.01055,0.50287
CVE-2016-10323,0.01102,0.51825
CVE-2016-10324,0.00954,0.34522
CVE-2016-10325,0.00954,0.34522
CVE-2016-10326,0.00954,0.34522
CVE-2016-10327,0.01018,0.38792
CVE-2016-10328,0.01108,0.53389
CVE-2016-10329,0.05785,0.89924
CVE-2016-1033,0.03348,0.83611
CVE-2016-10330,0.0095,0.30554
CVE-2016-10331,0.01055,0.50287
CVE-2016-10332,0.00954,0.34522
CVE-2016-10333,0.00954,0.34522
CVE-2016-10334,0.00954,0.34522
CVE-2016-10335,0.00954,0.34522
CVE-2016-10336,0.00954,0.34522
CVE-2016-10337,0.00954,0.34522
CVE-2016-10338,0.00954,0.34522
CVE-2016-10339,0.00954,0.34522
CVE-2016-1034,0.01055,0.50287
CVE-2016-10340,0.00954,0.34522
CVE-2016-10341,0.00954,0.34522
CVE-2016-10342,0.00954,0.34522
CVE-2016-10343,0.00885,0.26162
CVE-2016-10344,0.00885,0.26162
CVE-2016-10345,0.01102,0.51825
CVE-2016-10346,0.00885,0.26162
CVE-2016-10347,0.00885,0.26162
CVE-2016-10349,0.01319,0.70416
CVE-2016-1035,0.01046,0.41635
CVE-2016-10350,0.01213,0.6557
CVE-2016-10351,0.00885,0.26162
CVE-2016-1036,0.01055,0.50287
CVE-2016-10362,0.00885,0.26162
CVE-2016-10363,0.01055,0.50287
CVE-2016-10364,0.00885,0.26162
CVE-2016-10365,0.00885,0.26162
CVE-2016-10366,0.00885,0.26162
CVE-2016-10367,0.00885,0.26162
CVE-2016-10368,0.01055,0.50287
CVE-2016-10369,0.0089,0.2856
CVE-2016-1037,0.01952,0.77181
CVE-2016-10370,0.00954,0.34522
CVE-2016-10371,0.01136,0.57949
CVE-2016-10372,0.37242,0.97818
CVE-2016-10374,0.00885,0.26162
CVE-2016-10375,0.00954,0.34522
CVE-2016-10376,0.01034,0.39824
CVE-2016-10377,0.01055,0.50287
CVE-2016-10378,0.01055,0.50287
CVE-2016-10379,0.01055,0.50287
CVE-2016-1038,0.03183,0.83298
CVE-2016-10380,0.00954,0.34522
CVE-2016-10381,0.00954,0.34522
CVE-2016-10382,0.00885,0.26162
CVE-2016-10383,0.00885,0.26162
CVE-2016-10384,0.00954,0.34522
CVE-2016-10385,0.00954,0.34522
CVE-2016-10386,0.00954,0.34522
CVE-2016-10387,0.00954,0.34522
CVE-2016-10388,0.00885,0.26162
CVE-2016-10389,0.00885,0.26162
CVE-2016-1039,0.03183,0.83298
CVE-2016-10390,0.00954,0.34522
CVE-2016-10391,0.00885,0.26162
CVE-2016-10392,0.00954,0.34522
CVE-2016-10393,0.00885,0.26162
CVE-2016-10395,0.01547,0.7409
CVE-2016-10396,0.01136,0.57949
CVE-2016-10397,0.01108,0.53389
CVE-2016-10398,0.01525,0.72834
CVE-2016-10399,0.01055,0.50287
CVE-2016-1040,0.03183,0.83298
CVE-2016-10400,0.00885,0.26162
CVE-2016-10401,0.12806,0.95382
CVE-2016-10402,0.01765,0.75587
CVE-2016-10403,0.01055,0.50287
CVE-2016-10404,0.00885,0.26162
CVE-2016-10405,0.01055,0.50287
CVE-2016-10406,0.00885,0.26162
CVE-2016-10407,0.00885,0.26162
CVE-2016-10409,0.00885,0.26162
CVE-2016-1041,0.03183,0.83298
CVE-2016-10410,0.00885,0.26162
CVE-2016-10411,0.00885,0.26162
CVE-2016-10412,0.00885,0.26162
CVE-2016-10414,0.00885,0.26162
CVE-2016-10415,0.00885,0.26162
CVE-2016-10416,0.00885,0.26162
CVE-2016-10417,0.00885,0.26162
CVE-2016-10418,0.00885,0.26162
CVE-2016-10419,0.00885,0.26162
CVE-2016-1042,0.03183,0.83298
CVE-2016-10420,0.00885,0.26162
CVE-2016-10421,0.00885,0.26162
CVE-2016-10422,0.00885,0.26162
CVE-2016-10423,0.00885,0.26162
CVE-2016-10424,0.00885,0.26162
CVE-2016-10425,0.00885,0.26162
CVE-2016-10426,0.00885,0.26162
CVE-2016-10427,0.00885,0.26162
CVE-2016-10428,0.00885,0.26162
CVE-2016-10429,0.00885,0.26162
CVE-2016-1043,0.03183,0.83298
CVE-2016-10430,0.00885,0.26162
CVE-2016-10431,0.00885,0.26162
CVE-2016-10432,0.00885,0.26162
CVE-2016-10433,0.00885,0.26162
CVE-2016-10434,0.00885,0.26162
CVE-2016-10435,0.00885,0.26162
CVE-2016-10436,0.00885,0.26162
CVE-2016-10437,0.00885,0.26162
CVE-2016-10438,0.00885,0.26162
CVE-2016-10439,0.00885,0.26162
CVE-2016-1044,0.03183,0.83298
CVE-2016-10440,0.00885,0.26162
CVE-2016-10441,0.00885,0.26162
CVE-2016-10442,0.00885,0.26162
CVE-2016-10443,0.00885,0.26162
CVE-2016-10444,0.00885,0.26162
CVE-2016-10445,0.00885,0.26162
CVE-2016-10446,0.00885,0.26162
CVE-2016-10447,0.00885,0.26162
CVE-2016-10448,0.00885,0.26162
CVE-2016-10449,0.00885,0.26162
CVE-2016-1045,0.03183,0.83298
CVE-2016-10450,0.00885,0.26162
CVE-2016-10451,0.00885,0.26162
CVE-2016-10452,0.00885,0.26162
CVE-2016-10454,0.00885,0.26162
CVE-2016-10455,0.00885,0.26162
CVE-2016-10456,0.00885,0.26162
CVE-2016-10457,0.00885,0.26162
CVE-2016-10458,0.00885,0.26162
CVE-2016-10459,0.00885,0.26162
CVE-2016-1046,0.03183,0.83298
CVE-2016-10460,0.00885,0.26162
CVE-2016-10461,0.00885,0.26162
CVE-2016-10462,0.00885,0.26162
CVE-2016-10464,0.00885,0.26162
CVE-2016-10466,0.00885,0.26162
CVE-2016-10467,0.00885,0.26162
CVE-2016-10469,0.00885,0.26162
CVE-2016-1047,0.03183,0.83298
CVE-2016-10471,0.00885,0.26162
CVE-2016-10472,0.00885,0.26162
CVE-2016-10473,0.00885,0.26162
CVE-2016-10474,0.00885,0.26162
CVE-2016-10475,0.00885,0.26162
CVE-2016-10476,0.00885,0.26162
CVE-2016-10477,0.00885,0.26162
CVE-2016-10478,0.00885,0.26162
CVE-2016-10479,0.00885,0.26162
CVE-2016-1048,0.03183,0.83298
CVE-2016-10480,0.00885,0.26162
CVE-2016-10481,0.00885,0.26162
CVE-2016-10482,0.00885,0.26162
CVE-2016-10483,0.00885,0.26162
CVE-2016-10484,0.00885,0.26162
CVE-2016-10485,0.00885,0.26162
CVE-2016-10486,0.00885,0.26162
CVE-2016-10487,0.00885,0.26162
CVE-2016-10489,0.00885,0.26162
CVE-2016-1049,0.03183,0.83298
CVE-2016-10490,0.00885,0.26162
CVE-2016-10491,0.00885,0.26162
CVE-2016-10492,0.00885,0.26162
CVE-2016-10493,0.00885,0.26162
CVE-2016-10494,0.00885,0.26162
CVE-2016-10495,0.00885,0.26162
CVE-2016-10496,0.00885,0.26162
CVE-2016-10497,0.00885,0.26162
CVE-2016-10498,0.00885,0.26162
CVE-2016-10499,0.00885,0.26162
CVE-2016-1050,0.03183,0.83298
CVE-2016-10501,0.00885,0.26162
CVE-2016-10502,0.00885,0.26162
CVE-2016-10503,0.00885,0.26162
CVE-2016-10504,0.10212,0.94357
CVE-2016-10505,0.01213,0.6557
CVE-2016-10506,0.01776,0.75902
CVE-2016-10507,0.01213,0.6557
CVE-2016-10508,0.01055,0.50287
CVE-2016-10509,0.01055,0.50287
CVE-2016-1051,0.03183,0.83298
CVE-2016-10510,0.01213,0.6557
CVE-2016-10511,0.00885,0.26162
CVE-2016-10512,0.00885,0.26162
CVE-2016-10513,0.00954,0.34522
CVE-2016-10514,0.01136,0.57949
CVE-2016-10515,0.00885,0.26162
CVE-2016-10516,0.01136,0.57949
CVE-2016-10517,0.01018,0.38792
CVE-2016-10518,0.00954,0.34522
CVE-2016-10519,0.00885,0.26162
CVE-2016-1052,0.03183,0.83298
CVE-2016-10520,0.00885,0.26162
CVE-2016-10521,0.00885,0.26162
CVE-2016-10522,0.00954,0.34522
CVE-2016-10523,0.00954,0.34522
CVE-2016-10524,0.00885,0.26162
CVE-2016-10525,0.00954,0.34522
CVE-2016-10526,0.00885,0.26162
CVE-2016-10527,0.00885,0.26162
CVE-2016-10528,0.00885,0.26162
CVE-2016-10529,0.00885,0.26162
CVE-2016-1053,0.03183,0.83298
CVE-2016-10530,0.00885,0.26162
CVE-2016-10531,0.00954,0.34522
CVE-2016-10532,0.00885,0.26162
CVE-2016-10533,0.00885,0.26162
CVE-2016-10534,0.00885,0.26162
CVE-2016-10535,0.00885,0.26162
CVE-2016-10536,0.00954,0.34522
CVE-2016-10537,0.00885,0.26162
CVE-2016-10538,0.0089,0.2856
CVE-2016-10539,0.00885,0.26162
CVE-2016-1054,0.03183,0.83298
CVE-2016-10540,0.00885,0.26162
CVE-2016-10541,0.00885,0.26162
CVE-2016-10542,0.00885,0.26162
CVE-2016-10543,0.00885,0.26162
CVE-2016-10544,0.00885,0.26162
CVE-2016-10546,0.01086,0.51674
CVE-2016-10547,0.00954,0.34522
CVE-2016-10548,0.0144,0.7265
CVE-2016-10549,0.0089,0.2856
CVE-2016-1055,0.03183,0.83298
CVE-2016-10550,0.00885,0.26162
CVE-2016-10551,0.00885,0.26162
CVE-2016-10552,0.00885,0.26162
CVE-2016-10553,0.00885,0.26162
CVE-2016-10554,0.00885,0.26162
CVE-2016-10556,0.00885,0.26162
CVE-2016-10557,0.01156,0.60033
CVE-2016-10558,0.01156,0.60033
CVE-2016-10559,0.01156,0.60033
CVE-2016-1056,0.03183,0.83298
CVE-2016-10560,0.01156,0.60033
CVE-2016-10561,0.00885,0.26162
CVE-2016-10562,0.01156,0.60033
CVE-2016-10563,0.00885,0.26162
CVE-2016-10564,0.01156,0.60033
CVE-2016-10565,0.01156,0.60033
CVE-2016-10566,0.01156,0.60033
CVE-2016-10567,0.01156,0.60033
CVE-2016-10568,0.00885,0.26162
CVE-2016-10569,0.01156,0.60033
CVE-2016-1057,0.03183,0.83298
CVE-2016-10570,0.01156,0.60033
CVE-2016-10571,0.01156,0.60033
CVE-2016-10572,0.01156,0.60033
CVE-2016-10573,0.01156,0.60033
CVE-2016-10574,0.01156,0.60033
CVE-2016-10575,0.01156,0.60033
CVE-2016-10576,0.01156,0.60033
CVE-2016-10577,0.01978,0.78447
CVE-2016-10578,0.00885,0.26162
CVE-2016-10579,0.01156,0.60033
CVE-2016-1058,0.03183,0.83298
CVE-2016-10580,0.01156,0.60033
CVE-2016-10581,0.01156,0.60033
CVE-2016-10582,0.01156,0.60033
CVE-2016-10583,0.01156,0.60033
CVE-2016-10584,0.01156,0.60033
CVE-2016-10585,0.01156,0.60033
CVE-2016-10586,0.01156,0.60033
CVE-2016-10587,0.01156,0.60033
CVE-2016-10588,0.01156,0.60033
CVE-2016-10589,0.01156,0.60033
CVE-2016-1059,0.03183,0.83298
CVE-2016-10590,0.01156,0.60033
CVE-2016-10591,0.01156,0.60033
CVE-2016-10592,0.00885,0.26162
CVE-2016-10593,0.05634,0.89764
CVE-2016-10594,0.00885,0.26162
CVE-2016-10595,0.01156,0.60033
CVE-2016-10596,0.01156,0.60033
CVE-2016-10597,0.00885,0.26162
CVE-2016-10598,0.01156,0.60033
CVE-2016-10599,0.01156,0.60033
CVE-2016-1060,0.03183,0.83298
CVE-2016-10600,0.01156,0.60033
CVE-2016-10601,0.01156,0.60033
CVE-2016-10602,0.01156,0.60033
CVE-2016-10603,0.01156,0.60033
CVE-2016-10604,0.01156,0.60033
CVE-2016-10605,0.01156,0.60033
CVE-2016-10606,0.01156,0.60033
CVE-2016-10607,0.01156,0.60033
CVE-2016-10608,0.01156,0.60033
CVE-2016-10609,0.01156,0.60033
CVE-2016-1061,0.03183,0.83298
CVE-2016-10610,0.00885,0.26162
CVE-2016-10611,0.01156,0.60033
CVE-2016-10612,0.01156,0.60033
CVE-2016-10613,0.00885,0.26162
CVE-2016-10614,0.01156,0.60033
CVE-2016-10615,0.01156,0.60033
CVE-2016-10616,0.00885,0.26162
CVE-2016-10617,0.01156,0.60033
CVE-2016-10618,0.00885,0.26162
CVE-2016-10619,0.00885,0.26162
CVE-2016-1062,0.03183,0.83298
CVE-2016-10620,0.01156,0.60033
CVE-2016-10621,0.01156,0.60033
CVE-2016-10622,0.01156,0.60033
CVE-2016-10623,0.01156,0.60033
CVE-2016-10624,0.01156,0.60033
CVE-2016-10625,0.01156,0.60033
CVE-2016-10626,0.01156,0.60033
CVE-2016-10627,0.01156,0.60033
CVE-2016-10628,0.01156,0.60033
CVE-2016-10629,0.01156,0.60033
CVE-2016-1063,0.03043,0.82922
CVE-2016-10630,0.00885,0.26162
CVE-2016-10631,0.01156,0.60033
CVE-2016-10632,0.01156,0.60033
CVE-2016-10633,0.01156,0.60033
CVE-2016-10634,0.01156,0.60033
CVE-2016-10635,0.01156,0.60033
CVE-2016-10636,0.01156,0.60033
CVE-2016-10637,0.01156,0.60033
CVE-2016-10638,0.01156,0.60033
CVE-2016-10639,0.01156,0.60033
CVE-2016-1064,0.01952,0.77181
CVE-2016-10640,0.01156,0.60033
CVE-2016-10641,0.00885,0.26162
CVE-2016-10642,0.01156,0.60033
CVE-2016-10643,0.01156,0.60033
CVE-2016-10644,0.01156,0.60033
CVE-2016-10645,0.01156,0.60033
CVE-2016-10646,0.01156,0.60033
CVE-2016-10647,0.01156,0.60033
CVE-2016-10648,0.01156,0.60033
CVE-2016-10649,0.01156,0.60033
CVE-2016-1065,0.03183,0.83298
CVE-2016-10650,0.01156,0.60033
CVE-2016-10651,0.01156,0.60033
CVE-2016-10652,0.00885,0.26162
CVE-2016-10653,0.01156,0.60033
CVE-2016-10654,0.00885,0.26162
CVE-2016-10655,0.01156,0.60033
CVE-2016-10656,0.01156,0.60033
CVE-2016-10657,0.01156,0.60033
CVE-2016-10658,0.01156,0.60033
CVE-2016-10659,0.01156,0.60033
CVE-2016-1066,0.03183,0.83298
CVE-2016-10660,0.01156,0.60033
CVE-2016-10661,0.01156,0.60033
CVE-2016-10662,0.01156,0.60033
CVE-2016-10663,0.01978,0.78447
CVE-2016-10664,0.01156,0.60033
CVE-2016-10665,0.01978,0.78447
CVE-2016-10666,0.01156,0.60033
CVE-2016-10667,0.01156,0.60033
CVE-2016-10668,0.01156,0.60033
CVE-2016-10669,0.01156,0.60033
CVE-2016-1067,0.03183,0.83298
CVE-2016-10670,0.01156,0.60033
CVE-2016-10671,0.01156,0.60033
CVE-2016-10672,0.01156,0.60033
CVE-2016-10673,0.00885,0.26162
CVE-2016-10674,0.01156,0.60033
CVE-2016-10675,0.01156,0.60033
CVE-2016-10676,0.01156,0.60033
CVE-2016-10677,0.01156,0.60033
CVE-2016-10678,0.01156,0.60033
CVE-2016-10679,0.01156,0.60033
CVE-2016-1068,0.03183,0.83298
CVE-2016-10680,0.00885,0.26162
CVE-2016-10681,0.01156,0.60033
CVE-2016-10682,0.01156,0.60033
CVE-2016-10683,0.01156,0.60033
CVE-2016-10684,0.01156,0.60033
CVE-2016-10685,0.01156,0.60033
CVE-2016-10686,0.01156,0.60033
CVE-2016-10687,0.01156,0.60033
CVE-2016-10688,0.01156,0.60033
CVE-2016-10689,0.01156,0.60033
CVE-2016-1069,0.03183,0.83298
CVE-2016-10690,0.01156,0.60033
CVE-2016-10691,0.01156,0.60033
CVE-2016-10692,0.01156,0.60033
CVE-2016-10693,0.01156,0.60033
CVE-2016-10694,0.01156,0.60033
CVE-2016-10695,0.01156,0.60033
CVE-2016-10696,0.01156,0.60033
CVE-2016-10697,0.01156,0.60033
CVE-2016-10698,0.01156,0.60033
CVE-2016-10699,0.01055,0.50287
CVE-2016-1070,0.03183,0.83298
CVE-2016-10700,0.01132,0.54372
CVE-2016-10701,0.01018,0.38792
CVE-2016-10702,0.00885,0.26162
CVE-2016-10703,0.01136,0.57949
CVE-2016-10704,0.00885,0.26162
CVE-2016-10705,0.00885,0.26162
CVE-2016-10706,0.00885,0.26162
CVE-2016-10707,0.00954,0.34522
CVE-2016-10708,0.02172,0.79917
CVE-2016-1071,0.03043,0.82922
CVE-2016-10710,0.01055,0.50287
CVE-2016-10711,0.01018,0.38792
CVE-2016-10712,0.01018,0.38792
CVE-2016-10713,0.01018,0.38792
CVE-2016-10714,0.00885,0.26162
CVE-2016-10715,0.00885,0.26162
CVE-2016-10716,0.00885,0.26162
CVE-2016-10717,0.01365,0.70715
CVE-2016-10718,0.08382,0.93597
CVE-2016-10719,0.00885,0.26162
CVE-2016-1072,0.03043,0.82922
CVE-2016-10721,0.01086,0.51674
CVE-2016-10722,0.0144,0.7265
CVE-2016-10723,0.0089,0.2856
CVE-2016-10724,0.01018,0.38792
CVE-2016-10725,0.01018,0.38792
CVE-2016-10726,0.00954,0.34522
CVE-2016-10727,0.01213,0.6557
CVE-2016-10728,0.01018,0.38792
CVE-2016-10729,0.03907,0.84955
CVE-2016-1073,0.03043,0.82922
CVE-2016-10730,0.02042,0.78565
CVE-2016-10731,0.00885,0.26162
CVE-2016-10732,0.00885,0.26162
CVE-2016-10733,0.00885,0.26162
CVE-2016-10734,0.00885,0.26162
CVE-2016-10736,0.00885,0.26162
CVE-2016-10737,0.02192,0.80195
CVE-2016-10738,0.08382,0.93597
CVE-2016-10739,0.01034,0.39824
CVE-2016-1074,0.03043,0.82922
CVE-2016-10740,0.01055,0.50287
CVE-2016-10741,0.01034,0.39824
CVE-2016-10742,0.01018,0.38792
CVE-2016-10743,0.01108,0.53389
CVE-2016-10744,0.00954,0.34522
CVE-2016-10745,0.01537,0.73595
CVE-2016-10746,0.00954,0.34522
CVE-2016-10749,0.00954,0.34522
CVE-2016-1075,0.03183,0.83298
CVE-2016-10750,0.05634,0.89764
CVE-2016-10751,0.0144,0.7265
CVE-2016-10752,0.01055,0.50287
CVE-2016-10753,0.00885,0.26162
CVE-2016-10754,0.00885,0.26162
CVE-2016-10755,0.00885,0.26162
CVE-2016-10756,0.00885,0.26162
CVE-2016-10757,0.01689,0.75137
CVE-2016-10758,0.00885,0.26162
CVE-2016-10759,0.0144,0.7265
CVE-2016-1076,0.03043,0.82922
CVE-2016-10760,0.02055,0.7893
CVE-2016-10761,0.00885,0.26162
CVE-2016-10762,0.00885,0.26162
CVE-2016-10763,0.00885,0.26162
CVE-2016-10764,0.01018,0.38792
CVE-2016-10765,0.00885,0.26162
CVE-2016-10766,0.00885,0.26162
CVE-2016-10767,0.00885,0.26162
CVE-2016-10768,0.00885,0.26162
CVE-2016-10769,0.00885,0.26162
CVE-2016-1077,0.25934,0.96918
CVE-2016-10770,0.00885,0.26162
CVE-2016-10771,0.00885,0.26162
CVE-2016-10772,0.00885,0.26162
CVE-2016-10773,0.00885,0.26162
CVE-2016-10774,0.00885,0.26162
CVE-2016-10775,0.00885,0.26162
CVE-2016-10776,0.00885,0.26162
CVE-2016-10777,0.00885,0.26162
CVE-2016-10778,0.00885,0.26162
CVE-2016-10779,0.00885,0.26162
CVE-2016-1078,0.03043,0.82922
CVE-2016-10780,0.00885,0.26162
CVE-2016-10781,0.00885,0.26162
CVE-2016-10782,0.00885,0.26162
CVE-2016-10783,0.00885,0.26162
CVE-2016-10784,0.00885,0.26162
CVE-2016-10785,0.00885,0.26162
CVE-2016-10786,0.00885,0.26162
CVE-2016-10787,0.00885,0.26162
CVE-2016-10788,0.01086,0.51674
CVE-2016-10789,0.01086,0.51674
CVE-2016-1079,0.01202,0.60495
CVE-2016-10790,0.00885,0.26162
CVE-2016-10791,0.00885,0.26162
CVE-2016-10792,0.01086,0.51674
CVE-2016-10793,0.01086,0.51674
CVE-2016-10794,0.00885,0.26162
CVE-2016-10795,0.00885,0.26162
CVE-2016-10796,0.00885,0.26162
CVE-2016-10797,0.00885,0.26162
CVE-2016-10798,0.00885,0.26162
CVE-2016-10799,0.00885,0.26162
CVE-2016-1080,0.03043,0.82922
CVE-2016-10800,0.00885,0.26162
CVE-2016-10801,0.00885,0.26162
CVE-2016-10802,0.01086,0.51674
CVE-2016-10803,0.00885,0.26162
CVE-2016-10804,0.00885,0.26162
CVE-2016-10805,0.01086,0.51674
CVE-2016-10806,0.00885,0.26162
CVE-2016-10807,0.00885,0.26162
CVE-2016-10808,0.00885,0.26162
CVE-2016-10809,0.00885,0.26162
CVE-2016-1081,0.01952,0.77181
CVE-2016-10810,0.00885,0.26162
CVE-2016-10811,0.00885,0.26162
CVE-2016-10812,0.00885,0.26162
CVE-2016-10813,0.00885,0.26162
CVE-2016-10814,0.00885,0.26162
CVE-2016-10815,0.00885,0.26162
CVE-2016-10816,0.01086,0.51674
CVE-2016-10817,0.00885,0.26162
CVE-2016-10818,0.00885,0.26162
CVE-2016-10819,0.00885,0.26162
CVE-2016-1082,0.01952,0.77181
CVE-2016-10820,0.00885,0.26162
CVE-2016-10821,0.00885,0.26162
CVE-2016-10822,0.00885,0.26162
CVE-2016-10823,0.01086,0.51674
CVE-2016-10824,0.01086,0.51674
CVE-2016-10825,0.00885,0.26162
CVE-2016-10826,0.00885,0.26162
CVE-2016-10827,0.00885,0.26162
CVE-2016-10828,0.01086,0.51674
CVE-2016-10829,0.00885,0.26162
CVE-2016-1083,0.01952,0.77181
CVE-2016-10830,0.00885,0.26162
CVE-2016-10831,0.00885,0.26162
CVE-2016-10832,0.00885,0.26162
CVE-2016-10833,0.00885,0.26162
CVE-2016-10834,0.00885,0.26162
CVE-2016-10835,0.00885,0.26162
CVE-2016-10836,0.00885,0.26162
CVE-2016-10837,0.01086,0.51674
CVE-2016-10838,0.00885,0.26162
CVE-2016-10839,0.00885,0.26162
CVE-2016-1084,0.01952,0.77181
CVE-2016-10840,0.01086,0.51674
CVE-2016-10841,0.00885,0.26162
CVE-2016-10842,0.00885,0.26162
CVE-2016-10843,0.01086,0.51674
CVE-2016-10844,0.00885,0.26162
CVE-2016-10845,0.00885,0.26162
CVE-2016-10846,0.00885,0.26162
CVE-2016-10847,0.00885,0.26162
CVE-2016-10848,0.00885,0.26162
CVE-2016-10849,0.00885,0.26162
CVE-2016-1085,0.01952,0.77181
CVE-2016-10850,0.01086,0.51674
CVE-2016-10851,0.00885,0.26162
CVE-2016-10852,0.00885,0.26162
CVE-2016-10853,0.00885,0.26162
CVE-2016-10854,0.00885,0.26162
CVE-2016-10855,0.01086,0.51674
CVE-2016-10856,0.00885,0.26162
CVE-2016-10857,0.00885,0.26162
CVE-2016-10858,0.01086,0.51674
CVE-2016-10859,0.00885,0.26162
CVE-2016-1086,0.01952,0.77181
CVE-2016-10860,0.00885,0.26162
CVE-2016-10861,0.00885,0.26162
CVE-2016-10862,0.00885,0.26162
CVE-2016-10863,0.00885,0.26162
CVE-2016-10864,0.00885,0.26162
CVE-2016-10865,0.00885,0.26162
CVE-2016-10866,0.00885,0.26162
CVE-2016-10867,0.00885,0.26162
CVE-2016-10868,0.00885,0.26162
CVE-2016-10869,0.00885,0.26162
CVE-2016-1087,0.01052,0.41643
CVE-2016-10870,0.00885,0.26162
CVE-2016-10871,0.00885,0.26162
CVE-2016-10872,0.00885,0.26162
CVE-2016-10873,0.00885,0.26162
CVE-2016-10874,0.00885,0.26162
CVE-2016-10875,0.00885,0.26162
CVE-2016-10876,0.00885,0.26162
CVE-2016-10877,0.00885,0.26162
CVE-2016-10878,0.00885,0.26162
CVE-2016-10879,0.00885,0.26162
CVE-2016-1088,0.01952,0.77181
CVE-2016-10880,0.00885,0.26162
CVE-2016-10881,0.00885,0.26162
CVE-2016-10882,0.00885,0.26162
CVE-2016-10883,0.00885,0.26162
CVE-2016-10884,0.00885,0.26162
CVE-2016-10885,0.00885,0.26162
CVE-2016-10886,0.00885,0.26162
CVE-2016-10887,0.00885,0.26162
CVE-2016-10888,0.00885,0.26162
CVE-2016-10889,0.00885,0.26162
CVE-2016-1089,0.03183,0.83298
CVE-2016-10890,0.00885,0.26162
CVE-2016-10891,0.00885,0.26162
CVE-2016-10892,0.00885,0.26162
CVE-2016-10893,0.00885,0.26162
CVE-2016-10894,0.00885,0.26162
CVE-2016-10895,0.00885,0.26162
CVE-2016-10896,0.00885,0.26162
CVE-2016-10897,0.00885,0.26162
CVE-2016-10898,0.00885,0.26162
CVE-2016-10899,0.00885,0.26162
CVE-2016-1090,0.01052,0.41643
CVE-2016-10900,0.00885,0.26162
CVE-2016-10901,0.00885,0.26162
CVE-2016-10902,0.00885,0.26162
CVE-2016-10903,0.00885,0.26162
CVE-2016-10904,0.00885,0.26162
CVE-2016-10905,0.01104,0.52279
CVE-2016-10906,0.01034,0.39824
CVE-2016-10907,0.0095,0.30554
CVE-2016-10908,0.00885,0.26162
CVE-2016-10909,0.00885,0.26162
CVE-2016-1091,0.03183,0.83298
CVE-2016-10910,0.00885,0.26162
CVE-2016-10911,0.00885,0.26162
CVE-2016-10912,0.00885,0.26162
CVE-2016-10913,0.00885,0.26162
CVE-2016-10914,0.00885,0.26162
CVE-2016-10915,0.00885,0.26162
CVE-2016-10916,0.00885,0.26162
CVE-2016-10917,0.00885,0.26162
CVE-2016-10918,0.00885,0.26162
CVE-2016-10919,0.00885,0.26162
CVE-2016-1092,0.01126,0.53553
CVE-2016-10920,0.00885,0.26162
CVE-2016-10921,0.00885,0.26162
CVE-2016-10922,0.00885,0.26162
CVE-2016-10923,0.00885,0.26162
CVE-2016-10925,0.00885,0.26162
CVE-2016-10926,0.00885,0.26162
CVE-2016-10927,0.00885,0.26162
CVE-2016-10928,0.00885,0.26162
CVE-2016-10929,0.00885,0.26162
CVE-2016-1093,0.01952,0.77181
CVE-2016-10930,0.00885,0.26162
CVE-2016-10931,0.00885,0.26162
CVE-2016-10932,0.00885,0.26162
CVE-2016-10933,0.00885,0.26162
CVE-2016-10934,0.00885,0.26162
CVE-2016-10935,0.00885,0.26162
CVE-2016-10936,0.00885,0.26162
CVE-2016-10937,0.01108,0.53389
CVE-2016-10938,0.00954,0.34522
CVE-2016-10939,0.00885,0.26162
CVE-2016-1094,0.03183,0.83298
CVE-2016-10940,0.00885,0.26162
CVE-2016-10941,0.00954,0.34522
CVE-2016-10942,0.00954,0.34522
CVE-2016-10943,0.0089,0.2856
CVE-2016-10944,0.00885,0.26162
CVE-2016-10945,0.00885,0.26162
CVE-2016-10946,0.00885,0.26162
CVE-2016-10947,0.00885,0.26162
CVE-2016-10948,0.00885,0.26162
CVE-2016-10949,0.00885,0.26162
CVE-2016-1095,0.03043,0.82922
CVE-2016-10950,0.0089,0.2856
CVE-2016-10951,0.0089,0.2856
CVE-2016-10952,0.00954,0.34522
CVE-2016-10953,0.00885,0.26162
CVE-2016-10954,0.00885,0.26162
CVE-2016-10955,0.00885,0.26162
CVE-2016-10957,0.00885,0.26162
CVE-2016-10958,0.00954,0.34522
CVE-2016-10959,0.00885,0.26162
CVE-2016-1096,0.64613,0.9897
CVE-2016-10960,0.01978,0.78447
CVE-2016-10961,0.00885,0.26162
CVE-2016-10962,0.00885,0.26162
CVE-2016-10963,0.00885,0.26162
CVE-2016-10964,0.00885,0.26162
CVE-2016-10965,0.00885,0.26162
CVE-2016-10966,0.00885,0.26162
CVE-2016-10967,0.00885,0.26162
CVE-2016-10968,0.00885,0.26162
CVE-2016-10969,0.00885,0.26162
CVE-2016-1097,0.09867,0.94091
CVE-2016-10970,0.00885,0.26162
CVE-2016-10971,0.00885,0.26162
CVE-2016-10972,0.08382,0.93597
CVE-2016-10973,0.00885,0.26162
CVE-2016-10974,0.00885,0.26162
CVE-2016-10975,0.00885,0.26162
CVE-2016-10976,0.00885,0.26162
CVE-2016-10977,0.0089,0.2856
CVE-2016-10978,0.00885,0.26162
CVE-2016-10979,0.00885,0.26162
CVE-2016-1098,0.09867,0.94091
CVE-2016-10980,0.00885,0.26162
CVE-2016-10981,0.00885,0.26162
CVE-2016-10982,0.00885,0.26162
CVE-2016-10983,0.00885,0.26162
CVE-2016-10984,0.00954,0.34522
CVE-2016-10985,0.00954,0.34522
CVE-2016-10986,0.00954,0.34522
CVE-2016-10987,0.00954,0.34522
CVE-2016-10988,0.00954,0.34522
CVE-2016-10989,0.00954,0.34522
CVE-2016-1099,0.09867,0.94091
CVE-2016-10990,0.00885,0.26162
CVE-2016-10991,0.00885,0.26162
CVE-2016-10992,0.00954,0.34522
CVE-2016-10993,0.00885,0.26162
CVE-2016-10994,0.00885,0.26162
CVE-2016-10995,0.00885,0.26162
CVE-2016-10996,0.00885,0.26162
CVE-2016-10997,0.08382,0.93597
CVE-2016-10998,0.00885,0.26162
CVE-2016-10999,0.00885,0.26162
CVE-2016-1100,0.09867,0.94091
CVE-2016-11000,0.00885,0.26162
CVE-2016-11001,0.00885,0.26162
CVE-2016-11002,0.00885,0.26162
CVE-2016-11003,0.00885,0.26162
CVE-2016-11004,0.00885,0.26162
CVE-2016-11005,0.00885,0.26162
CVE-2016-11006,0.00954,0.34522
CVE-2016-11007,0.00954,0.34522
CVE-2016-11008,0.00954,0.34522
CVE-2016-11009,0.00954,0.34522
CVE-2016-1101,0.58567,0.98805
CVE-2016-11010,0.00954,0.34522
CVE-2016-11011,0.0089,0.2856
CVE-2016-11012,0.00885,0.26162
CVE-2016-11013,0.00885,0.26162
CVE-2016-11014,0.01018,0.38792
CVE-2016-11015,0.01018,0.38792
CVE-2016-11016,0.01108,0.53389
CVE-2016-11017,0.08382,0.93597
CVE-2016-11018,0.00954,0.34522
CVE-2016-1102,0.64613,0.9897
CVE-2016-11020,0.05634,0.89764
CVE-2016-11021,0.03059,0.82941
CVE-2016-11022,0.04571,0.88388
CVE-2016-11023,0.00885,0.26162
CVE-2016-11024,0.00885,0.26162
CVE-2016-11025,0.00885,0.26162
CVE-2016-11026,0.00885,0.26162
CVE-2016-11027,0.00885,0.26162
CVE-2016-11028,0.00885,0.26162
CVE-2016-11029,0.00885,0.26162
CVE-2016-1103,0.58567,0.98805
CVE-2016-11030,0.00885,0.26162
CVE-2016-11031,0.00885,0.26162
CVE-2016-11032,0.00885,0.26162
CVE-2016-11033,0.00885,0.26162
CVE-2016-11034,0.00885,0.26162
CVE-2016-11035,0.00885,0.26162
CVE-2016-11036,0.00885,0.26162
CVE-2016-11038,0.01086,0.51674
CVE-2016-11039,0.00885,0.26162
CVE-2016-1104,0.64613,0.9897
CVE-2016-11040,0.00885,0.26162
CVE-2016-11041,0.00885,0.26162
CVE-2016-11042,0.00885,0.26162
CVE-2016-11043,0.00885,0.26162
CVE-2016-11044,0.00885,0.26162
CVE-2016-11045,0.00885,0.26162
CVE-2016-11046,0.00885,0.26162
CVE-2016-11047,0.00885,0.26162
CVE-2016-11048,0.00885,0.26162
CVE-2016-11049,0.00885,0.26162
CVE-2016-1105,0.58567,0.98805
CVE-2016-11050,0.00885,0.26162
CVE-2016-11052,0.00885,0.26162
CVE-2016-11053,0.00885,0.26162
CVE-2016-11054,0.01086,0.51674
CVE-2016-11055,0.00885,0.26162
CVE-2016-11056,0.00885,0.26162
CVE-2016-11057,0.00885,0.26162
CVE-2016-11058,0.00885,0.26162
CVE-2016-11059,0.00885,0.26162
CVE-2016-1106,0.58567,0.98805
CVE-2016-11060,0.00885,0.26162
CVE-2016-11061,0.00885,0.26162
CVE-2016-11062,0.00885,0.26162
CVE-2016-11063,0.00885,0.26162
CVE-2016-11064,0.00885,0.26162
CVE-2016-11065,0.00885,0.26162
CVE-2016-11066,0.00885,0.26162
CVE-2016-11067,0.00885,0.26162
CVE-2016-11068,0.00885,0.26162
CVE-2016-11069,0.00885,0.26162
CVE-2016-1107,0.09867,0.94091
CVE-2016-11070,0.00885,0.26162
CVE-2016-11071,0.00885,0.26162
CVE-2016-11072,0.00885,0.26162
CVE-2016-11073,0.00885,0.26162
CVE-2016-11074,0.00885,0.26162
CVE-2016-11075,0.00885,0.26162
CVE-2016-11076,0.00885,0.26162
CVE-2016-11077,0.00885,0.26162
CVE-2016-11078,0.00885,0.26162
CVE-2016-11079,0.00885,0.26162
CVE-2016-1108,0.09867,0.94091
CVE-2016-11080,0.00885,0.26162
CVE-2016-11081,0.00885,0.26162
CVE-2016-11082,0.00885,0.26162
CVE-2016-11083,0.00885,0.26162
CVE-2016-11084,0.00885,0.26162
CVE-2016-11085,0.00885,0.26162
CVE-2016-11086,0.00885,0.26162
CVE-2016-1109,0.09867,0.94091
CVE-2016-1110,0.09867,0.94091
CVE-2016-1111,0.01952,0.77181
CVE-2016-1112,0.01126,0.53553
CVE-2016-1113,0.01136,0.57949
CVE-2016-1114,0.01055,0.50287
CVE-2016-1115,0.01126,0.53553
CVE-2016-1116,0.01952,0.77181
CVE-2016-1117,0.03183,0.83298
CVE-2016-1118,0.01952,0.77181
CVE-2016-1119,0.01952,0.77181
CVE-2016-1120,0.01952,0.77181
CVE-2016-1121,0.03183,0.83298
CVE-2016-1122,0.03183,0.83298
CVE-2016-1123,0.01952,0.77181
CVE-2016-1124,0.01952,0.77181
CVE-2016-1125,0.01952,0.77181
CVE-2016-1126,0.01952,0.77181
CVE-2016-1127,0.01952,0.77181
CVE-2016-1128,0.01952,0.77181
CVE-2016-1129,0.01952,0.77181
CVE-2016-1130,0.01952,0.77181
CVE-2016-1131,0.05593,0.89561
CVE-2016-1132,0.00885,0.26162
CVE-2016-1133,0.01213,0.6557
CVE-2016-1134,0.01055,0.50287
CVE-2016-1135,0.01055,0.50287
CVE-2016-1136,0.01061,0.51015
CVE-2016-1137,0.01136,0.57949
CVE-2016-1138,0.01136,0.57949
CVE-2016-1139,0.01136,0.57949
CVE-2016-1140,0.01136,0.57949
CVE-2016-1141,0.01061,0.51015
CVE-2016-1142,0.01061,0.51015
CVE-2016-1143,0.01136,0.57949
CVE-2016-1144,0.01061,0.51015
CVE-2016-1145,0.01136,0.57949
CVE-2016-1148,0.00954,0.34522
CVE-2016-1149,0.01319,0.70416
CVE-2016-1150,0.01319,0.70416
CVE-2016-1151,0.01136,0.57949
CVE-2016-1152,0.01061,0.51015
CVE-2016-1153,0.01061,0.51015
CVE-2016-1154,0.01136,0.57949
CVE-2016-1155,0.05785,0.89924
CVE-2016-1156,0.01061,0.51015
CVE-2016-1157,0.01136,0.57949
CVE-2016-1158,0.01136,0.57949
CVE-2016-1159,0.01775,0.75672
CVE-2016-1160,0.01136,0.57949
CVE-2016-1161,0.0089,0.2856
CVE-2016-1167,0.01136,0.57949
CVE-2016-1168,0.01136,0.57949
CVE-2016-1169,0.01136,0.57949
CVE-2016-1170,0.01136,0.57949
CVE-2016-1171,0.01136,0.57949
CVE-2016-1172,0.01136,0.57949
CVE-2016-1173,0.01136,0.57949
CVE-2016-1174,0.01136,0.57949
CVE-2016-1175,0.01136,0.57949
CVE-2016-1176,0.01776,0.75672
CVE-2016-1177,0.01136,0.57949
CVE-2016-1178,0.01136,0.57949
CVE-2016-1179,0.01136,0.57949
CVE-2016-1180,0.01213,0.6557
CVE-2016-1181,0.11658,0.94849000000000006
CVE-2016-1182,0.15622,0.95873
CVE-2016-1183,0.01136,0.57949
CVE-2016-1184,0.00954,0.34522
CVE-2016-1185,0.01018,0.38792
CVE-2016-1186,0.01018,0.38792
CVE-2016-1187,0.01018,0.38792
CVE-2016-1188,0.01132,0.54372
CVE-2016-1189,0.01132,0.54372
CVE-2016-1190,0.01132,0.54372
CVE-2016-1191,0.01136,0.57949
CVE-2016-1192,0.01061,0.51015
CVE-2016-1193,0.01136,0.57949
CVE-2016-1194,0.01061,0.51015
CVE-2016-1195,0.01136,0.57949
CVE-2016-1196,0.01061,0.51015
CVE-2016-1197,0.01136,0.57949
CVE-2016-1198,0.00954,0.34522
CVE-2016-1199,0.01213,0.6557
CVE-2016-1200,0.01132,0.54372
CVE-2016-1201,0.01213,0.6557
CVE-2016-1202,0.0095,0.30554
CVE-2016-1205,0.01213,0.6557
CVE-2016-1206,0.01136,0.57949
CVE-2016-1207,0.01061,0.51015
CVE-2016-1208,0.01136,0.57949
CVE-2016-1209,0.85322,0.99658
CVE-2016-1210,0.00885,0.26162
CVE-2016-1211,0.01136,0.57949
CVE-2016-1212,0.01061,0.51015
CVE-2016-1213,0.01213,0.6557
CVE-2016-1214,0.01018,0.38792
CVE-2016-1215,0.01018,0.38792
CVE-2016-1216,0.01018,0.38792
CVE-2016-1217,0.01018,0.38792
CVE-2016-1218,0.0095,0.30554
CVE-2016-1219,0.01213,0.6557
CVE-2016-1220,0.0095,0.30554
CVE-2016-1221,0.00885,0.26162
CVE-2016-1222,0.01213,0.6557
CVE-2016-1223,0.01136,0.57949
CVE-2016-1224,0.01136,0.57949
CVE-2016-1225,0.01132,0.54372
CVE-2016-1226,0.01213,0.6557
CVE-2016-1227,0.01132,0.54372
CVE-2016-1228,0.01213,0.6557
CVE-2016-1229,0.01061,0.51015
CVE-2016-1230,0.01213,0.6557
CVE-2016-1231,0.01319,0.70416
CVE-2016-1232,0.01108,0.53389
CVE-2016-1233,0.00885,0.26162
CVE-2016-1234,0.01537,0.73595
CVE-2016-1235,0.01061,0.51015
CVE-2016-1236,0.00954,0.34522
CVE-2016-1237,0.01282,0.67298
CVE-2016-1238,0.01547,0.74085
CVE-2016-1239,0.00885,0.26162
CVE-2016-1241,0.01061,0.51015
CVE-2016-1242,0.01061,0.51015
CVE-2016-1243,0.05785,0.89924
CVE-2016-1244,0.05593,0.89561
CVE-2016-1245,0.01108,0.53389
CVE-2016-1246,0.01018,0.38792
CVE-2016-1247,0.05028,0.89005
CVE-2016-1248,0.02444,0.8084
CVE-2016-1249,0.01018,0.38792
CVE-2016-1251,0.01108,0.53389
CVE-2016-1252,0.10212,0.94357
CVE-2016-1253,0.01213,0.6557
CVE-2016-1254,0.01408,0.72072
CVE-2016-1255,0.0095,0.30554
CVE-2016-1256,0.01055,0.50287
CVE-2016-1257,0.01055,0.50287
CVE-2016-1258,0.01055,0.50287
CVE-2016-1260,0.01055,0.50287
CVE-2016-1261,0.00885,0.26162
CVE-2016-1262,0.01055,0.50287
CVE-2016-1263,0.01055,0.50287
CVE-2016-1264,0.01055,0.50287
CVE-2016-1265,0.01267,0.66451
CVE-2016-1267,0.00885,0.26162
CVE-2016-1268,0.01055,0.50287
CVE-2016-1269,0.01055,0.50287
CVE-2016-1270,0.01055,0.50287
CVE-2016-1271,0.00885,0.26162
CVE-2016-1273,0.01055,0.50287
CVE-2016-1274,0.01055,0.50287
CVE-2016-1275,0.01136,0.57949
CVE-2016-1276,0.01136,0.57949
CVE-2016-1277,0.01136,0.57949
CVE-2016-1278,0.00954,0.34522
CVE-2016-1279,0.01136,0.57949
CVE-2016-1280,0.01136,0.57949
CVE-2016-1281,0.01102,0.51825
CVE-2016-1283,0.02172,0.79917
CVE-2016-1284,0.01136,0.57949
CVE-2016-1285,0.26383,0.96972
CVE-2016-1286,0.26383,0.96972
CVE-2016-1288,0.01055,0.50287
CVE-2016-1289,0.05785,0.89924
CVE-2016-1290,0.01055,0.50287
CVE-2016-1293,0.01055,0.50287
CVE-2016-1294,0.01055,0.50287
CVE-2016-1295,0.01055,0.50287
CVE-2016-1296,0.01055,0.50287
CVE-2016-1297,0.01055,0.50287
CVE-2016-1298,0.01055,0.50287
CVE-2016-1299,0.01055,0.50287
CVE-2016-1300,0.01055,0.50287
CVE-2016-1301,0.01061,0.51015
CVE-2016-1302,0.01055,0.50287
CVE-2016-1303,0.01055,0.50287
CVE-2016-1304,0.01055,0.50287
CVE-2016-1305,0.01055,0.50287
CVE-2016-1306,0.01055,0.50287
CVE-2016-1307,0.01061,0.51015
CVE-2016-1308,0.01055,0.50287
CVE-2016-1309,0.01055,0.50287
CVE-2016-1310,0.01055,0.50287
CVE-2016-1311,0.01055,0.50287
CVE-2016-1312,0.01136,0.57949
CVE-2016-1313,0.01055,0.50287
CVE-2016-1314,0.01055,0.50287
CVE-2016-1315,0.01055,0.50287
CVE-2016-1316,0.01055,0.50287
CVE-2016-1317,0.01055,0.50287
CVE-2016-1318,0.01055,0.50287
CVE-2016-1319,0.01018,0.38792
CVE-2016-1320,0.00885,0.26162
CVE-2016-1321,0.01055,0.50287
CVE-2016-1322,0.01055,0.50287
CVE-2016-1323,0.01055,0.50287
CVE-2016-1324,0.01055,0.50287
CVE-2016-1325,0.01136,0.57949
CVE-2016-1326,0.01136,0.57949
CVE-2016-1327,0.05785,0.89924
CVE-2016-1328,0.01213,0.6557
CVE-2016-1329,0.01136,0.57949
CVE-2016-1330,0.01055,0.50287
CVE-2016-1331,0.01055,0.50287
CVE-2016-1333,0.01055,0.50287
CVE-2016-1334,0.01055,0.50287
CVE-2016-1335,0.01055,0.50287
CVE-2016-1336,0.01213,0.6557
CVE-2016-1337,0.01213,0.6557
CVE-2016-1338,0.01055,0.50287
CVE-2016-1339,0.00885,0.26162
CVE-2016-1340,0.00885,0.26162
CVE-2016-1341,0.00885,0.26162
CVE-2016-1342,0.01055,0.50287
CVE-2016-1343,0.01055,0.50287
CVE-2016-1344,0.01136,0.57949
CVE-2016-1345,0.01213,0.6557
CVE-2016-1346,0.01055,0.50287
CVE-2016-1347,0.01055,0.50287
CVE-2016-1348,0.01055,0.50287
CVE-2016-1349,0.01055,0.50287
CVE-2016-1350,0.01213,0.6557
CVE-2016-1351,0.01136,0.57949
CVE-2016-1352,0.01055,0.50287
CVE-2016-1353,0.01055,0.50287
CVE-2016-1354,0.01055,0.50287
CVE-2016-1355,0.01055,0.50287
CVE-2016-1356,0.01055,0.50287
CVE-2016-1357,0.01055,0.50287
CVE-2016-1358,0.01055,0.50287
CVE-2016-1359,0.02166,0.79253
CVE-2016-1360,0.00885,0.26162
CVE-2016-1361,0.01055,0.50287
CVE-2016-1362,0.01055,0.50287
CVE-2016-1363,0.02166,0.79253
CVE-2016-1364,0.01055,0.50287
CVE-2016-1365,0.01061,0.51015
CVE-2016-1366,0.01055,0.50287
CVE-2016-1367,0.01055,0.50287
CVE-2016-1368,0.01055,0.50287
CVE-2016-1369,0.01055,0.50287
CVE-2016-1370,0.01055,0.50287
CVE-2016-1371,0.01213,0.6557
CVE-2016-1372,0.01213,0.6557
CVE-2016-1373,0.01055,0.50287
CVE-2016-1374,0.01061,0.51015
CVE-2016-1375,0.01055,0.50287
CVE-2016-1376,0.01055,0.50287
CVE-2016-1377,0.01055,0.50287
CVE-2016-1378,0.01055,0.50287
CVE-2016-1379,0.01055,0.50287
CVE-2016-1380,0.01055,0.50287
CVE-2016-1381,0.01055,0.50287
CVE-2016-1382,0.01055,0.50287
CVE-2016-1383,0.01055,0.50287
CVE-2016-1384,0.01136,0.57949
CVE-2016-1385,0.01055,0.50287
CVE-2016-1386,0.01055,0.50287
CVE-2016-1387,0.01055,0.50287
CVE-2016-1388,0.01055,0.50287
CVE-2016-1389,0.01055,0.50287
CVE-2016-1390,0.00885,0.26162
CVE-2016-1391,0.01055,0.50287
CVE-2016-1392,0.01055,0.50287
CVE-2016-1393,0.01055,0.50287
CVE-2016-1394,0.01055,0.50287
CVE-2016-1395,0.02166,0.79253
CVE-2016-1396,0.01055,0.50287
CVE-2016-1397,0.01055,0.50287
CVE-2016-1398,0.01055,0.50287
CVE-2016-1399,0.01213,0.6557
CVE-2016-1400,0.01055,0.50287
CVE-2016-1401,0.01055,0.50287
CVE-2016-1402,0.01055,0.50287
CVE-2016-1403,0.01525,0.72834
CVE-2016-1404,0.01055,0.50287
CVE-2016-1405,0.01319,0.70416
CVE-2016-1406,0.01055,0.50287
CVE-2016-1407,0.01055,0.50287
CVE-2016-1408,0.01061,0.51015
CVE-2016-1409,0.01408,0.72072
CVE-2016-1410,0.01136,0.57949
CVE-2016-1411,0.01055,0.50287
CVE-2016-1413,0.01055,0.50287
CVE-2016-1415,0.04007,0.8528
CVE-2016-1416,0.01136,0.57949
CVE-2016-1417,0.04967,0.88942
CVE-2016-1418,0.00885,0.26162
CVE-2016-1419,0.01055,0.50287
CVE-2016-1420,0.00885,0.26162
CVE-2016-1421,0.03795,0.84827
CVE-2016-1423,0.01136,0.57949
CVE-2016-1424,0.01055,0.50287
CVE-2016-1425,0.01136,0.57949
CVE-2016-1426,0.01136,0.57949
CVE-2016-1427,0.01055,0.50287
CVE-2016-1428,0.01055,0.50287
CVE-2016-1429,0.01136,0.57949
CVE-2016-1430,0.01061,0.51015
CVE-2016-1431,0.01055,0.50287
CVE-2016-1432,0.01055,0.50287
CVE-2016-1433,0.01136,0.57949
CVE-2016-1434,0.01055,0.50287
CVE-2016-1435,0.00885,0.26162
CVE-2016-1436,0.01055,0.50287
CVE-2016-1437,0.01055,0.50287
CVE-2016-1438,0.01055,0.50287
CVE-2016-1439,0.01055,0.50287
CVE-2016-1440,0.01055,0.50287
CVE-2016-1441,0.01055,0.50287
CVE-2016-1442,0.01055,0.50287
CVE-2016-1443,0.01055,0.50287
CVE-2016-1444,0.01136,0.57949
CVE-2016-1445,0.01136,0.57949
CVE-2016-1446,0.01061,0.51015
CVE-2016-1447,0.01136,0.57949
CVE-2016-1448,0.01136,0.57949
CVE-2016-1449,0.01136,0.57949
CVE-2016-1450,0.01061,0.51015
CVE-2016-1451,0.01055,0.50287
CVE-2016-1452,0.01136,0.57949
CVE-2016-1453,0.05785,0.89924
CVE-2016-1454,0.01136,0.57949
CVE-2016-1455,0.01136,0.57949
CVE-2016-1456,0.0089,0.2856
CVE-2016-1457,0.01061,0.51015
CVE-2016-1458,0.01055,0.50287
CVE-2016-1459,0.01061,0.51015
CVE-2016-1460,0.01136,0.57949
CVE-2016-1461,0.01136,0.57949
CVE-2016-1462,0.01136,0.57949
CVE-2016-1463,0.01136,0.57949
CVE-2016-1464,0.12166,0.94986
CVE-2016-1465,0.01136,0.57949
CVE-2016-1466,0.01136,0.57949
CVE-2016-1467,0.01055,0.50287
CVE-2016-1468,0.01061,0.51015
CVE-2016-1469,0.01136,0.57949
CVE-2016-1470,0.01213,0.6557
CVE-2016-1471,0.01213,0.6557
CVE-2016-1472,0.01213,0.6557
CVE-2016-1473,0.01213,0.6557
CVE-2016-1474,0.01136,0.57949
CVE-2016-1476,0.01061,0.51015
CVE-2016-1477,0.01055,0.50287
CVE-2016-1478,0.01136,0.57949
CVE-2016-1479,0.01136,0.57949
CVE-2016-1480,0.01213,0.6557
CVE-2016-1481,0.01136,0.57949
CVE-2016-1482,0.01136,0.57949
CVE-2016-1483,0.01136,0.57949
CVE-2016-1484,0.01136,0.57949
CVE-2016-1485,0.01136,0.57949
CVE-2016-1486,0.01136,0.57949
CVE-2016-1487,0.01156,0.60033
CVE-2016-1488,0.01055,0.50287
CVE-2016-1489,0.01213,0.6557
CVE-2016-1490,0.01132,0.54372
CVE-2016-1491,0.01213,0.6557
CVE-2016-1492,0.01213,0.6557
CVE-2016-1493,0.02578,0.8123
CVE-2016-1495,0.00885,0.26162
CVE-2016-1496,0.00885,0.26162
CVE-2016-1497,0.0089,0.2856
CVE-2016-1498,0.01055,0.50287
CVE-2016-1499,0.01132,0.54372
CVE-2016-1500,0.01055,0.50287
CVE-2016-15002,0.00885,0.26162
CVE-2016-15003,0.0089,0.2856
CVE-2016-15004,0.00954,0.34522
CVE-2016-1501,0.01055,0.50287
CVE-2016-1502,0.01055,0.50287
CVE-2016-1503,0.0455,0.88291
CVE-2016-1504,0.01319,0.70416
CVE-2016-1505,0.01319,0.70416
CVE-2016-1513,0.04397,0.87546
CVE-2016-1516,0.02578,0.8123
CVE-2016-1517,0.01055,0.50287
CVE-2016-1518,0.00954,0.34522
CVE-2016-1519,0.00954,0.34522
CVE-2016-1520,0.01603,0.74718
CVE-2016-1521,0.05857,0.90058
CVE-2016-1522,0.05857,0.90058
CVE-2016-1523,0.03932,0.8519
CVE-2016-1524,0.49286,0.9853
CVE-2016-1525,0.86797,0.99708
CVE-2016-1526,0.03407,0.83908
CVE-2016-1531,0.0232,0.80631
CVE-2016-1541,0.0883,0.93679
CVE-2016-1544,0.01232,0.66248
CVE-2016-1546,0.07344,0.92237
CVE-2016-1547,0.02686,0.82061
CVE-2016-1548,0.02686,0.82061
CVE-2016-1549,0.01282,0.67298
CVE-2016-1550,0.02686,0.82061
CVE-2016-1551,0.01108,0.53389
CVE-2016-1556,0.01136,0.57949
CVE-2016-1557,0.00954,0.34522
CVE-2016-1558,0.01136,0.57949
CVE-2016-1559,0.00954,0.34522
CVE-2016-1560,0.01136,0.57949
CVE-2016-1561,0.01136,0.57949
CVE-2016-1562,0.01055,0.50287
CVE-2016-1563,0.00885,0.26162
CVE-2016-1564,0.01408,0.72072
CVE-2016-1565,0.01055,0.50287
CVE-2016-1566,0.01055,0.50287
CVE-2016-1567,0.01213,0.6557
CVE-2016-1568,0.01916,0.76514
CVE-2016-1569,0.01132,0.54372
CVE-2016-1570,0.0089,0.2856
CVE-2016-1571,0.0095,0.30554
CVE-2016-1572,0.01537,0.73595
CVE-2016-1573,0.00885,0.26162
CVE-2016-1575,0.02115,0.79119
CVE-2016-1576,0.02249,0.80456
CVE-2016-1577,0.04397,0.87546
CVE-2016-1578,0.02847,0.82381
CVE-2016-1579,0.00885,0.26162
CVE-2016-1580,0.01055,0.50287
CVE-2016-1581,0.00885,0.26162
CVE-2016-1582,0.00885,0.26162
CVE-2016-1583,0.04393,0.87543
CVE-2016-1584,0.00885,0.26162
CVE-2016-1585,0.00885,0.26162
CVE-2016-1586,0.00885,0.26162
CVE-2016-1587,0.00885,0.26162
CVE-2016-1592,0.01055,0.50287
CVE-2016-1593,0.77749,0.99391
CVE-2016-1594,0.01132,0.54372
CVE-2016-1595,0.01132,0.54372
CVE-2016-1596,0.01132,0.54372
CVE-2016-1597,0.00885,0.26162
CVE-2016-1598,0.00885,0.26162
CVE-2016-1599,0.01136,0.57949
CVE-2016-1600,0.00885,0.26162
CVE-2016-1601,0.01018,0.38792
CVE-2016-1602,0.01525,0.72834
CVE-2016-1603,0.00885,0.26162
CVE-2016-1605,0.01055,0.50287
CVE-2016-1606,0.12131,0.94983
CVE-2016-1607,0.01132,0.54372
CVE-2016-1608,0.01232,0.66248
CVE-2016-1609,0.01232,0.66248
CVE-2016-1610,0.01319,0.70416
CVE-2016-1611,0.0095,0.30554
CVE-2016-1612,0.03407,0.83908
CVE-2016-1613,0.01955,0.77585
CVE-2016-1614,0.01955,0.77585
CVE-2016-1615,0.01955,0.77585
CVE-2016-1616,0.01955,0.77585
CVE-2016-1617,0.01955,0.77585
CVE-2016-1618,0.01955,0.77585
CVE-2016-1619,0.01955,0.77585
CVE-2016-1620,0.02686,0.82061
CVE-2016-1621,0.0455,0.88291
CVE-2016-1622,0.01955,0.77585
CVE-2016-1623,0.01955,0.77585
CVE-2016-1624,0.01955,0.77585
CVE-2016-1625,0.01955,0.77585
CVE-2016-1626,0.01955,0.77585
CVE-2016-1627,0.01955,0.77585
CVE-2016-1628,0.05857,0.90058
CVE-2016-1629,0.02172,0.79917
CVE-2016-1630,0.01955,0.77585
CVE-2016-1631,0.01955,0.77585
CVE-2016-1632,0.01955,0.77585
CVE-2016-1633,0.02172,0.79917
CVE-2016-1634,0.01955,0.77585
CVE-2016-1635,0.02172,0.79917
CVE-2016-1636,0.02172,0.79917
CVE-2016-1637,0.01955,0.77585
CVE-2016-1638,0.01955,0.77585
CVE-2016-1639,0.02172,0.79917
CVE-2016-1640,0.01955,0.77585
CVE-2016-1641,0.01955,0.77585
CVE-2016-1642,0.02686,0.82061
CVE-2016-1643,0.01955,0.77585
CVE-2016-1644,0.01955,0.77585
CVE-2016-1645,0.01955,0.77585
CVE-2016-1646,0.01955,0.77585
CVE-2016-1647,0.01955,0.77585
CVE-2016-1648,0.01955,0.77585
CVE-2016-1649,0.01955,0.77585
CVE-2016-1650,0.01537,0.73595
CVE-2016-1651,0.01955,0.77585
CVE-2016-1652,0.01955,0.77585
CVE-2016-1653,0.01955,0.77585
CVE-2016-1654,0.01955,0.77585
CVE-2016-1655,0.05857,0.90058
CVE-2016-1656,0.01408,0.72072
CVE-2016-1657,0.01955,0.77585
CVE-2016-1658,0.01955,0.77585
CVE-2016-1659,0.01537,0.73595
CVE-2016-1660,0.03407,0.83908
CVE-2016-1661,0.01633,0.74922
CVE-2016-1662,0.06698,0.91171
CVE-2016-1663,0.01955,0.77585
CVE-2016-1664,0.01955,0.77585
CVE-2016-1665,0.01955,0.77585
CVE-2016-1666,0.02686,0.82061
CVE-2016-1667,0.07576,0.92536
CVE-2016-1668,0.01955,0.77585
CVE-2016-1669,0.03932,0.8519
CVE-2016-1670,0.01955,0.77585
CVE-2016-1671,0.01108,0.53389
CVE-2016-1672,0.01955,0.77585
CVE-2016-1673,0.01955,0.77585
CVE-2016-1674,0.01955,0.77585
CVE-2016-1675,0.01955,0.77585
CVE-2016-1676,0.01955,0.77585
CVE-2016-1677,0.01955,0.77585
CVE-2016-1678,0.01955,0.77585
CVE-2016-1679,0.01955,0.77585
CVE-2016-1680,0.01955,0.77585
CVE-2016-1681,0.01955,0.77585
CVE-2016-1682,0.01955,0.77585
CVE-2016-1683,0.03932,0.8519
CVE-2016-1684,0.03932,0.8519
CVE-2016-1685,0.01955,0.77585
CVE-2016-1686,0.01955,0.77585
CVE-2016-1687,0.01955,0.77585
CVE-2016-1688,0.01955,0.77585
CVE-2016-1689,0.01955,0.77585
CVE-2016-1690,0.01955,0.77585
CVE-2016-1691,0.01955,0.77585
CVE-2016-1692,0.02172,0.79917
CVE-2016-1693,0.01955,0.77585
CVE-2016-1694,0.01955,0.77585
CVE-2016-1695,0.02686,0.82061
CVE-2016-1696,0.01776,0.75902
CVE-2016-1697,0.01955,0.77585
CVE-2016-1698,0.01537,0.73595
CVE-2016-1699,0.01955,0.77585
CVE-2016-1700,0.01776,0.75902
CVE-2016-1701,0.01776,0.75902
CVE-2016-1702,0.01955,0.77585
CVE-2016-1703,0.02686,0.82061
CVE-2016-1704,0.01537,0.73595
CVE-2016-1705,0.02686,0.82061
CVE-2016-1706,0.01955,0.77585
CVE-2016-1707,0.01955,0.77585
CVE-2016-1708,0.01955,0.77585
CVE-2016-1709,0.03407,0.83908
CVE-2016-1710,0.01955,0.77585
CVE-2016-1711,0.01955,0.77585
CVE-2016-1712,0.00885,0.26162
CVE-2016-1713,0.08605,0.93631
CVE-2016-1714,0.02336,0.80636
CVE-2016-1715,0.01484,0.72723
CVE-2016-1716,0.0089,0.2856
CVE-2016-1717,0.01282,0.67298
CVE-2016-1718,0.0095,0.30554
CVE-2016-1719,0.03534,0.84129
CVE-2016-1720,0.03534,0.84129
CVE-2016-1721,0.03534,0.84129
CVE-2016-1722,0.01282,0.67298
CVE-2016-1723,0.03421,0.8392
CVE-2016-1724,0.03421,0.8392
CVE-2016-1725,0.03421,0.8392
CVE-2016-1726,0.03421,0.8392
CVE-2016-1727,0.03421,0.8392
CVE-2016-1728,0.01776,0.75902
CVE-2016-1729,0.00954,0.34522
CVE-2016-1730,0.01136,0.57949
CVE-2016-1731,0.00954,0.34522
CVE-2016-1732,0.0089,0.2856
CVE-2016-1733,0.01271,0.66495
CVE-2016-1735,0.01271,0.66495
CVE-2016-1736,0.01271,0.66495
CVE-2016-1737,0.02497,0.80877
CVE-2016-1738,0.0089,0.2856
CVE-2016-1740,0.04017,0.85283
CVE-2016-1741,0.05293,0.89318
CVE-2016-1742,0.0089,0.2856
CVE-2016-1743,0.02106,0.79092
CVE-2016-1744,0.02106,0.79092
CVE-2016-1745,0.0089,0.2856
CVE-2016-1746,0.01271,0.66495
CVE-2016-1747,0.01271,0.66495
CVE-2016-1748,0.01537,0.73595
CVE-2016-1749,0.02106,0.79092
CVE-2016-1750,0.01942,0.77151
CVE-2016-1751,0.01108,0.53389
CVE-2016-1752,0.01537,0.73595
CVE-2016-1753,0.01942,0.77151
CVE-2016-1754,0.01942,0.77151
CVE-2016-1755,0.06549,0.90972
CVE-2016-1756,0.01271,0.66495
CVE-2016-1759,0.01271,0.66495
CVE-2016-1760,0.00954,0.34522
CVE-2016-1761,0.03312,0.83535
CVE-2016-1762,0.03932,0.8519
CVE-2016-1763,0.01061,0.51015
CVE-2016-1765,0.0089,0.2856
CVE-2016-1766,0.01018,0.38792
CVE-2016-1767,0.06017,0.90136
CVE-2016-1768,0.06017,0.90136
CVE-2016-1769,0.06017,0.90136
CVE-2016-1770,0.00954,0.34522
CVE-2016-1771,0.01213,0.6557
CVE-2016-1772,0.01018,0.38792
CVE-2016-1773,0.0089,0.2856
CVE-2016-1774,0.01213,0.6557
CVE-2016-1775,0.04017,0.85283
CVE-2016-1776,0.01213,0.6557
CVE-2016-1777,0.01213,0.6557
CVE-2016-1778,0.02552,0.81134
CVE-2016-1779,0.01319,0.70416
CVE-2016-1780,0.01136,0.57949
CVE-2016-1781,0.01108,0.53389
CVE-2016-1782,0.01319,0.70416
CVE-2016-1783,0.02721,0.82088
CVE-2016-1784,0.01319,0.70416
CVE-2016-1785,0.01319,0.70416
CVE-2016-1786,0.01319,0.70416
CVE-2016-1787,0.01213,0.6557
CVE-2016-1788,0.01319,0.70416
CVE-2016-1789,0.01055,0.50287
CVE-2016-1790,0.00954,0.34522
CVE-2016-1791,0.01018,0.38792
CVE-2016-1792,0.01271,0.66495
CVE-2016-1793,0.02507,0.80889
CVE-2016-1794,0.02507,0.80889
CVE-2016-1795,0.01271,0.66495
CVE-2016-1796,0.01018,0.38792
CVE-2016-1797,0.01271,0.66495
CVE-2016-1798,0.01018,0.38792
CVE-2016-1799,0.01271,0.66495
CVE-2016-1800,0.03794,0.8481
CVE-2016-1801,0.01974,0.7812
CVE-2016-1802,0.01537,0.73595
CVE-2016-1803,0.06549,0.90972
CVE-2016-1804,0.01271,0.66495
CVE-2016-1805,0.01271,0.66495
CVE-2016-1806,0.01271,0.66495
CVE-2016-1807,0.04078,0.85319
CVE-2016-1808,0.01942,0.77151
CVE-2016-1809,0.00954,0.34522
CVE-2016-1810,0.01271,0.66495
CVE-2016-1811,0.01955,0.77585
CVE-2016-1812,0.01271,0.66495
CVE-2016-1813,0.06549,0.90972
CVE-2016-1814,0.01183,0.60428
CVE-2016-1815,0.01271,0.66495
CVE-2016-1816,0.01271,0.66495
CVE-2016-1817,0.01942,0.77151
CVE-2016-1818,0.01942,0.77151
CVE-2016-1819,0.06549,0.90972
CVE-2016-1820,0.01271,0.66495
CVE-2016-1821,0.02507,0.80889
CVE-2016-1822,0.01271,0.66495
CVE-2016-1823,0.06549,0.90972
CVE-2016-1824,0.01942,0.77151
CVE-2016-1826,0.01271,0.66495
CVE-2016-1829,0.01942,0.77151
CVE-2016-1830,0.01942,0.77151
CVE-2016-1831,0.01402,0.71128
CVE-2016-1832,0.01282,0.67298
CVE-2016-1833,0.03932,0.8519
CVE-2016-1834,0.04017,0.85283
CVE-2016-1835,0.03407,0.83908
CVE-2016-1836,0.03932,0.8519
CVE-2016-1837,0.03932,0.8519
CVE-2016-1838,0.0574,0.89858
CVE-2016-1839,0.0574,0.89858
CVE-2016-1840,0.04017,0.85283
CVE-2016-1841,0.03421,0.8392
CVE-2016-1842,0.01319,0.70416
CVE-2016-1843,0.01213,0.6557
CVE-2016-1844,0.01213,0.6557
CVE-2016-1846,0.02507,0.80889
CVE-2016-1847,0.03421,0.8392
CVE-2016-1848,0.11627,0.94848
CVE-2016-1849,0.0095,0.30554
CVE-2016-1850,0.04216,0.86776
CVE-2016-1851,0.01018,0.38792
CVE-2016-1852,0.00954,0.34522
CVE-2016-1853,0.01213,0.6557
CVE-2016-1854,0.03421,0.8392
CVE-2016-1855,0.02721,0.82088
CVE-2016-1856,0.03421,0.8392
CVE-2016-1857,0.03421,0.8392
CVE-2016-1858,0.01776,0.75902
CVE-2016-1859,0.03421,0.8392
CVE-2016-1860,0.00885,0.26162
CVE-2016-1861,0.02106,0.79092
CVE-2016-1862,0.00885,0.26162
CVE-2016-1863,0.03534,0.84129
CVE-2016-1864,0.01232,0.66248
CVE-2016-1865,0.01282,0.67298
CVE-2016-1866,0.01578,0.74478
CVE-2016-1867,0.01213,0.6557
CVE-2016-1876,0.00885,0.26162
CVE-2016-1879,0.08382,0.93597
CVE-2016-1880,0.00885,0.26162
CVE-2016-1881,0.0089,0.2856
CVE-2016-1882,0.01055,0.50287
CVE-2016-1883,0.00885,0.26162
CVE-2016-1885,0.04078,0.85319
CVE-2016-1886,0.01832,0.76196
CVE-2016-1887,0.01832,0.76196
CVE-2016-1888,0.01055,0.50287
CVE-2016-1889,0.00885,0.26162
CVE-2016-1894,0.01055,0.50287
CVE-2016-1895,0.01055,0.50287
CVE-2016-1896,0.01055,0.50287
CVE-2016-1897,0.01955,0.77585
CVE-2016-1898,0.01955,0.77585
CVE-2016-1899,0.02172,0.79917
CVE-2016-1900,0.02172,0.79917
CVE-2016-1901,0.01974,0.7812
CVE-2016-1902,0.01018,0.38792
CVE-2016-1903,0.03779,0.84781
CVE-2016-1904,0.01213,0.6557
CVE-2016-1905,0.01055,0.50287
CVE-2016-1906,0.01213,0.6557
CVE-2016-1907,0.02172,0.79917
CVE-2016-1908,0.01537,0.73595
CVE-2016-1909,0.85322,0.99658
CVE-2016-1910,0.01018,0.38792
CVE-2016-1911,0.01213,0.6557
CVE-2016-1912,0.01132,0.54372
CVE-2016-1913,0.01055,0.50287
CVE-2016-1914,0.01213,0.6557
CVE-2016-1915,0.01213,0.6557
CVE-2016-1916,0.01055,0.50287
CVE-2016-1917,0.01055,0.50287
CVE-2016-1918,0.01055,0.50287
CVE-2016-1919,0.0095,0.30554
CVE-2016-1920,0.00885,0.26162
CVE-2016-1922,0.01282,0.67298
CVE-2016-1923,0.01213,0.6557
CVE-2016-1924,0.01213,0.6557
CVE-2016-1925,0.01136,0.57949
CVE-2016-1926,0.01319,0.70416
CVE-2016-1927,0.01408,0.72072
CVE-2016-1928,0.03795,0.84827
CVE-2016-1929,0.01136,0.57949
CVE-2016-1930,0.07312,0.9217
CVE-2016-1931,0.07312,0.9217
CVE-2016-1933,0.01776,0.75902
CVE-2016-1935,0.07576,0.92536
CVE-2016-1937,0.01776,0.75902
CVE-2016-1938,0.04358,0.87435
CVE-2016-1939,0.01408,0.72072
CVE-2016-1940,0.01213,0.6557
CVE-2016-1941,0.01213,0.6557
CVE-2016-1942,0.01776,0.75902
CVE-2016-1943,0.01319,0.70416
CVE-2016-1944,0.01974,0.7812
CVE-2016-1945,0.01776,0.75902
CVE-2016-1946,0.02172,0.79917
CVE-2016-1947,0.01776,0.75902
CVE-2016-1948,0.01018,0.38792
CVE-2016-1949,0.01319,0.70416
CVE-2016-1950,0.06056,0.90153
CVE-2016-1951,0.01319,0.70416
CVE-2016-1952,0.05857,0.90058
CVE-2016-1953,0.05857,0.90058
CVE-2016-1954,0.03932,0.8519
CVE-2016-1955,0.01955,0.77585
CVE-2016-1956,0.01955,0.77585
CVE-2016-1957,0.03932,0.8519
CVE-2016-1958,0.03407,0.83908
CVE-2016-1959,0.05857,0.90058
CVE-2016-1960,0.49052,0.98523
CVE-2016-1961,0.0883,0.93679
CVE-2016-1962,0.10938,0.94483
CVE-2016-1963,0.01537,0.73595
CVE-2016-1964,0.05857,0.90058
CVE-2016-1965,0.03407,0.83908
CVE-2016-1966,0.05857,0.90058
CVE-2016-1967,0.01776,0.75902
CVE-2016-1968,0.05857,0.90058
CVE-2016-1969,0.01213,0.6557
CVE-2016-1970,0.01319,0.70416
CVE-2016-1971,0.01319,0.70416
CVE-2016-1972,0.01319,0.70416
CVE-2016-1973,0.05857,0.90058
CVE-2016-1974,0.05857,0.90058
CVE-2016-1975,0.01408,0.72072
CVE-2016-1976,0.01232,0.66248
CVE-2016-1977,0.05857,0.90058
CVE-2016-1978,0.04358,0.87435
CVE-2016-1979,0.03932,0.8519
CVE-2016-1981,0.01282,0.67298
CVE-2016-1982,0.01319,0.70416
CVE-2016-1983,0.01319,0.70416
CVE-2016-1984,0.01319,0.70416
CVE-2016-1985,0.01055,0.50287
CVE-2016-1986,0.01055,0.50287
CVE-2016-1987,0.01055,0.50287
CVE-2016-1988,0.04678,0.88549
CVE-2016-1989,0.04678,0.88549
CVE-2016-1990,0.01102,0.51825
CVE-2016-1991,0.01055,0.50287
CVE-2016-1992,0.01055,0.50287
CVE-2016-1993,0.01055,0.50287
CVE-2016-1994,0.01055,0.50287
CVE-2016-1995,0.04678,0.88549
CVE-2016-1996,0.00885,0.26162
CVE-2016-1997,0.01055,0.50287
CVE-2016-1998,0.01055,0.50287
CVE-2016-1999,0.01055,0.50287
CVE-2016-2000,0.01055,0.50287
CVE-2016-20001,0.00885,0.26162
CVE-2016-20002,0.00885,0.26162
CVE-2016-20003,0.00885,0.26162
CVE-2016-20004,0.00885,0.26162
CVE-2016-20005,0.00885,0.26162
CVE-2016-20006,0.00885,0.26162
CVE-2016-20007,0.00885,0.26162
CVE-2016-20008,0.00885,0.26162
CVE-2016-20009,0.03581,0.8416
CVE-2016-2001,0.01055,0.50287
CVE-2016-20010,0.01978,0.78447
CVE-2016-20011,0.01136,0.57949
CVE-2016-20012,0.01408,0.72072
CVE-2016-20013,0.00954,0.34522
CVE-2016-20014,0.00885,0.26162
CVE-2016-2002,0.01055,0.50287
CVE-2016-2003,0.01055,0.50287
CVE-2016-2004,0.90916,0.99863
CVE-2016-2005,0.14584,0.95645
CVE-2016-2006,0.14584,0.95645
CVE-2016-2007,0.14584,0.95645
CVE-2016-2008,0.04678,0.88549
CVE-2016-2009,0.01055,0.50287
CVE-2016-2010,0.01055,0.50287
CVE-2016-2011,0.01055,0.50287
CVE-2016-2012,0.01055,0.50287
CVE-2016-2013,0.01055,0.50287
CVE-2016-2014,0.01055,0.50287
CVE-2016-2015,0.0089,0.2856
CVE-2016-2016,0.00885,0.26162
CVE-2016-2017,0.01061,0.51015
CVE-2016-2018,0.01136,0.57949
CVE-2016-2019,0.01061,0.51015
CVE-2016-2020,0.01061,0.51015
CVE-2016-2021,0.01061,0.51015
CVE-2016-2022,0.01061,0.51015
CVE-2016-2023,0.00885,0.26162
CVE-2016-2024,0.01055,0.50287
CVE-2016-2025,0.01055,0.50287
CVE-2016-2026,0.01055,0.50287
CVE-2016-2027,0.01055,0.50287
CVE-2016-2028,0.01055,0.50287
CVE-2016-2029,0.01055,0.50287
CVE-2016-2030,0.01061,0.51015
CVE-2016-2031,0.02509,0.81058
CVE-2016-2032,0.01018,0.38792
CVE-2016-2034,0.00885,0.26162
CVE-2016-2036,0.00885,0.26162
CVE-2016-2037,0.01319,0.70416
CVE-2016-2038,0.02172,0.79917
CVE-2016-2039,0.01408,0.72072
CVE-2016-2040,0.01483,0.7269
CVE-2016-2041,0.01319,0.70416
CVE-2016-2042,0.01319,0.70416
CVE-2016-2043,0.01232,0.66248
CVE-2016-2044,0.01213,0.6557
CVE-2016-2045,0.01132,0.54372
CVE-2016-2046,0.01213,0.6557
CVE-2016-2047,0.02686,0.82061
CVE-2016-2048,0.01061,0.51015
CVE-2016-2049,0.01055,0.50287
CVE-2016-2050,0.01055,0.50287
CVE-2016-2051,0.01018,0.38792
CVE-2016-2052,0.01537,0.73595
CVE-2016-2053,0.01547,0.74085
CVE-2016-2054,0.0455,0.88291
CVE-2016-2055,0.34958,0.97699
CVE-2016-2056,0.71897,0.99167
CVE-2016-2057,0.0095,0.30554
CVE-2016-2058,0.01132,0.54372
CVE-2016-2059,0.0095,0.30554
CVE-2016-2060,0.00885,0.26162
CVE-2016-2061,0.00954,0.34522
CVE-2016-2062,0.0095,0.30554
CVE-2016-2063,0.0089,0.2856
CVE-2016-2064,0.00954,0.34522
CVE-2016-2065,0.00954,0.34522
CVE-2016-2066,0.01018,0.38792
CVE-2016-2068,0.01018,0.38792
CVE-2016-2069,0.02686,0.82061
CVE-2016-2070,0.01213,0.6557
CVE-2016-2071,0.01055,0.50287
CVE-2016-2072,0.01055,0.50287
CVE-2016-2073,0.01183,0.60428
CVE-2016-2074,0.10052,0.9429
CVE-2016-2075,0.01055,0.50287
CVE-2016-2076,0.01213,0.6557
CVE-2016-2077,0.00885,0.26162
CVE-2016-2078,0.01213,0.6557
CVE-2016-2079,0.01055,0.50287
CVE-2016-2081,0.01055,0.50287
CVE-2016-2082,0.01055,0.50287
CVE-2016-2084,0.00885,0.26162
CVE-2016-2085,0.01547,0.74085
CVE-2016-2086,0.01213,0.6557
CVE-2016-2087,0.08382,0.93597
CVE-2016-2088,0.03082,0.82981
CVE-2016-2089,0.01319,0.70416
CVE-2016-2090,0.01537,0.73595
CVE-2016-2091,0.00885,0.26162
CVE-2016-2094,0.01319,0.70416
CVE-2016-2097,0.01408,0.72072
CVE-2016-2099,0.03032,0.82851
CVE-2016-2100,0.01132,0.54372
CVE-2016-2102,0.00885,0.26162
CVE-2016-2103,0.01055,0.50287
CVE-2016-2104,0.01136,0.57949
CVE-2016-2105,0.07559,0.92528
CVE-2016-2106,0.07559,0.92528
CVE-2016-2108,0.07312,0.9217
CVE-2016-2109,0.07559,0.92528
CVE-2016-2110,0.02686,0.82061
CVE-2016-2111,0.03932,0.8519
CVE-2016-2112,0.02686,0.82061
CVE-2016-2113,0.02686,0.82061
CVE-2016-2114,0.02686,0.82061
CVE-2016-2115,0.02686,0.82061
CVE-2016-2116,0.01232,0.66248
CVE-2016-2117,0.04358,0.87435
CVE-2016-2118,0.02686,0.82061
CVE-2016-2119,0.01537,0.73595
CVE-2016-2120,0.00885,0.26162
CVE-2016-2121,0.0089,0.2856
CVE-2016-2123,0.01132,0.54372
CVE-2016-2124,0.00885,0.26162
CVE-2016-2125,0.01537,0.73595
CVE-2016-2126,0.01649,0.75017
CVE-2016-2138,0.00885,0.26162
CVE-2016-2139,0.00885,0.26162
CVE-2016-2140,0.01132,0.54372
CVE-2016-2141,0.04358,0.87435
CVE-2016-2142,0.00885,0.26162
CVE-2016-2143,0.02686,0.82061
CVE-2016-2145,0.01136,0.57949
CVE-2016-2146,0.01136,0.57949
CVE-2016-2147,0.03779,0.84781
CVE-2016-2148,0.03779,0.84781
CVE-2016-2149,0.01055,0.50287
CVE-2016-2150,0.01282,0.67298
CVE-2016-2151,0.01132,0.54372
CVE-2016-2152,0.01213,0.6557
CVE-2016-2153,0.01213,0.6557
CVE-2016-2154,0.01132,0.54372
CVE-2016-2155,0.01132,0.54372
CVE-2016-2156,0.01132,0.54372
CVE-2016-2157,0.01213,0.6557
CVE-2016-2158,0.01132,0.54372
CVE-2016-2159,0.01132,0.54372
CVE-2016-2160,0.01061,0.51015
CVE-2016-2161,0.05242,0.89216
CVE-2016-2162,0.02154,0.79195
CVE-2016-2163,0.01484,0.72722
CVE-2016-2164,0.01484,0.72722
CVE-2016-2165,0.00885,0.26162
CVE-2016-2166,0.01742,0.75235
CVE-2016-2167,0.03115,0.83076
CVE-2016-2168,0.03115,0.83076
CVE-2016-2169,0.00885,0.26162
CVE-2016-2170,0.06394,0.90534
CVE-2016-2171,0.01136,0.57949
CVE-2016-2174,0.01055,0.50287
CVE-2016-2175,0.02537,0.81131
CVE-2016-2176,0.07559,0.92528
CVE-2016-2177,0.07559,0.92528
CVE-2016-2178,0.03345,0.83588
CVE-2016-2179,0.07559,0.92528
CVE-2016-2180,0.07559,0.92528
CVE-2016-2181,0.07559,0.92528
CVE-2016-2182,0.07559,0.92528
CVE-2016-2183,0.34498,0.97626
CVE-2016-2184,0.15579,0.95793
CVE-2016-2185,0.02686,0.82061
CVE-2016-2186,0.02686,0.82061
CVE-2016-2187,0.02686,0.82061
CVE-2016-2188,0.15579,0.95793
CVE-2016-2190,0.01213,0.6557
CVE-2016-2191,0.01955,0.77585
CVE-2016-2192,0.01055,0.50287
CVE-2016-2193,0.01018,0.38792
CVE-2016-2194,0.01213,0.6557
CVE-2016-2195,0.05785,0.89924
CVE-2016-2196,0.02065,0.78945
CVE-2016-2197,0.01034,0.39824
CVE-2016-2198,0.01034,0.39824
CVE-2016-2199,0.01055,0.50287
CVE-2016-2200,0.01213,0.6557
CVE-2016-2201,0.01213,0.6557
CVE-2016-2202,0.00885,0.26162
CVE-2016-2203,0.0232,0.80631
CVE-2016-2204,0.0089,0.2856
CVE-2016-2205,0.01132,0.54372
CVE-2016-2206,0.01132,0.54372
CVE-2016-2207,0.10247,0.94361
CVE-2016-2208,0.10414,0.94371
CVE-2016-2209,0.11939,0.94961
CVE-2016-2210,0.11939,0.94961
CVE-2016-2211,0.03666,0.84265
CVE-2016-2212,0.01213,0.6557
CVE-2016-2213,0.01136,0.57949
CVE-2016-2214,0.01055,0.50287
CVE-2016-2216,0.01408,0.72072
CVE-2016-2217,0.01213,0.6557
CVE-2016-2219,0.01055,0.50287
CVE-2016-2221,0.01319,0.70416
CVE-2016-2222,0.01974,0.7812
CVE-2016-2224,0.01018,0.38792
CVE-2016-2225,0.01018,0.38792
CVE-2016-2226,0.10347,0.94365
CVE-2016-2228,0.01955,0.77585
CVE-2016-2230,0.01055,0.50287
CVE-2016-2231,0.01055,0.50287
CVE-2016-2232,0.01061,0.51015
CVE-2016-2242,0.05785,0.89924
CVE-2016-2243,0.0089,0.2856
CVE-2016-2244,0.01136,0.57949
CVE-2016-2245,0.01055,0.50287
CVE-2016-2246,0.0089,0.2856
CVE-2016-2268,0.01018,0.38792
CVE-2016-2270,0.01034,0.39824
CVE-2016-2271,0.01034,0.39824
CVE-2016-2272,0.01055,0.50287
CVE-2016-2274,0.00885,0.26162
CVE-2016-2275,0.01055,0.50287
CVE-2016-2277,0.01624,0.74891
CVE-2016-2278,0.08078,0.93055
CVE-2016-2279,0.02173,0.80027
CVE-2016-2280,0.01055,0.50287
CVE-2016-2281,0.00885,0.26162
CVE-2016-2282,0.01055,0.50287
CVE-2016-2283,0.01055,0.50287
CVE-2016-2285,0.01055,0.50287
CVE-2016-2286,0.01055,0.50287
CVE-2016-2287,0.01055,0.50287
CVE-2016-2288,0.01832,0.76196
CVE-2016-2289,0.01055,0.50287
CVE-2016-2290,0.01702,0.75164
CVE-2016-2291,0.02618,0.81258
CVE-2016-2292,0.01262,0.66439
CVE-2016-2293,0.01055,0.50287
CVE-2016-2294,0.01055,0.50287
CVE-2016-2295,0.01055,0.50287
CVE-2016-2296,0.08382,0.93597
CVE-2016-2297,0.01055,0.50287
CVE-2016-2298,0.01055,0.50287
CVE-2016-2299,0.01319,0.70416
CVE-2016-2300,0.01055,0.50287
CVE-2016-2301,0.01055,0.50287
CVE-2016-2302,0.01055,0.50287
CVE-2016-2303,0.01055,0.50287
CVE-2016-2304,0.01055,0.50287
CVE-2016-2305,0.01055,0.50287
CVE-2016-2306,0.01055,0.50287
CVE-2016-2307,0.01055,0.50287
CVE-2016-2308,0.01055,0.50287
CVE-2016-2309,0.01055,0.50287
CVE-2016-2310,0.01055,0.50287
CVE-2016-2311,0.01055,0.50287
CVE-2016-2312,0.01018,0.38792
CVE-2016-2313,0.01315,0.67456
CVE-2016-2314,0.01055,0.50287
CVE-2016-2315,0.10938,0.94483
CVE-2016-2316,0.01319,0.70416
CVE-2016-2317,0.01955,0.77585
CVE-2016-2318,0.01955,0.77585
CVE-2016-2324,0.10938,0.94483
CVE-2016-2326,0.01319,0.70416
CVE-2016-2327,0.01213,0.6557
CVE-2016-2328,0.01213,0.6557
CVE-2016-2329,0.01213,0.6557
CVE-2016-2330,0.01213,0.6557
CVE-2016-2331,0.01055,0.50287
CVE-2016-2332,0.01055,0.50287
CVE-2016-2333,0.00885,0.26162
CVE-2016-2335,0.05857,0.90058
CVE-2016-2336,0.01599,0.74589
CVE-2016-2337,0.02578,0.8123
CVE-2016-2338,0.00885,0.26162
CVE-2016-2339,0.00954,0.34522
CVE-2016-2340,0.01055,0.50287
CVE-2016-2342,0.06698,0.91171
CVE-2016-2343,0.01055,0.50287
CVE-2016-2344,0.02065,0.78945
CVE-2016-2345,0.12131,0.94983
CVE-2016-2346,0.01578,0.74478
CVE-2016-2347,0.05941,0.90101
CVE-2016-2349,0.00954,0.34522
CVE-2016-2350,0.01055,0.50287
CVE-2016-2351,0.01055,0.50287
CVE-2016-2352,0.01055,0.50287
CVE-2016-2353,0.00885,0.26162
CVE-2016-2354,0.01055,0.50287
CVE-2016-2355,0.01136,0.57949
CVE-2016-2356,0.00954,0.34522
CVE-2016-2357,0.00954,0.34522
CVE-2016-2358,0.00954,0.34522
CVE-2016-2359,0.01136,0.57949
CVE-2016-2360,0.00954,0.34522
CVE-2016-2362,0.01055,0.50287
CVE-2016-2363,0.01525,0.72834
CVE-2016-2364,0.01055,0.50287
CVE-2016-2365,0.01108,0.53389
CVE-2016-2366,0.01108,0.53389
CVE-2016-2367,0.01108,0.53389
CVE-2016-2368,0.02839,0.8236
CVE-2016-2369,0.01108,0.53389
CVE-2016-2370,0.01108,0.53389
CVE-2016-2371,0.02839,0.8236
CVE-2016-2372,0.01034,0.39824
CVE-2016-2373,0.01108,0.53389
CVE-2016-2374,0.02839,0.8236
CVE-2016-2375,0.01108,0.53389
CVE-2016-2376,0.02839,0.8236
CVE-2016-2377,0.01108,0.53389
CVE-2016-2378,0.01108,0.53389
CVE-2016-2379,0.01018,0.38792
CVE-2016-2380,0.01108,0.53389
CVE-2016-2381,0.02686,0.82061
CVE-2016-2383,0.01104,0.52279
CVE-2016-2384,0.18793,0.9615
CVE-2016-2385,0.19826,0.96214
CVE-2016-2386,0.01806,0.76038
CVE-2016-2387,0.01213,0.6557
CVE-2016-2388,0.10212,0.94357
CVE-2016-2389,0.08944,0.93724
CVE-2016-2390,0.01319,0.70416
CVE-2016-2391,0.01034,0.39824
CVE-2016-2392,0.01282,0.67298
CVE-2016-2393,0.00885,0.26162
CVE-2016-2396,0.01061,0.51015
CVE-2016-2397,0.01136,0.57949
CVE-2016-2398,0.00954,0.34522
CVE-2016-2399,0.03008,0.82813
CVE-2016-2403,0.01136,0.57949
CVE-2016-2404,0.00885,0.26162
CVE-2016-2405,0.01055,0.50287
CVE-2016-2406,0.01055,0.50287
CVE-2016-2408,0.0095,0.30554
CVE-2016-2409,0.00885,0.26162
CVE-2016-2410,0.00885,0.26162
CVE-2016-2411,0.00885,0.26162
CVE-2016-2412,0.00885,0.26162
CVE-2016-2413,0.00885,0.26162
CVE-2016-2414,0.01213,0.6557
CVE-2016-2415,0.00885,0.26162
CVE-2016-2416,0.00954,0.34522
CVE-2016-2417,0.08382,0.93597
CVE-2016-2418,0.00885,0.26162
CVE-2016-2419,0.00885,0.26162
CVE-2016-2420,0.00954,0.34522
CVE-2016-2421,0.00885,0.26162
CVE-2016-2422,0.00885,0.26162
CVE-2016-2423,0.00885,0.26162
CVE-2016-2424,0.00885,0.26162
CVE-2016-2425,0.00954,0.34522
CVE-2016-2426,0.00885,0.26162
CVE-2016-2427,0.00885,0.26162
CVE-2016-2428,0.02065,0.78945
CVE-2016-2429,0.02065,0.78945
CVE-2016-2430,0.00885,0.26162
CVE-2016-2432,0.00885,0.26162
CVE-2016-2433,0.02067,0.78991
CVE-2016-2435,0.00885,0.26162
CVE-2016-2436,0.00885,0.26162
CVE-2016-2437,0.00885,0.26162
CVE-2016-2439,0.02067,0.78991
CVE-2016-2440,0.00885,0.26162
CVE-2016-2441,0.00885,0.26162
CVE-2016-2442,0.00885,0.26162
CVE-2016-2443,0.00885,0.26162
CVE-2016-2444,0.00885,0.26162
CVE-2016-2445,0.00885,0.26162
CVE-2016-2446,0.00885,0.26162
CVE-2016-2448,0.00885,0.26162
CVE-2016-2449,0.00885,0.26162
CVE-2016-2450,0.00885,0.26162
CVE-2016-2451,0.00885,0.26162
CVE-2016-2452,0.01018,0.38792
CVE-2016-2453,0.00885,0.26162
CVE-2016-2454,0.01055,0.50287
CVE-2016-2456,0.00885,0.26162
CVE-2016-2457,0.0089,0.2856
CVE-2016-2458,0.00954,0.34522
CVE-2016-2459,0.00885,0.26162
CVE-2016-2460,0.00885,0.26162
CVE-2016-2461,0.00954,0.34522
CVE-2016-2462,0.00885,0.26162
CVE-2016-2463,0.0197,0.7781
CVE-2016-2464,0.03666,0.84265
CVE-2016-2465,0.00885,0.26162
CVE-2016-2466,0.00885,0.26162
CVE-2016-2467,0.00885,0.26162
CVE-2016-2469,0.00954,0.34522
CVE-2016-2470,0.00885,0.26162
CVE-2016-2471,0.00885,0.26162
CVE-2016-2472,0.00885,0.26162
CVE-2016-2473,0.00885,0.26162
CVE-2016-2474,0.00885,0.26162
CVE-2016-2475,0.00885,0.26162
CVE-2016-2476,0.01018,0.38792
CVE-2016-2477,0.00885,0.26162
CVE-2016-2478,0.00885,0.26162
CVE-2016-2479,0.00885,0.26162
CVE-2016-2480,0.00885,0.26162
CVE-2016-2481,0.00885,0.26162
CVE-2016-2482,0.00885,0.26162
CVE-2016-2483,0.00885,0.26162
CVE-2016-2484,0.00885,0.26162
CVE-2016-2485,0.00885,0.26162
CVE-2016-2486,0.00885,0.26162
CVE-2016-2487,0.01018,0.38792
CVE-2016-2488,0.00885,0.26162
CVE-2016-2489,0.00885,0.26162
CVE-2016-2490,0.00885,0.26162
CVE-2016-2491,0.00885,0.26162
CVE-2016-2492,0.00885,0.26162
CVE-2016-2493,0.00885,0.26162
CVE-2016-2494,0.02362,0.80685
CVE-2016-2495,0.01136,0.57949
CVE-2016-2496,0.01018,0.38792
CVE-2016-2497,0.00954,0.34522
CVE-2016-2498,0.00885,0.26162
CVE-2016-2499,0.00885,0.26162
CVE-2016-2500,0.00885,0.26162
CVE-2016-2501,0.00885,0.26162
CVE-2016-2502,0.00885,0.26162
CVE-2016-2503,0.00885,0.26162
CVE-2016-2504,0.00885,0.26162
CVE-2016-2505,0.01902,0.76486
CVE-2016-2506,0.02065,0.78945
CVE-2016-2507,0.01902,0.76486
CVE-2016-2508,0.03666,0.84265
CVE-2016-2509,0.01055,0.50287
CVE-2016-2510,0.10938,0.94483
CVE-2016-2511,0.01213,0.6557
CVE-2016-2512,0.03407,0.83908
CVE-2016-2513,0.03407,0.83908
CVE-2016-2515,0.01319,0.70416
CVE-2016-2516,0.01649,0.75017
CVE-2016-2517,0.01315,0.67456
CVE-2016-2518,0.04358,0.87435
CVE-2016-2519,0.01408,0.72072
CVE-2016-2521,0.0095,0.30554
CVE-2016-2522,0.01213,0.6557
CVE-2016-2523,0.01974,0.7812
CVE-2016-2524,0.01213,0.6557
CVE-2016-2525,0.01213,0.6557
CVE-2016-2526,0.01213,0.6557
CVE-2016-2527,0.01213,0.6557
CVE-2016-2528,0.01213,0.6557
CVE-2016-2529,0.01213,0.6557
CVE-2016-2530,0.01974,0.7812
CVE-2016-2531,0.01974,0.7812
CVE-2016-2532,0.01974,0.7812
CVE-2016-2533,0.01776,0.75902
CVE-2016-2536,0.05593,0.89561
CVE-2016-2537,0.01055,0.50287
CVE-2016-2538,0.01282,0.67298
CVE-2016-2539,0.08382,0.93597
CVE-2016-2540,0.01136,0.57949
CVE-2016-2541,0.01055,0.50287
CVE-2016-2542,0.01034,0.39824
CVE-2016-2543,0.02686,0.82061
CVE-2016-2544,0.02686,0.82061
CVE-2016-2545,0.02686,0.82061
CVE-2016-2546,0.02686,0.82061
CVE-2016-2547,0.02686,0.82061
CVE-2016-2548,0.02686,0.82061
CVE-2016-2549,0.02686,0.82061
CVE-2016-2550,0.01547,0.74085
CVE-2016-2554,0.02172,0.79917
CVE-2016-2556,0.00885,0.26162
CVE-2016-2557,0.00885,0.26162
CVE-2016-2558,0.00885,0.26162
CVE-2016-2559,0.01132,0.54372
CVE-2016-2560,0.01955,0.77585
CVE-2016-2561,0.01633,0.74922
CVE-2016-2562,0.01018,0.38792
CVE-2016-2563,0.13751,0.95567
CVE-2016-2564,0.00885,0.26162
CVE-2016-2565,0.00885,0.26162
CVE-2016-2566,0.00885,0.26162
CVE-2016-2567,0.00885,0.26162
CVE-2016-2568,0.0095,0.30554
CVE-2016-2570,0.01537,0.73595
CVE-2016-2571,0.02686,0.82061
CVE-2016-2572,0.01537,0.73595
CVE-2016-2774,0.04711,0.88663
CVE-2016-2775,0.23599,0.96561
CVE-2016-2779,0.0089,0.2856
CVE-2016-2780,0.01525,0.72834
CVE-2016-2781,0.0089,0.2856
CVE-2016-2782,0.15579,0.95793
CVE-2016-2784,0.02507,0.80895
CVE-2016-2785,0.01136,0.57949
CVE-2016-2786,0.01055,0.50287
CVE-2016-2787,0.00885,0.26162
CVE-2016-2788,0.01702,0.75164
CVE-2016-2789,0.01055,0.50287
CVE-2016-2790,0.03932,0.8519
CVE-2016-2791,0.03932,0.8519
CVE-2016-2792,0.03932,0.8519
CVE-2016-2793,0.03932,0.8519
CVE-2016-2794,0.03932,0.8519
CVE-2016-2795,0.03932,0.8519
CVE-2016-2796,0.03932,0.8519
CVE-2016-2797,0.03932,0.8519
CVE-2016-2798,0.03932,0.8519
CVE-2016-2799,0.03932,0.8519
CVE-2016-2800,0.03932,0.8519
CVE-2016-2801,0.03932,0.8519
CVE-2016-2802,0.03932,0.8519
CVE-2016-2803,0.01213,0.6557
CVE-2016-2804,0.05857,0.90058
CVE-2016-2805,0.05857,0.90058
CVE-2016-2806,0.05857,0.90058
CVE-2016-2807,0.05857,0.90058
CVE-2016-2808,0.05002,0.89003
CVE-2016-2809,0.05593,0.89561
CVE-2016-2810,0.0095,0.30554
CVE-2016-2811,0.0883,0.93679
CVE-2016-2812,0.05002,0.89003
CVE-2016-2813,0.01319,0.70416
CVE-2016-2814,0.0883,0.93679
CVE-2016-2815,0.05857,0.90058
CVE-2016-2816,0.01776,0.75902
CVE-2016-2817,0.01776,0.75902
CVE-2016-2818,0.05857,0.90058
CVE-2016-2819,0.0883,0.93679
CVE-2016-2820,0.01776,0.75902
CVE-2016-2821,0.05857,0.90058
CVE-2016-2822,0.01955,0.77585
CVE-2016-2824,0.01319,0.70416
CVE-2016-2825,0.01319,0.70416
CVE-2016-2826,0.01404,0.71155
CVE-2016-2827,0.01213,0.6557
CVE-2016-2828,0.0883,0.93679
CVE-2016-2829,0.01319,0.70416
CVE-2016-2830,0.01537,0.73595
CVE-2016-2831,0.01955,0.77585
CVE-2016-2832,0.01319,0.70416
CVE-2016-2833,0.01319,0.70416
CVE-2016-2834,0.03407,0.83908
CVE-2016-2835,0.05857,0.90058
CVE-2016-2836,0.05857,0.90058
CVE-2016-2837,0.0883,0.93679
CVE-2016-2838,0.0883,0.93679
CVE-2016-2839,0.01408,0.72072
CVE-2016-2840,0.00954,0.34522
CVE-2016-2841,0.01282,0.67298
CVE-2016-2842,0.07559,0.92528
CVE-2016-2843,0.00954,0.34522
CVE-2016-2844,0.01319,0.70416
CVE-2016-2845,0.01408,0.72072
CVE-2016-2846,0.01136,0.57949
CVE-2016-2847,0.02686,0.82061
CVE-2016-2848,0.04711,0.88663
CVE-2016-2849,0.01213,0.6557
CVE-2016-2850,0.01213,0.6557
CVE-2016-2851,0.36795,0.97786
CVE-2016-2853,0.0095,0.30554
CVE-2016-2854,0.0095,0.30554
CVE-2016-2855,0.0095,0.30554
CVE-2016-2856,0.04078,0.85319
CVE-2016-2857,0.01547,0.74085
CVE-2016-2858,0.01104,0.52279
CVE-2016-2860,0.01132,0.54372
CVE-2016-2861,0.01136,0.57949
CVE-2016-2862,0.01319,0.70416
CVE-2016-2863,0.01132,0.54372
CVE-2016-2864,0.01055,0.50287
CVE-2016-2865,0.01055,0.50287
CVE-2016-2866,0.00885,0.26162
CVE-2016-2867,0.00885,0.26162
CVE-2016-2868,0.01055,0.50287
CVE-2016-2869,0.01055,0.50287
CVE-2016-2870,0.01061,0.51015
CVE-2016-2871,0.00885,0.26162
CVE-2016-2872,0.01055,0.50287
CVE-2016-2873,0.01055,0.50287
CVE-2016-2874,0.01055,0.50287
CVE-2016-2875,0.01055,0.50287
CVE-2016-2876,0.01055,0.50287
CVE-2016-2877,0.00885,0.26162
CVE-2016-2878,0.01055,0.50287
CVE-2016-2879,0.00885,0.26162
CVE-2016-2880,0.00885,0.26162
CVE-2016-2881,0.01055,0.50287
CVE-2016-2882,0.01055,0.50287
CVE-2016-2883,0.01055,0.50287
CVE-2016-2884,0.01055,0.50287
CVE-2016-2887,0.01055,0.50287
CVE-2016-2888,0.01055,0.50287
CVE-2016-2889,0.01055,0.50287
CVE-2016-2894,0.0095,0.30554
CVE-2016-2901,0.01136,0.57949
CVE-2016-2908,0.01136,0.57949
CVE-2016-2912,0.01055,0.50287
CVE-2016-2914,0.02662,0.81427
CVE-2016-2917,0.01055,0.50287
CVE-2016-2922,0.00885,0.26162
CVE-2016-2923,0.01136,0.57949
CVE-2016-2924,0.01055,0.50287
CVE-2016-2925,0.01132,0.54372
CVE-2016-2926,0.01232,0.66248
CVE-2016-2927,0.01136,0.57949
CVE-2016-2928,0.01061,0.51015
CVE-2016-2929,0.01136,0.57949
CVE-2016-2930,0.01055,0.50287
CVE-2016-2931,0.01136,0.57949
CVE-2016-2932,0.01136,0.57949
CVE-2016-2933,0.01061,0.51015
CVE-2016-2934,0.01136,0.57949
CVE-2016-2935,0.01136,0.57949
CVE-2016-2936,0.00954,0.34522
CVE-2016-2937,0.01136,0.57949
CVE-2016-2938,0.00954,0.34522
CVE-2016-2939,0.00954,0.34522
CVE-2016-2940,0.01136,0.57949
CVE-2016-2941,0.01102,0.51825
CVE-2016-2942,0.00885,0.26162
CVE-2016-2943,0.0089,0.2856
CVE-2016-2944,0.01136,0.57949
CVE-2016-2945,0.01061,0.51015
CVE-2016-2946,0.0089,0.2856
CVE-2016-2947,0.01055,0.50287
CVE-2016-2948,0.0089,0.2856
CVE-2016-2949,0.0089,0.2856
CVE-2016-2950,0.01061,0.51015
CVE-2016-2951,0.01136,0.57949
CVE-2016-2952,0.01136,0.57949
CVE-2016-2953,0.01213,0.6557
CVE-2016-2954,0.01055,0.50287
CVE-2016-2955,0.01055,0.50287
CVE-2016-2956,0.01055,0.50287
CVE-2016-2957,0.01061,0.51015
CVE-2016-2958,0.01132,0.54372
CVE-2016-2959,0.0095,0.30554
CVE-2016-2960,0.01213,0.6557
CVE-2016-2961,0.01055,0.50287
CVE-2016-2963,0.01136,0.57949
CVE-2016-2964,0.00954,0.34522
CVE-2016-2965,0.01213,0.6557
CVE-2016-2966,0.0089,0.2856
CVE-2016-2967,0.0089,0.2856
CVE-2016-2968,0.01055,0.50287
CVE-2016-2969,0.0095,0.30554
CVE-2016-2970,0.0095,0.30554
CVE-2016-2971,0.01018,0.38792
CVE-2016-2972,0.0095,0.30554
CVE-2016-2973,0.0095,0.30554
CVE-2016-2974,0.0089,0.2856
CVE-2016-2975,0.0089,0.2856
CVE-2016-2976,0.0089,0.2856
CVE-2016-2977,0.0095,0.30554
CVE-2016-2978,0.0089,0.2856
CVE-2016-2979,0.0095,0.30554
CVE-2016-2980,0.00954,0.34522
CVE-2016-2981,0.00885,0.26162
CVE-2016-2983,0.01213,0.6557
CVE-2016-2984,0.00885,0.26162
CVE-2016-2985,0.00885,0.26162
CVE-2016-2986,0.01055,0.50287
CVE-2016-2987,0.00885,0.26162
CVE-2016-2988,0.01055,0.50287
CVE-2016-2989,0.01136,0.57949
CVE-2016-2991,0.01055,0.50287
CVE-2016-2992,0.00885,0.26162
CVE-2016-2994,0.01055,0.50287
CVE-2016-2995,0.01061,0.51015
CVE-2016-2996,0.01055,0.50287
CVE-2016-2997,0.01061,0.51015
CVE-2016-2998,0.01061,0.51015
CVE-2016-2999,0.01061,0.51015
CVE-2016-3000,0.01061,0.51015
CVE-2016-3001,0.01061,0.51015
CVE-2016-3002,0.0089,0.2856
CVE-2016-3003,0.01061,0.51015
CVE-2016-3004,0.01061,0.51015
CVE-2016-3005,0.01061,0.51015
CVE-2016-3006,0.01061,0.51015
CVE-2016-3007,0.01136,0.57949
CVE-2016-3008,0.01055,0.50287
CVE-2016-3009,0.01061,0.51015
CVE-2016-3010,0.01061,0.51015
CVE-2016-3012,0.01055,0.50287
CVE-2016-3013,0.00885,0.26162
CVE-2016-3014,0.01232,0.66248
CVE-2016-3015,0.00885,0.26162
CVE-2016-3016,0.00885,0.26162
CVE-2016-3017,0.01055,0.50287
CVE-2016-3018,0.00885,0.26162
CVE-2016-3019,0.0095,0.30554
CVE-2016-3020,0.01055,0.50287
CVE-2016-3021,0.00885,0.26162
CVE-2016-3022,0.00885,0.26162
CVE-2016-3023,0.00885,0.26162
CVE-2016-3024,0.00885,0.26162
CVE-2016-3025,0.01213,0.6557
CVE-2016-3027,0.01055,0.50287
CVE-2016-3028,0.01132,0.54372
CVE-2016-3029,0.00885,0.26162
CVE-2016-3031,0.00885,0.26162
CVE-2016-3032,0.00885,0.26162
CVE-2016-3033,0.01055,0.50287
CVE-2016-3034,0.00885,0.26162
CVE-2016-3035,0.00885,0.26162
CVE-2016-3036,0.01055,0.50287
CVE-2016-3037,0.00885,0.26162
CVE-2016-3038,0.00885,0.26162
CVE-2016-3039,0.01061,0.51015
CVE-2016-3040,0.01055,0.50287
CVE-2016-3042,0.01061,0.51015
CVE-2016-3043,0.01055,0.50287
CVE-2016-3044,0.0095,0.30554
CVE-2016-3045,0.00885,0.26162
CVE-2016-3046,0.01055,0.50287
CVE-2016-3047,0.01055,0.50287
CVE-2016-3048,0.0089,0.2856
CVE-2016-3049,0.01061,0.51015
CVE-2016-3051,0.0095,0.30554
CVE-2016-3052,0.00885,0.26162
CVE-2016-3053,0.02965,0.82794
CVE-2016-3054,0.01055,0.50287
CVE-2016-3055,0.01055,0.50287
CVE-2016-3056,0.01061,0.51015
CVE-2016-3057,0.01136,0.57949
CVE-2016-3059,0.00885,0.26162
CVE-2016-3060,0.01132,0.54372
CVE-2016-3062,0.04682,0.88604
CVE-2016-3063,0.01055,0.50287
CVE-2016-3064,0.01061,0.51015
CVE-2016-3065,0.01018,0.38792
CVE-2016-3066,0.01055,0.50287
CVE-2016-3067,0.01018,0.38792
CVE-2016-3068,0.0883,0.93679
CVE-2016-3069,0.0883,0.93679
CVE-2016-3070,0.01547,0.74085
CVE-2016-3071,0.01213,0.6557
CVE-2016-3072,0.01061,0.51015
CVE-2016-3074,0.39014,0.97929
CVE-2016-3075,0.01537,0.73595
CVE-2016-3076,0.01136,0.57949
CVE-2016-3077,0.01055,0.50287
CVE-2016-3078,0.10212,0.94357
CVE-2016-3079,0.01408,0.72072
CVE-2016-3080,0.01055,0.50287
CVE-2016-3082,0.10525,0.94392
CVE-2016-3083,0.00885,0.26162
CVE-2016-3084,0.00885,0.26162
CVE-2016-3085,0.01055,0.50287
CVE-2016-3086,0.00885,0.26162
CVE-2016-3087,0.83379,0.99578
CVE-2016-3089,0.01484,0.72722
CVE-2016-3090,0.08623,0.93642
CVE-2016-3091,0.01055,0.50287
CVE-2016-3092,0.07344,0.92237
CVE-2016-3093,0.0424,0.86863
CVE-2016-3094,0.02072,0.79023
CVE-2016-3095,0.0095,0.30554
CVE-2016-3096,0.01547,0.74085
CVE-2016-3097,0.01055,0.50287
CVE-2016-3098,0.01055,0.50287
CVE-2016-3099,0.01213,0.6557
CVE-2016-3100,0.01183,0.60428
CVE-2016-3101,0.01055,0.50287
CVE-2016-3102,0.01055,0.50287
CVE-2016-3104,0.01136,0.57949
CVE-2016-3105,0.02839,0.8236
CVE-2016-3106,0.01018,0.38792
CVE-2016-3107,0.0095,0.30554
CVE-2016-3108,0.01034,0.39824
CVE-2016-3109,0.05785,0.89924
CVE-2016-3110,0.02172,0.79917
CVE-2016-3111,0.01282,0.67298
CVE-2016-3112,0.01213,0.6557
CVE-2016-3114,0.01055,0.50287
CVE-2016-3115,0.17428,0.9604
CVE-2016-3118,0.01055,0.50287
CVE-2016-3119,0.01232,0.66248
CVE-2016-3120,0.01815,0.76117
CVE-2016-3124,0.01055,0.50287
CVE-2016-3125,0.01537,0.73595
CVE-2016-3126,0.01055,0.50287
CVE-2016-3127,0.01055,0.50287
CVE-2016-3128,0.01136,0.57949
CVE-2016-3129,0.02166,0.79253
CVE-2016-3130,0.01136,0.57949
CVE-2016-3131,0.00885,0.26162
CVE-2016-3132,0.05785,0.89924
CVE-2016-3134,0.02686,0.82061
CVE-2016-3135,0.01282,0.67298
CVE-2016-3136,0.15579,0.95793
CVE-2016-3137,0.02686,0.82061
CVE-2016-3138,0.02686,0.82061
CVE-2016-3139,0.15579,0.95793
CVE-2016-3140,0.15579,0.95793
CVE-2016-3142,0.03779,0.84781
CVE-2016-3144,0.01132,0.54372
CVE-2016-3145,0.00885,0.26162
CVE-2016-3147,0.02065,0.78945
CVE-2016-3149,0.05785,0.89924
CVE-2016-3150,0.01136,0.57949
CVE-2016-3151,0.01136,0.57949
CVE-2016-3152,0.01136,0.57949
CVE-2016-3153,0.01136,0.57949
CVE-2016-3154,0.01136,0.57949
CVE-2016-3155,0.00885,0.26162
CVE-2016-3156,0.01547,0.74085
CVE-2016-3157,0.01547,0.74085
CVE-2016-3158,0.01282,0.67298
CVE-2016-3159,0.01282,0.67298
CVE-2016-3161,0.0089,0.2856
CVE-2016-3162,0.01132,0.54372
CVE-2016-3163,0.01213,0.6557
CVE-2016-3164,0.01213,0.6557
CVE-2016-3165,0.01213,0.6557
CVE-2016-3166,0.01213,0.6557
CVE-2016-3167,0.01213,0.6557
CVE-2016-3168,0.01132,0.54372
CVE-2016-3169,0.01213,0.6557
CVE-2016-3170,0.01213,0.6557
CVE-2016-3171,0.05785,0.89924
CVE-2016-3172,0.01232,0.66248
CVE-2016-3173,0.01578,0.74478
CVE-2016-3174,0.00885,0.26162
CVE-2016-3176,0.00885,0.26162
CVE-2016-3177,0.00885,0.26162
CVE-2016-3178,0.0095,0.30554
CVE-2016-3179,0.0095,0.30554
CVE-2016-3180,0.01578,0.74478
CVE-2016-3182,0.01018,0.38792
CVE-2016-3183,0.01955,0.77585
CVE-2016-3185,0.01815,0.76117
CVE-2016-3186,0.01319,0.70416
CVE-2016-3187,0.01136,0.57949
CVE-2016-3188,0.01136,0.57949
CVE-2016-3189,0.03932,0.8519
CVE-2016-3190,0.01213,0.6557
CVE-2016-3191,0.06698,0.91171
CVE-2016-3192,0.00885,0.26162
CVE-2016-3193,0.01061,0.51015
CVE-2016-3194,0.01136,0.57949
CVE-2016-3195,0.01136,0.57949
CVE-2016-3196,0.01232,0.66248
CVE-2016-3198,0.22823,0.96484
CVE-2016-3199,0.22543,0.9646
CVE-2016-3201,0.2509,0.96779
CVE-2016-3202,0.22543,0.9646
CVE-2016-3203,0.50597,0.98633
CVE-2016-3204,0.24536,0.96676
CVE-2016-3205,0.22543,0.9646
CVE-2016-3206,0.22543,0.9646
CVE-2016-3207,0.22543,0.9646
CVE-2016-3209,0.22686,0.96463
CVE-2016-3210,0.23894,0.9661
CVE-2016-3211,0.23894,0.9661
CVE-2016-3212,0.2509,0.96779
CVE-2016-3213,0.34346,0.9761
CVE-2016-3214,0.13772,0.95571
CVE-2016-3215,0.24869,0.96731
CVE-2016-3216,0.48169,0.98488
CVE-2016-3218,0.0141,0.7214
CVE-2016-3219,0.11174,0.9465
CVE-2016-3220,0.11174,0.9465
CVE-2016-3221,0.08331,0.93281
CVE-2016-3222,0.79819,0.99478
CVE-2016-3223,0.49448,0.9854
CVE-2016-3225,0.19743,0.9621
CVE-2016-3226,0.11291,0.9479
CVE-2016-3227,0.18234,0.96106
CVE-2016-3228,0.10071,0.94293
CVE-2016-3230,0.0141,0.7214
CVE-2016-3231,0.02084,0.79035
CVE-2016-3232,0.0141,0.7214
CVE-2016-3233,0.09646,0.9398
CVE-2016-3234,0.22823,0.96484
CVE-2016-3235,0.1153,0.94837
CVE-2016-3236,0.33687,0.97575
CVE-2016-3237,0.20764,0.96333
CVE-2016-3239,0.01418,0.72341
CVE-2016-3240,0.23894,0.9661
CVE-2016-3241,0.23894,0.9661
CVE-2016-3242,0.23894,0.9661
CVE-2016-3243,0.23894,0.9661
CVE-2016-3244,0.2509,0.96779
CVE-2016-3245,0.2509,0.96779
CVE-2016-3246,0.23894,0.9661
CVE-2016-3247,0.85296,0.99652
CVE-2016-3248,0.22543,0.9646
CVE-2016-3249,0.01418,0.72341
CVE-2016-3250,0.01418,0.72341
CVE-2016-3251,0.0141,0.7214
CVE-2016-3252,0.01418,0.72341
CVE-2016-3254,0.01418,0.72341
CVE-2016-3255,0.2509,0.96779
CVE-2016-3256,0.01418,0.72341
CVE-2016-3258,0.01418,0.72341
CVE-2016-3259,0.22543,0.9646
CVE-2016-3260,0.22543,0.9646
CVE-2016-3261,0.2509,0.96779
CVE-2016-3262,0.2509,0.96779
CVE-2016-3263,0.2509,0.96779
CVE-2016-3264,0.22543,0.9646
CVE-2016-3265,0.23894,0.9661
CVE-2016-3266,0.09332,0.93957
CVE-2016-3267,0.23753,0.96568
CVE-2016-3269,0.23894,0.9661
CVE-2016-3270,0.09332,0.93957
CVE-2016-3271,0.2509,0.96779
CVE-2016-3272,0.01418,0.72341
CVE-2016-3273,0.21805,0.96414
CVE-2016-3274,0.23344,0.96541
CVE-2016-3276,0.23344,0.96541
CVE-2016-3277,0.21805,0.96414
CVE-2016-3278,0.3932,0.97991
CVE-2016-3279,0.38372,0.97889
CVE-2016-3280,0.3932,0.97991
CVE-2016-3281,0.38372,0.97889
CVE-2016-3282,0.38372,0.97889
CVE-2016-3283,0.3932,0.97991
CVE-2016-3284,0.3932,0.97991
CVE-2016-3286,0.01418,0.72341
CVE-2016-3287,0.01418,0.72341
CVE-2016-3288,0.86157,0.99688
CVE-2016-3289,0.31179,0.97467
CVE-2016-3290,0.32828,0.97533
CVE-2016-3291,0.14671,0.95645
CVE-2016-3292,0.2509,0.96779
CVE-2016-3293,0.31179,0.97467
CVE-2016-3294,0.23894,0.9661
CVE-2016-3295,0.24536,0.96676
CVE-2016-3296,0.32828,0.97533
CVE-2016-3297,0.24536,0.96676
CVE-2016-3298,0.21805,0.96414
CVE-2016-3299,0.22823,0.96484
CVE-2016-3300,0.01418,0.72341
CVE-2016-3301,0.68733,0.99075
CVE-2016-3302,0.07353,0.92239
CVE-2016-3303,0.68733,0.99075
CVE-2016-3304,0.68733,0.99075
CVE-2016-3305,0.01418,0.72341
CVE-2016-3306,0.01418,0.72341
CVE-2016-3310,0.02084,0.79035
CVE-2016-3311,0.01418,0.72341
CVE-2016-3312,0.06416,0.90604
CVE-2016-3313,0.86056,0.99685
CVE-2016-3315,0.2509,0.96779
CVE-2016-3316,0.86056,0.99685
CVE-2016-3317,0.3932,0.97991
CVE-2016-3318,0.3932,0.97991
CVE-2016-3319,0.47829,0.98472
CVE-2016-3320,0.02084,0.79035
CVE-2016-3321,0.03227,0.83443
CVE-2016-3322,0.31179,0.97467
CVE-2016-3324,0.77142,0.9938
CVE-2016-3325,0.49814,0.98623
CVE-2016-3326,0.21805,0.96414
CVE-2016-3327,0.21805,0.96414
CVE-2016-3329,0.21805,0.96414
CVE-2016-3330,0.23894,0.9661
CVE-2016-3331,0.24536,0.96676
CVE-2016-3332,0.09332,0.93957
CVE-2016-3333,0.09332,0.93957
CVE-2016-3334,0.09332,0.93957
CVE-2016-3335,0.09332,0.93957
CVE-2016-3338,0.09332,0.93957
CVE-2016-3340,0.09332,0.93957
CVE-2016-3341,0.09332,0.93957
CVE-2016-3342,0.09332,0.93957
CVE-2016-3343,0.09332,0.93957
CVE-2016-3344,0.01418,0.72341
CVE-2016-3345,0.2538,0.96854
CVE-2016-3346,0.01418,0.72341
CVE-2016-3348,0.09332,0.93957
CVE-2016-3349,0.01418,0.72341
CVE-2016-3350,0.23894,0.9661
CVE-2016-3351,0.24823,0.96728
CVE-2016-3352,0.2509,0.96779
CVE-2016-3353,0.24869,0.96731
CVE-2016-3354,0.09332,0.93957
CVE-2016-3355,0.01418,0.72341
CVE-2016-3356,0.3932,0.97991
CVE-2016-3357,0.8308,0.99565
CVE-2016-3358,0.47829,0.98472
CVE-2016-3359,0.3932,0.97991
CVE-2016-3360,0.38081,0.97877
CVE-2016-3361,0.3932,0.97991
CVE-2016-3362,0.3932,0.97991
CVE-2016-3363,0.47829,0.98472
CVE-2016-3364,0.3932,0.97991
CVE-2016-3365,0.3932,0.97991
CVE-2016-3366,0.2509,0.96779
CVE-2016-3367,0.32828,0.97533
CVE-2016-3368,0.25901,0.96911
CVE-2016-3369,0.06416,0.90604
CVE-2016-3370,0.21805,0.96414
CVE-2016-3371,0.14839,0.95672
CVE-2016-3372,0.01418,0.72341
CVE-2016-3373,0.14839,0.95672
CVE-2016-3374,0.24823,0.96728
CVE-2016-3375,0.22543,0.9646
CVE-2016-3376,0.11174,0.9465
CVE-2016-3377,0.23894,0.9661
CVE-2016-3378,0.2509,0.96779
CVE-2016-3379,0.2509,0.96779
CVE-2016-3381,0.17492,0.96051
CVE-2016-3382,0.24536,0.96676
CVE-2016-3383,0.23894,0.9661
CVE-2016-3384,0.23894,0.9661
CVE-2016-3385,0.22543,0.9646
CVE-2016-3386,0.68157,0.99063
CVE-2016-3387,0.52015,0.98662
CVE-2016-3388,0.52015,0.98662
CVE-2016-3389,0.23894,0.9661
CVE-2016-3390,0.24536,0.96676
CVE-2016-3391,0.0915,0.93872
CVE-2016-3392,0.2509,0.96779
CVE-2016-3393,0.32828,0.97533
CVE-2016-3396,0.3932,0.97991
CVE-2016-3400,0.01018,0.38792
CVE-2016-3401,0.01061,0.51015
CVE-2016-3402,0.01136,0.57949
CVE-2016-3403,0.01408,0.72072
CVE-2016-3404,0.01136,0.57949
CVE-2016-3405,0.01136,0.57949
CVE-2016-3406,0.01213,0.6557
CVE-2016-3407,0.01136,0.57949
CVE-2016-3408,0.01136,0.57949
CVE-2016-3409,0.01136,0.57949
CVE-2016-3410,0.01136,0.57949
CVE-2016-3411,0.02173,0.80027
CVE-2016-3412,0.01136,0.57949
CVE-2016-3413,0.01136,0.57949
CVE-2016-3414,0.01061,0.51015
CVE-2016-3415,0.01136,0.57949
CVE-2016-3416,0.01136,0.57949
CVE-2016-3417,0.01055,0.50287
CVE-2016-3418,0.00885,0.26162
CVE-2016-3419,0.00885,0.26162
CVE-2016-3420,0.01055,0.50287
CVE-2016-3421,0.01055,0.50287
CVE-2016-3422,0.03932,0.8519
CVE-2016-3423,0.01055,0.50287
CVE-2016-3424,0.0095,0.30554
CVE-2016-3425,0.02528,0.8112
CVE-2016-3426,0.03932,0.8519
CVE-2016-3427,0.04358,0.87435
CVE-2016-3428,0.01055,0.50287
CVE-2016-3429,0.01055,0.50287
CVE-2016-3431,0.01055,0.50287
CVE-2016-3432,0.01132,0.54372
CVE-2016-3433,0.01132,0.54372
CVE-2016-3434,0.01055,0.50287
CVE-2016-3435,0.01055,0.50287
CVE-2016-3436,0.01136,0.57949
CVE-2016-3437,0.01136,0.57949
CVE-2016-3438,0.01213,0.6557
CVE-2016-3439,0.01136,0.57949
CVE-2016-3440,0.01132,0.54372
CVE-2016-3441,0.00885,0.26162
CVE-2016-3442,0.01055,0.50287
CVE-2016-3443,0.03932,0.8519
CVE-2016-3444,0.01213,0.6557
CVE-2016-3445,0.01136,0.57949
CVE-2016-3446,0.01213,0.6557
CVE-2016-3447,0.01055,0.50287
CVE-2016-3448,0.01213,0.6557
CVE-2016-3449,0.03932,0.8519
CVE-2016-3450,0.01213,0.6557
CVE-2016-3451,0.01213,0.6557
CVE-2016-3452,0.03779,0.84781
CVE-2016-3453,0.0095,0.30554
CVE-2016-3454,0.01055,0.50287
CVE-2016-3455,0.01136,0.57949
CVE-2016-3456,0.01055,0.50287
CVE-2016-3457,0.01055,0.50287
CVE-2016-3458,0.03932,0.8519
CVE-2016-3459,0.01282,0.67298
CVE-2016-3460,0.01055,0.50287
CVE-2016-3461,0.0089,0.2856
CVE-2016-3462,0.00885,0.26162
CVE-2016-3463,0.01055,0.50287
CVE-2016-3464,0.01055,0.50287
CVE-2016-3465,0.00885,0.26162
CVE-2016-3466,0.01055,0.50287
CVE-2016-3467,0.01213,0.6557
CVE-2016-3468,0.01213,0.6557
CVE-2016-3469,0.0095,0.30554
CVE-2016-3470,0.01132,0.54372
CVE-2016-3471,0.01282,0.67298
CVE-2016-3472,0.01132,0.54372
CVE-2016-3473,0.07923,0.92968
CVE-2016-3474,0.01213,0.6557
CVE-2016-3475,0.01132,0.54372
CVE-2016-3476,0.01213,0.6557
CVE-2016-3477,0.02686,0.82061
CVE-2016-3478,0.01213,0.6557
CVE-2016-3479,0.01213,0.6557
CVE-2016-3480,0.0095,0.30554
CVE-2016-3481,0.01132,0.54372
CVE-2016-3482,0.01213,0.6557
CVE-2016-3483,0.01213,0.6557
CVE-2016-3484,0.0095,0.30554
CVE-2016-3485,0.02686,0.82061
CVE-2016-3486,0.01232,0.66248
CVE-2016-3487,0.01213,0.6557
CVE-2016-3488,0.0095,0.30554
CVE-2016-3489,0.0095,0.30554
CVE-2016-3490,0.01132,0.54372
CVE-2016-3491,0.01213,0.6557
CVE-2016-3492,0.02186,0.8012
CVE-2016-3493,0.01213,0.6557
CVE-2016-3494,0.01213,0.6557
CVE-2016-3495,0.0095,0.30554
CVE-2016-3496,0.01213,0.6557
CVE-2016-3497,0.0095,0.30554
CVE-2016-3498,0.03779,0.84781
CVE-2016-3499,0.01213,0.6557
CVE-2016-3500,0.04358,0.87435
CVE-2016-3501,0.01232,0.66248
CVE-2016-3502,0.01132,0.54372
CVE-2016-3503,0.02686,0.82061
CVE-2016-3504,0.01213,0.6557
CVE-2016-3505,0.01061,0.51015
CVE-2016-3506,0.01974,0.7812
CVE-2016-3507,0.01213,0.6557
CVE-2016-3508,0.04358,0.87435
CVE-2016-3509,0.01132,0.54372
CVE-2016-3511,0.02686,0.82061
CVE-2016-3512,0.01213,0.6557
CVE-2016-3513,0.01132,0.54372
CVE-2016-3514,0.01132,0.54372
CVE-2016-3515,0.01213,0.6557
CVE-2016-3516,0.01132,0.54372
CVE-2016-3517,0.01213,0.6557
CVE-2016-3518,0.01132,0.54372
CVE-2016-3519,0.01213,0.6557
CVE-2016-3520,0.0095,0.30554
CVE-2016-3521,0.02528,0.8112
CVE-2016-3522,0.01213,0.6557
CVE-2016-3523,0.01213,0.6557
CVE-2016-3524,0.01132,0.54372
CVE-2016-3525,0.01213,0.6557
CVE-2016-3526,0.01213,0.6557
CVE-2016-3527,0.01213,0.6557
CVE-2016-3528,0.01213,0.6557
CVE-2016-3529,0.01213,0.6557
CVE-2016-3530,0.01132,0.54372
CVE-2016-3531,0.01132,0.54372
CVE-2016-3532,0.01213,0.6557
CVE-2016-3533,0.01213,0.6557
CVE-2016-3534,0.01213,0.6557
CVE-2016-3535,0.01213,0.6557
CVE-2016-3536,0.01213,0.6557
CVE-2016-3537,0.01132,0.54372
CVE-2016-3538,0.01132,0.54372
CVE-2016-3539,0.01132,0.54372
CVE-2016-3540,0.01213,0.6557
CVE-2016-3541,0.01213,0.6557
CVE-2016-3542,0.07168,0.9192
CVE-2016-3543,0.01213,0.6557
CVE-2016-3544,0.01132,0.54372
CVE-2016-3545,0.01213,0.6557
CVE-2016-3546,0.01213,0.6557
CVE-2016-3547,0.01213,0.6557
CVE-2016-3548,0.01213,0.6557
CVE-2016-3549,0.01213,0.6557
CVE-2016-3550,0.03932,0.8519
CVE-2016-3551,0.01136,0.57949
CVE-2016-3552,0.01537,0.73595
CVE-2016-3553,0.01132,0.54372
CVE-2016-3554,0.01132,0.54372
CVE-2016-3555,0.01213,0.6557
CVE-2016-3556,0.01213,0.6557
CVE-2016-3557,0.01136,0.57949
CVE-2016-3558,0.01213,0.6557
CVE-2016-3559,0.01213,0.6557
CVE-2016-3560,0.01136,0.57949
CVE-2016-3561,0.01213,0.6557
CVE-2016-3562,0.0089,0.2856
CVE-2016-3563,0.0095,0.30554
CVE-2016-3564,0.01136,0.57949
CVE-2016-3565,0.01132,0.54372
CVE-2016-3566,0.01213,0.6557
CVE-2016-3567,0.01132,0.54372
CVE-2016-3568,0.01213,0.6557
CVE-2016-3569,0.01213,0.6557
CVE-2016-3570,0.01213,0.6557
CVE-2016-3571,0.01213,0.6557
CVE-2016-3572,0.01132,0.54372
CVE-2016-3573,0.01213,0.6557
CVE-2016-3574,0.01319,0.70416
CVE-2016-3575,0.01319,0.70416
CVE-2016-3576,0.01319,0.70416
CVE-2016-3577,0.01319,0.70416
CVE-2016-3578,0.01319,0.70416
CVE-2016-3579,0.01319,0.70416
CVE-2016-3580,0.01319,0.70416
CVE-2016-3581,0.01319,0.70416
CVE-2016-3582,0.01319,0.70416
CVE-2016-3583,0.01319,0.70416
CVE-2016-3584,0.0095,0.30554
CVE-2016-3585,0.01213,0.6557
CVE-2016-3586,0.01213,0.6557
CVE-2016-3587,0.03407,0.83908
CVE-2016-3588,0.01132,0.54372
CVE-2016-3589,0.01213,0.6557
CVE-2016-3590,0.01319,0.70416
CVE-2016-3591,0.01319,0.70416
CVE-2016-3592,0.01319,0.70416
CVE-2016-3593,0.01319,0.70416
CVE-2016-3594,0.01319,0.70416
CVE-2016-3595,0.01319,0.70416
CVE-2016-3596,0.01319,0.70416
CVE-2016-3597,0.0095,0.30554
CVE-2016-3598,0.03932,0.8519
CVE-2016-3606,0.03932,0.8519
CVE-2016-3607,0.01213,0.6557
CVE-2016-3608,0.01213,0.6557
CVE-2016-3609,0.01132,0.54372
CVE-2016-3610,0.03932,0.8519
CVE-2016-3611,0.01213,0.6557
CVE-2016-3612,0.01213,0.6557
CVE-2016-3613,0.01213,0.6557
CVE-2016-3614,0.01232,0.66248
CVE-2016-3615,0.02528,0.8112
CVE-2016-3616,0.03899,0.84942
CVE-2016-3619,0.01213,0.6557
CVE-2016-3620,0.01213,0.6557
CVE-2016-3621,0.01213,0.6557
CVE-2016-3622,0.01213,0.6557
CVE-2016-3623,0.01319,0.70416
CVE-2016-3624,0.01213,0.6557
CVE-2016-3625,0.01136,0.57949
CVE-2016-3627,0.02686,0.82061
CVE-2016-3628,0.02065,0.78945
CVE-2016-3630,0.0883,0.93679
CVE-2016-3631,0.01136,0.57949
CVE-2016-3632,0.05857,0.90058
CVE-2016-3633,0.01136,0.57949
CVE-2016-3634,0.01213,0.6557
CVE-2016-3635,0.08087,0.93057
CVE-2016-3638,0.0095,0.30554
CVE-2016-3639,0.01213,0.6557
CVE-2016-3640,0.0095,0.30554
CVE-2016-3642,0.01136,0.57949
CVE-2016-3643,0.01832,0.76196
CVE-2016-3644,0.10247,0.94361
CVE-2016-3645,0.08944,0.93724
CVE-2016-3646,0.10247,0.94361
CVE-2016-3647,0.01061,0.51015
CVE-2016-3648,0.01061,0.51015
CVE-2016-3649,0.01061,0.51015
CVE-2016-3650,0.01061,0.51015
CVE-2016-3651,0.01061,0.51015
CVE-2016-3652,0.01132,0.54372
CVE-2016-3653,0.01132,0.54372
CVE-2016-3654,0.01055,0.50287
CVE-2016-3655,0.01055,0.50287
CVE-2016-3656,0.01055,0.50287
CVE-2016-3657,0.01702,0.75164
CVE-2016-3658,0.01213,0.6557
CVE-2016-3659,0.01232,0.66248
CVE-2016-3664,0.00954,0.34522
CVE-2016-3670,0.02507,0.80895
CVE-2016-3672,0.03534,0.84129
CVE-2016-3674,0.02172,0.79917
CVE-2016-3675,0.01055,0.50287
CVE-2016-3676,0.00885,0.26162
CVE-2016-3677,0.00885,0.26162
CVE-2016-3678,0.01055,0.50287
CVE-2016-3679,0.01108,0.53389
CVE-2016-3680,0.00885,0.26162
CVE-2016-3681,0.00885,0.26162
CVE-2016-3684,0.0095,0.30554
CVE-2016-3685,0.0095,0.30554
CVE-2016-3686,0.01055,0.50287
CVE-2016-3687,0.01055,0.50287
CVE-2016-3688,0.0095,0.30554
CVE-2016-3689,0.02686,0.82061
CVE-2016-3690,0.05785,0.89924
CVE-2016-3691,0.01055,0.50287
CVE-2016-3693,0.01108,0.53389
CVE-2016-3694,0.01564,0.74439
CVE-2016-3695,0.0089,0.2856
CVE-2016-3696,0.0095,0.30554
CVE-2016-3697,0.01104,0.52279
CVE-2016-3698,0.01319,0.70416
CVE-2016-3699,0.01108,0.53389
CVE-2016-3702,0.01055,0.50287
CVE-2016-3703,0.01055,0.50287
CVE-2016-3704,0.01108,0.53389
CVE-2016-3705,0.02686,0.82061
CVE-2016-3706,0.01408,0.72072
CVE-2016-3707,0.01319,0.70416
CVE-2016-3708,0.01055,0.50287
CVE-2016-3709,0.00885,0.26162
CVE-2016-3710,0.01704,0.75165
CVE-2016-3711,0.00885,0.26162
CVE-2016-3712,0.01282,0.67298
CVE-2016-3713,0.0095,0.30554
CVE-2016-3715,0.03932,0.8519
CVE-2016-3716,0.03407,0.83908
CVE-2016-3717,0.02528,0.8112
CVE-2016-3718,0.03932,0.8519
CVE-2016-3720,0.00885,0.26162
CVE-2016-3721,0.01132,0.54372
CVE-2016-3722,0.01132,0.54372
CVE-2016-3723,0.01132,0.54372
CVE-2016-3724,0.01132,0.54372
CVE-2016-3725,0.01132,0.54372
CVE-2016-3726,0.01213,0.6557
CVE-2016-3727,0.01132,0.54372
CVE-2016-3728,0.05593,0.89561
CVE-2016-3729,0.01061,0.51015
CVE-2016-3731,0.01136,0.57949
CVE-2016-3732,0.01061,0.51015
CVE-2016-3733,0.01132,0.54372
CVE-2016-3734,0.01213,0.6557
CVE-2016-3735,0.00954,0.34522
CVE-2016-3737,0.05785,0.89924
CVE-2016-3738,0.01055,0.50287
CVE-2016-3739,0.01955,0.77585
CVE-2016-3740,0.01447,0.7267
CVE-2016-3741,0.03795,0.84827
CVE-2016-3742,0.02065,0.78945
CVE-2016-3743,0.02065,0.78945
CVE-2016-3744,0.01055,0.50287
CVE-2016-3745,0.00885,0.26162
CVE-2016-3746,0.00885,0.26162
CVE-2016-3747,0.00885,0.26162
CVE-2016-3748,0.00885,0.26162
CVE-2016-3750,0.00885,0.26162
CVE-2016-3751,0.00954,0.34522
CVE-2016-3752,0.00885,0.26162
CVE-2016-3753,0.01055,0.50287
CVE-2016-3754,0.01136,0.57949
CVE-2016-3755,0.01055,0.50287
CVE-2016-3756,0.01055,0.50287
CVE-2016-3757,0.00885,0.26162
CVE-2016-3758,0.00885,0.26162
CVE-2016-3759,0.00885,0.26162
CVE-2016-3760,0.01018,0.38792
CVE-2016-3761,0.00885,0.26162
CVE-2016-3762,0.00885,0.26162
CVE-2016-3763,0.01055,0.50287
CVE-2016-3764,0.00885,0.26162
CVE-2016-3765,0.00885,0.26162
CVE-2016-3766,0.01136,0.57949
CVE-2016-3767,0.00885,0.26162
CVE-2016-3768,0.00885,0.26162
CVE-2016-3769,0.00885,0.26162
CVE-2016-3770,0.00885,0.26162
CVE-2016-3771,0.00885,0.26162
CVE-2016-3772,0.00885,0.26162
CVE-2016-3773,0.00885,0.26162
CVE-2016-3774,0.00885,0.26162
CVE-2016-3775,0.00885,0.26162
CVE-2016-3792,0.00885,0.26162
CVE-2016-3793,0.00885,0.26162
CVE-2016-3795,0.00885,0.26162
CVE-2016-3796,0.00885,0.26162
CVE-2016-3797,0.00885,0.26162
CVE-2016-3798,0.00885,0.26162
CVE-2016-3799,0.00885,0.26162
CVE-2016-3800,0.00885,0.26162
CVE-2016-3801,0.00885,0.26162
CVE-2016-3802,0.00885,0.26162
CVE-2016-3803,0.00885,0.26162
CVE-2016-3804,0.00885,0.26162
CVE-2016-3805,0.00885,0.26162
CVE-2016-3806,0.00885,0.26162
CVE-2016-3807,0.00885,0.26162
CVE-2016-3808,0.00885,0.26162
CVE-2016-3809,0.00885,0.26162
CVE-2016-3810,0.00885,0.26162
CVE-2016-3811,0.00885,0.26162
CVE-2016-3812,0.00885,0.26162
CVE-2016-3813,0.00885,0.26162
CVE-2016-3814,0.00885,0.26162
CVE-2016-3815,0.00885,0.26162
CVE-2016-3816,0.00885,0.26162
CVE-2016-3818,0.01055,0.50287
CVE-2016-3819,0.03795,0.84827
CVE-2016-3820,0.03795,0.84827
CVE-2016-3821,0.03795,0.84827
CVE-2016-3822,0.03666,0.84265
CVE-2016-3823,0.0089,0.2856
CVE-2016-3824,0.0089,0.2856
CVE-2016-3825,0.0089,0.2856
CVE-2016-3826,0.0089,0.2856
CVE-2016-3827,0.01136,0.57949
CVE-2016-3828,0.01136,0.57949
CVE-2016-3829,0.01136,0.57949
CVE-2016-3830,0.01136,0.57949
CVE-2016-3831,0.01136,0.57949
CVE-2016-3832,0.00954,0.34522
CVE-2016-3833,0.01018,0.38792
CVE-2016-3834,0.00954,0.34522
CVE-2016-3835,0.00954,0.34522
CVE-2016-3836,0.00954,0.34522
CVE-2016-3837,0.00954,0.34522
CVE-2016-3838,0.00954,0.34522
CVE-2016-3839,0.00954,0.34522
CVE-2016-3840,0.05785,0.89924
CVE-2016-3841,0.01282,0.67298
CVE-2016-3842,0.00885,0.26162
CVE-2016-3843,0.01603,0.74718
CVE-2016-3844,0.00885,0.26162
CVE-2016-3845,0.00885,0.26162
CVE-2016-3846,0.00885,0.26162
CVE-2016-3847,0.00954,0.34522
CVE-2016-3848,0.00885,0.26162
CVE-2016-3849,0.00885,0.26162
CVE-2016-3850,0.0089,0.2856
CVE-2016-3851,0.00885,0.26162
CVE-2016-3852,0.00885,0.26162
CVE-2016-3853,0.00885,0.26162
CVE-2016-3854,0.00954,0.34522
CVE-2016-3855,0.00954,0.34522
CVE-2016-3856,0.01018,0.38792
CVE-2016-3857,0.00885,0.26162
CVE-2016-3858,0.01018,0.38792
CVE-2016-3859,0.00954,0.34522
CVE-2016-3860,0.00954,0.34522
CVE-2016-3862,0.03666,0.84265
CVE-2016-3863,0.05593,0.89561
CVE-2016-3864,0.00954,0.34522
CVE-2016-3865,0.00954,0.34522
CVE-2016-3866,0.00954,0.34522
CVE-2016-3867,0.00954,0.34522
CVE-2016-3868,0.00954,0.34522
CVE-2016-3869,0.00954,0.34522
CVE-2016-3870,0.00954,0.34522
CVE-2016-3871,0.01018,0.38792
CVE-2016-3872,0.01018,0.38792
CVE-2016-3873,0.00954,0.34522
CVE-2016-3874,0.01018,0.38792
CVE-2016-3875,0.01018,0.38792
CVE-2016-3876,0.01018,0.38792
CVE-2016-3877,0.00885,0.26162
CVE-2016-3878,0.01213,0.6557
CVE-2016-3879,0.01213,0.6557
CVE-2016-3880,0.01213,0.6557
CVE-2016-3881,0.01213,0.6557
CVE-2016-3882,0.01136,0.57949
CVE-2016-3883,0.01018,0.38792
CVE-2016-3884,0.01018,0.38792
CVE-2016-3885,0.01018,0.38792
CVE-2016-3886,0.01018,0.38792
CVE-2016-3887,0.01018,0.38792
CVE-2016-3888,0.0095,0.30554
CVE-2016-3889,0.01018,0.38792
CVE-2016-3890,0.01018,0.38792
CVE-2016-3892,0.00954,0.34522
CVE-2016-3893,0.01018,0.38792
CVE-2016-3894,0.00954,0.34522
CVE-2016-3895,0.00954,0.34522
CVE-2016-3896,0.01018,0.38792
CVE-2016-3897,0.01018,0.38792
CVE-2016-3898,0.00954,0.34522
CVE-2016-3899,0.01213,0.6557
CVE-2016-3900,0.01018,0.38792
CVE-2016-3901,0.00954,0.34522
CVE-2016-3902,0.00954,0.34522
CVE-2016-3903,0.00954,0.34522
CVE-2016-3904,0.01102,0.51825
CVE-2016-3905,0.00954,0.34522
CVE-2016-3906,0.00885,0.26162
CVE-2016-3907,0.00885,0.26162
CVE-2016-3908,0.00954,0.34522
CVE-2016-3909,0.01018,0.38792
CVE-2016-3910,0.00954,0.34522
CVE-2016-3911,0.00954,0.34522
CVE-2016-3912,0.00954,0.34522
CVE-2016-3913,0.00954,0.34522
CVE-2016-3914,0.00954,0.34522
CVE-2016-3915,0.00954,0.34522
CVE-2016-3916,0.00954,0.34522
CVE-2016-3917,0.0089,0.2856
CVE-2016-3918,0.00954,0.34522
CVE-2016-3920,0.01136,0.57949
CVE-2016-3921,0.00954,0.34522
CVE-2016-3922,0.00954,0.34522
CVE-2016-3923,0.00954,0.34522
CVE-2016-3924,0.00954,0.34522
CVE-2016-3925,0.00954,0.34522
CVE-2016-3926,0.00885,0.26162
CVE-2016-3927,0.00885,0.26162
CVE-2016-3928,0.00885,0.26162
CVE-2016-3929,0.00885,0.26162
CVE-2016-3930,0.00954,0.34522
CVE-2016-3931,0.00954,0.34522
CVE-2016-3932,0.00885,0.26162
CVE-2016-3933,0.00885,0.26162
CVE-2016-3934,0.00954,0.34522
CVE-2016-3935,0.00954,0.34522
CVE-2016-3936,0.00885,0.26162
CVE-2016-3937,0.00885,0.26162
CVE-2016-3938,0.00954,0.34522
CVE-2016-3939,0.00885,0.26162
CVE-2016-3940,0.00885,0.26162
CVE-2016-3941,0.01213,0.6557
CVE-2016-3943,0.01832,0.76196
CVE-2016-3944,0.01578,0.74478
CVE-2016-3945,0.05857,0.90058
CVE-2016-3946,0.0089,0.2856
CVE-2016-3947,0.01537,0.73595
CVE-2016-3948,0.01974,0.7812
CVE-2016-3949,0.01213,0.6557
CVE-2016-3950,0.01055,0.50287
CVE-2016-3951,0.02686,0.82061
CVE-2016-3952,0.01061,0.51015
CVE-2016-3953,0.05634,0.89764
CVE-2016-3954,0.01888,0.76438
CVE-2016-3956,0.01108,0.53389
CVE-2016-3957,0.05634,0.89764
CVE-2016-3958,0.0095,0.30554
CVE-2016-3960,0.01282,0.67298
CVE-2016-3961,0.01547,0.74085
CVE-2016-3963,0.08382,0.93597
CVE-2016-3968,0.01055,0.50287
CVE-2016-3969,0.01055,0.50287
CVE-2016-3971,0.01055,0.50287
CVE-2016-3972,0.01055,0.50287
CVE-2016-3973,0.01213,0.6557
CVE-2016-3974,0.08944,0.93724
CVE-2016-3975,0.01213,0.6557
CVE-2016-3976,0.10212,0.94357
CVE-2016-3977,0.01776,0.75902
CVE-2016-3978,0.01136,0.57949
CVE-2016-3979,0.01136,0.57949
CVE-2016-3980,0.01136,0.57949
CVE-2016-3981,0.04397,0.87546
CVE-2016-3982,0.04397,0.87546
CVE-2016-3983,0.01055,0.50287
CVE-2016-3984,0.0095,0.30554
CVE-2016-3985,0.01055,0.50287
CVE-2016-3986,0.09923,0.94267
CVE-2016-3987,0.08944,0.93724
CVE-2016-3988,0.01055,0.50287
CVE-2016-3990,0.05857,0.90058
CVE-2016-3991,0.05857,0.90058
CVE-2016-3992,0.01018,0.38792
CVE-2016-3993,0.01213,0.6557
CVE-2016-3994,0.01213,0.6557
CVE-2016-3995,0.00954,0.34522
CVE-2016-3996,0.00885,0.26162
CVE-2016-3997,0.00885,0.26162
CVE-2016-3998,0.00885,0.26162
CVE-2016-3999,0.01136,0.57949
CVE-2016-4000,0.0391,0.8496
CVE-2016-4001,0.02172,0.79917
CVE-2016-4002,0.06698,0.91171
CVE-2016-4003,0.0424,0.86863
CVE-2016-4004,0.08078,0.93055
CVE-2016-4005,0.00885,0.26162
CVE-2016-4006,0.01319,0.70416
CVE-2016-4007,0.01018,0.38792
CVE-2016-4008,0.03779,0.84781
CVE-2016-4009,0.01213,0.6557
CVE-2016-4014,0.01213,0.6557
CVE-2016-4015,0.01055,0.50287
CVE-2016-4016,0.01213,0.6557
CVE-2016-4017,0.01055,0.50287
CVE-2016-4018,0.01055,0.50287
CVE-2016-4019,0.01136,0.57949
CVE-2016-4020,0.01282,0.67298
CVE-2016-4021,0.01108,0.53389
CVE-2016-4024,0.06908,0.9183
CVE-2016-4025,0.00885,0.26162
CVE-2016-4026,0.00885,0.26162
CVE-2016-4027,0.0089,0.2856
CVE-2016-4028,0.00885,0.26162
CVE-2016-4029,0.01213,0.6557
CVE-2016-4030,0.00885,0.26162
CVE-2016-4031,0.00885,0.26162
CVE-2016-4032,0.00885,0.26162
CVE-2016-4036,0.0095,0.30554
CVE-2016-4037,0.01282,0.67298
CVE-2016-4038,0.0089,0.2856
CVE-2016-4040,0.0089,0.2856
CVE-2016-4041,0.01055,0.50287
CVE-2016-4042,0.01055,0.50287
CVE-2016-4043,0.01055,0.50287
CVE-2016-4045,0.00885,0.26162
CVE-2016-4046,0.00885,0.26162
CVE-2016-4047,0.00885,0.26162
CVE-2016-4048,0.00885,0.26162
CVE-2016-4049,0.01974,0.7812
CVE-2016-4051,0.05857,0.90058
CVE-2016-4052,0.0374,0.84381
CVE-2016-4053,0.03779,0.84781
CVE-2016-4054,0.10938,0.94483
CVE-2016-4055,0.01649,0.75017
CVE-2016-4056,0.01136,0.57949
CVE-2016-4057,0.01055,0.50287
CVE-2016-4058,0.01055,0.50287
CVE-2016-4059,0.04618,0.88462
CVE-2016-4060,0.01055,0.50287
CVE-2016-4061,0.01055,0.50287
CVE-2016-4062,0.01055,0.50287
CVE-2016-4063,0.04618,0.88462
CVE-2016-4064,0.04618,0.88462
CVE-2016-4065,0.01213,0.6557
CVE-2016-4066,0.01136,0.57949
CVE-2016-4068,0.01408,0.72072
CVE-2016-4069,0.01408,0.72072
CVE-2016-4070,0.03779,0.84781
CVE-2016-4071,0.35594,0.97738
CVE-2016-4072,0.12322,0.95108
CVE-2016-4073,0.0504,0.89011
CVE-2016-4074,0.01319,0.70416
CVE-2016-4075,0.01055,0.50287
CVE-2016-4076,0.01213,0.6557
CVE-2016-4077,0.01213,0.6557
CVE-2016-4078,0.01319,0.70416
CVE-2016-4079,0.01319,0.70416
CVE-2016-4080,0.01319,0.70416
CVE-2016-4081,0.01319,0.70416
CVE-2016-4082,0.01319,0.70416
CVE-2016-4083,0.01213,0.6557
CVE-2016-4084,0.01213,0.6557
CVE-2016-4085,0.01319,0.70416
CVE-2016-4086,0.01055,0.50287
CVE-2016-4087,0.01702,0.75164
CVE-2016-4088,0.01952,0.77181
CVE-2016-4089,0.01952,0.77181
CVE-2016-4090,0.01952,0.77181
CVE-2016-4091,0.03183,0.83298
CVE-2016-4092,0.03183,0.83298
CVE-2016-4093,0.01952,0.77181
CVE-2016-4094,0.01952,0.77181
CVE-2016-4095,0.01952,0.77181
CVE-2016-4096,0.01952,0.77181
CVE-2016-4097,0.01952,0.77181
CVE-2016-4098,0.01952,0.77181
CVE-2016-4099,0.01952,0.77181
CVE-2016-4100,0.01952,0.77181
CVE-2016-4101,0.01952,0.77181
CVE-2016-4102,0.03183,0.83298
CVE-2016-4103,0.01952,0.77181
CVE-2016-4104,0.01952,0.77181
CVE-2016-4105,0.01952,0.77181
CVE-2016-4106,0.01052,0.41643
CVE-2016-4107,0.03183,0.83298
CVE-2016-4108,0.58567,0.98805
CVE-2016-4109,0.09867,0.94091
CVE-2016-4110,0.09867,0.94091
CVE-2016-4111,0.09867,0.94091
CVE-2016-4112,0.09867,0.94091
CVE-2016-4113,0.09867,0.94091
CVE-2016-4114,0.09867,0.94091
CVE-2016-4115,0.09867,0.94091
CVE-2016-4116,0.09867,0.94091
CVE-2016-4118,0.01052,0.41643
CVE-2016-4119,0.01952,0.77181
CVE-2016-4120,0.03043,0.82922
CVE-2016-4121,0.03183,0.83298
CVE-2016-4122,0.01308,0.67354
CVE-2016-4123,0.01308,0.67354
CVE-2016-4124,0.01308,0.67354
CVE-2016-4125,0.01308,0.67354
CVE-2016-4126,0.01046,0.41635
CVE-2016-4127,0.01308,0.67354
CVE-2016-4128,0.01308,0.67354
CVE-2016-4129,0.01308,0.67354
CVE-2016-4130,0.01308,0.67354
CVE-2016-4131,0.01308,0.67354
CVE-2016-4132,0.01308,0.67354
CVE-2016-4133,0.01308,0.67354
CVE-2016-4134,0.01308,0.67354
CVE-2016-4135,0.108,0.94438
CVE-2016-4136,0.108,0.94438
CVE-2016-4137,0.108,0.94438
CVE-2016-4138,0.108,0.94438
CVE-2016-4139,0.01308,0.67354
CVE-2016-4140,0.01308,0.67354
CVE-2016-4141,0.01308,0.67354
CVE-2016-4142,0.01308,0.67354
CVE-2016-4143,0.01308,0.67354
CVE-2016-4144,0.01308,0.67354
CVE-2016-4145,0.01308,0.67354
CVE-2016-4146,0.01308,0.67354
CVE-2016-4147,0.01308,0.67354
CVE-2016-4148,0.01308,0.67354
CVE-2016-4149,0.01308,0.67354
CVE-2016-4150,0.01308,0.67354
CVE-2016-4151,0.01308,0.67354
CVE-2016-4152,0.01308,0.67354
CVE-2016-4153,0.01308,0.67354
CVE-2016-4154,0.01308,0.67354
CVE-2016-4155,0.01308,0.67354
CVE-2016-4156,0.01308,0.67354
CVE-2016-4157,0.01046,0.41635
CVE-2016-4158,0.02611,0.81251
CVE-2016-4159,0.01055,0.50287
CVE-2016-4160,0.03043,0.82922
CVE-2016-4161,0.03043,0.82922
CVE-2016-4162,0.03043,0.82922
CVE-2016-4163,0.03043,0.82922
CVE-2016-4164,0.01055,0.50287
CVE-2016-4165,0.01046,0.41635
CVE-2016-4166,0.01308,0.67354
CVE-2016-4167,0.01886,0.76424
CVE-2016-4168,0.01136,0.57949
CVE-2016-4169,0.01126,0.53553
CVE-2016-4170,0.01136,0.57949
CVE-2016-4171,0.10052,0.9429
CVE-2016-4172,0.03348,0.83611
CVE-2016-4173,0.03502,0.84092
CVE-2016-4174,0.03502,0.84092
CVE-2016-4175,0.45826,0.98289
CVE-2016-4176,0.45826,0.98289
CVE-2016-4177,0.45826,0.98289
CVE-2016-4178,0.01308,0.67354
CVE-2016-4179,0.45826,0.98289
CVE-2016-4180,0.03348,0.83611
CVE-2016-4181,0.03348,0.83611
CVE-2016-4182,0.03568,0.84155
CVE-2016-4183,0.03348,0.83611
CVE-2016-4184,0.03348,0.83611
CVE-2016-4185,0.03348,0.83611
CVE-2016-4186,0.03348,0.83611
CVE-2016-4187,0.03348,0.83611
CVE-2016-4188,0.03348,0.83611
CVE-2016-4189,0.03348,0.83611
CVE-2016-4190,0.03348,0.83611
CVE-2016-4191,0.03043,0.82922
CVE-2016-4192,0.03043,0.82922
CVE-2016-4193,0.03043,0.82922
CVE-2016-4194,0.03043,0.82922
CVE-2016-4195,0.03043,0.82922
CVE-2016-4196,0.03043,0.82922
CVE-2016-4197,0.03043,0.82922
CVE-2016-4198,0.03043,0.82922
CVE-2016-4199,0.03043,0.82922
CVE-2016-4200,0.03043,0.82922
CVE-2016-4201,0.25934,0.96918
CVE-2016-4202,0.03043,0.82922
CVE-2016-4203,0.25934,0.96918
CVE-2016-4204,0.25934,0.96918
CVE-2016-4205,0.25934,0.96918
CVE-2016-4206,0.25934,0.96918
CVE-2016-4207,0.25934,0.96918
CVE-2016-4208,0.25934,0.96918
CVE-2016-4209,0.03183,0.83298
CVE-2016-4210,0.03183,0.83298
CVE-2016-4211,0.03043,0.82922
CVE-2016-4212,0.03043,0.82922
CVE-2016-4213,0.03043,0.82922
CVE-2016-4214,0.03043,0.82922
CVE-2016-4215,0.03183,0.83298
CVE-2016-4216,0.01055,0.50287
CVE-2016-4217,0.03348,0.83611
CVE-2016-4218,0.03348,0.83611
CVE-2016-4219,0.03348,0.83611
CVE-2016-4220,0.03348,0.83611
CVE-2016-4221,0.03348,0.83611
CVE-2016-4222,0.04098,0.85347
CVE-2016-4223,0.04098,0.85347
CVE-2016-4224,0.04098,0.85347
CVE-2016-4225,0.04098,0.85347
CVE-2016-4226,0.84976,0.99646
CVE-2016-4227,0.84976,0.99646
CVE-2016-4228,0.84976,0.99646
CVE-2016-4229,0.84976,0.99646
CVE-2016-4230,0.84976,0.99646
CVE-2016-4231,0.84976,0.99646
CVE-2016-4232,0.34338,0.97609
CVE-2016-4233,0.03348,0.83611
CVE-2016-4234,0.03348,0.83611
CVE-2016-4235,0.03348,0.83611
CVE-2016-4236,0.03348,0.83611
CVE-2016-4237,0.03348,0.83611
CVE-2016-4238,0.03348,0.83611
CVE-2016-4239,0.03348,0.83611
CVE-2016-4240,0.03348,0.83611
CVE-2016-4241,0.03348,0.83611
CVE-2016-4242,0.03348,0.83611
CVE-2016-4243,0.03348,0.83611
CVE-2016-4244,0.03348,0.83611
CVE-2016-4245,0.03348,0.83611
CVE-2016-4246,0.03348,0.83611
CVE-2016-4247,0.01396,0.71116
CVE-2016-4248,0.03731,0.84375
CVE-2016-4249,0.03731,0.84375
CVE-2016-4250,0.03043,0.82922
CVE-2016-4251,0.03043,0.82922
CVE-2016-4252,0.03043,0.82922
CVE-2016-4253,0.01126,0.53553
CVE-2016-4254,0.03043,0.82922
CVE-2016-4255,0.03183,0.83298
CVE-2016-4256,0.03043,0.82922
CVE-2016-4257,0.03043,0.82922
CVE-2016-4258,0.03043,0.82922
CVE-2016-4259,0.03043,0.82922
CVE-2016-4260,0.03043,0.82922
CVE-2016-4261,0.03043,0.82922
CVE-2016-4262,0.03043,0.82922
CVE-2016-4263,0.03183,0.83298
CVE-2016-4264,0.12789,0.9538
CVE-2016-4265,0.03043,0.82922
CVE-2016-4266,0.03043,0.82922
CVE-2016-4267,0.03043,0.82922
CVE-2016-4268,0.03043,0.82922
CVE-2016-4269,0.03043,0.82922
CVE-2016-4270,0.03043,0.82922
CVE-2016-4271,0.01308,0.67354
CVE-2016-4272,0.03183,0.83298
CVE-2016-4273,0.40458,0.98044
CVE-2016-4274,0.03043,0.82922
CVE-2016-4275,0.40458,0.98044
CVE-2016-4276,0.03043,0.82922
CVE-2016-4277,0.01202,0.60495
CVE-2016-4278,0.01202,0.60495
CVE-2016-4279,0.03183,0.83298
CVE-2016-4280,0.03043,0.82922
CVE-2016-4281,0.03043,0.82922
CVE-2016-4282,0.03043,0.82922
CVE-2016-4283,0.03043,0.82922
CVE-2016-4284,0.03043,0.82922
CVE-2016-4285,0.03043,0.82922
CVE-2016-4286,0.01202,0.60495
CVE-2016-4287,0.03183,0.83298
CVE-2016-4288,0.00885,0.26162
CVE-2016-4289,0.01036,0.41241
CVE-2016-4290,0.01102,0.51825
CVE-2016-4291,0.01102,0.51825
CVE-2016-4292,0.01102,0.51825
CVE-2016-4293,0.01765,0.75587
CVE-2016-4294,0.01102,0.51825
CVE-2016-4295,0.01102,0.51825
CVE-2016-4296,0.01102,0.51825
CVE-2016-4298,0.01102,0.51825
CVE-2016-4300,0.0883,0.93679
CVE-2016-4301,0.07104,0.91908
CVE-2016-4302,0.0883,0.93679
CVE-2016-4303,0.04845,0.88811
CVE-2016-4304,0.0089,0.2856
CVE-2016-4305,0.0089,0.2856
CVE-2016-4306,0.0089,0.2856
CVE-2016-4307,0.0089,0.2856
CVE-2016-4309,0.10212,0.94357
CVE-2016-4311,0.01213,0.6557
CVE-2016-4312,0.01232,0.66248
CVE-2016-4313,0.03008,0.82813
CVE-2016-4314,0.09848,0.94077
CVE-2016-4315,0.09848,0.94077
CVE-2016-4316,0.02173,0.80027
CVE-2016-4317,0.0095,0.30554
CVE-2016-4318,0.0095,0.30554
CVE-2016-4319,0.01018,0.38792
CVE-2016-4320,0.01061,0.51015
CVE-2016-4322,0.01136,0.57949
CVE-2016-4323,0.01108,0.53389
CVE-2016-4324,0.06681,0.91157
CVE-2016-4325,0.01055,0.50287
CVE-2016-4326,0.01702,0.75164
CVE-2016-4327,0.01136,0.57949
CVE-2016-4328,0.01055,0.50287
CVE-2016-4329,0.00885,0.26162
CVE-2016-4330,0.01603,0.74718
CVE-2016-4331,0.01603,0.74718
CVE-2016-4332,0.01603,0.74718
CVE-2016-4333,0.01018,0.38792
CVE-2016-4334,0.00885,0.26162
CVE-2016-4335,0.02067,0.78991
CVE-2016-4336,0.01599,0.74589
CVE-2016-4337,0.01564,0.74439
CVE-2016-4338,0.36148,0.97777
CVE-2016-4340,0.08078,0.93055
CVE-2016-4341,0.01055,0.50287
CVE-2016-4342,0.01955,0.77585
CVE-2016-4343,0.01955,0.77585
CVE-2016-4344,0.01136,0.57949
CVE-2016-4345,0.01136,0.57949
CVE-2016-4346,0.01213,0.6557
CVE-2016-4348,0.01108,0.53389
CVE-2016-4349,0.00885,0.26162
CVE-2016-4350,0.04358,0.87435
CVE-2016-4351,0.01055,0.50287
CVE-2016-4352,0.01055,0.50287
CVE-2016-4353,0.01213,0.6557
CVE-2016-4354,0.01213,0.6557
CVE-2016-4355,0.01213,0.6557
CVE-2016-4356,0.01319,0.70416
CVE-2016-4357,0.01055,0.50287
CVE-2016-4358,0.01055,0.50287
CVE-2016-4359,0.14584,0.95645
CVE-2016-4360,0.01213,0.6557
CVE-2016-4361,0.01213,0.6557
CVE-2016-4362,0.01055,0.50287
CVE-2016-4363,0.01055,0.50287
CVE-2016-4364,0.00885,0.26162
CVE-2016-4365,0.01055,0.50287
CVE-2016-4366,0.01213,0.6557
CVE-2016-4367,0.01055,0.50287
CVE-2016-4368,0.01055,0.50287
CVE-2016-4369,0.01055,0.50287
CVE-2016-4370,0.01055,0.50287
CVE-2016-4371,0.01055,0.50287
CVE-2016-4372,0.08382,0.93597
CVE-2016-4373,0.01055,0.50287
CVE-2016-4374,0.01061,0.51015
CVE-2016-4375,0.01136,0.57949
CVE-2016-4376,0.01055,0.50287
CVE-2016-4377,0.04678,0.88549
CVE-2016-4378,0.01136,0.57949
CVE-2016-4379,0.01213,0.6557
CVE-2016-4380,0.01061,0.51015
CVE-2016-4381,0.00885,0.26162
CVE-2016-4382,0.01136,0.57949
CVE-2016-4383,0.01132,0.54372
CVE-2016-4384,0.01213,0.6557
CVE-2016-4385,0.01213,0.6557
CVE-2016-4386,0.00954,0.34522
CVE-2016-4387,0.14584,0.95645
CVE-2016-4388,0.14584,0.95645
CVE-2016-4389,0.14584,0.95645
CVE-2016-4390,0.14584,0.95645
CVE-2016-4391,0.10074,0.94302
CVE-2016-4392,0.0089,0.2856
CVE-2016-4393,0.01061,0.51015
CVE-2016-4394,0.01136,0.57949
CVE-2016-4395,0.01213,0.6557
CVE-2016-4396,0.01213,0.6557
CVE-2016-4397,0.01625,0.74894
CVE-2016-4398,0.02071,0.78995
CVE-2016-4399,0.0089,0.2856
CVE-2016-4400,0.0089,0.2856
CVE-2016-4401,0.00885,0.26162
CVE-2016-4402,0.03318,0.83539
CVE-2016-4403,0.03318,0.83539
CVE-2016-4404,0.03318,0.83539
CVE-2016-4405,0.02071,0.78995
CVE-2016-4406,0.00954,0.34522
CVE-2016-4407,0.01061,0.51015
CVE-2016-4412,0.0089,0.2856
CVE-2016-4414,0.01408,0.72072
CVE-2016-4415,0.01136,0.57949
CVE-2016-4416,0.01055,0.50287
CVE-2016-4417,0.01213,0.6557
CVE-2016-4418,0.01213,0.6557
CVE-2016-4419,0.01055,0.50287
CVE-2016-4420,0.01055,0.50287
CVE-2016-4421,0.01213,0.6557
CVE-2016-4422,0.00885,0.26162
CVE-2016-4423,0.01136,0.57949
CVE-2016-4425,0.01108,0.53389
CVE-2016-4426,0.00885,0.26162
CVE-2016-4427,0.00885,0.26162
CVE-2016-4428,0.01633,0.74922
CVE-2016-4429,0.01537,0.73595
CVE-2016-4430,0.06231,0.90313
CVE-2016-4431,0.06231,0.90313
CVE-2016-4432,0.02072,0.79023
CVE-2016-4433,0.06231,0.90313
CVE-2016-4434,0.02072,0.79023
CVE-2016-4435,0.00885,0.26162
CVE-2016-4436,0.019,0.76484
CVE-2016-4439,0.01651,0.75021
CVE-2016-4440,0.01404,0.71155
CVE-2016-4441,0.01104,0.52279
CVE-2016-4442,0.01136,0.57949
CVE-2016-4443,0.0095,0.30554
CVE-2016-4444,0.01034,0.39824
CVE-2016-4445,0.01034,0.39824
CVE-2016-4446,0.01034,0.39824
CVE-2016-4447,0.02686,0.82061
CVE-2016-4448,0.02686,0.82061
CVE-2016-4449,0.02686,0.82061
CVE-2016-4450,0.01319,0.70416
CVE-2016-4451,0.01132,0.54372
CVE-2016-4453,0.01104,0.52279
CVE-2016-4454,0.01104,0.52279
CVE-2016-4455,0.01104,0.52279
CVE-2016-4456,0.01055,0.50287
CVE-2016-4457,0.01018,0.38792
CVE-2016-4459,0.01183,0.60428
CVE-2016-4460,0.01055,0.50287
CVE-2016-4461,0.08623,0.93642
CVE-2016-4462,0.01382,0.70925
CVE-2016-4464,0.03718,0.84354
CVE-2016-4465,0.05857,0.90036
CVE-2016-4467,0.01246,0.66436
CVE-2016-4468,0.01055,0.50287
CVE-2016-4469,0.23468,0.96554
CVE-2016-4470,0.01547,0.74085
CVE-2016-4471,0.02166,0.79253
CVE-2016-4472,0.0455,0.88291
CVE-2016-4473,0.05785,0.89924
CVE-2016-4474,0.00954,0.34522
CVE-2016-4475,0.01132,0.54372
CVE-2016-4476,0.01055,0.50287
CVE-2016-4477,0.00954,0.34522
CVE-2016-4478,0.01213,0.6557
CVE-2016-4480,0.01018,0.38792
CVE-2016-4482,0.02686,0.82061
CVE-2016-4483,0.02686,0.82061
CVE-2016-4484,0.01108,0.53389
CVE-2016-4485,0.02686,0.82061
CVE-2016-4486,0.03534,0.84129
CVE-2016-4487,0.01136,0.57949
CVE-2016-4488,0.01136,0.57949
CVE-2016-4489,0.01136,0.57949
CVE-2016-4490,0.01136,0.57949
CVE-2016-4491,0.01213,0.6557
CVE-2016-4492,0.01132,0.54372
CVE-2016-4493,0.01213,0.6557
CVE-2016-4494,0.01055,0.50287
CVE-2016-4495,0.01055,0.50287
CVE-2016-4496,0.01034,0.39824
CVE-2016-4497,0.0089,0.2856
CVE-2016-4498,0.0089,0.2856
CVE-2016-4499,0.0095,0.30554
CVE-2016-4500,0.01055,0.50287
CVE-2016-4501,0.01055,0.50287
CVE-2016-4502,0.01055,0.50287
CVE-2016-4503,0.01055,0.50287
CVE-2016-4504,0.00885,0.26162
CVE-2016-4505,0.01055,0.50287
CVE-2016-4506,0.01055,0.50287
CVE-2016-4507,0.01055,0.50287
CVE-2016-4508,0.01055,0.50287
CVE-2016-4509,0.04695,0.88634
CVE-2016-4510,0.01136,0.57949
CVE-2016-4511,0.00885,0.26162
CVE-2016-4512,0.05785,0.89924
CVE-2016-4513,0.01055,0.50287
CVE-2016-4514,0.01055,0.50287
CVE-2016-4516,0.00885,0.26162
CVE-2016-4518,0.01055,0.50287
CVE-2016-4519,0.05785,0.89924
CVE-2016-4520,0.05785,0.89924
CVE-2016-4521,0.01055,0.50287
CVE-2016-4522,0.01055,0.50287
CVE-2016-4523,0.01136,0.57949
CVE-2016-4524,0.00885,0.26162
CVE-2016-4525,0.01055,0.50287
CVE-2016-4526,0.0089,0.2856
CVE-2016-4527,0.00885,0.26162
CVE-2016-4528,0.00885,0.26162
CVE-2016-4529,0.05785,0.89924
CVE-2016-4530,0.01055,0.50287
CVE-2016-4531,0.01055,0.50287
CVE-2016-4532,0.01136,0.57949
CVE-2016-4533,0.01996,0.78455
CVE-2016-4534,0.02084,0.79035
CVE-2016-4535,0.08382,0.93597
CVE-2016-4536,0.01136,0.57949
CVE-2016-4537,0.03779,0.84781
CVE-2016-4538,0.03779,0.84781
CVE-2016-4539,0.03779,0.84781
CVE-2016-4540,0.03779,0.84781
CVE-2016-4541,0.03779,0.84781
CVE-2016-4542,0.03779,0.84781
CVE-2016-4543,0.03779,0.84781
CVE-2016-4544,0.03779,0.84781
CVE-2016-4545,0.01055,0.50287
CVE-2016-4546,0.00885,0.26162
CVE-2016-4547,0.00885,0.26162
CVE-2016-4551,0.01136,0.57949
CVE-2016-4552,0.01136,0.57949
CVE-2016-4553,0.03779,0.84781
CVE-2016-4554,0.03779,0.84781
CVE-2016-4555,0.02686,0.82061
CVE-2016-4556,0.02686,0.82061
CVE-2016-4557,0.02212,0.80358
CVE-2016-4558,0.02249,0.80456
CVE-2016-4560,0.0095,0.30554
CVE-2016-4561,0.01136,0.57949
CVE-2016-4562,0.01136,0.57949
CVE-2016-4563,0.01136,0.57949
CVE-2016-4564,0.01136,0.57949
CVE-2016-4565,0.01547,0.74085
CVE-2016-4566,0.07104,0.91908
CVE-2016-4567,0.01776,0.75902
CVE-2016-4568,0.0095,0.30554
CVE-2016-4569,0.01547,0.74085
CVE-2016-4570,0.01213,0.6557
CVE-2016-4571,0.01213,0.6557
CVE-2016-4572,0.00885,0.26162
CVE-2016-4573,0.01136,0.57949
CVE-2016-4574,0.01319,0.70416
CVE-2016-4575,0.01055,0.50287
CVE-2016-4576,0.02065,0.78945
CVE-2016-4577,0.0197,0.7781
CVE-2016-4578,0.03534,0.84129
CVE-2016-4579,0.01319,0.70416
CVE-2016-4580,0.02686,0.82061
CVE-2016-4581,0.01547,0.74085
CVE-2016-4582,0.01282,0.67298
CVE-2016-4583,0.01955,0.77585
CVE-2016-4584,0.02721,0.82088
CVE-2016-4585,0.01955,0.77585
CVE-2016-4586,0.02721,0.82088
CVE-2016-4587,0.01408,0.72072
CVE-2016-4588,0.02121,0.79154
CVE-2016-4589,0.03421,0.8392
CVE-2016-4590,0.01408,0.72072
CVE-2016-4591,0.02172,0.79917
CVE-2016-4592,0.01955,0.77585
CVE-2016-4593,0.01018,0.38792
CVE-2016-4594,0.01537,0.73595
CVE-2016-4595,0.01018,0.38792
CVE-2016-4596,0.02497,0.80877
CVE-2016-4597,0.02497,0.80877
CVE-2016-4598,0.02585,0.81241
CVE-2016-4599,0.02497,0.80877
CVE-2016-4600,0.02497,0.80877
CVE-2016-4601,0.02497,0.80877
CVE-2016-4602,0.02497,0.80877
CVE-2016-4603,0.01018,0.38792
CVE-2016-4604,0.01213,0.6557
CVE-2016-4605,0.01213,0.6557
CVE-2016-4606,0.02398,0.80734
CVE-2016-4607,0.03779,0.84781
CVE-2016-4608,0.03779,0.84781
CVE-2016-4609,0.03779,0.84781
CVE-2016-4610,0.03779,0.84781
CVE-2016-4611,0.02721,0.82088
CVE-2016-4613,0.01319,0.70416
CVE-2016-4614,0.03779,0.84781
CVE-2016-4615,0.03779,0.84781
CVE-2016-4616,0.03779,0.84781
CVE-2016-4617,0.00885,0.26162
CVE-2016-4618,0.01319,0.70416
CVE-2016-4620,0.01018,0.38792
CVE-2016-4621,0.01271,0.66495
CVE-2016-4623,0.03421,0.8392
CVE-2016-4624,0.03421,0.8392
CVE-2016-4625,0.02115,0.79119
CVE-2016-4626,0.01282,0.67298
CVE-2016-4627,0.01104,0.52279
CVE-2016-4628,0.01034,0.39824
CVE-2016-4629,0.03107,0.83072
CVE-2016-4630,0.03001,0.82811
CVE-2016-4632,0.02172,0.79917
CVE-2016-4633,0.01271,0.66495
CVE-2016-4634,0.0095,0.30554
CVE-2016-4635,0.01034,0.39824
CVE-2016-4637,0.04017,0.85283
CVE-2016-4638,0.01018,0.38792
CVE-2016-4639,0.0095,0.30554
CVE-2016-4640,0.01271,0.66495
CVE-2016-4641,0.01271,0.66495
CVE-2016-4642,0.00954,0.34522
CVE-2016-4643,0.0089,0.2856
CVE-2016-4644,0.0089,0.2856
CVE-2016-4645,0.0095,0.30554
CVE-2016-4646,0.01213,0.6557
CVE-2016-4647,0.01034,0.39824
CVE-2016-4648,0.0095,0.30554
CVE-2016-4649,0.0095,0.30554
CVE-2016-4650,0.01402,0.71128
CVE-2016-4651,0.01408,0.72072
CVE-2016-4652,0.0095,0.30554
CVE-2016-4653,0.01282,0.67298
CVE-2016-4654,0.01271,0.66495
CVE-2016-4658,0.04607,0.884
CVE-2016-4660,0.01319,0.70416
CVE-2016-4661,0.00954,0.34522
CVE-2016-4662,0.01271,0.66495
CVE-2016-4663,0.00954,0.34522
CVE-2016-4664,0.01018,0.38792
CVE-2016-4665,0.01018,0.38792
CVE-2016-4666,0.01876,0.76377
CVE-2016-4667,0.02209,0.80307
CVE-2016-4670,0.0089,0.2856
CVE-2016-4671,0.02209,0.80307
CVE-2016-4673,0.02657,0.81402
CVE-2016-4674,0.0089,0.2856
CVE-2016-4675,0.01402,0.71128
CVE-2016-4676,0.01018,0.38792
CVE-2016-4677,0.01876,0.76377
CVE-2016-4678,0.0089,0.2856
CVE-2016-4679,0.01319,0.70416
CVE-2016-4680,0.01018,0.38792
CVE-2016-4681,0.01682,0.75066
CVE-2016-4682,0.01213,0.6557
CVE-2016-4683,0.01682,0.75066
CVE-2016-4685,0.00885,0.26162
CVE-2016-4686,0.0089,0.2856
CVE-2016-4688,0.02657,0.81402
CVE-2016-4689,0.00954,0.34522
CVE-2016-4690,0.01271,0.66495
CVE-2016-4691,0.02209,0.80307
CVE-2016-4692,0.02258,0.80578
CVE-2016-4693,0.01018,0.38792
CVE-2016-4694,0.01319,0.70416
CVE-2016-4696,0.01271,0.66495
CVE-2016-4697,0.01271,0.66495
CVE-2016-4698,0.01402,0.71128
CVE-2016-4699,0.01271,0.66495
CVE-2016-4700,0.01271,0.66495
CVE-2016-4701,0.01018,0.38792
CVE-2016-4702,0.04607,0.884
CVE-2016-4703,0.01271,0.66495
CVE-2016-4704,0.0095,0.30554
CVE-2016-4705,0.0095,0.30554
CVE-2016-4706,0.0095,0.30554
CVE-2016-4707,0.01108,0.53389
CVE-2016-4708,0.01955,0.77585
CVE-2016-4709,0.0095,0.30554
CVE-2016-4710,0.0095,0.30554
CVE-2016-4711,0.01108,0.53389
CVE-2016-4712,0.01942,0.77151
CVE-2016-4713,0.0095,0.30554
CVE-2016-4715,0.01018,0.38792
CVE-2016-4716,0.0095,0.30554
CVE-2016-4717,0.01018,0.38792
CVE-2016-4718,0.01955,0.77585
CVE-2016-4719,0.01183,0.60428
CVE-2016-4721,0.00954,0.34522
CVE-2016-4722,0.01108,0.53389
CVE-2016-4723,0.01271,0.66495
CVE-2016-4724,0.01402,0.71128
CVE-2016-4725,0.01955,0.77585
CVE-2016-4726,0.01942,0.77151
CVE-2016-4727,0.01271,0.66495
CVE-2016-4728,0.05174,0.89138
CVE-2016-4729,0.02552,0.81134
CVE-2016-4730,0.02721,0.82088
CVE-2016-4731,0.02552,0.81134
CVE-2016-4733,0.02721,0.82088
CVE-2016-4734,0.02721,0.82088
CVE-2016-4735,0.02721,0.82088
CVE-2016-4736,0.01213,0.6557
CVE-2016-4737,0.03421,0.8392
CVE-2016-4738,0.03421,0.8392
CVE-2016-4739,0.01213,0.6557
CVE-2016-4740,0.01018,0.38792
CVE-2016-4741,0.01018,0.38792
CVE-2016-4742,0.01018,0.38792
CVE-2016-4743,0.01319,0.70416
CVE-2016-4745,0.01213,0.6557
CVE-2016-4746,0.01213,0.6557
CVE-2016-4747,0.01018,0.38792
CVE-2016-4748,0.0095,0.30554
CVE-2016-4749,0.0095,0.30554
CVE-2016-4750,0.01402,0.71128
CVE-2016-4751,0.01132,0.54372
CVE-2016-4752,0.01018,0.38792
CVE-2016-4753,0.01942,0.77151
CVE-2016-4754,0.01213,0.6557
CVE-2016-4755,0.0095,0.30554
CVE-2016-4758,0.01776,0.75902
CVE-2016-4759,0.03421,0.8392
CVE-2016-4760,0.01408,0.72072
CVE-2016-4761,0.01055,0.50287
CVE-2016-4762,0.03421,0.8392
CVE-2016-4763,0.01104,0.52279
CVE-2016-4764,0.01876,0.76377
CVE-2016-4765,0.03421,0.8392
CVE-2016-4766,0.03421,0.8392
CVE-2016-4767,0.03421,0.8392
CVE-2016-4768,0.03421,0.8392
CVE-2016-4769,0.02552,0.81134
CVE-2016-4771,0.01108,0.53389
CVE-2016-4772,0.02172,0.79917
CVE-2016-4773,0.01537,0.73595
CVE-2016-4774,0.01537,0.73595
CVE-2016-4775,0.01104,0.52279
CVE-2016-4776,0.01537,0.73595
CVE-2016-4777,0.01942,0.77151
CVE-2016-4778,0.01942,0.77151
CVE-2016-4779,0.02497,0.80877
CVE-2016-4780,0.01525,0.72834
CVE-2016-4781,0.00954,0.34522
CVE-2016-4782,0.01055,0.50287
CVE-2016-4783,0.01055,0.50287
CVE-2016-4784,0.01319,0.70416
CVE-2016-4785,0.01319,0.70416
CVE-2016-4786,0.01055,0.50287
CVE-2016-4787,0.01055,0.50287
CVE-2016-4788,0.01055,0.50287
CVE-2016-4789,0.01055,0.50287
CVE-2016-4790,0.01055,0.50287
CVE-2016-4791,0.00885,0.26162
CVE-2016-4792,0.01055,0.50287
CVE-2016-4793,0.08944,0.93724
CVE-2016-4794,0.01282,0.67298
CVE-2016-4796,0.01776,0.75902
CVE-2016-4797,0.01776,0.75902
CVE-2016-4800,0.01319,0.70416
CVE-2016-4802,0.01404,0.71155
CVE-2016-4803,0.01213,0.6557
CVE-2016-4804,0.01537,0.73595
CVE-2016-4805,0.01547,0.74085
CVE-2016-4806,0.00885,0.26162
CVE-2016-4807,0.00885,0.26162
CVE-2016-4808,0.00885,0.26162
CVE-2016-4809,0.01974,0.7812
CVE-2016-4810,0.00885,0.26162
CVE-2016-4811,0.01018,0.38792
CVE-2016-4812,0.01136,0.57949
CVE-2016-4813,0.01061,0.51015
CVE-2016-4814,0.01136,0.57949
CVE-2016-4815,0.01136,0.57949
CVE-2016-4816,0.01136,0.57949
CVE-2016-4817,0.03795,0.84827
CVE-2016-4818,0.01018,0.38792
CVE-2016-4819,0.05785,0.89924
CVE-2016-4820,0.01136,0.57949
CVE-2016-4821,0.01136,0.57949
CVE-2016-4822,0.01061,0.51015
CVE-2016-4823,0.01136,0.57949
CVE-2016-4824,0.01136,0.57949
CVE-2016-4826,0.01136,0.57949
CVE-2016-4827,0.01136,0.57949
CVE-2016-4828,0.01136,0.57949
CVE-2016-4829,0.00885,0.26162
CVE-2016-4830,0.00954,0.34522
CVE-2016-4831,0.0095,0.30554
CVE-2016-4832,0.00954,0.34522
CVE-2016-4833,0.01213,0.6557
CVE-2016-4834,0.01132,0.54372
CVE-2016-4837,0.01213,0.6557
CVE-2016-4838,0.01018,0.38792
CVE-2016-4839,0.01018,0.38792
CVE-2016-4840,0.00954,0.34522
CVE-2016-4841,0.01213,0.6557
CVE-2016-4842,0.01213,0.6557
CVE-2016-4843,0.01213,0.6557
CVE-2016-4844,0.01213,0.6557
CVE-2016-4846,0.01018,0.38792
CVE-2016-4847,0.01213,0.6557
CVE-2016-4848,0.01213,0.6557
CVE-2016-4849,0.01319,0.70416
CVE-2016-4850,0.02578,0.8123
CVE-2016-4851,0.01136,0.57949
CVE-2016-4852,0.01213,0.6557
CVE-2016-4853,0.01213,0.6557
CVE-2016-4854,0.01136,0.57949
CVE-2016-4855,0.01213,0.6557
CVE-2016-4856,0.0089,0.2856
CVE-2016-4857,0.00885,0.26162
CVE-2016-4858,0.01055,0.50287
CVE-2016-4859,0.00954,0.34522
CVE-2016-4860,0.01136,0.57949
CVE-2016-4861,0.01408,0.72072
CVE-2016-4862,0.01132,0.54372
CVE-2016-4863,0.00954,0.34522
CVE-2016-4864,0.01055,0.50287
CVE-2016-4865,0.0095,0.30554
CVE-2016-4866,0.0095,0.30554
CVE-2016-4867,0.01132,0.54372
CVE-2016-4868,0.01213,0.6557
CVE-2016-4869,0.01213,0.6557
CVE-2016-4870,0.01132,0.54372
CVE-2016-4871,0.01132,0.54372
CVE-2016-4872,0.01132,0.54372
CVE-2016-4873,0.01132,0.54372
CVE-2016-4874,0.01132,0.54372
CVE-2016-4875,0.01213,0.6557
CVE-2016-4876,0.01136,0.57949
CVE-2016-4877,0.01061,0.51015
CVE-2016-4878,0.01136,0.57949
CVE-2016-4879,0.01136,0.57949
CVE-2016-4880,0.01061,0.51015
CVE-2016-4881,0.01136,0.57949
CVE-2016-4882,0.01136,0.57949
CVE-2016-4883,0.01061,0.51015
CVE-2016-4884,0.01136,0.57949
CVE-2016-4885,0.01136,0.57949
CVE-2016-4886,0.01136,0.57949
CVE-2016-4887,0.01136,0.57949
CVE-2016-4888,0.02111,0.79102
CVE-2016-4889,0.02111,0.79102
CVE-2016-4890,0.03479,0.84045
CVE-2016-4891,0.01136,0.57949
CVE-2016-4892,0.01136,0.57949
CVE-2016-4893,0.01061,0.51015
CVE-2016-4894,0.01136,0.57949
CVE-2016-4895,0.01061,0.51015
CVE-2016-4896,0.01136,0.57949
CVE-2016-4897,0.00954,0.34522
CVE-2016-4898,0.01702,0.75164
CVE-2016-4899,0.01702,0.75164
CVE-2016-4900,0.01213,0.6557
CVE-2016-4901,0.01213,0.6557
CVE-2016-4902,0.01055,0.50287
CVE-2016-4903,0.01136,0.57949
CVE-2016-4904,0.01213,0.6557
CVE-2016-4905,0.01018,0.38792
CVE-2016-4906,0.01136,0.57949
CVE-2016-4907,0.01136,0.57949
CVE-2016-4908,0.01132,0.54372
CVE-2016-4909,0.01213,0.6557
CVE-2016-4910,0.01061,0.51015
CVE-2016-4911,0.01232,0.66248
CVE-2016-4912,0.01213,0.6557
CVE-2016-4913,0.01547,0.74085
CVE-2016-4921,0.00954,0.34522
CVE-2016-4922,0.0089,0.2856
CVE-2016-4923,0.01055,0.50287
CVE-2016-4924,0.00885,0.26162
CVE-2016-4925,0.00954,0.34522
CVE-2016-4926,0.01055,0.50287
CVE-2016-4927,0.00885,0.26162
CVE-2016-4928,0.01055,0.50287
CVE-2016-4929,0.01578,0.74478
CVE-2016-4930,0.01055,0.50287
CVE-2016-4931,0.00885,0.26162
CVE-2016-4945,0.01213,0.6557
CVE-2016-4946,0.01055,0.50287
CVE-2016-4947,0.01055,0.50287
CVE-2016-4948,0.01055,0.50287
CVE-2016-4949,0.01055,0.50287
CVE-2016-4950,0.01055,0.50287
CVE-2016-4951,0.01547,0.74085
CVE-2016-4952,0.01034,0.39824
CVE-2016-4953,0.04358,0.87435
CVE-2016-4954,0.04358,0.87435
CVE-2016-4955,0.04358,0.87435
CVE-2016-4956,0.04358,0.87435
CVE-2016-4957,0.03779,0.84781
CVE-2016-4959,0.01018,0.38792
CVE-2016-4960,0.0089,0.2856
CVE-2016-4961,0.0089,0.2856
CVE-2016-4962,0.0095,0.30554
CVE-2016-4963,0.0089,0.2856
CVE-2016-4964,0.0095,0.30554
CVE-2016-4965,0.01132,0.54372
CVE-2016-4966,0.01132,0.54372
CVE-2016-4967,0.01132,0.54372
CVE-2016-4968,0.01132,0.54372
CVE-2016-4969,0.01213,0.6557
CVE-2016-4970,0.03384,0.83655
CVE-2016-4972,0.05785,0.89924
CVE-2016-4973,0.0089,0.2856
CVE-2016-4974,0.05619,0.89566
CVE-2016-4975,0.05242,0.89216
CVE-2016-4976,0.00885,0.26162
CVE-2016-4978,0.08811,0.93665
CVE-2016-4979,0.07344,0.92237
CVE-2016-4980,0.0095,0.30554
CVE-2016-4982,0.00885,0.26162
CVE-2016-4983,0.0089,0.2856
CVE-2016-4984,0.00885,0.26162
CVE-2016-4985,0.01319,0.70416
CVE-2016-4986,0.01055,0.50287
CVE-2016-4987,0.01055,0.50287
CVE-2016-4988,0.01055,0.50287
CVE-2016-4989,0.01034,0.39824
CVE-2016-4991,0.01086,0.51674
CVE-2016-4992,0.01136,0.57949
CVE-2016-4993,0.01955,0.77585
CVE-2016-4994,0.05857,0.90058
CVE-2016-4995,0.01132,0.54372
CVE-2016-4996,0.00885,0.26162
CVE-2016-4997,0.04306,0.87031
CVE-2016-4998,0.01547,0.74085
CVE-2016-5000,0.02072,0.79023
CVE-2016-5001,0.0089,0.2856
CVE-2016-5002,0.02072,0.79023
CVE-2016-5004,0.01484,0.72722
CVE-2016-5005,0.01936,0.77139
CVE-2016-5006,0.00885,0.26162
CVE-2016-5007,0.01018,0.38792
CVE-2016-5008,0.02172,0.79917
CVE-2016-5009,0.01232,0.66248
CVE-2016-5010,0.01136,0.57949
CVE-2016-5011,0.01108,0.53389
CVE-2016-5012,0.00885,0.26162
CVE-2016-5013,0.00885,0.26162
CVE-2016-5014,0.00885,0.26162
CVE-2016-5016,0.01108,0.53389
CVE-2016-5017,0.03032,0.82851
CVE-2016-5018,0.07767,0.92799
CVE-2016-5019,0.05242,0.89216
CVE-2016-5020,0.01061,0.51015
CVE-2016-5021,0.01055,0.50287
CVE-2016-5022,0.01136,0.57949
CVE-2016-5023,0.01136,0.57949
CVE-2016-5024,0.01136,0.57949
CVE-2016-5025,0.0089,0.2856
CVE-2016-5026,0.0095,0.30554
CVE-2016-5027,0.01136,0.57949
CVE-2016-5028,0.01136,0.57949
CVE-2016-5029,0.01136,0.57949
CVE-2016-5030,0.01136,0.57949
CVE-2016-5031,0.01136,0.57949
CVE-2016-5032,0.01136,0.57949
CVE-2016-5033,0.01136,0.57949
CVE-2016-5034,0.01136,0.57949
CVE-2016-5035,0.01136,0.57949
CVE-2016-5036,0.01136,0.57949
CVE-2016-5037,0.01136,0.57949
CVE-2016-5038,0.01136,0.57949
CVE-2016-5039,0.01136,0.57949
CVE-2016-5040,0.01136,0.57949
CVE-2016-5041,0.01136,0.57949
CVE-2016-5042,0.01213,0.6557
CVE-2016-5043,0.01136,0.57949
CVE-2016-5044,0.01136,0.57949
CVE-2016-5045,0.01055,0.50287
CVE-2016-5047,0.01061,0.51015
CVE-2016-5048,0.01055,0.50287
CVE-2016-5049,0.01055,0.50287
CVE-2016-5050,0.02662,0.81427
CVE-2016-5051,0.00885,0.26162
CVE-2016-5052,0.00885,0.26162
CVE-2016-5053,0.01055,0.50287
CVE-2016-5054,0.00885,0.26162
CVE-2016-5055,0.00885,0.26162
CVE-2016-5056,0.00885,0.26162
CVE-2016-5057,0.00885,0.26162
CVE-2016-5058,0.00885,0.26162
CVE-2016-5059,0.00885,0.26162
CVE-2016-5060,0.01213,0.6557
CVE-2016-5061,0.01055,0.50287
CVE-2016-5062,0.01055,0.50287
CVE-2016-5065,0.02055,0.7893
CVE-2016-5066,0.00885,0.26162
CVE-2016-5067,0.02055,0.7893
CVE-2016-5068,0.00885,0.26162
CVE-2016-5069,0.00885,0.26162
CVE-2016-5070,0.00885,0.26162
CVE-2016-5071,0.00885,0.26162
CVE-2016-5072,0.01702,0.75164
CVE-2016-5073,0.00885,0.26162
CVE-2016-5074,0.00885,0.26162
CVE-2016-5075,0.00885,0.26162
CVE-2016-5076,0.01055,0.50287
CVE-2016-5077,0.00885,0.26162
CVE-2016-5078,0.00885,0.26162
CVE-2016-5080,0.0374,0.84381
CVE-2016-5081,0.01055,0.50287
CVE-2016-5084,0.01213,0.6557
CVE-2016-5085,0.01213,0.6557
CVE-2016-5086,0.01213,0.6557
CVE-2016-5087,0.00885,0.26162
CVE-2016-5091,0.05785,0.89924
CVE-2016-5092,0.01055,0.50287
CVE-2016-5093,0.01974,0.7812
CVE-2016-5094,0.01408,0.72072
CVE-2016-5095,0.01319,0.70416
CVE-2016-5096,0.01408,0.72072
CVE-2016-5097,0.01408,0.72072
CVE-2016-5098,0.01213,0.6557
CVE-2016-5099,0.01319,0.70416
CVE-2016-5100,0.01055,0.50287
CVE-2016-5101,0.02092,0.7905
CVE-2016-5102,0.01213,0.6557
CVE-2016-5104,0.02172,0.79917
CVE-2016-5105,0.01034,0.39824
CVE-2016-5106,0.01104,0.52279
CVE-2016-5107,0.01282,0.67298
CVE-2016-5108,0.15386,0.95781
CVE-2016-5109,0.00885,0.26162
CVE-2016-5114,0.01183,0.60428
CVE-2016-5115,0.01055,0.50287
CVE-2016-5116,0.01108,0.53389
CVE-2016-5117,0.01213,0.6557
CVE-2016-5118,0.12852,0.95407
CVE-2016-5119,0.02578,0.8123
CVE-2016-5124,0.02578,0.8123
CVE-2016-5126,0.01916,0.76514
CVE-2016-5127,0.03407,0.83908
CVE-2016-5128,0.03407,0.83908
CVE-2016-5129,0.03407,0.83908
CVE-2016-5130,0.03407,0.83908
CVE-2016-5131,0.03932,0.8519
CVE-2016-5132,0.03407,0.83908
CVE-2016-5133,0.02686,0.82061
CVE-2016-5134,0.03407,0.83908
CVE-2016-5135,0.03407,0.83908
CVE-2016-5136,0.03407,0.83908
CVE-2016-5137,0.03407,0.83908
CVE-2016-5138,0.01319,0.70416
CVE-2016-5139,0.03407,0.83908
CVE-2016-5140,0.02172,0.79917
CVE-2016-5141,0.02172,0.79917
CVE-2016-5142,0.02172,0.79917
CVE-2016-5143,0.02172,0.79917
CVE-2016-5144,0.02172,0.79917
CVE-2016-5145,0.01955,0.77585
CVE-2016-5146,0.01537,0.73595
CVE-2016-5147,0.03407,0.83908
CVE-2016-5148,0.01955,0.77585
CVE-2016-5149,0.01955,0.77585
CVE-2016-5150,0.01955,0.77585
CVE-2016-5151,0.01955,0.77585
CVE-2016-5152,0.03407,0.83908
CVE-2016-5153,0.03407,0.83908
CVE-2016-5154,0.01955,0.77585
CVE-2016-5155,0.03407,0.83908
CVE-2016-5156,0.01955,0.77585
CVE-2016-5157,0.0883,0.93679
CVE-2016-5158,0.03407,0.83908
CVE-2016-5159,0.03407,0.83908
CVE-2016-5160,0.01955,0.77585
CVE-2016-5161,0.03407,0.83908
CVE-2016-5162,0.01955,0.77585
CVE-2016-5163,0.03407,0.83908
CVE-2016-5164,0.01955,0.77585
CVE-2016-5165,0.01955,0.77585
CVE-2016-5166,0.01955,0.77585
CVE-2016-5167,0.02686,0.82061
CVE-2016-5168,0.01213,0.6557
CVE-2016-5169,0.01136,0.57949
CVE-2016-5170,0.01408,0.72072
CVE-2016-5171,0.01408,0.72072
CVE-2016-5172,0.01408,0.72072
CVE-2016-5173,0.01955,0.77585
CVE-2016-5174,0.01408,0.72072
CVE-2016-5175,0.01537,0.73595
CVE-2016-5176,0.01213,0.6557
CVE-2016-5177,0.01955,0.77585
CVE-2016-5178,0.03779,0.84781
CVE-2016-5179,0.01136,0.57949
CVE-2016-5180,0.06698,0.91171
CVE-2016-5181,0.05941,0.90101
CVE-2016-5182,0.01213,0.6557
CVE-2016-5183,0.01319,0.70416
CVE-2016-5184,0.01213,0.6557
CVE-2016-5185,0.01213,0.6557
CVE-2016-5186,0.01213,0.6557
CVE-2016-5187,0.01213,0.6557
CVE-2016-5188,0.01213,0.6557
CVE-2016-5189,0.01213,0.6557
CVE-2016-5190,0.01213,0.6557
CVE-2016-5191,0.01319,0.70416
CVE-2016-5192,0.01213,0.6557
CVE-2016-5193,0.01213,0.6557
CVE-2016-5194,0.00885,0.26162
CVE-2016-5196,0.01136,0.57949
CVE-2016-5197,0.01136,0.57949
CVE-2016-5198,0.04967,0.88942
CVE-2016-5199,0.01319,0.70416
CVE-2016-5200,0.01319,0.70416
CVE-2016-5201,0.01319,0.70416
CVE-2016-5202,0.01018,0.38792
CVE-2016-5203,0.01213,0.6557
CVE-2016-5204,0.01213,0.6557
CVE-2016-5205,0.01213,0.6557
CVE-2016-5206,0.01213,0.6557
CVE-2016-5207,0.04967,0.88942
CVE-2016-5208,0.01213,0.6557
CVE-2016-5209,0.01213,0.6557
CVE-2016-5210,0.01213,0.6557
CVE-2016-5211,0.01213,0.6557
CVE-2016-5212,0.01213,0.6557
CVE-2016-5213,0.01213,0.6557
CVE-2016-5214,0.01213,0.6557
CVE-2016-5215,0.01213,0.6557
CVE-2016-5216,0.01213,0.6557
CVE-2016-5217,0.01213,0.6557
CVE-2016-5218,0.01213,0.6557
CVE-2016-5219,0.01213,0.6557
CVE-2016-5220,0.01213,0.6557
CVE-2016-5221,0.01213,0.6557
CVE-2016-5222,0.01213,0.6557
CVE-2016-5223,0.01213,0.6557
CVE-2016-5224,0.01213,0.6557
CVE-2016-5225,0.01213,0.6557
CVE-2016-5226,0.01018,0.38792
CVE-2016-5228,0.12131,0.94983
CVE-2016-5229,0.05785,0.89924
CVE-2016-5230,0.00885,0.26162
CVE-2016-5231,0.00885,0.26162
CVE-2016-5232,0.00885,0.26162
CVE-2016-5233,0.00885,0.26162
CVE-2016-5234,0.02166,0.79253
CVE-2016-5235,0.00885,0.26162
CVE-2016-5236,0.00885,0.26162
CVE-2016-5237,0.01832,0.76196
CVE-2016-5238,0.01282,0.67298
CVE-2016-5239,0.01319,0.70416
CVE-2016-5240,0.01776,0.75902
CVE-2016-5241,0.01408,0.72072
CVE-2016-5242,0.0095,0.30554
CVE-2016-5243,0.01547,0.74085
CVE-2016-5244,0.04358,0.87435
CVE-2016-5247,0.00885,0.26162
CVE-2016-5248,0.00885,0.26162
CVE-2016-5249,0.01102,0.51825
CVE-2016-5250,0.03407,0.83908
CVE-2016-5251,0.01408,0.72072
CVE-2016-5252,0.0883,0.93679
CVE-2016-5253,0.0095,0.30554
CVE-2016-5254,0.0374,0.84381
CVE-2016-5255,0.07104,0.91908
CVE-2016-5256,0.06698,0.91171
CVE-2016-5257,0.07312,0.9217
CVE-2016-5258,0.0883,0.93679
CVE-2016-5259,0.0883,0.93679
CVE-2016-5260,0.01183,0.60428
CVE-2016-5261,0.05857,0.90058
CVE-2016-5262,0.01955,0.77585
CVE-2016-5263,0.07576,0.92536
CVE-2016-5264,0.05857,0.90058
CVE-2016-5265,0.01955,0.77585
CVE-2016-5266,0.01408,0.72072
CVE-2016-5267,0.01213,0.6557
CVE-2016-5268,0.01408,0.72072
CVE-2016-5270,0.02172,0.79917
CVE-2016-5271,0.01213,0.6557
CVE-2016-5272,0.07576,0.92536
CVE-2016-5273,0.04775,0.8871
CVE-2016-5274,0.10052,0.9429
CVE-2016-5275,0.05593,0.89561
CVE-2016-5276,0.06698,0.91171
CVE-2016-5277,0.06698,0.91171
CVE-2016-5278,0.0883,0.93679
CVE-2016-5279,0.01213,0.6557
CVE-2016-5280,0.10052,0.9429
CVE-2016-5281,0.10052,0.9429
CVE-2016-5282,0.01213,0.6557
CVE-2016-5283,0.01213,0.6557
CVE-2016-5284,0.02686,0.82061
CVE-2016-5285,0.01537,0.73595
CVE-2016-5287,0.01018,0.38792
CVE-2016-5288,0.01018,0.38792
CVE-2016-5289,0.01018,0.38792
CVE-2016-5290,0.01537,0.73595
CVE-2016-5291,0.01282,0.67298
CVE-2016-5292,0.01018,0.38792
CVE-2016-5293,0.01034,0.39824
CVE-2016-5294,0.01034,0.39824
CVE-2016-5295,0.0095,0.30554
CVE-2016-5296,0.01537,0.73595
CVE-2016-5297,0.01537,0.73595
CVE-2016-5298,0.01018,0.38792
CVE-2016-5299,0.01018,0.38792
CVE-2016-5300,0.02686,0.82061
CVE-2016-5301,0.01408,0.72072
CVE-2016-5302,0.01136,0.57949
CVE-2016-5303,0.01213,0.6557
CVE-2016-5304,0.01132,0.54372
CVE-2016-5305,0.01061,0.51015
CVE-2016-5306,0.01136,0.57949
CVE-2016-5307,0.01061,0.51015
CVE-2016-5308,0.01213,0.6557
CVE-2016-5309,0.01408,0.72072
CVE-2016-5310,0.01408,0.72072
CVE-2016-5311,0.01018,0.38792
CVE-2016-5312,0.09848,0.94077
CVE-2016-5313,0.01132,0.54372
CVE-2016-5314,0.03407,0.83908
CVE-2016-5315,0.01213,0.6557
CVE-2016-5316,0.01319,0.70416
CVE-2016-5317,0.01183,0.60428
CVE-2016-5318,0.01213,0.6557
CVE-2016-5319,0.01213,0.6557
CVE-2016-5321,0.01018,0.38792
CVE-2016-5322,0.01319,0.70416
CVE-2016-5323,0.01213,0.6557
CVE-2016-5325,0.01319,0.70416
CVE-2016-5328,0.0089,0.2856
CVE-2016-5329,0.0089,0.2856
CVE-2016-5330,0.33184,0.97546
CVE-2016-5331,0.01408,0.72072
CVE-2016-5332,0.01136,0.57949
CVE-2016-5333,0.01213,0.6557
CVE-2016-5334,0.01136,0.57949
CVE-2016-5335,0.0089,0.2856
CVE-2016-5336,0.05785,0.89924
CVE-2016-5337,0.01282,0.67298
CVE-2016-5338,0.01916,0.76514
CVE-2016-5340,0.0095,0.30554
CVE-2016-5341,0.01018,0.38792
CVE-2016-5342,0.0095,0.30554
CVE-2016-5343,0.01018,0.38792
CVE-2016-5344,0.01018,0.38792
CVE-2016-5346,0.0095,0.30554
CVE-2016-5347,0.01018,0.38792
CVE-2016-5348,0.10212,0.94357
CVE-2016-5349,0.01603,0.74718
CVE-2016-5350,0.01319,0.70416
CVE-2016-5351,0.01319,0.70416
CVE-2016-5352,0.01319,0.70416
CVE-2016-5353,0.01319,0.70416
CVE-2016-5354,0.01319,0.70416
CVE-2016-5355,0.01408,0.72072
CVE-2016-5356,0.01408,0.72072
CVE-2016-5357,0.01408,0.72072
CVE-2016-5358,0.01319,0.70416
CVE-2016-5359,0.01319,0.70416
CVE-2016-5360,0.01213,0.6557
CVE-2016-5361,0.01213,0.6557
CVE-2016-5362,0.01974,0.7812
CVE-2016-5363,0.01974,0.7812
CVE-2016-5364,0.01213,0.6557
CVE-2016-5365,0.01055,0.50287
CVE-2016-5366,0.01055,0.50287
CVE-2016-5367,0.01055,0.50287
CVE-2016-5368,0.01055,0.50287
CVE-2016-5372,0.01055,0.50287
CVE-2016-5374,0.01055,0.50287
CVE-2016-5383,0.02166,0.79253
CVE-2016-5384,0.01651,0.75021
CVE-2016-5385,0.04358,0.87435
CVE-2016-5386,0.01974,0.7812
CVE-2016-5387,0.07344,0.92237
CVE-2016-5388,0.07344,0.92237
CVE-2016-5390,0.01132,0.54372
CVE-2016-5391,0.01213,0.6557
CVE-2016-5392,0.01061,0.51015
CVE-2016-5393,0.01055,0.50287
CVE-2016-5394,0.00885,0.26162
CVE-2016-5395,0.01055,0.50287
CVE-2016-5396,0.00954,0.34522
CVE-2016-5397,0.0374,0.84377
CVE-2016-5398,0.01132,0.54372
CVE-2016-5399,0.24044,0.96612
CVE-2016-5400,0.01282,0.67298
CVE-2016-5401,0.01055,0.50287
CVE-2016-5402,0.04571,0.88388
CVE-2016-5403,0.01547,0.74085
CVE-2016-5404,0.01649,0.75017
CVE-2016-5405,0.01213,0.6557
CVE-2016-5406,0.01649,0.75017
CVE-2016-5407,0.01537,0.73595
CVE-2016-5408,0.02166,0.79253
CVE-2016-5409,0.01055,0.50287
CVE-2016-5410,0.01104,0.52279
CVE-2016-5411,0.00885,0.26162
CVE-2016-5412,0.01034,0.39824
CVE-2016-5414,0.01055,0.50287
CVE-2016-5416,0.01213,0.6557
CVE-2016-5417,0.01213,0.6557
CVE-2016-5418,0.02172,0.79917
CVE-2016-5419,0.04358,0.87435
CVE-2016-5420,0.03779,0.84781
CVE-2016-5421,0.02686,0.82061
CVE-2016-5422,0.01055,0.50287
CVE-2016-5423,0.06053,0.90152
CVE-2016-5424,0.01968,0.77806
CVE-2016-5425,0.11174,0.9465
CVE-2016-5426,0.01319,0.70416
CVE-2016-5427,0.01319,0.70416
CVE-2016-5429,0.01136,0.57949
CVE-2016-5430,0.01055,0.50287
CVE-2016-5431,0.00885,0.26162
CVE-2016-5432,0.0095,0.30554
CVE-2016-5433,0.00885,0.26162
CVE-2016-5434,0.01213,0.6557
CVE-2016-5435,0.01055,0.50287
CVE-2016-5436,0.0095,0.30554
CVE-2016-5437,0.0095,0.30554
CVE-2016-5439,0.01034,0.39824
CVE-2016-5440,0.01791,0.76026
CVE-2016-5441,0.0095,0.30554
CVE-2016-5442,0.0095,0.30554
CVE-2016-5443,0.01018,0.38792
CVE-2016-5444,0.03779,0.84781
CVE-2016-5445,0.01213,0.6557
CVE-2016-5446,0.01213,0.6557
CVE-2016-5447,0.01132,0.54372
CVE-2016-5448,0.01213,0.6557
CVE-2016-5449,0.01213,0.6557
CVE-2016-5450,0.01213,0.6557
CVE-2016-5451,0.01132,0.54372
CVE-2016-5452,0.0095,0.30554
CVE-2016-5453,0.01213,0.6557
CVE-2016-5454,0.0095,0.30554
CVE-2016-5455,0.01213,0.6557
CVE-2016-5456,0.01132,0.54372
CVE-2016-5457,0.01132,0.54372
CVE-2016-5458,0.01132,0.54372
CVE-2016-5459,0.01213,0.6557
CVE-2016-5460,0.01213,0.6557
CVE-2016-5461,0.01132,0.54372
CVE-2016-5462,0.0095,0.30554
CVE-2016-5463,0.01132,0.54372
CVE-2016-5464,0.01132,0.54372
CVE-2016-5465,0.01213,0.6557
CVE-2016-5466,0.01213,0.6557
CVE-2016-5467,0.01132,0.54372
CVE-2016-5468,0.01132,0.54372
CVE-2016-5469,0.0095,0.30554
CVE-2016-5470,0.01213,0.6557
CVE-2016-5471,0.0095,0.30554
CVE-2016-5472,0.0095,0.30554
CVE-2016-5473,0.01132,0.54372
CVE-2016-5474,0.01132,0.54372
CVE-2016-5475,0.01132,0.54372
CVE-2016-5476,0.01132,0.54372
CVE-2016-5477,0.01213,0.6557
CVE-2016-5479,0.01061,0.51015
CVE-2016-5480,0.0089,0.2856
CVE-2016-5481,0.01055,0.50287
CVE-2016-5482,0.01055,0.50287
CVE-2016-5486,0.00885,0.26162
CVE-2016-5487,0.0089,0.2856
CVE-2016-5488,0.01136,0.57949
CVE-2016-5489,0.01136,0.57949
CVE-2016-5490,0.0089,0.2856
CVE-2016-5491,0.01055,0.50287
CVE-2016-5492,0.00885,0.26162
CVE-2016-5493,0.01061,0.51015
CVE-2016-5495,0.01136,0.57949
CVE-2016-5497,0.0089,0.2856
CVE-2016-5498,0.0089,0.2856
CVE-2016-5499,0.0089,0.2856
CVE-2016-5500,0.01136,0.57949
CVE-2016-5501,0.0089,0.2856
CVE-2016-5502,0.01061,0.51015
CVE-2016-5503,0.00885,0.26162
CVE-2016-5504,0.00885,0.26162
CVE-2016-5505,0.0089,0.2856
CVE-2016-5506,0.0089,0.2856
CVE-2016-5507,0.0095,0.30554
CVE-2016-5508,0.0089,0.2856
CVE-2016-5509,0.0089,0.2856
CVE-2016-5510,0.01055,0.50287
CVE-2016-5511,0.01136,0.57949
CVE-2016-5512,0.01055,0.50287
CVE-2016-5513,0.01055,0.50287
CVE-2016-5514,0.01055,0.50287
CVE-2016-5515,0.01055,0.50287
CVE-2016-5516,0.0089,0.2856
CVE-2016-5517,0.0089,0.2856
CVE-2016-5518,0.01055,0.50287
CVE-2016-5519,0.01061,0.51015
CVE-2016-5521,0.01055,0.50287
CVE-2016-5522,0.01055,0.50287
CVE-2016-5523,0.01055,0.50287
CVE-2016-5524,0.01055,0.50287
CVE-2016-5525,0.0089,0.2856
CVE-2016-5526,0.01055,0.50287
CVE-2016-5527,0.01055,0.50287
CVE-2016-5528,0.00885,0.26162
CVE-2016-5529,0.01136,0.57949
CVE-2016-5530,0.01136,0.57949
CVE-2016-5531,0.01136,0.57949
CVE-2016-5532,0.05785,0.89924
CVE-2016-5533,0.01055,0.50287
CVE-2016-5534,0.01055,0.50287
CVE-2016-5535,0.01213,0.6557
CVE-2016-5536,0.01061,0.51015
CVE-2016-5537,0.02072,0.78998
CVE-2016-5538,0.0089,0.2856
CVE-2016-5539,0.00885,0.26162
CVE-2016-5540,0.00885,0.26162
CVE-2016-5541,0.01018,0.38792
CVE-2016-5542,0.03932,0.8519
CVE-2016-5543,0.01136,0.57949
CVE-2016-5544,0.0089,0.2856
CVE-2016-5545,0.01018,0.38792
CVE-2016-5546,0.02686,0.82061
CVE-2016-5547,0.02686,0.82061
CVE-2016-5548,0.02686,0.82061
CVE-2016-5549,0.02686,0.82061
CVE-2016-5551,0.0089,0.2856
CVE-2016-5552,0.02686,0.82061
CVE-2016-5553,0.0089,0.2856
CVE-2016-5554,0.03932,0.8519
CVE-2016-5555,0.0089,0.2856
CVE-2016-5556,0.03407,0.83908
CVE-2016-5557,0.01136,0.57949
CVE-2016-5558,0.01213,0.6557
CVE-2016-5559,0.0089,0.2856
CVE-2016-5560,0.01055,0.50287
CVE-2016-5561,0.01136,0.57949
CVE-2016-5562,0.01061,0.51015
CVE-2016-5563,0.00885,0.26162
CVE-2016-5564,0.01055,0.50287
CVE-2016-5565,0.01055,0.50287
CVE-2016-5566,0.01136,0.57949
CVE-2016-5567,0.0089,0.2856
CVE-2016-5568,0.01319,0.70416
CVE-2016-5569,0.01061,0.51015
CVE-2016-5570,0.0089,0.2856
CVE-2016-5571,0.0089,0.2856
CVE-2016-5572,0.0089,0.2856
CVE-2016-5573,0.03932,0.8519
CVE-2016-5574,0.01213,0.6557
CVE-2016-5575,0.01136,0.57949
CVE-2016-5576,0.0089,0.2856
CVE-2016-5577,0.01136,0.57949
CVE-2016-5578,0.01136,0.57949
CVE-2016-5579,0.01136,0.57949
CVE-2016-5580,0.01055,0.50287
CVE-2016-5581,0.0089,0.2856
CVE-2016-5582,0.03407,0.83908
CVE-2016-5583,0.01136,0.57949
CVE-2016-5584,0.01034,0.39824
CVE-2016-5585,0.01136,0.57949
CVE-2016-5586,0.01136,0.57949
CVE-2016-5587,0.01136,0.57949
CVE-2016-5588,0.01136,0.57949
CVE-2016-5589,0.01136,0.57949
CVE-2016-5590,0.0089,0.2856
CVE-2016-5591,0.01136,0.57949
CVE-2016-5592,0.01136,0.57949
CVE-2016-5593,0.01136,0.57949
CVE-2016-5594,0.01061,0.51015
CVE-2016-5595,0.01136,0.57949
CVE-2016-5596,0.01061,0.51015
CVE-2016-5597,0.04358,0.87435
CVE-2016-5598,0.01136,0.57949
CVE-2016-5599,0.01055,0.50287
CVE-2016-5600,0.01061,0.51015
CVE-2016-5601,0.0089,0.2856
CVE-2016-5602,0.01061,0.51015
CVE-2016-5603,0.01061,0.51015
CVE-2016-5604,0.0089,0.2856
CVE-2016-5605,0.01136,0.57949
CVE-2016-5606,0.0089,0.2856
CVE-2016-5607,0.01061,0.51015
CVE-2016-5608,0.0095,0.30554
CVE-2016-5609,0.01132,0.54372
CVE-2016-5610,0.01018,0.38792
CVE-2016-5611,0.01018,0.38792
CVE-2016-5612,0.01649,0.75017
CVE-2016-5613,0.01018,0.38792
CVE-2016-5614,0.0089,0.2856
CVE-2016-5615,0.0089,0.2856
CVE-2016-5618,0.01061,0.51015
CVE-2016-5619,0.01061,0.51015
CVE-2016-5620,0.01061,0.51015
CVE-2016-5621,0.01061,0.51015
CVE-2016-5622,0.01136,0.57949
CVE-2016-5623,0.0089,0.2856
CVE-2016-5624,0.01815,0.76117
CVE-2016-5625,0.0095,0.30554
CVE-2016-5626,0.02186,0.8012
CVE-2016-5627,0.01132,0.54372
CVE-2016-5628,0.0095,0.30554
CVE-2016-5629,0.01791,0.76026
CVE-2016-5630,0.01034,0.39824
CVE-2016-5631,0.0095,0.30554
CVE-2016-5632,0.0095,0.30554
CVE-2016-5633,0.0095,0.30554
CVE-2016-5634,0.0095,0.30554
CVE-2016-5635,0.0095,0.30554
CVE-2016-5637,0.01994,0.78451
CVE-2016-5638,0.01055,0.50287
CVE-2016-5642,0.00885,0.26162
CVE-2016-5645,0.01055,0.50287
CVE-2016-5646,0.01525,0.72834
CVE-2016-5647,0.0095,0.30554
CVE-2016-5648,0.01213,0.6557
CVE-2016-5649,0.01055,0.50287
CVE-2016-5650,0.01055,0.50287
CVE-2016-5652,0.04967,0.88942
CVE-2016-5653,0.01055,0.50287
CVE-2016-5654,0.01055,0.50287
CVE-2016-5655,0.00885,0.26162
CVE-2016-5660,0.01136,0.57949
CVE-2016-5661,0.04695,0.88634
CVE-2016-5662,0.00885,0.26162
CVE-2016-5663,0.01055,0.50287
CVE-2016-5664,0.01055,0.50287
CVE-2016-5666,0.01055,0.50287
CVE-2016-5667,0.01055,0.50287
CVE-2016-5668,0.01055,0.50287
CVE-2016-5669,0.01055,0.50287
CVE-2016-5670,0.01055,0.50287
CVE-2016-5671,0.01055,0.50287
CVE-2016-5672,0.01183,0.60428
CVE-2016-5673,0.01136,0.57949
CVE-2016-5674,0.47639,0.98459
CVE-2016-5675,0.47639,0.98459
CVE-2016-5676,0.42878,0.98187
CVE-2016-5677,0.01136,0.57949
CVE-2016-5678,0.01136,0.57949
CVE-2016-5679,0.01061,0.51015
CVE-2016-5680,0.04695,0.88634
CVE-2016-5681,0.05785,0.89924
CVE-2016-5682,0.00885,0.26162
CVE-2016-5683,0.00885,0.26162
CVE-2016-5684,0.01603,0.74718
CVE-2016-5685,0.00885,0.26162
CVE-2016-5686,0.01213,0.6557
CVE-2016-5687,0.01213,0.6557
CVE-2016-5688,0.01974,0.7812
CVE-2016-5689,0.01408,0.72072
CVE-2016-5690,0.01408,0.72072
CVE-2016-5691,0.01408,0.72072
CVE-2016-5697,0.00885,0.26162
CVE-2016-5700,0.05785,0.89924
CVE-2016-5701,0.01319,0.70416
CVE-2016-5702,0.01136,0.57949
CVE-2016-5703,0.01319,0.70416
CVE-2016-5704,0.01136,0.57949
CVE-2016-5705,0.01955,0.77585
CVE-2016-5706,0.01319,0.70416
CVE-2016-5709,0.00885,0.26162
CVE-2016-5710,0.01055,0.50287
CVE-2016-5711,0.01055,0.50287
CVE-2016-5713,0.0119,0.60447
CVE-2016-5714,0.04695,0.88634
CVE-2016-5715,0.01213,0.6557
CVE-2016-5716,0.01382,0.70925
CVE-2016-5720,0.01407,0.71229
CVE-2016-5721,0.01055,0.50287
CVE-2016-5722,0.01055,0.50287
CVE-2016-5723,0.00885,0.26162
CVE-2016-5724,0.00885,0.26162
CVE-2016-5725,0.18327,0.96125
CVE-2016-5726,0.01055,0.50287
CVE-2016-5727,0.01213,0.6557
CVE-2016-5728,0.01282,0.67298
CVE-2016-5729,0.01102,0.51825
CVE-2016-5730,0.02172,0.79917
CVE-2016-5731,0.01319,0.70416
CVE-2016-5732,0.01213,0.6557
CVE-2016-5733,0.03407,0.83908
CVE-2016-5735,0.01136,0.57949
CVE-2016-5736,0.01055,0.50287
CVE-2016-5737,0.01136,0.57949
CVE-2016-5739,0.01408,0.72072
CVE-2016-5740,0.08382,0.93597
CVE-2016-5742,0.01213,0.6557
CVE-2016-5743,0.05785,0.89924
CVE-2016-5744,0.01213,0.6557
CVE-2016-5745,0.01136,0.57949
CVE-2016-5746,0.01537,0.73595
CVE-2016-5747,0.01055,0.50287
CVE-2016-5748,0.00885,0.26162
CVE-2016-5749,0.00885,0.26162
CVE-2016-5750,0.01702,0.75164
CVE-2016-5751,0.00885,0.26162
CVE-2016-5752,0.00885,0.26162
CVE-2016-5754,0.00885,0.26162
CVE-2016-5755,0.00885,0.26162
CVE-2016-5756,0.00885,0.26162
CVE-2016-5757,0.01055,0.50287
CVE-2016-5758,0.00885,0.26162
CVE-2016-5759,0.00885,0.26162
CVE-2016-5760,0.01319,0.70416
CVE-2016-5761,0.01319,0.70416
CVE-2016-5762,0.08182,0.93075
CVE-2016-5763,0.01213,0.6557
CVE-2016-5764,0.0916,0.93875
CVE-2016-5765,0.01136,0.57949
CVE-2016-5766,0.03407,0.83908
CVE-2016-5767,0.01955,0.77585
CVE-2016-5768,0.07312,0.9217
CVE-2016-5769,0.03779,0.84781
CVE-2016-5770,0.02172,0.79917
CVE-2016-5771,0.06698,0.91171
CVE-2016-5772,0.07312,0.9217
CVE-2016-5773,0.06698,0.91171
CVE-2016-5774,0.01055,0.50287
CVE-2016-5781,0.01996,0.78455
CVE-2016-5782,0.00954,0.34522
CVE-2016-5786,0.00885,0.26162
CVE-2016-5787,0.0089,0.2856
CVE-2016-5788,0.01055,0.50287
CVE-2016-5789,0.00885,0.26162
CVE-2016-5790,0.01055,0.50287
CVE-2016-5791,0.00885,0.26162
CVE-2016-5792,0.01136,0.57949
CVE-2016-5793,0.00885,0.26162
CVE-2016-5795,0.01578,0.74478
CVE-2016-5796,0.01578,0.74478
CVE-2016-5797,0.01055,0.50287
CVE-2016-5798,0.01055,0.50287
CVE-2016-5799,0.01055,0.50287
CVE-2016-5800,0.01055,0.50287
CVE-2016-5801,0.00885,0.26162
CVE-2016-5802,0.00885,0.26162
CVE-2016-5803,0.00954,0.34522
CVE-2016-5804,0.01055,0.50287
CVE-2016-5805,0.01102,0.51825
CVE-2016-5807,0.01055,0.50287
CVE-2016-5809,0.08382,0.93597
CVE-2016-5810,0.18134,0.9608
CVE-2016-5811,0.00885,0.26162
CVE-2016-5812,0.00885,0.26162
CVE-2016-5813,0.00885,0.26162
CVE-2016-5814,0.01996,0.78455
CVE-2016-5815,0.00885,0.26162
CVE-2016-5816,0.00885,0.26162
CVE-2016-5817,0.01055,0.50287
CVE-2016-5818,0.00885,0.26162
CVE-2016-5819,0.00885,0.26162
CVE-2016-5821,0.0095,0.30554
CVE-2016-5822,0.01055,0.50287
CVE-2016-5823,0.01055,0.50287
CVE-2016-5824,0.01955,0.77585
CVE-2016-5825,0.01136,0.57949
CVE-2016-5826,0.01136,0.57949
CVE-2016-5827,0.01136,0.57949
CVE-2016-5828,0.01547,0.74085
CVE-2016-5829,0.01547,0.74085
CVE-2016-5832,0.01319,0.70416
CVE-2016-5833,0.01319,0.70416
CVE-2016-5834,0.01319,0.70416
CVE-2016-5835,0.01319,0.70416
CVE-2016-5836,0.01319,0.70416
CVE-2016-5837,0.01319,0.70416
CVE-2016-5838,0.01319,0.70416
CVE-2016-5839,0.01213,0.6557
CVE-2016-5840,0.07441,0.92312
CVE-2016-5841,0.0455,0.88291
CVE-2016-5842,0.01319,0.70416
CVE-2016-5843,0.01213,0.6557
CVE-2016-5844,0.03407,0.83908
CVE-2016-5845,0.01232,0.66248
CVE-2016-5847,0.01034,0.39824
CVE-2016-5848,0.0089,0.2856
CVE-2016-5849,0.0089,0.2856
CVE-2016-5850,0.01055,0.50287
CVE-2016-5851,0.01108,0.53389
CVE-2016-5852,0.0089,0.2856
CVE-2016-5853,0.01603,0.74718
CVE-2016-5854,0.00954,0.34522
CVE-2016-5855,0.00954,0.34522
CVE-2016-5856,0.00954,0.34522
CVE-2016-5857,0.01102,0.51825
CVE-2016-5858,0.01018,0.38792
CVE-2016-5859,0.00954,0.34522
CVE-2016-5860,0.00954,0.34522
CVE-2016-5861,0.00954,0.34522
CVE-2016-5862,0.00954,0.34522
CVE-2016-5863,0.00954,0.34522
CVE-2016-5864,0.00954,0.34522
CVE-2016-5867,0.00954,0.34522
CVE-2016-5868,0.04967,0.88942
CVE-2016-5870,0.0089,0.2856
CVE-2016-5871,0.00885,0.26162
CVE-2016-5872,0.00885,0.26162
CVE-2016-5873,0.07343,0.92173
CVE-2016-5874,0.01136,0.57949
CVE-2016-5876,0.01055,0.50287
CVE-2016-5878,0.01055,0.50287
CVE-2016-5879,0.0089,0.2856
CVE-2016-5880,0.0089,0.2856
CVE-2016-5881,0.00954,0.34522
CVE-2016-5882,0.00954,0.34522
CVE-2016-5883,0.00954,0.34522
CVE-2016-5884,0.00954,0.34522
CVE-2016-5888,0.00885,0.26162
CVE-2016-5889,0.00885,0.26162
CVE-2016-5890,0.01061,0.51015
CVE-2016-5892,0.01055,0.50287
CVE-2016-5893,0.0089,0.2856
CVE-2016-5894,0.00954,0.34522
CVE-2016-5896,0.00885,0.26162
CVE-2016-5897,0.01055,0.50287
CVE-2016-5898,0.01055,0.50287
CVE-2016-5899,0.00885,0.26162
CVE-2016-5900,0.01055,0.50287
CVE-2016-5901,0.01061,0.51015
CVE-2016-5902,0.00885,0.26162
CVE-2016-5905,0.01055,0.50287
CVE-2016-5918,0.00885,0.26162
CVE-2016-5919,0.00885,0.26162
CVE-2016-5920,0.01061,0.51015
CVE-2016-5927,0.0089,0.2856
CVE-2016-5932,0.00885,0.26162
CVE-2016-5933,0.00885,0.26162
CVE-2016-5934,0.01765,0.75587
CVE-2016-5935,0.01055,0.50287
CVE-2016-5937,0.00885,0.26162
CVE-2016-5938,0.00885,0.26162
CVE-2016-5939,0.01055,0.50287
CVE-2016-5940,0.00885,0.26162
CVE-2016-5941,0.01055,0.50287
CVE-2016-5942,0.00885,0.26162
CVE-2016-5943,0.01061,0.51015
CVE-2016-5944,0.01136,0.57949
CVE-2016-5945,0.01061,0.51015
CVE-2016-5946,0.01061,0.51015
CVE-2016-5947,0.01061,0.51015
CVE-2016-5948,0.00885,0.26162
CVE-2016-5949,0.00885,0.26162
CVE-2016-5950,0.00885,0.26162
CVE-2016-5951,0.00885,0.26162
CVE-2016-5952,0.01055,0.50287
CVE-2016-5953,0.00885,0.26162
CVE-2016-5954,0.01132,0.54372
CVE-2016-5955,0.01055,0.50287
CVE-2016-5957,0.01055,0.50287
CVE-2016-5958,0.01055,0.50287
CVE-2016-5959,0.00954,0.34522
CVE-2016-5960,0.0089,0.2856
CVE-2016-5963,0.02166,0.79253
CVE-2016-5964,0.01055,0.50287
CVE-2016-5966,0.01055,0.50287
CVE-2016-5967,0.0089,0.2856
CVE-2016-5968,0.01055,0.50287
CVE-2016-5970,0.01055,0.50287
CVE-2016-5971,0.01055,0.50287
CVE-2016-5972,0.01055,0.50287
CVE-2016-5974,0.01055,0.50287
CVE-2016-5975,0.01055,0.50287
CVE-2016-5976,0.01061,0.51015
CVE-2016-5977,0.01055,0.50287
CVE-2016-5978,0.01055,0.50287
CVE-2016-5979,0.00885,0.26162
CVE-2016-5980,0.00885,0.26162
CVE-2016-5981,0.01055,0.50287
CVE-2016-5983,0.01061,0.51015
CVE-2016-5984,0.01055,0.50287
CVE-2016-5985,0.01102,0.51825
CVE-2016-5986,0.01213,0.6557
CVE-2016-5987,0.01055,0.50287
CVE-2016-5988,0.00885,0.26162
CVE-2016-5990,0.00885,0.26162
CVE-2016-5991,0.0089,0.2856
CVE-2016-5992,0.0089,0.2856
CVE-2016-5994,0.0089,0.2856
CVE-2016-5995,0.01034,0.39824
CVE-2016-5996,0.01055,0.50287
CVE-2016-5997,0.01055,0.50287
CVE-2016-6000,0.00885,0.26162
CVE-2016-6001,0.00885,0.26162
CVE-2016-6018,0.0089,0.2856
CVE-2016-6019,0.0089,0.2856
CVE-2016-6020,0.01055,0.50287
CVE-2016-6021,0.00885,0.26162
CVE-2016-6022,0.00885,0.26162
CVE-2016-6023,0.01055,0.50287
CVE-2016-6024,0.00885,0.26162
CVE-2016-6025,0.01055,0.50287
CVE-2016-6026,0.00885,0.26162
CVE-2016-6027,0.01055,0.50287
CVE-2016-6028,0.00885,0.26162
CVE-2016-6029,0.01055,0.50287
CVE-2016-6030,0.00885,0.26162
CVE-2016-6031,0.00885,0.26162
CVE-2016-6032,0.00885,0.26162
CVE-2016-6033,0.00885,0.26162
CVE-2016-6034,0.00885,0.26162
CVE-2016-6035,0.00885,0.26162
CVE-2016-6036,0.00885,0.26162
CVE-2016-6037,0.01055,0.50287
CVE-2016-6038,0.01061,0.51015
CVE-2016-6039,0.00885,0.26162
CVE-2016-6040,0.00885,0.26162
CVE-2016-6042,0.01624,0.74891
CVE-2016-6043,0.00885,0.26162
CVE-2016-6044,0.00885,0.26162
CVE-2016-6045,0.00885,0.26162
CVE-2016-6046,0.00885,0.26162
CVE-2016-6047,0.00885,0.26162
CVE-2016-6054,0.00885,0.26162
CVE-2016-6055,0.00885,0.26162
CVE-2016-6056,0.00885,0.26162
CVE-2016-6059,0.01055,0.50287
CVE-2016-6060,0.00885,0.26162
CVE-2016-6061,0.00885,0.26162
CVE-2016-6062,0.00885,0.26162
CVE-2016-6065,0.00885,0.26162
CVE-2016-6068,0.00885,0.26162
CVE-2016-6072,0.00885,0.26162
CVE-2016-6077,0.00885,0.26162
CVE-2016-6079,0.02965,0.82794
CVE-2016-6080,0.00885,0.26162
CVE-2016-6082,0.02166,0.79253
CVE-2016-6083,0.00954,0.34522
CVE-2016-6084,0.00885,0.26162
CVE-2016-6085,0.00885,0.26162
CVE-2016-6087,0.01018,0.38792
CVE-2016-6089,0.0089,0.2856
CVE-2016-6090,0.00954,0.34522
CVE-2016-6092,0.00885,0.26162
CVE-2016-6093,0.00954,0.34522
CVE-2016-6094,0.00885,0.26162
CVE-2016-6095,0.01055,0.50287
CVE-2016-6096,0.00885,0.26162
CVE-2016-6097,0.00885,0.26162
CVE-2016-6098,0.0089,0.2856
CVE-2016-6099,0.00885,0.26162
CVE-2016-6100,0.00885,0.26162
CVE-2016-6102,0.00954,0.34522
CVE-2016-6103,0.00885,0.26162
CVE-2016-6104,0.02166,0.79253
CVE-2016-6105,0.00954,0.34522
CVE-2016-6110,0.00885,0.26162
CVE-2016-6111,0.01055,0.50287
CVE-2016-6112,0.00885,0.26162
CVE-2016-6113,0.00954,0.34522
CVE-2016-6114,0.0089,0.2856
CVE-2016-6115,0.02166,0.79253
CVE-2016-6116,0.01055,0.50287
CVE-2016-6117,0.00954,0.34522
CVE-2016-6118,0.0089,0.2856
CVE-2016-6121,0.0089,0.2856
CVE-2016-6122,0.00885,0.26162
CVE-2016-6123,0.00885,0.26162
CVE-2016-6124,0.02166,0.79253
CVE-2016-6125,0.00885,0.26162
CVE-2016-6126,0.01055,0.50287
CVE-2016-6127,0.01136,0.57949
CVE-2016-6128,0.03779,0.84781
CVE-2016-6129,0.01136,0.57949
CVE-2016-6130,0.01034,0.39824
CVE-2016-6131,0.01213,0.6557
CVE-2016-6132,0.01955,0.77585
CVE-2016-6133,0.01055,0.50287
CVE-2016-6136,0.01282,0.67298
CVE-2016-6137,0.01213,0.6557
CVE-2016-6138,0.01408,0.72072
CVE-2016-6139,0.01319,0.70416
CVE-2016-6140,0.01213,0.6557
CVE-2016-6142,0.01213,0.6557
CVE-2016-6143,0.05785,0.89924
CVE-2016-6144,0.01213,0.6557
CVE-2016-6145,0.01213,0.6557
CVE-2016-6146,0.01213,0.6557
CVE-2016-6147,0.01213,0.6557
CVE-2016-6148,0.03795,0.84827
CVE-2016-6149,0.01034,0.39824
CVE-2016-6150,0.01213,0.6557
CVE-2016-6151,0.01061,0.51015
CVE-2016-6152,0.01061,0.51015
CVE-2016-6153,0.01537,0.73595
CVE-2016-6154,0.00885,0.26162
CVE-2016-6156,0.01108,0.53389
CVE-2016-6158,0.01055,0.50287
CVE-2016-6159,0.01055,0.50287
CVE-2016-6160,0.01136,0.57949
CVE-2016-6161,0.01319,0.70416
CVE-2016-6162,0.00885,0.26162
CVE-2016-6163,0.01136,0.57949
CVE-2016-6164,0.01136,0.57949
CVE-2016-6167,0.01603,0.74718
CVE-2016-6168,0.01535,0.72901
CVE-2016-6169,0.01535,0.72901
CVE-2016-6170,0.03953,0.85211
CVE-2016-6171,0.01108,0.53389
CVE-2016-6172,0.01537,0.73595
CVE-2016-6173,0.01183,0.60428
CVE-2016-6174,0.24768,0.96726
CVE-2016-6175,0.08382,0.93597
CVE-2016-6177,0.00885,0.26162
CVE-2016-6178,0.02065,0.78945
CVE-2016-6179,0.00885,0.26162
CVE-2016-6180,0.00885,0.26162
CVE-2016-6181,0.00885,0.26162
CVE-2016-6182,0.00885,0.26162
CVE-2016-6183,0.00885,0.26162
CVE-2016-6184,0.00885,0.26162
CVE-2016-6185,0.01916,0.76514
CVE-2016-6186,0.23437,0.96548
CVE-2016-6187,0.02115,0.79119
CVE-2016-6188,0.01132,0.54372
CVE-2016-6189,0.01132,0.54372
CVE-2016-6190,0.01132,0.54372
CVE-2016-6191,0.01136,0.57949
CVE-2016-6192,0.00885,0.26162
CVE-2016-6193,0.00885,0.26162
CVE-2016-6195,0.01564,0.74439
CVE-2016-6197,0.01547,0.74085
CVE-2016-6198,0.01547,0.74085
CVE-2016-6199,0.02166,0.79253
CVE-2016-6201,0.01055,0.50287
CVE-2016-6204,0.01136,0.57949
CVE-2016-6206,0.02065,0.78945
CVE-2016-6207,0.03407,0.83908
CVE-2016-6209,0.00885,0.26162
CVE-2016-6211,0.01132,0.54372
CVE-2016-6212,0.01213,0.6557
CVE-2016-6213,0.01034,0.39824
CVE-2016-6214,0.01776,0.75902
CVE-2016-6217,0.01055,0.50287
CVE-2016-6220,0.00885,0.26162
CVE-2016-6223,0.01319,0.70416
CVE-2016-6224,0.01034,0.39824
CVE-2016-6225,0.01183,0.60428
CVE-2016-6231,0.01018,0.38792
CVE-2016-6232,0.02172,0.79917
CVE-2016-6233,0.01319,0.70416
CVE-2016-6234,0.01055,0.50287
CVE-2016-6235,0.01055,0.50287
CVE-2016-6236,0.01055,0.50287
CVE-2016-6237,0.01055,0.50287
CVE-2016-6238,0.01055,0.50287
CVE-2016-6239,0.01034,0.39824
CVE-2016-6240,0.01547,0.7409
CVE-2016-6241,0.01547,0.7409
CVE-2016-6242,0.0095,0.30554
CVE-2016-6243,0.0095,0.30554
CVE-2016-6244,0.01055,0.50287
CVE-2016-6245,0.0095,0.30554
CVE-2016-6246,0.0095,0.30554
CVE-2016-6247,0.0095,0.30554
CVE-2016-6249,0.00885,0.26162
CVE-2016-6250,0.06698,0.91171
CVE-2016-6252,0.01282,0.67298
CVE-2016-6253,0.0232,0.80631
CVE-2016-6254,0.03795,0.84827
CVE-2016-6255,0.02172,0.79917
CVE-2016-6256,0.08382,0.93597
CVE-2016-6257,0.01213,0.6557
CVE-2016-6258,0.01282,0.67298
CVE-2016-6259,0.01108,0.53389
CVE-2016-6261,0.01537,0.73595
CVE-2016-6262,0.02172,0.79917
CVE-2016-6263,0.01537,0.73595
CVE-2016-6264,0.01108,0.53389
CVE-2016-6265,0.01319,0.70416
CVE-2016-6266,0.01055,0.50287
CVE-2016-6267,0.14356,0.95619
CVE-2016-6268,0.01102,0.51825
CVE-2016-6269,0.01055,0.50287
CVE-2016-6270,0.01061,0.51015
CVE-2016-6272,0.01564,0.74439
CVE-2016-6273,0.01213,0.6557
CVE-2016-6276,0.00885,0.26162
CVE-2016-6277,0.87609,0.99765
CVE-2016-6283,0.02173,0.80027
CVE-2016-6285,0.01213,0.6557
CVE-2016-6286,0.00885,0.26162
CVE-2016-6287,0.00885,0.26162
CVE-2016-6288,0.01974,0.7812
CVE-2016-6289,0.03407,0.83908
CVE-2016-6290,0.02172,0.79917
CVE-2016-6291,0.02172,0.79917
CVE-2016-6292,0.01955,0.77585
CVE-2016-6293,0.01319,0.70416
CVE-2016-6294,0.02172,0.79917
CVE-2016-6295,0.02172,0.79917
CVE-2016-6296,0.03779,0.84781
CVE-2016-6297,0.03407,0.83908
CVE-2016-6298,0.01132,0.54372
CVE-2016-6299,0.01108,0.53389
CVE-2016-6301,0.03779,0.84781
CVE-2016-6302,0.07559,0.92528
CVE-2016-6303,0.06584,0.90986
CVE-2016-6304,0.07559,0.92528
CVE-2016-6305,0.06584,0.90986
CVE-2016-6306,0.07559,0.92528
CVE-2016-6307,0.06584,0.90986
CVE-2016-6308,0.06584,0.90986
CVE-2016-6309,0.07312,0.9217
CVE-2016-6310,0.00885,0.26162
CVE-2016-6311,0.01213,0.6557
CVE-2016-6312,0.01055,0.50287
CVE-2016-6313,0.01537,0.73595
CVE-2016-6316,0.01955,0.77585
CVE-2016-6318,0.01034,0.39824
CVE-2016-6319,0.06681,0.91157
CVE-2016-6320,0.01232,0.66248
CVE-2016-6321,0.02172,0.79917
CVE-2016-6322,0.00885,0.26162
CVE-2016-6323,0.0374,0.84381
CVE-2016-6325,0.01736,0.75201
CVE-2016-6327,0.01104,0.52279
CVE-2016-6328,0.01018,0.38792
CVE-2016-6329,0.02172,0.79917
CVE-2016-6330,0.05785,0.89924
CVE-2016-6331,0.01136,0.57949
CVE-2016-6332,0.01136,0.57949
CVE-2016-6333,0.01213,0.6557
CVE-2016-6334,0.01213,0.6557
CVE-2016-6335,0.01213,0.6557
CVE-2016-6336,0.01061,0.51015
CVE-2016-6337,0.01055,0.50287
CVE-2016-6338,0.00954,0.34522
CVE-2016-6340,0.00885,0.26162
CVE-2016-6341,0.0095,0.30554
CVE-2016-6342,0.01055,0.50287
CVE-2016-6343,0.03917,0.84989
CVE-2016-6344,0.01213,0.6557
CVE-2016-6345,0.01055,0.50287
CVE-2016-6346,0.03779,0.84781
CVE-2016-6347,0.01055,0.50287
CVE-2016-6348,0.01055,0.50287
CVE-2016-6349,0.0095,0.30554
CVE-2016-6350,0.0095,0.30554
CVE-2016-6351,0.01651,0.75021
CVE-2016-6352,0.01408,0.72072
CVE-2016-6353,0.00885,0.26162
CVE-2016-6354,0.02464,0.80851
CVE-2016-6355,0.01136,0.57949
CVE-2016-6356,0.01136,0.57949
CVE-2016-6357,0.01136,0.57949
CVE-2016-6358,0.01136,0.57949
CVE-2016-6359,0.01055,0.50287
CVE-2016-6360,0.01213,0.6557
CVE-2016-6361,0.01136,0.57949
CVE-2016-6362,0.0089,0.2856
CVE-2016-6363,0.01136,0.57949
CVE-2016-6364,0.01136,0.57949
CVE-2016-6365,0.01055,0.50287
CVE-2016-6367,0.02115,0.79119
CVE-2016-6368,0.01136,0.57949
CVE-2016-6369,0.0089,0.2856
CVE-2016-6370,0.01061,0.51015
CVE-2016-6371,0.01136,0.57949
CVE-2016-6372,0.01213,0.6557
CVE-2016-6373,0.01061,0.51015
CVE-2016-6374,0.05785,0.89924
CVE-2016-6375,0.01136,0.57949
CVE-2016-6376,0.01136,0.57949
CVE-2016-6377,0.01055,0.50287
CVE-2016-6378,0.01136,0.57949
CVE-2016-6379,0.01136,0.57949
CVE-2016-6380,0.01213,0.6557
CVE-2016-6381,0.01136,0.57949
CVE-2016-6382,0.01213,0.6557
CVE-2016-6384,0.01136,0.57949
CVE-2016-6385,0.01213,0.6557
CVE-2016-6386,0.01136,0.57949
CVE-2016-6391,0.01136,0.57949
CVE-2016-6392,0.01136,0.57949
CVE-2016-6393,0.01213,0.6557
CVE-2016-6394,0.01136,0.57949
CVE-2016-6395,0.01061,0.51015
CVE-2016-6396,0.01136,0.57949
CVE-2016-6397,0.01055,0.50287
CVE-2016-6398,0.01136,0.57949
CVE-2016-6399,0.01136,0.57949
CVE-2016-6401,0.01136,0.57949
CVE-2016-6402,0.0089,0.2856
CVE-2016-6403,0.01136,0.57949
CVE-2016-6404,0.01136,0.57949
CVE-2016-6405,0.01055,0.50287
CVE-2016-6406,0.01136,0.57949
CVE-2016-6407,0.01136,0.57949
CVE-2016-6408,0.01055,0.50287
CVE-2016-6409,0.01136,0.57949
CVE-2016-6410,0.01061,0.51015
CVE-2016-6411,0.01055,0.50287
CVE-2016-6412,0.00954,0.34522
CVE-2016-6413,0.00885,0.26162
CVE-2016-6414,0.0089,0.2856
CVE-2016-6416,0.01213,0.6557
CVE-2016-6417,0.01136,0.57949
CVE-2016-6418,0.01055,0.50287
CVE-2016-6419,0.01055,0.50287
CVE-2016-6420,0.01061,0.51015
CVE-2016-6421,0.01136,0.57949
CVE-2016-6422,0.01136,0.57949
CVE-2016-6423,0.0089,0.2856
CVE-2016-6424,0.01136,0.57949
CVE-2016-6425,0.01136,0.57949
CVE-2016-6426,0.01136,0.57949
CVE-2016-6427,0.01136,0.57949
CVE-2016-6428,0.0089,0.2856
CVE-2016-6429,0.01055,0.50287
CVE-2016-6430,0.00885,0.26162
CVE-2016-6431,0.01136,0.57949
CVE-2016-6432,0.05785,0.89924
CVE-2016-6433,0.71897,0.99167
CVE-2016-6434,0.01832,0.76196
CVE-2016-6435,0.76597,0.99354
CVE-2016-6436,0.01055,0.50287
CVE-2016-6437,0.01136,0.57949
CVE-2016-6438,0.01136,0.57949
CVE-2016-6439,0.01136,0.57949
CVE-2016-6440,0.00954,0.34522
CVE-2016-6441,0.05785,0.89924
CVE-2016-6442,0.01136,0.57949
CVE-2016-6443,0.01061,0.51015
CVE-2016-6444,0.01055,0.50287
CVE-2016-6445,0.01136,0.57949
CVE-2016-6446,0.01055,0.50287
CVE-2016-6447,0.05785,0.89924
CVE-2016-6448,0.05785,0.89924
CVE-2016-6449,0.00885,0.26162
CVE-2016-6450,0.0089,0.2856
CVE-2016-6451,0.01136,0.57949
CVE-2016-6452,0.01055,0.50287
CVE-2016-6453,0.01061,0.51015
CVE-2016-6454,0.01055,0.50287
CVE-2016-6455,0.01136,0.57949
CVE-2016-6457,0.00954,0.34522
CVE-2016-6458,0.01136,0.57949
CVE-2016-6459,0.01011,0.36346
CVE-2016-6460,0.01055,0.50287
CVE-2016-6461,0.01136,0.57949
CVE-2016-6462,0.01136,0.57949
CVE-2016-6463,0.01055,0.50287
CVE-2016-6464,0.01136,0.57949
CVE-2016-6465,0.01136,0.57949
CVE-2016-6466,0.01136,0.57949
CVE-2016-6467,0.01136,0.57949
CVE-2016-6468,0.01136,0.57949
CVE-2016-6469,0.01055,0.50287
CVE-2016-6470,0.00885,0.26162
CVE-2016-6471,0.01061,0.51015
CVE-2016-6472,0.01136,0.57949
CVE-2016-6473,0.00885,0.26162
CVE-2016-6474,0.01136,0.57949
CVE-2016-6480,0.02686,0.82061
CVE-2016-6483,0.10212,0.94357
CVE-2016-6484,0.01213,0.6557
CVE-2016-6485,0.01136,0.57949
CVE-2016-6486,0.0095,0.30554
CVE-2016-6489,0.01183,0.60428
CVE-2016-6490,0.0095,0.30554
CVE-2016-6491,0.01408,0.72072
CVE-2016-6492,0.01018,0.38792
CVE-2016-6493,0.00954,0.34522
CVE-2016-6494,0.01104,0.52279
CVE-2016-6495,0.01055,0.50287
CVE-2016-6496,0.05785,0.89924
CVE-2016-6497,0.01246,0.66436
CVE-2016-6500,0.01702,0.75164
CVE-2016-6501,0.05785,0.89924
CVE-2016-6503,0.10212,0.94357
CVE-2016-6504,0.108,0.94438
CVE-2016-6505,0.108,0.94438
CVE-2016-6506,0.01319,0.70416
CVE-2016-6507,0.01319,0.70416
CVE-2016-6508,0.01319,0.70416
CVE-2016-6509,0.01319,0.70416
CVE-2016-6510,0.01319,0.70416
CVE-2016-6511,0.01319,0.70416
CVE-2016-6512,0.10212,0.94357
CVE-2016-6513,0.01213,0.6557
CVE-2016-6517,0.01136,0.57949
CVE-2016-6518,0.01055,0.50287
CVE-2016-6519,0.01232,0.66248
CVE-2016-6520,0.01213,0.6557
CVE-2016-6521,0.01319,0.70416
CVE-2016-6522,0.0095,0.30554
CVE-2016-6523,0.01213,0.6557
CVE-2016-6525,0.0455,0.88291
CVE-2016-6526,0.00954,0.34522
CVE-2016-6527,0.00954,0.34522
CVE-2016-6530,0.01136,0.57949
CVE-2016-6531,0.01136,0.57949
CVE-2016-6532,0.01055,0.50287
CVE-2016-6534,0.02055,0.7893
CVE-2016-6535,0.01055,0.50287
CVE-2016-6536,0.01055,0.50287
CVE-2016-6537,0.00885,0.26162
CVE-2016-6538,0.01018,0.38792
CVE-2016-6539,0.01018,0.38792
CVE-2016-6540,0.01018,0.38792
CVE-2016-6541,0.01018,0.38792
CVE-2016-6542,0.00954,0.34522
CVE-2016-6543,0.00954,0.34522
CVE-2016-6544,0.00954,0.34522
CVE-2016-6545,0.00954,0.34522
CVE-2016-6546,0.0089,0.2856
CVE-2016-6547,0.0089,0.2856
CVE-2016-6548,0.00954,0.34522
CVE-2016-6549,0.00954,0.34522
CVE-2016-6550,0.00885,0.26162
CVE-2016-6551,0.00885,0.26162
CVE-2016-6552,0.00885,0.26162
CVE-2016-6553,0.00885,0.26162
CVE-2016-6554,0.00954,0.34522
CVE-2016-6555,0.00885,0.26162
CVE-2016-6556,0.00885,0.26162
CVE-2016-6557,0.00885,0.26162
CVE-2016-6558,0.02055,0.7893
CVE-2016-6559,0.01018,0.38792
CVE-2016-6560,0.00954,0.34522
CVE-2016-6561,0.01018,0.38792
CVE-2016-6562,0.00954,0.34522
CVE-2016-6563,0.78996,0.99441
CVE-2016-6564,0.02509,0.81058
CVE-2016-6565,0.0144,0.7265
CVE-2016-6566,0.08382,0.93597
CVE-2016-6567,0.01978,0.78447
CVE-2016-6578,0.00885,0.26162
CVE-2016-6580,0.00885,0.26162
CVE-2016-6581,0.00885,0.26162
CVE-2016-6582,0.01319,0.70416
CVE-2016-6585,0.0089,0.2856
CVE-2016-6586,0.00954,0.34522
CVE-2016-6587,0.0095,0.30554
CVE-2016-6588,0.0089,0.2856
CVE-2016-6589,0.0089,0.2856
CVE-2016-6590,0.01559,0.742
CVE-2016-6591,0.00885,0.26162
CVE-2016-6592,0.05786,0.8994
CVE-2016-6593,0.01559,0.742
CVE-2016-6594,0.01055,0.50287
CVE-2016-6595,0.01132,0.54372
CVE-2016-6597,0.01213,0.6557
CVE-2016-6598,0.02509,0.81058
CVE-2016-6599,0.01018,0.38792
CVE-2016-6600,0.9075,0.9986
CVE-2016-6601,0.9153,0.99878
CVE-2016-6602,0.04459,0.87713
CVE-2016-6603,0.04765,0.88705
CVE-2016-6604,0.00954,0.34522
CVE-2016-6605,0.01055,0.50287
CVE-2016-6606,0.01018,0.38792
CVE-2016-6607,0.01018,0.38792
CVE-2016-6608,0.00954,0.34522
CVE-2016-6609,0.0095,0.30554
CVE-2016-6610,0.0089,0.2856
CVE-2016-6611,0.01018,0.38792
CVE-2016-6612,0.0095,0.30554
CVE-2016-6613,0.0095,0.30554
CVE-2016-6614,0.01018,0.38792
CVE-2016-6615,0.01018,0.38792
CVE-2016-6616,0.0095,0.30554
CVE-2016-6617,0.00954,0.34522
CVE-2016-6618,0.0095,0.30554
CVE-2016-6619,0.0095,0.30554
CVE-2016-6620,0.02578,0.8123
CVE-2016-6621,0.01136,0.57949
CVE-2016-6622,0.01018,0.38792
CVE-2016-6623,0.0089,0.2856
CVE-2016-6624,0.01018,0.38792
CVE-2016-6625,0.0089,0.2856
CVE-2016-6626,0.01018,0.38792
CVE-2016-6627,0.01018,0.38792
CVE-2016-6628,0.01018,0.38792
CVE-2016-6629,0.00954,0.34522
CVE-2016-6630,0.0095,0.30554
CVE-2016-6631,0.04695,0.88634
CVE-2016-6632,0.01018,0.38792
CVE-2016-6633,0.05785,0.89924
CVE-2016-6634,0.01213,0.6557
CVE-2016-6635,0.01213,0.6557
CVE-2016-6636,0.01055,0.50287
CVE-2016-6637,0.01055,0.50287
CVE-2016-6639,0.01055,0.50287
CVE-2016-6641,0.01055,0.50287
CVE-2016-6642,0.01055,0.50287
CVE-2016-6643,0.01055,0.50287
CVE-2016-6644,0.01136,0.57949
CVE-2016-6645,0.04695,0.88634
CVE-2016-6646,0.05785,0.89924
CVE-2016-6647,0.01061,0.51015
CVE-2016-6648,0.0089,0.2856
CVE-2016-6649,0.01011,0.36346
CVE-2016-6650,0.00954,0.34522
CVE-2016-6651,0.01055,0.50287
CVE-2016-6652,0.01018,0.38792
CVE-2016-6653,0.01055,0.50287
CVE-2016-6655,0.02055,0.7893
CVE-2016-6656,0.00885,0.26162
CVE-2016-6657,0.00885,0.26162
CVE-2016-6658,0.00885,0.26162
CVE-2016-6659,0.00885,0.26162
CVE-2016-6664,0.01547,0.74085
CVE-2016-6667,0.01702,0.75164
CVE-2016-6668,0.01319,0.70416
CVE-2016-6669,0.02166,0.79253
CVE-2016-6670,0.01055,0.50287
CVE-2016-6671,0.01682,0.75066
CVE-2016-6672,0.00885,0.26162
CVE-2016-6673,0.00885,0.26162
CVE-2016-6674,0.00885,0.26162
CVE-2016-6675,0.00954,0.34522
CVE-2016-6676,0.00954,0.34522
CVE-2016-6677,0.00885,0.26162
CVE-2016-6678,0.00954,0.34522
CVE-2016-6679,0.01018,0.38792
CVE-2016-6680,0.00954,0.34522
CVE-2016-6681,0.00954,0.34522
CVE-2016-6682,0.00954,0.34522
CVE-2016-6683,0.00885,0.26162
CVE-2016-6684,0.00885,0.26162
CVE-2016-6685,0.00885,0.26162
CVE-2016-6686,0.00885,0.26162
CVE-2016-6687,0.00885,0.26162
CVE-2016-6688,0.00885,0.26162
CVE-2016-6689,0.02362,0.80685
CVE-2016-6690,0.00885,0.26162
CVE-2016-6691,0.01136,0.57949
CVE-2016-6692,0.00954,0.34522
CVE-2016-6693,0.00954,0.34522
CVE-2016-6694,0.00954,0.34522
CVE-2016-6695,0.00954,0.34522
CVE-2016-6696,0.00954,0.34522
CVE-2016-6698,0.00885,0.26162
CVE-2016-6699,0.04967,0.88942
CVE-2016-6700,0.01102,0.51825
CVE-2016-6701,0.01765,0.75587
CVE-2016-6702,0.01765,0.75587
CVE-2016-6703,0.01765,0.75587
CVE-2016-6704,0.01603,0.74718
CVE-2016-6705,0.01102,0.51825
CVE-2016-6706,0.01603,0.74718
CVE-2016-6707,0.03312,0.83537
CVE-2016-6708,0.00885,0.26162
CVE-2016-6709,0.00885,0.26162
CVE-2016-6710,0.00885,0.26162
CVE-2016-6711,0.01136,0.57949
CVE-2016-6712,0.01136,0.57949
CVE-2016-6713,0.01055,0.50287
CVE-2016-6714,0.01055,0.50287
CVE-2016-6715,0.00885,0.26162
CVE-2016-6716,0.00885,0.26162
CVE-2016-6717,0.01102,0.51825
CVE-2016-6718,0.00885,0.26162
CVE-2016-6719,0.00885,0.26162
CVE-2016-6720,0.01108,0.53389
CVE-2016-6721,0.00885,0.26162
CVE-2016-6722,0.00954,0.34522
CVE-2016-6723,0.01136,0.57949
CVE-2016-6724,0.00885,0.26162
CVE-2016-6725,0.02166,0.79253
CVE-2016-6726,0.00885,0.26162
CVE-2016-6727,0.05785,0.89924
CVE-2016-6728,0.01102,0.51825
CVE-2016-6729,0.01102,0.51825
CVE-2016-6730,0.01102,0.51825
CVE-2016-6731,0.01102,0.51825
CVE-2016-6732,0.01102,0.51825
CVE-2016-6733,0.01102,0.51825
CVE-2016-6734,0.01102,0.51825
CVE-2016-6735,0.01102,0.51825
CVE-2016-6736,0.01102,0.51825
CVE-2016-6737,0.01102,0.51825
CVE-2016-6738,0.01102,0.51825
CVE-2016-6739,0.01102,0.51825
CVE-2016-6740,0.01102,0.51825
CVE-2016-6741,0.01102,0.51825
CVE-2016-6742,0.01102,0.51825
CVE-2016-6743,0.01102,0.51825
CVE-2016-6744,0.01102,0.51825
CVE-2016-6745,0.01102,0.51825
CVE-2016-6746,0.00885,0.26162
CVE-2016-6747,0.01055,0.50287
CVE-2016-6748,0.00885,0.26162
CVE-2016-6749,0.00885,0.26162
CVE-2016-6750,0.00885,0.26162
CVE-2016-6751,0.00885,0.26162
CVE-2016-6752,0.00885,0.26162
CVE-2016-6753,0.00885,0.26162
CVE-2016-6755,0.01102,0.51825
CVE-2016-6756,0.00885,0.26162
CVE-2016-6757,0.00885,0.26162
CVE-2016-6758,0.01102,0.51825
CVE-2016-6759,0.01102,0.51825
CVE-2016-6760,0.01102,0.51825
CVE-2016-6761,0.01102,0.51825
CVE-2016-6762,0.01102,0.51825
CVE-2016-6763,0.00885,0.26162
CVE-2016-6764,0.01055,0.50287
CVE-2016-6765,0.01055,0.50287
CVE-2016-6766,0.01055,0.50287
CVE-2016-6767,0.01055,0.50287
CVE-2016-6768,0.01765,0.75587
CVE-2016-6769,0.00885,0.26162
CVE-2016-6770,0.00885,0.26162
CVE-2016-6771,0.00885,0.26162
CVE-2016-6772,0.03312,0.83537
CVE-2016-6773,0.00885,0.26162
CVE-2016-6774,0.00885,0.26162
CVE-2016-6775,0.01603,0.74718
CVE-2016-6776,0.01603,0.74718
CVE-2016-6777,0.01603,0.74718
CVE-2016-6778,0.01102,0.51825
CVE-2016-6779,0.01102,0.51825
CVE-2016-6780,0.01102,0.51825
CVE-2016-6781,0.01102,0.51825
CVE-2016-6782,0.01102,0.51825
CVE-2016-6783,0.01102,0.51825
CVE-2016-6784,0.01102,0.51825
CVE-2016-6785,0.01102,0.51825
CVE-2016-6786,0.01034,0.39824
CVE-2016-6787,0.01034,0.39824
CVE-2016-6788,0.01102,0.51825
CVE-2016-6789,0.01603,0.74718
CVE-2016-6790,0.01102,0.51825
CVE-2016-6791,0.01102,0.51825
CVE-2016-6793,0.0455,0.88291
CVE-2016-6794,0.07767,0.92799
CVE-2016-6795,0.02578,0.8123
CVE-2016-6796,0.07767,0.92799
CVE-2016-6797,0.07767,0.92799
CVE-2016-6799,0.00885,0.26162
CVE-2016-6800,0.00885,0.26162
CVE-2016-6801,0.01484,0.72722
CVE-2016-6802,0.00954,0.34522
CVE-2016-6803,0.00954,0.34522
CVE-2016-6804,0.01603,0.74718
CVE-2016-6805,0.00885,0.26162
CVE-2016-6806,0.00885,0.26162
CVE-2016-6807,0.00885,0.26162
CVE-2016-6808,0.05242,0.89216
CVE-2016-6809,0.04737,0.88699
CVE-2016-6810,0.01246,0.66436
CVE-2016-6811,0.00885,0.26162
CVE-2016-6812,0.03032,0.82851
CVE-2016-6813,0.00954,0.34522
CVE-2016-6814,0.04771,0.88709
CVE-2016-6815,0.00885,0.26162
CVE-2016-6816,0.46154,0.98302
CVE-2016-6817,0.01859,0.7626
CVE-2016-6818,0.01055,0.50287
CVE-2016-6820,0.00954,0.34522
CVE-2016-6823,0.01213,0.6557
CVE-2016-6824,0.01055,0.50287
CVE-2016-6825,0.01055,0.50287
CVE-2016-6826,0.01055,0.50287
CVE-2016-6827,0.01061,0.51015
CVE-2016-6828,0.03534,0.84129
CVE-2016-6829,0.01319,0.70416
CVE-2016-6830,0.00885,0.26162
CVE-2016-6831,0.00885,0.26162
CVE-2016-6832,0.01213,0.6557
CVE-2016-6833,0.01034,0.39824
CVE-2016-6834,0.01034,0.39824
CVE-2016-6835,0.01034,0.39824
CVE-2016-6836,0.01034,0.39824
CVE-2016-6837,0.01213,0.6557
CVE-2016-6838,0.01055,0.50287
CVE-2016-6839,0.01055,0.50287
CVE-2016-6840,0.01136,0.57949
CVE-2016-6842,0.00885,0.26162
CVE-2016-6843,0.00885,0.26162
CVE-2016-6844,0.00885,0.26162
CVE-2016-6845,0.00885,0.26162
CVE-2016-6846,0.01213,0.6557
CVE-2016-6847,0.00885,0.26162
CVE-2016-6848,0.01102,0.51825
CVE-2016-6850,0.00885,0.26162
CVE-2016-6851,0.01018,0.38792
CVE-2016-6852,0.00885,0.26162
CVE-2016-6853,0.01018,0.38792
CVE-2016-6854,0.01018,0.38792
CVE-2016-6855,0.18327,0.96125
CVE-2016-6856,0.01055,0.50287
CVE-2016-6857,0.01055,0.50287
CVE-2016-6858,0.01055,0.50287
CVE-2016-6859,0.01055,0.50287
CVE-2016-6866,0.01108,0.53389
CVE-2016-6870,0.00954,0.34522
CVE-2016-6871,0.00954,0.34522
CVE-2016-6872,0.00954,0.34522
CVE-2016-6873,0.00954,0.34522
CVE-2016-6874,0.00954,0.34522
CVE-2016-6875,0.00954,0.34522
CVE-2016-6876,0.00885,0.26162
CVE-2016-6877,0.00885,0.26162
CVE-2016-6878,0.00885,0.26162
CVE-2016-6879,0.00885,0.26162
CVE-2016-6881,0.01055,0.50287
CVE-2016-6882,0.01213,0.6557
CVE-2016-6883,0.01136,0.57949
CVE-2016-6884,0.01136,0.57949
CVE-2016-6885,0.01055,0.50287
CVE-2016-6886,0.01136,0.57949
CVE-2016-6887,0.01055,0.50287
CVE-2016-6888,0.01282,0.67298
CVE-2016-6890,0.05785,0.89924
CVE-2016-6891,0.01213,0.6557
CVE-2016-6892,0.01213,0.6557
CVE-2016-6893,0.01213,0.6557
CVE-2016-6894,0.01055,0.50287
CVE-2016-6896,0.01132,0.54372
CVE-2016-6897,0.43772,0.98223
CVE-2016-6898,0.01055,0.50287
CVE-2016-6899,0.01055,0.50287
CVE-2016-6900,0.00885,0.26162
CVE-2016-6901,0.01055,0.50287
CVE-2016-6902,0.01232,0.66248
CVE-2016-6903,0.01232,0.66248
CVE-2016-6904,0.00885,0.26162
CVE-2016-6905,0.01776,0.75902
CVE-2016-6906,0.01213,0.6557
CVE-2016-6908,0.00885,0.26162
CVE-2016-6909,0.18609,0.9615
CVE-2016-6910,0.00885,0.26162
CVE-2016-6911,0.01213,0.6557
CVE-2016-6912,0.01213,0.6557
CVE-2016-6913,0.01061,0.51015
CVE-2016-6914,0.01832,0.76196
CVE-2016-6915,0.0095,0.30554
CVE-2016-6916,0.0095,0.30554
CVE-2016-6917,0.0095,0.30554
CVE-2016-6918,0.01055,0.50287
CVE-2016-6920,0.01319,0.70416
CVE-2016-6921,0.03183,0.83298
CVE-2016-6922,0.03043,0.82922
CVE-2016-6923,0.03183,0.83298
CVE-2016-6924,0.03043,0.82922
CVE-2016-6925,0.03183,0.83298
CVE-2016-6926,0.03183,0.83298
CVE-2016-6927,0.03183,0.83298
CVE-2016-6929,0.03183,0.83298
CVE-2016-6930,0.03183,0.83298
CVE-2016-6931,0.03183,0.83298
CVE-2016-6932,0.03183,0.83298
CVE-2016-6933,0.01126,0.53553
CVE-2016-6934,0.01126,0.53553
CVE-2016-6935,0.01046,0.41635
CVE-2016-6936,0.01213,0.6557
CVE-2016-6937,0.03043,0.82922
CVE-2016-6938,0.03183,0.83298
CVE-2016-6939,0.03183,0.83298
CVE-2016-6940,0.03043,0.82922
CVE-2016-6941,0.03043,0.82922
CVE-2016-6942,0.03043,0.82922
CVE-2016-6943,0.03043,0.82922
CVE-2016-6944,0.03183,0.83298
CVE-2016-6945,0.03183,0.83298
CVE-2016-6946,0.03183,0.83298
CVE-2016-6947,0.03043,0.82922
CVE-2016-6948,0.03043,0.82922
CVE-2016-6949,0.03183,0.83298
CVE-2016-6950,0.03043,0.82922
CVE-2016-6951,0.03043,0.82922
CVE-2016-6952,0.03183,0.83298
CVE-2016-6953,0.03183,0.83298
CVE-2016-6954,0.03043,0.82922
CVE-2016-6955,0.03043,0.82922
CVE-2016-6956,0.03043,0.82922
CVE-2016-6957,0.03183,0.83298
CVE-2016-6958,0.01126,0.53553
CVE-2016-6959,0.03043,0.82922
CVE-2016-6960,0.03043,0.82922
CVE-2016-6961,0.03183,0.83298
CVE-2016-6962,0.03183,0.83298
CVE-2016-6963,0.03183,0.83298
CVE-2016-6964,0.03183,0.83298
CVE-2016-6965,0.03183,0.83298
CVE-2016-6966,0.03043,0.82922
CVE-2016-6967,0.03183,0.83298
CVE-2016-6968,0.03183,0.83298
CVE-2016-6969,0.03183,0.83298
CVE-2016-6970,0.03043,0.82922
CVE-2016-6971,0.03183,0.83298
CVE-2016-6972,0.03043,0.82922
CVE-2016-6973,0.03043,0.82922
CVE-2016-6974,0.03043,0.82922
CVE-2016-6975,0.03043,0.82922
CVE-2016-6976,0.03043,0.82922
CVE-2016-6977,0.03043,0.82922
CVE-2016-6978,0.03043,0.82922
CVE-2016-6979,0.03183,0.83298
CVE-2016-6980,0.03183,0.83298
CVE-2016-6981,0.03183,0.83298
CVE-2016-6982,0.03043,0.82922
CVE-2016-6983,0.03043,0.82922
CVE-2016-6984,0.03043,0.82922
CVE-2016-6985,0.03043,0.82922
CVE-2016-6986,0.03043,0.82922
CVE-2016-6987,0.03183,0.83298
CVE-2016-6988,0.03183,0.83298
CVE-2016-6989,0.03043,0.82922
CVE-2016-6990,0.03043,0.82922
CVE-2016-6992,0.03183,0.83298
CVE-2016-6993,0.03183,0.83298
CVE-2016-6994,0.03183,0.83298
CVE-2016-6995,0.03043,0.82922
CVE-2016-6996,0.03043,0.82922
CVE-2016-6997,0.03043,0.82922
CVE-2016-6998,0.03043,0.82922
CVE-2016-6999,0.03183,0.83298
CVE-2016-7000,0.03043,0.82922
CVE-2016-7001,0.03043,0.82922
CVE-2016-7002,0.03043,0.82922
CVE-2016-7003,0.03043,0.82922
CVE-2016-7004,0.03043,0.82922
CVE-2016-7005,0.03043,0.82922
CVE-2016-7006,0.03043,0.82922
CVE-2016-7007,0.03043,0.82922
CVE-2016-7008,0.03043,0.82922
CVE-2016-7009,0.03043,0.82922
CVE-2016-7010,0.03043,0.82922
CVE-2016-7011,0.03043,0.82922
CVE-2016-7012,0.03043,0.82922
CVE-2016-7013,0.03043,0.82922
CVE-2016-7014,0.03043,0.82922
CVE-2016-7015,0.03043,0.82922
CVE-2016-7016,0.03043,0.82922
CVE-2016-7017,0.03043,0.82922
CVE-2016-7018,0.03043,0.82922
CVE-2016-7019,0.03043,0.82922
CVE-2016-7020,0.03183,0.83298
CVE-2016-7030,0.01213,0.6557
CVE-2016-7031,0.01319,0.70416
CVE-2016-7032,0.0095,0.30554
CVE-2016-7033,0.01136,0.57949
CVE-2016-7034,0.01213,0.6557
CVE-2016-7035,0.01104,0.52279
CVE-2016-7036,0.00954,0.34522
CVE-2016-7037,0.00954,0.34522
CVE-2016-7038,0.00885,0.26162
CVE-2016-7039,0.02172,0.79917
CVE-2016-7040,0.01055,0.50287
CVE-2016-7041,0.01232,0.66248
CVE-2016-7042,0.01183,0.60428
CVE-2016-7043,0.00885,0.26162
CVE-2016-7044,0.01213,0.6557
CVE-2016-7045,0.01213,0.6557
CVE-2016-7046,0.02172,0.79917
CVE-2016-7047,0.0095,0.30554
CVE-2016-7048,0.01978,0.78447
CVE-2016-7050,0.02166,0.79253
CVE-2016-7051,0.01136,0.57949
CVE-2016-7052,0.07559,0.92528
CVE-2016-7053,0.01018,0.38792
CVE-2016-7054,0.08944,0.93724
CVE-2016-7055,0.0472,0.88691
CVE-2016-7056,0.01547,0.74085
CVE-2016-7060,0.00954,0.34522
CVE-2016-7061,0.01547,0.74085
CVE-2016-7062,0.0095,0.30554
CVE-2016-7063,0.00954,0.34522
CVE-2016-7064,0.00885,0.26162
CVE-2016-7065,0.09271,0.93939
CVE-2016-7066,0.00885,0.26162
CVE-2016-7067,0.01018,0.38792
CVE-2016-7068,0.01213,0.6557
CVE-2016-7069,0.00954,0.34522
CVE-2016-7070,0.00885,0.26162
CVE-2016-7071,0.01055,0.50287
CVE-2016-7072,0.01136,0.57949
CVE-2016-7073,0.00954,0.34522
CVE-2016-7074,0.00954,0.34522
CVE-2016-7075,0.00954,0.34522
CVE-2016-7077,0.0095,0.30554
CVE-2016-7078,0.01034,0.39824
CVE-2016-7079,0.0089,0.2856
CVE-2016-7080,0.0089,0.2856
CVE-2016-7081,0.01404,0.71155
CVE-2016-7082,0.01404,0.71155
CVE-2016-7083,0.02515,0.81066
CVE-2016-7084,0.02515,0.81066
CVE-2016-7085,0.0089,0.2856
CVE-2016-7086,0.0089,0.2856
CVE-2016-7087,0.01136,0.57949
CVE-2016-7089,0.01832,0.76196
CVE-2016-7090,0.01136,0.57949
CVE-2016-7091,0.0089,0.2856
CVE-2016-7092,0.01104,0.52279
CVE-2016-7093,0.01034,0.39824
CVE-2016-7094,0.01104,0.52279
CVE-2016-7095,0.02578,0.8123
CVE-2016-7097,0.01547,0.74085
CVE-2016-7098,0.108,0.94438
CVE-2016-7099,0.01018,0.38792
CVE-2016-7101,0.01213,0.6557
CVE-2016-7102,0.01102,0.51825
CVE-2016-7103,0.03932,0.8519
CVE-2016-7107,0.01055,0.50287
CVE-2016-7108,0.01055,0.50287
CVE-2016-7109,0.01055,0.50287
CVE-2016-7110,0.01055,0.50287
CVE-2016-7111,0.01213,0.6557
CVE-2016-7112,0.01018,0.38792
CVE-2016-7113,0.01018,0.38792
CVE-2016-7114,0.0095,0.30554
CVE-2016-7115,0.02578,0.8123
CVE-2016-7116,0.01104,0.52279
CVE-2016-7117,0.10938,0.94483
CVE-2016-7118,0.0089,0.2856
CVE-2016-7119,0.01055,0.50287
CVE-2016-7122,0.00954,0.34522
CVE-2016-7123,0.01136,0.57949
CVE-2016-7124,0.02172,0.79917
CVE-2016-7125,0.02172,0.79917
CVE-2016-7126,0.02172,0.79917
CVE-2016-7127,0.02172,0.79917
CVE-2016-7128,0.02172,0.79917
CVE-2016-7129,0.02172,0.79917
CVE-2016-7130,0.02172,0.79917
CVE-2016-7131,0.02172,0.79917
CVE-2016-7132,0.02172,0.79917
CVE-2016-7133,0.01319,0.70416
CVE-2016-7134,0.01319,0.70416
CVE-2016-7135,0.01034,0.39824
CVE-2016-7136,0.01319,0.70416
CVE-2016-7137,0.01319,0.70416
CVE-2016-7138,0.01319,0.70416
CVE-2016-7139,0.01319,0.70416
CVE-2016-7140,0.01319,0.70416
CVE-2016-7141,0.02172,0.79917
CVE-2016-7142,0.01213,0.6557
CVE-2016-7143,0.01319,0.70416
CVE-2016-7144,0.01213,0.6557
CVE-2016-7145,0.01055,0.50287
CVE-2016-7146,0.01213,0.6557
CVE-2016-7147,0.01213,0.6557
CVE-2016-7148,0.01213,0.6557
CVE-2016-7149,0.01213,0.6557
CVE-2016-7150,0.01132,0.54372
CVE-2016-7151,0.00885,0.26162
CVE-2016-7152,0.33536,0.97571
CVE-2016-7153,0.33536,0.97571
CVE-2016-7154,0.01651,0.75021
CVE-2016-7155,0.01034,0.39824
CVE-2016-7156,0.01104,0.52279
CVE-2016-7157,0.01034,0.39824
CVE-2016-7160,0.00885,0.26162
CVE-2016-7161,0.0391,0.8496
CVE-2016-7162,0.01319,0.70416
CVE-2016-7163,0.0883,0.93679
CVE-2016-7164,0.01018,0.38792
CVE-2016-7165,0.0095,0.30554
CVE-2016-7166,0.01955,0.77585
CVE-2016-7167,0.02686,0.82061
CVE-2016-7168,0.01483,0.7269
CVE-2016-7169,0.01232,0.66248
CVE-2016-7170,0.01034,0.39824
CVE-2016-7171,0.00954,0.34522
CVE-2016-7172,0.00954,0.34522
CVE-2016-7175,0.01213,0.6557
CVE-2016-7176,0.01319,0.70416
CVE-2016-7177,0.01319,0.70416
CVE-2016-7178,0.01319,0.70416
CVE-2016-7179,0.01319,0.70416
CVE-2016-7180,0.01319,0.70416
CVE-2016-7181,0.23894,0.9661
CVE-2016-7182,0.30808,0.97415
CVE-2016-7184,0.09332,0.93957
CVE-2016-7185,0.01961,0.77613
CVE-2016-7188,0.01961,0.77613
CVE-2016-7189,0.53829,0.98698
CVE-2016-7191,0.36054,0.97773
CVE-2016-7193,0.38081,0.97877
CVE-2016-7194,0.68157,0.99063
CVE-2016-7195,0.22543,0.9646
CVE-2016-7196,0.22543,0.9646
CVE-2016-7198,0.22543,0.9646
CVE-2016-7199,0.21805,0.96414
CVE-2016-7202,0.85296,0.99652
CVE-2016-7203,0.83193,0.99566
CVE-2016-7204,0.2509,0.96779
CVE-2016-7205,0.32828,0.97533
CVE-2016-7206,0.2509,0.96779
CVE-2016-7208,0.23894,0.9661
CVE-2016-7209,0.2509,0.96779
CVE-2016-7210,0.25385,0.96855
CVE-2016-7211,0.0141,0.7214
CVE-2016-7212,0.3932,0.97991
CVE-2016-7213,0.3932,0.97991
CVE-2016-7214,0.01418,0.72341
CVE-2016-7215,0.02084,0.79035
CVE-2016-7216,0.01961,0.77613
CVE-2016-7217,0.32828,0.97533
CVE-2016-7218,0.01418,0.72341
CVE-2016-7219,0.01418,0.72341
CVE-2016-7220,0.01418,0.72341
CVE-2016-7221,0.01418,0.72341
CVE-2016-7222,0.01418,0.72341
CVE-2016-7223,0.01418,0.72341
CVE-2016-7224,0.01961,0.77613
CVE-2016-7225,0.01961,0.77613
CVE-2016-7226,0.01961,0.77613
CVE-2016-7227,0.23344,0.96541
CVE-2016-7228,0.3932,0.97991
CVE-2016-7229,0.3932,0.97991
CVE-2016-7230,0.38081,0.97877
CVE-2016-7231,0.3932,0.97991
CVE-2016-7232,0.47829,0.98472
CVE-2016-7233,0.23344,0.96541
CVE-2016-7234,0.38372,0.97889
CVE-2016-7235,0.3932,0.97991
CVE-2016-7236,0.47829,0.98472
CVE-2016-7237,0.73028,0.99223
CVE-2016-7238,0.01418,0.72341
CVE-2016-7239,0.23344,0.96541
CVE-2016-7240,0.83193,0.99566
CVE-2016-7241,0.85296,0.99652
CVE-2016-7242,0.23894,0.9661
CVE-2016-7243,0.23894,0.9661
CVE-2016-7244,0.2509,0.96779
CVE-2016-7245,0.3932,0.97991
CVE-2016-7246,0.02084,0.79035
CVE-2016-7247,0.08761,0.93662
CVE-2016-7248,0.3932,0.97991
CVE-2016-7249,0.11348,0.94801
CVE-2016-7250,0.11348,0.94801
CVE-2016-7251,0.2509,0.96779
CVE-2016-7252,0.11348,0.94801
CVE-2016-7253,0.11348,0.94801
CVE-2016-7254,0.11348,0.94801
CVE-2016-7256,0.31179,0.97467
CVE-2016-7257,0.23753,0.96568
CVE-2016-7258,0.01418,0.72341
CVE-2016-7259,0.02084,0.79035
CVE-2016-7260,0.01418,0.72341
CVE-2016-7262,0.2509,0.96779
CVE-2016-7263,0.29391,0.97214
CVE-2016-7264,0.2509,0.96779
CVE-2016-7265,0.2509,0.96779
CVE-2016-7266,0.2509,0.96779
CVE-2016-7267,0.3932,0.97991
CVE-2016-7268,0.2509,0.96779
CVE-2016-7270,0.2509,0.96779
CVE-2016-7271,0.01418,0.72341
CVE-2016-7272,0.31179,0.97467
CVE-2016-7273,0.32828,0.97533
CVE-2016-7274,0.6239,0.98907
CVE-2016-7275,0.01418,0.72341
CVE-2016-7276,0.2509,0.96779
CVE-2016-7277,0.29391,0.97214
CVE-2016-7278,0.2509,0.96779
CVE-2016-7279,0.22543,0.9646
CVE-2016-7280,0.2509,0.96779
CVE-2016-7281,0.23344,0.96541
CVE-2016-7282,0.23344,0.96541
CVE-2016-7283,0.23894,0.9661
CVE-2016-7284,0.2509,0.96779
CVE-2016-7286,0.84391,0.99614
CVE-2016-7287,0.85296,0.99652
CVE-2016-7288,0.84391,0.99614
CVE-2016-7289,0.37064,0.97805
CVE-2016-7290,0.2509,0.96779
CVE-2016-7291,0.2509,0.96779
CVE-2016-7292,0.01418,0.72341
CVE-2016-7295,0.01418,0.72341
CVE-2016-7296,0.23894,0.9661
CVE-2016-7297,0.23894,0.9661
CVE-2016-7298,0.29391,0.97214
CVE-2016-7300,0.02688,0.82062
CVE-2016-7381,0.0089,0.2856
CVE-2016-7382,0.0095,0.30554
CVE-2016-7383,0.0089,0.2856
CVE-2016-7384,0.02042,0.78565
CVE-2016-7385,0.02042,0.78565
CVE-2016-7386,0.02042,0.78565
CVE-2016-7387,0.02042,0.78565
CVE-2016-7388,0.0089,0.2856
CVE-2016-7389,0.00885,0.26162
CVE-2016-7390,0.02042,0.78565
CVE-2016-7391,0.02042,0.78565
CVE-2016-7392,0.01319,0.70416
CVE-2016-7393,0.01213,0.6557
CVE-2016-7394,0.00885,0.26162
CVE-2016-7395,0.01213,0.6557
CVE-2016-7397,0.0089,0.2856
CVE-2016-7398,0.02509,0.81058
CVE-2016-7399,0.01213,0.6557
CVE-2016-7400,0.01806,0.76038
CVE-2016-7401,0.02172,0.79917
CVE-2016-7402,0.00885,0.26162
CVE-2016-7404,0.01018,0.38792
CVE-2016-7405,0.01408,0.72072
CVE-2016-7406,0.05785,0.89924
CVE-2016-7407,0.02578,0.8123
CVE-2016-7408,0.04695,0.88634
CVE-2016-7409,0.0095,0.30554
CVE-2016-7410,0.00954,0.34522
CVE-2016-7411,0.01319,0.70416
CVE-2016-7412,0.01537,0.73595
CVE-2016-7413,0.02172,0.79917
CVE-2016-7414,0.02172,0.79917
CVE-2016-7415,0.01319,0.70416
CVE-2016-7416,0.02172,0.79917
CVE-2016-7417,0.02172,0.79917
CVE-2016-7418,0.02172,0.79917
CVE-2016-7419,0.01132,0.54372
CVE-2016-7420,0.01018,0.38792
CVE-2016-7421,0.01034,0.39824
CVE-2016-7422,0.01282,0.67298
CVE-2016-7423,0.01034,0.39824
CVE-2016-7424,0.01408,0.72072
CVE-2016-7425,0.01547,0.74085
CVE-2016-7426,0.02172,0.79917
CVE-2016-7427,0.02172,0.79917
CVE-2016-7428,0.02172,0.79917
CVE-2016-7429,0.02172,0.79917
CVE-2016-7431,0.04358,0.87435
CVE-2016-7433,0.04358,0.87435
CVE-2016-7435,0.01315,0.67456
CVE-2016-7437,0.0089,0.2856
CVE-2016-7438,0.00885,0.26162
CVE-2016-7439,0.00885,0.26162
CVE-2016-7440,0.01034,0.39824
CVE-2016-7442,0.0089,0.2856
CVE-2016-7443,0.01055,0.50287
CVE-2016-7444,0.01319,0.70416
CVE-2016-7445,0.01319,0.70416
CVE-2016-7446,0.01319,0.70416
CVE-2016-7447,0.01319,0.70416
CVE-2016-7448,0.01319,0.70416
CVE-2016-7449,0.01319,0.70416
CVE-2016-7450,0.00954,0.34522
CVE-2016-7452,0.00954,0.34522
CVE-2016-7453,0.00885,0.26162
CVE-2016-7454,0.06998,0.91864
CVE-2016-7456,0.37242,0.97818
CVE-2016-7457,0.01213,0.6557
CVE-2016-7458,0.00954,0.34522
CVE-2016-7459,0.01061,0.51015
CVE-2016-7460,0.01213,0.6557
CVE-2016-7461,0.01404,0.71155
CVE-2016-7462,0.01132,0.54372
CVE-2016-7463,0.01061,0.51015
CVE-2016-7466,0.01282,0.67298
CVE-2016-7467,0.0089,0.2856
CVE-2016-7468,0.01136,0.57949
CVE-2016-7469,0.0095,0.30554
CVE-2016-7472,0.01213,0.6557
CVE-2016-7474,0.0089,0.2856
CVE-2016-7475,0.00885,0.26162
CVE-2016-7476,0.01136,0.57949
CVE-2016-7477,0.01136,0.57949
CVE-2016-7478,0.01319,0.70416
CVE-2016-7479,0.07343,0.92173
CVE-2016-7480,0.04845,0.88811
CVE-2016-7488,0.00885,0.26162
CVE-2016-7489,0.01578,0.74478
CVE-2016-7490,0.00885,0.26162
CVE-2016-7498,0.01132,0.54372
CVE-2016-7499,0.01213,0.6557
CVE-2016-7502,0.00954,0.34522
CVE-2016-7504,0.01578,0.74478
CVE-2016-7505,0.01578,0.74478
CVE-2016-7506,0.01578,0.74478
CVE-2016-7507,0.01055,0.50287
CVE-2016-7508,0.04936,0.88903
CVE-2016-7509,0.01055,0.50287
CVE-2016-7510,0.01055,0.50287
CVE-2016-7511,0.01055,0.50287
CVE-2016-7513,0.01213,0.6557
CVE-2016-7514,0.01776,0.75902
CVE-2016-7515,0.01319,0.70416
CVE-2016-7516,0.01213,0.6557
CVE-2016-7517,0.01213,0.6557
CVE-2016-7518,0.01213,0.6557
CVE-2016-7519,0.01213,0.6557
CVE-2016-7520,0.01319,0.70416
CVE-2016-7521,0.01319,0.70416
CVE-2016-7522,0.01319,0.70416
CVE-2016-7523,0.01213,0.6557
CVE-2016-7524,0.01319,0.70416
CVE-2016-7525,0.01319,0.70416
CVE-2016-7526,0.01776,0.75902
CVE-2016-7527,0.01319,0.70416
CVE-2016-7528,0.01319,0.70416
CVE-2016-7529,0.01408,0.72072
CVE-2016-7530,0.01955,0.77585
CVE-2016-7531,0.01319,0.70416
CVE-2016-7532,0.01319,0.70416
CVE-2016-7533,0.01319,0.70416
CVE-2016-7534,0.01319,0.70416
CVE-2016-7535,0.01213,0.6557
CVE-2016-7536,0.01319,0.70416
CVE-2016-7537,0.01319,0.70416
CVE-2016-7538,0.01319,0.70416
CVE-2016-7539,0.01319,0.70416
CVE-2016-7540,0.01319,0.70416
CVE-2016-7541,0.00885,0.26162
CVE-2016-7542,0.0089,0.2856
CVE-2016-7543,0.01537,0.73595
CVE-2016-7544,0.01018,0.38792
CVE-2016-7545,0.01282,0.67298
CVE-2016-7547,0.01578,0.74478
CVE-2016-7549,0.01319,0.70416
CVE-2016-7550,0.01786,0.75946
CVE-2016-7551,0.01213,0.6557
CVE-2016-7552,0.01055,0.50287
CVE-2016-7553,0.01034,0.39824
CVE-2016-7555,0.00954,0.34522
CVE-2016-7560,0.01055,0.50287
CVE-2016-7561,0.00885,0.26162
CVE-2016-7562,0.01136,0.57949
CVE-2016-7563,0.00954,0.34522
CVE-2016-7564,0.00954,0.34522
CVE-2016-7565,0.01213,0.6557
CVE-2016-7567,0.10212,0.94357
CVE-2016-7568,0.01319,0.70416
CVE-2016-7569,0.01213,0.6557
CVE-2016-7570,0.01061,0.51015
CVE-2016-7571,0.01136,0.57949
CVE-2016-7572,0.01061,0.51015
CVE-2016-7576,0.00885,0.26162
CVE-2016-7577,0.01136,0.57949
CVE-2016-7578,0.02258,0.80578
CVE-2016-7579,0.01018,0.38792
CVE-2016-7580,0.00885,0.26162
CVE-2016-7581,0.00885,0.26162
CVE-2016-7582,0.01578,0.74478
CVE-2016-7583,0.00885,0.26162
CVE-2016-7584,0.01213,0.6557
CVE-2016-7585,0.00954,0.34522
CVE-2016-7586,0.01319,0.70416
CVE-2016-7587,0.02258,0.80578
CVE-2016-7588,0.02209,0.80307
CVE-2016-7589,0.02408,0.8075
CVE-2016-7591,0.01271,0.66495
CVE-2016-7592,0.01319,0.70416
CVE-2016-7594,0.01876,0.76377
CVE-2016-7595,0.02209,0.80307
CVE-2016-7596,0.01894,0.76449
CVE-2016-7597,0.00954,0.34522
CVE-2016-7598,0.01319,0.70416
CVE-2016-7599,0.01319,0.70416
CVE-2016-7600,0.00954,0.34522
CVE-2016-7601,0.00954,0.34522
CVE-2016-7602,0.01271,0.66495
CVE-2016-7603,0.0089,0.2856
CVE-2016-7604,0.0089,0.2856
CVE-2016-7605,0.00954,0.34522
CVE-2016-7606,0.01271,0.66495
CVE-2016-7607,0.01018,0.38792
CVE-2016-7609,0.00954,0.34522
CVE-2016-7610,0.02258,0.80578
CVE-2016-7611,0.02258,0.80578
CVE-2016-7612,0.02507,0.80889
CVE-2016-7613,0.01271,0.66495
CVE-2016-7614,0.00885,0.26162
CVE-2016-7615,0.0095,0.30554
CVE-2016-7616,0.01271,0.66495
CVE-2016-7618,0.02209,0.80307
CVE-2016-7619,0.0095,0.30554
CVE-2016-7620,0.0089,0.2856
CVE-2016-7621,0.02168,0.79258
CVE-2016-7622,0.02209,0.80307
CVE-2016-7623,0.01213,0.6557
CVE-2016-7624,0.0089,0.2856
CVE-2016-7625,0.0089,0.2856
CVE-2016-7626,0.08697,0.93648
CVE-2016-7627,0.01018,0.38792
CVE-2016-7628,0.0089,0.2856
CVE-2016-7629,0.01271,0.66495
CVE-2016-7630,0.00885,0.26162
CVE-2016-7632,0.02258,0.80578
CVE-2016-7633,0.01832,0.76196
CVE-2016-7634,0.00954,0.34522
CVE-2016-7635,0.02258,0.80578
CVE-2016-7636,0.01018,0.38792
CVE-2016-7638,0.00954,0.34522
CVE-2016-7639,0.02258,0.80578
CVE-2016-7640,0.02258,0.80578
CVE-2016-7641,0.02258,0.80578
CVE-2016-7642,0.02258,0.80578
CVE-2016-7643,0.01213,0.6557
CVE-2016-7645,0.02258,0.80578
CVE-2016-7646,0.02258,0.80578
CVE-2016-7648,0.02258,0.80578
CVE-2016-7649,0.02258,0.80578
CVE-2016-7650,0.01213,0.6557
CVE-2016-7651,0.0095,0.30554
CVE-2016-7652,0.02258,0.80578
CVE-2016-7653,0.00954,0.34522
CVE-2016-7654,0.02258,0.80578
CVE-2016-7655,0.01018,0.38792
CVE-2016-7656,0.02258,0.80578
CVE-2016-7657,0.01018,0.38792
CVE-2016-7658,0.03738,0.84377
CVE-2016-7659,0.03738,0.84377
CVE-2016-7660,0.02115,0.79119
CVE-2016-7661,0.02115,0.79119
CVE-2016-7662,0.01213,0.6557
CVE-2016-7663,0.02585,0.81241
CVE-2016-7664,0.00954,0.34522
CVE-2016-7665,0.01136,0.57949
CVE-2016-7666,0.00885,0.26162
CVE-2016-7667,0.01055,0.50287
CVE-2016-7714,0.0089,0.2856
CVE-2016-7742,0.01624,0.74891
CVE-2016-7759,0.00885,0.26162
CVE-2016-7761,0.00885,0.26162
CVE-2016-7762,0.00885,0.26162
CVE-2016-7765,0.00885,0.26162
CVE-2016-7777,0.0095,0.30554
CVE-2016-7780,0.01213,0.6557
CVE-2016-7781,0.01213,0.6557
CVE-2016-7782,0.01136,0.57949
CVE-2016-7783,0.01136,0.57949
CVE-2016-7784,0.01213,0.6557
CVE-2016-7785,0.01136,0.57949
CVE-2016-7786,0.08078,0.93055
CVE-2016-7787,0.0095,0.30554
CVE-2016-7788,0.01213,0.6557
CVE-2016-7789,0.01213,0.6557
CVE-2016-7790,0.02166,0.79253
CVE-2016-7791,0.02166,0.79253
CVE-2016-7792,0.01055,0.50287
CVE-2016-7793,0.04967,0.88942
CVE-2016-7794,0.05785,0.89924
CVE-2016-7795,0.01282,0.67298
CVE-2016-7796,0.01282,0.67298
CVE-2016-7797,0.01408,0.72072
CVE-2016-7798,0.01183,0.60428
CVE-2016-7799,0.01319,0.70416
CVE-2016-7800,0.01408,0.72072
CVE-2016-7801,0.01061,0.51015
CVE-2016-7802,0.01061,0.51015
CVE-2016-7803,0.01061,0.51015
CVE-2016-7804,0.01136,0.57949
CVE-2016-7805,0.00885,0.26162
CVE-2016-7806,0.01136,0.57949
CVE-2016-7807,0.01136,0.57949
CVE-2016-7808,0.01136,0.57949
CVE-2016-7809,0.01136,0.57949
CVE-2016-7810,0.0089,0.2856
CVE-2016-7811,0.00954,0.34522
CVE-2016-7812,0.00885,0.26162
CVE-2016-7813,0.01136,0.57949
CVE-2016-7814,0.01136,0.57949
CVE-2016-7815,0.01061,0.51015
CVE-2016-7816,0.00954,0.34522
CVE-2016-7817,0.01055,0.50287
CVE-2016-7818,0.01319,0.70416
CVE-2016-7819,0.0089,0.2856
CVE-2016-7820,0.0226,0.80584
CVE-2016-7821,0.01136,0.57949
CVE-2016-7822,0.01136,0.57949
CVE-2016-7823,0.0089,0.2856
CVE-2016-7824,0.0089,0.2856
CVE-2016-7825,0.0089,0.2856
CVE-2016-7826,0.0089,0.2856
CVE-2016-7830,0.00885,0.26162
CVE-2016-7831,0.01055,0.50287
CVE-2016-7832,0.01136,0.57949
CVE-2016-7833,0.01136,0.57949
CVE-2016-7834,0.00885,0.26162
CVE-2016-7835,0.01136,0.57949
CVE-2016-7836,0.05785,0.89924
CVE-2016-7837,0.01404,0.71155
CVE-2016-7838,0.04967,0.88942
CVE-2016-7839,0.01055,0.50287
CVE-2016-7840,0.01055,0.50287
CVE-2016-7841,0.01055,0.50287
CVE-2016-7842,0.01136,0.57949
CVE-2016-7843,0.01136,0.57949
CVE-2016-7844,0.01061,0.51015
CVE-2016-7845,0.01136,0.57949
CVE-2016-7851,0.10552,0.94394
CVE-2016-7852,0.01952,0.77181
CVE-2016-7853,0.01952,0.77181
CVE-2016-7854,0.01952,0.77181
CVE-2016-7855,0.05941,0.90101
CVE-2016-7856,0.01952,0.77181
CVE-2016-7857,0.03502,0.84092
CVE-2016-7858,0.03502,0.84092
CVE-2016-7859,0.03502,0.84092
CVE-2016-7860,0.03502,0.84092
CVE-2016-7861,0.03502,0.84092
CVE-2016-7862,0.03502,0.84092
CVE-2016-7863,0.03502,0.84092
CVE-2016-7864,0.03502,0.84092
CVE-2016-7865,0.03502,0.84092
CVE-2016-7866,0.41581,0.98151
CVE-2016-7867,0.04098,0.85347
CVE-2016-7868,0.04098,0.85347
CVE-2016-7869,0.04098,0.85347
CVE-2016-7870,0.04098,0.85347
CVE-2016-7871,0.04098,0.85347
CVE-2016-7872,0.04098,0.85347
CVE-2016-7873,0.03731,0.84375
CVE-2016-7874,0.03731,0.84375
CVE-2016-7875,0.04098,0.85347
CVE-2016-7876,0.03731,0.84375
CVE-2016-7877,0.03731,0.84375
CVE-2016-7878,0.04098,0.85347
CVE-2016-7879,0.04098,0.85347
CVE-2016-7880,0.03731,0.84375
CVE-2016-7881,0.03731,0.84375
CVE-2016-7882,0.01126,0.53553
CVE-2016-7883,0.01126,0.53553
CVE-2016-7884,0.01126,0.53553
CVE-2016-7885,0.01126,0.53553
CVE-2016-7886,0.03183,0.83298
CVE-2016-7887,0.01126,0.53553
CVE-2016-7888,0.01202,0.60495
CVE-2016-7889,0.01126,0.53553
CVE-2016-7890,0.01396,0.71116
CVE-2016-7891,0.01126,0.53553
CVE-2016-7892,0.03731,0.84375
CVE-2016-7902,0.04695,0.88634
CVE-2016-7903,0.01213,0.6557
CVE-2016-7904,0.01061,0.51015
CVE-2016-7905,0.01136,0.57949
CVE-2016-7906,0.01319,0.70416
CVE-2016-7907,0.01034,0.39824
CVE-2016-7908,0.01104,0.52279
CVE-2016-7909,0.01034,0.39824
CVE-2016-7910,0.02444,0.8084
CVE-2016-7911,0.01018,0.38792
CVE-2016-7912,0.01018,0.38792
CVE-2016-7913,0.01537,0.73595
CVE-2016-7914,0.01108,0.53389
CVE-2016-7915,0.01018,0.38792
CVE-2016-7916,0.01537,0.73595
CVE-2016-7917,0.0095,0.30554
CVE-2016-7919,0.01136,0.57949
CVE-2016-7922,0.01108,0.53389
CVE-2016-7923,0.01108,0.53389
CVE-2016-7924,0.01108,0.53389
CVE-2016-7925,0.01108,0.53389
CVE-2016-7926,0.01108,0.53389
CVE-2016-7927,0.01108,0.53389
CVE-2016-7928,0.01108,0.53389
CVE-2016-7929,0.01108,0.53389
CVE-2016-7930,0.01108,0.53389
CVE-2016-7931,0.01108,0.53389
CVE-2016-7932,0.01108,0.53389
CVE-2016-7933,0.01108,0.53389
CVE-2016-7934,0.01108,0.53389
CVE-2016-7935,0.01108,0.53389
CVE-2016-7936,0.01108,0.53389
CVE-2016-7937,0.01108,0.53389
CVE-2016-7938,0.01108,0.53389
CVE-2016-7939,0.01108,0.53389
CVE-2016-7940,0.01108,0.53389
CVE-2016-7942,0.01537,0.73595
CVE-2016-7943,0.01537,0.73595
CVE-2016-7944,0.01537,0.73595
CVE-2016-7945,0.01537,0.73595
CVE-2016-7946,0.01537,0.73595
CVE-2016-7947,0.01537,0.73595
CVE-2016-7948,0.01537,0.73595
CVE-2016-7949,0.01537,0.73595
CVE-2016-7950,0.01537,0.73595
CVE-2016-7951,0.01183,0.60428
CVE-2016-7952,0.01183,0.60428
CVE-2016-7953,0.01537,0.73595
CVE-2016-7954,0.01408,0.72072
CVE-2016-7955,0.05785,0.89924
CVE-2016-7957,0.01018,0.38792
CVE-2016-7958,0.01018,0.38792
CVE-2016-7959,0.0089,0.2856
CVE-2016-7960,0.0089,0.2856
CVE-2016-7964,0.00885,0.26162
CVE-2016-7965,0.01055,0.50287
CVE-2016-7966,0.01018,0.38792
CVE-2016-7967,0.00885,0.26162
CVE-2016-7968,0.00885,0.26162
CVE-2016-7969,0.02172,0.79917
CVE-2016-7970,0.01974,0.7812
CVE-2016-7972,0.02172,0.79917
CVE-2016-7973,0.01108,0.53389
CVE-2016-7974,0.01108,0.53389
CVE-2016-7975,0.01108,0.53389
CVE-2016-7976,0.05941,0.90101
CVE-2016-7977,0.01955,0.77585
CVE-2016-7978,0.06908,0.9183
CVE-2016-7979,0.07343,0.92173
CVE-2016-7980,0.108,0.94438
CVE-2016-7981,0.01319,0.70416
CVE-2016-7982,0.10212,0.94357
CVE-2016-7983,0.01108,0.53389
CVE-2016-7984,0.01108,0.53389
CVE-2016-7985,0.01108,0.53389
CVE-2016-7986,0.01108,0.53389
CVE-2016-7987,0.00885,0.26162
CVE-2016-7988,0.00885,0.26162
CVE-2016-7989,0.00885,0.26162
CVE-2016-7990,0.02065,0.78945
CVE-2016-7991,0.00885,0.26162
CVE-2016-7992,0.01108,0.53389
CVE-2016-7993,0.01108,0.53389
CVE-2016-7994,0.01034,0.39824
CVE-2016-7995,0.01034,0.39824
CVE-2016-7996,0.01213,0.6557
CVE-2016-7997,0.01213,0.6557
CVE-2016-7998,0.10418,0.94372
CVE-2016-7999,0.01408,0.72072
CVE-2016-8005,0.00885,0.26162
CVE-2016-8006,0.0095,0.30554
CVE-2016-8008,0.00885,0.26162
CVE-2016-8009,0.01525,0.72834
CVE-2016-8010,0.00885,0.26162
CVE-2016-8011,0.00885,0.26162
CVE-2016-8012,0.00885,0.26162
CVE-2016-8026,0.01102,0.51825
CVE-2016-8027,0.00954,0.34522
CVE-2016-8030,0.01055,0.50287
CVE-2016-8031,0.0089,0.2856
CVE-2016-8032,0.0089,0.2856
CVE-2016-8100,0.00885,0.26162
CVE-2016-8101,0.00885,0.26162
CVE-2016-8102,0.0089,0.2856
CVE-2016-8103,0.00885,0.26162
CVE-2016-8104,0.00885,0.26162
CVE-2016-8105,0.00885,0.26162
CVE-2016-8106,0.01319,0.70416
CVE-2016-8201,0.0095,0.30554
CVE-2016-8202,0.0095,0.30554
CVE-2016-8203,0.00954,0.34522
CVE-2016-8204,0.01213,0.6557
CVE-2016-8205,0.01213,0.6557
CVE-2016-8206,0.01213,0.6557
CVE-2016-8207,0.01213,0.6557
CVE-2016-8209,0.00885,0.26162
CVE-2016-8211,0.00954,0.34522
CVE-2016-8212,0.00954,0.34522
CVE-2016-8213,0.00954,0.34522
CVE-2016-8214,0.0089,0.2856
CVE-2016-8215,0.00954,0.34522
CVE-2016-8216,0.01011,0.36346
CVE-2016-8217,0.00954,0.34522
CVE-2016-8218,0.00885,0.26162
CVE-2016-8219,0.00885,0.26162
CVE-2016-8220,0.00885,0.26162
CVE-2016-8221,0.00885,0.26162
CVE-2016-8222,0.00885,0.26162
CVE-2016-8223,0.00885,0.26162
CVE-2016-8224,0.00885,0.26162
CVE-2016-8225,0.01102,0.51825
CVE-2016-8226,0.00885,0.26162
CVE-2016-8227,0.01102,0.51825
CVE-2016-8228,0.01525,0.72834
CVE-2016-8229,0.00885,0.26162
CVE-2016-8230,0.00885,0.26162
CVE-2016-8231,0.00885,0.26162
CVE-2016-8232,0.00954,0.34522
CVE-2016-8233,0.00885,0.26162
CVE-2016-8235,0.01102,0.51825
CVE-2016-8236,0.00885,0.26162
CVE-2016-8237,0.02166,0.79253
CVE-2016-8271,0.00885,0.26162
CVE-2016-8272,0.00885,0.26162
CVE-2016-8273,0.00885,0.26162
CVE-2016-8274,0.01525,0.72834
CVE-2016-8275,0.01055,0.50287
CVE-2016-8276,0.02065,0.78945
CVE-2016-8277,0.01055,0.50287
CVE-2016-8278,0.01055,0.50287
CVE-2016-8279,0.00885,0.26162
CVE-2016-8280,0.01055,0.50287
CVE-2016-8281,0.01061,0.51015
CVE-2016-8282,0.00954,0.34522
CVE-2016-8283,0.02186,0.8012
CVE-2016-8284,0.0095,0.30554
CVE-2016-8285,0.0089,0.2856
CVE-2016-8286,0.01132,0.54372
CVE-2016-8287,0.0095,0.30554
CVE-2016-8288,0.01132,0.54372
CVE-2016-8289,0.0095,0.30554
CVE-2016-8290,0.0095,0.30554
CVE-2016-8291,0.01136,0.57949
CVE-2016-8292,0.01061,0.51015
CVE-2016-8293,0.01136,0.57949
CVE-2016-8294,0.01061,0.51015
CVE-2016-8295,0.01061,0.51015
CVE-2016-8296,0.01061,0.51015
CVE-2016-8297,0.0089,0.2856
CVE-2016-8298,0.0089,0.2856
CVE-2016-8299,0.0089,0.2856
CVE-2016-8300,0.0089,0.2856
CVE-2016-8301,0.00954,0.34522
CVE-2016-8302,0.0089,0.2856
CVE-2016-8303,0.00954,0.34522
CVE-2016-8304,0.0089,0.2856
CVE-2016-8305,0.00954,0.34522
CVE-2016-8306,0.0089,0.2856
CVE-2016-8307,0.00954,0.34522
CVE-2016-8308,0.00954,0.34522
CVE-2016-8309,0.0089,0.2856
CVE-2016-8310,0.00954,0.34522
CVE-2016-8311,0.0089,0.2856
CVE-2016-8312,0.00954,0.34522
CVE-2016-8313,0.0089,0.2856
CVE-2016-8314,0.0089,0.2856
CVE-2016-8315,0.0089,0.2856
CVE-2016-8316,0.0089,0.2856
CVE-2016-8317,0.0089,0.2856
CVE-2016-8318,0.0095,0.30554
CVE-2016-8319,0.00954,0.34522
CVE-2016-8320,0.00954,0.34522
CVE-2016-8322,0.0089,0.2856
CVE-2016-8323,0.0089,0.2856
CVE-2016-8324,0.00954,0.34522
CVE-2016-8325,0.00954,0.34522
CVE-2016-8327,0.01034,0.39824
CVE-2016-8328,0.01108,0.53389
CVE-2016-8329,0.00954,0.34522
CVE-2016-8330,0.00954,0.34522
CVE-2016-8331,0.05785,0.89924
CVE-2016-8332,0.01767,0.7559
CVE-2016-8333,0.01102,0.51825
CVE-2016-8334,0.00885,0.26162
CVE-2016-8335,0.01102,0.51825
CVE-2016-8339,0.02578,0.8123
CVE-2016-8341,0.00885,0.26162
CVE-2016-8343,0.01055,0.50287
CVE-2016-8344,0.00885,0.26162
CVE-2016-8346,0.00885,0.26162
CVE-2016-8347,0.00885,0.26162
CVE-2016-8348,0.01578,0.74478
CVE-2016-8350,0.00885,0.26162
CVE-2016-8352,0.01578,0.74478
CVE-2016-8353,0.00885,0.26162
CVE-2016-8354,0.00885,0.26162
CVE-2016-8355,0.00885,0.26162
CVE-2016-8356,0.00885,0.26162
CVE-2016-8357,0.00885,0.26162
CVE-2016-8358,0.00885,0.26162
CVE-2016-8359,0.01578,0.74478
CVE-2016-8360,0.01578,0.74478
CVE-2016-8361,0.00885,0.26162
CVE-2016-8362,0.00885,0.26162
CVE-2016-8363,0.00885,0.26162
CVE-2016-8364,0.00885,0.26162
CVE-2016-8365,0.0089,0.2856
CVE-2016-8366,0.08382,0.93597
CVE-2016-8368,0.01055,0.50287
CVE-2016-8369,0.00885,0.26162
CVE-2016-8370,0.00885,0.26162
CVE-2016-8371,0.00954,0.34522
CVE-2016-8372,0.00885,0.26162
CVE-2016-8375,0.00954,0.34522
CVE-2016-8376,0.00885,0.26162
CVE-2016-8377,0.08303,0.93279
CVE-2016-8378,0.00885,0.26162
CVE-2016-8379,0.00885,0.26162
CVE-2016-8380,0.00954,0.34522
CVE-2016-8382,0.01086,0.51674
CVE-2016-8383,0.01086,0.51674
CVE-2016-8384,0.00885,0.26162
CVE-2016-8385,0.01102,0.51825
CVE-2016-8386,0.01102,0.51825
CVE-2016-8387,0.01102,0.51825
CVE-2016-8388,0.00885,0.26162
CVE-2016-8389,0.01102,0.51825
CVE-2016-8390,0.00885,0.26162
CVE-2016-8391,0.01102,0.51825
CVE-2016-8392,0.01102,0.51825
CVE-2016-8393,0.01102,0.51825
CVE-2016-8394,0.01102,0.51825
CVE-2016-8395,0.00954,0.34522
CVE-2016-8396,0.00885,0.26162
CVE-2016-8397,0.00954,0.34522
CVE-2016-8398,0.00885,0.26162
CVE-2016-8399,0.01767,0.7559
CVE-2016-8400,0.00954,0.34522
CVE-2016-8401,0.00885,0.26162
CVE-2016-8402,0.00885,0.26162
CVE-2016-8403,0.00885,0.26162
CVE-2016-8404,0.00885,0.26162
CVE-2016-8405,0.00954,0.34522
CVE-2016-8406,0.00885,0.26162
CVE-2016-8407,0.00885,0.26162
CVE-2016-8408,0.00885,0.26162
CVE-2016-8409,0.00885,0.26162
CVE-2016-8410,0.00885,0.26162
CVE-2016-8411,0.00885,0.26162
CVE-2016-8412,0.01102,0.51825
CVE-2016-8413,0.01018,0.38792
CVE-2016-8414,0.01603,0.74718
CVE-2016-8415,0.01102,0.51825
CVE-2016-8416,0.01018,0.38792
CVE-2016-8417,0.01603,0.74718
CVE-2016-8418,0.05785,0.89924
CVE-2016-8419,0.01603,0.74718
CVE-2016-8420,0.01603,0.74718
CVE-2016-8421,0.01603,0.74718
CVE-2016-8422,0.01102,0.51825
CVE-2016-8423,0.01102,0.51825
CVE-2016-8424,0.01603,0.74718
CVE-2016-8425,0.01603,0.74718
CVE-2016-8426,0.01603,0.74718
CVE-2016-8427,0.01603,0.74718
CVE-2016-8428,0.01603,0.74718
CVE-2016-8429,0.01603,0.74718
CVE-2016-8430,0.01603,0.74718
CVE-2016-8431,0.01102,0.51825
CVE-2016-8432,0.01102,0.51825
CVE-2016-8433,0.01102,0.51825
CVE-2016-8434,0.01102,0.51825
CVE-2016-8435,0.01102,0.51825
CVE-2016-8436,0.01102,0.51825
CVE-2016-8437,0.00885,0.26162
CVE-2016-8438,0.00885,0.26162
CVE-2016-8439,0.00885,0.26162
CVE-2016-8440,0.00885,0.26162
CVE-2016-8441,0.00885,0.26162
CVE-2016-8442,0.00885,0.26162
CVE-2016-8443,0.00885,0.26162
CVE-2016-8444,0.01102,0.51825
CVE-2016-8445,0.01102,0.51825
CVE-2016-8446,0.01102,0.51825
CVE-2016-8447,0.01102,0.51825
CVE-2016-8448,0.01102,0.51825
CVE-2016-8449,0.01603,0.74718
CVE-2016-8450,0.01102,0.51825
CVE-2016-8451,0.01102,0.51825
CVE-2016-8452,0.01102,0.51825
CVE-2016-8453,0.01102,0.51825
CVE-2016-8454,0.01102,0.51825
CVE-2016-8455,0.01102,0.51825
CVE-2016-8456,0.01102,0.51825
CVE-2016-8457,0.01102,0.51825
CVE-2016-8458,0.01102,0.51825
CVE-2016-8459,0.00885,0.26162
CVE-2016-8460,0.00885,0.26162
CVE-2016-8461,0.00885,0.26162
CVE-2016-8463,0.01055,0.50287
CVE-2016-8464,0.01102,0.51825
CVE-2016-8465,0.01603,0.74718
CVE-2016-8466,0.01102,0.51825
CVE-2016-8468,0.01102,0.51825
CVE-2016-8469,0.00885,0.26162
CVE-2016-8470,0.00885,0.26162
CVE-2016-8471,0.00885,0.26162
CVE-2016-8472,0.00885,0.26162
CVE-2016-8473,0.00885,0.26162
CVE-2016-8474,0.00885,0.26162
CVE-2016-8475,0.00885,0.26162
CVE-2016-8476,0.01603,0.74718
CVE-2016-8477,0.01018,0.38792
CVE-2016-8478,0.01018,0.38792
CVE-2016-8479,0.01603,0.74718
CVE-2016-8480,0.01603,0.74718
CVE-2016-8481,0.01603,0.74718
CVE-2016-8482,0.0089,0.2856
CVE-2016-8483,0.01018,0.38792
CVE-2016-8484,0.00954,0.34522
CVE-2016-8485,0.00954,0.34522
CVE-2016-8486,0.00954,0.34522
CVE-2016-8487,0.00954,0.34522
CVE-2016-8488,0.00954,0.34522
CVE-2016-8491,0.00885,0.26162
CVE-2016-8492,0.00885,0.26162
CVE-2016-8493,0.00885,0.26162
CVE-2016-8494,0.01578,0.74478
CVE-2016-8495,0.01136,0.57949
CVE-2016-8501,0.01055,0.50287
CVE-2016-8502,0.01055,0.50287
CVE-2016-8503,0.01055,0.50287
CVE-2016-8504,0.01055,0.50287
CVE-2016-8505,0.01055,0.50287
CVE-2016-8506,0.01055,0.50287
CVE-2016-8507,0.01055,0.50287
CVE-2016-8508,0.01055,0.50287
CVE-2016-8511,0.10074,0.94302
CVE-2016-8512,0.01377,0.70912
CVE-2016-8513,0.0095,0.30554
CVE-2016-8514,0.01132,0.54372
CVE-2016-8515,0.0095,0.30554
CVE-2016-8516,0.01213,0.6557
CVE-2016-8517,0.01018,0.38792
CVE-2016-8518,0.01213,0.6557
CVE-2016-8519,0.10074,0.94302
CVE-2016-8520,0.00885,0.26162
CVE-2016-8521,0.00954,0.34522
CVE-2016-8522,0.0089,0.2856
CVE-2016-8523,0.11703,0.9493
CVE-2016-8525,0.01213,0.6557
CVE-2016-8526,0.0089,0.2856
CVE-2016-8527,0.00954,0.34522
CVE-2016-8528,0.01061,0.51015
CVE-2016-8529,0.10074,0.94302
CVE-2016-8530,0.01055,0.50287
CVE-2016-8531,0.01055,0.50287
CVE-2016-8532,0.00885,0.26162
CVE-2016-8533,0.00885,0.26162
CVE-2016-8534,0.00885,0.26162
CVE-2016-8535,0.00885,0.26162
CVE-2016-8561,0.0095,0.30554
CVE-2016-8562,0.01132,0.54372
CVE-2016-8563,0.01213,0.6557
CVE-2016-8564,0.01213,0.6557
CVE-2016-8565,0.01213,0.6557
CVE-2016-8566,0.00885,0.26162
CVE-2016-8567,0.00885,0.26162
CVE-2016-8568,0.01955,0.77585
CVE-2016-8569,0.01955,0.77585
CVE-2016-8574,0.01108,0.53389
CVE-2016-8575,0.01108,0.53389
CVE-2016-8576,0.01282,0.67298
CVE-2016-8577,0.01034,0.39824
CVE-2016-8578,0.01034,0.39824
CVE-2016-8579,0.00885,0.26162
CVE-2016-8580,0.09647,0.93982
CVE-2016-8581,0.47353,0.98453
CVE-2016-8582,0.7962,0.99468
CVE-2016-8583,0.00885,0.26162
CVE-2016-8584,0.01055,0.50287
CVE-2016-8585,0.04695,0.88634
CVE-2016-8586,0.02166,0.79253
CVE-2016-8587,0.01765,0.75587
CVE-2016-8588,0.01624,0.74891
CVE-2016-8589,0.01702,0.75164
CVE-2016-8590,0.01702,0.75164
CVE-2016-8591,0.02166,0.79253
CVE-2016-8592,0.02166,0.79253
CVE-2016-8593,0.01702,0.75164
CVE-2016-8595,0.01055,0.50287
CVE-2016-8596,0.01578,0.74478
CVE-2016-8597,0.01578,0.74478
CVE-2016-8598,0.01578,0.74478
CVE-2016-8600,0.01018,0.38792
CVE-2016-8602,0.05203,0.89141
CVE-2016-8605,0.01018,0.38792
CVE-2016-8606,0.02578,0.8123
CVE-2016-8608,0.01132,0.54372
CVE-2016-8609,0.01018,0.38792
CVE-2016-8611,0.0095,0.30554
CVE-2016-8612,0.01742,0.75235
CVE-2016-8613,0.04836,0.88802
CVE-2016-8614,0.01018,0.38792
CVE-2016-8615,0.01537,0.73595
CVE-2016-8616,0.01537,0.73595
CVE-2016-8617,0.01282,0.67298
CVE-2016-8618,0.01537,0.73595
CVE-2016-8619,0.01537,0.73595
CVE-2016-8620,0.01183,0.60428
CVE-2016-8621,0.01537,0.73595
CVE-2016-8622,0.01537,0.73595
CVE-2016-8623,0.01537,0.73595
CVE-2016-8624,0.01537,0.73595
CVE-2016-8625,0.01537,0.73595
CVE-2016-8626,0.01034,0.39824
CVE-2016-8627,0.02686,0.82061
CVE-2016-8628,0.0089,0.2856
CVE-2016-8629,0.01034,0.39824
CVE-2016-8630,0.01104,0.52279
CVE-2016-8631,0.0089,0.2856
CVE-2016-8632,0.0095,0.30554
CVE-2016-8633,0.10052,0.9429
CVE-2016-8634,0.0089,0.2856
CVE-2016-8635,0.01018,0.38792
CVE-2016-8637,0.0095,0.30554
CVE-2016-8638,0.01108,0.53389
CVE-2016-8639,0.0095,0.30554
CVE-2016-8640,0.01018,0.38792
CVE-2016-8641,0.01832,0.76196
CVE-2016-8642,0.00885,0.26162
CVE-2016-8643,0.00885,0.26162
CVE-2016-8644,0.00885,0.26162
CVE-2016-8645,0.01282,0.67298
CVE-2016-8646,0.01282,0.67298
CVE-2016-8647,0.0089,0.2856
CVE-2016-8648,0.00885,0.26162
CVE-2016-8649,0.01034,0.39824
CVE-2016-8650,0.01282,0.67298
CVE-2016-8651,0.0089,0.2856
CVE-2016-8652,0.01213,0.6557
CVE-2016-8653,0.00885,0.26162
CVE-2016-8654,0.01108,0.53389
CVE-2016-8656,0.01547,0.74085
CVE-2016-8657,0.01034,0.39824
CVE-2016-8658,0.01282,0.67298
CVE-2016-8659,0.0095,0.30554
CVE-2016-8660,0.0089,0.2856
CVE-2016-8661,0.00885,0.26162
CVE-2016-8666,0.02172,0.79917
CVE-2016-8667,0.01034,0.39824
CVE-2016-8668,0.01034,0.39824
CVE-2016-8669,0.01282,0.67298
CVE-2016-8670,0.01408,0.72072
CVE-2016-8671,0.01213,0.6557
CVE-2016-8672,0.00885,0.26162
CVE-2016-8673,0.01055,0.50287
CVE-2016-8674,0.01408,0.72072
CVE-2016-8675,0.01213,0.6557
CVE-2016-8676,0.01213,0.6557
CVE-2016-8677,0.01408,0.72072
CVE-2016-8678,0.01213,0.6557
CVE-2016-8679,0.01213,0.6557
CVE-2016-8680,0.01213,0.6557
CVE-2016-8681,0.01213,0.6557
CVE-2016-8682,0.01319,0.70416
CVE-2016-8683,0.01319,0.70416
CVE-2016-8684,0.01319,0.70416
CVE-2016-8685,0.01213,0.6557
CVE-2016-8686,0.01136,0.57949
CVE-2016-8687,0.01974,0.7812
CVE-2016-8688,0.01955,0.77585
CVE-2016-8689,0.01408,0.72072
CVE-2016-8690,0.01776,0.75902
CVE-2016-8691,0.01776,0.75902
CVE-2016-8692,0.01776,0.75902
CVE-2016-8693,0.05203,0.89141
CVE-2016-8694,0.01213,0.6557
CVE-2016-8695,0.01213,0.6557
CVE-2016-8696,0.01213,0.6557
CVE-2016-8697,0.01213,0.6557
CVE-2016-8698,0.01213,0.6557
CVE-2016-8699,0.01213,0.6557
CVE-2016-8700,0.01213,0.6557
CVE-2016-8701,0.01213,0.6557
CVE-2016-8702,0.01213,0.6557
CVE-2016-8703,0.01213,0.6557
CVE-2016-8704,0.07343,0.92173
CVE-2016-8705,0.07343,0.92173
CVE-2016-8706,0.06908,0.9183
CVE-2016-8707,0.04967,0.88942
CVE-2016-8709,0.00885,0.26162
CVE-2016-8710,0.01765,0.75587
CVE-2016-8711,0.01765,0.75587
CVE-2016-8712,0.00885,0.26162
CVE-2016-8713,0.00885,0.26162
CVE-2016-8714,0.00954,0.34522
CVE-2016-8715,0.01102,0.51825
CVE-2016-8716,0.00885,0.26162
CVE-2016-8717,0.00885,0.26162
CVE-2016-8718,0.00885,0.26162
CVE-2016-8719,0.00885,0.26162
CVE-2016-8720,0.00885,0.26162
CVE-2016-8721,0.02055,0.7893
CVE-2016-8722,0.00885,0.26162
CVE-2016-8723,0.00885,0.26162
CVE-2016-8724,0.00885,0.26162
CVE-2016-8725,0.00885,0.26162
CVE-2016-8726,0.00885,0.26162
CVE-2016-8727,0.00885,0.26162
CVE-2016-8728,0.01036,0.41241
CVE-2016-8729,0.01036,0.41241
CVE-2016-8730,0.01689,0.75074
CVE-2016-8731,0.00885,0.26162
CVE-2016-8732,0.00885,0.26162
CVE-2016-8733,0.00885,0.26162
CVE-2016-8734,0.01627,0.74906
CVE-2016-8735,0.11891,0.94958
CVE-2016-8736,0.02166,0.79253
CVE-2016-8737,0.00954,0.34522
CVE-2016-8738,0.00954,0.34522
CVE-2016-8739,0.03032,0.82851
CVE-2016-8741,0.01484,0.72722
CVE-2016-8742,0.024140000000000002,0.80753
CVE-2016-8743,0.05242,0.89216
CVE-2016-8744,0.00885,0.26162
CVE-2016-8745,0.05242,0.89216
CVE-2016-8746,0.00885,0.26162
CVE-2016-8747,0.03718,0.84354
CVE-2016-8748,0.00885,0.26162
CVE-2016-8749,0.06908,0.9183
CVE-2016-8750,0.0089,0.2856
CVE-2016-8751,0.00885,0.26162
CVE-2016-8752,0.00885,0.26162
CVE-2016-8754,0.00885,0.26162
CVE-2016-8756,0.00885,0.26162
CVE-2016-8757,0.00885,0.26162
CVE-2016-8758,0.00885,0.26162
CVE-2016-8759,0.00885,0.26162
CVE-2016-8760,0.00885,0.26162
CVE-2016-8761,0.00885,0.26162
CVE-2016-8762,0.00885,0.26162
CVE-2016-8763,0.00885,0.26162
CVE-2016-8764,0.00885,0.26162
CVE-2016-8768,0.00885,0.26162
CVE-2016-8769,0.02042,0.78565
CVE-2016-8773,0.00885,0.26162
CVE-2016-8774,0.01102,0.51825
CVE-2016-8775,0.01102,0.51825
CVE-2016-8776,0.00885,0.26162
CVE-2016-8779,0.01055,0.50287
CVE-2016-8780,0.01055,0.50287
CVE-2016-8781,0.01055,0.50287
CVE-2016-8782,0.00885,0.26162
CVE-2016-8783,0.00885,0.26162
CVE-2016-8784,0.00885,0.26162
CVE-2016-8785,0.00885,0.26162
CVE-2016-8786,0.01055,0.50287
CVE-2016-8789,0.00885,0.26162
CVE-2016-8790,0.00885,0.26162
CVE-2016-8791,0.00885,0.26162
CVE-2016-8792,0.00885,0.26162
CVE-2016-8793,0.00885,0.26162
CVE-2016-8794,0.00885,0.26162
CVE-2016-8795,0.01055,0.50287
CVE-2016-8796,0.00885,0.26162
CVE-2016-8797,0.01055,0.50287
CVE-2016-8798,0.00885,0.26162
CVE-2016-8801,0.00885,0.26162
CVE-2016-8802,0.00885,0.26162
CVE-2016-8803,0.00885,0.26162
CVE-2016-8805,0.02042,0.78565
CVE-2016-8806,0.02042,0.78565
CVE-2016-8807,0.02042,0.78565
CVE-2016-8808,0.02042,0.78565
CVE-2016-8809,0.02042,0.78565
CVE-2016-8810,0.02042,0.78565
CVE-2016-8811,0.02042,0.78565
CVE-2016-8812,0.02042,0.78565
CVE-2016-8813,0.00885,0.26162
CVE-2016-8814,0.00885,0.26162
CVE-2016-8815,0.00885,0.26162
CVE-2016-8816,0.00885,0.26162
CVE-2016-8817,0.00885,0.26162
CVE-2016-8818,0.00885,0.26162
CVE-2016-8819,0.00885,0.26162
CVE-2016-8820,0.00885,0.26162
CVE-2016-8821,0.00885,0.26162
CVE-2016-8822,0.00885,0.26162
CVE-2016-8823,0.0089,0.2856
CVE-2016-8824,0.00885,0.26162
CVE-2016-8825,0.00885,0.26162
CVE-2016-8826,0.00885,0.26162
CVE-2016-8827,0.01018,0.38792
CVE-2016-8855,0.02173,0.80027
CVE-2016-8856,0.01404,0.71155
CVE-2016-8859,0.01108,0.53389
CVE-2016-8860,0.01319,0.70416
CVE-2016-8862,0.01319,0.70416
CVE-2016-8864,0.23599,0.96561
CVE-2016-8866,0.01408,0.72072
CVE-2016-8867,0.00954,0.34522
CVE-2016-8871,0.00885,0.26162
CVE-2016-8875,0.01055,0.50287
CVE-2016-8876,0.01517,0.728
CVE-2016-8877,0.01517,0.728
CVE-2016-8878,0.01517,0.728
CVE-2016-8879,0.01055,0.50287
CVE-2016-8882,0.01213,0.6557
CVE-2016-8883,0.01319,0.70416
CVE-2016-8884,0.01776,0.75902
CVE-2016-8885,0.01776,0.75902
CVE-2016-8886,0.01319,0.70416
CVE-2016-8887,0.01776,0.75902
CVE-2016-8889,0.00954,0.34522
CVE-2016-8897,0.00885,0.26162
CVE-2016-8898,0.00885,0.26162
CVE-2016-8899,0.00885,0.26162
CVE-2016-8900,0.00885,0.26162
CVE-2016-8901,0.00954,0.34522
CVE-2016-8902,0.01018,0.38792
CVE-2016-8903,0.01132,0.54372
CVE-2016-8904,0.01132,0.54372
CVE-2016-8905,0.01132,0.54372
CVE-2016-8906,0.01132,0.54372
CVE-2016-8907,0.01132,0.54372
CVE-2016-8908,0.01132,0.54372
CVE-2016-8909,0.01282,0.67298
CVE-2016-8910,0.01282,0.67298
CVE-2016-8911,0.01055,0.50287
CVE-2016-8912,0.00885,0.26162
CVE-2016-8913,0.01055,0.50287
CVE-2016-8915,0.00885,0.26162
CVE-2016-8916,0.00885,0.26162
CVE-2016-8917,0.00885,0.26162
CVE-2016-8918,0.01055,0.50287
CVE-2016-8919,0.00954,0.34522
CVE-2016-8920,0.00885,0.26162
CVE-2016-8921,0.02166,0.79253
CVE-2016-8922,0.00885,0.26162
CVE-2016-8923,0.00885,0.26162
CVE-2016-8924,0.01055,0.50287
CVE-2016-8925,0.01055,0.50287
CVE-2016-8926,0.01055,0.50287
CVE-2016-8927,0.00885,0.26162
CVE-2016-8928,0.01055,0.50287
CVE-2016-8929,0.01055,0.50287
CVE-2016-8930,0.01055,0.50287
CVE-2016-8931,0.02166,0.79253
CVE-2016-8932,0.02166,0.79253
CVE-2016-8933,0.01055,0.50287
CVE-2016-8934,0.00885,0.26162
CVE-2016-8935,0.00885,0.26162
CVE-2016-8936,0.00885,0.26162
CVE-2016-8937,0.00885,0.26162
CVE-2016-8938,0.01942,0.77152
CVE-2016-8939,0.0095,0.30554
CVE-2016-8940,0.00885,0.26162
CVE-2016-8941,0.00885,0.26162
CVE-2016-8942,0.00885,0.26162
CVE-2016-8943,0.00885,0.26162
CVE-2016-8944,0.0089,0.2856
CVE-2016-8946,0.0089,0.2856
CVE-2016-8947,0.01136,0.57949
CVE-2016-8948,0.0089,0.2856
CVE-2016-8949,0.01061,0.51015
CVE-2016-8950,0.00954,0.34522
CVE-2016-8951,0.00954,0.34522
CVE-2016-8952,0.0089,0.2856
CVE-2016-8953,0.01061,0.51015
CVE-2016-8954,0.01055,0.50287
CVE-2016-8960,0.00885,0.26162
CVE-2016-8961,0.01055,0.50287
CVE-2016-8962,0.00954,0.34522
CVE-2016-8963,0.00885,0.26162
CVE-2016-8964,0.01213,0.6557
CVE-2016-8966,0.01055,0.50287
CVE-2016-8967,0.00885,0.26162
CVE-2016-8968,0.01034,0.39824
CVE-2016-8971,0.00885,0.26162
CVE-2016-8972,0.01832,0.76196
CVE-2016-8973,0.00885,0.26162
CVE-2016-8974,0.01055,0.50287
CVE-2016-8975,0.0089,0.2856
CVE-2016-8977,0.00885,0.26162
CVE-2016-8980,0.01055,0.50287
CVE-2016-8981,0.00885,0.26162
CVE-2016-8982,0.00954,0.34522
CVE-2016-8986,0.00885,0.26162
CVE-2016-8987,0.0089,0.2856
CVE-2016-8998,0.01578,0.74478
CVE-2016-8999,0.0089,0.2856
CVE-2016-9000,0.01136,0.57949
CVE-2016-9005,0.00885,0.26162
CVE-2016-9006,0.00885,0.26162
CVE-2016-9008,0.00885,0.26162
CVE-2016-9009,0.00885,0.26162
CVE-2016-9010,0.01055,0.50287
CVE-2016-9011,0.01213,0.6557
CVE-2016-9012,0.01055,0.50287
CVE-2016-9013,0.01319,0.70416
CVE-2016-9014,0.01319,0.70416
CVE-2016-9015,0.00885,0.26162
CVE-2016-9016,0.0089,0.2856
CVE-2016-9017,0.00885,0.26162
CVE-2016-9018,0.02362,0.80685
CVE-2016-9019,0.01213,0.6557
CVE-2016-9020,0.01213,0.6557
CVE-2016-9021,0.00885,0.26162
CVE-2016-9022,0.00885,0.26162
CVE-2016-9023,0.00885,0.26162
CVE-2016-9025,0.00885,0.26162
CVE-2016-9026,0.00885,0.26162
CVE-2016-9028,0.01136,0.57949
CVE-2016-9031,0.00885,0.26162
CVE-2016-9032,0.00885,0.26162
CVE-2016-9033,0.00885,0.26162
CVE-2016-9034,0.00885,0.26162
CVE-2016-9035,0.00885,0.26162
CVE-2016-9036,0.00885,0.26162
CVE-2016-9037,0.00885,0.26162
CVE-2016-9038,0.00885,0.26162
CVE-2016-9039,0.00885,0.26162
CVE-2016-9040,0.00885,0.26162
CVE-2016-9042,0.02686,0.82061
CVE-2016-9043,0.01689,0.75074
CVE-2016-9044,0.01086,0.51674
CVE-2016-9045,0.01086,0.51674
CVE-2016-9048,0.00885,0.26162
CVE-2016-9049,0.00885,0.26162
CVE-2016-9050,0.00885,0.26162
CVE-2016-9051,0.02166,0.79253
CVE-2016-9052,0.02166,0.79253
CVE-2016-9053,0.02166,0.79253
CVE-2016-9054,0.02166,0.79253
CVE-2016-9061,0.01018,0.38792
CVE-2016-9062,0.0095,0.30554
CVE-2016-9063,0.01108,0.53389
CVE-2016-9064,0.01108,0.53389
CVE-2016-9065,0.01018,0.38792
CVE-2016-9067,0.0095,0.30554
CVE-2016-9068,0.01018,0.38792
CVE-2016-9069,0.01018,0.38792
CVE-2016-9070,0.0095,0.30554
CVE-2016-9071,0.01018,0.38792
CVE-2016-9072,0.01018,0.38792
CVE-2016-9073,0.01018,0.38792
CVE-2016-9074,0.01537,0.73595
CVE-2016-9075,0.01018,0.38792
CVE-2016-9076,0.01018,0.38792
CVE-2016-9077,0.01018,0.38792
CVE-2016-9078,0.01018,0.38792
CVE-2016-9080,0.01018,0.38792
CVE-2016-9081,0.00885,0.26162
CVE-2016-9082,0.01319,0.70416
CVE-2016-9083,0.01104,0.52279
CVE-2016-9084,0.01104,0.52279
CVE-2016-9085,0.01282,0.67298
CVE-2016-9086,0.00885,0.26162
CVE-2016-9087,0.01213,0.6557
CVE-2016-9091,0.07308,0.9216
CVE-2016-9092,0.01055,0.50287
CVE-2016-9093,0.0089,0.2856
CVE-2016-9094,0.00954,0.34522
CVE-2016-9097,0.0089,0.2856
CVE-2016-9099,0.01136,0.57949
CVE-2016-9100,0.0089,0.2856
CVE-2016-9101,0.01034,0.39824
CVE-2016-9102,0.01034,0.39824
CVE-2016-9103,0.01034,0.39824
CVE-2016-9104,0.01034,0.39824
CVE-2016-9105,0.01104,0.52279
CVE-2016-9106,0.01034,0.39824
CVE-2016-9107,0.01213,0.6557
CVE-2016-9108,0.01108,0.53389
CVE-2016-9109,0.01018,0.38792
CVE-2016-9111,0.07474,0.92322
CVE-2016-9112,0.01018,0.38792
CVE-2016-9113,0.00954,0.34522
CVE-2016-9114,0.00954,0.34522
CVE-2016-9115,0.00954,0.34522
CVE-2016-9116,0.00954,0.34522
CVE-2016-9117,0.00954,0.34522
CVE-2016-9118,0.01018,0.38792
CVE-2016-9119,0.01213,0.6557
CVE-2016-9120,0.01018,0.38792
CVE-2016-9121,0.00954,0.34522
CVE-2016-9122,0.00954,0.34522
CVE-2016-9123,0.00954,0.34522
CVE-2016-9124,0.00954,0.34522
CVE-2016-9125,0.01018,0.38792
CVE-2016-9126,0.0089,0.2856
CVE-2016-9127,0.00954,0.34522
CVE-2016-9128,0.0095,0.30554
CVE-2016-9129,0.00954,0.34522
CVE-2016-9130,0.00885,0.26162
CVE-2016-9131,0.04292,0.87029
CVE-2016-9132,0.01018,0.38792
CVE-2016-9134,0.00954,0.34522
CVE-2016-9135,0.00885,0.26162
CVE-2016-9136,0.00885,0.26162
CVE-2016-9137,0.01408,0.72072
CVE-2016-9138,0.01136,0.57949
CVE-2016-9139,0.01055,0.50287
CVE-2016-9147,0.04711,0.88663
CVE-2016-9148,0.01213,0.6557
CVE-2016-9149,0.01061,0.51015
CVE-2016-9150,0.12131,0.94983
CVE-2016-9151,0.01832,0.76196
CVE-2016-9152,0.01136,0.57949
CVE-2016-9154,0.01136,0.57949
CVE-2016-9155,0.00954,0.34522
CVE-2016-9156,0.01055,0.50287
CVE-2016-9157,0.02065,0.78945
CVE-2016-9158,0.01018,0.38792
CVE-2016-9159,0.01018,0.38792
CVE-2016-9160,0.01213,0.6557
CVE-2016-9164,0.01213,0.6557
CVE-2016-9165,0.01136,0.57949
CVE-2016-9166,0.00885,0.26162
CVE-2016-9167,0.00885,0.26162
CVE-2016-9168,0.01055,0.50287
CVE-2016-9169,0.01055,0.50287
CVE-2016-9176,0.04811,0.88737
CVE-2016-9177,0.01213,0.6557
CVE-2016-9178,0.01034,0.39824
CVE-2016-9179,0.00885,0.26162
CVE-2016-9180,0.01018,0.38792
CVE-2016-9181,0.00885,0.26162
CVE-2016-9182,0.00885,0.26162
CVE-2016-9183,0.00885,0.26162
CVE-2016-9184,0.00885,0.26162
CVE-2016-9185,0.0095,0.30554
CVE-2016-9186,0.02662,0.81427
CVE-2016-9187,0.02662,0.81427
CVE-2016-9188,0.01055,0.50287
CVE-2016-9189,0.01108,0.53389
CVE-2016-9190,0.01767,0.7559
CVE-2016-9191,0.01034,0.39824
CVE-2016-9193,0.01136,0.57949
CVE-2016-9194,0.00954,0.34522
CVE-2016-9195,0.01136,0.57949
CVE-2016-9196,0.0089,0.2856
CVE-2016-9197,0.00885,0.26162
CVE-2016-9198,0.01136,0.57949
CVE-2016-9199,0.01061,0.51015
CVE-2016-9200,0.01136,0.57949
CVE-2016-9201,0.01136,0.57949
CVE-2016-9202,0.01136,0.57949
CVE-2016-9203,0.01136,0.57949
CVE-2016-9204,0.01055,0.50287
CVE-2016-9205,0.01055,0.50287
CVE-2016-9206,0.01136,0.57949
CVE-2016-9207,0.01136,0.57949
CVE-2016-9208,0.01061,0.51015
CVE-2016-9209,0.01055,0.50287
CVE-2016-9210,0.01055,0.50287
CVE-2016-9211,0.01136,0.57949
CVE-2016-9212,0.01136,0.57949
CVE-2016-9214,0.01136,0.57949
CVE-2016-9215,0.0089,0.2856
CVE-2016-9216,0.01136,0.57949
CVE-2016-9217,0.01055,0.50287
CVE-2016-9218,0.01055,0.50287
CVE-2016-9219,0.01136,0.57949
CVE-2016-9220,0.00885,0.26162
CVE-2016-9221,0.00885,0.26162
CVE-2016-9222,0.01055,0.50287
CVE-2016-9223,0.01055,0.50287
CVE-2016-9224,0.01136,0.57949
CVE-2016-9225,0.01136,0.57949
CVE-2016-9242,0.01055,0.50287
CVE-2016-9243,0.01537,0.73595
CVE-2016-9245,0.00954,0.34522
CVE-2016-9247,0.00954,0.34522
CVE-2016-9249,0.00954,0.34522
CVE-2016-9250,0.00885,0.26162
CVE-2016-9251,0.00885,0.26162
CVE-2016-9252,0.01055,0.50287
CVE-2016-9253,0.00885,0.26162
CVE-2016-9256,0.00885,0.26162
CVE-2016-9257,0.00885,0.26162
CVE-2016-9259,0.01055,0.50287
CVE-2016-9260,0.01132,0.54372
CVE-2016-9261,0.01055,0.50287
CVE-2016-9262,0.01408,0.72072
CVE-2016-9263,0.01055,0.50287
CVE-2016-9264,0.01136,0.57949
CVE-2016-9265,0.01136,0.57949
CVE-2016-9266,0.01136,0.57949
CVE-2016-9268,0.04695,0.88634
CVE-2016-9269,0.04695,0.88634
CVE-2016-9271,0.00885,0.26162
CVE-2016-9272,0.01018,0.38792
CVE-2016-9273,0.01319,0.70416
CVE-2016-9274,0.00954,0.34522
CVE-2016-9275,0.01213,0.6557
CVE-2016-9276,0.01213,0.6557
CVE-2016-9277,0.00885,0.26162
CVE-2016-9278,0.0095,0.30554
CVE-2016-9279,0.01018,0.38792
CVE-2016-9282,0.01136,0.57949
CVE-2016-9283,0.01136,0.57949
CVE-2016-9284,0.01136,0.57949
CVE-2016-9285,0.01136,0.57949
CVE-2016-9286,0.01136,0.57949
CVE-2016-9287,0.00885,0.26162
CVE-2016-9288,0.00954,0.34522
CVE-2016-9294,0.00954,0.34522
CVE-2016-9296,0.01018,0.38792
CVE-2016-9297,0.01319,0.70416
CVE-2016-9298,0.01319,0.70416
CVE-2016-9299,0.86492,0.99701
CVE-2016-9303,0.01578,0.74478
CVE-2016-9304,0.01578,0.74478
CVE-2016-9305,0.00885,0.26162
CVE-2016-9306,0.01578,0.74478
CVE-2016-9307,0.01578,0.74478
CVE-2016-9310,0.02172,0.79917
CVE-2016-9311,0.03779,0.84781
CVE-2016-9312,0.01319,0.70416
CVE-2016-9313,0.01018,0.38792
CVE-2016-9314,0.01061,0.51015
CVE-2016-9315,0.01061,0.51015
CVE-2016-9316,0.01061,0.51015
CVE-2016-9317,0.01213,0.6557
CVE-2016-9318,0.01319,0.70416
CVE-2016-9319,0.00954,0.34522
CVE-2016-9332,0.08382,0.93597
CVE-2016-9333,0.01055,0.50287
CVE-2016-9334,0.00885,0.26162
CVE-2016-9335,0.00885,0.26162
CVE-2016-9337,0.02055,0.7893
CVE-2016-9338,0.00885,0.26162
CVE-2016-9339,0.00885,0.26162
CVE-2016-9343,0.01578,0.74478
CVE-2016-9344,0.00885,0.26162
CVE-2016-9345,0.0089,0.2856
CVE-2016-9346,0.00885,0.26162
CVE-2016-9347,0.00885,0.26162
CVE-2016-9348,0.00885,0.26162
CVE-2016-9349,0.08382,0.93597
CVE-2016-9351,0.0089,0.2856
CVE-2016-9353,0.00885,0.26162
CVE-2016-9354,0.00885,0.26162
CVE-2016-9355,0.00885,0.26162
CVE-2016-9356,0.00885,0.26162
CVE-2016-9357,0.00885,0.26162
CVE-2016-9358,0.00885,0.26162
CVE-2016-9360,0.0089,0.2856
CVE-2016-9361,0.31567,0.97479
CVE-2016-9362,0.00885,0.26162
CVE-2016-9363,0.01578,0.74478
CVE-2016-9364,0.00885,0.26162
CVE-2016-9365,0.00885,0.26162
CVE-2016-9366,0.00885,0.26162
CVE-2016-9367,0.00885,0.26162
CVE-2016-9368,0.00885,0.26162
CVE-2016-9369,0.02166,0.79253
CVE-2016-9371,0.00885,0.26162
CVE-2016-9372,0.01018,0.38792
CVE-2016-9373,0.01108,0.53389
CVE-2016-9374,0.01108,0.53389
CVE-2016-9375,0.01108,0.53389
CVE-2016-9376,0.01108,0.53389
CVE-2016-9377,0.0095,0.30554
CVE-2016-9378,0.0095,0.30554
CVE-2016-9379,0.01034,0.39824
CVE-2016-9380,0.01034,0.39824
CVE-2016-9381,0.0095,0.30554
CVE-2016-9382,0.0095,0.30554
CVE-2016-9383,0.01404,0.71155
CVE-2016-9384,0.0095,0.30554
CVE-2016-9385,0.0095,0.30554
CVE-2016-9386,0.0095,0.30554
CVE-2016-9387,0.01319,0.70416
CVE-2016-9388,0.01319,0.70416
CVE-2016-9389,0.01408,0.72072
CVE-2016-9390,0.01319,0.70416
CVE-2016-9391,0.01319,0.70416
CVE-2016-9392,0.01408,0.72072
CVE-2016-9393,0.01319,0.70416
CVE-2016-9394,0.01319,0.70416
CVE-2016-9395,0.01319,0.70416
CVE-2016-9396,0.02172,0.79917
CVE-2016-9397,0.01319,0.70416
CVE-2016-9398,0.02172,0.79917
CVE-2016-9399,0.01408,0.72072
CVE-2016-9400,0.02839,0.8236
CVE-2016-9401,0.01034,0.39824
CVE-2016-9402,0.01213,0.6557
CVE-2016-9403,0.01213,0.6557
CVE-2016-9404,0.01213,0.6557
CVE-2016-9405,0.01213,0.6557
CVE-2016-9406,0.01213,0.6557
CVE-2016-9407,0.01213,0.6557
CVE-2016-9408,0.01213,0.6557
CVE-2016-9409,0.01213,0.6557
CVE-2016-9410,0.01213,0.6557
CVE-2016-9411,0.01213,0.6557
CVE-2016-9412,0.01018,0.38792
CVE-2016-9413,0.01213,0.6557
CVE-2016-9414,0.01213,0.6557
CVE-2016-9415,0.01213,0.6557
CVE-2016-9416,0.01213,0.6557
CVE-2016-9417,0.01213,0.6557
CVE-2016-9418,0.01213,0.6557
CVE-2016-9419,0.01213,0.6557
CVE-2016-9420,0.01213,0.6557
CVE-2016-9421,0.01213,0.6557
CVE-2016-9422,0.03249,0.83468
CVE-2016-9423,0.03249,0.83468
CVE-2016-9424,0.03249,0.83468
CVE-2016-9425,0.03249,0.83468
CVE-2016-9426,0.03249,0.83468
CVE-2016-9427,0.02714,0.82073
CVE-2016-9428,0.03249,0.83468
CVE-2016-9429,0.03249,0.83468
CVE-2016-9430,0.01213,0.6557
CVE-2016-9431,0.01213,0.6557
CVE-2016-9432,0.01213,0.6557
CVE-2016-9433,0.01213,0.6557
CVE-2016-9434,0.01213,0.6557
CVE-2016-9435,0.01319,0.70416
CVE-2016-9436,0.01319,0.70416
CVE-2016-9437,0.01213,0.6557
CVE-2016-9438,0.01213,0.6557
CVE-2016-9439,0.01213,0.6557
CVE-2016-9440,0.01213,0.6557
CVE-2016-9441,0.01213,0.6557
CVE-2016-9442,0.01213,0.6557
CVE-2016-9443,0.01213,0.6557
CVE-2016-9444,0.04292,0.87029
CVE-2016-9445,0.02172,0.79917
CVE-2016-9446,0.01974,0.7812
CVE-2016-9447,0.03899,0.84942
CVE-2016-9448,0.01319,0.70416
CVE-2016-9449,0.01061,0.51015
CVE-2016-9450,0.01055,0.50287
CVE-2016-9451,0.01061,0.51015
CVE-2016-9452,0.01055,0.50287
CVE-2016-9453,0.03899,0.84942
CVE-2016-9454,0.0089,0.2856
CVE-2016-9455,0.01018,0.38792
CVE-2016-9456,0.00954,0.34522
CVE-2016-9457,0.0095,0.30554
CVE-2016-9459,0.01183,0.60428
CVE-2016-9460,0.01183,0.60428
CVE-2016-9461,0.01282,0.67298
CVE-2016-9462,0.01282,0.67298
CVE-2016-9463,0.01537,0.73595
CVE-2016-9464,0.01034,0.39824
CVE-2016-9465,0.01034,0.39824
CVE-2016-9466,0.01108,0.53389
CVE-2016-9467,0.01537,0.73595
CVE-2016-9468,0.01108,0.53389
CVE-2016-9469,0.01108,0.53389
CVE-2016-9470,0.0089,0.2856
CVE-2016-9471,0.0089,0.2856
CVE-2016-9472,0.0095,0.30554
CVE-2016-9473,0.01018,0.38792
CVE-2016-9479,0.01213,0.6557
CVE-2016-9480,0.01018,0.38792
CVE-2016-9481,0.00954,0.34522
CVE-2016-9482,0.01055,0.50287
CVE-2016-9483,0.01055,0.50287
CVE-2016-9484,0.01055,0.50287
CVE-2016-9485,0.00885,0.26162
CVE-2016-9486,0.00885,0.26162
CVE-2016-9487,0.00885,0.26162
CVE-2016-9488,0.03022,0.82826
CVE-2016-9489,0.0089,0.2856
CVE-2016-9490,0.01018,0.38792
CVE-2016-9491,0.0089,0.2856
CVE-2016-9492,0.0144,0.7265
CVE-2016-9493,0.0144,0.7265
CVE-2016-9494,0.00885,0.26162
CVE-2016-9495,0.00885,0.26162
CVE-2016-9496,0.00885,0.26162
CVE-2016-9497,0.01055,0.50287
CVE-2016-9498,0.02094,0.79055
CVE-2016-9499,0.00954,0.34522
CVE-2016-9500,0.00954,0.34522
CVE-2016-9532,0.01408,0.72072
CVE-2016-9533,0.01018,0.38792
CVE-2016-9534,0.01018,0.38792
CVE-2016-9535,0.01108,0.53389
CVE-2016-9536,0.01018,0.38792
CVE-2016-9537,0.01018,0.38792
CVE-2016-9538,0.01018,0.38792
CVE-2016-9539,0.00954,0.34522
CVE-2016-9540,0.01018,0.38792
CVE-2016-9553,0.08078,0.93055
CVE-2016-9554,0.08078,0.93055
CVE-2016-9555,0.04358,0.87435
CVE-2016-9556,0.01776,0.75902
CVE-2016-9557,0.01213,0.6557
CVE-2016-9558,0.01319,0.70416
CVE-2016-9559,0.01319,0.70416
CVE-2016-9560,0.01408,0.72072
CVE-2016-9561,0.01055,0.50287
CVE-2016-9562,0.01136,0.57949
CVE-2016-9563,0.01061,0.51015
CVE-2016-9564,0.01055,0.50287
CVE-2016-9565,0.18327,0.96125
CVE-2016-9566,0.0465,0.88526
CVE-2016-9567,0.00885,0.26162
CVE-2016-9568,0.00885,0.26162
CVE-2016-9569,0.00885,0.26162
CVE-2016-9570,0.00885,0.26162
CVE-2016-9572,0.01108,0.53389
CVE-2016-9573,0.01108,0.53389
CVE-2016-9574,0.01055,0.50287
CVE-2016-9575,0.0089,0.2856
CVE-2016-9576,0.01547,0.74085
CVE-2016-9577,0.02422,0.80762
CVE-2016-9578,0.01108,0.53389
CVE-2016-9579,0.01319,0.70416
CVE-2016-9580,0.01018,0.38792
CVE-2016-9581,0.01018,0.38792
CVE-2016-9583,0.01108,0.53389
CVE-2016-9584,0.01055,0.50287
CVE-2016-9585,0.00885,0.26162
CVE-2016-9586,0.01537,0.73595
CVE-2016-9587,0.36148,0.97777
CVE-2016-9588,0.01282,0.67298
CVE-2016-9589,0.02686,0.82061
CVE-2016-9590,0.0095,0.30554
CVE-2016-9591,0.01018,0.38792
CVE-2016-9592,0.00885,0.26162
CVE-2016-9593,0.0089,0.2856
CVE-2016-9594,0.01108,0.53389
CVE-2016-9595,0.00885,0.26162
CVE-2016-9596,0.00885,0.26162
CVE-2016-9597,0.00885,0.26162
CVE-2016-9598,0.00885,0.26162
CVE-2016-9599,0.00885,0.26162
CVE-2016-9600,0.00954,0.34522
CVE-2016-9601,0.01108,0.53389
CVE-2016-9602,0.01104,0.52279
CVE-2016-9603,0.02993,0.82801
CVE-2016-9604,0.01104,0.52279
CVE-2016-9605,0.00885,0.26162
CVE-2016-9606,0.03806,0.84842
CVE-2016-9622,0.01136,0.57949
CVE-2016-9623,0.01136,0.57949
CVE-2016-9624,0.01136,0.57949
CVE-2016-9625,0.01136,0.57949
CVE-2016-9626,0.01136,0.57949
CVE-2016-9627,0.01136,0.57949
CVE-2016-9628,0.01136,0.57949
CVE-2016-9629,0.01136,0.57949
CVE-2016-9630,0.01136,0.57949
CVE-2016-9631,0.01136,0.57949
CVE-2016-9632,0.01136,0.57949
CVE-2016-9633,0.01136,0.57949
CVE-2016-9634,0.06698,0.91171
CVE-2016-9635,0.06698,0.91171
CVE-2016-9636,0.06698,0.91171
CVE-2016-9637,0.01034,0.39824
CVE-2016-9638,0.0089,0.2856
CVE-2016-9639,0.01018,0.38792
CVE-2016-9642,0.01018,0.38792
CVE-2016-9643,0.01213,0.6557
CVE-2016-9644,0.01018,0.38792
CVE-2016-9645,0.0089,0.2856
CVE-2016-9646,0.01018,0.38792
CVE-2016-9650,0.01213,0.6557
CVE-2016-9651,0.17086,0.96003
CVE-2016-9652,0.01537,0.73595
CVE-2016-9675,0.01603,0.74718
CVE-2016-9676,0.02578,0.8123
CVE-2016-9677,0.00954,0.34522
CVE-2016-9678,0.02578,0.8123
CVE-2016-9679,0.02578,0.8123
CVE-2016-9680,0.00954,0.34522
CVE-2016-9681,0.01061,0.51015
CVE-2016-9682,0.08382,0.93597
CVE-2016-9683,0.08382,0.93597
CVE-2016-9684,0.08382,0.93597
CVE-2016-9685,0.01282,0.67298
CVE-2016-9686,0.00885,0.26162
CVE-2016-9691,0.01055,0.50287
CVE-2016-9692,0.01055,0.50287
CVE-2016-9693,0.00885,0.26162
CVE-2016-9694,0.00885,0.26162
CVE-2016-9696,0.01055,0.50287
CVE-2016-9697,0.00885,0.26162
CVE-2016-9698,0.01132,0.54372
CVE-2016-9700,0.00885,0.26162
CVE-2016-9701,0.0095,0.30554
CVE-2016-9703,0.00954,0.34522
CVE-2016-9704,0.00954,0.34522
CVE-2016-9706,0.01055,0.50287
CVE-2016-9707,0.01055,0.50287
CVE-2016-9710,0.01136,0.57949
CVE-2016-9711,0.00954,0.34522
CVE-2016-9714,0.00885,0.26162
CVE-2016-9715,0.0089,0.2856
CVE-2016-9716,0.00954,0.34522
CVE-2016-9717,0.0089,0.2856
CVE-2016-9718,0.0089,0.2856
CVE-2016-9719,0.01061,0.51015
CVE-2016-9720,0.00885,0.26162
CVE-2016-9722,0.0089,0.2856
CVE-2016-9723,0.00885,0.26162
CVE-2016-9724,0.01055,0.50287
CVE-2016-9725,0.00885,0.26162
CVE-2016-9726,0.01055,0.50287
CVE-2016-9727,0.01055,0.50287
CVE-2016-9728,0.01055,0.50287
CVE-2016-9729,0.00885,0.26162
CVE-2016-9730,0.00885,0.26162
CVE-2016-9731,0.00885,0.26162
CVE-2016-9732,0.00885,0.26162
CVE-2016-9733,0.0095,0.30554
CVE-2016-9735,0.00885,0.26162
CVE-2016-9736,0.01213,0.6557
CVE-2016-9737,0.00885,0.26162
CVE-2016-9738,0.00954,0.34522
CVE-2016-9739,0.0089,0.2856
CVE-2016-9740,0.01055,0.50287
CVE-2016-9746,0.0095,0.30554
CVE-2016-9747,0.0089,0.2856
CVE-2016-9748,0.00885,0.26162
CVE-2016-9749,0.00885,0.26162
CVE-2016-9750,0.00885,0.26162
CVE-2016-9751,0.01055,0.50287
CVE-2016-9752,0.00954,0.34522
CVE-2016-9754,0.0095,0.30554
CVE-2016-9755,0.01034,0.39824
CVE-2016-9756,0.01034,0.39824
CVE-2016-9757,0.00885,0.26162
CVE-2016-9772,0.01136,0.57949
CVE-2016-9773,0.01213,0.6557
CVE-2016-9774,0.02537,0.81131
CVE-2016-9775,0.02537,0.81131
CVE-2016-9776,0.01034,0.39824
CVE-2016-9777,0.01034,0.39824
CVE-2016-9778,0.01626,0.74899
CVE-2016-9793,0.03534,0.84129
CVE-2016-9794,0.01547,0.74085
CVE-2016-9796,0.08944,0.93724
CVE-2016-9797,0.00954,0.34522
CVE-2016-9798,0.01018,0.38792
CVE-2016-9799,0.00885,0.26162
CVE-2016-9800,0.00885,0.26162
CVE-2016-9801,0.00885,0.26162
CVE-2016-9802,0.00954,0.34522
CVE-2016-9803,0.00885,0.26162
CVE-2016-9804,0.00885,0.26162
CVE-2016-9806,0.01282,0.67298
CVE-2016-9807,0.01955,0.77585
CVE-2016-9808,0.01974,0.7812
CVE-2016-9809,0.01955,0.77585
CVE-2016-9810,0.01319,0.70416
CVE-2016-9811,0.01955,0.77585
CVE-2016-9812,0.01408,0.72072
CVE-2016-9813,0.0574,0.89858
CVE-2016-9814,0.01136,0.57949
CVE-2016-9815,0.01034,0.39824
CVE-2016-9816,0.01034,0.39824
CVE-2016-9817,0.01104,0.52279
CVE-2016-9818,0.01034,0.39824
CVE-2016-9819,0.01055,0.50287
CVE-2016-9820,0.01055,0.50287
CVE-2016-9821,0.01136,0.57949
CVE-2016-9822,0.01136,0.57949
CVE-2016-9823,0.01055,0.50287
CVE-2016-9824,0.01055,0.50287
CVE-2016-9825,0.01055,0.50287
CVE-2016-9826,0.01055,0.50287
CVE-2016-9827,0.01213,0.6557
CVE-2016-9828,0.01213,0.6557
CVE-2016-9829,0.01213,0.6557
CVE-2016-9830,0.01319,0.70416
CVE-2016-9831,0.01213,0.6557
CVE-2016-9832,0.05619,0.89566
CVE-2016-9834,0.02173,0.80027
CVE-2016-9835,0.01213,0.6557
CVE-2016-9836,0.00885,0.26162
CVE-2016-9837,0.00885,0.26162
CVE-2016-9838,0.08382,0.93597
CVE-2016-9839,0.00885,0.26162
CVE-2016-9840,0.02686,0.82061
CVE-2016-9841,0.02686,0.82061
CVE-2016-9842,0.02686,0.82061
CVE-2016-9843,0.02686,0.82061
CVE-2016-9844,0.01213,0.6557
CVE-2016-9845,0.0095,0.30554
CVE-2016-9846,0.0095,0.30554
CVE-2016-9847,0.00954,0.34522
CVE-2016-9848,0.00954,0.34522
CVE-2016-9849,0.01018,0.38792
CVE-2016-9850,0.02578,0.8123
CVE-2016-9851,0.00954,0.34522
CVE-2016-9852,0.02578,0.8123
CVE-2016-9853,0.02578,0.8123
CVE-2016-9854,0.02578,0.8123
CVE-2016-9855,0.02578,0.8123
CVE-2016-9856,0.00954,0.34522
CVE-2016-9857,0.00954,0.34522
CVE-2016-9858,0.00954,0.34522
CVE-2016-9859,0.00954,0.34522
CVE-2016-9860,0.00954,0.34522
CVE-2016-9861,0.01018,0.38792
CVE-2016-9862,0.00954,0.34522
CVE-2016-9863,0.00954,0.34522
CVE-2016-9864,0.0095,0.30554
CVE-2016-9865,0.01018,0.38792
CVE-2016-9866,0.00954,0.34522
CVE-2016-9867,0.01102,0.51825
CVE-2016-9868,0.00885,0.26162
CVE-2016-9869,0.00885,0.26162
CVE-2016-9870,0.00885,0.26162
CVE-2016-9871,0.00885,0.26162
CVE-2016-9872,0.00954,0.34522
CVE-2016-9873,0.0226,0.80584
CVE-2016-9877,0.01018,0.38792
CVE-2016-9878,0.01537,0.73595
CVE-2016-9879,0.00954,0.34522
CVE-2016-9880,0.00885,0.26162
CVE-2016-9882,0.00885,0.26162
CVE-2016-9885,0.00885,0.26162
CVE-2016-9888,0.01018,0.38792
CVE-2016-9889,0.00954,0.34522
CVE-2016-9891,0.01232,0.66248
CVE-2016-9892,0.02578,0.8123
CVE-2016-9893,0.01537,0.73595
CVE-2016-9894,0.01018,0.38792
CVE-2016-9895,0.01537,0.73595
CVE-2016-9896,0.01018,0.38792
CVE-2016-9897,0.01537,0.73595
CVE-2016-9898,0.01537,0.73595
CVE-2016-9899,0.18327,0.96125
CVE-2016-9900,0.01537,0.73595
CVE-2016-9901,0.01183,0.60428
CVE-2016-9902,0.01183,0.60428
CVE-2016-9903,0.01018,0.38792
CVE-2016-9904,0.01537,0.73595
CVE-2016-9905,0.01537,0.73595
CVE-2016-9907,0.01034,0.39824
CVE-2016-9908,0.0089,0.2856
CVE-2016-9909,0.01319,0.70416
CVE-2016-9910,0.01319,0.70416
CVE-2016-9911,0.01034,0.39824
CVE-2016-9912,0.0089,0.2856
CVE-2016-9913,0.01034,0.39824
CVE-2016-9914,0.01034,0.39824
CVE-2016-9915,0.01034,0.39824
CVE-2016-9916,0.01034,0.39824
CVE-2016-9917,0.00954,0.34522
CVE-2016-9918,0.00954,0.34522
CVE-2016-9919,0.01213,0.6557
CVE-2016-9921,0.01034,0.39824
CVE-2016-9922,0.01104,0.52279
CVE-2016-9923,0.0089,0.2856
CVE-2016-9924,0.01055,0.50287
CVE-2016-9928,0.02172,0.79917
CVE-2016-9932,0.01034,0.39824
CVE-2016-9933,0.03779,0.84781
CVE-2016-9934,0.02172,0.79917
CVE-2016-9935,0.02172,0.79917
CVE-2016-9936,0.01319,0.70416
CVE-2016-9937,0.0223,0.80449
CVE-2016-9938,0.01923,0.77074
CVE-2016-9939,0.01018,0.38792
CVE-2016-9941,0.02714,0.82073
CVE-2016-9942,0.02714,0.82073
CVE-2016-9949,0.01319,0.70416
CVE-2016-9950,0.01108,0.53389
CVE-2016-9951,0.01108,0.53389
CVE-2016-9952,0.01055,0.50287
CVE-2016-9953,0.01055,0.50287
CVE-2016-9954,0.01213,0.6557
CVE-2016-9955,0.01136,0.57949
CVE-2016-9956,0.02172,0.79917
CVE-2016-9957,0.01537,0.73595
CVE-2016-9958,0.01955,0.77585
CVE-2016-9959,0.01955,0.77585
CVE-2016-9960,0.01282,0.67298
CVE-2016-9961,0.01537,0.73595
CVE-2016-9962,0.01791,0.76026
CVE-2016-9963,0.01319,0.70416
CVE-2016-9964,0.01018,0.38792
CVE-2016-9965,0.00885,0.26162
CVE-2016-9966,0.00885,0.26162
CVE-2016-9967,0.00885,0.26162
CVE-2016-9969,0.00885,0.26162
CVE-2016-9972,0.01136,0.57949
CVE-2016-9973,0.0089,0.2856
CVE-2016-9975,0.00885,0.26162
CVE-2016-9976,0.02067,0.78991
CVE-2016-9977,0.01061,0.51015
CVE-2016-9978,0.00885,0.26162
CVE-2016-9979,0.00885,0.26162
CVE-2016-9980,0.00885,0.26162
CVE-2016-9981,0.00954,0.34522
CVE-2016-9982,0.0089,0.2856
CVE-2016-9983,0.0089,0.2856
CVE-2016-9984,0.01055,0.50287
CVE-2016-9985,0.00885,0.26162
CVE-2016-9986,0.0089,0.2856
CVE-2016-9987,0.0089,0.2856
CVE-2016-9988,0.0089,0.2856
CVE-2016-9989,0.0089,0.2856
CVE-2016-9990,0.00954,0.34522
CVE-2016-9991,0.0089,0.2856
CVE-2016-9992,0.01055,0.50287
CVE-2016-9993,0.01055,0.50287
CVE-2016-9994,0.01055,0.50287
CVE-2016-9997,0.00954,0.34522
CVE-2016-9998,0.00954,0.34522
CVE-2015-0001,0.02283,0.80608
CVE-2015-0002,0.03614,0.84253
CVE-2015-0003,0.01418,0.72341
CVE-2015-0004,0.01961,0.77613
CVE-2015-0005,0.31152,0.97464
CVE-2015-0008,0.79545,0.99451
CVE-2015-0009,0.3989,0.98029
CVE-2015-0010,0.01418,0.72341
CVE-2015-0011,0.01773,0.75657
CVE-2015-0012,0.02084,0.79035
CVE-2015-0014,0.85941,0.99676
CVE-2015-0015,0.29551,0.97308
CVE-2015-0016,0.78794,0.99436
CVE-2015-0017,0.27518,0.97086
CVE-2015-0018,0.27518,0.97086
CVE-2015-0019,0.27518,0.97086
CVE-2015-0020,0.27518,0.97086
CVE-2015-0021,0.27518,0.97086
CVE-2015-0022,0.27518,0.97086
CVE-2015-0023,0.26033,0.9692
CVE-2015-0025,0.27518,0.97086
CVE-2015-0026,0.27518,0.97086
CVE-2015-0027,0.27518,0.97086
CVE-2015-0028,0.27518,0.97086
CVE-2015-0029,0.27518,0.97086
CVE-2015-0030,0.27518,0.97086
CVE-2015-0031,0.27518,0.97086
CVE-2015-0032,0.28222,0.97158
CVE-2015-0035,0.27518,0.97086
CVE-2015-0036,0.27518,0.97086
CVE-2015-0037,0.27518,0.97086
CVE-2015-0038,0.27518,0.97086
CVE-2015-0039,0.27518,0.97086
CVE-2015-0040,0.72342,0.99205
CVE-2015-0041,0.27518,0.97086
CVE-2015-0042,0.27518,0.97086
CVE-2015-0043,0.27518,0.97086
CVE-2015-0044,0.27518,0.97086
CVE-2015-0045,0.27518,0.97086
CVE-2015-0046,0.27518,0.97086
CVE-2015-0048,0.27518,0.97086
CVE-2015-0049,0.27518,0.97086
CVE-2015-0050,0.73729,0.99252
CVE-2015-0051,0.27884,0.97135
CVE-2015-0052,0.27518,0.97086
CVE-2015-0053,0.27518,0.97086
CVE-2015-0054,0.27884,0.97135
CVE-2015-0055,0.27884,0.97135
CVE-2015-0056,0.27518,0.97086
CVE-2015-0058,0.01418,0.72341
CVE-2015-0059,0.47389,0.98455
CVE-2015-0060,0.01418,0.72341
CVE-2015-0061,0.29917,0.97367
CVE-2015-0062,0.02084,0.79035
CVE-2015-0063,0.47769,0.98463
CVE-2015-0064,0.74408,0.99276
CVE-2015-0065,0.78515,0.99428
CVE-2015-0066,0.27518,0.97086
CVE-2015-0067,0.27518,0.97086
CVE-2015-0068,0.27518,0.97086
CVE-2015-0069,0.27884,0.97135
CVE-2015-0070,0.27884,0.97135
CVE-2015-0071,0.27884,0.97135
CVE-2015-0073,0.01418,0.72341
CVE-2015-0074,0.27884,0.97135
CVE-2015-0075,0.01418,0.72341
CVE-2015-0076,0.27884,0.97135
CVE-2015-0077,0.01418,0.72341
CVE-2015-0078,0.01418,0.72341
CVE-2015-0079,0.24057,0.96634
CVE-2015-0080,0.27884,0.97135
CVE-2015-0081,0.55263,0.98728
CVE-2015-0084,0.01418,0.72341
CVE-2015-0085,0.61305,0.98878
CVE-2015-0086,0.38913,0.97927
CVE-2015-0087,0.27884,0.97135
CVE-2015-0088,0.4609,0.98297
CVE-2015-0089,0.27884,0.97135
CVE-2015-0090,0.4609,0.98297
CVE-2015-0091,0.4609,0.98297
CVE-2015-0092,0.4609,0.98297
CVE-2015-0093,0.4609,0.98297
CVE-2015-0094,0.0141,0.7214
CVE-2015-0095,0.01418,0.72341
CVE-2015-0096,0.92804,0.99917
CVE-2015-0097,0.56993,0.98759
CVE-2015-0098,0.03657,0.84263
CVE-2015-0099,0.27518,0.97086
CVE-2015-0100,0.27518,0.97086
CVE-2015-0101,0.00885,0.26162
CVE-2015-0102,0.01136,0.57949
CVE-2015-0103,0.01055,0.50287
CVE-2015-0104,0.02166,0.79253
CVE-2015-0105,0.01136,0.57949
CVE-2015-0106,0.01055,0.50287
CVE-2015-0107,0.01055,0.50287
CVE-2015-0108,0.01055,0.50287
CVE-2015-0109,0.01055,0.50287
CVE-2015-0110,0.01055,0.50287
CVE-2015-0112,0.01055,0.50287
CVE-2015-0113,0.01055,0.50287
CVE-2015-0114,0.00885,0.26162
CVE-2015-0115,0.01055,0.50287
CVE-2015-0116,0.01055,0.50287
CVE-2015-0117,0.0556,0.89553
CVE-2015-0118,0.01055,0.50287
CVE-2015-0119,0.04611,0.88458
CVE-2015-0120,0.00885,0.26162
CVE-2015-0121,0.01055,0.50287
CVE-2015-0122,0.01061,0.51015
CVE-2015-0123,0.01061,0.51015
CVE-2015-0124,0.01061,0.51015
CVE-2015-0125,0.01055,0.50287
CVE-2015-0126,0.01055,0.50287
CVE-2015-0127,0.01055,0.50287
CVE-2015-0128,0.01055,0.50287
CVE-2015-0129,0.01055,0.50287
CVE-2015-0130,0.01055,0.50287
CVE-2015-0131,0.01055,0.50287
CVE-2015-0132,0.01055,0.50287
CVE-2015-0133,0.01136,0.57949
CVE-2015-0134,0.05822,0.89998
CVE-2015-0135,0.0556,0.89553
CVE-2015-0136,0.00885,0.26162
CVE-2015-0137,0.00885,0.26162
CVE-2015-0138,0.03779,0.84781
CVE-2015-0139,0.01061,0.51015
CVE-2015-0140,0.04611,0.88458
CVE-2015-0141,0.01055,0.50287
CVE-2015-0142,0.01055,0.50287
CVE-2015-0143,0.01055,0.50287
CVE-2015-0144,0.01055,0.50287
CVE-2015-0145,0.01055,0.50287
CVE-2015-0146,0.00885,0.26162
CVE-2015-0149,0.01055,0.50287
CVE-2015-0150,0.01055,0.50287
CVE-2015-0151,0.01055,0.50287
CVE-2015-0152,0.01055,0.50287
CVE-2015-0153,0.01055,0.50287
CVE-2015-0156,0.01061,0.51015
CVE-2015-0157,0.01232,0.66248
CVE-2015-0158,0.01213,0.6557
CVE-2015-0160,0.01055,0.50287
CVE-2015-0161,0.01055,0.50287
CVE-2015-0162,0.0089,0.2856
CVE-2015-0167,0.01055,0.50287
CVE-2015-0168,0.01055,0.50287
CVE-2015-0169,0.01055,0.50287
CVE-2015-0170,0.00885,0.26162
CVE-2015-0171,0.01055,0.50287
CVE-2015-0172,0.01055,0.50287
CVE-2015-0173,0.01055,0.50287
CVE-2015-0174,0.01061,0.51015
CVE-2015-0175,0.01061,0.51015
CVE-2015-0176,0.01055,0.50287
CVE-2015-0177,0.01061,0.51015
CVE-2015-0178,0.01055,0.50287
CVE-2015-0179,0.01832,0.76196
CVE-2015-0180,0.01055,0.50287
CVE-2015-0189,0.01132,0.54372
CVE-2015-0192,0.03779,0.84781
CVE-2015-0193,0.01055,0.50287
CVE-2015-0194,0.01061,0.51015
CVE-2015-0195,0.01055,0.50287
CVE-2015-0196,0.01136,0.57949
CVE-2015-0197,0.01592,0.74578
CVE-2015-0198,0.01213,0.6557
CVE-2015-0199,0.0095,0.30554
CVE-2015-0200,0.0095,0.30554
CVE-2015-0201,0.01055,0.50287
CVE-2015-0202,0.02072,0.79023
CVE-2015-0203,0.01386,0.71108
CVE-2015-0205,0.07559,0.92528
CVE-2015-0206,0.07559,0.92528
CVE-2015-0207,0.06584,0.90986
CVE-2015-0208,0.06584,0.90986
CVE-2015-0209,0.07559,0.92528
CVE-2015-0210,0.01055,0.50287
CVE-2015-0211,0.01061,0.51015
CVE-2015-0212,0.01061,0.51015
CVE-2015-0213,0.01136,0.57949
CVE-2015-0214,0.01061,0.51015
CVE-2015-0215,0.01061,0.51015
CVE-2015-0216,0.01061,0.51015
CVE-2015-0217,0.01061,0.51015
CVE-2015-0218,0.01136,0.57949
CVE-2015-0219,0.03779,0.84781
CVE-2015-0220,0.01955,0.77585
CVE-2015-0221,0.03779,0.84781
CVE-2015-0222,0.02172,0.79917
CVE-2015-0223,0.01484,0.72722
CVE-2015-0224,0.06394,0.90534
CVE-2015-0225,0.02072,0.79023
CVE-2015-0226,0.03718,0.84354
CVE-2015-0227,0.03718,0.84354
CVE-2015-0228,0.07344,0.92237
CVE-2015-0231,0.12248,0.95092
CVE-2015-0232,0.08228,0.93218
CVE-2015-0233,0.00885,0.26162
CVE-2015-0234,0.00885,0.26162
CVE-2015-0236,0.01315,0.67456
CVE-2015-0237,0.01055,0.50287
CVE-2015-0238,0.00885,0.26162
CVE-2015-0239,0.01547,0.74085
CVE-2015-0240,0.95138,0.99965
CVE-2015-0241,0.04069,0.85317
CVE-2015-0242,0.04069,0.85317
CVE-2015-0243,0.04069,0.85317
CVE-2015-0244,0.01319,0.70416
CVE-2015-0245,0.01034,0.39824
CVE-2015-0247,0.02172,0.79379
CVE-2015-0248,0.06394,0.90534
CVE-2015-0249,0.01061,0.51015
CVE-2015-0250,0.03718,0.84354
CVE-2015-0251,0.03742,0.84387
CVE-2015-0253,0.07344,0.92237
CVE-2015-0254,0.13298,0.95487
CVE-2015-0255,0.03779,0.84781
CVE-2015-0257,0.00885,0.26162
CVE-2015-0258,0.04571,0.88388
CVE-2015-0259,0.01213,0.6557
CVE-2015-0260,0.01132,0.54372
CVE-2015-0261,0.08228,0.93218
CVE-2015-0263,0.0221,0.80318
CVE-2015-0264,0.03829,0.84854
CVE-2015-0265,0.01484,0.72722
CVE-2015-0266,0.01386,0.71108
CVE-2015-0267,0.00885,0.26162
CVE-2015-0268,0.0095,0.30554
CVE-2015-0269,0.01061,0.51015
CVE-2015-0270,0.00885,0.26162
CVE-2015-0271,0.01061,0.51015
CVE-2015-0272,0.02172,0.79917
CVE-2015-0273,0.51097,0.98642
CVE-2015-0274,0.01104,0.52279
CVE-2015-0275,0.01282,0.67298
CVE-2015-0276,0.00954,0.34522
CVE-2015-0277,0.01232,0.66248
CVE-2015-0278,0.01108,0.53389
CVE-2015-0279,0.01408,0.72072
CVE-2015-0282,0.01213,0.6557
CVE-2015-0283,0.01319,0.70416
CVE-2015-0284,0.01232,0.66248
CVE-2015-0285,0.06584,0.90986
CVE-2015-0286,0.07559,0.92528
CVE-2015-0287,0.0472,0.88691
CVE-2015-0288,0.0472,0.88691
CVE-2015-0289,0.0472,0.88691
CVE-2015-0290,0.06584,0.90986
CVE-2015-0292,0.07559,0.92528
CVE-2015-0293,0.07559,0.92528
CVE-2015-0294,0.00954,0.34522
CVE-2015-0295,0.02172,0.79917
CVE-2015-0296,0.01018,0.38792
CVE-2015-0297,0.01055,0.50287
CVE-2015-0298,0.01136,0.57949
CVE-2015-0299,0.01055,0.50287
CVE-2015-0301,0.01537,0.73595
CVE-2015-0302,0.01537,0.73595
CVE-2015-0303,0.0443,0.87699
CVE-2015-0304,0.04631,0.88514
CVE-2015-0305,0.04631,0.88514
CVE-2015-0306,0.0443,0.87699
CVE-2015-0307,0.02172,0.79917
CVE-2015-0308,0.04631,0.88514
CVE-2015-0309,0.04631,0.88514
CVE-2015-0310,0.01396,0.71116
CVE-2015-0312,0.04219,0.86801
CVE-2015-0314,0.0443,0.87699
CVE-2015-0315,0.04631,0.88514
CVE-2015-0316,0.0443,0.87699
CVE-2015-0317,0.04631,0.88514
CVE-2015-0318,0.95007,0.99961
CVE-2015-0319,0.04631,0.88514
CVE-2015-0320,0.04631,0.88514
CVE-2015-0321,0.0443,0.87699
CVE-2015-0322,0.04631,0.88514
CVE-2015-0323,0.04631,0.88514
CVE-2015-0324,0.04631,0.88514
CVE-2015-0325,0.02686,0.82061
CVE-2015-0326,0.02686,0.82061
CVE-2015-0327,0.04631,0.88514
CVE-2015-0328,0.02686,0.82061
CVE-2015-0329,0.0443,0.87699
CVE-2015-0330,0.0443,0.87699
CVE-2015-0331,0.03601,0.84249
CVE-2015-0332,0.0443,0.87699
CVE-2015-0333,0.04036,0.85309
CVE-2015-0334,0.04219,0.86801
CVE-2015-0335,0.04036,0.85309
CVE-2015-0336,0.94701,0.99955
CVE-2015-0337,0.01408,0.72072
CVE-2015-0338,0.04219,0.86801
CVE-2015-0339,0.04036,0.85309
CVE-2015-0340,0.01408,0.72072
CVE-2015-0341,0.04219,0.86801
CVE-2015-0342,0.04219,0.86801
CVE-2015-0343,0.01213,0.6557
CVE-2015-0344,0.01055,0.50287
CVE-2015-0345,0.01055,0.50287
CVE-2015-0346,0.04631,0.88514
CVE-2015-0347,0.0443,0.87699
CVE-2015-0348,0.04219,0.86801
CVE-2015-0349,0.04631,0.88514
CVE-2015-0350,0.0443,0.87699
CVE-2015-0351,0.04631,0.88514
CVE-2015-0352,0.0443,0.87699
CVE-2015-0353,0.0443,0.87699
CVE-2015-0354,0.0443,0.87699
CVE-2015-0355,0.0443,0.87699
CVE-2015-0356,0.04219,0.86801
CVE-2015-0357,0.01396,0.71116
CVE-2015-0358,0.04631,0.88514
CVE-2015-0359,0.9548,0.99972
CVE-2015-0360,0.0443,0.87699
CVE-2015-0361,0.01183,0.60428
CVE-2015-0362,0.01136,0.57949
CVE-2015-0363,0.01132,0.54372
CVE-2015-0364,0.01132,0.54372
CVE-2015-0365,0.01213,0.6557
CVE-2015-0366,0.01213,0.6557
CVE-2015-0367,0.01213,0.6557
CVE-2015-0368,0.01213,0.6557
CVE-2015-0369,0.01213,0.6557
CVE-2015-0370,0.01132,0.54372
CVE-2015-0371,0.01132,0.54372
CVE-2015-0372,0.01213,0.6557
CVE-2015-0373,0.01132,0.54372
CVE-2015-0374,0.02186,0.8012
CVE-2015-0375,0.01213,0.6557
CVE-2015-0376,0.01136,0.57949
CVE-2015-0377,0.01104,0.52279
CVE-2015-0378,0.0095,0.30554
CVE-2015-0379,0.01213,0.6557
CVE-2015-0380,0.01213,0.6557
CVE-2015-0381,0.03779,0.84781
CVE-2015-0382,0.04358,0.87435
CVE-2015-0383,0.01547,0.74085
CVE-2015-0384,0.01132,0.54372
CVE-2015-0385,0.01132,0.54372
CVE-2015-0386,0.01055,0.50287
CVE-2015-0387,0.01132,0.54372
CVE-2015-0388,0.01132,0.54372
CVE-2015-0389,0.01055,0.50287
CVE-2015-0390,0.01213,0.6557
CVE-2015-0391,0.02186,0.8012
CVE-2015-0392,0.01132,0.54372
CVE-2015-0393,0.05302,0.89375
CVE-2015-0394,0.01132,0.54372
CVE-2015-0395,0.03932,0.8519
CVE-2015-0396,0.01213,0.6557
CVE-2015-0397,0.0095,0.30554
CVE-2015-0398,0.01132,0.54372
CVE-2015-0399,0.01061,0.51015
CVE-2015-0400,0.03779,0.84781
CVE-2015-0401,0.01055,0.50287
CVE-2015-0402,0.01213,0.6557
CVE-2015-0403,0.01547,0.74085
CVE-2015-0404,0.01213,0.6557
CVE-2015-0405,0.01132,0.54372
CVE-2015-0406,0.03779,0.84781
CVE-2015-0407,0.04358,0.87435
CVE-2015-0408,0.04358,0.87435
CVE-2015-0409,0.01232,0.66248
CVE-2015-0410,0.04358,0.87435
CVE-2015-0411,0.04358,0.87435
CVE-2015-0412,0.02528,0.8112
CVE-2015-0413,0.01282,0.67298
CVE-2015-0414,0.01055,0.50287
CVE-2015-0415,0.01132,0.54372
CVE-2015-0416,0.01132,0.54372
CVE-2015-0417,0.01132,0.54372
CVE-2015-0418,0.01034,0.39824
CVE-2015-0419,0.01213,0.6557
CVE-2015-0420,0.01136,0.57949
CVE-2015-0421,0.01034,0.39824
CVE-2015-0422,0.01132,0.54372
CVE-2015-0423,0.01132,0.54372
CVE-2015-0424,0.01132,0.54372
CVE-2015-0425,0.01213,0.6557
CVE-2015-0426,0.01055,0.50287
CVE-2015-0427,0.0095,0.30554
CVE-2015-0428,0.0095,0.30554
CVE-2015-0429,0.0095,0.30554
CVE-2015-0430,0.0095,0.30554
CVE-2015-0431,0.01213,0.6557
CVE-2015-0432,0.02186,0.8012
CVE-2015-0433,0.02186,0.8012
CVE-2015-0434,0.01213,0.6557
CVE-2015-0435,0.01132,0.54372
CVE-2015-0436,0.01213,0.6557
CVE-2015-0437,0.01319,0.70416
CVE-2015-0438,0.01132,0.54372
CVE-2015-0439,0.01132,0.54372
CVE-2015-0440,0.01055,0.50287
CVE-2015-0441,0.01815,0.76117
CVE-2015-0443,0.01055,0.50287
CVE-2015-0444,0.01055,0.50287
CVE-2015-0445,0.01055,0.50287
CVE-2015-0446,0.01055,0.50287
CVE-2015-0447,0.01055,0.50287
CVE-2015-0448,0.00885,0.26162
CVE-2015-0449,0.01055,0.50287
CVE-2015-0450,0.01055,0.50287
CVE-2015-0451,0.01055,0.50287
CVE-2015-0452,0.01055,0.50287
CVE-2015-0453,0.01055,0.50287
CVE-2015-0455,0.01055,0.50287
CVE-2015-0456,0.01055,0.50287
CVE-2015-0457,0.01055,0.50287
CVE-2015-0458,0.03932,0.8519
CVE-2015-0459,0.04358,0.87435
CVE-2015-0460,0.03932,0.8519
CVE-2015-0461,0.01055,0.50287
CVE-2015-0462,0.01055,0.50287
CVE-2015-0463,0.01055,0.50287
CVE-2015-0464,0.01055,0.50287
CVE-2015-0465,0.01055,0.50287
CVE-2015-0466,0.01136,0.57949
CVE-2015-0467,0.01055,0.50287
CVE-2015-0468,0.01061,0.51015
CVE-2015-0469,0.04358,0.87435
CVE-2015-0470,0.01955,0.77585
CVE-2015-0471,0.0089,0.2856
CVE-2015-0472,0.01055,0.50287
CVE-2015-0473,0.01055,0.50287
CVE-2015-0474,0.0089,0.2856
CVE-2015-0475,0.01055,0.50287
CVE-2015-0476,0.01055,0.50287
CVE-2015-0477,0.03932,0.8519
CVE-2015-0478,0.04358,0.87435
CVE-2015-0479,0.01055,0.50287
CVE-2015-0480,0.03932,0.8519
CVE-2015-0482,0.01055,0.50287
CVE-2015-0483,0.01055,0.50287
CVE-2015-0484,0.01776,0.75902
CVE-2015-0485,0.01055,0.50287
CVE-2015-0486,0.01319,0.70416
CVE-2015-0487,0.01055,0.50287
CVE-2015-0488,0.04358,0.87435
CVE-2015-0489,0.00885,0.26162
CVE-2015-0490,0.01055,0.50287
CVE-2015-0491,0.04358,0.87435
CVE-2015-0492,0.01776,0.75902
CVE-2015-0493,0.0095,0.30554
CVE-2015-0494,0.01055,0.50287
CVE-2015-0495,0.01055,0.50287
CVE-2015-0496,0.01055,0.50287
CVE-2015-0497,0.01055,0.50287
CVE-2015-0498,0.01132,0.54372
CVE-2015-0499,0.02186,0.8012
CVE-2015-0500,0.01232,0.66248
CVE-2015-0501,0.02186,0.8012
CVE-2015-0502,0.01055,0.50287
CVE-2015-0503,0.01132,0.54372
CVE-2015-0504,0.01055,0.50287
CVE-2015-0505,0.02186,0.8012
CVE-2015-0506,0.01132,0.54372
CVE-2015-0507,0.01132,0.54372
CVE-2015-0508,0.01132,0.54372
CVE-2015-0509,0.01055,0.50287
CVE-2015-0510,0.01055,0.50287
CVE-2015-0511,0.01132,0.54372
CVE-2015-0512,0.01136,0.57949
CVE-2015-0513,0.01061,0.51015
CVE-2015-0514,0.09257,0.93938
CVE-2015-0515,0.05302,0.89375
CVE-2015-0516,0.08924,0.93691
CVE-2015-0517,0.01132,0.54372
CVE-2015-0518,0.01132,0.54372
CVE-2015-0519,0.0089,0.2856
CVE-2015-0521,0.01061,0.51015
CVE-2015-0522,0.01136,0.57949
CVE-2015-0523,0.01136,0.57949
CVE-2015-0524,0.01213,0.6557
CVE-2015-0525,0.01213,0.6557
CVE-2015-0526,0.01055,0.50287
CVE-2015-0527,0.00885,0.26162
CVE-2015-0528,0.00885,0.26162
CVE-2015-0529,0.01055,0.50287
CVE-2015-0530,0.00885,0.26162
CVE-2015-0531,0.01136,0.57949
CVE-2015-0532,0.01136,0.57949
CVE-2015-0533,0.00885,0.26162
CVE-2015-0534,0.01213,0.6557
CVE-2015-0535,0.01055,0.50287
CVE-2015-0536,0.01055,0.50287
CVE-2015-0537,0.01136,0.57949
CVE-2015-0538,0.01213,0.6557
CVE-2015-0540,0.01055,0.50287
CVE-2015-0541,0.01055,0.50287
CVE-2015-0542,0.01136,0.57949
CVE-2015-0543,0.00885,0.26162
CVE-2015-0544,0.01055,0.50287
CVE-2015-0545,0.05822,0.89998
CVE-2015-0546,0.01055,0.50287
CVE-2015-0547,0.01055,0.50287
CVE-2015-0548,0.01055,0.50287
CVE-2015-0549,0.01055,0.50287
CVE-2015-0550,0.01055,0.50287
CVE-2015-0551,0.01055,0.50287
CVE-2015-0552,0.01213,0.6557
CVE-2015-0553,0.01319,0.70416
CVE-2015-0554,0.01055,0.50287
CVE-2015-0555,0.10555,0.94396
CVE-2015-0556,0.01955,0.77585
CVE-2015-0557,0.01955,0.77585
CVE-2015-0558,0.00954,0.34522
CVE-2015-0559,0.01213,0.6557
CVE-2015-0560,0.01213,0.6557
CVE-2015-0561,0.01319,0.70416
CVE-2015-0562,0.03779,0.84781
CVE-2015-0563,0.02172,0.79917
CVE-2015-0564,0.02172,0.79917
CVE-2015-0565,0.08382,0.93597
CVE-2015-0568,0.00885,0.26162
CVE-2015-0569,0.02362,0.80685
CVE-2015-0570,0.00954,0.34522
CVE-2015-0571,0.00954,0.34522
CVE-2015-0572,0.0095,0.30554
CVE-2015-0573,0.00885,0.26162
CVE-2015-0574,0.00954,0.34522
CVE-2015-0575,0.00885,0.26162
CVE-2015-0576,0.00954,0.34522
CVE-2015-0577,0.01213,0.6557
CVE-2015-0578,0.01213,0.6557
CVE-2015-0579,0.01213,0.6557
CVE-2015-0580,0.01132,0.54372
CVE-2015-0581,0.01061,0.51015
CVE-2015-0582,0.01213,0.6557
CVE-2015-0583,0.01136,0.57949
CVE-2015-0584,0.00885,0.26162
CVE-2015-0586,0.01213,0.6557
CVE-2015-0588,0.01213,0.6557
CVE-2015-0589,0.01132,0.54372
CVE-2015-0590,0.01136,0.57949
CVE-2015-0591,0.01213,0.6557
CVE-2015-0592,0.01213,0.6557
CVE-2015-0593,0.01213,0.6557
CVE-2015-0594,0.01213,0.6557
CVE-2015-0595,0.01319,0.70416
CVE-2015-0596,0.01319,0.70416
CVE-2015-0597,0.01213,0.6557
CVE-2015-0598,0.01055,0.50287
CVE-2015-0599,0.01213,0.6557
CVE-2015-0600,0.01213,0.6557
CVE-2015-0601,0.0095,0.30554
CVE-2015-0602,0.01213,0.6557
CVE-2015-0603,0.0095,0.30554
CVE-2015-0604,0.01213,0.6557
CVE-2015-0605,0.01213,0.6557
CVE-2015-0606,0.0095,0.30554
CVE-2015-0607,0.01213,0.6557
CVE-2015-0608,0.01213,0.6557
CVE-2015-0609,0.01213,0.6557
CVE-2015-0610,0.01213,0.6557
CVE-2015-0611,0.01132,0.54372
CVE-2015-0612,0.01055,0.50287
CVE-2015-0613,0.01055,0.50287
CVE-2015-0614,0.01055,0.50287
CVE-2015-0615,0.01055,0.50287
CVE-2015-0616,0.01055,0.50287
CVE-2015-0617,0.01136,0.57949
CVE-2015-0618,0.01136,0.57949
CVE-2015-0619,0.01213,0.6557
CVE-2015-0620,0.01132,0.54372
CVE-2015-0621,0.01213,0.6557
CVE-2015-0622,0.01055,0.50287
CVE-2015-0623,0.01055,0.50287
CVE-2015-0624,0.01213,0.6557
CVE-2015-0626,0.01055,0.50287
CVE-2015-0628,0.01055,0.50287
CVE-2015-0631,0.01136,0.57949
CVE-2015-0632,0.01136,0.57949
CVE-2015-0633,0.01213,0.6557
CVE-2015-0634,0.01136,0.57949
CVE-2015-0635,0.01055,0.50287
CVE-2015-0636,0.01055,0.50287
CVE-2015-0637,0.01055,0.50287
CVE-2015-0638,0.01055,0.50287
CVE-2015-0639,0.01055,0.50287
CVE-2015-0640,0.01055,0.50287
CVE-2015-0641,0.01055,0.50287
CVE-2015-0642,0.01213,0.6557
CVE-2015-0643,0.01213,0.6557
CVE-2015-0644,0.0556,0.89553
CVE-2015-0645,0.01055,0.50287
CVE-2015-0646,0.01136,0.57949
CVE-2015-0647,0.01055,0.50287
CVE-2015-0648,0.01055,0.50287
CVE-2015-0649,0.01055,0.50287
CVE-2015-0650,0.01055,0.50287
CVE-2015-0651,0.01136,0.57949
CVE-2015-0652,0.01055,0.50287
CVE-2015-0653,0.01055,0.50287
CVE-2015-0654,0.01055,0.50287
CVE-2015-0655,0.01136,0.57949
CVE-2015-0656,0.01055,0.50287
CVE-2015-0657,0.01055,0.50287
CVE-2015-0658,0.01055,0.50287
CVE-2015-0659,0.01055,0.50287
CVE-2015-0660,0.00885,0.26162
CVE-2015-0661,0.01055,0.50287
CVE-2015-0662,0.00885,0.26162
CVE-2015-0663,0.00885,0.26162
CVE-2015-0664,0.00885,0.26162
CVE-2015-0665,0.00885,0.26162
CVE-2015-0666,0.01055,0.50287
CVE-2015-0667,0.01055,0.50287
CVE-2015-0668,0.01055,0.50287
CVE-2015-0669,0.01055,0.50287
CVE-2015-0670,0.01055,0.50287
CVE-2015-0671,0.01055,0.50287
CVE-2015-0672,0.01055,0.50287
CVE-2015-0673,0.01055,0.50287
CVE-2015-0674,0.01055,0.50287
CVE-2015-0675,0.01055,0.50287
CVE-2015-0676,0.00885,0.26162
CVE-2015-0677,0.01055,0.50287
CVE-2015-0678,0.01055,0.50287
CVE-2015-0679,0.01055,0.50287
CVE-2015-0680,0.01055,0.50287
CVE-2015-0681,0.01136,0.57949
CVE-2015-0682,0.05822,0.89998
CVE-2015-0683,0.01055,0.50287
CVE-2015-0684,0.01055,0.50287
CVE-2015-0685,0.01055,0.50287
CVE-2015-0686,0.01055,0.50287
CVE-2015-0687,0.01055,0.50287
CVE-2015-0688,0.01055,0.50287
CVE-2015-0689,0.01055,0.50287
CVE-2015-0690,0.01055,0.50287
CVE-2015-0691,0.01055,0.50287
CVE-2015-0692,0.00885,0.26162
CVE-2015-0693,0.00885,0.26162
CVE-2015-0694,0.01055,0.50287
CVE-2015-0695,0.01136,0.57949
CVE-2015-0696,0.01055,0.50287
CVE-2015-0697,0.01055,0.50287
CVE-2015-0698,0.01055,0.50287
CVE-2015-0699,0.01055,0.50287
CVE-2015-0700,0.01055,0.50287
CVE-2015-0701,0.01136,0.57949
CVE-2015-0702,0.05822,0.89998
CVE-2015-0703,0.01055,0.50287
CVE-2015-0704,0.01055,0.50287
CVE-2015-0705,0.01213,0.6557
CVE-2015-0706,0.01055,0.50287
CVE-2015-0707,0.01055,0.50287
CVE-2015-0708,0.01055,0.50287
CVE-2015-0709,0.01055,0.50287
CVE-2015-0710,0.01055,0.50287
CVE-2015-0711,0.01055,0.50287
CVE-2015-0712,0.01055,0.50287
CVE-2015-0713,0.01055,0.50287
CVE-2015-0714,0.01055,0.50287
CVE-2015-0715,0.01055,0.50287
CVE-2015-0716,0.01055,0.50287
CVE-2015-0717,0.00885,0.26162
CVE-2015-0718,0.01136,0.57949
CVE-2015-0721,0.01061,0.51015
CVE-2015-0722,0.01055,0.50287
CVE-2015-0723,0.01055,0.50287
CVE-2015-0724,0.01055,0.50287
CVE-2015-0725,0.01055,0.50287
CVE-2015-0726,0.01061,0.51015
CVE-2015-0727,0.01055,0.50287
CVE-2015-0728,0.01055,0.50287
CVE-2015-0729,0.01055,0.50287
CVE-2015-0730,0.01055,0.50287
CVE-2015-0731,0.01055,0.50287
CVE-2015-0732,0.01136,0.57949
CVE-2015-0733,0.01055,0.50287
CVE-2015-0734,0.01055,0.50287
CVE-2015-0735,0.01055,0.50287
CVE-2015-0736,0.01055,0.50287
CVE-2015-0737,0.01055,0.50287
CVE-2015-0738,0.01055,0.50287
CVE-2015-0739,0.01061,0.51015
CVE-2015-0740,0.01136,0.57949
CVE-2015-0741,0.01136,0.57949
CVE-2015-0742,0.01136,0.57949
CVE-2015-0743,0.01055,0.50287
CVE-2015-0744,0.01136,0.57949
CVE-2015-0745,0.01055,0.50287
CVE-2015-0746,0.01055,0.50287
CVE-2015-0747,0.01055,0.50287
CVE-2015-0749,0.01055,0.50287
CVE-2015-0750,0.01055,0.50287
CVE-2015-0751,0.01055,0.50287
CVE-2015-0752,0.01055,0.50287
CVE-2015-0753,0.01055,0.50287
CVE-2015-0754,0.01055,0.50287
CVE-2015-0755,0.00885,0.26162
CVE-2015-0756,0.01055,0.50287
CVE-2015-0757,0.01136,0.57949
CVE-2015-0758,0.01055,0.50287
CVE-2015-0759,0.01055,0.50287
CVE-2015-0760,0.01055,0.50287
CVE-2015-0761,0.0089,0.2856
CVE-2015-0762,0.01055,0.50287
CVE-2015-0763,0.01055,0.50287
CVE-2015-0764,0.01055,0.50287
CVE-2015-0765,0.01055,0.50287
CVE-2015-0766,0.01055,0.50287
CVE-2015-0767,0.00885,0.26162
CVE-2015-0768,0.01055,0.50287
CVE-2015-0769,0.01055,0.50287
CVE-2015-0770,0.01055,0.50287
CVE-2015-0771,0.01055,0.50287
CVE-2015-0772,0.01055,0.50287
CVE-2015-0773,0.01055,0.50287
CVE-2015-0774,0.01055,0.50287
CVE-2015-0775,0.01136,0.57949
CVE-2015-0776,0.01055,0.50287
CVE-2015-0777,0.01034,0.39824
CVE-2015-0778,0.01408,0.72072
CVE-2015-0779,0.85763,0.9967
CVE-2015-0780,0.01213,0.6557
CVE-2015-0781,0.01136,0.57949
CVE-2015-0782,0.01136,0.57949
CVE-2015-0783,0.01061,0.51015
CVE-2015-0784,0.01213,0.6557
CVE-2015-0785,0.01136,0.57949
CVE-2015-0786,0.06867,0.91816
CVE-2015-0787,0.01055,0.50287
CVE-2015-0794,0.0089,0.2856
CVE-2015-0795,0.05629,0.89602
CVE-2015-0796,0.00885,0.26162
CVE-2015-0797,0.06604,0.91138
CVE-2015-0798,0.01213,0.6557
CVE-2015-0799,0.01108,0.53389
CVE-2015-0800,0.01213,0.6557
CVE-2015-0801,0.03779,0.84781
CVE-2015-0803,0.05139,0.89128
CVE-2015-0804,0.05139,0.89128
CVE-2015-0805,0.05139,0.89128
CVE-2015-0806,0.05139,0.89128
CVE-2015-0807,0.03407,0.83908
CVE-2015-0808,0.01319,0.70416
CVE-2015-0810,0.01213,0.6557
CVE-2015-0811,0.01319,0.70416
CVE-2015-0812,0.01108,0.53389
CVE-2015-0813,0.06604,0.91138
CVE-2015-0814,0.08228,0.93218
CVE-2015-0815,0.08228,0.93218
CVE-2015-0817,0.09915,0.94265
CVE-2015-0818,0.03779,0.84781
CVE-2015-0819,0.01776,0.75902
CVE-2015-0820,0.01408,0.72072
CVE-2015-0821,0.01776,0.75902
CVE-2015-0822,0.03932,0.8519
CVE-2015-0823,0.02172,0.79917
CVE-2015-0824,0.01974,0.7812
CVE-2015-0825,0.01776,0.75902
CVE-2015-0826,0.06604,0.91138
CVE-2015-0827,0.03932,0.8519
CVE-2015-0828,0.06604,0.91138
CVE-2015-0829,0.09915,0.94265
CVE-2015-0830,0.01974,0.7812
CVE-2015-0831,0.06604,0.91138
CVE-2015-0832,0.01183,0.60428
CVE-2015-0833,0.01282,0.67298
CVE-2015-0834,0.01537,0.73595
CVE-2015-0835,0.08228,0.93218
CVE-2015-0836,0.08228,0.93218
CVE-2015-0837,0.01018,0.38792
CVE-2015-0838,0.05822,0.89998
CVE-2015-0839,0.04613,0.88459
CVE-2015-0840,0.01213,0.6557
CVE-2015-0841,0.01213,0.6557
CVE-2015-0844,0.01319,0.70416
CVE-2015-0845,0.06523,0.90962
CVE-2015-0846,0.01055,0.50287
CVE-2015-0847,0.01319,0.70416
CVE-2015-0848,0.06604,0.91138
CVE-2015-0850,0.05822,0.89998
CVE-2015-0851,0.01213,0.6557
CVE-2015-0852,0.02172,0.79917
CVE-2015-0853,0.01018,0.38792
CVE-2015-0854,0.01055,0.50287
CVE-2015-0855,0.02578,0.8123
CVE-2015-0856,0.0095,0.30554
CVE-2015-0857,0.01136,0.57949
CVE-2015-0858,0.00885,0.26162
CVE-2015-0859,0.04611,0.88458
CVE-2015-0860,0.07777,0.92953
CVE-2015-0861,0.01061,0.51015
CVE-2015-0862,0.01055,0.50287
CVE-2015-0863,0.01525,0.72834
CVE-2015-0864,0.01102,0.51825
CVE-2015-0866,0.02008,0.78471
CVE-2015-0867,0.01136,0.57949
CVE-2015-0868,0.06523,0.90962
CVE-2015-0869,0.01136,0.57949
CVE-2015-0870,0.01213,0.6557
CVE-2015-0871,0.01055,0.50287
CVE-2015-0873,0.01055,0.50287
CVE-2015-0874,0.00954,0.34522
CVE-2015-0875,0.00954,0.34522
CVE-2015-0876,0.01136,0.57949
CVE-2015-0877,0.06523,0.90962
CVE-2015-0878,0.01136,0.57949
CVE-2015-0879,0.01136,0.57949
CVE-2015-0880,0.06309,0.90494
CVE-2015-0881,0.01055,0.50287
CVE-2015-0882,0.01213,0.6557
CVE-2015-0883,0.06309,0.90494
CVE-2015-0884,0.0095,0.30554
CVE-2015-0885,0.01213,0.6557
CVE-2015-0886,0.02172,0.79917
CVE-2015-0887,0.01136,0.57949
CVE-2015-0888,0.01136,0.57949
CVE-2015-0889,0.06523,0.90962
CVE-2015-0890,0.01136,0.57949
CVE-2015-0891,0.01136,0.57949
CVE-2015-0892,0.01136,0.57949
CVE-2015-0893,0.01136,0.57949
CVE-2015-0894,0.01061,0.51015
CVE-2015-0895,0.01136,0.57949
CVE-2015-0896,0.01136,0.57949
CVE-2015-0898,0.01213,0.6557
CVE-2015-0899,0.05857,0.90036
CVE-2015-0900,0.01213,0.6557
CVE-2015-0901,0.01136,0.57949
CVE-2015-0902,0.01136,0.57949
CVE-2015-0903,0.06523,0.90962
CVE-2015-0904,0.01055,0.50287
CVE-2015-0905,0.01213,0.6557
CVE-2015-0906,0.01213,0.6557
CVE-2015-0907,0.06309,0.90494
CVE-2015-0910,0.01136,0.57949
CVE-2015-0911,0.01136,0.57949
CVE-2015-0912,0.01061,0.51015
CVE-2015-0913,0.01061,0.51015
CVE-2015-0914,0.01136,0.57949
CVE-2015-0915,0.01136,0.57949
CVE-2015-0916,0.01061,0.51015
CVE-2015-0917,0.01213,0.6557
CVE-2015-0918,0.01213,0.6557
CVE-2015-0919,0.01564,0.74439
CVE-2015-0920,0.01136,0.57949
CVE-2015-0921,0.01315,0.67456
CVE-2015-0922,0.01183,0.60428
CVE-2015-0923,0.31822,0.97484
CVE-2015-0924,0.01055,0.50287
CVE-2015-0925,0.53677,0.98688
CVE-2015-0926,0.00885,0.26162
CVE-2015-0928,0.01055,0.50287
CVE-2015-0929,0.01055,0.50287
CVE-2015-0930,0.01055,0.50287
CVE-2015-0931,0.04611,0.88458
CVE-2015-0932,0.01213,0.6557
CVE-2015-0933,0.01055,0.50287
CVE-2015-0934,0.04611,0.88458
CVE-2015-0935,0.08382,0.93597
CVE-2015-0936,0.8215,0.99537
CVE-2015-0937,0.01055,0.50287
CVE-2015-0938,0.01055,0.50287
CVE-2015-0943,0.00885,0.26162
CVE-2015-0949,0.00885,0.26162
CVE-2015-0950,0.01055,0.50287
CVE-2015-0951,0.01055,0.50287
CVE-2015-0961,0.01018,0.38792
CVE-2015-0962,0.01213,0.6557
CVE-2015-0967,0.01055,0.50287
CVE-2015-0968,0.04611,0.88458
CVE-2015-0969,0.01055,0.50287
CVE-2015-0970,0.01055,0.50287
CVE-2015-0971,0.01055,0.50287
CVE-2015-0972,0.01055,0.50287
CVE-2015-0973,0.02522,0.81068
CVE-2015-0974,0.00885,0.26162
CVE-2015-0976,0.01055,0.50287
CVE-2015-0977,0.01055,0.50287
CVE-2015-0978,0.00885,0.26162
CVE-2015-0979,0.04611,0.88458
CVE-2015-0980,0.04611,0.88458
CVE-2015-0981,0.01055,0.50287
CVE-2015-0982,0.05822,0.89998
CVE-2015-0984,0.01136,0.57949
CVE-2015-0985,0.01055,0.50287
CVE-2015-0986,0.01213,0.6557
CVE-2015-0987,0.01055,0.50287
CVE-2015-0988,0.00885,0.26162
CVE-2015-0989,0.01055,0.50287
CVE-2015-0990,0.00885,0.26162
CVE-2015-0991,0.01055,0.50287
CVE-2015-0992,0.00885,0.26162
CVE-2015-0993,0.01055,0.50287
CVE-2015-0994,0.01055,0.50287
CVE-2015-0995,0.00885,0.26162
CVE-2015-0996,0.0089,0.2856
CVE-2015-0997,0.01136,0.57949
CVE-2015-0998,0.01136,0.57949
CVE-2015-0999,0.0089,0.2856
CVE-2015-1000,0.06309,0.90494
CVE-2015-1000000,0.01055,0.50287
CVE-2015-1000001,0.01055,0.50287
CVE-2015-1000002,0.00885,0.26162
CVE-2015-1000003,0.00885,0.26162
CVE-2015-1000004,0.00885,0.26162
CVE-2015-1000005,0.01055,0.50287
CVE-2015-1000006,0.01055,0.50287
CVE-2015-1000007,0.01055,0.50287
CVE-2015-1000008,0.00885,0.26162
CVE-2015-1000009,0.00885,0.26162
CVE-2015-1000010,0.01055,0.50287
CVE-2015-1000011,0.00885,0.26162
CVE-2015-1000012,0.00885,0.26162
CVE-2015-1000013,0.01055,0.50287
CVE-2015-10001,0.00885,0.26162
CVE-2015-10002,0.00885,0.26162
CVE-2015-10003,0.00885,0.26162
CVE-2015-1001,0.04611,0.88458
CVE-2015-1002,0.01055,0.50287
CVE-2015-1003,0.01055,0.50287
CVE-2015-1005,0.00885,0.26162
CVE-2015-1006,0.01156,0.60033
CVE-2015-1007,0.01103,0.51945
CVE-2015-1008,0.01061,0.51015
CVE-2015-1009,0.0089,0.2856
CVE-2015-1010,0.00885,0.26162
CVE-2015-1011,0.01055,0.50287
CVE-2015-1012,0.00885,0.26162
CVE-2015-1013,0.01055,0.50287
CVE-2015-1014,0.01036,0.41241
CVE-2015-1015,0.00885,0.26162
CVE-2015-1026,0.01055,0.50287
CVE-2015-1027,0.00885,0.26162
CVE-2015-1028,0.02191,0.8013
CVE-2015-1029,0.01055,0.50287
CVE-2015-1030,0.01136,0.57949
CVE-2015-1031,0.01213,0.6557
CVE-2015-1032,0.01213,0.6557
CVE-2015-1038,0.01955,0.77585
CVE-2015-1039,0.01213,0.6557
CVE-2015-1040,0.01232,0.66248
CVE-2015-1041,0.01408,0.72072
CVE-2015-1042,0.01319,0.70416
CVE-2015-1043,0.01018,0.38792
CVE-2015-1044,0.01183,0.60428
CVE-2015-1047,0.01136,0.57949
CVE-2015-1048,0.01055,0.50287
CVE-2015-1049,0.01055,0.50287
CVE-2015-1050,0.01213,0.6557
CVE-2015-1051,0.01213,0.6557
CVE-2015-1052,0.01213,0.6557
CVE-2015-1053,0.01408,0.72072
CVE-2015-1054,0.02528,0.81122
CVE-2015-1055,0.01055,0.50287
CVE-2015-1056,0.01213,0.6557
CVE-2015-1057,0.01953,0.77242
CVE-2015-1058,0.01776,0.75902
CVE-2015-1059,0.01132,0.54372
CVE-2015-1060,0.01213,0.6557
CVE-2015-1061,0.02201,0.80277
CVE-2015-1062,0.01018,0.38792
CVE-2015-1063,0.01136,0.57949
CVE-2015-1064,0.00954,0.34522
CVE-2015-1065,0.0159,0.7449
CVE-2015-1066,0.02147,0.79189
CVE-2015-1067,0.03779,0.84781
CVE-2015-1068,0.0387,0.84909
CVE-2015-1069,0.0387,0.84909
CVE-2015-1070,0.0387,0.84909
CVE-2015-1071,0.0387,0.84909
CVE-2015-1072,0.0387,0.84909
CVE-2015-1073,0.0387,0.84909
CVE-2015-1074,0.0387,0.84909
CVE-2015-1075,0.02404,0.80737
CVE-2015-1076,0.0387,0.84909
CVE-2015-1077,0.0387,0.84909
CVE-2015-1078,0.0387,0.84909
CVE-2015-1079,0.0387,0.84909
CVE-2015-1080,0.0387,0.84909
CVE-2015-1081,0.0387,0.84909
CVE-2015-1082,0.0387,0.84909
CVE-2015-1083,0.0387,0.84909
CVE-2015-1084,0.01213,0.6557
CVE-2015-1085,0.01018,0.38792
CVE-2015-1086,0.01442,0.72669
CVE-2015-1087,0.01018,0.38792
CVE-2015-1088,0.04384,0.87448
CVE-2015-1089,0.01319,0.70416
CVE-2015-1090,0.01018,0.38792
CVE-2015-1091,0.01319,0.70416
CVE-2015-1092,0.01319,0.70416
CVE-2015-1093,0.03397,0.83675
CVE-2015-1094,0.01108,0.53389
CVE-2015-1095,0.0159,0.7449
CVE-2015-1096,0.01183,0.60428
CVE-2015-1097,0.01108,0.53389
CVE-2015-1098,0.03001,0.82811
CVE-2015-1099,0.01104,0.52279
CVE-2015-1100,0.04852,0.88814
CVE-2015-1101,0.01696,0.7514
CVE-2015-1102,0.01183,0.60428
CVE-2015-1103,0.01408,0.72072
CVE-2015-1104,0.01408,0.72072
CVE-2015-1105,0.01408,0.72072
CVE-2015-1106,0.01018,0.38792
CVE-2015-1107,0.01018,0.38792
CVE-2015-1108,0.01018,0.38792
CVE-2015-1109,0.01018,0.38792
CVE-2015-1110,0.01319,0.70416
CVE-2015-1111,0.01018,0.38792
CVE-2015-1112,0.01018,0.38792
CVE-2015-1113,0.01018,0.38792
CVE-2015-1114,0.01108,0.53389
CVE-2015-1115,0.01018,0.38792
CVE-2015-1116,0.01018,0.38792
CVE-2015-1117,0.01696,0.7514
CVE-2015-1118,0.01108,0.53389
CVE-2015-1119,0.0387,0.84909
CVE-2015-1120,0.0387,0.84909
CVE-2015-1121,0.0387,0.84909
CVE-2015-1122,0.0387,0.84909
CVE-2015-1123,0.02404,0.80737
CVE-2015-1124,0.0387,0.84909
CVE-2015-1125,0.01136,0.57949
CVE-2015-1126,0.33691,0.97576
CVE-2015-1127,0.0095,0.30554
CVE-2015-1128,0.00954,0.34522
CVE-2015-1129,0.01213,0.6557
CVE-2015-1131,0.0095,0.30554
CVE-2015-1132,0.0095,0.30554
CVE-2015-1133,0.0095,0.30554
CVE-2015-1134,0.0095,0.30554
CVE-2015-1135,0.0095,0.30554
CVE-2015-1136,0.0429,0.86891
CVE-2015-1137,0.0095,0.30554
CVE-2015-1138,0.0095,0.30554
CVE-2015-1139,0.02828,0.82353
CVE-2015-1141,0.0095,0.30554
CVE-2015-1142,0.0095,0.30554
CVE-2015-1142857,0.00954,0.34522
CVE-2015-1143,0.0095,0.30554
CVE-2015-1144,0.0095,0.30554
CVE-2015-1145,0.0095,0.30554
CVE-2015-1146,0.0095,0.30554
CVE-2015-1147,0.01213,0.6557
CVE-2015-1148,0.01018,0.38792
CVE-2015-1149,0.00954,0.34522
CVE-2015-1150,0.01136,0.57949
CVE-2015-1151,0.01136,0.57949
CVE-2015-1152,0.0387,0.84909
CVE-2015-1153,0.0387,0.84909
CVE-2015-1154,0.0289,0.82447
CVE-2015-1155,0.48404,0.98496
CVE-2015-1156,0.01319,0.70416
CVE-2015-1157,0.03779,0.84781
CVE-2015-1158,0.18327,0.96125
CVE-2015-1159,0.03407,0.83908
CVE-2015-1164,0.01213,0.6557
CVE-2015-1165,0.01213,0.6557
CVE-2015-1169,0.01213,0.6557
CVE-2015-1170,0.01034,0.39824
CVE-2015-1171,0.75644,0.99327
CVE-2015-1172,0.7962,0.99468
CVE-2015-1173,0.01055,0.50287
CVE-2015-1174,0.01055,0.50287
CVE-2015-1175,0.01213,0.6557
CVE-2015-1176,0.01213,0.6557
CVE-2015-1177,0.00954,0.34522
CVE-2015-1178,0.01136,0.57949
CVE-2015-1179,0.01055,0.50287
CVE-2015-1180,0.01055,0.50287
CVE-2015-1182,0.0547,0.89492
CVE-2015-1187,0.82639,0.9955
CVE-2015-1188,0.01055,0.50287
CVE-2015-1191,0.01319,0.70416
CVE-2015-1192,0.01213,0.6557
CVE-2015-1193,0.01055,0.50287
CVE-2015-1194,0.01055,0.50287
CVE-2015-1195,0.01232,0.66248
CVE-2015-1196,0.01408,0.72072
CVE-2015-1197,0.01104,0.52279
CVE-2015-1198,0.00885,0.26162
CVE-2015-1199,0.00885,0.26162
CVE-2015-1200,0.01034,0.39824
CVE-2015-1201,0.01055,0.50287
CVE-2015-1204,0.01136,0.57949
CVE-2015-1205,0.02686,0.82061
CVE-2015-1206,0.01136,0.57949
CVE-2015-1207,0.01136,0.57949
CVE-2015-1208,0.01136,0.57949
CVE-2015-1209,0.03779,0.84781
CVE-2015-1210,0.03407,0.83908
CVE-2015-1211,0.03779,0.84781
CVE-2015-1212,0.02686,0.82061
CVE-2015-1213,0.01319,0.70416
CVE-2015-1214,0.01319,0.70416
CVE-2015-1215,0.01319,0.70416
CVE-2015-1216,0.01319,0.70416
CVE-2015-1217,0.01974,0.7812
CVE-2015-1218,0.01319,0.70416
CVE-2015-1219,0.01319,0.70416
CVE-2015-1220,0.01319,0.70416
CVE-2015-1221,0.01408,0.72072
CVE-2015-1222,0.01319,0.70416
CVE-2015-1223,0.01319,0.70416
CVE-2015-1224,0.01319,0.70416
CVE-2015-1225,0.01213,0.6557
CVE-2015-1226,0.01319,0.70416
CVE-2015-1227,0.01408,0.72072
CVE-2015-1228,0.01319,0.70416
CVE-2015-1229,0.01108,0.53389
CVE-2015-1230,0.01319,0.70416
CVE-2015-1231,0.02686,0.82061
CVE-2015-1232,0.01213,0.6557
CVE-2015-1233,0.1127,0.94787
CVE-2015-1234,0.02172,0.79917
CVE-2015-1235,0.01955,0.77585
CVE-2015-1236,0.01955,0.77585
CVE-2015-1237,0.02172,0.79917
CVE-2015-1238,0.01974,0.7812
CVE-2015-1239,0.01136,0.57949
CVE-2015-1240,0.01955,0.77585
CVE-2015-1241,0.03407,0.83908
CVE-2015-1242,0.02172,0.79917
CVE-2015-1243,0.02172,0.79917
CVE-2015-1244,0.02172,0.79917
CVE-2015-1245,0.01776,0.75902
CVE-2015-1246,0.01974,0.7812
CVE-2015-1247,0.01974,0.7812
CVE-2015-1248,0.01408,0.72072
CVE-2015-1249,0.02686,0.82061
CVE-2015-1250,0.02686,0.82061
CVE-2015-1251,0.09915,0.94265
CVE-2015-1252,0.01974,0.7812
CVE-2015-1253,0.01974,0.7812
CVE-2015-1254,0.01974,0.7812
CVE-2015-1255,0.01776,0.75902
CVE-2015-1256,0.02172,0.79917
CVE-2015-1257,0.02172,0.79917
CVE-2015-1258,0.02172,0.79917
CVE-2015-1259,0.01408,0.72072
CVE-2015-1260,0.01974,0.7812
CVE-2015-1261,0.02172,0.79917
CVE-2015-1262,0.01974,0.7812
CVE-2015-1263,0.01537,0.73595
CVE-2015-1264,0.01408,0.72072
CVE-2015-1265,0.18327,0.96125
CVE-2015-1266,0.02172,0.79917
CVE-2015-1267,0.02172,0.79917
CVE-2015-1268,0.02172,0.79917
CVE-2015-1269,0.01955,0.77585
CVE-2015-1270,0.03407,0.83908
CVE-2015-1271,0.01776,0.75902
CVE-2015-1272,0.02172,0.79917
CVE-2015-1273,0.01776,0.75902
CVE-2015-1274,0.09915,0.94265
CVE-2015-1275,0.01319,0.70416
CVE-2015-1276,0.01974,0.7812
CVE-2015-1277,0.02172,0.79917
CVE-2015-1278,0.01955,0.77585
CVE-2015-1279,0.02172,0.79917
CVE-2015-1280,0.01974,0.7812
CVE-2015-1281,0.01776,0.75902
CVE-2015-1282,0.01776,0.75902
CVE-2015-1283,0.03932,0.8519
CVE-2015-1284,0.01974,0.7812
CVE-2015-1285,0.01974,0.7812
CVE-2015-1286,0.01955,0.77585
CVE-2015-1287,0.01776,0.75902
CVE-2015-1288,0.01537,0.73595
CVE-2015-1289,0.02686,0.82061
CVE-2015-1290,0.03231,0.8345
CVE-2015-1291,0.01974,0.7812
CVE-2015-1292,0.02172,0.79917
CVE-2015-1293,0.01408,0.72072
CVE-2015-1294,0.01974,0.7812
CVE-2015-1295,0.01974,0.7812
CVE-2015-1296,0.02172,0.79917
CVE-2015-1297,0.01974,0.7812
CVE-2015-1298,0.01776,0.75902
CVE-2015-1299,0.02172,0.79917
CVE-2015-1300,0.02172,0.79917
CVE-2015-1301,0.02686,0.82061
CVE-2015-1302,0.02172,0.79917
CVE-2015-1303,0.01955,0.77585
CVE-2015-1304,0.02172,0.79917
CVE-2015-1305,0.02115,0.79119
CVE-2015-1306,0.01408,0.72072
CVE-2015-1307,0.01136,0.57949
CVE-2015-1308,0.01213,0.6557
CVE-2015-1309,0.01136,0.57949
CVE-2015-1310,0.01055,0.50287
CVE-2015-1311,0.01055,0.50287
CVE-2015-1312,0.01055,0.50287
CVE-2015-1314,0.00954,0.34522
CVE-2015-1315,0.06523,0.90962
CVE-2015-1316,0.00885,0.26162
CVE-2015-1317,0.0556,0.89553
CVE-2015-1319,0.00885,0.26162
CVE-2015-1320,0.00885,0.26162
CVE-2015-1321,0.09909,0.94115
CVE-2015-1322,0.00885,0.26162
CVE-2015-1323,0.00885,0.26162
CVE-2015-1324,0.0089,0.2856
CVE-2015-1325,0.01832,0.76196
CVE-2015-1326,0.00885,0.26162
CVE-2015-1327,0.00885,0.26162
CVE-2015-1329,0.04967,0.88942
CVE-2015-1330,0.01018,0.38792
CVE-2015-1331,0.01104,0.52279
CVE-2015-1332,0.02763,0.82185
CVE-2015-1333,0.01547,0.74085
CVE-2015-1334,0.01104,0.52279
CVE-2015-1335,0.01547,0.74085
CVE-2015-1336,0.02249,0.80456
CVE-2015-1337,0.00954,0.34522
CVE-2015-1338,0.02115,0.79119
CVE-2015-1339,0.01183,0.60428
CVE-2015-1340,0.00885,0.26162
CVE-2015-1341,0.00885,0.26162
CVE-2015-1342,0.0089,0.2856
CVE-2015-1343,0.00885,0.26162
CVE-2015-1344,0.0089,0.2856
CVE-2015-1345,0.01034,0.39824
CVE-2015-1346,0.01183,0.60428
CVE-2015-1347,0.01055,0.50287
CVE-2015-1348,0.01055,0.50287
CVE-2015-1349,0.26383,0.96972
CVE-2015-1350,0.0095,0.30554
CVE-2015-1351,0.03779,0.84781
CVE-2015-1352,0.03779,0.84781
CVE-2015-1355,0.00885,0.26162
CVE-2015-1356,0.01055,0.50287
CVE-2015-1357,0.00885,0.26162
CVE-2015-1358,0.01213,0.6557
CVE-2015-1359,0.01213,0.6557
CVE-2015-1360,0.01213,0.6557
CVE-2015-1361,0.01213,0.6557
CVE-2015-1362,0.10898,0.94476
CVE-2015-1363,0.01136,0.57949
CVE-2015-1364,0.01564,0.74439
CVE-2015-1365,0.02172,0.79917
CVE-2015-1366,0.01955,0.77585
CVE-2015-1367,0.01213,0.6557
CVE-2015-1368,0.01955,0.77585
CVE-2015-1369,0.01136,0.57949
CVE-2015-1370,0.01213,0.6557
CVE-2015-1371,0.0292,0.82516
CVE-2015-1372,0.01213,0.6557
CVE-2015-1373,0.01213,0.6557
CVE-2015-1374,0.01055,0.50287
CVE-2015-1375,0.01319,0.70416
CVE-2015-1376,0.23269,0.96535
CVE-2015-1377,0.0089,0.2856
CVE-2015-1378,0.01018,0.38792
CVE-2015-1379,0.01213,0.6557
CVE-2015-1380,0.01408,0.72072
CVE-2015-1381,0.01408,0.72072
CVE-2015-1382,0.01408,0.72072
CVE-2015-1383,0.01136,0.57949
CVE-2015-1384,0.01213,0.6557
CVE-2015-1385,0.01319,0.70416
CVE-2015-1386,0.00885,0.26162
CVE-2015-1388,0.01055,0.50287
CVE-2015-1389,0.02173,0.80027
CVE-2015-1392,0.00885,0.26162
CVE-2015-1393,0.01055,0.50287
CVE-2015-1394,0.01132,0.54372
CVE-2015-1395,0.01974,0.7812
CVE-2015-1396,0.01319,0.70416
CVE-2015-1397,0.8026,0.99488
CVE-2015-1398,0.05302,0.89375
CVE-2015-1399,0.01061,0.51015
CVE-2015-1400,0.01564,0.74439
CVE-2015-1401,0.00954,0.34522
CVE-2015-1402,0.01213,0.6557
CVE-2015-1403,0.01213,0.6557
CVE-2015-1404,0.01213,0.6557
CVE-2015-1405,0.01213,0.6557
CVE-2015-1414,0.01319,0.70416
CVE-2015-1415,0.0095,0.30554
CVE-2015-1416,0.01319,0.70416
CVE-2015-1417,0.01136,0.57949
CVE-2015-1418,0.01319,0.70416
CVE-2015-1419,0.01136,0.57949
CVE-2015-1420,0.02172,0.79379
CVE-2015-1421,0.04358,0.87435
CVE-2015-1422,0.01319,0.70416
CVE-2015-1423,0.0095,0.30554
CVE-2015-1424,0.01213,0.6557
CVE-2015-1425,0.00885,0.26162
CVE-2015-1426,0.00885,0.26162
CVE-2015-1428,0.01564,0.74439
CVE-2015-1429,0.01055,0.50287
CVE-2015-1430,0.00885,0.26162
CVE-2015-1431,0.01408,0.72072
CVE-2015-1432,0.01408,0.72072
CVE-2015-1433,0.01408,0.72072
CVE-2015-1434,0.01034,0.39824
CVE-2015-1435,0.01319,0.70416
CVE-2015-1436,0.01319,0.70416
CVE-2015-1437,0.01319,0.70416
CVE-2015-1438,0.01404,0.71155
CVE-2015-1441,0.01319,0.70416
CVE-2015-1442,0.01408,0.72072
CVE-2015-1443,0.04695,0.88634
CVE-2015-1444,0.01213,0.6557
CVE-2015-1445,0.0089,0.2856
CVE-2015-1448,0.01055,0.50287
CVE-2015-1449,0.04611,0.88458
CVE-2015-1450,0.01055,0.50287
CVE-2015-1451,0.01132,0.54372
CVE-2015-1452,0.01213,0.6557
CVE-2015-1453,0.00954,0.34522
CVE-2015-1454,0.00885,0.26162
CVE-2015-1455,0.01213,0.6557
CVE-2015-1456,0.0095,0.30554
CVE-2015-1457,0.0095,0.30554
CVE-2015-1458,0.0095,0.30554
CVE-2015-1459,0.01319,0.70416
CVE-2015-1460,0.01055,0.50287
CVE-2015-1461,0.01408,0.72072
CVE-2015-1462,0.01408,0.72072
CVE-2015-1463,0.01319,0.70416
CVE-2015-1464,0.01213,0.6557
CVE-2015-1465,0.03779,0.84781
CVE-2015-1467,0.01564,0.74439
CVE-2015-1469,0.01055,0.50287
CVE-2015-1471,0.01806,0.76038
CVE-2015-1472,0.02686,0.82061
CVE-2015-1473,0.01018,0.38792
CVE-2015-1475,0.01213,0.6557
CVE-2015-1476,0.01564,0.74439
CVE-2015-1477,0.01136,0.57949
CVE-2015-1478,0.01136,0.57949
CVE-2015-1479,0.01564,0.74439
CVE-2015-1480,0.08924,0.93691
CVE-2015-1481,0.0095,0.30554
CVE-2015-1482,0.01213,0.6557
CVE-2015-1483,0.01136,0.57949
CVE-2015-1484,0.0089,0.2856
CVE-2015-1485,0.01136,0.57949
CVE-2015-1486,0.01213,0.6557
CVE-2015-1487,0.01132,0.54372
CVE-2015-1488,0.01061,0.51015
CVE-2015-1489,0.01132,0.54372
CVE-2015-1490,0.01061,0.51015
CVE-2015-1491,0.01061,0.51015
CVE-2015-1492,0.0089,0.2856
CVE-2015-1493,0.01132,0.54372
CVE-2015-1494,0.02397,0.80717
CVE-2015-1495,0.06523,0.90962
CVE-2015-1496,0.0095,0.30554
CVE-2015-1497,0.85322,0.99658
CVE-2015-1498,0.01055,0.50287
CVE-2015-1499,0.01055,0.50287
CVE-2015-1500,0.05629,0.89602
CVE-2015-1501,0.04611,0.88458
CVE-2015-1503,0.08382,0.93597
CVE-2015-1512,0.01136,0.57949
CVE-2015-1513,0.01055,0.50287
CVE-2015-1514,0.01136,0.57949
CVE-2015-1515,0.01832,0.76196
CVE-2015-1516,0.01055,0.50287
CVE-2015-1517,0.01564,0.74439
CVE-2015-1518,0.01564,0.74439
CVE-2015-1521,0.01055,0.50287
CVE-2015-1522,0.01055,0.50287
CVE-2015-1525,0.00885,0.26162
CVE-2015-1526,0.01055,0.50287
CVE-2015-1527,0.0089,0.2856
CVE-2015-1529,0.00954,0.34522
CVE-2015-1530,0.01036,0.41241
CVE-2015-1536,0.00885,0.26162
CVE-2015-1537,0.04967,0.88942
CVE-2015-1539,0.07777,0.92953
CVE-2015-1541,0.00885,0.26162
CVE-2015-1545,0.03779,0.84781
CVE-2015-1546,0.02172,0.79917
CVE-2015-1547,0.01955,0.77585
CVE-2015-1548,0.01055,0.50287
CVE-2015-1550,0.00885,0.26162
CVE-2015-1551,0.00885,0.26162
CVE-2015-1554,0.01055,0.50287
CVE-2015-1555,0.01055,0.50287
CVE-2015-1558,0.01132,0.54372
CVE-2015-1559,0.01319,0.70416
CVE-2015-1562,0.01213,0.6557
CVE-2015-1563,0.0095,0.30554
CVE-2015-1564,0.01055,0.50287
CVE-2015-1565,0.01136,0.57949
CVE-2015-1566,0.01055,0.50287
CVE-2015-1567,0.01136,0.57949
CVE-2015-1568,0.01136,0.57949
CVE-2015-1569,0.00885,0.26162
CVE-2015-1570,0.00885,0.26162
CVE-2015-1571,0.00954,0.34522
CVE-2015-1572,0.02172,0.79379
CVE-2015-1573,0.01104,0.52279
CVE-2015-1574,0.01319,0.70416
CVE-2015-1575,0.01953,0.77242
CVE-2015-1576,0.01564,0.74439
CVE-2015-1577,0.07584,0.92581
CVE-2015-1578,0.01055,0.50287
CVE-2015-1580,0.01055,0.50287
CVE-2015-1581,0.01055,0.50287
CVE-2015-1582,0.01055,0.50287
CVE-2015-1583,0.01319,0.70416
CVE-2015-1585,0.01213,0.6557
CVE-2015-1587,0.7962,0.99468
CVE-2015-1588,0.01018,0.38792
CVE-2015-1589,0.01213,0.6557
CVE-2015-1590,0.0095,0.30554
CVE-2015-1591,0.01034,0.39824
CVE-2015-1593,0.02686,0.82061
CVE-2015-1594,0.00885,0.26162
CVE-2015-1595,0.00885,0.26162
CVE-2015-1596,0.00885,0.26162
CVE-2015-1597,0.0434,0.87049
CVE-2015-1598,0.00885,0.26162
CVE-2015-1599,0.00885,0.26162
CVE-2015-1600,0.01018,0.38792
CVE-2015-1601,0.00954,0.34522
CVE-2015-1602,0.00885,0.26162
CVE-2015-1603,0.01955,0.77585
CVE-2015-1604,0.08336,0.93297
CVE-2015-1605,0.01136,0.57949
CVE-2015-1606,0.01319,0.70416
CVE-2015-1607,0.01776,0.75902
CVE-2015-1608,0.0089,0.2856
CVE-2015-1609,0.01319,0.70416
CVE-2015-1610,0.01136,0.57949
CVE-2015-1611,0.01319,0.70416
CVE-2015-1612,0.01319,0.70416
CVE-2015-1613,0.01055,0.50287
CVE-2015-1614,0.01213,0.6557
CVE-2015-1616,0.01055,0.50287
CVE-2015-1617,0.01055,0.50287
CVE-2015-1618,0.01055,0.50287
CVE-2015-1619,0.01055,0.50287
CVE-2015-1621,0.01061,0.51015
CVE-2015-1622,0.27518,0.97086
CVE-2015-1623,0.27518,0.97086
CVE-2015-1624,0.27518,0.97086
CVE-2015-1625,0.27518,0.97086
CVE-2015-1626,0.27518,0.97086
CVE-2015-1627,0.27884,0.97135
CVE-2015-1628,0.24057,0.96634
CVE-2015-1629,0.24057,0.96634
CVE-2015-1630,0.24057,0.96634
CVE-2015-1631,0.24057,0.96634
CVE-2015-1632,0.24057,0.96634
CVE-2015-1633,0.1515,0.95705
CVE-2015-1634,0.27518,0.97086
CVE-2015-1636,0.1515,0.95705
CVE-2015-1637,0.31152,0.97464
CVE-2015-1638,0.24057,0.96634
CVE-2015-1639,0.24057,0.96634
CVE-2015-1640,0.24057,0.96634
CVE-2015-1642,0.45528,0.98281
CVE-2015-1643,0.0141,0.7214
CVE-2015-1644,0.01418,0.72341
CVE-2015-1645,0.56032,0.98735
CVE-2015-1646,0.24057,0.96634
CVE-2015-1647,0.0141,0.7214
CVE-2015-1648,0.24057,0.96634
CVE-2015-1649,0.61305,0.98878
CVE-2015-1650,0.61305,0.98878
CVE-2015-1651,0.52528,0.98674
CVE-2015-1652,0.27518,0.97086
CVE-2015-1653,0.24057,0.96634
CVE-2015-1657,0.30572,0.97413
CVE-2015-1658,0.26051,0.96944
CVE-2015-1659,0.27518,0.97086
CVE-2015-1660,0.30572,0.97413
CVE-2015-1661,0.27884,0.97135
CVE-2015-1662,0.30572,0.97413
CVE-2015-1665,0.27518,0.97086
CVE-2015-1666,0.30572,0.97413
CVE-2015-1667,0.30572,0.97413
CVE-2015-1668,0.27518,0.97086
CVE-2015-1670,0.26405,0.96986000000000006
CVE-2015-1671,0.45528,0.98281
CVE-2015-1672,0.26405,0.96986000000000006
CVE-2015-1673,0.45528,0.98281
CVE-2015-1674,0.01961,0.77613
CVE-2015-1675,0.41342,0.98141
CVE-2015-1676,0.01418,0.72341
CVE-2015-1677,0.01418,0.72341
CVE-2015-1678,0.01418,0.72341
CVE-2015-1679,0.01418,0.72341
CVE-2015-1680,0.01418,0.72341
CVE-2015-1681,0.01418,0.72341
CVE-2015-1682,0.44237,0.98233
CVE-2015-1683,0.37652,0.97838
CVE-2015-1684,0.23,0.96491
CVE-2015-1685,0.26405,0.96986000000000006
CVE-2015-1686,0.23,0.96491
CVE-2015-1687,0.30572,0.97413
CVE-2015-1688,0.26405,0.96986000000000006
CVE-2015-1689,0.26051,0.96944
CVE-2015-1691,0.26051,0.96944
CVE-2015-1692,0.26405,0.96986000000000006
CVE-2015-1694,0.26051,0.96944
CVE-2015-1695,0.41342,0.98141
CVE-2015-1696,0.45528,0.98281
CVE-2015-1697,0.45528,0.98281
CVE-2015-1698,0.45528,0.98281
CVE-2015-1699,0.41342,0.98141
CVE-2015-1700,0.24888,0.96733
CVE-2015-1702,0.09931,0.94271
CVE-2015-1703,0.26405,0.96986000000000006
CVE-2015-1704,0.26405,0.96986000000000006
CVE-2015-1705,0.26051,0.96944
CVE-2015-1706,0.26051,0.96944
CVE-2015-1708,0.26051,0.96944
CVE-2015-1709,0.26051,0.96944
CVE-2015-1710,0.26051,0.96944
CVE-2015-1711,0.26051,0.96944
CVE-2015-1712,0.26051,0.96944
CVE-2015-1713,0.26405,0.96986000000000006
CVE-2015-1714,0.26051,0.96944
CVE-2015-1715,0.24057,0.96634
CVE-2015-1716,0.26405,0.96986000000000006
CVE-2015-1717,0.26051,0.96944
CVE-2015-1718,0.26051,0.96944
CVE-2015-1719,0.0141,0.7214
CVE-2015-1720,0.0141,0.7214
CVE-2015-1721,0.01713,0.75173
CVE-2015-1722,0.01961,0.77613
CVE-2015-1723,0.01713,0.75173
CVE-2015-1724,0.01713,0.75173
CVE-2015-1725,0.01961,0.77613
CVE-2015-1726,0.01713,0.75173
CVE-2015-1727,0.01713,0.75173
CVE-2015-1728,0.44237,0.98233
CVE-2015-1729,0.24057,0.96634
CVE-2015-1730,0.72342,0.99205
CVE-2015-1731,0.30572,0.97413
CVE-2015-1732,0.30572,0.97413
CVE-2015-1733,0.30572,0.97413
CVE-2015-1735,0.26051,0.96944
CVE-2015-1736,0.24618,0.96694
CVE-2015-1737,0.26051,0.96944
CVE-2015-1738,0.30572,0.97413
CVE-2015-1739,0.23,0.96491
CVE-2015-1740,0.26051,0.96944
CVE-2015-1741,0.26051,0.96944
CVE-2015-1742,0.26051,0.96944
CVE-2015-1743,0.23,0.96491
CVE-2015-1744,0.26051,0.96944
CVE-2015-1745,0.24618,0.96694
CVE-2015-1747,0.24618,0.96694
CVE-2015-1748,0.23,0.96491
CVE-2015-1750,0.26051,0.96944
CVE-2015-1751,0.24618,0.96694
CVE-2015-1752,0.26051,0.96944
CVE-2015-1753,0.26051,0.96944
CVE-2015-1754,0.26051,0.96944
CVE-2015-1755,0.26731,0.97017
CVE-2015-1756,0.35417,0.97732
CVE-2015-1757,0.26405,0.96986000000000006
CVE-2015-1758,0.03928,0.84994
CVE-2015-1759,0.45528,0.98281
CVE-2015-1760,0.45528,0.98281
CVE-2015-1761,0.11348,0.94801
CVE-2015-1762,0.24888,0.96733
CVE-2015-1763,0.24888,0.96733
CVE-2015-1764,0.26405,0.96986000000000006
CVE-2015-1765,0.26405,0.96986000000000006
CVE-2015-1766,0.26051,0.96944
CVE-2015-1767,0.26051,0.96944
CVE-2015-1768,0.01492,0.72732
CVE-2015-1770,0.45528,0.98281
CVE-2015-1771,0.37931,0.97847
CVE-2015-1772,0.01484,0.72722
CVE-2015-1773,0.01484,0.72722
CVE-2015-1774,0.07963,0.92984
CVE-2015-1775,0.01055,0.50287
CVE-2015-1776,0.00885,0.26162
CVE-2015-1777,0.01136,0.57949
CVE-2015-1778,0.01018,0.38792
CVE-2015-1779,0.03779,0.84781
CVE-2015-1780,0.00885,0.26162
CVE-2015-1781,0.04229,0.86856
CVE-2015-1782,0.01183,0.60428
CVE-2015-1783,0.01213,0.6557
CVE-2015-1784,0.00885,0.26162
CVE-2015-1785,0.00885,0.26162
CVE-2015-1786,0.00885,0.26162
CVE-2015-1787,0.06584,0.90986
CVE-2015-1788,0.07559,0.92528
CVE-2015-1789,0.07559,0.92528
CVE-2015-1790,0.07559,0.92528
CVE-2015-1791,0.07559,0.92528
CVE-2015-1792,0.07559,0.92528
CVE-2015-1793,0.78577,0.99431
CVE-2015-1794,0.01537,0.73595
CVE-2015-1795,0.01404,0.71155
CVE-2015-1796,0.01213,0.6557
CVE-2015-1798,0.02686,0.82061
CVE-2015-1799,0.02686,0.82061
CVE-2015-1800,0.01018,0.38792
CVE-2015-1801,0.00954,0.34522
CVE-2015-1802,0.06823,0.91806
CVE-2015-1803,0.06823,0.91806
CVE-2015-1804,0.06823,0.91806
CVE-2015-1806,0.05302,0.89375
CVE-2015-1807,0.01132,0.54372
CVE-2015-1808,0.01132,0.54372
CVE-2015-1809,0.01055,0.50287
CVE-2015-1810,0.01132,0.54372
CVE-2015-1811,0.01055,0.50287
CVE-2015-1812,0.01213,0.6557
CVE-2015-1813,0.01213,0.6557
CVE-2015-1814,0.01213,0.6557
CVE-2015-1815,0.16755,0.9597
CVE-2015-1816,0.01018,0.38792
CVE-2015-1817,0.00885,0.26162
CVE-2015-1818,0.01055,0.50287
CVE-2015-1819,0.04358,0.87435
CVE-2015-1820,0.01213,0.6557
CVE-2015-1821,0.03941,0.85207
CVE-2015-1822,0.03941,0.85207
CVE-2015-1827,0.01319,0.70416
CVE-2015-1828,0.01136,0.57949
CVE-2015-1829,0.01213,0.6557
CVE-2015-1830,0.82747,0.99553
CVE-2015-1831,0.02154,0.79195
CVE-2015-1832,0.05242,0.89216
CVE-2015-1833,0.29365,0.97205
CVE-2015-1834,0.01055,0.50287
CVE-2015-1835,0.01136,0.57949
CVE-2015-1836,0.01484,0.72722
CVE-2015-1838,0.0095,0.30554
CVE-2015-1839,0.0095,0.30554
CVE-2015-1840,0.01408,0.72072
CVE-2015-1841,0.00885,0.26162
CVE-2015-1842,0.01319,0.70416
CVE-2015-1843,0.00954,0.34522
CVE-2015-1844,0.01232,0.66248
CVE-2015-1845,0.06523,0.90962
CVE-2015-1846,0.01213,0.6557
CVE-2015-1847,0.01055,0.50287
CVE-2015-1848,0.01319,0.70416
CVE-2015-1849,0.01018,0.38792
CVE-2015-1851,0.01315,0.67456
CVE-2015-1852,0.01319,0.70416
CVE-2015-1853,0.01055,0.50287
CVE-2015-1854,0.01018,0.38792
CVE-2015-1856,0.01815,0.76117
CVE-2015-1857,0.01136,0.57949
CVE-2015-1858,0.06604,0.91138
CVE-2015-1859,0.06604,0.91138
CVE-2015-1860,0.06604,0.91138
CVE-2015-1862,0.01282,0.67298
CVE-2015-1863,0.07544,0.92484
CVE-2015-1864,0.01132,0.54372
CVE-2015-1865,0.00885,0.26162
CVE-2015-1866,0.00954,0.34522
CVE-2015-1867,0.01537,0.73595
CVE-2015-1868,0.02172,0.79917
CVE-2015-1869,0.0095,0.30554
CVE-2015-1870,0.01034,0.39824
CVE-2015-1872,0.01213,0.6557
CVE-2015-1874,0.01213,0.6557
CVE-2015-1875,0.01564,0.74439
CVE-2015-1876,0.00885,0.26162
CVE-2015-1877,0.01319,0.70416
CVE-2015-1878,0.00885,0.26162
CVE-2015-1879,0.01136,0.57949
CVE-2015-1880,0.01319,0.70416
CVE-2015-1881,0.01132,0.54372
CVE-2015-1882,0.05302,0.89375
CVE-2015-1883,0.01232,0.66248
CVE-2015-1884,0.01132,0.54372
CVE-2015-1885,0.01319,0.70416
CVE-2015-1886,0.01213,0.6557
CVE-2015-1887,0.01213,0.6557
CVE-2015-1888,0.01055,0.50287
CVE-2015-1889,0.01055,0.50287
CVE-2015-1890,0.01055,0.50287
CVE-2015-1892,0.01213,0.6557
CVE-2015-1893,0.01213,0.6557
CVE-2015-1894,0.01055,0.50287
CVE-2015-1895,0.01055,0.50287
CVE-2015-1896,0.06523,0.90962
CVE-2015-1897,0.0089,0.2856
CVE-2015-1898,0.0095,0.30554
CVE-2015-1899,0.01055,0.50287
CVE-2015-1900,0.0089,0.2856
CVE-2015-1901,0.0095,0.30554
CVE-2015-1902,0.06523,0.90962
CVE-2015-1903,0.06523,0.90962
CVE-2015-1904,0.01061,0.51015
CVE-2015-1905,0.01132,0.54372
CVE-2015-1906,0.01061,0.51015
CVE-2015-1907,0.01061,0.51015
CVE-2015-1908,0.01213,0.6557
CVE-2015-1909,0.01055,0.50287
CVE-2015-1910,0.01055,0.50287
CVE-2015-1911,0.01055,0.50287
CVE-2015-1913,0.01055,0.50287
CVE-2015-1914,0.03779,0.84781
CVE-2015-1915,0.01136,0.57949
CVE-2015-1916,0.01136,0.57949
CVE-2015-1917,0.01213,0.6557
CVE-2015-1919,0.01055,0.50287
CVE-2015-1920,0.06523,0.90962
CVE-2015-1921,0.01136,0.57949
CVE-2015-1922,0.01232,0.66248
CVE-2015-1923,0.01213,0.6557
CVE-2015-1924,0.01213,0.6557
CVE-2015-1925,0.01213,0.6557
CVE-2015-1926,0.01061,0.51015
CVE-2015-1927,0.01213,0.6557
CVE-2015-1928,0.01132,0.54372
CVE-2015-1929,0.01213,0.6557
CVE-2015-1930,0.01213,0.6557
CVE-2015-1931,0.01282,0.67298
CVE-2015-1932,0.01213,0.6557
CVE-2015-1933,0.01055,0.50287
CVE-2015-1934,0.00885,0.26162
CVE-2015-1935,0.04724,0.88696
CVE-2015-1936,0.01061,0.51015
CVE-2015-1937,0.01136,0.57949
CVE-2015-1938,0.01213,0.6557
CVE-2015-1941,0.01213,0.6557
CVE-2015-1942,0.01213,0.6557
CVE-2015-1943,0.01136,0.57949
CVE-2015-1944,0.01132,0.54372
CVE-2015-1945,0.01055,0.50287
CVE-2015-1946,0.0089,0.2856
CVE-2015-1947,0.01018,0.38792
CVE-2015-1948,0.01213,0.6557
CVE-2015-1949,0.01213,0.6557
CVE-2015-1950,0.00954,0.34522
CVE-2015-1951,0.00885,0.26162
CVE-2015-1952,0.01055,0.50287
CVE-2015-1953,0.01213,0.6557
CVE-2015-1954,0.01136,0.57949
CVE-2015-1955,0.01055,0.50287
CVE-2015-1956,0.01055,0.50287
CVE-2015-1957,0.01055,0.50287
CVE-2015-1958,0.01055,0.50287
CVE-2015-1959,0.0089,0.2856
CVE-2015-1961,0.01132,0.54372
CVE-2015-1962,0.01136,0.57949
CVE-2015-1963,0.01136,0.57949
CVE-2015-1964,0.01136,0.57949
CVE-2015-1965,0.01136,0.57949
CVE-2015-1966,0.01319,0.70416
CVE-2015-1967,0.01055,0.50287
CVE-2015-1968,0.01055,0.50287
CVE-2015-1969,0.01061,0.51015
CVE-2015-1970,0.00885,0.26162
CVE-2015-1971,0.01055,0.50287
CVE-2015-1972,0.01136,0.57949
CVE-2015-1974,0.01061,0.51015
CVE-2015-1975,0.0089,0.2856
CVE-2015-1976,0.00885,0.26162
CVE-2015-1977,0.01055,0.50287
CVE-2015-1978,0.01136,0.57949
CVE-2015-1979,0.01055,0.50287
CVE-2015-1980,0.01055,0.50287
CVE-2015-1981,0.01132,0.54372
CVE-2015-1982,0.01055,0.50287
CVE-2015-1983,0.01055,0.50287
CVE-2015-1984,0.01055,0.50287
CVE-2015-1985,0.00885,0.26162
CVE-2015-1986,0.01213,0.6557
CVE-2015-1987,0.01055,0.50287
CVE-2015-1988,0.01055,0.50287
CVE-2015-1989,0.01055,0.50287
CVE-2015-1992,0.0095,0.30554
CVE-2015-1993,0.01055,0.50287
CVE-2015-1994,0.01055,0.50287
CVE-2015-1995,0.01055,0.50287
CVE-2015-1996,0.00885,0.26162
CVE-2015-1997,0.01055,0.50287
CVE-2015-1999,0.01055,0.50287
CVE-2015-2000,0.0144,0.7265
CVE-2015-20001,0.00885,0.26162
CVE-2015-2001,0.0144,0.7265
CVE-2015-20019,0.0089,0.2856
CVE-2015-2002,0.0144,0.7265
CVE-2015-2003,0.0144,0.7265
CVE-2015-2004,0.0144,0.7265
CVE-2015-2005,0.01055,0.50287
CVE-2015-20067,0.00954,0.34522
CVE-2015-2007,0.01055,0.50287
CVE-2015-2008,0.01055,0.50287
CVE-2015-2009,0.01055,0.50287
CVE-2015-20105,0.00954,0.34522
CVE-2015-20106,0.00885,0.26162
CVE-2015-20107,0.02686,0.82061
CVE-2015-2011,0.01055,0.50287
CVE-2015-2012,0.00954,0.34522
CVE-2015-2013,0.01136,0.57949
CVE-2015-2014,0.01055,0.50287
CVE-2015-2015,0.01055,0.50287
CVE-2015-2016,0.01055,0.50287
CVE-2015-2017,0.01213,0.6557
CVE-2015-2018,0.01055,0.50287
CVE-2015-2019,0.0089,0.2856
CVE-2015-2020,0.0144,0.7265
CVE-2015-2023,0.0089,0.2856
CVE-2015-2025,0.01136,0.57949
CVE-2015-2026,0.01061,0.51015
CVE-2015-2027,0.01061,0.51015
CVE-2015-2028,0.01136,0.57949
CVE-2015-2029,0.01136,0.57949
CVE-2015-2030,0.01136,0.57949
CVE-2015-2031,0.01061,0.51015
CVE-2015-2033,0.01136,0.57949
CVE-2015-2034,0.01319,0.70416
CVE-2015-2035,0.01034,0.39824
CVE-2015-2039,0.01136,0.57949
CVE-2015-2040,0.01055,0.50287
CVE-2015-2041,0.01547,0.74085
CVE-2015-2042,0.01547,0.74085
CVE-2015-2043,0.01055,0.50287
CVE-2015-2044,0.01282,0.67298
CVE-2015-2045,0.01282,0.67298
CVE-2015-2046,0.00954,0.34522
CVE-2015-2047,0.01408,0.72072
CVE-2015-2048,0.01055,0.50287
CVE-2015-2049,0.66513,0.99003
CVE-2015-2050,0.00954,0.34522
CVE-2015-2051,0.07584,0.92581
CVE-2015-2052,0.05822,0.89998
CVE-2015-2053,0.01136,0.57949
CVE-2015-2054,0.01055,0.50287
CVE-2015-2055,0.07584,0.92581
CVE-2015-2058,0.01132,0.54372
CVE-2015-2059,0.01537,0.73595
CVE-2015-2060,0.01319,0.70416
CVE-2015-2061,0.06523,0.90962
CVE-2015-2062,0.0095,0.30554
CVE-2015-2063,0.01136,0.57949
CVE-2015-2064,0.01213,0.6557
CVE-2015-2065,0.38796,0.97911
CVE-2015-2066,0.01213,0.6557
CVE-2015-2067,0.01136,0.57949
CVE-2015-2068,0.01136,0.57949
CVE-2015-2069,0.01213,0.6557
CVE-2015-2070,0.01213,0.6557
CVE-2015-2071,0.01132,0.54372
CVE-2015-2072,0.01213,0.6557
CVE-2015-2073,0.01213,0.6557
CVE-2015-2074,0.01213,0.6557
CVE-2015-2075,0.01213,0.6557
CVE-2015-2076,0.01213,0.6557
CVE-2015-2077,0.02686,0.82061
CVE-2015-2078,0.01108,0.53389
CVE-2015-2081,0.01156,0.60033
CVE-2015-2082,0.01136,0.57949
CVE-2015-2083,0.01055,0.50287
CVE-2015-2084,0.01953,0.77242
CVE-2015-2086,0.01061,0.51015
CVE-2015-2087,0.01061,0.51015
CVE-2015-2088,0.01136,0.57949
CVE-2015-2089,0.01055,0.50287
CVE-2015-2090,0.01564,0.74439
CVE-2015-2091,0.01484,0.72722
CVE-2015-2092,0.05822,0.89998
CVE-2015-2093,0.05629,0.89602
CVE-2015-2094,0.42263,0.98164
CVE-2015-2095,0.05629,0.89602
CVE-2015-2096,0.05629,0.89602
CVE-2015-2097,0.42263,0.98164
CVE-2015-2098,0.16291,0.95914
CVE-2015-2099,0.10516,0.94389
CVE-2015-2100,0.01689,0.75137
CVE-2015-2101,0.01213,0.6557
CVE-2015-2102,0.01564,0.74439
CVE-2015-2103,0.01055,0.50287
CVE-2015-2106,0.01213,0.6557
CVE-2015-2107,0.0089,0.2856
CVE-2015-2108,0.01132,0.54372
CVE-2015-2109,0.01136,0.57949
CVE-2015-2110,0.19175,0.96181
CVE-2015-2111,0.0089,0.2856
CVE-2015-2112,0.0623,0.9031
CVE-2015-2113,0.25143,0.96828
CVE-2015-2114,0.01136,0.57949
CVE-2015-2115,0.01061,0.51015
CVE-2015-2116,0.04156,0.85407
CVE-2015-2117,0.25143,0.96828
CVE-2015-2118,0.01055,0.50287
CVE-2015-2120,0.01132,0.54372
CVE-2015-2121,0.01213,0.6557
CVE-2015-2122,0.01136,0.57949
CVE-2015-2123,0.01061,0.51015
CVE-2015-2124,0.0089,0.2856
CVE-2015-2125,0.08621,0.9364
CVE-2015-2126,0.0095,0.30554
CVE-2015-2132,0.00885,0.26162
CVE-2015-2134,0.01132,0.54372
CVE-2015-2135,0.12893,0.95413
CVE-2015-2136,0.01055,0.50287
CVE-2015-2137,0.19175,0.96181
CVE-2015-2139,0.01055,0.50287
CVE-2015-2140,0.01055,0.50287
CVE-2015-2141,0.01213,0.6557
CVE-2015-2142,0.01055,0.50287
CVE-2015-2143,0.01055,0.50287
CVE-2015-2144,0.01055,0.50287
CVE-2015-2145,0.01055,0.50287
CVE-2015-2146,0.01055,0.50287
CVE-2015-2147,0.01055,0.50287
CVE-2015-2148,0.01055,0.50287
CVE-2015-2149,0.01232,0.66248
CVE-2015-2150,0.01547,0.74085
CVE-2015-2151,0.02172,0.79379
CVE-2015-2152,0.01282,0.67298
CVE-2015-2154,0.03779,0.84781
CVE-2015-2155,0.08228,0.93218
CVE-2015-2156,0.02172,0.79917
CVE-2015-2157,0.01282,0.67298
CVE-2015-2158,0.03249,0.83468
CVE-2015-2165,0.01055,0.50287
CVE-2015-2166,0.07584,0.92581
CVE-2015-2167,0.01055,0.50287
CVE-2015-2169,0.02173,0.80027
CVE-2015-2170,0.01213,0.6557
CVE-2015-2171,0.01213,0.6557
CVE-2015-2172,0.01649,0.75017
CVE-2015-2177,0.09257,0.93938
CVE-2015-2180,0.01055,0.50287
CVE-2015-2181,0.01055,0.50287
CVE-2015-2182,0.01955,0.77585
CVE-2015-2183,0.01183,0.60428
CVE-2015-2184,0.01408,0.72072
CVE-2015-2186,0.00885,0.26162
CVE-2015-2187,0.01319,0.70416
CVE-2015-2188,0.02172,0.79917
CVE-2015-2189,0.03779,0.84781
CVE-2015-2190,0.01408,0.72072
CVE-2015-2191,0.02172,0.79917
CVE-2015-2192,0.01319,0.70416
CVE-2015-2194,0.05302,0.89375
CVE-2015-2195,0.01055,0.50287
CVE-2015-2196,0.01564,0.74439
CVE-2015-2197,0.01061,0.51015
CVE-2015-2198,0.01953,0.77242
CVE-2015-2199,0.01132,0.54372
CVE-2015-2203,0.01315,0.67456
CVE-2015-2204,0.01408,0.72072
CVE-2015-2206,0.02172,0.79917
CVE-2015-2207,0.01055,0.50287
CVE-2015-2209,0.01136,0.57949
CVE-2015-2210,0.01102,0.51825
CVE-2015-2213,0.02172,0.79917
CVE-2015-2214,0.01213,0.6557
CVE-2015-2215,0.01055,0.50287
CVE-2015-2216,0.01564,0.74439
CVE-2015-2217,0.01213,0.6557
CVE-2015-2218,0.01319,0.70416
CVE-2015-2219,0.0232,0.80631
CVE-2015-2220,0.01213,0.6557
CVE-2015-2221,0.01213,0.6557
CVE-2015-2222,0.01213,0.6557
CVE-2015-2223,0.01953,0.77242
CVE-2015-2230,0.00885,0.26162
CVE-2015-2233,0.01018,0.38792
CVE-2015-2234,0.0095,0.30554
CVE-2015-2237,0.01564,0.74439
CVE-2015-2238,0.00885,0.26162
CVE-2015-2239,0.01213,0.6557
CVE-2015-2241,0.01213,0.6557
CVE-2015-2242,0.01136,0.57949
CVE-2015-2243,0.01136,0.57949
CVE-2015-2244,0.01136,0.57949
CVE-2015-2245,0.01055,0.50287
CVE-2015-2246,0.00885,0.26162
CVE-2015-2247,0.01018,0.38792
CVE-2015-2248,0.10212,0.94357
CVE-2015-2249,0.00885,0.26162
CVE-2015-2250,0.01319,0.70416
CVE-2015-2251,0.01055,0.50287
CVE-2015-2252,0.01702,0.75164
CVE-2015-2253,0.01055,0.50287
CVE-2015-2254,0.01055,0.50287
CVE-2015-2255,0.01055,0.50287
CVE-2015-2263,0.00885,0.26162
CVE-2015-2264,0.00885,0.26162
CVE-2015-2265,0.01108,0.53389
CVE-2015-2266,0.01061,0.51015
CVE-2015-2267,0.01061,0.51015
CVE-2015-2268,0.01061,0.51015
CVE-2015-2269,0.02437,0.80834
CVE-2015-2270,0.01136,0.57949
CVE-2015-2271,0.01061,0.51015
CVE-2015-2272,0.01132,0.54372
CVE-2015-2273,0.01061,0.51015
CVE-2015-2275,0.02255,0.80558
CVE-2015-2278,0.01108,0.53389
CVE-2015-2279,0.10212,0.94357
CVE-2015-2280,0.09848,0.94077
CVE-2015-2281,0.23719,0.96564
CVE-2015-2282,0.03073,0.82961
CVE-2015-2284,0.75804,0.99333
CVE-2015-2285,0.01832,0.76196
CVE-2015-2286,0.01055,0.50287
CVE-2015-2289,0.01232,0.66248
CVE-2015-2292,0.01806,0.76038
CVE-2015-2293,0.01319,0.70416
CVE-2015-2294,0.01319,0.70416
CVE-2015-2295,0.01319,0.70416
CVE-2015-2296,0.01408,0.72072
CVE-2015-2297,0.01055,0.50287
CVE-2015-2298,0.01136,0.57949
CVE-2015-2301,0.04358,0.87435
CVE-2015-2304,0.03779,0.84781
CVE-2015-2305,0.04421,0.87629
CVE-2015-2308,0.01213,0.6557
CVE-2015-2310,0.01018,0.38792
CVE-2015-2311,0.02464,0.80851
CVE-2015-2312,0.01018,0.38792
CVE-2015-2313,0.01018,0.38792
CVE-2015-2314,0.01319,0.70416
CVE-2015-2316,0.01319,0.70416
CVE-2015-2317,0.01955,0.77585
CVE-2015-2318,0.01183,0.60428
CVE-2015-2319,0.01408,0.72072
CVE-2015-2320,0.01319,0.70416
CVE-2015-2321,0.02173,0.80027
CVE-2015-2323,0.00954,0.34522
CVE-2015-2324,0.01055,0.50287
CVE-2015-2325,0.01018,0.38792
CVE-2015-2326,0.01018,0.38792
CVE-2015-2327,0.01319,0.70416
CVE-2015-2328,0.02172,0.79917
CVE-2015-2329,0.01055,0.50287
CVE-2015-2330,0.01319,0.70416
CVE-2015-2331,0.08228,0.93218
CVE-2015-2332,0.01136,0.57949
CVE-2015-2333,0.01136,0.57949
CVE-2015-2334,0.01136,0.57949
CVE-2015-2335,0.01136,0.57949
CVE-2015-2336,0.01818,0.76133
CVE-2015-2337,0.01818,0.76133
CVE-2015-2338,0.01018,0.38792
CVE-2015-2339,0.01018,0.38792
CVE-2015-2340,0.01018,0.38792
CVE-2015-2341,0.00954,0.34522
CVE-2015-2342,0.82639,0.9955
CVE-2015-2344,0.01055,0.50287
CVE-2015-2346,0.01055,0.50287
CVE-2015-2347,0.01213,0.6557
CVE-2015-2348,0.03779,0.84781
CVE-2015-2349,0.01213,0.6557
CVE-2015-2350,0.01136,0.57949
CVE-2015-2351,0.01213,0.6557
CVE-2015-2352,0.00954,0.34522
CVE-2015-2359,0.26405,0.96986000000000006
CVE-2015-2360,0.01492,0.72732
CVE-2015-2361,0.03657,0.84263
CVE-2015-2362,0.03657,0.84263
CVE-2015-2363,0.0141,0.7214
CVE-2015-2364,0.0141,0.7214
CVE-2015-2365,0.01713,0.75173
CVE-2015-2366,0.01713,0.75173
CVE-2015-2367,0.01418,0.72341
CVE-2015-2368,0.48635,0.9851
CVE-2015-2369,0.48635,0.9851
CVE-2015-2370,0.01713,0.75173
CVE-2015-2371,0.0141,0.7214
CVE-2015-2372,0.24618,0.96694
CVE-2015-2373,0.49032,0.98523
CVE-2015-2374,0.26405,0.96986000000000006
CVE-2015-2375,0.24057,0.96634
CVE-2015-2376,0.36511,0.9778
CVE-2015-2377,0.36511,0.9778
CVE-2015-2378,0.37652,0.97838
CVE-2015-2379,0.36511,0.9778
CVE-2015-2380,0.40161,0.98033
CVE-2015-2381,0.0141,0.7214
CVE-2015-2382,0.0141,0.7214
CVE-2015-2383,0.30572,0.97413
CVE-2015-2384,0.30572,0.97413
CVE-2015-2385,0.30572,0.97413
CVE-2015-2387,0.02193,0.80196
CVE-2015-2388,0.30572,0.97413
CVE-2015-2389,0.30572,0.97413
CVE-2015-2390,0.30572,0.97413
CVE-2015-2391,0.30572,0.97413
CVE-2015-2397,0.30572,0.97413
CVE-2015-2398,0.24057,0.96634
CVE-2015-2401,0.30572,0.97413
CVE-2015-2402,0.26405,0.96986000000000006
CVE-2015-2403,0.30572,0.97413
CVE-2015-2404,0.30572,0.97413
CVE-2015-2406,0.30572,0.97413
CVE-2015-2408,0.26051,0.96944
CVE-2015-2410,0.24057,0.96634
CVE-2015-2411,0.30572,0.97413
CVE-2015-2412,0.26405,0.96986000000000006
CVE-2015-2413,0.24057,0.96634
CVE-2015-2414,0.24057,0.96634
CVE-2015-2415,0.40161,0.98033
CVE-2015-2416,0.24057,0.96634
CVE-2015-2417,0.24057,0.96634
CVE-2015-2418,0.01418,0.72341
CVE-2015-2419,0.56299,0.98739
CVE-2015-2420,0.24057,0.96634
CVE-2015-2421,0.24057,0.96634
CVE-2015-2422,0.30572,0.97413
CVE-2015-2423,0.29571,0.97309
CVE-2015-2424,0.40161,0.98033
CVE-2015-2425,0.30572,0.97413
CVE-2015-2426,0.58338,0.98794
CVE-2015-2427,0.29133,0.97202
CVE-2015-2428,0.0141,0.7214
CVE-2015-2429,0.10495,0.94387
CVE-2015-2430,0.10495,0.94387
CVE-2015-2431,0.5655,0.98747
CVE-2015-2432,0.56993,0.98759
CVE-2015-2433,0.02084,0.79035
CVE-2015-2434,0.24057,0.96634
CVE-2015-2435,0.54181,0.98702
CVE-2015-2440,0.23,0.96491
CVE-2015-2441,0.26051,0.96944
CVE-2015-2442,0.26051,0.96944
CVE-2015-2443,0.24618,0.96694
CVE-2015-2444,0.70542,0.99127
CVE-2015-2445,0.24057,0.96634
CVE-2015-2446,0.26051,0.96944
CVE-2015-2447,0.30572,0.97413
CVE-2015-2448,0.26051,0.96944
CVE-2015-2449,0.26405,0.96986000000000006
CVE-2015-2450,0.26051,0.96944
CVE-2015-2451,0.26051,0.96944
CVE-2015-2452,0.26051,0.96944
CVE-2015-2453,0.0141,0.7214
CVE-2015-2454,0.0141,0.7214
CVE-2015-2455,0.66842,0.99013
CVE-2015-2456,0.66842,0.99013
CVE-2015-2458,0.56993,0.98759
CVE-2015-2459,0.56993,0.98759
CVE-2015-2460,0.56993,0.98759
CVE-2015-2461,0.66842,0.99013
CVE-2015-2462,0.66842,0.99013
CVE-2015-2463,0.66842,0.99013
CVE-2015-2464,0.66842,0.99013
CVE-2015-2465,0.0141,0.7214
CVE-2015-2466,0.41342,0.98141
CVE-2015-2467,0.72206,0.99197
CVE-2015-2468,0.69199,0.9908
CVE-2015-2469,0.72206,0.99197
CVE-2015-2470,0.5655,0.98747
CVE-2015-2471,0.24057,0.96634
CVE-2015-2472,0.06089,0.90158
CVE-2015-2473,0.37652,0.97838
CVE-2015-2474,0.24888,0.96733
CVE-2015-2475,0.26405,0.96986000000000006
CVE-2015-2476,0.24057,0.96634
CVE-2015-2477,0.37652,0.97838
CVE-2015-2478,0.0141,0.7214
CVE-2015-2479,0.41342,0.98141
CVE-2015-2480,0.41342,0.98141
CVE-2015-2481,0.41342,0.98141
CVE-2015-2482,0.79481,0.9945
CVE-2015-2483,0.26405,0.96986000000000006
CVE-2015-2484,0.26405,0.96986000000000006
CVE-2015-2485,0.24618,0.96694
CVE-2015-2486,0.24618,0.96694
CVE-2015-2487,0.26051,0.96944
CVE-2015-2489,0.26405,0.96986000000000006
CVE-2015-2490,0.26051,0.96944
CVE-2015-2491,0.26051,0.96944
CVE-2015-2492,0.26051,0.96944
CVE-2015-2493,0.26051,0.96944
CVE-2015-2494,0.24618,0.96694
CVE-2015-2498,0.24618,0.96694
CVE-2015-2499,0.24618,0.96694
CVE-2015-2500,0.24618,0.96694
CVE-2015-2501,0.24618,0.96694
CVE-2015-2502,0.34723,0.97686
CVE-2015-2503,0.21805,0.96414
CVE-2015-2504,0.44237,0.98233
CVE-2015-2505,0.24057,0.96634
CVE-2015-2506,0.26405,0.96986000000000006
CVE-2015-2507,0.01961,0.77613
CVE-2015-2508,0.01961,0.77613
CVE-2015-2509,0.91186,0.99872
CVE-2015-2510,0.67528,0.99053
CVE-2015-2511,0.34438,0.9762
CVE-2015-2512,0.01961,0.77613
CVE-2015-2513,0.41342,0.98141
CVE-2015-2514,0.41342,0.98141
CVE-2015-2515,0.52528,0.98674
CVE-2015-2516,0.24057,0.96634
CVE-2015-2517,0.34438,0.9762
CVE-2015-2518,0.34438,0.9762
CVE-2015-2519,0.41342,0.98141
CVE-2015-2520,0.72206,0.99197
CVE-2015-2521,0.72567,0.99208
CVE-2015-2522,0.11348,0.94801
CVE-2015-2523,0.72206,0.99197
CVE-2015-2524,0.01713,0.75173
CVE-2015-2525,0.01961,0.77613
CVE-2015-2526,0.26405,0.96986000000000006
CVE-2015-2527,0.01961,0.77613
CVE-2015-2528,0.01961,0.77613
CVE-2015-2529,0.01418,0.72341
CVE-2015-2530,0.41342,0.98141
CVE-2015-2531,0.24057,0.96634
CVE-2015-2532,0.24057,0.96634
CVE-2015-2534,0.0141,0.7214
CVE-2015-2535,0.11291,0.9479
CVE-2015-2536,0.24057,0.96634
CVE-2015-2541,0.24618,0.96694
CVE-2015-2542,0.24618,0.96694
CVE-2015-2543,0.24057,0.96634
CVE-2015-2544,0.24057,0.96634
CVE-2015-2548,0.52272,0.98667
CVE-2015-2549,0.01484,0.72723
CVE-2015-2550,0.0141,0.7214
CVE-2015-2552,0.02084,0.79035
CVE-2015-2553,0.01961,0.77613
CVE-2015-2554,0.01961,0.77613
CVE-2015-2555,0.45528,0.98281
CVE-2015-2556,0.24057,0.96634
CVE-2015-2557,0.45528,0.98281
CVE-2015-2558,0.45528,0.98281
CVE-2015-2559,0.01061,0.51015
CVE-2015-2560,0.04123,0.8536
CVE-2015-2562,0.66244,0.98997
CVE-2015-2563,0.01136,0.57949
CVE-2015-2564,0.01806,0.76038
CVE-2015-2565,0.01136,0.57949
CVE-2015-2566,0.01132,0.54372
CVE-2015-2567,0.01132,0.54372
CVE-2015-2568,0.03779,0.84781
CVE-2015-2570,0.01061,0.51015
CVE-2015-2571,0.02186,0.8012
CVE-2015-2572,0.02072,0.78998
CVE-2015-2573,0.02186,0.8012
CVE-2015-2574,0.0089,0.2856
CVE-2015-2575,0.01232,0.66248
CVE-2015-2576,0.0089,0.2856
CVE-2015-2577,0.0089,0.2856
CVE-2015-2578,0.01136,0.57949
CVE-2015-2579,0.0089,0.2856
CVE-2015-2580,0.0089,0.2856
CVE-2015-2581,0.01055,0.50287
CVE-2015-2582,0.02186,0.8012
CVE-2015-2583,0.00885,0.26162
CVE-2015-2584,0.01055,0.50287
CVE-2015-2585,0.01055,0.50287
CVE-2015-2586,0.01055,0.50287
CVE-2015-2587,0.01136,0.57949
CVE-2015-2588,0.01055,0.50287
CVE-2015-2589,0.0089,0.2856
CVE-2015-2590,0.04358,0.87435
CVE-2015-2591,0.01055,0.50287
CVE-2015-2592,0.01055,0.50287
CVE-2015-2593,0.01055,0.50287
CVE-2015-2594,0.0095,0.30554
CVE-2015-2595,0.01055,0.50287
CVE-2015-2596,0.01319,0.70416
CVE-2015-2597,0.01034,0.39824
CVE-2015-2598,0.01055,0.50287
CVE-2015-2599,0.01061,0.51015
CVE-2015-2600,0.01055,0.50287
CVE-2015-2601,0.04358,0.87435
CVE-2015-2602,0.01136,0.57949
CVE-2015-2603,0.01136,0.57949
CVE-2015-2604,0.01136,0.57949
CVE-2015-2605,0.01136,0.57949
CVE-2015-2606,0.01136,0.57949
CVE-2015-2607,0.01055,0.50287
CVE-2015-2608,0.01055,0.50287
CVE-2015-2609,0.00885,0.26162
CVE-2015-2610,0.01055,0.50287
CVE-2015-2611,0.01315,0.67456
CVE-2015-2612,0.01055,0.50287
CVE-2015-2613,0.04358,0.87435
CVE-2015-2614,0.00885,0.26162
CVE-2015-2615,0.01055,0.50287
CVE-2015-2616,0.00885,0.26162
CVE-2015-2617,0.01315,0.67456
CVE-2015-2618,0.01055,0.50287
CVE-2015-2619,0.02172,0.79917
CVE-2015-2620,0.03779,0.84781
CVE-2015-2621,0.04358,0.87435
CVE-2015-2622,0.01055,0.50287
CVE-2015-2623,0.01055,0.50287
CVE-2015-2624,0.00885,0.26162
CVE-2015-2625,0.04358,0.87435
CVE-2015-2626,0.00885,0.26162
CVE-2015-2627,0.02172,0.79917
CVE-2015-2628,0.04358,0.87435
CVE-2015-2629,0.01061,0.51015
CVE-2015-2630,0.01055,0.50287
CVE-2015-2631,0.0089,0.2856
CVE-2015-2632,0.04358,0.87435
CVE-2015-2633,0.01055,0.50287
CVE-2015-2634,0.01055,0.50287
CVE-2015-2635,0.01055,0.50287
CVE-2015-2636,0.01055,0.50287
CVE-2015-2637,0.03779,0.84781
CVE-2015-2638,0.03779,0.84781
CVE-2015-2639,0.01315,0.67456
CVE-2015-2640,0.00885,0.26162
CVE-2015-2641,0.01315,0.67456
CVE-2015-2642,0.00885,0.26162
CVE-2015-2643,0.02186,0.8012
CVE-2015-2644,0.01055,0.50287
CVE-2015-2645,0.01055,0.50287
CVE-2015-2646,0.01136,0.57949
CVE-2015-2647,0.01061,0.51015
CVE-2015-2648,0.02186,0.8012
CVE-2015-2649,0.01055,0.50287
CVE-2015-2650,0.01055,0.50287
CVE-2015-2651,0.00885,0.26162
CVE-2015-2652,0.01136,0.57949
CVE-2015-2653,0.01055,0.50287
CVE-2015-2654,0.00885,0.26162
CVE-2015-2655,0.01061,0.51015
CVE-2015-2656,0.00885,0.26162
CVE-2015-2657,0.01055,0.50287
CVE-2015-2658,0.01055,0.50287
CVE-2015-2659,0.01408,0.72072
CVE-2015-2660,0.01055,0.50287
CVE-2015-2661,0.01104,0.52279
CVE-2015-2662,0.0089,0.2856
CVE-2015-2663,0.01055,0.50287
CVE-2015-2664,0.01547,0.74085
CVE-2015-2665,0.01408,0.72072
CVE-2015-2666,0.01034,0.39824
CVE-2015-2667,0.00885,0.26162
CVE-2015-2668,0.01213,0.6557
CVE-2015-2672,0.0095,0.30554
CVE-2015-2673,0.0589,0.90061
CVE-2015-2674,0.00954,0.34522
CVE-2015-2675,0.01319,0.70416
CVE-2015-2676,0.01213,0.6557
CVE-2015-2677,0.01132,0.54372
CVE-2015-2678,0.01408,0.72072
CVE-2015-2679,0.02172,0.79917
CVE-2015-2680,0.01776,0.75902
CVE-2015-2681,0.01213,0.6557
CVE-2015-2682,0.09257,0.93938
CVE-2015-2683,0.07777,0.92953
CVE-2015-2684,0.01061,0.51015
CVE-2015-2686,0.01282,0.67298
CVE-2015-2687,0.01034,0.39824
CVE-2015-2688,0.01055,0.50287
CVE-2015-2689,0.01055,0.50287
CVE-2015-2690,0.01213,0.6557
CVE-2015-2692,0.01055,0.50287
CVE-2015-2694,0.01213,0.6557
CVE-2015-2695,0.02172,0.79917
CVE-2015-2696,0.02172,0.79917
CVE-2015-2697,0.01815,0.76117
CVE-2015-2698,0.01132,0.54372
CVE-2015-2701,0.07584,0.92581
CVE-2015-2702,0.01319,0.70416
CVE-2015-2703,0.01776,0.75902
CVE-2015-2704,0.01213,0.6557
CVE-2015-2706,0.07544,0.92484
CVE-2015-2708,0.08228,0.93218
CVE-2015-2709,0.08228,0.93218
CVE-2015-2710,0.11675,0.94851
CVE-2015-2711,0.01319,0.70416
CVE-2015-2712,0.07777,0.92953
CVE-2015-2713,0.06604,0.91138
CVE-2015-2714,0.0095,0.30554
CVE-2015-2715,0.05139,0.89128
CVE-2015-2716,0.14355,0.95618
CVE-2015-2717,0.04967,0.88981
CVE-2015-2718,0.01319,0.70416
CVE-2015-2720,0.0095,0.30554
CVE-2015-2721,0.02686,0.82061
CVE-2015-2722,0.14355,0.95618
CVE-2015-2724,0.08228,0.93218
CVE-2015-2725,0.08228,0.93218
CVE-2015-2726,0.08228,0.93218
CVE-2015-2727,0.01955,0.77585
CVE-2015-2728,0.08228,0.93218
CVE-2015-2729,0.02172,0.79917
CVE-2015-2730,0.04358,0.87435
CVE-2015-2731,0.12248,0.95092
CVE-2015-2733,0.14355,0.95618
CVE-2015-2734,0.02686,0.82061
CVE-2015-2735,0.03932,0.8519
CVE-2015-2736,0.03932,0.8519
CVE-2015-2737,0.02686,0.82061
CVE-2015-2738,0.02686,0.82061
CVE-2015-2739,0.02686,0.82061
CVE-2015-2740,0.04358,0.87435
CVE-2015-2741,0.02686,0.82061
CVE-2015-2742,0.01319,0.70416
CVE-2015-2743,0.14355,0.95618
CVE-2015-2744,0.01055,0.50287
CVE-2015-2745,0.01136,0.57949
CVE-2015-2746,0.08924,0.93691
CVE-2015-2747,0.01213,0.6557
CVE-2015-2748,0.01213,0.6557
CVE-2015-2749,0.01319,0.70416
CVE-2015-2750,0.01319,0.70416
CVE-2015-2751,0.01183,0.60428
CVE-2015-2752,0.01282,0.67298
CVE-2015-2753,0.04967,0.88981
CVE-2015-2754,0.04967,0.88981
CVE-2015-2755,0.01319,0.70416
CVE-2015-2756,0.01547,0.74085
CVE-2015-2757,0.01055,0.50287
CVE-2015-2758,0.01055,0.50287
CVE-2015-2759,0.01055,0.50287
CVE-2015-2760,0.01055,0.50287
CVE-2015-2761,0.01055,0.50287
CVE-2015-2762,0.01055,0.50287
CVE-2015-2763,0.00885,0.26162
CVE-2015-2764,0.01055,0.50287
CVE-2015-2765,0.01055,0.50287
CVE-2015-2766,0.00885,0.26162
CVE-2015-2767,0.00885,0.26162
CVE-2015-2768,0.01055,0.50287
CVE-2015-2769,0.01055,0.50287
CVE-2015-2770,0.01055,0.50287
CVE-2015-2771,0.01055,0.50287
CVE-2015-2772,0.00885,0.26162
CVE-2015-2773,0.00885,0.26162
CVE-2015-2774,0.01183,0.60428
CVE-2015-2775,0.01955,0.77585
CVE-2015-2776,0.01319,0.70416
CVE-2015-2778,0.01319,0.70416
CVE-2015-2779,0.01408,0.72072
CVE-2015-2780,0.12753,0.95373
CVE-2015-2781,0.01213,0.6557
CVE-2015-2782,0.07544,0.92484
CVE-2015-2783,0.03932,0.8519
CVE-2015-2784,0.00885,0.26162
CVE-2015-2785,0.04291,0.87022
CVE-2015-2786,0.00885,0.26162
CVE-2015-2787,0.08501,0.93612
CVE-2015-2788,0.01319,0.70416
CVE-2015-2789,0.02115,0.79119
CVE-2015-2790,0.16755,0.9597
CVE-2015-2791,0.01213,0.6557
CVE-2015-2792,0.01213,0.6557
CVE-2015-2793,0.01776,0.75902
CVE-2015-2796,0.01055,0.50287
CVE-2015-2797,0.75644,0.99327
CVE-2015-2798,0.01564,0.74439
CVE-2015-2800,0.01055,0.50287
CVE-2015-2802,0.01018,0.38792
CVE-2015-2803,0.01806,0.76038
CVE-2015-2804,0.01213,0.6557
CVE-2015-2805,0.10212,0.94357
CVE-2015-2806,0.03779,0.84781
CVE-2015-2807,0.01213,0.6557
CVE-2015-2808,0.2269,0.96464
CVE-2015-2809,0.01136,0.57949
CVE-2015-2810,0.0556,0.89553
CVE-2015-2811,0.01213,0.6557
CVE-2015-2812,0.01213,0.6557
CVE-2015-2813,0.01213,0.6557
CVE-2015-2814,0.01055,0.50287
CVE-2015-2815,0.03941,0.85207
CVE-2015-2816,0.01213,0.6557
CVE-2015-2817,0.01213,0.6557
CVE-2015-2818,0.01055,0.50287
CVE-2015-2819,0.01213,0.6557
CVE-2015-2820,0.01213,0.6557
CVE-2015-2821,0.00885,0.26162
CVE-2015-2822,0.00954,0.34522
CVE-2015-2823,0.01136,0.57949
CVE-2015-2824,0.04386,0.87542
CVE-2015-2825,0.12753,0.95373
CVE-2015-2826,0.10212,0.94357
CVE-2015-2827,0.01132,0.54372
CVE-2015-2828,0.01132,0.54372
CVE-2015-2829,0.01136,0.57949
CVE-2015-2830,0.01547,0.74085
CVE-2015-2831,0.01592,0.74578
CVE-2015-2838,0.09257,0.93938
CVE-2015-2839,0.01213,0.6557
CVE-2015-2840,0.01213,0.6557
CVE-2015-2841,0.07584,0.92581
CVE-2015-2842,0.06523,0.90962
CVE-2015-2843,0.01319,0.70416
CVE-2015-2844,0.01213,0.6557
CVE-2015-2845,0.01319,0.70416
CVE-2015-2846,0.01055,0.50287
CVE-2015-2847,0.01055,0.50287
CVE-2015-2848,0.01055,0.50287
CVE-2015-2849,0.01055,0.50287
CVE-2015-2850,0.01055,0.50287
CVE-2015-2851,0.0089,0.2856
CVE-2015-2852,0.01136,0.57949
CVE-2015-2853,0.01136,0.57949
CVE-2015-2854,0.01136,0.57949
CVE-2015-2855,0.01136,0.57949
CVE-2015-2856,0.55684,0.98733
CVE-2015-2857,0.88221,0.9979
CVE-2015-2858,0.01055,0.50287
CVE-2015-2859,0.01018,0.38792
CVE-2015-2860,0.01055,0.50287
CVE-2015-2861,0.01213,0.6557
CVE-2015-2862,0.01055,0.50287
CVE-2015-2863,0.01055,0.50287
CVE-2015-2864,0.01213,0.6557
CVE-2015-2866,0.01564,0.74439
CVE-2015-2867,0.01055,0.50287
CVE-2015-2868,0.02166,0.79253
CVE-2015-2869,0.01213,0.6557
CVE-2015-2870,0.01055,0.50287
CVE-2015-2871,0.01055,0.50287
CVE-2015-2872,0.01136,0.57949
CVE-2015-2873,0.01061,0.51015
CVE-2015-2874,0.01136,0.57949
CVE-2015-2875,0.01136,0.57949
CVE-2015-2876,0.05785,0.89924
CVE-2015-2877,0.01034,0.39824
CVE-2015-2878,0.08382,0.93597
CVE-2015-2880,0.00885,0.26162
CVE-2015-2881,0.00885,0.26162
CVE-2015-2882,0.00885,0.26162
CVE-2015-2883,0.00885,0.26162
CVE-2015-2884,0.01055,0.50287
CVE-2015-2885,0.00885,0.26162
CVE-2015-2886,0.01055,0.50287
CVE-2015-2887,0.00885,0.26162
CVE-2015-2888,0.01055,0.50287
CVE-2015-2889,0.01055,0.50287
CVE-2015-2890,0.00885,0.26162
CVE-2015-2894,0.01055,0.50287
CVE-2015-2895,0.01702,0.75164
CVE-2015-2896,0.01055,0.50287
CVE-2015-2897,0.01055,0.50287
CVE-2015-2899,0.05629,0.89602
CVE-2015-2901,0.05822,0.89998
CVE-2015-2902,0.00954,0.34522
CVE-2015-2903,0.01136,0.57949
CVE-2015-2904,0.01055,0.50287
CVE-2015-2905,0.01055,0.50287
CVE-2015-2906,0.01061,0.51015
CVE-2015-2907,0.01061,0.51015
CVE-2015-2908,0.05302,0.89375
CVE-2015-2909,0.01055,0.50287
CVE-2015-2912,0.01055,0.50287
CVE-2015-2913,0.01055,0.50287
CVE-2015-2914,0.01055,0.50287
CVE-2015-2915,0.01055,0.50287
CVE-2015-2916,0.01055,0.50287
CVE-2015-2917,0.01055,0.50287
CVE-2015-2918,0.01055,0.50287
CVE-2015-2922,0.04358,0.87435
CVE-2015-2923,0.01213,0.6557
CVE-2015-2924,0.01319,0.70416
CVE-2015-2926,0.01136,0.57949
CVE-2015-2927,0.01132,0.54372
CVE-2015-2928,0.01055,0.50287
CVE-2015-2929,0.00885,0.26162
CVE-2015-2931,0.01319,0.70416
CVE-2015-2932,0.01319,0.70416
CVE-2015-2933,0.01319,0.70416
CVE-2015-2934,0.01319,0.70416
CVE-2015-2935,0.01319,0.70416
CVE-2015-2936,0.01319,0.70416
CVE-2015-2937,0.01319,0.70416
CVE-2015-2938,0.01319,0.70416
CVE-2015-2939,0.01319,0.70416
CVE-2015-2940,0.01319,0.70416
CVE-2015-2941,0.01319,0.70416
CVE-2015-2942,0.01319,0.70416
CVE-2015-2943,0.00885,0.26162
CVE-2015-2944,0.0221,0.80318
CVE-2015-2945,0.01136,0.57949
CVE-2015-2946,0.06309,0.90494
CVE-2015-2947,0.01055,0.50287
CVE-2015-2948,0.01213,0.6557
CVE-2015-2949,0.01136,0.57949
CVE-2015-2950,0.01213,0.6557
CVE-2015-2951,0.01213,0.6557
CVE-2015-2952,0.01132,0.54372
CVE-2015-2953,0.01213,0.6557
CVE-2015-2954,0.01213,0.6557
CVE-2015-2955,0.01213,0.6557
CVE-2015-2956,0.01213,0.6557
CVE-2015-2957,0.01213,0.6557
CVE-2015-2958,0.01213,0.6557
CVE-2015-2959,0.02008,0.78471
CVE-2015-2960,0.02008,0.78471
CVE-2015-2961,0.02008,0.78471
CVE-2015-2962,0.06523,0.90962
CVE-2015-2963,0.01319,0.70416
CVE-2015-2964,0.01136,0.57949
CVE-2015-2965,0.01132,0.54372
CVE-2015-2966,0.01055,0.50287
CVE-2015-2967,0.01213,0.6557
CVE-2015-2969,0.01136,0.57949
CVE-2015-2970,0.01136,0.57949
CVE-2015-2971,0.01061,0.51015
CVE-2015-2972,0.02172,0.79917
CVE-2015-2973,0.01213,0.6557
CVE-2015-2974,0.01136,0.57949
CVE-2015-2975,0.01136,0.57949
CVE-2015-2976,0.01136,0.57949
CVE-2015-2977,0.05822,0.89998
CVE-2015-2978,0.01055,0.50287
CVE-2015-2979,0.01055,0.50287
CVE-2015-2980,0.01136,0.57949
CVE-2015-2981,0.00954,0.34522
CVE-2015-2982,0.01136,0.57949
CVE-2015-2983,0.01136,0.57949
CVE-2015-2984,0.01213,0.6557
CVE-2015-2985,0.01055,0.50287
CVE-2015-2986,0.01055,0.50287
CVE-2015-2987,0.01018,0.38792
CVE-2015-2988,0.01136,0.57949
CVE-2015-2989,0.01055,0.50287
CVE-2015-2990,0.01061,0.51015
CVE-2015-2991,0.06309,0.90494
CVE-2015-2992,0.019,0.76484
CVE-2015-2993,0.38796,0.97911
CVE-2015-2994,0.5264,0.98678
CVE-2015-2995,0.85322,0.99658
CVE-2015-2996,0.01213,0.6557
CVE-2015-2997,0.01213,0.6557
CVE-2015-2998,0.01213,0.6557
CVE-2015-2999,0.0095,0.30554
CVE-2015-3000,0.01213,0.6557
CVE-2015-3001,0.01213,0.6557
CVE-2015-3002,0.00954,0.34522
CVE-2015-3003,0.0089,0.2856
CVE-2015-3004,0.01136,0.57949
CVE-2015-3005,0.01136,0.57949
CVE-2015-3006,0.00885,0.26162
CVE-2015-3007,0.00885,0.26162
CVE-2015-3008,0.03079,0.82963
CVE-2015-3010,0.01282,0.67298
CVE-2015-3011,0.01061,0.51015
CVE-2015-3012,0.01319,0.70416
CVE-2015-3013,0.01132,0.54372
CVE-2015-3026,0.03779,0.84781
CVE-2015-3027,0.01018,0.38792
CVE-2015-3028,0.01055,0.50287
CVE-2015-3029,0.01055,0.50287
CVE-2015-3030,0.01055,0.50287
CVE-2015-3035,0.03779,0.84781
CVE-2015-3036,0.42263,0.98164
CVE-2015-3038,0.0443,0.87699
CVE-2015-3039,0.04631,0.88514
CVE-2015-3040,0.01396,0.71116
CVE-2015-3041,0.0443,0.87699
CVE-2015-3042,0.87042,0.99717
CVE-2015-3043,0.0443,0.87699
CVE-2015-3044,0.02686,0.82061
CVE-2015-3046,0.11362,0.9481
CVE-2015-3047,0.06842,0.91811
CVE-2015-3048,0.11299,0.94791
CVE-2015-3049,0.11362,0.9481
CVE-2015-3050,0.11362,0.9481
CVE-2015-3051,0.11362,0.9481
CVE-2015-3052,0.11362,0.9481
CVE-2015-3053,0.20344,0.96277
CVE-2015-3054,0.20344,0.96277
CVE-2015-3055,0.20344,0.96277
CVE-2015-3056,0.20447,0.9628
CVE-2015-3057,0.20447,0.9628
CVE-2015-3058,0.09326,0.93946
CVE-2015-3059,0.20344,0.96277
CVE-2015-3060,0.20344,0.96277
CVE-2015-3061,0.20344,0.96277
CVE-2015-3062,0.20344,0.96277
CVE-2015-3063,0.20344,0.96277
CVE-2015-3064,0.20344,0.96277
CVE-2015-3065,0.20344,0.96277
CVE-2015-3066,0.20344,0.96277
CVE-2015-3067,0.20344,0.96277
CVE-2015-3068,0.20344,0.96277
CVE-2015-3069,0.20344,0.96277
CVE-2015-3070,0.11362,0.9481
CVE-2015-3071,0.20344,0.96277
CVE-2015-3072,0.20344,0.96277
CVE-2015-3074,0.20344,0.96277
CVE-2015-3075,0.11299,0.94791
CVE-2015-3076,0.11362,0.9481
CVE-2015-3077,0.04219,0.86801
CVE-2015-3078,0.04036,0.85309
CVE-2015-3079,0.01396,0.71116
CVE-2015-3080,0.87556,0.99763
CVE-2015-3081,0.108,0.94438
CVE-2015-3082,0.34338,0.97609
CVE-2015-3083,0.34338,0.97609
CVE-2015-3084,0.04219,0.86801
CVE-2015-3085,0.02172,0.79917
CVE-2015-3086,0.04219,0.86801
CVE-2015-3087,0.87556,0.99763
CVE-2015-3088,0.86921,0.99712
CVE-2015-3089,0.87042,0.99717
CVE-2015-3091,0.01396,0.71116
CVE-2015-3092,0.01396,0.71116
CVE-2015-3093,0.87042,0.99717
CVE-2015-3095,0.03444,0.84021
CVE-2015-3096,0.01408,0.72072
CVE-2015-3097,0.09326,0.93946
CVE-2015-3098,0.01408,0.72072
CVE-2015-3099,0.01408,0.72072
CVE-2015-3100,0.04219,0.86801
CVE-2015-3101,0.01202,0.60495
CVE-2015-3102,0.01408,0.72072
CVE-2015-3103,0.04219,0.86801
CVE-2015-3104,0.04219,0.86801
CVE-2015-3106,0.87556,0.99763
CVE-2015-3107,0.87556,0.99763
CVE-2015-3108,0.01396,0.71116
CVE-2015-3109,0.03444,0.84021
CVE-2015-3110,0.31332,0.9747
CVE-2015-3111,0.03601,0.84249
CVE-2015-3112,0.03444,0.84021
CVE-2015-3113,0.1127,0.94787
CVE-2015-3114,0.01308,0.67354
CVE-2015-3115,0.01319,0.70416
CVE-2015-3116,0.01319,0.70416
CVE-2015-3117,0.03788,0.84809
CVE-2015-3118,0.52432,0.98673
CVE-2015-3119,0.03961,0.85248
CVE-2015-3120,0.03961,0.85248
CVE-2015-3121,0.03961,0.85248
CVE-2015-3122,0.03961,0.85248
CVE-2015-3123,0.03788,0.84809
CVE-2015-3124,0.52432,0.98673
CVE-2015-3125,0.01319,0.70416
CVE-2015-3126,0.01308,0.67354
CVE-2015-3127,0.03961,0.85248
CVE-2015-3128,0.46962,0.98444
CVE-2015-3129,0.03961,0.85248
CVE-2015-3130,0.03788,0.84809
CVE-2015-3131,0.03961,0.85248
CVE-2015-3132,0.03961,0.85248
CVE-2015-3133,0.03788,0.84809
CVE-2015-3134,0.51274,0.98644
CVE-2015-3135,0.03961,0.85248
CVE-2015-3136,0.03961,0.85248
CVE-2015-3137,0.46962,0.98444
CVE-2015-3138,0.01213,0.6557
CVE-2015-3140,0.08382,0.93597
CVE-2015-3141,0.02173,0.80027
CVE-2015-3142,0.0095,0.30554
CVE-2015-3143,0.04358,0.87435
CVE-2015-3144,0.03779,0.84781
CVE-2015-3145,0.04358,0.87435
CVE-2015-3146,0.01319,0.70416
CVE-2015-3147,0.0095,0.30554
CVE-2015-3148,0.04358,0.87435
CVE-2015-3149,0.0089,0.2856
CVE-2015-3150,0.0095,0.30554
CVE-2015-3151,0.01034,0.39824
CVE-2015-3153,0.02686,0.82061
CVE-2015-3154,0.01055,0.50287
CVE-2015-3155,0.01319,0.70416
CVE-2015-3156,0.01282,0.67298
CVE-2015-3158,0.01315,0.67456
CVE-2015-3159,0.0089,0.2856
CVE-2015-3160,0.01132,0.54372
CVE-2015-3161,0.0095,0.30554
CVE-2015-3162,0.01132,0.54372
CVE-2015-3163,0.01132,0.54372
CVE-2015-3164,0.0095,0.30554
CVE-2015-3165,0.03779,0.84781
CVE-2015-3166,0.01537,0.73595
CVE-2015-3167,0.01537,0.73595
CVE-2015-3169,0.00954,0.34522
CVE-2015-3170,0.00885,0.26162
CVE-2015-3171,0.00885,0.26162
CVE-2015-3172,0.00885,0.26162
CVE-2015-3173,0.04571,0.88388
CVE-2015-3174,0.01132,0.54372
CVE-2015-3175,0.01213,0.6557
CVE-2015-3176,0.01213,0.6557
CVE-2015-3177,0.01132,0.54372
CVE-2015-3178,0.01132,0.54372
CVE-2015-3179,0.01132,0.54372
CVE-2015-3180,0.01132,0.54372
CVE-2015-3181,0.01132,0.54372
CVE-2015-3182,0.01319,0.70416
CVE-2015-3183,0.07344,0.92237
CVE-2015-3184,0.03032,0.82851
CVE-2015-3185,0.07344,0.92237
CVE-2015-3186,0.01055,0.50287
CVE-2015-3187,0.03115,0.83076
CVE-2015-3188,0.05785,0.89924
CVE-2015-3189,0.00885,0.26162
CVE-2015-3190,0.00885,0.26162
CVE-2015-3191,0.00885,0.26162
CVE-2015-3192,0.03407,0.83908
CVE-2015-3193,0.07559,0.92528
CVE-2015-3194,0.07559,0.92528
CVE-2015-3195,0.07559,0.92528
CVE-2015-3196,0.0472,0.88691
CVE-2015-3197,0.0472,0.88691
CVE-2015-3198,0.01213,0.6557
CVE-2015-3200,0.01974,0.7812
CVE-2015-3201,0.01034,0.39824
CVE-2015-3202,0.03534,0.84129
CVE-2015-3203,0.11465,0.94836
CVE-2015-3204,0.01213,0.6557
CVE-2015-3205,0.12753,0.95373
CVE-2015-3206,0.01213,0.6557
CVE-2015-3207,0.00954,0.34522
CVE-2015-3208,0.01484,0.72722
CVE-2015-3209,0.12248,0.95092
CVE-2015-3210,0.06908,0.9183
CVE-2015-3211,0.00885,0.26162
CVE-2015-3212,0.01547,0.74085
CVE-2015-3213,0.01018,0.38792
CVE-2015-3214,0.07751,0.92776
CVE-2015-3215,0.01213,0.6557
CVE-2015-3216,0.02172,0.79917
CVE-2015-3217,0.02172,0.79917
CVE-2015-3218,0.01282,0.67298
CVE-2015-3219,0.01319,0.70416
CVE-2015-3220,0.01136,0.57949
CVE-2015-3221,0.01132,0.54372
CVE-2015-3222,0.02515,0.81066
CVE-2015-3223,0.04358,0.87435
CVE-2015-3225,0.02172,0.79917
CVE-2015-3226,0.01213,0.6557
CVE-2015-3227,0.01319,0.70416
CVE-2015-3228,0.01955,0.77585
CVE-2015-3229,0.01213,0.6557
CVE-2015-3230,0.01213,0.6557
CVE-2015-3231,0.01132,0.54372
CVE-2015-3232,0.01213,0.6557
CVE-2015-3233,0.03407,0.83908
CVE-2015-3234,0.01213,0.6557
CVE-2015-3235,0.01132,0.54372
CVE-2015-3236,0.02172,0.79917
CVE-2015-3237,0.01537,0.73595
CVE-2015-3238,0.02686,0.82061
CVE-2015-3239,0.01034,0.39824
CVE-2015-3240,0.01319,0.70416
CVE-2015-3241,0.01232,0.66248
CVE-2015-3243,0.0095,0.30554
CVE-2015-3244,0.01132,0.54372
CVE-2015-3245,0.01282,0.67298
CVE-2015-3246,0.01282,0.67298
CVE-2015-3247,0.06248,0.90327
CVE-2015-3248,0.0089,0.2856
CVE-2015-3249,0.03795,0.84827
CVE-2015-3250,0.01246,0.66436
CVE-2015-3251,0.01061,0.51015
CVE-2015-3252,0.01136,0.57949
CVE-2015-3253,0.07978,0.92985
CVE-2015-3254,0.01936,0.77139
CVE-2015-3255,0.01104,0.52279
CVE-2015-3256,0.01104,0.52279
CVE-2015-3257,0.01055,0.50287
CVE-2015-3258,0.07544,0.92484
CVE-2015-3259,0.01034,0.39824
CVE-2015-3267,0.01136,0.57949
CVE-2015-3268,0.02072,0.79023
CVE-2015-3269,0.01974,0.7812
CVE-2015-3270,0.01055,0.50287
CVE-2015-3271,0.01136,0.57949
CVE-2015-3272,0.01213,0.6557
CVE-2015-3273,0.01132,0.54372
CVE-2015-3274,0.01213,0.6557
CVE-2015-3275,0.01213,0.6557
CVE-2015-3276,0.01213,0.6557
CVE-2015-3277,0.01136,0.57949
CVE-2015-3278,0.00885,0.26162
CVE-2015-3279,0.07544,0.92484
CVE-2015-3280,0.01132,0.54372
CVE-2015-3281,0.01974,0.7812
CVE-2015-3282,0.01213,0.6557
CVE-2015-3283,0.01213,0.6557
CVE-2015-3284,0.0095,0.30554
CVE-2015-3285,0.0095,0.30554
CVE-2015-3286,0.0095,0.30554
CVE-2015-3288,0.01034,0.39824
CVE-2015-3289,0.01061,0.51015
CVE-2015-3290,0.03534,0.84129
CVE-2015-3291,0.01282,0.67298
CVE-2015-3292,0.11465,0.94836
CVE-2015-3293,0.00885,0.26162
CVE-2015-3294,0.02172,0.79917
CVE-2015-3295,0.00954,0.34522
CVE-2015-3296,0.01136,0.57949
CVE-2015-3297,0.01213,0.6557
CVE-2015-3298,0.00885,0.26162
CVE-2015-3299,0.01136,0.57949
CVE-2015-3300,0.01955,0.77585
CVE-2015-3301,0.01034,0.39824
CVE-2015-3302,0.01213,0.6557
CVE-2015-3307,0.02172,0.79917
CVE-2015-3308,0.02172,0.79917
CVE-2015-3309,0.01136,0.57949
CVE-2015-3310,0.01408,0.72072
CVE-2015-3313,0.01806,0.76038
CVE-2015-3314,0.05672,0.89813
CVE-2015-3315,0.0232,0.80631
CVE-2015-3316,0.0095,0.30554
CVE-2015-3317,0.0095,0.30554
CVE-2015-3318,0.0095,0.30554
CVE-2015-3319,0.01213,0.6557
CVE-2015-3320,0.00885,0.26162
CVE-2015-3321,0.00885,0.26162
CVE-2015-3322,0.00885,0.26162
CVE-2015-3323,0.01055,0.50287
CVE-2015-3324,0.00885,0.26162
CVE-2015-3325,0.01564,0.74439
CVE-2015-3326,0.01213,0.6557
CVE-2015-3329,0.08501,0.93612
CVE-2015-3330,0.05689,0.89815
CVE-2015-3331,0.02646,0.81377
CVE-2015-3332,0.0095,0.30554
CVE-2015-3333,0.01018,0.38792
CVE-2015-3334,0.01213,0.6557
CVE-2015-3335,0.01213,0.6557
CVE-2015-3336,0.01213,0.6557
CVE-2015-3339,0.01547,0.74085
CVE-2015-3340,0.01537,0.73595
CVE-2015-3342,0.01213,0.6557
CVE-2015-3343,0.01213,0.6557
CVE-2015-3344,0.01132,0.54372
CVE-2015-3345,0.0095,0.30554
CVE-2015-3346,0.01213,0.6557
CVE-2015-3347,0.01213,0.6557
CVE-2015-3348,0.01132,0.54372
CVE-2015-3349,0.01213,0.6557
CVE-2015-3350,0.01213,0.6557
CVE-2015-3351,0.01213,0.6557
CVE-2015-3352,0.01213,0.6557
CVE-2015-3353,0.01132,0.54372
CVE-2015-3354,0.01213,0.6557
CVE-2015-3355,0.01213,0.6557
CVE-2015-3356,0.01213,0.6557
CVE-2015-3357,0.01132,0.54372
CVE-2015-3358,0.01213,0.6557
CVE-2015-3359,0.01132,0.54372
CVE-2015-3360,0.01132,0.54372
CVE-2015-3361,0.01132,0.54372
CVE-2015-3362,0.01132,0.54372
CVE-2015-3363,0.01213,0.6557
CVE-2015-3364,0.01213,0.6557
CVE-2015-3365,0.01061,0.51015
CVE-2015-3366,0.01213,0.6557
CVE-2015-3367,0.01213,0.6557
CVE-2015-3368,0.01132,0.54372
CVE-2015-3369,0.01132,0.54372
CVE-2015-3370,0.01213,0.6557
CVE-2015-3371,0.01213,0.6557
CVE-2015-3372,0.01132,0.54372
CVE-2015-3373,0.01213,0.6557
CVE-2015-3374,0.01136,0.57949
CVE-2015-3375,0.01213,0.6557
CVE-2015-3376,0.01132,0.54372
CVE-2015-3378,0.01232,0.66248
CVE-2015-3379,0.01132,0.54372
CVE-2015-3380,0.01136,0.57949
CVE-2015-3381,0.01061,0.51015
CVE-2015-3382,0.01136,0.57949
CVE-2015-3383,0.01136,0.57949
CVE-2015-3384,0.01061,0.51015
CVE-2015-3385,0.01132,0.54372
CVE-2015-3386,0.01061,0.51015
CVE-2015-3387,0.01132,0.54372
CVE-2015-3388,0.01136,0.57949
CVE-2015-3389,0.01132,0.54372
CVE-2015-3390,0.01132,0.54372
CVE-2015-3391,0.01213,0.6557
CVE-2015-3392,0.01132,0.54372
CVE-2015-3393,0.01213,0.6557
CVE-2015-3395,0.01408,0.72072
CVE-2015-3397,0.01136,0.57949
CVE-2015-3400,0.01132,0.54372
CVE-2015-3404,0.01132,0.54372
CVE-2015-3405,0.03779,0.84781
CVE-2015-3406,0.01213,0.6557
CVE-2015-3407,0.01319,0.70416
CVE-2015-3408,0.01319,0.70416
CVE-2015-3409,0.01034,0.39824
CVE-2015-3411,0.02172,0.79917
CVE-2015-3412,0.02172,0.79917
CVE-2015-3414,0.02686,0.82061
CVE-2015-3415,0.02686,0.82061
CVE-2015-3416,0.02686,0.82061
CVE-2015-3417,0.01319,0.70416
CVE-2015-3418,0.01018,0.38792
CVE-2015-3419,0.01055,0.50287
CVE-2015-3420,0.01974,0.7812
CVE-2015-3421,0.01055,0.50287
CVE-2015-3422,0.01213,0.6557
CVE-2015-3423,0.01055,0.50287
CVE-2015-3424,0.01055,0.50287
CVE-2015-3425,0.01055,0.50287
CVE-2015-3427,0.01136,0.57949
CVE-2015-3429,0.01955,0.77585
CVE-2015-3431,0.01055,0.50287
CVE-2015-3432,0.01055,0.50287
CVE-2015-3435,0.06523,0.90962
CVE-2015-3436,0.0095,0.30554
CVE-2015-3438,0.01955,0.77585
CVE-2015-3439,0.01955,0.77585
CVE-2015-3440,0.19055,0.96159
CVE-2015-3441,0.01055,0.50287
CVE-2015-3442,0.01018,0.38792
CVE-2015-3443,0.0281,0.82331
CVE-2015-3446,0.01136,0.57949
CVE-2015-3447,0.01213,0.6557
CVE-2015-3448,0.0095,0.30554
CVE-2015-3449,0.0095,0.30554
CVE-2015-3450,0.01578,0.74478
CVE-2015-3451,0.02172,0.79917
CVE-2015-3454,0.01213,0.6557
CVE-2015-3455,0.01537,0.73595
CVE-2015-3457,0.01213,0.6557
CVE-2015-3458,0.0095,0.30554
CVE-2015-3459,0.01408,0.72072
CVE-2015-3610,0.00885,0.26162
CVE-2015-3611,0.02066,0.78986
CVE-2015-3612,0.0095,0.30554
CVE-2015-3613,0.00954,0.34522
CVE-2015-3614,0.01136,0.57949
CVE-2015-3615,0.01061,0.51015
CVE-2015-3616,0.01136,0.57949
CVE-2015-3617,0.0089,0.2856
CVE-2015-3618,0.01055,0.50287
CVE-2015-3619,0.01061,0.51015
CVE-2015-3620,0.01319,0.70416
CVE-2015-3621,0.00954,0.34522
CVE-2015-3622,0.03779,0.84781
CVE-2015-3623,0.08382,0.93597
CVE-2015-3624,0.08944,0.93724
CVE-2015-3625,0.00885,0.26162
CVE-2015-3626,0.01213,0.6557
CVE-2015-3627,0.0095,0.30554
CVE-2015-3628,0.71897,0.99167
CVE-2015-3629,0.0095,0.30554
CVE-2015-3630,0.0095,0.30554
CVE-2015-3631,0.0095,0.30554
CVE-2015-3632,0.03467,0.84028
CVE-2015-3633,0.01136,0.57949
CVE-2015-3634,0.01213,0.6557
CVE-2015-3637,0.01055,0.50287
CVE-2015-3638,0.01061,0.51015
CVE-2015-3639,0.01061,0.51015
CVE-2015-3640,0.01055,0.50287
CVE-2015-3641,0.00885,0.26162
CVE-2015-3642,0.00885,0.26162
CVE-2015-3643,0.02115,0.79119
CVE-2015-3644,0.01213,0.6557
CVE-2015-3646,0.01132,0.54372
CVE-2015-3647,0.01213,0.6557
CVE-2015-3648,0.01213,0.6557
CVE-2015-3649,0.01034,0.39824
CVE-2015-3650,0.0095,0.30554
CVE-2015-3653,0.01055,0.50287
CVE-2015-3654,0.01055,0.50287
CVE-2015-3655,0.01055,0.50287
CVE-2015-3656,0.01055,0.50287
CVE-2015-3657,0.01055,0.50287
CVE-2015-3658,0.01408,0.72072
CVE-2015-3659,0.03081,0.82978
CVE-2015-3660,0.01213,0.6557
CVE-2015-3661,0.05701,0.89823
CVE-2015-3662,0.05701,0.89823
CVE-2015-3663,0.05701,0.89823
CVE-2015-3664,0.04764,0.88704
CVE-2015-3665,0.04764,0.88704
CVE-2015-3666,0.05701,0.89823
CVE-2015-3667,0.05701,0.89823
CVE-2015-3668,0.05701,0.89823
CVE-2015-3669,0.04764,0.88704
CVE-2015-3671,0.0095,0.30554
CVE-2015-3672,0.0095,0.30554
CVE-2015-3674,0.02928,0.82519
CVE-2015-3675,0.01213,0.6557
CVE-2015-3676,0.01018,0.38792
CVE-2015-3677,0.01018,0.38792
CVE-2015-3678,0.0095,0.30554
CVE-2015-3679,0.02828,0.82353
CVE-2015-3680,0.02828,0.82353
CVE-2015-3681,0.02828,0.82353
CVE-2015-3682,0.02828,0.82353
CVE-2015-3683,0.01442,0.72669
CVE-2015-3684,0.03397,0.83675
CVE-2015-3685,0.03397,0.83675
CVE-2015-3686,0.0362,0.84256
CVE-2015-3687,0.0362,0.84256
CVE-2015-3688,0.0362,0.84256
CVE-2015-3689,0.03397,0.83675
CVE-2015-3690,0.01108,0.53389
CVE-2015-3691,0.01442,0.72669
CVE-2015-3692,0.01034,0.39824
CVE-2015-3693,0.01408,0.72072
CVE-2015-3694,0.03397,0.83675
CVE-2015-3695,0.0095,0.30554
CVE-2015-3696,0.0095,0.30554
CVE-2015-3697,0.0095,0.30554
CVE-2015-3698,0.0095,0.30554
CVE-2015-3699,0.0095,0.30554
CVE-2015-3700,0.0095,0.30554
CVE-2015-3701,0.0095,0.30554
CVE-2015-3702,0.0095,0.30554
CVE-2015-3703,0.03397,0.83675
CVE-2015-3704,0.02507,0.80889
CVE-2015-3705,0.01442,0.72669
CVE-2015-3706,0.01442,0.72669
CVE-2015-3707,0.01442,0.72669
CVE-2015-3708,0.01018,0.38792
CVE-2015-3709,0.0095,0.30554
CVE-2015-3710,0.01319,0.70416
CVE-2015-3711,0.01018,0.38792
CVE-2015-3712,0.01442,0.72669
CVE-2015-3713,0.02828,0.82353
CVE-2015-3714,0.01018,0.38792
CVE-2015-3715,0.01018,0.38792
CVE-2015-3716,0.0095,0.30554
CVE-2015-3717,0.03516,0.84101
CVE-2015-3718,0.02147,0.79189
CVE-2015-3719,0.03397,0.83675
CVE-2015-3720,0.00954,0.34522
CVE-2015-3721,0.01108,0.53389
CVE-2015-3722,0.01018,0.38792
CVE-2015-3723,0.02828,0.82353
CVE-2015-3724,0.02828,0.82353
CVE-2015-3725,0.01018,0.38792
CVE-2015-3726,0.01442,0.72669
CVE-2015-3727,0.01408,0.72072
CVE-2015-3728,0.01018,0.38792
CVE-2015-3729,0.01319,0.70416
CVE-2015-3730,0.0387,0.84909
CVE-2015-3731,0.0387,0.84909
CVE-2015-3732,0.0289,0.82447
CVE-2015-3733,0.03081,0.82978
CVE-2015-3734,0.03081,0.82978
CVE-2015-3735,0.03081,0.82978
CVE-2015-3736,0.03081,0.82978
CVE-2015-3737,0.03081,0.82978
CVE-2015-3738,0.0387,0.84909
CVE-2015-3739,0.03081,0.82978
CVE-2015-3740,0.0387,0.84909
CVE-2015-3741,0.0387,0.84909
CVE-2015-3742,0.0387,0.84909
CVE-2015-3743,0.0387,0.84909
CVE-2015-3744,0.0387,0.84909
CVE-2015-3745,0.0387,0.84909
CVE-2015-3746,0.0387,0.84909
CVE-2015-3747,0.0387,0.84909
CVE-2015-3748,0.0387,0.84909
CVE-2015-3749,0.0387,0.84909
CVE-2015-3750,0.01108,0.53389
CVE-2015-3751,0.01319,0.70416
CVE-2015-3752,0.01408,0.72072
CVE-2015-3753,0.01319,0.70416
CVE-2015-3754,0.01213,0.6557
CVE-2015-3755,0.01319,0.70416
CVE-2015-3756,0.01018,0.38792
CVE-2015-3757,0.0095,0.30554
CVE-2015-3758,0.01018,0.38792
CVE-2015-3759,0.0095,0.30554
CVE-2015-3760,0.01774,0.75669
CVE-2015-3761,0.0095,0.30554
CVE-2015-3762,0.01213,0.6557
CVE-2015-3763,0.01213,0.6557
CVE-2015-3764,0.01018,0.38792
CVE-2015-3765,0.04764,0.88704
CVE-2015-3766,0.01108,0.53389
CVE-2015-3767,0.0095,0.30554
CVE-2015-3768,0.0159,0.7449
CVE-2015-3769,0.0095,0.30554
CVE-2015-3770,0.01442,0.72669
CVE-2015-3771,0.0095,0.30554
CVE-2015-3772,0.0095,0.30554
CVE-2015-3773,0.02928,0.82519
CVE-2015-3774,0.01018,0.38792
CVE-2015-3775,0.0095,0.30554
CVE-2015-3776,0.0159,0.7449
CVE-2015-3777,0.0095,0.30554
CVE-2015-3778,0.01319,0.70416
CVE-2015-3779,0.04764,0.88704
CVE-2015-3780,0.01018,0.38792
CVE-2015-3781,0.01213,0.6557
CVE-2015-3782,0.01108,0.53389
CVE-2015-3783,0.06329,0.90498
CVE-2015-3784,0.01408,0.72072
CVE-2015-3785,0.0095,0.30554
CVE-2015-3786,0.01018,0.38792
CVE-2015-3787,0.01213,0.6557
CVE-2015-3788,0.05701,0.89823
CVE-2015-3789,0.05701,0.89823
CVE-2015-3790,0.05701,0.89823
CVE-2015-3791,0.05701,0.89823
CVE-2015-3792,0.05701,0.89823
CVE-2015-3793,0.01018,0.38792
CVE-2015-3794,0.02828,0.82353
CVE-2015-3795,0.0159,0.7449
CVE-2015-3796,0.08472,0.93609
CVE-2015-3797,0.02365,0.80691
CVE-2015-3798,0.11181,0.94651
CVE-2015-3799,0.01018,0.38792
CVE-2015-3800,0.01034,0.39824
CVE-2015-3801,0.01319,0.70416
CVE-2015-3802,0.01034,0.39824
CVE-2015-3803,0.01034,0.39824
CVE-2015-3804,0.03516,0.84101
CVE-2015-3805,0.01034,0.39824
CVE-2015-3806,0.01034,0.39824
CVE-2015-3807,0.01955,0.77585
CVE-2015-3808,0.01213,0.6557
CVE-2015-3809,0.01319,0.70416
CVE-2015-3810,0.01319,0.70416
CVE-2015-3811,0.01408,0.72072
CVE-2015-3812,0.01974,0.7812
CVE-2015-3813,0.01408,0.72072
CVE-2015-3814,0.01319,0.70416
CVE-2015-3815,0.01319,0.70416
CVE-2015-3823,0.04611,0.88458
CVE-2015-3824,0.05139,0.89128
CVE-2015-3826,0.01319,0.70416
CVE-2015-3827,0.04967,0.88981
CVE-2015-3828,0.05139,0.89128
CVE-2015-3829,0.05139,0.89128
CVE-2015-3830,0.01055,0.50287
CVE-2015-3831,0.0272,0.82083
CVE-2015-3832,0.05822,0.89998
CVE-2015-3833,0.00954,0.34522
CVE-2015-3834,0.04285,0.86889
CVE-2015-3835,0.01818,0.76133
CVE-2015-3836,0.0556,0.89553
CVE-2015-3840,0.0089,0.2856
CVE-2015-3842,0.0272,0.82083
CVE-2015-3843,0.01018,0.38792
CVE-2015-3844,0.00885,0.26162
CVE-2015-3845,0.00885,0.26162
CVE-2015-3847,0.00885,0.26162
CVE-2015-3849,0.01818,0.76133
CVE-2015-3854,0.00954,0.34522
CVE-2015-3858,0.00885,0.26162
CVE-2015-3860,0.01018,0.38792
CVE-2015-3861,0.01055,0.50287
CVE-2015-3862,0.00885,0.26162
CVE-2015-3863,0.0272,0.82083
CVE-2015-3865,0.00885,0.26162
CVE-2015-3867,0.04611,0.88458
CVE-2015-3868,0.0556,0.89553
CVE-2015-3869,0.04611,0.88458
CVE-2015-3870,0.04611,0.88458
CVE-2015-3871,0.04611,0.88458
CVE-2015-3872,0.04611,0.88458
CVE-2015-3873,0.04611,0.88458
CVE-2015-3874,0.04611,0.88458
CVE-2015-3875,0.03977,0.85263
CVE-2015-3876,0.06309,0.90494
CVE-2015-3877,0.04611,0.88458
CVE-2015-3878,0.00885,0.26162
CVE-2015-3879,0.00885,0.26162
CVE-2015-3880,0.01319,0.70416
CVE-2015-3881,0.01055,0.50287
CVE-2015-3882,0.01055,0.50287
CVE-2015-3883,0.01055,0.50287
CVE-2015-3884,0.02662,0.81427
CVE-2015-3885,0.03407,0.83908
CVE-2015-3886,0.01213,0.6557
CVE-2015-3887,0.01034,0.39824
CVE-2015-3888,0.01055,0.50287
CVE-2015-3890,0.00885,0.26162
CVE-2015-3897,0.01136,0.57949
CVE-2015-3898,0.01136,0.57949
CVE-2015-3900,0.02172,0.79917
CVE-2015-3902,0.01319,0.70416
CVE-2015-3903,0.01537,0.73595
CVE-2015-3904,0.01213,0.6557
CVE-2015-3905,0.07544,0.92484
CVE-2015-3906,0.01213,0.6557
CVE-2015-3907,0.00885,0.26162
CVE-2015-3908,0.01018,0.38792
CVE-2015-3910,0.00954,0.34522
CVE-2015-3911,0.01055,0.50287
CVE-2015-3912,0.01055,0.50287
CVE-2015-3913,0.01055,0.50287
CVE-2015-3921,0.01132,0.54372
CVE-2015-3922,0.01213,0.6557
CVE-2015-3923,0.01213,0.6557
CVE-2015-3931,0.01319,0.70416
CVE-2015-3932,0.01213,0.6557
CVE-2015-3933,0.01564,0.74439
CVE-2015-3934,0.01564,0.74439
CVE-2015-3935,0.01213,0.6557
CVE-2015-3938,0.01055,0.50287
CVE-2015-3939,0.01055,0.50287
CVE-2015-3940,0.0095,0.30554
CVE-2015-3942,0.01136,0.57949
CVE-2015-3943,0.01055,0.50287
CVE-2015-3946,0.01055,0.50287
CVE-2015-3947,0.01055,0.50287
CVE-2015-3948,0.01055,0.50287
CVE-2015-3949,0.00885,0.26162
CVE-2015-3950,0.01055,0.50287
CVE-2015-3951,0.01055,0.50287
CVE-2015-3952,0.00885,0.26162
CVE-2015-3953,0.00885,0.26162
CVE-2015-3954,0.00885,0.26162
CVE-2015-3955,0.06523,0.90962
CVE-2015-3956,0.00885,0.26162
CVE-2015-3957,0.00954,0.34522
CVE-2015-3958,0.01136,0.57949
CVE-2015-3959,0.0089,0.2856
CVE-2015-3960,0.01136,0.57949
CVE-2015-3961,0.01061,0.51015
CVE-2015-3962,0.01055,0.50287
CVE-2015-3963,0.02629,0.81263
CVE-2015-3964,0.01055,0.50287
CVE-2015-3965,0.01055,0.50287
CVE-2015-3966,0.01055,0.50287
CVE-2015-3967,0.01055,0.50287
CVE-2015-3968,0.01055,0.50287
CVE-2015-3969,0.01055,0.50287
CVE-2015-3970,0.01055,0.50287
CVE-2015-3971,0.01055,0.50287
CVE-2015-3972,0.01055,0.50287
CVE-2015-3973,0.01055,0.50287
CVE-2015-3974,0.01055,0.50287
CVE-2015-3976,0.00885,0.26162
CVE-2015-3977,0.04802,0.88724
CVE-2015-3978,0.0095,0.30554
CVE-2015-3979,0.0292,0.82516
CVE-2015-3980,0.00954,0.34522
CVE-2015-3981,0.00954,0.34522
CVE-2015-3982,0.01055,0.50287
CVE-2015-3983,0.01319,0.70416
CVE-2015-3986,0.01319,0.70416
CVE-2015-3987,0.0089,0.2856
CVE-2015-3988,0.01232,0.66248
CVE-2015-3989,0.01055,0.50287
CVE-2015-3990,0.01132,0.54372
CVE-2015-3991,0.03795,0.84827
CVE-2015-3993,0.01055,0.50287
CVE-2015-3994,0.01132,0.54372
CVE-2015-3995,0.01132,0.54372
CVE-2015-3996,0.01018,0.38792
CVE-2015-3998,0.01055,0.50287
CVE-2015-3999,0.00885,0.26162
CVE-2015-4001,0.05139,0.89128
CVE-2015-4002,0.07544,0.92484
CVE-2015-4003,0.01319,0.70416
CVE-2015-4004,0.02172,0.79917
CVE-2015-4010,0.04179,0.85429
CVE-2015-4016,0.01136,0.57949
CVE-2015-4017,0.01018,0.38792
CVE-2015-4018,0.01564,0.74439
CVE-2015-4020,0.01408,0.72072
CVE-2015-4021,0.03779,0.84781
CVE-2015-4022,0.03264,0.8351
CVE-2015-4024,0.04358,0.87435
CVE-2015-4025,0.03779,0.84781
CVE-2015-4026,0.03779,0.84781
CVE-2015-4027,0.02626,0.8126
CVE-2015-4029,0.01055,0.50287
CVE-2015-4031,0.01055,0.50287
CVE-2015-4032,0.01055,0.50287
CVE-2015-4033,0.01055,0.50287
CVE-2015-4034,0.01055,0.50287
CVE-2015-4035,0.04695,0.88634
CVE-2015-4036,0.01282,0.67298
CVE-2015-4037,0.01547,0.74085
CVE-2015-4038,0.01132,0.54372
CVE-2015-4039,0.01132,0.54372
CVE-2015-4040,0.08078,0.93055
CVE-2015-4041,0.0089,0.2856
CVE-2015-4042,0.00885,0.26162
CVE-2015-4043,0.01055,0.50287
CVE-2015-4045,0.0089,0.2856
CVE-2015-4046,0.01061,0.51015
CVE-2015-4047,0.06576,0.90976
CVE-2015-4049,0.01055,0.50287
CVE-2015-4050,0.01319,0.70416
CVE-2015-4051,0.01319,0.70416
CVE-2015-4053,0.0095,0.30554
CVE-2015-4054,0.01319,0.70416
CVE-2015-4056,0.00885,0.26162
CVE-2015-4057,0.01055,0.50287
CVE-2015-4059,0.05822,0.89998
CVE-2015-4060,0.05822,0.89998
CVE-2015-4062,0.01132,0.54372
CVE-2015-4063,0.01132,0.54372
CVE-2015-4064,0.01132,0.54372
CVE-2015-4065,0.01132,0.54372
CVE-2015-4066,0.01564,0.74439
CVE-2015-4067,0.05822,0.89998
CVE-2015-4068,0.01213,0.6557
CVE-2015-4069,0.01213,0.6557
CVE-2015-4070,0.01055,0.50287
CVE-2015-4071,0.01213,0.6557
CVE-2015-4072,0.01132,0.54372
CVE-2015-4073,0.01213,0.6557
CVE-2015-4074,0.01213,0.6557
CVE-2015-4075,0.01213,0.6557
CVE-2015-4077,0.01104,0.52279
CVE-2015-4078,0.00885,0.26162
CVE-2015-4080,0.01213,0.6557
CVE-2015-4082,0.01132,0.54372
CVE-2015-4084,0.02173,0.80027
CVE-2015-4085,0.00885,0.26162
CVE-2015-4089,0.01136,0.57949
CVE-2015-4091,0.01213,0.6557
CVE-2015-4092,0.04291,0.87022
CVE-2015-4093,0.01213,0.6557
CVE-2015-4094,0.00885,0.26162
CVE-2015-4100,0.01055,0.50287
CVE-2015-4103,0.01547,0.74085
CVE-2015-4104,0.02686,0.82061
CVE-2015-4105,0.01547,0.74085
CVE-2015-4106,0.01547,0.74085
CVE-2015-4108,0.07525,0.92398
CVE-2015-4109,0.01213,0.6557
CVE-2015-4111,0.06309,0.90494
CVE-2015-4112,0.01055,0.50287
CVE-2015-4116,0.05785,0.89924
CVE-2015-4117,0.08078,0.93055
CVE-2015-4118,0.01232,0.66248
CVE-2015-4119,0.01319,0.70416
CVE-2015-4127,0.02173,0.80027
CVE-2015-4129,0.01061,0.51015
CVE-2015-4132,0.00885,0.26162
CVE-2015-4133,0.85322,0.99658
CVE-2015-4134,0.01213,0.6557
CVE-2015-4135,0.01213,0.6557
CVE-2015-4137,0.01564,0.74439
CVE-2015-4138,0.01055,0.50287
CVE-2015-4139,0.01061,0.51015
CVE-2015-4140,0.01136,0.57949
CVE-2015-4141,0.01319,0.70416
CVE-2015-4142,0.03779,0.84781
CVE-2015-4143,0.01319,0.70416
CVE-2015-4144,0.01319,0.70416
CVE-2015-4145,0.01319,0.70416
CVE-2015-4146,0.01408,0.72072
CVE-2015-4147,0.08501,0.93612
CVE-2015-4148,0.18327,0.96125
CVE-2015-4152,0.01213,0.6557
CVE-2015-4153,0.01319,0.70416
CVE-2015-4155,0.0089,0.2856
CVE-2015-4156,0.0095,0.30554
CVE-2015-4157,0.01055,0.50287
CVE-2015-4158,0.01055,0.50287
CVE-2015-4159,0.01055,0.50287
CVE-2015-4160,0.01055,0.50287
CVE-2015-4161,0.01055,0.50287
CVE-2015-4162,0.01055,0.50287
CVE-2015-4163,0.01282,0.67298
CVE-2015-4164,0.01282,0.67298
CVE-2015-4165,0.05619,0.89566
CVE-2015-4166,0.00885,0.26162
CVE-2015-4167,0.01547,0.74085
CVE-2015-4170,0.01183,0.60428
CVE-2015-4171,0.01537,0.73595
CVE-2015-4173,0.0095,0.30554
CVE-2015-4174,0.01213,0.6557
CVE-2015-4176,0.0095,0.30554
CVE-2015-4177,0.01034,0.39824
CVE-2015-4178,0.01034,0.39824
CVE-2015-4179,0.00954,0.34522
CVE-2015-4180,0.01055,0.50287
CVE-2015-4181,0.01055,0.50287
CVE-2015-4182,0.01061,0.51015
CVE-2015-4183,0.01592,0.74578
CVE-2015-4184,0.01136,0.57949
CVE-2015-4185,0.01592,0.74578
CVE-2015-4186,0.01592,0.74578
CVE-2015-4188,0.01136,0.57949
CVE-2015-4189,0.01055,0.50287
CVE-2015-4190,0.01018,0.38792
CVE-2015-4191,0.01136,0.57949
CVE-2015-4194,0.01136,0.57949
CVE-2015-4195,0.01061,0.51015
CVE-2015-4196,0.01055,0.50287
CVE-2015-4197,0.01136,0.57949
CVE-2015-4198,0.01136,0.57949
CVE-2015-4199,0.01136,0.57949
CVE-2015-4200,0.01136,0.57949
CVE-2015-4201,0.01136,0.57949
CVE-2015-4202,0.01136,0.57949
CVE-2015-4203,0.01136,0.57949
CVE-2015-4204,0.01061,0.51015
CVE-2015-4205,0.01136,0.57949
CVE-2015-4206,0.01136,0.57949
CVE-2015-4207,0.01136,0.57949
CVE-2015-4208,0.01136,0.57949
CVE-2015-4209,0.01136,0.57949
CVE-2015-4210,0.01136,0.57949
CVE-2015-4211,0.0089,0.2856
CVE-2015-4212,0.01136,0.57949
CVE-2015-4213,0.01061,0.51015
CVE-2015-4214,0.01061,0.51015
CVE-2015-4215,0.01136,0.57949
CVE-2015-4216,0.01213,0.6557
CVE-2015-4217,0.01213,0.6557
CVE-2015-4218,0.01136,0.57949
CVE-2015-4219,0.01132,0.54372
CVE-2015-4220,0.01136,0.57949
CVE-2015-4221,0.01061,0.51015
CVE-2015-4222,0.01061,0.51015
CVE-2015-4223,0.01136,0.57949
CVE-2015-4224,0.0089,0.2856
CVE-2015-4225,0.01061,0.51015
CVE-2015-4226,0.01136,0.57949
CVE-2015-4227,0.01136,0.57949
CVE-2015-4228,0.00885,0.26162
CVE-2015-4229,0.01136,0.57949
CVE-2015-4230,0.01136,0.57949
CVE-2015-4231,0.00885,0.26162
CVE-2015-4232,0.0089,0.2856
CVE-2015-4233,0.01061,0.51015
CVE-2015-4234,0.0089,0.2856
CVE-2015-4235,0.01055,0.50287
CVE-2015-4236,0.01136,0.57949
CVE-2015-4237,0.00885,0.26162
CVE-2015-4238,0.01055,0.50287
CVE-2015-4239,0.01055,0.50287
CVE-2015-4240,0.01055,0.50287
CVE-2015-4241,0.01055,0.50287
CVE-2015-4242,0.01055,0.50287
CVE-2015-4243,0.01055,0.50287
CVE-2015-4244,0.00885,0.26162
CVE-2015-4252,0.01055,0.50287
CVE-2015-4253,0.01055,0.50287
CVE-2015-4254,0.01055,0.50287
CVE-2015-4255,0.01055,0.50287
CVE-2015-4256,0.01055,0.50287
CVE-2015-4257,0.01055,0.50287
CVE-2015-4258,0.01055,0.50287
CVE-2015-4259,0.00885,0.26162
CVE-2015-4260,0.01055,0.50287
CVE-2015-4262,0.01055,0.50287
CVE-2015-4263,0.01055,0.50287
CVE-2015-4265,0.00885,0.26162
CVE-2015-4266,0.01055,0.50287
CVE-2015-4267,0.01055,0.50287
CVE-2015-4268,0.01055,0.50287
CVE-2015-4269,0.01055,0.50287
CVE-2015-4270,0.01055,0.50287
CVE-2015-4271,0.01055,0.50287
CVE-2015-4272,0.01055,0.50287
CVE-2015-4273,0.01055,0.50287
CVE-2015-4274,0.01055,0.50287
CVE-2015-4275,0.01055,0.50287
CVE-2015-4276,0.05302,0.89375
CVE-2015-4277,0.00885,0.26162
CVE-2015-4278,0.01055,0.50287
CVE-2015-4279,0.0089,0.2856
CVE-2015-4280,0.01136,0.57949
CVE-2015-4281,0.01136,0.57949
CVE-2015-4282,0.0089,0.2856
CVE-2015-4283,0.01055,0.50287
CVE-2015-4284,0.01136,0.57949
CVE-2015-4285,0.01055,0.50287
CVE-2015-4286,0.01055,0.50287
CVE-2015-4287,0.01055,0.50287
CVE-2015-4288,0.00885,0.26162
CVE-2015-4289,0.00885,0.26162
CVE-2015-4290,0.00885,0.26162
CVE-2015-4291,0.01055,0.50287
CVE-2015-4292,0.01055,0.50287
CVE-2015-4293,0.01055,0.50287
CVE-2015-4294,0.01055,0.50287
CVE-2015-4295,0.01055,0.50287
CVE-2015-4296,0.01055,0.50287
CVE-2015-4297,0.01055,0.50287
CVE-2015-4298,0.01061,0.51015
CVE-2015-4299,0.01061,0.51015
CVE-2015-4301,0.01055,0.50287
CVE-2015-4302,0.01136,0.57949
CVE-2015-4303,0.01061,0.51015
CVE-2015-4304,0.01055,0.50287
CVE-2015-4305,0.01061,0.51015
CVE-2015-4306,0.01055,0.50287
CVE-2015-4307,0.01055,0.50287
CVE-2015-4308,0.01061,0.51015
CVE-2015-4310,0.01136,0.57949
CVE-2015-4314,0.01055,0.50287
CVE-2015-4315,0.01061,0.51015
CVE-2015-4316,0.01061,0.51015
CVE-2015-4317,0.01136,0.57949
CVE-2015-4318,0.01136,0.57949
CVE-2015-4319,0.01061,0.51015
CVE-2015-4320,0.01061,0.51015
CVE-2015-4321,0.01055,0.50287
CVE-2015-4322,0.01061,0.51015
CVE-2015-4323,0.01136,0.57949
CVE-2015-4324,0.01136,0.57949
CVE-2015-4325,0.00885,0.26162
CVE-2015-4327,0.0089,0.2856
CVE-2015-4328,0.01061,0.51015
CVE-2015-4329,0.01061,0.51015
CVE-2015-4330,0.0272,0.82083
CVE-2015-4331,0.01055,0.50287
CVE-2015-4334,0.01136,0.57949
CVE-2015-4335,0.03779,0.84781
CVE-2015-4336,0.01061,0.51015
CVE-2015-4337,0.01061,0.51015
CVE-2015-4338,0.01061,0.51015
CVE-2015-4342,0.03779,0.84781
CVE-2015-4344,0.01213,0.6557
CVE-2015-4345,0.01213,0.6557
CVE-2015-4346,0.01213,0.6557
CVE-2015-4347,0.01136,0.57949
CVE-2015-4348,0.01061,0.51015
CVE-2015-4349,0.01136,0.57949
CVE-2015-4350,0.01136,0.57949
CVE-2015-4351,0.01061,0.51015
CVE-2015-4352,0.01136,0.57949
CVE-2015-4353,0.01136,0.57949
CVE-2015-4354,0.01132,0.54372
CVE-2015-4355,0.01136,0.57949
CVE-2015-4356,0.01132,0.54372
CVE-2015-4357,0.01232,0.66248
CVE-2015-4358,0.01132,0.54372
CVE-2015-4359,0.01232,0.66248
CVE-2015-4360,0.01319,0.70416
CVE-2015-4361,0.01213,0.6557
CVE-2015-4362,0.01319,0.70416
CVE-2015-4363,0.01136,0.57949
CVE-2015-4364,0.01213,0.6557
CVE-2015-4365,0.01061,0.51015
CVE-2015-4366,0.01061,0.51015
CVE-2015-4367,0.01132,0.54372
CVE-2015-4368,0.01213,0.6557
CVE-2015-4369,0.01132,0.54372
CVE-2015-4370,0.01132,0.54372
CVE-2015-4371,0.01213,0.6557
CVE-2015-4372,0.01132,0.54372
CVE-2015-4373,0.01132,0.54372
CVE-2015-4374,0.01232,0.66248
CVE-2015-4375,0.01213,0.6557
CVE-2015-4376,0.01132,0.54372
CVE-2015-4377,0.01061,0.51015
CVE-2015-4378,0.01061,0.51015
CVE-2015-4379,0.01213,0.6557
CVE-2015-4380,0.01132,0.54372
CVE-2015-4381,0.01132,0.54372
CVE-2015-4382,0.01213,0.6557
CVE-2015-4383,0.01136,0.57949
CVE-2015-4384,0.01132,0.54372
CVE-2015-4385,0.01132,0.54372
CVE-2015-4386,0.01213,0.6557
CVE-2015-4387,0.01213,0.6557
CVE-2015-4388,0.01213,0.6557
CVE-2015-4389,0.01061,0.51015
CVE-2015-4390,0.01213,0.6557
CVE-2015-4391,0.01213,0.6557
CVE-2015-4392,0.01132,0.54372
CVE-2015-4393,0.05302,0.89375
CVE-2015-4394,0.01213,0.6557
CVE-2015-4395,0.01132,0.54372
CVE-2015-4396,0.01213,0.6557
CVE-2015-4397,0.01055,0.50287
CVE-2015-4398,0.01319,0.70416
CVE-2015-4400,0.01136,0.57949
CVE-2015-4407,0.01055,0.50287
CVE-2015-4408,0.01055,0.50287
CVE-2015-4409,0.01055,0.50287
CVE-2015-4410,0.02172,0.79917
CVE-2015-4411,0.03779,0.84781
CVE-2015-4412,0.01319,0.70416
CVE-2015-4413,0.01213,0.6557
CVE-2015-4414,0.08944,0.93724
CVE-2015-4415,0.01055,0.50287
CVE-2015-4418,0.02094,0.79055
CVE-2015-4420,0.02173,0.80027
CVE-2015-4421,0.00885,0.26162
CVE-2015-4422,0.00885,0.26162
CVE-2015-4425,0.08078,0.93055
CVE-2015-4426,0.01213,0.6557
CVE-2015-4427,0.01132,0.54372
CVE-2015-4428,0.03961,0.85248
CVE-2015-4429,0.01308,0.67354
CVE-2015-4430,0.46962,0.98444
CVE-2015-4431,0.03788,0.84809
CVE-2015-4432,0.45541,0.98282
CVE-2015-4433,0.03961,0.85248
CVE-2015-4435,0.03601,0.84249
CVE-2015-4438,0.03601,0.84249
CVE-2015-4441,0.03601,0.84249
CVE-2015-4443,0.01046,0.41635
CVE-2015-4444,0.01046,0.41635
CVE-2015-4445,0.03601,0.84249
CVE-2015-4446,0.01126,0.53553
CVE-2015-4447,0.03601,0.84249
CVE-2015-4448,0.03601,0.84249
CVE-2015-4449,0.01126,0.53553
CVE-2015-4450,0.01126,0.53553
CVE-2015-4451,0.03601,0.84249
CVE-2015-4452,0.03601,0.84249
CVE-2015-4453,0.01319,0.70416
CVE-2015-4454,0.01319,0.70416
CVE-2015-4455,0.06545,0.90967
CVE-2015-4456,0.01018,0.38792
CVE-2015-4457,0.01055,0.50287
CVE-2015-4458,0.00885,0.26162
CVE-2015-4460,0.08944,0.93724
CVE-2015-4461,0.00885,0.26162
CVE-2015-4462,0.01055,0.50287
CVE-2015-4463,0.01055,0.50287
CVE-2015-4464,0.01018,0.38792
CVE-2015-4465,0.01055,0.50287
CVE-2015-4467,0.01213,0.6557
CVE-2015-4468,0.01213,0.6557
CVE-2015-4469,0.01213,0.6557
CVE-2015-4470,0.01136,0.57949
CVE-2015-4471,0.01213,0.6557
CVE-2015-4472,0.01213,0.6557
CVE-2015-4473,0.08228,0.93218
CVE-2015-4474,0.08228,0.93218
CVE-2015-4475,0.08228,0.93218
CVE-2015-4476,0.01319,0.70416
CVE-2015-4477,0.1127,0.94787
CVE-2015-4478,0.03779,0.84781
CVE-2015-4479,0.12248,0.95092
CVE-2015-4480,0.09915,0.94265
CVE-2015-4481,0.03464,0.84024
CVE-2015-4482,0.01282,0.67298
CVE-2015-4483,0.01183,0.60428
CVE-2015-4484,0.03779,0.84781
CVE-2015-4485,0.12248,0.95092
CVE-2015-4486,0.08228,0.93218
CVE-2015-4487,0.04358,0.87435
CVE-2015-4488,0.04358,0.87435
CVE-2015-4489,0.04358,0.87435
CVE-2015-4490,0.01955,0.77585
CVE-2015-4491,0.06604,0.91138
CVE-2015-4492,0.12248,0.95092
CVE-2015-4493,0.09915,0.94265
CVE-2015-4494,0.00885,0.26162
CVE-2015-4496,0.06309,0.90494
CVE-2015-4497,0.1127,0.94787
CVE-2015-4498,0.02172,0.79917
CVE-2015-4499,0.01974,0.7812
CVE-2015-4500,0.08228,0.93218
CVE-2015-4501,0.08228,0.93218
CVE-2015-4502,0.01955,0.77585
CVE-2015-4503,0.01108,0.53389
CVE-2015-4504,0.02172,0.79917
CVE-2015-4505,0.01034,0.39824
CVE-2015-4506,0.09915,0.94265
CVE-2015-4507,0.05647,0.89773
CVE-2015-4508,0.01955,0.77585
CVE-2015-4509,0.12248,0.95092
CVE-2015-4510,0.07544,0.92484
CVE-2015-4511,0.09915,0.94265
CVE-2015-4512,0.02172,0.79917
CVE-2015-4513,0.08228,0.93218
CVE-2015-4514,0.08228,0.93218
CVE-2015-4515,0.01319,0.70416
CVE-2015-4516,0.01955,0.77585
CVE-2015-4517,0.04358,0.87435
CVE-2015-4518,0.01408,0.72072
CVE-2015-4519,0.03932,0.8519
CVE-2015-4520,0.04358,0.87435
CVE-2015-4521,0.04358,0.87435
CVE-2015-4522,0.04358,0.87435
CVE-2015-4523,0.01318,0.6746
CVE-2015-4524,0.05822,0.89998
CVE-2015-4525,0.01055,0.50287
CVE-2015-4526,0.00885,0.26162
CVE-2015-4527,0.01055,0.50287
CVE-2015-4528,0.01061,0.51015
CVE-2015-4529,0.01136,0.57949
CVE-2015-4530,0.01055,0.50287
CVE-2015-4531,0.01055,0.50287
CVE-2015-4532,0.05822,0.89998
CVE-2015-4533,0.05302,0.89375
CVE-2015-4534,0.05302,0.89375
CVE-2015-4535,0.01061,0.51015
CVE-2015-4536,0.01061,0.51015
CVE-2015-4537,0.01055,0.50287
CVE-2015-4538,0.01061,0.51015
CVE-2015-4539,0.01055,0.50287
CVE-2015-4540,0.01055,0.50287
CVE-2015-4541,0.01061,0.51015
CVE-2015-4542,0.01061,0.51015
CVE-2015-4543,0.01061,0.51015
CVE-2015-4544,0.01055,0.50287
CVE-2015-4545,0.01055,0.50287
CVE-2015-4546,0.01136,0.57949
CVE-2015-4547,0.01061,0.51015
CVE-2015-4548,0.0089,0.2856
CVE-2015-4550,0.00954,0.34522
CVE-2015-4551,0.03718,0.84354
CVE-2015-4552,0.01136,0.57949
CVE-2015-4553,0.07308,0.9216
CVE-2015-4554,0.06523,0.90962
CVE-2015-4555,0.04291,0.87022
CVE-2015-4556,0.01319,0.70416
CVE-2015-4557,0.01213,0.6557
CVE-2015-4559,0.01136,0.57949
CVE-2015-4586,0.01055,0.50287
CVE-2015-4587,0.01055,0.50287
CVE-2015-4588,0.06604,0.91138
CVE-2015-4590,0.01213,0.6557
CVE-2015-4591,0.01136,0.57949
CVE-2015-4592,0.01061,0.51015
CVE-2015-4593,0.01136,0.57949
CVE-2015-4594,0.00954,0.34522
CVE-2015-4596,0.00885,0.26162
CVE-2015-4598,0.02172,0.79917
CVE-2015-4599,0.06698,0.91171
CVE-2015-4600,0.06698,0.91171
CVE-2015-4601,0.04845,0.88811
CVE-2015-4602,0.06698,0.91171
CVE-2015-4603,0.10052,0.9429
CVE-2015-4604,0.06698,0.91171
CVE-2015-4605,0.06698,0.91171
CVE-2015-4606,0.06523,0.90962
CVE-2015-4607,0.05822,0.89998
CVE-2015-4608,0.01055,0.50287
CVE-2015-4609,0.01061,0.51015
CVE-2015-4610,0.01061,0.51015
CVE-2015-4611,0.01061,0.51015
CVE-2015-4612,0.01061,0.51015
CVE-2015-4613,0.0089,0.2856
CVE-2015-4614,0.01319,0.70416
CVE-2015-4615,0.00885,0.26162
CVE-2015-4616,0.01213,0.6557
CVE-2015-4617,0.00885,0.26162
CVE-2015-4619,0.00954,0.34522
CVE-2015-4620,0.26383,0.96972
CVE-2015-4624,0.76263,0.99338
CVE-2015-4625,0.01282,0.67298
CVE-2015-4626,0.01055,0.50287
CVE-2015-4627,0.00885,0.26162
CVE-2015-4628,0.01132,0.54372
CVE-2015-4629,0.01055,0.50287
CVE-2015-4630,0.01483,0.7269
CVE-2015-4631,0.01633,0.74922
CVE-2015-4632,0.16168,0.95904
CVE-2015-4633,0.04386,0.87542
CVE-2015-4634,0.01213,0.6557
CVE-2015-4637,0.01055,0.50287
CVE-2015-4638,0.01055,0.50287
CVE-2015-4639,0.01213,0.6557
CVE-2015-4640,0.02003,0.78466
CVE-2015-4641,0.03214,0.83353
CVE-2015-4642,0.01319,0.70416
CVE-2015-4643,0.0391,0.8496
CVE-2015-4644,0.02172,0.79917
CVE-2015-4645,0.01319,0.70416
CVE-2015-4646,0.01213,0.6557
CVE-2015-4647,0.06309,0.90494
CVE-2015-4648,0.06523,0.90962
CVE-2015-4649,0.01055,0.50287
CVE-2015-4650,0.02166,0.79253
CVE-2015-4651,0.01974,0.7812
CVE-2015-4652,0.01408,0.72072
CVE-2015-4654,0.01055,0.50287
CVE-2015-4655,0.01213,0.6557
CVE-2015-4656,0.01213,0.6557
CVE-2015-4657,0.01136,0.57949
CVE-2015-4658,0.01564,0.74439
CVE-2015-4659,0.08382,0.93597
CVE-2015-4660,0.01213,0.6557
CVE-2015-4661,0.01213,0.6557
CVE-2015-4664,0.01213,0.6557
CVE-2015-4665,0.01213,0.6557
CVE-2015-4666,0.01213,0.6557
CVE-2015-4667,0.01018,0.38792
CVE-2015-4668,0.01213,0.6557
CVE-2015-4669,0.0095,0.30554
CVE-2015-4670,0.01055,0.50287
CVE-2015-4671,0.01213,0.6557
CVE-2015-4673,0.01061,0.51015
CVE-2015-4674,0.0292,0.82516
CVE-2015-4675,0.04291,0.87022
CVE-2015-4676,0.01055,0.50287
CVE-2015-4677,0.08382,0.93597
CVE-2015-4678,0.01055,0.50287
CVE-2015-4679,0.01055,0.50287
CVE-2015-4680,0.01108,0.53389
CVE-2015-4681,0.01034,0.39824
CVE-2015-4682,0.01232,0.66248
CVE-2015-4683,0.01108,0.53389
CVE-2015-4684,0.01232,0.66248
CVE-2015-4685,0.01034,0.39824
CVE-2015-4687,0.01055,0.50287
CVE-2015-4688,0.01055,0.50287
CVE-2015-4689,0.01055,0.50287
CVE-2015-4692,0.01547,0.74085
CVE-2015-4694,0.01319,0.70416
CVE-2015-4695,0.02172,0.79917
CVE-2015-4696,0.01955,0.77585
CVE-2015-4697,0.01018,0.38792
CVE-2015-4699,0.01136,0.57949
CVE-2015-4700,0.01547,0.74085
CVE-2015-4703,0.01213,0.6557
CVE-2015-4704,0.01055,0.50287
CVE-2015-4706,0.01319,0.70416
CVE-2015-4707,0.01319,0.70416
CVE-2015-4713,0.00885,0.26162
CVE-2015-4714,0.01055,0.50287
CVE-2015-4715,0.0095,0.30554
CVE-2015-4716,0.45528,0.98281
CVE-2015-4717,0.01136,0.57949
CVE-2015-4718,0.01061,0.51015
CVE-2015-4719,0.01055,0.50287
CVE-2015-4721,0.00885,0.26162
CVE-2015-4724,0.00885,0.26162
CVE-2015-4725,0.01055,0.50287
CVE-2015-4726,0.01055,0.50287
CVE-2015-4727,0.01055,0.50287
CVE-2015-4728,0.01055,0.50287
CVE-2015-4729,0.01955,0.77585
CVE-2015-4730,0.01132,0.54372
CVE-2015-4731,0.04358,0.87435
CVE-2015-4732,0.04358,0.87435
CVE-2015-4733,0.04358,0.87435
CVE-2015-4734,0.04358,0.87435
CVE-2015-4735,0.01136,0.57949
CVE-2015-4736,0.01955,0.77585
CVE-2015-4737,0.02186,0.8012
CVE-2015-4738,0.01055,0.50287
CVE-2015-4739,0.01055,0.50287
CVE-2015-4740,0.01061,0.51015
CVE-2015-4741,0.01055,0.50287
CVE-2015-4742,0.01055,0.50287
CVE-2015-4743,0.01055,0.50287
CVE-2015-4744,0.01055,0.50287
CVE-2015-4745,0.01136,0.57949
CVE-2015-4746,0.01055,0.50287
CVE-2015-4747,0.01055,0.50287
CVE-2015-4748,0.03932,0.8519
CVE-2015-4749,0.04358,0.87435
CVE-2015-4750,0.01055,0.50287
CVE-2015-4751,0.01055,0.50287
CVE-2015-4752,0.02186,0.8012
CVE-2015-4753,0.0095,0.30554
CVE-2015-4754,0.00885,0.26162
CVE-2015-4755,0.01055,0.50287
CVE-2015-4756,0.01232,0.66248
CVE-2015-4757,0.02186,0.8012
CVE-2015-4758,0.01055,0.50287
CVE-2015-4759,0.01055,0.50287
CVE-2015-4760,0.04358,0.87435
CVE-2015-4761,0.01232,0.66248
CVE-2015-4762,0.01055,0.50287
CVE-2015-4763,0.01055,0.50287
CVE-2015-4764,0.00885,0.26162
CVE-2015-4765,0.01055,0.50287
CVE-2015-4766,0.0095,0.30554
CVE-2015-4767,0.01315,0.67456
CVE-2015-4768,0.01055,0.50287
CVE-2015-4769,0.01315,0.67456
CVE-2015-4770,0.0089,0.2856
CVE-2015-4771,0.01315,0.67456
CVE-2015-4772,0.01315,0.67456
CVE-2015-4773,0.01055,0.50287
CVE-2015-4774,0.00885,0.26162
CVE-2015-4775,0.00885,0.26162
CVE-2015-4776,0.00885,0.26162
CVE-2015-4777,0.00885,0.26162
CVE-2015-4778,0.00885,0.26162
CVE-2015-4779,0.00885,0.26162
CVE-2015-4780,0.00885,0.26162
CVE-2015-4781,0.00885,0.26162
CVE-2015-4782,0.00885,0.26162
CVE-2015-4783,0.00885,0.26162
CVE-2015-4784,0.00885,0.26162
CVE-2015-4785,0.00885,0.26162
CVE-2015-4786,0.00885,0.26162
CVE-2015-4787,0.00885,0.26162
CVE-2015-4788,0.00885,0.26162
CVE-2015-4789,0.00885,0.26162
CVE-2015-4790,0.00885,0.26162
CVE-2015-4791,0.01061,0.51015
CVE-2015-4792,0.02529,0.81123
CVE-2015-4793,0.01055,0.50287
CVE-2015-4794,0.01055,0.50287
CVE-2015-4795,0.01055,0.50287
CVE-2015-4796,0.11348,0.94801
CVE-2015-4797,0.01055,0.50287
CVE-2015-4798,0.01136,0.57949
CVE-2015-4799,0.01055,0.50287
CVE-2015-4800,0.01132,0.54372
CVE-2015-4801,0.00885,0.26162
CVE-2015-4802,0.02186,0.8012
CVE-2015-4803,0.04358,0.87435
CVE-2015-4804,0.01055,0.50287
CVE-2015-4805,0.04358,0.87435
CVE-2015-4806,0.04358,0.87435
CVE-2015-4807,0.01649,0.75017
CVE-2015-4808,0.00885,0.26162
CVE-2015-4809,0.0089,0.2856
CVE-2015-4810,0.01547,0.74085
CVE-2015-4811,0.0089,0.2856
CVE-2015-4812,0.01055,0.50287
CVE-2015-4813,0.01034,0.39824
CVE-2015-4815,0.02186,0.8012
CVE-2015-4816,0.02186,0.8012
CVE-2015-4817,0.00885,0.26162
CVE-2015-4818,0.01055,0.50287
CVE-2015-4819,0.01547,0.74085
CVE-2015-4820,0.00885,0.26162
CVE-2015-4821,0.01055,0.50287
CVE-2015-4822,0.00885,0.26162
CVE-2015-4823,0.0089,0.2856
CVE-2015-4824,0.01055,0.50287
CVE-2015-4825,0.01055,0.50287
CVE-2015-4826,0.02186,0.8012
CVE-2015-4827,0.01055,0.50287
CVE-2015-4828,0.01055,0.50287
CVE-2015-4830,0.02186,0.8012
CVE-2015-4831,0.00885,0.26162
CVE-2015-4832,0.01055,0.50287
CVE-2015-4833,0.01132,0.54372
CVE-2015-4834,0.00885,0.26162
CVE-2015-4835,0.04358,0.87435
CVE-2015-4836,0.02186,0.8012
CVE-2015-4837,0.00885,0.26162
CVE-2015-4838,0.01055,0.50287
CVE-2015-4839,0.01136,0.57949
CVE-2015-4840,0.04358,0.87435
CVE-2015-4841,0.01136,0.57949
CVE-2015-4842,0.04358,0.87435
CVE-2015-4843,0.04358,0.87435
CVE-2015-4844,0.04358,0.87435
CVE-2015-4845,0.01319,0.70416
CVE-2015-4846,0.01232,0.66248
CVE-2015-4847,0.01055,0.50287
CVE-2015-4848,0.01055,0.50287
CVE-2015-4849,0.01319,0.70416
CVE-2015-4850,0.01055,0.50287
CVE-2015-4851,0.01319,0.70416
CVE-2015-4854,0.01319,0.70416
CVE-2015-4856,0.00885,0.26162
CVE-2015-4857,0.01055,0.50287
CVE-2015-4858,0.02186,0.8012
CVE-2015-4859,0.01055,0.50287
CVE-2015-4860,0.04358,0.87435
CVE-2015-4861,0.02186,0.8012
CVE-2015-4862,0.01132,0.54372
CVE-2015-4863,0.01055,0.50287
CVE-2015-4864,0.01232,0.66248
CVE-2015-4865,0.01055,0.50287
CVE-2015-4866,0.01132,0.54372
CVE-2015-4867,0.01055,0.50287
CVE-2015-4868,0.01955,0.77585
CVE-2015-4869,0.00885,0.26162
CVE-2015-4871,0.03932,0.8519
CVE-2015-4872,0.04358,0.87435
CVE-2015-4873,0.0089,0.2856
CVE-2015-4874,0.00885,0.26162
CVE-2015-4875,0.01055,0.50287
CVE-2015-4876,0.01055,0.50287
CVE-2015-4877,0.02072,0.78998
CVE-2015-4878,0.02072,0.78998
CVE-2015-4879,0.02186,0.8012
CVE-2015-4880,0.01055,0.50287
CVE-2015-4881,0.04358,0.87435
CVE-2015-4882,0.04358,0.87435
CVE-2015-4883,0.04358,0.87435
CVE-2015-4884,0.01055,0.50287
CVE-2015-4885,0.01055,0.50287
CVE-2015-4886,0.01319,0.70416
CVE-2015-4887,0.01055,0.50287
CVE-2015-4888,0.01055,0.50287
CVE-2015-4890,0.01132,0.54372
CVE-2015-4891,0.00885,0.26162
CVE-2015-4892,0.01055,0.50287
CVE-2015-4893,0.04358,0.87435
CVE-2015-4894,0.01061,0.51015
CVE-2015-4895,0.01232,0.66248
CVE-2015-4896,0.01319,0.70416
CVE-2015-4898,0.01055,0.50287
CVE-2015-4899,0.01055,0.50287
CVE-2015-4900,0.01055,0.50287
CVE-2015-4901,0.01319,0.70416
CVE-2015-4902,0.04358,0.87435
CVE-2015-4903,0.04358,0.87435
CVE-2015-4904,0.01132,0.54372
CVE-2015-4905,0.01061,0.51015
CVE-2015-4906,0.01319,0.70416
CVE-2015-4907,0.00885,0.26162
CVE-2015-4908,0.01319,0.70416
CVE-2015-4909,0.01055,0.50287
CVE-2015-4910,0.01132,0.54372
CVE-2015-4911,0.04358,0.87435
CVE-2015-4912,0.01055,0.50287
CVE-2015-4913,0.02186,0.8012
CVE-2015-4914,0.01055,0.50287
CVE-2015-4915,0.01055,0.50287
CVE-2015-4916,0.01319,0.70416
CVE-2015-4917,0.01055,0.50287
CVE-2015-4919,0.01055,0.50287
CVE-2015-4920,0.00885,0.26162
CVE-2015-4921,0.01055,0.50287
CVE-2015-4922,0.00885,0.26162
CVE-2015-4923,0.01055,0.50287
CVE-2015-4924,0.01055,0.50287
CVE-2015-4925,0.01055,0.50287
CVE-2015-4926,0.01055,0.50287
CVE-2015-4927,0.00885,0.26162
CVE-2015-4928,0.00885,0.26162
CVE-2015-4929,0.01055,0.50287
CVE-2015-4930,0.01055,0.50287
CVE-2015-4931,0.06523,0.90962
CVE-2015-4932,0.06523,0.90962
CVE-2015-4933,0.06523,0.90962
CVE-2015-4934,0.06523,0.90962
CVE-2015-4935,0.06523,0.90962
CVE-2015-4936,0.01055,0.50287
CVE-2015-4938,0.01213,0.6557
CVE-2015-4939,0.01055,0.50287
CVE-2015-4940,0.00885,0.26162
CVE-2015-4941,0.01136,0.57949
CVE-2015-4942,0.01055,0.50287
CVE-2015-4943,0.01136,0.57949
CVE-2015-4944,0.01055,0.50287
CVE-2015-4945,0.00885,0.26162
CVE-2015-4946,0.00885,0.26162
CVE-2015-4947,0.05302,0.89375
CVE-2015-4948,0.0095,0.30554
CVE-2015-4949,0.0089,0.2856
CVE-2015-4950,0.01132,0.54372
CVE-2015-4951,0.01055,0.50287
CVE-2015-4952,0.01156,0.60033
CVE-2015-4953,0.00954,0.34522
CVE-2015-4954,0.01055,0.50287
CVE-2015-4955,0.01132,0.54372
CVE-2015-4956,0.01055,0.50287
CVE-2015-4957,0.01055,0.50287
CVE-2015-4958,0.00885,0.26162
CVE-2015-4959,0.01136,0.57949
CVE-2015-4960,0.01055,0.50287
CVE-2015-4961,0.01055,0.50287
CVE-2015-4962,0.01055,0.50287
CVE-2015-4963,0.01136,0.57949
CVE-2015-4964,0.04611,0.88458
CVE-2015-4965,0.01055,0.50287
CVE-2015-4966,0.01055,0.50287
CVE-2015-4967,0.01055,0.50287
CVE-2015-4971,0.01055,0.50287
CVE-2015-4973,0.01055,0.50287
CVE-2015-4974,0.01592,0.74578
CVE-2015-4980,0.01061,0.51015
CVE-2015-4981,0.0095,0.30554
CVE-2015-4987,0.01055,0.50287
CVE-2015-4988,0.01055,0.50287
CVE-2015-4989,0.01055,0.50287
CVE-2015-4990,0.00885,0.26162
CVE-2015-4991,0.00885,0.26162
CVE-2015-4992,0.01055,0.50287
CVE-2015-4993,0.01213,0.6557
CVE-2015-4994,0.0556,0.89553
CVE-2015-4996,0.00885,0.26162
CVE-2015-4997,0.01136,0.57949
CVE-2015-4998,0.01136,0.57949
CVE-2015-5001,0.01061,0.51015
CVE-2015-5002,0.01055,0.50287
CVE-2015-5003,0.01061,0.51015
CVE-2015-5004,0.01061,0.51015
CVE-2015-5005,0.01132,0.54372
CVE-2015-5006,0.01547,0.74085
CVE-2015-5007,0.01213,0.6557
CVE-2015-5008,0.01776,0.75902
CVE-2015-5009,0.01483,0.7269
CVE-2015-5010,0.01136,0.57949
CVE-2015-5011,0.00885,0.26162
CVE-2015-5012,0.01136,0.57949
CVE-2015-5013,0.0089,0.2856
CVE-2015-5014,0.00885,0.26162
CVE-2015-5015,0.01136,0.57949
CVE-2015-5016,0.01055,0.50287
CVE-2015-5017,0.01055,0.50287
CVE-2015-5018,0.01132,0.54372
CVE-2015-5019,0.01055,0.50287
CVE-2015-5020,0.01055,0.50287
CVE-2015-5021,0.05302,0.89375
CVE-2015-5022,0.01055,0.50287
CVE-2015-5023,0.01055,0.50287
CVE-2015-5024,0.01055,0.50287
CVE-2015-5035,0.01055,0.50287
CVE-2015-5036,0.01055,0.50287
CVE-2015-5037,0.01055,0.50287
CVE-2015-5038,0.01055,0.50287
CVE-2015-5039,0.01055,0.50287
CVE-2015-5040,0.0556,0.89553
CVE-2015-5041,0.01408,0.72072
CVE-2015-5042,0.01702,0.75164
CVE-2015-5043,0.00885,0.26162
CVE-2015-5044,0.01055,0.50287
CVE-2015-5045,0.00885,0.26162
CVE-2015-5049,0.01055,0.50287
CVE-2015-5050,0.01055,0.50287
CVE-2015-5051,0.01055,0.50287
CVE-2015-5052,0.00885,0.26162
CVE-2015-5053,0.00885,0.26162
CVE-2015-5054,0.01055,0.50287
CVE-2015-5057,0.01018,0.38792
CVE-2015-5058,0.01055,0.50287
CVE-2015-5059,0.01232,0.66248
CVE-2015-5060,0.00885,0.26162
CVE-2015-5061,0.01061,0.51015
CVE-2015-5062,0.01213,0.6557
CVE-2015-5063,0.01136,0.57949
CVE-2015-5064,0.01213,0.6557
CVE-2015-5065,0.08944,0.93724
CVE-2015-5066,0.01319,0.70416
CVE-2015-5067,0.01319,0.70416
CVE-2015-5068,0.01213,0.6557
CVE-2015-5069,0.01649,0.75017
CVE-2015-5070,0.01649,0.75017
CVE-2015-5071,0.01055,0.50287
CVE-2015-5072,0.01055,0.50287
CVE-2015-5073,0.03779,0.84781
CVE-2015-5074,0.10212,0.94357
CVE-2015-5075,0.08944,0.93724
CVE-2015-5076,0.01213,0.6557
CVE-2015-5078,0.01132,0.54372
CVE-2015-5079,0.08382,0.93597
CVE-2015-5080,0.01132,0.54372
CVE-2015-5081,0.01136,0.57949
CVE-2015-5082,0.80749,0.99497
CVE-2015-5084,0.01018,0.38792
CVE-2015-5085,0.03601,0.84249
CVE-2015-5086,0.03601,0.84249
CVE-2015-5087,0.03444,0.84021
CVE-2015-5088,0.01126,0.53553
CVE-2015-5089,0.01126,0.53553
CVE-2015-5090,0.01052,0.41643
CVE-2015-5091,0.01126,0.53553
CVE-2015-5092,0.01126,0.53553
CVE-2015-5093,0.03601,0.84249
CVE-2015-5094,0.03444,0.84021
CVE-2015-5095,0.03601,0.84249
CVE-2015-5096,0.05268,0.89299
CVE-2015-5097,0.03601,0.84249
CVE-2015-5098,0.05268,0.89299
CVE-2015-5099,0.03601,0.84249
CVE-2015-5100,0.03444,0.84021
CVE-2015-5101,0.03601,0.84249
CVE-2015-5102,0.03444,0.84021
CVE-2015-5103,0.03444,0.84021
CVE-2015-5104,0.03444,0.84021
CVE-2015-5105,0.05268,0.89299
CVE-2015-5106,0.01202,0.60495
CVE-2015-5107,0.01126,0.53553
CVE-2015-5108,0.03601,0.84249
CVE-2015-5109,0.03601,0.84249
CVE-2015-5110,0.03601,0.84249
CVE-2015-5111,0.03601,0.84249
CVE-2015-5113,0.03601,0.84249
CVE-2015-5114,0.03601,0.84249
CVE-2015-5115,0.03444,0.84021
CVE-2015-5116,0.108,0.94438
CVE-2015-5117,0.03961,0.85248
CVE-2015-5118,0.45541,0.98282
CVE-2015-5120,0.05268,0.89299
CVE-2015-5121,0.05268,0.89299
CVE-2015-5123,0.13488,0.95499
CVE-2015-5124,0.03788,0.84809
CVE-2015-5125,0.01308,0.67354
CVE-2015-5127,0.87556,0.99763
CVE-2015-5129,0.04631,0.88514
CVE-2015-5130,0.87556,0.99763
CVE-2015-5131,0.86921,0.99712
CVE-2015-5132,0.86921,0.99712
CVE-2015-5133,0.86921,0.99712
CVE-2015-5134,0.87556,0.99763
CVE-2015-5143,0.02172,0.79917
CVE-2015-5144,0.02172,0.79917
CVE-2015-5145,0.01213,0.6557
CVE-2015-5146,0.01815,0.76117
CVE-2015-5147,0.02791,0.82239
CVE-2015-5148,0.01564,0.74439
CVE-2015-5149,0.01017,0.36347
CVE-2015-5150,0.01061,0.51015
CVE-2015-5151,0.01055,0.50287
CVE-2015-5152,0.01055,0.50287
CVE-2015-5153,0.00885,0.26162
CVE-2015-5154,0.02172,0.79379
CVE-2015-5156,0.02686,0.82061
CVE-2015-5157,0.02172,0.79379
CVE-2015-5158,0.0095,0.30554
CVE-2015-5159,0.01055,0.50287
CVE-2015-5160,0.0095,0.30554
CVE-2015-5161,0.16168,0.95904
CVE-2015-5162,0.01537,0.73595
CVE-2015-5163,0.01132,0.54372
CVE-2015-5164,0.02166,0.79253
CVE-2015-5165,0.04358,0.87435
CVE-2015-5166,0.01034,0.39824
CVE-2015-5167,0.01061,0.51015
CVE-2015-5168,0.00885,0.26162
CVE-2015-5169,0.02649,0.81395
CVE-2015-5170,0.01055,0.50287
CVE-2015-5171,0.00885,0.26162
CVE-2015-5172,0.00885,0.26162
CVE-2015-5173,0.00885,0.26162
CVE-2015-5174,0.04316,0.87043
CVE-2015-5175,0.03718,0.84354
CVE-2015-5176,0.01055,0.50287
CVE-2015-5177,0.01213,0.6557
CVE-2015-5178,0.01319,0.70416
CVE-2015-5179,0.00885,0.26162
CVE-2015-5180,0.02172,0.79917
CVE-2015-5181,0.01061,0.51015
CVE-2015-5182,0.00954,0.34522
CVE-2015-5183,0.01108,0.53389
CVE-2015-5184,0.00954,0.34522
CVE-2015-5185,0.01319,0.70416
CVE-2015-5186,0.01018,0.38792
CVE-2015-5187,0.01055,0.50287
CVE-2015-5188,0.01408,0.72072
CVE-2015-5189,0.01055,0.50287
CVE-2015-5190,0.01055,0.50287
CVE-2015-5191,0.0089,0.2856
CVE-2015-5194,0.04358,0.87435
CVE-2015-5195,0.03779,0.84781
CVE-2015-5198,0.01282,0.67298
CVE-2015-5199,0.01282,0.67298
CVE-2015-5200,0.01282,0.67298
CVE-2015-5201,0.01213,0.6557
CVE-2015-5203,0.01955,0.77585
CVE-2015-5204,0.01055,0.50287
CVE-2015-5206,0.00885,0.26162
CVE-2015-5207,0.01742,0.75235
CVE-2015-5208,0.02072,0.79023
CVE-2015-5209,0.0424,0.86863
CVE-2015-5210,0.01055,0.50287
CVE-2015-5211,0.00954,0.34522
CVE-2015-5212,0.08228,0.93219
CVE-2015-5213,0.07963,0.92984
CVE-2015-5214,0.07963,0.92984
CVE-2015-5215,0.01213,0.6557
CVE-2015-5216,0.01136,0.57949
CVE-2015-5217,0.01132,0.54372
CVE-2015-5218,0.01034,0.39824
CVE-2015-5219,0.04358,0.87435
CVE-2015-5220,0.01408,0.72072
CVE-2015-5221,0.01955,0.77585
CVE-2015-5222,0.01055,0.50287
CVE-2015-5223,0.01537,0.73595
CVE-2015-5224,0.01213,0.6557
CVE-2015-5225,0.02172,0.79379
CVE-2015-5227,0.0185,0.76248
CVE-2015-5228,0.0095,0.30554
CVE-2015-5229,0.01108,0.53389
CVE-2015-5230,0.01136,0.57949
CVE-2015-5231,0.0095,0.30554
CVE-2015-5232,0.01018,0.38792
CVE-2015-5233,0.01061,0.51015
CVE-2015-5234,0.01776,0.75902
CVE-2015-5235,0.08522,0.93616
CVE-2015-5236,0.00885,0.26162
CVE-2015-5237,0.02528,0.8112
CVE-2015-5239,0.01282,0.67298
CVE-2015-5240,0.01132,0.54372
CVE-2015-5241,0.00885,0.26162
CVE-2015-5242,0.05302,0.89375
CVE-2015-5243,0.06729,0.91198
CVE-2015-5244,0.01213,0.6557
CVE-2015-5245,0.01136,0.57949
CVE-2015-5246,0.01055,0.50287
CVE-2015-5247,0.01055,0.50287
CVE-2015-5248,0.00885,0.26162
CVE-2015-5250,0.01061,0.51015
CVE-2015-5251,0.01061,0.51015
CVE-2015-5252,0.04358,0.87435
CVE-2015-5253,0.03115,0.83076
CVE-2015-5255,0.01776,0.75902
CVE-2015-5256,0.01742,0.75235
CVE-2015-5257,0.01537,0.73595
CVE-2015-5258,0.00885,0.26162
CVE-2015-5259,0.05785,0.89924
CVE-2015-5260,0.01916,0.76514
CVE-2015-5261,0.01282,0.67298
CVE-2015-5262,0.06394,0.90534
CVE-2015-5263,0.01018,0.38792
CVE-2015-5264,0.01132,0.54372
CVE-2015-5265,0.01132,0.54372
CVE-2015-5266,0.01132,0.54372
CVE-2015-5267,0.01213,0.6557
CVE-2015-5268,0.01132,0.54372
CVE-2015-5269,0.01132,0.54372
CVE-2015-5271,0.01213,0.6557
CVE-2015-5272,0.01132,0.54372
CVE-2015-5273,0.01034,0.39824
CVE-2015-5274,0.01055,0.50287
CVE-2015-5276,0.01018,0.38792
CVE-2015-5277,0.01547,0.74085
CVE-2015-5278,0.02583,0.81238
CVE-2015-5279,0.02172,0.79379
CVE-2015-5281,0.01034,0.39824
CVE-2015-5282,0.01018,0.38792
CVE-2015-5283,0.01547,0.74085
CVE-2015-5284,0.01018,0.38792
CVE-2015-5285,0.08382,0.93597
CVE-2015-5286,0.01132,0.54372
CVE-2015-5287,0.0232,0.80631
CVE-2015-5288,0.02686,0.82061
CVE-2015-5289,0.02686,0.82061
CVE-2015-5290,0.01018,0.38792
CVE-2015-5291,0.04229,0.86856
CVE-2015-5292,0.02186,0.8012
CVE-2015-5293,0.01055,0.50287
CVE-2015-5295,0.01232,0.66248
CVE-2015-5296,0.02686,0.82061
CVE-2015-5297,0.0144,0.7265
CVE-2015-5298,0.00885,0.26162
CVE-2015-5299,0.04358,0.87435
CVE-2015-5300,0.04358,0.87435
CVE-2015-5301,0.01315,0.67456
CVE-2015-5302,0.01319,0.70416
CVE-2015-5303,0.01055,0.50287
CVE-2015-5304,0.01232,0.66248
CVE-2015-5305,0.00885,0.26162
CVE-2015-5306,0.01213,0.6557
CVE-2015-5307,0.01547,0.74085
CVE-2015-5308,0.01055,0.50287
CVE-2015-5309,0.04967,0.88981
CVE-2015-5310,0.01319,0.70416
CVE-2015-5311,0.01319,0.70416
CVE-2015-5312,0.02686,0.82061
CVE-2015-5313,0.01034,0.39824
CVE-2015-5314,0.01213,0.6557
CVE-2015-5315,0.01213,0.6557
CVE-2015-5316,0.01213,0.6557
CVE-2015-5317,0.01136,0.57949
CVE-2015-5318,0.01136,0.57949
CVE-2015-5319,0.01136,0.57949
CVE-2015-5320,0.01136,0.57949
CVE-2015-5321,0.01136,0.57949
CVE-2015-5322,0.01136,0.57949
CVE-2015-5323,0.0089,0.2856
CVE-2015-5324,0.01136,0.57949
CVE-2015-5325,0.00954,0.34522
CVE-2015-5326,0.01061,0.51015
CVE-2015-5327,0.0089,0.2856
CVE-2015-5329,0.01055,0.50287
CVE-2015-5330,0.04358,0.87435
CVE-2015-5331,0.01055,0.50287
CVE-2015-5332,0.01055,0.50287
CVE-2015-5333,0.01213,0.6557
CVE-2015-5334,0.03693,0.843
CVE-2015-5335,0.01055,0.50287
CVE-2015-5336,0.01055,0.50287
CVE-2015-5337,0.01055,0.50287
CVE-2015-5338,0.01055,0.50287
CVE-2015-5339,0.01055,0.50287
CVE-2015-5340,0.01055,0.50287
CVE-2015-5341,0.01055,0.50287
CVE-2015-5342,0.01055,0.50287
CVE-2015-5343,0.03484,0.84059
CVE-2015-5344,0.02072,0.79023
CVE-2015-5345,0.07344,0.92237
CVE-2015-5346,0.07344,0.92237
CVE-2015-5348,0.0221,0.80318
CVE-2015-5349,0.00954,0.34522
CVE-2015-5350,0.00885,0.26162
CVE-2015-5351,0.07344,0.92237
CVE-2015-5352,0.03779,0.84781
CVE-2015-5353,0.01213,0.6557
CVE-2015-5354,0.01213,0.6557
CVE-2015-5355,0.01136,0.57949
CVE-2015-5356,0.01136,0.57949
CVE-2015-5357,0.01055,0.50287
CVE-2015-5358,0.01319,0.70416
CVE-2015-5359,0.01055,0.50287
CVE-2015-5360,0.01055,0.50287
CVE-2015-5361,0.00885,0.26162
CVE-2015-5362,0.0556,0.89553
CVE-2015-5363,0.00885,0.26162
CVE-2015-5364,0.04358,0.87435
CVE-2015-5365,0.01055,0.50287
CVE-2015-5366,0.04358,0.87435
CVE-2015-5367,0.0095,0.30554
CVE-2015-5368,0.14677,0.95652
CVE-2015-5370,0.07312,0.9217
CVE-2015-5371,0.57061,0.9876
CVE-2015-5372,0.01213,0.6557
CVE-2015-5375,0.01213,0.6557
CVE-2015-5376,0.01055,0.50287
CVE-2015-5378,0.01213,0.6557
CVE-2015-5379,0.01132,0.54372
CVE-2015-5380,0.01213,0.6557
CVE-2015-5381,0.01213,0.6557
CVE-2015-5382,0.01232,0.66248
CVE-2015-5383,0.01213,0.6557
CVE-2015-5384,0.00885,0.26162
CVE-2015-5386,0.01055,0.50287
CVE-2015-5395,0.01018,0.38792
CVE-2015-5397,0.01136,0.57949
CVE-2015-5399,0.02437,0.80834
CVE-2015-5400,0.03779,0.84781
CVE-2015-5401,0.01136,0.57949
CVE-2015-5402,0.00885,0.26162
CVE-2015-5403,0.01055,0.50287
CVE-2015-5404,0.01055,0.50287
CVE-2015-5405,0.01055,0.50287
CVE-2015-5406,0.01055,0.50287
CVE-2015-5407,0.01055,0.50287
CVE-2015-5408,0.01055,0.50287
CVE-2015-5409,0.01055,0.50287
CVE-2015-5410,0.05857,0.90037
CVE-2015-5411,0.01055,0.50287
CVE-2015-5412,0.01055,0.50287
CVE-2015-5413,0.01055,0.50287
CVE-2015-5416,0.25143,0.96828
CVE-2015-5417,0.25143,0.96828
CVE-2015-5418,0.25143,0.96828
CVE-2015-5419,0.25143,0.96828
CVE-2015-5420,0.25143,0.96828
CVE-2015-5421,0.25143,0.96828
CVE-2015-5422,0.25143,0.96828
CVE-2015-5423,0.25143,0.96828
CVE-2015-5424,0.25143,0.96828
CVE-2015-5426,0.0089,0.2856
CVE-2015-5427,0.01055,0.50287
CVE-2015-5428,0.01055,0.50287
CVE-2015-5429,0.01055,0.50287
CVE-2015-5430,0.01055,0.50287
CVE-2015-5431,0.01055,0.50287
CVE-2015-5432,0.01055,0.50287
CVE-2015-5433,0.01055,0.50287
CVE-2015-5434,0.01055,0.50287
CVE-2015-5435,0.01061,0.51015
CVE-2015-5436,0.00885,0.26162
CVE-2015-5440,0.00885,0.26162
CVE-2015-5441,0.01213,0.6557
CVE-2015-5442,0.00885,0.26162
CVE-2015-5443,0.01055,0.50287
CVE-2015-5444,0.01055,0.50287
CVE-2015-5445,0.01136,0.57949
CVE-2015-5446,0.14584,0.95645
CVE-2015-5447,0.01061,0.51015
CVE-2015-5448,0.0089,0.2856
CVE-2015-5451,0.01055,0.50287
CVE-2015-5452,0.01408,0.72072
CVE-2015-5453,0.21043,0.96371
CVE-2015-5454,0.01213,0.6557
CVE-2015-5455,0.01055,0.50287
CVE-2015-5456,0.01319,0.70416
CVE-2015-5457,0.07777,0.92953
CVE-2015-5458,0.01319,0.70416
CVE-2015-5459,0.01017,0.36347
CVE-2015-5460,0.01319,0.70416
CVE-2015-5461,0.01319,0.70416
CVE-2015-5462,0.01055,0.50287
CVE-2015-5463,0.01055,0.50287
CVE-2015-5464,0.01055,0.50287
CVE-2015-5465,0.01832,0.76196
CVE-2015-5466,0.01832,0.76196
CVE-2015-5468,0.08382,0.93597
CVE-2015-5469,0.01136,0.57949
CVE-2015-5470,0.01136,0.57949
CVE-2015-5471,0.10212,0.94357
CVE-2015-5472,0.01136,0.57949
CVE-2015-5473,0.06908,0.9183
CVE-2015-5474,0.01055,0.50287
CVE-2015-5475,0.01319,0.70416
CVE-2015-5479,0.01319,0.70416
CVE-2015-5481,0.01213,0.6557
CVE-2015-5482,0.0095,0.30554
CVE-2015-5483,0.01136,0.57949
CVE-2015-5484,0.01061,0.51015
CVE-2015-5485,0.01213,0.6557
CVE-2015-5487,0.01213,0.6557
CVE-2015-5488,0.01061,0.51015
CVE-2015-5489,0.01061,0.51015
CVE-2015-5490,0.01319,0.70416
CVE-2015-5491,0.01061,0.51015
CVE-2015-5492,0.01055,0.50287
CVE-2015-5493,0.01136,0.57949
CVE-2015-5494,0.01061,0.51015
CVE-2015-5495,0.01061,0.51015
CVE-2015-5496,0.01136,0.57949
CVE-2015-5497,0.01132,0.54372
CVE-2015-5498,0.01213,0.6557
CVE-2015-5499,0.01055,0.50287
CVE-2015-5500,0.01055,0.50287
CVE-2015-5501,0.01213,0.6557
CVE-2015-5502,0.01213,0.6557
CVE-2015-5503,0.01213,0.6557
CVE-2015-5504,0.01213,0.6557
CVE-2015-5505,0.01108,0.53389
CVE-2015-5506,0.01213,0.6557
CVE-2015-5507,0.01213,0.6557
CVE-2015-5508,0.01136,0.57949
CVE-2015-5509,0.0095,0.30554
CVE-2015-5510,0.01213,0.6557
CVE-2015-5511,0.01213,0.6557
CVE-2015-5512,0.01319,0.70416
CVE-2015-5513,0.01132,0.54372
CVE-2015-5514,0.01136,0.57949
CVE-2015-5515,0.01132,0.54372
CVE-2015-5516,0.01136,0.57949
CVE-2015-5519,0.01136,0.57949
CVE-2015-5520,0.02173,0.80027
CVE-2015-5521,0.01055,0.50287
CVE-2015-5522,0.03407,0.83908
CVE-2015-5523,0.03407,0.83908
CVE-2015-5524,0.00885,0.26162
CVE-2015-5528,0.01213,0.6557
CVE-2015-5529,0.01136,0.57949
CVE-2015-5530,0.01055,0.50287
CVE-2015-5532,0.01319,0.70416
CVE-2015-5533,0.01806,0.76038
CVE-2015-5534,0.02173,0.80027
CVE-2015-5535,0.01213,0.6557
CVE-2015-5536,0.01815,0.76117
CVE-2015-5537,0.00954,0.34522
CVE-2015-5538,0.01055,0.50287
CVE-2015-5539,0.87556,0.99763
CVE-2015-5540,0.87556,0.99763
CVE-2015-5541,0.04631,0.88514
CVE-2015-5544,0.87042,0.99717
CVE-2015-5545,0.87042,0.99717
CVE-2015-5546,0.87042,0.99717
CVE-2015-5547,0.87042,0.99717
CVE-2015-5548,0.87042,0.99717
CVE-2015-5549,0.87042,0.99717
CVE-2015-5550,0.87556,0.99763
CVE-2015-5551,0.87556,0.99763
CVE-2015-5552,0.0443,0.87699
CVE-2015-5553,0.0443,0.87699
CVE-2015-5554,0.87556,0.99763
CVE-2015-5555,0.87556,0.99763
CVE-2015-5556,0.87556,0.99763
CVE-2015-5557,0.87556,0.99763
CVE-2015-5558,0.87556,0.99763
CVE-2015-5559,0.04631,0.88514
CVE-2015-5560,0.87556,0.99763
CVE-2015-5561,0.87556,0.99763
CVE-2015-5562,0.87556,0.99763
CVE-2015-5563,0.87556,0.99763
CVE-2015-5564,0.04219,0.86801
CVE-2015-5565,0.03961,0.85248
CVE-2015-5566,0.03961,0.85248
CVE-2015-5567,0.0443,0.87699
CVE-2015-5568,0.3783,0.97844
CVE-2015-5569,0.01537,0.73595
CVE-2015-5570,0.04631,0.88514
CVE-2015-5571,0.03407,0.83908
CVE-2015-5572,0.02686,0.82061
CVE-2015-5573,0.04631,0.88514
CVE-2015-5574,0.87556,0.99763
CVE-2015-5575,0.0443,0.87699
CVE-2015-5576,0.02686,0.82061
CVE-2015-5577,0.0443,0.87699
CVE-2015-5578,0.0443,0.87699
CVE-2015-5579,0.0443,0.87699
CVE-2015-5580,0.0443,0.87699
CVE-2015-5581,0.04631,0.88514
CVE-2015-5582,0.0443,0.87699
CVE-2015-5583,0.01126,0.53553
CVE-2015-5584,0.04631,0.88514
CVE-2015-5586,0.05268,0.89299
CVE-2015-5587,0.04631,0.88514
CVE-2015-5588,0.0443,0.87699
CVE-2015-5589,0.01319,0.70416
CVE-2015-5590,0.01319,0.70416
CVE-2015-5591,0.0095,0.30554
CVE-2015-5592,0.01213,0.6557
CVE-2015-5593,0.01136,0.57949
CVE-2015-5594,0.01213,0.6557
CVE-2015-5595,0.01136,0.57949
CVE-2015-5599,0.01213,0.6557
CVE-2015-5600,0.04358,0.87435
CVE-2015-5601,0.01086,0.51674
CVE-2015-5603,0.71897,0.99167
CVE-2015-5605,0.01408,0.72072
CVE-2015-5606,0.01055,0.50287
CVE-2015-5607,0.01108,0.53389
CVE-2015-5608,0.00885,0.26162
CVE-2015-5609,0.01136,0.57949
CVE-2015-5610,0.01055,0.50287
CVE-2015-5611,0.02172,0.79917
CVE-2015-5612,0.01213,0.6557
CVE-2015-5613,0.01061,0.51015
CVE-2015-5617,0.01055,0.50287
CVE-2015-5618,0.01055,0.50287
CVE-2015-5619,0.01018,0.38792
CVE-2015-5621,0.08228,0.93218
CVE-2015-5622,0.01633,0.74922
CVE-2015-5623,0.01315,0.67456
CVE-2015-5624,0.05629,0.89602
CVE-2015-5625,0.01213,0.6557
CVE-2015-5626,0.01055,0.50287
CVE-2015-5627,0.01055,0.50287
CVE-2015-5628,0.01978,0.78447
CVE-2015-5629,0.01018,0.38792
CVE-2015-5630,0.01213,0.6557
CVE-2015-5631,0.01136,0.57949
CVE-2015-5632,0.00954,0.34522
CVE-2015-5633,0.00954,0.34522
CVE-2015-5634,0.00954,0.34522
CVE-2015-5635,0.00954,0.34522
CVE-2015-5636,0.00954,0.34522
CVE-2015-5637,0.00954,0.34522
CVE-2015-5638,0.01136,0.57949
CVE-2015-5639,0.01213,0.6557
CVE-2015-5640,0.01061,0.51015
CVE-2015-5641,0.01061,0.51015
CVE-2015-5642,0.01061,0.51015
CVE-2015-5643,0.01136,0.57949
CVE-2015-5644,0.01136,0.57949
CVE-2015-5645,0.01061,0.51015
CVE-2015-5646,0.01132,0.54372
CVE-2015-5647,0.01132,0.54372
CVE-2015-5648,0.01132,0.54372
CVE-2015-5649,0.01061,0.51015
CVE-2015-5650,0.01055,0.50287
CVE-2015-5651,0.01136,0.57949
CVE-2015-5652,0.0095,0.30554
CVE-2015-5653,0.05822,0.89998
CVE-2015-5654,0.01213,0.6557
CVE-2015-5655,0.00954,0.34522
CVE-2015-5659,0.01232,0.66248
CVE-2015-5660,0.01136,0.57949
CVE-2015-5661,0.00885,0.26162
CVE-2015-5662,0.01136,0.57949
CVE-2015-5663,0.01603,0.74718
CVE-2015-5664,0.01213,0.6557
CVE-2015-5665,0.01213,0.6557
CVE-2015-5666,0.00954,0.34522
CVE-2015-5667,0.01319,0.70416
CVE-2015-5668,0.01136,0.57949
CVE-2015-5669,0.05302,0.89375
CVE-2015-5670,0.01136,0.57949
CVE-2015-5671,0.01136,0.57949
CVE-2015-5672,0.01136,0.57949
CVE-2015-5673,0.01132,0.54372
CVE-2015-5674,0.01061,0.51015
CVE-2015-5675,0.0095,0.30554
CVE-2015-5677,0.0089,0.2856
CVE-2015-5681,0.06523,0.90962
CVE-2015-5682,0.01055,0.50287
CVE-2015-5684,0.01156,0.60033
CVE-2015-5685,0.06523,0.90962
CVE-2015-5686,0.00885,0.26162
CVE-2015-5687,0.01136,0.57949
CVE-2015-5688,0.01213,0.6557
CVE-2015-5689,0.04146,0.85406
CVE-2015-5690,0.01132,0.54372
CVE-2015-5691,0.01213,0.6557
CVE-2015-5692,0.05302,0.89375
CVE-2015-5693,0.01132,0.54372
CVE-2015-5694,0.0095,0.30554
CVE-2015-5695,0.01232,0.66248
CVE-2015-5696,0.08382,0.93597
CVE-2015-5697,0.01547,0.74085
CVE-2015-5698,0.08382,0.93597
CVE-2015-5699,0.00885,0.26162
CVE-2015-5700,0.01034,0.39824
CVE-2015-5701,0.0095,0.30554
CVE-2015-5703,0.01061,0.51015
CVE-2015-5704,0.01034,0.39824
CVE-2015-5705,0.01319,0.70416
CVE-2015-5706,0.01282,0.67298
CVE-2015-5707,0.01547,0.74085
CVE-2015-5711,0.01061,0.51015
CVE-2015-5712,0.01061,0.51015
CVE-2015-5713,0.01136,0.57949
CVE-2015-5714,0.01776,0.75902
CVE-2015-5715,0.01649,0.75017
CVE-2015-5717,0.00885,0.26162
CVE-2015-5718,0.01034,0.39824
CVE-2015-5719,0.00954,0.34522
CVE-2015-5720,0.01136,0.57949
CVE-2015-5721,0.01136,0.57949
CVE-2015-5722,0.26383,0.96972
CVE-2015-5723,0.0095,0.30554
CVE-2015-5725,0.01213,0.6557
CVE-2015-5726,0.01055,0.50287
CVE-2015-5727,0.01055,0.50287
CVE-2015-5729,0.01319,0.70416
CVE-2015-5730,0.01974,0.7812
CVE-2015-5731,0.01776,0.75902
CVE-2015-5732,0.01776,0.75902
CVE-2015-5733,0.01408,0.72072
CVE-2015-5734,0.01955,0.77585
CVE-2015-5735,0.01034,0.39824
CVE-2015-5736,0.07751,0.92776
CVE-2015-5737,0.01034,0.39824
CVE-2015-5738,0.01136,0.57949
CVE-2015-5739,0.01974,0.7812
CVE-2015-5740,0.01408,0.72072
CVE-2015-5741,0.01319,0.70416
CVE-2015-5742,0.01034,0.39824
CVE-2015-5745,0.01104,0.52279
CVE-2015-5746,0.01018,0.38792
CVE-2015-5747,0.0095,0.30554
CVE-2015-5748,0.01104,0.52279
CVE-2015-5749,0.01018,0.38792
CVE-2015-5750,0.02147,0.79189
CVE-2015-5751,0.05701,0.89823
CVE-2015-5752,0.01018,0.38792
CVE-2015-5753,0.04764,0.88704
CVE-2015-5754,0.02507,0.80889
CVE-2015-5755,0.0362,0.84256
CVE-2015-5756,0.03397,0.83675
CVE-2015-5757,0.0159,0.7449
CVE-2015-5758,0.03397,0.83675
CVE-2015-5759,0.01213,0.6557
CVE-2015-5761,0.0362,0.84256
CVE-2015-5763,0.0095,0.30554
CVE-2015-5764,0.01776,0.75902
CVE-2015-5765,0.01319,0.70416
CVE-2015-5766,0.01018,0.38792
CVE-2015-5767,0.01319,0.70416
CVE-2015-5768,0.01018,0.38792
CVE-2015-5769,0.01213,0.6557
CVE-2015-5770,0.01018,0.38792
CVE-2015-5771,0.02828,0.82353
CVE-2015-5772,0.0429,0.86891
CVE-2015-5773,0.03397,0.83675
CVE-2015-5774,0.01034,0.39824
CVE-2015-5775,0.03516,0.84101
CVE-2015-5776,0.03516,0.84101
CVE-2015-5777,0.03397,0.83675
CVE-2015-5778,0.03397,0.83675
CVE-2015-5779,0.05896,0.90062
CVE-2015-5780,0.00954,0.34522
CVE-2015-5781,0.01319,0.70416
CVE-2015-5782,0.01319,0.70416
CVE-2015-5783,0.01442,0.72669
CVE-2015-5784,0.02106,0.79092
CVE-2015-5785,0.04764,0.88704
CVE-2015-5786,0.04764,0.88704
CVE-2015-5787,0.03742,0.84386
CVE-2015-5788,0.01408,0.72072
CVE-2015-5789,0.03081,0.82978
CVE-2015-5790,0.03081,0.82978
CVE-2015-5791,0.03081,0.82978
CVE-2015-5792,0.03081,0.82978
CVE-2015-5793,0.03081,0.82978
CVE-2015-5794,0.0387,0.84909
CVE-2015-5795,0.03081,0.82978
CVE-2015-5796,0.03081,0.82978
CVE-2015-5797,0.03081,0.82978
CVE-2015-5798,0.02365,0.80691
CVE-2015-5799,0.03081,0.82978
CVE-2015-5800,0.03081,0.82978
CVE-2015-5801,0.0387,0.84909
CVE-2015-5802,0.03081,0.82978
CVE-2015-5803,0.03081,0.82978
CVE-2015-5804,0.0387,0.84909
CVE-2015-5805,0.0387,0.84909
CVE-2015-5806,0.03081,0.82978
CVE-2015-5807,0.0387,0.84909
CVE-2015-5808,0.02365,0.80691
CVE-2015-5809,0.0387,0.84909
CVE-2015-5810,0.0387,0.84909
CVE-2015-5811,0.03081,0.82978
CVE-2015-5812,0.03081,0.82978
CVE-2015-5813,0.0387,0.84909
CVE-2015-5814,0.0387,0.84909
CVE-2015-5815,0.02365,0.80691
CVE-2015-5816,0.03081,0.82978
CVE-2015-5817,0.0387,0.84909
CVE-2015-5818,0.0387,0.84909
CVE-2015-5819,0.03081,0.82978
CVE-2015-5820,0.01319,0.70416
CVE-2015-5821,0.03081,0.82978
CVE-2015-5822,0.0387,0.84909
CVE-2015-5823,0.03081,0.82978
CVE-2015-5824,0.01183,0.60428
CVE-2015-5825,0.01319,0.70416
CVE-2015-5826,0.01319,0.70416
CVE-2015-5827,0.01319,0.70416
CVE-2015-5828,0.01213,0.6557
CVE-2015-5829,0.03397,0.83675
CVE-2015-5830,0.0089,0.2856
CVE-2015-5831,0.01108,0.53389
CVE-2015-5832,0.01018,0.38792
CVE-2015-5833,0.0095,0.30554
CVE-2015-5834,0.01108,0.53389
CVE-2015-5835,0.01018,0.38792
CVE-2015-5836,0.00954,0.34522
CVE-2015-5837,0.01108,0.53389
CVE-2015-5838,0.01018,0.38792
CVE-2015-5839,0.01183,0.60428
CVE-2015-5840,0.01183,0.60428
CVE-2015-5841,0.01183,0.60428
CVE-2015-5842,0.01104,0.52279
CVE-2015-5843,0.01034,0.39824
CVE-2015-5844,0.0159,0.7449
CVE-2015-5845,0.0159,0.7449
CVE-2015-5846,0.0159,0.7449
CVE-2015-5848,0.01034,0.39824
CVE-2015-5849,0.00954,0.34522
CVE-2015-5850,0.01018,0.38792
CVE-2015-5851,0.01034,0.39824
CVE-2015-5853,0.00954,0.34522
CVE-2015-5854,0.0095,0.30554
CVE-2015-5855,0.01108,0.53389
CVE-2015-5856,0.01213,0.6557
CVE-2015-5857,0.01213,0.6557
CVE-2015-5858,0.01319,0.70416
CVE-2015-5859,0.01055,0.50287
CVE-2015-5860,0.01319,0.70416
CVE-2015-5861,0.01018,0.38792
CVE-2015-5862,0.01408,0.72072
CVE-2015-5863,0.01104,0.52279
CVE-2015-5865,0.00954,0.34522
CVE-2015-5866,0.01442,0.72669
CVE-2015-5867,0.0159,0.7449
CVE-2015-5868,0.01104,0.52279
CVE-2015-5869,0.01974,0.7812
CVE-2015-5870,0.0095,0.30554
CVE-2015-5871,0.0089,0.2856
CVE-2015-5872,0.0089,0.2856
CVE-2015-5873,0.0089,0.2856
CVE-2015-5874,0.05204,0.89145
CVE-2015-5875,0.0095,0.30554
CVE-2015-5876,0.01696,0.7514
CVE-2015-5877,0.0089,0.2856
CVE-2015-5878,0.0095,0.30554
CVE-2015-5879,0.01319,0.70416
CVE-2015-5880,0.01018,0.38792
CVE-2015-5882,0.01104,0.52279
CVE-2015-5883,0.01213,0.6557
CVE-2015-5884,0.01213,0.6557
CVE-2015-5885,0.01408,0.72072
CVE-2015-5887,0.01213,0.6557
CVE-2015-5888,0.0089,0.2856
CVE-2015-5889,0.0232,0.80631
CVE-2015-5890,0.0089,0.2856
CVE-2015-5891,0.0095,0.30554
CVE-2015-5892,0.01018,0.38792
CVE-2015-5893,0.0095,0.30554
CVE-2015-5894,0.01018,0.38792
CVE-2015-5895,0.08382,0.93597
CVE-2015-5896,0.01104,0.52279
CVE-2015-5897,0.0089,0.2856
CVE-2015-5898,0.01108,0.53389
CVE-2015-5899,0.01104,0.52279
CVE-2015-5900,0.00954,0.34522
CVE-2015-5901,0.0089,0.2856
CVE-2015-5902,0.0095,0.30554
CVE-2015-5903,0.01104,0.52279
CVE-2015-5904,0.01213,0.6557
CVE-2015-5905,0.01213,0.6557
CVE-2015-5906,0.01213,0.6557
CVE-2015-5907,0.01018,0.38792
CVE-2015-5909,0.01136,0.57949
CVE-2015-5910,0.01136,0.57949
CVE-2015-5911,0.00954,0.34522
CVE-2015-5912,0.01108,0.53389
CVE-2015-5913,0.01136,0.57949
CVE-2015-5914,0.01018,0.38792
CVE-2015-5915,0.01018,0.38792
CVE-2015-5916,0.01183,0.60428
CVE-2015-5917,0.01319,0.70416
CVE-2015-5918,0.0089,0.2856
CVE-2015-5919,0.0089,0.2856
CVE-2015-5920,0.00954,0.34522
CVE-2015-5921,0.01018,0.38792
CVE-2015-5922,0.01108,0.53389
CVE-2015-5923,0.00954,0.34522
CVE-2015-5924,0.0289,0.82447
CVE-2015-5925,0.0289,0.82447
CVE-2015-5926,0.0289,0.82447
CVE-2015-5927,0.03397,0.83675
CVE-2015-5928,0.0387,0.84909
CVE-2015-5929,0.0387,0.84909
CVE-2015-5930,0.0387,0.84909
CVE-2015-5931,0.0289,0.82447
CVE-2015-5933,0.04641,0.88525
CVE-2015-5934,0.04641,0.88525
CVE-2015-5935,0.03397,0.83675
CVE-2015-5936,0.03397,0.83675
CVE-2015-5937,0.03397,0.83675
CVE-2015-5938,0.05375,0.89443
CVE-2015-5939,0.03397,0.83675
CVE-2015-5940,0.0289,0.82447
CVE-2015-5942,0.03397,0.83675
CVE-2015-5943,0.00885,0.26162
CVE-2015-5944,0.05375,0.89443
CVE-2015-5945,0.00885,0.26162
CVE-2015-5946,0.04695,0.88634
CVE-2015-5947,0.05785,0.89924
CVE-2015-5948,0.05785,0.89924
CVE-2015-5949,0.06604,0.91138
CVE-2015-5950,0.01034,0.39824
CVE-2015-5951,0.0095,0.30554
CVE-2015-5952,0.01055,0.50287
CVE-2015-5953,0.01055,0.50287
CVE-2015-5954,0.01055,0.50287
CVE-2015-5955,0.00885,0.26162
CVE-2015-5956,0.01132,0.54372
CVE-2015-5957,0.01018,0.38792
CVE-2015-5958,0.31934,0.97486
CVE-2015-5959,0.01136,0.57949
CVE-2015-5960,0.00954,0.34522
CVE-2015-5961,0.00954,0.34522
CVE-2015-5962,0.00954,0.34522
CVE-2015-5963,0.03779,0.84781
CVE-2015-5964,0.02172,0.79917
CVE-2015-5965,0.01213,0.6557
CVE-2015-5968,0.01055,0.50287
CVE-2015-5969,0.01018,0.38792
CVE-2015-5970,0.01055,0.50287
CVE-2015-5986,0.23599,0.96561
CVE-2015-5987,0.01055,0.50287
CVE-2015-5988,0.01055,0.50287
CVE-2015-5989,0.01055,0.50287
CVE-2015-5990,0.01055,0.50287
CVE-2015-5991,0.01055,0.50287
CVE-2015-5992,0.01055,0.50287
CVE-2015-5993,0.01055,0.50287
CVE-2015-5994,0.01055,0.50287
CVE-2015-5995,0.08382,0.93597
CVE-2015-5996,0.08382,0.93597
CVE-2015-5997,0.01055,0.50287
CVE-2015-5998,0.01055,0.50287
CVE-2015-5999,0.10212,0.94357
CVE-2015-6000,0.04571,0.88388
CVE-2015-6003,0.01136,0.57949
CVE-2015-6004,0.01132,0.54372
CVE-2015-6005,0.01132,0.54372
CVE-2015-6007,0.01055,0.50287
CVE-2015-6008,0.01055,0.50287
CVE-2015-6009,0.01055,0.50287
CVE-2015-6010,0.01055,0.50287
CVE-2015-6011,0.01055,0.50287
CVE-2015-6012,0.01055,0.50287
CVE-2015-6013,0.06523,0.90962
CVE-2015-6014,0.06523,0.90962
CVE-2015-6015,0.06523,0.90962
CVE-2015-6016,0.01213,0.6557
CVE-2015-6017,0.01136,0.57949
CVE-2015-6018,0.08382,0.93597
CVE-2015-6019,0.01061,0.51015
CVE-2015-6020,0.01061,0.51015
CVE-2015-6021,0.00885,0.26162
CVE-2015-6022,0.02094,0.79056
CVE-2015-6023,0.01319,0.70416
CVE-2015-6024,0.01319,0.70416
CVE-2015-6027,0.00885,0.26162
CVE-2015-6028,0.00885,0.26162
CVE-2015-6029,0.01136,0.57949
CVE-2015-6030,0.0095,0.30554
CVE-2015-6031,0.04229,0.86856
CVE-2015-6032,0.01055,0.50287
CVE-2015-6033,0.00885,0.26162
CVE-2015-6034,0.00885,0.26162
CVE-2015-6035,0.00885,0.26162
CVE-2015-6036,0.01055,0.50287
CVE-2015-6037,0.11348,0.94801
CVE-2015-6038,0.55223,0.98727
CVE-2015-6039,0.11291,0.9479
CVE-2015-6040,0.36052,0.97772
CVE-2015-6042,0.26051,0.96944
CVE-2015-6044,0.24057,0.96634
CVE-2015-6045,0.33388,0.97565
CVE-2015-6046,0.24057,0.96634
CVE-2015-6047,0.26405,0.96986000000000006
CVE-2015-6048,0.30572,0.97413
CVE-2015-6049,0.30572,0.97413
CVE-2015-6050,0.30572,0.97413
CVE-2015-6051,0.23,0.96491
CVE-2015-6052,0.26405,0.96986000000000006
CVE-2015-6053,0.26405,0.96986000000000006
CVE-2015-6055,0.47355,0.98454
CVE-2015-6056,0.30572,0.97413
CVE-2015-6057,0.24057,0.96634
CVE-2015-6058,0.24057,0.96634
CVE-2015-6059,0.26405,0.96986000000000006
CVE-2015-6061,0.2509,0.96779
CVE-2015-6064,0.33181,0.97545
CVE-2015-6065,0.23364,0.96547
CVE-2015-6066,0.29133,0.97202
CVE-2015-6068,0.24748,0.96725
CVE-2015-6069,0.29133,0.97202
CVE-2015-6070,0.29133,0.97202
CVE-2015-6071,0.29133,0.97202
CVE-2015-6072,0.29133,0.97202
CVE-2015-6073,0.23364,0.96547
CVE-2015-6074,0.29133,0.97202
CVE-2015-6075,0.23364,0.96547
CVE-2015-6076,0.23364,0.96547
CVE-2015-6077,0.23364,0.96547
CVE-2015-6078,0.23364,0.96547
CVE-2015-6079,0.29133,0.97202
CVE-2015-6080,0.29133,0.97202
CVE-2015-6081,0.23364,0.96547
CVE-2015-6082,0.29133,0.97202
CVE-2015-6083,0.24748,0.96725
CVE-2015-6084,0.24748,0.96725
CVE-2015-6085,0.24748,0.96725
CVE-2015-6087,0.29133,0.97202
CVE-2015-6088,0.21805,0.96414
CVE-2015-6089,0.29133,0.97202
CVE-2015-6091,0.36052,0.97772
CVE-2015-6092,0.36052,0.97772
CVE-2015-6093,0.45582,0.98283
CVE-2015-6094,0.55223,0.98727
CVE-2015-6096,0.22823,0.96484
CVE-2015-6097,0.43829,0.98224
CVE-2015-6098,0.01961,0.77613
CVE-2015-6099,0.35233,0.97727
CVE-2015-6100,0.14839,0.95672
CVE-2015-6101,0.11174,0.9465
CVE-2015-6102,0.01961,0.77613
CVE-2015-6103,0.67504,0.99052
CVE-2015-6104,0.67504,0.99052
CVE-2015-6106,0.55223,0.98727
CVE-2015-6107,0.55223,0.98727
CVE-2015-6108,0.61741,0.98885
CVE-2015-6109,0.0141,0.7214
CVE-2015-6111,0.11291,0.9479
CVE-2015-6112,0.05708,0.89834
CVE-2015-6113,0.0141,0.7214
CVE-2015-6114,0.22823,0.96484
CVE-2015-6115,0.22823,0.96484
CVE-2015-6117,0.22823,0.96484
CVE-2015-6118,0.36052,0.97772
CVE-2015-6122,0.39685,0.98013
CVE-2015-6123,0.2509,0.96779
CVE-2015-6124,0.36052,0.97772
CVE-2015-6125,0.50811,0.98636
CVE-2015-6126,0.0141,0.7214
CVE-2015-6127,0.70554,0.99127
CVE-2015-6128,0.833,0.99569
CVE-2015-6130,0.43829,0.98224
CVE-2015-6131,0.56993,0.98759
CVE-2015-6133,0.48635,0.9851
CVE-2015-6134,0.24748,0.96725
CVE-2015-6135,0.23753,0.96568
CVE-2015-6136,0.48831,0.98515
CVE-2015-6138,0.22823,0.96484
CVE-2015-6139,0.21805,0.96414
CVE-2015-6140,0.23364,0.96547
CVE-2015-6141,0.24748,0.96725
CVE-2015-6142,0.25406,0.96859
CVE-2015-6143,0.24748,0.96725
CVE-2015-6144,0.2509,0.96779
CVE-2015-6145,0.29133,0.97202
CVE-2015-6146,0.29133,0.97202
CVE-2015-6147,0.24748,0.96725
CVE-2015-6148,0.25406,0.96859
CVE-2015-6149,0.24748,0.96725
CVE-2015-6150,0.24748,0.96725
CVE-2015-6151,0.25406,0.96859
CVE-2015-6152,0.62775,0.98914
CVE-2015-6153,0.23364,0.96547
CVE-2015-6154,0.23364,0.96547
CVE-2015-6155,0.25406,0.96859
CVE-2015-6156,0.29133,0.97202
CVE-2015-6157,0.2509,0.96779
CVE-2015-6158,0.25406,0.96859
CVE-2015-6159,0.25406,0.96859
CVE-2015-6160,0.24748,0.96725
CVE-2015-6161,0.21805,0.96414
CVE-2015-6162,0.29133,0.97202
CVE-2015-6164,0.22823,0.96484
CVE-2015-6165,0.22823,0.96484
CVE-2015-6166,0.3852,0.97892
CVE-2015-6168,0.72342,0.99205
CVE-2015-6169,0.22823,0.96484
CVE-2015-6170,0.22823,0.96484
CVE-2015-6171,0.01713,0.75173
CVE-2015-6172,0.39685,0.98013
CVE-2015-6173,0.01713,0.75173
CVE-2015-6174,0.01713,0.75173
CVE-2015-6175,0.0141,0.7214
CVE-2015-6176,0.22823,0.96484
CVE-2015-6177,0.36052,0.97772
CVE-2015-6184,0.17475,0.96042
CVE-2015-6237,0.01055,0.50287
CVE-2015-6238,0.01136,0.57949
CVE-2015-6240,0.0095,0.30554
CVE-2015-6241,0.01974,0.7812
CVE-2015-6242,0.01974,0.7812
CVE-2015-6243,0.02172,0.79917
CVE-2015-6244,0.03779,0.84781
CVE-2015-6245,0.02172,0.79917
CVE-2015-6246,0.02172,0.79917
CVE-2015-6247,0.01974,0.7812
CVE-2015-6248,0.02172,0.79917
CVE-2015-6249,0.01974,0.7812
CVE-2015-6250,0.01136,0.57949
CVE-2015-6251,0.02172,0.79917
CVE-2015-6252,0.01547,0.74085
CVE-2015-6253,0.00885,0.26162
CVE-2015-6254,0.01232,0.66248
CVE-2015-6255,0.01136,0.57949
CVE-2015-6256,0.01055,0.50287
CVE-2015-6258,0.01055,0.50287
CVE-2015-6259,0.01055,0.50287
CVE-2015-6260,0.01055,0.50287
CVE-2015-6261,0.01055,0.50287
CVE-2015-6262,0.01055,0.50287
CVE-2015-6263,0.00885,0.26162
CVE-2015-6265,0.00954,0.34522
CVE-2015-6266,0.01055,0.50287
CVE-2015-6267,0.01055,0.50287
CVE-2015-6268,0.01055,0.50287
CVE-2015-6269,0.01055,0.50287
CVE-2015-6270,0.01055,0.50287
CVE-2015-6271,0.01055,0.50287
CVE-2015-6272,0.01055,0.50287
CVE-2015-6273,0.01055,0.50287
CVE-2015-6274,0.01055,0.50287
CVE-2015-6276,0.01055,0.50287
CVE-2015-6277,0.01055,0.50287
CVE-2015-6278,0.01136,0.57949
CVE-2015-6279,0.01136,0.57949
CVE-2015-6280,0.01136,0.57949
CVE-2015-6282,0.01055,0.50287
CVE-2015-6284,0.01055,0.50287
CVE-2015-6285,0.01055,0.50287
CVE-2015-6286,0.01055,0.50287
CVE-2015-6287,0.01136,0.57949
CVE-2015-6288,0.01055,0.50287
CVE-2015-6289,0.01136,0.57949
CVE-2015-6290,0.00954,0.34522
CVE-2015-6291,0.01055,0.50287
CVE-2015-6292,0.01055,0.50287
CVE-2015-6293,0.01055,0.50287
CVE-2015-6294,0.01055,0.50287
CVE-2015-6295,0.01055,0.50287
CVE-2015-6296,0.00885,0.26162
CVE-2015-6297,0.01055,0.50287
CVE-2015-6298,0.01055,0.50287
CVE-2015-6299,0.01055,0.50287
CVE-2015-6300,0.01055,0.50287
CVE-2015-6301,0.01055,0.50287
CVE-2015-6302,0.01055,0.50287
CVE-2015-6303,0.00885,0.26162
CVE-2015-6304,0.01055,0.50287
CVE-2015-6306,0.02115,0.79119
CVE-2015-6307,0.01055,0.50287
CVE-2015-6308,0.01055,0.50287
CVE-2015-6309,0.01055,0.50287
CVE-2015-6310,0.01055,0.50287
CVE-2015-6311,0.01055,0.50287
CVE-2015-6312,0.01055,0.50287
CVE-2015-6313,0.01055,0.50287
CVE-2015-6314,0.01055,0.50287
CVE-2015-6315,0.00885,0.26162
CVE-2015-6316,0.01061,0.51015
CVE-2015-6317,0.01055,0.50287
CVE-2015-6318,0.00885,0.26162
CVE-2015-6319,0.01055,0.50287
CVE-2015-6320,0.01055,0.50287
CVE-2015-6321,0.01136,0.57949
CVE-2015-6322,0.00885,0.26162
CVE-2015-6323,0.01055,0.50287
CVE-2015-6324,0.01055,0.50287
CVE-2015-6325,0.01136,0.57949
CVE-2015-6326,0.01055,0.50287
CVE-2015-6327,0.01055,0.50287
CVE-2015-6328,0.01055,0.50287
CVE-2015-6329,0.01055,0.50287
CVE-2015-6330,0.01055,0.50287
CVE-2015-6331,0.01055,0.50287
CVE-2015-6332,0.01055,0.50287
CVE-2015-6333,0.00885,0.26162
CVE-2015-6334,0.01055,0.50287
CVE-2015-6335,0.01055,0.50287
CVE-2015-6336,0.01055,0.50287
CVE-2015-6337,0.01055,0.50287
CVE-2015-6340,0.01055,0.50287
CVE-2015-6341,0.01055,0.50287
CVE-2015-6343,0.01055,0.50287
CVE-2015-6344,0.01055,0.50287
CVE-2015-6345,0.01055,0.50287
CVE-2015-6346,0.01055,0.50287
CVE-2015-6347,0.01055,0.50287
CVE-2015-6348,0.01055,0.50287
CVE-2015-6349,0.01055,0.50287
CVE-2015-6350,0.01055,0.50287
CVE-2015-6351,0.01055,0.50287
CVE-2015-6352,0.01136,0.57949
CVE-2015-6353,0.01055,0.50287
CVE-2015-6354,0.01055,0.50287
CVE-2015-6355,0.01055,0.50287
CVE-2015-6356,0.01055,0.50287
CVE-2015-6358,0.01319,0.70416
CVE-2015-6359,0.01136,0.57949
CVE-2015-6360,0.01974,0.7812
CVE-2015-6361,0.01055,0.50287
CVE-2015-6362,0.01055,0.50287
CVE-2015-6363,0.01055,0.50287
CVE-2015-6364,0.01055,0.50287
CVE-2015-6365,0.01055,0.50287
CVE-2015-6366,0.01055,0.50287
CVE-2015-6367,0.01055,0.50287
CVE-2015-6368,0.01055,0.50287
CVE-2015-6369,0.00885,0.26162
CVE-2015-6370,0.00885,0.26162
CVE-2015-6371,0.01055,0.50287
CVE-2015-6372,0.01055,0.50287
CVE-2015-6373,0.01055,0.50287
CVE-2015-6374,0.01055,0.50287
CVE-2015-6375,0.00885,0.26162
CVE-2015-6376,0.01055,0.50287
CVE-2015-6377,0.01055,0.50287
CVE-2015-6378,0.01055,0.50287
CVE-2015-6379,0.01055,0.50287
CVE-2015-6380,0.01055,0.50287
CVE-2015-6382,0.01055,0.50287
CVE-2015-6383,0.0095,0.30554
CVE-2015-6384,0.00885,0.26162
CVE-2015-6385,0.00885,0.26162
CVE-2015-6386,0.01055,0.50287
CVE-2015-6387,0.01055,0.50287
CVE-2015-6388,0.01136,0.57949
CVE-2015-6389,0.01136,0.57949
CVE-2015-6390,0.01055,0.50287
CVE-2015-6391,0.01055,0.50287
CVE-2015-6392,0.01136,0.57949
CVE-2015-6393,0.01136,0.57949
CVE-2015-6394,0.00885,0.26162
CVE-2015-6395,0.01055,0.50287
CVE-2015-6396,0.0095,0.30554
CVE-2015-6397,0.01061,0.51015
CVE-2015-6398,0.01055,0.50287
CVE-2015-6399,0.01132,0.54372
CVE-2015-6400,0.01055,0.50287
CVE-2015-6401,0.01136,0.57949
CVE-2015-6402,0.01136,0.57949
CVE-2015-6403,0.0089,0.2856
CVE-2015-6404,0.01055,0.50287
CVE-2015-6405,0.01136,0.57949
CVE-2015-6406,0.01061,0.51015
CVE-2015-6407,0.01061,0.51015
CVE-2015-6408,0.01136,0.57949
CVE-2015-6409,0.01018,0.38792
CVE-2015-6410,0.01061,0.51015
CVE-2015-6411,0.01055,0.50287
CVE-2015-6412,0.01055,0.50287
CVE-2015-6413,0.01061,0.51015
CVE-2015-6414,0.0089,0.2856
CVE-2015-6415,0.01136,0.57949
CVE-2015-6416,0.01136,0.57949
CVE-2015-6417,0.01055,0.50287
CVE-2015-6418,0.01213,0.6557
CVE-2015-6419,0.01055,0.50287
CVE-2015-6420,0.03384,0.83655
CVE-2015-6421,0.01055,0.50287
CVE-2015-6422,0.01061,0.51015
CVE-2015-6423,0.01055,0.50287
CVE-2015-6424,0.0089,0.2856
CVE-2015-6425,0.01136,0.57949
CVE-2015-6426,0.00885,0.26162
CVE-2015-6427,0.01055,0.50287
CVE-2015-6428,0.01136,0.57949
CVE-2015-6429,0.01055,0.50287
CVE-2015-6431,0.01136,0.57949
CVE-2015-6432,0.01055,0.50287
CVE-2015-6433,0.01055,0.50287
CVE-2015-6434,0.01055,0.50287
CVE-2015-6435,0.01136,0.57949
CVE-2015-6454,0.01055,0.50287
CVE-2015-6456,0.05302,0.89375
CVE-2015-6457,0.01156,0.60033
CVE-2015-6458,0.01156,0.60033
CVE-2015-6459,0.01136,0.57949
CVE-2015-6460,0.06523,0.90962
CVE-2015-6461,0.01055,0.50287
CVE-2015-6462,0.00885,0.26162
CVE-2015-6463,0.01055,0.50287
CVE-2015-6464,0.01055,0.50287
CVE-2015-6465,0.01061,0.51015
CVE-2015-6466,0.01055,0.50287
CVE-2015-6467,0.01702,0.75164
CVE-2015-6468,0.01055,0.50287
CVE-2015-6469,0.01055,0.50287
CVE-2015-6470,0.01055,0.50287
CVE-2015-6471,0.01055,0.50287
CVE-2015-6472,0.00954,0.34522
CVE-2015-6473,0.00954,0.34522
CVE-2015-6474,0.01055,0.50287
CVE-2015-6475,0.01055,0.50287
CVE-2015-6476,0.01055,0.50287
CVE-2015-6478,0.01319,0.70416
CVE-2015-6479,0.01055,0.50287
CVE-2015-6480,0.01055,0.50287
CVE-2015-6481,0.01055,0.50287
CVE-2015-6482,0.01055,0.50287
CVE-2015-6484,0.01055,0.50287
CVE-2015-6485,0.01055,0.50287
CVE-2015-6486,0.01055,0.50287
CVE-2015-6488,0.01055,0.50287
CVE-2015-6490,0.04611,0.88458
CVE-2015-6491,0.01055,0.50287
CVE-2015-6492,0.01055,0.50287
CVE-2015-6493,0.01055,0.50287
CVE-2015-6494,0.01055,0.50287
CVE-2015-6495,0.00885,0.26162
CVE-2015-6496,0.01408,0.72072
CVE-2015-6497,0.01132,0.54372
CVE-2015-6498,0.01136,0.57949
CVE-2015-6500,0.01061,0.51015
CVE-2015-6501,0.01055,0.50287
CVE-2015-6502,0.01055,0.50287
CVE-2015-6506,0.01319,0.70416
CVE-2015-6507,0.0095,0.30554
CVE-2015-6508,0.01055,0.50287
CVE-2015-6509,0.01055,0.50287
CVE-2015-6510,0.01055,0.50287
CVE-2015-6511,0.01055,0.50287
CVE-2015-6512,0.01564,0.74439
CVE-2015-6513,0.01136,0.57949
CVE-2015-6514,0.01055,0.50287
CVE-2015-6515,0.01055,0.50287
CVE-2015-6516,0.01564,0.74439
CVE-2015-6517,0.01055,0.50287
CVE-2015-6518,0.01055,0.50287
CVE-2015-6519,0.01564,0.74439
CVE-2015-6520,0.01213,0.6557
CVE-2015-6521,0.00885,0.26162
CVE-2015-6522,0.82654,0.99551
CVE-2015-6523,0.01136,0.57949
CVE-2015-6524,0.01136,0.57949
CVE-2015-6525,0.00885,0.26162
CVE-2015-6526,0.01282,0.67298
CVE-2015-6527,0.05785,0.89924
CVE-2015-6528,0.01055,0.50287
CVE-2015-6529,0.01136,0.57949
CVE-2015-6530,0.01136,0.57949
CVE-2015-6531,0.01055,0.50287
CVE-2015-6535,0.0095,0.30554
CVE-2015-6537,0.01055,0.50287
CVE-2015-6538,0.01055,0.50287
CVE-2015-6540,0.00885,0.26162
CVE-2015-6541,0.08382,0.93597
CVE-2015-6544,0.01136,0.57949
CVE-2015-6545,0.10212,0.94357
CVE-2015-6546,0.01055,0.50287
CVE-2015-6547,0.01061,0.51015
CVE-2015-6548,0.01061,0.51015
CVE-2015-6549,0.01061,0.51015
CVE-2015-6550,0.01055,0.50287
CVE-2015-6551,0.01055,0.50287
CVE-2015-6552,0.01055,0.50287
CVE-2015-6554,0.01136,0.57949
CVE-2015-6555,0.01061,0.51015
CVE-2015-6556,0.01055,0.50287
CVE-2015-6557,0.00885,0.26162
CVE-2015-6563,0.01547,0.74085
CVE-2015-6564,0.01547,0.74085
CVE-2015-6565,0.03534,0.84129
CVE-2015-6566,0.01018,0.38792
CVE-2015-6567,0.02489,0.80867
CVE-2015-6568,0.02489,0.80867
CVE-2015-6569,0.01136,0.57949
CVE-2015-6574,0.01136,0.57949
CVE-2015-6575,0.0556,0.89553
CVE-2015-6580,0.00885,0.26162
CVE-2015-6581,0.0547,0.89492
CVE-2015-6582,0.01213,0.6557
CVE-2015-6583,0.01213,0.6557
CVE-2015-6584,0.01213,0.6557
CVE-2015-6585,0.04967,0.88942
CVE-2015-6586,0.01055,0.50287
CVE-2015-6587,0.01132,0.54372
CVE-2015-6588,0.01055,0.50287
CVE-2015-6589,0.08078,0.93055
CVE-2015-6591,0.00885,0.26162
CVE-2015-6592,0.00885,0.26162
CVE-2015-6596,0.00885,0.26162
CVE-2015-6598,0.04611,0.88458
CVE-2015-6599,0.04611,0.88458
CVE-2015-6600,0.04611,0.88458
CVE-2015-6601,0.04611,0.88458
CVE-2015-6602,0.06309,0.90494
CVE-2015-6603,0.04611,0.88458
CVE-2015-6604,0.04611,0.88458
CVE-2015-6605,0.00885,0.26162
CVE-2015-6607,0.00954,0.34522
CVE-2015-6608,0.0556,0.89553
CVE-2015-6609,0.04641,0.88525
CVE-2015-6610,0.00885,0.26162
CVE-2015-6611,0.01055,0.50287
CVE-2015-6613,0.00885,0.26162
CVE-2015-6614,0.00885,0.26162
CVE-2015-6616,0.03977,0.85263
CVE-2015-6617,0.04641,0.88525
CVE-2015-6618,0.03977,0.85263
CVE-2015-6619,0.00885,0.26162
CVE-2015-6621,0.00885,0.26162
CVE-2015-6622,0.00885,0.26162
CVE-2015-6623,0.00885,0.26162
CVE-2015-6624,0.00885,0.26162
CVE-2015-6625,0.00885,0.26162
CVE-2015-6626,0.01055,0.50287
CVE-2015-6627,0.01055,0.50287
CVE-2015-6628,0.00885,0.26162
CVE-2015-6629,0.00885,0.26162
CVE-2015-6630,0.00885,0.26162
CVE-2015-6631,0.01055,0.50287
CVE-2015-6632,0.01055,0.50287
CVE-2015-6633,0.03977,0.85263
CVE-2015-6634,0.03977,0.85263
CVE-2015-6636,0.02065,0.78945
CVE-2015-6638,0.00885,0.26162
CVE-2015-6641,0.01055,0.50287
CVE-2015-6642,0.00885,0.26162
CVE-2015-6643,0.00885,0.26162
CVE-2015-6644,0.01537,0.73595
CVE-2015-6645,0.00885,0.26162
CVE-2015-6646,0.00885,0.26162
CVE-2015-6647,0.00885,0.26162
CVE-2015-6654,0.0089,0.2856
CVE-2015-6655,0.08382,0.93597
CVE-2015-6658,0.01955,0.77585
CVE-2015-6659,0.02172,0.79917
CVE-2015-6660,0.01776,0.75902
CVE-2015-6661,0.01974,0.7812
CVE-2015-6662,0.01213,0.6557
CVE-2015-6663,0.01213,0.6557
CVE-2015-6664,0.01213,0.6557
CVE-2015-6665,0.03407,0.83908
CVE-2015-6668,0.01055,0.50287
CVE-2015-6670,0.01055,0.50287
CVE-2015-6671,0.00885,0.26162
CVE-2015-6672,0.01055,0.50287
CVE-2015-6673,0.01183,0.60428
CVE-2015-6674,0.00954,0.34522
CVE-2015-6675,0.01136,0.57949
CVE-2015-6676,0.04631,0.88514
CVE-2015-6677,0.0443,0.87699
CVE-2015-6678,0.04631,0.88514
CVE-2015-6679,0.02686,0.82061
CVE-2015-6680,0.03444,0.84021
CVE-2015-6681,0.03444,0.84021
CVE-2015-6682,0.04631,0.88514
CVE-2015-6683,0.03601,0.84249
CVE-2015-6684,0.03601,0.84249
CVE-2015-6685,0.03444,0.84021
CVE-2015-6686,0.03444,0.84021
CVE-2015-6687,0.05268,0.89299
CVE-2015-6688,0.03601,0.84249
CVE-2015-6689,0.03601,0.84249
CVE-2015-6690,0.03601,0.84249
CVE-2015-6691,0.05268,0.89299
CVE-2015-6692,0.01046,0.41635
CVE-2015-6693,0.03444,0.84021
CVE-2015-6694,0.03444,0.84021
CVE-2015-6695,0.03444,0.84021
CVE-2015-6696,0.03601,0.84249
CVE-2015-6697,0.01126,0.53553
CVE-2015-6698,0.03601,0.84249
CVE-2015-6699,0.01126,0.53553
CVE-2015-6700,0.01126,0.53553
CVE-2015-6701,0.01126,0.53553
CVE-2015-6702,0.01126,0.53553
CVE-2015-6703,0.01126,0.53553
CVE-2015-6704,0.01126,0.53553
CVE-2015-6705,0.01046,0.41635
CVE-2015-6706,0.01046,0.41635
CVE-2015-6707,0.03601,0.84249
CVE-2015-6708,0.03601,0.84249
CVE-2015-6709,0.03601,0.84249
CVE-2015-6710,0.03601,0.84249
CVE-2015-6711,0.03601,0.84249
CVE-2015-6712,0.03601,0.84249
CVE-2015-6713,0.03601,0.84249
CVE-2015-6714,0.03601,0.84249
CVE-2015-6715,0.03601,0.84249
CVE-2015-6716,0.03601,0.84249
CVE-2015-6717,0.03601,0.84249
CVE-2015-6718,0.03601,0.84249
CVE-2015-6719,0.03601,0.84249
CVE-2015-6720,0.03601,0.84249
CVE-2015-6721,0.03601,0.84249
CVE-2015-6722,0.03601,0.84249
CVE-2015-6723,0.03601,0.84249
CVE-2015-6724,0.03601,0.84249
CVE-2015-6725,0.03601,0.84249
CVE-2015-6727,0.01319,0.70416
CVE-2015-6728,0.01319,0.70416
CVE-2015-6729,0.01319,0.70416
CVE-2015-6730,0.01319,0.70416
CVE-2015-6731,0.01319,0.70416
CVE-2015-6732,0.01776,0.75902
CVE-2015-6733,0.01319,0.70416
CVE-2015-6734,0.01319,0.70416
CVE-2015-6735,0.01319,0.70416
CVE-2015-6736,0.01319,0.70416
CVE-2015-6737,0.01319,0.70416
CVE-2015-6742,0.01055,0.50287
CVE-2015-6743,0.01055,0.50287
CVE-2015-6744,0.01055,0.50287
CVE-2015-6745,0.00885,0.26162
CVE-2015-6746,0.01055,0.50287
CVE-2015-6747,0.01055,0.50287
CVE-2015-6748,0.01108,0.53389
CVE-2015-6749,0.01955,0.77585
CVE-2015-6750,0.04611,0.88458
CVE-2015-6751,0.01061,0.51015
CVE-2015-6752,0.01055,0.50287
CVE-2015-6753,0.01055,0.50287
CVE-2015-6754,0.01055,0.50287
CVE-2015-6755,0.02172,0.79917
CVE-2015-6756,0.01408,0.72072
CVE-2015-6757,0.02172,0.79917
CVE-2015-6758,0.01408,0.72072
CVE-2015-6759,0.02172,0.79917
CVE-2015-6760,0.01408,0.72072
CVE-2015-6761,0.03407,0.83908
CVE-2015-6762,0.01537,0.73595
CVE-2015-6763,0.18327,0.96125
CVE-2015-6764,0.02172,0.79917
CVE-2015-6765,0.07544,0.92484
CVE-2015-6766,0.02172,0.79917
CVE-2015-6767,0.02172,0.79917
CVE-2015-6768,0.01974,0.7812
CVE-2015-6769,0.02172,0.79917
CVE-2015-6770,0.01974,0.7812
CVE-2015-6771,0.01974,0.7812
CVE-2015-6772,0.02172,0.79917
CVE-2015-6773,0.02172,0.79917
CVE-2015-6774,0.01974,0.7812
CVE-2015-6775,0.01974,0.7812
CVE-2015-6776,0.01955,0.77585
CVE-2015-6777,0.02172,0.79917
CVE-2015-6778,0.01974,0.7812
CVE-2015-6779,0.01776,0.75902
CVE-2015-6780,0.01776,0.75902
CVE-2015-6781,0.02172,0.79917
CVE-2015-6782,0.01955,0.77585
CVE-2015-6783,0.01183,0.60428
CVE-2015-6784,0.01955,0.77585
CVE-2015-6785,0.01955,0.77585
CVE-2015-6786,0.01955,0.77585
CVE-2015-6787,0.18327,0.96125
CVE-2015-6788,0.01974,0.7812
CVE-2015-6789,0.02172,0.79917
CVE-2015-6790,0.01955,0.77585
CVE-2015-6791,0.02686,0.82061
CVE-2015-6792,0.06698,0.91171
CVE-2015-6805,0.02437,0.80834
CVE-2015-6806,0.01408,0.72072
CVE-2015-6807,0.01061,0.51015
CVE-2015-6808,0.01055,0.50287
CVE-2015-6809,0.02173,0.80027
CVE-2015-6810,0.02437,0.80834
CVE-2015-6811,0.01564,0.74439
CVE-2015-6812,0.01055,0.50287
CVE-2015-6815,0.01547,0.74085
CVE-2015-6816,0.01408,0.72072
CVE-2015-6817,0.01319,0.70416
CVE-2015-6818,0.01213,0.6557
CVE-2015-6819,0.01136,0.57949
CVE-2015-6820,0.01213,0.6557
CVE-2015-6821,0.01213,0.6557
CVE-2015-6822,0.01213,0.6557
CVE-2015-6823,0.01213,0.6557
CVE-2015-6824,0.01213,0.6557
CVE-2015-6825,0.01213,0.6557
CVE-2015-6826,0.01213,0.6557
CVE-2015-6827,0.08382,0.93597
CVE-2015-6828,0.00954,0.34522
CVE-2015-6829,0.01213,0.6557
CVE-2015-6830,0.01408,0.72072
CVE-2015-6831,0.10052,0.9429
CVE-2015-6832,0.05785,0.89924
CVE-2015-6833,0.01213,0.6557
CVE-2015-6834,0.24768,0.96726
CVE-2015-6836,0.06908,0.9183
CVE-2015-6837,0.01319,0.70416
CVE-2015-6838,0.01319,0.70416
CVE-2015-6839,0.01018,0.38792
CVE-2015-6843,0.01136,0.57949
CVE-2015-6844,0.01136,0.57949
CVE-2015-6845,0.01136,0.57949
CVE-2015-6846,0.00954,0.34522
CVE-2015-6847,0.0089,0.2856
CVE-2015-6848,0.01055,0.50287
CVE-2015-6849,0.01055,0.50287
CVE-2015-6850,0.01018,0.38792
CVE-2015-6851,0.01018,0.38792
CVE-2015-6852,0.01132,0.54372
CVE-2015-6853,0.01055,0.50287
CVE-2015-6854,0.01055,0.50287
CVE-2015-6855,0.02686,0.82061
CVE-2015-6856,0.0095,0.30554
CVE-2015-6857,0.25143,0.96828
CVE-2015-6858,0.01136,0.57949
CVE-2015-6859,0.00885,0.26162
CVE-2015-6860,0.00885,0.26162
CVE-2015-6861,0.01055,0.50287
CVE-2015-6862,0.01055,0.50287
CVE-2015-6863,0.02971,0.82794
CVE-2015-6864,0.01801,0.76031
CVE-2015-6867,0.01136,0.57949
CVE-2015-6908,0.18327,0.96125
CVE-2015-6909,0.01319,0.70416
CVE-2015-6910,0.01319,0.70416
CVE-2015-6911,0.01213,0.6557
CVE-2015-6912,0.01213,0.6557
CVE-2015-6913,0.01213,0.6557
CVE-2015-6914,0.01055,0.50287
CVE-2015-6915,0.01055,0.50287
CVE-2015-6918,0.00885,0.26162
CVE-2015-6919,0.01055,0.50287
CVE-2015-6920,0.01055,0.50287
CVE-2015-6921,0.00885,0.26162
CVE-2015-6922,0.80749,0.99497
CVE-2015-6923,0.01832,0.76196
CVE-2015-6925,0.01136,0.57949
CVE-2015-6926,0.01055,0.50287
CVE-2015-6927,0.0095,0.30554
CVE-2015-6928,0.01213,0.6557
CVE-2015-6929,0.01136,0.57949
CVE-2015-6931,0.01055,0.50287
CVE-2015-6932,0.00885,0.26162
CVE-2015-6933,0.0089,0.2856
CVE-2015-6934,0.01055,0.50287
CVE-2015-6937,0.01547,0.74085
CVE-2015-6938,0.01955,0.77585
CVE-2015-6939,0.01136,0.57949
CVE-2015-6940,0.01136,0.57949
CVE-2015-6941,0.01018,0.38792
CVE-2015-6942,0.01055,0.50287
CVE-2015-6943,0.0095,0.30554
CVE-2015-6944,0.01136,0.57949
CVE-2015-6945,0.01136,0.57949
CVE-2015-6946,0.06309,0.90494
CVE-2015-6948,0.08732,0.93655
CVE-2015-6949,0.05822,0.89998
CVE-2015-6959,0.00885,0.26162
CVE-2015-6960,0.00885,0.26162
CVE-2015-6961,0.01055,0.50287
CVE-2015-6962,0.01564,0.74439
CVE-2015-6965,0.02173,0.80027
CVE-2015-6966,0.01136,0.57949
CVE-2015-6968,0.01132,0.54372
CVE-2015-6969,0.01213,0.6557
CVE-2015-6970,0.08382,0.93597
CVE-2015-6971,0.00885,0.26162
CVE-2015-6972,0.02173,0.80027
CVE-2015-6973,0.08944,0.93724
CVE-2015-6974,0.0159,0.7449
CVE-2015-6975,0.03516,0.84101
CVE-2015-6976,0.03397,0.83675
CVE-2015-6977,0.03397,0.83675
CVE-2015-6978,0.04541,0.88278
CVE-2015-6979,0.0159,0.7449
CVE-2015-6980,0.00885,0.26162
CVE-2015-6981,0.02404,0.80737
CVE-2015-6982,0.02404,0.80737
CVE-2015-6983,0.01108,0.53389
CVE-2015-6984,0.00885,0.26162
CVE-2015-6985,0.04587,0.88394
CVE-2015-6986,0.01442,0.72669
CVE-2015-6987,0.00885,0.26162
CVE-2015-6988,0.05315,0.89377
CVE-2015-6989,0.0159,0.7449
CVE-2015-6990,0.03397,0.83675
CVE-2015-6991,0.03397,0.83675
CVE-2015-6992,0.03516,0.84101
CVE-2015-6993,0.03397,0.83675
CVE-2015-6994,0.01108,0.53389
CVE-2015-6995,0.02507,0.80889
CVE-2015-6996,0.02507,0.80889
CVE-2015-6997,0.01108,0.53389
CVE-2015-6999,0.01213,0.6557
CVE-2015-7000,0.01018,0.38792
CVE-2015-7001,0.01537,0.73595
CVE-2015-7002,0.0387,0.84909
CVE-2015-7003,0.0272,0.82083
CVE-2015-7004,0.01018,0.38792
CVE-2015-7005,0.02404,0.80737
CVE-2015-7006,0.05138,0.89052
CVE-2015-7007,0.86678,0.99705
CVE-2015-7008,0.03397,0.83675
CVE-2015-7009,0.03397,0.83675
CVE-2015-7010,0.03397,0.83675
CVE-2015-7011,0.0289,0.82447
CVE-2015-7012,0.03081,0.82978
CVE-2015-7013,0.0289,0.82447
CVE-2015-7014,0.0387,0.84909
CVE-2015-7015,0.0159,0.7449
CVE-2015-7016,0.00885,0.26162
CVE-2015-7017,0.03516,0.84101
CVE-2015-7018,0.03397,0.83675
CVE-2015-7019,0.00885,0.26162
CVE-2015-7020,0.00885,0.26162
CVE-2015-7021,0.00885,0.26162
CVE-2015-7022,0.01018,0.38792
CVE-2015-7023,0.01108,0.53389
CVE-2015-7024,0.00885,0.26162
CVE-2015-7029,0.02585,0.81241
CVE-2015-7030,0.00954,0.34522
CVE-2015-7031,0.01136,0.57949
CVE-2015-7032,0.01213,0.6557
CVE-2015-7033,0.02828,0.82353
CVE-2015-7034,0.02828,0.82353
CVE-2015-7035,0.01108,0.53389
CVE-2015-7036,0.02928,0.82519
CVE-2015-7037,0.00954,0.34522
CVE-2015-7038,0.06827,0.91807
CVE-2015-7039,0.28343,0.97166
CVE-2015-7040,0.01537,0.73595
CVE-2015-7041,0.01537,0.73595
CVE-2015-7042,0.01537,0.73595
CVE-2015-7043,0.01537,0.73595
CVE-2015-7044,0.01442,0.72669
CVE-2015-7045,0.01018,0.38792
CVE-2015-7046,0.01537,0.73595
CVE-2015-7047,0.03534,0.84129
CVE-2015-7048,0.0387,0.84909
CVE-2015-7049,0.0089,0.2856
CVE-2015-7050,0.01319,0.70416
CVE-2015-7051,0.01442,0.72669
CVE-2015-7052,0.0089,0.2856
CVE-2015-7053,0.04541,0.88278
CVE-2015-7054,0.05839,0.90003
CVE-2015-7055,0.01442,0.72669
CVE-2015-7056,0.01136,0.57949
CVE-2015-7057,0.0089,0.2856
CVE-2015-7058,0.01108,0.53389
CVE-2015-7059,0.03516,0.84101
CVE-2015-7060,0.03516,0.84101
CVE-2015-7061,0.03516,0.84101
CVE-2015-7062,0.0095,0.30554
CVE-2015-7063,0.0089,0.2856
CVE-2015-7064,0.0387,0.84909
CVE-2015-7065,0.0289,0.82447
CVE-2015-7066,0.0387,0.84909
CVE-2015-7067,0.0089,0.2856
CVE-2015-7068,0.06549,0.90972
CVE-2015-7069,0.01442,0.72669
CVE-2015-7070,0.01442,0.72669
CVE-2015-7071,0.00954,0.34522
CVE-2015-7072,0.0159,0.7449
CVE-2015-7073,0.04541,0.88278
CVE-2015-7074,0.03397,0.83675
CVE-2015-7075,0.04541,0.88278
CVE-2015-7076,0.0089,0.2856
CVE-2015-7077,0.01832,0.76196
CVE-2015-7078,0.01832,0.76196
CVE-2015-7079,0.01442,0.72669
CVE-2015-7080,0.00954,0.34522
CVE-2015-7081,0.01213,0.6557
CVE-2015-7082,0.01018,0.38792
CVE-2015-7083,0.03534,0.84129
CVE-2015-7084,0.03534,0.84129
CVE-2015-7085,0.02497,0.80877
CVE-2015-7086,0.02497,0.80877
CVE-2015-7087,0.02497,0.80877
CVE-2015-7088,0.02497,0.80877
CVE-2015-7089,0.02497,0.80877
CVE-2015-7090,0.02497,0.80877
CVE-2015-7091,0.02497,0.80877
CVE-2015-7092,0.02497,0.80877
CVE-2015-7093,0.01136,0.57949
CVE-2015-7094,0.01018,0.38792
CVE-2015-7095,0.0387,0.84909
CVE-2015-7096,0.0387,0.84909
CVE-2015-7097,0.0387,0.84909
CVE-2015-7098,0.0387,0.84909
CVE-2015-7099,0.0387,0.84909
CVE-2015-7100,0.0387,0.84909
CVE-2015-7101,0.0387,0.84909
CVE-2015-7102,0.0387,0.84909
CVE-2015-7103,0.0387,0.84909
CVE-2015-7104,0.03081,0.82978
CVE-2015-7105,0.04541,0.88278
CVE-2015-7106,0.01832,0.76196
CVE-2015-7107,0.02828,0.82353
CVE-2015-7108,0.01832,0.76196
CVE-2015-7109,0.01442,0.72669
CVE-2015-7110,0.02115,0.79119
CVE-2015-7111,0.02201,0.80277
CVE-2015-7112,0.06549,0.90972
CVE-2015-7113,0.02147,0.79189
CVE-2015-7115,0.01319,0.70416
CVE-2015-7116,0.01319,0.70416
CVE-2015-7117,0.02497,0.80877
CVE-2015-7174,0.04358,0.87435
CVE-2015-7175,0.04358,0.87435
CVE-2015-7176,0.04358,0.87435
CVE-2015-7177,0.04358,0.87435
CVE-2015-7178,0.0547,0.89492
CVE-2015-7179,0.0547,0.89492
CVE-2015-7180,0.04358,0.87435
CVE-2015-7181,0.08228,0.93218
CVE-2015-7182,0.07312,0.9217
CVE-2015-7183,0.08228,0.93218
CVE-2015-7184,0.01408,0.72072
CVE-2015-7185,0.01213,0.6557
CVE-2015-7186,0.01213,0.6557
CVE-2015-7187,0.01319,0.70416
CVE-2015-7188,0.04358,0.87435
CVE-2015-7189,0.08228,0.93218
CVE-2015-7190,0.01018,0.38792
CVE-2015-7191,0.01108,0.53389
CVE-2015-7192,0.05139,0.89128
CVE-2015-7193,0.04358,0.87435
CVE-2015-7194,0.08228,0.93218
CVE-2015-7195,0.01319,0.70416
CVE-2015-7196,0.08228,0.93218
CVE-2015-7197,0.04358,0.87435
CVE-2015-7198,0.04358,0.87435
CVE-2015-7199,0.04358,0.87435
CVE-2015-7200,0.02686,0.82061
CVE-2015-7201,0.08228,0.93218
CVE-2015-7202,0.08228,0.93218
CVE-2015-7203,0.02172,0.79917
CVE-2015-7204,0.09915,0.94265
CVE-2015-7205,0.03932,0.8519
CVE-2015-7207,0.03779,0.84781
CVE-2015-7208,0.03779,0.84781
CVE-2015-7210,0.12248,0.95092
CVE-2015-7211,0.02172,0.79917
CVE-2015-7212,0.12248,0.95092
CVE-2015-7213,0.09915,0.94265
CVE-2015-7215,0.03779,0.84781
CVE-2015-7216,0.01955,0.77585
CVE-2015-7217,0.01955,0.77585
CVE-2015-7218,0.02172,0.79917
CVE-2015-7219,0.02172,0.79917
CVE-2015-7220,0.02172,0.79917
CVE-2015-7221,0.02172,0.79917
CVE-2015-7222,0.06604,0.91138
CVE-2015-7223,0.01955,0.77585
CVE-2015-7224,0.01055,0.50287
CVE-2015-7225,0.01034,0.39824
CVE-2015-7226,0.01213,0.6557
CVE-2015-7227,0.01055,0.50287
CVE-2015-7228,0.01055,0.50287
CVE-2015-7229,0.01132,0.54372
CVE-2015-7230,0.01055,0.50287
CVE-2015-7231,0.01055,0.50287
CVE-2015-7232,0.01055,0.50287
CVE-2015-7233,0.01055,0.50287
CVE-2015-7234,0.01136,0.57949
CVE-2015-7235,0.01564,0.74439
CVE-2015-7236,0.03779,0.84781
CVE-2015-7237,0.01055,0.50287
CVE-2015-7238,0.00885,0.26162
CVE-2015-7239,0.01213,0.6557
CVE-2015-7241,0.08382,0.93597
CVE-2015-7242,0.01213,0.6557
CVE-2015-7243,0.67374,0.99049
CVE-2015-7244,0.01136,0.57949
CVE-2015-7245,0.01136,0.57949
CVE-2015-7246,0.01136,0.57949
CVE-2015-7247,0.01136,0.57949
CVE-2015-7248,0.01213,0.6557
CVE-2015-7249,0.01132,0.54372
CVE-2015-7250,0.01213,0.6557
CVE-2015-7251,0.01213,0.6557
CVE-2015-7252,0.01213,0.6557
CVE-2015-7253,0.01055,0.50287
CVE-2015-7254,0.10212,0.94357
CVE-2015-7255,0.01136,0.57949
CVE-2015-7256,0.00885,0.26162
CVE-2015-7257,0.01132,0.54372
CVE-2015-7258,0.01132,0.54372
CVE-2015-7259,0.01132,0.54372
CVE-2015-7260,0.00885,0.26162
CVE-2015-7261,0.01055,0.50287
CVE-2015-7262,0.01055,0.50287
CVE-2015-7263,0.01055,0.50287
CVE-2015-7264,0.00885,0.26162
CVE-2015-7265,0.01055,0.50287
CVE-2015-7266,0.01055,0.50287
CVE-2015-7267,0.00885,0.26162
CVE-2015-7268,0.00885,0.26162
CVE-2015-7269,0.00885,0.26162
CVE-2015-7270,0.01055,0.50287
CVE-2015-7271,0.01055,0.50287
CVE-2015-7272,0.01055,0.50287
CVE-2015-7273,0.01055,0.50287
CVE-2015-7274,0.01061,0.51015
CVE-2015-7275,0.01055,0.50287
CVE-2015-7276,0.00885,0.26162
CVE-2015-7277,0.01055,0.50287
CVE-2015-7278,0.01055,0.50287
CVE-2015-7279,0.01055,0.50287
CVE-2015-7280,0.01055,0.50287
CVE-2015-7281,0.01055,0.50287
CVE-2015-7282,0.01055,0.50287
CVE-2015-7283,0.01136,0.57949
CVE-2015-7284,0.01061,0.51015
CVE-2015-7285,0.00954,0.34522
CVE-2015-7286,0.01136,0.57949
CVE-2015-7287,0.01136,0.57949
CVE-2015-7288,0.01136,0.57949
CVE-2015-7289,0.01055,0.50287
CVE-2015-7290,0.01055,0.50287
CVE-2015-7291,0.01055,0.50287
CVE-2015-7292,0.00885,0.26162
CVE-2015-7293,0.08382,0.93597
CVE-2015-7294,0.01213,0.6557
CVE-2015-7295,0.02172,0.79917
CVE-2015-7296,0.01055,0.50287
CVE-2015-7298,0.01055,0.50287
CVE-2015-7299,0.01055,0.50287
CVE-2015-7303,0.07565,0.92532
CVE-2015-7304,0.01055,0.50287
CVE-2015-7305,0.01055,0.50287
CVE-2015-7306,0.01055,0.50287
CVE-2015-7307,0.01055,0.50287
CVE-2015-7309,0.66513,0.99003
CVE-2015-7310,0.01055,0.50287
CVE-2015-7311,0.01282,0.67298
CVE-2015-7312,0.0095,0.30554
CVE-2015-7313,0.01213,0.6557
CVE-2015-7314,0.01213,0.6557
CVE-2015-7315,0.01213,0.6557
CVE-2015-7316,0.01018,0.38792
CVE-2015-7317,0.01132,0.54372
CVE-2015-7318,0.01213,0.6557
CVE-2015-7319,0.01213,0.6557
CVE-2015-7320,0.01213,0.6557
CVE-2015-7322,0.01136,0.57949
CVE-2015-7323,0.01132,0.54372
CVE-2015-7324,0.01136,0.57949
CVE-2015-7326,0.01108,0.53389
CVE-2015-7327,0.01213,0.6557
CVE-2015-7328,0.00885,0.26162
CVE-2015-7330,0.01055,0.50287
CVE-2015-7331,0.02166,0.79253
CVE-2015-7333,0.01036,0.41241
CVE-2015-7334,0.01036,0.41241
CVE-2015-7335,0.01036,0.41241
CVE-2015-7336,0.00885,0.26162
CVE-2015-7337,0.01319,0.70416
CVE-2015-7338,0.00885,0.26162
CVE-2015-7339,0.00885,0.26162
CVE-2015-7340,0.00885,0.26162
CVE-2015-7341,0.00885,0.26162
CVE-2015-7342,0.00885,0.26162
CVE-2015-7343,0.00885,0.26162
CVE-2015-7344,0.00885,0.26162
CVE-2015-7346,0.00954,0.34522
CVE-2015-7347,0.00885,0.26162
CVE-2015-7348,0.01136,0.57949
CVE-2015-7349,0.01136,0.57949
CVE-2015-7357,0.01213,0.6557
CVE-2015-7358,0.02115,0.79119
CVE-2015-7359,0.0095,0.30554
CVE-2015-7360,0.01213,0.6557
CVE-2015-7361,0.01136,0.57949
CVE-2015-7362,0.00885,0.26162
CVE-2015-7363,0.0095,0.30554
CVE-2015-7364,0.01213,0.6557
CVE-2015-7365,0.01213,0.6557
CVE-2015-7366,0.01213,0.6557
CVE-2015-7367,0.01213,0.6557
CVE-2015-7368,0.0095,0.30554
CVE-2015-7369,0.01213,0.6557
CVE-2015-7370,0.01319,0.70416
CVE-2015-7371,0.01213,0.6557
CVE-2015-7372,0.01213,0.6557
CVE-2015-7373,0.01213,0.6557
CVE-2015-7374,0.05822,0.89998
CVE-2015-7375,0.04611,0.88458
CVE-2015-7377,0.01213,0.6557
CVE-2015-7378,0.01832,0.76196
CVE-2015-7381,0.01055,0.50287
CVE-2015-7382,0.01055,0.50287
CVE-2015-7383,0.01055,0.50287
CVE-2015-7384,0.01136,0.57949
CVE-2015-7385,0.01213,0.6557
CVE-2015-7386,0.01055,0.50287
CVE-2015-7387,0.8215,0.99537
CVE-2015-7390,0.01055,0.50287
CVE-2015-7391,0.01055,0.50287
CVE-2015-7392,0.06523,0.90962
CVE-2015-7393,0.00954,0.34522
CVE-2015-7394,0.03941,0.85207
CVE-2015-7395,0.01055,0.50287
CVE-2015-7396,0.01055,0.50287
CVE-2015-7397,0.01213,0.6557
CVE-2015-7398,0.01055,0.50287
CVE-2015-7399,0.01136,0.57949
CVE-2015-7400,0.01132,0.54372
CVE-2015-7401,0.01055,0.50287
CVE-2015-7402,0.01055,0.50287
CVE-2015-7403,0.01018,0.38792
CVE-2015-7404,0.0272,0.82083
CVE-2015-7407,0.01136,0.57949
CVE-2015-7408,0.01055,0.50287
CVE-2015-7409,0.01055,0.50287
CVE-2015-7410,0.00885,0.26162
CVE-2015-7411,0.01061,0.51015
CVE-2015-7412,0.01055,0.50287
CVE-2015-7413,0.01136,0.57949
CVE-2015-7414,0.01055,0.50287
CVE-2015-7415,0.01055,0.50287
CVE-2015-7416,0.01055,0.50287
CVE-2015-7417,0.01132,0.54372
CVE-2015-7418,0.00885,0.26162
CVE-2015-7419,0.01136,0.57949
CVE-2015-7420,0.01213,0.6557
CVE-2015-7421,0.01213,0.6557
CVE-2015-7422,0.00885,0.26162
CVE-2015-7423,0.01061,0.51015
CVE-2015-7424,0.01055,0.50287
CVE-2015-7425,0.02166,0.79253
CVE-2015-7426,0.01055,0.50287
CVE-2015-7427,0.01055,0.50287
CVE-2015-7428,0.01055,0.50287
CVE-2015-7429,0.01055,0.50287
CVE-2015-7430,0.00885,0.26162
CVE-2015-7431,0.01055,0.50287
CVE-2015-7432,0.00885,0.26162
CVE-2015-7433,0.00885,0.26162
CVE-2015-7434,0.00885,0.26162
CVE-2015-7435,0.00885,0.26162
CVE-2015-7436,0.00885,0.26162
CVE-2015-7437,0.00885,0.26162
CVE-2015-7438,0.00885,0.26162
CVE-2015-7439,0.01055,0.50287
CVE-2015-7440,0.00885,0.26162
CVE-2015-7441,0.01132,0.54372
CVE-2015-7442,0.00885,0.26162
CVE-2015-7444,0.00885,0.26162
CVE-2015-7445,0.01061,0.51015
CVE-2015-7446,0.01055,0.50287
CVE-2015-7447,0.01213,0.6557
CVE-2015-7448,0.01055,0.50287
CVE-2015-7449,0.00885,0.26162
CVE-2015-7451,0.01055,0.50287
CVE-2015-7452,0.01055,0.50287
CVE-2015-7453,0.01055,0.50287
CVE-2015-7454,0.01132,0.54372
CVE-2015-7455,0.01055,0.50287
CVE-2015-7456,0.01055,0.50287
CVE-2015-7457,0.01055,0.50287
CVE-2015-7458,0.01055,0.50287
CVE-2015-7459,0.01055,0.50287
CVE-2015-7460,0.01055,0.50287
CVE-2015-7461,0.01055,0.50287
CVE-2015-7462,0.00885,0.26162
CVE-2015-7463,0.01055,0.50287
CVE-2015-7464,0.01055,0.50287
CVE-2015-7465,0.01055,0.50287
CVE-2015-7466,0.01055,0.50287
CVE-2015-7467,0.01055,0.50287
CVE-2015-7468,0.01055,0.50287
CVE-2015-7469,0.01055,0.50287
CVE-2015-7470,0.00885,0.26162
CVE-2015-7471,0.01055,0.50287
CVE-2015-7472,0.01136,0.57949
CVE-2015-7473,0.00885,0.26162
CVE-2015-7474,0.01055,0.50287
CVE-2015-7484,0.01055,0.50287
CVE-2015-7485,0.01055,0.50287
CVE-2015-7486,0.01055,0.50287
CVE-2015-7487,0.00885,0.26162
CVE-2015-7488,0.01055,0.50287
CVE-2015-7489,0.00885,0.26162
CVE-2015-7490,0.01061,0.51015
CVE-2015-7491,0.01055,0.50287
CVE-2015-7492,0.01055,0.50287
CVE-2015-7493,0.00885,0.26162
CVE-2015-7494,0.00885,0.26162
CVE-2015-7496,0.01034,0.39824
CVE-2015-7497,0.02686,0.82061
CVE-2015-7498,0.02686,0.82061
CVE-2015-7499,0.02686,0.82061
CVE-2015-7500,0.02686,0.82061
CVE-2015-7502,0.00954,0.34522
CVE-2015-7503,0.01055,0.50287
CVE-2015-7504,0.01916,0.76514
CVE-2015-7505,0.0144,0.7265
CVE-2015-7506,0.00885,0.26162
CVE-2015-7507,0.00885,0.26162
CVE-2015-7508,0.0144,0.7265
CVE-2015-7509,0.01282,0.67298
CVE-2015-7510,0.00954,0.34522
CVE-2015-7511,0.01537,0.73595
CVE-2015-7512,0.06698,0.91171
CVE-2015-7513,0.01547,0.74085
CVE-2015-7514,0.01132,0.54372
CVE-2015-7515,0.15579,0.95793
CVE-2015-7516,0.01213,0.6557
CVE-2015-7517,0.01213,0.6557
CVE-2015-7518,0.01213,0.6557
CVE-2015-7519,0.01408,0.72072
CVE-2015-7520,0.01055,0.50287
CVE-2015-7521,0.01246,0.66436
CVE-2015-7527,0.07777,0.92953
CVE-2015-7528,0.01213,0.6557
CVE-2015-7529,0.01104,0.52279
CVE-2015-7536,0.01055,0.50287
CVE-2015-7537,0.01136,0.57949
CVE-2015-7538,0.01136,0.57949
CVE-2015-7539,0.15005,0.95687
CVE-2015-7540,0.03779,0.84781
CVE-2015-7541,0.02578,0.8123
CVE-2015-7542,0.01018,0.38792
CVE-2015-7543,0.00885,0.26162
CVE-2015-7544,0.01055,0.50287
CVE-2015-7545,0.10938,0.94483
CVE-2015-7546,0.01132,0.54372
CVE-2015-7548,0.01061,0.51015
CVE-2015-7549,0.01034,0.39824
CVE-2015-7550,0.01547,0.74085
CVE-2015-7552,0.04397,0.87546
CVE-2015-7553,0.00885,0.26162
CVE-2015-7554,0.02686,0.82061
CVE-2015-7555,0.01183,0.60428
CVE-2015-7556,0.01832,0.76196
CVE-2015-7557,0.00954,0.34522
CVE-2015-7558,0.01018,0.38792
CVE-2015-7559,0.00885,0.26162
CVE-2015-7560,0.02528,0.8112
CVE-2015-7561,0.01055,0.50287
CVE-2015-7562,0.01055,0.50287
CVE-2015-7563,0.01055,0.50287
CVE-2015-7564,0.01055,0.50287
CVE-2015-7565,0.01055,0.50287
CVE-2015-7566,0.15579,0.95793
CVE-2015-7567,0.01213,0.6557
CVE-2015-7568,0.01213,0.6557
CVE-2015-7569,0.0095,0.30554
CVE-2015-7570,0.01213,0.6557
CVE-2015-7571,0.04967,0.88942
CVE-2015-7575,0.02686,0.82061
CVE-2015-7577,0.02172,0.79917
CVE-2015-7578,0.01776,0.75902
CVE-2015-7579,0.01776,0.75902
CVE-2015-7580,0.01319,0.70416
CVE-2015-7596,0.0089,0.2856
CVE-2015-7597,0.0089,0.2856
CVE-2015-7598,0.0089,0.2856
CVE-2015-7599,0.03795,0.84827
CVE-2015-7600,0.00885,0.26162
CVE-2015-7601,0.76812,0.99366
CVE-2015-7602,0.76812,0.99366
CVE-2015-7603,0.76812,0.99366
CVE-2015-7604,0.01055,0.50287
CVE-2015-7609,0.01018,0.38792
CVE-2015-7610,0.01319,0.70416
CVE-2015-7611,0.8215,0.99537
CVE-2015-7612,0.01055,0.50287
CVE-2015-7613,0.01547,0.74085
CVE-2015-7614,0.03601,0.84249
CVE-2015-7615,0.03601,0.84249
CVE-2015-7616,0.03601,0.84249
CVE-2015-7617,0.03601,0.84249
CVE-2015-7618,0.03601,0.84249
CVE-2015-7619,0.03601,0.84249
CVE-2015-7620,0.03601,0.84249
CVE-2015-7621,0.03601,0.84249
CVE-2015-7622,0.30342,0.97392
CVE-2015-7623,0.03601,0.84249
CVE-2015-7624,0.01046,0.41635
CVE-2015-7625,0.0443,0.87699
CVE-2015-7626,0.0443,0.87699
CVE-2015-7627,0.0443,0.87699
CVE-2015-7628,0.02172,0.79917
CVE-2015-7629,0.04631,0.88514
CVE-2015-7630,0.0443,0.87699
CVE-2015-7631,0.04631,0.88514
CVE-2015-7632,0.04631,0.88514
CVE-2015-7633,0.0443,0.87699
CVE-2015-7634,0.0443,0.87699
CVE-2015-7635,0.03601,0.84249
CVE-2015-7636,0.03601,0.84249
CVE-2015-7637,0.03601,0.84249
CVE-2015-7638,0.03601,0.84249
CVE-2015-7639,0.03601,0.84249
CVE-2015-7640,0.03601,0.84249
CVE-2015-7641,0.03601,0.84249
CVE-2015-7642,0.03601,0.84249
CVE-2015-7643,0.04631,0.88514
CVE-2015-7644,0.04631,0.88514
CVE-2015-7645,0.82085,0.99531
CVE-2015-7647,0.46962,0.98444
CVE-2015-7648,0.46962,0.98444
CVE-2015-7649,0.05268,0.89299
CVE-2015-7650,0.05268,0.89299
CVE-2015-7651,0.04219,0.86801
CVE-2015-7652,0.87556,0.99763
CVE-2015-7653,0.04219,0.86801
CVE-2015-7654,0.04219,0.86801
CVE-2015-7655,0.04219,0.86801
CVE-2015-7656,0.04219,0.86801
CVE-2015-7657,0.04219,0.86801
CVE-2015-7658,0.04219,0.86801
CVE-2015-7659,0.04219,0.86801
CVE-2015-7660,0.04219,0.86801
CVE-2015-7661,0.04219,0.86801
CVE-2015-7662,0.01319,0.70416
CVE-2015-7663,0.03961,0.85248
CVE-2015-7665,0.01183,0.60428
CVE-2015-7666,0.01213,0.6557
CVE-2015-7667,0.01136,0.57949
CVE-2015-7668,0.01136,0.57949
CVE-2015-7669,0.01136,0.57949
CVE-2015-7670,0.01136,0.57949
CVE-2015-7672,0.0095,0.30554
CVE-2015-7673,0.06604,0.91138
CVE-2015-7674,0.06604,0.91138
CVE-2015-7675,0.01132,0.54372
CVE-2015-7676,0.01132,0.54372
CVE-2015-7677,0.01132,0.54372
CVE-2015-7678,0.01136,0.57949
CVE-2015-7679,0.01213,0.6557
CVE-2015-7680,0.01213,0.6557
CVE-2015-7682,0.0095,0.30554
CVE-2015-7683,0.0095,0.30554
CVE-2015-7684,0.05302,0.89375
CVE-2015-7685,0.01061,0.51015
CVE-2015-7686,0.01136,0.57949
CVE-2015-7687,0.0455,0.88291
CVE-2015-7691,0.02172,0.79917
CVE-2015-7692,0.02172,0.79917
CVE-2015-7695,0.01319,0.70416
CVE-2015-7696,0.06604,0.91138
CVE-2015-7697,0.01776,0.75902
CVE-2015-7698,0.01055,0.50287
CVE-2015-7699,0.05302,0.89375
CVE-2015-7700,0.00885,0.26162
CVE-2015-7701,0.02172,0.79917
CVE-2015-7702,0.01649,0.75017
CVE-2015-7703,0.02172,0.79917
CVE-2015-7704,0.04358,0.87435
CVE-2015-7705,0.04358,0.87435
CVE-2015-7706,0.01213,0.6557
CVE-2015-7707,0.08621,0.9364
CVE-2015-7708,0.01055,0.50287
CVE-2015-7709,0.7962,0.99468
CVE-2015-7711,0.01213,0.6557
CVE-2015-7712,0.01132,0.54372
CVE-2015-7713,0.01319,0.70416
CVE-2015-7714,0.01564,0.74439
CVE-2015-7715,0.08382,0.93597
CVE-2015-7716,0.04611,0.88458
CVE-2015-7717,0.00885,0.26162
CVE-2015-7718,0.00885,0.26162
CVE-2015-7723,0.0095,0.30554
CVE-2015-7724,0.0095,0.30554
CVE-2015-7725,0.02186,0.8012
CVE-2015-7726,0.01061,0.51015
CVE-2015-7727,0.01232,0.66248
CVE-2015-7728,0.01061,0.51015
CVE-2015-7729,0.01132,0.54372
CVE-2015-7730,0.01213,0.6557
CVE-2015-7731,0.00885,0.26162
CVE-2015-7732,0.00885,0.26162
CVE-2015-7740,0.00885,0.26162
CVE-2015-7743,0.01055,0.50287
CVE-2015-7744,0.01974,0.7812
CVE-2015-7746,0.01055,0.50287
CVE-2015-7747,0.03795,0.8483
CVE-2015-7748,0.01136,0.57949
CVE-2015-7749,0.01055,0.50287
CVE-2015-7750,0.01055,0.50287
CVE-2015-7751,0.00885,0.26162
CVE-2015-7752,0.01055,0.50287
CVE-2015-7754,0.03795,0.84827
CVE-2015-7758,0.01034,0.39824
CVE-2015-7759,0.01055,0.50287
CVE-2015-7760,0.01213,0.6557
CVE-2015-7761,0.00954,0.34522
CVE-2015-7762,0.01213,0.6557
CVE-2015-7763,0.01213,0.6557
CVE-2015-7764,0.00954,0.34522
CVE-2015-7766,0.01775,0.75672
CVE-2015-7767,0.10431,0.94373
CVE-2015-7768,0.75644,0.99327
CVE-2015-7769,0.01061,0.51015
CVE-2015-7770,0.01136,0.57949
CVE-2015-7771,0.01136,0.57949
CVE-2015-7772,0.01136,0.57949
CVE-2015-7773,0.01061,0.51015
CVE-2015-7774,0.01061,0.51015
CVE-2015-7775,0.01061,0.51015
CVE-2015-7776,0.01319,0.70416
CVE-2015-7777,0.01136,0.57949
CVE-2015-7778,0.01136,0.57949
CVE-2015-7780,0.00885,0.26162
CVE-2015-7781,0.00885,0.26162
CVE-2015-7782,0.01055,0.50287
CVE-2015-7783,0.01136,0.57949
CVE-2015-7784,0.01132,0.54372
CVE-2015-7785,0.00885,0.26162
CVE-2015-7786,0.01213,0.6557
CVE-2015-7787,0.01136,0.57949
CVE-2015-7788,0.01136,0.57949
CVE-2015-7789,0.01136,0.57949
CVE-2015-7790,0.01136,0.57949
CVE-2015-7791,0.01132,0.54372
CVE-2015-7792,0.01213,0.6557
CVE-2015-7793,0.01136,0.57949
CVE-2015-7794,0.01136,0.57949
CVE-2015-7795,0.01319,0.70416
CVE-2015-7796,0.01319,0.70416
CVE-2015-7797,0.01319,0.70416
CVE-2015-7798,0.01319,0.70416
CVE-2015-7799,0.01547,0.74085
CVE-2015-7801,0.05593,0.89561
CVE-2015-7802,0.01136,0.57949
CVE-2015-7803,0.03407,0.83908
CVE-2015-7804,0.01955,0.77585
CVE-2015-7805,0.18327,0.96125
CVE-2015-7806,0.05785,0.89924
CVE-2015-7808,0.8215,0.99537
CVE-2015-7809,0.07777,0.92953
CVE-2015-7810,0.0095,0.30554
CVE-2015-7812,0.01034,0.39824
CVE-2015-7813,0.01034,0.39824
CVE-2015-7814,0.01034,0.39824
CVE-2015-7815,0.01213,0.6557
CVE-2015-7816,0.01213,0.6557
CVE-2015-7817,0.01055,0.50287
CVE-2015-7818,0.00885,0.26162
CVE-2015-7819,0.01055,0.50287
CVE-2015-7820,0.01055,0.50287
CVE-2015-7822,0.01055,0.50287
CVE-2015-7823,0.01055,0.50287
CVE-2015-7824,0.01055,0.50287
CVE-2015-7825,0.01055,0.50287
CVE-2015-7826,0.01055,0.50287
CVE-2015-7827,0.01213,0.6557
CVE-2015-7828,0.06523,0.90962
CVE-2015-7829,0.01052,0.41643
CVE-2015-7830,0.02172,0.79917
CVE-2015-7831,0.00885,0.26162
CVE-2015-7833,0.02686,0.82061
CVE-2015-7834,0.00954,0.34522
CVE-2015-7835,0.01282,0.67298
CVE-2015-7836,0.01136,0.57949
CVE-2015-7837,0.01034,0.39824
CVE-2015-7838,0.01055,0.50287
CVE-2015-7839,0.01055,0.50287
CVE-2015-7840,0.05822,0.89998
CVE-2015-7841,0.01055,0.50287
CVE-2015-7842,0.01055,0.50287
CVE-2015-7843,0.01055,0.50287
CVE-2015-7844,0.00885,0.26162
CVE-2015-7845,0.01055,0.50287
CVE-2015-7846,0.00885,0.26162
CVE-2015-7847,0.00885,0.26162
CVE-2015-7848,0.01018,0.38792
CVE-2015-7849,0.0418,0.85433
CVE-2015-7850,0.01232,0.66248
CVE-2015-7851,0.01061,0.51015
CVE-2015-7852,0.01974,0.7812
CVE-2015-7853,0.07312,0.9217
CVE-2015-7854,0.0418,0.85433
CVE-2015-7855,0.17731,0.96058
CVE-2015-7856,0.01055,0.50287
CVE-2015-7859,0.01055,0.50287
CVE-2015-7860,0.06523,0.90962
CVE-2015-7861,0.06523,0.90962
CVE-2015-7862,0.01055,0.50287
CVE-2015-7863,0.01055,0.50287
CVE-2015-7865,0.06298,0.90363
CVE-2015-7866,0.0089,0.2856
CVE-2015-7869,0.0095,0.30554
CVE-2015-7871,0.60019,0.98839
CVE-2015-7872,0.01547,0.74085
CVE-2015-7873,0.01408,0.72072
CVE-2015-7874,0.0301,0.82822
CVE-2015-7875,0.00954,0.34522
CVE-2015-7876,0.01213,0.6557
CVE-2015-7877,0.01055,0.50287
CVE-2015-7878,0.01055,0.50287
CVE-2015-7879,0.01132,0.54372
CVE-2015-7880,0.01132,0.54372
CVE-2015-7881,0.01055,0.50287
CVE-2015-7882,0.00885,0.26162
CVE-2015-7884,0.01282,0.67298
CVE-2015-7885,0.01791,0.76026
CVE-2015-7886,0.01055,0.50287
CVE-2015-7887,0.01055,0.50287
CVE-2015-7888,0.01136,0.57949
CVE-2015-7889,0.02808,0.8233
CVE-2015-7890,0.01832,0.76196
CVE-2015-7891,0.01832,0.76196
CVE-2015-7892,0.01832,0.76196
CVE-2015-7893,0.08944,0.93724
CVE-2015-7894,0.09004,0.93731
CVE-2015-7895,0.01832,0.76196
CVE-2015-7896,0.08382,0.93597
CVE-2015-7897,0.08382,0.93597
CVE-2015-7898,0.01832,0.76196
CVE-2015-7899,0.01055,0.50287
CVE-2015-7900,0.01055,0.50287
CVE-2015-7901,0.08078,0.93055
CVE-2015-7902,0.01055,0.50287
CVE-2015-7903,0.01055,0.50287
CVE-2015-7904,0.01055,0.50287
CVE-2015-7905,0.01213,0.6557
CVE-2015-7906,0.01055,0.50287
CVE-2015-7907,0.01055,0.50287
CVE-2015-7908,0.01055,0.50287
CVE-2015-7909,0.01055,0.50287
CVE-2015-7910,0.01055,0.50287
CVE-2015-7911,0.01055,0.50287
CVE-2015-7912,0.01055,0.50287
CVE-2015-7913,0.00885,0.26162
CVE-2015-7914,0.01055,0.50287
CVE-2015-7915,0.01055,0.50287
CVE-2015-7916,0.01055,0.50287
CVE-2015-7917,0.00885,0.26162
CVE-2015-7918,0.09915,0.94265
CVE-2015-7919,0.01055,0.50287
CVE-2015-7921,0.01055,0.50287
CVE-2015-7923,0.00885,0.26162
CVE-2015-7924,0.01132,0.54372
CVE-2015-7925,0.01132,0.54372
CVE-2015-7926,0.01132,0.54372
CVE-2015-7927,0.01213,0.6557
CVE-2015-7928,0.01132,0.54372
CVE-2015-7929,0.01132,0.54372
CVE-2015-7930,0.01055,0.50287
CVE-2015-7931,0.00885,0.26162
CVE-2015-7932,0.01055,0.50287
CVE-2015-7934,0.01055,0.50287
CVE-2015-7935,0.01055,0.50287
CVE-2015-7936,0.01055,0.50287
CVE-2015-7937,0.06523,0.90962
CVE-2015-7938,0.01055,0.50287
CVE-2015-7939,0.02092,0.7905
CVE-2015-7940,0.04358,0.87435
CVE-2015-7941,0.02686,0.82061
CVE-2015-7942,0.02686,0.82061
CVE-2015-7943,0.01213,0.6557
CVE-2015-7944,0.02172,0.79917
CVE-2015-7945,0.02172,0.79917
CVE-2015-7946,0.00885,0.26162
CVE-2015-7961,0.0089,0.2856
CVE-2015-7962,0.0089,0.2856
CVE-2015-7963,0.0089,0.2856
CVE-2015-7964,0.0089,0.2856
CVE-2015-7965,0.0089,0.2856
CVE-2015-7966,0.0089,0.2856
CVE-2015-7967,0.0089,0.2856
CVE-2015-7968,0.00885,0.26162
CVE-2015-7969,0.01282,0.67298
CVE-2015-7970,0.01282,0.67298
CVE-2015-7971,0.01282,0.67298
CVE-2015-7972,0.01282,0.67298
CVE-2015-7973,0.02686,0.82061
CVE-2015-7974,0.02186,0.8012
CVE-2015-7975,0.02686,0.82061
CVE-2015-7976,0.01547,0.74085
CVE-2015-7977,0.04358,0.87435
CVE-2015-7978,0.04358,0.87435
CVE-2015-7979,0.04358,0.87435
CVE-2015-7980,0.01213,0.6557
CVE-2015-7981,0.04358,0.87435
CVE-2015-7984,0.10212,0.94357
CVE-2015-7985,0.01832,0.76196
CVE-2015-7986,0.16145,0.959
CVE-2015-7987,0.01213,0.6557
CVE-2015-7988,0.02585,0.81241
CVE-2015-7989,0.01315,0.67456
CVE-2015-7990,0.01547,0.74085
CVE-2015-7991,0.01136,0.57949
CVE-2015-7992,0.01132,0.54372
CVE-2015-7993,0.06523,0.90962
CVE-2015-7994,0.06523,0.90962
CVE-2015-7995,0.02686,0.82061
CVE-2015-7996,0.00885,0.26162
CVE-2015-7997,0.01055,0.50287
CVE-2015-7998,0.00885,0.26162
CVE-2015-7999,0.01061,0.51015
CVE-2015-8000,0.26383,0.96972
CVE-2015-8001,0.01061,0.51015
CVE-2015-8002,0.01061,0.51015
CVE-2015-8003,0.01061,0.51015
CVE-2015-8004,0.01061,0.51015
CVE-2015-8005,0.01136,0.57949
CVE-2015-8006,0.01136,0.57949
CVE-2015-8007,0.01061,0.51015
CVE-2015-8008,0.01537,0.73595
CVE-2015-8009,0.00954,0.34522
CVE-2015-8010,0.01213,0.6557
CVE-2015-8011,0.04717,0.88671
CVE-2015-8012,0.01213,0.6557
CVE-2015-8013,0.01136,0.57949
CVE-2015-8019,0.01282,0.67298
CVE-2015-8020,0.00954,0.34522
CVE-2015-8021,0.01061,0.51015
CVE-2015-8022,0.01055,0.50287
CVE-2015-8023,0.01319,0.70416
CVE-2015-8024,0.01136,0.57949
CVE-2015-8025,0.01282,0.67298
CVE-2015-8026,0.03899,0.84942
CVE-2015-8027,0.01319,0.70416
CVE-2015-8028,0.05629,0.89602
CVE-2015-8029,0.04611,0.88458
CVE-2015-8030,0.06309,0.90494
CVE-2015-8031,0.00954,0.34522
CVE-2015-8032,0.00885,0.26162
CVE-2015-8033,0.00885,0.26162
CVE-2015-8034,0.00885,0.26162
CVE-2015-8035,0.02686,0.82061
CVE-2015-8036,0.03073,0.82961
CVE-2015-8037,0.01055,0.50287
CVE-2015-8038,0.01055,0.50287
CVE-2015-8039,0.06309,0.90494
CVE-2015-8040,0.05629,0.89602
CVE-2015-8041,0.01408,0.72072
CVE-2015-8042,0.04219,0.86801
CVE-2015-8043,0.46962,0.98444
CVE-2015-8044,0.87556,0.99763
CVE-2015-8045,0.03788,0.84809
CVE-2015-8046,0.52432,0.98673
CVE-2015-8047,0.03788,0.84809
CVE-2015-8048,0.52432,0.98673
CVE-2015-8049,0.04219,0.86801
CVE-2015-8050,0.04219,0.86801
CVE-2015-8051,0.01202,0.60495
CVE-2015-8052,0.01136,0.57949
CVE-2015-8053,0.01136,0.57949
CVE-2015-8055,0.03961,0.85248
CVE-2015-8056,0.03961,0.85248
CVE-2015-8057,0.03961,0.85248
CVE-2015-8058,0.03961,0.85248
CVE-2015-8059,0.03961,0.85248
CVE-2015-8060,0.03788,0.84809
CVE-2015-8061,0.03961,0.85248
CVE-2015-8062,0.03961,0.85248
CVE-2015-8063,0.03961,0.85248
CVE-2015-8064,0.03961,0.85248
CVE-2015-8065,0.03961,0.85248
CVE-2015-8066,0.03961,0.85248
CVE-2015-8067,0.03961,0.85248
CVE-2015-8068,0.03961,0.85248
CVE-2015-8069,0.03961,0.85248
CVE-2015-8070,0.03961,0.85248
CVE-2015-8071,0.03961,0.85248
CVE-2015-8072,0.04611,0.88458
CVE-2015-8073,0.04611,0.88458
CVE-2015-8074,0.01055,0.50287
CVE-2015-8076,0.02172,0.79917
CVE-2015-8077,0.02172,0.79917
CVE-2015-8078,0.01319,0.70416
CVE-2015-8079,0.00954,0.34522
CVE-2015-8080,0.01537,0.73595
CVE-2015-8081,0.01055,0.50287
CVE-2015-8082,0.01213,0.6557
CVE-2015-8083,0.01055,0.50287
CVE-2015-8084,0.01055,0.50287
CVE-2015-8085,0.01055,0.50287
CVE-2015-8086,0.01055,0.50287
CVE-2015-8087,0.01055,0.50287
CVE-2015-8089,0.00885,0.26162
CVE-2015-8090,0.01055,0.50287
CVE-2015-8094,0.01213,0.6557
CVE-2015-8095,0.01055,0.50287
CVE-2015-8096,0.06523,0.90962
CVE-2015-8098,0.02065,0.78945
CVE-2015-8099,0.01136,0.57949
CVE-2015-8100,0.0089,0.2856
CVE-2015-8104,0.01547,0.74085
CVE-2015-8105,0.01132,0.54372
CVE-2015-8106,0.06681,0.91157
CVE-2015-8107,0.01765,0.75587
CVE-2015-8108,0.01055,0.50287
CVE-2015-8109,0.0089,0.2856
CVE-2015-8110,0.0089,0.2856
CVE-2015-8113,0.00885,0.26162
CVE-2015-8124,0.01319,0.70416
CVE-2015-8125,0.01213,0.6557
CVE-2015-8126,0.04358,0.87435
CVE-2015-8131,0.01055,0.50287
CVE-2015-8138,0.04358,0.87435
CVE-2015-8139,0.03779,0.84781
CVE-2015-8140,0.03779,0.84781
CVE-2015-8148,0.01136,0.57949
CVE-2015-8149,0.01136,0.57949
CVE-2015-8150,0.0089,0.2856
CVE-2015-8151,0.01061,0.51015
CVE-2015-8152,0.04538,0.88275
CVE-2015-8153,0.01061,0.51015
CVE-2015-8154,0.05593,0.89561
CVE-2015-8156,0.00885,0.26162
CVE-2015-8157,0.01055,0.50287
CVE-2015-8158,0.02172,0.79917
CVE-2015-8212,0.02166,0.79253
CVE-2015-8213,0.03779,0.84781
CVE-2015-8214,0.01018,0.38792
CVE-2015-8215,0.02686,0.82061
CVE-2015-8216,0.01136,0.57949
CVE-2015-8217,0.01136,0.57949
CVE-2015-8218,0.01055,0.50287
CVE-2015-8219,0.01055,0.50287
CVE-2015-8220,0.05822,0.89998
CVE-2015-8221,0.06523,0.90962
CVE-2015-8222,0.0089,0.2856
CVE-2015-8223,0.00885,0.26162
CVE-2015-8224,0.01055,0.50287
CVE-2015-8225,0.01055,0.50287
CVE-2015-8226,0.01055,0.50287
CVE-2015-8227,0.00885,0.26162
CVE-2015-8228,0.01055,0.50287
CVE-2015-8229,0.01055,0.50287
CVE-2015-8230,0.01055,0.50287
CVE-2015-8231,0.01055,0.50287
CVE-2015-8232,0.01055,0.50287
CVE-2015-8233,0.00954,0.34522
CVE-2015-8234,0.01136,0.57949
CVE-2015-8235,0.01018,0.38792
CVE-2015-8236,0.04611,0.88458
CVE-2015-8240,0.01055,0.50287
CVE-2015-8241,0.02686,0.82061
CVE-2015-8242,0.02686,0.82061
CVE-2015-8247,0.01136,0.57949
CVE-2015-8249,0.7962,0.99468
CVE-2015-8251,0.01018,0.38792
CVE-2015-8252,0.01055,0.50287
CVE-2015-8253,0.01055,0.50287
CVE-2015-8254,0.00885,0.26162
CVE-2015-8255,0.08382,0.93597
CVE-2015-8256,0.02173,0.80027
CVE-2015-8257,0.08078,0.93055
CVE-2015-8258,0.08382,0.93597
CVE-2015-8261,0.01564,0.74439
CVE-2015-8262,0.01055,0.50287
CVE-2015-8263,0.01055,0.50287
CVE-2015-8264,0.04967,0.88942
CVE-2015-8265,0.01136,0.57949
CVE-2015-8267,0.01136,0.57949
CVE-2015-8268,0.01136,0.57949
CVE-2015-8269,0.01061,0.51015
CVE-2015-8270,0.00954,0.34522
CVE-2015-8271,0.02578,0.8123
CVE-2015-8272,0.01136,0.57949
CVE-2015-8275,0.00885,0.26162
CVE-2015-8276,0.00885,0.26162
CVE-2015-8280,0.01055,0.50287
CVE-2015-8281,0.00885,0.26162
CVE-2015-8282,0.00954,0.34522
CVE-2015-8283,0.0089,0.2856
CVE-2015-8284,0.0089,0.2856
CVE-2015-8285,0.08382,0.93597
CVE-2015-8286,0.01319,0.70416
CVE-2015-8287,0.01055,0.50287
CVE-2015-8288,0.01055,0.50287
CVE-2015-8289,0.01055,0.50287
CVE-2015-8298,0.01136,0.57949
CVE-2015-8300,0.0089,0.2856
CVE-2015-8303,0.00885,0.26162
CVE-2015-8304,0.01055,0.50287
CVE-2015-8305,0.00885,0.26162
CVE-2015-8306,0.01525,0.72834
CVE-2015-8307,0.00885,0.26162
CVE-2015-8308,0.00885,0.26162
CVE-2015-8309,0.08621,0.9364
CVE-2015-8310,0.01132,0.54372
CVE-2015-8312,0.0089,0.2856
CVE-2015-8313,0.01108,0.53389
CVE-2015-8315,0.01018,0.38792
CVE-2015-8316,0.01136,0.57949
CVE-2015-8317,0.02686,0.82061
CVE-2015-8318,0.00885,0.26162
CVE-2015-8319,0.00885,0.26162
CVE-2015-8320,0.01246,0.66436
CVE-2015-8322,0.02166,0.79253
CVE-2015-8324,0.01108,0.53389
CVE-2015-8325,0.01282,0.67298
CVE-2015-8326,0.0095,0.30554
CVE-2015-8327,0.03779,0.84781
CVE-2015-8328,0.00885,0.26162
CVE-2015-8329,0.00954,0.34522
CVE-2015-8330,0.01213,0.6557
CVE-2015-8331,0.01055,0.50287
CVE-2015-8332,0.01055,0.50287
CVE-2015-8333,0.01055,0.50287
CVE-2015-8334,0.01055,0.50287
CVE-2015-8335,0.01055,0.50287
CVE-2015-8336,0.01055,0.50287
CVE-2015-8337,0.01055,0.50287
CVE-2015-8338,0.0095,0.30554
CVE-2015-8339,0.01034,0.39824
CVE-2015-8340,0.01034,0.39824
CVE-2015-8341,0.01018,0.38792
CVE-2015-8345,0.01034,0.39824
CVE-2015-8346,0.01213,0.6557
CVE-2015-8349,0.01055,0.50287
CVE-2015-8350,0.01213,0.6557
CVE-2015-8351,0.08944,0.93724
CVE-2015-8352,0.08382,0.93597
CVE-2015-8353,0.01213,0.6557
CVE-2015-8354,0.01213,0.6557
CVE-2015-8355,0.01055,0.50287
CVE-2015-8356,0.01564,0.74439
CVE-2015-8357,0.08621,0.9364
CVE-2015-8358,0.07804,0.92959
CVE-2015-8360,0.01213,0.6557
CVE-2015-8361,0.01213,0.6557
CVE-2015-8362,0.01974,0.7812
CVE-2015-8363,0.01136,0.57949
CVE-2015-8364,0.01213,0.6557
CVE-2015-8365,0.01213,0.6557
CVE-2015-8366,0.02509,0.81058
CVE-2015-8367,0.02509,0.81058
CVE-2015-8368,0.08078,0.93055
CVE-2015-8369,0.01319,0.70416
CVE-2015-8370,0.01547,0.74085
CVE-2015-8373,0.01136,0.57949
CVE-2015-8374,0.02686,0.82061
CVE-2015-8375,0.0095,0.30554
CVE-2015-8376,0.01055,0.50287
CVE-2015-8377,0.01132,0.54372
CVE-2015-8378,0.00885,0.26162
CVE-2015-8379,0.01319,0.70416
CVE-2015-8380,0.01408,0.72072
CVE-2015-8381,0.01974,0.7812
CVE-2015-8382,0.01974,0.7812
CVE-2015-8383,0.01408,0.72072
CVE-2015-8384,0.01319,0.70416
CVE-2015-8385,0.02172,0.79917
CVE-2015-8386,0.02172,0.79917
CVE-2015-8387,0.01319,0.70416
CVE-2015-8388,0.02172,0.79917
CVE-2015-8389,0.01319,0.70416
CVE-2015-8390,0.01319,0.70416
CVE-2015-8391,0.02172,0.79917
CVE-2015-8392,0.01319,0.70416
CVE-2015-8393,0.01319,0.70416
CVE-2015-8394,0.01319,0.70416
CVE-2015-8395,0.01319,0.70416
CVE-2015-8396,0.18509,0.96126
CVE-2015-8397,0.01319,0.70416
CVE-2015-8398,0.01055,0.50287
CVE-2015-8399,0.01055,0.50287
CVE-2015-8400,0.01319,0.70416
CVE-2015-8401,0.03961,0.85248
CVE-2015-8402,0.03961,0.85248
CVE-2015-8403,0.03961,0.85248
CVE-2015-8404,0.03961,0.85248
CVE-2015-8405,0.03961,0.85248
CVE-2015-8406,0.03961,0.85248
CVE-2015-8407,0.03961,0.85248
CVE-2015-8408,0.03788,0.84809
CVE-2015-8409,0.01308,0.67354
CVE-2015-8410,0.52432,0.98673
CVE-2015-8411,0.52432,0.98673
CVE-2015-8412,0.52432,0.98673
CVE-2015-8413,0.52432,0.98673
CVE-2015-8414,0.03961,0.85248
CVE-2015-8415,0.04631,0.88514
CVE-2015-8416,0.0443,0.87699
CVE-2015-8417,0.0443,0.87699
CVE-2015-8418,0.0443,0.87699
CVE-2015-8419,0.0443,0.87699
CVE-2015-8420,0.87556,0.99763
CVE-2015-8421,0.87556,0.99763
CVE-2015-8422,0.87556,0.99763
CVE-2015-8423,0.87556,0.99763
CVE-2015-8424,0.87556,0.99763
CVE-2015-8425,0.87556,0.99763
CVE-2015-8426,0.87556,0.99763
CVE-2015-8427,0.87556,0.99763
CVE-2015-8428,0.87556,0.99763
CVE-2015-8429,0.87556,0.99763
CVE-2015-8430,0.87556,0.99763
CVE-2015-8431,0.87556,0.99763
CVE-2015-8432,0.04631,0.88514
CVE-2015-8433,0.04631,0.88514
CVE-2015-8434,0.87556,0.99763
CVE-2015-8435,0.04631,0.88514
CVE-2015-8436,0.04631,0.88514
CVE-2015-8437,0.04631,0.88514
CVE-2015-8438,0.04631,0.88514
CVE-2015-8439,0.04631,0.88514
CVE-2015-8440,0.01537,0.73595
CVE-2015-8441,0.04631,0.88514
CVE-2015-8442,0.04631,0.88514
CVE-2015-8443,0.0443,0.87699
CVE-2015-8444,0.0443,0.87699
CVE-2015-8445,0.04631,0.88514
CVE-2015-8446,0.04631,0.88514
CVE-2015-8447,0.04631,0.88514
CVE-2015-8448,0.04631,0.88514
CVE-2015-8449,0.04631,0.88514
CVE-2015-8450,0.04631,0.88514
CVE-2015-8451,0.0443,0.87699
CVE-2015-8452,0.04631,0.88514
CVE-2015-8453,0.01537,0.73595
CVE-2015-8454,0.04631,0.88514
CVE-2015-8455,0.0443,0.87699
CVE-2015-8456,0.03961,0.85248
CVE-2015-8457,0.03961,0.85248
CVE-2015-8458,0.03601,0.84249
CVE-2015-8459,0.03919,0.84991
CVE-2015-8460,0.03919,0.84991
CVE-2015-8461,0.03082,0.82981
CVE-2015-8466,0.01213,0.6557
CVE-2015-8467,0.02186,0.8012
CVE-2015-8470,0.01055,0.50287
CVE-2015-8472,0.04358,0.87435
CVE-2015-8473,0.01232,0.66248
CVE-2015-8474,0.01213,0.6557
CVE-2015-8476,0.01183,0.60428
CVE-2015-8477,0.01213,0.6557
CVE-2015-8478,0.00885,0.26162
CVE-2015-8479,0.00885,0.26162
CVE-2015-8480,0.01055,0.50287
CVE-2015-8481,0.01061,0.51015
CVE-2015-8482,0.00885,0.26162
CVE-2015-8483,0.01136,0.57949
CVE-2015-8484,0.01061,0.51015
CVE-2015-8485,0.01061,0.51015
CVE-2015-8486,0.01061,0.51015
CVE-2015-8487,0.01136,0.57949
CVE-2015-8488,0.01136,0.57949
CVE-2015-8489,0.01061,0.51015
CVE-2015-8504,0.01315,0.67456
CVE-2015-8505,0.03977,0.85263
CVE-2015-8506,0.03977,0.85263
CVE-2015-8507,0.03977,0.85263
CVE-2015-8508,0.01319,0.70416
CVE-2015-8509,0.01232,0.66248
CVE-2015-8510,0.01055,0.50287
CVE-2015-8511,0.00885,0.26162
CVE-2015-8512,0.00885,0.26162
CVE-2015-8519,0.02166,0.79253
CVE-2015-8520,0.02166,0.79253
CVE-2015-8521,0.02166,0.79253
CVE-2015-8522,0.02166,0.79253
CVE-2015-8523,0.01055,0.50287
CVE-2015-8524,0.01136,0.57949
CVE-2015-8530,0.04538,0.88275
CVE-2015-8531,0.01055,0.50287
CVE-2015-8534,0.01036,0.41241
CVE-2015-8535,0.01036,0.41241
CVE-2015-8536,0.00885,0.26162
CVE-2015-8537,0.01136,0.57949
CVE-2015-8538,0.00885,0.26162
CVE-2015-8539,0.01547,0.74085
CVE-2015-8540,0.03932,0.8519
CVE-2015-8542,0.0089,0.2856
CVE-2015-8544,0.01055,0.50287
CVE-2015-8546,0.01156,0.60033
CVE-2015-8547,0.01319,0.70416
CVE-2015-8548,0.00954,0.34522
CVE-2015-8549,0.01213,0.6557
CVE-2015-8550,0.01282,0.67298
CVE-2015-8551,0.01282,0.67298
CVE-2015-8552,0.01282,0.67298
CVE-2015-8553,0.0089,0.2856
CVE-2015-8554,0.01034,0.39824
CVE-2015-8555,0.01108,0.53389
CVE-2015-8556,0.07571,0.92534
CVE-2015-8557,0.01974,0.7812
CVE-2015-8558,0.01282,0.67298
CVE-2015-8559,0.01018,0.38792
CVE-2015-8560,0.02172,0.79917
CVE-2015-8561,0.04967,0.88981
CVE-2015-8563,0.01055,0.50287
CVE-2015-8564,0.01055,0.50287
CVE-2015-8565,0.01055,0.50287
CVE-2015-8566,0.05822,0.89998
CVE-2015-8567,0.02186,0.8012
CVE-2015-8568,0.01034,0.39824
CVE-2015-8569,0.01791,0.76026
CVE-2015-8570,0.01055,0.50287
CVE-2015-8571,0.06309,0.90494
CVE-2015-8572,0.07525,0.92398
CVE-2015-8575,0.02686,0.82061
CVE-2015-8577,0.0095,0.30554
CVE-2015-8578,0.01018,0.38792
CVE-2015-8579,0.00954,0.34522
CVE-2015-8580,0.05215,0.89149
CVE-2015-8592,0.00885,0.26162
CVE-2015-8593,0.00954,0.34522
CVE-2015-8594,0.00954,0.34522
CVE-2015-8595,0.00885,0.26162
CVE-2015-8596,0.00885,0.26162
CVE-2015-8597,0.01136,0.57949
CVE-2015-8600,0.01055,0.50287
CVE-2015-8601,0.01055,0.50287
CVE-2015-8602,0.01055,0.50287
CVE-2015-8603,0.01132,0.54372
CVE-2015-8604,0.01315,0.67456
CVE-2015-8605,0.04711,0.88663
CVE-2015-8606,0.01319,0.70416
CVE-2015-8607,0.02686,0.82061
CVE-2015-8608,0.03795,0.84827
CVE-2015-8611,0.01055,0.50287
CVE-2015-8612,0.35878,0.97755
CVE-2015-8613,0.01034,0.39824
CVE-2015-8614,0.01408,0.72072
CVE-2015-8615,0.0089,0.2856
CVE-2015-8616,0.01055,0.50287
CVE-2015-8617,0.12753,0.95373
CVE-2015-8618,0.01537,0.73595
CVE-2015-8619,0.01213,0.6557
CVE-2015-8620,0.0095,0.30554
CVE-2015-8621,0.0095,0.30554
CVE-2015-8622,0.01213,0.6557
CVE-2015-8623,0.01213,0.6557
CVE-2015-8624,0.01213,0.6557
CVE-2015-8625,0.01213,0.6557
CVE-2015-8626,0.01213,0.6557
CVE-2015-8627,0.01213,0.6557
CVE-2015-8628,0.01213,0.6557
CVE-2015-8629,0.01815,0.76117
CVE-2015-8630,0.01408,0.72072
CVE-2015-8631,0.01649,0.75017
CVE-2015-8634,0.84976,0.99646
CVE-2015-8635,0.84976,0.99646
CVE-2015-8636,0.84374,0.9961
CVE-2015-8638,0.04098,0.85347
CVE-2015-8639,0.04098,0.85347
CVE-2015-8640,0.04098,0.85347
CVE-2015-8641,0.04098,0.85347
CVE-2015-8642,0.04098,0.85347
CVE-2015-8643,0.04098,0.85347
CVE-2015-8644,0.84976,0.99646
CVE-2015-8645,0.03919,0.84991
CVE-2015-8646,0.04098,0.85347
CVE-2015-8647,0.04098,0.85347
CVE-2015-8648,0.04098,0.85347
CVE-2015-8649,0.04098,0.85347
CVE-2015-8650,0.04098,0.85347
CVE-2015-8651,0.04098,0.85347
CVE-2015-8652,0.03043,0.82922
CVE-2015-8653,0.03183,0.83298
CVE-2015-8654,0.03043,0.82922
CVE-2015-8655,0.03183,0.83298
CVE-2015-8656,0.03043,0.82922
CVE-2015-8657,0.03043,0.82922
CVE-2015-8658,0.03043,0.82922
CVE-2015-8659,0.02686,0.82061
CVE-2015-8661,0.01213,0.6557
CVE-2015-8662,0.01213,0.6557
CVE-2015-8663,0.01213,0.6557
CVE-2015-8664,0.10212,0.94357
CVE-2015-8665,0.01955,0.77585
CVE-2015-8666,0.01034,0.39824
CVE-2015-8667,0.01055,0.50287
CVE-2015-8668,0.0455,0.88291
CVE-2015-8669,0.01213,0.6557
CVE-2015-8670,0.00885,0.26162
CVE-2015-8671,0.00885,0.26162
CVE-2015-8672,0.01055,0.50287
CVE-2015-8673,0.00885,0.26162
CVE-2015-8675,0.00885,0.26162
CVE-2015-8676,0.01055,0.50287
CVE-2015-8677,0.01055,0.50287
CVE-2015-8678,0.01055,0.50287
CVE-2015-8679,0.00885,0.26162
CVE-2015-8680,0.00885,0.26162
CVE-2015-8681,0.00885,0.26162
CVE-2015-8682,0.00885,0.26162
CVE-2015-8683,0.01955,0.77585
CVE-2015-8684,0.01055,0.50287
CVE-2015-8685,0.01213,0.6557
CVE-2015-8687,0.01055,0.50287
CVE-2015-8688,0.01319,0.70416
CVE-2015-8697,0.01034,0.39824
CVE-2015-8698,0.01061,0.51015
CVE-2015-8699,0.01136,0.57949
CVE-2015-8701,0.01034,0.39824
CVE-2015-8702,0.01018,0.38792
CVE-2015-8703,0.01061,0.51015
CVE-2015-8704,0.16942,0.95992
CVE-2015-8705,0.03082,0.82981
CVE-2015-8707,0.01055,0.50287
CVE-2015-8708,0.01055,0.50287
CVE-2015-8709,0.01547,0.74085
CVE-2015-8711,0.01955,0.77585
CVE-2015-8712,0.01408,0.72072
CVE-2015-8713,0.01408,0.72072
CVE-2015-8714,0.01408,0.72072
CVE-2015-8715,0.01408,0.72072
CVE-2015-8716,0.01408,0.72072
CVE-2015-8717,0.01408,0.72072
CVE-2015-8718,0.01319,0.70416
CVE-2015-8719,0.01408,0.72072
CVE-2015-8720,0.01319,0.70416
CVE-2015-8721,0.01408,0.72072
CVE-2015-8722,0.01776,0.75902
CVE-2015-8723,0.03682,0.84276
CVE-2015-8724,0.03682,0.84276
CVE-2015-8725,0.01319,0.70416
CVE-2015-8726,0.0574,0.89858
CVE-2015-8727,0.03682,0.84276
CVE-2015-8728,0.03682,0.84276
CVE-2015-8729,0.03682,0.84276
CVE-2015-8730,0.03682,0.84276
CVE-2015-8731,0.03682,0.84276
CVE-2015-8732,0.0574,0.89858
CVE-2015-8733,0.03682,0.84276
CVE-2015-8734,0.01213,0.6557
CVE-2015-8735,0.03467,0.84028
CVE-2015-8736,0.03467,0.84028
CVE-2015-8737,0.01213,0.6557
CVE-2015-8738,0.01213,0.6557
CVE-2015-8739,0.03467,0.84028
CVE-2015-8740,0.01319,0.70416
CVE-2015-8741,0.01213,0.6557
CVE-2015-8742,0.01213,0.6557
CVE-2015-8743,0.01282,0.67298
CVE-2015-8744,0.01104,0.52279
CVE-2015-8745,0.01104,0.52279
CVE-2015-8746,0.01183,0.60428
CVE-2015-8747,0.01974,0.7812
CVE-2015-8748,0.01408,0.72072
CVE-2015-8749,0.01018,0.38792
CVE-2015-8750,0.01136,0.57949
CVE-2015-8751,0.01108,0.53389
CVE-2015-8753,0.01055,0.50287
CVE-2015-8754,0.01055,0.50287
CVE-2015-8755,0.01061,0.51015
CVE-2015-8756,0.01055,0.50287
CVE-2015-8757,0.01136,0.57949
CVE-2015-8758,0.01061,0.51015
CVE-2015-8759,0.01055,0.50287
CVE-2015-8760,0.01136,0.57949
CVE-2015-8761,0.0095,0.30554
CVE-2015-8762,0.01055,0.50287
CVE-2015-8763,0.01055,0.50287
CVE-2015-8764,0.00885,0.26162
CVE-2015-8765,0.02166,0.79253
CVE-2015-8766,0.01213,0.6557
CVE-2015-8767,0.02686,0.82061
CVE-2015-8768,0.01408,0.72072
CVE-2015-8769,0.00954,0.34522
CVE-2015-8770,0.37389,0.97829
CVE-2015-8771,0.01136,0.57949
CVE-2015-8772,0.00885,0.26162
CVE-2015-8773,0.00885,0.26162
CVE-2015-8776,0.02686,0.82061
CVE-2015-8777,0.01547,0.74085
CVE-2015-8778,0.0374,0.84381
CVE-2015-8779,0.0374,0.84381
CVE-2015-8780,0.00885,0.26162
CVE-2015-8781,0.02686,0.82061
CVE-2015-8782,0.02686,0.82061
CVE-2015-8783,0.02686,0.82061
CVE-2015-8784,0.03407,0.83908
CVE-2015-8785,0.02686,0.82061
CVE-2015-8786,0.01649,0.75017
CVE-2015-8787,0.03779,0.84781
CVE-2015-8789,0.01108,0.53389
CVE-2015-8790,0.01183,0.60428
CVE-2015-8791,0.01018,0.38792
CVE-2015-8792,0.01018,0.38792
CVE-2015-8793,0.01136,0.57949
CVE-2015-8794,0.01132,0.54372
CVE-2015-8795,0.01055,0.50287
CVE-2015-8796,0.01055,0.50287
CVE-2015-8797,0.01055,0.50287
CVE-2015-8798,0.02067,0.78991
CVE-2015-8799,0.01055,0.50287
CVE-2015-8800,0.01055,0.50287
CVE-2015-8801,0.0089,0.2856
CVE-2015-8803,0.02686,0.82061
CVE-2015-8804,0.01537,0.73595
CVE-2015-8805,0.01537,0.73595
CVE-2015-8806,0.01319,0.70416
CVE-2015-8807,0.01776,0.75902
CVE-2015-8808,0.01319,0.70416
CVE-2015-8812,0.07312,0.9217
CVE-2015-8813,0.01319,0.70416
CVE-2015-8814,0.01136,0.57949
CVE-2015-8815,0.01055,0.50287
CVE-2015-8816,0.02686,0.82061
CVE-2015-8817,0.01282,0.67298
CVE-2015-8818,0.01282,0.67298
CVE-2015-8820,0.03043,0.82922
CVE-2015-8821,0.03183,0.83298
CVE-2015-8822,0.01952,0.77181
CVE-2015-8823,0.01952,0.77181
CVE-2015-8830,0.01547,0.74085
CVE-2015-8831,0.01408,0.72072
CVE-2015-8832,0.01315,0.67456
CVE-2015-8833,0.10052,0.9429
CVE-2015-8834,0.01136,0.57949
CVE-2015-8835,0.06698,0.91171
CVE-2015-8836,0.01132,0.54372
CVE-2015-8837,0.04039,0.8531
CVE-2015-8838,0.01537,0.73595
CVE-2015-8839,0.02686,0.82061
CVE-2015-8840,0.01055,0.50287
CVE-2015-8841,0.05785,0.89924
CVE-2015-8842,0.01034,0.39824
CVE-2015-8843,0.00885,0.26162
CVE-2015-8844,0.01183,0.60428
CVE-2015-8845,0.01282,0.67298
CVE-2015-8851,0.01018,0.38792
CVE-2015-8852,0.01408,0.72072
CVE-2015-8853,0.02686,0.82061
CVE-2015-8854,0.01018,0.38792
CVE-2015-8855,0.00954,0.34522
CVE-2015-8856,0.01136,0.57949
CVE-2015-8857,0.00954,0.34522
CVE-2015-8858,0.00954,0.34522
CVE-2015-8859,0.00954,0.34522
CVE-2015-8860,0.01055,0.50287
CVE-2015-8861,0.01213,0.6557
CVE-2015-8862,0.01213,0.6557
CVE-2015-8863,0.02172,0.79917
CVE-2015-8864,0.01408,0.72072
CVE-2015-8865,0.01736,0.75201
CVE-2015-8866,0.01955,0.77585
CVE-2015-8867,0.02172,0.79917
CVE-2015-8868,0.05857,0.90058
CVE-2015-8869,0.03779,0.84781
CVE-2015-8870,0.01213,0.6557
CVE-2015-8871,0.01974,0.7812
CVE-2015-8872,0.01537,0.73595
CVE-2015-8873,0.01213,0.6557
CVE-2015-8874,0.01319,0.70416
CVE-2015-8875,0.04397,0.87546
CVE-2015-8876,0.03795,0.84827
CVE-2015-8877,0.01319,0.70416
CVE-2015-8878,0.01055,0.50287
CVE-2015-8879,0.01136,0.57949
CVE-2015-8880,0.01055,0.50287
CVE-2015-8888,0.00954,0.34522
CVE-2015-8889,0.00954,0.34522
CVE-2015-8890,0.00954,0.34522
CVE-2015-8891,0.00954,0.34522
CVE-2015-8892,0.00954,0.34522
CVE-2015-8893,0.00885,0.26162
CVE-2015-8894,0.01136,0.57949
CVE-2015-8895,0.01319,0.70416
CVE-2015-8896,0.01408,0.72072
CVE-2015-8897,0.01319,0.70416
CVE-2015-8898,0.01319,0.70416
CVE-2015-8899,0.01183,0.60428
CVE-2015-8900,0.01319,0.70416
CVE-2015-8901,0.01213,0.6557
CVE-2015-8902,0.01213,0.6557
CVE-2015-8903,0.01213,0.6557
CVE-2015-8914,0.01974,0.7812
CVE-2015-8915,0.01319,0.70416
CVE-2015-8916,0.01955,0.77585
CVE-2015-8917,0.02172,0.79917
CVE-2015-8918,0.01319,0.70416
CVE-2015-8919,0.02172,0.79917
CVE-2015-8920,0.01955,0.77585
CVE-2015-8921,0.02172,0.79917
CVE-2015-8922,0.01955,0.77585
CVE-2015-8923,0.01955,0.77585
CVE-2015-8924,0.01955,0.77585
CVE-2015-8925,0.01955,0.77585
CVE-2015-8926,0.01955,0.77585
CVE-2015-8927,0.01319,0.70416
CVE-2015-8928,0.01955,0.77585
CVE-2015-8929,0.01319,0.70416
CVE-2015-8930,0.02172,0.79917
CVE-2015-8931,0.01955,0.77585
CVE-2015-8932,0.03407,0.83908
CVE-2015-8933,0.01776,0.75902
CVE-2015-8934,0.01955,0.77585
CVE-2015-8935,0.01319,0.70416
CVE-2015-8936,0.01213,0.6557
CVE-2015-8937,0.00954,0.34522
CVE-2015-8938,0.00954,0.34522
CVE-2015-8939,0.00954,0.34522
CVE-2015-8940,0.00954,0.34522
CVE-2015-8941,0.00954,0.34522
CVE-2015-8942,0.00954,0.34522
CVE-2015-8943,0.00954,0.34522
CVE-2015-8944,0.01018,0.38792
CVE-2015-8945,0.01018,0.38792
CVE-2015-8946,0.0095,0.30554
CVE-2015-8947,0.01408,0.72072
CVE-2015-8948,0.02172,0.79917
CVE-2015-8949,0.01537,0.73595
CVE-2015-8950,0.01108,0.53389
CVE-2015-8951,0.00954,0.34522
CVE-2015-8952,0.01547,0.74085
CVE-2015-8953,0.01034,0.39824
CVE-2015-8954,0.01136,0.57949
CVE-2015-8955,0.0095,0.30554
CVE-2015-8956,0.01034,0.39824
CVE-2015-8957,0.01319,0.70416
CVE-2015-8958,0.01408,0.72072
CVE-2015-8959,0.01319,0.70416
CVE-2015-8960,0.1108,0.94641
CVE-2015-8961,0.01018,0.38792
CVE-2015-8962,0.0095,0.30554
CVE-2015-8963,0.01018,0.38792
CVE-2015-8964,0.01018,0.38792
CVE-2015-8965,0.01136,0.57949
CVE-2015-8966,0.0095,0.30554
CVE-2015-8967,0.01018,0.38792
CVE-2015-8968,0.02578,0.8123
CVE-2015-8969,0.00954,0.34522
CVE-2015-8970,0.01282,0.67298
CVE-2015-8971,0.01232,0.66248
CVE-2015-8972,0.02578,0.8123
CVE-2015-8973,0.01213,0.6557
CVE-2015-8974,0.01213,0.6557
CVE-2015-8975,0.01213,0.6557
CVE-2015-8976,0.01213,0.6557
CVE-2015-8977,0.01213,0.6557
CVE-2015-8978,0.00885,0.26162
CVE-2015-8979,0.01319,0.70416
CVE-2015-8980,0.06729,0.91198
CVE-2015-8981,0.01018,0.38792
CVE-2015-8982,0.02714,0.82073
CVE-2015-8983,0.02464,0.80851
CVE-2015-8984,0.01108,0.53389
CVE-2015-8985,0.01018,0.38792
CVE-2015-8986,0.00885,0.26162
CVE-2015-8987,0.00885,0.26162
CVE-2015-8988,0.00885,0.26162
CVE-2015-8989,0.00885,0.26162
CVE-2015-8990,0.00885,0.26162
CVE-2015-8991,0.01525,0.72834
CVE-2015-8992,0.01525,0.72834
CVE-2015-8993,0.01525,0.72834
CVE-2015-8994,0.01034,0.39824
CVE-2015-8995,0.00954,0.34522
CVE-2015-8996,0.00954,0.34522
CVE-2015-8997,0.00954,0.34522
CVE-2015-8998,0.00954,0.34522
CVE-2015-8999,0.00954,0.34522
CVE-2015-9000,0.00954,0.34522
CVE-2015-9001,0.00954,0.34522
CVE-2015-9002,0.00954,0.34522
CVE-2015-9003,0.00954,0.34522
CVE-2015-9004,0.01018,0.38792
CVE-2015-9005,0.00885,0.26162
CVE-2015-9006,0.00885,0.26162
CVE-2015-9007,0.00885,0.26162
CVE-2015-9008,0.00954,0.34522
CVE-2015-9009,0.00954,0.34522
CVE-2015-9010,0.00954,0.34522
CVE-2015-9011,0.00954,0.34522
CVE-2015-9012,0.00954,0.34522
CVE-2015-9013,0.00954,0.34522
CVE-2015-9014,0.00954,0.34522
CVE-2015-9015,0.0089,0.2856
CVE-2015-9016,0.0089,0.2856
CVE-2015-9019,0.00885,0.26162
CVE-2015-9020,0.00954,0.34522
CVE-2015-9021,0.00954,0.34522
CVE-2015-9022,0.00954,0.34522
CVE-2015-9023,0.00954,0.34522
CVE-2015-9024,0.00954,0.34522
CVE-2015-9025,0.00954,0.34522
CVE-2015-9026,0.00954,0.34522
CVE-2015-9027,0.00954,0.34522
CVE-2015-9028,0.00954,0.34522
CVE-2015-9029,0.00954,0.34522
CVE-2015-9030,0.00954,0.34522
CVE-2015-9031,0.00954,0.34522
CVE-2015-9032,0.00954,0.34522
CVE-2015-9033,0.00954,0.34522
CVE-2015-9034,0.00885,0.26162
CVE-2015-9035,0.00885,0.26162
CVE-2015-9036,0.00885,0.26162
CVE-2015-9037,0.00885,0.26162
CVE-2015-9038,0.00885,0.26162
CVE-2015-9039,0.00885,0.26162
CVE-2015-9040,0.00885,0.26162
CVE-2015-9041,0.00885,0.26162
CVE-2015-9042,0.00885,0.26162
CVE-2015-9043,0.00885,0.26162
CVE-2015-9044,0.00885,0.26162
CVE-2015-9045,0.00885,0.26162
CVE-2015-9046,0.00885,0.26162
CVE-2015-9047,0.00885,0.26162
CVE-2015-9048,0.00885,0.26162
CVE-2015-9049,0.00885,0.26162
CVE-2015-9050,0.00885,0.26162
CVE-2015-9051,0.00885,0.26162
CVE-2015-9052,0.00885,0.26162
CVE-2015-9053,0.00885,0.26162
CVE-2015-9054,0.00885,0.26162
CVE-2015-9055,0.00885,0.26162
CVE-2015-9056,0.00885,0.26162
CVE-2015-9057,0.01055,0.50287
CVE-2015-9058,0.01055,0.50287
CVE-2015-9059,0.02055,0.7893
CVE-2015-9060,0.00885,0.26162
CVE-2015-9061,0.00885,0.26162
CVE-2015-9062,0.00885,0.26162
CVE-2015-9063,0.00954,0.34522
CVE-2015-9064,0.00954,0.34522
CVE-2015-9065,0.00954,0.34522
CVE-2015-9066,0.00954,0.34522
CVE-2015-9067,0.00885,0.26162
CVE-2015-9068,0.00885,0.26162
CVE-2015-9069,0.00885,0.26162
CVE-2015-9070,0.00885,0.26162
CVE-2015-9071,0.00885,0.26162
CVE-2015-9072,0.00885,0.26162
CVE-2015-9073,0.00885,0.26162
CVE-2015-9096,0.02564,0.81198
CVE-2015-9097,0.02564,0.81198
CVE-2015-9098,0.05365,0.89438
CVE-2015-9099,0.01055,0.50287
CVE-2015-9100,0.01055,0.50287
CVE-2015-9101,0.01213,0.6557
CVE-2015-9102,0.01132,0.54372
CVE-2015-9103,0.01061,0.51015
CVE-2015-9104,0.01055,0.50287
CVE-2015-9105,0.01061,0.51015
CVE-2015-9107,0.00885,0.26162
CVE-2015-9108,0.00885,0.26162
CVE-2015-9109,0.00885,0.26162
CVE-2015-9110,0.00885,0.26162
CVE-2015-9111,0.00885,0.26162
CVE-2015-9112,0.00885,0.26162
CVE-2015-9113,0.00885,0.26162
CVE-2015-9114,0.00885,0.26162
CVE-2015-9115,0.00885,0.26162
CVE-2015-9116,0.00885,0.26162
CVE-2015-9118,0.00885,0.26162
CVE-2015-9119,0.00885,0.26162
CVE-2015-9120,0.00885,0.26162
CVE-2015-9122,0.00885,0.26162
CVE-2015-9123,0.00885,0.26162
CVE-2015-9124,0.00885,0.26162
CVE-2015-9126,0.00885,0.26162
CVE-2015-9127,0.00885,0.26162
CVE-2015-9128,0.00885,0.26162
CVE-2015-9129,0.00885,0.26162
CVE-2015-9130,0.00885,0.26162
CVE-2015-9131,0.00885,0.26162
CVE-2015-9132,0.00885,0.26162
CVE-2015-9133,0.00885,0.26162
CVE-2015-9134,0.00885,0.26162
CVE-2015-9135,0.00885,0.26162
CVE-2015-9136,0.00885,0.26162
CVE-2015-9137,0.00885,0.26162
CVE-2015-9138,0.00885,0.26162
CVE-2015-9139,0.00885,0.26162
CVE-2015-9140,0.00885,0.26162
CVE-2015-9141,0.00885,0.26162
CVE-2015-9142,0.00885,0.26162
CVE-2015-9143,0.00885,0.26162
CVE-2015-9144,0.00885,0.26162
CVE-2015-9145,0.00885,0.26162
CVE-2015-9146,0.00885,0.26162
CVE-2015-9147,0.00885,0.26162
CVE-2015-9148,0.00885,0.26162
CVE-2015-9149,0.00885,0.26162
CVE-2015-9150,0.00885,0.26162
CVE-2015-9151,0.00885,0.26162
CVE-2015-9152,0.00885,0.26162
CVE-2015-9153,0.00885,0.26162
CVE-2015-9156,0.00885,0.26162
CVE-2015-9157,0.00885,0.26162
CVE-2015-9158,0.00885,0.26162
CVE-2015-9159,0.00885,0.26162
CVE-2015-9160,0.00885,0.26162
CVE-2015-9161,0.00885,0.26162
CVE-2015-9162,0.00885,0.26162
CVE-2015-9163,0.00885,0.26162
CVE-2015-9164,0.00885,0.26162
CVE-2015-9165,0.00885,0.26162
CVE-2015-9166,0.00885,0.26162
CVE-2015-9167,0.00885,0.26162
CVE-2015-9169,0.00885,0.26162
CVE-2015-9170,0.00885,0.26162
CVE-2015-9171,0.00885,0.26162
CVE-2015-9172,0.00885,0.26162
CVE-2015-9173,0.00885,0.26162
CVE-2015-9174,0.00885,0.26162
CVE-2015-9175,0.00885,0.26162
CVE-2015-9176,0.00885,0.26162
CVE-2015-9177,0.00885,0.26162
CVE-2015-9178,0.00885,0.26162
CVE-2015-9179,0.00885,0.26162
CVE-2015-9180,0.00885,0.26162
CVE-2015-9181,0.00885,0.26162
CVE-2015-9182,0.00885,0.26162
CVE-2015-9183,0.00885,0.26162
CVE-2015-9184,0.00885,0.26162
CVE-2015-9185,0.00885,0.26162
CVE-2015-9186,0.00885,0.26162
CVE-2015-9187,0.00885,0.26162
CVE-2015-9188,0.00885,0.26162
CVE-2015-9189,0.00885,0.26162
CVE-2015-9190,0.00885,0.26162
CVE-2015-9191,0.00885,0.26162
CVE-2015-9192,0.00885,0.26162
CVE-2015-9193,0.00885,0.26162
CVE-2015-9194,0.00885,0.26162
CVE-2015-9195,0.00885,0.26162
CVE-2015-9196,0.00885,0.26162
CVE-2015-9197,0.00885,0.26162
CVE-2015-9198,0.00885,0.26162
CVE-2015-9199,0.00885,0.26162
CVE-2015-9200,0.00885,0.26162
CVE-2015-9201,0.00885,0.26162
CVE-2015-9202,0.00885,0.26162
CVE-2015-9203,0.00885,0.26162
CVE-2015-9204,0.00885,0.26162
CVE-2015-9205,0.00885,0.26162
CVE-2015-9206,0.00885,0.26162
CVE-2015-9207,0.00885,0.26162
CVE-2015-9208,0.00885,0.26162
CVE-2015-9209,0.00885,0.26162
CVE-2015-9210,0.00885,0.26162
CVE-2015-9211,0.00885,0.26162
CVE-2015-9212,0.00885,0.26162
CVE-2015-9213,0.00885,0.26162
CVE-2015-9215,0.00885,0.26162
CVE-2015-9216,0.00885,0.26162
CVE-2015-9217,0.00885,0.26162
CVE-2015-9218,0.00885,0.26162
CVE-2015-9219,0.00885,0.26162
CVE-2015-9220,0.00885,0.26162
CVE-2015-9221,0.00885,0.26162
CVE-2015-9222,0.08382,0.93597
CVE-2015-9223,0.00885,0.26162
CVE-2015-9224,0.00885,0.26162
CVE-2015-9226,0.01564,0.74439
CVE-2015-9227,0.08078,0.93055
CVE-2015-9228,0.01034,0.39824
CVE-2015-9229,0.01055,0.50287
CVE-2015-9230,0.01232,0.66248
CVE-2015-9231,0.01408,0.72072
CVE-2015-9232,0.00954,0.34522
CVE-2015-9233,0.00954,0.34522
CVE-2015-9234,0.0089,0.2856
CVE-2015-9236,0.00954,0.34522
CVE-2015-9238,0.00885,0.26162
CVE-2015-9239,0.00885,0.26162
CVE-2015-9240,0.00885,0.26162
CVE-2015-9241,0.00954,0.34522
CVE-2015-9242,0.00954,0.34522
CVE-2015-9243,0.00885,0.26162
CVE-2015-9244,0.00885,0.26162
CVE-2015-9245,0.01055,0.50287
CVE-2015-9246,0.01086,0.51674
CVE-2015-9247,0.00885,0.26162
CVE-2015-9248,0.00885,0.26162
CVE-2015-9249,0.00885,0.26162
CVE-2015-9250,0.00885,0.26162
CVE-2015-9252,0.00954,0.34522
CVE-2015-9253,0.02583,0.81238
CVE-2015-9254,0.00885,0.26162
CVE-2015-9255,0.01055,0.50287
CVE-2015-9256,0.01055,0.50287
CVE-2015-9257,0.00885,0.26162
CVE-2015-9258,0.00885,0.26162
CVE-2015-9259,0.00885,0.26162
CVE-2015-9260,0.0095,0.30554
CVE-2015-9261,0.02686,0.82061
CVE-2015-9262,0.04429,0.87632
CVE-2015-9263,0.08382,0.93597
CVE-2015-9264,0.01086,0.51674
CVE-2015-9266,0.10212,0.94357
CVE-2015-9267,0.0089,0.2856
CVE-2015-9268,0.00954,0.34522
CVE-2015-9269,0.01136,0.57949
CVE-2015-9270,0.00885,0.26162
CVE-2015-9271,0.01156,0.60033
CVE-2015-9272,0.01978,0.78447
CVE-2015-9273,0.00954,0.34522
CVE-2015-9274,0.01055,0.50287
CVE-2015-9275,0.00954,0.34522
CVE-2015-9276,0.00954,0.34522
CVE-2015-9277,0.00954,0.34522
CVE-2015-9278,0.00954,0.34522
CVE-2015-9279,0.00954,0.34522
CVE-2015-9280,0.00954,0.34522
CVE-2015-9281,0.00885,0.26162
CVE-2015-9282,0.01018,0.38792
CVE-2015-9284,0.01018,0.38792
CVE-2015-9285,0.00885,0.26162
CVE-2015-9286,0.01018,0.38792
CVE-2015-9287,0.00885,0.26162
CVE-2015-9288,0.00885,0.26162
CVE-2015-9289,0.0089,0.2856
CVE-2015-9290,0.01018,0.38792
CVE-2015-9291,0.00885,0.26162
CVE-2015-9292,0.00885,0.26162
CVE-2015-9293,0.00885,0.26162
CVE-2015-9294,0.00885,0.26162
CVE-2015-9295,0.00885,0.26162
CVE-2015-9296,0.00885,0.26162
CVE-2015-9297,0.00885,0.26162
CVE-2015-9298,0.00885,0.26162
CVE-2015-9299,0.00885,0.26162
CVE-2015-9300,0.00885,0.26162
CVE-2015-9301,0.00885,0.26162
CVE-2015-9302,0.00885,0.26162
CVE-2015-9303,0.00885,0.26162
CVE-2015-9304,0.00885,0.26162
CVE-2015-9305,0.00885,0.26162
CVE-2015-9306,0.00885,0.26162
CVE-2015-9307,0.00885,0.26162
CVE-2015-9308,0.00885,0.26162
CVE-2015-9309,0.00885,0.26162
CVE-2015-9310,0.00885,0.26162
CVE-2015-9311,0.00885,0.26162
CVE-2015-9312,0.00885,0.26162
CVE-2015-9313,0.00885,0.26162
CVE-2015-9314,0.00885,0.26162
CVE-2015-9315,0.00885,0.26162
CVE-2015-9316,0.01564,0.74439
CVE-2015-9317,0.00885,0.26162
CVE-2015-9318,0.00885,0.26162
CVE-2015-9319,0.00885,0.26162
CVE-2015-9320,0.00885,0.26162
CVE-2015-9321,0.00885,0.26162
CVE-2015-9322,0.00885,0.26162
CVE-2015-9323,0.00885,0.26162
CVE-2015-9324,0.00885,0.26162
CVE-2015-9325,0.00885,0.26162
CVE-2015-9326,0.00885,0.26162
CVE-2015-9327,0.00885,0.26162
CVE-2015-9328,0.00885,0.26162
CVE-2015-9329,0.00885,0.26162
CVE-2015-9330,0.00885,0.26162
CVE-2015-9331,0.00885,0.26162
CVE-2015-9332,0.00885,0.26162
CVE-2015-9333,0.00885,0.26162
CVE-2015-9334,0.00954,0.34522
CVE-2015-9335,0.00885,0.26162
CVE-2015-9336,0.00885,0.26162
CVE-2015-9337,0.00885,0.26162
CVE-2015-9338,0.00885,0.26162
CVE-2015-9339,0.00885,0.26162
CVE-2015-9340,0.00885,0.26162
CVE-2015-9341,0.00885,0.26162
CVE-2015-9342,0.00885,0.26162
CVE-2015-9343,0.00885,0.26162
CVE-2015-9344,0.00885,0.26162
CVE-2015-9345,0.00885,0.26162
CVE-2015-9346,0.00885,0.26162
CVE-2015-9347,0.00885,0.26162
CVE-2015-9348,0.00885,0.26162
CVE-2015-9349,0.00885,0.26162
CVE-2015-9350,0.00885,0.26162
CVE-2015-9351,0.01086,0.51674
CVE-2015-9352,0.00885,0.26162
CVE-2015-9353,0.00885,0.26162
CVE-2015-9354,0.00885,0.26162
CVE-2015-9355,0.00885,0.26162
CVE-2015-9356,0.00885,0.26162
CVE-2015-9357,0.00885,0.26162
CVE-2015-9358,0.00885,0.26162
CVE-2015-9359,0.00885,0.26162
CVE-2015-9360,0.00885,0.26162
CVE-2015-9361,0.00885,0.26162
CVE-2015-9362,0.00885,0.26162
CVE-2015-9363,0.00885,0.26162
CVE-2015-9364,0.00885,0.26162
CVE-2015-9365,0.00885,0.26162
CVE-2015-9366,0.00885,0.26162
CVE-2015-9367,0.00885,0.26162
CVE-2015-9368,0.00885,0.26162
CVE-2015-9369,0.00885,0.26162
CVE-2015-9370,0.00885,0.26162
CVE-2015-9371,0.00885,0.26162
CVE-2015-9372,0.00885,0.26162
CVE-2015-9373,0.00885,0.26162
CVE-2015-9374,0.00885,0.26162
CVE-2015-9375,0.00885,0.26162
CVE-2015-9376,0.00885,0.26162
CVE-2015-9377,0.00885,0.26162
CVE-2015-9378,0.00885,0.26162
CVE-2015-9379,0.00885,0.26162
CVE-2015-9380,0.00954,0.34522
CVE-2015-9381,0.01018,0.38792
CVE-2015-9382,0.01018,0.38792
CVE-2015-9383,0.01018,0.38792
CVE-2015-9384,0.00885,0.26162
CVE-2015-9385,0.00885,0.26162
CVE-2015-9386,0.00885,0.26162
CVE-2015-9387,0.00885,0.26162
CVE-2015-9388,0.00885,0.26162
CVE-2015-9389,0.00885,0.26162
CVE-2015-9390,0.00885,0.26162
CVE-2015-9391,0.00885,0.26162
CVE-2015-9392,0.0089,0.2856
CVE-2015-9393,0.00885,0.26162
CVE-2015-9394,0.00885,0.26162
CVE-2015-9395,0.0089,0.2856
CVE-2015-9396,0.00885,0.26162
CVE-2015-9397,0.0089,0.2856
CVE-2015-9398,0.0089,0.2856
CVE-2015-9399,0.0089,0.2856
CVE-2015-9400,0.0089,0.2856
CVE-2015-9401,0.0089,0.2856
CVE-2015-9402,0.00954,0.34522
CVE-2015-9403,0.00885,0.26162
CVE-2015-9404,0.00885,0.26162
CVE-2015-9405,0.00954,0.34522
CVE-2015-9406,0.00885,0.26162
CVE-2015-9407,0.00954,0.34522
CVE-2015-9408,0.00954,0.34522
CVE-2015-9409,0.00954,0.34522
CVE-2015-9410,0.0089,0.2856
CVE-2015-9411,0.00885,0.26162
CVE-2015-9412,0.00885,0.26162
CVE-2015-9413,0.00954,0.34522
CVE-2015-9414,0.00885,0.26162
CVE-2015-9415,0.01055,0.50287
CVE-2015-9416,0.00885,0.26162
CVE-2015-9417,0.00885,0.26162
CVE-2015-9418,0.00885,0.26162
CVE-2015-9419,0.00885,0.26162
CVE-2015-9420,0.00954,0.34522
CVE-2015-9421,0.00954,0.34522
CVE-2015-9422,0.00954,0.34522
CVE-2015-9423,0.0089,0.2856
CVE-2015-9424,0.00954,0.34522
CVE-2015-9425,0.00954,0.34522
CVE-2015-9426,0.0089,0.2856
CVE-2015-9427,0.00954,0.34522
CVE-2015-9428,0.00954,0.34522
CVE-2015-9429,0.00954,0.34522
CVE-2015-9430,0.00954,0.34522
CVE-2015-9431,0.00954,0.34522
CVE-2015-9432,0.00954,0.34522
CVE-2015-9433,0.00954,0.34522
CVE-2015-9434,0.00954,0.34522
CVE-2015-9435,0.00885,0.26162
CVE-2015-9436,0.0089,0.2856
CVE-2015-9437,0.00954,0.34522
CVE-2015-9438,0.0089,0.2856
CVE-2015-9439,0.0089,0.2856
CVE-2015-9440,0.00885,0.26162
CVE-2015-9441,0.00885,0.26162
CVE-2015-9442,0.00885,0.26162
CVE-2015-9443,0.00885,0.26162
CVE-2015-9444,0.00885,0.26162
CVE-2015-9445,0.00954,0.34522
CVE-2015-9446,0.0089,0.2856
CVE-2015-9447,0.00954,0.34522
CVE-2015-9448,0.0089,0.2856
CVE-2015-9449,0.0089,0.2856
CVE-2015-9450,0.00954,0.34522
CVE-2015-9451,0.00954,0.34522
CVE-2015-9452,0.00954,0.34522
CVE-2015-9453,0.00954,0.34522
CVE-2015-9454,0.0089,0.2856
CVE-2015-9455,0.00885,0.26162
CVE-2015-9456,0.0095,0.30554
CVE-2015-9457,0.0089,0.2856
CVE-2015-9458,0.00885,0.26162
CVE-2015-9459,0.00885,0.26162
CVE-2015-9460,0.0089,0.2856
CVE-2015-9461,0.0089,0.2856
CVE-2015-9462,0.0089,0.2856
CVE-2015-9463,0.00885,0.26162
CVE-2015-9464,0.08382,0.93597
CVE-2015-9465,0.0089,0.2856
CVE-2015-9466,0.00954,0.34522
CVE-2015-9467,0.00954,0.34522
CVE-2015-9468,0.00885,0.26162
CVE-2015-9469,0.00885,0.26162
CVE-2015-9470,0.00885,0.26162
CVE-2015-9471,0.00954,0.34522
CVE-2015-9472,0.00954,0.34522
CVE-2015-9473,0.00885,0.26162
CVE-2015-9474,0.00885,0.26162
CVE-2015-9475,0.00885,0.26162
CVE-2015-9476,0.00885,0.26162
CVE-2015-9477,0.00885,0.26162
CVE-2015-9478,0.00885,0.26162
CVE-2015-9479,0.00885,0.26162
CVE-2015-9480,0.08382,0.93597
CVE-2015-9481,0.01055,0.50287
CVE-2015-9482,0.01055,0.50287
CVE-2015-9483,0.01055,0.50287
CVE-2015-9484,0.01055,0.50287
CVE-2015-9485,0.01055,0.50287
CVE-2015-9486,0.01055,0.50287
CVE-2015-9487,0.01055,0.50287
CVE-2015-9488,0.01055,0.50287
CVE-2015-9489,0.01055,0.50287
CVE-2015-9490,0.01055,0.50287
CVE-2015-9491,0.01055,0.50287
CVE-2015-9492,0.01055,0.50287
CVE-2015-9493,0.00885,0.26162
CVE-2015-9494,0.00885,0.26162
CVE-2015-9495,0.00885,0.26162
CVE-2015-9496,0.01564,0.74439
CVE-2015-9497,0.00885,0.26162
CVE-2015-9498,0.00885,0.26162
CVE-2015-9499,0.1246,0.95137
CVE-2015-9500,0.00885,0.26162
CVE-2015-9501,0.00885,0.26162
CVE-2015-9502,0.00885,0.26162
CVE-2015-9503,0.00885,0.26162
CVE-2015-9504,0.00885,0.26162
CVE-2015-9505,0.00885,0.26162
CVE-2015-9506,0.00885,0.26162
CVE-2015-9507,0.00885,0.26162
CVE-2015-9508,0.00885,0.26162
CVE-2015-9509,0.00885,0.26162
CVE-2015-9510,0.00885,0.26162
CVE-2015-9511,0.00885,0.26162
CVE-2015-9512,0.00885,0.26162
CVE-2015-9513,0.00885,0.26162
CVE-2015-9514,0.00885,0.26162
CVE-2015-9515,0.00885,0.26162
CVE-2015-9516,0.00885,0.26162
CVE-2015-9517,0.00885,0.26162
CVE-2015-9518,0.00885,0.26162
CVE-2015-9519,0.00885,0.26162
CVE-2015-9520,0.00885,0.26162
CVE-2015-9521,0.00885,0.26162
CVE-2015-9522,0.00885,0.26162
CVE-2015-9523,0.00885,0.26162
CVE-2015-9524,0.00885,0.26162
CVE-2015-9525,0.00885,0.26162
CVE-2015-9526,0.00885,0.26162
CVE-2015-9527,0.00885,0.26162
CVE-2015-9528,0.00885,0.26162
CVE-2015-9529,0.00885,0.26162
CVE-2015-9530,0.00885,0.26162
CVE-2015-9531,0.00885,0.26162
CVE-2015-9532,0.00885,0.26162
CVE-2015-9533,0.00885,0.26162
CVE-2015-9534,0.00885,0.26162
CVE-2015-9535,0.00885,0.26162
CVE-2015-9536,0.00885,0.26162
CVE-2015-9537,0.0095,0.30554
CVE-2015-9538,0.01034,0.39824
CVE-2015-9539,0.01018,0.38792
CVE-2015-9540,0.00885,0.26162
CVE-2015-9541,0.00954,0.34522
CVE-2015-9542,0.02762,0.82156
CVE-2015-9543,0.0095,0.30554
CVE-2015-9544,0.01213,0.6557
CVE-2015-9545,0.01213,0.6557
CVE-2015-9546,0.00885,0.26162
CVE-2015-9547,0.00885,0.26162
CVE-2015-9548,0.00885,0.26162
CVE-2015-9549,0.00954,0.34522
CVE-2015-9550,0.00885,0.26162
CVE-2015-9551,0.01156,0.60033
CVE-2014-0001,0.04229,0.86856
CVE-2014-0002,0.03384,0.83655
CVE-2014-0003,0.03718,0.84354
CVE-2014-0004,0.01872,0.76301
CVE-2014-0005,0.01232,0.66248
CVE-2014-0006,0.01136,0.57949
CVE-2014-0007,0.07584,0.92581
CVE-2014-0008,0.01232,0.66248
CVE-2014-0009,0.01232,0.66248
CVE-2014-0010,0.01319,0.70416
CVE-2014-0011,0.0144,0.7265
CVE-2014-0012,0.01104,0.52279
CVE-2014-0013,0.01055,0.50287
CVE-2014-0014,0.01061,0.51015
CVE-2014-0015,0.02686,0.82061
CVE-2014-0016,0.01213,0.6557
CVE-2014-0017,0.01104,0.52279
CVE-2014-0018,0.0095,0.30554
CVE-2014-0019,0.01282,0.67298
CVE-2014-0020,0.01537,0.73595
CVE-2014-0021,0.01537,0.73595
CVE-2014-0022,0.01213,0.6557
CVE-2014-0023,0.01005,0.36332
CVE-2014-0026,0.00885,0.26162
CVE-2014-0027,0.01034,0.39824
CVE-2014-0028,0.01108,0.53389
CVE-2014-0029,0.01055,0.50287
CVE-2014-0030,0.10816,0.94441
CVE-2014-0031,0.01061,0.51015
CVE-2014-0032,0.07344,0.92237
CVE-2014-0033,0.07344,0.92237
CVE-2014-0034,0.06394,0.90534
CVE-2014-0035,0.06394,0.90534
CVE-2014-0036,0.01213,0.6557
CVE-2014-0037,0.01213,0.6557
CVE-2014-0039,0.01755,0.75287
CVE-2014-0040,0.01018,0.38792
CVE-2014-0041,0.01018,0.38792
CVE-2014-0042,0.01018,0.38792
CVE-2014-0043,0.00885,0.26162
CVE-2014-0044,0.01213,0.6557
CVE-2014-0045,0.05139,0.89128
CVE-2014-0046,0.01319,0.70416
CVE-2014-0047,0.0089,0.2856
CVE-2014-0048,0.01183,0.60428
CVE-2014-0049,0.01818,0.76133
CVE-2014-0053,0.01408,0.72072
CVE-2014-0054,0.01213,0.6557
CVE-2014-0055,0.0095,0.30554
CVE-2014-0056,0.01132,0.54372
CVE-2014-0057,0.01136,0.57949
CVE-2014-0058,0.0095,0.30554
CVE-2014-0059,0.01034,0.39824
CVE-2014-0060,0.02186,0.8012
CVE-2014-0061,0.02186,0.8012
CVE-2014-0062,0.02186,0.8012
CVE-2014-0063,0.06823,0.91806
CVE-2014-0064,0.02528,0.8112
CVE-2014-0065,0.02186,0.8012
CVE-2014-0066,0.02186,0.8012
CVE-2014-0067,0.01282,0.67298
CVE-2014-0068,0.00885,0.26162
CVE-2014-0069,0.01104,0.52279
CVE-2014-0071,0.01136,0.57949
CVE-2014-0072,0.02072,0.79023
CVE-2014-0073,0.02072,0.79023
CVE-2014-0074,0.01136,0.57949
CVE-2014-0075,0.07344,0.92237
CVE-2014-0076,0.01547,0.74085
CVE-2014-0077,0.01108,0.53389
CVE-2014-0078,0.01055,0.50287
CVE-2014-0079,0.01055,0.50287
CVE-2014-0080,0.01055,0.50287
CVE-2014-0081,0.01408,0.72072
CVE-2014-0082,0.01974,0.7812
CVE-2014-0083,0.0095,0.30554
CVE-2014-0084,0.00885,0.26162
CVE-2014-0085,0.00885,0.26162
CVE-2014-0086,0.01213,0.6557
CVE-2014-0087,0.01055,0.50287
CVE-2014-0088,0.05822,0.89998
CVE-2014-0089,0.01213,0.6557
CVE-2014-0090,0.01136,0.57949
CVE-2014-0091,0.00954,0.34522
CVE-2014-0092,0.02686,0.82061
CVE-2014-0093,0.01213,0.6557
CVE-2014-0095,0.03718,0.84354
CVE-2014-0096,0.07344,0.92237
CVE-2014-0097,0.00885,0.26162
CVE-2014-0098,0.07344,0.92237
CVE-2014-0099,0.07344,0.92237
CVE-2014-0100,0.01136,0.57949
CVE-2014-0102,0.0095,0.30554
CVE-2014-0103,0.01108,0.53389
CVE-2014-0104,0.01018,0.38792
CVE-2014-0105,0.01132,0.54372
CVE-2014-0107,0.07344,0.92237
CVE-2014-0109,0.03718,0.84354
CVE-2014-0110,0.03718,0.84354
CVE-2014-0111,0.0089,0.2856
CVE-2014-0113,0.11792,0.9495
CVE-2014-0115,0.01055,0.50287
CVE-2014-0116,0.0424,0.86863
CVE-2014-0117,0.07344,0.92237
CVE-2014-0118,0.07344,0.92237
CVE-2014-0119,0.07344,0.92237
CVE-2014-0120,0.01136,0.57949
CVE-2014-0121,0.01136,0.57949
CVE-2014-0122,0.01061,0.51015
CVE-2014-0123,0.01061,0.51015
CVE-2014-0124,0.01061,0.51015
CVE-2014-0125,0.01136,0.57949
CVE-2014-0126,0.01136,0.57949
CVE-2014-0127,0.01061,0.51015
CVE-2014-0128,0.01974,0.7812
CVE-2014-0129,0.01061,0.51015
CVE-2014-0131,0.01183,0.60428
CVE-2014-0132,0.01132,0.54372
CVE-2014-0133,0.06523,0.90962
CVE-2014-0134,0.01061,0.51015
CVE-2014-0135,0.00885,0.26162
CVE-2014-0136,0.01055,0.50287
CVE-2014-0137,0.01055,0.50287
CVE-2014-0138,0.02686,0.82061
CVE-2014-0139,0.02686,0.82061
CVE-2014-0140,0.01055,0.50287
CVE-2014-0141,0.00885,0.26162
CVE-2014-0142,0.01034,0.39824
CVE-2014-0143,0.01282,0.67298
CVE-2014-0144,0.11949,0.94962
CVE-2014-0145,0.01916,0.76514
CVE-2014-0146,0.01108,0.53389
CVE-2014-0147,0.01108,0.53389
CVE-2014-0148,0.01108,0.53389
CVE-2014-0149,0.01055,0.50287
CVE-2014-0150,0.01872,0.76301
CVE-2014-0151,0.01136,0.57949
CVE-2014-0152,0.01055,0.50287
CVE-2014-0153,0.01055,0.50287
CVE-2014-0154,0.01055,0.50287
CVE-2014-0155,0.0089,0.2856
CVE-2014-0156,0.0144,0.7265
CVE-2014-0157,0.01213,0.6557
CVE-2014-0158,0.01055,0.50287
CVE-2014-0159,0.01319,0.70416
CVE-2014-0161,0.00885,0.26162
CVE-2014-0162,0.01132,0.54372
CVE-2014-0163,0.02055,0.7893
CVE-2014-0164,0.00885,0.26162
CVE-2014-0165,0.01132,0.54372
CVE-2014-0167,0.01061,0.51015
CVE-2014-0168,0.01055,0.50287
CVE-2014-0169,0.00885,0.26162
CVE-2014-0170,0.01213,0.6557
CVE-2014-0171,0.01055,0.50287
CVE-2014-0172,0.04967,0.88981
CVE-2014-0173,0.01213,0.6557
CVE-2014-0174,0.01055,0.50287
CVE-2014-0175,0.00954,0.34522
CVE-2014-0176,0.01055,0.50287
CVE-2014-0177,0.00885,0.26162
CVE-2014-0178,0.02186,0.8012
CVE-2014-0179,0.01282,0.67298
CVE-2014-0180,0.01055,0.50287
CVE-2014-0181,0.01282,0.67298
CVE-2014-0182,0.06523,0.90962
CVE-2014-0183,0.00885,0.26162
CVE-2014-0184,0.00885,0.26162
CVE-2014-0185,0.01282,0.67298
CVE-2014-0186,0.01213,0.6557
CVE-2014-0187,0.01132,0.54372
CVE-2014-0188,0.01136,0.57949
CVE-2014-0189,0.0095,0.30554
CVE-2014-0190,0.01408,0.72072
CVE-2014-0191,0.03407,0.83908
CVE-2014-0192,0.01136,0.57949
CVE-2014-0193,0.03779,0.84781
CVE-2014-0197,0.00885,0.26162
CVE-2014-0198,0.34498,0.97626
CVE-2014-0199,0.00885,0.26162
CVE-2014-0200,0.00885,0.26162
CVE-2014-0201,0.00885,0.26162
CVE-2014-0202,0.00885,0.26162
CVE-2014-0203,0.01282,0.67298
CVE-2014-0204,0.01061,0.51015
CVE-2014-0205,0.01108,0.53389
CVE-2014-0206,0.01547,0.74085
CVE-2014-0207,0.03932,0.8519
CVE-2014-0208,0.01061,0.51015
CVE-2014-0209,0.01547,0.74085
CVE-2014-0210,0.04421,0.87629
CVE-2014-0211,0.04421,0.87629
CVE-2014-0212,0.00954,0.34522
CVE-2014-0213,0.01136,0.57949
CVE-2014-0214,0.01136,0.57949
CVE-2014-0215,0.01061,0.51015
CVE-2014-0216,0.01136,0.57949
CVE-2014-0217,0.01136,0.57949
CVE-2014-0218,0.01213,0.6557
CVE-2014-0219,0.0089,0.2856
CVE-2014-0220,0.01132,0.54372
CVE-2014-0221,0.34498,0.97626
CVE-2014-0222,0.01408,0.72072
CVE-2014-0223,0.01755,0.75287
CVE-2014-0225,0.00885,0.26162
CVE-2014-0227,0.07344,0.92237
CVE-2014-0228,0.01061,0.51015
CVE-2014-0229,0.01055,0.50287
CVE-2014-0230,0.07344,0.92237
CVE-2014-0231,0.07344,0.92237
CVE-2014-0232,0.03384,0.83655
CVE-2014-0233,0.01061,0.51015
CVE-2014-0234,0.01213,0.6557
CVE-2014-0236,0.01136,0.57949
CVE-2014-0237,0.03779,0.84781
CVE-2014-0238,0.03779,0.84781
CVE-2014-0239,0.01213,0.6557
CVE-2014-0240,0.01034,0.39824
CVE-2014-0241,0.00885,0.26162
CVE-2014-0242,0.08382,0.93597
CVE-2014-0243,0.01282,0.67298
CVE-2014-0244,0.04358,0.87435
CVE-2014-0245,0.01136,0.57949
CVE-2014-0246,0.00954,0.34522
CVE-2014-0247,0.02686,0.82061
CVE-2014-0248,0.1127,0.94787
CVE-2014-0249,0.00885,0.26162
CVE-2014-0250,0.01974,0.7812
CVE-2014-0251,0.31026,0.97439
CVE-2014-0253,0.37093,0.97809
CVE-2014-0254,0.33187,0.97548
CVE-2014-0255,0.55538,0.98732
CVE-2014-0256,0.55538,0.98732
CVE-2014-0257,0.9104,0.99867
CVE-2014-0258,0.38845,0.97925
CVE-2014-0259,0.38845,0.97925
CVE-2014-0260,0.37613,0.97836
CVE-2014-0261,0.15402,0.95781
CVE-2014-0262,0.01205,0.60537
CVE-2014-0263,0.60981,0.98872
CVE-2014-0266,0.27846,0.97095
CVE-2014-0267,0.38624000000000003,0.97905
CVE-2014-0268,0.295,0.973
CVE-2014-0269,0.38624000000000003,0.97905
CVE-2014-0270,0.38624000000000003,0.97905
CVE-2014-0271,0.43722,0.98221
CVE-2014-0272,0.38624000000000003,0.97905
CVE-2014-0273,0.38624000000000003,0.97905
CVE-2014-0274,0.38624000000000003,0.97905
CVE-2014-0275,0.38624000000000003,0.97905
CVE-2014-0276,0.38624000000000003,0.97905
CVE-2014-0277,0.43722,0.98221
CVE-2014-0278,0.38624000000000003,0.97905
CVE-2014-0279,0.38624000000000003,0.97905
CVE-2014-0280,0.38624000000000003,0.97905
CVE-2014-0281,0.38624000000000003,0.97905
CVE-2014-0283,0.38624000000000003,0.97905
CVE-2014-0284,0.38624000000000003,0.97905
CVE-2014-0285,0.38624000000000003,0.97905
CVE-2014-0286,0.38624000000000003,0.97905
CVE-2014-0287,0.38624000000000003,0.97905
CVE-2014-0288,0.38624000000000003,0.97905
CVE-2014-0289,0.38624000000000003,0.97905
CVE-2014-0290,0.30149,0.97391
CVE-2014-0293,0.295,0.973
CVE-2014-0294,0.60981,0.98872
CVE-2014-0295,0.49485,0.98543
CVE-2014-0296,0.12182,0.94986
CVE-2014-0297,0.30987,0.97438
CVE-2014-0298,0.30987,0.97438
CVE-2014-0299,0.30987,0.97438
CVE-2014-0300,0.0117,0.60048
CVE-2014-0301,0.23003,0.96493
CVE-2014-0302,0.30987,0.97438
CVE-2014-0303,0.30987,0.97438
CVE-2014-0304,0.30987,0.97438
CVE-2014-0305,0.30987,0.97438
CVE-2014-0306,0.30987,0.97438
CVE-2014-0307,0.91036,0.99867
CVE-2014-0308,0.30987,0.97438
CVE-2014-0309,0.30987,0.97438
CVE-2014-0310,0.30987,0.97438
CVE-2014-0311,0.30987,0.97438
CVE-2014-0312,0.30987,0.97438
CVE-2014-0313,0.30987,0.97438
CVE-2014-0314,0.30987,0.97438
CVE-2014-0315,0.20038,0.96229
CVE-2014-0316,0.25802,0.96904
CVE-2014-0317,0.18147,0.96089
CVE-2014-0318,0.01205,0.60537
CVE-2014-0319,0.05345,0.89414
CVE-2014-0321,0.30987,0.97438
CVE-2014-0322,0.91672,0.99882
CVE-2014-0323,0.0117,0.60048
CVE-2014-0324,0.30987,0.97438
CVE-2014-0325,0.29417,0.97293
CVE-2014-0326,0.01055,0.50287
CVE-2014-0327,0.04611,0.88458
CVE-2014-0328,0.0434,0.87049
CVE-2014-0329,0.08595,0.9363
CVE-2014-0330,0.01213,0.6557
CVE-2014-0331,0.01213,0.6557
CVE-2014-0332,0.01213,0.6557
CVE-2014-0333,0.01213,0.6557
CVE-2014-0334,0.02191,0.8013
CVE-2014-0335,0.01055,0.50287
CVE-2014-0336,0.01055,0.50287
CVE-2014-0337,0.01055,0.50287
CVE-2014-0338,0.01213,0.6557
CVE-2014-0339,0.01213,0.6557
CVE-2014-0341,0.01232,0.66248
CVE-2014-0342,0.01213,0.6557
CVE-2014-0343,0.01055,0.50287
CVE-2014-0344,0.01055,0.50287
CVE-2014-0347,0.01055,0.50287
CVE-2014-0348,0.01055,0.50287
CVE-2014-0349,0.04611,0.88458
CVE-2014-0350,0.01018,0.38792
CVE-2014-0351,0.01018,0.38792
CVE-2014-0353,0.01055,0.50287
CVE-2014-0354,0.01055,0.50287
CVE-2014-0355,0.03742,0.84386
CVE-2014-0356,0.03977,0.85263
CVE-2014-0357,0.01136,0.57949
CVE-2014-0358,0.07584,0.92581
CVE-2014-0359,0.01055,0.50287
CVE-2014-0361,0.00885,0.26162
CVE-2014-0362,0.01055,0.50287
CVE-2014-0363,0.01108,0.53389
CVE-2014-0364,0.01319,0.70416
CVE-2014-0366,0.01232,0.66248
CVE-2014-0367,0.01132,0.54372
CVE-2014-0368,0.04358,0.87435
CVE-2014-0369,0.01319,0.70416
CVE-2014-0370,0.01232,0.66248
CVE-2014-0371,0.01232,0.66248
CVE-2014-0372,0.08605,0.9363
CVE-2014-0373,0.04358,0.87435
CVE-2014-0374,0.01319,0.70416
CVE-2014-0375,0.03932,0.8519
CVE-2014-0376,0.04358,0.87435
CVE-2014-0377,0.01232,0.66248
CVE-2014-0378,0.01034,0.39824
CVE-2014-0379,0.12402,0.95125
CVE-2014-0380,0.01319,0.70416
CVE-2014-0381,0.01319,0.70416
CVE-2014-0382,0.03779,0.84781
CVE-2014-0383,0.01232,0.66248
CVE-2014-0384,0.01232,0.66248
CVE-2014-0385,0.01319,0.70416
CVE-2014-0386,0.02186,0.8012
CVE-2014-0387,0.03932,0.8519
CVE-2014-0388,0.01232,0.66248
CVE-2014-0389,0.01319,0.70416
CVE-2014-0390,0.01319,0.70416
CVE-2014-0391,0.01319,0.70416
CVE-2014-0392,0.01232,0.66248
CVE-2014-0393,0.02186,0.8012
CVE-2014-0394,0.01319,0.70416
CVE-2014-0395,0.01319,0.70416
CVE-2014-0396,0.01319,0.70416
CVE-2014-0397,0.00954,0.34522
CVE-2014-0398,0.01319,0.70416
CVE-2014-0399,0.01132,0.54372
CVE-2014-0400,0.01232,0.66248
CVE-2014-0401,0.02186,0.8012
CVE-2014-0402,0.02186,0.8012
CVE-2014-0403,0.03932,0.8519
CVE-2014-0404,0.01104,0.52279
CVE-2014-0405,0.01034,0.39824
CVE-2014-0406,0.01104,0.52279
CVE-2014-0407,0.01104,0.52279
CVE-2014-0408,0.01955,0.77585
CVE-2014-0410,0.04358,0.87435
CVE-2014-0411,0.08269,0.93273
CVE-2014-0412,0.02186,0.8012
CVE-2014-0413,0.01055,0.50287
CVE-2014-0414,0.01055,0.50287
CVE-2014-0415,0.04358,0.87435
CVE-2014-0416,0.04358,0.87435
CVE-2014-0417,0.03932,0.8519
CVE-2014-0418,0.03779,0.84781
CVE-2014-0419,0.01319,0.70416
CVE-2014-0420,0.02186,0.8012
CVE-2014-0421,0.00885,0.26162
CVE-2014-0422,0.04358,0.87435
CVE-2014-0423,0.02528,0.8112
CVE-2014-0424,0.04358,0.87435
CVE-2014-0425,0.01232,0.66248
CVE-2014-0426,0.01055,0.50287
CVE-2014-0427,0.01232,0.66248
CVE-2014-0428,0.04358,0.87435
CVE-2014-0429,0.04358,0.87435
CVE-2014-0430,0.01232,0.66248
CVE-2014-0431,0.01232,0.66248
CVE-2014-0432,0.01319,0.70416
CVE-2014-0433,0.01319,0.70416
CVE-2014-0434,0.01319,0.70416
CVE-2014-0435,0.01132,0.54372
CVE-2014-0436,0.01319,0.70416
CVE-2014-0437,0.02186,0.8012
CVE-2014-0438,0.01232,0.66248
CVE-2014-0439,0.01232,0.66248
CVE-2014-0440,0.01232,0.66248
CVE-2014-0441,0.01319,0.70416
CVE-2014-0442,0.00885,0.26162
CVE-2014-0443,0.01319,0.70416
CVE-2014-0444,0.01232,0.66248
CVE-2014-0445,0.01319,0.70416
CVE-2014-0446,0.04358,0.87435
CVE-2014-0447,0.00885,0.26162
CVE-2014-0448,0.01319,0.70416
CVE-2014-0449,0.02172,0.79917
CVE-2014-0450,0.01055,0.50287
CVE-2014-0451,0.03779,0.84781
CVE-2014-0452,0.03779,0.84781
CVE-2014-0453,0.03932,0.8519
CVE-2014-0454,0.02172,0.79917
CVE-2014-0455,0.01955,0.77585
CVE-2014-0456,0.03779,0.84781
CVE-2014-0457,0.04358,0.87435
CVE-2014-0458,0.03779,0.84781
CVE-2014-0459,0.03407,0.83908
CVE-2014-0460,0.03932,0.8519
CVE-2014-0461,0.03932,0.8519
CVE-2014-0462,0.00954,0.34522
CVE-2014-0463,0.01136,0.57949
CVE-2014-0464,0.01136,0.57949
CVE-2014-0465,0.01055,0.50287
CVE-2014-0466,0.01018,0.38792
CVE-2014-0467,0.01974,0.7812
CVE-2014-0469,0.06309,0.90494
CVE-2014-0470,0.00885,0.26162
CVE-2014-0471,0.01136,0.57949
CVE-2014-0473,0.01319,0.70416
CVE-2014-0474,0.01319,0.70416
CVE-2014-0475,0.01537,0.73595
CVE-2014-0476,0.02094,0.79057
CVE-2014-0477,0.01974,0.7812
CVE-2014-0478,0.01018,0.38792
CVE-2014-0479,0.01319,0.70416
CVE-2014-0480,0.01319,0.70416
CVE-2014-0481,0.01319,0.70416
CVE-2014-0482,0.01232,0.66248
CVE-2014-0483,0.01232,0.66248
CVE-2014-0484,0.00885,0.26162
CVE-2014-0485,0.06523,0.90962
CVE-2014-0486,0.01136,0.57949
CVE-2014-0487,0.01018,0.38792
CVE-2014-0488,0.01213,0.6557
CVE-2014-0489,0.06523,0.90962
CVE-2014-0490,0.06523,0.90962
CVE-2014-0491,0.01308,0.67354
CVE-2014-0492,0.01308,0.67354
CVE-2014-0493,0.05268,0.89299
CVE-2014-0494,0.03788,0.84809
CVE-2014-0495,0.05268,0.89299
CVE-2014-0496,0.05268,0.89299
CVE-2014-0497,0.9405,0.99942
CVE-2014-0498,0.03961,0.85248
CVE-2014-0499,0.01308,0.67354
CVE-2014-0500,0.08609,0.93636
CVE-2014-0501,0.08609,0.93636
CVE-2014-0502,0.08263,0.93269
CVE-2014-0503,0.01213,0.6557
CVE-2014-0504,0.01202,0.60495
CVE-2014-0505,0.04611,0.88458
CVE-2014-0506,0.08263,0.93269
CVE-2014-0507,0.04219,0.86801
CVE-2014-0508,0.01308,0.67354
CVE-2014-0509,0.01408,0.72072
CVE-2014-0510,0.07777,0.92953
CVE-2014-0511,0.06523,0.90962
CVE-2014-0512,0.01126,0.53553
CVE-2014-0513,0.04611,0.88458
CVE-2014-0514,0.91546,0.99878
CVE-2014-0515,0.89088,0.99807
CVE-2014-0516,0.01213,0.6557
CVE-2014-0517,0.01202,0.60495
CVE-2014-0518,0.01202,0.60495
CVE-2014-0519,0.01202,0.60495
CVE-2014-0520,0.01202,0.60495
CVE-2014-0522,0.05094,0.89039
CVE-2014-0523,0.05268,0.89299
CVE-2014-0524,0.05094,0.89039
CVE-2014-0525,0.05094,0.89039
CVE-2014-0526,0.05094,0.89039
CVE-2014-0527,0.12329,0.95118
CVE-2014-0528,0.05094,0.89039
CVE-2014-0529,0.05268,0.89299
CVE-2014-0531,0.03407,0.83908
CVE-2014-0532,0.03407,0.83908
CVE-2014-0533,0.03407,0.83908
CVE-2014-0534,0.02686,0.82061
CVE-2014-0535,0.02686,0.82061
CVE-2014-0536,0.0443,0.87699
CVE-2014-0537,0.01308,0.67354
CVE-2014-0538,0.04219,0.86801
CVE-2014-0539,0.01308,0.67354
CVE-2014-0540,0.01202,0.60495
CVE-2014-0541,0.01308,0.67354
CVE-2014-0542,0.01202,0.60495
CVE-2014-0543,0.01202,0.60495
CVE-2014-0544,0.01202,0.60495
CVE-2014-0545,0.01202,0.60495
CVE-2014-0546,0.01046,0.41635
CVE-2014-0547,0.0443,0.87699
CVE-2014-0548,0.01974,0.7812
CVE-2014-0549,0.0443,0.87699
CVE-2014-0550,0.0443,0.87699
CVE-2014-0551,0.0443,0.87699
CVE-2014-0552,0.0443,0.87699
CVE-2014-0553,0.04631,0.88514
CVE-2014-0554,0.01537,0.73595
CVE-2014-0555,0.0443,0.87699
CVE-2014-0556,0.92408,0.99904
CVE-2014-0557,0.01537,0.73595
CVE-2014-0558,0.03788,0.84809
CVE-2014-0559,0.04631,0.88514
CVE-2014-0560,0.03601,0.84249
CVE-2014-0561,0.03601,0.84249
CVE-2014-0562,0.01213,0.6557
CVE-2014-0563,0.01202,0.60495
CVE-2014-0564,0.03788,0.84809
CVE-2014-0565,0.03444,0.84021
CVE-2014-0566,0.03788,0.84809
CVE-2014-0567,0.03601,0.84249
CVE-2014-0568,0.01202,0.60495
CVE-2014-0569,0.94016,0.9994
CVE-2014-0570,0.01055,0.50287
CVE-2014-0571,0.01055,0.50287
CVE-2014-0572,0.01046,0.41635
CVE-2014-0573,0.05268,0.89299
CVE-2014-0574,0.03601,0.84249
CVE-2014-0576,0.05268,0.89299
CVE-2014-0577,0.05268,0.89299
CVE-2014-0578,0.01319,0.70416
CVE-2014-0580,0.01055,0.50287
CVE-2014-0581,0.05268,0.89299
CVE-2014-0582,0.03601,0.84249
CVE-2014-0583,0.01126,0.53553
CVE-2014-0584,0.05268,0.89299
CVE-2014-0585,0.05268,0.89299
CVE-2014-0586,0.05268,0.89299
CVE-2014-0587,0.05094,0.89039
CVE-2014-0588,0.03601,0.84249
CVE-2014-0589,0.03601,0.84249
CVE-2014-0590,0.05268,0.89299
CVE-2014-0591,0.26383,0.96972
CVE-2014-0592,0.01213,0.6557
CVE-2014-0593,0.02509,0.81058
CVE-2014-0594,0.00885,0.26162
CVE-2014-0595,0.0089,0.2856
CVE-2014-0598,0.01018,0.38792
CVE-2014-0599,0.01136,0.57949
CVE-2014-0600,0.01213,0.6557
CVE-2014-0602,0.04611,0.88458
CVE-2014-0603,0.04291,0.87022
CVE-2014-0604,0.05822,0.89998
CVE-2014-0605,0.05822,0.89998
CVE-2014-0607,0.04611,0.88458
CVE-2014-0609,0.00954,0.34522
CVE-2014-0610,0.04291,0.87022
CVE-2014-0611,0.01408,0.72072
CVE-2014-0612,0.01213,0.6557
CVE-2014-0613,0.01136,0.57949
CVE-2014-0614,0.01213,0.6557
CVE-2014-0615,0.0095,0.30554
CVE-2014-0616,0.01213,0.6557
CVE-2014-0617,0.01213,0.6557
CVE-2014-0618,0.01213,0.6557
CVE-2014-0619,0.0272,0.82083
CVE-2014-0620,0.01953,0.77242
CVE-2014-0621,0.07032,0.919
CVE-2014-0622,0.01132,0.54372
CVE-2014-0623,0.01055,0.50287
CVE-2014-0624,0.01055,0.50287
CVE-2014-0625,0.01055,0.50287
CVE-2014-0626,0.01055,0.50287
CVE-2014-0627,0.01055,0.50287
CVE-2014-0628,0.01055,0.50287
CVE-2014-0629,0.01055,0.50287
CVE-2014-0630,0.01055,0.50287
CVE-2014-0632,0.05822,0.89998
CVE-2014-0633,0.07018,0.91869
CVE-2014-0634,0.01055,0.50287
CVE-2014-0635,0.01055,0.50287
CVE-2014-0636,0.00885,0.26162
CVE-2014-0637,0.01055,0.50287
CVE-2014-0638,0.01055,0.50287
CVE-2014-0639,0.01213,0.6557
CVE-2014-0640,0.01132,0.54372
CVE-2014-0641,0.01213,0.6557
CVE-2014-0642,0.01055,0.50287
CVE-2014-0643,0.01055,0.50287
CVE-2014-0644,0.76812,0.99366
CVE-2014-0645,0.00954,0.34522
CVE-2014-0646,0.00885,0.26162
CVE-2014-0647,0.01282,0.67298
CVE-2014-0648,0.01319,0.70416
CVE-2014-0649,0.01232,0.66248
CVE-2014-0650,0.01319,0.70416
CVE-2014-0651,0.01232,0.66248
CVE-2014-0652,0.01319,0.70416
CVE-2014-0653,0.01319,0.70416
CVE-2014-0654,0.01319,0.70416
CVE-2014-0655,0.01319,0.70416
CVE-2014-0656,0.01132,0.54372
CVE-2014-0657,0.01232,0.66248
CVE-2014-0658,0.01319,0.70416
CVE-2014-0659,0.84271,0.99603
CVE-2014-0660,0.01319,0.70416
CVE-2014-0661,0.01319,0.70416
CVE-2014-0662,0.01319,0.70416
CVE-2014-0663,0.01319,0.70416
CVE-2014-0664,0.01232,0.66248
CVE-2014-0665,0.01232,0.66248
CVE-2014-0666,0.07525,0.92398
CVE-2014-0667,0.01232,0.66248
CVE-2014-0668,0.01319,0.70416
CVE-2014-0669,0.01319,0.70416
CVE-2014-0670,0.01319,0.70416
CVE-2014-0671,0.01319,0.70416
CVE-2014-0672,0.01232,0.66248
CVE-2014-0673,0.01319,0.70416
CVE-2014-0674,0.01319,0.70416
CVE-2014-0675,0.01319,0.70416
CVE-2014-0676,0.01034,0.39824
CVE-2014-0677,0.01319,0.70416
CVE-2014-0678,0.01232,0.66248
CVE-2014-0679,0.01055,0.50287
CVE-2014-0680,0.01319,0.70416
CVE-2014-0681,0.01319,0.70416
CVE-2014-0682,0.01232,0.66248
CVE-2014-0683,0.01055,0.50287
CVE-2014-0684,0.00885,0.26162
CVE-2014-0685,0.01055,0.50287
CVE-2014-0686,0.01034,0.39824
CVE-2014-0691,0.01055,0.50287
CVE-2014-0694,0.01055,0.50287
CVE-2014-0701,0.01055,0.50287
CVE-2014-0703,0.01055,0.50287
CVE-2014-0704,0.01055,0.50287
CVE-2014-0705,0.01055,0.50287
CVE-2014-0706,0.01055,0.50287
CVE-2014-0707,0.01055,0.50287
CVE-2014-0708,0.01055,0.50287
CVE-2014-0709,0.01055,0.50287
CVE-2014-0710,0.01055,0.50287
CVE-2014-0718,0.01055,0.50287
CVE-2014-0719,0.01055,0.50287
CVE-2014-0720,0.01055,0.50287
CVE-2014-0721,0.01055,0.50287
CVE-2014-0722,0.01055,0.50287
CVE-2014-0723,0.01213,0.6557
CVE-2014-0724,0.01055,0.50287
CVE-2014-0725,0.01055,0.50287
CVE-2014-0726,0.01213,0.6557
CVE-2014-0727,0.01213,0.6557
CVE-2014-0728,0.01213,0.6557
CVE-2014-0729,0.01136,0.57949
CVE-2014-0730,0.00885,0.26162
CVE-2014-0731,0.01055,0.50287
CVE-2014-0732,0.01055,0.50287
CVE-2014-0733,0.01055,0.50287
CVE-2014-0734,0.01136,0.57949
CVE-2014-0735,0.01213,0.6557
CVE-2014-0736,0.01136,0.57949
CVE-2014-0737,0.01055,0.50287
CVE-2014-0738,0.01055,0.50287
CVE-2014-0739,0.01055,0.50287
CVE-2014-0740,0.01136,0.57949
CVE-2014-0741,0.0089,0.2856
CVE-2014-0742,0.0089,0.2856
CVE-2014-0743,0.01136,0.57949
CVE-2014-0745,0.01055,0.50287
CVE-2014-0746,0.01055,0.50287
CVE-2014-0747,0.0089,0.2856
CVE-2014-0748,0.00885,0.26162
CVE-2014-0749,0.42263,0.98164
CVE-2014-0750,0.83379,0.99578
CVE-2014-0751,0.06523,0.90962
CVE-2014-0752,0.01055,0.50287
CVE-2014-0753,0.01136,0.57949
CVE-2014-0754,0.01136,0.57949
CVE-2014-0755,0.0095,0.30554
CVE-2014-0757,0.01055,0.50287
CVE-2014-0758,0.01055,0.50287
CVE-2014-0759,0.00885,0.26162
CVE-2014-0760,0.04611,0.88458
CVE-2014-0761,0.01055,0.50287
CVE-2014-0762,0.00885,0.26162
CVE-2014-0763,0.35503,0.97736
CVE-2014-0764,0.05822,0.89998
CVE-2014-0765,0.05822,0.89998
CVE-2014-0766,0.05822,0.89998
CVE-2014-0767,0.05822,0.89998
CVE-2014-0768,0.05822,0.89998
CVE-2014-0769,0.01055,0.50287
CVE-2014-0770,0.04611,0.88458
CVE-2014-0771,0.01055,0.50287
CVE-2014-0772,0.01055,0.50287
CVE-2014-0773,0.01055,0.50287
CVE-2014-0774,0.00954,0.34522
CVE-2014-0777,0.01055,0.50287
CVE-2014-0778,0.01055,0.50287
CVE-2014-0779,0.01055,0.50287
CVE-2014-0780,0.12753,0.95373
CVE-2014-0781,0.6,0.98835
CVE-2014-0782,0.73343,0.99235
CVE-2014-0783,0.75644,0.99327
CVE-2014-0784,0.75644,0.99327
CVE-2014-0786,0.01055,0.50287
CVE-2014-0787,0.12131,0.94983
CVE-2014-0789,0.01055,0.50287
CVE-2014-0791,0.01537,0.73595
CVE-2014-0792,0.06523,0.90962
CVE-2014-0793,0.01953,0.77242
CVE-2014-0794,0.01139,0.58345
CVE-2014-0802,0.00885,0.26162
CVE-2014-0803,0.01018,0.38792
CVE-2014-0804,0.01018,0.38792
CVE-2014-0805,0.01108,0.53389
CVE-2014-0806,0.01055,0.50287
CVE-2014-0807,0.01136,0.57949
CVE-2014-0808,0.01136,0.57949
CVE-2014-0809,0.01213,0.6557
CVE-2014-0810,0.06523,0.90962
CVE-2014-0811,0.01136,0.57949
CVE-2014-0812,0.01213,0.6557
CVE-2014-0813,0.01319,0.70416
CVE-2014-0814,0.01319,0.70416
CVE-2014-0815,0.01018,0.38792
CVE-2014-0817,0.01132,0.54372
CVE-2014-0818,0.00885,0.26162
CVE-2014-0819,0.00885,0.26162
CVE-2014-0820,0.01132,0.54372
CVE-2014-0821,0.01132,0.54372
CVE-2014-0822,0.01213,0.6557
CVE-2014-0823,0.01213,0.6557
CVE-2014-0824,0.01061,0.51015
CVE-2014-0825,0.01061,0.51015
CVE-2014-0827,0.01136,0.57949
CVE-2014-0828,0.01213,0.6557
CVE-2014-0829,0.01061,0.51015
CVE-2014-0830,0.01055,0.50287
CVE-2014-0831,0.01136,0.57949
CVE-2014-0832,0.01055,0.50287
CVE-2014-0833,0.01061,0.51015
CVE-2014-0834,0.01034,0.39824
CVE-2014-0835,0.01319,0.70416
CVE-2014-0836,0.01319,0.70416
CVE-2014-0837,0.01108,0.53389
CVE-2014-0838,0.01213,0.6557
CVE-2014-0839,0.01055,0.50287
CVE-2014-0840,0.01061,0.51015
CVE-2014-0841,0.00885,0.26162
CVE-2014-0842,0.01055,0.50287
CVE-2014-0843,0.01061,0.51015
CVE-2014-0844,0.01055,0.50287
CVE-2014-0845,0.01061,0.51015
CVE-2014-0846,0.01061,0.51015
CVE-2014-0848,0.01055,0.50287
CVE-2014-0849,0.01061,0.51015
CVE-2014-0850,0.01055,0.50287
CVE-2014-0852,0.01213,0.6557
CVE-2014-0853,0.01061,0.51015
CVE-2014-0854,0.01055,0.50287
CVE-2014-0855,0.01055,0.50287
CVE-2014-0857,0.01132,0.54372
CVE-2014-0858,0.01055,0.50287
CVE-2014-0859,0.01319,0.70416
CVE-2014-0860,0.00885,0.26162
CVE-2014-0861,0.01055,0.50287
CVE-2014-0862,0.05822,0.89998
CVE-2014-0863,0.01132,0.54372
CVE-2014-0864,0.01319,0.70416
CVE-2014-0865,0.01232,0.66248
CVE-2014-0866,0.01319,0.70416
CVE-2014-0867,0.01319,0.70416
CVE-2014-0868,0.01232,0.66248
CVE-2014-0869,0.01319,0.70416
CVE-2014-0870,0.01319,0.70416
CVE-2014-0871,0.01319,0.70416
CVE-2014-0872,0.00885,0.26162
CVE-2014-0873,0.01055,0.50287
CVE-2014-0874,0.01132,0.54372
CVE-2014-0875,0.01055,0.50287
CVE-2014-0876,0.0089,0.2856
CVE-2014-0877,0.01055,0.50287
CVE-2014-0878,0.02686,0.82061
CVE-2014-0879,0.05629,0.89602
CVE-2014-0880,0.01055,0.50287
CVE-2014-0881,0.01136,0.57949
CVE-2014-0882,0.01061,0.51015
CVE-2014-0883,0.01055,0.50287
CVE-2014-0884,0.01055,0.50287
CVE-2014-0885,0.01055,0.50287
CVE-2014-0886,0.01055,0.50287
CVE-2014-0887,0.01055,0.50287
CVE-2014-0888,0.01055,0.50287
CVE-2014-0889,0.01213,0.6557
CVE-2014-0890,0.00885,0.26162
CVE-2014-0891,0.01213,0.6557
CVE-2014-0892,0.06523,0.90962
CVE-2014-0893,0.01136,0.57949
CVE-2014-0894,0.01034,0.39824
CVE-2014-0895,0.06523,0.90962
CVE-2014-0896,0.01136,0.57949
CVE-2014-0897,0.01061,0.51015
CVE-2014-0899,0.01132,0.54372
CVE-2014-0900,0.00885,0.26162
CVE-2014-0901,0.01132,0.54372
CVE-2014-0904,0.05629,0.89602
CVE-2014-0905,0.01055,0.50287
CVE-2014-0906,0.01055,0.50287
CVE-2014-0907,0.01547,0.74085
CVE-2014-0908,0.01061,0.51015
CVE-2014-0909,0.01213,0.6557
CVE-2014-0910,0.02191,0.8013
CVE-2014-0911,0.01136,0.57949
CVE-2014-0912,0.01055,0.50287
CVE-2014-0913,0.01136,0.57949
CVE-2014-0914,0.01232,0.66248
CVE-2014-0915,0.01232,0.66248
CVE-2014-0917,0.01213,0.6557
CVE-2014-0918,0.01213,0.6557
CVE-2014-0919,0.01315,0.67456
CVE-2014-0920,0.01061,0.51015
CVE-2014-0921,0.01136,0.57949
CVE-2014-0922,0.01136,0.57949
CVE-2014-0923,0.01136,0.57949
CVE-2014-0924,0.01061,0.51015
CVE-2014-0925,0.01055,0.50287
CVE-2014-0927,0.01055,0.50287
CVE-2014-0929,0.01132,0.54372
CVE-2014-0930,0.01282,0.67298
CVE-2014-0931,0.01055,0.50287
CVE-2014-0932,0.01132,0.54372
CVE-2014-0933,0.01136,0.57949
CVE-2014-0935,0.00885,0.26162
CVE-2014-0936,0.01055,0.50287
CVE-2014-0940,0.01213,0.6557
CVE-2014-0941,0.01055,0.50287
CVE-2014-0942,0.01055,0.50287
CVE-2014-0943,0.01213,0.6557
CVE-2014-0944,0.05629,0.89602
CVE-2014-0945,0.05629,0.89602
CVE-2014-0946,0.05822,0.89998
CVE-2014-0947,0.05822,0.89998
CVE-2014-0948,0.05629,0.89602
CVE-2014-0949,0.01136,0.57949
CVE-2014-0950,0.01055,0.50287
CVE-2014-0951,0.01136,0.57949
CVE-2014-0952,0.01136,0.57949
CVE-2014-0953,0.01213,0.6557
CVE-2014-0954,0.01136,0.57949
CVE-2014-0955,0.01136,0.57949
CVE-2014-0956,0.01136,0.57949
CVE-2014-0957,0.01213,0.6557
CVE-2014-0958,0.01136,0.57949
CVE-2014-0959,0.01061,0.51015
CVE-2014-0960,0.01061,0.51015
CVE-2014-0961,0.01132,0.54372
CVE-2014-0963,0.02172,0.79917
CVE-2014-0964,0.01319,0.70416
CVE-2014-0965,0.01319,0.70416
CVE-2014-0966,0.01132,0.54372
CVE-2014-0967,0.01055,0.50287
CVE-2014-0968,0.01055,0.50287
CVE-2014-0969,0.01319,0.70416
CVE-2014-0970,0.01055,0.50287
CVE-2014-0972,0.00885,0.26162
CVE-2014-0973,0.00885,0.26162
CVE-2014-0974,0.00885,0.26162
CVE-2014-0977,0.01955,0.77585
CVE-2014-0978,0.01955,0.77585
CVE-2014-0979,0.01282,0.67298
CVE-2014-0980,0.79288,0.99444
CVE-2014-0981,0.02172,0.79379
CVE-2014-0983,0.08131,0.93072
CVE-2014-0984,0.08097,0.93067
CVE-2014-0985,0.05629,0.89602
CVE-2014-0986,0.05629,0.89602
CVE-2014-0987,0.05629,0.89602
CVE-2014-0988,0.05629,0.89602
CVE-2014-0989,0.05629,0.89602
CVE-2014-0990,0.05629,0.89602
CVE-2014-0991,0.05629,0.89602
CVE-2014-0992,0.05629,0.89602
CVE-2014-0993,0.06309,0.90494
CVE-2014-0994,0.0292,0.82516
CVE-2014-0995,0.09796,0.94061
CVE-2014-0997,0.10212,0.94357
CVE-2014-0998,0.0095,0.30554
CVE-2014-0999,0.01213,0.6557
CVE-2014-100001,0.01136,0.57949
CVE-2014-100002,0.76812,0.99366
CVE-2014-100003,0.01564,0.74439
CVE-2014-100004,0.01319,0.70416
CVE-2014-100005,0.3747,0.9783
CVE-2014-100006,0.01136,0.57949
CVE-2014-100007,0.01136,0.57949
CVE-2014-100008,0.01136,0.57949
CVE-2014-100009,0.01055,0.50287
CVE-2014-10001,0.01213,0.6557
CVE-2014-100010,0.01213,0.6557
CVE-2014-100011,0.01564,0.74439
CVE-2014-100012,0.01564,0.74439
CVE-2014-100013,0.01953,0.77242
CVE-2014-100014,0.12131,0.94983
CVE-2014-100015,0.76322,0.9934
CVE-2014-100016,0.01213,0.6557
CVE-2014-100017,0.01953,0.77242
CVE-2014-100018,0.01213,0.6557
CVE-2014-100019,0.01213,0.6557
CVE-2014-10002,0.01055,0.50287
CVE-2014-100020,0.01213,0.6557
CVE-2014-100021,0.01213,0.6557
CVE-2014-100022,0.01213,0.6557
CVE-2014-100023,0.01213,0.6557
CVE-2014-100024,0.01213,0.6557
CVE-2014-100025,0.01213,0.6557
CVE-2014-100026,0.01213,0.6557
CVE-2014-100027,0.01213,0.6557
CVE-2014-100028,0.01213,0.6557
CVE-2014-100029,0.01055,0.50287
CVE-2014-10003,0.01136,0.57949
CVE-2014-100030,0.01136,0.57949
CVE-2014-100031,0.01136,0.57949
CVE-2014-100032,0.01055,0.50287
CVE-2014-100033,0.01136,0.57949
CVE-2014-100034,0.01136,0.57949
CVE-2014-100035,0.01055,0.50287
CVE-2014-100036,0.01213,0.6557
CVE-2014-100037,0.01055,0.50287
CVE-2014-100038,0.01136,0.57949
CVE-2014-100039,0.01832,0.76196
CVE-2014-10004,0.01136,0.57949
CVE-2014-10005,0.01055,0.50287
CVE-2014-10006,0.01055,0.50287
CVE-2014-10007,0.01136,0.57949
CVE-2014-10008,0.01213,0.6557
CVE-2014-10009,0.01213,0.6557
CVE-2014-10010,0.01136,0.57949
CVE-2014-10011,0.12131,0.94983
CVE-2014-10012,0.01055,0.50287
CVE-2014-10013,0.01564,0.74439
CVE-2014-10014,0.01213,0.6557
CVE-2014-10015,0.01055,0.50287
CVE-2014-10016,0.01213,0.6557
CVE-2014-10017,0.01136,0.57949
CVE-2014-10018,0.01953,0.77242
CVE-2014-10019,0.07584,0.92581
CVE-2014-10020,0.01564,0.74439
CVE-2014-10021,0.11465,0.94836
CVE-2014-10022,0.01136,0.57949
CVE-2014-10023,0.028,0.82308
CVE-2014-10024,0.05822,0.89998
CVE-2014-10025,0.01055,0.50287
CVE-2014-10026,0.01055,0.50287
CVE-2014-10027,0.01055,0.50287
CVE-2014-10028,0.01055,0.50287
CVE-2014-10029,0.01806,0.76038
CVE-2014-10030,0.01055,0.50287
CVE-2014-10031,0.12131,0.94983
CVE-2014-10032,0.01564,0.74439
CVE-2014-10033,0.01564,0.74439
CVE-2014-10034,0.01034,0.39824
CVE-2014-10035,0.01183,0.60428
CVE-2014-10036,0.01213,0.6557
CVE-2014-10037,0.07584,0.92581
CVE-2014-10038,0.01564,0.74439
CVE-2014-10039,0.00885,0.26162
CVE-2014-10043,0.00885,0.26162
CVE-2014-10044,0.00885,0.26162
CVE-2014-10045,0.00885,0.26162
CVE-2014-10046,0.00885,0.26162
CVE-2014-10047,0.00885,0.26162
CVE-2014-10048,0.00885,0.26162
CVE-2014-10050,0.00885,0.26162
CVE-2014-10051,0.00885,0.26162
CVE-2014-10052,0.00885,0.26162
CVE-2014-10053,0.00885,0.26162
CVE-2014-10054,0.00885,0.26162
CVE-2014-10055,0.00885,0.26162
CVE-2014-10056,0.00885,0.26162
CVE-2014-10057,0.00885,0.26162
CVE-2014-10058,0.00885,0.26162
CVE-2014-10059,0.00885,0.26162
CVE-2014-10062,0.00885,0.26162
CVE-2014-10063,0.00885,0.26162
CVE-2014-10064,0.00885,0.26162
CVE-2014-10065,0.00885,0.26162
CVE-2014-10066,0.00885,0.26162
CVE-2014-10067,0.00885,0.26162
CVE-2014-10068,0.00954,0.34522
CVE-2014-10070,0.0089,0.2856
CVE-2014-10071,0.00954,0.34522
CVE-2014-10072,0.01018,0.38792
CVE-2014-10073,0.01018,0.38792
CVE-2014-10074,0.0144,0.7265
CVE-2014-10075,0.01055,0.50287
CVE-2014-10076,0.01055,0.50287
CVE-2014-10077,0.01213,0.6557
CVE-2014-10078,0.00954,0.34522
CVE-2014-10079,0.01018,0.38792
CVE-2014-10374,0.00885,0.26162
CVE-2014-10375,0.00885,0.26162
CVE-2014-10376,0.00885,0.26162
CVE-2014-10377,0.00885,0.26162
CVE-2014-10378,0.00885,0.26162
CVE-2014-10379,0.00885,0.26162
CVE-2014-10380,0.00885,0.26162
CVE-2014-10381,0.00885,0.26162
CVE-2014-10382,0.00885,0.26162
CVE-2014-10383,0.01055,0.50287
CVE-2014-10384,0.00885,0.26162
CVE-2014-10385,0.00885,0.26162
CVE-2014-10386,0.00885,0.26162
CVE-2014-10387,0.00885,0.26162
CVE-2014-10388,0.00885,0.26162
CVE-2014-10389,0.00885,0.26162
CVE-2014-10390,0.00885,0.26162
CVE-2014-10391,0.00885,0.26162
CVE-2014-10392,0.00885,0.26162
CVE-2014-10393,0.00885,0.26162
CVE-2014-10394,0.00885,0.26162
CVE-2014-10395,0.00885,0.26162
CVE-2014-10396,0.00885,0.26162
CVE-2014-10397,0.00885,0.26162
CVE-2014-10398,0.01055,0.50287
CVE-2014-10399,0.01136,0.57949
CVE-2014-10400,0.01136,0.57949
CVE-2014-10401,0.0095,0.30554
CVE-2014-10402,0.00885,0.26162
CVE-2014-1201,0.09893,0.94114
CVE-2014-1202,0.07511,0.92331
CVE-2014-1203,0.01055,0.50287
CVE-2014-1204,0.04386,0.87542
CVE-2014-1206,0.01139,0.58345
CVE-2014-1207,0.01319,0.70416
CVE-2014-1208,0.01108,0.53389
CVE-2014-1209,0.04611,0.88458
CVE-2014-1210,0.00885,0.26162
CVE-2014-1211,0.01213,0.6557
CVE-2014-1213,0.01104,0.52279
CVE-2014-1214,0.08078,0.93055
CVE-2014-1215,0.00885,0.26162
CVE-2014-1216,0.07584,0.92581
CVE-2014-1217,0.01213,0.6557
CVE-2014-1219,0.07032,0.919
CVE-2014-1222,0.07306,0.92115
CVE-2014-1223,0.01213,0.6557
CVE-2014-1224,0.01213,0.6557
CVE-2014-1226,0.0095,0.30554
CVE-2014-1232,0.01213,0.6557
CVE-2014-1233,0.00885,0.26162
CVE-2014-1234,0.00885,0.26162
CVE-2014-1235,0.03899,0.84942
CVE-2014-1236,0.02172,0.79917
CVE-2014-1237,0.01776,0.75902
CVE-2014-1238,0.00885,0.26162
CVE-2014-1242,0.01018,0.38792
CVE-2014-1243,0.03977,0.85263
CVE-2014-1244,0.04641,0.88525
CVE-2014-1245,0.04641,0.88525
CVE-2014-1246,0.04641,0.88525
CVE-2014-1247,0.04641,0.88525
CVE-2014-1248,0.04641,0.88525
CVE-2014-1249,0.04641,0.88525
CVE-2014-1250,0.04641,0.88525
CVE-2014-125001,0.01888,0.76438
CVE-2014-125002,0.00885,0.26162
CVE-2014-125003,0.00885,0.26162
CVE-2014-125004,0.00885,0.26162
CVE-2014-125005,0.00885,0.26162
CVE-2014-125006,0.00885,0.26162
CVE-2014-125007,0.00885,0.26162
CVE-2014-125008,0.00885,0.26162
CVE-2014-125009,0.00885,0.26162
CVE-2014-125010,0.00885,0.26162
CVE-2014-125011,0.00885,0.26162
CVE-2014-125012,0.00885,0.26162
CVE-2014-125013,0.00885,0.26162
CVE-2014-125014,0.00885,0.26162
CVE-2014-125015,0.00885,0.26162
CVE-2014-125016,0.00885,0.26162
CVE-2014-125017,0.00885,0.26162
CVE-2014-125018,0.00885,0.26162
CVE-2014-125019,0.00885,0.26162
CVE-2014-125020,0.00885,0.26162
CVE-2014-125021,0.00885,0.26162
CVE-2014-125022,0.00885,0.26162
CVE-2014-125023,0.00885,0.26162
CVE-2014-125024,0.00885,0.26162
CVE-2014-125025,0.00885,0.26162
CVE-2014-1251,0.04641,0.88525
CVE-2014-1252,0.05735,0.89841
CVE-2014-1253,0.0089,0.2856
CVE-2014-1254,0.04611,0.88458
CVE-2014-1255,0.00885,0.26162
CVE-2014-1256,0.00885,0.26162
CVE-2014-1257,0.00885,0.26162
CVE-2014-1258,0.03977,0.85263
CVE-2014-1259,0.03742,0.84386
CVE-2014-1260,0.04611,0.88458
CVE-2014-1261,0.04611,0.88458
CVE-2014-1262,0.00885,0.26162
CVE-2014-1263,0.01537,0.73595
CVE-2014-1264,0.00885,0.26162
CVE-2014-1265,0.00885,0.26162
CVE-2014-1267,0.00885,0.26162
CVE-2014-1268,0.04587,0.88394
CVE-2014-1269,0.02657,0.81424
CVE-2014-1270,0.02657,0.81424
CVE-2014-1271,0.00885,0.26162
CVE-2014-1272,0.00885,0.26162
CVE-2014-1273,0.00885,0.26162
CVE-2014-1274,0.00885,0.26162
CVE-2014-1275,0.04641,0.88525
CVE-2014-1276,0.00885,0.26162
CVE-2014-1278,0.00885,0.26162
CVE-2014-1279,0.00885,0.26162
CVE-2014-1280,0.01055,0.50287
CVE-2014-1281,0.00885,0.26162
CVE-2014-1282,0.00885,0.26162
CVE-2014-1285,0.00885,0.26162
CVE-2014-1286,0.01055,0.50287
CVE-2014-1287,0.06558,0.90974
CVE-2014-1289,0.02657,0.81424
CVE-2014-1290,0.02657,0.81424
CVE-2014-1291,0.02657,0.81424
CVE-2014-1292,0.02657,0.81424
CVE-2014-1293,0.02657,0.81424
CVE-2014-1294,0.02657,0.81424
CVE-2014-1295,0.01018,0.38792
CVE-2014-1296,0.01136,0.57949
CVE-2014-1297,0.01055,0.50287
CVE-2014-1298,0.02657,0.81424
CVE-2014-1299,0.02657,0.81424
CVE-2014-1300,0.05857,0.90059
CVE-2014-1301,0.04587,0.88394
CVE-2014-1302,0.02657,0.81424
CVE-2014-1304,0.02657,0.81424
CVE-2014-1305,0.02657,0.81424
CVE-2014-1307,0.02657,0.81424
CVE-2014-1308,0.02657,0.81424
CVE-2014-1309,0.02657,0.81424
CVE-2014-1310,0.02657,0.81424
CVE-2014-1311,0.02657,0.81424
CVE-2014-1312,0.02657,0.81424
CVE-2014-1313,0.02657,0.81424
CVE-2014-1314,0.03742,0.84386
CVE-2014-1315,0.04611,0.88458
CVE-2014-1316,0.01055,0.50287
CVE-2014-1317,0.0095,0.30554
CVE-2014-1318,0.03742,0.84386
CVE-2014-1319,0.03977,0.85263
CVE-2014-1320,0.0089,0.2856
CVE-2014-1321,0.00885,0.26162
CVE-2014-1323,0.03194,0.83328
CVE-2014-1324,0.02657,0.81424
CVE-2014-1325,0.0289,0.82447
CVE-2014-1326,0.03194,0.83328
CVE-2014-1327,0.03194,0.83328
CVE-2014-1329,0.03194,0.83328
CVE-2014-1330,0.03194,0.83328
CVE-2014-1331,0.03194,0.83328
CVE-2014-1333,0.03194,0.83328
CVE-2014-1334,0.03194,0.83328
CVE-2014-1335,0.03194,0.83328
CVE-2014-1336,0.03194,0.83328
CVE-2014-1337,0.03194,0.83328
CVE-2014-1338,0.03194,0.83328
CVE-2014-1339,0.03194,0.83328
CVE-2014-1340,0.02404,0.80737
CVE-2014-1341,0.03194,0.83328
CVE-2014-1342,0.03194,0.83328
CVE-2014-1343,0.03194,0.83328
CVE-2014-1344,0.02657,0.81424
CVE-2014-1345,0.01213,0.6557
CVE-2014-1346,0.01213,0.6557
CVE-2014-1347,0.00885,0.26162
CVE-2014-1348,0.01034,0.39824
CVE-2014-1349,0.02828,0.82353
CVE-2014-1350,0.0089,0.2856
CVE-2014-1351,0.0089,0.2856
CVE-2014-1352,0.00954,0.34522
CVE-2014-1353,0.0089,0.2856
CVE-2014-1354,0.02828,0.82353
CVE-2014-1355,0.01034,0.39824
CVE-2014-1356,0.0159,0.7449
CVE-2014-1357,0.0159,0.7449
CVE-2014-1358,0.0159,0.7449
CVE-2014-1359,0.0159,0.7449
CVE-2014-1360,0.0095,0.30554
CVE-2014-1361,0.01319,0.70416
CVE-2014-1362,0.0289,0.82447
CVE-2014-1363,0.0289,0.82447
CVE-2014-1364,0.0289,0.82447
CVE-2014-1365,0.0289,0.82447
CVE-2014-1366,0.0289,0.82447
CVE-2014-1367,0.0289,0.82447
CVE-2014-1368,0.0289,0.82447
CVE-2014-1369,0.01055,0.50287
CVE-2014-1370,0.02828,0.82353
CVE-2014-1371,0.02147,0.79189
CVE-2014-1372,0.0095,0.30554
CVE-2014-1373,0.01442,0.72669
CVE-2014-1375,0.0095,0.30554
CVE-2014-1376,0.01442,0.72669
CVE-2014-1377,0.01442,0.72669
CVE-2014-1378,0.0089,0.2856
CVE-2014-1379,0.01018,0.38792
CVE-2014-1380,0.00954,0.34522
CVE-2014-1381,0.02147,0.79189
CVE-2014-1382,0.0289,0.82447
CVE-2014-1383,0.01055,0.50287
CVE-2014-1384,0.0387,0.84909
CVE-2014-1385,0.0387,0.84909
CVE-2014-1386,0.0289,0.82447
CVE-2014-1387,0.0387,0.84909
CVE-2014-1388,0.0387,0.84909
CVE-2014-1389,0.0387,0.84909
CVE-2014-1390,0.0289,0.82447
CVE-2014-1391,0.02828,0.82353
CVE-2014-1398,0.01232,0.66248
CVE-2014-1399,0.01232,0.66248
CVE-2014-1400,0.01232,0.66248
CVE-2014-1401,0.028,0.82308
CVE-2014-1402,0.01547,0.74085
CVE-2014-1403,0.01408,0.72072
CVE-2014-1405,0.01136,0.57949
CVE-2014-1406,0.01055,0.50287
CVE-2014-1407,0.01136,0.57949
CVE-2014-1408,0.01055,0.50287
CVE-2014-1409,0.00954,0.34522
CVE-2014-1418,0.01319,0.70416
CVE-2014-1419,0.0095,0.30554
CVE-2014-1420,0.00885,0.26162
CVE-2014-1421,0.00885,0.26162
CVE-2014-1422,0.00885,0.26162
CVE-2014-1423,0.00954,0.34522
CVE-2014-1424,0.00885,0.26162
CVE-2014-1425,0.00885,0.26162
CVE-2014-1426,0.00885,0.26162
CVE-2014-1427,0.00885,0.26162
CVE-2014-1428,0.00885,0.26162
CVE-2014-1438,0.02686,0.82061
CVE-2014-1439,0.01136,0.57949
CVE-2014-1441,0.01213,0.6557
CVE-2014-1442,0.01132,0.54372
CVE-2014-1443,0.01132,0.54372
CVE-2014-1444,0.01282,0.67298
CVE-2014-1445,0.01282,0.67298
CVE-2014-1446,0.01547,0.74085
CVE-2014-1449,0.01055,0.50287
CVE-2014-1452,0.04291,0.87022
CVE-2014-1453,0.01232,0.66248
CVE-2014-1454,0.00885,0.26162
CVE-2014-1455,0.01055,0.50287
CVE-2014-1456,0.01213,0.6557
CVE-2014-1457,0.01213,0.6557
CVE-2014-1458,0.01055,0.50287
CVE-2014-1459,0.01139,0.58345
CVE-2014-1466,0.01213,0.6557
CVE-2014-1467,0.00885,0.26162
CVE-2014-1469,0.0095,0.30554
CVE-2014-1471,0.02172,0.79917
CVE-2014-1472,0.01319,0.70416
CVE-2014-1473,0.01319,0.70416
CVE-2014-1474,0.01136,0.57949
CVE-2014-1475,0.01108,0.53389
CVE-2014-1476,0.01132,0.54372
CVE-2014-1477,0.07312,0.9217
CVE-2014-1478,0.08228,0.93218
CVE-2014-1479,0.04358,0.87435
CVE-2014-1480,0.03407,0.83908
CVE-2014-1481,0.04358,0.87435
CVE-2014-1482,0.05857,0.90058
CVE-2014-1483,0.04358,0.87435
CVE-2014-1484,0.01537,0.73595
CVE-2014-1485,0.04358,0.87435
CVE-2014-1486,0.10938,0.94483
CVE-2014-1487,0.04358,0.87435
CVE-2014-1488,0.12248,0.95092
CVE-2014-1489,0.03407,0.83908
CVE-2014-1490,0.04358,0.87435
CVE-2014-1491,0.04358,0.87435
CVE-2014-1492,0.02686,0.82061
CVE-2014-1493,0.07312,0.9217
CVE-2014-1494,0.06604,0.91138
CVE-2014-1496,0.01018,0.38792
CVE-2014-1497,0.03407,0.83908
CVE-2014-1498,0.01408,0.72072
CVE-2014-1499,0.01408,0.72072
CVE-2014-1500,0.0547,0.89492
CVE-2014-1501,0.01213,0.6557
CVE-2014-1502,0.01408,0.72072
CVE-2014-1504,0.01408,0.72072
CVE-2014-1505,0.03779,0.84781
CVE-2014-1506,0.01018,0.38792
CVE-2014-1507,0.00954,0.34522
CVE-2014-1508,0.03779,0.84781
CVE-2014-1509,0.0883,0.93679
CVE-2014-1510,0.03779,0.84781
CVE-2014-1511,0.03779,0.84781
CVE-2014-1512,0.12248,0.95092
CVE-2014-1513,0.05002,0.89003
CVE-2014-1514,0.07312,0.9217
CVE-2014-1515,0.00954,0.34522
CVE-2014-1516,0.00954,0.34522
CVE-2014-1517,0.01232,0.66248
CVE-2014-1518,0.05857,0.90058
CVE-2014-1519,0.06604,0.91138
CVE-2014-1520,0.01282,0.67298
CVE-2014-1522,0.06604,0.91138
CVE-2014-1523,0.03932,0.8519
CVE-2014-1524,0.07312,0.9217
CVE-2014-1525,0.06604,0.91138
CVE-2014-1526,0.01955,0.77585
CVE-2014-1527,0.01213,0.6557
CVE-2014-1528,0.07544,0.92484
CVE-2014-1529,0.03932,0.8519
CVE-2014-1530,0.03932,0.8519
CVE-2014-1531,0.05857,0.90058
CVE-2014-1532,0.07312,0.9217
CVE-2014-1533,0.08228,0.93218
CVE-2014-1534,0.08228,0.93218
CVE-2014-1536,0.08228,0.93218
CVE-2014-1537,0.08228,0.93218
CVE-2014-1538,0.08228,0.93218
CVE-2014-1539,0.02172,0.79917
CVE-2014-1540,0.05647,0.89773
CVE-2014-1541,0.07053,0.91906
CVE-2014-1542,0.09915,0.94265
CVE-2014-1543,0.1127,0.94787
CVE-2014-1544,0.12248,0.95092
CVE-2014-1545,0.08228,0.93218
CVE-2014-1546,0.01319,0.70416
CVE-2014-1547,0.08228,0.93218
CVE-2014-1548,0.08228,0.93218
CVE-2014-1549,0.06604,0.91138
CVE-2014-1550,0.0547,0.89492
CVE-2014-1551,0.07777,0.92953
CVE-2014-1552,0.01408,0.72072
CVE-2014-1553,0.08228,0.93218
CVE-2014-1554,0.08228,0.93218
CVE-2014-1555,0.09915,0.94265
CVE-2014-1556,0.08522,0.93616
CVE-2014-1557,0.09915,0.94265
CVE-2014-1558,0.01319,0.70416
CVE-2014-1559,0.01319,0.70416
CVE-2014-1560,0.01319,0.70416
CVE-2014-1561,0.01408,0.72072
CVE-2014-1562,0.08228,0.93218
CVE-2014-1563,0.07544,0.92484
CVE-2014-1564,0.16755,0.9597
CVE-2014-1565,0.03779,0.84781
CVE-2014-1566,0.01108,0.53389
CVE-2014-1567,0.09915,0.94265
CVE-2014-1568,0.04358,0.87435
CVE-2014-1569,0.03779,0.84781
CVE-2014-1571,0.01649,0.75017
CVE-2014-1572,0.03779,0.84781
CVE-2014-1573,0.03407,0.83908
CVE-2014-1574,0.08228,0.93218
CVE-2014-1575,0.08228,0.93218
CVE-2014-1576,0.12248,0.95092
CVE-2014-1577,0.04358,0.87435
CVE-2014-1578,0.08228,0.93218
CVE-2014-1580,0.03779,0.84781
CVE-2014-1581,0.12248,0.95092
CVE-2014-1582,0.02686,0.82061
CVE-2014-1583,0.03779,0.84781
CVE-2014-1584,0.03779,0.84781
CVE-2014-1585,0.04358,0.87435
CVE-2014-1586,0.04358,0.87435
CVE-2014-1587,0.06604,0.91138
CVE-2014-1588,0.06604,0.91138
CVE-2014-1589,0.01213,0.6557
CVE-2014-1590,0.01776,0.75902
CVE-2014-1591,0.01213,0.6557
CVE-2014-1592,0.09915,0.94265
CVE-2014-1593,0.09915,0.94265
CVE-2014-1594,0.09915,0.94265
CVE-2014-1595,0.01034,0.39824
CVE-2014-1597,0.01139,0.58345
CVE-2014-1598,0.00885,0.26162
CVE-2014-1599,0.01055,0.50287
CVE-2014-1603,0.01953,0.77242
CVE-2014-1604,0.01034,0.39824
CVE-2014-1607,0.01136,0.57949
CVE-2014-1608,0.01408,0.72072
CVE-2014-1609,0.01319,0.70416
CVE-2014-1610,0.64895,0.98976
CVE-2014-1611,0.01319,0.70416
CVE-2014-1612,0.01319,0.70416
CVE-2014-1613,0.01055,0.50287
CVE-2014-1615,0.01055,0.50287
CVE-2014-1617,0.00885,0.26162
CVE-2014-1618,0.028,0.82308
CVE-2014-1619,0.00986,0.35784
CVE-2014-1620,0.01213,0.6557
CVE-2014-1624,0.0095,0.30554
CVE-2014-1626,0.01183,0.60428
CVE-2014-1631,0.08382,0.93597
CVE-2014-1632,0.01213,0.6557
CVE-2014-1634,0.00885,0.26162
CVE-2014-1635,0.7976,0.99476
CVE-2014-1636,0.04386,0.87542
CVE-2014-1637,0.07032,0.919
CVE-2014-1638,0.01034,0.39824
CVE-2014-1639,0.01034,0.39824
CVE-2014-1640,0.0095,0.30554
CVE-2014-1642,0.02172,0.79379
CVE-2014-1643,0.01132,0.54372
CVE-2014-1644,0.01213,0.6557
CVE-2014-1645,0.01213,0.6557
CVE-2014-1646,0.01055,0.50287
CVE-2014-1647,0.01055,0.50287
CVE-2014-1648,0.01213,0.6557
CVE-2014-1649,0.51361,0.98646
CVE-2014-1650,0.01132,0.54372
CVE-2014-1651,0.01213,0.6557
CVE-2014-1652,0.01132,0.54372
CVE-2014-1663,0.01319,0.70416
CVE-2014-1664,0.07032,0.919
CVE-2014-1665,0.02437,0.80834
CVE-2014-1666,0.02686,0.82061
CVE-2014-1670,0.33187,0.97548
CVE-2014-1671,0.00986,0.35784
CVE-2014-1672,0.00885,0.26162
CVE-2014-1673,0.01213,0.6557
CVE-2014-1679,0.01213,0.6557
CVE-2014-1680,0.0095,0.30554
CVE-2014-1681,0.00954,0.34522
CVE-2014-1682,0.01132,0.54372
CVE-2014-1683,0.84271,0.99603
CVE-2014-1684,0.18904,0.96154
CVE-2014-1685,0.0089,0.2856
CVE-2014-1686,0.01213,0.6557
CVE-2014-1690,0.01408,0.72072
CVE-2014-1691,0.8215,0.99537
CVE-2014-1692,0.02172,0.79917
CVE-2014-1693,0.01108,0.53389
CVE-2014-1694,0.01955,0.77585
CVE-2014-1695,0.02397,0.80717
CVE-2014-1696,0.01213,0.6557
CVE-2014-1697,0.07777,0.92953
CVE-2014-1698,0.01319,0.70416
CVE-2014-1699,0.01319,0.70416
CVE-2014-1700,0.01319,0.70416
CVE-2014-1701,0.01319,0.70416
CVE-2014-1702,0.01319,0.70416
CVE-2014-1703,0.01319,0.70416
CVE-2014-1704,0.01537,0.73595
CVE-2014-1705,0.01319,0.70416
CVE-2014-1706,0.00885,0.26162
CVE-2014-1707,0.00885,0.26162
CVE-2014-1708,0.05822,0.89998
CVE-2014-1710,0.01213,0.6557
CVE-2014-1711,0.01055,0.50287
CVE-2014-1713,0.02172,0.79917
CVE-2014-1714,0.01319,0.70416
CVE-2014-1715,0.01108,0.53389
CVE-2014-1716,0.01319,0.70416
CVE-2014-1717,0.01319,0.70416
CVE-2014-1718,0.01974,0.7812
CVE-2014-1719,0.01319,0.70416
CVE-2014-1720,0.01319,0.70416
CVE-2014-1721,0.01319,0.70416
CVE-2014-1722,0.01319,0.70416
CVE-2014-1723,0.01319,0.70416
CVE-2014-1724,0.01319,0.70416
CVE-2014-1725,0.01319,0.70416
CVE-2014-1726,0.01319,0.70416
CVE-2014-1727,0.01319,0.70416
CVE-2014-1728,0.02686,0.82061
CVE-2014-1729,0.02686,0.82061
CVE-2014-1730,0.03779,0.84781
CVE-2014-1731,0.03779,0.84781
CVE-2014-1732,0.01408,0.72072
CVE-2014-1733,0.01408,0.72072
CVE-2014-1734,0.01537,0.73595
CVE-2014-1735,0.02686,0.82061
CVE-2014-1736,0.01319,0.70416
CVE-2014-1737,0.01547,0.74085
CVE-2014-1738,0.01547,0.74085
CVE-2014-1739,0.03534,0.84129
CVE-2014-1740,0.02172,0.79917
CVE-2014-1741,0.02172,0.79917
CVE-2014-1742,0.02172,0.79917
CVE-2014-1743,0.02172,0.79917
CVE-2014-1744,0.02172,0.79917
CVE-2014-1745,0.01974,0.7812
CVE-2014-1746,0.02172,0.79917
CVE-2014-1747,0.01776,0.75902
CVE-2014-1748,0.03779,0.84781
CVE-2014-1749,0.01183,0.60428
CVE-2014-1750,0.01213,0.6557
CVE-2014-1751,0.30987,0.97438
CVE-2014-1752,0.30987,0.97438
CVE-2014-1753,0.30987,0.97438
CVE-2014-1754,0.29797,0.97364
CVE-2014-1755,0.30987,0.97438
CVE-2014-1756,0.14006,0.95598
CVE-2014-1757,0.39866,0.98028
CVE-2014-1758,0.23003,0.96493
CVE-2014-1759,0.25853,0.96909
CVE-2014-1760,0.30987,0.97438
CVE-2014-1761,0.90601,0.99857
CVE-2014-1762,0.60981,0.98872
CVE-2014-1763,0.62357,0.98902
CVE-2014-1764,0.62357,0.98902
CVE-2014-1765,0.60981,0.98872
CVE-2014-1766,0.30149,0.97391
CVE-2014-1769,0.29417,0.97293
CVE-2014-1770,0.62357,0.98902
CVE-2014-1771,0.13638,0.95559
CVE-2014-1772,0.29417,0.97293
CVE-2014-1773,0.29417,0.97293
CVE-2014-1774,0.29417,0.97293
CVE-2014-1775,0.29417,0.97293
CVE-2014-1776,0.59823,0.98832
CVE-2014-1777,0.29797,0.97364
CVE-2014-1778,0.29797,0.97364
CVE-2014-1779,0.29417,0.97293
CVE-2014-1780,0.29417,0.97293
CVE-2014-1781,0.29417,0.97293
CVE-2014-1782,0.29417,0.97293
CVE-2014-1783,0.29417,0.97293
CVE-2014-1784,0.29417,0.97293
CVE-2014-1785,0.72342,0.99205
CVE-2014-1786,0.29417,0.97293
CVE-2014-1788,0.29417,0.97293
CVE-2014-1789,0.29417,0.97293
CVE-2014-1790,0.29417,0.97293
CVE-2014-1791,0.29417,0.97293
CVE-2014-1792,0.29417,0.97293
CVE-2014-1794,0.29417,0.97293
CVE-2014-1795,0.29417,0.97293
CVE-2014-1796,0.29417,0.97293
CVE-2014-1797,0.29417,0.97293
CVE-2014-1799,0.27868,0.97127
CVE-2014-1800,0.29417,0.97293
CVE-2014-1802,0.29417,0.97293
CVE-2014-1803,0.29417,0.97293
CVE-2014-1804,0.29417,0.97293
CVE-2014-1805,0.29417,0.97293
CVE-2014-1806,0.45815,0.98287
CVE-2014-1808,0.18147,0.96089
CVE-2014-1809,0.22171,0.9644
CVE-2014-1811,0.29551,0.97308
CVE-2014-1812,0.40867,0.98127
CVE-2014-1813,0.31026,0.97439
CVE-2014-1814,0.01773,0.75657
CVE-2014-1815,0.50749,0.98635
CVE-2014-1816,0.26111,0.9695
CVE-2014-1817,0.5678,0.98754
CVE-2014-1818,0.6716,0.9904
CVE-2014-1819,0.01554,0.74096
CVE-2014-1820,0.27846,0.97095
CVE-2014-1823,0.30125999999999997,0.97376
CVE-2014-1824,0.58315,0.98794
CVE-2014-1826,0.01055,0.50287
CVE-2014-1827,0.01055,0.50287
CVE-2014-1828,0.01055,0.50287
CVE-2014-1829,0.01108,0.53389
CVE-2014-1830,0.01108,0.53389
CVE-2014-1831,0.01034,0.39824
CVE-2014-1832,0.01034,0.39824
CVE-2014-1833,0.01408,0.72072
CVE-2014-1834,0.00885,0.26162
CVE-2014-1835,0.00885,0.26162
CVE-2014-1836,0.08944,0.93724
CVE-2014-1837,0.01213,0.6557
CVE-2014-1838,0.0095,0.30554
CVE-2014-1839,0.0095,0.30554
CVE-2014-1840,0.01055,0.50287
CVE-2014-1841,0.01213,0.6557
CVE-2014-1842,0.01136,0.57949
CVE-2014-1843,0.01213,0.6557
CVE-2014-1845,0.0095,0.30554
CVE-2014-1846,0.0095,0.30554
CVE-2014-1849,0.07584,0.92581
CVE-2014-1854,0.01139,0.58345
CVE-2014-1855,0.01213,0.6557
CVE-2014-1858,0.01282,0.67298
CVE-2014-1859,0.01282,0.67298
CVE-2014-1860,0.01018,0.38792
CVE-2014-1861,0.00885,0.26162
CVE-2014-1867,0.01365,0.70715
CVE-2014-1868,0.00954,0.34522
CVE-2014-1869,0.01408,0.72072
CVE-2014-1870,0.01055,0.50287
CVE-2014-1874,0.01547,0.74085
CVE-2014-1875,0.01547,0.74085
CVE-2014-1876,0.01547,0.74085
CVE-2014-1877,0.01213,0.6557
CVE-2014-1878,0.01319,0.70416
CVE-2014-1879,0.01132,0.54372
CVE-2014-1881,0.06523,0.90962
CVE-2014-1882,0.06523,0.90962
CVE-2014-1883,0.01319,0.70416
CVE-2014-1884,0.01484,0.72722
CVE-2014-1885,0.01136,0.57949
CVE-2014-1886,0.01136,0.57949
CVE-2014-1887,0.01136,0.57949
CVE-2014-1888,0.01319,0.70416
CVE-2014-1889,0.08078,0.93055
CVE-2014-1891,0.01104,0.52279
CVE-2014-1892,0.01104,0.52279
CVE-2014-1893,0.01104,0.52279
CVE-2014-1894,0.01104,0.52279
CVE-2014-1895,0.0095,0.30554
CVE-2014-1896,0.01034,0.39824
CVE-2014-1899,0.01136,0.57949
CVE-2014-1900,0.01055,0.50287
CVE-2014-1901,0.01055,0.50287
CVE-2014-1902,0.01055,0.50287
CVE-2014-1903,0.85088,0.99648
CVE-2014-1905,0.01055,0.50287
CVE-2014-1906,0.01136,0.57949
CVE-2014-1907,0.01136,0.57949
CVE-2014-1908,0.01055,0.50287
CVE-2014-1909,0.0292,0.82516
CVE-2014-1910,0.00954,0.34522
CVE-2014-1911,0.01055,0.50287
CVE-2014-1912,0.47888,0.98473
CVE-2014-1914,0.01319,0.70416
CVE-2014-1915,0.07032,0.919
CVE-2014-1916,0.01055,0.50287
CVE-2014-1921,0.01108,0.53389
CVE-2014-1922,0.01213,0.6557
CVE-2014-1923,0.01213,0.6557
CVE-2014-1924,0.01213,0.6557
CVE-2014-1925,0.01213,0.6557
CVE-2014-1927,0.03214,0.83353
CVE-2014-1928,0.01755,0.75287
CVE-2014-1929,0.01018,0.38792
CVE-2014-1930,0.01319,0.70416
CVE-2014-1931,0.01055,0.50287
CVE-2014-1932,0.01108,0.53389
CVE-2014-1933,0.01034,0.39824
CVE-2014-1934,0.0095,0.30554
CVE-2014-1935,0.00954,0.34522
CVE-2014-1936,0.00954,0.34522
CVE-2014-1937,0.00954,0.34522
CVE-2014-1938,0.0089,0.2856
CVE-2014-1939,0.00954,0.34522
CVE-2014-1942,0.01055,0.50287
CVE-2014-1943,0.02686,0.82061
CVE-2014-1944,0.01953,0.77242
CVE-2014-1945,0.01213,0.6557
CVE-2014-1946,0.01061,0.51015
CVE-2014-1947,0.03795,0.8483
CVE-2014-1948,0.0095,0.30554
CVE-2014-1949,0.01104,0.52279
CVE-2014-1950,0.0095,0.30554
CVE-2014-1955,0.01055,0.50287
CVE-2014-1956,0.01055,0.50287
CVE-2014-1957,0.01055,0.50287
CVE-2014-1958,0.05786,0.8994
CVE-2014-1959,0.01319,0.70416
CVE-2014-1960,0.01213,0.6557
CVE-2014-1961,0.01213,0.6557
CVE-2014-1962,0.01213,0.6557
CVE-2014-1963,0.01213,0.6557
CVE-2014-1964,0.01213,0.6557
CVE-2014-1965,0.01213,0.6557
CVE-2014-1966,0.01055,0.50287
CVE-2014-1967,0.00954,0.34522
CVE-2014-1968,0.01213,0.6557
CVE-2014-1969,0.00885,0.26162
CVE-2014-1970,0.01055,0.50287
CVE-2014-1971,0.01213,0.6557
CVE-2014-1972,0.08228,0.93219
CVE-2014-1973,0.01136,0.57949
CVE-2014-1974,0.01018,0.38792
CVE-2014-1975,0.01213,0.6557
CVE-2014-1976,0.00954,0.34522
CVE-2014-1977,0.00885,0.26162
CVE-2014-1978,0.00885,0.26162
CVE-2014-1979,0.01055,0.50287
CVE-2014-1980,0.01136,0.57949
CVE-2014-1982,0.07584,0.92581
CVE-2014-1983,0.01136,0.57949
CVE-2014-1984,0.01136,0.57949
CVE-2014-1985,0.01776,0.75902
CVE-2014-1986,0.00954,0.34522
CVE-2014-1987,0.01136,0.57949
CVE-2014-1988,0.01061,0.51015
CVE-2014-1989,0.01061,0.51015
CVE-2014-1990,0.07584,0.92581
CVE-2014-1991,0.01136,0.57949
CVE-2014-1992,0.01061,0.51015
CVE-2014-1993,0.01061,0.51015
CVE-2014-1994,0.01061,0.51015
CVE-2014-1995,0.01061,0.51015
CVE-2014-1996,0.03941,0.85207
CVE-2014-1997,0.01136,0.57949
CVE-2014-1998,0.01055,0.50287
CVE-2014-1999,0.06523,0.90962
CVE-2014-2000,0.00954,0.34522
CVE-2014-2001,0.00954,0.34522
CVE-2014-2002,0.01055,0.50287
CVE-2014-2003,0.06309,0.90494
CVE-2014-2004,0.01136,0.57949
CVE-2014-2005,0.01018,0.38792
CVE-2014-2006,0.01136,0.57949
CVE-2014-2008,0.01319,0.70416
CVE-2014-2009,0.01319,0.70416
CVE-2014-2013,0.42263,0.98164
CVE-2014-2014,0.01408,0.72072
CVE-2014-2015,0.03275,0.83521
CVE-2014-2016,0.01055,0.50287
CVE-2014-2017,0.01055,0.50287
CVE-2014-2018,0.01319,0.70416
CVE-2014-2019,0.00954,0.34522
CVE-2014-2020,0.01136,0.57949
CVE-2014-2021,0.02528,0.81122
CVE-2014-2022,0.01216,0.65576
CVE-2014-2023,0.01564,0.74439
CVE-2014-2024,0.01213,0.6557
CVE-2014-2025,0.05634,0.89764
CVE-2014-2026,0.01213,0.6557
CVE-2014-2027,0.07777,0.92953
CVE-2014-2029,0.02578,0.8123
CVE-2014-2030,0.04043,0.8531
CVE-2014-2031,0.01213,0.6557
CVE-2014-2032,0.01319,0.70416
CVE-2014-2033,0.01055,0.50287
CVE-2014-2034,0.0292,0.82516
CVE-2014-2035,0.01136,0.57949
CVE-2014-2037,0.01213,0.6557
CVE-2014-2038,0.01034,0.39824
CVE-2014-2039,0.01282,0.67298
CVE-2014-2040,0.01061,0.51015
CVE-2014-2042,0.05822,0.89998
CVE-2014-2043,0.00986,0.35784
CVE-2014-2044,0.43663,0.98216
CVE-2014-2045,0.02173,0.80027
CVE-2014-2046,0.07584,0.92581
CVE-2014-2047,0.01055,0.50287
CVE-2014-2048,0.01055,0.50287
CVE-2014-2049,0.01055,0.50287
CVE-2014-2050,0.01136,0.57949
CVE-2014-2051,0.01055,0.50287
CVE-2014-2052,0.01136,0.57949
CVE-2014-2053,0.01213,0.6557
CVE-2014-2054,0.01055,0.50287
CVE-2014-2055,0.01055,0.50287
CVE-2014-2056,0.01055,0.50287
CVE-2014-2057,0.01055,0.50287
CVE-2014-2058,0.01061,0.51015
CVE-2014-2059,0.01132,0.54372
CVE-2014-2060,0.01055,0.50287
CVE-2014-2061,0.01136,0.57949
CVE-2014-2062,0.01061,0.51015
CVE-2014-2063,0.01136,0.57949
CVE-2014-2065,0.01136,0.57949
CVE-2014-2066,0.01136,0.57949
CVE-2014-2067,0.01132,0.54372
CVE-2014-2068,0.01061,0.51015
CVE-2014-2069,0.08382,0.93597
CVE-2014-2071,0.01055,0.50287
CVE-2014-2072,0.08382,0.93597
CVE-2014-2073,0.01156,0.60033
CVE-2014-2075,0.01055,0.50287
CVE-2014-2077,0.01055,0.50287
CVE-2014-2078,0.01055,0.50287
CVE-2014-2079,0.0095,0.30554
CVE-2014-2080,0.01213,0.6557
CVE-2014-2081,0.01216,0.65576
CVE-2014-2084,0.08097,0.93067
CVE-2014-2087,0.11755,0.94947
CVE-2014-2088,0.01055,0.50287
CVE-2014-2089,0.01055,0.50287
CVE-2014-2090,0.01055,0.50287
CVE-2014-2091,0.02191,0.8013
CVE-2014-2092,0.01055,0.50287
CVE-2014-2093,0.0095,0.30554
CVE-2014-2094,0.0095,0.30554
CVE-2014-2095,0.0095,0.30554
CVE-2014-2096,0.0095,0.30554
CVE-2014-2097,0.01055,0.50287
CVE-2014-2098,0.01055,0.50287
CVE-2014-2099,0.01055,0.50287
CVE-2014-2102,0.01055,0.50287
CVE-2014-2103,0.01055,0.50287
CVE-2014-2104,0.01136,0.57949
CVE-2014-2106,0.01055,0.50287
CVE-2014-2107,0.01055,0.50287
CVE-2014-2108,0.01055,0.50287
CVE-2014-2109,0.01055,0.50287
CVE-2014-2111,0.01055,0.50287
CVE-2014-2112,0.01055,0.50287
CVE-2014-2113,0.01055,0.50287
CVE-2014-2114,0.01213,0.6557
CVE-2014-2115,0.01213,0.6557
CVE-2014-2116,0.01213,0.6557
CVE-2014-2117,0.01213,0.6557
CVE-2014-2118,0.01213,0.6557
CVE-2014-2119,0.04611,0.88458
CVE-2014-2120,0.01136,0.57949
CVE-2014-2121,0.01136,0.57949
CVE-2014-2122,0.01213,0.6557
CVE-2014-2124,0.01319,0.70416
CVE-2014-2125,0.01136,0.57949
CVE-2014-2126,0.01055,0.50287
CVE-2014-2127,0.22566,0.96463
CVE-2014-2128,0.01055,0.50287
CVE-2014-2129,0.01055,0.50287
CVE-2014-2130,0.05822,0.89998
CVE-2014-2131,0.01055,0.50287
CVE-2014-2132,0.01055,0.50287
CVE-2014-2133,0.04611,0.88458
CVE-2014-2134,0.03977,0.85263
CVE-2014-2135,0.04611,0.88458
CVE-2014-2136,0.04611,0.88458
CVE-2014-2137,0.01055,0.50287
CVE-2014-2138,0.01055,0.50287
CVE-2014-2139,0.01055,0.50287
CVE-2014-2140,0.01055,0.50287
CVE-2014-2141,0.01055,0.50287
CVE-2014-2142,0.01055,0.50287
CVE-2014-2143,0.01055,0.50287
CVE-2014-2144,0.01055,0.50287
CVE-2014-2145,0.01055,0.50287
CVE-2014-2146,0.01055,0.50287
CVE-2014-2147,0.01213,0.6557
CVE-2014-2151,0.01132,0.54372
CVE-2014-2152,0.01213,0.6557
CVE-2014-2153,0.01213,0.6557
CVE-2014-2154,0.01055,0.50287
CVE-2014-2155,0.01055,0.50287
CVE-2014-2156,0.01055,0.50287
CVE-2014-2157,0.01055,0.50287
CVE-2014-2158,0.01055,0.50287
CVE-2014-2159,0.01055,0.50287
CVE-2014-2160,0.01055,0.50287
CVE-2014-2161,0.01055,0.50287
CVE-2014-2162,0.01055,0.50287
CVE-2014-2163,0.01055,0.50287
CVE-2014-2164,0.01055,0.50287
CVE-2014-2165,0.01055,0.50287
CVE-2014-2166,0.01055,0.50287
CVE-2014-2167,0.01055,0.50287
CVE-2014-2168,0.04611,0.88458
CVE-2014-2169,0.01055,0.50287
CVE-2014-2170,0.01055,0.50287
CVE-2014-2171,0.04611,0.88458
CVE-2014-2172,0.00885,0.26162
CVE-2014-2173,0.00885,0.26162
CVE-2014-2174,0.01055,0.50287
CVE-2014-2175,0.01055,0.50287
CVE-2014-2176,0.01213,0.6557
CVE-2014-2177,0.01232,0.66248
CVE-2014-2178,0.01319,0.70416
CVE-2014-2179,0.01319,0.70416
CVE-2014-2180,0.01055,0.50287
CVE-2014-2181,0.01055,0.50287
CVE-2014-2182,0.01055,0.50287
CVE-2014-2183,0.01055,0.50287
CVE-2014-2184,0.01055,0.50287
CVE-2014-2185,0.01055,0.50287
CVE-2014-2186,0.01055,0.50287
CVE-2014-2190,0.01055,0.50287
CVE-2014-2191,0.01055,0.50287
CVE-2014-2192,0.01136,0.57949
CVE-2014-2193,0.01055,0.50287
CVE-2014-2194,0.01055,0.50287
CVE-2014-2195,0.01055,0.50287
CVE-2014-2196,0.04285,0.86889
CVE-2014-2197,0.01132,0.54372
CVE-2014-2198,0.01213,0.6557
CVE-2014-2199,0.01136,0.57949
CVE-2014-2200,0.01055,0.50287
CVE-2014-2201,0.01055,0.50287
CVE-2014-2205,0.01132,0.54372
CVE-2014-2206,0.67374,0.99049
CVE-2014-2208,0.01055,0.50287
CVE-2014-2209,0.01055,0.50287
CVE-2014-2210,0.04291,0.87022
CVE-2014-2211,0.00986,0.35784
CVE-2014-2212,0.00954,0.34522
CVE-2014-2213,0.01136,0.57949
CVE-2014-2214,0.01055,0.50287
CVE-2014-2216,0.05139,0.89128
CVE-2014-2217,0.04611,0.88458
CVE-2014-2219,0.01136,0.57949
CVE-2014-2223,0.1949,0.96202
CVE-2014-2224,0.01055,0.50287
CVE-2014-2225,0.08382,0.93597
CVE-2014-2226,0.01018,0.38792
CVE-2014-2227,0.07306,0.92115
CVE-2014-2228,0.01156,0.60033
CVE-2014-2230,0.01213,0.6557
CVE-2014-2231,0.01055,0.50287
CVE-2014-2232,0.01136,0.57949
CVE-2014-2233,0.01136,0.57949
CVE-2014-2234,0.01055,0.50287
CVE-2014-2235,0.01213,0.6557
CVE-2014-2236,0.01319,0.70416
CVE-2014-2237,0.01018,0.38792
CVE-2014-2238,0.21043,0.96371
CVE-2014-2240,0.0547,0.89492
CVE-2014-2241,0.01213,0.6557
CVE-2014-2242,0.01319,0.70416
CVE-2014-2243,0.01319,0.70416
CVE-2014-2244,0.01319,0.70416
CVE-2014-2245,0.01132,0.54372
CVE-2014-2246,0.01213,0.6557
CVE-2014-2247,0.01136,0.57949
CVE-2014-2248,0.01213,0.6557
CVE-2014-2249,0.01319,0.70416
CVE-2014-2250,0.01136,0.57949
CVE-2014-2251,0.01136,0.57949
CVE-2014-2252,0.01136,0.57949
CVE-2014-2253,0.01136,0.57949
CVE-2014-2254,0.01136,0.57949
CVE-2014-2255,0.01136,0.57949
CVE-2014-2256,0.01136,0.57949
CVE-2014-2257,0.01136,0.57949
CVE-2014-2258,0.01136,0.57949
CVE-2014-2259,0.01136,0.57949
CVE-2014-2260,0.01132,0.54372
CVE-2014-2262,0.06523,0.90962
CVE-2014-2263,0.01319,0.70416
CVE-2014-2264,0.01055,0.50287
CVE-2014-2265,0.01136,0.57949
CVE-2014-2268,0.84413,0.99614
CVE-2014-2269,0.01055,0.50287
CVE-2014-2270,0.02686,0.82061
CVE-2014-2271,0.01018,0.38792
CVE-2014-2273,0.0095,0.30554
CVE-2014-2274,0.01055,0.50287
CVE-2014-2276,0.01213,0.6557
CVE-2014-2277,0.01034,0.39824
CVE-2014-2278,0.06523,0.90962
CVE-2014-2279,0.07777,0.92953
CVE-2014-2280,0.01213,0.6557
CVE-2014-2281,0.03407,0.83908
CVE-2014-2282,0.01408,0.72072
CVE-2014-2283,0.01955,0.77585
CVE-2014-2284,0.02172,0.79917
CVE-2014-2285,0.01955,0.77585
CVE-2014-2286,0.05139,0.89128
CVE-2014-2287,0.01232,0.66248
CVE-2014-2288,0.01213,0.6557
CVE-2014-2289,0.01132,0.54372
CVE-2014-2291,0.01061,0.51015
CVE-2014-2292,0.00885,0.26162
CVE-2014-2293,0.01213,0.6557
CVE-2014-2294,0.01213,0.6557
CVE-2014-2296,0.01055,0.50287
CVE-2014-2297,0.01055,0.50287
CVE-2014-2299,0.69338,0.99083
CVE-2014-2301,0.01136,0.57949
CVE-2014-2302,0.01213,0.6557
CVE-2014-2303,0.01139,0.58345
CVE-2014-2304,0.00885,0.26162
CVE-2014-2309,0.01319,0.70416
CVE-2014-2310,0.01319,0.70416
CVE-2014-2311,0.01136,0.57949
CVE-2014-2312,0.00885,0.26162
CVE-2014-2313,0.01055,0.50287
CVE-2014-2314,0.73743,0.99253
CVE-2014-2315,0.01136,0.57949
CVE-2014-2316,0.01136,0.57949
CVE-2014-2317,0.01136,0.57949
CVE-2014-2318,0.01136,0.57949
CVE-2014-2319,0.00885,0.26162
CVE-2014-2322,0.01136,0.57949
CVE-2014-2325,0.01136,0.57949
CVE-2014-2326,0.03407,0.83908
CVE-2014-2327,0.01776,0.75902
CVE-2014-2328,0.01815,0.76117
CVE-2014-2329,0.01055,0.50287
CVE-2014-2330,0.01136,0.57949
CVE-2014-2331,0.01055,0.50287
CVE-2014-2332,0.01055,0.50287
CVE-2014-2333,0.01213,0.6557
CVE-2014-2334,0.01213,0.6557
CVE-2014-2335,0.01136,0.57949
CVE-2014-2336,0.01213,0.6557
CVE-2014-2338,0.01319,0.70416
CVE-2014-2339,0.00986,0.35784
CVE-2014-2340,0.09257,0.93938
CVE-2014-2341,0.09257,0.93938
CVE-2014-2342,0.01055,0.50287
CVE-2014-2343,0.00885,0.26162
CVE-2014-2345,0.01136,0.57949
CVE-2014-2346,0.0089,0.2856
CVE-2014-2347,0.07306,0.92115
CVE-2014-2349,0.00885,0.26162
CVE-2014-2350,0.01055,0.50287
CVE-2014-2351,0.01136,0.57949
CVE-2014-2352,0.01055,0.50287
CVE-2014-2353,0.01055,0.50287
CVE-2014-2354,0.00885,0.26162
CVE-2014-2355,0.01055,0.50287
CVE-2014-2356,0.01055,0.50287
CVE-2014-2357,0.01055,0.50287
CVE-2014-2358,0.01055,0.50287
CVE-2014-2359,0.01055,0.50287
CVE-2014-2360,0.05822,0.89998
CVE-2014-2361,0.00885,0.26162
CVE-2014-2362,0.01055,0.50287
CVE-2014-2363,0.01055,0.50287
CVE-2014-2364,0.75644,0.99327
CVE-2014-2365,0.01055,0.50287
CVE-2014-2366,0.01055,0.50287
CVE-2014-2367,0.01055,0.50287
CVE-2014-2368,0.01055,0.50287
CVE-2014-2369,0.01055,0.50287
CVE-2014-2370,0.01055,0.50287
CVE-2014-2373,0.01055,0.50287
CVE-2014-2374,0.01055,0.50287
CVE-2014-2375,0.01055,0.50287
CVE-2014-2376,0.01055,0.50287
CVE-2014-2377,0.01055,0.50287
CVE-2014-2378,0.04611,0.88458
CVE-2014-2379,0.01055,0.50287
CVE-2014-2380,0.01055,0.50287
CVE-2014-2381,0.00885,0.26162
CVE-2014-2382,0.01592,0.74578
CVE-2014-2383,0.07584,0.92581
CVE-2014-2384,0.00885,0.26162
CVE-2014-2385,0.01108,0.53389
CVE-2014-2386,0.01213,0.6557
CVE-2014-2387,0.01034,0.39824
CVE-2014-2388,0.01537,0.73595
CVE-2014-2389,0.04611,0.88458
CVE-2014-2390,0.01055,0.50287
CVE-2014-2391,0.01055,0.50287
CVE-2014-2392,0.01055,0.50287
CVE-2014-2393,0.01055,0.50287
CVE-2014-2397,0.03407,0.83908
CVE-2014-2398,0.02276,0.80597
CVE-2014-2399,0.13316,0.95488
CVE-2014-2400,0.01213,0.6557
CVE-2014-2401,0.03779,0.84781
CVE-2014-2402,0.01974,0.7812
CVE-2014-2403,0.03779,0.84781
CVE-2014-2404,0.01061,0.51015
CVE-2014-2405,0.00954,0.34522
CVE-2014-2406,0.01055,0.50287
CVE-2014-2407,0.01055,0.50287
CVE-2014-2408,0.01055,0.50287
CVE-2014-2409,0.02172,0.79917
CVE-2014-2410,0.01136,0.57949
CVE-2014-2411,0.01055,0.50287
CVE-2014-2412,0.03779,0.84781
CVE-2014-2413,0.01408,0.72072
CVE-2014-2414,0.03779,0.84781
CVE-2014-2415,0.01055,0.50287
CVE-2014-2416,0.01055,0.50287
CVE-2014-2417,0.01055,0.50287
CVE-2014-2418,0.01055,0.50287
CVE-2014-2419,0.01315,0.67456
CVE-2014-2420,0.01955,0.77585
CVE-2014-2421,0.04358,0.87435
CVE-2014-2422,0.01319,0.70416
CVE-2014-2423,0.03779,0.84781
CVE-2014-2424,0.76635,0.99356
CVE-2014-2425,0.01055,0.50287
CVE-2014-2426,0.01055,0.50287
CVE-2014-2427,0.03779,0.84781
CVE-2014-2428,0.01955,0.77585
CVE-2014-2429,0.01055,0.50287
CVE-2014-2430,0.01315,0.67456
CVE-2014-2431,0.01408,0.72072
CVE-2014-2432,0.01315,0.67456
CVE-2014-2433,0.01055,0.50287
CVE-2014-2434,0.01061,0.51015
CVE-2014-2435,0.01061,0.51015
CVE-2014-2436,0.01315,0.67456
CVE-2014-2437,0.01055,0.50287
CVE-2014-2438,0.01232,0.66248
CVE-2014-2439,0.01055,0.50287
CVE-2014-2440,0.01408,0.72072
CVE-2014-2441,0.00885,0.26162
CVE-2014-2442,0.01055,0.50287
CVE-2014-2443,0.01055,0.50287
CVE-2014-2444,0.01055,0.50287
CVE-2014-2445,0.01055,0.50287
CVE-2014-2446,0.01055,0.50287
CVE-2014-2447,0.01055,0.50287
CVE-2014-2448,0.01055,0.50287
CVE-2014-2449,0.01055,0.50287
CVE-2014-2450,0.01055,0.50287
CVE-2014-2451,0.01055,0.50287
CVE-2014-2452,0.01061,0.51015
CVE-2014-2453,0.01055,0.50287
CVE-2014-2454,0.01055,0.50287
CVE-2014-2455,0.01055,0.50287
CVE-2014-2456,0.01132,0.54372
CVE-2014-2457,0.01055,0.50287
CVE-2014-2458,0.01055,0.50287
CVE-2014-2459,0.00885,0.26162
CVE-2014-2460,0.01055,0.50287
CVE-2014-2461,0.01055,0.50287
CVE-2014-2463,0.01055,0.50287
CVE-2014-2464,0.01055,0.50287
CVE-2014-2465,0.01055,0.50287
CVE-2014-2466,0.01055,0.50287
CVE-2014-2467,0.01055,0.50287
CVE-2014-2468,0.01055,0.50287
CVE-2014-2469,0.01018,0.38792
CVE-2014-2470,0.01213,0.6557
CVE-2014-2471,0.01055,0.50287
CVE-2014-2472,0.01055,0.50287
CVE-2014-2473,0.01055,0.50287
CVE-2014-2474,0.01055,0.50287
CVE-2014-2475,0.01055,0.50287
CVE-2014-2476,0.01055,0.50287
CVE-2014-2477,0.02276,0.80598
CVE-2014-2478,0.01055,0.50287
CVE-2014-2479,0.01213,0.6557
CVE-2014-2480,0.01213,0.6557
CVE-2014-2481,0.01213,0.6557
CVE-2014-2482,0.01132,0.54372
CVE-2014-2483,0.03779,0.84781
CVE-2014-2484,0.01232,0.66248
CVE-2014-2485,0.0095,0.30554
CVE-2014-2486,0.0095,0.30554
CVE-2014-2487,0.0095,0.30554
CVE-2014-2488,0.0095,0.30554
CVE-2014-2489,0.0095,0.30554
CVE-2014-2490,0.03779,0.84781
CVE-2014-2491,0.01213,0.6557
CVE-2014-2492,0.01213,0.6557
CVE-2014-2493,0.01213,0.6557
CVE-2014-2494,0.01815,0.76117
CVE-2014-2495,0.01132,0.54372
CVE-2014-2496,0.01132,0.54372
CVE-2014-2497,0.03932,0.8519
CVE-2014-2502,0.01213,0.6557
CVE-2014-2503,0.01213,0.6557
CVE-2014-2504,0.01061,0.51015
CVE-2014-2505,0.01213,0.6557
CVE-2014-2506,0.01232,0.66248
CVE-2014-2507,0.01232,0.66248
CVE-2014-2508,0.01232,0.66248
CVE-2014-2509,0.01213,0.6557
CVE-2014-2510,0.01132,0.54372
CVE-2014-2511,0.01213,0.6557
CVE-2014-2512,0.01232,0.66248
CVE-2014-2513,0.05302,0.89375
CVE-2014-2514,0.05302,0.89375
CVE-2014-2515,0.01132,0.54372
CVE-2014-2516,0.01055,0.50287
CVE-2014-2517,0.01132,0.54372
CVE-2014-2518,0.01213,0.6557
CVE-2014-2519,0.01055,0.50287
CVE-2014-2520,0.01132,0.54372
CVE-2014-2521,0.01132,0.54372
CVE-2014-2522,0.01537,0.73595
CVE-2014-2523,0.07544,0.92484
CVE-2014-2524,0.01282,0.67298
CVE-2014-2525,0.04421,0.87629
CVE-2014-2526,0.01319,0.70416
CVE-2014-2527,0.01319,0.70416
CVE-2014-2528,0.01213,0.6557
CVE-2014-2531,0.01216,0.65576
CVE-2014-2532,0.02528,0.8112
CVE-2014-2533,0.0232,0.80631
CVE-2014-2534,0.01832,0.76196
CVE-2014-2535,0.01132,0.54372
CVE-2014-2536,0.01213,0.6557
CVE-2014-2537,0.01213,0.6557
CVE-2014-2538,0.01213,0.6557
CVE-2014-2540,0.00986,0.35784
CVE-2014-2541,0.01136,0.57949
CVE-2014-2542,0.01213,0.6557
CVE-2014-2543,0.06523,0.90962
CVE-2014-2544,0.05822,0.89998
CVE-2014-2545,0.01055,0.50287
CVE-2014-2550,0.01136,0.57949
CVE-2014-2552,0.01136,0.57949
CVE-2014-2553,0.01061,0.51015
CVE-2014-2554,0.01055,0.50287
CVE-2014-2558,0.0095,0.30554
CVE-2014-2559,0.01319,0.70416
CVE-2014-2560,0.08382,0.93597
CVE-2014-2565,0.01005,0.35949
CVE-2014-2567,0.00885,0.26162
CVE-2014-2568,0.01183,0.60428
CVE-2014-2570,0.01319,0.70416
CVE-2014-2571,0.01061,0.51015
CVE-2014-2572,0.01061,0.51015
CVE-2014-2573,0.01132,0.54372
CVE-2014-2575,0.09445,0.93965
CVE-2014-2576,0.01213,0.6557
CVE-2014-2577,0.01319,0.70416
CVE-2014-2578,0.01213,0.6557
CVE-2014-2579,0.01213,0.6557
CVE-2014-2580,0.0095,0.30554
CVE-2014-2581,0.01319,0.70416
CVE-2014-2583,0.01537,0.73595
CVE-2014-2585,0.01055,0.50287
CVE-2014-2586,0.01213,0.6557
CVE-2014-2587,0.01232,0.66248
CVE-2014-2588,0.01232,0.66248
CVE-2014-2589,0.01319,0.70416
CVE-2014-2590,0.01055,0.50287
CVE-2014-2591,0.00885,0.26162
CVE-2014-2592,0.01424,0.72364
CVE-2014-2593,0.0095,0.30554
CVE-2014-2595,0.10212,0.94357
CVE-2014-2597,0.0089,0.2856
CVE-2014-2598,0.03764,0.84396
CVE-2014-2599,0.01104,0.52279
CVE-2014-2600,0.01055,0.50287
CVE-2014-2601,0.01213,0.6557
CVE-2014-2602,0.01055,0.50287
CVE-2014-2603,0.01055,0.50287
CVE-2014-2604,0.01136,0.57949
CVE-2014-2605,0.01213,0.6557
CVE-2014-2606,0.01132,0.54372
CVE-2014-2607,0.06133,0.90187
CVE-2014-2608,0.00885,0.26162
CVE-2014-2609,0.25374,0.96854
CVE-2014-2610,0.06301,0.90367
CVE-2014-2611,0.06301,0.90367
CVE-2014-2612,0.07306,0.92115
CVE-2014-2613,0.01061,0.51015
CVE-2014-2614,0.01213,0.6557
CVE-2014-2615,0.25143,0.96828
CVE-2014-2616,0.25143,0.96828
CVE-2014-2617,0.25143,0.96828
CVE-2014-2618,0.01213,0.6557
CVE-2014-2619,0.01213,0.6557
CVE-2014-2620,0.01213,0.6557
CVE-2014-2621,0.01213,0.6557
CVE-2014-2622,0.01132,0.54372
CVE-2014-2623,0.90299,0.99851
CVE-2014-2624,0.88593,0.998
CVE-2014-2625,0.01213,0.6557
CVE-2014-2626,0.25143,0.96828
CVE-2014-2627,0.0623,0.9031
CVE-2014-2628,0.01055,0.50287
CVE-2014-2629,0.01132,0.54372
CVE-2014-2631,0.0089,0.2856
CVE-2014-2632,0.25374,0.96854
CVE-2014-2633,0.01319,0.70416
CVE-2014-2634,0.01319,0.70416
CVE-2014-2635,0.19175,0.96181
CVE-2014-2636,0.19175,0.96181
CVE-2014-2637,0.19175,0.96181
CVE-2014-2638,0.19175,0.96181
CVE-2014-2639,0.00885,0.26162
CVE-2014-2640,0.01213,0.6557
CVE-2014-2641,0.01061,0.51015
CVE-2014-2642,0.01136,0.57949
CVE-2014-2643,0.01061,0.51015
CVE-2014-2644,0.01213,0.6557
CVE-2014-2645,0.01136,0.57949
CVE-2014-2646,0.00885,0.26162
CVE-2014-2647,0.01953,0.77242
CVE-2014-2648,0.19175,0.96181
CVE-2014-2649,0.19175,0.96181
CVE-2014-2650,0.02055,0.7893
CVE-2014-2651,0.00885,0.26162
CVE-2014-2652,0.01055,0.50287
CVE-2014-2653,0.02686,0.82061
CVE-2014-2654,0.01132,0.54372
CVE-2014-2655,0.01232,0.66248
CVE-2014-2657,0.00885,0.26162
CVE-2014-2658,0.01018,0.38792
CVE-2014-2659,0.01213,0.6557
CVE-2014-2664,0.04695,0.88634
CVE-2014-2665,0.01132,0.54372
CVE-2014-2667,0.01104,0.52279
CVE-2014-2668,0.21572,0.96388
CVE-2014-2669,0.01315,0.67456
CVE-2014-2670,0.01055,0.50287
CVE-2014-2671,0.61459,0.98881
CVE-2014-2672,0.01408,0.72072
CVE-2014-2673,0.01104,0.52279
CVE-2014-2674,0.08382,0.93597
CVE-2014-2675,0.01055,0.50287
CVE-2014-2678,0.01282,0.67298
CVE-2014-2680,0.01156,0.60033
CVE-2014-2681,0.01319,0.70416
CVE-2014-2682,0.01319,0.70416
CVE-2014-2683,0.01319,0.70416
CVE-2014-2684,0.01319,0.70416
CVE-2014-2685,0.01319,0.70416
CVE-2014-2686,0.00885,0.26162
CVE-2014-2689,0.01136,0.57949
CVE-2014-2690,0.0089,0.2856
CVE-2014-2706,0.03779,0.84781
CVE-2014-2707,0.01108,0.53389
CVE-2014-2708,0.03779,0.84781
CVE-2014-2709,0.02172,0.79917
CVE-2014-2710,0.01136,0.57949
CVE-2014-2711,0.01136,0.57949
CVE-2014-2712,0.01136,0.57949
CVE-2014-2713,0.01055,0.50287
CVE-2014-2714,0.01213,0.6557
CVE-2014-2715,0.01136,0.57949
CVE-2014-2716,0.01213,0.6557
CVE-2014-2717,0.01055,0.50287
CVE-2014-2718,0.03214,0.83353
CVE-2014-2719,0.01132,0.54372
CVE-2014-2720,0.04611,0.88458
CVE-2014-2721,0.01055,0.50287
CVE-2014-2722,0.01055,0.50287
CVE-2014-2723,0.01055,0.50287
CVE-2014-2727,0.02055,0.7893
CVE-2014-2729,0.01061,0.51015
CVE-2014-2730,0.18147,0.96089
CVE-2014-2731,0.05629,0.89602
CVE-2014-2732,0.01136,0.57949
CVE-2014-2733,0.01055,0.50287
CVE-2014-2735,0.00954,0.34522
CVE-2014-2736,0.01213,0.6557
CVE-2014-2737,0.01055,0.50287
CVE-2014-2739,0.01213,0.6557
CVE-2014-2741,0.01319,0.70416
CVE-2014-2742,0.01136,0.57949
CVE-2014-2743,0.01213,0.6557
CVE-2014-2744,0.01408,0.72072
CVE-2014-2745,0.01408,0.72072
CVE-2014-2746,0.01319,0.70416
CVE-2014-2748,0.01213,0.6557
CVE-2014-2749,0.01319,0.70416
CVE-2014-2751,0.01136,0.57949
CVE-2014-2752,0.01136,0.57949
CVE-2014-2753,0.29417,0.97293
CVE-2014-2754,0.29417,0.97293
CVE-2014-2755,0.29417,0.97293
CVE-2014-2756,0.29417,0.97293
CVE-2014-2757,0.29417,0.97293
CVE-2014-2758,0.29417,0.97293
CVE-2014-2759,0.29417,0.97293
CVE-2014-2760,0.29417,0.97293
CVE-2014-2761,0.29417,0.97293
CVE-2014-2763,0.29417,0.97293
CVE-2014-2764,0.29417,0.97293
CVE-2014-2765,0.29417,0.97293
CVE-2014-2766,0.29417,0.97293
CVE-2014-2767,0.29417,0.97293
CVE-2014-2768,0.29417,0.97293
CVE-2014-2769,0.29417,0.97293
CVE-2014-2770,0.29417,0.97293
CVE-2014-2771,0.29417,0.97293
CVE-2014-2772,0.29417,0.97293
CVE-2014-2773,0.29417,0.97293
CVE-2014-2774,0.30149,0.97391
CVE-2014-2775,0.29417,0.97293
CVE-2014-2776,0.29417,0.97293
CVE-2014-2777,0.27846,0.97095
CVE-2014-2778,0.50099,0.98626
CVE-2014-2779,0.29551,0.97308
CVE-2014-2780,0.09153,0.93872
CVE-2014-2781,0.06289,0.90356
CVE-2014-2782,0.29417,0.97293
CVE-2014-2783,0.29551,0.97308
CVE-2014-2784,0.30149,0.97391
CVE-2014-2785,0.27868,0.97127
CVE-2014-2786,0.27868,0.97127
CVE-2014-2787,0.27868,0.97127
CVE-2014-2788,0.27868,0.97127
CVE-2014-2789,0.27868,0.97127
CVE-2014-2790,0.27868,0.97127
CVE-2014-2791,0.27868,0.97127
CVE-2014-2792,0.27868,0.97127
CVE-2014-2794,0.27868,0.97127
CVE-2014-2795,0.27868,0.97127
CVE-2014-2796,0.30149,0.97391
CVE-2014-2797,0.27868,0.97127
CVE-2014-2798,0.27868,0.97127
CVE-2014-2799,0.29417,0.97293
CVE-2014-2800,0.27868,0.97127
CVE-2014-2801,0.27868,0.97127
CVE-2014-2802,0.27868,0.97127
CVE-2014-2803,0.27868,0.97127
CVE-2014-2804,0.27868,0.97127
CVE-2014-2806,0.27868,0.97127
CVE-2014-2807,0.27868,0.97127
CVE-2014-2808,0.30149,0.97391
CVE-2014-2809,0.27868,0.97127
CVE-2014-2810,0.30149,0.97391
CVE-2014-2811,0.30149,0.97391
CVE-2014-2813,0.27868,0.97127
CVE-2014-2814,0.21172,0.96374
CVE-2014-2816,0.29551,0.97308
CVE-2014-2817,0.29797,0.97364
CVE-2014-2818,0.30149,0.97391
CVE-2014-2819,0.26111,0.9695
CVE-2014-2820,0.30149,0.97391
CVE-2014-2821,0.30149,0.97391
CVE-2014-2822,0.30149,0.97391
CVE-2014-2823,0.30149,0.97391
CVE-2014-2824,0.30149,0.97391
CVE-2014-2825,0.30149,0.97391
CVE-2014-2826,0.30149,0.97391
CVE-2014-2827,0.27868,0.97127
CVE-2014-2828,0.01136,0.57949
CVE-2014-2829,0.01055,0.50287
CVE-2014-2830,0.01408,0.72072
CVE-2014-2838,0.01213,0.6557
CVE-2014-2839,0.00954,0.34522
CVE-2014-2842,0.01213,0.6557
CVE-2014-2843,0.01136,0.57949
CVE-2014-2844,0.01061,0.51015
CVE-2014-2845,0.00954,0.34522
CVE-2014-2846,0.07584,0.92581
CVE-2014-2847,0.00986,0.35784
CVE-2014-2848,0.0095,0.30554
CVE-2014-2849,0.01132,0.54372
CVE-2014-2850,0.0095,0.30554
CVE-2014-2851,0.03534,0.84129
CVE-2014-2852,0.01055,0.50287
CVE-2014-2853,0.01776,0.75902
CVE-2014-2854,0.01055,0.50287
CVE-2014-2855,0.02172,0.79917
CVE-2014-2856,0.01955,0.77585
CVE-2014-2857,0.01136,0.57949
CVE-2014-2858,0.01136,0.57949
CVE-2014-2859,0.01055,0.50287
CVE-2014-2860,0.01055,0.50287
CVE-2014-2861,0.01055,0.50287
CVE-2014-2862,0.01055,0.50287
CVE-2014-2863,0.01055,0.50287
CVE-2014-2864,0.01055,0.50287
CVE-2014-2865,0.01055,0.50287
CVE-2014-2866,0.01055,0.50287
CVE-2014-2867,0.04611,0.88458
CVE-2014-2868,0.04611,0.88458
CVE-2014-2869,0.01055,0.50287
CVE-2014-2870,0.00885,0.26162
CVE-2014-2871,0.01055,0.50287
CVE-2014-2872,0.01055,0.50287
CVE-2014-2873,0.01055,0.50287
CVE-2014-2874,0.04611,0.88458
CVE-2014-2875,0.01136,0.57949
CVE-2014-2879,0.02255,0.80558
CVE-2014-2880,0.11713,0.94932
CVE-2014-2881,0.00885,0.26162
CVE-2014-2882,0.00885,0.26162
CVE-2014-2884,0.00885,0.26162
CVE-2014-2885,0.00885,0.26162
CVE-2014-2886,0.01018,0.38792
CVE-2014-2888,0.01213,0.6557
CVE-2014-2889,0.0095,0.30554
CVE-2014-2890,0.01136,0.57949
CVE-2014-2891,0.01319,0.70416
CVE-2014-2892,0.1127,0.94787
CVE-2014-2893,0.0095,0.30554
CVE-2014-2894,0.01282,0.67298
CVE-2014-2896,0.01213,0.6557
CVE-2014-2897,0.01213,0.6557
CVE-2014-2898,0.01213,0.6557
CVE-2014-2899,0.01319,0.70416
CVE-2014-2900,0.01108,0.53389
CVE-2014-2901,0.00885,0.26162
CVE-2014-2902,0.00954,0.34522
CVE-2014-2903,0.01055,0.50287
CVE-2014-2904,0.00954,0.34522
CVE-2014-2905,0.0095,0.30554
CVE-2014-2906,0.0089,0.2856
CVE-2014-2907,0.01213,0.6557
CVE-2014-2908,0.01953,0.77242
CVE-2014-2909,0.01136,0.57949
CVE-2014-2913,0.14747,0.95663
CVE-2014-2914,0.01978,0.78447
CVE-2014-2915,0.0095,0.30554
CVE-2014-2916,0.01213,0.6557
CVE-2014-2921,0.06523,0.90962
CVE-2014-2922,0.01136,0.57949
CVE-2014-2925,0.01213,0.6557
CVE-2014-2926,0.00885,0.26162
CVE-2014-2927,0.07584,0.92581
CVE-2014-2928,0.62633,0.98911
CVE-2014-2933,0.01055,0.50287
CVE-2014-2934,0.00986,0.35784
CVE-2014-2935,0.01055,0.50287
CVE-2014-2936,0.01055,0.50287
CVE-2014-2938,0.01055,0.50287
CVE-2014-2939,0.01055,0.50287
CVE-2014-2940,0.00885,0.26162
CVE-2014-2941,0.01055,0.50287
CVE-2014-2942,0.00885,0.26162
CVE-2014-2946,0.07584,0.92581
CVE-2014-2947,0.01055,0.50287
CVE-2014-2948,0.01055,0.50287
CVE-2014-2949,0.01132,0.54372
CVE-2014-2950,0.01055,0.50287
CVE-2014-2951,0.01055,0.50287
CVE-2014-2955,0.01055,0.50287
CVE-2014-2956,0.061,0.90161
CVE-2014-2957,0.06523,0.90962
CVE-2014-2959,0.01136,0.57949
CVE-2014-2960,0.00885,0.26162
CVE-2014-2962,0.07584,0.92581
CVE-2014-2963,0.01055,0.50287
CVE-2014-2964,0.00885,0.26162
CVE-2014-2965,0.01213,0.6557
CVE-2014-2966,0.01055,0.50287
CVE-2014-2967,0.04611,0.88458
CVE-2014-2968,0.01055,0.50287
CVE-2014-2969,0.03977,0.85263
CVE-2014-2971,0.01055,0.50287
CVE-2014-2972,0.01104,0.52279
CVE-2014-2974,0.01055,0.50287
CVE-2014-2975,0.01055,0.50287
CVE-2014-2976,0.07584,0.92581
CVE-2014-2977,0.0547,0.89492
CVE-2014-2978,0.0547,0.89492
CVE-2014-2980,0.01408,0.72072
CVE-2014-2983,0.01018,0.38792
CVE-2014-2986,0.01034,0.39824
CVE-2014-2987,0.09257,0.93938
CVE-2014-2988,0.01132,0.54372
CVE-2014-2989,0.07584,0.92581
CVE-2014-2992,0.00885,0.26162
CVE-2014-2993,0.00954,0.34522
CVE-2014-2994,0.18609,0.9615
CVE-2014-2995,0.01132,0.54372
CVE-2014-2996,0.05302,0.89375
CVE-2014-3000,0.01319,0.70416
CVE-2014-3001,0.00954,0.34522
CVE-2014-3004,0.09796,0.94061
CVE-2014-3005,0.06729,0.91198
CVE-2014-3006,0.01213,0.6557
CVE-2014-3007,0.01055,0.50287
CVE-2014-3008,0.01319,0.70416
CVE-2014-3009,0.01055,0.50287
CVE-2014-3010,0.01213,0.6557
CVE-2014-3011,0.01055,0.50287
CVE-2014-3012,0.01061,0.51015
CVE-2014-3013,0.01061,0.51015
CVE-2014-3014,0.01061,0.51015
CVE-2014-3015,0.01055,0.50287
CVE-2014-3018,0.01055,0.50287
CVE-2014-3019,0.01055,0.50287
CVE-2014-3020,0.01104,0.52279
CVE-2014-3021,0.01136,0.57949
CVE-2014-3022,0.01319,0.70416
CVE-2014-3024,0.01132,0.54372
CVE-2014-3025,0.01132,0.54372
CVE-2014-3026,0.01061,0.51015
CVE-2014-3031,0.01055,0.50287
CVE-2014-3032,0.01055,0.50287
CVE-2014-3033,0.01061,0.51015
CVE-2014-3034,0.01061,0.51015
CVE-2014-3035,0.01061,0.51015
CVE-2014-3036,0.01213,0.6557
CVE-2014-3037,0.01132,0.54372
CVE-2014-3038,0.0095,0.30554
CVE-2014-3040,0.01232,0.66248
CVE-2014-3041,0.01061,0.51015
CVE-2014-3042,0.01232,0.66248
CVE-2014-3043,0.01055,0.50287
CVE-2014-3045,0.00885,0.26162
CVE-2014-3048,0.0089,0.2856
CVE-2014-3050,0.01055,0.50287
CVE-2014-3051,0.00954,0.34522
CVE-2014-3052,0.01136,0.57949
CVE-2014-3053,0.01319,0.70416
CVE-2014-3054,0.01213,0.6557
CVE-2014-3055,0.01213,0.6557
CVE-2014-3056,0.01213,0.6557
CVE-2014-3057,0.01213,0.6557
CVE-2014-3058,0.01061,0.51015
CVE-2014-3059,0.01136,0.57949
CVE-2014-3060,0.01136,0.57949
CVE-2014-3061,0.01136,0.57949
CVE-2014-3062,0.05629,0.89602
CVE-2014-3063,0.0095,0.30554
CVE-2014-3064,0.01061,0.51015
CVE-2014-3065,0.02172,0.79379
CVE-2014-3066,0.01319,0.70416
CVE-2014-3068,0.01108,0.53389
CVE-2014-3069,0.01061,0.51015
CVE-2014-3070,0.01213,0.6557
CVE-2014-3071,0.01213,0.6557
CVE-2014-3072,0.00885,0.26162
CVE-2014-3073,0.06523,0.90962
CVE-2014-3074,0.01547,0.74085
CVE-2014-3075,0.01061,0.51015
CVE-2014-3076,0.01213,0.6557
CVE-2014-3077,0.00885,0.26162
CVE-2014-3079,0.01232,0.66248
CVE-2014-3080,0.01319,0.70416
CVE-2014-3081,0.01132,0.54372
CVE-2014-3083,0.01213,0.6557
CVE-2014-3084,0.01232,0.66248
CVE-2014-3085,0.01132,0.54372
CVE-2014-3086,0.1127,0.94787
CVE-2014-3087,0.01232,0.66248
CVE-2014-3088,0.01132,0.54372
CVE-2014-3089,0.0089,0.2856
CVE-2014-3090,0.01213,0.6557
CVE-2014-3091,0.01136,0.57949
CVE-2014-3092,0.01055,0.50287
CVE-2014-3093,0.0089,0.2856
CVE-2014-3094,0.08336,0.93297
CVE-2014-3095,0.01815,0.76117
CVE-2014-3096,0.01055,0.50287
CVE-2014-3097,0.03407,0.83908
CVE-2014-3099,0.0095,0.30554
CVE-2014-3100,0.01818,0.76133
CVE-2014-3101,0.01136,0.57949
CVE-2014-3102,0.01132,0.54372
CVE-2014-3103,0.01055,0.50287
CVE-2014-3104,0.01055,0.50287
CVE-2014-3105,0.01055,0.50287
CVE-2014-3106,0.01055,0.50287
CVE-2014-3110,0.01953,0.77242
CVE-2014-3111,0.01132,0.54372
CVE-2014-3113,0.06309,0.90494
CVE-2014-3114,0.01055,0.50287
CVE-2014-3115,0.01213,0.6557
CVE-2014-3119,0.01564,0.74439
CVE-2014-3121,0.01408,0.72072
CVE-2014-3122,0.01282,0.67298
CVE-2014-3123,0.01132,0.54372
CVE-2014-3124,0.02172,0.79379
CVE-2014-3125,0.01034,0.39824
CVE-2014-3127,0.01213,0.6557
CVE-2014-3129,0.01319,0.70416
CVE-2014-3130,0.0095,0.30554
CVE-2014-3131,0.01132,0.54372
CVE-2014-3132,0.01132,0.54372
CVE-2014-3133,0.01213,0.6557
CVE-2014-3134,0.01213,0.6557
CVE-2014-3135,0.01136,0.57949
CVE-2014-3136,0.08382,0.93597
CVE-2014-3137,0.06309,0.90494
CVE-2014-3138,0.028,0.82308
CVE-2014-3139,0.01136,0.57949
CVE-2014-3144,0.01547,0.74085
CVE-2014-3145,0.01547,0.74085
CVE-2014-3146,0.04353,0.87058
CVE-2014-3147,0.01055,0.50287
CVE-2014-3148,0.01213,0.6557
CVE-2014-3149,0.01213,0.6557
CVE-2014-3150,0.01055,0.50287
CVE-2014-3152,0.02172,0.79917
CVE-2014-3154,0.02172,0.79917
CVE-2014-3155,0.02172,0.79917
CVE-2014-3156,0.01974,0.7812
CVE-2014-3157,0.02172,0.79917
CVE-2014-3158,0.01537,0.73595
CVE-2014-3159,0.01136,0.57949
CVE-2014-3160,0.01408,0.72072
CVE-2014-3161,0.01136,0.57949
CVE-2014-3162,0.01108,0.53389
CVE-2014-3164,0.01018,0.38792
CVE-2014-3165,0.02172,0.79917
CVE-2014-3166,0.03779,0.84781
CVE-2014-3167,0.01537,0.73595
CVE-2014-3168,0.03779,0.84781
CVE-2014-3169,0.07544,0.92484
CVE-2014-3170,0.02172,0.79917
CVE-2014-3171,0.02172,0.79917
CVE-2014-3172,0.02172,0.79917
CVE-2014-3173,0.02172,0.79917
CVE-2014-3174,0.02172,0.79917
CVE-2014-3175,0.02686,0.82061
CVE-2014-3176,0.1127,0.94787
CVE-2014-3177,0.1127,0.94787
CVE-2014-3178,0.01408,0.72072
CVE-2014-3179,0.01537,0.73595
CVE-2014-3180,0.00885,0.26162
CVE-2014-3181,0.02172,0.79379
CVE-2014-3182,0.01872,0.76301
CVE-2014-3183,0.01755,0.75287
CVE-2014-3184,0.01547,0.74085
CVE-2014-3185,0.02172,0.79379
CVE-2014-3186,0.02646,0.81377
CVE-2014-3187,0.01213,0.6557
CVE-2014-3188,0.06523,0.90962
CVE-2014-3189,0.01213,0.6557
CVE-2014-3190,0.01213,0.6557
CVE-2014-3191,0.01213,0.6557
CVE-2014-3192,0.03779,0.84781
CVE-2014-3193,0.01213,0.6557
CVE-2014-3194,0.01213,0.6557
CVE-2014-3195,0.01319,0.70416
CVE-2014-3196,0.01018,0.38792
CVE-2014-3197,0.01213,0.6557
CVE-2014-3198,0.01213,0.6557
CVE-2014-3199,0.01213,0.6557
CVE-2014-3200,0.15096,0.95691
CVE-2014-3201,0.01136,0.57949
CVE-2014-3202,0.01108,0.53389
CVE-2014-3203,0.0095,0.30554
CVE-2014-3204,0.0095,0.30554
CVE-2014-3205,0.00885,0.26162
CVE-2014-3206,0.01156,0.60033
CVE-2014-3207,0.01213,0.6557
CVE-2014-3208,0.00885,0.26162
CVE-2014-3209,0.0095,0.30554
CVE-2014-3210,0.00986,0.35784
CVE-2014-3211,0.00885,0.26162
CVE-2014-3214,0.01136,0.57949
CVE-2014-3215,0.01282,0.67298
CVE-2014-3216,0.02808,0.8233
CVE-2014-3219,0.01282,0.67298
CVE-2014-3220,0.01815,0.76117
CVE-2014-3221,0.00885,0.26162
CVE-2014-3222,0.02042,0.78565
CVE-2014-3223,0.00885,0.26162
CVE-2014-3224,0.00885,0.26162
CVE-2014-3225,0.14247,0.95612
CVE-2014-3227,0.01136,0.57949
CVE-2014-3230,0.01018,0.38792
CVE-2014-3242,0.01213,0.6557
CVE-2014-3243,0.01213,0.6557
CVE-2014-3244,0.05634,0.89764
CVE-2014-3246,0.00986,0.35784
CVE-2014-3247,0.01953,0.77242
CVE-2014-3248,0.0095,0.30554
CVE-2014-3249,0.01055,0.50287
CVE-2014-3250,0.01055,0.50287
CVE-2014-3251,0.0095,0.30554
CVE-2014-3260,0.01055,0.50287
CVE-2014-3261,0.03742,0.84386
CVE-2014-3262,0.01136,0.57949
CVE-2014-3263,0.01136,0.57949
CVE-2014-3264,0.01055,0.50287
CVE-2014-3265,0.01136,0.57949
CVE-2014-3266,0.01213,0.6557
CVE-2014-3267,0.01136,0.57949
CVE-2014-3268,0.01055,0.50287
CVE-2014-3269,0.01055,0.50287
CVE-2014-3270,0.01055,0.50287
CVE-2014-3271,0.01055,0.50287
CVE-2014-3272,0.0095,0.30554
CVE-2014-3273,0.01055,0.50287
CVE-2014-3274,0.00954,0.34522
CVE-2014-3275,0.01132,0.54372
CVE-2014-3276,0.01061,0.51015
CVE-2014-3277,0.01132,0.54372
CVE-2014-3278,0.01136,0.57949
CVE-2014-3279,0.01319,0.70416
CVE-2014-3280,0.01132,0.54372
CVE-2014-3281,0.01136,0.57949
CVE-2014-3282,0.01132,0.54372
CVE-2014-3283,0.01213,0.6557
CVE-2014-3284,0.01213,0.6557
CVE-2014-3285,0.01213,0.6557
CVE-2014-3286,0.01136,0.57949
CVE-2014-3287,0.01061,0.51015
CVE-2014-3289,0.01408,0.72072
CVE-2014-3290,0.01213,0.6557
CVE-2014-3291,0.01213,0.6557
CVE-2014-3292,0.01132,0.54372
CVE-2014-3293,0.01319,0.70416
CVE-2014-3294,0.01061,0.51015
CVE-2014-3295,0.01213,0.6557
CVE-2014-3296,0.01132,0.54372
CVE-2014-3297,0.01232,0.66248
CVE-2014-3298,0.01132,0.54372
CVE-2014-3299,0.01132,0.54372
CVE-2014-3300,0.38796,0.97911
CVE-2014-3301,0.01319,0.70416
CVE-2014-3302,0.01319,0.70416
CVE-2014-3303,0.01132,0.54372
CVE-2014-3304,0.01213,0.6557
CVE-2014-3305,0.01213,0.6557
CVE-2014-3306,0.06523,0.90962
CVE-2014-3307,0.01213,0.6557
CVE-2014-3308,0.01213,0.6557
CVE-2014-3309,0.01213,0.6557
CVE-2014-3310,0.01213,0.6557
CVE-2014-3311,0.06309,0.90494
CVE-2014-3312,0.01018,0.38792
CVE-2014-3313,0.01319,0.70416
CVE-2014-3314,0.01055,0.50287
CVE-2014-3315,0.01213,0.6557
CVE-2014-3316,0.01232,0.66248
CVE-2014-3317,0.01232,0.66248
CVE-2014-3318,0.01232,0.66248
CVE-2014-3319,0.01132,0.54372
CVE-2014-3320,0.01213,0.6557
CVE-2014-3321,0.01136,0.57949
CVE-2014-3322,0.01213,0.6557
CVE-2014-3323,0.01061,0.51015
CVE-2014-3324,0.01319,0.70416
CVE-2014-3325,0.01136,0.57949
CVE-2014-3326,0.01232,0.66248
CVE-2014-3327,0.01213,0.6557
CVE-2014-3328,0.01213,0.6557
CVE-2014-3329,0.01213,0.6557
CVE-2014-3330,0.01213,0.6557
CVE-2014-3331,0.01319,0.70416
CVE-2014-3332,0.01132,0.54372
CVE-2014-3333,0.01232,0.66248
CVE-2014-3335,0.01319,0.70416
CVE-2014-3336,0.01232,0.66248
CVE-2014-3337,0.01232,0.66248
CVE-2014-3338,0.01232,0.66248
CVE-2014-3339,0.01061,0.51015
CVE-2014-3340,0.01132,0.54372
CVE-2014-3341,0.01213,0.6557
CVE-2014-3342,0.01061,0.51015
CVE-2014-3343,0.01319,0.70416
CVE-2014-3344,0.01319,0.70416
CVE-2014-3345,0.01319,0.70416
CVE-2014-3346,0.01132,0.54372
CVE-2014-3347,0.01213,0.6557
CVE-2014-3348,0.01319,0.70416
CVE-2014-3349,0.01132,0.54372
CVE-2014-3350,0.01132,0.54372
CVE-2014-3351,0.01213,0.6557
CVE-2014-3352,0.01319,0.70416
CVE-2014-3353,0.01319,0.70416
CVE-2014-3354,0.01319,0.70416
CVE-2014-3355,0.01213,0.6557
CVE-2014-3356,0.01213,0.6557
CVE-2014-3357,0.01213,0.6557
CVE-2014-3358,0.01213,0.6557
CVE-2014-3359,0.01213,0.6557
CVE-2014-3360,0.01213,0.6557
CVE-2014-3361,0.01213,0.6557
CVE-2014-3362,0.01213,0.6557
CVE-2014-3363,0.01232,0.66248
CVE-2014-3364,0.01055,0.50287
CVE-2014-3365,0.01213,0.6557
CVE-2014-3366,0.01132,0.54372
CVE-2014-3367,0.01213,0.6557
CVE-2014-3368,0.01213,0.6557
CVE-2014-3369,0.01213,0.6557
CVE-2014-3370,0.01213,0.6557
CVE-2014-3372,0.01319,0.70416
CVE-2014-3373,0.01319,0.70416
CVE-2014-3374,0.01319,0.70416
CVE-2014-3375,0.01319,0.70416
CVE-2014-3376,0.01319,0.70416
CVE-2014-3377,0.01232,0.66248
CVE-2014-3378,0.01319,0.70416
CVE-2014-3379,0.01319,0.70416
CVE-2014-3380,0.01213,0.6557
CVE-2014-3381,0.01055,0.50287
CVE-2014-3382,0.01055,0.50287
CVE-2014-3383,0.01055,0.50287
CVE-2014-3384,0.01055,0.50287
CVE-2014-3385,0.01055,0.50287
CVE-2014-3386,0.01055,0.50287
CVE-2014-3387,0.01055,0.50287
CVE-2014-3388,0.01055,0.50287
CVE-2014-3389,0.01055,0.50287
CVE-2014-3390,0.00885,0.26162
CVE-2014-3391,0.00885,0.26162
CVE-2014-3392,0.01055,0.50287
CVE-2014-3393,0.01055,0.50287
CVE-2014-3394,0.01055,0.50287
CVE-2014-3395,0.01055,0.50287
CVE-2014-3396,0.01055,0.50287
CVE-2014-3397,0.01213,0.6557
CVE-2014-3398,0.01055,0.50287
CVE-2014-3399,0.01055,0.50287
CVE-2014-3400,0.01055,0.50287
CVE-2014-3402,0.01055,0.50287
CVE-2014-3403,0.01055,0.50287
CVE-2014-3404,0.01055,0.50287
CVE-2014-3405,0.01055,0.50287
CVE-2014-3406,0.01055,0.50287
CVE-2014-3407,0.01055,0.50287
CVE-2014-3408,0.01136,0.57949
CVE-2014-3409,0.01319,0.70416
CVE-2014-3410,0.01055,0.50287
CVE-2014-3411,0.06523,0.90962
CVE-2014-3412,0.01136,0.57949
CVE-2014-3413,0.01055,0.50287
CVE-2014-3414,0.01055,0.50287
CVE-2014-3415,0.01061,0.51015
CVE-2014-3416,0.01055,0.50287
CVE-2014-3417,0.01055,0.50287
CVE-2014-3418,0.09257,0.93938
CVE-2014-3419,0.01034,0.39824
CVE-2014-3421,0.0095,0.30554
CVE-2014-3422,0.0095,0.30554
CVE-2014-3423,0.0095,0.30554
CVE-2014-3424,0.0095,0.30554
CVE-2014-3425,0.00885,0.26162
CVE-2014-3426,0.00885,0.26162
CVE-2014-3427,0.07584,0.92581
CVE-2014-3428,0.01213,0.6557
CVE-2014-3429,0.09915,0.94265
CVE-2014-3430,0.03779,0.84781
CVE-2014-3431,0.0095,0.30554
CVE-2014-3432,0.01213,0.6557
CVE-2014-3433,0.01136,0.57949
CVE-2014-3434,0.07352,0.92238
CVE-2014-3436,0.01213,0.6557
CVE-2014-3437,0.01319,0.70416
CVE-2014-3438,0.01319,0.70416
CVE-2014-3439,0.01319,0.70416
CVE-2014-3440,0.01061,0.51015
CVE-2014-3441,0.18904,0.96154
CVE-2014-3442,0.02808,0.8233
CVE-2014-3443,0.02808,0.8233
CVE-2014-3444,0.07852,0.92963
CVE-2014-3445,0.01213,0.6557
CVE-2014-3446,0.01213,0.6557
CVE-2014-3447,0.01055,0.50287
CVE-2014-3448,0.02432,0.8082
CVE-2014-3449,0.00885,0.26162
CVE-2014-3450,0.0089,0.2856
CVE-2014-3451,0.01213,0.6557
CVE-2014-3452,0.01055,0.50287
CVE-2014-3453,0.01132,0.54372
CVE-2014-3454,0.01055,0.50287
CVE-2014-3455,0.01055,0.50287
CVE-2014-3456,0.01055,0.50287
CVE-2014-3459,0.04611,0.88458
CVE-2014-3460,0.06309,0.90494
CVE-2014-3461,0.06523,0.90962
CVE-2014-3462,0.01213,0.6557
CVE-2014-3464,0.01132,0.54372
CVE-2014-3465,0.01408,0.72072
CVE-2014-3467,0.0755,0.92486
CVE-2014-3468,0.04714,0.88666
CVE-2014-3469,0.02686,0.82061
CVE-2014-3470,0.34498,0.97626
CVE-2014-3471,0.0095,0.30554
CVE-2014-3472,0.01232,0.66248
CVE-2014-3473,0.01018,0.38792
CVE-2014-3474,0.01132,0.54372
CVE-2014-3475,0.0095,0.30554
CVE-2014-3476,0.01232,0.66248
CVE-2014-3477,0.01547,0.74085
CVE-2014-3478,0.04358,0.87435
CVE-2014-3479,0.03932,0.8519
CVE-2014-3480,0.03932,0.8519
CVE-2014-3481,0.01974,0.7812
CVE-2014-3482,0.01408,0.72072
CVE-2014-3483,0.01319,0.70416
CVE-2014-3484,0.01055,0.50287
CVE-2014-3485,0.01055,0.50287
CVE-2014-3486,0.0089,0.2856
CVE-2014-3487,0.03932,0.8519
CVE-2014-3488,0.01213,0.6557
CVE-2014-3489,0.01055,0.50287
CVE-2014-3490,0.03779,0.84781
CVE-2014-3491,0.01055,0.50287
CVE-2014-3492,0.01055,0.50287
CVE-2014-3493,0.02528,0.8112
CVE-2014-3494,0.01018,0.38792
CVE-2014-3495,0.01018,0.38792
CVE-2014-3496,0.01319,0.70416
CVE-2014-3497,0.01319,0.70416
CVE-2014-3498,0.01055,0.50287
CVE-2014-3499,0.00885,0.26162
CVE-2014-3500,0.01055,0.50287
CVE-2014-3501,0.01055,0.50287
CVE-2014-3502,0.01136,0.57949
CVE-2014-3503,0.01484,0.72722
CVE-2014-3504,0.03032,0.82851
CVE-2014-3505,0.07559,0.92528
CVE-2014-3506,0.07559,0.92528
CVE-2014-3507,0.07559,0.92528
CVE-2014-3508,0.09837,0.94074
CVE-2014-3509,0.0472,0.88691
CVE-2014-3510,0.0472,0.88691
CVE-2014-3511,0.0472,0.88691
CVE-2014-3512,0.07559,0.92528
CVE-2014-3513,0.07559,0.92528
CVE-2014-3514,0.01213,0.6557
CVE-2014-3515,0.12248,0.95092
CVE-2014-3517,0.01055,0.50287
CVE-2014-3518,0.04611,0.88458
CVE-2014-3519,0.01034,0.39824
CVE-2014-3520,0.01061,0.51015
CVE-2014-3521,0.01055,0.50287
CVE-2014-3522,0.05242,0.89216
CVE-2014-3523,0.07344,0.92237
CVE-2014-3524,0.03718,0.84354
CVE-2014-3525,0.00954,0.34522
CVE-2014-3526,0.01055,0.50287
CVE-2014-3527,0.00885,0.26162
CVE-2014-3528,0.05242,0.89216
CVE-2014-3529,0.06394,0.90534
CVE-2014-3530,0.03779,0.84781
CVE-2014-3531,0.01132,0.54372
CVE-2014-3532,0.01282,0.67298
CVE-2014-3533,0.01282,0.67298
CVE-2014-3534,0.01282,0.67298
CVE-2014-3535,0.01213,0.6557
CVE-2014-3536,0.00885,0.26162
CVE-2014-3537,0.01547,0.74085
CVE-2014-3538,0.04358,0.87435
CVE-2014-3539,0.01978,0.78447
CVE-2014-3541,0.06523,0.90962
CVE-2014-3542,0.01136,0.57949
CVE-2014-3543,0.01136,0.57949
CVE-2014-3544,0.04213,0.86776
CVE-2014-3545,0.05302,0.89375
CVE-2014-3546,0.01136,0.57949
CVE-2014-3547,0.01213,0.6557
CVE-2014-3548,0.01213,0.6557
CVE-2014-3549,0.01213,0.6557
CVE-2014-3550,0.01213,0.6557
CVE-2014-3551,0.01132,0.54372
CVE-2014-3552,0.01061,0.51015
CVE-2014-3553,0.01061,0.51015
CVE-2014-3554,0.02791,0.82239
CVE-2014-3555,0.01315,0.67456
CVE-2014-3556,0.02359,0.80663
CVE-2014-3558,0.01183,0.60428
CVE-2014-3559,0.01132,0.54372
CVE-2014-3560,0.18601,0.96147
CVE-2014-3561,0.0089,0.2856
CVE-2014-3562,0.01136,0.57949
CVE-2014-3563,0.0095,0.30554
CVE-2014-3564,0.04967,0.88981
CVE-2014-3565,0.02172,0.79917
CVE-2014-3567,0.07559,0.92528
CVE-2014-3568,0.07559,0.92528
CVE-2014-3569,0.07559,0.92528
CVE-2014-3570,0.07559,0.92528
CVE-2014-3571,0.07559,0.92528
CVE-2014-3572,0.0472,0.88691
CVE-2014-3573,0.01055,0.50287
CVE-2014-3574,0.06394,0.90534
CVE-2014-3575,0.03718,0.84354
CVE-2014-3576,0.03718,0.84354
CVE-2014-3577,0.05242,0.89216
CVE-2014-3578,0.01974,0.7812
CVE-2014-3579,0.01742,0.75235
CVE-2014-3580,0.03384,0.83655
CVE-2014-3581,0.07344,0.92237
CVE-2014-3582,0.00885,0.26162
CVE-2014-3583,0.05242,0.89216
CVE-2014-3584,0.03718,0.84354
CVE-2014-3585,0.00885,0.26162
CVE-2014-3586,0.01034,0.39824
CVE-2014-3587,0.03932,0.8519
CVE-2014-3589,0.01319,0.70416
CVE-2014-3590,0.00954,0.34522
CVE-2014-3591,0.01018,0.38792
CVE-2014-3592,0.00885,0.26162
CVE-2014-3593,0.01055,0.50287
CVE-2014-3594,0.01282,0.67298
CVE-2014-3595,0.01213,0.6557
CVE-2014-3596,0.05242,0.89216
CVE-2014-3597,0.04229,0.86856
CVE-2014-3598,0.01055,0.50287
CVE-2014-3599,0.00885,0.26162
CVE-2014-3600,0.01742,0.75235
CVE-2014-3601,0.02686,0.82061
CVE-2014-3602,0.00885,0.26162
CVE-2014-3603,0.00954,0.34522
CVE-2014-3604,0.01018,0.38792
CVE-2014-3607,0.01018,0.38792
CVE-2014-3608,0.01132,0.54372
CVE-2014-3609,0.03779,0.84781
CVE-2014-3610,0.01547,0.74085
CVE-2014-3611,0.01282,0.67298
CVE-2014-3612,0.02072,0.79023
CVE-2014-3613,0.02172,0.79917
CVE-2014-3614,0.01213,0.6557
CVE-2014-3615,0.01282,0.67298
CVE-2014-3616,0.01055,0.50287
CVE-2014-3617,0.01061,0.51015
CVE-2014-3618,0.08228,0.93218
CVE-2014-3619,0.01319,0.70416
CVE-2014-3620,0.01408,0.72072
CVE-2014-3621,0.01232,0.66248
CVE-2014-3622,0.05634,0.89764
CVE-2014-3623,0.06394,0.90534
CVE-2014-3624,0.01136,0.57949
CVE-2014-3626,0.00885,0.26162
CVE-2014-3627,0.00954,0.34522
CVE-2014-3628,0.01055,0.50287
CVE-2014-3629,0.01484,0.72722
CVE-2014-3630,0.01213,0.6557
CVE-2014-3631,0.03534,0.84129
CVE-2014-3632,0.01055,0.50287
CVE-2014-3633,0.01955,0.77585
CVE-2014-3634,0.08228,0.93218
CVE-2014-3635,0.02172,0.79379
CVE-2014-3636,0.01282,0.67298
CVE-2014-3637,0.01282,0.67298
CVE-2014-3638,0.01282,0.67298
CVE-2014-3639,0.01282,0.67298
CVE-2014-3640,0.01282,0.67298
CVE-2014-3641,0.01232,0.66248
CVE-2014-3642,0.01055,0.50287
CVE-2014-3643,0.00954,0.34522
CVE-2014-3645,0.01282,0.67298
CVE-2014-3646,0.01537,0.73595
CVE-2014-3647,0.02686,0.82061
CVE-2014-3648,0.00885,0.26162
CVE-2014-3649,0.00885,0.26162
CVE-2014-3650,0.01055,0.50287
CVE-2014-3651,0.01055,0.50287
CVE-2014-3652,0.00885,0.26162
CVE-2014-3653,0.01213,0.6557
CVE-2014-3654,0.01213,0.6557
CVE-2014-3655,0.00954,0.34522
CVE-2014-3656,0.00885,0.26162
CVE-2014-3657,0.01408,0.72072
CVE-2014-3660,0.02686,0.82061
CVE-2014-3661,0.01055,0.50287
CVE-2014-3662,0.01055,0.50287
CVE-2014-3663,0.01055,0.50287
CVE-2014-3664,0.01132,0.54372
CVE-2014-3665,0.06523,0.90962
CVE-2014-3666,0.05822,0.89998
CVE-2014-3667,0.01055,0.50287
CVE-2014-3668,0.04358,0.87435
CVE-2014-3669,0.08228,0.93218
CVE-2014-3670,0.06604,0.91138
CVE-2014-3672,0.01034,0.39824
CVE-2014-3673,0.04358,0.87435
CVE-2014-3674,0.01055,0.50287
CVE-2014-3675,0.01213,0.6557
CVE-2014-3676,0.06523,0.90962
CVE-2014-3677,0.0292,0.82516
CVE-2014-3678,0.01136,0.57949
CVE-2014-3679,0.01055,0.50287
CVE-2014-3680,0.01055,0.50287
CVE-2014-3681,0.01213,0.6557
CVE-2014-3682,0.01319,0.70416
CVE-2014-3683,0.02172,0.79917
CVE-2014-3684,0.01815,0.76117
CVE-2014-3686,0.03779,0.84781
CVE-2014-3687,0.04358,0.87435
CVE-2014-3688,0.03779,0.84781
CVE-2014-3689,0.01104,0.52279
CVE-2014-3690,0.01547,0.74085
CVE-2014-3691,0.01213,0.6557
CVE-2014-3692,0.01055,0.50287
CVE-2014-3693,0.07544,0.92484
CVE-2014-3694,0.01537,0.73595
CVE-2014-3695,0.01537,0.73595
CVE-2014-3696,0.01537,0.73595
CVE-2014-3697,0.01213,0.6557
CVE-2014-3698,0.01974,0.7812
CVE-2014-3699,0.00954,0.34522
CVE-2014-3700,0.01978,0.78447
CVE-2014-3701,0.00954,0.34522
CVE-2014-3702,0.01055,0.50287
CVE-2014-3703,0.01055,0.50287
CVE-2014-3706,0.00885,0.26162
CVE-2014-3707,0.02686,0.82061
CVE-2014-3708,0.01132,0.54372
CVE-2014-3709,0.01136,0.57949
CVE-2014-3710,0.04358,0.87435
CVE-2014-3711,0.01213,0.6557
CVE-2014-3712,0.01213,0.6557
CVE-2014-3714,0.0095,0.30554
CVE-2014-3715,0.0095,0.30554
CVE-2014-3716,0.0095,0.30554
CVE-2014-3717,0.0095,0.30554
CVE-2014-3718,0.01055,0.50287
CVE-2014-3719,0.01055,0.50287
CVE-2014-3730,0.01408,0.72072
CVE-2014-3735,0.01055,0.50287
CVE-2014-3737,0.01319,0.70416
CVE-2014-3738,0.02255,0.80558
CVE-2014-3739,0.01213,0.6557
CVE-2014-3740,0.04213,0.86776
CVE-2014-3741,0.01213,0.6557
CVE-2014-3742,0.01213,0.6557
CVE-2014-3743,0.01213,0.6557
CVE-2014-3744,0.01213,0.6557
CVE-2014-3749,0.00986,0.35784
CVE-2014-3750,0.00885,0.26162
CVE-2014-3752,0.01365,0.70715
CVE-2014-3753,0.00885,0.26162
CVE-2014-3755,0.01213,0.6557
CVE-2014-3756,0.01213,0.6557
CVE-2014-3757,0.00986,0.35784
CVE-2014-3758,0.01213,0.6557
CVE-2014-3759,0.01213,0.6557
CVE-2014-3760,0.01055,0.50287
CVE-2014-3761,0.01055,0.50287
CVE-2014-3764,0.01055,0.50287
CVE-2014-3771,0.01213,0.6557
CVE-2014-3772,0.01213,0.6557
CVE-2014-3773,0.01213,0.6557
CVE-2014-3774,0.01213,0.6557
CVE-2014-3775,0.04229,0.86856
CVE-2014-3776,0.0547,0.89492
CVE-2014-3777,0.01213,0.6557
CVE-2014-3778,0.07584,0.92581
CVE-2014-3779,0.01055,0.50287
CVE-2014-3780,0.01213,0.6557
CVE-2014-3781,0.01213,0.6557
CVE-2014-3782,0.01232,0.66248
CVE-2014-3783,0.01132,0.54372
CVE-2014-3786,0.01055,0.50287
CVE-2014-3787,0.01213,0.6557
CVE-2014-3788,0.05822,0.89998
CVE-2014-3789,0.7962,0.99468
CVE-2014-3790,0.01132,0.54372
CVE-2014-3791,0.75644,0.99327
CVE-2014-3792,0.07584,0.92581
CVE-2014-3793,0.01108,0.53389
CVE-2014-3796,0.01018,0.38792
CVE-2014-3797,0.01136,0.57949
CVE-2014-3798,0.01213,0.6557
CVE-2014-3800,0.0095,0.30554
CVE-2014-3801,0.01232,0.66248
CVE-2014-3802,0.42421,0.98175
CVE-2014-3803,0.01319,0.70416
CVE-2014-3804,0.85322,0.99658
CVE-2014-3805,0.08097,0.93067
CVE-2014-3806,0.08097,0.93067
CVE-2014-3807,0.01136,0.57949
CVE-2014-3808,0.01213,0.6557
CVE-2014-3809,0.01055,0.50287
CVE-2014-3810,0.01132,0.54372
CVE-2014-3811,0.00885,0.26162
CVE-2014-3812,0.01055,0.50287
CVE-2014-3813,0.01055,0.50287
CVE-2014-3814,0.01055,0.50287
CVE-2014-3815,0.01136,0.57949
CVE-2014-3816,0.01055,0.50287
CVE-2014-3817,0.01213,0.6557
CVE-2014-3818,0.01055,0.50287
CVE-2014-3819,0.01136,0.57949
CVE-2014-3820,0.00885,0.26162
CVE-2014-3821,0.01136,0.57949
CVE-2014-3822,0.01055,0.50287
CVE-2014-3823,0.01055,0.50287
CVE-2014-3824,0.01055,0.50287
CVE-2014-3825,0.01055,0.50287
CVE-2014-3826,0.01055,0.50287
CVE-2014-3827,0.01055,0.50287
CVE-2014-3828,0.04836,0.88803
CVE-2014-3829,0.01213,0.6557
CVE-2014-3830,0.01055,0.50287
CVE-2014-3832,0.01055,0.50287
CVE-2014-3833,0.01055,0.50287
CVE-2014-3834,0.01055,0.50287
CVE-2014-3835,0.01055,0.50287
CVE-2014-3836,0.01055,0.50287
CVE-2014-3837,0.01055,0.50287
CVE-2014-3838,0.01055,0.50287
CVE-2014-3840,0.02687,0.82062
CVE-2014-3841,0.01136,0.57949
CVE-2014-3842,0.01213,0.6557
CVE-2014-3843,0.01055,0.50287
CVE-2014-3844,0.01055,0.50287
CVE-2014-3845,0.01055,0.50287
CVE-2014-3846,0.01055,0.50287
CVE-2014-3848,0.01213,0.6557
CVE-2014-3849,0.01213,0.6557
CVE-2014-3850,0.01055,0.50287
CVE-2014-3851,0.00885,0.26162
CVE-2014-3852,0.01055,0.50287
CVE-2014-3853,0.01055,0.50287
CVE-2014-3854,0.01953,0.77242
CVE-2014-3855,0.01055,0.50287
CVE-2014-3856,0.0089,0.2856
CVE-2014-3857,0.01267,0.6644
CVE-2014-3859,0.01934,0.77134
CVE-2014-3860,0.00885,0.26162
CVE-2014-3861,0.01136,0.57949
CVE-2014-3862,0.01136,0.57949
CVE-2014-3863,0.01136,0.57949
CVE-2014-3864,0.01213,0.6557
CVE-2014-3865,0.08097,0.93067
CVE-2014-3866,0.07584,0.92581
CVE-2014-3867,0.01136,0.57949
CVE-2014-3868,0.01564,0.74439
CVE-2014-3870,0.01055,0.50287
CVE-2014-3871,0.01319,0.70416
CVE-2014-3872,0.01136,0.57949
CVE-2014-3873,0.0095,0.30554
CVE-2014-3875,0.01213,0.6557
CVE-2014-3876,0.01136,0.57949
CVE-2014-3877,0.01136,0.57949
CVE-2014-3878,0.01953,0.77242
CVE-2014-3879,0.01018,0.38792
CVE-2014-3880,0.0089,0.2856
CVE-2014-3881,0.01136,0.57949
CVE-2014-3882,0.01213,0.6557
CVE-2014-3883,0.01136,0.57949
CVE-2014-3884,0.01055,0.50287
CVE-2014-3885,0.01055,0.50287
CVE-2014-3886,0.01055,0.50287
CVE-2014-3887,0.01055,0.50287
CVE-2014-3888,0.75644,0.99327
CVE-2014-3889,0.01055,0.50287
CVE-2014-3890,0.01055,0.50287
CVE-2014-3891,0.0292,0.82516
CVE-2014-3892,0.01136,0.57949
CVE-2014-3894,0.01055,0.50287
CVE-2014-3895,0.01136,0.57949
CVE-2014-3896,0.01136,0.57949
CVE-2014-3897,0.01136,0.57949
CVE-2014-3898,0.01213,0.6557
CVE-2014-3899,0.01055,0.50287
CVE-2014-3900,0.01213,0.6557
CVE-2014-3901,0.01055,0.50287
CVE-2014-3902,0.01018,0.38792
CVE-2014-3903,0.01132,0.54372
CVE-2014-3904,0.01055,0.50287
CVE-2014-3905,0.01055,0.50287
CVE-2014-3906,0.01055,0.50287
CVE-2014-3907,0.01136,0.57949
CVE-2014-3908,0.00885,0.26162
CVE-2014-3909,0.01136,0.57949
CVE-2014-3910,0.0089,0.2856
CVE-2014-3911,0.07525,0.92398
CVE-2014-3912,0.05629,0.89602
CVE-2014-3913,0.75644,0.99327
CVE-2014-3914,0.82639,0.9955
CVE-2014-3915,0.01055,0.50287
CVE-2014-3916,0.01018,0.38792
CVE-2014-3917,0.01282,0.67298
CVE-2014-3919,0.00885,0.26162
CVE-2014-3920,0.01136,0.57949
CVE-2014-3921,0.01055,0.50287
CVE-2014-3922,0.01319,0.70416
CVE-2014-3923,0.01055,0.50287
CVE-2014-3924,0.01408,0.72072
CVE-2014-3925,0.01213,0.6557
CVE-2014-3926,0.01213,0.6557
CVE-2014-3927,0.01136,0.57949
CVE-2014-3928,0.01136,0.57949
CVE-2014-3929,0.01136,0.57949
CVE-2014-3930,0.01055,0.50287
CVE-2014-3931,0.01136,0.57949
CVE-2014-3932,0.01055,0.50287
CVE-2014-3933,0.01132,0.54372
CVE-2014-3934,0.00986,0.35784
CVE-2014-3935,0.00986,0.35784
CVE-2014-3936,0.7976,0.99476
CVE-2014-3937,0.01055,0.50287
CVE-2014-3938,0.04863,0.88822
CVE-2014-3939,0.04863,0.88822
CVE-2014-3940,0.01282,0.67298
CVE-2014-3941,0.01319,0.70416
CVE-2014-3942,0.01132,0.54372
CVE-2014-3943,0.01132,0.54372
CVE-2014-3944,0.01136,0.57949
CVE-2014-3945,0.01136,0.57949
CVE-2014-3946,0.01061,0.51015
CVE-2014-3947,0.05822,0.89998
CVE-2014-3948,0.01213,0.6557
CVE-2014-3949,0.01132,0.54372
CVE-2014-3951,0.00954,0.34522
CVE-2014-3952,0.01034,0.39824
CVE-2014-3953,0.0095,0.30554
CVE-2014-3954,0.0556,0.89553
CVE-2014-3955,0.01136,0.57949
CVE-2014-3956,0.01547,0.74085
CVE-2014-3959,0.01213,0.6557
CVE-2014-3960,0.01136,0.57949
CVE-2014-3961,0.01139,0.58345
CVE-2014-3962,0.00986,0.35784
CVE-2014-3963,0.01055,0.50287
CVE-2014-3966,0.01408,0.72072
CVE-2014-3967,0.01282,0.67298
CVE-2014-3968,0.01282,0.67298
CVE-2014-3969,0.0095,0.30554
CVE-2014-3970,0.01319,0.70416
CVE-2014-3971,0.01055,0.50287
CVE-2014-3972,0.01055,0.50287
CVE-2014-3973,0.01136,0.57949
CVE-2014-3974,0.01213,0.6557
CVE-2014-3975,0.01213,0.6557
CVE-2014-3976,0.15386,0.95781
CVE-2014-3977,0.01282,0.67298
CVE-2014-3978,0.01216,0.65576
CVE-2014-3979,0.01136,0.57949
CVE-2014-3980,0.0095,0.30554
CVE-2014-3981,0.01547,0.74085
CVE-2014-3982,0.0095,0.30554
CVE-2014-3984,0.01319,0.70416
CVE-2014-3985,0.01319,0.70416
CVE-2014-3986,0.0095,0.30554
CVE-2014-3988,0.01055,0.50287
CVE-2014-3990,0.06729,0.91198
CVE-2014-3991,0.01055,0.50287
CVE-2014-3992,0.01055,0.50287
CVE-2014-3994,0.01408,0.72072
CVE-2014-3995,0.01319,0.70416
CVE-2014-3996,0.68286,0.99066
CVE-2014-3997,0.01564,0.74439
CVE-2014-3999,0.01213,0.6557
CVE-2014-4000,0.01132,0.54372
CVE-2014-4002,0.01408,0.72072
CVE-2014-4003,0.01319,0.70416
CVE-2014-4004,0.01213,0.6557
CVE-2014-4005,0.01213,0.6557
CVE-2014-4006,0.01213,0.6557
CVE-2014-4007,0.01213,0.6557
CVE-2014-4008,0.01213,0.6557
CVE-2014-4009,0.01213,0.6557
CVE-2014-4010,0.01213,0.6557
CVE-2014-4011,0.01213,0.6557
CVE-2014-4012,0.01213,0.6557
CVE-2014-4013,0.01055,0.50287
CVE-2014-4014,0.03534,0.84129
CVE-2014-4017,0.01055,0.50287
CVE-2014-4018,0.01136,0.57949
CVE-2014-4019,0.01213,0.6557
CVE-2014-4020,0.01213,0.6557
CVE-2014-4021,0.01547,0.74085
CVE-2014-4022,0.0095,0.30554
CVE-2014-4023,0.01136,0.57949
CVE-2014-4024,0.01055,0.50287
CVE-2014-4027,0.01547,0.74085
CVE-2014-4030,0.07584,0.92581
CVE-2014-4031,0.01055,0.50287
CVE-2014-4032,0.01136,0.57949
CVE-2014-4033,0.01953,0.77242
CVE-2014-4034,0.04386,0.87542
CVE-2014-4035,0.01953,0.77242
CVE-2014-4036,0.01055,0.50287
CVE-2014-4037,0.01136,0.57949
CVE-2014-4038,0.01104,0.52279
CVE-2014-4039,0.01034,0.39824
CVE-2014-4040,0.01055,0.50287
CVE-2014-4043,0.02686,0.82061
CVE-2014-4044,0.01213,0.6557
CVE-2014-4045,0.01136,0.57949
CVE-2014-4046,0.01061,0.51015
CVE-2014-4047,0.01136,0.57949
CVE-2014-4048,0.01136,0.57949
CVE-2014-4049,0.04229,0.86856
CVE-2014-4050,0.30149,0.97391
CVE-2014-4051,0.30149,0.97391
CVE-2014-4052,0.30149,0.97391
CVE-2014-4055,0.30149,0.97391
CVE-2014-4056,0.30149,0.97391
CVE-2014-4057,0.30149,0.97391
CVE-2014-4058,0.27868,0.97127
CVE-2014-4059,0.27868,0.97127
CVE-2014-4060,0.49719,0.98611
CVE-2014-4061,0.19382,0.9619
CVE-2014-4062,0.29797,0.97364
CVE-2014-4063,0.27868,0.97127
CVE-2014-4064,0.01205,0.60537
CVE-2014-4065,0.29417,0.97293
CVE-2014-4066,0.07257,0.92091
CVE-2014-4067,0.27868,0.97127
CVE-2014-4068,0.31909,0.97485
CVE-2014-4070,0.27846,0.97095
CVE-2014-4071,0.31909,0.97485
CVE-2014-4072,0.34547,0.97638
CVE-2014-4073,0.31909,0.97485
CVE-2014-4074,0.02283,0.80608
CVE-2014-4075,0.41356,0.98141
CVE-2014-4077,0.29551,0.97308
CVE-2014-4078,0.29797,0.97364
CVE-2014-4079,0.27868,0.97127
CVE-2014-4080,0.27868,0.97127
CVE-2014-4081,0.27868,0.97127
CVE-2014-4082,0.27868,0.97127
CVE-2014-4083,0.27868,0.97127
CVE-2014-4084,0.27868,0.97127
CVE-2014-4085,0.27868,0.97127
CVE-2014-4086,0.27868,0.97127
CVE-2014-4087,0.27868,0.97127
CVE-2014-4088,0.27868,0.97127
CVE-2014-4089,0.27868,0.97127
CVE-2014-4090,0.27868,0.97127
CVE-2014-4091,0.27868,0.97127
CVE-2014-4092,0.27868,0.97127
CVE-2014-4093,0.27868,0.97127
CVE-2014-4094,0.27868,0.97127
CVE-2014-4095,0.27868,0.97127
CVE-2014-4096,0.27868,0.97127
CVE-2014-4097,0.27868,0.97127
CVE-2014-4098,0.27868,0.97127
CVE-2014-4099,0.27868,0.97127
CVE-2014-4100,0.27868,0.97127
CVE-2014-4101,0.27868,0.97127
CVE-2014-4102,0.27868,0.97127
CVE-2014-4103,0.27868,0.97127
CVE-2014-4104,0.27868,0.97127
CVE-2014-4105,0.29417,0.97293
CVE-2014-4106,0.29417,0.97293
CVE-2014-4107,0.29417,0.97293
CVE-2014-4108,0.29417,0.97293
CVE-2014-4109,0.29417,0.97293
CVE-2014-4110,0.29417,0.97293
CVE-2014-4111,0.29417,0.97293
CVE-2014-4112,0.07257,0.92091
CVE-2014-4114,0.89037,0.99806
CVE-2014-4115,0.05481,0.89513
CVE-2014-4116,0.25802,0.96904
CVE-2014-4117,0.48414,0.98504
CVE-2014-4118,0.42421,0.98175
CVE-2014-4121,0.37902,0.97846
CVE-2014-4122,0.29551,0.97308
CVE-2014-4123,0.28304,0.97161
CVE-2014-4124,0.26111,0.9695
CVE-2014-4126,0.30149,0.97391
CVE-2014-4127,0.27868,0.97127
CVE-2014-4128,0.30149,0.97391
CVE-2014-4129,0.27868,0.97127
CVE-2014-4130,0.27868,0.97127
CVE-2014-4132,0.30149,0.97391
CVE-2014-4133,0.27868,0.97127
CVE-2014-4134,0.27868,0.97127
CVE-2014-4137,0.27868,0.97127
CVE-2014-4138,0.73729,0.99252
CVE-2014-4140,0.26111,0.9695
CVE-2014-4141,0.71163,0.9914
CVE-2014-4143,0.32587,0.97517
CVE-2014-4145,0.07257,0.92091
CVE-2014-4148,0.60981,0.98872
CVE-2014-4149,0.49719,0.98611
CVE-2014-4150,0.0095,0.30554
CVE-2014-4151,0.06523,0.90962
CVE-2014-4152,0.06523,0.90962
CVE-2014-4153,0.07584,0.92581
CVE-2014-4154,0.01136,0.57949
CVE-2014-4155,0.01136,0.57949
CVE-2014-4156,0.00885,0.26162
CVE-2014-4157,0.01034,0.39824
CVE-2014-4158,0.18609,0.9615
CVE-2014-4159,0.01213,0.6557
CVE-2014-4160,0.01213,0.6557
CVE-2014-4161,0.01213,0.6557
CVE-2014-4162,0.07584,0.92581
CVE-2014-4163,0.07584,0.92581
CVE-2014-4164,0.01055,0.50287
CVE-2014-4165,0.01319,0.70416
CVE-2014-4166,0.01953,0.77242
CVE-2014-4167,0.01132,0.54372
CVE-2014-4168,0.07777,0.92953
CVE-2014-4170,0.08382,0.93597
CVE-2014-4171,0.01547,0.74085
CVE-2014-4172,0.02172,0.79917
CVE-2014-4174,0.05139,0.89128
CVE-2014-4187,0.01055,0.50287
CVE-2014-4188,0.01213,0.6557
CVE-2014-4189,0.01213,0.6557
CVE-2014-4190,0.01055,0.50287
CVE-2014-4191,0.01055,0.50287
CVE-2014-4192,0.01055,0.50287
CVE-2014-4193,0.01136,0.57949
CVE-2014-4194,0.01096,0.51684
CVE-2014-4195,0.01055,0.50287
CVE-2014-4196,0.01055,0.50287
CVE-2014-4197,0.01055,0.50287
CVE-2014-4198,0.00885,0.26162
CVE-2014-4199,0.0095,0.30554
CVE-2014-4200,0.0095,0.30554
CVE-2014-4201,0.01319,0.70416
CVE-2014-4202,0.01319,0.70416
CVE-2014-4203,0.01104,0.52279
CVE-2014-4204,0.01232,0.66248
CVE-2014-4205,0.01319,0.70416
CVE-2014-4206,0.01034,0.39824
CVE-2014-4207,0.01815,0.76117
CVE-2014-4208,0.03932,0.8519
CVE-2014-4209,0.04358,0.87435
CVE-2014-4211,0.01319,0.70416
CVE-2014-4212,0.01319,0.70416
CVE-2014-4213,0.01319,0.70416
CVE-2014-4214,0.01649,0.75017
CVE-2014-4215,0.01104,0.52279
CVE-2014-4216,0.03932,0.8519
CVE-2014-4217,0.01319,0.70416
CVE-2014-4218,0.04358,0.87435
CVE-2014-4219,0.03932,0.8519
CVE-2014-4220,0.04358,0.87435
CVE-2014-4221,0.03932,0.8519
CVE-2014-4222,0.01315,0.67456
CVE-2014-4223,0.03407,0.83908
CVE-2014-4224,0.01104,0.52279
CVE-2014-4225,0.01104,0.52279
CVE-2014-4226,0.01408,0.72072
CVE-2014-4227,0.04358,0.87435
CVE-2014-4228,0.01034,0.39824
CVE-2014-4229,0.01315,0.67456
CVE-2014-4230,0.01319,0.70416
CVE-2014-4231,0.01319,0.70416
CVE-2014-4232,0.01319,0.70416
CVE-2014-4233,0.01649,0.75017
CVE-2014-4234,0.01408,0.72072
CVE-2014-4235,0.01232,0.66248
CVE-2014-4236,0.01649,0.75017
CVE-2014-4237,0.01649,0.75017
CVE-2014-4238,0.01649,0.75017
CVE-2014-4239,0.01315,0.67456
CVE-2014-4240,0.01282,0.67298
CVE-2014-4242,0.01319,0.70416
CVE-2014-4243,0.01815,0.76117
CVE-2014-4244,0.08269,0.93273
CVE-2014-4245,0.01815,0.76117
CVE-2014-4246,0.01315,0.67456
CVE-2014-4247,0.01408,0.72072
CVE-2014-4248,0.01034,0.39824
CVE-2014-4249,0.01319,0.70416
CVE-2014-4250,0.01232,0.66248
CVE-2014-4251,0.01315,0.67456
CVE-2014-4252,0.04358,0.87435
CVE-2014-4253,0.01319,0.70416
CVE-2014-4254,0.01319,0.70416
CVE-2014-4255,0.01319,0.70416
CVE-2014-4256,0.01319,0.70416
CVE-2014-4257,0.01319,0.70416
CVE-2014-4258,0.01815,0.76117
CVE-2014-4259,0.01055,0.50287
CVE-2014-4260,0.01815,0.76117
CVE-2014-4261,0.01034,0.39824
CVE-2014-4262,0.03932,0.8519
CVE-2014-4263,0.08269,0.93273
CVE-2014-4264,0.03779,0.84781
CVE-2014-4265,0.04358,0.87435
CVE-2014-4266,0.04358,0.87435
CVE-2014-4267,0.01319,0.70416
CVE-2014-4268,0.04358,0.87435
CVE-2014-4269,0.01315,0.67456
CVE-2014-4270,0.01315,0.67456
CVE-2014-4271,0.01408,0.72072
CVE-2014-4274,0.0095,0.30554
CVE-2014-4275,0.0095,0.30554
CVE-2014-4276,0.01213,0.6557
CVE-2014-4277,0.01213,0.6557
CVE-2014-4278,0.01213,0.6557
CVE-2014-4279,0.01055,0.50287
CVE-2014-4280,0.0095,0.30554
CVE-2014-4281,0.01213,0.6557
CVE-2014-4282,0.0095,0.30554
CVE-2014-4283,0.01213,0.6557
CVE-2014-4284,0.0095,0.30554
CVE-2014-4285,0.01213,0.6557
CVE-2014-4287,0.01132,0.54372
CVE-2014-4288,0.03932,0.8519
CVE-2014-4289,0.01055,0.50287
CVE-2014-4290,0.01055,0.50287
CVE-2014-4291,0.01055,0.50287
CVE-2014-4292,0.01055,0.50287
CVE-2014-4293,0.01055,0.50287
CVE-2014-4294,0.01055,0.50287
CVE-2014-4295,0.01055,0.50287
CVE-2014-4296,0.01055,0.50287
CVE-2014-4297,0.01055,0.50287
CVE-2014-4298,0.01055,0.50287
CVE-2014-4299,0.01055,0.50287
CVE-2014-4300,0.01055,0.50287
CVE-2014-4301,0.01213,0.6557
CVE-2014-4302,0.01055,0.50287
CVE-2014-4303,0.01132,0.54372
CVE-2014-4304,0.01136,0.57949
CVE-2014-4305,0.01055,0.50287
CVE-2014-4306,0.01055,0.50287
CVE-2014-4307,0.01055,0.50287
CVE-2014-4308,0.01055,0.50287
CVE-2014-4309,0.01055,0.50287
CVE-2014-4310,0.01055,0.50287
CVE-2014-4311,0.00954,0.34522
CVE-2014-4312,0.01955,0.77585
CVE-2014-4313,0.01213,0.6557
CVE-2014-4325,0.00885,0.26162
CVE-2014-4326,0.01136,0.57949
CVE-2014-4329,0.01213,0.6557
CVE-2014-4330,0.01547,0.74085
CVE-2014-4331,0.01213,0.6557
CVE-2014-4333,0.01136,0.57949
CVE-2014-4334,0.12131,0.94983
CVE-2014-4335,0.01055,0.50287
CVE-2014-4336,0.00954,0.34522
CVE-2014-4337,0.01213,0.6557
CVE-2014-4338,0.01319,0.70416
CVE-2014-4341,0.03779,0.84781
CVE-2014-4342,0.02172,0.79917
CVE-2014-4343,0.06604,0.91138
CVE-2014-4344,0.04358,0.87435
CVE-2014-4345,0.06823,0.91806
CVE-2014-4346,0.01776,0.75902
CVE-2014-4347,0.01537,0.73595
CVE-2014-4348,0.01132,0.54372
CVE-2014-4349,0.01232,0.66248
CVE-2014-4350,0.02828,0.82353
CVE-2014-4351,0.03397,0.83675
CVE-2014-4352,0.01034,0.39824
CVE-2014-4353,0.01108,0.53389
CVE-2014-4354,0.01319,0.70416
CVE-2014-4356,0.01108,0.53389
CVE-2014-4357,0.01104,0.52279
CVE-2014-4361,0.01108,0.53389
CVE-2014-4362,0.01108,0.53389
CVE-2014-4363,0.01408,0.72072
CVE-2014-4364,0.01955,0.77585
CVE-2014-4366,0.01319,0.70416
CVE-2014-4367,0.01034,0.39824
CVE-2014-4368,0.01108,0.53389
CVE-2014-4369,0.01183,0.60428
CVE-2014-4371,0.01537,0.73595
CVE-2014-4372,0.01104,0.52279
CVE-2014-4373,0.01537,0.73595
CVE-2014-4374,0.01108,0.53389
CVE-2014-4375,0.01282,0.67298
CVE-2014-4376,0.02147,0.79189
CVE-2014-4379,0.01537,0.73595
CVE-2014-4380,0.02201,0.80277
CVE-2014-4381,0.02201,0.80277
CVE-2014-4383,0.01183,0.60428
CVE-2014-4384,0.01108,0.53389
CVE-2014-4386,0.01034,0.39824
CVE-2014-4388,0.01942,0.77151
CVE-2014-4389,0.02201,0.80277
CVE-2014-4390,0.01442,0.72669
CVE-2014-4391,0.04439,0.87701
CVE-2014-4393,0.02928,0.82519
CVE-2014-4394,0.01442,0.72669
CVE-2014-4395,0.01442,0.72669
CVE-2014-4396,0.01442,0.72669
CVE-2014-4397,0.01442,0.72669
CVE-2014-4398,0.01442,0.72669
CVE-2014-4399,0.01442,0.72669
CVE-2014-4400,0.01442,0.72669
CVE-2014-4401,0.01442,0.72669
CVE-2014-4402,0.01442,0.72669
CVE-2014-4403,0.0095,0.30554
CVE-2014-4404,0.51879,0.98659
CVE-2014-4405,0.02201,0.80277
CVE-2014-4406,0.01408,0.72072
CVE-2014-4407,0.01537,0.73595
CVE-2014-4408,0.01282,0.67298
CVE-2014-4409,0.01776,0.75902
CVE-2014-4410,0.0387,0.84909
CVE-2014-4411,0.0387,0.84909
CVE-2014-4412,0.0387,0.84909
CVE-2014-4413,0.0387,0.84909
CVE-2014-4414,0.0387,0.84909
CVE-2014-4415,0.0387,0.84909
CVE-2014-4416,0.01442,0.72669
CVE-2014-4417,0.01213,0.6557
CVE-2014-4418,0.01942,0.77151
CVE-2014-4419,0.01537,0.73595
CVE-2014-4420,0.01537,0.73595
CVE-2014-4421,0.01537,0.73595
CVE-2014-4422,0.01537,0.73595
CVE-2014-4423,0.01108,0.53389
CVE-2014-4424,0.01974,0.7812
CVE-2014-4425,0.0095,0.30554
CVE-2014-4426,0.01319,0.70416
CVE-2014-4427,0.01018,0.38792
CVE-2014-4428,0.02172,0.79917
CVE-2014-4430,0.01018,0.38792
CVE-2014-4431,0.0095,0.30554
CVE-2014-4432,0.01018,0.38792
CVE-2014-4433,0.01442,0.72669
CVE-2014-4434,0.0095,0.30554
CVE-2014-4435,0.01018,0.38792
CVE-2014-4436,0.01018,0.38792
CVE-2014-4437,0.01018,0.38792
CVE-2014-4438,0.0095,0.30554
CVE-2014-4439,0.01213,0.6557
CVE-2014-4440,0.01213,0.6557
CVE-2014-4441,0.01213,0.6557
CVE-2014-4442,0.0095,0.30554
CVE-2014-4443,0.01213,0.6557
CVE-2014-4444,0.0095,0.30554
CVE-2014-4446,0.01132,0.54372
CVE-2014-4447,0.0095,0.30554
CVE-2014-4448,0.01018,0.38792
CVE-2014-4449,0.01108,0.53389
CVE-2014-4450,0.01018,0.38792
CVE-2014-4451,0.01034,0.39824
CVE-2014-4452,0.0387,0.84909
CVE-2014-4453,0.02172,0.79917
CVE-2014-4455,0.01547,0.74085
CVE-2014-4457,0.0159,0.7449
CVE-2014-4458,0.01319,0.70416
CVE-2014-4459,0.06827,0.91807
CVE-2014-4460,0.01282,0.67298
CVE-2014-4461,0.02201,0.80277
CVE-2014-4462,0.0444,0.87702
CVE-2014-4463,0.01034,0.39824
CVE-2014-4465,0.01319,0.70416
CVE-2014-4466,0.0444,0.87702
CVE-2014-4467,0.01055,0.50287
CVE-2014-4468,0.0387,0.84909
CVE-2014-4469,0.0387,0.84909
CVE-2014-4470,0.0387,0.84909
CVE-2014-4471,0.0387,0.84909
CVE-2014-4472,0.0387,0.84909
CVE-2014-4473,0.0387,0.84909
CVE-2014-4474,0.0387,0.84909
CVE-2014-4475,0.0387,0.84909
CVE-2014-4476,0.0387,0.84909
CVE-2014-4477,0.0387,0.84909
CVE-2014-4479,0.0387,0.84909
CVE-2014-4480,0.01108,0.53389
CVE-2014-4481,0.03397,0.83675
CVE-2014-4483,0.03397,0.83675
CVE-2014-4484,0.03516,0.84101
CVE-2014-4485,0.03516,0.84101
CVE-2014-4486,0.02365,0.80691
CVE-2014-4487,0.02365,0.80691
CVE-2014-4488,0.02365,0.80691
CVE-2014-4489,0.02365,0.80691
CVE-2014-4491,0.01108,0.53389
CVE-2014-4492,0.28308,0.97162
CVE-2014-4493,0.00954,0.34522
CVE-2014-4494,0.00954,0.34522
CVE-2014-4495,0.01108,0.53389
CVE-2014-4496,0.01183,0.60428
CVE-2014-4497,0.02147,0.79189
CVE-2014-4498,0.01018,0.38792
CVE-2014-4499,0.0089,0.2856
CVE-2014-4501,0.01018,0.38792
CVE-2014-4502,0.01108,0.53389
CVE-2014-4503,0.00885,0.26162
CVE-2014-4505,0.01213,0.6557
CVE-2014-4506,0.01132,0.54372
CVE-2014-4507,0.01055,0.50287
CVE-2014-4508,0.01282,0.67298
CVE-2014-4509,0.00885,0.26162
CVE-2014-4510,0.01319,0.70416
CVE-2014-4511,0.44919,0.9826
CVE-2014-4513,0.01055,0.50287
CVE-2014-4514,0.01055,0.50287
CVE-2014-4515,0.01055,0.50287
CVE-2014-4516,0.01055,0.50287
CVE-2014-4517,0.01055,0.50287
CVE-2014-4518,0.01055,0.50287
CVE-2014-4519,0.01055,0.50287
CVE-2014-4520,0.01136,0.57949
CVE-2014-4521,0.01055,0.50287
CVE-2014-4522,0.01055,0.50287
CVE-2014-4523,0.01055,0.50287
CVE-2014-4524,0.01136,0.57949
CVE-2014-4525,0.01055,0.50287
CVE-2014-4526,0.01055,0.50287
CVE-2014-4527,0.01055,0.50287
CVE-2014-4528,0.01055,0.50287
CVE-2014-4529,0.01055,0.50287
CVE-2014-4530,0.00885,0.26162
CVE-2014-4531,0.01055,0.50287
CVE-2014-4532,0.01055,0.50287
CVE-2014-4533,0.01055,0.50287
CVE-2014-4534,0.01055,0.50287
CVE-2014-4535,0.01055,0.50287
CVE-2014-4536,0.01055,0.50287
CVE-2014-4537,0.01055,0.50287
CVE-2014-4538,0.01055,0.50287
CVE-2014-4539,0.01055,0.50287
CVE-2014-4540,0.01055,0.50287
CVE-2014-4541,0.01055,0.50287
CVE-2014-4542,0.01055,0.50287
CVE-2014-4543,0.01055,0.50287
CVE-2014-4544,0.01055,0.50287
CVE-2014-4545,0.01055,0.50287
CVE-2014-4546,0.01055,0.50287
CVE-2014-4547,0.01055,0.50287
CVE-2014-4548,0.01055,0.50287
CVE-2014-4549,0.01213,0.6557
CVE-2014-4550,0.01055,0.50287
CVE-2014-4551,0.01055,0.50287
CVE-2014-4552,0.01055,0.50287
CVE-2014-4553,0.01055,0.50287
CVE-2014-4554,0.01136,0.57949
CVE-2014-4555,0.01055,0.50287
CVE-2014-4556,0.01055,0.50287
CVE-2014-4557,0.01055,0.50287
CVE-2014-4558,0.01055,0.50287
CVE-2014-4559,0.01055,0.50287
CVE-2014-4560,0.01055,0.50287
CVE-2014-4561,0.00885,0.26162
CVE-2014-4563,0.01055,0.50287
CVE-2014-4564,0.01055,0.50287
CVE-2014-4565,0.01055,0.50287
CVE-2014-4566,0.01055,0.50287
CVE-2014-4567,0.01055,0.50287
CVE-2014-4568,0.01055,0.50287
CVE-2014-4569,0.01136,0.57949
CVE-2014-4570,0.01136,0.57949
CVE-2014-4571,0.01055,0.50287
CVE-2014-4572,0.01055,0.50287
CVE-2014-4573,0.01055,0.50287
CVE-2014-4574,0.01136,0.57949
CVE-2014-4575,0.01055,0.50287
CVE-2014-4576,0.01055,0.50287
CVE-2014-4577,0.01055,0.50287
CVE-2014-4578,0.01055,0.50287
CVE-2014-4579,0.01055,0.50287
CVE-2014-4580,0.01055,0.50287
CVE-2014-4581,0.01055,0.50287
CVE-2014-4582,0.01055,0.50287
CVE-2014-4583,0.01055,0.50287
CVE-2014-4584,0.01055,0.50287
CVE-2014-4585,0.01055,0.50287
CVE-2014-4586,0.01055,0.50287
CVE-2014-4587,0.01055,0.50287
CVE-2014-4588,0.01055,0.50287
CVE-2014-4589,0.01055,0.50287
CVE-2014-4590,0.01055,0.50287
CVE-2014-4591,0.01055,0.50287
CVE-2014-4592,0.01055,0.50287
CVE-2014-4593,0.01055,0.50287
CVE-2014-4594,0.01136,0.57949
CVE-2014-4595,0.01055,0.50287
CVE-2014-4596,0.01055,0.50287
CVE-2014-4597,0.01055,0.50287
CVE-2014-4598,0.01136,0.57949
CVE-2014-4599,0.01055,0.50287
CVE-2014-4600,0.01055,0.50287
CVE-2014-4601,0.01055,0.50287
CVE-2014-4602,0.01055,0.50287
CVE-2014-4603,0.01055,0.50287
CVE-2014-4604,0.01055,0.50287
CVE-2014-4605,0.01055,0.50287
CVE-2014-4606,0.01055,0.50287
CVE-2014-4607,0.01689,0.75137
CVE-2014-4608,0.02686,0.82061
CVE-2014-4609,0.04836,0.88802
CVE-2014-4610,0.04836,0.88802
CVE-2014-4611,0.02686,0.82061
CVE-2014-4612,0.01319,0.70416
CVE-2014-4613,0.108,0.94438
CVE-2014-4614,0.01136,0.57949
CVE-2014-4615,0.01974,0.7812
CVE-2014-4616,0.01537,0.73595
CVE-2014-4617,0.02686,0.82061
CVE-2014-4618,0.01132,0.54372
CVE-2014-4619,0.01319,0.70416
CVE-2014-4620,0.01034,0.39824
CVE-2014-4621,0.01132,0.54372
CVE-2014-4622,0.01132,0.54372
CVE-2014-4623,0.01018,0.38792
CVE-2014-4624,0.02172,0.79917
CVE-2014-4626,0.01132,0.54372
CVE-2014-4627,0.01132,0.54372
CVE-2014-4628,0.01055,0.50287
CVE-2014-4629,0.01132,0.54372
CVE-2014-4630,0.00954,0.34522
CVE-2014-4631,0.01213,0.6557
CVE-2014-4632,0.01018,0.38792
CVE-2014-4633,0.01055,0.50287
CVE-2014-4634,0.00885,0.26162
CVE-2014-4635,0.01136,0.57949
CVE-2014-4636,0.01136,0.57949
CVE-2014-4637,0.01136,0.57949
CVE-2014-4638,0.01136,0.57949
CVE-2014-4639,0.01213,0.6557
CVE-2014-4643,0.07803,0.92955
CVE-2014-4644,0.01096,0.51684
CVE-2014-4645,0.01953,0.77242
CVE-2014-4646,0.01818,0.76133
CVE-2014-4647,0.06309,0.90494
CVE-2014-4648,0.00885,0.26162
CVE-2014-4649,0.01055,0.50287
CVE-2014-4650,0.08382,0.93597
CVE-2014-4651,0.00885,0.26162
CVE-2014-4652,0.01547,0.74085
CVE-2014-4653,0.01547,0.74085
CVE-2014-4654,0.01547,0.74085
CVE-2014-4655,0.01547,0.74085
CVE-2014-4656,0.01547,0.74085
CVE-2014-4657,0.01978,0.78447
CVE-2014-4658,0.00885,0.26162
CVE-2014-4659,0.00885,0.26162
CVE-2014-4660,0.0095,0.30554
CVE-2014-4661,0.01213,0.6557
CVE-2014-4663,0.09796,0.94061
CVE-2014-4664,0.01319,0.70416
CVE-2014-4667,0.03779,0.84781
CVE-2014-4668,0.01974,0.7812
CVE-2014-4669,0.01061,0.51015
CVE-2014-4670,0.02686,0.82061
CVE-2014-4671,0.63547,0.9893
CVE-2014-4672,0.01055,0.50287
CVE-2014-4677,0.00885,0.26162
CVE-2014-4678,0.06729,0.91198
CVE-2014-4682,0.01055,0.50287
CVE-2014-4683,0.01055,0.50287
CVE-2014-4684,0.01055,0.50287
CVE-2014-4685,0.00885,0.26162
CVE-2014-4686,0.01055,0.50287
CVE-2014-4687,0.01055,0.50287
CVE-2014-4689,0.01055,0.50287
CVE-2014-4690,0.01055,0.50287
CVE-2014-4691,0.01055,0.50287
CVE-2014-4692,0.01055,0.50287
CVE-2014-4693,0.01055,0.50287
CVE-2014-4694,0.01055,0.50287
CVE-2014-4695,0.01055,0.50287
CVE-2014-4696,0.01055,0.50287
CVE-2014-4698,0.02686,0.82061
CVE-2014-4700,0.0095,0.30554
CVE-2014-4701,0.03534,0.84129
CVE-2014-4702,0.01034,0.39824
CVE-2014-4703,0.01832,0.76196
CVE-2014-4705,0.01055,0.50287
CVE-2014-4706,0.00885,0.26162
CVE-2014-4707,0.00885,0.26162
CVE-2014-4710,0.01953,0.77242
CVE-2014-4715,0.01018,0.38792
CVE-2014-4716,0.07584,0.92581
CVE-2014-4717,0.01953,0.77242
CVE-2014-4718,0.02397,0.80717
CVE-2014-4719,0.01055,0.50287
CVE-2014-4720,0.01055,0.50287
CVE-2014-4721,0.02686,0.82061
CVE-2014-4722,0.01136,0.57949
CVE-2014-4723,0.01055,0.50287
CVE-2014-4724,0.01055,0.50287
CVE-2014-4725,0.09257,0.93938
CVE-2014-4726,0.00885,0.26162
CVE-2014-4727,0.01319,0.70416
CVE-2014-4728,0.01319,0.70416
CVE-2014-4734,0.01213,0.6557
CVE-2014-4735,0.01213,0.6557
CVE-2014-4736,0.01096,0.51684
CVE-2014-4737,0.01213,0.6557
CVE-2014-4738,0.01213,0.6557
CVE-2014-4741,0.01096,0.51684
CVE-2014-4742,0.01213,0.6557
CVE-2014-4743,0.01213,0.6557
CVE-2014-4744,0.01213,0.6557
CVE-2014-4746,0.01213,0.6557
CVE-2014-4747,0.0089,0.2856
CVE-2014-4748,0.01213,0.6557
CVE-2014-4749,0.00885,0.26162
CVE-2014-4750,0.01136,0.57949
CVE-2014-4751,0.01136,0.57949
CVE-2014-4752,0.01055,0.50287
CVE-2014-4756,0.01132,0.54372
CVE-2014-4757,0.0089,0.2856
CVE-2014-4758,0.01132,0.54372
CVE-2014-4759,0.01061,0.51015
CVE-2014-4760,0.01213,0.6557
CVE-2014-4761,0.01132,0.54372
CVE-2014-4762,0.01132,0.54372
CVE-2014-4763,0.01132,0.54372
CVE-2014-4764,0.01213,0.6557
CVE-2014-4765,0.01055,0.50287
CVE-2014-4766,0.01136,0.57949
CVE-2014-4767,0.05302,0.89375
CVE-2014-4768,0.01055,0.50287
CVE-2014-4769,0.01132,0.54372
CVE-2014-4770,0.01232,0.66248
CVE-2014-4771,0.01061,0.51015
CVE-2014-4774,0.01055,0.50287
CVE-2014-4775,0.01055,0.50287
CVE-2014-4776,0.01136,0.57949
CVE-2014-4778,0.01055,0.50287
CVE-2014-4781,0.01055,0.50287
CVE-2014-4782,0.01055,0.50287
CVE-2014-4783,0.01213,0.6557
CVE-2014-4784,0.01213,0.6557
CVE-2014-4785,0.01132,0.54372
CVE-2014-4786,0.01132,0.54372
CVE-2014-4787,0.01132,0.54372
CVE-2014-4788,0.01055,0.50287
CVE-2014-4789,0.01136,0.57949
CVE-2014-4790,0.01132,0.54372
CVE-2014-4792,0.01132,0.54372
CVE-2014-4793,0.01055,0.50287
CVE-2014-4801,0.01055,0.50287
CVE-2014-4802,0.01061,0.51015
CVE-2014-4803,0.01055,0.50287
CVE-2014-4804,0.01055,0.50287
CVE-2014-4805,0.0095,0.30554
CVE-2014-4806,0.0089,0.2856
CVE-2014-4807,0.01061,0.51015
CVE-2014-4808,0.05302,0.89375
CVE-2014-4809,0.01213,0.6557
CVE-2014-4810,0.01055,0.50287
CVE-2014-4811,0.01213,0.6557
CVE-2014-4812,0.01055,0.50287
CVE-2014-4813,0.0089,0.2856
CVE-2014-4814,0.01132,0.54372
CVE-2014-4815,0.01055,0.50287
CVE-2014-4816,0.01232,0.66248
CVE-2014-4817,0.01061,0.51015
CVE-2014-4818,0.0095,0.30554
CVE-2014-4819,0.01132,0.54372
CVE-2014-4820,0.01136,0.57949
CVE-2014-4821,0.01213,0.6557
CVE-2014-4822,0.0095,0.30554
CVE-2014-4823,0.01319,0.70416
CVE-2014-4824,0.01061,0.51015
CVE-2014-4825,0.00885,0.26162
CVE-2014-4826,0.01136,0.57949
CVE-2014-4827,0.01055,0.50287
CVE-2014-4828,0.01055,0.50287
CVE-2014-4829,0.01055,0.50287
CVE-2014-4830,0.01136,0.57949
CVE-2014-4831,0.01055,0.50287
CVE-2014-4832,0.01055,0.50287
CVE-2014-4833,0.01055,0.50287
CVE-2014-4834,0.01213,0.6557
CVE-2014-4835,0.00885,0.26162
CVE-2014-4836,0.01061,0.51015
CVE-2014-4837,0.01061,0.51015
CVE-2014-4838,0.01061,0.51015
CVE-2014-4839,0.01055,0.50287
CVE-2014-4840,0.06523,0.90962
CVE-2014-4843,0.01055,0.50287
CVE-2014-4844,0.01061,0.51015
CVE-2014-4845,0.01055,0.50287
CVE-2014-4846,0.01055,0.50287
CVE-2014-4847,0.01055,0.50287
CVE-2014-4848,0.01055,0.50287
CVE-2014-4849,0.01055,0.50287
CVE-2014-4850,0.01055,0.50287
CVE-2014-4851,0.01055,0.50287
CVE-2014-4852,0.01096,0.51684
CVE-2014-4853,0.01213,0.6557
CVE-2014-4854,0.01055,0.50287
CVE-2014-4855,0.01055,0.50287
CVE-2014-4856,0.01055,0.50287
CVE-2014-4857,0.01055,0.50287
CVE-2014-4858,0.01055,0.50287
CVE-2014-4859,0.01036,0.41241
CVE-2014-4860,0.00885,0.26162
CVE-2014-4861,0.00885,0.26162
CVE-2014-4862,0.01055,0.50287
CVE-2014-4863,0.31822,0.97484
CVE-2014-4864,0.01055,0.50287
CVE-2014-4865,0.07584,0.92581
CVE-2014-4867,0.00885,0.26162
CVE-2014-4868,0.01055,0.50287
CVE-2014-4869,0.00885,0.26162
CVE-2014-4870,0.00885,0.26162
CVE-2014-4871,0.01055,0.50287
CVE-2014-4872,0.83379,0.99578
CVE-2014-4873,0.01132,0.54372
CVE-2014-4874,0.01061,0.51015
CVE-2014-4875,0.00885,0.26162
CVE-2014-4876,0.01055,0.50287
CVE-2014-4877,0.50595,0.98632
CVE-2014-4880,0.73343,0.99235
CVE-2014-4881,0.00954,0.34522
CVE-2014-4882,0.01055,0.50287
CVE-2014-4883,0.00885,0.26162
CVE-2014-4884,0.00954,0.34522
CVE-2014-4885,0.00954,0.34522
CVE-2014-4887,0.00954,0.34522
CVE-2014-4888,0.00954,0.34522
CVE-2014-4889,0.00954,0.34522
CVE-2014-4890,0.00954,0.34522
CVE-2014-4891,0.00954,0.34522
CVE-2014-4892,0.00954,0.34522
CVE-2014-4894,0.00954,0.34522
CVE-2014-4895,0.00954,0.34522
CVE-2014-4896,0.00954,0.34522
CVE-2014-4897,0.00954,0.34522
CVE-2014-4898,0.00954,0.34522
CVE-2014-4899,0.00954,0.34522
CVE-2014-4900,0.00954,0.34522
CVE-2014-4901,0.00954,0.34522
CVE-2014-4903,0.00954,0.34522
CVE-2014-4904,0.00954,0.34522
CVE-2014-4905,0.00954,0.34522
CVE-2014-4906,0.00954,0.34522
CVE-2014-4907,0.01408,0.72072
CVE-2014-4908,0.01213,0.6557
CVE-2014-4909,0.06604,0.91138
CVE-2014-4910,0.01213,0.6557
CVE-2014-4911,0.01136,0.57949
CVE-2014-4912,0.08382,0.93597
CVE-2014-4913,0.01018,0.38792
CVE-2014-4914,0.01319,0.70416
CVE-2014-4919,0.01055,0.50287
CVE-2014-4925,0.00954,0.34522
CVE-2014-4927,0.07584,0.92581
CVE-2014-4928,0.01055,0.50287
CVE-2014-4929,0.01213,0.6557
CVE-2014-4930,0.02094,0.79055
CVE-2014-4932,0.01055,0.50287
CVE-2014-4937,0.07584,0.92581
CVE-2014-4938,0.01096,0.51684
CVE-2014-4939,0.01096,0.51684
CVE-2014-4940,0.07584,0.92581
CVE-2014-4941,0.01055,0.50287
CVE-2014-4942,0.01055,0.50287
CVE-2014-4944,0.01096,0.51684
CVE-2014-4945,0.01319,0.70416
CVE-2014-4946,0.01319,0.70416
CVE-2014-4947,0.01018,0.38792
CVE-2014-4948,0.01018,0.38792
CVE-2014-4954,0.01061,0.51015
CVE-2014-4955,0.01132,0.54372
CVE-2014-4958,0.01213,0.6557
CVE-2014-4959,0.01213,0.6557
CVE-2014-4960,0.01096,0.51684
CVE-2014-4962,0.01055,0.50287
CVE-2014-4963,0.01055,0.50287
CVE-2014-4964,0.01055,0.50287
CVE-2014-4965,0.01136,0.57949
CVE-2014-4966,0.01978,0.78447
CVE-2014-4967,0.01978,0.78447
CVE-2014-4968,0.03181,0.83177
CVE-2014-4971,0.03614,0.84253
CVE-2014-4972,0.02432,0.8082
CVE-2014-4973,0.00885,0.26162
CVE-2014-4974,0.0095,0.30554
CVE-2014-4975,0.02686,0.82061
CVE-2014-4976,0.01232,0.66248
CVE-2014-4977,0.84323,0.99605
CVE-2014-4978,0.01034,0.39824
CVE-2014-4979,0.02828,0.82353
CVE-2014-4980,0.01319,0.70416
CVE-2014-4981,0.01319,0.70416
CVE-2014-4982,0.02359,0.80663
CVE-2014-4984,0.01136,0.57949
CVE-2014-4986,0.01232,0.66248
CVE-2014-4987,0.01232,0.66248
CVE-2014-4991,0.0095,0.30554
CVE-2014-4992,0.0089,0.2856
CVE-2014-4993,0.0095,0.30554
CVE-2014-4994,0.0089,0.2856
CVE-2014-4995,0.0095,0.30554
CVE-2014-4996,0.0095,0.30554
CVE-2014-4997,0.0095,0.30554
CVE-2014-4998,0.0089,0.2856
CVE-2014-4999,0.0089,0.2856
CVE-2014-5000,0.0089,0.2856
CVE-2014-5001,0.0089,0.2856
CVE-2014-5002,0.0095,0.30554
CVE-2014-5003,0.0089,0.2856
CVE-2014-5004,0.0095,0.30554
CVE-2014-5005,0.76422,0.99345
CVE-2014-5006,0.06523,0.90962
CVE-2014-5007,0.01055,0.50287
CVE-2014-5008,0.02172,0.79917
CVE-2014-5009,0.03779,0.84781
CVE-2014-5011,0.00885,0.26162
CVE-2014-5012,0.00885,0.26162
CVE-2014-5013,0.01689,0.75137
CVE-2014-5014,0.01055,0.50287
CVE-2014-5015,0.01319,0.70416
CVE-2014-5016,0.01055,0.50287
CVE-2014-5017,0.01055,0.50287
CVE-2014-5018,0.01055,0.50287
CVE-2014-5019,0.01055,0.50287
CVE-2014-5020,0.01055,0.50287
CVE-2014-5021,0.01055,0.50287
CVE-2014-5022,0.01055,0.50287
CVE-2014-5023,0.01055,0.50287
CVE-2014-5024,0.01213,0.6557
CVE-2014-5025,0.01232,0.66248
CVE-2014-5026,0.01315,0.67456
CVE-2014-5027,0.01319,0.70416
CVE-2014-5028,0.01232,0.66248
CVE-2014-5029,0.01282,0.67298
CVE-2014-5030,0.01282,0.67298
CVE-2014-5031,0.02172,0.79917
CVE-2014-5032,0.01213,0.6557
CVE-2014-5033,0.01282,0.67298
CVE-2014-5034,0.01055,0.50287
CVE-2014-5035,0.01213,0.6557
CVE-2014-5036,0.0089,0.2856
CVE-2014-5037,0.00885,0.26162
CVE-2014-5038,0.00885,0.26162
CVE-2014-5039,0.01055,0.50287
CVE-2014-5040,0.01055,0.50287
CVE-2014-5044,0.03693,0.843
CVE-2014-5045,0.01104,0.52279
CVE-2014-5068,0.01055,0.50287
CVE-2014-5069,0.01055,0.50287
CVE-2014-5070,0.01055,0.50287
CVE-2014-5071,0.01055,0.50287
CVE-2014-5072,0.01055,0.50287
CVE-2014-5073,0.85322,0.99658
CVE-2014-5074,0.07584,0.92581
CVE-2014-5075,0.01018,0.38792
CVE-2014-5076,0.00885,0.26162
CVE-2014-5077,0.03932,0.8519
CVE-2014-5081,0.00885,0.26162
CVE-2014-5082,0.01055,0.50287
CVE-2014-5083,0.01086,0.51674
CVE-2014-5084,0.01086,0.51674
CVE-2014-5085,0.01086,0.51674
CVE-2014-5086,0.01086,0.51674
CVE-2014-5087,0.0144,0.7265
CVE-2014-5088,0.01055,0.50287
CVE-2014-5089,0.01055,0.50287
CVE-2014-5090,0.01055,0.50287
CVE-2014-5091,0.01018,0.38792
CVE-2014-5092,0.01978,0.78447
CVE-2014-5093,0.00885,0.26162
CVE-2014-5094,0.01055,0.50287
CVE-2014-5097,0.01096,0.51684
CVE-2014-5098,0.01213,0.6557
CVE-2014-5100,0.03764,0.84396
CVE-2014-5101,0.01953,0.77242
CVE-2014-5102,0.01213,0.6557
CVE-2014-5103,0.02094,0.79055
CVE-2014-5104,0.01096,0.51684
CVE-2014-5105,0.01055,0.50287
CVE-2014-5106,0.01136,0.57949
CVE-2014-5107,0.01213,0.6557
CVE-2014-5108,0.01213,0.6557
CVE-2014-5109,0.01096,0.51684
CVE-2014-5110,0.01055,0.50287
CVE-2014-5111,0.07584,0.92581
CVE-2014-5112,0.07584,0.92581
CVE-2014-5113,0.01136,0.57949
CVE-2014-5114,0.01055,0.50287
CVE-2014-5115,0.07584,0.92581
CVE-2014-5116,0.07584,0.92581
CVE-2014-5117,0.01319,0.70416
CVE-2014-5118,0.0095,0.30554
CVE-2014-5119,0.36825,0.97788
CVE-2014-5120,0.01974,0.7812
CVE-2014-5121,0.01136,0.57949
CVE-2014-5122,0.01213,0.6557
CVE-2014-5127,0.01213,0.6557
CVE-2014-5128,0.01213,0.6557
CVE-2014-5129,0.01136,0.57949
CVE-2014-5130,0.01132,0.54372
CVE-2014-5131,0.01132,0.54372
CVE-2014-5132,0.01061,0.51015
CVE-2014-5136,0.01055,0.50287
CVE-2014-5137,0.01055,0.50287
CVE-2014-5138,0.01055,0.50287
CVE-2014-5139,0.0472,0.88691
CVE-2014-5140,0.01564,0.74439
CVE-2014-5144,0.02437,0.80834
CVE-2014-5146,0.01282,0.67298
CVE-2014-5147,0.00885,0.26162
CVE-2014-5148,0.0095,0.30554
CVE-2014-5149,0.01282,0.67298
CVE-2014-5158,0.01136,0.57949
CVE-2014-5159,0.01055,0.50287
CVE-2014-5160,0.01055,0.50287
CVE-2014-5161,0.01319,0.70416
CVE-2014-5162,0.01319,0.70416
CVE-2014-5163,0.01974,0.7812
CVE-2014-5164,0.01408,0.72072
CVE-2014-5165,0.01408,0.72072
CVE-2014-5169,0.01132,0.54372
CVE-2014-5170,0.05634,0.89764
CVE-2014-5171,0.01319,0.70416
CVE-2014-5172,0.01776,0.75902
CVE-2014-5173,0.01319,0.70416
CVE-2014-5174,0.01315,0.67456
CVE-2014-5175,0.01319,0.70416
CVE-2014-5176,0.01649,0.75017
CVE-2014-5177,0.01104,0.52279
CVE-2014-5178,0.01213,0.6557
CVE-2014-5179,0.01136,0.57949
CVE-2014-5180,0.01096,0.51684
CVE-2014-5181,0.01055,0.50287
CVE-2014-5182,0.01061,0.51015
CVE-2014-5183,0.01055,0.50287
CVE-2014-5184,0.01055,0.50287
CVE-2014-5185,0.01055,0.50287
CVE-2014-5186,0.01055,0.50287
CVE-2014-5187,0.01055,0.50287
CVE-2014-5188,0.01213,0.6557
CVE-2014-5189,0.01096,0.51684
CVE-2014-5190,0.01136,0.57949
CVE-2014-5191,0.01136,0.57949
CVE-2014-5192,0.01055,0.50287
CVE-2014-5193,0.01136,0.57949
CVE-2014-5194,0.01055,0.50287
CVE-2014-5195,0.0095,0.30554
CVE-2014-5196,0.01136,0.57949
CVE-2014-5197,0.01061,0.51015
CVE-2014-5198,0.01136,0.57949
CVE-2014-5199,0.01055,0.50287
CVE-2014-5200,0.01096,0.51684
CVE-2014-5201,0.01096,0.51684
CVE-2014-5202,0.01061,0.51015
CVE-2014-5203,0.06523,0.90962
CVE-2014-5204,0.01213,0.6557
CVE-2014-5205,0.01213,0.6557
CVE-2014-5206,0.01034,0.39824
CVE-2014-5207,0.03534,0.84129
CVE-2014-5208,0.37242,0.97818
CVE-2014-5209,0.01018,0.38792
CVE-2014-5210,0.07584,0.92581
CVE-2014-5211,0.03214,0.83353
CVE-2014-5212,0.01213,0.6557
CVE-2014-5213,0.01132,0.54372
CVE-2014-5214,0.01132,0.54372
CVE-2014-5215,0.01132,0.54372
CVE-2014-5216,0.01213,0.6557
CVE-2014-5217,0.01213,0.6557
CVE-2014-5220,0.00885,0.26162
CVE-2014-5231,0.00885,0.26162
CVE-2014-5232,0.00885,0.26162
CVE-2014-5233,0.00885,0.26162
CVE-2014-5234,0.01213,0.6557
CVE-2014-5235,0.01213,0.6557
CVE-2014-5236,0.01136,0.57949
CVE-2014-5237,0.01136,0.57949
CVE-2014-5238,0.01136,0.57949
CVE-2014-5239,0.07994,0.92988
CVE-2014-5240,0.01132,0.54372
CVE-2014-5241,0.01319,0.70416
CVE-2014-5242,0.01319,0.70416
CVE-2014-5243,0.01319,0.70416
CVE-2014-5246,0.08097,0.93067
CVE-2014-5247,0.01034,0.39824
CVE-2014-5248,0.01055,0.50287
CVE-2014-5249,0.01213,0.6557
CVE-2014-5250,0.01213,0.6557
CVE-2014-5251,0.01132,0.54372
CVE-2014-5252,0.01132,0.54372
CVE-2014-5253,0.01132,0.54372
CVE-2014-5254,0.0095,0.30554
CVE-2014-5255,0.01034,0.39824
CVE-2014-5256,0.01319,0.70416
CVE-2014-5257,0.01213,0.6557
CVE-2014-5258,0.07802,0.92954
CVE-2014-5259,0.01319,0.70416
CVE-2014-5260,0.0095,0.30554
CVE-2014-5261,0.01408,0.72072
CVE-2014-5262,0.01408,0.72072
CVE-2014-5263,0.01018,0.38792
CVE-2014-5265,0.01319,0.70416
CVE-2014-5266,0.40743,0.98116
CVE-2014-5267,0.01213,0.6557
CVE-2014-5268,0.01055,0.50287
CVE-2014-5269,0.01319,0.70416
CVE-2014-5270,0.01018,0.38792
CVE-2014-5271,0.04291,0.87022
CVE-2014-5272,0.01213,0.6557
CVE-2014-5273,0.01315,0.67456
CVE-2014-5274,0.01132,0.54372
CVE-2014-5275,0.01132,0.54372
CVE-2014-5276,0.01132,0.54372
CVE-2014-5277,0.00885,0.26162
CVE-2014-5278,0.00954,0.34522
CVE-2014-5279,0.01156,0.60033
CVE-2014-5280,0.00885,0.26162
CVE-2014-5282,0.01055,0.50287
CVE-2014-5285,0.01055,0.50287
CVE-2014-5286,0.01136,0.57949
CVE-2014-5287,0.00954,0.34522
CVE-2014-5288,0.00885,0.26162
CVE-2014-5289,0.12131,0.94983
CVE-2014-5297,0.01213,0.6557
CVE-2014-5298,0.01319,0.70416
CVE-2014-5300,0.09257,0.93938
CVE-2014-5301,0.64281,0.98958
CVE-2014-5302,0.05619,0.89566
CVE-2014-5307,0.01034,0.39824
CVE-2014-5308,0.028,0.82308
CVE-2014-5313,0.01061,0.51015
CVE-2014-5314,0.05302,0.89375
CVE-2014-5315,0.01213,0.6557
CVE-2014-5316,0.01213,0.6557
CVE-2014-5317,0.01213,0.6557
CVE-2014-5318,0.01213,0.6557
CVE-2014-5319,0.01213,0.6557
CVE-2014-5320,0.00885,0.26162
CVE-2014-5321,0.00885,0.26162
CVE-2014-5322,0.01213,0.6557
CVE-2014-5323,0.00954,0.34522
CVE-2014-5324,0.01055,0.50287
CVE-2014-5325,0.01136,0.57949
CVE-2014-5326,0.01055,0.50287
CVE-2014-5327,0.01061,0.51015
CVE-2014-5328,0.01061,0.51015
CVE-2014-5330,0.01136,0.57949
CVE-2014-5331,0.01136,0.57949
CVE-2014-5332,0.00885,0.26162
CVE-2014-5333,0.01136,0.57949
CVE-2014-5334,0.01136,0.57949
CVE-2014-5335,0.07584,0.92581
CVE-2014-5336,0.01319,0.70416
CVE-2014-5337,0.34958,0.97699
CVE-2014-5338,0.01232,0.66248
CVE-2014-5339,0.01132,0.54372
CVE-2014-5340,0.06523,0.90962
CVE-2014-5341,0.01055,0.50287
CVE-2014-5342,0.01055,0.50287
CVE-2014-5343,0.01136,0.57949
CVE-2014-5344,0.01055,0.50287
CVE-2014-5345,0.01213,0.6557
CVE-2014-5346,0.01055,0.50287
CVE-2014-5347,0.01955,0.77585
CVE-2014-5348,0.01055,0.50287
CVE-2014-5349,0.07584,0.92581
CVE-2014-5350,0.07584,0.92581
CVE-2014-5351,0.02186,0.8012
CVE-2014-5352,0.06823,0.91806
CVE-2014-5353,0.02186,0.8012
CVE-2014-5354,0.01132,0.54372
CVE-2014-5355,0.02172,0.79917
CVE-2014-5356,0.01232,0.66248
CVE-2014-5359,0.01055,0.50287
CVE-2014-5360,0.01055,0.50287
CVE-2014-5361,0.01055,0.50287
CVE-2014-5362,0.01132,0.54372
CVE-2014-5368,0.07584,0.92581
CVE-2014-5369,0.02172,0.79917
CVE-2014-5370,0.08944,0.93724
CVE-2014-5375,0.01132,0.54372
CVE-2014-5376,0.01132,0.54372
CVE-2014-5377,0.834,0.99579
CVE-2014-5380,0.08382,0.93597
CVE-2014-5381,0.08382,0.93597
CVE-2014-5382,0.01055,0.50287
CVE-2014-5383,0.57845,0.98771
CVE-2014-5384,0.00954,0.34522
CVE-2014-5385,0.01055,0.50287
CVE-2014-5386,0.01055,0.50287
CVE-2014-5387,0.01132,0.54372
CVE-2014-5388,0.01034,0.39824
CVE-2014-5389,0.01213,0.6557
CVE-2014-5391,0.01408,0.72072
CVE-2014-5392,0.01213,0.6557
CVE-2014-5393,0.01232,0.66248
CVE-2014-5394,0.01136,0.57949
CVE-2014-5395,0.07584,0.92581
CVE-2014-5396,0.01055,0.50287
CVE-2014-5397,0.01055,0.50287
CVE-2014-5398,0.01055,0.50287
CVE-2014-5399,0.01055,0.50287
CVE-2014-5400,0.00885,0.26162
CVE-2014-5401,0.01086,0.51674
CVE-2014-5403,0.01055,0.50287
CVE-2014-5405,0.01055,0.50287
CVE-2014-5406,0.01136,0.57949
CVE-2014-5407,0.00885,0.26162
CVE-2014-5408,0.01055,0.50287
CVE-2014-5409,0.01055,0.50287
CVE-2014-5410,0.01055,0.50287
CVE-2014-5411,0.01055,0.50287
CVE-2014-5412,0.01055,0.50287
CVE-2014-5413,0.01055,0.50287
CVE-2014-5414,0.01055,0.50287
CVE-2014-5415,0.01055,0.50287
CVE-2014-5417,0.01136,0.57949
CVE-2014-5418,0.01055,0.50287
CVE-2014-5419,0.01055,0.50287
CVE-2014-5420,0.01055,0.50287
CVE-2014-5421,0.00885,0.26162
CVE-2014-5422,0.01055,0.50287
CVE-2014-5423,0.00885,0.26162
CVE-2014-5424,0.04611,0.88458
CVE-2014-5425,0.01055,0.50287
CVE-2014-5426,0.01055,0.50287
CVE-2014-5427,0.01055,0.50287
CVE-2014-5428,0.04611,0.88458
CVE-2014-5429,0.01055,0.50287
CVE-2014-5430,0.00885,0.26162
CVE-2014-5431,0.00885,0.26162
CVE-2014-5432,0.01055,0.50287
CVE-2014-5433,0.01055,0.50287
CVE-2014-5434,0.00885,0.26162
CVE-2014-5435,0.01156,0.60033
CVE-2014-5436,0.00885,0.26162
CVE-2014-5437,0.01055,0.50287
CVE-2014-5438,0.01055,0.50287
CVE-2014-5439,0.01559,0.742
CVE-2014-5440,0.01136,0.57949
CVE-2014-5441,0.01136,0.57949
CVE-2014-5443,0.0095,0.30554
CVE-2014-5444,0.01136,0.57949
CVE-2014-5445,0.79941,0.9948
CVE-2014-5446,0.02328,0.80635
CVE-2014-5447,0.0095,0.30554
CVE-2014-5448,0.01034,0.39824
CVE-2014-5449,0.01034,0.39824
CVE-2014-5450,0.01034,0.39824
CVE-2014-5451,0.01213,0.6557
CVE-2014-5452,0.01319,0.70416
CVE-2014-5453,0.01832,0.76196
CVE-2014-5454,0.05822,0.89998
CVE-2014-5455,0.02115,0.79119
CVE-2014-5456,0.01132,0.54372
CVE-2014-5457,0.0095,0.30554
CVE-2014-5458,0.01213,0.6557
CVE-2014-5459,0.0095,0.30554
CVE-2014-5460,0.66513,0.99003
CVE-2014-5461,0.02686,0.82061
CVE-2014-5462,0.01564,0.74439
CVE-2014-5464,0.04353,0.87058
CVE-2014-5465,0.09257,0.93938
CVE-2014-5466,0.01055,0.50287
CVE-2014-5468,0.82199,0.9954
CVE-2014-5471,0.01547,0.74085
CVE-2014-5472,0.01547,0.74085
CVE-2014-5500,0.00885,0.26162
CVE-2014-5501,0.04806,0.88736
CVE-2014-5502,0.01132,0.54372
CVE-2014-5503,0.01055,0.50287
CVE-2014-5504,0.05822,0.89998
CVE-2014-5505,0.07525,0.92398
CVE-2014-5506,0.06309,0.90494
CVE-2014-5507,0.01832,0.76196
CVE-2014-5508,0.01061,0.51015
CVE-2014-5509,0.0095,0.30554
CVE-2014-5516,0.01136,0.57949
CVE-2014-5519,0.85739,0.99669
CVE-2014-5520,0.01319,0.70416
CVE-2014-5521,0.05302,0.89375
CVE-2014-5524,0.00954,0.34522
CVE-2014-5525,0.00954,0.34522
CVE-2014-5526,0.00954,0.34522
CVE-2014-5527,0.00954,0.34522
CVE-2014-5528,0.00954,0.34522
CVE-2014-5529,0.00954,0.34522
CVE-2014-5531,0.00954,0.34522
CVE-2014-5532,0.00954,0.34522
CVE-2014-5534,0.00954,0.34522
CVE-2014-5535,0.00954,0.34522
CVE-2014-5536,0.00954,0.34522
CVE-2014-5537,0.00954,0.34522
CVE-2014-5538,0.00954,0.34522
CVE-2014-5539,0.00954,0.34522
CVE-2014-5540,0.00954,0.34522
CVE-2014-5541,0.00954,0.34522
CVE-2014-5542,0.00954,0.34522
CVE-2014-5543,0.00954,0.34522
CVE-2014-5544,0.00954,0.34522
CVE-2014-5545,0.00954,0.34522
CVE-2014-5546,0.00954,0.34522
CVE-2014-5547,0.00954,0.34522
CVE-2014-5548,0.00954,0.34522
CVE-2014-5549,0.00954,0.34522
CVE-2014-5550,0.00954,0.34522
CVE-2014-5551,0.00954,0.34522
CVE-2014-5552,0.00954,0.34522
CVE-2014-5553,0.00954,0.34522
CVE-2014-5554,0.00954,0.34522
CVE-2014-5555,0.00954,0.34522
CVE-2014-5556,0.00954,0.34522
CVE-2014-5557,0.00954,0.34522
CVE-2014-5558,0.00954,0.34522
CVE-2014-5559,0.00954,0.34522
CVE-2014-5560,0.00954,0.34522
CVE-2014-5561,0.00954,0.34522
CVE-2014-5562,0.00954,0.34522
CVE-2014-5563,0.00954,0.34522
CVE-2014-5564,0.00954,0.34522
CVE-2014-5565,0.00954,0.34522
CVE-2014-5566,0.00954,0.34522
CVE-2014-5567,0.00954,0.34522
CVE-2014-5568,0.00954,0.34522
CVE-2014-5569,0.00954,0.34522
CVE-2014-5570,0.00954,0.34522
CVE-2014-5571,0.00954,0.34522
CVE-2014-5572,0.00954,0.34522
CVE-2014-5573,0.00954,0.34522
CVE-2014-5574,0.00954,0.34522
CVE-2014-5576,0.00954,0.34522
CVE-2014-5577,0.00954,0.34522
CVE-2014-5578,0.00954,0.34522
CVE-2014-5579,0.00954,0.34522
CVE-2014-5580,0.00954,0.34522
CVE-2014-5581,0.00954,0.34522
CVE-2014-5582,0.00954,0.34522
CVE-2014-5583,0.00954,0.34522
CVE-2014-5584,0.00954,0.34522
CVE-2014-5585,0.00954,0.34522
CVE-2014-5586,0.00954,0.34522
CVE-2014-5587,0.00954,0.34522
CVE-2014-5588,0.00954,0.34522
CVE-2014-5589,0.00954,0.34522
CVE-2014-5590,0.00954,0.34522
CVE-2014-5591,0.00954,0.34522
CVE-2014-5592,0.00954,0.34522
CVE-2014-5593,0.00954,0.34522
CVE-2014-5594,0.00954,0.34522
CVE-2014-5595,0.00954,0.34522
CVE-2014-5596,0.00954,0.34522
CVE-2014-5597,0.00954,0.34522
CVE-2014-5598,0.00954,0.34522
CVE-2014-5599,0.00954,0.34522
CVE-2014-5600,0.00954,0.34522
CVE-2014-5601,0.00954,0.34522
CVE-2014-5602,0.00954,0.34522
CVE-2014-5603,0.00954,0.34522
CVE-2014-5604,0.00954,0.34522
CVE-2014-5605,0.00954,0.34522
CVE-2014-5606,0.00954,0.34522
CVE-2014-5607,0.00954,0.34522
CVE-2014-5608,0.00954,0.34522
CVE-2014-5609,0.00954,0.34522
CVE-2014-5610,0.00954,0.34522
CVE-2014-5611,0.00954,0.34522
CVE-2014-5612,0.00954,0.34522
CVE-2014-5613,0.00954,0.34522
CVE-2014-5614,0.00954,0.34522
CVE-2014-5615,0.00954,0.34522
CVE-2014-5616,0.00954,0.34522
CVE-2014-5617,0.00954,0.34522
CVE-2014-5618,0.00954,0.34522
CVE-2014-5620,0.00954,0.34522
CVE-2014-5621,0.00954,0.34522
CVE-2014-5622,0.00954,0.34522
CVE-2014-5623,0.00954,0.34522
CVE-2014-5624,0.00954,0.34522
CVE-2014-5625,0.00954,0.34522
CVE-2014-5626,0.00954,0.34522
CVE-2014-5627,0.00954,0.34522
CVE-2014-5628,0.00954,0.34522
CVE-2014-5629,0.00954,0.34522
CVE-2014-5630,0.00954,0.34522
CVE-2014-5631,0.00954,0.34522
CVE-2014-5632,0.00954,0.34522
CVE-2014-5633,0.00954,0.34522
CVE-2014-5634,0.00954,0.34522
CVE-2014-5635,0.00954,0.34522
CVE-2014-5636,0.00954,0.34522
CVE-2014-5637,0.00954,0.34522
CVE-2014-5638,0.00954,0.34522
CVE-2014-5639,0.00954,0.34522
CVE-2014-5640,0.00954,0.34522
CVE-2014-5641,0.00954,0.34522
CVE-2014-5642,0.00954,0.34522
CVE-2014-5643,0.00954,0.34522
CVE-2014-5644,0.00954,0.34522
CVE-2014-5645,0.00954,0.34522
CVE-2014-5646,0.00954,0.34522
CVE-2014-5647,0.00954,0.34522
CVE-2014-5648,0.00954,0.34522
CVE-2014-5649,0.00954,0.34522
CVE-2014-5650,0.00954,0.34522
CVE-2014-5651,0.00954,0.34522
CVE-2014-5652,0.00954,0.34522
CVE-2014-5653,0.00954,0.34522
CVE-2014-5654,0.00954,0.34522
CVE-2014-5655,0.00954,0.34522
CVE-2014-5656,0.00954,0.34522
CVE-2014-5657,0.00954,0.34522
CVE-2014-5658,0.00954,0.34522
CVE-2014-5659,0.00954,0.34522
CVE-2014-5660,0.00954,0.34522
CVE-2014-5661,0.00954,0.34522
CVE-2014-5662,0.00954,0.34522
CVE-2014-5663,0.00954,0.34522
CVE-2014-5664,0.00954,0.34522
CVE-2014-5665,0.00954,0.34522
CVE-2014-5666,0.00954,0.34522
CVE-2014-5667,0.00954,0.34522
CVE-2014-5668,0.00954,0.34522
CVE-2014-5669,0.00954,0.34522
CVE-2014-5670,0.00954,0.34522
CVE-2014-5671,0.00954,0.34522
CVE-2014-5672,0.00954,0.34522
CVE-2014-5673,0.00954,0.34522
CVE-2014-5674,0.00954,0.34522
CVE-2014-5675,0.00954,0.34522
CVE-2014-5676,0.00954,0.34522
CVE-2014-5677,0.00954,0.34522
CVE-2014-5678,0.00954,0.34522
CVE-2014-5679,0.00954,0.34522
CVE-2014-5680,0.00954,0.34522
CVE-2014-5681,0.00954,0.34522
CVE-2014-5682,0.00954,0.34522
CVE-2014-5683,0.00954,0.34522
CVE-2014-5684,0.00954,0.34522
CVE-2014-5685,0.00954,0.34522
CVE-2014-5686,0.00954,0.34522
CVE-2014-5687,0.00954,0.34522
CVE-2014-5688,0.00954,0.34522
CVE-2014-5689,0.00954,0.34522
CVE-2014-5690,0.00954,0.34522
CVE-2014-5691,0.00954,0.34522
CVE-2014-5692,0.00954,0.34522
CVE-2014-5693,0.00954,0.34522
CVE-2014-5694,0.00954,0.34522
CVE-2014-5695,0.00954,0.34522
CVE-2014-5696,0.00954,0.34522
CVE-2014-5697,0.00954,0.34522
CVE-2014-5698,0.00954,0.34522
CVE-2014-5699,0.00954,0.34522
CVE-2014-5700,0.00954,0.34522
CVE-2014-5701,0.00954,0.34522
CVE-2014-5702,0.00954,0.34522
CVE-2014-5703,0.00954,0.34522
CVE-2014-5704,0.01018,0.38792
CVE-2014-5705,0.00954,0.34522
CVE-2014-5706,0.00954,0.34522
CVE-2014-5707,0.00954,0.34522
CVE-2014-5708,0.00954,0.34522
CVE-2014-5709,0.00954,0.34522
CVE-2014-5710,0.00954,0.34522
CVE-2014-5711,0.07994,0.92988
CVE-2014-5712,0.00954,0.34522
CVE-2014-5713,0.00954,0.34522
CVE-2014-5714,0.00954,0.34522
CVE-2014-5715,0.00954,0.34522
CVE-2014-5716,0.00954,0.34522
CVE-2014-5717,0.00954,0.34522
CVE-2014-5719,0.00954,0.34522
CVE-2014-5720,0.00954,0.34522
CVE-2014-5721,0.00954,0.34522
CVE-2014-5722,0.00954,0.34522
CVE-2014-5723,0.00954,0.34522
CVE-2014-5724,0.00954,0.34522
CVE-2014-5725,0.00954,0.34522
CVE-2014-5726,0.00954,0.34522
CVE-2014-5727,0.00954,0.34522
CVE-2014-5728,0.00954,0.34522
CVE-2014-5729,0.00954,0.34522
CVE-2014-5730,0.00954,0.34522
CVE-2014-5731,0.00954,0.34522
CVE-2014-5732,0.00954,0.34522
CVE-2014-5733,0.00954,0.34522
CVE-2014-5734,0.00954,0.34522
CVE-2014-5735,0.00954,0.34522
CVE-2014-5736,0.00954,0.34522
CVE-2014-5737,0.00954,0.34522
CVE-2014-5738,0.00954,0.34522
CVE-2014-5739,0.00954,0.34522
CVE-2014-5740,0.00954,0.34522
CVE-2014-5741,0.00954,0.34522
CVE-2014-5742,0.00954,0.34522
CVE-2014-5743,0.00954,0.34522
CVE-2014-5744,0.00954,0.34522
CVE-2014-5745,0.00954,0.34522
CVE-2014-5746,0.00954,0.34522
CVE-2014-5747,0.00954,0.34522
CVE-2014-5748,0.00954,0.34522
CVE-2014-5749,0.00954,0.34522
CVE-2014-5750,0.00954,0.34522
CVE-2014-5751,0.00954,0.34522
CVE-2014-5752,0.00954,0.34522
CVE-2014-5753,0.00954,0.34522
CVE-2014-5754,0.00954,0.34522
CVE-2014-5755,0.00954,0.34522
CVE-2014-5756,0.00954,0.34522
CVE-2014-5757,0.00954,0.34522
CVE-2014-5758,0.00954,0.34522
CVE-2014-5759,0.00954,0.34522
CVE-2014-5760,0.00954,0.34522
CVE-2014-5761,0.00954,0.34522
CVE-2014-5762,0.00954,0.34522
CVE-2014-5763,0.00954,0.34522
CVE-2014-5764,0.00954,0.34522
CVE-2014-5765,0.00954,0.34522
CVE-2014-5766,0.00954,0.34522
CVE-2014-5767,0.00954,0.34522
CVE-2014-5768,0.00954,0.34522
CVE-2014-5769,0.00954,0.34522
CVE-2014-5770,0.00954,0.34522
CVE-2014-5771,0.00954,0.34522
CVE-2014-5772,0.00954,0.34522
CVE-2014-5773,0.00954,0.34522
CVE-2014-5774,0.00954,0.34522
CVE-2014-5775,0.00954,0.34522
CVE-2014-5776,0.00954,0.34522
CVE-2014-5777,0.00954,0.34522
CVE-2014-5778,0.00954,0.34522
CVE-2014-5779,0.00954,0.34522
CVE-2014-5780,0.00954,0.34522
CVE-2014-5781,0.00954,0.34522
CVE-2014-5782,0.00954,0.34522
CVE-2014-5783,0.00954,0.34522
CVE-2014-5784,0.00954,0.34522
CVE-2014-5785,0.00954,0.34522
CVE-2014-5786,0.00954,0.34522
CVE-2014-5787,0.00954,0.34522
CVE-2014-5788,0.00954,0.34522
CVE-2014-5789,0.00954,0.34522
CVE-2014-5790,0.00954,0.34522
CVE-2014-5791,0.00954,0.34522
CVE-2014-5792,0.00954,0.34522
CVE-2014-5793,0.00954,0.34522
CVE-2014-5794,0.00954,0.34522
CVE-2014-5796,0.00954,0.34522
CVE-2014-5797,0.00954,0.34522
CVE-2014-5798,0.00954,0.34522
CVE-2014-5799,0.00954,0.34522
CVE-2014-5800,0.00954,0.34522
CVE-2014-5801,0.00954,0.34522
CVE-2014-5802,0.00954,0.34522
CVE-2014-5803,0.00954,0.34522
CVE-2014-5804,0.00954,0.34522
CVE-2014-5805,0.00954,0.34522
CVE-2014-5806,0.00954,0.34522
CVE-2014-5807,0.00954,0.34522
CVE-2014-5808,0.00954,0.34522
CVE-2014-5809,0.00954,0.34522
CVE-2014-5810,0.00954,0.34522
CVE-2014-5811,0.00954,0.34522
CVE-2014-5812,0.00954,0.34522
CVE-2014-5813,0.00954,0.34522
CVE-2014-5815,0.00954,0.34522
CVE-2014-5816,0.00954,0.34522
CVE-2014-5817,0.00954,0.34522
CVE-2014-5818,0.00954,0.34522
CVE-2014-5819,0.00954,0.34522
CVE-2014-5820,0.00954,0.34522
CVE-2014-5821,0.00954,0.34522
CVE-2014-5822,0.00954,0.34522
CVE-2014-5823,0.00954,0.34522
CVE-2014-5824,0.00954,0.34522
CVE-2014-5825,0.00954,0.34522
CVE-2014-5826,0.00954,0.34522
CVE-2014-5827,0.00954,0.34522
CVE-2014-5828,0.00954,0.34522
CVE-2014-5829,0.00954,0.34522
CVE-2014-5830,0.00954,0.34522
CVE-2014-5831,0.00954,0.34522
CVE-2014-5832,0.00954,0.34522
CVE-2014-5833,0.00954,0.34522
CVE-2014-5834,0.00954,0.34522
CVE-2014-5835,0.00954,0.34522
CVE-2014-5836,0.00954,0.34522
CVE-2014-5837,0.00954,0.34522
CVE-2014-5838,0.00954,0.34522
CVE-2014-5839,0.00954,0.34522
CVE-2014-5840,0.00954,0.34522
CVE-2014-5841,0.00954,0.34522
CVE-2014-5842,0.00954,0.34522
CVE-2014-5843,0.00954,0.34522
CVE-2014-5844,0.00954,0.34522
CVE-2014-5845,0.00954,0.34522
CVE-2014-5846,0.00954,0.34522
CVE-2014-5847,0.00954,0.34522
CVE-2014-5848,0.00954,0.34522
CVE-2014-5849,0.00954,0.34522
CVE-2014-5850,0.00954,0.34522
CVE-2014-5851,0.00954,0.34522
CVE-2014-5852,0.00954,0.34522
CVE-2014-5853,0.00954,0.34522
CVE-2014-5854,0.00954,0.34522
CVE-2014-5855,0.00954,0.34522
CVE-2014-5856,0.00954,0.34522
CVE-2014-5857,0.00954,0.34522
CVE-2014-5858,0.00954,0.34522
CVE-2014-5859,0.00954,0.34522
CVE-2014-5860,0.00954,0.34522
CVE-2014-5861,0.00954,0.34522
CVE-2014-5862,0.00954,0.34522
CVE-2014-5863,0.00954,0.34522
CVE-2014-5864,0.00954,0.34522
CVE-2014-5865,0.00954,0.34522
CVE-2014-5866,0.00954,0.34522
CVE-2014-5867,0.00954,0.34522
CVE-2014-5868,0.00954,0.34522
CVE-2014-5869,0.00954,0.34522
CVE-2014-5870,0.00954,0.34522
CVE-2014-5871,0.00954,0.34522
CVE-2014-5872,0.00954,0.34522
CVE-2014-5873,0.00954,0.34522
CVE-2014-5874,0.00954,0.34522
CVE-2014-5875,0.00954,0.34522
CVE-2014-5876,0.00954,0.34522
CVE-2014-5877,0.00954,0.34522
CVE-2014-5878,0.00954,0.34522
CVE-2014-5879,0.00954,0.34522
CVE-2014-5881,0.01018,0.38792
CVE-2014-5882,0.00954,0.34522
CVE-2014-5883,0.00954,0.34522
CVE-2014-5884,0.00954,0.34522
CVE-2014-5885,0.00954,0.34522
CVE-2014-5886,0.00954,0.34522
CVE-2014-5887,0.00954,0.34522
CVE-2014-5888,0.00954,0.34522
CVE-2014-5889,0.00954,0.34522
CVE-2014-5890,0.00954,0.34522
CVE-2014-5891,0.00954,0.34522
CVE-2014-5892,0.00954,0.34522
CVE-2014-5893,0.00954,0.34522
CVE-2014-5894,0.00954,0.34522
CVE-2014-5895,0.00954,0.34522
CVE-2014-5896,0.00954,0.34522
CVE-2014-5897,0.00954,0.34522
CVE-2014-5898,0.00954,0.34522
CVE-2014-5899,0.00954,0.34522
CVE-2014-5900,0.00954,0.34522
CVE-2014-5901,0.00954,0.34522
CVE-2014-5902,0.00954,0.34522
CVE-2014-5903,0.00954,0.34522
CVE-2014-5904,0.00954,0.34522
CVE-2014-5905,0.00954,0.34522
CVE-2014-5906,0.00954,0.34522
CVE-2014-5907,0.00954,0.34522
CVE-2014-5908,0.00954,0.34522
CVE-2014-5909,0.00954,0.34522
CVE-2014-5910,0.00954,0.34522
CVE-2014-5911,0.00954,0.34522
CVE-2014-5912,0.00954,0.34522
CVE-2014-5913,0.00954,0.34522
CVE-2014-5914,0.00954,0.34522
CVE-2014-5915,0.00954,0.34522
CVE-2014-5916,0.00954,0.34522
CVE-2014-5917,0.00954,0.34522
CVE-2014-5918,0.00954,0.34522
CVE-2014-5919,0.00954,0.34522
CVE-2014-5920,0.00954,0.34522
CVE-2014-5921,0.00954,0.34522
CVE-2014-5922,0.00954,0.34522
CVE-2014-5923,0.00954,0.34522
CVE-2014-5924,0.00954,0.34522
CVE-2014-5925,0.00954,0.34522
CVE-2014-5926,0.00954,0.34522
CVE-2014-5927,0.00954,0.34522
CVE-2014-5928,0.00954,0.34522
CVE-2014-5929,0.00954,0.34522
CVE-2014-5930,0.00954,0.34522
CVE-2014-5931,0.00954,0.34522
CVE-2014-5932,0.00954,0.34522
CVE-2014-5933,0.00954,0.34522
CVE-2014-5934,0.00954,0.34522
CVE-2014-5935,0.00954,0.34522
CVE-2014-5936,0.00954,0.34522
CVE-2014-5937,0.00954,0.34522
CVE-2014-5938,0.00954,0.34522
CVE-2014-5939,0.00954,0.34522
CVE-2014-5940,0.00954,0.34522
CVE-2014-5941,0.00954,0.34522
CVE-2014-5942,0.00954,0.34522
CVE-2014-5943,0.00954,0.34522
CVE-2014-5944,0.00954,0.34522
CVE-2014-5945,0.00954,0.34522
CVE-2014-5946,0.00954,0.34522
CVE-2014-5947,0.00954,0.34522
CVE-2014-5948,0.00954,0.34522
CVE-2014-5949,0.00954,0.34522
CVE-2014-5950,0.00954,0.34522
CVE-2014-5951,0.00954,0.34522
CVE-2014-5952,0.00954,0.34522
CVE-2014-5953,0.00954,0.34522
CVE-2014-5954,0.00954,0.34522
CVE-2014-5955,0.00954,0.34522
CVE-2014-5956,0.00954,0.34522
CVE-2014-5957,0.00954,0.34522
CVE-2014-5958,0.00954,0.34522
CVE-2014-5959,0.00954,0.34522
CVE-2014-5960,0.00954,0.34522
CVE-2014-5961,0.00954,0.34522
CVE-2014-5962,0.00954,0.34522
CVE-2014-5963,0.00954,0.34522
CVE-2014-5964,0.00954,0.34522
CVE-2014-5965,0.00954,0.34522
CVE-2014-5966,0.00954,0.34522
CVE-2014-5967,0.00954,0.34522
CVE-2014-5968,0.00954,0.34522
CVE-2014-5969,0.00954,0.34522
CVE-2014-5970,0.00954,0.34522
CVE-2014-5971,0.00954,0.34522
CVE-2014-5972,0.00954,0.34522
CVE-2014-5973,0.00954,0.34522
CVE-2014-5974,0.00954,0.34522
CVE-2014-5975,0.00954,0.34522
CVE-2014-5976,0.00954,0.34522
CVE-2014-5977,0.00954,0.34522
CVE-2014-5978,0.00954,0.34522
CVE-2014-5979,0.00954,0.34522
CVE-2014-5980,0.00954,0.34522
CVE-2014-5981,0.00954,0.34522
CVE-2014-5982,0.00954,0.34522
CVE-2014-5983,0.00954,0.34522
CVE-2014-5984,0.00954,0.34522
CVE-2014-5985,0.00954,0.34522
CVE-2014-5986,0.00954,0.34522
CVE-2014-5987,0.00954,0.34522
CVE-2014-5988,0.00954,0.34522
CVE-2014-5989,0.00954,0.34522
CVE-2014-5990,0.00954,0.34522
CVE-2014-5991,0.00954,0.34522
CVE-2014-5992,0.00954,0.34522
CVE-2014-5993,0.00954,0.34522
CVE-2014-5994,0.00954,0.34522
CVE-2014-5995,0.00954,0.34522
CVE-2014-5996,0.00954,0.34522
CVE-2014-5997,0.00954,0.34522
CVE-2014-5998,0.00954,0.34522
CVE-2014-5999,0.00954,0.34522
CVE-2014-6000,0.00954,0.34522
CVE-2014-6001,0.00954,0.34522
CVE-2014-6002,0.00954,0.34522
CVE-2014-6003,0.00954,0.34522
CVE-2014-6004,0.00954,0.34522
CVE-2014-6005,0.00954,0.34522
CVE-2014-6006,0.00954,0.34522
CVE-2014-6007,0.00954,0.34522
CVE-2014-6008,0.00954,0.34522
CVE-2014-6009,0.00954,0.34522
CVE-2014-6010,0.00954,0.34522
CVE-2014-6011,0.00954,0.34522
CVE-2014-6012,0.00954,0.34522
CVE-2014-6013,0.00954,0.34522
CVE-2014-6014,0.00954,0.34522
CVE-2014-6015,0.00954,0.34522
CVE-2014-6016,0.00954,0.34522
CVE-2014-6017,0.00954,0.34522
CVE-2014-6018,0.00954,0.34522
CVE-2014-6019,0.00954,0.34522
CVE-2014-6020,0.00954,0.34522
CVE-2014-6021,0.00954,0.34522
CVE-2014-6022,0.00954,0.34522
CVE-2014-6023,0.00954,0.34522
CVE-2014-6024,0.01018,0.38792
CVE-2014-6025,0.01018,0.38792
CVE-2014-6027,0.01136,0.57949
CVE-2014-6028,0.01132,0.54372
CVE-2014-6029,0.01132,0.54372
CVE-2014-6030,0.01216,0.65576
CVE-2014-6031,0.01055,0.50287
CVE-2014-6032,0.01815,0.76117
CVE-2014-6034,0.76812,0.99366
CVE-2014-6035,0.02094,0.79055
CVE-2014-6036,0.02094,0.79055
CVE-2014-6037,0.86492,0.99701
CVE-2014-6038,0.03479,0.84045
CVE-2014-6039,0.03479,0.84045
CVE-2014-6040,0.01537,0.73595
CVE-2014-6041,0.48961,0.9852
CVE-2014-6043,0.01106,0.5228
CVE-2014-6045,0.01055,0.50287
CVE-2014-6046,0.01055,0.50287
CVE-2014-6047,0.01055,0.50287
CVE-2014-6048,0.01055,0.50287
CVE-2014-6049,0.01055,0.50287
CVE-2014-6050,0.01055,0.50287
CVE-2014-6051,0.04229,0.86856
CVE-2014-6052,0.04229,0.86856
CVE-2014-6053,0.03779,0.84781
CVE-2014-6054,0.03407,0.83908
CVE-2014-6055,0.06823,0.91806
CVE-2014-6059,0.0089,0.2856
CVE-2014-6060,0.01183,0.60428
CVE-2014-6064,0.01061,0.51015
CVE-2014-6070,0.01953,0.77242
CVE-2014-6071,0.01136,0.57949
CVE-2014-6074,0.01061,0.51015
CVE-2014-6075,0.01055,0.50287
CVE-2014-6076,0.01213,0.6557
CVE-2014-6077,0.01213,0.6557
CVE-2014-6078,0.01213,0.6557
CVE-2014-6079,0.01408,0.72072
CVE-2014-6080,0.01132,0.54372
CVE-2014-6082,0.01232,0.66248
CVE-2014-6083,0.01213,0.6557
CVE-2014-6084,0.01213,0.6557
CVE-2014-6086,0.01213,0.6557
CVE-2014-6087,0.01213,0.6557
CVE-2014-6088,0.01213,0.6557
CVE-2014-6089,0.01132,0.54372
CVE-2014-6090,0.01055,0.50287
CVE-2014-6091,0.01055,0.50287
CVE-2014-6092,0.01055,0.50287
CVE-2014-6093,0.01232,0.66248
CVE-2014-6095,0.01974,0.7812
CVE-2014-6096,0.01776,0.75902
CVE-2014-6097,0.01132,0.54372
CVE-2014-6098,0.01974,0.7812
CVE-2014-6099,0.01213,0.6557
CVE-2014-6100,0.01061,0.51015
CVE-2014-6101,0.01213,0.6557
CVE-2014-6102,0.01055,0.50287
CVE-2014-6105,0.01776,0.75902
CVE-2014-6106,0.01136,0.57949
CVE-2014-6107,0.01974,0.7812
CVE-2014-6108,0.00885,0.26162
CVE-2014-6109,0.01055,0.50287
CVE-2014-6110,0.01315,0.67456
CVE-2014-6111,0.00885,0.26162
CVE-2014-6112,0.01055,0.50287
CVE-2014-6113,0.01055,0.50287
CVE-2014-6114,0.05822,0.89998
CVE-2014-6115,0.01055,0.50287
CVE-2014-6116,0.01136,0.57949
CVE-2014-6119,0.06523,0.90962
CVE-2014-6120,0.01055,0.50287
CVE-2014-6121,0.01061,0.51015
CVE-2014-6122,0.01061,0.51015
CVE-2014-6123,0.00885,0.26162
CVE-2014-6125,0.01213,0.6557
CVE-2014-6126,0.01213,0.6557
CVE-2014-6129,0.01055,0.50287
CVE-2014-6130,0.01213,0.6557
CVE-2014-6131,0.01055,0.50287
CVE-2014-6132,0.01315,0.67456
CVE-2014-6133,0.0089,0.2856
CVE-2014-6134,0.00885,0.26162
CVE-2014-6135,0.01136,0.57949
CVE-2014-6136,0.01055,0.50287
CVE-2014-6137,0.01953,0.77242
CVE-2014-6138,0.01061,0.51015
CVE-2014-6139,0.01055,0.50287
CVE-2014-6140,0.07777,0.92953
CVE-2014-6141,0.01055,0.50287
CVE-2014-6143,0.0089,0.2856
CVE-2014-6144,0.01055,0.50287
CVE-2014-6145,0.01055,0.50287
CVE-2014-6146,0.0095,0.30554
CVE-2014-6147,0.0089,0.2856
CVE-2014-6148,0.01132,0.54372
CVE-2014-6149,0.01136,0.57949
CVE-2014-6150,0.01061,0.51015
CVE-2014-6151,0.01132,0.54372
CVE-2014-6152,0.01132,0.54372
CVE-2014-6153,0.01319,0.70416
CVE-2014-6154,0.01055,0.50287
CVE-2014-6155,0.01232,0.66248
CVE-2014-6158,0.05302,0.89375
CVE-2014-6159,0.01815,0.76117
CVE-2014-6160,0.01061,0.51015
CVE-2014-6161,0.01061,0.51015
CVE-2014-6163,0.01061,0.51015
CVE-2014-6164,0.01136,0.57949
CVE-2014-6166,0.01213,0.6557
CVE-2014-6167,0.01136,0.57949
CVE-2014-6168,0.01055,0.50287
CVE-2014-6169,0.01055,0.50287
CVE-2014-6170,0.01136,0.57949
CVE-2014-6171,0.01136,0.57949
CVE-2014-6172,0.01213,0.6557
CVE-2014-6173,0.01061,0.51015
CVE-2014-6174,0.01136,0.57949
CVE-2014-6175,0.01132,0.54372
CVE-2014-6176,0.01213,0.6557
CVE-2014-6177,0.01132,0.54372
CVE-2014-6178,0.01132,0.54372
CVE-2014-6179,0.01213,0.6557
CVE-2014-6180,0.01132,0.54372
CVE-2014-6181,0.01061,0.51015
CVE-2014-6182,0.01132,0.54372
CVE-2014-6183,0.01055,0.50287
CVE-2014-6184,0.00885,0.26162
CVE-2014-6185,0.0089,0.2856
CVE-2014-6186,0.01232,0.66248
CVE-2014-6187,0.01232,0.66248
CVE-2014-6188,0.01232,0.66248
CVE-2014-6189,0.01055,0.50287
CVE-2014-6190,0.01055,0.50287
CVE-2014-6191,0.01055,0.50287
CVE-2014-6192,0.01055,0.50287
CVE-2014-6193,0.01061,0.51015
CVE-2014-6194,0.01055,0.50287
CVE-2014-6195,0.0089,0.2856
CVE-2014-6196,0.01408,0.72072
CVE-2014-6197,0.01055,0.50287
CVE-2014-6198,0.01055,0.50287
CVE-2014-6199,0.01213,0.6557
CVE-2014-6209,0.01815,0.76117
CVE-2014-6210,0.01815,0.76117
CVE-2014-6211,0.0095,0.30554
CVE-2014-6212,0.01055,0.50287
CVE-2014-6214,0.01136,0.57949
CVE-2014-6215,0.01061,0.51015
CVE-2014-6221,0.01136,0.57949
CVE-2014-6222,0.01132,0.54372
CVE-2014-6228,0.01055,0.50287
CVE-2014-6229,0.01055,0.50287
CVE-2014-6230,0.01136,0.57949
CVE-2014-6231,0.06523,0.90962
CVE-2014-6232,0.01132,0.54372
CVE-2014-6233,0.01213,0.6557
CVE-2014-6234,0.01213,0.6557
CVE-2014-6235,0.12753,0.95373
CVE-2014-6236,0.06523,0.90962
CVE-2014-6237,0.01061,0.51015
CVE-2014-6238,0.01136,0.57949
CVE-2014-6239,0.01136,0.57949
CVE-2014-6240,0.01055,0.50287
CVE-2014-6241,0.01213,0.6557
CVE-2014-6242,0.01406,0.71229
CVE-2014-6243,0.01213,0.6557
CVE-2014-6251,0.01055,0.50287
CVE-2014-6252,0.03941,0.85207
CVE-2014-6253,0.01055,0.50287
CVE-2014-6254,0.01055,0.50287
CVE-2014-6255,0.01055,0.50287
CVE-2014-6256,0.01055,0.50287
CVE-2014-6257,0.01055,0.50287
CVE-2014-6258,0.01055,0.50287
CVE-2014-6259,0.01055,0.50287
CVE-2014-6260,0.01055,0.50287
CVE-2014-6261,0.04806,0.88736
CVE-2014-6262,0.04717,0.88671
CVE-2014-6268,0.0095,0.30554
CVE-2014-6269,0.01319,0.70416
CVE-2014-6270,0.07544,0.92484
CVE-2014-6272,0.01018,0.38792
CVE-2014-6273,0.03073,0.82961
CVE-2014-6275,0.00885,0.26162
CVE-2014-6276,0.01061,0.51015
CVE-2014-6277,0.63509,0.9893
CVE-2014-6278,0.62385,0.98902
CVE-2014-6280,0.01213,0.6557
CVE-2014-6283,0.01232,0.66248
CVE-2014-6284,0.01055,0.50287
CVE-2014-6288,0.01055,0.50287
CVE-2014-6289,0.01136,0.57949
CVE-2014-6290,0.01055,0.50287
CVE-2014-6291,0.01136,0.57949
CVE-2014-6292,0.00885,0.26162
CVE-2014-6293,0.01055,0.50287
CVE-2014-6294,0.01055,0.50287
CVE-2014-6295,0.01055,0.50287
CVE-2014-6296,0.01055,0.50287
CVE-2014-6297,0.01055,0.50287
CVE-2014-6298,0.05822,0.89998
CVE-2014-6299,0.01055,0.50287
CVE-2014-6300,0.01213,0.6557
CVE-2014-6301,0.01055,0.50287
CVE-2014-6302,0.01055,0.50287
CVE-2014-6303,0.01055,0.50287
CVE-2014-6304,0.01055,0.50287
CVE-2014-6308,0.08097,0.93067
CVE-2014-6309,0.01055,0.50287
CVE-2014-6310,0.05634,0.89764
CVE-2014-6311,0.01018,0.38792
CVE-2014-6312,0.02255,0.80558
CVE-2014-6313,0.01213,0.6557
CVE-2014-6315,0.01319,0.70416
CVE-2014-6316,0.01408,0.72072
CVE-2014-6317,0.29797,0.97364
CVE-2014-6318,0.29551,0.97308
CVE-2014-6319,0.18147,0.96089
CVE-2014-6321,0.89532,0.99817
CVE-2014-6322,0.37556,0.97834
CVE-2014-6323,0.29797,0.97364
CVE-2014-6324,0.77867,0.99393
CVE-2014-6325,0.18147,0.96089
CVE-2014-6326,0.18147,0.96089
CVE-2014-6327,0.30987,0.97438
CVE-2014-6328,0.18147,0.96089
CVE-2014-6329,0.30987,0.97438
CVE-2014-6330,0.30987,0.97438
CVE-2014-6331,0.29551,0.97308
CVE-2014-6333,0.58315,0.98794
CVE-2014-6334,0.47332,0.98453
CVE-2014-6335,0.47332,0.98453
CVE-2014-6336,0.10095,0.94302
CVE-2014-6337,0.29417,0.97293
CVE-2014-6339,0.29797,0.97364
CVE-2014-6340,0.29797,0.97364
CVE-2014-6341,0.29417,0.97293
CVE-2014-6342,0.29417,0.97293
CVE-2014-6343,0.29417,0.97293
CVE-2014-6344,0.29417,0.97293
CVE-2014-6345,0.29797,0.97364
CVE-2014-6346,0.29797,0.97364
CVE-2014-6347,0.29417,0.97293
CVE-2014-6348,0.29417,0.97293
CVE-2014-6349,0.29797,0.97364
CVE-2014-6350,0.29797,0.97364
CVE-2014-6351,0.29417,0.97293
CVE-2014-6352,0.88407,0.99794
CVE-2014-6353,0.29417,0.97293
CVE-2014-6354,0.18192,0.96101
CVE-2014-6355,0.22171,0.9644
CVE-2014-6356,0.25853,0.96909
CVE-2014-6357,0.46867,0.9844
CVE-2014-6360,0.25853,0.96909
CVE-2014-6361,0.25853,0.96909
CVE-2014-6362,0.27884,0.97135
CVE-2014-6363,0.70542,0.99127
CVE-2014-6364,0.53367,0.98684
CVE-2014-6365,0.18147,0.96089
CVE-2014-6366,0.30987,0.97438
CVE-2014-6368,0.22171,0.9644
CVE-2014-6369,0.32587,0.97517
CVE-2014-6373,0.30987,0.97438
CVE-2014-6374,0.30987,0.97438
CVE-2014-6375,0.30987,0.97438
CVE-2014-6376,0.30987,0.97438
CVE-2014-6377,0.01213,0.6557
CVE-2014-6378,0.01213,0.6557
CVE-2014-6379,0.01213,0.6557
CVE-2014-6380,0.01213,0.6557
CVE-2014-6381,0.01136,0.57949
CVE-2014-6382,0.01055,0.50287
CVE-2014-6383,0.01136,0.57949
CVE-2014-6384,0.0089,0.2856
CVE-2014-6385,0.01055,0.50287
CVE-2014-6386,0.01136,0.57949
CVE-2014-6387,0.01213,0.6557
CVE-2014-6389,0.07584,0.92581
CVE-2014-6392,0.01055,0.50287
CVE-2014-6393,0.01055,0.50287
CVE-2014-6394,0.03779,0.84781
CVE-2014-6395,0.09893,0.94114
CVE-2014-6396,0.04291,0.87022
CVE-2014-6407,0.07777,0.92953
CVE-2014-6408,0.01319,0.70416
CVE-2014-6409,0.01213,0.6557
CVE-2014-6410,0.01547,0.74085
CVE-2014-6412,0.01319,0.70416
CVE-2014-6413,0.01018,0.38792
CVE-2014-6414,0.01232,0.66248
CVE-2014-6416,0.02172,0.79917
CVE-2014-6417,0.02172,0.79917
CVE-2014-6418,0.02172,0.79917
CVE-2014-6420,0.02173,0.80027
CVE-2014-6421,0.02172,0.79917
CVE-2014-6422,0.03779,0.84781
CVE-2014-6423,0.03779,0.84781
CVE-2014-6424,0.02172,0.79917
CVE-2014-6425,0.02172,0.79917
CVE-2014-6426,0.01319,0.70416
CVE-2014-6427,0.02172,0.79917
CVE-2014-6428,0.03779,0.84781
CVE-2014-6429,0.03779,0.84781
CVE-2014-6430,0.03779,0.84781
CVE-2014-6431,0.03779,0.84781
CVE-2014-6432,0.03779,0.84781
CVE-2014-6433,0.01055,0.50287
CVE-2014-6434,0.01055,0.50287
CVE-2014-6435,0.08382,0.93597
CVE-2014-6436,0.08382,0.93597
CVE-2014-6437,0.08382,0.93597
CVE-2014-6438,0.01213,0.6557
CVE-2014-6439,0.01213,0.6557
CVE-2014-6440,0.03795,0.84827
CVE-2014-6444,0.01055,0.50287
CVE-2014-6445,0.01055,0.50287
CVE-2014-6446,0.80749,0.99497
CVE-2014-6447,0.00885,0.26162
CVE-2014-6448,0.00885,0.26162
CVE-2014-6449,0.01055,0.50287
CVE-2014-6450,0.01055,0.50287
CVE-2014-6451,0.01055,0.50287
CVE-2014-6452,0.01055,0.50287
CVE-2014-6453,0.01055,0.50287
CVE-2014-6454,0.01055,0.50287
CVE-2014-6455,0.01055,0.50287
CVE-2014-6456,0.03407,0.83908
CVE-2014-6457,0.03932,0.8519
CVE-2014-6458,0.01547,0.74085
CVE-2014-6459,0.01136,0.57949
CVE-2014-6460,0.01132,0.54372
CVE-2014-6461,0.01132,0.54372
CVE-2014-6462,0.01136,0.57949
CVE-2014-6463,0.01132,0.54372
CVE-2014-6464,0.01315,0.67456
CVE-2014-6465,0.01055,0.50287
CVE-2014-6466,0.01282,0.67298
CVE-2014-6467,0.01055,0.50287
CVE-2014-6468,0.01282,0.67298
CVE-2014-6469,0.01315,0.67456
CVE-2014-6470,0.0095,0.30554
CVE-2014-6471,0.01213,0.6557
CVE-2014-6472,0.01213,0.6557
CVE-2014-6473,0.0095,0.30554
CVE-2014-6474,0.01055,0.50287
CVE-2014-6475,0.01132,0.54372
CVE-2014-6476,0.03779,0.84781
CVE-2014-6477,0.01055,0.50287
CVE-2014-6478,0.01213,0.6557
CVE-2014-6479,0.01132,0.54372
CVE-2014-6480,0.00885,0.26162
CVE-2014-6481,0.01055,0.50287
CVE-2014-6482,0.01132,0.54372
CVE-2014-6483,0.01055,0.50287
CVE-2014-6484,0.01132,0.54372
CVE-2014-6485,0.01213,0.6557
CVE-2014-6486,0.01132,0.54372
CVE-2014-6487,0.01055,0.50287
CVE-2014-6488,0.01132,0.54372
CVE-2014-6489,0.01061,0.51015
CVE-2014-6490,0.01213,0.6557
CVE-2014-6491,0.01974,0.7812
CVE-2014-6492,0.03932,0.8519
CVE-2014-6493,0.03932,0.8519
CVE-2014-6494,0.01974,0.7812
CVE-2014-6495,0.01213,0.6557
CVE-2014-6496,0.01408,0.72072
CVE-2014-6497,0.0095,0.30554
CVE-2014-6498,0.01213,0.6557
CVE-2014-6499,0.01055,0.50287
CVE-2014-6500,0.01974,0.7812
CVE-2014-6501,0.0095,0.30554
CVE-2014-6502,0.03932,0.8519
CVE-2014-6503,0.03932,0.8519
CVE-2014-6504,0.04358,0.87435
CVE-2014-6505,0.01132,0.54372
CVE-2014-6506,0.03932,0.8519
CVE-2014-6507,0.01408,0.72072
CVE-2014-6508,0.01213,0.6557
CVE-2014-6509,0.00885,0.26162
CVE-2014-6510,0.00885,0.26162
CVE-2014-6511,0.04358,0.87435
CVE-2014-6512,0.03932,0.8519
CVE-2014-6513,0.03779,0.84781
CVE-2014-6514,0.01061,0.51015
CVE-2014-6515,0.04358,0.87435
CVE-2014-6516,0.0095,0.30554
CVE-2014-6517,0.04358,0.87435
CVE-2014-6518,0.00885,0.26162
CVE-2014-6519,0.04358,0.87435
CVE-2014-6520,0.01132,0.54372
CVE-2014-6521,0.00885,0.26162
CVE-2014-6522,0.01055,0.50287
CVE-2014-6523,0.01132,0.54372
CVE-2014-6524,0.00885,0.26162
CVE-2014-6525,0.01055,0.50287
CVE-2014-6526,0.01055,0.50287
CVE-2014-6527,0.03407,0.83908
CVE-2014-6528,0.01055,0.50287
CVE-2014-6529,0.01213,0.6557
CVE-2014-6530,0.01132,0.54372
CVE-2014-6531,0.03932,0.8519
CVE-2014-6532,0.03932,0.8519
CVE-2014-6533,0.01213,0.6557
CVE-2014-6534,0.01055,0.50287
CVE-2014-6535,0.01213,0.6557
CVE-2014-6536,0.01132,0.54372
CVE-2014-6537,0.01055,0.50287
CVE-2014-6538,0.01055,0.50287
CVE-2014-6539,0.01213,0.6557
CVE-2014-6540,0.0095,0.30554
CVE-2014-6541,0.01061,0.51015
CVE-2014-6542,0.01055,0.50287
CVE-2014-6543,0.01132,0.54372
CVE-2014-6544,0.01055,0.50287
CVE-2014-6545,0.01055,0.50287
CVE-2014-6546,0.01055,0.50287
CVE-2014-6547,0.01055,0.50287
CVE-2014-6548,0.00885,0.26162
CVE-2014-6549,0.01319,0.70416
CVE-2014-6550,0.01213,0.6557
CVE-2014-6551,0.0095,0.30554
CVE-2014-6552,0.01136,0.57949
CVE-2014-6553,0.01136,0.57949
CVE-2014-6554,0.01061,0.51015
CVE-2014-6555,0.01315,0.67456
CVE-2014-6556,0.01055,0.50287
CVE-2014-6557,0.01061,0.51015
CVE-2014-6558,0.03932,0.8519
CVE-2014-6559,0.01974,0.7812
CVE-2014-6560,0.01055,0.50287
CVE-2014-6561,0.01213,0.6557
CVE-2014-6562,0.01408,0.72072
CVE-2014-6563,0.01055,0.50287
CVE-2014-6564,0.01061,0.51015
CVE-2014-6565,0.01055,0.50287
CVE-2014-6566,0.01055,0.50287
CVE-2014-6567,0.05302,0.89375
CVE-2014-6568,0.02186,0.8012
CVE-2014-6569,0.01055,0.50287
CVE-2014-6570,0.00885,0.26162
CVE-2014-6571,0.01055,0.50287
CVE-2014-6572,0.01055,0.50287
CVE-2014-6573,0.01055,0.50287
CVE-2014-6574,0.01055,0.50287
CVE-2014-6575,0.01055,0.50287
CVE-2014-6576,0.01055,0.50287
CVE-2014-6578,0.01061,0.51015
CVE-2014-6579,0.01055,0.50287
CVE-2014-6580,0.01055,0.50287
CVE-2014-6581,0.01055,0.50287
CVE-2014-6582,0.01055,0.50287
CVE-2014-6583,0.01055,0.50287
CVE-2014-6584,0.01055,0.50287
CVE-2014-6585,0.04358,0.87435
CVE-2014-6586,0.01055,0.50287
CVE-2014-6587,0.01547,0.74085
CVE-2014-6588,0.0089,0.2856
CVE-2014-6589,0.0089,0.2856
CVE-2014-6590,0.0089,0.2856
CVE-2014-6591,0.04358,0.87435
CVE-2014-6592,0.01055,0.50287
CVE-2014-6593,0.8198,0.9953
CVE-2014-6594,0.01055,0.50287
CVE-2014-6595,0.0089,0.2856
CVE-2014-6596,0.01055,0.50287
CVE-2014-6597,0.01055,0.50287
CVE-2014-6599,0.01055,0.50287
CVE-2014-6600,0.00885,0.26162
CVE-2014-6601,0.04358,0.87435
CVE-2014-6602,0.01545,0.73599
CVE-2014-6603,0.01319,0.70416
CVE-2014-6604,0.01055,0.50287
CVE-2014-6607,0.01136,0.57949
CVE-2014-6609,0.01055,0.50287
CVE-2014-6610,0.01055,0.50287
CVE-2014-6611,0.00885,0.26162
CVE-2014-6616,0.01136,0.57949
CVE-2014-6617,0.01213,0.6557
CVE-2014-6618,0.01136,0.57949
CVE-2014-6619,0.01953,0.77242
CVE-2014-6620,0.01055,0.50287
CVE-2014-6621,0.01055,0.50287
CVE-2014-6622,0.01055,0.50287
CVE-2014-6623,0.01055,0.50287
CVE-2014-6624,0.01132,0.54372
CVE-2014-6625,0.01055,0.50287
CVE-2014-6626,0.01055,0.50287
CVE-2014-6627,0.01055,0.50287
CVE-2014-6628,0.0434,0.87049
CVE-2014-6631,0.01055,0.50287
CVE-2014-6632,0.01136,0.57949
CVE-2014-6633,0.01055,0.50287
CVE-2014-6635,0.01055,0.50287
CVE-2014-6636,0.00954,0.34522
CVE-2014-6637,0.00954,0.34522
CVE-2014-6638,0.00954,0.34522
CVE-2014-6639,0.00954,0.34522
CVE-2014-6640,0.00954,0.34522
CVE-2014-6641,0.00954,0.34522
CVE-2014-6642,0.00954,0.34522
CVE-2014-6643,0.00954,0.34522
CVE-2014-6645,0.00954,0.34522
CVE-2014-6646,0.00954,0.34522
CVE-2014-6647,0.00954,0.34522
CVE-2014-6648,0.00954,0.34522
CVE-2014-6649,0.00954,0.34522
CVE-2014-6650,0.00954,0.34522
CVE-2014-6651,0.00954,0.34522
CVE-2014-6652,0.00954,0.34522
CVE-2014-6653,0.00954,0.34522
CVE-2014-6654,0.00954,0.34522
CVE-2014-6655,0.00954,0.34522
CVE-2014-6656,0.00954,0.34522
CVE-2014-6657,0.00954,0.34522
CVE-2014-6658,0.00954,0.34522
CVE-2014-6659,0.00954,0.34522
CVE-2014-6660,0.00954,0.34522
CVE-2014-6661,0.00954,0.34522
CVE-2014-6662,0.00954,0.34522
CVE-2014-6663,0.00954,0.34522
CVE-2014-6664,0.00954,0.34522
CVE-2014-6665,0.00954,0.34522
CVE-2014-6666,0.00954,0.34522
CVE-2014-6667,0.00954,0.34522
CVE-2014-6668,0.00954,0.34522
CVE-2014-6669,0.00954,0.34522
CVE-2014-6670,0.00954,0.34522
CVE-2014-6671,0.00954,0.34522
CVE-2014-6672,0.00954,0.34522
CVE-2014-6673,0.00954,0.34522
CVE-2014-6674,0.00954,0.34522
CVE-2014-6675,0.00954,0.34522
CVE-2014-6676,0.00954,0.34522
CVE-2014-6677,0.00954,0.34522
CVE-2014-6678,0.00954,0.34522
CVE-2014-6679,0.00954,0.34522
CVE-2014-6680,0.00954,0.34522
CVE-2014-6681,0.00954,0.34522
CVE-2014-6682,0.00954,0.34522
CVE-2014-6683,0.00954,0.34522
CVE-2014-6684,0.00954,0.34522
CVE-2014-6685,0.00954,0.34522
CVE-2014-6686,0.00954,0.34522
CVE-2014-6687,0.00954,0.34522
CVE-2014-6688,0.00954,0.34522
CVE-2014-6689,0.00954,0.34522
CVE-2014-6690,0.00954,0.34522
CVE-2014-6691,0.00954,0.34522
CVE-2014-6692,0.00954,0.34522
CVE-2014-6693,0.00954,0.34522
CVE-2014-6694,0.00954,0.34522
CVE-2014-6695,0.00954,0.34522
CVE-2014-6696,0.00954,0.34522
CVE-2014-6697,0.00954,0.34522
CVE-2014-6698,0.00954,0.34522
CVE-2014-6699,0.00954,0.34522
CVE-2014-6700,0.00954,0.34522
CVE-2014-6701,0.00954,0.34522
CVE-2014-6702,0.00954,0.34522
CVE-2014-6703,0.00954,0.34522
CVE-2014-6704,0.00954,0.34522
CVE-2014-6705,0.00954,0.34522
CVE-2014-6706,0.00954,0.34522
CVE-2014-6707,0.00954,0.34522
CVE-2014-6708,0.00954,0.34522
CVE-2014-6709,0.00954,0.34522
CVE-2014-6710,0.00954,0.34522
CVE-2014-6711,0.00954,0.34522
CVE-2014-6712,0.00954,0.34522
CVE-2014-6713,0.00954,0.34522
CVE-2014-6714,0.00954,0.34522
CVE-2014-6715,0.00954,0.34522
CVE-2014-6716,0.00954,0.34522
CVE-2014-6717,0.00954,0.34522
CVE-2014-6718,0.00954,0.34522
CVE-2014-6719,0.00954,0.34522
CVE-2014-6720,0.00954,0.34522
CVE-2014-6721,0.00954,0.34522
CVE-2014-6722,0.00954,0.34522
CVE-2014-6723,0.00954,0.34522
CVE-2014-6724,0.00954,0.34522
CVE-2014-6725,0.00954,0.34522
CVE-2014-6726,0.00954,0.34522
CVE-2014-6727,0.00954,0.34522
CVE-2014-6728,0.00954,0.34522
CVE-2014-6729,0.00954,0.34522
CVE-2014-6730,0.00954,0.34522
CVE-2014-6731,0.00954,0.34522
CVE-2014-6732,0.00954,0.34522
CVE-2014-6733,0.00954,0.34522
CVE-2014-6734,0.00954,0.34522
CVE-2014-6735,0.00954,0.34522
CVE-2014-6736,0.00954,0.34522
CVE-2014-6737,0.00954,0.34522
CVE-2014-6738,0.00954,0.34522
CVE-2014-6739,0.00954,0.34522
CVE-2014-6740,0.00954,0.34522
CVE-2014-6741,0.00954,0.34522
CVE-2014-6742,0.00954,0.34522
CVE-2014-6743,0.00954,0.34522
CVE-2014-6744,0.00954,0.34522
CVE-2014-6745,0.00954,0.34522
CVE-2014-6746,0.00954,0.34522
CVE-2014-6747,0.00954,0.34522
CVE-2014-6748,0.00954,0.34522
CVE-2014-6749,0.00954,0.34522
CVE-2014-6750,0.00954,0.34522
CVE-2014-6751,0.00954,0.34522
CVE-2014-6752,0.00954,0.34522
CVE-2014-6753,0.00954,0.34522
CVE-2014-6754,0.00954,0.34522
CVE-2014-6755,0.00954,0.34522
CVE-2014-6756,0.00954,0.34522
CVE-2014-6757,0.00954,0.34522
CVE-2014-6758,0.00954,0.34522
CVE-2014-6759,0.00954,0.34522
CVE-2014-6760,0.00954,0.34522
CVE-2014-6761,0.00954,0.34522
CVE-2014-6762,0.00954,0.34522
CVE-2014-6763,0.00954,0.34522
CVE-2014-6764,0.00954,0.34522
CVE-2014-6765,0.00954,0.34522
CVE-2014-6766,0.00954,0.34522
CVE-2014-6767,0.00954,0.34522
CVE-2014-6768,0.00954,0.34522
CVE-2014-6769,0.00954,0.34522
CVE-2014-6770,0.00954,0.34522
CVE-2014-6771,0.00954,0.34522
CVE-2014-6772,0.00954,0.34522
CVE-2014-6773,0.00954,0.34522
CVE-2014-6774,0.00954,0.34522
CVE-2014-6775,0.00954,0.34522
CVE-2014-6776,0.00954,0.34522
CVE-2014-6777,0.00954,0.34522
CVE-2014-6778,0.00954,0.34522
CVE-2014-6779,0.00954,0.34522
CVE-2014-6780,0.00954,0.34522
CVE-2014-6781,0.00954,0.34522
CVE-2014-6782,0.00954,0.34522
CVE-2014-6783,0.00954,0.34522
CVE-2014-6784,0.00954,0.34522
CVE-2014-6785,0.00954,0.34522
CVE-2014-6786,0.00954,0.34522
CVE-2014-6787,0.00954,0.34522
CVE-2014-6788,0.00954,0.34522
CVE-2014-6789,0.00954,0.34522
CVE-2014-6790,0.00954,0.34522
CVE-2014-6791,0.00954,0.34522
CVE-2014-6792,0.00954,0.34522
CVE-2014-6793,0.00954,0.34522
CVE-2014-6794,0.00954,0.34522
CVE-2014-6795,0.00954,0.34522
CVE-2014-6796,0.00954,0.34522
CVE-2014-6797,0.00954,0.34522
CVE-2014-6798,0.00954,0.34522
CVE-2014-6799,0.00954,0.34522
CVE-2014-6800,0.00954,0.34522
CVE-2014-6801,0.00954,0.34522
CVE-2014-6802,0.00954,0.34522
CVE-2014-6803,0.00954,0.34522
CVE-2014-6804,0.00954,0.34522
CVE-2014-6805,0.00954,0.34522
CVE-2014-6806,0.00954,0.34522
CVE-2014-6807,0.00954,0.34522
CVE-2014-6808,0.00954,0.34522
CVE-2014-6810,0.00954,0.34522
CVE-2014-6812,0.00954,0.34522
CVE-2014-6813,0.00954,0.34522
CVE-2014-6814,0.00954,0.34522
CVE-2014-6815,0.00954,0.34522
CVE-2014-6816,0.00954,0.34522
CVE-2014-6817,0.00954,0.34522
CVE-2014-6818,0.00954,0.34522
CVE-2014-6819,0.00954,0.34522
CVE-2014-6820,0.00954,0.34522
CVE-2014-6821,0.00954,0.34522
CVE-2014-6822,0.00954,0.34522
CVE-2014-6823,0.00954,0.34522
CVE-2014-6824,0.00954,0.34522
CVE-2014-6825,0.00954,0.34522
CVE-2014-6826,0.00954,0.34522
CVE-2014-6827,0.00954,0.34522
CVE-2014-6828,0.00954,0.34522
CVE-2014-6829,0.00954,0.34522
CVE-2014-6830,0.00954,0.34522
CVE-2014-6831,0.00954,0.34522
CVE-2014-6832,0.00954,0.34522
CVE-2014-6833,0.00954,0.34522
CVE-2014-6834,0.00954,0.34522
CVE-2014-6835,0.00954,0.34522
CVE-2014-6836,0.00954,0.34522
CVE-2014-6837,0.00954,0.34522
CVE-2014-6838,0.00954,0.34522
CVE-2014-6839,0.00954,0.34522
CVE-2014-6840,0.00954,0.34522
CVE-2014-6841,0.00954,0.34522
CVE-2014-6842,0.00954,0.34522
CVE-2014-6843,0.00954,0.34522
CVE-2014-6844,0.00954,0.34522
CVE-2014-6845,0.00954,0.34522
CVE-2014-6846,0.00954,0.34522
CVE-2014-6847,0.00954,0.34522
CVE-2014-6848,0.00954,0.34522
CVE-2014-6850,0.00954,0.34522
CVE-2014-6851,0.00954,0.34522
CVE-2014-6852,0.00954,0.34522
CVE-2014-6853,0.00954,0.34522
CVE-2014-6854,0.00954,0.34522
CVE-2014-6855,0.00954,0.34522
CVE-2014-6856,0.00954,0.34522
CVE-2014-6857,0.00954,0.34522
CVE-2014-6858,0.00954,0.34522
CVE-2014-6859,0.00954,0.34522
CVE-2014-6860,0.00954,0.34522
CVE-2014-6861,0.00954,0.34522
CVE-2014-6862,0.00954,0.34522
CVE-2014-6863,0.00954,0.34522
CVE-2014-6864,0.00954,0.34522
CVE-2014-6865,0.00954,0.34522
CVE-2014-6866,0.00954,0.34522
CVE-2014-6867,0.00954,0.34522
CVE-2014-6868,0.00954,0.34522
CVE-2014-6869,0.00954,0.34522
CVE-2014-6870,0.00954,0.34522
CVE-2014-6871,0.00954,0.34522
CVE-2014-6872,0.00954,0.34522
CVE-2014-6873,0.00954,0.34522
CVE-2014-6874,0.00954,0.34522
CVE-2014-6875,0.00954,0.34522
CVE-2014-6876,0.00954,0.34522
CVE-2014-6877,0.00954,0.34522
CVE-2014-6878,0.00954,0.34522
CVE-2014-6879,0.00954,0.34522
CVE-2014-6880,0.00954,0.34522
CVE-2014-6881,0.01018,0.38792
CVE-2014-6882,0.00954,0.34522
CVE-2014-6883,0.00954,0.34522
CVE-2014-6884,0.00954,0.34522
CVE-2014-6885,0.00954,0.34522
CVE-2014-6886,0.00954,0.34522
CVE-2014-6887,0.00954,0.34522
CVE-2014-6888,0.00954,0.34522
CVE-2014-6889,0.00954,0.34522
CVE-2014-6890,0.00954,0.34522
CVE-2014-6891,0.00954,0.34522
CVE-2014-6892,0.00954,0.34522
CVE-2014-6893,0.00954,0.34522
CVE-2014-6894,0.00954,0.34522
CVE-2014-6895,0.00954,0.34522
CVE-2014-6896,0.00954,0.34522
CVE-2014-6897,0.00954,0.34522
CVE-2014-6898,0.00954,0.34522
CVE-2014-6899,0.00954,0.34522
CVE-2014-6900,0.00954,0.34522
CVE-2014-6901,0.00954,0.34522
CVE-2014-6902,0.00954,0.34522
CVE-2014-6903,0.00954,0.34522
CVE-2014-6904,0.00954,0.34522
CVE-2014-6905,0.00954,0.34522
CVE-2014-6906,0.00954,0.34522
CVE-2014-6907,0.00954,0.34522
CVE-2014-6908,0.00954,0.34522
CVE-2014-6909,0.00954,0.34522
CVE-2014-6910,0.00954,0.34522
CVE-2014-6911,0.00954,0.34522
CVE-2014-6912,0.00954,0.34522
CVE-2014-6913,0.00954,0.34522
CVE-2014-6914,0.00954,0.34522
CVE-2014-6916,0.00954,0.34522
CVE-2014-6917,0.00954,0.34522
CVE-2014-6918,0.00954,0.34522
CVE-2014-6919,0.00954,0.34522
CVE-2014-6920,0.00954,0.34522
CVE-2014-6921,0.00954,0.34522
CVE-2014-6922,0.00954,0.34522
CVE-2014-6923,0.00954,0.34522
CVE-2014-6924,0.00954,0.34522
CVE-2014-6925,0.00954,0.34522
CVE-2014-6926,0.00954,0.34522
CVE-2014-6927,0.00954,0.34522
CVE-2014-6928,0.00954,0.34522
CVE-2014-6929,0.00954,0.34522
CVE-2014-6930,0.00954,0.34522
CVE-2014-6931,0.00954,0.34522
CVE-2014-6932,0.00954,0.34522
CVE-2014-6933,0.00954,0.34522
CVE-2014-6934,0.00954,0.34522
CVE-2014-6935,0.00954,0.34522
CVE-2014-6936,0.00954,0.34522
CVE-2014-6937,0.00954,0.34522
CVE-2014-6938,0.00954,0.34522
CVE-2014-6939,0.00954,0.34522
CVE-2014-6940,0.00954,0.34522
CVE-2014-6941,0.00954,0.34522
CVE-2014-6942,0.00954,0.34522
CVE-2014-6943,0.00954,0.34522
CVE-2014-6944,0.00954,0.34522
CVE-2014-6945,0.00954,0.34522
CVE-2014-6946,0.00954,0.34522
CVE-2014-6947,0.00954,0.34522
CVE-2014-6948,0.00954,0.34522
CVE-2014-6949,0.00954,0.34522
CVE-2014-6950,0.00954,0.34522
CVE-2014-6951,0.00954,0.34522
CVE-2014-6952,0.00954,0.34522
CVE-2014-6953,0.00954,0.34522
CVE-2014-6954,0.00954,0.34522
CVE-2014-6955,0.00954,0.34522
CVE-2014-6956,0.00954,0.34522
CVE-2014-6957,0.00954,0.34522
CVE-2014-6958,0.00954,0.34522
CVE-2014-6959,0.00954,0.34522
CVE-2014-6960,0.00954,0.34522
CVE-2014-6961,0.00954,0.34522
CVE-2014-6962,0.00954,0.34522
CVE-2014-6963,0.00954,0.34522
CVE-2014-6964,0.00954,0.34522
CVE-2014-6965,0.00954,0.34522
CVE-2014-6966,0.00954,0.34522
CVE-2014-6967,0.00954,0.34522
CVE-2014-6968,0.00954,0.34522
CVE-2014-6969,0.00954,0.34522
CVE-2014-6970,0.00954,0.34522
CVE-2014-6971,0.00954,0.34522
CVE-2014-6972,0.00954,0.34522
CVE-2014-6973,0.00954,0.34522
CVE-2014-6974,0.00954,0.34522
CVE-2014-6975,0.00954,0.34522
CVE-2014-6976,0.00954,0.34522
CVE-2014-6977,0.00954,0.34522
CVE-2014-6978,0.00954,0.34522
CVE-2014-6979,0.00954,0.34522
CVE-2014-6980,0.00954,0.34522
CVE-2014-6981,0.00954,0.34522
CVE-2014-6982,0.00954,0.34522
CVE-2014-6983,0.00954,0.34522
CVE-2014-6984,0.00954,0.34522
CVE-2014-6985,0.00954,0.34522
CVE-2014-6986,0.00954,0.34522
CVE-2014-6987,0.00954,0.34522
CVE-2014-6988,0.00954,0.34522
CVE-2014-6989,0.00954,0.34522
CVE-2014-6990,0.00954,0.34522
CVE-2014-6991,0.00954,0.34522
CVE-2014-6992,0.00954,0.34522
CVE-2014-6993,0.00954,0.34522
CVE-2014-6994,0.00954,0.34522
CVE-2014-6995,0.00954,0.34522
CVE-2014-6996,0.00954,0.34522
CVE-2014-6997,0.00954,0.34522
CVE-2014-6998,0.00954,0.34522
CVE-2014-6999,0.00954,0.34522
CVE-2014-7000,0.00954,0.34522
CVE-2014-7001,0.00954,0.34522
CVE-2014-7002,0.00954,0.34522
CVE-2014-7003,0.00954,0.34522
CVE-2014-7004,0.00954,0.34522
CVE-2014-7005,0.00954,0.34522
CVE-2014-7006,0.00954,0.34522
CVE-2014-7007,0.00954,0.34522
CVE-2014-7008,0.00954,0.34522
CVE-2014-7009,0.00954,0.34522
CVE-2014-7010,0.00954,0.34522
CVE-2014-7011,0.00954,0.34522
CVE-2014-7012,0.00954,0.34522
CVE-2014-7013,0.00954,0.34522
CVE-2014-7015,0.00954,0.34522
CVE-2014-7016,0.00954,0.34522
CVE-2014-7017,0.00954,0.34522
CVE-2014-7018,0.00954,0.34522
CVE-2014-7019,0.00954,0.34522
CVE-2014-7020,0.00954,0.34522
CVE-2014-7021,0.00954,0.34522
CVE-2014-7022,0.00954,0.34522
CVE-2014-7023,0.00954,0.34522
CVE-2014-7024,0.00954,0.34522
CVE-2014-7025,0.00954,0.34522
CVE-2014-7026,0.00954,0.34522
CVE-2014-7027,0.00954,0.34522
CVE-2014-7028,0.00954,0.34522
CVE-2014-7029,0.00954,0.34522
CVE-2014-7030,0.00954,0.34522
CVE-2014-7031,0.00954,0.34522
CVE-2014-7032,0.00954,0.34522
CVE-2014-7033,0.00954,0.34522
CVE-2014-7034,0.00954,0.34522
CVE-2014-7035,0.00954,0.34522
CVE-2014-7036,0.00954,0.34522
CVE-2014-7037,0.00954,0.34522
CVE-2014-7038,0.00954,0.34522
CVE-2014-7039,0.00954,0.34522
CVE-2014-7040,0.00954,0.34522
CVE-2014-7041,0.00954,0.34522
CVE-2014-7042,0.00954,0.34522
CVE-2014-7043,0.00954,0.34522
CVE-2014-7044,0.00954,0.34522
CVE-2014-7045,0.00954,0.34522
CVE-2014-7046,0.00954,0.34522
CVE-2014-7047,0.00954,0.34522
CVE-2014-7048,0.00954,0.34522
CVE-2014-7049,0.00954,0.34522
CVE-2014-7050,0.00954,0.34522
CVE-2014-7052,0.00954,0.34522
CVE-2014-7053,0.00954,0.34522
CVE-2014-7054,0.00954,0.34522
CVE-2014-7055,0.00954,0.34522
CVE-2014-7056,0.00954,0.34522
CVE-2014-7057,0.00954,0.34522
CVE-2014-7058,0.00954,0.34522
CVE-2014-7059,0.00954,0.34522
CVE-2014-7060,0.00954,0.34522
CVE-2014-7061,0.00954,0.34522
CVE-2014-7062,0.00954,0.34522
CVE-2014-7063,0.00954,0.34522
CVE-2014-7064,0.00954,0.34522
CVE-2014-7065,0.00954,0.34522
CVE-2014-7066,0.00954,0.34522
CVE-2014-7067,0.00954,0.34522
CVE-2014-7068,0.00954,0.34522
CVE-2014-7069,0.00954,0.34522
CVE-2014-7070,0.00954,0.34522
CVE-2014-7071,0.00954,0.34522
CVE-2014-7072,0.00954,0.34522
CVE-2014-7073,0.00954,0.34522
CVE-2014-7075,0.00954,0.34522
CVE-2014-7076,0.00954,0.34522
CVE-2014-7077,0.00954,0.34522
CVE-2014-7078,0.00954,0.34522
CVE-2014-7079,0.00954,0.34522
CVE-2014-7080,0.00954,0.34522
CVE-2014-7082,0.00954,0.34522
CVE-2014-7083,0.00954,0.34522
CVE-2014-7084,0.00954,0.34522
CVE-2014-7085,0.00954,0.34522
CVE-2014-7086,0.00954,0.34522
CVE-2014-7087,0.00954,0.34522
CVE-2014-7088,0.00954,0.34522
CVE-2014-7089,0.00954,0.34522
CVE-2014-7090,0.00954,0.34522
CVE-2014-7091,0.00954,0.34522
CVE-2014-7092,0.00954,0.34522
CVE-2014-7093,0.00954,0.34522
CVE-2014-7098,0.00954,0.34522
CVE-2014-7099,0.00954,0.34522
CVE-2014-7100,0.00954,0.34522
CVE-2014-7101,0.00954,0.34522
CVE-2014-7102,0.00954,0.34522
CVE-2014-7103,0.00954,0.34522
CVE-2014-7104,0.00954,0.34522
CVE-2014-7106,0.00954,0.34522
CVE-2014-7107,0.00954,0.34522
CVE-2014-7108,0.00954,0.34522
CVE-2014-7109,0.00954,0.34522
CVE-2014-7111,0.00954,0.34522
CVE-2014-7113,0.00954,0.34522
CVE-2014-7115,0.00954,0.34522
CVE-2014-7116,0.00954,0.34522
CVE-2014-7117,0.00954,0.34522
CVE-2014-7118,0.00954,0.34522
CVE-2014-7119,0.00954,0.34522
CVE-2014-7120,0.00954,0.34522
CVE-2014-7121,0.00954,0.34522
CVE-2014-7122,0.00954,0.34522
CVE-2014-7123,0.00954,0.34522
CVE-2014-7124,0.00954,0.34522
CVE-2014-7125,0.00954,0.34522
CVE-2014-7127,0.00954,0.34522
CVE-2014-7128,0.00954,0.34522
CVE-2014-7129,0.00954,0.34522
CVE-2014-7131,0.00954,0.34522
CVE-2014-7132,0.00954,0.34522
CVE-2014-7134,0.00954,0.34522
CVE-2014-7135,0.00954,0.34522
CVE-2014-7136,0.01592,0.74578
CVE-2014-7137,0.01132,0.54372
CVE-2014-7138,0.01319,0.70416
CVE-2014-7139,0.01213,0.6557
CVE-2014-7140,0.11465,0.94836
CVE-2014-7141,0.02172,0.79917
CVE-2014-7142,0.02172,0.79917
CVE-2014-7143,0.01018,0.38792
CVE-2014-7144,0.01408,0.72072
CVE-2014-7145,0.01108,0.53389
CVE-2014-7146,0.09796,0.94061
CVE-2014-7151,0.01055,0.50287
CVE-2014-7152,0.01055,0.50287
CVE-2014-7153,0.01216,0.65576
CVE-2014-7154,0.01282,0.67298
CVE-2014-7155,0.01282,0.67298
CVE-2014-7156,0.01547,0.74085
CVE-2014-7157,0.01213,0.6557
CVE-2014-7158,0.01213,0.6557
CVE-2014-7170,0.00885,0.26162
CVE-2014-7173,0.02055,0.7893
CVE-2014-7174,0.00885,0.26162
CVE-2014-7175,0.00885,0.26162
CVE-2014-7176,0.01406,0.71229
CVE-2014-7177,0.01315,0.67456
CVE-2014-7178,0.07584,0.92581
CVE-2014-7180,0.01034,0.39824
CVE-2014-7181,0.01213,0.6557
CVE-2014-7182,0.01213,0.6557
CVE-2014-7183,0.01213,0.6557
CVE-2014-7185,0.02686,0.82061
CVE-2014-7187,0.315,0.97474
CVE-2014-7188,0.02686,0.82061
CVE-2014-7189,0.01018,0.38792
CVE-2014-7190,0.07584,0.92581
CVE-2014-7191,0.02172,0.79917
CVE-2014-7192,0.12753,0.95373
CVE-2014-7193,0.01055,0.50287
CVE-2014-7194,0.01055,0.50287
CVE-2014-7195,0.01055,0.50287
CVE-2014-7198,0.00885,0.26162
CVE-2014-7199,0.01319,0.70416
CVE-2014-7200,0.01213,0.6557
CVE-2014-7201,0.01213,0.6557
CVE-2014-7202,0.01537,0.73595
CVE-2014-7203,0.01537,0.73595
CVE-2014-7204,0.01319,0.70416
CVE-2014-7206,0.01104,0.52279
CVE-2014-7207,0.01034,0.39824
CVE-2014-7208,0.01832,0.76196
CVE-2014-7209,0.01108,0.53389
CVE-2014-7216,0.04967,0.88981
CVE-2014-7217,0.01232,0.66248
CVE-2014-7221,0.01132,0.54372
CVE-2014-7222,0.01132,0.54372
CVE-2014-7224,0.02199,0.80273
CVE-2014-7226,0.12753,0.95373
CVE-2014-7228,0.83379,0.99578
CVE-2014-7229,0.00885,0.26162
CVE-2014-7230,0.01755,0.75287
CVE-2014-7231,0.0095,0.30554
CVE-2014-7232,0.01018,0.38792
CVE-2014-7233,0.01018,0.38792
CVE-2014-7235,0.1949,0.96202
CVE-2014-7237,0.58315,0.98794
CVE-2014-7238,0.00885,0.26162
CVE-2014-7240,0.01055,0.50287
CVE-2014-7241,0.01136,0.57949
CVE-2014-7242,0.00885,0.26162
CVE-2014-7243,0.01136,0.57949
CVE-2014-7246,0.01132,0.54372
CVE-2014-7247,0.06523,0.90962
CVE-2014-7248,0.01136,0.57949
CVE-2014-7249,0.06523,0.90962
CVE-2014-7250,0.01136,0.57949
CVE-2014-7251,0.0095,0.30554
CVE-2014-7252,0.01592,0.74578
CVE-2014-7253,0.0089,0.2856
CVE-2014-7254,0.00954,0.34522
CVE-2014-7255,0.01136,0.57949
CVE-2014-7256,0.01136,0.57949
CVE-2014-7257,0.00885,0.26162
CVE-2014-7258,0.01136,0.57949
CVE-2014-7259,0.00885,0.26162
CVE-2014-7260,0.01136,0.57949
CVE-2014-7261,0.01136,0.57949
CVE-2014-7262,0.01136,0.57949
CVE-2014-7263,0.01136,0.57949
CVE-2014-7264,0.01132,0.54372
CVE-2014-7265,0.01055,0.50287
CVE-2014-7266,0.01136,0.57949
CVE-2014-7267,0.01061,0.51015
CVE-2014-7268,0.01136,0.57949
CVE-2014-7269,0.01061,0.51015
CVE-2014-7270,0.01136,0.57949
CVE-2014-7271,0.01104,0.52279
CVE-2014-7272,0.0095,0.30554
CVE-2014-7273,0.01018,0.38792
CVE-2014-7274,0.01018,0.38792
CVE-2014-7275,0.01018,0.38792
CVE-2014-7277,0.01213,0.6557
CVE-2014-7278,0.01213,0.6557
CVE-2014-7279,0.08382,0.93597
CVE-2014-7280,0.02255,0.80558
CVE-2014-7281,0.07584,0.92581
CVE-2014-7283,0.01104,0.52279
CVE-2014-7284,0.01319,0.70416
CVE-2014-7285,0.71897,0.99167
CVE-2014-7286,0.01832,0.76196
CVE-2014-7287,0.01213,0.6557
CVE-2014-7288,0.08924,0.93691
CVE-2014-7289,0.01132,0.54372
CVE-2014-7290,0.01213,0.6557
CVE-2014-7291,0.01136,0.57949
CVE-2014-7292,0.01213,0.6557
CVE-2014-7293,0.01055,0.50287
CVE-2014-7294,0.01136,0.57949
CVE-2014-7295,0.01232,0.66248
CVE-2014-7296,0.01055,0.50287
CVE-2014-7297,0.00885,0.26162
CVE-2014-7298,0.0089,0.2856
CVE-2014-7299,0.01055,0.50287
CVE-2014-7300,0.0095,0.30554
CVE-2014-7301,0.00885,0.26162
CVE-2014-7302,0.00885,0.26162
CVE-2014-7303,0.00885,0.26162
CVE-2014-7307,0.00954,0.34522
CVE-2014-7309,0.00954,0.34522
CVE-2014-7310,0.00954,0.34522
CVE-2014-7313,0.00954,0.34522
CVE-2014-7314,0.00954,0.34522
CVE-2014-7315,0.00954,0.34522
CVE-2014-7316,0.00954,0.34522
CVE-2014-7317,0.00954,0.34522
CVE-2014-7320,0.00954,0.34522
CVE-2014-7321,0.00954,0.34522
CVE-2014-7323,0.00954,0.34522
CVE-2014-7325,0.00954,0.34522
CVE-2014-7326,0.00954,0.34522
CVE-2014-7327,0.00954,0.34522
CVE-2014-7328,0.00954,0.34522
CVE-2014-7329,0.00954,0.34522
CVE-2014-7330,0.00954,0.34522
CVE-2014-7331,0.00954,0.34522
CVE-2014-7333,0.00954,0.34522
CVE-2014-7334,0.00954,0.34522
CVE-2014-7335,0.00954,0.34522
CVE-2014-7336,0.00954,0.34522
CVE-2014-7337,0.00954,0.34522
CVE-2014-7338,0.00954,0.34522
CVE-2014-7339,0.00954,0.34522
CVE-2014-7340,0.00954,0.34522
CVE-2014-7341,0.00954,0.34522
CVE-2014-7342,0.00954,0.34522
CVE-2014-7344,0.00954,0.34522
CVE-2014-7345,0.00954,0.34522
CVE-2014-7346,0.00954,0.34522
CVE-2014-7348,0.00954,0.34522
CVE-2014-7351,0.00954,0.34522
CVE-2014-7352,0.00954,0.34522
CVE-2014-7353,0.00954,0.34522
CVE-2014-7354,0.00954,0.34522
CVE-2014-7357,0.00954,0.34522
CVE-2014-7358,0.00954,0.34522
CVE-2014-7359,0.00954,0.34522
CVE-2014-7360,0.00954,0.34522
CVE-2014-7361,0.00954,0.34522
CVE-2014-7362,0.00954,0.34522
CVE-2014-7364,0.00954,0.34522
CVE-2014-7366,0.00954,0.34522
CVE-2014-7367,0.00954,0.34522
CVE-2014-7368,0.00954,0.34522
CVE-2014-7369,0.00954,0.34522
CVE-2014-7370,0.00954,0.34522
CVE-2014-7371,0.00954,0.34522
CVE-2014-7372,0.00954,0.34522
CVE-2014-7373,0.00954,0.34522
CVE-2014-7374,0.00954,0.34522
CVE-2014-7375,0.00954,0.34522
CVE-2014-7376,0.00954,0.34522
CVE-2014-7378,0.00954,0.34522
CVE-2014-7379,0.00954,0.34522
CVE-2014-7380,0.00954,0.34522
CVE-2014-7382,0.00954,0.34522
CVE-2014-7384,0.00954,0.34522
CVE-2014-7385,0.00954,0.34522
CVE-2014-7387,0.00954,0.34522
CVE-2014-7388,0.00954,0.34522
CVE-2014-7389,0.00954,0.34522
CVE-2014-7390,0.00954,0.34522
CVE-2014-7391,0.00954,0.34522
CVE-2014-7392,0.00954,0.34522
CVE-2014-7393,0.00954,0.34522
CVE-2014-7394,0.00954,0.34522
CVE-2014-7395,0.00954,0.34522
CVE-2014-7396,0.00954,0.34522
CVE-2014-7397,0.00954,0.34522
CVE-2014-7398,0.00954,0.34522
CVE-2014-7399,0.00954,0.34522
CVE-2014-7402,0.00954,0.34522
CVE-2014-7403,0.00954,0.34522
CVE-2014-7405,0.00954,0.34522
CVE-2014-7406,0.00954,0.34522
CVE-2014-7407,0.00954,0.34522
CVE-2014-7408,0.00954,0.34522
CVE-2014-7409,0.00954,0.34522
CVE-2014-7410,0.00954,0.34522
CVE-2014-7413,0.00954,0.34522
CVE-2014-7414,0.00954,0.34522
CVE-2014-7415,0.00954,0.34522
CVE-2014-7416,0.00954,0.34522
CVE-2014-7417,0.00954,0.34522
CVE-2014-7418,0.00954,0.34522
CVE-2014-7419,0.00954,0.34522
CVE-2014-7420,0.00954,0.34522
CVE-2014-7421,0.00954,0.34522
CVE-2014-7422,0.00954,0.34522
CVE-2014-7423,0.00954,0.34522
CVE-2014-7424,0.00954,0.34522
CVE-2014-7425,0.00954,0.34522
CVE-2014-7427,0.00954,0.34522
CVE-2014-7428,0.00954,0.34522
CVE-2014-7430,0.00954,0.34522
CVE-2014-7431,0.00954,0.34522
CVE-2014-7432,0.00954,0.34522
CVE-2014-7433,0.00954,0.34522
CVE-2014-7434,0.00954,0.34522
CVE-2014-7435,0.00954,0.34522
CVE-2014-7436,0.00954,0.34522
CVE-2014-7437,0.00954,0.34522
CVE-2014-7439,0.00954,0.34522
CVE-2014-7441,0.00954,0.34522
CVE-2014-7443,0.00954,0.34522
CVE-2014-7444,0.00954,0.34522
CVE-2014-7445,0.00954,0.34522
CVE-2014-7446,0.00954,0.34522
CVE-2014-7447,0.00954,0.34522
CVE-2014-7448,0.00954,0.34522
CVE-2014-7449,0.00954,0.34522
CVE-2014-7450,0.00954,0.34522
CVE-2014-7452,0.00954,0.34522
CVE-2014-7454,0.00954,0.34522
CVE-2014-7455,0.00954,0.34522
CVE-2014-7456,0.00954,0.34522
CVE-2014-7457,0.00954,0.34522
CVE-2014-7458,0.00954,0.34522
CVE-2014-7459,0.00954,0.34522
CVE-2014-7460,0.00954,0.34522
CVE-2014-7461,0.00954,0.34522
CVE-2014-7462,0.00954,0.34522
CVE-2014-7463,0.00954,0.34522
CVE-2014-7464,0.00954,0.34522
CVE-2014-7465,0.00954,0.34522
CVE-2014-7466,0.00954,0.34522
CVE-2014-7467,0.00954,0.34522
CVE-2014-7468,0.00954,0.34522
CVE-2014-7469,0.00954,0.34522
CVE-2014-7470,0.00954,0.34522
CVE-2014-7471,0.00954,0.34522
CVE-2014-7472,0.00954,0.34522
CVE-2014-7475,0.00954,0.34522
CVE-2014-7476,0.00954,0.34522
CVE-2014-7478,0.00954,0.34522
CVE-2014-7481,0.00954,0.34522
CVE-2014-7483,0.00954,0.34522
CVE-2014-7484,0.00954,0.34522
CVE-2014-7485,0.00954,0.34522
CVE-2014-7486,0.00954,0.34522
CVE-2014-7487,0.00954,0.34522
CVE-2014-7488,0.00954,0.34522
CVE-2014-7490,0.00954,0.34522
CVE-2014-7491,0.00954,0.34522
CVE-2014-7492,0.00954,0.34522
CVE-2014-7493,0.00954,0.34522
CVE-2014-7494,0.00954,0.34522
CVE-2014-7495,0.00954,0.34522
CVE-2014-7497,0.00954,0.34522
CVE-2014-7498,0.00954,0.34522
CVE-2014-7499,0.00954,0.34522
CVE-2014-7501,0.00954,0.34522
CVE-2014-7502,0.00954,0.34522
CVE-2014-7505,0.00954,0.34522
CVE-2014-7506,0.00954,0.34522
CVE-2014-7507,0.00954,0.34522
CVE-2014-7508,0.00954,0.34522
CVE-2014-7509,0.00954,0.34522
CVE-2014-7510,0.00954,0.34522
CVE-2014-7513,0.00954,0.34522
CVE-2014-7515,0.00954,0.34522
CVE-2014-7516,0.00954,0.34522
CVE-2014-7517,0.00954,0.34522
CVE-2014-7518,0.00954,0.34522
CVE-2014-7519,0.00954,0.34522
CVE-2014-7520,0.00954,0.34522
CVE-2014-7521,0.00954,0.34522
CVE-2014-7522,0.00954,0.34522
CVE-2014-7523,0.00954,0.34522
CVE-2014-7524,0.00954,0.34522
CVE-2014-7525,0.00954,0.34522
CVE-2014-7526,0.00954,0.34522
CVE-2014-7527,0.00954,0.34522
CVE-2014-7528,0.00954,0.34522
CVE-2014-7529,0.00954,0.34522
CVE-2014-7530,0.00954,0.34522
CVE-2014-7532,0.00954,0.34522
CVE-2014-7533,0.00954,0.34522
CVE-2014-7534,0.00954,0.34522
CVE-2014-7535,0.00954,0.34522
CVE-2014-7536,0.00954,0.34522
CVE-2014-7538,0.00954,0.34522
CVE-2014-7539,0.00954,0.34522
CVE-2014-7542,0.00954,0.34522
CVE-2014-7543,0.00954,0.34522
CVE-2014-7544,0.00954,0.34522
CVE-2014-7546,0.00954,0.34522
CVE-2014-7547,0.00954,0.34522
CVE-2014-7550,0.00954,0.34522
CVE-2014-7551,0.00954,0.34522
CVE-2014-7552,0.00954,0.34522
CVE-2014-7553,0.00954,0.34522
CVE-2014-7554,0.00954,0.34522
CVE-2014-7555,0.00954,0.34522
CVE-2014-7557,0.00954,0.34522
CVE-2014-7558,0.00954,0.34522
CVE-2014-7559,0.00954,0.34522
CVE-2014-7560,0.00954,0.34522
CVE-2014-7562,0.00954,0.34522
CVE-2014-7563,0.00954,0.34522
CVE-2014-7564,0.00954,0.34522
CVE-2014-7565,0.00954,0.34522
CVE-2014-7566,0.00954,0.34522
CVE-2014-7567,0.00954,0.34522
CVE-2014-7568,0.00954,0.34522
CVE-2014-7569,0.00954,0.34522
CVE-2014-7570,0.00954,0.34522
CVE-2014-7571,0.00954,0.34522
CVE-2014-7572,0.00954,0.34522
CVE-2014-7573,0.00954,0.34522
CVE-2014-7575,0.00954,0.34522
CVE-2014-7576,0.00954,0.34522
CVE-2014-7577,0.00954,0.34522
CVE-2014-7578,0.00954,0.34522
CVE-2014-7580,0.00954,0.34522
CVE-2014-7581,0.00954,0.34522
CVE-2014-7582,0.00954,0.34522
CVE-2014-7584,0.00954,0.34522
CVE-2014-7585,0.00954,0.34522
CVE-2014-7587,0.00954,0.34522
CVE-2014-7589,0.00954,0.34522
CVE-2014-7590,0.00954,0.34522
CVE-2014-7591,0.00954,0.34522
CVE-2014-7592,0.00954,0.34522
CVE-2014-7593,0.00954,0.34522
CVE-2014-7595,0.00954,0.34522
CVE-2014-7596,0.00954,0.34522
CVE-2014-7597,0.00954,0.34522
CVE-2014-7598,0.00954,0.34522
CVE-2014-7602,0.00954,0.34522
CVE-2014-7603,0.00954,0.34522
CVE-2014-7604,0.00954,0.34522
CVE-2014-7605,0.00954,0.34522
CVE-2014-7606,0.00954,0.34522
CVE-2014-7607,0.00954,0.34522
CVE-2014-7608,0.00954,0.34522
CVE-2014-7609,0.00954,0.34522
CVE-2014-7610,0.00954,0.34522
CVE-2014-7611,0.00954,0.34522
CVE-2014-7612,0.00954,0.34522
CVE-2014-7613,0.00954,0.34522
CVE-2014-7614,0.00954,0.34522
CVE-2014-7616,0.00954,0.34522
CVE-2014-7617,0.00954,0.34522
CVE-2014-7618,0.00954,0.34522
CVE-2014-7620,0.00954,0.34522
CVE-2014-7621,0.00954,0.34522
CVE-2014-7622,0.00954,0.34522
CVE-2014-7624,0.00954,0.34522
CVE-2014-7626,0.00954,0.34522
CVE-2014-7628,0.00954,0.34522
CVE-2014-7629,0.00954,0.34522
CVE-2014-7630,0.00954,0.34522
CVE-2014-7631,0.00954,0.34522
CVE-2014-7632,0.00954,0.34522
CVE-2014-7633,0.00954,0.34522
CVE-2014-7634,0.00954,0.34522
CVE-2014-7636,0.00954,0.34522
CVE-2014-7638,0.00954,0.34522
CVE-2014-7640,0.00954,0.34522
CVE-2014-7642,0.00954,0.34522
CVE-2014-7643,0.00954,0.34522
CVE-2014-7644,0.00954,0.34522
CVE-2014-7646,0.00954,0.34522
CVE-2014-7647,0.00954,0.34522
CVE-2014-7648,0.00954,0.34522
CVE-2014-7649,0.00954,0.34522
CVE-2014-7650,0.00954,0.34522
CVE-2014-7652,0.00954,0.34522
CVE-2014-7655,0.00954,0.34522
CVE-2014-7656,0.00954,0.34522
CVE-2014-7659,0.00954,0.34522
CVE-2014-7660,0.00954,0.34522
CVE-2014-7661,0.00954,0.34522
CVE-2014-7663,0.00954,0.34522
CVE-2014-7664,0.00954,0.34522
CVE-2014-7666,0.00954,0.34522
CVE-2014-7667,0.00954,0.34522
CVE-2014-7668,0.00954,0.34522
CVE-2014-7670,0.00954,0.34522
CVE-2014-7671,0.00954,0.34522
CVE-2014-7674,0.00954,0.34522
CVE-2014-7676,0.00954,0.34522
CVE-2014-7677,0.00954,0.34522
CVE-2014-7681,0.00954,0.34522
CVE-2014-7682,0.00954,0.34522
CVE-2014-7683,0.00954,0.34522
CVE-2014-7685,0.00954,0.34522
CVE-2014-7686,0.00954,0.34522
CVE-2014-7688,0.00954,0.34522
CVE-2014-7689,0.00954,0.34522
CVE-2014-7690,0.00954,0.34522
CVE-2014-7691,0.00954,0.34522
CVE-2014-7692,0.00954,0.34522
CVE-2014-7693,0.00954,0.34522
CVE-2014-7694,0.00954,0.34522
CVE-2014-7695,0.00954,0.34522
CVE-2014-7696,0.00954,0.34522
CVE-2014-7697,0.00954,0.34522
CVE-2014-7698,0.00954,0.34522
CVE-2014-7700,0.00954,0.34522
CVE-2014-7701,0.00954,0.34522
CVE-2014-7702,0.00954,0.34522
CVE-2014-7703,0.00954,0.34522
CVE-2014-7705,0.00954,0.34522
CVE-2014-7707,0.00954,0.34522
CVE-2014-7708,0.00954,0.34522
CVE-2014-7710,0.00954,0.34522
CVE-2014-7712,0.00954,0.34522
CVE-2014-7713,0.00954,0.34522
CVE-2014-7714,0.00954,0.34522
CVE-2014-7715,0.00954,0.34522
CVE-2014-7716,0.00954,0.34522
CVE-2014-7717,0.00954,0.34522
CVE-2014-7718,0.00954,0.34522
CVE-2014-7719,0.00954,0.34522
CVE-2014-7720,0.00954,0.34522
CVE-2014-7721,0.00954,0.34522
CVE-2014-7722,0.00954,0.34522
CVE-2014-7723,0.00954,0.34522
CVE-2014-7724,0.00954,0.34522
CVE-2014-7725,0.00954,0.34522
CVE-2014-7726,0.00954,0.34522
CVE-2014-7727,0.00954,0.34522
CVE-2014-7728,0.00954,0.34522
CVE-2014-7731,0.00954,0.34522
CVE-2014-7733,0.00954,0.34522
CVE-2014-7734,0.00954,0.34522
CVE-2014-7735,0.00954,0.34522
CVE-2014-7737,0.00954,0.34522
CVE-2014-7739,0.00954,0.34522
CVE-2014-7740,0.00954,0.34522
CVE-2014-7741,0.00954,0.34522
CVE-2014-7742,0.00954,0.34522
CVE-2014-7743,0.00954,0.34522
CVE-2014-7744,0.00954,0.34522
CVE-2014-7745,0.00954,0.34522
CVE-2014-7746,0.00954,0.34522
CVE-2014-7748,0.00954,0.34522
CVE-2014-7749,0.00954,0.34522
CVE-2014-7750,0.00954,0.34522
CVE-2014-7751,0.00954,0.34522
CVE-2014-7752,0.00954,0.34522
CVE-2014-7753,0.00954,0.34522
CVE-2014-7754,0.00954,0.34522
CVE-2014-7755,0.00954,0.34522
CVE-2014-7756,0.00954,0.34522
CVE-2014-7757,0.00954,0.34522
CVE-2014-7758,0.00954,0.34522
CVE-2014-7759,0.00954,0.34522
CVE-2014-7760,0.00954,0.34522
CVE-2014-7761,0.00954,0.34522
CVE-2014-7762,0.00954,0.34522
CVE-2014-7763,0.00954,0.34522
CVE-2014-7764,0.00954,0.34522
CVE-2014-7765,0.00954,0.34522
CVE-2014-7766,0.00954,0.34522
CVE-2014-7767,0.00954,0.34522
CVE-2014-7768,0.00954,0.34522
CVE-2014-7769,0.00954,0.34522
CVE-2014-7770,0.00954,0.34522
CVE-2014-7771,0.00954,0.34522
CVE-2014-7772,0.00954,0.34522
CVE-2014-7773,0.00954,0.34522
CVE-2014-7774,0.00954,0.34522
CVE-2014-7775,0.00954,0.34522
CVE-2014-7776,0.00954,0.34522
CVE-2014-7777,0.00954,0.34522
CVE-2014-7778,0.00954,0.34522
CVE-2014-7779,0.00954,0.34522
CVE-2014-7780,0.00954,0.34522
CVE-2014-7781,0.00954,0.34522
CVE-2014-7782,0.00954,0.34522
CVE-2014-7783,0.00954,0.34522
CVE-2014-7784,0.00954,0.34522
CVE-2014-7785,0.00954,0.34522
CVE-2014-7786,0.00954,0.34522
CVE-2014-7787,0.00954,0.34522
CVE-2014-7788,0.00954,0.34522
CVE-2014-7789,0.00954,0.34522
CVE-2014-7791,0.00954,0.34522
CVE-2014-7793,0.00954,0.34522
CVE-2014-7794,0.00954,0.34522
CVE-2014-7795,0.00954,0.34522
CVE-2014-7796,0.00954,0.34522
CVE-2014-7797,0.00954,0.34522
CVE-2014-7798,0.00954,0.34522
CVE-2014-7799,0.00954,0.34522
CVE-2014-7800,0.00954,0.34522
CVE-2014-7802,0.00954,0.34522
CVE-2014-7803,0.00954,0.34522
CVE-2014-7804,0.00954,0.34522
CVE-2014-7807,0.01055,0.50287
CVE-2014-7808,0.00885,0.26162
CVE-2014-7809,0.06231,0.90313
CVE-2014-7810,0.05242,0.89216
CVE-2014-7811,0.01061,0.51015
CVE-2014-7812,0.01061,0.51015
CVE-2014-7813,0.01055,0.50287
CVE-2014-7814,0.01055,0.50287
CVE-2014-7815,0.02172,0.79917
CVE-2014-7816,0.34958,0.97699
CVE-2014-7817,0.01547,0.74085
CVE-2014-7819,0.01319,0.70416
CVE-2014-7821,0.01649,0.75017
CVE-2014-7822,0.03534,0.84129
CVE-2014-7823,0.01183,0.60428
CVE-2014-7824,0.01282,0.67298
CVE-2014-7825,0.01282,0.67298
CVE-2014-7826,0.01282,0.67298
CVE-2014-7827,0.01315,0.67456
CVE-2014-7828,0.01315,0.67456
CVE-2014-7830,0.01132,0.54372
CVE-2014-7831,0.01132,0.54372
CVE-2014-7832,0.01132,0.54372
CVE-2014-7833,0.01132,0.54372
CVE-2014-7834,0.01132,0.54372
CVE-2014-7835,0.01132,0.54372
CVE-2014-7836,0.01213,0.6557
CVE-2014-7837,0.01132,0.54372
CVE-2014-7838,0.01213,0.6557
CVE-2014-7839,0.01319,0.70416
CVE-2014-7840,0.07777,0.92953
CVE-2014-7841,0.04358,0.87435
CVE-2014-7842,0.01547,0.74085
CVE-2014-7843,0.01034,0.39824
CVE-2014-7844,0.01132,0.54372
CVE-2014-7845,0.01213,0.6557
CVE-2014-7846,0.01132,0.54372
CVE-2014-7847,0.01213,0.6557
CVE-2014-7848,0.01213,0.6557
CVE-2014-7849,0.01315,0.67456
CVE-2014-7850,0.01136,0.57949
CVE-2014-7851,0.01055,0.50287
CVE-2014-7852,0.01055,0.50287
CVE-2014-7853,0.01232,0.66248
CVE-2014-7857,0.01213,0.6557
CVE-2014-7858,0.01213,0.6557
CVE-2014-7859,0.05785,0.89924
CVE-2014-7860,0.01213,0.6557
CVE-2014-7861,0.04587,0.88394
CVE-2014-7862,0.85322,0.99658
CVE-2014-7863,0.85868,0.99673
CVE-2014-7864,0.02183,0.8003
CVE-2014-7866,0.02008,0.78471
CVE-2014-7867,0.01055,0.50287
CVE-2014-7868,0.02183,0.8003
CVE-2014-7869,0.01132,0.54372
CVE-2014-7870,0.01132,0.54372
CVE-2014-7871,0.01132,0.54372
CVE-2014-7872,0.01832,0.76196
CVE-2014-7874,0.01213,0.6557
CVE-2014-7875,0.01319,0.70416
CVE-2014-7876,0.14677,0.95652
CVE-2014-7877,0.01034,0.39824
CVE-2014-7878,0.25143,0.96828
CVE-2014-7879,0.06133,0.90187
CVE-2014-7880,0.01136,0.57949
CVE-2014-7881,0.01136,0.57949
CVE-2014-7882,0.01232,0.66248
CVE-2014-7883,0.07584,0.92581
CVE-2014-7884,0.07306,0.92115
CVE-2014-7885,0.01018,0.38792
CVE-2014-7888,0.25143,0.96828
CVE-2014-7889,0.25143,0.96828
CVE-2014-7890,0.25143,0.96828
CVE-2014-7891,0.25143,0.96828
CVE-2014-7892,0.25143,0.96828
CVE-2014-7893,0.25143,0.96828
CVE-2014-7894,0.25143,0.96828
CVE-2014-7895,0.25143,0.96828
CVE-2014-7896,0.01136,0.57949
CVE-2014-7897,0.25143,0.96828
CVE-2014-7898,0.25143,0.96828
CVE-2014-7899,0.01408,0.72072
CVE-2014-7900,0.01319,0.70416
CVE-2014-7901,0.01319,0.70416
CVE-2014-7902,0.01213,0.6557
CVE-2014-7903,0.01319,0.70416
CVE-2014-7904,0.01408,0.72072
CVE-2014-7905,0.01213,0.6557
CVE-2014-7906,0.01408,0.72072
CVE-2014-7907,0.01974,0.7812
CVE-2014-7908,0.01974,0.7812
CVE-2014-7909,0.01974,0.7812
CVE-2014-7910,0.02686,0.82061
CVE-2014-7912,0.02791,0.82239
CVE-2014-7913,0.04285,0.86889
CVE-2014-7914,0.01055,0.50287
CVE-2014-7915,0.00885,0.26162
CVE-2014-7916,0.00885,0.26162
CVE-2014-7917,0.00885,0.26162
CVE-2014-7919,0.01018,0.38792
CVE-2014-7922,0.00885,0.26162
CVE-2014-7923,0.04358,0.87435
CVE-2014-7924,0.02172,0.79917
CVE-2014-7925,0.03779,0.84781
CVE-2014-7926,0.04358,0.87435
CVE-2014-7927,0.02172,0.79917
CVE-2014-7928,0.02172,0.79917
CVE-2014-7929,0.02172,0.79917
CVE-2014-7930,0.02172,0.79917
CVE-2014-7931,0.02172,0.79917
CVE-2014-7932,0.02172,0.79917
CVE-2014-7933,0.02172,0.79917
CVE-2014-7934,0.03779,0.84781
CVE-2014-7935,0.02172,0.79917
CVE-2014-7936,0.01955,0.77585
CVE-2014-7937,0.03407,0.83908
CVE-2014-7938,0.02172,0.79917
CVE-2014-7939,0.01776,0.75902
CVE-2014-7940,0.03779,0.84781
CVE-2014-7941,0.02172,0.79917
CVE-2014-7942,0.02172,0.79917
CVE-2014-7943,0.02172,0.79917
CVE-2014-7944,0.01955,0.77585
CVE-2014-7945,0.01955,0.77585
CVE-2014-7946,0.02172,0.79917
CVE-2014-7947,0.01955,0.77585
CVE-2014-7948,0.02686,0.82061
CVE-2014-7952,0.01505,0.72763
CVE-2014-7954,0.01018,0.38792
CVE-2014-7956,0.01213,0.6557
CVE-2014-7957,0.01213,0.6557
CVE-2014-7958,0.01213,0.6557
CVE-2014-7959,0.01132,0.54372
CVE-2014-7960,0.01815,0.76117
CVE-2014-7967,0.00885,0.26162
CVE-2014-7968,0.01213,0.6557
CVE-2014-7970,0.01547,0.74085
CVE-2014-7975,0.01547,0.74085
CVE-2014-7978,0.01132,0.54372
CVE-2014-7979,0.01132,0.54372
CVE-2014-7980,0.01132,0.54372
CVE-2014-7981,0.01055,0.50287
CVE-2014-7982,0.01055,0.50287
CVE-2014-7983,0.01055,0.50287
CVE-2014-7984,0.01055,0.50287
CVE-2014-7985,0.01213,0.6557
CVE-2014-7986,0.01213,0.6557
CVE-2014-7987,0.01213,0.6557
CVE-2014-7988,0.01132,0.54372
CVE-2014-7989,0.0095,0.30554
CVE-2014-7990,0.0095,0.30554
CVE-2014-7991,0.01108,0.53389
CVE-2014-7992,0.34958,0.97699
CVE-2014-7993,0.01055,0.50287
CVE-2014-7994,0.01055,0.50287
CVE-2014-7995,0.00885,0.26162
CVE-2014-7996,0.01213,0.6557
CVE-2014-7997,0.01136,0.57949
CVE-2014-7998,0.01136,0.57949
CVE-2014-7999,0.01055,0.50287
CVE-2014-8000,0.01319,0.70416
CVE-2014-8001,0.05822,0.89998
CVE-2014-8002,0.05822,0.89998
CVE-2014-8003,0.00885,0.26162
CVE-2014-8004,0.01136,0.57949
CVE-2014-8005,0.01213,0.6557
CVE-2014-8006,0.01055,0.50287
CVE-2014-8007,0.01055,0.50287
CVE-2014-8008,0.01132,0.54372
CVE-2014-8009,0.01055,0.50287
CVE-2014-8010,0.01055,0.50287
CVE-2014-8012,0.01055,0.50287
CVE-2014-8013,0.0089,0.2856
CVE-2014-8014,0.01055,0.50287
CVE-2014-8015,0.01055,0.50287
CVE-2014-8016,0.01055,0.50287
CVE-2014-8017,0.01136,0.57949
CVE-2014-8018,0.01136,0.57949
CVE-2014-8019,0.01055,0.50287
CVE-2014-8020,0.01213,0.6557
CVE-2014-8021,0.01213,0.6557
CVE-2014-8022,0.01213,0.6557
CVE-2014-8023,0.01132,0.54372
CVE-2014-8024,0.01213,0.6557
CVE-2014-8025,0.01213,0.6557
CVE-2014-8026,0.01213,0.6557
CVE-2014-8027,0.01132,0.54372
CVE-2014-8028,0.01213,0.6557
CVE-2014-8029,0.01213,0.6557
CVE-2014-8030,0.01213,0.6557
CVE-2014-8031,0.01213,0.6557
CVE-2014-8032,0.01132,0.54372
CVE-2014-8033,0.01213,0.6557
CVE-2014-8034,0.01213,0.6557
CVE-2014-8035,0.01136,0.57949
CVE-2014-8036,0.01213,0.6557
CVE-2014-8068,0.01213,0.6557
CVE-2014-8069,0.01055,0.50287
CVE-2014-8070,0.01055,0.50287
CVE-2014-8071,0.01136,0.57949
CVE-2014-8072,0.01061,0.51015
CVE-2014-8073,0.01136,0.57949
CVE-2014-8074,0.05215,0.89149
CVE-2014-8075,0.01132,0.54372
CVE-2014-8076,0.01132,0.54372
CVE-2014-8077,0.01232,0.66248
CVE-2014-8078,0.01232,0.66248
CVE-2014-8079,0.01232,0.66248
CVE-2014-8080,0.04358,0.87435
CVE-2014-8081,0.01319,0.70416
CVE-2014-8082,0.01408,0.72072
CVE-2014-8083,0.01319,0.70416
CVE-2014-8084,0.01319,0.70416
CVE-2014-8085,0.01319,0.70416
CVE-2014-8086,0.01282,0.67298
CVE-2014-8087,0.01136,0.57949
CVE-2014-8088,0.01319,0.70416
CVE-2014-8089,0.01213,0.6557
CVE-2014-8090,0.04358,0.87435
CVE-2014-8091,0.01955,0.77585
CVE-2014-8092,0.06248,0.90327
CVE-2014-8093,0.06248,0.90327
CVE-2014-8094,0.06248,0.90327
CVE-2014-8095,0.06248,0.90327
CVE-2014-8096,0.06248,0.90327
CVE-2014-8097,0.06248,0.90327
CVE-2014-8098,0.06248,0.90327
CVE-2014-8099,0.06248,0.90327
CVE-2014-8100,0.06248,0.90327
CVE-2014-8101,0.06248,0.90327
CVE-2014-8102,0.06248,0.90327
CVE-2014-8103,0.03941,0.85207
CVE-2014-8104,0.01232,0.66248
CVE-2014-8105,0.01213,0.6557
CVE-2014-8106,0.02172,0.79379
CVE-2014-8108,0.02072,0.79023
CVE-2014-8109,0.07344,0.92237
CVE-2014-8111,0.06394,0.90534
CVE-2014-8112,0.01132,0.54372
CVE-2014-8114,0.06309,0.90494
CVE-2014-8115,0.01061,0.51015
CVE-2014-8116,0.03779,0.84781
CVE-2014-8117,0.03779,0.84781
CVE-2014-8118,0.07777,0.92953
CVE-2014-8119,0.01108,0.53389
CVE-2014-8120,0.00885,0.26162
CVE-2014-8121,0.02172,0.79917
CVE-2014-8122,0.03779,0.84781
CVE-2014-8123,0.01136,0.57949
CVE-2014-8124,0.01408,0.72072
CVE-2014-8125,0.01213,0.6557
CVE-2014-8126,0.04571,0.88388
CVE-2014-8127,0.03407,0.83908
CVE-2014-8128,0.01319,0.70416
CVE-2014-8129,0.03407,0.83908
CVE-2014-8130,0.03407,0.83908
CVE-2014-8131,0.01055,0.50287
CVE-2014-8132,0.02172,0.79917
CVE-2014-8133,0.01547,0.74085
CVE-2014-8134,0.02686,0.82061
CVE-2014-8135,0.0095,0.30554
CVE-2014-8136,0.01282,0.67298
CVE-2014-8137,0.06604,0.91138
CVE-2014-8138,0.08228,0.93218
CVE-2014-8139,0.04836,0.88802
CVE-2014-8140,0.04836,0.88802
CVE-2014-8141,0.04836,0.88802
CVE-2014-8142,0.12248,0.95092
CVE-2014-8143,0.01815,0.76117
CVE-2014-8144,0.01136,0.57949
CVE-2014-8145,0.01974,0.7812
CVE-2014-8146,0.05689,0.89815
CVE-2014-8147,0.05689,0.89815
CVE-2014-8148,0.01592,0.74578
CVE-2014-8149,0.01132,0.54372
CVE-2014-8150,0.04358,0.87435
CVE-2014-8151,0.01108,0.53389
CVE-2014-8152,0.02072,0.79023
CVE-2014-8153,0.01132,0.54372
CVE-2014-8154,0.02791,0.82239
CVE-2014-8155,0.01018,0.38792
CVE-2014-8156,0.01404,0.71155
CVE-2014-8157,0.08228,0.93218
CVE-2014-8158,0.06604,0.91138
CVE-2014-8159,0.01547,0.74085
CVE-2014-8160,0.04358,0.87435
CVE-2014-8161,0.01232,0.66248
CVE-2014-8162,0.01136,0.57949
CVE-2014-8163,0.00885,0.26162
CVE-2014-8164,0.00885,0.26162
CVE-2014-8165,0.07777,0.92953
CVE-2014-8166,0.04836,0.88802
CVE-2014-8167,0.00885,0.26162
CVE-2014-8168,0.00885,0.26162
CVE-2014-8169,0.01034,0.39824
CVE-2014-8170,0.01055,0.50287
CVE-2014-8171,0.01034,0.39824
CVE-2014-8172,0.01034,0.39824
CVE-2014-8173,0.01034,0.39824
CVE-2014-8174,0.02166,0.79253
CVE-2014-8175,0.01055,0.50287
CVE-2014-8176,0.0472,0.88691
CVE-2014-8177,0.01132,0.54372
CVE-2014-8178,0.01018,0.38792
CVE-2014-8179,0.01108,0.53389
CVE-2014-8180,0.00885,0.26162
CVE-2014-8181,0.00885,0.26162
CVE-2014-8182,0.01018,0.38792
CVE-2014-8183,0.00885,0.26162
CVE-2014-8184,0.0144,0.7265
CVE-2014-8240,0.03275,0.83521
CVE-2014-8241,0.01108,0.53389
CVE-2014-8242,0.02172,0.79917
CVE-2014-8243,0.01055,0.50287
CVE-2014-8244,0.01055,0.50287
CVE-2014-8246,0.01213,0.6557
CVE-2014-8247,0.01213,0.6557
CVE-2014-8248,0.01132,0.54372
CVE-2014-8266,0.01055,0.50287
CVE-2014-8267,0.01055,0.50287
CVE-2014-8268,0.01055,0.50287
CVE-2014-8269,0.06523,0.90962
CVE-2014-8270,0.52299,0.98668
CVE-2014-8271,0.00885,0.26162
CVE-2014-8272,0.07584,0.92581
CVE-2014-8275,0.07559,0.92528
CVE-2014-8293,0.01055,0.50287
CVE-2014-8294,0.01055,0.50287
CVE-2014-8295,0.01216,0.65576
CVE-2014-8296,0.01213,0.6557
CVE-2014-8298,0.0556,0.89553
CVE-2014-8301,0.01055,0.50287
CVE-2014-8302,0.01055,0.50287
CVE-2014-8303,0.01055,0.50287
CVE-2014-8304,0.01055,0.50287
CVE-2014-8305,0.01055,0.50287
CVE-2014-8306,0.01055,0.50287
CVE-2014-8307,0.01055,0.50287
CVE-2014-8308,0.01408,0.72072
CVE-2014-8309,0.01319,0.70416
CVE-2014-8310,0.01408,0.72072
CVE-2014-8311,0.01232,0.66248
CVE-2014-8312,0.01649,0.75017
CVE-2014-8313,0.01315,0.67456
CVE-2014-8314,0.01408,0.72072
CVE-2014-8315,0.01319,0.70416
CVE-2014-8316,0.01408,0.72072
CVE-2014-8317,0.01232,0.66248
CVE-2014-8318,0.01315,0.67456
CVE-2014-8319,0.01232,0.66248
CVE-2014-8320,0.01232,0.66248
CVE-2014-8321,0.01365,0.70715
CVE-2014-8322,0.18609,0.9615
CVE-2014-8323,0.02172,0.79917
CVE-2014-8324,0.01974,0.7812
CVE-2014-8325,0.01213,0.6557
CVE-2014-8326,0.01132,0.54372
CVE-2014-8327,0.01061,0.51015
CVE-2014-8328,0.01136,0.57949
CVE-2014-8329,0.01055,0.50287
CVE-2014-8330,0.01055,0.50287
CVE-2014-8331,0.01136,0.57949
CVE-2014-8333,0.01132,0.54372
CVE-2014-8334,0.01815,0.76117
CVE-2014-8335,0.01034,0.39824
CVE-2014-8336,0.01132,0.54372
CVE-2014-8337,0.02432,0.8082
CVE-2014-8338,0.01055,0.50287
CVE-2014-8339,0.01213,0.6557
CVE-2014-8340,0.01055,0.50287
CVE-2014-8346,0.01055,0.50287
CVE-2014-8347,0.02189,0.80123
CVE-2014-8349,0.01061,0.51015
CVE-2014-8350,0.01408,0.72072
CVE-2014-8351,0.01018,0.38792
CVE-2014-8352,0.01018,0.38792
CVE-2014-8354,0.01213,0.6557
CVE-2014-8355,0.01213,0.6557
CVE-2014-8356,0.01061,0.51015
CVE-2014-8357,0.01132,0.54372
CVE-2014-8358,0.01136,0.57949
CVE-2014-8359,0.01592,0.74578
CVE-2014-8360,0.01213,0.6557
CVE-2014-8361,0.85739,0.99669
CVE-2014-8362,0.01055,0.50287
CVE-2014-8363,0.01055,0.50287
CVE-2014-8364,0.01055,0.50287
CVE-2014-8365,0.01055,0.50287
CVE-2014-8366,0.01136,0.57949
CVE-2014-8367,0.01136,0.57949
CVE-2014-8368,0.01061,0.51015
CVE-2014-8369,0.01547,0.74085
CVE-2014-8370,0.01537,0.73595
CVE-2014-8371,0.00954,0.34522
CVE-2014-8372,0.01055,0.50287
CVE-2014-8373,0.01232,0.66248
CVE-2014-8375,0.01216,0.65576
CVE-2014-8376,0.01132,0.54372
CVE-2014-8377,0.01055,0.50287
CVE-2014-8378,0.01132,0.54372
CVE-2014-8379,0.01132,0.54372
CVE-2014-8380,0.01953,0.77242
CVE-2014-8381,0.01213,0.6557
CVE-2014-8383,0.01136,0.57949
CVE-2014-8384,0.01136,0.57949
CVE-2014-8385,0.04611,0.88458
CVE-2014-8386,0.12131,0.94983
CVE-2014-8387,0.07306,0.92115
CVE-2014-8388,0.03977,0.85263
CVE-2014-8389,0.01213,0.6557
CVE-2014-8390,0.0095,0.30554
CVE-2014-8391,0.01132,0.54372
CVE-2014-8393,0.01034,0.39824
CVE-2014-8394,0.5974,0.9883
CVE-2014-8395,0.5974,0.9883
CVE-2014-8396,0.5974,0.9883
CVE-2014-8397,0.5974,0.9883
CVE-2014-8398,0.5974,0.9883
CVE-2014-8399,0.00885,0.26162
CVE-2014-8412,0.01055,0.50287
CVE-2014-8413,0.01055,0.50287
CVE-2014-8414,0.01055,0.50287
CVE-2014-8415,0.01055,0.50287
CVE-2014-8416,0.01055,0.50287
CVE-2014-8417,0.01055,0.50287
CVE-2014-8418,0.01055,0.50287
CVE-2014-8419,0.00885,0.26162
CVE-2014-8420,0.05302,0.89375
CVE-2014-8421,0.01055,0.50287
CVE-2014-8422,0.01055,0.50287
CVE-2014-8423,0.01055,0.50287
CVE-2014-8424,0.01055,0.50287
CVE-2014-8425,0.01055,0.50287
CVE-2014-8426,0.00885,0.26162
CVE-2014-8428,0.00885,0.26162
CVE-2014-8429,0.07584,0.92581
CVE-2014-8437,0.01213,0.6557
CVE-2014-8438,0.03601,0.84249
CVE-2014-8439,0.0443,0.87699
CVE-2014-8440,0.95679,0.99981
CVE-2014-8441,0.03444,0.84021
CVE-2014-8442,0.01202,0.60495
CVE-2014-8443,0.12329,0.95118
CVE-2014-8445,0.17304,0.96039
CVE-2014-8446,0.17304,0.96039
CVE-2014-8447,0.17304,0.96039
CVE-2014-8448,0.05345,0.89414
CVE-2014-8449,0.17214,0.96029
CVE-2014-8450,0.01126,0.53553
CVE-2014-8451,0.05345,0.89414
CVE-2014-8452,0.18147,0.96089
CVE-2014-8453,0.18147,0.96089
CVE-2014-8454,0.51364,0.98647
CVE-2014-8455,0.51364,0.98647
CVE-2014-8456,0.17304,0.96039
CVE-2014-8457,0.17214,0.96029
CVE-2014-8458,0.17304,0.96039
CVE-2014-8459,0.17304,0.96039
CVE-2014-8460,0.17214,0.96029
CVE-2014-8461,0.17304,0.96039
CVE-2014-8469,0.01953,0.77242
CVE-2014-8471,0.01213,0.6557
CVE-2014-8472,0.01213,0.6557
CVE-2014-8473,0.01213,0.6557
CVE-2014-8474,0.01213,0.6557
CVE-2014-8475,0.01319,0.70416
CVE-2014-8476,0.0095,0.30554
CVE-2014-8478,0.01055,0.50287
CVE-2014-8479,0.01055,0.50287
CVE-2014-8480,0.01034,0.39824
CVE-2014-8481,0.01034,0.39824
CVE-2014-8483,0.02172,0.79917
CVE-2014-8484,0.03779,0.84781
CVE-2014-8485,0.08228,0.93218
CVE-2014-8487,0.01055,0.50287
CVE-2014-8488,0.01213,0.6557
CVE-2014-8489,0.01136,0.57949
CVE-2014-8490,0.01055,0.50287
CVE-2014-8491,0.01055,0.50287
CVE-2014-8492,0.01055,0.50287
CVE-2014-8493,0.09257,0.93938
CVE-2014-8494,0.0089,0.2856
CVE-2014-8495,0.01018,0.38792
CVE-2014-8496,0.01055,0.50287
CVE-2014-8498,0.01106,0.5228
CVE-2014-8499,0.23384,0.96548
CVE-2014-8500,0.26383,0.96972
CVE-2014-8501,0.03779,0.84781
CVE-2014-8502,0.03779,0.84781
CVE-2014-8503,0.03779,0.84781
CVE-2014-8504,0.03779,0.84781
CVE-2014-8505,0.01055,0.50287
CVE-2014-8506,0.01055,0.50287
CVE-2014-8507,0.01564,0.74439
CVE-2014-8508,0.01055,0.50287
CVE-2014-8509,0.06523,0.90962
CVE-2014-8510,0.01055,0.50287
CVE-2014-8511,0.05822,0.89998
CVE-2014-8512,0.05822,0.89998
CVE-2014-8513,0.05822,0.89998
CVE-2014-8514,0.06523,0.90962
CVE-2014-8515,0.01055,0.50287
CVE-2014-8516,0.83379,0.99578
CVE-2014-8517,0.86094,0.99687
CVE-2014-8518,0.00885,0.26162
CVE-2014-8519,0.00885,0.26162
CVE-2014-8520,0.01136,0.57949
CVE-2014-8521,0.01055,0.50287
CVE-2014-8522,0.01055,0.50287
CVE-2014-8523,0.01055,0.50287
CVE-2014-8524,0.01055,0.50287
CVE-2014-8525,0.01136,0.57949
CVE-2014-8526,0.00885,0.26162
CVE-2014-8527,0.00885,0.26162
CVE-2014-8528,0.00885,0.26162
CVE-2014-8529,0.00885,0.26162
CVE-2014-8530,0.01055,0.50287
CVE-2014-8531,0.05302,0.89375
CVE-2014-8532,0.00885,0.26162
CVE-2014-8533,0.04611,0.88458
CVE-2014-8534,0.00885,0.26162
CVE-2014-8535,0.00885,0.26162
CVE-2014-8536,0.0089,0.2856
CVE-2014-8537,0.0089,0.2856
CVE-2014-8538,0.00954,0.34522
CVE-2014-8539,0.01213,0.6557
CVE-2014-8540,0.01132,0.54372
CVE-2014-8541,0.01213,0.6557
CVE-2014-8542,0.01213,0.6557
CVE-2014-8543,0.01213,0.6557
CVE-2014-8544,0.01213,0.6557
CVE-2014-8545,0.01136,0.57949
CVE-2014-8546,0.01136,0.57949
CVE-2014-8547,0.01213,0.6557
CVE-2014-8548,0.01213,0.6557
CVE-2014-8549,0.01136,0.57949
CVE-2014-8551,0.04611,0.88458
CVE-2014-8552,0.01055,0.50287
CVE-2014-8553,0.01408,0.72072
CVE-2014-8554,0.01408,0.72072
CVE-2014-8555,0.07584,0.92581
CVE-2014-8557,0.01213,0.6557
CVE-2014-8558,0.01055,0.50287
CVE-2014-8559,0.01547,0.74085
CVE-2014-8561,0.01018,0.38792
CVE-2014-8562,0.01213,0.6557
CVE-2014-8563,0.02055,0.7893
CVE-2014-8564,0.01319,0.70416
CVE-2014-8566,0.01319,0.70416
CVE-2014-8567,0.01319,0.70416
CVE-2014-8570,0.00885,0.26162
CVE-2014-8571,0.00885,0.26162
CVE-2014-8572,0.01055,0.50287
CVE-2014-8577,0.03764,0.84396
CVE-2014-8578,0.0089,0.2856
CVE-2014-8579,0.01055,0.50287
CVE-2014-8580,0.01132,0.54372
CVE-2014-8582,0.01213,0.6557
CVE-2014-8583,0.01282,0.67298
CVE-2014-8584,0.01055,0.50287
CVE-2014-8585,0.01136,0.57949
CVE-2014-8586,0.60336,0.98843
CVE-2014-8587,0.01213,0.6557
CVE-2014-8588,0.01213,0.6557
CVE-2014-8589,0.01213,0.6557
CVE-2014-8590,0.01319,0.70416
CVE-2014-8591,0.01319,0.70416
CVE-2014-8592,0.01974,0.7812
CVE-2014-8593,0.01136,0.57949
CVE-2014-8594,0.01183,0.60428
CVE-2014-8595,0.01282,0.67298
CVE-2014-8596,0.028,0.82308
CVE-2014-8597,0.01055,0.50287
CVE-2014-8598,0.01319,0.70416
CVE-2014-8600,0.01213,0.6557
CVE-2014-8601,0.01319,0.70416
CVE-2014-8602,0.01408,0.72072
CVE-2014-8603,0.04285,0.86889
CVE-2014-8604,0.01055,0.50287
CVE-2014-8605,0.01055,0.50287
CVE-2014-8606,0.00885,0.26162
CVE-2014-8607,0.00885,0.26162
CVE-2014-8608,0.0095,0.30554
CVE-2014-8610,0.01108,0.53389
CVE-2014-8611,0.0159,0.7449
CVE-2014-8612,0.01034,0.39824
CVE-2014-8613,0.01136,0.57949
CVE-2014-8616,0.01213,0.6557
CVE-2014-8617,0.01136,0.57949
CVE-2014-8618,0.01055,0.50287
CVE-2014-8619,0.01055,0.50287
CVE-2014-8621,0.01055,0.50287
CVE-2014-8622,0.01061,0.51015
CVE-2014-8625,0.04967,0.88981
CVE-2014-8626,0.0547,0.89492
CVE-2014-8627,0.01136,0.57949
CVE-2014-8628,0.01213,0.6557
CVE-2014-8629,0.01213,0.6557
CVE-2014-8630,0.01232,0.66248
CVE-2014-8631,0.01213,0.6557
CVE-2014-8632,0.01213,0.6557
CVE-2014-8634,0.08228,0.93218
CVE-2014-8635,0.08228,0.93218
CVE-2014-8636,0.16755,0.9597
CVE-2014-8637,0.04358,0.87435
CVE-2014-8638,0.03932,0.8519
CVE-2014-8639,0.02686,0.82061
CVE-2014-8640,0.03779,0.84781
CVE-2014-8641,0.12248,0.95092
CVE-2014-8642,0.03779,0.84781
CVE-2014-8643,0.01955,0.77585
CVE-2014-8650,0.01018,0.38792
CVE-2014-8651,0.01282,0.67298
CVE-2014-8652,0.07584,0.92581
CVE-2014-8653,0.01319,0.70416
CVE-2014-8654,0.01776,0.75902
CVE-2014-8655,0.01213,0.6557
CVE-2014-8656,0.01213,0.6557
CVE-2014-8657,0.01213,0.6557
CVE-2014-8658,0.01232,0.66248
CVE-2014-8659,0.01136,0.57949
CVE-2014-8660,0.0089,0.2856
CVE-2014-8661,0.01055,0.50287
CVE-2014-8662,0.01055,0.50287
CVE-2014-8663,0.01055,0.50287
CVE-2014-8664,0.01213,0.6557
CVE-2014-8665,0.01055,0.50287
CVE-2014-8666,0.01055,0.50287
CVE-2014-8667,0.01055,0.50287
CVE-2014-8668,0.01213,0.6557
CVE-2014-8669,0.06523,0.90962
CVE-2014-8670,0.01136,0.57949
CVE-2014-8671,0.01055,0.50287
CVE-2014-8672,0.01055,0.50287
CVE-2014-8673,0.01018,0.38792
CVE-2014-8674,0.02199,0.80273
CVE-2014-8675,0.01213,0.6557
CVE-2014-8676,0.01213,0.6557
CVE-2014-8677,0.01132,0.54372
CVE-2014-8678,0.01055,0.50287
CVE-2014-8680,0.01136,0.57949
CVE-2014-8681,0.01806,0.76038
CVE-2014-8683,0.01213,0.6557
CVE-2014-8684,0.01213,0.6557
CVE-2014-8686,0.01018,0.38792
CVE-2014-8687,0.1949,0.96202
CVE-2014-8688,0.00885,0.26162
CVE-2014-8690,0.02397,0.80717
CVE-2014-8701,0.01055,0.50287
CVE-2014-8702,0.01136,0.57949
CVE-2014-8703,0.01055,0.50287
CVE-2014-8704,0.01055,0.50287
CVE-2014-8705,0.01055,0.50287
CVE-2014-8706,0.01055,0.50287
CVE-2014-8707,0.01055,0.50287
CVE-2014-8708,0.02166,0.79253
CVE-2014-8709,0.03779,0.84781
CVE-2014-8710,0.02172,0.79917
CVE-2014-8711,0.03779,0.84781
CVE-2014-8712,0.02172,0.79917
CVE-2014-8713,0.03779,0.84781
CVE-2014-8714,0.03779,0.84781
CVE-2014-8716,0.00954,0.34522
CVE-2014-8722,0.01136,0.57949
CVE-2014-8723,0.01055,0.50287
CVE-2014-8724,0.01213,0.6557
CVE-2014-8727,0.02115,0.79119
CVE-2014-8728,0.01564,0.74439
CVE-2014-8730,0.08705,0.93649
CVE-2014-8731,0.01213,0.6557
CVE-2014-8732,0.01213,0.6557
CVE-2014-8733,0.00885,0.26162
CVE-2014-8734,0.01061,0.51015
CVE-2014-8735,0.01061,0.51015
CVE-2014-8736,0.01055,0.50287
CVE-2014-8737,0.01547,0.74085
CVE-2014-8738,0.03779,0.84781
CVE-2014-8739,0.24768,0.96726
CVE-2014-8741,0.7962,0.99468
CVE-2014-8742,0.01055,0.50287
CVE-2014-8743,0.01132,0.54372
CVE-2014-8744,0.01132,0.54372
CVE-2014-8745,0.01232,0.66248
CVE-2014-8746,0.01132,0.54372
CVE-2014-8747,0.01319,0.70416
CVE-2014-8748,0.01132,0.54372
CVE-2014-8749,0.01055,0.50287
CVE-2014-8750,0.01315,0.67456
CVE-2014-8751,0.01055,0.50287
CVE-2014-8752,0.01136,0.57949
CVE-2014-8753,0.00954,0.34522
CVE-2014-8754,0.01213,0.6557
CVE-2014-8755,0.05629,0.89602
CVE-2014-8756,0.05629,0.89602
CVE-2014-8758,0.01055,0.50287
CVE-2014-8760,0.01183,0.60428
CVE-2014-8761,0.01319,0.70416
CVE-2014-8762,0.01319,0.70416
CVE-2014-8763,0.01319,0.70416
CVE-2014-8764,0.01319,0.70416
CVE-2014-8765,0.01213,0.6557
CVE-2014-8766,0.01136,0.57949
CVE-2014-8770,0.11061,0.94632
CVE-2014-8771,0.01055,0.50287
CVE-2014-8772,0.01055,0.50287
CVE-2014-8773,0.01055,0.50287
CVE-2014-8774,0.01055,0.50287
CVE-2014-8775,0.01055,0.50287
CVE-2014-8778,0.01061,0.51015
CVE-2014-8779,0.01018,0.38792
CVE-2014-8780,0.01055,0.50287
CVE-2014-8788,0.01061,0.51015
CVE-2014-8789,0.05302,0.89375
CVE-2014-8790,0.01213,0.6557
CVE-2014-8791,0.71897,0.99167
CVE-2014-8793,0.01408,0.72072
CVE-2014-8799,0.84021,0.99596
CVE-2014-8800,0.01953,0.77242
CVE-2014-8801,0.09257,0.93938
CVE-2014-8802,0.07584,0.92581
CVE-2014-8809,0.01055,0.50287
CVE-2014-8810,0.01564,0.74439
CVE-2014-8816,0.02828,0.82353
CVE-2014-8817,0.02147,0.79189
CVE-2014-8819,0.0095,0.30554
CVE-2014-8820,0.0095,0.30554
CVE-2014-8821,0.0095,0.30554
CVE-2014-8822,0.02147,0.79189
CVE-2014-8823,0.0095,0.30554
CVE-2014-8824,0.02147,0.79189
CVE-2014-8825,0.0095,0.30554
CVE-2014-8826,0.16755,0.9597
CVE-2014-8827,0.0095,0.30554
CVE-2014-8828,0.01018,0.38792
CVE-2014-8829,0.02147,0.79189
CVE-2014-8830,0.03397,0.83675
CVE-2014-8831,0.01018,0.38792
CVE-2014-8832,0.0095,0.30554
CVE-2014-8833,0.0095,0.30554
CVE-2014-8834,0.0095,0.30554
CVE-2014-8835,0.03815,0.84844
CVE-2014-8836,0.02147,0.79189
CVE-2014-8837,0.01442,0.72669
CVE-2014-8838,0.01018,0.38792
CVE-2014-8839,0.01319,0.70416
CVE-2014-8840,0.01213,0.6557
CVE-2014-8866,0.01282,0.67298
CVE-2014-8867,0.01282,0.67298
CVE-2014-8868,0.01136,0.57949
CVE-2014-8869,0.01213,0.6557
CVE-2014-8870,0.01136,0.57949
CVE-2014-8871,0.01018,0.38792
CVE-2014-8872,0.00954,0.34522
CVE-2014-8873,0.06523,0.90962
CVE-2014-8874,0.01136,0.57949
CVE-2014-8875,0.01213,0.6557
CVE-2014-8877,0.08097,0.93067
CVE-2014-8878,0.01213,0.6557
CVE-2014-8884,0.01282,0.67298
CVE-2014-8886,0.05785,0.89924
CVE-2014-8887,0.01132,0.54372
CVE-2014-8888,0.01055,0.50287
CVE-2014-8889,0.01213,0.6557
CVE-2014-8890,0.01319,0.70416
CVE-2014-8891,0.1127,0.94787
CVE-2014-8892,0.03779,0.84781
CVE-2014-8893,0.01061,0.51015
CVE-2014-8894,0.01132,0.54372
CVE-2014-8895,0.01213,0.6557
CVE-2014-8896,0.01055,0.50287
CVE-2014-8897,0.01055,0.50287
CVE-2014-8898,0.01055,0.50287
CVE-2014-8899,0.01055,0.50287
CVE-2014-8900,0.00885,0.26162
CVE-2014-8901,0.01315,0.67456
CVE-2014-8902,0.01136,0.57949
CVE-2014-8903,0.01055,0.50287
CVE-2014-8904,0.03534,0.84129
CVE-2014-8909,0.01061,0.51015
CVE-2014-8910,0.01232,0.66248
CVE-2014-8911,0.01055,0.50287
CVE-2014-8912,0.01136,0.57949
CVE-2014-8913,0.01132,0.54372
CVE-2014-8914,0.01232,0.66248
CVE-2014-8916,0.01055,0.50287
CVE-2014-8917,0.01319,0.70416
CVE-2014-8918,0.00885,0.26162
CVE-2014-8920,0.0089,0.2856
CVE-2014-8921,0.06981,0.91858
CVE-2014-8923,0.00885,0.26162
CVE-2014-8924,0.01055,0.50287
CVE-2014-8925,0.01055,0.50287
CVE-2014-8926,0.01055,0.50287
CVE-2014-8927,0.01055,0.50287
CVE-2014-8937,0.00885,0.26162
CVE-2014-8938,0.00885,0.26162
CVE-2014-8939,0.01055,0.50287
CVE-2014-8940,0.01055,0.50287
CVE-2014-8941,0.00885,0.26162
CVE-2014-8942,0.00885,0.26162
CVE-2014-8943,0.00885,0.26162
CVE-2014-8944,0.00885,0.26162
CVE-2014-8945,0.02055,0.7893
CVE-2014-8948,0.01213,0.6557
CVE-2014-8949,0.05302,0.89375
CVE-2014-8950,0.01213,0.6557
CVE-2014-8951,0.01213,0.6557
CVE-2014-8952,0.01213,0.6557
CVE-2014-8953,0.07584,0.92581
CVE-2014-8954,0.01953,0.77242
CVE-2014-8955,0.01055,0.50287
CVE-2014-8956,0.01592,0.74578
CVE-2014-8957,0.01061,0.51015
CVE-2014-8958,0.01955,0.77585
CVE-2014-8959,0.01232,0.66248
CVE-2014-8960,0.01232,0.66248
CVE-2014-8961,0.01232,0.66248
CVE-2014-8962,0.1127,0.94787
CVE-2014-8964,0.03779,0.84781
CVE-2014-8966,0.30987,0.97438
CVE-2014-8967,0.54847,0.9871
CVE-2014-8985,0.1248,0.95139
CVE-2014-8986,0.01034,0.39824
CVE-2014-8987,0.01034,0.39824
CVE-2014-8988,0.01315,0.67456
CVE-2014-8989,0.01282,0.67298
CVE-2014-8990,0.02172,0.79917
CVE-2014-8991,0.01034,0.39824
CVE-2014-8992,0.01055,0.50287
CVE-2014-8993,0.01213,0.6557
CVE-2014-8994,0.0095,0.30554
CVE-2014-8995,0.01216,0.65576
CVE-2014-8996,0.01213,0.6557
CVE-2014-8997,0.12753,0.95373
CVE-2014-8998,0.76583,0.99352
CVE-2014-8999,0.01132,0.54372
CVE-2014-9000,0.10123,0.94312
CVE-2014-9001,0.07306,0.92115
CVE-2014-9002,0.01213,0.6557
CVE-2014-9003,0.01136,0.57949
CVE-2014-9004,0.01055,0.50287
CVE-2014-9005,0.01055,0.50287
CVE-2014-9006,0.01055,0.50287
CVE-2014-9013,0.01156,0.60033
CVE-2014-9014,0.01055,0.50287
CVE-2014-9015,0.01319,0.70416
CVE-2014-9017,0.01132,0.54372
CVE-2014-9018,0.01974,0.7812
CVE-2014-9019,0.01213,0.6557
CVE-2014-9020,0.01319,0.70416
CVE-2014-9021,0.01213,0.6557
CVE-2014-9022,0.01136,0.57949
CVE-2014-9023,0.01055,0.50287
CVE-2014-9024,0.01055,0.50287
CVE-2014-9025,0.01055,0.50287
CVE-2014-9026,0.01055,0.50287
CVE-2014-9027,0.01055,0.50287
CVE-2014-9028,0.1127,0.94787
CVE-2014-9029,0.12248,0.95092
CVE-2014-9030,0.01183,0.60428
CVE-2014-9031,0.01776,0.75902
CVE-2014-9032,0.01319,0.70416
CVE-2014-9033,0.01319,0.70416
CVE-2014-9035,0.01319,0.70416
CVE-2014-9036,0.01319,0.70416
CVE-2014-9037,0.01319,0.70416
CVE-2014-9038,0.01319,0.70416
CVE-2014-9039,0.01319,0.70416
CVE-2014-9041,0.01055,0.50287
CVE-2014-9042,0.01055,0.50287
CVE-2014-9043,0.01055,0.50287
CVE-2014-9044,0.01055,0.50287
CVE-2014-9045,0.01055,0.50287
CVE-2014-9046,0.01055,0.50287
CVE-2014-9047,0.01055,0.50287
CVE-2014-9048,0.01055,0.50287
CVE-2014-9049,0.01055,0.50287
CVE-2014-9050,0.02172,0.79917
CVE-2014-9057,0.01213,0.6557
CVE-2014-9059,0.01213,0.6557
CVE-2014-9060,0.01213,0.6557
CVE-2014-9065,0.01034,0.39824
CVE-2014-9066,0.01034,0.39824
CVE-2014-9087,0.02172,0.79917
CVE-2014-9089,0.01319,0.70416
CVE-2014-9090,0.01104,0.52279
CVE-2014-9091,0.01034,0.39824
CVE-2014-9092,0.01955,0.77585
CVE-2014-9093,0.05139,0.89128
CVE-2014-9095,0.01564,0.74439
CVE-2014-9096,0.01564,0.74439
CVE-2014-9097,0.01136,0.57949
CVE-2014-9098,0.01055,0.50287
CVE-2014-9099,0.07584,0.92581
CVE-2014-9100,0.01055,0.50287
CVE-2014-9101,0.03764,0.84396
CVE-2014-9102,0.01132,0.54372
CVE-2014-9103,0.01213,0.6557
CVE-2014-9104,0.01213,0.6557
CVE-2014-9112,0.02172,0.79917
CVE-2014-9113,0.02663,0.81428
CVE-2014-9114,0.01916,0.76514
CVE-2014-9115,0.01564,0.74439
CVE-2014-9116,0.03407,0.83908
CVE-2014-9117,0.01408,0.72072
CVE-2014-9118,0.01132,0.54372
CVE-2014-9119,0.07584,0.92581
CVE-2014-9120,0.01055,0.50287
CVE-2014-9126,0.01055,0.50287
CVE-2014-9127,0.01055,0.50287
CVE-2014-9129,0.01213,0.6557
CVE-2014-9130,0.02686,0.82061
CVE-2014-9134,0.05822,0.89998
CVE-2014-9135,0.01055,0.50287
CVE-2014-9136,0.01055,0.50287
CVE-2014-9137,0.01055,0.50287
CVE-2014-9140,0.03779,0.84781
CVE-2014-9141,0.04235,0.86857
CVE-2014-9142,0.01136,0.57949
CVE-2014-9143,0.01136,0.57949
CVE-2014-9144,0.01136,0.57949
CVE-2014-9145,0.01055,0.50287
CVE-2014-9146,0.01055,0.50287
CVE-2014-9147,0.01136,0.57949
CVE-2014-9148,0.01136,0.57949
CVE-2014-9150,0.01046,0.41635
CVE-2014-9151,0.01055,0.50287
CVE-2014-9152,0.01136,0.57949
CVE-2014-9153,0.01055,0.50287
CVE-2014-9154,0.01055,0.50287
CVE-2014-9155,0.01061,0.51015
CVE-2014-9156,0.01061,0.51015
CVE-2014-9157,0.02172,0.79917
CVE-2014-9158,0.17304,0.96039
CVE-2014-9159,0.17214,0.96029
CVE-2014-9160,0.1983,0.96215
CVE-2014-9161,0.01213,0.6557
CVE-2014-9162,0.01046,0.41635
CVE-2014-9163,0.05094,0.89039
CVE-2014-9164,0.05094,0.89039
CVE-2014-9165,0.51364,0.98647
CVE-2014-9166,0.01046,0.41635
CVE-2014-9173,0.01564,0.74439
CVE-2014-9174,0.01213,0.6557
CVE-2014-9175,0.01564,0.74439
CVE-2014-9176,0.01136,0.57949
CVE-2014-9177,0.01213,0.6557
CVE-2014-9178,0.01564,0.74439
CVE-2014-9179,0.02191,0.8013
CVE-2014-9180,0.01055,0.50287
CVE-2014-9181,0.01136,0.57949
CVE-2014-9182,0.01055,0.50287
CVE-2014-9183,0.01055,0.50287
CVE-2014-9184,0.01055,0.50287
CVE-2014-9185,0.01132,0.54372
CVE-2014-9186,0.01156,0.60033
CVE-2014-9187,0.01156,0.60033
CVE-2014-9188,0.05822,0.89998
CVE-2014-9189,0.01156,0.60033
CVE-2014-9190,0.05822,0.89998
CVE-2014-9191,0.0095,0.30554
CVE-2014-9192,0.01055,0.50287
CVE-2014-9193,0.01055,0.50287
CVE-2014-9194,0.01055,0.50287
CVE-2014-9195,0.7962,0.99468
CVE-2014-9196,0.01055,0.50287
CVE-2014-9197,0.01055,0.50287
CVE-2014-9198,0.01136,0.57949
CVE-2014-9199,0.01055,0.50287
CVE-2014-9200,0.06523,0.90962
CVE-2014-9201,0.01055,0.50287
CVE-2014-9202,0.03977,0.85263
CVE-2014-9203,0.01055,0.50287
CVE-2014-9204,0.04863,0.88822
CVE-2014-9205,0.06523,0.90962
CVE-2014-9206,0.00885,0.26162
CVE-2014-9207,0.00885,0.26162
CVE-2014-9208,0.10898,0.94476
CVE-2014-9209,0.00885,0.26162
CVE-2014-9211,0.00885,0.26162
CVE-2014-9212,0.01055,0.50287
CVE-2014-9215,0.01564,0.74439
CVE-2014-9217,0.01136,0.57949
CVE-2014-9218,0.09796,0.94061
CVE-2014-9219,0.01213,0.6557
CVE-2014-9220,0.01213,0.6557
CVE-2014-9221,0.02172,0.79917
CVE-2014-9222,0.7119,0.99142
CVE-2014-9223,0.04291,0.87022
CVE-2014-9224,0.01132,0.54372
CVE-2014-9225,0.01132,0.54372
CVE-2014-9226,0.0095,0.30554
CVE-2014-9227,0.0089,0.2856
CVE-2014-9228,0.0089,0.2856
CVE-2014-9229,0.01061,0.51015
CVE-2014-9230,0.01136,0.57949
CVE-2014-9234,0.01136,0.57949
CVE-2014-9235,0.01055,0.50287
CVE-2014-9236,0.01055,0.50287
CVE-2014-9237,0.01564,0.74439
CVE-2014-9238,0.01213,0.6557
CVE-2014-9239,0.01136,0.57949
CVE-2014-9240,0.01055,0.50287
CVE-2014-9241,0.01055,0.50287
CVE-2014-9242,0.01055,0.50287
CVE-2014-9243,0.01055,0.50287
CVE-2014-9245,0.01055,0.50287
CVE-2014-9247,0.01055,0.50287
CVE-2014-9248,0.01055,0.50287
CVE-2014-9249,0.01055,0.50287
CVE-2014-9250,0.01055,0.50287
CVE-2014-9251,0.00885,0.26162
CVE-2014-9252,0.00885,0.26162
CVE-2014-9253,0.01408,0.72072
CVE-2014-9254,0.01564,0.74439
CVE-2014-9258,0.04386,0.87542
CVE-2014-9260,0.08078,0.93055
CVE-2014-9261,0.08097,0.93067
CVE-2014-9262,0.08382,0.93597
CVE-2014-9263,0.07525,0.92398
CVE-2014-9264,0.06523,0.90962
CVE-2014-9265,0.10555,0.94396
CVE-2014-9266,0.05822,0.89998
CVE-2014-9267,0.06309,0.90494
CVE-2014-9268,0.04863,0.88822
CVE-2014-9269,0.01319,0.70416
CVE-2014-9270,0.01408,0.72072
CVE-2014-9271,0.01232,0.66248
CVE-2014-9272,0.01319,0.70416
CVE-2014-9273,0.02172,0.79379
CVE-2014-9274,0.07544,0.92484
CVE-2014-9275,0.07544,0.92484
CVE-2014-9276,0.01213,0.6557
CVE-2014-9277,0.01319,0.70416
CVE-2014-9278,0.01315,0.67456
CVE-2014-9279,0.01213,0.6557
CVE-2014-9280,0.01408,0.72072
CVE-2014-9281,0.01776,0.75902
CVE-2014-9282,0.01055,0.50287
CVE-2014-9283,0.01136,0.57949
CVE-2014-9284,0.01055,0.50287
CVE-2014-9292,0.01055,0.50287
CVE-2014-9293,0.04358,0.87435
CVE-2014-9294,0.04358,0.87435
CVE-2014-9295,0.12248,0.95092
CVE-2014-9296,0.04358,0.87435
CVE-2014-9300,0.01055,0.50287
CVE-2014-9302,0.07584,0.92581
CVE-2014-9303,0.01136,0.57949
CVE-2014-9304,0.01136,0.57949
CVE-2014-9305,0.01564,0.74439
CVE-2014-9308,0.66513,0.99003
CVE-2014-9310,0.00954,0.34522
CVE-2014-9311,0.02191,0.8013
CVE-2014-9312,0.62633,0.98911
CVE-2014-9316,0.01136,0.57949
CVE-2014-9317,0.01213,0.6557
CVE-2014-9318,0.01136,0.57949
CVE-2014-9319,0.01136,0.57949
CVE-2014-9320,0.01213,0.6557
CVE-2014-9323,0.01319,0.70416
CVE-2014-9324,0.01232,0.66248
CVE-2014-9325,0.01213,0.6557
CVE-2014-9326,0.01055,0.50287
CVE-2014-9328,0.02172,0.79917
CVE-2014-9330,0.01955,0.77585
CVE-2014-9331,0.08097,0.93067
CVE-2014-9334,0.01213,0.6557
CVE-2014-9335,0.01055,0.50287
CVE-2014-9336,0.01055,0.50287
CVE-2014-9337,0.01055,0.50287
CVE-2014-9338,0.01055,0.50287
CVE-2014-9339,0.01055,0.50287
CVE-2014-9340,0.01055,0.50287
CVE-2014-9341,0.01055,0.50287
CVE-2014-9342,0.01213,0.6557
CVE-2014-9343,0.01319,0.70416
CVE-2014-9344,0.08097,0.93067
CVE-2014-9345,0.01564,0.74439
CVE-2014-9346,0.01132,0.54372
CVE-2014-9347,0.01564,0.74439
CVE-2014-9348,0.01564,0.74439
CVE-2014-9349,0.01953,0.77242
CVE-2014-9350,0.08097,0.93067
CVE-2014-9351,0.01319,0.70416
CVE-2014-9352,0.01136,0.57949
CVE-2014-9353,0.01055,0.50287
CVE-2014-9354,0.00885,0.26162
CVE-2014-9355,0.01055,0.50287
CVE-2014-9356,0.01055,0.50287
CVE-2014-9357,0.05822,0.89998
CVE-2014-9358,0.01055,0.50287
CVE-2014-9360,0.01136,0.57949
CVE-2014-9361,0.01055,0.50287
CVE-2014-9362,0.01055,0.50287
CVE-2014-9363,0.01055,0.50287
CVE-2014-9364,0.01055,0.50287
CVE-2014-9365,0.02686,0.82061
CVE-2014-9367,0.01213,0.6557
CVE-2014-9368,0.01055,0.50287
CVE-2014-9369,0.01055,0.50287
CVE-2014-9371,0.04611,0.88458
CVE-2014-9372,0.01055,0.50287
CVE-2014-9373,0.04611,0.88458
CVE-2014-9374,0.01974,0.7812
CVE-2014-9375,0.01055,0.50287
CVE-2014-9376,0.0547,0.89492
CVE-2014-9377,0.04291,0.87022
CVE-2014-9378,0.05139,0.89128
CVE-2014-9379,0.04291,0.87022
CVE-2014-9380,0.01213,0.6557
CVE-2014-9381,0.01213,0.6557
CVE-2014-9382,0.00954,0.34522
CVE-2014-9385,0.05629,0.89602
CVE-2014-9386,0.01055,0.50287
CVE-2014-9387,0.01136,0.57949
CVE-2014-9388,0.01213,0.6557
CVE-2014-9389,0.01136,0.57949
CVE-2014-9391,0.01055,0.50287
CVE-2014-9392,0.01055,0.50287
CVE-2014-9393,0.01055,0.50287
CVE-2014-9394,0.01055,0.50287
CVE-2014-9395,0.01055,0.50287
CVE-2014-9396,0.01055,0.50287
CVE-2014-9397,0.01055,0.50287
CVE-2014-9398,0.01055,0.50287
CVE-2014-9399,0.01055,0.50287
CVE-2014-9400,0.01055,0.50287
CVE-2014-9401,0.01055,0.50287
CVE-2014-9402,0.03779,0.84781
CVE-2014-9403,0.01232,0.66248
CVE-2014-9405,0.02199,0.80273
CVE-2014-9406,0.01055,0.50287
CVE-2014-9407,0.01055,0.50287
CVE-2014-9408,0.01213,0.6557
CVE-2014-9410,0.00885,0.26162
CVE-2014-9411,0.00885,0.26162
CVE-2014-9412,0.01213,0.6557
CVE-2014-9413,0.01136,0.57949
CVE-2014-9414,0.01408,0.72072
CVE-2014-9415,0.01832,0.76196
CVE-2014-9416,0.04235,0.86857
CVE-2014-9417,0.01832,0.76196
CVE-2014-9418,0.01832,0.76196
CVE-2014-9419,0.01547,0.74085
CVE-2014-9420,0.01547,0.74085
CVE-2014-9421,0.06823,0.91806
CVE-2014-9422,0.02186,0.8012
CVE-2014-9423,0.03779,0.84781
CVE-2014-9424,0.01055,0.50287
CVE-2014-9425,0.02172,0.79917
CVE-2014-9426,0.01213,0.6557
CVE-2014-9427,0.12248,0.95092
CVE-2014-9428,0.03779,0.84781
CVE-2014-9429,0.01055,0.50287
CVE-2014-9430,0.01055,0.50287
CVE-2014-9431,0.01055,0.50287
CVE-2014-9432,0.01319,0.70416
CVE-2014-9433,0.01319,0.70416
CVE-2014-9434,0.01061,0.51015
CVE-2014-9435,0.01061,0.51015
CVE-2014-9436,0.07584,0.92581
CVE-2014-9437,0.01055,0.50287
CVE-2014-9438,0.01136,0.57949
CVE-2014-9439,0.01953,0.77242
CVE-2014-9440,0.01564,0.74439
CVE-2014-9441,0.01055,0.50287
CVE-2014-9442,0.01132,0.54372
CVE-2014-9443,0.01055,0.50287
CVE-2014-9444,0.01136,0.57949
CVE-2014-9445,0.01136,0.57949
CVE-2014-9446,0.01213,0.6557
CVE-2014-9447,0.02172,0.79917
CVE-2014-9448,0.09893,0.94114
CVE-2014-9449,0.01319,0.70416
CVE-2014-9450,0.01213,0.6557
CVE-2014-9451,0.06523,0.90962
CVE-2014-9452,0.01213,0.6557
CVE-2014-9453,0.01055,0.50287
CVE-2014-9454,0.01213,0.6557
CVE-2014-9455,0.01055,0.50287
CVE-2014-9456,0.01055,0.50287
CVE-2014-9457,0.01564,0.74439
CVE-2014-9458,0.01018,0.38792
CVE-2014-9459,0.01213,0.6557
CVE-2014-9460,0.01213,0.6557
CVE-2014-9461,0.01061,0.51015
CVE-2014-9462,0.01319,0.70416
CVE-2014-9463,0.05164,0.89136
CVE-2014-9464,0.01564,0.74439
CVE-2014-9465,0.02172,0.79917
CVE-2014-9466,0.01132,0.54372
CVE-2014-9468,0.01136,0.57949
CVE-2014-9469,0.00954,0.34522
CVE-2014-9470,0.01319,0.70416
CVE-2014-9471,0.07544,0.92484
CVE-2014-9472,0.01213,0.6557
CVE-2014-9473,0.11465,0.94836
CVE-2014-9474,0.01537,0.73595
CVE-2014-9475,0.01132,0.54372
CVE-2014-9476,0.01213,0.6557
CVE-2014-9477,0.01213,0.6557
CVE-2014-9478,0.01213,0.6557
CVE-2014-9479,0.01213,0.6557
CVE-2014-9480,0.01213,0.6557
CVE-2014-9481,0.01213,0.6557
CVE-2014-9482,0.01213,0.6557
CVE-2014-9483,0.01136,0.57949
CVE-2014-9485,0.01213,0.6557
CVE-2014-9487,0.01213,0.6557
CVE-2014-9488,0.01213,0.6557
CVE-2014-9489,0.04695,0.88634
CVE-2014-9490,0.01213,0.6557
CVE-2014-9491,0.01213,0.6557
CVE-2014-9493,0.01232,0.66248
CVE-2014-9494,0.01213,0.6557
CVE-2014-9495,0.03264,0.8351
CVE-2014-9496,0.01282,0.67298
CVE-2014-9497,0.00954,0.34522
CVE-2014-9498,0.01132,0.54372
CVE-2014-9499,0.01132,0.54372
CVE-2014-9500,0.01213,0.6557
CVE-2014-9501,0.01132,0.54372
CVE-2014-9502,0.01213,0.6557
CVE-2014-9503,0.01132,0.54372
CVE-2014-9504,0.01213,0.6557
CVE-2014-9505,0.01132,0.54372
CVE-2014-9506,0.01132,0.54372
CVE-2014-9507,0.01055,0.50287
CVE-2014-9508,0.01055,0.50287
CVE-2014-9509,0.01055,0.50287
CVE-2014-9510,0.01213,0.6557
CVE-2014-9512,0.03779,0.84781
CVE-2014-9513,0.05785,0.89924
CVE-2014-9514,0.00885,0.26162
CVE-2014-9515,0.07154,0.91917
CVE-2014-9516,0.01953,0.77242
CVE-2014-9517,0.01136,0.57949
CVE-2014-9518,0.01136,0.57949
CVE-2014-9519,0.01055,0.50287
CVE-2014-9520,0.01055,0.50287
CVE-2014-9521,0.05822,0.89998
CVE-2014-9522,0.02255,0.80558
CVE-2014-9523,0.01055,0.50287
CVE-2014-9524,0.01136,0.57949
CVE-2014-9525,0.01136,0.57949
CVE-2014-9526,0.01213,0.6557
CVE-2014-9527,0.02072,0.79023
CVE-2014-9528,0.01564,0.74439
CVE-2014-9529,0.01547,0.74085
CVE-2014-9530,0.00885,0.26162
CVE-2014-9556,0.01319,0.70416
CVE-2014-9557,0.00885,0.26162
CVE-2014-9558,0.01564,0.74439
CVE-2014-9559,0.01055,0.50287
CVE-2014-9560,0.01213,0.6557
CVE-2014-9561,0.01213,0.6557
CVE-2014-9562,0.01055,0.50287
CVE-2014-9563,0.01055,0.50287
CVE-2014-9564,0.01055,0.50287
CVE-2014-9565,0.00885,0.26162
CVE-2014-9566,0.7735,0.99386
CVE-2014-9567,0.08097,0.93067
CVE-2014-9568,0.00885,0.26162
CVE-2014-9569,0.01136,0.57949
CVE-2014-9570,0.01055,0.50287
CVE-2014-9571,0.01408,0.72072
CVE-2014-9572,0.01319,0.70416
CVE-2014-9573,0.01104,0.52279
CVE-2014-9574,0.01136,0.57949
CVE-2014-9575,0.01213,0.6557
CVE-2014-9576,0.01136,0.57949
CVE-2014-9577,0.01061,0.51015
CVE-2014-9578,0.01136,0.57949
CVE-2014-9579,0.00954,0.34522
CVE-2014-9580,0.01136,0.57949
CVE-2014-9581,0.01055,0.50287
CVE-2014-9582,0.01055,0.50287
CVE-2014-9583,0.87351,0.99739
CVE-2014-9584,0.01547,0.74085
CVE-2014-9585,0.01547,0.74085
CVE-2014-9587,0.01213,0.6557
CVE-2014-9593,0.01484,0.72722
CVE-2014-9594,0.03941,0.85207
CVE-2014-9595,0.03941,0.85207
CVE-2014-9596,0.01055,0.50287
CVE-2014-9597,0.09923,0.94267
CVE-2014-9598,0.09923,0.94267
CVE-2014-9599,0.01408,0.72072
CVE-2014-9600,0.0272,0.82083
CVE-2014-9601,0.01319,0.70416
CVE-2014-9602,0.01055,0.50287
CVE-2014-9603,0.01055,0.50287
CVE-2014-9604,0.01136,0.57949
CVE-2014-9605,0.01564,0.74439
CVE-2014-9606,0.01055,0.50287
CVE-2014-9607,0.01055,0.50287
CVE-2014-9608,0.01055,0.50287
CVE-2014-9609,0.01055,0.50287
CVE-2014-9610,0.08382,0.93597
CVE-2014-9611,0.08382,0.93597
CVE-2014-9612,0.01564,0.74439
CVE-2014-9613,0.01564,0.74439
CVE-2014-9614,0.01055,0.50287
CVE-2014-9615,0.01055,0.50287
CVE-2014-9616,0.01055,0.50287
CVE-2014-9617,0.01055,0.50287
CVE-2014-9618,0.08382,0.93597
CVE-2014-9619,0.08078,0.93055
CVE-2014-9620,0.02172,0.79917
CVE-2014-9621,0.01319,0.70416
CVE-2014-9622,0.03425,0.8393
CVE-2014-9623,0.01649,0.75017
CVE-2014-9624,0.01108,0.53389
CVE-2014-9625,0.04836,0.88802
CVE-2014-9626,0.01136,0.57949
CVE-2014-9627,0.01136,0.57949
CVE-2014-9628,0.04836,0.88802
CVE-2014-9629,0.04836,0.88802
CVE-2014-9630,0.01136,0.57949
CVE-2014-9632,0.01832,0.76196
CVE-2014-9633,0.07584,0.92581
CVE-2014-9634,0.01319,0.70416
CVE-2014-9635,0.01319,0.70416
CVE-2014-9636,0.03779,0.84781
CVE-2014-9637,0.01776,0.75902
CVE-2014-9638,0.01408,0.72072
CVE-2014-9639,0.01408,0.72072
CVE-2014-9640,0.01408,0.72072
CVE-2014-9641,0.01832,0.76196
CVE-2014-9642,0.01832,0.76196
CVE-2014-9643,0.01832,0.76196
CVE-2014-9644,0.01547,0.74085
CVE-2014-9645,0.01282,0.67298
CVE-2014-9646,0.0095,0.30554
CVE-2014-9647,0.01213,0.6557
CVE-2014-9648,0.01213,0.6557
CVE-2014-9649,0.01213,0.6557
CVE-2014-9650,0.01213,0.6557
CVE-2014-9651,0.01018,0.38792
CVE-2014-9652,0.04358,0.87435
CVE-2014-9653,0.03779,0.84781
CVE-2014-9654,0.01974,0.7812
CVE-2014-9655,0.01408,0.72072
CVE-2014-9656,0.03779,0.84781
CVE-2014-9657,0.03779,0.84781
CVE-2014-9658,0.03779,0.84781
CVE-2014-9659,0.07544,0.92484
CVE-2014-9660,0.03779,0.84781
CVE-2014-9661,0.03779,0.84781
CVE-2014-9662,0.02172,0.79917
CVE-2014-9663,0.03779,0.84781
CVE-2014-9664,0.03407,0.83908
CVE-2014-9665,0.02172,0.79917
CVE-2014-9666,0.03407,0.83908
CVE-2014-9667,0.03407,0.83908
CVE-2014-9668,0.01974,0.7812
CVE-2014-9669,0.03407,0.83908
CVE-2014-9670,0.03407,0.83908
CVE-2014-9671,0.01955,0.77585
CVE-2014-9672,0.01955,0.77585
CVE-2014-9673,0.01955,0.77585
CVE-2014-9674,0.03779,0.84781
CVE-2014-9675,0.03779,0.84781
CVE-2014-9676,0.05375,0.89443
CVE-2014-9677,0.01055,0.50287
CVE-2014-9678,0.01055,0.50287
CVE-2014-9679,0.03407,0.83908
CVE-2014-9682,0.00954,0.34522
CVE-2014-9683,0.01547,0.74085
CVE-2014-9684,0.01132,0.54372
CVE-2014-9685,0.01136,0.57949
CVE-2014-9686,0.01136,0.57949
CVE-2014-9687,0.01108,0.53389
CVE-2014-9688,0.00885,0.26162
CVE-2014-9689,0.01213,0.6557
CVE-2014-9690,0.00885,0.26162
CVE-2014-9691,0.00885,0.26162
CVE-2014-9692,0.00885,0.26162
CVE-2014-9693,0.01599,0.74589
CVE-2014-9694,0.00885,0.26162
CVE-2014-9695,0.00885,0.26162
CVE-2014-9696,0.00885,0.26162
CVE-2014-9697,0.01055,0.50287
CVE-2014-9699,0.00885,0.26162
CVE-2014-9701,0.01319,0.70416
CVE-2014-9702,0.01055,0.50287
CVE-2014-9705,0.12248,0.95092
CVE-2014-9706,0.07777,0.92953
CVE-2014-9707,0.4469,0.98251
CVE-2014-9708,0.02172,0.79917
CVE-2014-9709,0.04358,0.87435
CVE-2014-9710,0.01034,0.39824
CVE-2014-9711,0.01955,0.77585
CVE-2014-9712,0.0089,0.2856
CVE-2014-9713,0.01132,0.54372
CVE-2014-9714,0.01319,0.70416
CVE-2014-9715,0.01282,0.67298
CVE-2014-9716,0.01213,0.6557
CVE-2014-9717,0.01282,0.67298
CVE-2014-9718,0.0095,0.30554
CVE-2014-9720,0.01213,0.6557
CVE-2014-9721,0.01213,0.6557
CVE-2014-9727,0.7962,0.99468
CVE-2014-9728,0.01547,0.74085
CVE-2014-9729,0.01282,0.67298
CVE-2014-9730,0.01282,0.67298
CVE-2014-9731,0.01282,0.67298
CVE-2014-9732,0.01136,0.57949
CVE-2014-9733,0.01055,0.50287
CVE-2014-9734,0.01319,0.70416
CVE-2014-9735,0.85322,0.99658
CVE-2014-9736,0.00954,0.34522
CVE-2014-9737,0.01136,0.57949
CVE-2014-9738,0.01136,0.57949
CVE-2014-9739,0.01061,0.51015
CVE-2014-9740,0.01061,0.51015
CVE-2014-9741,0.01136,0.57949
CVE-2014-9742,0.01055,0.50287
CVE-2014-9743,0.01213,0.6557
CVE-2014-9744,0.01055,0.50287
CVE-2014-9745,0.01974,0.7812
CVE-2014-9746,0.01319,0.70416
CVE-2014-9747,0.01213,0.6557
CVE-2014-9748,0.01018,0.38792
CVE-2014-9749,0.01132,0.54372
CVE-2014-9750,0.01974,0.7812
CVE-2014-9751,0.01974,0.7812
CVE-2014-9752,0.01132,0.54372
CVE-2014-9753,0.01213,0.6557
CVE-2014-9754,0.00954,0.34522
CVE-2014-9755,0.01136,0.57949
CVE-2014-9756,0.01108,0.53389
CVE-2014-9757,0.01018,0.38792
CVE-2014-9758,0.00885,0.26162
CVE-2014-9759,0.01213,0.6557
CVE-2014-9760,0.01136,0.57949
CVE-2014-9761,0.0374,0.84381
CVE-2014-9762,0.01319,0.70416
CVE-2014-9763,0.01319,0.70416
CVE-2014-9764,0.01319,0.70416
CVE-2014-9765,0.0883,0.93679
CVE-2014-9766,0.06698,0.91171
CVE-2014-9767,0.03407,0.83908
CVE-2014-9768,0.01055,0.50287
CVE-2014-9769,0.01319,0.70416
CVE-2014-9770,0.0095,0.30554
CVE-2014-9771,0.01319,0.70416
CVE-2014-9772,0.01136,0.57949
CVE-2014-9773,0.01213,0.6557
CVE-2014-9777,0.00954,0.34522
CVE-2014-9778,0.00954,0.34522
CVE-2014-9779,0.00954,0.34522
CVE-2014-9780,0.00954,0.34522
CVE-2014-9781,0.00954,0.34522
CVE-2014-9782,0.00954,0.34522
CVE-2014-9783,0.01018,0.38792
CVE-2014-9784,0.00954,0.34522
CVE-2014-9785,0.00954,0.34522
CVE-2014-9786,0.00954,0.34522
CVE-2014-9787,0.00954,0.34522
CVE-2014-9788,0.00954,0.34522
CVE-2014-9789,0.00954,0.34522
CVE-2014-9790,0.01018,0.38792
CVE-2014-9792,0.00954,0.34522
CVE-2014-9793,0.00954,0.34522
CVE-2014-9795,0.01018,0.38792
CVE-2014-9796,0.00954,0.34522
CVE-2014-9798,0.00885,0.26162
CVE-2014-9799,0.00954,0.34522
CVE-2014-9800,0.00954,0.34522
CVE-2014-9801,0.00954,0.34522
CVE-2014-9802,0.00954,0.34522
CVE-2014-9803,0.01018,0.38792
CVE-2014-9804,0.01213,0.6557
CVE-2014-9805,0.01136,0.57949
CVE-2014-9806,0.01136,0.57949
CVE-2014-9807,0.01213,0.6557
CVE-2014-9808,0.01213,0.6557
CVE-2014-9809,0.01213,0.6557
CVE-2014-9810,0.01213,0.6557
CVE-2014-9811,0.01213,0.6557
CVE-2014-9812,0.01213,0.6557
CVE-2014-9813,0.01213,0.6557
CVE-2014-9814,0.01213,0.6557
CVE-2014-9815,0.01213,0.6557
CVE-2014-9816,0.01213,0.6557
CVE-2014-9817,0.01213,0.6557
CVE-2014-9818,0.01213,0.6557
CVE-2014-9819,0.01213,0.6557
CVE-2014-9820,0.01213,0.6557
CVE-2014-9821,0.01213,0.6557
CVE-2014-9822,0.01213,0.6557
CVE-2014-9823,0.01213,0.6557
CVE-2014-9824,0.01213,0.6557
CVE-2014-9825,0.01213,0.6557
CVE-2014-9826,0.01213,0.6557
CVE-2014-9827,0.01136,0.57949
CVE-2014-9828,0.01136,0.57949
CVE-2014-9829,0.01136,0.57949
CVE-2014-9830,0.01136,0.57949
CVE-2014-9831,0.01136,0.57949
CVE-2014-9832,0.00885,0.26162
CVE-2014-9833,0.00885,0.26162
CVE-2014-9834,0.00885,0.26162
CVE-2014-9835,0.00885,0.26162
CVE-2014-9836,0.01055,0.50287
CVE-2014-9837,0.01136,0.57949
CVE-2014-9838,0.01055,0.50287
CVE-2014-9839,0.01055,0.50287
CVE-2014-9840,0.01055,0.50287
CVE-2014-9841,0.01319,0.70416
CVE-2014-9842,0.01319,0.70416
CVE-2014-9843,0.01319,0.70416
CVE-2014-9844,0.01955,0.77585
CVE-2014-9845,0.01955,0.77585
CVE-2014-9846,0.02172,0.79917
CVE-2014-9847,0.02172,0.79917
CVE-2014-9848,0.01408,0.72072
CVE-2014-9849,0.01319,0.70416
CVE-2014-9850,0.01319,0.70416
CVE-2014-9851,0.01408,0.72072
CVE-2014-9852,0.01319,0.70416
CVE-2014-9853,0.01955,0.77585
CVE-2014-9854,0.01974,0.7812
CVE-2014-9862,0.04522,0.88274
CVE-2014-9863,0.00954,0.34522
CVE-2014-9864,0.00954,0.34522
CVE-2014-9865,0.00954,0.34522
CVE-2014-9866,0.00954,0.34522
CVE-2014-9867,0.00954,0.34522
CVE-2014-9868,0.00954,0.34522
CVE-2014-9869,0.01018,0.38792
CVE-2014-9870,0.01018,0.38792
CVE-2014-9871,0.00954,0.34522
CVE-2014-9872,0.00954,0.34522
CVE-2014-9873,0.00954,0.34522
CVE-2014-9874,0.00954,0.34522
CVE-2014-9875,0.00954,0.34522
CVE-2014-9876,0.00954,0.34522
CVE-2014-9877,0.00954,0.34522
CVE-2014-9878,0.00954,0.34522
CVE-2014-9879,0.00954,0.34522
CVE-2014-9880,0.00954,0.34522
CVE-2014-9881,0.00954,0.34522
CVE-2014-9882,0.01018,0.38792
CVE-2014-9883,0.00954,0.34522
CVE-2014-9884,0.00954,0.34522
CVE-2014-9885,0.00954,0.34522
CVE-2014-9886,0.00954,0.34522
CVE-2014-9887,0.00954,0.34522
CVE-2014-9888,0.0095,0.30554
CVE-2014-9889,0.00954,0.34522
CVE-2014-9890,0.00954,0.34522
CVE-2014-9891,0.00954,0.34522
CVE-2014-9892,0.00954,0.34522
CVE-2014-9893,0.00954,0.34522
CVE-2014-9894,0.00954,0.34522
CVE-2014-9895,0.01018,0.38792
CVE-2014-9896,0.00954,0.34522
CVE-2014-9897,0.00954,0.34522
CVE-2014-9898,0.00954,0.34522
CVE-2014-9899,0.00954,0.34522
CVE-2014-9900,0.00954,0.34522
CVE-2014-9901,0.01136,0.57949
CVE-2014-9902,0.05785,0.89924
CVE-2014-9903,0.0089,0.2856
CVE-2014-9904,0.01104,0.52279
CVE-2014-9905,0.01319,0.70416
CVE-2014-9906,0.02714,0.82073
CVE-2014-9907,0.01319,0.70416
CVE-2014-9908,0.01018,0.38792
CVE-2014-9909,0.01102,0.51825
CVE-2014-9910,0.01102,0.51825
CVE-2014-9911,0.01408,0.72072
CVE-2014-9912,0.01213,0.6557
CVE-2014-9913,0.01319,0.70416
CVE-2014-9914,0.01034,0.39824
CVE-2014-9915,0.01055,0.50287
CVE-2014-9916,0.01055,0.50287
CVE-2014-9917,0.00885,0.26162
CVE-2014-9918,0.00885,0.26162
CVE-2014-9919,0.00885,0.26162
CVE-2014-9920,0.01599,0.74589
CVE-2014-9921,0.01055,0.50287
CVE-2014-9922,0.01018,0.38792
CVE-2014-9923,0.00885,0.26162
CVE-2014-9924,0.00885,0.26162
CVE-2014-9925,0.00885,0.26162
CVE-2014-9926,0.00885,0.26162
CVE-2014-9927,0.00885,0.26162
CVE-2014-9928,0.00885,0.26162
CVE-2014-9929,0.00885,0.26162
CVE-2014-9930,0.00885,0.26162
CVE-2014-9931,0.00954,0.34522
CVE-2014-9932,0.00954,0.34522
CVE-2014-9933,0.00954,0.34522
CVE-2014-9934,0.00954,0.34522
CVE-2014-9935,0.00954,0.34522
CVE-2014-9936,0.00954,0.34522
CVE-2014-9937,0.00954,0.34522
CVE-2014-9938,0.02578,0.8123
CVE-2014-9939,0.00954,0.34522
CVE-2014-9940,0.01018,0.38792
CVE-2014-9941,0.00885,0.26162
CVE-2014-9942,0.00885,0.26162
CVE-2014-9943,0.00885,0.26162
CVE-2014-9944,0.00885,0.26162
CVE-2014-9945,0.00885,0.26162
CVE-2014-9946,0.00885,0.26162
CVE-2014-9947,0.00885,0.26162
CVE-2014-9948,0.00885,0.26162
CVE-2014-9949,0.00885,0.26162
CVE-2014-9950,0.00885,0.26162
CVE-2014-9951,0.00885,0.26162
CVE-2014-9952,0.00885,0.26162
CVE-2014-9953,0.00954,0.34522
CVE-2014-9954,0.00954,0.34522
CVE-2014-9955,0.00954,0.34522
CVE-2014-9956,0.00954,0.34522
CVE-2014-9957,0.00954,0.34522
CVE-2014-9958,0.00954,0.34522
CVE-2014-9959,0.00954,0.34522
CVE-2014-9960,0.00954,0.34522
CVE-2014-9961,0.00954,0.34522
CVE-2014-9962,0.00954,0.34522
CVE-2014-9963,0.00954,0.34522
CVE-2014-9964,0.00954,0.34522
CVE-2014-9965,0.00954,0.34522
CVE-2014-9966,0.00954,0.34522
CVE-2014-9967,0.00954,0.34522
CVE-2014-9968,0.00885,0.26162
CVE-2014-9969,0.00885,0.26162
CVE-2014-9970,0.01537,0.73595
CVE-2014-9971,0.00954,0.34522
CVE-2014-9972,0.00954,0.34522
CVE-2014-9973,0.00885,0.26162
CVE-2014-9974,0.00885,0.26162
CVE-2014-9975,0.00885,0.26162
CVE-2014-9976,0.00954,0.34522
CVE-2014-9977,0.00885,0.26162
CVE-2014-9978,0.00885,0.26162
CVE-2014-9979,0.00885,0.26162
CVE-2014-9980,0.00885,0.26162
CVE-2014-9981,0.00954,0.34522
CVE-2014-9983,0.01055,0.50287
CVE-2014-9984,0.0391,0.8496
CVE-2014-9985,0.00885,0.26162
CVE-2014-9986,0.00885,0.26162
CVE-2014-9987,0.00885,0.26162
CVE-2014-9988,0.00885,0.26162
CVE-2014-9989,0.00885,0.26162
CVE-2014-9990,0.00885,0.26162
CVE-2014-9991,0.00885,0.26162
CVE-2014-9993,0.00885,0.26162
CVE-2014-9994,0.00885,0.26162
CVE-2014-9995,0.00885,0.26162
CVE-2014-9996,0.00885,0.26162
CVE-2014-9997,0.00885,0.26162
CVE-2014-9998,0.00885,0.26162
CVE-2013-0001,0.25802,0.96904
CVE-2013-0002,0.48722,0.98514
CVE-2013-0003,0.48414,0.98504
CVE-2013-0004,0.48414,0.98504
CVE-2013-0005,0.29797,0.97364
CVE-2013-0006,0.37556,0.97834
CVE-2013-0007,0.39349,0.98008
CVE-2013-0008,0.02751,0.82135
CVE-2013-0009,0.29797,0.97364
CVE-2013-0010,0.29797,0.97364
CVE-2013-0011,0.38845,0.97925
CVE-2013-0013,0.07994,0.92988
CVE-2013-0015,0.29797,0.97364
CVE-2013-0018,0.39349,0.98008
CVE-2013-0019,0.60623,0.98849
CVE-2013-0020,0.39349,0.98008
CVE-2013-0021,0.37556,0.97834
CVE-2013-0022,0.39349,0.98008
CVE-2013-0023,0.39349,0.98008
CVE-2013-0024,0.39349,0.98008
CVE-2013-0025,0.93123,0.99924
CVE-2013-0026,0.39349,0.98008
CVE-2013-0027,0.39349,0.98008
CVE-2013-0028,0.39349,0.98008
CVE-2013-0029,0.39349,0.98008
CVE-2013-0030,0.39349,0.98008
CVE-2013-0073,0.48414,0.98504
CVE-2013-0074,0.58315,0.98794
CVE-2013-0075,0.70053,0.99105
CVE-2013-0076,0.01205,0.60537
CVE-2013-0077,0.49719,0.98611
CVE-2013-0078,0.01205,0.60537
CVE-2013-0079,0.60981,0.98872
CVE-2013-0080,0.29797,0.97364
CVE-2013-0081,0.29797,0.97364
CVE-2013-0082,0.49719,0.98611
CVE-2013-0083,0.42341,0.9817
CVE-2013-0084,0.29797,0.97364
CVE-2013-0085,0.29797,0.97364
CVE-2013-0086,0.29797,0.97364
CVE-2013-0087,0.39349,0.98008
CVE-2013-0088,0.39349,0.98008
CVE-2013-0089,0.39349,0.98008
CVE-2013-0090,0.62004,0.98889
CVE-2013-0091,0.39349,0.98008
CVE-2013-0092,0.39349,0.98008
CVE-2013-0093,0.39349,0.98008
CVE-2013-0094,0.39349,0.98008
CVE-2013-0095,0.29797,0.97364
CVE-2013-0096,0.29797,0.97364
CVE-2013-0107,0.03977,0.85263
CVE-2013-0108,0.74758,0.99281
CVE-2013-0109,0.01848,0.76238
CVE-2013-0110,0.00885,0.26162
CVE-2013-0111,0.00885,0.26162
CVE-2013-0113,0.03977,0.85263
CVE-2013-0118,0.01055,0.50287
CVE-2013-0120,0.01055,0.50287
CVE-2013-0122,0.00885,0.26162
CVE-2013-0123,0.01055,0.50287
CVE-2013-0124,0.01055,0.50287
CVE-2013-0125,0.01953,0.77242
CVE-2013-0126,0.06464,0.9062
CVE-2013-0127,0.06523,0.90962
CVE-2013-0128,0.01055,0.50287
CVE-2013-0129,0.01055,0.50287
CVE-2013-0130,0.04285,0.86889
CVE-2013-0131,0.05302,0.89375
CVE-2013-0132,0.01055,0.50287
CVE-2013-0133,0.00885,0.26162
CVE-2013-0134,0.01055,0.50287
CVE-2013-0135,0.00986,0.35784
CVE-2013-0136,0.74177,0.99262
CVE-2013-0137,0.01319,0.70416
CVE-2013-0138,0.04641,0.88525
CVE-2013-0139,0.01055,0.50287
CVE-2013-0140,0.00986,0.35784
CVE-2013-0141,0.01213,0.6557
CVE-2013-0142,0.01055,0.50287
CVE-2013-0143,0.06772,0.91214
CVE-2013-0144,0.01055,0.50287
CVE-2013-0145,0.23804,0.9657
CVE-2013-0148,0.00885,0.26162
CVE-2013-0149,0.01055,0.50287
CVE-2013-0150,0.01136,0.57949
CVE-2013-0151,0.01018,0.38792
CVE-2013-0152,0.0095,0.30554
CVE-2013-0153,0.01547,0.74085
CVE-2013-0154,0.01282,0.67298
CVE-2013-0157,0.01034,0.39824
CVE-2013-0158,0.02172,0.79917
CVE-2013-0159,0.00885,0.26162
CVE-2013-0160,0.03534,0.84129
CVE-2013-0161,0.02192,0.80195
CVE-2013-0162,0.0089,0.2856
CVE-2013-0163,0.00885,0.26162
CVE-2013-0164,0.0095,0.30554
CVE-2013-0165,0.00885,0.26162
CVE-2013-0166,0.0472,0.88691
CVE-2013-0167,0.0089,0.2856
CVE-2013-0168,0.01132,0.54372
CVE-2013-0169,0.07559,0.92528
CVE-2013-0170,0.06604,0.91138
CVE-2013-0171,0.05822,0.89998
CVE-2013-0172,0.01055,0.50287
CVE-2013-0173,0.00885,0.26162
CVE-2013-0174,0.01055,0.50287
CVE-2013-0175,0.04291,0.87022
CVE-2013-0176,0.01319,0.70416
CVE-2013-0177,0.13119,0.95471
CVE-2013-0178,0.01034,0.39824
CVE-2013-0179,0.01974,0.7812
CVE-2013-0180,0.00885,0.26162
CVE-2013-0181,0.01408,0.72072
CVE-2013-0182,0.01213,0.6557
CVE-2013-0183,0.02172,0.79917
CVE-2013-0184,0.01213,0.6557
CVE-2013-0185,0.01055,0.50287
CVE-2013-0186,0.01055,0.50287
CVE-2013-0187,0.01055,0.50287
CVE-2013-0189,0.03779,0.84781
CVE-2013-0190,0.01034,0.39824
CVE-2013-0191,0.01408,0.72072
CVE-2013-0192,0.0089,0.2856
CVE-2013-0193,0.01136,0.57949
CVE-2013-0194,0.01136,0.57949
CVE-2013-0195,0.01136,0.57949
CVE-2013-0196,0.00885,0.26162
CVE-2013-0197,0.01319,0.70416
CVE-2013-0198,0.01213,0.6557
CVE-2013-0199,0.01213,0.6557
CVE-2013-0200,0.01104,0.52279
CVE-2013-0201,0.01319,0.70416
CVE-2013-0202,0.01055,0.50287
CVE-2013-0203,0.01055,0.50287
CVE-2013-0204,0.01055,0.50287
CVE-2013-0205,0.01213,0.6557
CVE-2013-0206,0.06337,0.90513
CVE-2013-0207,0.01213,0.6557
CVE-2013-0208,0.01815,0.76117
CVE-2013-0209,0.06523,0.90962
CVE-2013-0210,0.01055,0.50287
CVE-2013-0211,0.01537,0.73595
CVE-2013-0213,0.02172,0.79917
CVE-2013-0214,0.03407,0.83908
CVE-2013-0215,0.01018,0.38792
CVE-2013-0216,0.01537,0.73595
CVE-2013-0217,0.01108,0.53389
CVE-2013-0218,0.01104,0.52279
CVE-2013-0219,0.01547,0.74085
CVE-2013-0220,0.02172,0.79917
CVE-2013-0221,0.07032,0.919
CVE-2013-0222,0.0095,0.30554
CVE-2013-0223,0.0095,0.30554
CVE-2013-0224,0.0089,0.2856
CVE-2013-0225,0.01232,0.66248
CVE-2013-0226,0.01055,0.50287
CVE-2013-0227,0.01132,0.54372
CVE-2013-0228,0.01537,0.73595
CVE-2013-0231,0.01282,0.67298
CVE-2013-0232,0.52751,0.9868
CVE-2013-0233,0.52751,0.9868
CVE-2013-0234,0.01408,0.72072
CVE-2013-0235,0.36555,0.97781
CVE-2013-0236,0.01213,0.6557
CVE-2013-0237,0.01213,0.6557
CVE-2013-0238,0.14493,0.95633
CVE-2013-0239,0.06394,0.90534
CVE-2013-0240,0.01537,0.73595
CVE-2013-0241,0.01282,0.67298
CVE-2013-0242,0.02686,0.82061
CVE-2013-0243,0.00954,0.34522
CVE-2013-0244,0.01319,0.70416
CVE-2013-0245,0.01315,0.67456
CVE-2013-0246,0.01213,0.6557
CVE-2013-0247,0.01319,0.70416
CVE-2013-0248,0.01627,0.74906
CVE-2013-0249,0.36795,0.97786
CVE-2013-0250,0.01213,0.6557
CVE-2013-0251,0.04291,0.87022
CVE-2013-0252,0.02172,0.79917
CVE-2013-0253,0.01484,0.72722
CVE-2013-0254,0.01034,0.39824
CVE-2013-0255,0.02528,0.8112
CVE-2013-0256,0.01955,0.77585
CVE-2013-0257,0.01055,0.50287
CVE-2013-0258,0.01213,0.6557
CVE-2013-0259,0.01132,0.54372
CVE-2013-0260,0.00885,0.26162
CVE-2013-0261,0.00885,0.26162
CVE-2013-0262,0.01537,0.73595
CVE-2013-0263,0.09915,0.94265
CVE-2013-0264,0.00885,0.26162
CVE-2013-0265,0.0089,0.2856
CVE-2013-0266,0.0089,0.2856
CVE-2013-0267,0.01386,0.71108
CVE-2013-0268,0.02446,0.80841
CVE-2013-0270,0.01319,0.70416
CVE-2013-0271,0.01319,0.70416
CVE-2013-0272,0.03425,0.8393
CVE-2013-0273,0.01108,0.53389
CVE-2013-0274,0.01319,0.70416
CVE-2013-0275,0.01213,0.6557
CVE-2013-0276,0.02172,0.79917
CVE-2013-0277,0.07544,0.92484
CVE-2013-0281,0.01136,0.57949
CVE-2013-0282,0.01108,0.53389
CVE-2013-0283,0.00885,0.26162
CVE-2013-0284,0.01055,0.50287
CVE-2013-0285,0.0556,0.89553
CVE-2013-0286,0.00885,0.26162
CVE-2013-0287,0.02186,0.8012
CVE-2013-0288,0.02646,0.81377
CVE-2013-0289,0.01537,0.73595
CVE-2013-0290,0.01104,0.52279
CVE-2013-0291,0.08382,0.93597
CVE-2013-0292,0.03534,0.84129
CVE-2013-0293,0.0095,0.30554
CVE-2013-0294,0.01408,0.72072
CVE-2013-0296,0.0095,0.30554
CVE-2013-0297,0.01055,0.50287
CVE-2013-0298,0.01055,0.50287
CVE-2013-0299,0.01055,0.50287
CVE-2013-0300,0.01055,0.50287
CVE-2013-0301,0.01055,0.50287
CVE-2013-0302,0.01055,0.50287
CVE-2013-0304,0.01055,0.50287
CVE-2013-0305,0.01132,0.54372
CVE-2013-0306,0.01213,0.6557
CVE-2013-0307,0.00885,0.26162
CVE-2013-0308,0.02686,0.82061
CVE-2013-0309,0.01034,0.39824
CVE-2013-0310,0.01034,0.39824
CVE-2013-0311,0.01282,0.67298
CVE-2013-0312,0.01319,0.70416
CVE-2013-0313,0.0095,0.30554
CVE-2013-0314,0.01213,0.6557
CVE-2013-0315,0.01213,0.6557
CVE-2013-0316,0.01055,0.50287
CVE-2013-0317,0.01213,0.6557
CVE-2013-0318,0.01055,0.50287
CVE-2013-0319,0.01319,0.70416
CVE-2013-0320,0.01319,0.70416
CVE-2013-0321,0.01213,0.6557
CVE-2013-0322,0.01213,0.6557
CVE-2013-0323,0.01319,0.70416
CVE-2013-0324,0.01132,0.54372
CVE-2013-0325,0.01319,0.70416
CVE-2013-0326,0.0095,0.30554
CVE-2013-0327,0.01213,0.6557
CVE-2013-0328,0.01319,0.70416
CVE-2013-0329,0.01213,0.6557
CVE-2013-0330,0.01232,0.66248
CVE-2013-0331,0.01232,0.66248
CVE-2013-0332,0.07911,0.92967
CVE-2013-0334,0.01408,0.72072
CVE-2013-0335,0.01815,0.76117
CVE-2013-0336,0.01319,0.70416
CVE-2013-0337,0.01018,0.38792
CVE-2013-0338,0.02686,0.82061
CVE-2013-0339,0.03407,0.83908
CVE-2013-0340,0.03932,0.8519
CVE-2013-0342,0.01319,0.70416
CVE-2013-0343,0.04358,0.87435
CVE-2013-0345,0.0095,0.30554
CVE-2013-0346,0.00885,0.26162
CVE-2013-0347,0.01034,0.39824
CVE-2013-0348,0.01034,0.39824
CVE-2013-0349,0.01104,0.52279
CVE-2013-0350,0.0089,0.2856
CVE-2013-0351,0.03779,0.84781
CVE-2013-0352,0.01213,0.6557
CVE-2013-0353,0.01055,0.50287
CVE-2013-0354,0.01213,0.6557
CVE-2013-0355,0.01055,0.50287
CVE-2013-0356,0.01055,0.50287
CVE-2013-0357,0.01055,0.50287
CVE-2013-0358,0.01055,0.50287
CVE-2013-0359,0.01055,0.50287
CVE-2013-0360,0.01055,0.50287
CVE-2013-0361,0.01213,0.6557
CVE-2013-0362,0.01055,0.50287
CVE-2013-0363,0.01213,0.6557
CVE-2013-0364,0.01213,0.6557
CVE-2013-0365,0.01055,0.50287
CVE-2013-0366,0.01213,0.6557
CVE-2013-0367,0.01232,0.66248
CVE-2013-0368,0.01232,0.66248
CVE-2013-0369,0.01055,0.50287
CVE-2013-0370,0.01055,0.50287
CVE-2013-0371,0.01232,0.66248
CVE-2013-0372,0.01213,0.6557
CVE-2013-0373,0.01055,0.50287
CVE-2013-0374,0.01055,0.50287
CVE-2013-0375,0.01232,0.66248
CVE-2013-0376,0.01055,0.50287
CVE-2013-0377,0.01055,0.50287
CVE-2013-0378,0.01055,0.50287
CVE-2013-0379,0.01055,0.50287
CVE-2013-0380,0.01055,0.50287
CVE-2013-0381,0.01213,0.6557
CVE-2013-0382,0.01055,0.50287
CVE-2013-0383,0.01319,0.70416
CVE-2013-0384,0.01232,0.66248
CVE-2013-0385,0.01034,0.39824
CVE-2013-0386,0.01232,0.66248
CVE-2013-0387,0.01055,0.50287
CVE-2013-0388,0.01055,0.50287
CVE-2013-0389,0.01232,0.66248
CVE-2013-0390,0.01055,0.50287
CVE-2013-0391,0.01055,0.50287
CVE-2013-0392,0.01055,0.50287
CVE-2013-0393,0.01108,0.53389
CVE-2013-0394,0.01055,0.50287
CVE-2013-0395,0.01055,0.50287
CVE-2013-0396,0.01055,0.50287
CVE-2013-0397,0.09425,0.93963
CVE-2013-0398,0.05822,0.89998
CVE-2013-0399,0.0095,0.30554
CVE-2013-0400,0.0095,0.30554
CVE-2013-0401,0.12248,0.95092
CVE-2013-0402,0.07777,0.92953
CVE-2013-0403,0.0089,0.2856
CVE-2013-0404,0.0089,0.2856
CVE-2013-0405,0.01136,0.57949
CVE-2013-0406,0.01136,0.57949
CVE-2013-0407,0.0095,0.30554
CVE-2013-0408,0.00954,0.34522
CVE-2013-0409,0.03779,0.84781
CVE-2013-0410,0.01055,0.50287
CVE-2013-0411,0.0089,0.2856
CVE-2013-0412,0.0089,0.2856
CVE-2013-0413,0.05125,0.89049
CVE-2013-0414,0.00885,0.26162
CVE-2013-0415,0.0095,0.30554
CVE-2013-0416,0.01055,0.50287
CVE-2013-0417,0.01055,0.50287
CVE-2013-0418,0.17601,0.96053
CVE-2013-0419,0.03407,0.83908
CVE-2013-0420,0.01034,0.39824
CVE-2013-0422,0.86728,0.99706
CVE-2013-0423,0.03407,0.83908
CVE-2013-0424,0.04358,0.87435
CVE-2013-0425,0.04358,0.87435
CVE-2013-0426,0.04358,0.87435
CVE-2013-0427,0.04358,0.87435
CVE-2013-0428,0.04358,0.87435
CVE-2013-0429,0.03932,0.8519
CVE-2013-0430,0.01282,0.67298
CVE-2013-0431,0.80209,0.99487
CVE-2013-0432,0.04358,0.87435
CVE-2013-0433,0.04358,0.87435
CVE-2013-0434,0.04358,0.87435
CVE-2013-0435,0.04358,0.87435
CVE-2013-0436,0.01319,0.70416
CVE-2013-0437,0.02172,0.79917
CVE-2013-0438,0.03779,0.84781
CVE-2013-0439,0.01319,0.70416
CVE-2013-0440,0.04358,0.87435
CVE-2013-0441,0.04358,0.87435
CVE-2013-0442,0.04358,0.87435
CVE-2013-0443,0.03932,0.8519
CVE-2013-0444,0.03407,0.83908
CVE-2013-0445,0.04358,0.87435
CVE-2013-0446,0.03779,0.84781
CVE-2013-0447,0.01319,0.70416
CVE-2013-0448,0.01319,0.70416
CVE-2013-0449,0.02172,0.79917
CVE-2013-0450,0.04358,0.87435
CVE-2013-0451,0.01132,0.54372
CVE-2013-0452,0.01136,0.57949
CVE-2013-0453,0.01061,0.51015
CVE-2013-0454,0.01232,0.66248
CVE-2013-0455,0.01055,0.50287
CVE-2013-0456,0.01055,0.50287
CVE-2013-0457,0.01061,0.51015
CVE-2013-0458,0.01136,0.57949
CVE-2013-0459,0.01136,0.57949
CVE-2013-0460,0.01136,0.57949
CVE-2013-0461,0.01136,0.57949
CVE-2013-0462,0.00885,0.26162
CVE-2013-0463,0.01055,0.50287
CVE-2013-0464,0.01213,0.6557
CVE-2013-0465,0.01136,0.57949
CVE-2013-0466,0.01136,0.57949
CVE-2013-0467,0.01055,0.50287
CVE-2013-0468,0.01055,0.50287
CVE-2013-0470,0.01055,0.50287
CVE-2013-0471,0.01136,0.57949
CVE-2013-0472,0.00954,0.34522
CVE-2013-0473,0.01136,0.57949
CVE-2013-0474,0.01136,0.57949
CVE-2013-0475,0.01055,0.50287
CVE-2013-0476,0.01055,0.50287
CVE-2013-0477,0.01055,0.50287
CVE-2013-0478,0.01055,0.50287
CVE-2013-0479,0.01055,0.50287
CVE-2013-0481,0.01136,0.57949
CVE-2013-0482,0.01319,0.70416
CVE-2013-0483,0.01055,0.50287
CVE-2013-0484,0.01055,0.50287
CVE-2013-0485,0.01108,0.53389
CVE-2013-0486,0.01213,0.6557
CVE-2013-0487,0.01055,0.50287
CVE-2013-0488,0.01055,0.50287
CVE-2013-0489,0.01055,0.50287
CVE-2013-0490,0.00885,0.26162
CVE-2013-0492,0.01055,0.50287
CVE-2013-0494,0.01136,0.57949
CVE-2013-0499,0.01213,0.6557
CVE-2013-0500,0.01055,0.50287
CVE-2013-0501,0.01055,0.50287
CVE-2013-0502,0.01136,0.57949
CVE-2013-0503,0.01136,0.57949
CVE-2013-0504,0.03961,0.85248
CVE-2013-0505,0.01061,0.51015
CVE-2013-0506,0.01136,0.57949
CVE-2013-0507,0.00885,0.26162
CVE-2013-0508,0.04285,0.86889
CVE-2013-0509,0.05629,0.89602
CVE-2013-0510,0.00885,0.26162
CVE-2013-0511,0.01055,0.50287
CVE-2013-0512,0.01136,0.57949
CVE-2013-0513,0.0089,0.2856
CVE-2013-0517,0.01005,0.36332
CVE-2013-0518,0.01055,0.50287
CVE-2013-0519,0.01055,0.50287
CVE-2013-0520,0.01055,0.50287
CVE-2013-0522,0.00885,0.26162
CVE-2013-0523,0.01213,0.6557
CVE-2013-0525,0.00885,0.26162
CVE-2013-0526,0.06772,0.91214
CVE-2013-0527,0.00954,0.34522
CVE-2013-0529,0.01136,0.57949
CVE-2013-0531,0.01055,0.50287
CVE-2013-0532,0.01136,0.57949
CVE-2013-0533,0.01055,0.50287
CVE-2013-0534,0.00885,0.26162
CVE-2013-0535,0.01061,0.51015
CVE-2013-0536,0.00885,0.26162
CVE-2013-0537,0.01055,0.50287
CVE-2013-0538,0.01136,0.57949
CVE-2013-0539,0.01136,0.57949
CVE-2013-0540,0.01061,0.51015
CVE-2013-0541,0.0089,0.2856
CVE-2013-0542,0.01136,0.57949
CVE-2013-0543,0.01136,0.57949
CVE-2013-0544,0.01061,0.51015
CVE-2013-0548,0.01319,0.70416
CVE-2013-0549,0.01136,0.57949
CVE-2013-0551,0.01319,0.70416
CVE-2013-0553,0.01055,0.50287
CVE-2013-0558,0.01136,0.57949
CVE-2013-0559,0.01136,0.57949
CVE-2013-0560,0.01055,0.50287
CVE-2013-0565,0.01136,0.57949
CVE-2013-0566,0.01136,0.57949
CVE-2013-0567,0.01061,0.51015
CVE-2013-0568,0.01055,0.50287
CVE-2013-0569,0.01136,0.57949
CVE-2013-0570,0.01055,0.50287
CVE-2013-0571,0.01055,0.50287
CVE-2013-0572,0.01055,0.50287
CVE-2013-0576,0.01136,0.57949
CVE-2013-0577,0.01055,0.50287
CVE-2013-0578,0.01061,0.51015
CVE-2013-0579,0.01055,0.50287
CVE-2013-0580,0.01055,0.50287
CVE-2013-0581,0.01061,0.51015
CVE-2013-0582,0.01213,0.6557
CVE-2013-0584,0.01055,0.50287
CVE-2013-0585,0.01055,0.50287
CVE-2013-0586,0.01055,0.50287
CVE-2013-0587,0.01136,0.57949
CVE-2013-0589,0.01055,0.50287
CVE-2013-0590,0.01055,0.50287
CVE-2013-0591,0.01055,0.50287
CVE-2013-0592,0.01055,0.50287
CVE-2013-0593,0.05629,0.89602
CVE-2013-0594,0.01055,0.50287
CVE-2013-0595,0.01136,0.57949
CVE-2013-0596,0.01136,0.57949
CVE-2013-0597,0.01132,0.54372
CVE-2013-0598,0.01136,0.57949
CVE-2013-0599,0.01136,0.57949
CVE-2013-0600,0.01055,0.50287
CVE-2013-0601,0.04036,0.85309
CVE-2013-0602,0.04219,0.86801
CVE-2013-0603,0.04219,0.86801
CVE-2013-0604,0.04219,0.86801
CVE-2013-0605,0.04036,0.85309
CVE-2013-0606,0.04219,0.86801
CVE-2013-0607,0.04219,0.86801
CVE-2013-0608,0.04219,0.86801
CVE-2013-0609,0.04219,0.86801
CVE-2013-0610,0.04219,0.86801
CVE-2013-0611,0.04219,0.86801
CVE-2013-0612,0.04219,0.86801
CVE-2013-0613,0.04219,0.86801
CVE-2013-0614,0.04219,0.86801
CVE-2013-0615,0.04219,0.86801
CVE-2013-0616,0.04036,0.85309
CVE-2013-0617,0.04219,0.86801
CVE-2013-0618,0.04219,0.86801
CVE-2013-0619,0.04036,0.85309
CVE-2013-0620,0.04036,0.85309
CVE-2013-0621,0.04219,0.86801
CVE-2013-0622,0.01308,0.67354
CVE-2013-0623,0.04036,0.85309
CVE-2013-0624,0.01308,0.67354
CVE-2013-0625,0.06523,0.90962
CVE-2013-0626,0.04219,0.86801
CVE-2013-0627,0.01221,0.65581
CVE-2013-0629,0.01126,0.53553
CVE-2013-0630,0.03961,0.85248
CVE-2013-0631,0.01046,0.41635
CVE-2013-0632,0.94152,0.99944
CVE-2013-0633,0.06309,0.90494
CVE-2013-0634,0.92226,0.999
CVE-2013-0635,0.05268,0.89299
CVE-2013-0636,0.05268,0.89299
CVE-2013-0637,0.01308,0.67354
CVE-2013-0638,0.03788,0.84809
CVE-2013-0639,0.03961,0.85248
CVE-2013-0640,0.64496,0.98965
CVE-2013-0641,0.09915,0.94265
CVE-2013-0642,0.03961,0.85248
CVE-2013-0643,0.06309,0.90494
CVE-2013-0644,0.03961,0.85248
CVE-2013-0645,0.03961,0.85248
CVE-2013-0646,0.03961,0.85248
CVE-2013-0647,0.03788,0.84809
CVE-2013-0648,0.06309,0.90494
CVE-2013-0649,0.03961,0.85248
CVE-2013-0650,0.03961,0.85248
CVE-2013-0651,0.01055,0.50287
CVE-2013-0652,0.01055,0.50287
CVE-2013-0653,0.31822,0.97484
CVE-2013-0654,0.01055,0.50287
CVE-2013-0655,0.0292,0.82516
CVE-2013-0656,0.04806,0.88736
CVE-2013-0657,0.12131,0.94983
CVE-2013-0658,0.08728,0.93654
CVE-2013-0659,0.05822,0.89998
CVE-2013-0662,0.11569,0.9484
CVE-2013-0663,0.07032,0.919
CVE-2013-0664,0.05302,0.89375
CVE-2013-0665,0.00885,0.26162
CVE-2013-0666,0.01055,0.50287
CVE-2013-0667,0.01055,0.50287
CVE-2013-0668,0.01055,0.50287
CVE-2013-0669,0.01055,0.50287
CVE-2013-0670,0.01055,0.50287
CVE-2013-0671,0.01055,0.50287
CVE-2013-0672,0.01055,0.50287
CVE-2013-0673,0.01055,0.50287
CVE-2013-0674,0.04863,0.88822
CVE-2013-0675,0.01055,0.50287
CVE-2013-0676,0.01055,0.50287
CVE-2013-0677,0.01055,0.50287
CVE-2013-0678,0.01055,0.50287
CVE-2013-0679,0.01055,0.50287
CVE-2013-0680,0.43922,0.98228
CVE-2013-0681,0.01055,0.50287
CVE-2013-0682,0.04611,0.88458
CVE-2013-0683,0.00885,0.26162
CVE-2013-0684,0.01055,0.50287
CVE-2013-0685,0.04611,0.88458
CVE-2013-0686,0.01055,0.50287
CVE-2013-0687,0.00885,0.26162
CVE-2013-0688,0.01055,0.50287
CVE-2013-0689,0.04611,0.88458
CVE-2013-0692,0.04611,0.88458
CVE-2013-0693,0.01055,0.50287
CVE-2013-0694,0.01055,0.50287
CVE-2013-0699,0.07032,0.919
CVE-2013-0700,0.01055,0.50287
CVE-2013-0701,0.01061,0.51015
CVE-2013-0702,0.01136,0.57949
CVE-2013-0703,0.01136,0.57949
CVE-2013-0704,0.01055,0.50287
CVE-2013-0705,0.01136,0.57949
CVE-2013-0706,0.01136,0.57949
CVE-2013-0707,0.06309,0.90494
CVE-2013-0708,0.01136,0.57949
CVE-2013-0709,0.01136,0.57949
CVE-2013-0710,0.06309,0.90494
CVE-2013-0711,0.01213,0.6557
CVE-2013-0712,0.01061,0.51015
CVE-2013-0713,0.01132,0.54372
CVE-2013-0714,0.04291,0.87022
CVE-2013-0715,0.01132,0.54372
CVE-2013-0716,0.01213,0.6557
CVE-2013-0717,0.01213,0.6557
CVE-2013-0718,0.00885,0.26162
CVE-2013-0719,0.00885,0.26162
CVE-2013-0720,0.00885,0.26162
CVE-2013-0721,0.01136,0.57949
CVE-2013-0722,0.01034,0.39824
CVE-2013-0723,0.04641,0.88525
CVE-2013-0724,0.01213,0.6557
CVE-2013-0725,0.01005,0.36332
CVE-2013-0726,0.64709,0.98974
CVE-2013-0727,0.00885,0.26162
CVE-2013-0728,0.04611,0.88458
CVE-2013-0729,0.06309,0.90494
CVE-2013-0730,0.01136,0.57949
CVE-2013-0731,0.01319,0.70416
CVE-2013-0732,0.06309,0.90494
CVE-2013-0733,0.47215,0.98447
CVE-2013-0734,0.01319,0.70416
CVE-2013-0735,0.01213,0.6557
CVE-2013-0736,0.01213,0.6557
CVE-2013-0737,0.01055,0.50287
CVE-2013-0738,0.00885,0.26162
CVE-2013-0739,0.00885,0.26162
CVE-2013-0740,0.01136,0.57949
CVE-2013-0741,0.01136,0.57949
CVE-2013-0742,0.0749,0.92326
CVE-2013-0744,0.06604,0.91138
CVE-2013-0745,0.09915,0.94265
CVE-2013-0746,0.06604,0.91138
CVE-2013-0747,0.01955,0.77585
CVE-2013-0748,0.01955,0.77585
CVE-2013-0749,0.06604,0.91138
CVE-2013-0750,0.09915,0.94265
CVE-2013-0751,0.01319,0.70416
CVE-2013-0752,0.06604,0.91138
CVE-2013-0753,0.88274,0.99792
CVE-2013-0754,0.09915,0.94265
CVE-2013-0755,0.09915,0.94265
CVE-2013-0756,0.08522,0.93616
CVE-2013-0757,0.01955,0.77585
CVE-2013-0758,0.02172,0.79917
CVE-2013-0759,0.02172,0.79917
CVE-2013-0760,0.09915,0.94265
CVE-2013-0761,0.06604,0.91138
CVE-2013-0762,0.06604,0.91138
CVE-2013-0763,0.06604,0.91138
CVE-2013-0764,0.1127,0.94787
CVE-2013-0765,0.01319,0.70416
CVE-2013-0766,0.06604,0.91138
CVE-2013-0767,0.07544,0.92484
CVE-2013-0768,0.09915,0.94265
CVE-2013-0769,0.06604,0.91138
CVE-2013-0770,0.06604,0.91138
CVE-2013-0771,0.09915,0.94265
CVE-2013-0772,0.01408,0.72072
CVE-2013-0773,0.01776,0.75902
CVE-2013-0774,0.01183,0.60428
CVE-2013-0775,0.08522,0.93616
CVE-2013-0776,0.01537,0.73595
CVE-2013-0777,0.05288,0.89317
CVE-2013-0778,0.05288,0.89317
CVE-2013-0779,0.05288,0.89317
CVE-2013-0780,0.06604,0.91138
CVE-2013-0781,0.05288,0.89317
CVE-2013-0782,0.09915,0.94265
CVE-2013-0783,0.06604,0.91138
CVE-2013-0784,0.06604,0.91138
CVE-2013-0785,0.01136,0.57949
CVE-2013-0786,0.01136,0.57949
CVE-2013-0787,0.09915,0.94265
CVE-2013-0788,0.08228,0.93218
CVE-2013-0789,0.08228,0.93218
CVE-2013-0790,0.04291,0.87022
CVE-2013-0791,0.03779,0.84781
CVE-2013-0792,0.01408,0.72072
CVE-2013-0793,0.03407,0.83908
CVE-2013-0794,0.01408,0.72072
CVE-2013-0795,0.02172,0.79917
CVE-2013-0796,0.07544,0.92484
CVE-2013-0797,0.01018,0.38792
CVE-2013-0798,0.00954,0.34522
CVE-2013-0799,0.0095,0.30554
CVE-2013-0800,0.09915,0.94265
CVE-2013-0801,0.08228,0.93218
CVE-2013-0803,0.83007,0.99561
CVE-2013-0804,0.10414,0.94371
CVE-2013-0805,0.01319,0.70416
CVE-2013-0807,0.02255,0.80558
CVE-2013-0809,0.12248,0.95092
CVE-2013-0810,0.91736,0.99885
CVE-2013-0811,0.39349,0.98008
CVE-2013-0828,0.01136,0.57949
CVE-2013-0829,0.01136,0.57949
CVE-2013-0830,0.01018,0.38792
CVE-2013-0831,0.01213,0.6557
CVE-2013-0832,0.01213,0.6557
CVE-2013-0833,0.01213,0.6557
CVE-2013-0834,0.01213,0.6557
CVE-2013-0835,0.01213,0.6557
CVE-2013-0836,0.01213,0.6557
CVE-2013-0837,0.01213,0.6557
CVE-2013-0838,0.00954,0.34522
CVE-2013-0839,0.01136,0.57949
CVE-2013-0840,0.00954,0.34522
CVE-2013-0841,0.01136,0.57949
CVE-2013-0842,0.00954,0.34522
CVE-2013-0843,0.01213,0.6557
CVE-2013-0844,0.01213,0.6557
CVE-2013-0845,0.01213,0.6557
CVE-2013-0846,0.01136,0.57949
CVE-2013-0847,0.01055,0.50287
CVE-2013-0848,0.01136,0.57949
CVE-2013-0849,0.01136,0.57949
CVE-2013-0850,0.01136,0.57949
CVE-2013-0851,0.01055,0.50287
CVE-2013-0852,0.01136,0.57949
CVE-2013-0853,0.01136,0.57949
CVE-2013-0854,0.01136,0.57949
CVE-2013-0855,0.01055,0.50287
CVE-2013-0856,0.01055,0.50287
CVE-2013-0857,0.01136,0.57949
CVE-2013-0858,0.01213,0.6557
CVE-2013-0859,0.01055,0.50287
CVE-2013-0860,0.01213,0.6557
CVE-2013-0861,0.01213,0.6557
CVE-2013-0862,0.01136,0.57949
CVE-2013-0863,0.01213,0.6557
CVE-2013-0864,0.01136,0.57949
CVE-2013-0865,0.01213,0.6557
CVE-2013-0866,0.01213,0.6557
CVE-2013-0867,0.01136,0.57949
CVE-2013-0868,0.01213,0.6557
CVE-2013-0869,0.01055,0.50287
CVE-2013-0870,0.00954,0.34522
CVE-2013-0871,0.01547,0.74085
CVE-2013-0872,0.01136,0.57949
CVE-2013-0873,0.01136,0.57949
CVE-2013-0874,0.01136,0.57949
CVE-2013-0875,0.01136,0.57949
CVE-2013-0876,0.01136,0.57949
CVE-2013-0877,0.01136,0.57949
CVE-2013-0878,0.01136,0.57949
CVE-2013-0879,0.01974,0.7812
CVE-2013-0880,0.01213,0.6557
CVE-2013-0881,0.01213,0.6557
CVE-2013-0882,0.01213,0.6557
CVE-2013-0883,0.01213,0.6557
CVE-2013-0884,0.01018,0.38792
CVE-2013-0885,0.01018,0.38792
CVE-2013-0886,0.00954,0.34522
CVE-2013-0887,0.01018,0.38792
CVE-2013-0888,0.01213,0.6557
CVE-2013-0889,0.06309,0.90494
CVE-2013-0890,0.01213,0.6557
CVE-2013-0891,0.01213,0.6557
CVE-2013-0892,0.02172,0.79917
CVE-2013-0893,0.01213,0.6557
CVE-2013-0894,0.01319,0.70416
CVE-2013-0895,0.01136,0.57949
CVE-2013-0896,0.01213,0.6557
CVE-2013-0897,0.01213,0.6557
CVE-2013-0898,0.01213,0.6557
CVE-2013-0899,0.01408,0.72072
CVE-2013-0900,0.01319,0.70416
CVE-2013-0902,0.01136,0.57949
CVE-2013-0903,0.01136,0.57949
CVE-2013-0904,0.01213,0.6557
CVE-2013-0905,0.01136,0.57949
CVE-2013-0906,0.01136,0.57949
CVE-2013-0907,0.01136,0.57949
CVE-2013-0908,0.00954,0.34522
CVE-2013-0909,0.01136,0.57949
CVE-2013-0910,0.01213,0.6557
CVE-2013-0911,0.01136,0.57949
CVE-2013-0912,0.1127,0.94787
CVE-2013-0913,0.01547,0.74085
CVE-2013-0914,0.01547,0.74085
CVE-2013-0915,0.00885,0.26162
CVE-2013-0916,0.01136,0.57949
CVE-2013-0917,0.01136,0.57949
CVE-2013-0918,0.01136,0.57949
CVE-2013-0919,0.01055,0.50287
CVE-2013-0920,0.01136,0.57949
CVE-2013-0921,0.01136,0.57949
CVE-2013-0922,0.00954,0.34522
CVE-2013-0923,0.01213,0.6557
CVE-2013-0924,0.00954,0.34522
CVE-2013-0925,0.00954,0.34522
CVE-2013-0926,0.01955,0.77585
CVE-2013-0927,0.00954,0.34522
CVE-2013-0928,0.7669,0.99359
CVE-2013-0929,0.05629,0.89602
CVE-2013-0930,0.08096,0.93059
CVE-2013-0931,0.00885,0.26162
CVE-2013-0932,0.01055,0.50287
CVE-2013-0933,0.01055,0.50287
CVE-2013-0934,0.01055,0.50287
CVE-2013-0935,0.08096,0.93059
CVE-2013-0936,0.01055,0.50287
CVE-2013-0937,0.01055,0.50287
CVE-2013-0938,0.01055,0.50287
CVE-2013-0939,0.01055,0.50287
CVE-2013-0940,0.00885,0.26162
CVE-2013-0941,0.00885,0.26162
CVE-2013-0942,0.01055,0.50287
CVE-2013-0943,0.00885,0.26162
CVE-2013-0944,0.01055,0.50287
CVE-2013-0945,0.00885,0.26162
CVE-2013-0946,0.12131,0.94983
CVE-2013-0947,0.00885,0.26162
CVE-2013-0948,0.02657,0.81424
CVE-2013-0949,0.02657,0.81424
CVE-2013-0950,0.02657,0.81424
CVE-2013-0951,0.02657,0.81424
CVE-2013-0952,0.02657,0.81424
CVE-2013-0953,0.02657,0.81424
CVE-2013-0954,0.02657,0.81424
CVE-2013-0955,0.02657,0.81424
CVE-2013-0956,0.02657,0.81424
CVE-2013-0957,0.00954,0.34522
CVE-2013-0958,0.02657,0.81424
CVE-2013-0959,0.02657,0.81424
CVE-2013-0960,0.061,0.90161
CVE-2013-0961,0.061,0.90161
CVE-2013-0962,0.01136,0.57949
CVE-2013-0963,0.00954,0.34522
CVE-2013-0964,0.01034,0.39824
CVE-2013-0966,0.01055,0.50287
CVE-2013-0967,0.01055,0.50287
CVE-2013-0968,0.04587,0.88394
CVE-2013-0969,0.00885,0.26162
CVE-2013-0970,0.01055,0.50287
CVE-2013-0971,0.04014,0.8528
CVE-2013-0973,0.00885,0.26162
CVE-2013-0974,0.01136,0.57949
CVE-2013-0975,0.04641,0.88525
CVE-2013-0976,0.03977,0.85263
CVE-2013-0977,0.0095,0.30554
CVE-2013-0978,0.0095,0.30554
CVE-2013-0979,0.00885,0.26162
CVE-2013-0980,0.00885,0.26162
CVE-2013-0981,0.0095,0.30554
CVE-2013-0982,0.00885,0.26162
CVE-2013-0983,0.04641,0.88525
CVE-2013-0984,0.15886,0.95888
CVE-2013-0985,0.00885,0.26162
CVE-2013-0986,0.03124,0.83087
CVE-2013-0987,0.03124,0.83087
CVE-2013-0988,0.03124,0.83087
CVE-2013-0989,0.03124,0.83087
CVE-2013-0990,0.01055,0.50287
CVE-2013-0991,0.02788,0.8222
CVE-2013-0992,0.44387,0.98235
CVE-2013-0993,0.02788,0.8222
CVE-2013-0994,0.02788,0.8222
CVE-2013-0995,0.02788,0.8222
CVE-2013-0996,0.02788,0.8222
CVE-2013-0997,0.03605,0.8425
CVE-2013-0998,0.02788,0.8222
CVE-2013-0999,0.02788,0.8222
CVE-2013-1000,0.02788,0.8222
CVE-2013-10001,0.00885,0.26162
CVE-2013-10002,0.00885,0.26162
CVE-2013-10003,0.00885,0.26162
CVE-2013-10004,0.00885,0.26162
CVE-2013-1001,0.02788,0.8222
CVE-2013-1002,0.02788,0.8222
CVE-2013-1003,0.02788,0.8222
CVE-2013-1004,0.02788,0.8222
CVE-2013-1005,0.02788,0.8222
CVE-2013-1006,0.02788,0.8222
CVE-2013-1007,0.02788,0.8222
CVE-2013-1008,0.02788,0.8222
CVE-2013-1009,0.04587,0.88394
CVE-2013-1010,0.02788,0.8222
CVE-2013-1011,0.02374,0.80692
CVE-2013-1012,0.01213,0.6557
CVE-2013-1013,0.01055,0.50287
CVE-2013-1014,0.00954,0.34522
CVE-2013-1015,0.03124,0.83087
CVE-2013-1016,0.03124,0.83087
CVE-2013-1017,0.78387,0.99424
CVE-2013-1018,0.03124,0.83087
CVE-2013-1019,0.03751,0.84389
CVE-2013-1020,0.03124,0.83087
CVE-2013-1021,0.03124,0.83087
CVE-2013-1022,0.03124,0.83087
CVE-2013-1023,0.04587,0.88394
CVE-2013-1024,0.03124,0.83087
CVE-2013-1025,0.03124,0.83087
CVE-2013-1026,0.03124,0.83087
CVE-2013-1027,0.05822,0.89998
CVE-2013-1028,0.01018,0.38792
CVE-2013-1029,0.01055,0.50287
CVE-2013-1030,0.00885,0.26162
CVE-2013-1031,0.00885,0.26162
CVE-2013-1032,0.03124,0.83087
CVE-2013-1033,0.01055,0.50287
CVE-2013-1034,0.01136,0.57949
CVE-2013-1035,0.02657,0.81424
CVE-2013-1036,0.03124,0.83087
CVE-2013-1037,0.03194,0.83328
CVE-2013-1038,0.03194,0.83328
CVE-2013-1039,0.03194,0.83328
CVE-2013-1040,0.03194,0.83328
CVE-2013-1041,0.03194,0.83328
CVE-2013-1042,0.03194,0.83328
CVE-2013-1043,0.03194,0.83328
CVE-2013-1044,0.03194,0.83328
CVE-2013-1045,0.03194,0.83328
CVE-2013-1046,0.03194,0.83328
CVE-2013-1047,0.03194,0.83328
CVE-2013-1048,0.00885,0.26162
CVE-2013-1049,0.02791,0.82239
CVE-2013-1050,0.01018,0.38792
CVE-2013-1051,0.00954,0.34522
CVE-2013-1052,0.0089,0.2856
CVE-2013-1053,0.00885,0.26162
CVE-2013-1054,0.00885,0.26162
CVE-2013-1055,0.00885,0.26162
CVE-2013-1056,0.00885,0.26162
CVE-2013-1057,0.01592,0.74578
CVE-2013-1058,0.01213,0.6557
CVE-2013-1059,0.02172,0.79917
CVE-2013-1060,0.01547,0.74085
CVE-2013-1061,0.01034,0.39824
CVE-2013-1062,0.00885,0.26162
CVE-2013-1063,0.0095,0.30554
CVE-2013-1064,0.0095,0.30554
CVE-2013-1065,0.0089,0.2856
CVE-2013-1066,0.01034,0.39824
CVE-2013-1067,0.00885,0.26162
CVE-2013-1068,0.00885,0.26162
CVE-2013-1069,0.00885,0.26162
CVE-2013-1070,0.01136,0.57949
CVE-2013-1079,0.01055,0.50287
CVE-2013-1080,0.7669,0.99359
CVE-2013-1082,0.01055,0.50287
CVE-2013-1083,0.00885,0.26162
CVE-2013-1084,0.01136,0.57949
CVE-2013-1085,0.07481,0.92326
CVE-2013-1086,0.01136,0.57949
CVE-2013-1087,0.01055,0.50287
CVE-2013-1088,0.01055,0.50287
CVE-2013-1090,0.00885,0.26162
CVE-2013-1091,0.07732,0.92768
CVE-2013-1092,0.00885,0.26162
CVE-2013-1093,0.01136,0.57949
CVE-2013-1094,0.01136,0.57949
CVE-2013-1095,0.01136,0.57949
CVE-2013-1096,0.01136,0.57949
CVE-2013-1097,0.01136,0.57949
CVE-2013-1100,0.01055,0.50287
CVE-2013-1102,0.01213,0.6557
CVE-2013-1103,0.01213,0.6557
CVE-2013-1104,0.06337,0.90513
CVE-2013-1105,0.01232,0.66248
CVE-2013-1107,0.01055,0.50287
CVE-2013-1108,0.01055,0.50287
CVE-2013-1109,0.01055,0.50287
CVE-2013-1110,0.01061,0.51015
CVE-2013-1111,0.01055,0.50287
CVE-2013-1112,0.01136,0.57949
CVE-2013-1113,0.01213,0.6557
CVE-2013-1114,0.01055,0.50287
CVE-2013-1115,0.04611,0.88458
CVE-2013-1116,0.04611,0.88458
CVE-2013-1117,0.04611,0.88458
CVE-2013-1118,0.04611,0.88458
CVE-2013-1119,0.04611,0.88458
CVE-2013-1120,0.01055,0.50287
CVE-2013-1121,0.01055,0.50287
CVE-2013-1122,0.01055,0.50287
CVE-2013-1123,0.01319,0.70416
CVE-2013-1124,0.00885,0.26162
CVE-2013-1125,0.00885,0.26162
CVE-2013-1128,0.01136,0.57949
CVE-2013-1129,0.01055,0.50287
CVE-2013-1130,0.00885,0.26162
CVE-2013-1131,0.01055,0.50287
CVE-2013-1132,0.01055,0.50287
CVE-2013-1133,0.01055,0.50287
CVE-2013-1134,0.01055,0.50287
CVE-2013-1135,0.01055,0.50287
CVE-2013-1136,0.00885,0.26162
CVE-2013-1137,0.01055,0.50287
CVE-2013-1138,0.01055,0.50287
CVE-2013-1139,0.01055,0.50287
CVE-2013-1140,0.01055,0.50287
CVE-2013-1141,0.01055,0.50287
CVE-2013-1142,0.01055,0.50287
CVE-2013-1143,0.01055,0.50287
CVE-2013-1144,0.01055,0.50287
CVE-2013-1145,0.01055,0.50287
CVE-2013-1146,0.01055,0.50287
CVE-2013-1147,0.01055,0.50287
CVE-2013-1148,0.01055,0.50287
CVE-2013-1149,0.01055,0.50287
CVE-2013-1150,0.01055,0.50287
CVE-2013-1151,0.01055,0.50287
CVE-2013-1152,0.01055,0.50287
CVE-2013-1153,0.01055,0.50287
CVE-2013-1154,0.01136,0.57949
CVE-2013-1155,0.01055,0.50287
CVE-2013-1156,0.01055,0.50287
CVE-2013-1157,0.01055,0.50287
CVE-2013-1158,0.01055,0.50287
CVE-2013-1159,0.01055,0.50287
CVE-2013-1160,0.01055,0.50287
CVE-2013-1161,0.01055,0.50287
CVE-2013-1162,0.01055,0.50287
CVE-2013-1163,0.01055,0.50287
CVE-2013-1164,0.01055,0.50287
CVE-2013-1165,0.01055,0.50287
CVE-2013-1166,0.01055,0.50287
CVE-2013-1167,0.01055,0.50287
CVE-2013-1168,0.01055,0.50287
CVE-2013-1169,0.01055,0.50287
CVE-2013-1170,0.01055,0.50287
CVE-2013-1171,0.01055,0.50287
CVE-2013-1172,0.00885,0.26162
CVE-2013-1173,0.00885,0.26162
CVE-2013-1174,0.01055,0.50287
CVE-2013-1176,0.01055,0.50287
CVE-2013-1177,0.01055,0.50287
CVE-2013-1178,0.03977,0.85263
CVE-2013-1179,0.04611,0.88458
CVE-2013-1180,0.04611,0.88458
CVE-2013-1181,0.01055,0.50287
CVE-2013-1182,0.01055,0.50287
CVE-2013-1183,0.04611,0.88458
CVE-2013-1184,0.01055,0.50287
CVE-2013-1185,0.01055,0.50287
CVE-2013-1186,0.01055,0.50287
CVE-2013-1187,0.01055,0.50287
CVE-2013-1188,0.01055,0.50287
CVE-2013-1189,0.01055,0.50287
CVE-2013-1190,0.01055,0.50287
CVE-2013-1191,0.01055,0.50287
CVE-2013-1192,0.01055,0.50287
CVE-2013-1193,0.01055,0.50287
CVE-2013-1194,0.01055,0.50287
CVE-2013-1195,0.01055,0.50287
CVE-2013-1196,0.00885,0.26162
CVE-2013-1197,0.01055,0.50287
CVE-2013-1198,0.01055,0.50287
CVE-2013-1199,0.01055,0.50287
CVE-2013-1200,0.01055,0.50287
CVE-2013-1202,0.00885,0.26162
CVE-2013-1203,0.01055,0.50287
CVE-2013-1204,0.01055,0.50287
CVE-2013-1205,0.01055,0.50287
CVE-2013-1208,0.01055,0.50287
CVE-2013-1209,0.01055,0.50287
CVE-2013-1210,0.01055,0.50287
CVE-2013-1211,0.01055,0.50287
CVE-2013-1212,0.00885,0.26162
CVE-2013-1213,0.01055,0.50287
CVE-2013-1214,0.01055,0.50287
CVE-2013-1215,0.00885,0.26162
CVE-2013-1216,0.01055,0.50287
CVE-2013-1217,0.01055,0.50287
CVE-2013-1218,0.01055,0.50287
CVE-2013-1219,0.00885,0.26162
CVE-2013-1220,0.01055,0.50287
CVE-2013-1221,0.04611,0.88458
CVE-2013-1222,0.01055,0.50287
CVE-2013-1223,0.01055,0.50287
CVE-2013-1224,0.01055,0.50287
CVE-2013-1225,0.01055,0.50287
CVE-2013-1226,0.01055,0.50287
CVE-2013-1227,0.01055,0.50287
CVE-2013-1228,0.00885,0.26162
CVE-2013-1229,0.01055,0.50287
CVE-2013-1230,0.01055,0.50287
CVE-2013-1231,0.01055,0.50287
CVE-2013-1232,0.01055,0.50287
CVE-2013-1234,0.01055,0.50287
CVE-2013-1235,0.01055,0.50287
CVE-2013-1236,0.01055,0.50287
CVE-2013-1240,0.00885,0.26162
CVE-2013-1241,0.01055,0.50287
CVE-2013-1242,0.01055,0.50287
CVE-2013-1243,0.01055,0.50287
CVE-2013-1244,0.01055,0.50287
CVE-2013-1245,0.01055,0.50287
CVE-2013-1246,0.01055,0.50287
CVE-2013-1247,0.01055,0.50287
CVE-2013-1248,0.01205,0.60537
CVE-2013-1249,0.01205,0.60537
CVE-2013-1250,0.01205,0.60537
CVE-2013-1251,0.01205,0.60537
CVE-2013-1252,0.01205,0.60537
CVE-2013-1253,0.01205,0.60537
CVE-2013-1254,0.01205,0.60537
CVE-2013-1255,0.01205,0.60537
CVE-2013-1256,0.01205,0.60537
CVE-2013-1257,0.01205,0.60537
CVE-2013-1258,0.01205,0.60537
CVE-2013-1259,0.01205,0.60537
CVE-2013-1260,0.01205,0.60537
CVE-2013-1261,0.01205,0.60537
CVE-2013-1262,0.01205,0.60537
CVE-2013-1263,0.01205,0.60537
CVE-2013-1264,0.01205,0.60537
CVE-2013-1265,0.01205,0.60537
CVE-2013-1266,0.01205,0.60537
CVE-2013-1267,0.01205,0.60537
CVE-2013-1268,0.01205,0.60537
CVE-2013-1269,0.01205,0.60537
CVE-2013-1270,0.01205,0.60537
CVE-2013-1271,0.01205,0.60537
CVE-2013-1272,0.01205,0.60537
CVE-2013-1273,0.01205,0.60537
CVE-2013-1274,0.01205,0.60537
CVE-2013-1275,0.01205,0.60537
CVE-2013-1276,0.01205,0.60537
CVE-2013-1277,0.01205,0.60537
CVE-2013-1278,0.01205,0.60537
CVE-2013-1279,0.01205,0.60537
CVE-2013-1280,0.01205,0.60537
CVE-2013-1281,0.29797,0.97364
CVE-2013-1282,0.29797,0.97364
CVE-2013-1283,0.01205,0.60537
CVE-2013-1284,0.01205,0.60537
CVE-2013-1285,0.02354,0.80648
CVE-2013-1286,0.02354,0.80648
CVE-2013-1287,0.02354,0.80648
CVE-2013-1288,0.39349,0.98008
CVE-2013-1289,0.29797,0.97364
CVE-2013-1290,0.17127,0.9601
CVE-2013-1291,0.09655,0.93983
CVE-2013-1292,0.01205,0.60537
CVE-2013-1293,0.01198,0.6045
CVE-2013-1294,0.01205,0.60537
CVE-2013-1295,0.01268,0.66456
CVE-2013-1296,0.48414,0.98504
CVE-2013-1297,0.29797,0.97364
CVE-2013-1299,0.25802,0.96904
CVE-2013-1301,0.29797,0.97364
CVE-2013-1302,0.49719,0.98611
CVE-2013-1303,0.39349,0.98008
CVE-2013-1304,0.39349,0.98008
CVE-2013-1305,0.29797,0.97364
CVE-2013-1306,0.62004,0.98889
CVE-2013-1307,0.39349,0.98008
CVE-2013-1308,0.39349,0.98008
CVE-2013-1309,0.66717,0.99008
CVE-2013-1310,0.39349,0.98008
CVE-2013-1311,0.63792,0.98936
CVE-2013-1312,0.39349,0.98008
CVE-2013-1313,0.58315,0.98794
CVE-2013-1315,0.41954,0.98157
CVE-2013-1316,0.49719,0.98611
CVE-2013-1317,0.49719,0.98611
CVE-2013-1318,0.49719,0.98611
CVE-2013-1319,0.49719,0.98611
CVE-2013-1320,0.49719,0.98611
CVE-2013-1321,0.49719,0.98611
CVE-2013-1322,0.49719,0.98611
CVE-2013-1323,0.49719,0.98611
CVE-2013-1324,0.49719,0.98611
CVE-2013-1325,0.49719,0.98611
CVE-2013-1327,0.49719,0.98611
CVE-2013-1328,0.49719,0.98611
CVE-2013-1329,0.49719,0.98611
CVE-2013-1330,0.48722,0.98514
CVE-2013-1331,0.58315,0.98794
CVE-2013-1332,0.01773,0.75657
CVE-2013-1333,0.01773,0.75657
CVE-2013-1334,0.01773,0.75657
CVE-2013-1335,0.49719,0.98611
CVE-2013-1336,0.29797,0.97364
CVE-2013-1337,0.29797,0.97364
CVE-2013-1338,0.39349,0.98008
CVE-2013-1339,0.4046,0.98044
CVE-2013-1340,0.01205,0.60537
CVE-2013-1341,0.01205,0.60537
CVE-2013-1342,0.01205,0.60537
CVE-2013-1343,0.01205,0.60537
CVE-2013-1344,0.01205,0.60537
CVE-2013-1345,0.01205,0.60537
CVE-2013-1346,0.23003,0.96493
CVE-2013-1347,0.91736,0.99885
CVE-2013-1348,0.01213,0.6557
CVE-2013-1349,0.78265,0.99423
CVE-2013-1350,0.00885,0.26162
CVE-2013-1351,0.00954,0.34522
CVE-2013-1352,0.00954,0.34522
CVE-2013-1353,0.00885,0.26162
CVE-2013-1359,0.85322,0.99658
CVE-2013-1360,0.10212,0.94357
CVE-2013-1361,0.06309,0.90494
CVE-2013-1362,0.80923,0.99502
CVE-2013-1364,0.01319,0.70416
CVE-2013-1365,0.03961,0.85248
CVE-2013-1366,0.03961,0.85248
CVE-2013-1367,0.03961,0.85248
CVE-2013-1368,0.03961,0.85248
CVE-2013-1369,0.03961,0.85248
CVE-2013-1370,0.03961,0.85248
CVE-2013-1371,0.03788,0.84809
CVE-2013-1372,0.03961,0.85248
CVE-2013-1373,0.03961,0.85248
CVE-2013-1374,0.03961,0.85248
CVE-2013-1375,0.03961,0.85248
CVE-2013-1376,0.05094,0.89039
CVE-2013-1377,0.05094,0.89039
CVE-2013-1378,0.03788,0.84809
CVE-2013-1379,0.03788,0.84809
CVE-2013-1380,0.03788,0.84809
CVE-2013-1383,0.05094,0.89039
CVE-2013-1384,0.05094,0.89039
CVE-2013-1385,0.01046,0.41635
CVE-2013-1386,0.05094,0.89039
CVE-2013-1387,0.01046,0.41635
CVE-2013-1388,0.01046,0.41635
CVE-2013-1389,0.04611,0.88458
CVE-2013-1391,0.84538,0.99616
CVE-2013-1393,0.01483,0.7269
CVE-2013-1397,0.01213,0.6557
CVE-2013-1398,0.01055,0.50287
CVE-2013-1399,0.01055,0.50287
CVE-2013-1400,0.00954,0.34522
CVE-2013-1401,0.01136,0.57949
CVE-2013-1402,0.06464,0.9062
CVE-2013-1405,0.0434,0.87049
CVE-2013-1406,0.01832,0.76196
CVE-2013-1407,0.01136,0.57949
CVE-2013-1408,0.01139,0.58345
CVE-2013-1409,0.01953,0.77242
CVE-2013-1410,0.02173,0.80027
CVE-2013-1412,0.52751,0.9868
CVE-2013-1413,0.01213,0.6557
CVE-2013-1414,0.07032,0.919
CVE-2013-1415,0.01408,0.72072
CVE-2013-1416,0.01815,0.76117
CVE-2013-1417,0.01132,0.54372
CVE-2013-1418,0.02172,0.79917
CVE-2013-1420,0.01136,0.57949
CVE-2013-1421,0.01136,0.57949
CVE-2013-1422,0.00954,0.34522
CVE-2013-1423,0.01282,0.67298
CVE-2013-1425,0.0089,0.2856
CVE-2013-1426,0.01136,0.57949
CVE-2013-1427,0.0095,0.30554
CVE-2013-1428,0.59082,0.98816
CVE-2013-1429,0.01213,0.6557
CVE-2013-1430,0.00954,0.34522
CVE-2013-1431,0.01213,0.6557
CVE-2013-1432,0.01034,0.39824
CVE-2013-1434,0.01974,0.7812
CVE-2013-1435,0.01408,0.72072
CVE-2013-1436,0.07584,0.92581
CVE-2013-1437,0.01136,0.57949
CVE-2013-1438,0.01018,0.38792
CVE-2013-1439,0.00954,0.34522
CVE-2013-1441,0.00954,0.34522
CVE-2013-1442,0.01034,0.39824
CVE-2013-1443,0.01213,0.6557
CVE-2013-1444,0.0095,0.30554
CVE-2013-1445,0.00954,0.34522
CVE-2013-1447,0.01213,0.6557
CVE-2013-1450,0.29797,0.97364
CVE-2013-1451,0.41244,0.98133
CVE-2013-1453,0.00986,0.35784
CVE-2013-1454,0.00885,0.26162
CVE-2013-1455,0.00885,0.26162
CVE-2013-1461,0.01136,0.57949
CVE-2013-1462,0.01136,0.57949
CVE-2013-1463,0.02255,0.80558
CVE-2013-1464,0.02255,0.80558
CVE-2013-1465,0.12715,0.95359
CVE-2013-1466,0.02255,0.80558
CVE-2013-1468,0.01776,0.75902
CVE-2013-1469,0.08379,0.93298
CVE-2013-1470,0.01213,0.6557
CVE-2013-1471,0.01953,0.77242
CVE-2013-1472,0.01319,0.70416
CVE-2013-1473,0.03779,0.84781
CVE-2013-1474,0.01319,0.70416
CVE-2013-1475,0.04358,0.87435
CVE-2013-1476,0.04358,0.87435
CVE-2013-1477,0.01319,0.70416
CVE-2013-1478,0.04358,0.87435
CVE-2013-1479,0.01408,0.72072
CVE-2013-1480,0.04358,0.87435
CVE-2013-1481,0.03779,0.84781
CVE-2013-1482,0.01319,0.70416
CVE-2013-1483,0.01319,0.70416
CVE-2013-1484,0.02172,0.79917
CVE-2013-1485,0.02172,0.79917
CVE-2013-1486,0.04358,0.87435
CVE-2013-1487,0.02172,0.79917
CVE-2013-1489,0.03779,0.84781
CVE-2013-1490,0.01319,0.70416
CVE-2013-1492,0.01108,0.53389
CVE-2013-1493,0.86057,0.99685
CVE-2013-1494,0.0089,0.2856
CVE-2013-1495,0.0089,0.2856
CVE-2013-1496,0.0089,0.2856
CVE-2013-1497,0.01055,0.50287
CVE-2013-1498,0.0089,0.2856
CVE-2013-1499,0.00885,0.26162
CVE-2013-1500,0.01547,0.74085
CVE-2013-1501,0.01055,0.50287
CVE-2013-1502,0.0095,0.30554
CVE-2013-1503,0.01055,0.50287
CVE-2013-1504,0.01055,0.50287
CVE-2013-1505,0.01055,0.50287
CVE-2013-1506,0.01132,0.54372
CVE-2013-1507,0.0089,0.2856
CVE-2013-1508,0.01055,0.50287
CVE-2013-1509,0.06642,0.91147
CVE-2013-1510,0.01055,0.50287
CVE-2013-1511,0.01132,0.54372
CVE-2013-1512,0.01132,0.54372
CVE-2013-1513,0.01055,0.50287
CVE-2013-1514,0.01055,0.50287
CVE-2013-1515,0.01055,0.50287
CVE-2013-1516,0.01055,0.50287
CVE-2013-1517,0.01055,0.50287
CVE-2013-1518,0.04358,0.87435
CVE-2013-1519,0.01213,0.6557
CVE-2013-1520,0.01055,0.50287
CVE-2013-1521,0.01132,0.54372
CVE-2013-1522,0.01055,0.50287
CVE-2013-1523,0.01132,0.54372
CVE-2013-1524,0.01055,0.50287
CVE-2013-1525,0.01055,0.50287
CVE-2013-1526,0.01132,0.54372
CVE-2013-1527,0.01055,0.50287
CVE-2013-1528,0.01055,0.50287
CVE-2013-1529,0.01055,0.50287
CVE-2013-1530,0.0089,0.2856
CVE-2013-1531,0.01132,0.54372
CVE-2013-1532,0.01132,0.54372
CVE-2013-1533,0.01055,0.50287
CVE-2013-1534,0.01213,0.6557
CVE-2013-1535,0.01055,0.50287
CVE-2013-1536,0.01055,0.50287
CVE-2013-1537,0.12248,0.95092
CVE-2013-1538,0.01213,0.6557
CVE-2013-1539,0.01055,0.50287
CVE-2013-1540,0.03407,0.83908
CVE-2013-1541,0.01055,0.50287
CVE-2013-1542,0.01055,0.50287
CVE-2013-1543,0.01055,0.50287
CVE-2013-1544,0.01132,0.54372
CVE-2013-1545,0.01055,0.50287
CVE-2013-1546,0.00885,0.26162
CVE-2013-1547,0.01055,0.50287
CVE-2013-1548,0.01132,0.54372
CVE-2013-1549,0.01055,0.50287
CVE-2013-1550,0.01055,0.50287
CVE-2013-1551,0.01055,0.50287
CVE-2013-1552,0.01132,0.54372
CVE-2013-1553,0.01055,0.50287
CVE-2013-1554,0.01213,0.6557
CVE-2013-1555,0.01132,0.54372
CVE-2013-1556,0.01055,0.50287
CVE-2013-1557,0.04358,0.87435
CVE-2013-1558,0.03779,0.84781
CVE-2013-1559,0.83694,0.99588
CVE-2013-1560,0.01061,0.51015
CVE-2013-1561,0.01213,0.6557
CVE-2013-1562,0.01055,0.50287
CVE-2013-1563,0.03407,0.83908
CVE-2013-1564,0.01213,0.6557
CVE-2013-1565,0.01055,0.50287
CVE-2013-1566,0.01132,0.54372
CVE-2013-1567,0.01132,0.54372
CVE-2013-1568,0.01055,0.50287
CVE-2013-1569,0.04358,0.87435
CVE-2013-1570,0.01213,0.6557
CVE-2013-1571,0.03932,0.8519
CVE-2013-1572,0.01319,0.70416
CVE-2013-1573,0.01319,0.70416
CVE-2013-1574,0.01319,0.70416
CVE-2013-1575,0.01319,0.70416
CVE-2013-1576,0.01319,0.70416
CVE-2013-1577,0.01319,0.70416
CVE-2013-1578,0.01319,0.70416
CVE-2013-1579,0.01319,0.70416
CVE-2013-1580,0.01319,0.70416
CVE-2013-1581,0.01319,0.70416
CVE-2013-1582,0.01408,0.72072
CVE-2013-1583,0.01319,0.70416
CVE-2013-1584,0.01319,0.70416
CVE-2013-1585,0.01319,0.70416
CVE-2013-1586,0.01408,0.72072
CVE-2013-1587,0.01319,0.70416
CVE-2013-1588,0.01408,0.72072
CVE-2013-1589,0.01319,0.70416
CVE-2013-1590,0.01213,0.6557
CVE-2013-1591,0.01183,0.60428
CVE-2013-1592,0.1821,0.96105
CVE-2013-1593,0.01018,0.38792
CVE-2013-1594,0.01108,0.53389
CVE-2013-1595,0.02398,0.80734
CVE-2013-1596,0.01018,0.38792
CVE-2013-1597,0.0095,0.30554
CVE-2013-1598,0.02199,0.80273
CVE-2013-1599,0.02564,0.81198
CVE-2013-1600,0.01018,0.38792
CVE-2013-1601,0.01018,0.38792
CVE-2013-1602,0.01018,0.38792
CVE-2013-1603,0.01213,0.6557
CVE-2013-1604,0.01213,0.6557
CVE-2013-1605,0.07777,0.92953
CVE-2013-1606,0.10898,0.94476
CVE-2013-1607,0.0144,0.7265
CVE-2013-1608,0.01055,0.50287
CVE-2013-1609,0.00885,0.26162
CVE-2013-1610,0.00885,0.26162
CVE-2013-1611,0.01055,0.50287
CVE-2013-1612,0.09332,0.93948
CVE-2013-1613,0.01055,0.50287
CVE-2013-1614,0.01055,0.50287
CVE-2013-1615,0.01055,0.50287
CVE-2013-1616,0.06915,0.91832
CVE-2013-1617,0.01132,0.54372
CVE-2013-1618,0.01213,0.6557
CVE-2013-1619,0.03779,0.84781
CVE-2013-1620,0.04358,0.87435
CVE-2013-1621,0.01213,0.6557
CVE-2013-1623,0.01213,0.6557
CVE-2013-1624,0.01319,0.70416
CVE-2013-1627,0.06464,0.9062
CVE-2013-1629,0.03214,0.83353
CVE-2013-1630,0.0292,0.82516
CVE-2013-1631,0.00885,0.26162
CVE-2013-1633,0.04285,0.86889
CVE-2013-1634,0.01108,0.53389
CVE-2013-1635,0.03779,0.84781
CVE-2013-1636,0.02255,0.80558
CVE-2013-1637,0.06523,0.90962
CVE-2013-1638,0.12753,0.95373
CVE-2013-1639,0.01136,0.57949
CVE-2013-1640,0.06337,0.90513
CVE-2013-1641,0.01319,0.70416
CVE-2013-1642,0.01136,0.57949
CVE-2013-1643,0.03779,0.84781
CVE-2013-1645,0.01055,0.50287
CVE-2013-1646,0.01055,0.50287
CVE-2013-1647,0.01055,0.50287
CVE-2013-1648,0.01055,0.50287
CVE-2013-1649,0.00885,0.26162
CVE-2013-1650,0.00885,0.26162
CVE-2013-1651,0.00885,0.26162
CVE-2013-1652,0.01315,0.67456
CVE-2013-1653,0.06337,0.90513
CVE-2013-1654,0.01408,0.72072
CVE-2013-1655,0.07777,0.92953
CVE-2013-1656,0.01136,0.57949
CVE-2013-1659,0.0434,0.87049
CVE-2013-1661,0.00885,0.26162
CVE-2013-1662,0.18588,0.96144
CVE-2013-1664,0.02172,0.79917
CVE-2013-1665,0.02172,0.79917
CVE-2013-1666,0.01018,0.38792
CVE-2013-1667,0.02686,0.82061
CVE-2013-1668,0.08081,0.93056
CVE-2013-1669,0.08228,0.93218
CVE-2013-1670,0.37483,0.97831
CVE-2013-1671,0.01319,0.70416
CVE-2013-1672,0.0089,0.2856
CVE-2013-1673,0.0089,0.2856
CVE-2013-1674,0.09915,0.94265
CVE-2013-1675,0.03407,0.83908
CVE-2013-1676,0.08228,0.93218
CVE-2013-1677,0.08228,0.93218
CVE-2013-1678,0.08228,0.93218
CVE-2013-1679,0.08228,0.93218
CVE-2013-1680,0.08228,0.93218
CVE-2013-1681,0.08228,0.93218
CVE-2013-1682,0.08228,0.93218
CVE-2013-1683,0.08228,0.93218
CVE-2013-1684,0.05647,0.89773
CVE-2013-1685,0.05647,0.89773
CVE-2013-1686,0.08228,0.93218
CVE-2013-1687,0.03407,0.83908
CVE-2013-1688,0.01319,0.70416
CVE-2013-1689,0.01055,0.50287
CVE-2013-1692,0.03407,0.83908
CVE-2013-1693,0.09915,0.94265
CVE-2013-1694,0.08228,0.93218
CVE-2013-1695,0.01319,0.70416
CVE-2013-1696,0.01319,0.70416
CVE-2013-1697,0.03407,0.83908
CVE-2013-1698,0.01213,0.6557
CVE-2013-1699,0.01213,0.6557
CVE-2013-1700,0.0089,0.2856
CVE-2013-1701,0.05139,0.89128
CVE-2013-1702,0.07544,0.92484
CVE-2013-1704,0.04146,0.85406
CVE-2013-1705,0.04291,0.87022
CVE-2013-1706,0.0089,0.2856
CVE-2013-1707,0.0089,0.2856
CVE-2013-1708,0.01136,0.57949
CVE-2013-1709,0.01319,0.70416
CVE-2013-1710,0.44919,0.9826
CVE-2013-1711,0.01136,0.57949
CVE-2013-1712,0.0089,0.2856
CVE-2013-1713,0.01319,0.70416
CVE-2013-1714,0.01319,0.70416
CVE-2013-1715,0.0089,0.2856
CVE-2013-1717,0.01319,0.70416
CVE-2013-1718,0.08228,0.93218
CVE-2013-1719,0.08228,0.93218
CVE-2013-1720,0.06604,0.91138
CVE-2013-1721,0.08522,0.93616
CVE-2013-1722,0.06604,0.91138
CVE-2013-1723,0.01955,0.77585
CVE-2013-1724,0.06604,0.91138
CVE-2013-1725,0.09915,0.94265
CVE-2013-1726,0.01108,0.53389
CVE-2013-1727,0.01953,0.77242
CVE-2013-1728,0.03407,0.83908
CVE-2013-1729,0.01213,0.6557
CVE-2013-1730,0.05647,0.89773
CVE-2013-1731,0.01818,0.76133
CVE-2013-1732,0.09915,0.94265
CVE-2013-1733,0.01055,0.50287
CVE-2013-1734,0.01055,0.50287
CVE-2013-1735,0.09915,0.94265
CVE-2013-1736,0.08228,0.93218
CVE-2013-1737,0.03779,0.84781
CVE-2013-1738,0.09915,0.94265
CVE-2013-1739,0.04358,0.87435
CVE-2013-1740,0.02686,0.82061
CVE-2013-1741,0.04358,0.87435
CVE-2013-1742,0.01953,0.77242
CVE-2013-1743,0.01953,0.77242
CVE-2013-1744,0.08382,0.93597
CVE-2013-1747,0.01319,0.70416
CVE-2013-1748,0.01055,0.50287
CVE-2013-1749,0.01055,0.50287
CVE-2013-1750,0.03977,0.85263
CVE-2013-1751,0.01136,0.57949
CVE-2013-1753,0.01055,0.50287
CVE-2013-1756,0.06523,0.90962
CVE-2013-1758,0.01213,0.6557
CVE-2013-1759,0.01213,0.6557
CVE-2013-1760,0.00954,0.34522
CVE-2013-1762,0.0292,0.82516
CVE-2013-1764,0.01034,0.39824
CVE-2013-1765,0.01953,0.77242
CVE-2013-1766,0.0089,0.2856
CVE-2013-1767,0.01547,0.74085
CVE-2013-1768,0.13298,0.95487
CVE-2013-1769,0.01213,0.6557
CVE-2013-1770,0.01319,0.70416
CVE-2013-1771,0.00885,0.26162
CVE-2013-1772,0.0095,0.30554
CVE-2013-1773,0.03534,0.84129
CVE-2013-1774,0.01547,0.74085
CVE-2013-1776,0.01547,0.74085
CVE-2013-1777,0.06523,0.90962
CVE-2013-1778,0.01132,0.54372
CVE-2013-1779,0.01132,0.54372
CVE-2013-1780,0.01315,0.67456
CVE-2013-1781,0.01132,0.54372
CVE-2013-1782,0.01232,0.66248
CVE-2013-1783,0.01315,0.67456
CVE-2013-1784,0.01132,0.54372
CVE-2013-1785,0.01132,0.54372
CVE-2013-1786,0.01132,0.54372
CVE-2013-1787,0.01132,0.54372
CVE-2013-1788,0.04229,0.86856
CVE-2013-1789,0.01537,0.73595
CVE-2013-1790,0.01537,0.73595
CVE-2013-1792,0.01547,0.74085
CVE-2013-1793,0.00885,0.26162
CVE-2013-1794,0.04724,0.88696
CVE-2013-1795,0.01319,0.70416
CVE-2013-1796,0.02686,0.82061
CVE-2013-1797,0.02686,0.82061
CVE-2013-1798,0.02686,0.82061
CVE-2013-1799,0.01537,0.73595
CVE-2013-1800,0.05139,0.89128
CVE-2013-1801,0.04291,0.87022
CVE-2013-1802,0.04291,0.87022
CVE-2013-1803,0.03779,0.84781
CVE-2013-1804,0.01483,0.7269
CVE-2013-1806,0.01649,0.75017
CVE-2013-1807,0.01319,0.70416
CVE-2013-1808,0.03407,0.83908
CVE-2013-1809,0.01319,0.70416
CVE-2013-1810,0.01132,0.54372
CVE-2013-1811,0.0095,0.30554
CVE-2013-1812,0.01108,0.53389
CVE-2013-1813,0.01282,0.67298
CVE-2013-1814,0.80628,0.99492
CVE-2013-1815,0.0089,0.2856
CVE-2013-1816,0.01319,0.70416
CVE-2013-1817,0.01319,0.70416
CVE-2013-1818,0.01213,0.6557
CVE-2013-1819,0.01547,0.74085
CVE-2013-1820,0.0089,0.2856
CVE-2013-1821,0.04358,0.87435
CVE-2013-1822,0.01055,0.50287
CVE-2013-1823,0.01213,0.6557
CVE-2013-1824,0.01319,0.70416
CVE-2013-1826,0.01034,0.39824
CVE-2013-1827,0.01034,0.39824
CVE-2013-1828,0.026,0.81248
CVE-2013-1829,0.01061,0.51015
CVE-2013-1830,0.01213,0.6557
CVE-2013-1831,0.01213,0.6557
CVE-2013-1832,0.01132,0.54372
CVE-2013-1833,0.01132,0.54372
CVE-2013-1834,0.01132,0.54372
CVE-2013-1835,0.01132,0.54372
CVE-2013-1836,0.01132,0.54372
CVE-2013-1838,0.02186,0.8012
CVE-2013-1839,0.01319,0.70416
CVE-2013-1840,0.01815,0.76117
CVE-2013-1841,0.01213,0.6557
CVE-2013-1842,0.01408,0.72072
CVE-2013-1843,0.01408,0.72072
CVE-2013-1844,0.01055,0.50287
CVE-2013-1845,0.03115,0.83076
CVE-2013-1846,0.03115,0.83076
CVE-2013-1847,0.35376,0.97731
CVE-2013-1848,0.02686,0.82061
CVE-2013-1849,0.03718,0.84354
CVE-2013-1850,0.01055,0.50287
CVE-2013-1851,0.01055,0.50287
CVE-2013-1852,0.00986,0.35784
CVE-2013-1853,0.0095,0.30554
CVE-2013-1854,0.02172,0.79917
CVE-2013-1855,0.01955,0.77585
CVE-2013-1856,0.01213,0.6557
CVE-2013-1857,0.01955,0.77585
CVE-2013-1858,0.01034,0.39824
CVE-2013-1859,0.01213,0.6557
CVE-2013-1860,0.02172,0.79379
CVE-2013-1861,0.20333,0.96267
CVE-2013-1862,0.07344,0.92237
CVE-2013-1863,0.01055,0.50287
CVE-2013-1864,0.01776,0.75902
CVE-2013-1865,0.02172,0.79917
CVE-2013-1866,0.00885,0.26162
CVE-2013-1867,0.00885,0.26162
CVE-2013-1868,0.09424,0.93963
CVE-2013-1869,0.01213,0.6557
CVE-2013-1871,0.01232,0.66248
CVE-2013-1872,0.04229,0.86856
CVE-2013-1874,0.01592,0.74578
CVE-2013-1875,0.01213,0.6557
CVE-2013-1879,0.01484,0.72722
CVE-2013-1880,0.01484,0.72722
CVE-2013-1881,0.01776,0.75902
CVE-2013-1883,0.01319,0.70416
CVE-2013-1884,0.20224,0.96263
CVE-2013-1885,0.01319,0.70416
CVE-2013-1886,0.04291,0.87022
CVE-2013-1887,0.01633,0.74922
CVE-2013-1888,0.01034,0.39824
CVE-2013-1889,0.01213,0.6557
CVE-2013-1890,0.01136,0.57949
CVE-2013-1891,0.07308,0.9216
CVE-2013-1892,0.6318,0.98925
CVE-2013-1893,0.01061,0.51015
CVE-2013-1895,0.01018,0.38792
CVE-2013-1896,0.07344,0.92237
CVE-2013-1897,0.01319,0.70416
CVE-2013-1898,0.01213,0.6557
CVE-2013-1899,0.8437,0.99608
CVE-2013-1900,0.02528,0.8112
CVE-2013-1901,0.02186,0.8012
CVE-2013-1902,0.00954,0.34522
CVE-2013-1903,0.00954,0.34522
CVE-2013-1904,0.01213,0.6557
CVE-2013-1905,0.01408,0.72072
CVE-2013-1906,0.01136,0.57949
CVE-2013-1907,0.01974,0.7812
CVE-2013-1908,0.01408,0.72072
CVE-2013-1909,0.01742,0.75235
CVE-2013-1910,0.01108,0.53389
CVE-2013-1911,0.01319,0.70416
CVE-2013-1912,0.07544,0.92484
CVE-2013-1913,0.04967,0.88981
CVE-2013-1914,0.04358,0.87435
CVE-2013-1915,0.03779,0.84781
CVE-2013-1916,0.07308,0.9216
CVE-2013-1917,0.01282,0.67298
CVE-2013-1918,0.01104,0.52279
CVE-2013-1919,0.01282,0.67298
CVE-2013-1920,0.01547,0.74085
CVE-2013-1921,0.01034,0.39824
CVE-2013-1922,0.01104,0.52279
CVE-2013-1923,0.01408,0.72072
CVE-2013-1924,0.00885,0.26162
CVE-2013-1925,0.01232,0.66248
CVE-2013-1926,0.04358,0.87435
CVE-2013-1927,0.09915,0.94265
CVE-2013-1928,0.01282,0.67298
CVE-2013-1929,0.02172,0.79379
CVE-2013-1930,0.01104,0.52279
CVE-2013-1931,0.01319,0.70416
CVE-2013-1932,0.01132,0.54372
CVE-2013-1933,0.01018,0.38792
CVE-2013-1934,0.01132,0.54372
CVE-2013-1935,0.00954,0.34522
CVE-2013-1937,0.04353,0.87058
CVE-2013-1938,0.02173,0.80027
CVE-2013-1939,0.01055,0.50287
CVE-2013-1940,0.01034,0.39824
CVE-2013-1941,0.01055,0.50287
CVE-2013-1942,0.02397,0.80717
CVE-2013-1943,0.01018,0.38792
CVE-2013-1944,0.04358,0.87435
CVE-2013-1945,0.00885,0.26162
CVE-2013-1946,0.01213,0.6557
CVE-2013-1947,0.00885,0.26162
CVE-2013-1948,0.01018,0.38792
CVE-2013-1949,0.01213,0.6557
CVE-2013-1950,0.07032,0.919
CVE-2013-1951,0.01776,0.75902
CVE-2013-1952,0.01282,0.67298
CVE-2013-1953,0.00954,0.34522
CVE-2013-1954,0.06604,0.91138
CVE-2013-1955,0.01136,0.57949
CVE-2013-1956,0.0095,0.30554
CVE-2013-1957,0.0095,0.30554
CVE-2013-1958,0.0095,0.30554
CVE-2013-1959,0.02115,0.79119
CVE-2013-1960,0.06604,0.91138
CVE-2013-1961,0.01955,0.77585
CVE-2013-1962,0.03779,0.84781
CVE-2013-1963,0.01055,0.50287
CVE-2013-1964,0.01104,0.52279
CVE-2013-1966,0.0424,0.86863
CVE-2013-1967,0.01408,0.72072
CVE-2013-1968,0.02065,0.78946
CVE-2013-1969,0.03275,0.83521
CVE-2013-1971,0.01061,0.51015
CVE-2013-1972,0.01319,0.70416
CVE-2013-1973,0.01132,0.54372
CVE-2013-1976,0.01034,0.39824
CVE-2013-1977,0.0089,0.2856
CVE-2013-1978,0.04967,0.88981
CVE-2013-1979,0.02686,0.82061
CVE-2013-1980,0.07525,0.92398
CVE-2013-1981,0.01108,0.53389
CVE-2013-1982,0.01018,0.38792
CVE-2013-1983,0.01108,0.53389
CVE-2013-1984,0.01108,0.53389
CVE-2013-1985,0.01108,0.53389
CVE-2013-1986,0.01108,0.53389
CVE-2013-1987,0.01108,0.53389
CVE-2013-1988,0.01108,0.53389
CVE-2013-1989,0.01108,0.53389
CVE-2013-1990,0.01108,0.53389
CVE-2013-1991,0.01018,0.38792
CVE-2013-1992,0.01108,0.53389
CVE-2013-1993,0.01537,0.73595
CVE-2013-1994,0.01018,0.38792
CVE-2013-1995,0.01108,0.53389
CVE-2013-1996,0.01018,0.38792
CVE-2013-1997,0.02791,0.82239
CVE-2013-1998,0.03073,0.82961
CVE-2013-1999,0.03073,0.82961
CVE-2013-2000,0.02791,0.82239
CVE-2013-20001,0.00885,0.26162
CVE-2013-20002,0.01213,0.6557
CVE-2013-20003,0.00954,0.34522
CVE-2013-20004,0.00885,0.26162
CVE-2013-2001,0.03073,0.82961
CVE-2013-2002,0.03073,0.82961
CVE-2013-2003,0.01108,0.53389
CVE-2013-2004,0.01018,0.38792
CVE-2013-2005,0.01108,0.53389
CVE-2013-2007,0.01282,0.67298
CVE-2013-2008,0.00954,0.34522
CVE-2013-2009,0.1246,0.95137
CVE-2013-2010,0.83007,0.99561
CVE-2013-2011,0.04836,0.88802
CVE-2013-2012,0.01034,0.39824
CVE-2013-2013,0.0089,0.2856
CVE-2013-2014,0.01319,0.70416
CVE-2013-2015,0.01034,0.39824
CVE-2013-2016,0.01282,0.67298
CVE-2013-2017,0.01319,0.70416
CVE-2013-2018,0.01055,0.50287
CVE-2013-2019,0.01213,0.6557
CVE-2013-2020,0.04358,0.87435
CVE-2013-2021,0.03932,0.8519
CVE-2013-2022,0.01408,0.72072
CVE-2013-2023,0.01955,0.77585
CVE-2013-2024,0.02396,0.8071
CVE-2013-2025,0.01213,0.6557
CVE-2013-2027,0.0095,0.30554
CVE-2013-2029,0.00885,0.26162
CVE-2013-2030,0.0095,0.30554
CVE-2013-2031,0.01955,0.77585
CVE-2013-2032,0.01319,0.70416
CVE-2013-2033,0.01061,0.51015
CVE-2013-2034,0.05629,0.89602
CVE-2013-2035,0.01547,0.74085
CVE-2013-2036,0.01213,0.6557
CVE-2013-2037,0.01108,0.53389
CVE-2013-2038,0.04967,0.88981
CVE-2013-2039,0.01055,0.50287
CVE-2013-2040,0.01055,0.50287
CVE-2013-2041,0.01055,0.50287
CVE-2013-2042,0.01055,0.50287
CVE-2013-2043,0.01055,0.50287
CVE-2013-2044,0.01055,0.50287
CVE-2013-2045,0.01061,0.51015
CVE-2013-2046,0.01132,0.54372
CVE-2013-2047,0.00885,0.26162
CVE-2013-2048,0.01055,0.50287
CVE-2013-2049,0.01055,0.50287
CVE-2013-2050,0.38796,0.97911
CVE-2013-2051,0.01136,0.57949
CVE-2013-2052,0.0556,0.89553
CVE-2013-2053,0.05139,0.89128
CVE-2013-2054,0.04291,0.87022
CVE-2013-2055,0.01484,0.72722
CVE-2013-2056,0.01136,0.57949
CVE-2013-2057,0.00954,0.34522
CVE-2013-2058,0.0095,0.30554
CVE-2013-2059,0.01815,0.76117
CVE-2013-2060,0.01213,0.6557
CVE-2013-2061,0.02172,0.79917
CVE-2013-2062,0.01018,0.38792
CVE-2013-2063,0.01108,0.53389
CVE-2013-2064,0.01183,0.60428
CVE-2013-2065,0.01108,0.53389
CVE-2013-2066,0.03073,0.82961
CVE-2013-2067,0.07344,0.92237
CVE-2013-2068,0.74817,0.99283
CVE-2013-2069,0.01034,0.39824
CVE-2013-2070,0.02172,0.79917
CVE-2013-2071,0.05242,0.89216
CVE-2013-2073,0.00954,0.34522
CVE-2013-2074,0.01537,0.73595
CVE-2013-2075,0.01183,0.60428
CVE-2013-2076,0.0095,0.30554
CVE-2013-2077,0.0095,0.30554
CVE-2013-2078,0.0095,0.30554
CVE-2013-2079,0.01232,0.66248
CVE-2013-2080,0.01232,0.66248
CVE-2013-2081,0.01108,0.53389
CVE-2013-2082,0.01319,0.70416
CVE-2013-2083,0.01319,0.70416
CVE-2013-2085,0.01055,0.50287
CVE-2013-2086,0.01055,0.50287
CVE-2013-2087,0.01319,0.70416
CVE-2013-2088,0.1958,0.96209
CVE-2013-2089,0.01055,0.50287
CVE-2013-2090,0.01213,0.6557
CVE-2013-2091,0.01213,0.6557
CVE-2013-2092,0.01136,0.57949
CVE-2013-2093,0.01213,0.6557
CVE-2013-2095,0.02055,0.7893
CVE-2013-2096,0.01034,0.39824
CVE-2013-2097,0.10889,0.94474
CVE-2013-2099,0.02172,0.79917
CVE-2013-2100,0.01108,0.53389
CVE-2013-2101,0.00885,0.26162
CVE-2013-2102,0.01055,0.50287
CVE-2013-2103,0.00885,0.26162
CVE-2013-2104,0.01232,0.66248
CVE-2013-2105,0.0089,0.2856
CVE-2013-2106,0.00954,0.34522
CVE-2013-2107,0.07584,0.92581
CVE-2013-2108,0.08382,0.93597
CVE-2013-2109,0.01689,0.75137
CVE-2013-2110,0.01319,0.70416
CVE-2013-2111,0.01213,0.6557
CVE-2013-2112,0.0221,0.80318
CVE-2013-2113,0.68713,0.99072
CVE-2013-2114,0.06523,0.90962
CVE-2013-2115,0.0424,0.86863
CVE-2013-2116,0.03779,0.84781
CVE-2013-2117,0.01319,0.70416
CVE-2013-2118,0.07032,0.919
CVE-2013-2119,0.0095,0.30554
CVE-2013-2120,0.01018,0.38792
CVE-2013-2121,0.66513,0.99003
CVE-2013-2122,0.01408,0.72072
CVE-2013-2123,0.01213,0.6557
CVE-2013-2124,0.01319,0.70416
CVE-2013-2125,0.01319,0.70416
CVE-2013-2126,0.04229,0.86856
CVE-2013-2127,0.02791,0.82239
CVE-2013-2128,0.01034,0.39824
CVE-2013-2129,0.01319,0.70416
CVE-2013-2130,0.01232,0.66248
CVE-2013-2131,0.09257,0.93938
CVE-2013-2132,0.01537,0.73595
CVE-2013-2133,0.01232,0.66248
CVE-2013-2134,0.20224,0.96263
CVE-2013-2135,0.0424,0.86863
CVE-2013-2136,0.03718,0.84354
CVE-2013-2137,0.02072,0.79023
CVE-2013-2138,0.01319,0.70416
CVE-2013-2139,0.01955,0.77585
CVE-2013-2140,0.02686,0.82061
CVE-2013-2141,0.01282,0.67298
CVE-2013-2142,0.0095,0.30554
CVE-2013-2143,0.70439,0.99122
CVE-2013-2144,0.00885,0.26162
CVE-2013-2145,0.02137,0.79165
CVE-2013-2146,0.01034,0.39824
CVE-2013-2147,0.01547,0.74085
CVE-2013-2148,0.01104,0.52279
CVE-2013-2149,0.01055,0.50287
CVE-2013-2150,0.01055,0.50287
CVE-2013-2151,0.0089,0.2856
CVE-2013-2152,0.0095,0.30554
CVE-2013-2153,0.01742,0.75235
CVE-2013-2154,0.03073,0.82961
CVE-2013-2155,0.02072,0.79023
CVE-2013-2156,0.05139,0.89128
CVE-2013-2157,0.01213,0.6557
CVE-2013-2158,0.01408,0.72072
CVE-2013-2159,0.01018,0.38792
CVE-2013-2160,0.38911,0.97926
CVE-2013-2161,0.01018,0.38792
CVE-2013-2162,0.01034,0.39824
CVE-2013-2163,0.01213,0.6557
CVE-2013-2164,0.01547,0.74085
CVE-2013-2165,0.1127,0.94787
CVE-2013-2166,0.01183,0.60428
CVE-2013-2167,0.01537,0.73595
CVE-2013-2168,0.01547,0.74085
CVE-2013-2172,0.05242,0.89216
CVE-2013-2173,0.01319,0.70416
CVE-2013-2174,0.07544,0.92484
CVE-2013-2175,0.01319,0.70416
CVE-2013-2176,0.00885,0.26162
CVE-2013-2177,0.01213,0.6557
CVE-2013-2178,0.01319,0.70416
CVE-2013-2179,0.01213,0.6557
CVE-2013-2181,0.00885,0.26162
CVE-2013-2182,0.09257,0.93938
CVE-2013-2183,0.0095,0.30554
CVE-2013-2184,0.06523,0.90962
CVE-2013-2185,0.01484,0.72722
CVE-2013-2187,0.01484,0.72722
CVE-2013-2188,0.00885,0.26162
CVE-2013-2189,0.01136,0.57949
CVE-2013-2190,0.01034,0.39824
CVE-2013-2191,0.01108,0.53389
CVE-2013-2192,0.01246,0.66436
CVE-2013-2193,0.00954,0.34522
CVE-2013-2194,0.01282,0.67298
CVE-2013-2195,0.01282,0.67298
CVE-2013-2196,0.01282,0.67298
CVE-2013-2197,0.01213,0.6557
CVE-2013-2198,0.01018,0.38792
CVE-2013-2199,0.01213,0.6557
CVE-2013-2200,0.01132,0.54372
CVE-2013-2201,0.01213,0.6557
CVE-2013-2202,0.01213,0.6557
CVE-2013-2203,0.01213,0.6557
CVE-2013-2204,0.01213,0.6557
CVE-2013-2205,0.01319,0.70416
CVE-2013-2206,0.03407,0.83908
CVE-2013-2207,0.01282,0.67298
CVE-2013-2208,0.01213,0.6557
CVE-2013-2209,0.01319,0.70416
CVE-2013-2210,0.03073,0.82961
CVE-2013-2211,0.01034,0.39824
CVE-2013-2212,0.01018,0.38792
CVE-2013-2213,0.0089,0.2856
CVE-2013-2214,0.01132,0.54372
CVE-2013-2218,0.07032,0.919
CVE-2013-2219,0.01061,0.51015
CVE-2013-2220,0.04291,0.87022
CVE-2013-2221,0.0547,0.89492
CVE-2013-2222,0.05288,0.89317
CVE-2013-2223,0.01408,0.72072
CVE-2013-2224,0.0095,0.30554
CVE-2013-2225,0.09257,0.93938
CVE-2013-2226,0.01136,0.57949
CVE-2013-2227,0.01018,0.38792
CVE-2013-2228,0.01319,0.70416
CVE-2013-2230,0.01132,0.54372
CVE-2013-2231,0.0089,0.2856
CVE-2013-2232,0.01547,0.74085
CVE-2013-2233,0.01213,0.6557
CVE-2013-2234,0.01547,0.74085
CVE-2013-2236,0.01408,0.72072
CVE-2013-2237,0.01547,0.74085
CVE-2013-2238,0.05375,0.89443
CVE-2013-2239,0.0095,0.30554
CVE-2013-2240,0.01213,0.6557
CVE-2013-2241,0.01319,0.70416
CVE-2013-2242,0.01055,0.50287
CVE-2013-2243,0.01055,0.50287
CVE-2013-2244,0.01055,0.50287
CVE-2013-2245,0.01055,0.50287
CVE-2013-2246,0.01055,0.50287
CVE-2013-2247,0.01213,0.6557
CVE-2013-2248,0.30871,0.97416
CVE-2013-2249,0.05242,0.89216
CVE-2013-2250,0.02072,0.79023
CVE-2013-2251,0.90322,0.99852
CVE-2013-2254,0.01484,0.72722
CVE-2013-2255,0.01108,0.53389
CVE-2013-2256,0.01061,0.51015
CVE-2013-2257,0.00954,0.34522
CVE-2013-2258,0.00954,0.34522
CVE-2013-2259,0.02509,0.81058
CVE-2013-2260,0.01018,0.38792
CVE-2013-2261,0.08382,0.93597
CVE-2013-2262,0.01018,0.38792
CVE-2013-2263,0.01213,0.6557
CVE-2013-2264,0.01055,0.50287
CVE-2013-2266,0.23599,0.96561
CVE-2013-2267,0.05164,0.89136
CVE-2013-2268,0.00885,0.26162
CVE-2013-2269,0.01136,0.57949
CVE-2013-2270,0.01213,0.6557
CVE-2013-2271,0.07032,0.919
CVE-2013-2272,0.01055,0.50287
CVE-2013-2273,0.01055,0.50287
CVE-2013-2274,0.06337,0.90513
CVE-2013-2275,0.01315,0.67456
CVE-2013-2276,0.01055,0.50287
CVE-2013-2277,0.01055,0.50287
CVE-2013-2278,0.0556,0.89553
CVE-2013-2279,0.01213,0.6557
CVE-2013-2289,0.01953,0.77242
CVE-2013-2290,0.01018,0.38792
CVE-2013-2292,0.01055,0.50287
CVE-2013-2293,0.01136,0.57949
CVE-2013-2294,0.02173,0.80027
CVE-2013-2296,0.01055,0.50287
CVE-2013-2297,0.00885,0.26162
CVE-2013-2298,0.01183,0.60428
CVE-2013-2299,0.02191,0.8013
CVE-2013-2300,0.00885,0.26162
CVE-2013-2301,0.01018,0.38792
CVE-2013-2302,0.0089,0.2856
CVE-2013-2303,0.01055,0.50287
CVE-2013-2304,0.01055,0.50287
CVE-2013-2305,0.01213,0.6557
CVE-2013-2306,0.01136,0.57949
CVE-2013-2307,0.01136,0.57949
CVE-2013-2308,0.01061,0.51015
CVE-2013-2309,0.01136,0.57949
CVE-2013-2310,0.01213,0.6557
CVE-2013-2311,0.01136,0.57949
CVE-2013-2312,0.01213,0.6557
CVE-2013-2313,0.01213,0.6557
CVE-2013-2314,0.01213,0.6557
CVE-2013-2315,0.01213,0.6557
CVE-2013-2316,0.01055,0.50287
CVE-2013-2317,0.01055,0.50287
CVE-2013-2318,0.00954,0.34522
CVE-2013-2319,0.00885,0.26162
CVE-2013-2321,0.01055,0.50287
CVE-2013-2322,0.01055,0.50287
CVE-2013-2323,0.01055,0.50287
CVE-2013-2324,0.25143,0.96828
CVE-2013-2325,0.25143,0.96828
CVE-2013-2326,0.25143,0.96828
CVE-2013-2327,0.25143,0.96828
CVE-2013-2328,0.25143,0.96828
CVE-2013-2329,0.25143,0.96828
CVE-2013-2330,0.25143,0.96828
CVE-2013-2331,0.25143,0.96828
CVE-2013-2332,0.25143,0.96828
CVE-2013-2333,0.89586,0.99821
CVE-2013-2334,0.25143,0.96828
CVE-2013-2335,0.25143,0.96828
CVE-2013-2336,0.01055,0.50287
CVE-2013-2337,0.01055,0.50287
CVE-2013-2338,0.19175,0.96181
CVE-2013-2339,0.00885,0.26162
CVE-2013-2340,0.19175,0.96181
CVE-2013-2341,0.06133,0.90187
CVE-2013-2342,0.01136,0.57949
CVE-2013-2343,0.78092,0.99398
CVE-2013-2344,0.14677,0.95652
CVE-2013-2345,0.14677,0.95652
CVE-2013-2346,0.14677,0.95652
CVE-2013-2347,0.79567,0.99453
CVE-2013-2348,0.14677,0.95652
CVE-2013-2349,0.14677,0.95652
CVE-2013-2350,0.14677,0.95652
CVE-2013-2351,0.01055,0.50287
CVE-2013-2352,0.01136,0.57949
CVE-2013-2353,0.01055,0.50287
CVE-2013-2355,0.01055,0.50287
CVE-2013-2356,0.01055,0.50287
CVE-2013-2357,0.01055,0.50287
CVE-2013-2358,0.01055,0.50287
CVE-2013-2359,0.01055,0.50287
CVE-2013-2360,0.01055,0.50287
CVE-2013-2361,0.01055,0.50287
CVE-2013-2362,0.00885,0.26162
CVE-2013-2363,0.01055,0.50287
CVE-2013-2364,0.01055,0.50287
CVE-2013-2365,0.01055,0.50287
CVE-2013-2366,0.05822,0.89998
CVE-2013-2367,0.85868,0.99674
CVE-2013-2368,0.01055,0.50287
CVE-2013-2369,0.19175,0.96181
CVE-2013-2370,0.85868,0.99674
CVE-2013-2371,0.01136,0.57949
CVE-2013-2372,0.01136,0.57949
CVE-2013-2373,0.01136,0.57949
CVE-2013-2374,0.01055,0.50287
CVE-2013-2375,0.01132,0.54372
CVE-2013-2376,0.01132,0.54372
CVE-2013-2377,0.01055,0.50287
CVE-2013-2378,0.01132,0.54372
CVE-2013-2379,0.01055,0.50287
CVE-2013-2380,0.01055,0.50287
CVE-2013-2381,0.01132,0.54372
CVE-2013-2382,0.00885,0.26162
CVE-2013-2383,0.04358,0.87435
CVE-2013-2384,0.04358,0.87435
CVE-2013-2385,0.01055,0.50287
CVE-2013-2386,0.01055,0.50287
CVE-2013-2387,0.01055,0.50287
CVE-2013-2388,0.01055,0.50287
CVE-2013-2389,0.01132,0.54372
CVE-2013-2390,0.01055,0.50287
CVE-2013-2391,0.0095,0.30554
CVE-2013-2392,0.01132,0.54372
CVE-2013-2393,0.0095,0.30554
CVE-2013-2394,0.03407,0.83908
CVE-2013-2395,0.01132,0.54372
CVE-2013-2396,0.01055,0.50287
CVE-2013-2397,0.01055,0.50287
CVE-2013-2398,0.01055,0.50287
CVE-2013-2399,0.01055,0.50287
CVE-2013-2400,0.02172,0.79917
CVE-2013-2401,0.01055,0.50287
CVE-2013-2402,0.01055,0.50287
CVE-2013-2403,0.01055,0.50287
CVE-2013-2404,0.01055,0.50287
CVE-2013-2405,0.01055,0.50287
CVE-2013-2406,0.01055,0.50287
CVE-2013-2407,0.04358,0.87435
CVE-2013-2408,0.01055,0.50287
CVE-2013-2409,0.01055,0.50287
CVE-2013-2410,0.01055,0.50287
CVE-2013-2411,0.01055,0.50287
CVE-2013-2412,0.04358,0.87435
CVE-2013-2413,0.01055,0.50287
CVE-2013-2414,0.01213,0.6557
CVE-2013-2415,0.01547,0.74085
CVE-2013-2416,0.01213,0.6557
CVE-2013-2417,0.04358,0.87435
CVE-2013-2418,0.01547,0.74085
CVE-2013-2419,0.04358,0.87435
CVE-2013-2420,0.04358,0.87435
CVE-2013-2421,0.04358,0.87435
CVE-2013-2422,0.04358,0.87435
CVE-2013-2423,0.83039,0.99562
CVE-2013-2424,0.04358,0.87435
CVE-2013-2425,0.01213,0.6557
CVE-2013-2426,0.04358,0.87435
CVE-2013-2427,0.01213,0.6557
CVE-2013-2428,0.01213,0.6557
CVE-2013-2429,0.03932,0.8519
CVE-2013-2430,0.03932,0.8519
CVE-2013-2431,0.04358,0.87435
CVE-2013-2432,0.03779,0.84781
CVE-2013-2433,0.03407,0.83908
CVE-2013-2434,0.01319,0.70416
CVE-2013-2435,0.03779,0.84781
CVE-2013-2436,0.03407,0.83908
CVE-2013-2437,0.04358,0.87435
CVE-2013-2438,0.01213,0.6557
CVE-2013-2439,0.01282,0.67298
CVE-2013-2440,0.03779,0.84781
CVE-2013-2441,0.01055,0.50287
CVE-2013-2442,0.04358,0.87435
CVE-2013-2443,0.04358,0.87435
CVE-2013-2444,0.04358,0.87435
CVE-2013-2445,0.04358,0.87435
CVE-2013-2446,0.04358,0.87435
CVE-2013-2447,0.04358,0.87435
CVE-2013-2448,0.03932,0.8519
CVE-2013-2449,0.03779,0.84781
CVE-2013-2450,0.04358,0.87435
CVE-2013-2451,0.01547,0.74085
CVE-2013-2452,0.04358,0.87435
CVE-2013-2453,0.04358,0.87435
CVE-2013-2454,0.03932,0.8519
CVE-2013-2455,0.04358,0.87435
CVE-2013-2456,0.04358,0.87435
CVE-2013-2457,0.04358,0.87435
CVE-2013-2458,0.03407,0.83908
CVE-2013-2459,0.04358,0.87435
CVE-2013-2460,0.86087,0.99686
CVE-2013-2461,0.04358,0.87435
CVE-2013-2462,0.01955,0.77585
CVE-2013-2463,0.04358,0.87435
CVE-2013-2464,0.04358,0.87435
CVE-2013-2465,0.84125,0.99598
CVE-2013-2466,0.04358,0.87435
CVE-2013-2467,0.01034,0.39824
CVE-2013-2468,0.04358,0.87435
CVE-2013-2469,0.04358,0.87435
CVE-2013-2470,0.21834,0.96416
CVE-2013-2471,0.04358,0.87435
CVE-2013-2472,0.21834,0.96416
CVE-2013-2473,0.04358,0.87435
CVE-2013-2474,0.08382,0.93597
CVE-2013-2475,0.01319,0.70416
CVE-2013-2476,0.01974,0.7812
CVE-2013-2477,0.01408,0.72072
CVE-2013-2478,0.02172,0.79917
CVE-2013-2479,0.01974,0.7812
CVE-2013-2480,0.01974,0.7812
CVE-2013-2481,0.02172,0.79917
CVE-2013-2482,0.01408,0.72072
CVE-2013-2483,0.02172,0.79917
CVE-2013-2484,0.01974,0.7812
CVE-2013-2485,0.01408,0.72072
CVE-2013-2486,0.02172,0.79917
CVE-2013-2487,0.02172,0.79917
CVE-2013-2488,0.02172,0.79917
CVE-2013-2492,0.80757,0.99498
CVE-2013-2493,0.01213,0.6557
CVE-2013-2494,0.00885,0.26162
CVE-2013-2495,0.01055,0.50287
CVE-2013-2496,0.01055,0.50287
CVE-2013-2498,0.00986,0.35784
CVE-2013-2499,0.01136,0.57949
CVE-2013-2501,0.02255,0.80558
CVE-2013-2503,0.06464,0.9062
CVE-2013-2504,0.01953,0.77242
CVE-2013-2506,0.01055,0.50287
CVE-2013-2507,0.01319,0.70416
CVE-2013-2512,0.01055,0.50287
CVE-2013-2516,0.02055,0.7893
CVE-2013-2546,0.01282,0.67298
CVE-2013-2547,0.01282,0.67298
CVE-2013-2548,0.01282,0.67298
CVE-2013-2549,0.07777,0.92953
CVE-2013-2550,0.01308,0.67354
CVE-2013-2551,0.91022,0.99866
CVE-2013-2552,0.29797,0.97364
CVE-2013-2553,0.01554,0.74096
CVE-2013-2554,0.06645,0.9115
CVE-2013-2555,0.1127,0.94787
CVE-2013-2556,0.10848,0.94442
CVE-2013-2557,0.29797,0.97364
CVE-2013-2558,0.18147,0.96089
CVE-2013-2559,0.01139,0.58345
CVE-2013-2560,0.06464,0.9062
CVE-2013-2561,0.01282,0.67298
CVE-2013-2562,0.0089,0.2856
CVE-2013-2563,0.0089,0.2856
CVE-2013-2564,0.01136,0.57949
CVE-2013-2565,0.00885,0.26162
CVE-2013-2566,0.04358,0.87435
CVE-2013-2567,0.01018,0.38792
CVE-2013-2568,0.02509,0.81058
CVE-2013-2569,0.01018,0.38792
CVE-2013-2570,0.02509,0.81058
CVE-2013-2571,0.08382,0.93597
CVE-2013-2572,0.01018,0.38792
CVE-2013-2573,0.02509,0.81058
CVE-2013-2574,0.08944,0.93724
CVE-2013-2576,0.12584,0.9533
CVE-2013-2577,0.15327,0.95731
CVE-2013-2578,0.33168,0.97545
CVE-2013-2579,0.01055,0.50287
CVE-2013-2580,0.01055,0.50287
CVE-2013-2581,0.01055,0.50287
CVE-2013-2582,0.01055,0.50287
CVE-2013-2583,0.01055,0.50287
CVE-2013-2585,0.01136,0.57949
CVE-2013-2586,0.02255,0.80558
CVE-2013-2594,0.01139,0.58345
CVE-2013-2598,0.00885,0.26162
CVE-2013-2599,0.00885,0.26162
CVE-2013-2600,0.01018,0.38792
CVE-2013-2601,0.01136,0.57949
CVE-2013-2602,0.06309,0.90494
CVE-2013-2603,0.04291,0.87022
CVE-2013-2604,0.0089,0.2856
CVE-2013-2612,0.01055,0.50287
CVE-2013-2615,0.01213,0.6557
CVE-2013-2616,0.01213,0.6557
CVE-2013-2617,0.01213,0.6557
CVE-2013-2618,0.02255,0.80558
CVE-2013-2619,0.07511,0.92331
CVE-2013-2621,0.08382,0.93597
CVE-2013-2622,0.01055,0.50287
CVE-2013-2623,0.02173,0.80027
CVE-2013-2624,0.08382,0.93597
CVE-2013-2625,0.01018,0.38792
CVE-2013-2627,0.00986,0.35784
CVE-2013-2628,0.01136,0.57949
CVE-2013-2629,0.01055,0.50287
CVE-2013-2630,0.01055,0.50287
CVE-2013-2631,0.01055,0.50287
CVE-2013-2632,0.01136,0.57949
CVE-2013-2633,0.00885,0.26162
CVE-2013-2634,0.02686,0.82061
CVE-2013-2635,0.02686,0.82061
CVE-2013-2636,0.01018,0.38792
CVE-2013-2637,0.08988,0.93729
CVE-2013-2639,0.01953,0.77242
CVE-2013-2640,0.01213,0.6557
CVE-2013-2641,0.31822,0.97484
CVE-2013-2642,0.01055,0.50287
CVE-2013-2643,0.01055,0.50287
CVE-2013-2645,0.07584,0.92581
CVE-2013-2646,0.00885,0.26162
CVE-2013-2651,0.01136,0.57949
CVE-2013-2652,0.01408,0.72072
CVE-2013-2653,0.07032,0.919
CVE-2013-2670,0.01319,0.70416
CVE-2013-2671,0.01319,0.70416
CVE-2013-2672,0.00885,0.26162
CVE-2013-2673,0.00885,0.26162
CVE-2013-2674,0.01136,0.57949
CVE-2013-2675,0.01136,0.57949
CVE-2013-2676,0.01136,0.57949
CVE-2013-2678,0.12753,0.95373
CVE-2013-2679,0.02173,0.80027
CVE-2013-2680,0.01136,0.57949
CVE-2013-2681,0.01136,0.57949
CVE-2013-2682,0.01136,0.57949
CVE-2013-2683,0.01136,0.57949
CVE-2013-2684,0.01136,0.57949
CVE-2013-2685,0.05822,0.89998
CVE-2013-2686,0.01136,0.57949
CVE-2013-2687,0.04291,0.87022
CVE-2013-2688,0.04291,0.87022
CVE-2013-2690,0.01139,0.58345
CVE-2013-2691,0.06309,0.90494
CVE-2013-2692,0.01136,0.57949
CVE-2013-2693,0.01136,0.57949
CVE-2013-2694,0.01136,0.57949
CVE-2013-2695,0.01055,0.50287
CVE-2013-2696,0.01055,0.50287
CVE-2013-2697,0.01055,0.50287
CVE-2013-2698,0.01213,0.6557
CVE-2013-2699,0.01136,0.57949
CVE-2013-2700,0.01213,0.6557
CVE-2013-2701,0.01055,0.50287
CVE-2013-2702,0.01055,0.50287
CVE-2013-2703,0.01055,0.50287
CVE-2013-2704,0.01055,0.50287
CVE-2013-2705,0.01136,0.57949
CVE-2013-2706,0.01055,0.50287
CVE-2013-2707,0.01055,0.50287
CVE-2013-2708,0.01055,0.50287
CVE-2013-2709,0.01055,0.50287
CVE-2013-2710,0.01213,0.6557
CVE-2013-2712,0.01213,0.6557
CVE-2013-2713,0.01213,0.6557
CVE-2013-2714,0.02173,0.80027
CVE-2013-2715,0.01232,0.66248
CVE-2013-2716,0.01136,0.57949
CVE-2013-2717,0.00885,0.26162
CVE-2013-2718,0.03444,0.84021
CVE-2013-2719,0.03444,0.84021
CVE-2013-2720,0.03444,0.84021
CVE-2013-2721,0.03444,0.84021
CVE-2013-2722,0.03444,0.84021
CVE-2013-2723,0.03444,0.84021
CVE-2013-2724,0.03601,0.84249
CVE-2013-2725,0.03444,0.84021
CVE-2013-2726,0.03444,0.84021
CVE-2013-2727,0.03601,0.84249
CVE-2013-2728,0.03788,0.84809
CVE-2013-2731,0.03444,0.84021
CVE-2013-2732,0.03444,0.84021
CVE-2013-2733,0.03601,0.84249
CVE-2013-2734,0.03444,0.84021
CVE-2013-2735,0.03444,0.84021
CVE-2013-2736,0.03444,0.84021
CVE-2013-2737,0.01202,0.60495
CVE-2013-2738,0.01018,0.38792
CVE-2013-2739,0.08382,0.93597
CVE-2013-2741,0.01055,0.50287
CVE-2013-2742,0.01055,0.50287
CVE-2013-2743,0.01055,0.50287
CVE-2013-2744,0.01055,0.50287
CVE-2013-2745,0.01018,0.38792
CVE-2013-2747,0.01055,0.50287
CVE-2013-2748,0.08382,0.93597
CVE-2013-2750,0.01953,0.77242
CVE-2013-2751,0.80795,0.99499
CVE-2013-2752,0.01213,0.6557
CVE-2013-2754,0.07511,0.92331
CVE-2013-2756,0.0221,0.80318
CVE-2013-2757,0.01319,0.70416
CVE-2013-2758,0.0221,0.80318
CVE-2013-2760,0.10555,0.94396
CVE-2013-2761,0.01055,0.50287
CVE-2013-2762,0.01055,0.50287
CVE-2013-2763,0.01055,0.50287
CVE-2013-2764,0.01055,0.50287
CVE-2013-2765,0.15648,0.95876
CVE-2013-2766,0.01136,0.57949
CVE-2013-2767,0.01055,0.50287
CVE-2013-2770,0.00885,0.26162
CVE-2013-2773,0.01036,0.41241
CVE-2013-2776,0.01547,0.74085
CVE-2013-2777,0.01547,0.74085
CVE-2013-2778,0.01055,0.50287
CVE-2013-2779,0.01055,0.50287
CVE-2013-2780,0.01055,0.50287
CVE-2013-2781,0.07565,0.92532
CVE-2013-2782,0.01055,0.50287
CVE-2013-2783,0.01055,0.50287
CVE-2013-2784,0.07032,0.919
CVE-2013-2785,0.05629,0.89602
CVE-2013-2786,0.00885,0.26162
CVE-2013-2787,0.01055,0.50287
CVE-2013-2788,0.01055,0.50287
CVE-2013-2789,0.01055,0.50287
CVE-2013-2790,0.01055,0.50287
CVE-2013-2791,0.01055,0.50287
CVE-2013-2792,0.01055,0.50287
CVE-2013-2793,0.01055,0.50287
CVE-2013-2794,0.00885,0.26162
CVE-2013-2796,0.01055,0.50287
CVE-2013-2798,0.00885,0.26162
CVE-2013-2800,0.01055,0.50287
CVE-2013-2801,0.01055,0.50287
CVE-2013-2802,0.04611,0.88458
CVE-2013-2803,0.01055,0.50287
CVE-2013-2804,0.01055,0.50287
CVE-2013-2805,0.00885,0.26162
CVE-2013-2806,0.00885,0.26162
CVE-2013-2807,0.00885,0.26162
CVE-2013-2808,0.04611,0.88458
CVE-2013-2809,0.01055,0.50287
CVE-2013-2810,0.01136,0.57949
CVE-2013-2811,0.01213,0.6557
CVE-2013-2813,0.01055,0.50287
CVE-2013-2814,0.01055,0.50287
CVE-2013-2816,0.00885,0.26162
CVE-2013-2817,0.07032,0.919
CVE-2013-2818,0.00885,0.26162
CVE-2013-2819,0.01055,0.50287
CVE-2013-2820,0.01055,0.50287
CVE-2013-2821,0.01055,0.50287
CVE-2013-2822,0.00885,0.26162
CVE-2013-2823,0.0095,0.30554
CVE-2013-2824,0.01055,0.50287
CVE-2013-2825,0.01055,0.50287
CVE-2013-2826,0.01055,0.50287
CVE-2013-2827,0.76451,0.99345
CVE-2013-2828,0.00885,0.26162
CVE-2013-2829,0.01055,0.50287
CVE-2013-2830,0.01103,0.51945
CVE-2013-2832,0.01136,0.57949
CVE-2013-2833,0.01136,0.57949
CVE-2013-2834,0.01136,0.57949
CVE-2013-2835,0.01055,0.50287
CVE-2013-2836,0.02686,0.82061
CVE-2013-2837,0.01213,0.6557
CVE-2013-2838,0.01213,0.6557
CVE-2013-2839,0.01213,0.6557
CVE-2013-2840,0.01213,0.6557
CVE-2013-2841,0.01213,0.6557
CVE-2013-2843,0.01213,0.6557
CVE-2013-2844,0.01213,0.6557
CVE-2013-2845,0.01319,0.70416
CVE-2013-2846,0.01213,0.6557
CVE-2013-2847,0.01213,0.6557
CVE-2013-2848,0.01408,0.72072
CVE-2013-2849,0.01213,0.6557
CVE-2013-2850,0.07544,0.92484
CVE-2013-2851,0.01547,0.74085
CVE-2013-2852,0.03534,0.84129
CVE-2013-2853,0.01108,0.53389
CVE-2013-2854,0.01136,0.57949
CVE-2013-2855,0.01213,0.6557
CVE-2013-2856,0.01213,0.6557
CVE-2013-2857,0.01213,0.6557
CVE-2013-2858,0.01213,0.6557
CVE-2013-2859,0.01213,0.6557
CVE-2013-2860,0.01213,0.6557
CVE-2013-2861,0.01213,0.6557
CVE-2013-2862,0.01213,0.6557
CVE-2013-2863,0.04291,0.87022
CVE-2013-2864,0.01136,0.57949
CVE-2013-2865,0.01537,0.73595
CVE-2013-2866,0.01319,0.70416
CVE-2013-2867,0.01213,0.6557
CVE-2013-2868,0.01213,0.6557
CVE-2013-2869,0.01213,0.6557
CVE-2013-2870,0.03214,0.83353
CVE-2013-2871,0.01974,0.7812
CVE-2013-2872,0.01136,0.57949
CVE-2013-2873,0.01213,0.6557
CVE-2013-2874,0.01136,0.57949
CVE-2013-2875,0.02172,0.79917
CVE-2013-2876,0.01213,0.6557
CVE-2013-2877,0.03779,0.84781
CVE-2013-2878,0.01213,0.6557
CVE-2013-2879,0.01319,0.70416
CVE-2013-2880,0.02686,0.82061
CVE-2013-2881,0.01213,0.6557
CVE-2013-2882,0.01213,0.6557
CVE-2013-2883,0.01213,0.6557
CVE-2013-2884,0.01213,0.6557
CVE-2013-2885,0.01319,0.70416
CVE-2013-2886,0.01183,0.60428
CVE-2013-2887,0.02686,0.82061
CVE-2013-2888,0.02646,0.81377
CVE-2013-2889,0.01547,0.74085
CVE-2013-2890,0.00885,0.26162
CVE-2013-2891,0.00885,0.26162
CVE-2013-2892,0.01547,0.74085
CVE-2013-2893,0.01547,0.74085
CVE-2013-2894,0.0095,0.30554
CVE-2013-2895,0.01282,0.67298
CVE-2013-2896,0.01537,0.73595
CVE-2013-2897,0.02686,0.82061
CVE-2013-2898,0.0095,0.30554
CVE-2013-2899,0.02686,0.82061
CVE-2013-2900,0.01213,0.6557
CVE-2013-2901,0.01319,0.70416
CVE-2013-2902,0.01213,0.6557
CVE-2013-2903,0.01213,0.6557
CVE-2013-2904,0.01213,0.6557
CVE-2013-2905,0.01018,0.38792
CVE-2013-2906,0.03779,0.84781
CVE-2013-2907,0.01319,0.70416
CVE-2013-2908,0.01408,0.72072
CVE-2013-2909,0.02172,0.79917
CVE-2013-2910,0.01408,0.72072
CVE-2013-2911,0.01408,0.72072
CVE-2013-2912,0.01408,0.72072
CVE-2013-2913,0.01408,0.72072
CVE-2013-2914,0.01319,0.70416
CVE-2013-2915,0.01408,0.72072
CVE-2013-2916,0.01408,0.72072
CVE-2013-2917,0.01408,0.72072
CVE-2013-2918,0.01408,0.72072
CVE-2013-2919,0.01319,0.70416
CVE-2013-2920,0.01408,0.72072
CVE-2013-2921,0.01408,0.72072
CVE-2013-2922,0.01408,0.72072
CVE-2013-2923,0.02686,0.82061
CVE-2013-2924,0.03779,0.84781
CVE-2013-2925,0.01776,0.75902
CVE-2013-2926,0.03407,0.83908
CVE-2013-2927,0.03407,0.83908
CVE-2013-2928,0.02686,0.82061
CVE-2013-2929,0.02686,0.82061
CVE-2013-2930,0.01282,0.67298
CVE-2013-2931,0.04421,0.87629
CVE-2013-2933,0.00885,0.26162
CVE-2013-2934,0.00885,0.26162
CVE-2013-2935,0.00885,0.26162
CVE-2013-2936,0.00885,0.26162
CVE-2013-2937,0.00885,0.26162
CVE-2013-2938,0.00885,0.26162
CVE-2013-2939,0.00885,0.26162
CVE-2013-2940,0.00885,0.26162
CVE-2013-2944,0.01232,0.66248
CVE-2013-2945,0.01139,0.58345
CVE-2013-2950,0.01061,0.51015
CVE-2013-2951,0.00885,0.26162
CVE-2013-2953,0.00885,0.26162
CVE-2013-2954,0.01055,0.50287
CVE-2013-2955,0.01055,0.50287
CVE-2013-2956,0.01055,0.50287
CVE-2013-2957,0.01055,0.50287
CVE-2013-2959,0.01055,0.50287
CVE-2013-2960,0.01319,0.70416
CVE-2013-2961,0.01319,0.70416
CVE-2013-2962,0.00885,0.26162
CVE-2013-2964,0.0089,0.2856
CVE-2013-2967,0.01136,0.57949
CVE-2013-2968,0.01055,0.50287
CVE-2013-2969,0.01055,0.50287
CVE-2013-2970,0.01061,0.51015
CVE-2013-2972,0.01055,0.50287
CVE-2013-2974,0.01055,0.50287
CVE-2013-2976,0.0089,0.2856
CVE-2013-2978,0.01055,0.50287
CVE-2013-2979,0.01055,0.50287
CVE-2013-2980,0.01055,0.50287
CVE-2013-2981,0.01055,0.50287
CVE-2013-2982,0.01055,0.50287
CVE-2013-2983,0.01055,0.50287
CVE-2013-2984,0.01061,0.51015
CVE-2013-2985,0.01055,0.50287
CVE-2013-2987,0.01055,0.50287
CVE-2013-2988,0.01055,0.50287
CVE-2013-2989,0.0089,0.2856
CVE-2013-2992,0.01408,0.72072
CVE-2013-2993,0.01136,0.57949
CVE-2013-2994,0.01136,0.57949
CVE-2013-2997,0.01055,0.50287
CVE-2013-2998,0.01061,0.51015
CVE-2013-2999,0.01055,0.50287
CVE-2013-3000,0.01055,0.50287
CVE-2013-3001,0.01055,0.50287
CVE-2013-3003,0.01055,0.50287
CVE-2013-3004,0.01061,0.51015
CVE-2013-3005,0.01649,0.75017
CVE-2013-3006,0.01974,0.7812
CVE-2013-3007,0.01974,0.7812
CVE-2013-3008,0.01974,0.7812
CVE-2013-3009,0.04358,0.87435
CVE-2013-3010,0.01974,0.7812
CVE-2013-3011,0.03779,0.84781
CVE-2013-3012,0.04358,0.87435
CVE-2013-3016,0.01055,0.50287
CVE-2013-3017,0.01055,0.50287
CVE-2013-3018,0.01055,0.50287
CVE-2013-3020,0.01055,0.50287
CVE-2013-3023,0.01055,0.50287
CVE-2013-3024,0.00885,0.26162
CVE-2013-3025,0.01055,0.50287
CVE-2013-3026,0.04806,0.88736
CVE-2013-3027,0.05392,0.89448
CVE-2013-3028,0.0089,0.2856
CVE-2013-3029,0.01136,0.57949
CVE-2013-3030,0.01055,0.50287
CVE-2013-3031,0.01232,0.66248
CVE-2013-3032,0.01136,0.57949
CVE-2013-3033,0.01055,0.50287
CVE-2013-3034,0.01061,0.51015
CVE-2013-3035,0.01974,0.7812
CVE-2013-3036,0.01055,0.50287
CVE-2013-3037,0.00885,0.26162
CVE-2013-3038,0.01055,0.50287
CVE-2013-3039,0.00885,0.26162
CVE-2013-3040,0.01136,0.57949
CVE-2013-3041,0.01055,0.50287
CVE-2013-3042,0.00885,0.26162
CVE-2013-3043,0.00885,0.26162
CVE-2013-3044,0.01055,0.50287
CVE-2013-3045,0.01055,0.50287
CVE-2013-3046,0.00885,0.26162
CVE-2013-3047,0.01132,0.54372
CVE-2013-3048,0.01132,0.54372
CVE-2013-3049,0.01132,0.54372
CVE-2013-3050,0.01139,0.58345
CVE-2013-3051,0.00885,0.26162
CVE-2013-3055,0.04611,0.88458
CVE-2013-3056,0.01055,0.50287
CVE-2013-3057,0.01055,0.50287
CVE-2013-3058,0.01055,0.50287
CVE-2013-3059,0.01055,0.50287
CVE-2013-3060,0.0221,0.80318
CVE-2013-3061,0.01132,0.54372
CVE-2013-3062,0.01132,0.54372
CVE-2013-3063,0.01132,0.54372
CVE-2013-3064,0.01055,0.50287
CVE-2013-3065,0.01055,0.50287
CVE-2013-3066,0.01055,0.50287
CVE-2013-3067,0.0089,0.2856
CVE-2013-3068,0.01055,0.50287
CVE-2013-3069,0.01055,0.50287
CVE-2013-3070,0.01018,0.38792
CVE-2013-3071,0.00885,0.26162
CVE-2013-3072,0.01018,0.38792
CVE-2013-3073,0.01108,0.53389
CVE-2013-3074,0.01055,0.50287
CVE-2013-3075,0.08728,0.93654
CVE-2013-3076,0.01034,0.39824
CVE-2013-3077,0.00885,0.26162
CVE-2013-3079,0.01055,0.50287
CVE-2013-3080,0.04611,0.88458
CVE-2013-3081,0.00986,0.35784
CVE-2013-3082,0.01953,0.77242
CVE-2013-3083,0.07584,0.92581
CVE-2013-3084,0.01055,0.50287
CVE-2013-3085,0.00885,0.26162
CVE-2013-3086,0.01055,0.50287
CVE-2013-3087,0.01136,0.57949
CVE-2013-3088,0.00885,0.26162
CVE-2013-3089,0.01055,0.50287
CVE-2013-3090,0.01136,0.57949
CVE-2013-3091,0.01136,0.57949
CVE-2013-3092,0.01055,0.50287
CVE-2013-3093,0.00885,0.26162
CVE-2013-3095,0.07032,0.919
CVE-2013-3096,0.00954,0.34522
CVE-2013-3097,0.01018,0.38792
CVE-2013-3098,0.01213,0.6557
CVE-2013-3106,0.01055,0.50287
CVE-2013-3107,0.01055,0.50287
CVE-2013-3110,0.29417,0.97293
CVE-2013-3111,0.72342,0.99205
CVE-2013-3112,0.29417,0.97293
CVE-2013-3113,0.29417,0.97293
CVE-2013-3114,0.29417,0.97293
CVE-2013-3115,0.29417,0.97293
CVE-2013-3116,0.29417,0.97293
CVE-2013-3117,0.29417,0.97293
CVE-2013-3118,0.29417,0.97293
CVE-2013-3119,0.29417,0.97293
CVE-2013-3120,0.71163,0.9914
CVE-2013-3121,0.29417,0.97293
CVE-2013-3122,0.29417,0.97293
CVE-2013-3123,0.29417,0.97293
CVE-2013-3124,0.29417,0.97293
CVE-2013-3125,0.29417,0.97293
CVE-2013-3126,0.33671,0.97575
CVE-2013-3127,0.49719,0.98611
CVE-2013-3128,0.58315,0.98794
CVE-2013-3129,0.62357,0.98902
CVE-2013-3131,0.58315,0.98794
CVE-2013-3132,0.48414,0.98504
CVE-2013-3133,0.48414,0.98504
CVE-2013-3134,0.49719,0.98611
CVE-2013-3136,0.01205,0.60537
CVE-2013-3137,0.25802,0.96904
CVE-2013-3138,0.29797,0.97364
CVE-2013-3139,0.29417,0.97293
CVE-2013-3140,0.37556,0.97834
CVE-2013-3141,0.29417,0.97293
CVE-2013-3142,0.29417,0.97293
CVE-2013-3143,0.72342,0.99205
CVE-2013-3144,0.29417,0.97293
CVE-2013-3145,0.29417,0.97293
CVE-2013-3146,0.29417,0.97293
CVE-2013-3147,0.29417,0.97293
CVE-2013-3148,0.29417,0.97293
CVE-2013-3149,0.29417,0.97293
CVE-2013-3150,0.29417,0.97293
CVE-2013-3151,0.29417,0.97293
CVE-2013-3152,0.29417,0.97293
CVE-2013-3153,0.29417,0.97293
CVE-2013-3154,0.02283,0.80608
CVE-2013-3155,0.38845,0.97925
CVE-2013-3156,0.38845,0.97925
CVE-2013-3157,0.38845,0.97925
CVE-2013-3158,0.38845,0.97925
CVE-2013-3159,0.29797,0.97364
CVE-2013-3160,0.29797,0.97364
CVE-2013-3161,0.29417,0.97293
CVE-2013-3162,0.29417,0.97293
CVE-2013-3163,0.89144,0.99808
CVE-2013-3164,0.29417,0.97293
CVE-2013-3166,0.29797,0.97364
CVE-2013-3167,0.01205,0.60537
CVE-2013-3171,0.48414,0.98504
CVE-2013-3172,0.01198,0.6045
CVE-2013-3173,0.01205,0.60537
CVE-2013-3174,0.5655,0.98747
CVE-2013-3175,0.58315,0.98794
CVE-2013-3178,0.61625,0.98883
CVE-2013-3179,0.27552,0.97086
CVE-2013-3180,0.29797,0.97364
CVE-2013-3181,0.49719,0.98611
CVE-2013-3182,0.70053,0.99105
CVE-2013-3183,0.70053,0.99105
CVE-2013-3184,0.91769,0.99886
CVE-2013-3185,0.29797,0.97364
CVE-2013-3186,0.25802,0.96904
CVE-2013-3187,0.29417,0.97293
CVE-2013-3188,0.29417,0.97293
CVE-2013-3189,0.29417,0.97293
CVE-2013-3190,0.29417,0.97293
CVE-2013-3191,0.29417,0.97293
CVE-2013-3192,0.25802,0.96904
CVE-2013-3193,0.29417,0.97293
CVE-2013-3194,0.29417,0.97293
CVE-2013-3195,0.48722,0.98514
CVE-2013-3196,0.01268,0.66456
CVE-2013-3197,0.01268,0.66456
CVE-2013-3198,0.01268,0.66456
CVE-2013-3199,0.29417,0.97293
CVE-2013-3200,0.02354,0.80648
CVE-2013-3201,0.29417,0.97293
CVE-2013-3202,0.29417,0.97293
CVE-2013-3203,0.29417,0.97293
CVE-2013-3204,0.29417,0.97293
CVE-2013-3205,0.91769,0.99886
CVE-2013-3206,0.29417,0.97293
CVE-2013-3207,0.29417,0.97293
CVE-2013-3208,0.29417,0.97293
CVE-2013-3209,0.29417,0.97293
CVE-2013-3210,0.01055,0.50287
CVE-2013-3211,0.00885,0.26162
CVE-2013-3212,0.01136,0.57949
CVE-2013-3213,0.01213,0.6557
CVE-2013-3215,0.00885,0.26162
CVE-2013-3219,0.01055,0.50287
CVE-2013-3220,0.01055,0.50287
CVE-2013-3221,0.01319,0.70416
CVE-2013-3222,0.01282,0.67298
CVE-2013-3223,0.01282,0.67298
CVE-2013-3224,0.01282,0.67298
CVE-2013-3225,0.01282,0.67298
CVE-2013-3226,0.01034,0.39824
CVE-2013-3227,0.01282,0.67298
CVE-2013-3228,0.01282,0.67298
CVE-2013-3229,0.01282,0.67298
CVE-2013-3230,0.01104,0.52279
CVE-2013-3231,0.01282,0.67298
CVE-2013-3232,0.01282,0.67298
CVE-2013-3233,0.01282,0.67298
CVE-2013-3234,0.01282,0.67298
CVE-2013-3235,0.01282,0.67298
CVE-2013-3236,0.01282,0.67298
CVE-2013-3237,0.0095,0.30554
CVE-2013-3238,0.66513,0.99003
CVE-2013-3239,0.08336,0.93297
CVE-2013-3240,0.01055,0.50287
CVE-2013-3241,0.01055,0.50287
CVE-2013-3242,0.06772,0.91214
CVE-2013-3243,0.01055,0.50287
CVE-2013-3244,0.05302,0.89375
CVE-2013-3245,0.04967,0.88981
CVE-2013-3246,0.01611,0.74874
CVE-2013-3247,0.01611,0.74874
CVE-2013-3248,0.12518,0.95162
CVE-2013-3249,0.0292,0.82516
CVE-2013-3250,0.01055,0.50287
CVE-2013-3251,0.01055,0.50287
CVE-2013-3252,0.01136,0.57949
CVE-2013-3253,0.01213,0.6557
CVE-2013-3254,0.01055,0.50287
CVE-2013-3256,0.01213,0.6557
CVE-2013-3257,0.01213,0.6557
CVE-2013-3258,0.01213,0.6557
CVE-2013-3259,0.06309,0.90494
CVE-2013-3260,0.06309,0.90494
CVE-2013-3261,0.01055,0.50287
CVE-2013-3262,0.01213,0.6557
CVE-2013-3263,0.01055,0.50287
CVE-2013-3264,0.01055,0.50287
CVE-2013-3266,0.04291,0.87022
CVE-2013-3267,0.01055,0.50287
CVE-2013-3268,0.01018,0.38792
CVE-2013-3269,0.01213,0.6557
CVE-2013-3270,0.00885,0.26162
CVE-2013-3271,0.01055,0.50287
CVE-2013-3272,0.00885,0.26162
CVE-2013-3273,0.00885,0.26162
CVE-2013-3274,0.08096,0.93059
CVE-2013-3275,0.01055,0.50287
CVE-2013-3276,0.01055,0.50287
CVE-2013-3277,0.01055,0.50287
CVE-2013-3278,0.00885,0.26162
CVE-2013-3279,0.01055,0.50287
CVE-2013-3280,0.01055,0.50287
CVE-2013-3281,0.01055,0.50287
CVE-2013-3285,0.01132,0.54372
CVE-2013-3286,0.01055,0.50287
CVE-2013-3287,0.00885,0.26162
CVE-2013-3288,0.01055,0.50287
CVE-2013-3294,0.00986,0.35784
CVE-2013-3295,0.01055,0.50287
CVE-2013-3299,0.02808,0.8233
CVE-2013-3300,0.01055,0.50287
CVE-2013-3301,0.03534,0.84129
CVE-2013-3302,0.01034,0.39824
CVE-2013-3304,0.07584,0.92581
CVE-2013-3311,0.01136,0.57949
CVE-2013-3312,0.01055,0.50287
CVE-2013-3313,0.01136,0.57949
CVE-2013-3314,0.01136,0.57949
CVE-2013-3315,0.0089,0.2856
CVE-2013-3316,0.00885,0.26162
CVE-2013-3317,0.00885,0.26162
CVE-2013-3320,0.02173,0.80027
CVE-2013-3321,0.01055,0.50287
CVE-2013-3322,0.01055,0.50287
CVE-2013-3323,0.00954,0.34522
CVE-2013-3324,0.03788,0.84809
CVE-2013-3325,0.03788,0.84809
CVE-2013-3326,0.03788,0.84809
CVE-2013-3327,0.03788,0.84809
CVE-2013-3328,0.03788,0.84809
CVE-2013-3329,0.03788,0.84809
CVE-2013-3330,0.03788,0.84809
CVE-2013-3331,0.03788,0.84809
CVE-2013-3332,0.03788,0.84809
CVE-2013-3333,0.03788,0.84809
CVE-2013-3334,0.03788,0.84809
CVE-2013-3335,0.03788,0.84809
CVE-2013-3336,0.91308,0.99874
CVE-2013-3337,0.03444,0.84021
CVE-2013-3338,0.03444,0.84021
CVE-2013-3339,0.03444,0.84021
CVE-2013-3340,0.03444,0.84021
CVE-2013-3341,0.03444,0.84021
CVE-2013-3342,0.01202,0.60495
CVE-2013-3343,0.03788,0.84809
CVE-2013-3344,0.03601,0.84249
CVE-2013-3345,0.05268,0.89299
CVE-2013-3346,0.94318,0.99948
CVE-2013-3347,0.05268,0.89299
CVE-2013-3348,0.05268,0.89299
CVE-2013-3349,0.01055,0.50287
CVE-2013-3350,0.01136,0.57949
CVE-2013-3351,0.05268,0.89299
CVE-2013-3352,0.05268,0.89299
CVE-2013-3353,0.05268,0.89299
CVE-2013-3354,0.05268,0.89299
CVE-2013-3355,0.05268,0.89299
CVE-2013-3356,0.05268,0.89299
CVE-2013-3357,0.05268,0.89299
CVE-2013-3358,0.05268,0.89299
CVE-2013-3359,0.05094,0.89039
CVE-2013-3360,0.05094,0.89039
CVE-2013-3361,0.03444,0.84021
CVE-2013-3362,0.03444,0.84021
CVE-2013-3363,0.03444,0.84021
CVE-2013-3365,0.01055,0.50287
CVE-2013-3366,0.00954,0.34522
CVE-2013-3367,0.00954,0.34522
CVE-2013-3368,0.01034,0.39824
CVE-2013-3369,0.01232,0.66248
CVE-2013-3370,0.01319,0.70416
CVE-2013-3371,0.01319,0.70416
CVE-2013-3372,0.01319,0.70416
CVE-2013-3373,0.01319,0.70416
CVE-2013-3374,0.01319,0.70416
CVE-2013-3375,0.01055,0.50287
CVE-2013-3376,0.01055,0.50287
CVE-2013-3377,0.01055,0.50287
CVE-2013-3378,0.01055,0.50287
CVE-2013-3379,0.01055,0.50287
CVE-2013-3380,0.01055,0.50287
CVE-2013-3381,0.01055,0.50287
CVE-2013-3382,0.01055,0.50287
CVE-2013-3383,0.01055,0.50287
CVE-2013-3384,0.01061,0.51015
CVE-2013-3385,0.01136,0.57949
CVE-2013-3386,0.01055,0.50287
CVE-2013-3387,0.01055,0.50287
CVE-2013-3388,0.01055,0.50287
CVE-2013-3389,0.01055,0.50287
CVE-2013-3390,0.01055,0.50287
CVE-2013-3392,0.01055,0.50287
CVE-2013-3393,0.01055,0.50287
CVE-2013-3394,0.01055,0.50287
CVE-2013-3395,0.01055,0.50287
CVE-2013-3396,0.01055,0.50287
CVE-2013-3397,0.01055,0.50287
CVE-2013-3398,0.01055,0.50287
CVE-2013-3399,0.03742,0.84386
CVE-2013-3400,0.00885,0.26162
CVE-2013-3401,0.01055,0.50287
CVE-2013-3402,0.01055,0.50287
CVE-2013-3403,0.00885,0.26162
CVE-2013-3404,0.01055,0.50287
CVE-2013-3405,0.01055,0.50287
CVE-2013-3406,0.01055,0.50287
CVE-2013-3407,0.01055,0.50287
CVE-2013-3408,0.00885,0.26162
CVE-2013-3409,0.00885,0.26162
CVE-2013-3410,0.01055,0.50287
CVE-2013-3411,0.01055,0.50287
CVE-2013-3412,0.01055,0.50287
CVE-2013-3413,0.01055,0.50287
CVE-2013-3414,0.01213,0.6557
CVE-2013-3415,0.01055,0.50287
CVE-2013-3416,0.01136,0.57949
CVE-2013-3417,0.01055,0.50287
CVE-2013-3418,0.01055,0.50287
CVE-2013-3419,0.01055,0.50287
CVE-2013-3420,0.01055,0.50287
CVE-2013-3421,0.01055,0.50287
CVE-2013-3422,0.01055,0.50287
CVE-2013-3423,0.01055,0.50287
CVE-2013-3424,0.01055,0.50287
CVE-2013-3425,0.01061,0.51015
CVE-2013-3426,0.01055,0.50287
CVE-2013-3428,0.01055,0.50287
CVE-2013-3429,0.01213,0.6557
CVE-2013-3430,0.01213,0.6557
CVE-2013-3431,0.01213,0.6557
CVE-2013-3433,0.0095,0.30554
CVE-2013-3434,0.0095,0.30554
CVE-2013-3435,0.01136,0.57949
CVE-2013-3436,0.01319,0.70416
CVE-2013-3437,0.01061,0.51015
CVE-2013-3438,0.01136,0.57949
CVE-2013-3439,0.01213,0.6557
CVE-2013-3440,0.01213,0.6557
CVE-2013-3441,0.01213,0.6557
CVE-2013-3442,0.01055,0.50287
CVE-2013-3443,0.07777,0.92953
CVE-2013-3444,0.01649,0.75017
CVE-2013-3445,0.01319,0.70416
CVE-2013-3446,0.01055,0.50287
CVE-2013-3448,0.01132,0.54372
CVE-2013-3450,0.01055,0.50287
CVE-2013-3451,0.01055,0.50287
CVE-2013-3453,0.01055,0.50287
CVE-2013-3454,0.01055,0.50287
CVE-2013-3455,0.01136,0.57949
CVE-2013-3457,0.01136,0.57949
CVE-2013-3458,0.01055,0.50287
CVE-2013-3459,0.01055,0.50287
CVE-2013-3460,0.01055,0.50287
CVE-2013-3461,0.01055,0.50287
CVE-2013-3462,0.05822,0.89998
CVE-2013-3463,0.01213,0.6557
CVE-2013-3464,0.0089,0.2856
CVE-2013-3466,0.01136,0.57949
CVE-2013-3467,0.0095,0.30554
CVE-2013-3468,0.01136,0.57949
CVE-2013-3469,0.01213,0.6557
CVE-2013-3470,0.01213,0.6557
CVE-2013-3471,0.01136,0.57949
CVE-2013-3472,0.01055,0.50287
CVE-2013-3473,0.01055,0.50287
CVE-2013-3474,0.01132,0.54372
CVE-2013-3475,0.01282,0.67298
CVE-2013-3476,0.01213,0.6557
CVE-2013-3477,0.01213,0.6557
CVE-2013-3478,0.01136,0.57949
CVE-2013-3479,0.01055,0.50287
CVE-2013-3480,0.06309,0.90494
CVE-2013-3481,0.07525,0.92398
CVE-2013-3482,0.66584,0.99006
CVE-2013-3483,0.05375,0.89443
CVE-2013-3484,0.01136,0.57949
CVE-2013-3485,0.00885,0.26162
CVE-2013-3486,0.00885,0.26162
CVE-2013-3487,0.01319,0.70416
CVE-2013-3488,0.01611,0.74874
CVE-2013-3489,0.01611,0.74874
CVE-2013-3491,0.01136,0.57949
CVE-2013-3492,0.00885,0.26162
CVE-2013-3493,0.00885,0.26162
CVE-2013-3494,0.01036,0.41241
CVE-2013-3495,0.01104,0.52279
CVE-2013-3496,0.00885,0.26162
CVE-2013-3497,0.01018,0.38792
CVE-2013-3498,0.01213,0.6557
CVE-2013-3499,0.01213,0.6557
CVE-2013-3500,0.00954,0.34522
CVE-2013-3501,0.01213,0.6557
CVE-2013-3502,0.68713,0.99072
CVE-2013-3503,0.01061,0.51015
CVE-2013-3504,0.01061,0.51015
CVE-2013-3505,0.01132,0.54372
CVE-2013-3506,0.01136,0.57949
CVE-2013-3507,0.01061,0.51015
CVE-2013-3508,0.01061,0.51015
CVE-2013-3509,0.01061,0.51015
CVE-2013-3510,0.01061,0.51015
CVE-2013-3511,0.01136,0.57949
CVE-2013-3512,0.01061,0.51015
CVE-2013-3513,0.01136,0.57949
CVE-2013-3514,0.01136,0.57949
CVE-2013-3515,0.01776,0.75902
CVE-2013-3516,0.00954,0.34522
CVE-2013-3517,0.00885,0.26162
CVE-2013-3519,0.00885,0.26162
CVE-2013-3520,0.75804,0.99333
CVE-2013-3522,0.79947,0.9948
CVE-2013-3523,0.01018,0.38792
CVE-2013-3524,0.01139,0.58345
CVE-2013-3525,0.01139,0.58345
CVE-2013-3527,0.04386,0.87542
CVE-2013-3528,0.00954,0.34522
CVE-2013-3529,0.02397,0.80717
CVE-2013-3530,0.00986,0.35784
CVE-2013-3531,0.00986,0.35784
CVE-2013-3532,0.01139,0.58345
CVE-2013-3533,0.01108,0.53389
CVE-2013-3534,0.01213,0.6557
CVE-2013-3535,0.03764,0.84396
CVE-2013-3536,0.00986,0.35784
CVE-2013-3537,0.00986,0.35784
CVE-2013-3538,0.01953,0.77242
CVE-2013-3539,0.07032,0.919
CVE-2013-3540,0.01055,0.50287
CVE-2013-3541,0.01055,0.50287
CVE-2013-3542,0.01055,0.50287
CVE-2013-3543,0.07032,0.919
CVE-2013-3551,0.01055,0.50287
CVE-2013-3552,0.01103,0.51945
CVE-2013-3553,0.01103,0.51945
CVE-2013-3555,0.03779,0.84781
CVE-2013-3556,0.02172,0.79917
CVE-2013-3557,0.03779,0.84781
CVE-2013-3558,0.03779,0.84781
CVE-2013-3559,0.03779,0.84781
CVE-2013-3560,0.03779,0.84781
CVE-2013-3561,0.04358,0.87435
CVE-2013-3562,0.02172,0.79917
CVE-2013-3563,0.61857,0.98887
CVE-2013-3564,0.01055,0.50287
CVE-2013-3565,0.01213,0.6557
CVE-2013-3567,0.09761,0.94008
CVE-2013-3568,0.78693,0.99435
CVE-2013-3571,0.01136,0.57949
CVE-2013-3572,0.01213,0.6557
CVE-2013-3573,0.01055,0.50287
CVE-2013-3574,0.07032,0.919
CVE-2013-3575,0.07032,0.919
CVE-2013-3576,0.72066,0.99189
CVE-2013-3577,0.01055,0.50287
CVE-2013-3578,0.07978,0.92985
CVE-2013-3579,0.00885,0.26162
CVE-2013-3580,0.00885,0.26162
CVE-2013-3581,0.01055,0.50287
CVE-2013-3582,0.01018,0.38792
CVE-2013-3583,0.01055,0.50287
CVE-2013-3584,0.01055,0.50287
CVE-2013-3585,0.00885,0.26162
CVE-2013-3586,0.01055,0.50287
CVE-2013-3587,0.01537,0.73595
CVE-2013-3588,0.01055,0.50287
CVE-2013-3589,0.01055,0.50287
CVE-2013-3590,0.06309,0.90494
CVE-2013-3591,0.82437,0.99543
CVE-2013-3593,0.01055,0.50287
CVE-2013-3594,0.0556,0.89553
CVE-2013-3595,0.01055,0.50287
CVE-2013-3596,0.01055,0.50287
CVE-2013-3597,0.07032,0.919
CVE-2013-3598,0.01213,0.6557
CVE-2013-3599,0.01055,0.50287
CVE-2013-3600,0.01055,0.50287
CVE-2013-3601,0.01055,0.50287
CVE-2013-3602,0.01055,0.50287
CVE-2013-3603,0.01055,0.50287
CVE-2013-3604,0.01055,0.50287
CVE-2013-3605,0.01055,0.50287
CVE-2013-3606,0.01055,0.50287
CVE-2013-3607,0.07777,0.92953
CVE-2013-3608,0.01319,0.70416
CVE-2013-3609,0.01319,0.70416
CVE-2013-3610,0.01055,0.50287
CVE-2013-3612,0.01055,0.50287
CVE-2013-3613,0.01055,0.50287
CVE-2013-3614,0.01055,0.50287
CVE-2013-3615,0.00885,0.26162
CVE-2013-3616,0.01055,0.50287
CVE-2013-3617,0.62775,0.98914
CVE-2013-3619,0.34691,0.97686
CVE-2013-3620,0.01018,0.38792
CVE-2013-3622,0.05302,0.89375
CVE-2013-3623,0.77683,0.99391
CVE-2013-3624,0.01055,0.50287
CVE-2013-3625,0.00885,0.26162
CVE-2013-3626,0.01055,0.50287
CVE-2013-3627,0.01055,0.50287
CVE-2013-3628,0.87151,0.9972
CVE-2013-3629,0.59705,0.98827
CVE-2013-3630,0.06772,0.91214
CVE-2013-3631,0.72066,0.99189
CVE-2013-3632,0.71897,0.99167
CVE-2013-3633,0.00885,0.26162
CVE-2013-3634,0.00885,0.26162
CVE-2013-3635,0.00885,0.26162
CVE-2013-3636,0.01061,0.51015
CVE-2013-3637,0.00885,0.26162
CVE-2013-3638,0.01055,0.50287
CVE-2013-3639,0.01953,0.77242
CVE-2013-3640,0.01055,0.50287
CVE-2013-3641,0.00954,0.34522
CVE-2013-3642,0.00885,0.26162
CVE-2013-3643,0.00885,0.26162
CVE-2013-3644,0.06523,0.90962
CVE-2013-3645,0.01136,0.57949
CVE-2013-3646,0.01136,0.57949
CVE-2013-3647,0.00954,0.34522
CVE-2013-3648,0.01136,0.57949
CVE-2013-3649,0.01136,0.57949
CVE-2013-3650,0.01213,0.6557
CVE-2013-3652,0.01213,0.6557
CVE-2013-3653,0.01213,0.6557
CVE-2013-3654,0.01213,0.6557
CVE-2013-3655,0.01136,0.57949
CVE-2013-3656,0.01213,0.6557
CVE-2013-3657,0.04291,0.87022
CVE-2013-3658,0.01136,0.57949
CVE-2013-3659,0.01213,0.6557
CVE-2013-3661,0.02283,0.80608
CVE-2013-3662,0.06309,0.90494
CVE-2013-3663,0.06309,0.90494
CVE-2013-3665,0.04863,0.88822
CVE-2013-3666,0.00954,0.34522
CVE-2013-3667,0.01018,0.38792
CVE-2013-3670,0.01136,0.57949
CVE-2013-3671,0.01136,0.57949
CVE-2013-3672,0.01213,0.6557
CVE-2013-3673,0.01136,0.57949
CVE-2013-3674,0.01213,0.6557
CVE-2013-3675,0.01136,0.57949
CVE-2013-3678,0.01232,0.66248
CVE-2013-3684,0.08382,0.93597
CVE-2013-3685,0.0095,0.30554
CVE-2013-3686,0.01055,0.50287
CVE-2013-3687,0.00885,0.26162
CVE-2013-3688,0.01055,0.50287
CVE-2013-3689,0.01055,0.50287
CVE-2013-3690,0.07032,0.919
CVE-2013-3691,0.01055,0.50287
CVE-2013-3692,0.00885,0.26162
CVE-2013-3693,0.01055,0.50287
CVE-2013-3694,0.01055,0.50287
CVE-2013-3697,0.00885,0.26162
CVE-2013-3703,0.00885,0.26162
CVE-2013-3704,0.01055,0.50287
CVE-2013-3705,0.00885,0.26162
CVE-2013-3706,0.01055,0.50287
CVE-2013-3707,0.01055,0.50287
CVE-2013-3708,0.01055,0.50287
CVE-2013-3709,0.01034,0.39824
CVE-2013-3710,0.01136,0.57949
CVE-2013-3712,0.00885,0.26162
CVE-2013-3713,0.00885,0.26162
CVE-2013-3718,0.01018,0.38792
CVE-2013-3719,0.01055,0.50287
CVE-2013-3720,0.01132,0.54372
CVE-2013-3721,0.00986,0.35784
CVE-2013-3722,0.00885,0.26162
CVE-2013-3724,0.07032,0.919
CVE-2013-3725,0.01086,0.51674
CVE-2013-3727,0.01319,0.70416
CVE-2013-3728,0.01232,0.66248
CVE-2013-3729,0.01319,0.70416
CVE-2013-3734,0.0089,0.2856
CVE-2013-3735,0.01018,0.38792
CVE-2013-3736,0.01213,0.6557
CVE-2013-3737,0.01136,0.57949
CVE-2013-3738,0.01086,0.51674
CVE-2013-3739,0.07584,0.92581
CVE-2013-3742,0.01055,0.50287
CVE-2013-3743,0.03932,0.8519
CVE-2013-3744,0.03779,0.84781
CVE-2013-3745,0.00885,0.26162
CVE-2013-3746,0.00885,0.26162
CVE-2013-3747,0.01061,0.51015
CVE-2013-3748,0.01213,0.6557
CVE-2013-3749,0.01232,0.66248
CVE-2013-3750,0.00885,0.26162
CVE-2013-3751,0.01649,0.75017
CVE-2013-3752,0.01213,0.6557
CVE-2013-3753,0.01213,0.6557
CVE-2013-3754,0.0095,0.30554
CVE-2013-3755,0.01319,0.70416
CVE-2013-3756,0.01232,0.66248
CVE-2013-3757,0.01213,0.6557
CVE-2013-3758,0.01213,0.6557
CVE-2013-3759,0.01213,0.6557
CVE-2013-3760,0.01034,0.39824
CVE-2013-3761,0.01213,0.6557
CVE-2013-3762,0.01055,0.50287
CVE-2013-3763,0.73792,0.99254
CVE-2013-3764,0.01055,0.50287
CVE-2013-3765,0.0095,0.30554
CVE-2013-3766,0.01055,0.50287
CVE-2013-3767,0.01319,0.70416
CVE-2013-3768,0.01213,0.6557
CVE-2013-3769,0.01319,0.70416
CVE-2013-3770,0.01232,0.66248
CVE-2013-3771,0.01034,0.39824
CVE-2013-3772,0.01319,0.70416
CVE-2013-3773,0.01213,0.6557
CVE-2013-3774,0.01955,0.77585
CVE-2013-3775,0.01319,0.70416
CVE-2013-3776,0.01537,0.73595
CVE-2013-3777,0.01319,0.70416
CVE-2013-3778,0.01319,0.70416
CVE-2013-3779,0.01213,0.6557
CVE-2013-3780,0.01132,0.54372
CVE-2013-3781,0.01183,0.60428
CVE-2013-3782,0.01319,0.70416
CVE-2013-3783,0.01815,0.76117
CVE-2013-3784,0.01132,0.54372
CVE-2013-3785,0.01055,0.50287
CVE-2013-3786,0.0095,0.30554
CVE-2013-3787,0.01213,0.6557
CVE-2013-3788,0.01319,0.70416
CVE-2013-3789,0.01132,0.54372
CVE-2013-3790,0.01232,0.66248
CVE-2013-3791,0.01319,0.70416
CVE-2013-3792,0.01795,0.76027
CVE-2013-3793,0.01815,0.76117
CVE-2013-3794,0.01315,0.67456
CVE-2013-3795,0.01232,0.66248
CVE-2013-3796,0.01232,0.66248
CVE-2013-3797,0.0095,0.30554
CVE-2013-3798,0.01319,0.70416
CVE-2013-3799,0.0095,0.30554
CVE-2013-3800,0.01213,0.6557
CVE-2013-3801,0.01408,0.72072
CVE-2013-3802,0.02186,0.8012
CVE-2013-3803,0.08125,0.93071
CVE-2013-3804,0.01815,0.76117
CVE-2013-3805,0.01232,0.66248
CVE-2013-3806,0.01232,0.66248
CVE-2013-3807,0.01319,0.70416
CVE-2013-3808,0.01649,0.75017
CVE-2013-3809,0.01815,0.76117
CVE-2013-3810,0.01232,0.66248
CVE-2013-3811,0.01232,0.66248
CVE-2013-3812,0.01815,0.76117
CVE-2013-3813,0.01213,0.6557
CVE-2013-3814,0.01055,0.50287
CVE-2013-3816,0.01132,0.54372
CVE-2013-3818,0.01213,0.6557
CVE-2013-3819,0.01213,0.6557
CVE-2013-3820,0.01213,0.6557
CVE-2013-3821,0.01213,0.6557
CVE-2013-3822,0.01319,0.70416
CVE-2013-3823,0.01132,0.54372
CVE-2013-3824,0.01232,0.66248
CVE-2013-3825,0.01232,0.66248
CVE-2013-3826,0.01136,0.57949
CVE-2013-3827,0.10896,0.94474
CVE-2013-3828,0.01055,0.50287
CVE-2013-3829,0.04358,0.87435
CVE-2013-3830,0.01132,0.54372
CVE-2013-3831,0.01055,0.50287
CVE-2013-3832,0.01055,0.50287
CVE-2013-3833,0.01055,0.50287
CVE-2013-3834,0.01055,0.50287
CVE-2013-3835,0.01055,0.50287
CVE-2013-3836,0.01055,0.50287
CVE-2013-3837,0.01055,0.50287
CVE-2013-3838,0.00885,0.26162
CVE-2013-3839,0.01815,0.76117
CVE-2013-3840,0.01055,0.50287
CVE-2013-3841,0.01055,0.50287
CVE-2013-3842,0.00885,0.26162
CVE-2013-3843,0.4706,0.98446
CVE-2013-3845,0.29417,0.97293
CVE-2013-3846,0.53632,0.98687
CVE-2013-3847,0.40543,0.98053
CVE-2013-3848,0.40543,0.98053
CVE-2013-3849,0.40543,0.98053
CVE-2013-3850,0.38845,0.97925
CVE-2013-3851,0.38845,0.97925
CVE-2013-3852,0.38845,0.97925
CVE-2013-3853,0.38845,0.97925
CVE-2013-3854,0.38845,0.97925
CVE-2013-3855,0.38845,0.97925
CVE-2013-3856,0.38845,0.97925
CVE-2013-3857,0.40543,0.98053
CVE-2013-3858,0.40543,0.98053
CVE-2013-3859,0.01545,0.73599
CVE-2013-3860,0.29797,0.97364
CVE-2013-3861,0.29797,0.97364
CVE-2013-3862,0.01545,0.73599
CVE-2013-3863,0.49719,0.98611
CVE-2013-3864,0.01205,0.60537
CVE-2013-3865,0.01205,0.60537
CVE-2013-3866,0.01205,0.60537
CVE-2013-3868,0.25802,0.96904
CVE-2013-3869,0.29797,0.97364
CVE-2013-3870,0.60981,0.98872
CVE-2013-3871,0.30149,0.97391
CVE-2013-3872,0.29417,0.97293
CVE-2013-3873,0.29417,0.97293
CVE-2013-3874,0.29417,0.97293
CVE-2013-3875,0.29417,0.97293
CVE-2013-3876,0.05345,0.89414
CVE-2013-3878,0.01509,0.72765
CVE-2013-3879,0.01205,0.60537
CVE-2013-3880,0.17127,0.9601
CVE-2013-3881,0.02751,0.82135
CVE-2013-3882,0.29417,0.97293
CVE-2013-3885,0.29417,0.97293
CVE-2013-3886,0.29417,0.97293
CVE-2013-3887,0.01554,0.74096
CVE-2013-3888,0.01205,0.60537
CVE-2013-3889,0.60981,0.98872
CVE-2013-3890,0.49719,0.98611
CVE-2013-3891,0.49719,0.98611
CVE-2013-3892,0.49719,0.98611
CVE-2013-3893,0.91672,0.99882
CVE-2013-3894,0.49719,0.98611
CVE-2013-3895,0.26111,0.9695
CVE-2013-3896,0.29551,0.97308
CVE-2013-3897,0.90543,0.99856
CVE-2013-3898,0.10364,0.94367
CVE-2013-3899,0.01231,0.6584
CVE-2013-3900,0.49719,0.98611
CVE-2013-3902,0.0117,0.60048
CVE-2013-3903,0.01509,0.72765
CVE-2013-3905,0.29797,0.97364
CVE-2013-3906,0.91598,0.9988
CVE-2013-3907,0.0117,0.60048
CVE-2013-3908,0.29797,0.97364
CVE-2013-3909,0.29797,0.97364
CVE-2013-3910,0.29417,0.97293
CVE-2013-3911,0.29417,0.97293
CVE-2013-3912,0.29417,0.97293
CVE-2013-3914,0.29417,0.97293
CVE-2013-3915,0.29417,0.97293
CVE-2013-3916,0.29417,0.97293
CVE-2013-3917,0.29417,0.97293
CVE-2013-3918,0.88408,0.99795
CVE-2013-3919,0.01136,0.57949
CVE-2013-3920,0.01055,0.50287
CVE-2013-3921,0.01055,0.50287
CVE-2013-3922,0.01055,0.50287
CVE-2013-3923,0.01055,0.50287
CVE-2013-3925,0.01055,0.50287
CVE-2013-3926,0.01055,0.50287
CVE-2013-3927,0.00885,0.26162
CVE-2013-3928,0.78234,0.99419
CVE-2013-3929,0.01055,0.50287
CVE-2013-3930,0.0292,0.82516
CVE-2013-3931,0.01061,0.51015
CVE-2013-3932,0.01061,0.51015
CVE-2013-3933,0.01136,0.57949
CVE-2013-3934,0.11569,0.9484
CVE-2013-3935,0.01055,0.50287
CVE-2013-3936,0.01055,0.50287
CVE-2013-3937,0.01611,0.74874
CVE-2013-3938,0.04863,0.88822
CVE-2013-3939,0.01611,0.74874
CVE-2013-3940,0.38845,0.97925
CVE-2013-3941,0.01978,0.78447
CVE-2013-3942,0.01005,0.36332
CVE-2013-3943,0.01061,0.51015
CVE-2013-3944,0.04836,0.88802
CVE-2013-3945,0.01611,0.74874
CVE-2013-3946,0.01611,0.74874
CVE-2013-3947,0.00885,0.26162
CVE-2013-3948,0.01136,0.57949
CVE-2013-3949,0.00885,0.26162
CVE-2013-3950,0.01108,0.53389
CVE-2013-3951,0.01282,0.67298
CVE-2013-3952,0.00885,0.26162
CVE-2013-3953,0.0095,0.30554
CVE-2013-3954,0.01034,0.39824
CVE-2013-3955,0.0095,0.30554
CVE-2013-3956,0.0232,0.80631
CVE-2013-3957,0.01055,0.50287
CVE-2013-3958,0.01055,0.50287
CVE-2013-3959,0.01055,0.50287
CVE-2013-3960,0.00885,0.26162
CVE-2013-3961,0.01139,0.58345
CVE-2013-3962,0.01055,0.50287
CVE-2013-3963,0.07032,0.919
CVE-2013-3964,0.01055,0.50287
CVE-2013-3969,0.09271,0.93939
CVE-2013-3970,0.00885,0.26162
CVE-2013-3971,0.01132,0.54372
CVE-2013-3972,0.01132,0.54372
CVE-2013-3973,0.01132,0.54372
CVE-2013-3975,0.29759,0.97313
CVE-2013-3976,0.01061,0.51015
CVE-2013-3977,0.31822,0.97484
CVE-2013-3978,0.01055,0.50287
CVE-2013-3979,0.01132,0.54372
CVE-2013-3980,0.01055,0.50287
CVE-2013-3981,0.01055,0.50287
CVE-2013-3982,0.29759,0.97313
CVE-2013-3983,0.00885,0.26162
CVE-2013-3984,0.01055,0.50287
CVE-2013-3985,0.01055,0.50287
CVE-2013-3986,0.20422,0.96279
CVE-2013-3988,0.01055,0.50287
CVE-2013-3989,0.01055,0.50287
CVE-2013-3990,0.01136,0.57949
CVE-2013-3992,0.01232,0.66248
CVE-2013-3993,0.01132,0.54372
CVE-2013-3995,0.01132,0.54372
CVE-2013-3996,0.01132,0.54372
CVE-2013-3997,0.01061,0.51015
CVE-2013-3998,0.01055,0.50287
CVE-2013-3999,0.01136,0.57949
CVE-2013-4000,0.01055,0.50287
CVE-2013-4001,0.01055,0.50287
CVE-2013-4003,0.01061,0.51015
CVE-2013-4004,0.01132,0.54372
CVE-2013-4005,0.01132,0.54372
CVE-2013-4006,0.00954,0.34522
CVE-2013-4007,0.01055,0.50287
CVE-2013-4011,0.0232,0.80631
CVE-2013-4012,0.01061,0.51015
CVE-2013-4013,0.01213,0.6557
CVE-2013-4014,0.01213,0.6557
CVE-2013-4015,0.01545,0.73599
CVE-2013-4016,0.01061,0.51015
CVE-2013-4017,0.01132,0.54372
CVE-2013-4018,0.01132,0.54372
CVE-2013-4019,0.01132,0.54372
CVE-2013-4020,0.01132,0.54372
CVE-2013-4021,0.01132,0.54372
CVE-2013-4022,0.01055,0.50287
CVE-2013-4024,0.01055,0.50287
CVE-2013-4025,0.01055,0.50287
CVE-2013-4027,0.01132,0.54372
CVE-2013-4030,0.01055,0.50287
CVE-2013-4031,0.01055,0.50287
CVE-2013-4032,0.01213,0.6557
CVE-2013-4033,0.01232,0.66248
CVE-2013-4034,0.06772,0.91214
CVE-2013-4035,0.01055,0.50287
CVE-2013-4036,0.01055,0.50287
CVE-2013-4037,0.01055,0.50287
CVE-2013-4038,0.00885,0.26162
CVE-2013-4039,0.01232,0.66248
CVE-2013-4040,0.00885,0.26162
CVE-2013-4041,0.02172,0.79917
CVE-2013-4042,0.06523,0.90962
CVE-2013-4043,0.01136,0.57949
CVE-2013-4044,0.01061,0.51015
CVE-2013-4045,0.01136,0.57949
CVE-2013-4046,0.01136,0.57949
CVE-2013-4047,0.01055,0.50287
CVE-2013-4048,0.01055,0.50287
CVE-2013-4049,0.05822,0.89998
CVE-2013-4050,0.01055,0.50287
CVE-2013-4051,0.01055,0.50287
CVE-2013-4052,0.01136,0.57949
CVE-2013-4053,0.01213,0.6557
CVE-2013-4054,0.01055,0.50287
CVE-2013-4055,0.01055,0.50287
CVE-2013-4056,0.01055,0.50287
CVE-2013-4057,0.01319,0.70416
CVE-2013-4058,0.01232,0.66248
CVE-2013-4059,0.01319,0.70416
CVE-2013-4061,0.01055,0.50287
CVE-2013-4062,0.00885,0.26162
CVE-2013-4063,0.01055,0.50287
CVE-2013-4064,0.01055,0.50287
CVE-2013-4065,0.01055,0.50287
CVE-2013-4066,0.01136,0.57949
CVE-2013-4067,0.01136,0.57949
CVE-2013-4068,0.05302,0.89375
CVE-2013-4069,0.01136,0.57949
CVE-2013-4070,0.01136,0.57949
CVE-2013-4073,0.02686,0.82061
CVE-2013-4074,0.7087,0.99133
CVE-2013-4075,0.03779,0.84781
CVE-2013-4076,0.03779,0.84781
CVE-2013-4077,0.02172,0.79917
CVE-2013-4078,0.03779,0.84781
CVE-2013-4079,0.02172,0.79917
CVE-2013-4080,0.02172,0.79917
CVE-2013-4081,0.03779,0.84781
CVE-2013-4082,0.02172,0.79917
CVE-2013-4083,0.03779,0.84781
CVE-2013-4088,0.01132,0.54372
CVE-2013-4090,0.00885,0.26162
CVE-2013-4091,0.01055,0.50287
CVE-2013-4092,0.00885,0.26162
CVE-2013-4093,0.01055,0.50287
CVE-2013-4094,0.01055,0.50287
CVE-2013-4095,0.01055,0.50287
CVE-2013-4096,0.01055,0.50287
CVE-2013-4097,0.01055,0.50287
CVE-2013-4098,0.01055,0.50287
CVE-2013-4099,0.0292,0.82516
CVE-2013-4100,0.01213,0.6557
CVE-2013-4101,0.00954,0.34522
CVE-2013-4102,0.01018,0.38792
CVE-2013-4103,0.08944,0.93724
CVE-2013-4104,0.01018,0.38792
CVE-2013-4105,0.00954,0.34522
CVE-2013-4106,0.01018,0.38792
CVE-2013-4107,0.01018,0.38792
CVE-2013-4108,0.00885,0.26162
CVE-2013-4109,0.01018,0.38792
CVE-2013-4110,0.01018,0.38792
CVE-2013-4111,0.01108,0.53389
CVE-2013-4112,0.07777,0.92953
CVE-2013-4113,0.03932,0.8519
CVE-2013-4114,0.01319,0.70416
CVE-2013-4115,0.03779,0.84781
CVE-2013-4116,0.01104,0.52279
CVE-2013-4117,0.02255,0.80558
CVE-2013-4118,0.01319,0.70416
CVE-2013-4119,0.01213,0.6557
CVE-2013-4120,0.00885,0.26162
CVE-2013-4122,0.01776,0.75902
CVE-2013-4123,0.08595,0.9363
CVE-2013-4124,0.86768,0.99707
CVE-2013-4125,0.01776,0.75902
CVE-2013-4127,0.0095,0.30554
CVE-2013-4128,0.01408,0.72072
CVE-2013-4129,0.01034,0.39824
CVE-2013-4130,0.01319,0.70416
CVE-2013-4131,0.01936,0.77139
CVE-2013-4132,0.01213,0.6557
CVE-2013-4133,0.01108,0.53389
CVE-2013-4134,0.01136,0.57949
CVE-2013-4135,0.01136,0.57949
CVE-2013-4136,0.0095,0.30554
CVE-2013-4137,0.01055,0.50287
CVE-2013-4138,0.01061,0.51015
CVE-2013-4139,0.01136,0.57949
CVE-2013-4140,0.01315,0.67456
CVE-2013-4143,0.0089,0.2856
CVE-2013-4144,0.00885,0.26162
CVE-2013-4147,0.07408,0.92248
CVE-2013-4148,0.06523,0.90962
CVE-2013-4149,0.06523,0.90962
CVE-2013-4150,0.04291,0.87022
CVE-2013-4151,0.06523,0.90962
CVE-2013-4152,0.02686,0.82061
CVE-2013-4153,0.01213,0.6557
CVE-2013-4154,0.01213,0.6557
CVE-2013-4155,0.01104,0.52279
CVE-2013-4156,0.01136,0.57949
CVE-2013-4157,0.00885,0.26162
CVE-2013-4158,0.01183,0.60428
CVE-2013-4159,0.01108,0.53389
CVE-2013-4160,0.01319,0.70416
CVE-2013-4161,0.0095,0.30554
CVE-2013-4162,0.01547,0.74085
CVE-2013-4163,0.01547,0.74085
CVE-2013-4164,0.40676,0.98112
CVE-2013-4165,0.01136,0.57949
CVE-2013-4166,0.01213,0.6557
CVE-2013-4167,0.01213,0.6557
CVE-2013-4168,0.01108,0.53389
CVE-2013-4169,0.0089,0.2856
CVE-2013-4170,0.00954,0.34522
CVE-2013-4171,0.01136,0.57949
CVE-2013-4172,0.00885,0.26162
CVE-2013-4173,0.01136,0.57949
CVE-2013-4174,0.01408,0.72072
CVE-2013-4176,0.00885,0.26162
CVE-2013-4177,0.01213,0.6557
CVE-2013-4178,0.01213,0.6557
CVE-2013-4179,0.01136,0.57949
CVE-2013-4180,0.01136,0.57949
CVE-2013-4181,0.01055,0.50287
CVE-2013-4182,0.01213,0.6557
CVE-2013-4183,0.0089,0.2856
CVE-2013-4184,0.01034,0.39824
CVE-2013-4185,0.01061,0.51015
CVE-2013-4187,0.01132,0.54372
CVE-2013-4188,0.01213,0.6557
CVE-2013-4189,0.01132,0.54372
CVE-2013-4190,0.01213,0.6557
CVE-2013-4191,0.01213,0.6557
CVE-2013-4192,0.01132,0.54372
CVE-2013-4193,0.01213,0.6557
CVE-2013-4194,0.01213,0.6557
CVE-2013-4195,0.01213,0.6557
CVE-2013-4196,0.01213,0.6557
CVE-2013-4197,0.01132,0.54372
CVE-2013-4198,0.01132,0.54372
CVE-2013-4199,0.01132,0.54372
CVE-2013-4200,0.07511,0.92331
CVE-2013-4201,0.01055,0.50287
CVE-2013-4202,0.01136,0.57949
CVE-2013-4203,0.01055,0.50287
CVE-2013-4204,0.01213,0.6557
CVE-2013-4205,0.01034,0.39824
CVE-2013-4206,0.03073,0.82961
CVE-2013-4207,0.01108,0.53389
CVE-2013-4208,0.01034,0.39824
CVE-2013-4209,0.00885,0.26162
CVE-2013-4210,0.01319,0.70416
CVE-2013-4211,0.83007,0.99561
CVE-2013-4212,0.84271,0.99603
CVE-2013-4213,0.01408,0.72072
CVE-2013-4214,0.0095,0.30554
CVE-2013-4215,0.0095,0.30554
CVE-2013-4216,0.00885,0.26162
CVE-2013-4217,0.00885,0.26162
CVE-2013-4218,0.00885,0.26162
CVE-2013-4219,0.0556,0.89553
CVE-2013-4220,0.0095,0.30554
CVE-2013-4221,0.01319,0.70416
CVE-2013-4222,0.01132,0.54372
CVE-2013-4223,0.01034,0.39824
CVE-2013-4225,0.01213,0.6557
CVE-2013-4226,0.01061,0.51015
CVE-2013-4227,0.01213,0.6557
CVE-2013-4228,0.01132,0.54372
CVE-2013-4229,0.01232,0.66248
CVE-2013-4230,0.01232,0.66248
CVE-2013-4231,0.01776,0.75902
CVE-2013-4232,0.05288,0.89317
CVE-2013-4233,0.04146,0.85406
CVE-2013-4234,0.04967,0.88981
CVE-2013-4235,0.0095,0.30554
CVE-2013-4236,0.0089,0.2856
CVE-2013-4237,0.02646,0.81377
CVE-2013-4238,0.02686,0.82061
CVE-2013-4239,0.01132,0.54372
CVE-2013-4240,0.01319,0.70416
CVE-2013-4241,0.01213,0.6557
CVE-2013-4242,0.01547,0.74085
CVE-2013-4243,0.05288,0.89317
CVE-2013-4244,0.01737,0.75211
CVE-2013-4245,0.01365,0.70715
CVE-2013-4246,0.01055,0.50287
CVE-2013-4247,0.01213,0.6557
CVE-2013-4248,0.02686,0.82061
CVE-2013-4249,0.01408,0.72072
CVE-2013-4250,0.01055,0.50287
CVE-2013-4251,0.01282,0.67298
CVE-2013-4254,0.01547,0.74085
CVE-2013-4255,0.01132,0.54372
CVE-2013-4256,0.01755,0.75287
CVE-2013-4258,0.05139,0.89128
CVE-2013-4259,0.0089,0.2856
CVE-2013-4260,0.0095,0.30554
CVE-2013-4261,0.01132,0.54372
CVE-2013-4262,0.00885,0.26162
CVE-2013-4263,0.01018,0.38792
CVE-2013-4264,0.01213,0.6557
CVE-2013-4265,0.01018,0.38792
CVE-2013-4267,0.01136,0.57949
CVE-2013-4270,0.01034,0.39824
CVE-2013-4271,0.01213,0.6557
CVE-2013-4272,0.01018,0.38792
CVE-2013-4273,0.01061,0.51015
CVE-2013-4274,0.01132,0.54372
CVE-2013-4275,0.01315,0.67456
CVE-2013-4276,0.01408,0.72072
CVE-2013-4277,0.01627,0.74906
CVE-2013-4278,0.01061,0.51015
CVE-2013-4279,0.01018,0.38792
CVE-2013-4280,0.0089,0.2856
CVE-2013-4282,0.01408,0.72072
CVE-2013-4283,0.01213,0.6557
CVE-2013-4284,0.01136,0.57949
CVE-2013-4285,0.00885,0.26162
CVE-2013-4286,0.07344,0.92237
CVE-2013-4287,0.01974,0.7812
CVE-2013-4288,0.01282,0.67298
CVE-2013-4289,0.01213,0.6557
CVE-2013-4290,0.01213,0.6557
CVE-2013-4291,0.0095,0.30554
CVE-2013-4292,0.0095,0.30554
CVE-2013-4293,0.00885,0.26162
CVE-2013-4294,0.01319,0.70416
CVE-2013-4295,0.09113,0.93862
CVE-2013-4296,0.01815,0.76117
CVE-2013-4297,0.01132,0.54372
CVE-2013-4298,0.01408,0.72072
CVE-2013-4299,0.02528,0.8112
CVE-2013-4300,0.01034,0.39824
CVE-2013-4301,0.01974,0.7812
CVE-2013-4302,0.02172,0.79917
CVE-2013-4303,0.01213,0.6557
CVE-2013-4304,0.01319,0.70416
CVE-2013-4305,0.01213,0.6557
CVE-2013-4306,0.01319,0.70416
CVE-2013-4307,0.01319,0.70416
CVE-2013-4308,0.01319,0.70416
CVE-2013-4310,0.07563,0.9253
CVE-2013-4311,0.01034,0.39824
CVE-2013-4312,0.02686,0.82061
CVE-2013-4313,0.01055,0.50287
CVE-2013-4314,0.01108,0.53389
CVE-2013-4315,0.01319,0.70416
CVE-2013-4316,0.019,0.76484
CVE-2013-4317,0.00885,0.26162
CVE-2013-4318,0.01055,0.50287
CVE-2013-4319,0.01132,0.54372
CVE-2013-4320,0.01055,0.50287
CVE-2013-4321,0.01055,0.50287
CVE-2013-4322,0.07344,0.92237
CVE-2013-4324,0.0095,0.30554
CVE-2013-4325,0.01034,0.39824
CVE-2013-4326,0.0095,0.30554
CVE-2013-4327,0.0095,0.30554
CVE-2013-4329,0.0095,0.30554
CVE-2013-4330,0.06394,0.90534
CVE-2013-4331,0.00885,0.26162
CVE-2013-4332,0.02686,0.82061
CVE-2013-4333,0.00954,0.34522
CVE-2013-4334,0.00885,0.26162
CVE-2013-4335,0.00954,0.34522
CVE-2013-4338,0.07777,0.92953
CVE-2013-4339,0.02172,0.79917
CVE-2013-4340,0.01232,0.66248
CVE-2013-4341,0.01953,0.77242
CVE-2013-4342,0.01213,0.6557
CVE-2013-4343,0.01282,0.67298
CVE-2013-4344,0.01282,0.67298
CVE-2013-4345,0.02686,0.82061
CVE-2013-4346,0.01136,0.57949
CVE-2013-4347,0.01213,0.6557
CVE-2013-4350,0.03779,0.84781
CVE-2013-4351,0.01974,0.7812
CVE-2013-4352,0.05242,0.89216
CVE-2013-4353,0.0472,0.88691
CVE-2013-4354,0.0089,0.2856
CVE-2013-4355,0.01104,0.52279
CVE-2013-4356,0.01018,0.38792
CVE-2013-4357,0.02686,0.82061
CVE-2013-4358,0.01055,0.50287
CVE-2013-4359,0.01319,0.70416
CVE-2013-4361,0.0095,0.30554
CVE-2013-4363,0.01213,0.6557
CVE-2013-4364,0.00885,0.26162
CVE-2013-4365,0.03384,0.83655
CVE-2013-4366,0.00885,0.26162
CVE-2013-4367,0.00885,0.26162
CVE-2013-4368,0.01282,0.67298
CVE-2013-4369,0.0089,0.2856
CVE-2013-4370,0.01592,0.74578
CVE-2013-4371,0.0272,0.82083
CVE-2013-4372,0.01319,0.70416
CVE-2013-4373,0.0089,0.2856
CVE-2013-4374,0.00885,0.26162
CVE-2013-4375,0.0095,0.30554
CVE-2013-4376,0.06523,0.90962
CVE-2013-4377,0.0095,0.30554
CVE-2013-4379,0.01213,0.6557
CVE-2013-4380,0.01132,0.54372
CVE-2013-4383,0.01061,0.51015
CVE-2013-4384,0.01213,0.6557
CVE-2013-4385,0.05139,0.89128
CVE-2013-4386,0.01136,0.57949
CVE-2013-4387,0.03779,0.84781
CVE-2013-4388,0.04967,0.88981
CVE-2013-4389,0.01319,0.70416
CVE-2013-4390,0.01484,0.72722
CVE-2013-4391,0.05139,0.89128
CVE-2013-4392,0.0089,0.2856
CVE-2013-4393,0.0095,0.30554
CVE-2013-4394,0.0095,0.30554
CVE-2013-4395,0.00954,0.34522
CVE-2013-4396,0.06248,0.90327
CVE-2013-4397,0.06604,0.91138
CVE-2013-4399,0.01213,0.6557
CVE-2013-4400,0.01104,0.52279
CVE-2013-4401,0.01104,0.52279
CVE-2013-4402,0.02172,0.79917
CVE-2013-4404,0.01061,0.51015
CVE-2013-4405,0.01136,0.57949
CVE-2013-4406,0.01319,0.70416
CVE-2013-4407,0.01136,0.57949
CVE-2013-4408,0.02768,0.82197
CVE-2013-4409,0.01537,0.73595
CVE-2013-4410,0.01537,0.73595
CVE-2013-4411,0.01282,0.67298
CVE-2013-4412,0.01108,0.53389
CVE-2013-4413,0.01213,0.6557
CVE-2013-4414,0.01136,0.57949
CVE-2013-4415,0.01213,0.6557
CVE-2013-4416,0.01034,0.39824
CVE-2013-4419,0.01018,0.38792
CVE-2013-4420,0.01136,0.57949
CVE-2013-4421,0.02172,0.79917
CVE-2013-4422,0.01408,0.72072
CVE-2013-4423,0.00885,0.26162
CVE-2013-4424,0.01055,0.50287
CVE-2013-4425,0.0095,0.30554
CVE-2013-4426,0.0089,0.2856
CVE-2013-4427,0.0089,0.2856
CVE-2013-4428,0.01649,0.75017
CVE-2013-4429,0.01132,0.54372
CVE-2013-4430,0.01213,0.6557
CVE-2013-4431,0.01132,0.54372
CVE-2013-4432,0.01132,0.54372
CVE-2013-4433,0.01213,0.6557
CVE-2013-4435,0.01055,0.50287
CVE-2013-4436,0.01055,0.50287
CVE-2013-4437,0.00885,0.26162
CVE-2013-4438,0.01055,0.50287
CVE-2013-4439,0.01061,0.51015
CVE-2013-4440,0.01183,0.60428
CVE-2013-4441,0.01018,0.38792
CVE-2013-4442,0.01537,0.73595
CVE-2013-4444,0.12248,0.95093
CVE-2013-4445,0.01232,0.66248
CVE-2013-4446,0.01408,0.72072
CVE-2013-4447,0.01408,0.72072
CVE-2013-4449,0.03407,0.83908
CVE-2013-4450,0.44581,0.98243
CVE-2013-4451,0.01018,0.38792
CVE-2013-4452,0.0095,0.30554
CVE-2013-4453,0.01319,0.70416
CVE-2013-4454,0.01108,0.53389
CVE-2013-4455,0.00885,0.26162
CVE-2013-4457,0.01018,0.38792
CVE-2013-4458,0.01319,0.70416
CVE-2013-4459,0.0095,0.30554
CVE-2013-4460,0.01132,0.54372
CVE-2013-4461,0.01136,0.57949
CVE-2013-4462,0.00885,0.26162
CVE-2013-4463,0.0095,0.30554
CVE-2013-4465,0.05302,0.89375
CVE-2013-4466,0.01018,0.38792
CVE-2013-4467,0.01315,0.67456
CVE-2013-4468,0.01132,0.54372
CVE-2013-4469,0.0089,0.2856
CVE-2013-4470,0.02686,0.82061
CVE-2013-4471,0.01055,0.50287
CVE-2013-4472,0.0095,0.30554
CVE-2013-4473,0.07544,0.92484
CVE-2013-4474,0.09099,0.93857
CVE-2013-4475,0.04358,0.87435
CVE-2013-4476,0.01034,0.39824
CVE-2013-4477,0.0095,0.30554
CVE-2013-4478,0.01319,0.70416
CVE-2013-4479,0.01408,0.72072
CVE-2013-4480,0.01213,0.6557
CVE-2013-4481,0.00885,0.26162
CVE-2013-4482,0.00885,0.26162
CVE-2013-4483,0.01104,0.52279
CVE-2013-4484,0.01408,0.72072
CVE-2013-4485,0.01061,0.51015
CVE-2013-4486,0.00954,0.34522
CVE-2013-4487,0.00954,0.34522
CVE-2013-4488,0.01108,0.53389
CVE-2013-4489,0.01055,0.50287
CVE-2013-4490,0.73678,0.99251
CVE-2013-4491,0.03407,0.83908
CVE-2013-4492,0.01319,0.70416
CVE-2013-4494,0.01282,0.67298
CVE-2013-4495,0.01213,0.6557
CVE-2013-4496,0.03779,0.84781
CVE-2013-4497,0.01213,0.6557
CVE-2013-4498,0.01061,0.51015
CVE-2013-4499,0.01136,0.57949
CVE-2013-4500,0.01061,0.51015
CVE-2013-4501,0.01136,0.57949
CVE-2013-4502,0.01132,0.54372
CVE-2013-4503,0.01055,0.50287
CVE-2013-4504,0.01136,0.57949
CVE-2013-4505,0.01484,0.72722
CVE-2013-4507,0.01055,0.50287
CVE-2013-4508,0.01408,0.72072
CVE-2013-4509,0.01108,0.53389
CVE-2013-4510,0.01018,0.38792
CVE-2013-4511,0.01547,0.74085
CVE-2013-4512,0.0095,0.30554
CVE-2013-4513,0.01547,0.74085
CVE-2013-4514,0.01547,0.74085
CVE-2013-4515,0.01547,0.74085
CVE-2013-4516,0.01104,0.52279
CVE-2013-4517,0.07344,0.92237
CVE-2013-4518,0.00885,0.26162
CVE-2013-4519,0.01319,0.70416
CVE-2013-4520,0.01183,0.60428
CVE-2013-4521,0.05634,0.89764
CVE-2013-4522,0.01136,0.57949
CVE-2013-4523,0.01061,0.51015
CVE-2013-4524,0.01061,0.51015
CVE-2013-4525,0.01061,0.51015
CVE-2013-4526,0.04291,0.87022
CVE-2013-4527,0.06523,0.90962
CVE-2013-4529,0.04291,0.87022
CVE-2013-4530,0.04291,0.87022
CVE-2013-4531,0.04291,0.87022
CVE-2013-4532,0.01505,0.72763
CVE-2013-4533,0.04291,0.87022
CVE-2013-4534,0.04291,0.87022
CVE-2013-4535,0.01232,0.66248
CVE-2013-4536,0.01005,0.36332
CVE-2013-4537,0.06523,0.90962
CVE-2013-4538,0.04291,0.87022
CVE-2013-4539,0.06523,0.90962
CVE-2013-4540,0.07777,0.92953
CVE-2013-4541,0.06523,0.90962
CVE-2013-4542,0.06523,0.90962
CVE-2013-4544,0.02172,0.79379
CVE-2013-4545,0.01537,0.73595
CVE-2013-4546,0.01061,0.51015
CVE-2013-4548,0.01232,0.66248
CVE-2013-4549,0.02686,0.82061
CVE-2013-4550,0.01319,0.70416
CVE-2013-4551,0.01914,0.76507
CVE-2013-4552,0.01136,0.57949
CVE-2013-4553,0.01034,0.39824
CVE-2013-4554,0.01104,0.52279
CVE-2013-4555,0.01319,0.70416
CVE-2013-4556,0.01408,0.72072
CVE-2013-4557,0.01319,0.70416
CVE-2013-4558,0.01386,0.71108
CVE-2013-4559,0.01408,0.72072
CVE-2013-4560,0.01319,0.70416
CVE-2013-4561,0.00885,0.26162
CVE-2013-4562,0.01319,0.70416
CVE-2013-4563,0.01319,0.70416
CVE-2013-4564,0.01319,0.70416
CVE-2013-4565,0.04146,0.85406
CVE-2013-4566,0.01136,0.57949
CVE-2013-4567,0.01319,0.70416
CVE-2013-4568,0.01408,0.72072
CVE-2013-4569,0.01213,0.6557
CVE-2013-4570,0.01055,0.50287
CVE-2013-4571,0.00885,0.26162
CVE-2013-4572,0.01213,0.6557
CVE-2013-4573,0.01136,0.57949
CVE-2013-4574,0.01055,0.50287
CVE-2013-4575,0.04291,0.87022
CVE-2013-4576,0.01537,0.73595
CVE-2013-4577,0.0089,0.2856
CVE-2013-4578,0.01213,0.6557
CVE-2013-4579,0.15648,0.95876
CVE-2013-4580,0.01055,0.50287
CVE-2013-4581,0.05822,0.89998
CVE-2013-4582,0.01061,0.51015
CVE-2013-4583,0.01061,0.51015
CVE-2013-4584,0.01018,0.38792
CVE-2013-4587,0.01547,0.74085
CVE-2013-4588,0.01104,0.52279
CVE-2013-4589,0.01955,0.77585
CVE-2013-4590,0.05242,0.89216
CVE-2013-4591,0.01104,0.52279
CVE-2013-4592,0.01547,0.74085
CVE-2013-4593,0.01018,0.38792
CVE-2013-4594,0.01018,0.38792
CVE-2013-4595,0.01136,0.57949
CVE-2013-4596,0.01213,0.6557
CVE-2013-4597,0.01061,0.51015
CVE-2013-4598,0.01213,0.6557
CVE-2013-4599,0.01213,0.6557
CVE-2013-4600,0.01213,0.6557
CVE-2013-4602,0.01018,0.38792
CVE-2013-4604,0.01055,0.50287
CVE-2013-4608,0.01055,0.50287
CVE-2013-4609,0.01055,0.50287
CVE-2013-4610,0.00885,0.26162
CVE-2013-4611,0.01055,0.50287
CVE-2013-4612,0.01055,0.50287
CVE-2013-4613,0.01055,0.50287
CVE-2013-4614,0.29659,0.97311
CVE-2013-4615,0.29583,0.9731
CVE-2013-4616,0.01319,0.70416
CVE-2013-4617,0.01055,0.50287
CVE-2013-4619,0.01132,0.54372
CVE-2013-4620,0.01953,0.77242
CVE-2013-4621,0.00885,0.26162
CVE-2013-4622,0.01055,0.50287
CVE-2013-4623,0.01408,0.72072
CVE-2013-4624,0.01953,0.77242
CVE-2013-4625,0.02255,0.80558
CVE-2013-4626,0.01213,0.6557
CVE-2013-4627,0.01055,0.50287
CVE-2013-4628,0.01055,0.50287
CVE-2013-4629,0.01055,0.50287
CVE-2013-4630,0.05629,0.89602
CVE-2013-4631,0.01055,0.50287
CVE-2013-4632,0.01055,0.50287
CVE-2013-4633,0.01055,0.50287
CVE-2013-4634,0.01319,0.70416
CVE-2013-4635,0.01537,0.73595
CVE-2013-4636,0.01055,0.50287
CVE-2013-4649,0.01213,0.6557
CVE-2013-4650,0.01055,0.50287
CVE-2013-4651,0.01055,0.50287
CVE-2013-4652,0.04611,0.88458
CVE-2013-4653,0.01319,0.70416
CVE-2013-4654,0.00954,0.34522
CVE-2013-4655,0.00954,0.34522
CVE-2013-4656,0.00954,0.34522
CVE-2013-4657,0.00885,0.26162
CVE-2013-4658,0.00954,0.34522
CVE-2013-4659,0.05082,0.89024
CVE-2013-4660,0.80212,0.99488
CVE-2013-4661,0.01061,0.51015
CVE-2013-4662,0.01055,0.50287
CVE-2013-4663,0.01055,0.50287
CVE-2013-4664,0.00954,0.34522
CVE-2013-4665,0.00885,0.26162
CVE-2013-4668,0.01319,0.70416
CVE-2013-4669,0.01018,0.38792
CVE-2013-4670,0.01319,0.70416
CVE-2013-4671,0.01132,0.54372
CVE-2013-4672,0.0095,0.30554
CVE-2013-4673,0.06523,0.90962
CVE-2013-4674,0.01319,0.70416
CVE-2013-4676,0.01213,0.6557
CVE-2013-4677,0.0089,0.2856
CVE-2013-4678,0.01055,0.50287
CVE-2013-4679,0.01832,0.76196
CVE-2013-4680,0.01213,0.6557
CVE-2013-4681,0.01213,0.6557
CVE-2013-4682,0.01213,0.6557
CVE-2013-4683,0.01136,0.57949
CVE-2013-4684,0.01213,0.6557
CVE-2013-4685,0.06523,0.90962
CVE-2013-4686,0.01136,0.57949
CVE-2013-4687,0.01055,0.50287
CVE-2013-4688,0.01055,0.50287
CVE-2013-4689,0.01213,0.6557
CVE-2013-4690,0.01213,0.6557
CVE-2013-4691,0.00885,0.26162
CVE-2013-4692,0.02173,0.80027
CVE-2013-4693,0.00885,0.26162
CVE-2013-4694,0.36795,0.97786
CVE-2013-4695,0.02438,0.80836
CVE-2013-4697,0.01061,0.51015
CVE-2013-4698,0.01132,0.54372
CVE-2013-4699,0.00885,0.26162
CVE-2013-4700,0.00885,0.26162
CVE-2013-4701,0.01213,0.6557
CVE-2013-4702,0.01319,0.70416
CVE-2013-4703,0.01136,0.57949
CVE-2013-4704,0.01136,0.57949
CVE-2013-4705,0.01136,0.57949
CVE-2013-4706,0.01055,0.50287
CVE-2013-4707,0.01055,0.50287
CVE-2013-4708,0.01213,0.6557
CVE-2013-4709,0.06523,0.90962
CVE-2013-4710,0.13751,0.95566
CVE-2013-4711,0.01213,0.6557
CVE-2013-4712,0.01213,0.6557
CVE-2013-4713,0.01061,0.51015
CVE-2013-4714,0.01136,0.57949
CVE-2013-4715,0.01136,0.57949
CVE-2013-4716,0.01213,0.6557
CVE-2013-4717,0.01055,0.50287
CVE-2013-4718,0.01055,0.50287
CVE-2013-4719,0.01213,0.6557
CVE-2013-4720,0.01213,0.6557
CVE-2013-4721,0.01136,0.57949
CVE-2013-4722,0.01136,0.57949
CVE-2013-4723,0.01136,0.57949
CVE-2013-4724,0.01055,0.50287
CVE-2013-4725,0.01055,0.50287
CVE-2013-4726,0.01136,0.57949
CVE-2013-4727,0.07584,0.92581
CVE-2013-4728,0.01055,0.50287
CVE-2013-4729,0.01055,0.50287
CVE-2013-4731,0.01055,0.50287
CVE-2013-4732,0.01213,0.6557
CVE-2013-4733,0.01213,0.6557
CVE-2013-4734,0.01018,0.38792
CVE-2013-4735,0.01213,0.6557
CVE-2013-4736,0.00885,0.26162
CVE-2013-4737,0.00885,0.26162
CVE-2013-4738,0.00885,0.26162
CVE-2013-4739,0.00885,0.26162
CVE-2013-4740,0.0089,0.2856
CVE-2013-4742,0.0356,0.84143
CVE-2013-4743,0.08382,0.93597
CVE-2013-4744,0.01213,0.6557
CVE-2013-4745,0.01136,0.57949
CVE-2013-4746,0.01136,0.57949
CVE-2013-4747,0.01213,0.6557
CVE-2013-4748,0.01213,0.6557
CVE-2013-4749,0.01055,0.50287
CVE-2013-4751,0.01034,0.39824
CVE-2013-4752,0.03407,0.83908
CVE-2013-4753,0.01055,0.50287
CVE-2013-4754,0.01055,0.50287
CVE-2013-4758,0.04291,0.87022
CVE-2013-4759,0.02255,0.80558
CVE-2013-4761,0.01213,0.6557
CVE-2013-4762,0.01055,0.50287
CVE-2013-4763,0.00885,0.26162
CVE-2013-4764,0.00885,0.26162
CVE-2013-4766,0.01055,0.50287
CVE-2013-4767,0.00885,0.26162
CVE-2013-4768,0.01055,0.50287
CVE-2013-4769,0.01055,0.50287
CVE-2013-4770,0.01055,0.50287
CVE-2013-4772,0.01055,0.50287
CVE-2013-4775,0.07032,0.919
CVE-2013-4776,0.07032,0.919
CVE-2013-4777,0.00885,0.26162
CVE-2013-4778,0.01055,0.50287
CVE-2013-4779,0.01055,0.50287
CVE-2013-4780,0.01055,0.50287
CVE-2013-4781,0.01055,0.50287
CVE-2013-4782,0.38796,0.97911
CVE-2013-4783,0.01319,0.70416
CVE-2013-4784,0.01319,0.70416
CVE-2013-4785,0.01136,0.57949
CVE-2013-4786,0.79806,0.99477
CVE-2013-4787,0.03934,0.85192
CVE-2013-4788,0.12188,0.94987
CVE-2013-4789,0.01139,0.58345
CVE-2013-4790,0.01055,0.50287
CVE-2013-4791,0.00885,0.26162
CVE-2013-4792,0.00885,0.26162
CVE-2013-4793,0.01055,0.50287
CVE-2013-4795,0.01408,0.72072
CVE-2013-4796,0.0144,0.7265
CVE-2013-4797,0.25143,0.96828
CVE-2013-4798,0.89586,0.99821
CVE-2013-4799,0.24476,0.96668
CVE-2013-4800,0.91159,0.99871
CVE-2013-4801,0.25143,0.96828
CVE-2013-4802,0.01319,0.70416
CVE-2013-4804,0.05822,0.89998
CVE-2013-4805,0.01136,0.57949
CVE-2013-4806,0.01061,0.51015
CVE-2013-4807,0.01319,0.70416
CVE-2013-4808,0.01213,0.6557
CVE-2013-4809,0.01213,0.6557
CVE-2013-4810,0.54919,0.98711
CVE-2013-4811,0.89586,0.99821
CVE-2013-4812,0.89586,0.99821
CVE-2013-4813,0.01213,0.6557
CVE-2013-4814,0.01055,0.50287
CVE-2013-4815,0.01055,0.50287
CVE-2013-4817,0.01136,0.57949
CVE-2013-4818,0.01136,0.57949
CVE-2013-4819,0.01061,0.51015
CVE-2013-4820,0.01061,0.51015
CVE-2013-4821,0.01061,0.51015
CVE-2013-4822,0.84581,0.99625
CVE-2013-4823,0.3517,0.97712
CVE-2013-4824,0.39017,0.97929
CVE-2013-4825,0.01055,0.50287
CVE-2013-4826,0.3517,0.97712
CVE-2013-4827,0.01055,0.50287
CVE-2013-4828,0.01055,0.50287
CVE-2013-4829,0.00885,0.26162
CVE-2013-4830,0.19175,0.96181
CVE-2013-4831,0.01055,0.50287
CVE-2013-4832,0.01055,0.50287
CVE-2013-4833,0.01055,0.50287
CVE-2013-4834,0.19175,0.96181
CVE-2013-4835,0.88593,0.998
CVE-2013-4836,0.19175,0.96181
CVE-2013-4837,0.84581,0.99625
CVE-2013-4838,0.19175,0.96181
CVE-2013-4839,0.01055,0.50287
CVE-2013-4840,0.01055,0.50287
CVE-2013-4841,0.19175,0.96181
CVE-2013-4842,0.01055,0.50287
CVE-2013-4843,0.01055,0.50287
CVE-2013-4844,0.19175,0.96181
CVE-2013-4845,0.01055,0.50287
CVE-2013-4846,0.01055,0.50287
CVE-2013-4848,0.01018,0.38792
CVE-2013-4851,0.01136,0.57949
CVE-2013-4852,0.04229,0.86856
CVE-2013-4854,0.26383,0.96972
CVE-2013-4855,0.00954,0.34522
CVE-2013-4856,0.00954,0.34522
CVE-2013-4857,0.00885,0.26162
CVE-2013-4858,0.25802,0.96904
CVE-2013-4859,0.08382,0.93597
CVE-2013-4860,0.01136,0.57949
CVE-2013-4861,0.01061,0.51015
CVE-2013-4862,0.01061,0.51015
CVE-2013-4863,0.01061,0.51015
CVE-2013-4864,0.01136,0.57949
CVE-2013-4865,0.01136,0.57949
CVE-2013-4866,0.01108,0.53389
CVE-2013-4867,0.00885,0.26162
CVE-2013-4868,0.00954,0.34522
CVE-2013-4869,0.00885,0.26162
CVE-2013-4870,0.01055,0.50287
CVE-2013-4871,0.01319,0.70416
CVE-2013-4872,0.00885,0.26162
CVE-2013-4873,0.01213,0.6557
CVE-2013-4874,0.00954,0.34522
CVE-2013-4875,0.00954,0.34522
CVE-2013-4876,0.00885,0.26162
CVE-2013-4877,0.01136,0.57949
CVE-2013-4878,0.12753,0.95373
CVE-2013-4879,0.01213,0.6557
CVE-2013-4880,0.01213,0.6557
CVE-2013-4881,0.01213,0.6557
CVE-2013-4882,0.01061,0.51015
CVE-2013-4883,0.01408,0.72072
CVE-2013-4884,0.02255,0.80558
CVE-2013-4885,0.08595,0.9363
CVE-2013-4887,0.01136,0.57949
CVE-2013-4888,0.01953,0.77242
CVE-2013-4889,0.01953,0.77242
CVE-2013-4890,0.07032,0.919
CVE-2013-4891,0.01136,0.57949
CVE-2013-4898,0.11061,0.94632
CVE-2013-4899,0.01136,0.57949
CVE-2013-4900,0.07032,0.919
CVE-2013-4911,0.01319,0.70416
CVE-2013-4912,0.01319,0.70416
CVE-2013-4920,0.01408,0.72072
CVE-2013-4921,0.01974,0.7812
CVE-2013-4922,0.01974,0.7812
CVE-2013-4923,0.01974,0.7812
CVE-2013-4924,0.01974,0.7812
CVE-2013-4925,0.01974,0.7812
CVE-2013-4926,0.01974,0.7812
CVE-2013-4927,0.03779,0.84781
CVE-2013-4928,0.01974,0.7812
CVE-2013-4929,0.03779,0.84781
CVE-2013-4930,0.03779,0.84781
CVE-2013-4931,0.03779,0.84781
CVE-2013-4932,0.03779,0.84781
CVE-2013-4933,0.03779,0.84781
CVE-2013-4934,0.03779,0.84781
CVE-2013-4935,0.03779,0.84781
CVE-2013-4936,0.01974,0.7812
CVE-2013-4937,0.00885,0.26162
CVE-2013-4938,0.01055,0.50287
CVE-2013-4939,0.01213,0.6557
CVE-2013-4940,0.01136,0.57949
CVE-2013-4941,0.01136,0.57949
CVE-2013-4942,0.01136,0.57949
CVE-2013-4943,0.00885,0.26162
CVE-2013-4944,0.01213,0.6557
CVE-2013-4945,0.01136,0.57949
CVE-2013-4946,0.01136,0.57949
CVE-2013-4947,0.01213,0.6557
CVE-2013-4948,0.01213,0.6557
CVE-2013-4949,0.01213,0.6557
CVE-2013-4950,0.01213,0.6557
CVE-2013-4951,0.01953,0.77242
CVE-2013-4952,0.00986,0.35784
CVE-2013-4953,0.00986,0.35784
CVE-2013-4954,0.02255,0.80558
CVE-2013-4955,0.01055,0.50287
CVE-2013-4956,0.0095,0.30554
CVE-2013-4957,0.01018,0.38792
CVE-2013-4958,0.00885,0.26162
CVE-2013-4959,0.00885,0.26162
CVE-2013-4961,0.01055,0.50287
CVE-2013-4962,0.00885,0.26162
CVE-2013-4963,0.01055,0.50287
CVE-2013-4964,0.01055,0.50287
CVE-2013-4965,0.01055,0.50287
CVE-2013-4966,0.01055,0.50287
CVE-2013-4967,0.01055,0.50287
CVE-2013-4968,0.01055,0.50287
CVE-2013-4969,0.0095,0.30554
CVE-2013-4971,0.01055,0.50287
CVE-2013-4973,0.06309,0.90494
CVE-2013-4974,0.04641,0.88525
CVE-2013-4975,0.0089,0.2856
CVE-2013-4976,0.00954,0.34522
CVE-2013-4977,0.04291,0.87022
CVE-2013-4978,0.11569,0.9484
CVE-2013-4979,0.06309,0.90494
CVE-2013-4980,0.04291,0.87022
CVE-2013-4981,0.04291,0.87022
CVE-2013-4982,0.00954,0.34522
CVE-2013-4983,0.78265,0.99423
CVE-2013-4984,0.03318,0.8354
CVE-2013-4985,0.08382,0.93597
CVE-2013-4986,0.06309,0.90494
CVE-2013-4987,0.06772,0.91214
CVE-2013-4988,0.79288,0.99444
CVE-2013-4995,0.01061,0.51015
CVE-2013-4996,0.01213,0.6557
CVE-2013-4997,0.01055,0.50287
CVE-2013-4998,0.01055,0.50287
CVE-2013-4999,0.01055,0.50287
CVE-2013-5000,0.01055,0.50287
CVE-2013-5001,0.01055,0.50287
CVE-2013-5002,0.01061,0.51015
CVE-2013-5003,0.01061,0.51015
CVE-2013-5005,0.01055,0.50287
CVE-2013-5006,0.07032,0.919
CVE-2013-5008,0.00885,0.26162
CVE-2013-5009,0.01061,0.51015
CVE-2013-5010,0.0089,0.2856
CVE-2013-5011,0.0089,0.2856
CVE-2013-5012,0.01055,0.50287
CVE-2013-5013,0.01213,0.6557
CVE-2013-5014,0.01213,0.6557
CVE-2013-5015,0.01232,0.66248
CVE-2013-5016,0.01055,0.50287
CVE-2013-5017,0.01213,0.6557
CVE-2013-5018,0.01776,0.75902
CVE-2013-5019,0.7976,0.99476
CVE-2013-5020,0.02255,0.80558
CVE-2013-5021,0.01213,0.6557
CVE-2013-5022,0.01136,0.57949
CVE-2013-5023,0.01136,0.57949
CVE-2013-5024,0.01136,0.57949
CVE-2013-5025,0.01136,0.57949
CVE-2013-5026,0.06309,0.90494
CVE-2013-5027,0.00885,0.26162
CVE-2013-5028,0.00986,0.35784
CVE-2013-5029,0.01319,0.70416
CVE-2013-5030,0.07032,0.919
CVE-2013-5031,0.00885,0.26162
CVE-2013-5032,0.00885,0.26162
CVE-2013-5033,0.00885,0.26162
CVE-2013-5034,0.00885,0.26162
CVE-2013-5035,0.01055,0.50287
CVE-2013-5036,0.83379,0.99578
CVE-2013-5037,0.01055,0.50287
CVE-2013-5038,0.01055,0.50287
CVE-2013-5039,0.01055,0.50287
CVE-2013-5042,0.25802,0.96904
CVE-2013-5045,0.05212,0.89147
CVE-2013-5046,0.01509,0.72765
CVE-2013-5047,0.30987,0.97438
CVE-2013-5048,0.30987,0.97438
CVE-2013-5049,0.30987,0.97438
CVE-2013-5051,0.30987,0.97438
CVE-2013-5052,0.30987,0.97438
CVE-2013-5054,0.18147,0.96089
CVE-2013-5056,0.86508,0.99701
CVE-2013-5057,0.42341,0.9817
CVE-2013-5058,0.06288,0.90356
CVE-2013-5059,0.25853,0.96909
CVE-2013-5072,0.25802,0.96904
CVE-2013-5091,0.00986,0.35784
CVE-2013-5092,0.01953,0.77242
CVE-2013-5093,0.85739,0.99669
CVE-2013-5094,0.01953,0.77242
CVE-2013-5095,0.01055,0.50287
CVE-2013-5096,0.01061,0.51015
CVE-2013-5097,0.01055,0.50287
CVE-2013-5098,0.01213,0.6557
CVE-2013-5099,0.01953,0.77242
CVE-2013-5100,0.01319,0.70416
CVE-2013-5106,0.01086,0.51674
CVE-2013-5107,0.01055,0.50287
CVE-2013-5108,0.01136,0.57949
CVE-2013-5112,0.00885,0.26162
CVE-2013-5113,0.00954,0.34522
CVE-2013-5114,0.00954,0.34522
CVE-2013-5116,0.0089,0.2856
CVE-2013-5117,0.00986,0.35784
CVE-2013-5118,0.01953,0.77242
CVE-2013-5119,0.00954,0.34522
CVE-2013-5120,0.01213,0.6557
CVE-2013-5121,0.01213,0.6557
CVE-2013-5122,0.00954,0.34522
CVE-2013-5123,0.01183,0.60428
CVE-2013-5125,0.03194,0.83328
CVE-2013-5126,0.03194,0.83328
CVE-2013-5127,0.03194,0.83328
CVE-2013-5128,0.03194,0.83328
CVE-2013-5129,0.01213,0.6557
CVE-2013-5130,0.00885,0.26162
CVE-2013-5131,0.01213,0.6557
CVE-2013-5132,0.01055,0.50287
CVE-2013-5133,0.01055,0.50287
CVE-2013-5135,0.04897,0.88891
CVE-2013-5136,0.01055,0.50287
CVE-2013-5137,0.01018,0.38792
CVE-2013-5138,0.01018,0.38792
CVE-2013-5139,0.01759,0.75288
CVE-2013-5140,0.01213,0.6557
CVE-2013-5141,0.01018,0.38792
CVE-2013-5142,0.0095,0.30554
CVE-2013-5143,0.00885,0.26162
CVE-2013-5144,0.00885,0.26162
CVE-2013-5145,0.0095,0.30554
CVE-2013-5147,0.02042,0.78565
CVE-2013-5148,0.00885,0.26162
CVE-2013-5149,0.01018,0.38792
CVE-2013-5150,0.01018,0.38792
CVE-2013-5151,0.01213,0.6557
CVE-2013-5152,0.01213,0.6557
CVE-2013-5153,0.01018,0.38792
CVE-2013-5154,0.01018,0.38792
CVE-2013-5155,0.00954,0.34522
CVE-2013-5156,0.01018,0.38792
CVE-2013-5157,0.01018,0.38792
CVE-2013-5158,0.0089,0.2856
CVE-2013-5159,0.01213,0.6557
CVE-2013-5160,0.00885,0.26162
CVE-2013-5161,0.00885,0.26162
CVE-2013-5162,0.00885,0.26162
CVE-2013-5163,0.00885,0.26162
CVE-2013-5164,0.00885,0.26162
CVE-2013-5165,0.01055,0.50287
CVE-2013-5166,0.00885,0.26162
CVE-2013-5167,0.00885,0.26162
CVE-2013-5168,0.01055,0.50287
CVE-2013-5169,0.00885,0.26162
CVE-2013-5170,0.04641,0.88525
CVE-2013-5171,0.00885,0.26162
CVE-2013-5172,0.00885,0.26162
CVE-2013-5173,0.00885,0.26162
CVE-2013-5174,0.00885,0.26162
CVE-2013-5175,0.00885,0.26162
CVE-2013-5176,0.00885,0.26162
CVE-2013-5177,0.00885,0.26162
CVE-2013-5178,0.00885,0.26162
CVE-2013-5179,0.00885,0.26162
CVE-2013-5180,0.00885,0.26162
CVE-2013-5181,0.01055,0.50287
CVE-2013-5182,0.01055,0.50287
CVE-2013-5183,0.01055,0.50287
CVE-2013-5184,0.01055,0.50287
CVE-2013-5185,0.01055,0.50287
CVE-2013-5186,0.00885,0.26162
CVE-2013-5187,0.00885,0.26162
CVE-2013-5188,0.00885,0.26162
CVE-2013-5189,0.00885,0.26162
CVE-2013-5190,0.01055,0.50287
CVE-2013-5191,0.00885,0.26162
CVE-2013-5192,0.00885,0.26162
CVE-2013-5193,0.00885,0.26162
CVE-2013-5195,0.02657,0.81424
CVE-2013-5196,0.02657,0.81424
CVE-2013-5197,0.02657,0.81424
CVE-2013-5198,0.02657,0.81424
CVE-2013-5199,0.03194,0.83328
CVE-2013-5200,0.01055,0.50287
CVE-2013-5208,0.00885,0.26162
CVE-2013-5209,0.01213,0.6557
CVE-2013-5210,0.01055,0.50287
CVE-2013-5212,0.01055,0.50287
CVE-2013-5215,0.01213,0.6557
CVE-2013-5216,0.01213,0.6557
CVE-2013-5218,0.01055,0.50287
CVE-2013-5219,0.01055,0.50287
CVE-2013-5220,0.01055,0.50287
CVE-2013-5221,0.01055,0.50287
CVE-2013-5222,0.01055,0.50287
CVE-2013-5223,0.1301,0.95427
CVE-2013-5225,0.02657,0.81424
CVE-2013-5227,0.01319,0.70416
CVE-2013-5228,0.02657,0.81424
CVE-2013-5229,0.01018,0.38792
CVE-2013-5300,0.01955,0.77585
CVE-2013-5301,0.01213,0.6557
CVE-2013-5302,0.01319,0.70416
CVE-2013-5303,0.01108,0.53389
CVE-2013-5304,0.01319,0.70416
CVE-2013-5305,0.01319,0.70416
CVE-2013-5306,0.01213,0.6557
CVE-2013-5307,0.01319,0.70416
CVE-2013-5308,0.01213,0.6557
CVE-2013-5309,0.01136,0.57949
CVE-2013-5310,0.01319,0.70416
CVE-2013-5311,0.01213,0.6557
CVE-2013-5312,0.01213,0.6557
CVE-2013-5313,0.01055,0.50287
CVE-2013-5314,0.01953,0.77242
CVE-2013-5315,0.01776,0.75902
CVE-2013-5316,0.01213,0.6557
CVE-2013-5317,0.01132,0.54372
CVE-2013-5318,0.00986,0.35784
CVE-2013-5319,0.01408,0.72072
CVE-2013-5320,0.01319,0.70416
CVE-2013-5321,0.00986,0.35784
CVE-2013-5322,0.01319,0.70416
CVE-2013-5323,0.01319,0.70416
CVE-2013-5324,0.03444,0.84021
CVE-2013-5325,0.01055,0.50287
CVE-2013-5326,0.01055,0.50287
CVE-2013-5327,0.05094,0.89039
CVE-2013-5328,0.01055,0.50287
CVE-2013-5329,0.03444,0.84021
CVE-2013-5330,0.03444,0.84021
CVE-2013-5331,0.92929,0.99919
CVE-2013-5332,0.03444,0.84021
CVE-2013-5333,0.05094,0.89039
CVE-2013-5334,0.05094,0.89039
CVE-2013-5349,0.06523,0.90962
CVE-2013-5350,0.01213,0.6557
CVE-2013-5351,0.07777,0.92953
CVE-2013-5352,0.01319,0.70416
CVE-2013-5353,0.06523,0.90962
CVE-2013-5354,0.01213,0.6557
CVE-2013-5355,0.01213,0.6557
CVE-2013-5356,0.01213,0.6557
CVE-2013-5357,0.06523,0.90962
CVE-2013-5358,0.01213,0.6557
CVE-2013-5359,0.06523,0.90962
CVE-2013-5364,0.0095,0.30554
CVE-2013-5365,0.06309,0.90494
CVE-2013-5369,0.05822,0.89998
CVE-2013-5370,0.06523,0.90962
CVE-2013-5371,0.0089,0.2856
CVE-2013-5372,0.02172,0.79917
CVE-2013-5373,0.00885,0.26162
CVE-2013-5375,0.02172,0.79917
CVE-2013-5376,0.01055,0.50287
CVE-2013-5378,0.01132,0.54372
CVE-2013-5379,0.01061,0.51015
CVE-2013-5380,0.0095,0.30554
CVE-2013-5381,0.01132,0.54372
CVE-2013-5382,0.01132,0.54372
CVE-2013-5383,0.01132,0.54372
CVE-2013-5385,0.01213,0.6557
CVE-2013-5387,0.01136,0.57949
CVE-2013-5388,0.01055,0.50287
CVE-2013-5389,0.01055,0.50287
CVE-2013-5390,0.01061,0.51015
CVE-2013-5391,0.00885,0.26162
CVE-2013-5393,0.00954,0.34522
CVE-2013-5394,0.01061,0.51015
CVE-2013-5395,0.01213,0.6557
CVE-2013-5397,0.01055,0.50287
CVE-2013-5398,0.01055,0.50287
CVE-2013-5400,0.01055,0.50287
CVE-2013-5401,0.01055,0.50287
CVE-2013-5402,0.01132,0.54372
CVE-2013-5403,0.01136,0.57949
CVE-2013-5404,0.01055,0.50287
CVE-2013-5405,0.01132,0.54372
CVE-2013-5406,0.01132,0.54372
CVE-2013-5407,0.01061,0.51015
CVE-2013-5409,0.01061,0.51015
CVE-2013-5411,0.01136,0.57949
CVE-2013-5413,0.01136,0.57949
CVE-2013-5414,0.01061,0.51015
CVE-2013-5415,0.00885,0.26162
CVE-2013-5416,0.00885,0.26162
CVE-2013-5417,0.01213,0.6557
CVE-2013-5418,0.01132,0.54372
CVE-2013-5419,0.01034,0.39824
CVE-2013-5420,0.01055,0.50287
CVE-2013-5421,0.01055,0.50287
CVE-2013-5422,0.01136,0.57949
CVE-2013-5423,0.01213,0.6557
CVE-2013-5424,0.01136,0.57949
CVE-2013-5425,0.01061,0.51015
CVE-2013-5426,0.01055,0.50287
CVE-2013-5427,0.01055,0.50287
CVE-2013-5428,0.01213,0.6557
CVE-2013-5429,0.01132,0.54372
CVE-2013-5430,0.01055,0.50287
CVE-2013-5431,0.01213,0.6557
CVE-2013-5433,0.01055,0.50287
CVE-2013-5438,0.01136,0.57949
CVE-2013-5440,0.0089,0.2856
CVE-2013-5442,0.01136,0.57949
CVE-2013-5443,0.01055,0.50287
CVE-2013-5444,0.01055,0.50287
CVE-2013-5445,0.00885,0.26162
CVE-2013-5446,0.01018,0.38792
CVE-2013-5447,0.76048,0.99336
CVE-2013-5448,0.01061,0.51015
CVE-2013-5449,0.01136,0.57949
CVE-2013-5450,0.00885,0.26162
CVE-2013-5452,0.01132,0.54372
CVE-2013-5453,0.01055,0.50287
CVE-2013-5454,0.01136,0.57949
CVE-2013-5455,0.01055,0.50287
CVE-2013-5456,0.1127,0.94787
CVE-2013-5457,0.09915,0.94265
CVE-2013-5458,0.07996,0.93017
CVE-2013-5459,0.01055,0.50287
CVE-2013-5460,0.01061,0.51015
CVE-2013-5461,0.01061,0.51015
CVE-2013-5462,0.01136,0.57949
CVE-2013-5463,0.01055,0.50287
CVE-2013-5464,0.01061,0.51015
CVE-2013-5465,0.01061,0.51015
CVE-2013-5466,0.01315,0.67456
CVE-2013-5467,0.01832,0.76196
CVE-2013-5468,0.01055,0.50287
CVE-2013-5469,0.01213,0.6557
CVE-2013-5470,0.01136,0.57949
CVE-2013-5471,0.01213,0.6557
CVE-2013-5472,0.01055,0.50287
CVE-2013-5473,0.01055,0.50287
CVE-2013-5474,0.01055,0.50287
CVE-2013-5475,0.01055,0.50287
CVE-2013-5476,0.01055,0.50287
CVE-2013-5477,0.01055,0.50287
CVE-2013-5478,0.01055,0.50287
CVE-2013-5479,0.01055,0.50287
CVE-2013-5480,0.01055,0.50287
CVE-2013-5481,0.01055,0.50287
CVE-2013-5482,0.01055,0.50287
CVE-2013-5483,0.01213,0.6557
CVE-2013-5486,0.78265,0.99423
CVE-2013-5487,0.01055,0.50287
CVE-2013-5488,0.01213,0.6557
CVE-2013-5489,0.01136,0.57949
CVE-2013-5490,0.01136,0.57949
CVE-2013-5492,0.01055,0.50287
CVE-2013-5493,0.0095,0.30554
CVE-2013-5494,0.01055,0.50287
CVE-2013-5495,0.01055,0.50287
CVE-2013-5496,0.01055,0.50287
CVE-2013-5497,0.01319,0.70416
CVE-2013-5498,0.01213,0.6557
CVE-2013-5499,0.01055,0.50287
CVE-2013-5500,0.01136,0.57949
CVE-2013-5501,0.01136,0.57949
CVE-2013-5502,0.01136,0.57949
CVE-2013-5503,0.01055,0.50287
CVE-2013-5504,0.01319,0.70416
CVE-2013-5505,0.01319,0.70416
CVE-2013-5506,0.00885,0.26162
CVE-2013-5507,0.01055,0.50287
CVE-2013-5508,0.01136,0.57949
CVE-2013-5509,0.01055,0.50287
CVE-2013-5510,0.01055,0.50287
CVE-2013-5511,0.01055,0.50287
CVE-2013-5512,0.01055,0.50287
CVE-2013-5513,0.01055,0.50287
CVE-2013-5515,0.01055,0.50287
CVE-2013-5516,0.01061,0.51015
CVE-2013-5517,0.01132,0.54372
CVE-2013-5519,0.01213,0.6557
CVE-2013-5521,0.01055,0.50287
CVE-2013-5522,0.00885,0.26162
CVE-2013-5523,0.01319,0.70416
CVE-2013-5524,0.01319,0.70416
CVE-2013-5525,0.01232,0.66248
CVE-2013-5526,0.01213,0.6557
CVE-2013-5527,0.01213,0.6557
CVE-2013-5528,0.07235,0.92088
CVE-2013-5529,0.01055,0.50287
CVE-2013-5530,0.01055,0.50287
CVE-2013-5531,0.01055,0.50287
CVE-2013-5532,0.01213,0.6557
CVE-2013-5533,0.0089,0.2856
CVE-2013-5534,0.01055,0.50287
CVE-2013-5535,0.01055,0.50287
CVE-2013-5536,0.01055,0.50287
CVE-2013-5537,0.01055,0.50287
CVE-2013-5538,0.01055,0.50287
CVE-2013-5539,0.01055,0.50287
CVE-2013-5540,0.01055,0.50287
CVE-2013-5541,0.01055,0.50287
CVE-2013-5542,0.01055,0.50287
CVE-2013-5543,0.01055,0.50287
CVE-2013-5544,0.01055,0.50287
CVE-2013-5545,0.01055,0.50287
CVE-2013-5546,0.01055,0.50287
CVE-2013-5547,0.01055,0.50287
CVE-2013-5548,0.01055,0.50287
CVE-2013-5549,0.01055,0.50287
CVE-2013-5550,0.00885,0.26162
CVE-2013-5551,0.01055,0.50287
CVE-2013-5552,0.01055,0.50287
CVE-2013-5553,0.01055,0.50287
CVE-2013-5554,0.01055,0.50287
CVE-2013-5555,0.01055,0.50287
CVE-2013-5556,0.00885,0.26162
CVE-2013-5557,0.01132,0.54372
CVE-2013-5558,0.01055,0.50287
CVE-2013-5559,0.04611,0.88458
CVE-2013-5560,0.01055,0.50287
CVE-2013-5561,0.01055,0.50287
CVE-2013-5562,0.01055,0.50287
CVE-2013-5563,0.01055,0.50287
CVE-2013-5564,0.01055,0.50287
CVE-2013-5565,0.01055,0.50287
CVE-2013-5566,0.01055,0.50287
CVE-2013-5567,0.01213,0.6557
CVE-2013-5568,0.01055,0.50287
CVE-2013-5569,0.01136,0.57949
CVE-2013-5570,0.01213,0.6557
CVE-2013-5571,0.00885,0.26162
CVE-2013-5572,0.06772,0.91214
CVE-2013-5573,0.02255,0.80558
CVE-2013-5576,0.85088,0.99648
CVE-2013-5578,0.08728,0.93654
CVE-2013-5580,0.01319,0.70416
CVE-2013-5582,0.01055,0.50287
CVE-2013-5583,0.01055,0.50287
CVE-2013-5586,0.03407,0.83908
CVE-2013-5587,0.01319,0.70416
CVE-2013-5588,0.01213,0.6557
CVE-2013-5589,0.01213,0.6557
CVE-2013-5590,0.07544,0.92484
CVE-2013-5591,0.05139,0.89128
CVE-2013-5592,0.07544,0.92484
CVE-2013-5593,0.01319,0.70416
CVE-2013-5594,0.00885,0.26162
CVE-2013-5595,0.01955,0.77585
CVE-2013-5596,0.05139,0.89128
CVE-2013-5597,0.07544,0.92484
CVE-2013-5598,0.01319,0.70416
CVE-2013-5599,0.07544,0.92484
CVE-2013-5600,0.1127,0.94787
CVE-2013-5601,0.1127,0.94787
CVE-2013-5602,0.07544,0.92484
CVE-2013-5603,0.05139,0.89128
CVE-2013-5604,0.06604,0.91138
CVE-2013-5605,0.04358,0.87435
CVE-2013-5606,0.04358,0.87435
CVE-2013-5607,0.03779,0.84781
CVE-2013-5609,0.07312,0.9217
CVE-2013-5610,0.08228,0.93218
CVE-2013-5611,0.02172,0.79917
CVE-2013-5612,0.03407,0.83908
CVE-2013-5613,0.07312,0.9217
CVE-2013-5614,0.03407,0.83908
CVE-2013-5615,0.02686,0.82061
CVE-2013-5616,0.07312,0.9217
CVE-2013-5618,0.10938,0.94483
CVE-2013-5619,0.03779,0.84781
CVE-2013-5634,0.01018,0.38792
CVE-2013-5635,0.00885,0.26162
CVE-2013-5636,0.00885,0.26162
CVE-2013-5637,0.00885,0.26162
CVE-2013-5638,0.00885,0.26162
CVE-2013-5639,0.01136,0.57949
CVE-2013-5640,0.01213,0.6557
CVE-2013-5641,0.02172,0.79917
CVE-2013-5642,0.02172,0.79917
CVE-2013-5645,0.01213,0.6557
CVE-2013-5646,0.01055,0.50287
CVE-2013-5647,0.01055,0.50287
CVE-2013-5648,0.01213,0.6557
CVE-2013-5649,0.01055,0.50287
CVE-2013-5650,0.01213,0.6557
CVE-2013-5651,0.01183,0.60428
CVE-2013-5653,0.01776,0.75902
CVE-2013-5654,0.00885,0.26162
CVE-2013-5655,0.01213,0.6557
CVE-2013-5656,0.01832,0.76196
CVE-2013-5657,0.08382,0.93597
CVE-2013-5658,0.00954,0.34522
CVE-2013-5659,0.00885,0.26162
CVE-2013-5660,0.18074,0.96078
CVE-2013-5661,0.00954,0.34522
CVE-2013-5663,0.01213,0.6557
CVE-2013-5666,0.0095,0.30554
CVE-2013-5667,0.01136,0.57949
CVE-2013-5668,0.01136,0.57949
CVE-2013-5669,0.01136,0.57949
CVE-2013-5670,0.01213,0.6557
CVE-2013-5671,0.01213,0.6557
CVE-2013-5672,0.01776,0.75902
CVE-2013-5673,0.01408,0.72072
CVE-2013-5674,0.01055,0.50287
CVE-2013-5676,0.06772,0.91214
CVE-2013-5679,0.01213,0.6557
CVE-2013-5680,0.09579,0.93978
CVE-2013-5687,0.00885,0.26162
CVE-2013-5688,0.01061,0.51015
CVE-2013-5690,0.01055,0.50287
CVE-2013-5691,0.0095,0.30554
CVE-2013-5692,0.01132,0.54372
CVE-2013-5693,0.01213,0.6557
CVE-2013-5694,0.01139,0.58345
CVE-2013-5695,0.01055,0.50287
CVE-2013-5696,0.53755,0.98695
CVE-2013-5697,0.00986,0.35784
CVE-2013-5698,0.01055,0.50287
CVE-2013-5700,0.01055,0.50287
CVE-2013-5701,0.02626,0.8126
CVE-2013-5702,0.01055,0.50287
CVE-2013-5703,0.01055,0.50287
CVE-2013-5704,0.07344,0.92237
CVE-2013-5705,0.01136,0.57949
CVE-2013-5706,0.01055,0.50287
CVE-2013-5707,0.01055,0.50287
CVE-2013-5708,0.01055,0.50287
CVE-2013-5709,0.01136,0.57949
CVE-2013-5710,0.0095,0.30554
CVE-2013-5711,0.01055,0.50287
CVE-2013-5714,0.01213,0.6557
CVE-2013-5715,0.00885,0.26162
CVE-2013-5716,0.02808,0.8233
CVE-2013-5717,0.01213,0.6557
CVE-2013-5718,0.01974,0.7812
CVE-2013-5719,0.01319,0.70416
CVE-2013-5720,0.01408,0.72072
CVE-2013-5721,0.01408,0.72072
CVE-2013-5722,0.01319,0.70416
CVE-2013-5723,0.01319,0.70416
CVE-2013-5724,0.0089,0.2856
CVE-2013-5725,0.01055,0.50287
CVE-2013-5726,0.01136,0.57949
CVE-2013-5730,0.07032,0.919
CVE-2013-5738,0.01213,0.6557
CVE-2013-5739,0.01132,0.54372
CVE-2013-5740,0.0272,0.82083
CVE-2013-5741,0.01136,0.57949
CVE-2013-5743,0.84003,0.99595
CVE-2013-5744,0.01055,0.50287
CVE-2013-5745,0.08595,0.9363
CVE-2013-5748,0.07584,0.92581
CVE-2013-5749,0.01055,0.50287
CVE-2013-5750,0.01055,0.50287
CVE-2013-5751,0.01319,0.70416
CVE-2013-5754,0.01055,0.50287
CVE-2013-5755,0.07584,0.92581
CVE-2013-5756,0.01055,0.50287
CVE-2013-5757,0.01055,0.50287
CVE-2013-5758,0.01132,0.54372
CVE-2013-5760,0.01055,0.50287
CVE-2013-5761,0.01055,0.50287
CVE-2013-5762,0.00885,0.26162
CVE-2013-5763,0.01104,0.52279
CVE-2013-5764,0.01232,0.66248
CVE-2013-5765,0.01055,0.50287
CVE-2013-5766,0.01055,0.50287
CVE-2013-5767,0.01132,0.54372
CVE-2013-5768,0.01055,0.50287
CVE-2013-5769,0.01055,0.50287
CVE-2013-5770,0.01132,0.54372
CVE-2013-5771,0.01136,0.57949
CVE-2013-5772,0.03932,0.8519
CVE-2013-5773,0.01055,0.50287
CVE-2013-5774,0.04358,0.87435
CVE-2013-5775,0.01213,0.6557
CVE-2013-5776,0.03779,0.84781
CVE-2013-5777,0.01213,0.6557
CVE-2013-5778,0.04358,0.87435
CVE-2013-5779,0.01055,0.50287
CVE-2013-5780,0.04358,0.87435
CVE-2013-5781,0.00885,0.26162
CVE-2013-5782,0.04358,0.87435
CVE-2013-5783,0.04358,0.87435
CVE-2013-5784,0.03932,0.8519
CVE-2013-5785,0.01319,0.70416
CVE-2013-5786,0.01132,0.54372
CVE-2013-5787,0.03779,0.84781
CVE-2013-5788,0.01319,0.70416
CVE-2013-5789,0.03779,0.84781
CVE-2013-5790,0.04358,0.87435
CVE-2013-5791,0.07352,0.92238
CVE-2013-5792,0.01055,0.50287
CVE-2013-5793,0.01132,0.54372
CVE-2013-5794,0.01055,0.50287
CVE-2013-5795,0.12402,0.95125
CVE-2013-5796,0.01055,0.50287
CVE-2013-5797,0.02276,0.80597
CVE-2013-5798,0.01055,0.50287
CVE-2013-5799,0.01055,0.50287
CVE-2013-5800,0.03779,0.84781
CVE-2013-5801,0.03779,0.84781
CVE-2013-5802,0.04358,0.87435
CVE-2013-5803,0.03932,0.8519
CVE-2013-5804,0.04358,0.87435
CVE-2013-5805,0.01408,0.72072
CVE-2013-5806,0.01408,0.72072
CVE-2013-5807,0.01483,0.7269
CVE-2013-5808,0.01213,0.6557
CVE-2013-5809,0.04358,0.87435
CVE-2013-5810,0.01213,0.6557
CVE-2013-5811,0.01055,0.50287
CVE-2013-5812,0.03779,0.84781
CVE-2013-5813,0.01055,0.50287
CVE-2013-5814,0.04358,0.87435
CVE-2013-5815,0.01055,0.50287
CVE-2013-5816,0.01055,0.50287
CVE-2013-5817,0.04358,0.87435
CVE-2013-5818,0.03779,0.84781
CVE-2013-5819,0.03779,0.84781
CVE-2013-5820,0.04358,0.87435
CVE-2013-5821,0.01034,0.39824
CVE-2013-5822,0.01055,0.50287
CVE-2013-5823,0.04358,0.87435
CVE-2013-5824,0.03779,0.84781
CVE-2013-5825,0.04358,0.87435
CVE-2013-5826,0.01055,0.50287
CVE-2013-5827,0.01055,0.50287
CVE-2013-5828,0.01055,0.50287
CVE-2013-5829,0.04358,0.87435
CVE-2013-5830,0.04358,0.87435
CVE-2013-5831,0.03779,0.84781
CVE-2013-5832,0.03407,0.83908
CVE-2013-5833,0.0095,0.30554
CVE-2013-5834,0.0095,0.30554
CVE-2013-5835,0.01055,0.50287
CVE-2013-5836,0.01136,0.57949
CVE-2013-5837,0.01055,0.50287
CVE-2013-5838,0.01955,0.77585
CVE-2013-5839,0.01136,0.57949
CVE-2013-5840,0.04358,0.87435
CVE-2013-5841,0.01055,0.50287
CVE-2013-5843,0.03779,0.84781
CVE-2013-5844,0.01319,0.70416
CVE-2013-5845,0.01055,0.50287
CVE-2013-5846,0.01319,0.70416
CVE-2013-5847,0.01061,0.51015
CVE-2013-5848,0.03779,0.84781
CVE-2013-5849,0.04358,0.87435
CVE-2013-5850,0.03932,0.8519
CVE-2013-5851,0.04358,0.87435
CVE-2013-5852,0.01408,0.72072
CVE-2013-5853,0.01319,0.70416
CVE-2013-5854,0.01319,0.70416
CVE-2013-5855,0.01955,0.77585
CVE-2013-5856,0.01061,0.51015
CVE-2013-5857,0.01061,0.51015
CVE-2013-5858,0.01232,0.66248
CVE-2013-5859,0.01213,0.6557
CVE-2013-5860,0.01232,0.66248
CVE-2013-5861,0.01136,0.57949
CVE-2013-5862,0.0095,0.30554
CVE-2013-5863,0.01213,0.6557
CVE-2013-5864,0.0095,0.30554
CVE-2013-5865,0.0095,0.30554
CVE-2013-5866,0.0095,0.30554
CVE-2013-5867,0.01136,0.57949
CVE-2013-5868,0.01232,0.66248
CVE-2013-5869,0.01319,0.70416
CVE-2013-5870,0.03779,0.84781
CVE-2013-5871,0.01232,0.66248
CVE-2013-5872,0.01034,0.39824
CVE-2013-5873,0.01319,0.70416
CVE-2013-5874,0.01034,0.39824
CVE-2013-5875,0.0095,0.30554
CVE-2013-5876,0.01034,0.39824
CVE-2013-5877,0.12402,0.95125
CVE-2013-5878,0.04358,0.87435
CVE-2013-5879,0.01282,0.67298
CVE-2013-5880,0.12402,0.95125
CVE-2013-5881,0.01232,0.66248
CVE-2013-5882,0.01232,0.66248
CVE-2013-5883,0.0095,0.30554
CVE-2013-5884,0.04358,0.87435
CVE-2013-5885,0.0095,0.30554
CVE-2013-5886,0.01319,0.70416
CVE-2013-5887,0.04358,0.87435
CVE-2013-5888,0.01547,0.74085
CVE-2013-5889,0.03932,0.8519
CVE-2013-5890,0.01232,0.66248
CVE-2013-5891,0.02186,0.8012
CVE-2013-5892,0.01104,0.52279
CVE-2013-5893,0.03932,0.8519
CVE-2013-5894,0.01232,0.66248
CVE-2013-5895,0.03779,0.84781
CVE-2013-5896,0.04358,0.87435
CVE-2013-5897,0.01232,0.66248
CVE-2013-5898,0.03932,0.8519
CVE-2013-5899,0.04358,0.87435
CVE-2013-5900,0.01319,0.70416
CVE-2013-5901,0.01319,0.70416
CVE-2013-5902,0.03407,0.83908
CVE-2013-5904,0.02172,0.79917
CVE-2013-5905,0.03407,0.83908
CVE-2013-5906,0.03779,0.84781
CVE-2013-5907,0.08228,0.93218
CVE-2013-5908,0.03407,0.83908
CVE-2013-5909,0.01232,0.66248
CVE-2013-5910,0.04358,0.87435
CVE-2013-5911,0.01055,0.50287
CVE-2013-5912,0.09194,0.93918
CVE-2013-5913,0.01213,0.6557
CVE-2013-5914,0.05822,0.89998
CVE-2013-5915,0.01408,0.72072
CVE-2013-5916,0.01136,0.57949
CVE-2013-5917,0.00986,0.35784
CVE-2013-5918,0.01055,0.50287
CVE-2013-5919,0.01136,0.57949
CVE-2013-5930,0.01055,0.50287
CVE-2013-5931,0.01055,0.50287
CVE-2013-5932,0.00954,0.34522
CVE-2013-5933,0.00885,0.26162
CVE-2013-5934,0.01055,0.50287
CVE-2013-5935,0.01055,0.50287
CVE-2013-5936,0.01055,0.50287
CVE-2013-5937,0.01213,0.6557
CVE-2013-5938,0.01213,0.6557
CVE-2013-5939,0.01136,0.57949
CVE-2013-5942,0.05822,0.89998
CVE-2013-5943,0.01055,0.50287
CVE-2013-5944,0.01055,0.50287
CVE-2013-5945,0.01564,0.74439
CVE-2013-5946,0.01213,0.6557
CVE-2013-5948,0.07306,0.92115
CVE-2013-5951,0.01213,0.6557
CVE-2013-5952,0.01213,0.6557
CVE-2013-5953,0.01213,0.6557
CVE-2013-5954,0.09257,0.93938
CVE-2013-5955,0.01213,0.6557
CVE-2013-5956,0.01136,0.57949
CVE-2013-5957,0.01213,0.6557
CVE-2013-5958,0.01055,0.50287
CVE-2013-5959,0.01213,0.6557
CVE-2013-5960,0.01319,0.70416
CVE-2013-5961,0.07032,0.919
CVE-2013-5962,0.1949,0.96202
CVE-2013-5963,0.06523,0.90962
CVE-2013-5964,0.01132,0.54372
CVE-2013-5965,0.01213,0.6557
CVE-2013-5966,0.01136,0.57949
CVE-2013-5967,0.00986,0.35784
CVE-2013-5968,0.01213,0.6557
CVE-2013-5970,0.01213,0.6557
CVE-2013-5971,0.01213,0.6557
CVE-2013-5972,0.00885,0.26162
CVE-2013-5973,0.01104,0.52279
CVE-2013-5975,0.01136,0.57949
CVE-2013-5976,0.01213,0.6557
CVE-2013-5977,0.01955,0.77585
CVE-2013-5978,0.01319,0.70416
CVE-2013-5979,0.07032,0.919
CVE-2013-5983,0.01319,0.70416
CVE-2013-5984,0.01136,0.57949
CVE-2013-5986,0.00885,0.26162
CVE-2013-5987,0.0089,0.2856
CVE-2013-5988,0.00885,0.26162
CVE-2013-5990,0.06309,0.90494
CVE-2013-5991,0.01136,0.57949
CVE-2013-5992,0.01136,0.57949
CVE-2013-5993,0.01213,0.6557
CVE-2013-5994,0.01213,0.6557
CVE-2013-5995,0.01132,0.54372
CVE-2013-5996,0.01213,0.6557
CVE-2013-5997,0.01055,0.50287
CVE-2013-5998,0.01055,0.50287
CVE-2013-5999,0.00954,0.34522
CVE-2013-6000,0.01136,0.57949
CVE-2013-6001,0.01132,0.54372
CVE-2013-6002,0.01213,0.6557
CVE-2013-6003,0.01132,0.54372
CVE-2013-6004,0.01213,0.6557
CVE-2013-6005,0.01319,0.70416
CVE-2013-6006,0.01136,0.57949
CVE-2013-6009,0.01055,0.50287
CVE-2013-6010,0.01136,0.57949
CVE-2013-6011,0.01055,0.50287
CVE-2013-6012,0.01055,0.50287
CVE-2013-6013,0.07777,0.92953
CVE-2013-6014,0.01055,0.50287
CVE-2013-6015,0.01213,0.6557
CVE-2013-6016,0.01213,0.6557
CVE-2013-6017,0.01953,0.77242
CVE-2013-6018,0.01055,0.50287
CVE-2013-6019,0.01055,0.50287
CVE-2013-6020,0.01055,0.50287
CVE-2013-6021,0.18074,0.96078
CVE-2013-6022,0.0144,0.7265
CVE-2013-6023,0.07032,0.919
CVE-2013-6024,0.0095,0.30554
CVE-2013-6025,0.08283,0.93278
CVE-2013-6026,0.01136,0.57949
CVE-2013-6027,0.06772,0.91214
CVE-2013-6028,0.01136,0.57949
CVE-2013-6029,0.05822,0.89998
CVE-2013-6030,0.01055,0.50287
CVE-2013-6031,0.33349,0.97561
CVE-2013-6032,0.01055,0.50287
CVE-2013-6033,0.01132,0.54372
CVE-2013-6034,0.00885,0.26162
CVE-2013-6035,0.04611,0.88458
CVE-2013-6037,0.01055,0.50287
CVE-2013-6038,0.05629,0.89602
CVE-2013-6039,0.01319,0.70416
CVE-2013-6040,0.1236,0.95121
CVE-2013-6041,0.01055,0.50287
CVE-2013-6042,0.01213,0.6557
CVE-2013-6043,0.01055,0.50287
CVE-2013-6044,0.02686,0.82061
CVE-2013-6045,0.1127,0.94787
CVE-2013-6047,0.01213,0.6557
CVE-2013-6048,0.01018,0.38792
CVE-2013-6049,0.00885,0.26162
CVE-2013-6050,0.01055,0.50287
CVE-2013-6051,0.01136,0.57949
CVE-2013-6052,0.01213,0.6557
CVE-2013-6053,0.01213,0.6557
CVE-2013-6054,0.01108,0.53389
CVE-2013-6056,0.00885,0.26162
CVE-2013-6058,0.01139,0.58345
CVE-2013-6074,0.01319,0.70416
CVE-2013-6075,0.01136,0.57949
CVE-2013-6076,0.01055,0.50287
CVE-2013-6077,0.01055,0.50287
CVE-2013-6078,0.01018,0.38792
CVE-2013-6079,0.02378,0.80705
CVE-2013-6111,0.01213,0.6557
CVE-2013-6114,0.07032,0.919
CVE-2013-6122,0.0089,0.2856
CVE-2013-6123,0.0095,0.30554
CVE-2013-6124,0.00885,0.26162
CVE-2013-6127,0.07032,0.919
CVE-2013-6128,0.07032,0.919
CVE-2013-6129,0.78265,0.99423
CVE-2013-6141,0.00885,0.26162
CVE-2013-6142,0.01055,0.50287
CVE-2013-6143,0.01055,0.50287
CVE-2013-6162,0.01953,0.77242
CVE-2013-6163,0.01955,0.77585
CVE-2013-6164,0.04386,0.87542
CVE-2013-6166,0.07511,0.92331
CVE-2013-6167,0.07511,0.92331
CVE-2013-6168,0.01213,0.6557
CVE-2013-6169,0.01055,0.50287
CVE-2013-6170,0.01213,0.6557
CVE-2013-6171,0.01018,0.38792
CVE-2013-6172,0.06523,0.90962
CVE-2013-6173,0.01213,0.6557
CVE-2013-6174,0.01213,0.6557
CVE-2013-6175,0.01213,0.6557
CVE-2013-6176,0.01132,0.54372
CVE-2013-6177,0.01132,0.54372
CVE-2013-6178,0.01055,0.50287
CVE-2013-6180,0.01055,0.50287
CVE-2013-6181,0.0095,0.30554
CVE-2013-6182,0.0095,0.30554
CVE-2013-6188,0.01055,0.50287
CVE-2013-6189,0.25143,0.96828
CVE-2013-6191,0.01136,0.57949
CVE-2013-6192,0.01136,0.57949
CVE-2013-6193,0.01213,0.6557
CVE-2013-6194,0.79549,0.99452
CVE-2013-6195,0.14677,0.95652
CVE-2013-6196,0.01232,0.66248
CVE-2013-6197,0.0623,0.9031
CVE-2013-6198,0.01213,0.6557
CVE-2013-6200,0.00885,0.26162
CVE-2013-6201,0.19175,0.96181
CVE-2013-6202,0.24476,0.96668
CVE-2013-6203,0.19175,0.96181
CVE-2013-6204,0.19175,0.96181
CVE-2013-6205,0.00885,0.26162
CVE-2013-6206,0.01055,0.50287
CVE-2013-6207,0.01136,0.57949
CVE-2013-6208,0.00885,0.26162
CVE-2013-6209,0.01055,0.50287
CVE-2013-6210,0.19175,0.96181
CVE-2013-6211,0.01055,0.50287
CVE-2013-6212,0.01055,0.50287
CVE-2013-6213,0.19175,0.96181
CVE-2013-6214,0.01055,0.50287
CVE-2013-6215,0.06133,0.90187
CVE-2013-6216,0.00885,0.26162
CVE-2013-6218,0.19175,0.96181
CVE-2013-6219,0.00885,0.26162
CVE-2013-6220,0.01136,0.57949
CVE-2013-6221,0.90299,0.99851
CVE-2013-6222,0.01319,0.70416
CVE-2013-6223,0.0095,0.30554
CVE-2013-6224,0.01408,0.72072
CVE-2013-6225,0.12753,0.95373
CVE-2013-6226,0.01213,0.6557
CVE-2013-6227,0.12753,0.95373
CVE-2013-6229,0.01953,0.77242
CVE-2013-6230,0.01136,0.57949
CVE-2013-6231,0.07308,0.9216
CVE-2013-6232,0.08112,0.9307
CVE-2013-6233,0.01953,0.77242
CVE-2013-6234,0.07225,0.92082
CVE-2013-6235,0.01408,0.72072
CVE-2013-6236,0.08382,0.93597
CVE-2013-6237,0.01232,0.66248
CVE-2013-6239,0.01136,0.57949
CVE-2013-6241,0.01055,0.50287
CVE-2013-6242,0.01213,0.6557
CVE-2013-6243,0.01319,0.70416
CVE-2013-6244,0.01319,0.70416
CVE-2013-6245,0.07777,0.92953
CVE-2013-6246,0.07032,0.919
CVE-2013-6267,0.01319,0.70416
CVE-2013-6271,0.20766,0.96333
CVE-2013-6272,0.01018,0.38792
CVE-2013-6275,0.10212,0.94357
CVE-2013-6276,0.00885,0.26162
CVE-2013-6277,0.00885,0.26162
CVE-2013-6280,0.01055,0.50287
CVE-2013-6281,0.01136,0.57949
CVE-2013-6283,0.10414,0.94371
CVE-2013-6284,0.0292,0.82516
CVE-2013-6285,0.01055,0.50287
CVE-2013-6288,0.01018,0.38792
CVE-2013-6289,0.01213,0.6557
CVE-2013-6295,0.00885,0.26162
CVE-2013-6299,0.01055,0.50287
CVE-2013-6300,0.01055,0.50287
CVE-2013-6301,0.01055,0.50287
CVE-2013-6302,0.01055,0.50287
CVE-2013-6303,0.01055,0.50287
CVE-2013-6304,0.01061,0.51015
CVE-2013-6305,0.00954,0.34522
CVE-2013-6306,0.00885,0.26162
CVE-2013-6307,0.01061,0.51015
CVE-2013-6308,0.01055,0.50287
CVE-2013-6309,0.01055,0.50287
CVE-2013-6310,0.01055,0.50287
CVE-2013-6311,0.01055,0.50287
CVE-2013-6312,0.01136,0.57949
CVE-2013-6314,0.01061,0.51015
CVE-2013-6315,0.01055,0.50287
CVE-2013-6316,0.01213,0.6557
CVE-2013-6318,0.01055,0.50287
CVE-2013-6319,0.01055,0.50287
CVE-2013-6320,0.01055,0.50287
CVE-2013-6321,0.01136,0.57949
CVE-2013-6322,0.01061,0.51015
CVE-2013-6323,0.01232,0.66248
CVE-2013-6325,0.01213,0.6557
CVE-2013-6327,0.01055,0.50287
CVE-2013-6328,0.01213,0.6557
CVE-2013-6329,0.01408,0.72072
CVE-2013-6330,0.01061,0.51015
CVE-2013-6331,0.01055,0.50287
CVE-2013-6332,0.05822,0.89998
CVE-2013-6333,0.01055,0.50287
CVE-2013-6334,0.01136,0.57949
CVE-2013-6335,0.0095,0.30554
CVE-2013-6336,0.01974,0.7812
CVE-2013-6337,0.01319,0.70416
CVE-2013-6338,0.01974,0.7812
CVE-2013-6339,0.02172,0.79917
CVE-2013-6340,0.01974,0.7812
CVE-2013-6341,0.00986,0.35784
CVE-2013-6342,0.01213,0.6557
CVE-2013-6343,0.12131,0.94983
CVE-2013-6344,0.00885,0.26162
CVE-2013-6345,0.00885,0.26162
CVE-2013-6346,0.01055,0.50287
CVE-2013-6347,0.01055,0.50287
CVE-2013-6348,0.05857,0.90036
CVE-2013-6349,0.01055,0.50287
CVE-2013-6357,0.09113,0.93862
CVE-2013-6358,0.01156,0.60033
CVE-2013-6359,0.01213,0.6557
CVE-2013-6360,0.00885,0.26162
CVE-2013-6362,0.00885,0.26162
CVE-2013-6364,0.02507,0.80895
CVE-2013-6365,0.01108,0.53389
CVE-2013-6366,0.08863,0.93681
CVE-2013-6367,0.02686,0.82061
CVE-2013-6368,0.01547,0.74085
CVE-2013-6369,0.04146,0.85406
CVE-2013-6370,0.01408,0.72072
CVE-2013-6371,0.01183,0.60428
CVE-2013-6372,0.0089,0.2856
CVE-2013-6373,0.01055,0.50287
CVE-2013-6374,0.01132,0.54372
CVE-2013-6375,0.01018,0.38792
CVE-2013-6376,0.01537,0.73595
CVE-2013-6378,0.01547,0.74085
CVE-2013-6380,0.01547,0.74085
CVE-2013-6381,0.01104,0.52279
CVE-2013-6382,0.01547,0.74085
CVE-2013-6383,0.01547,0.74085
CVE-2013-6384,0.0089,0.2856
CVE-2013-6385,0.06309,0.90494
CVE-2013-6386,0.01213,0.6557
CVE-2013-6387,0.01061,0.51015
CVE-2013-6388,0.01136,0.57949
CVE-2013-6389,0.01136,0.57949
CVE-2013-6391,0.01183,0.60428
CVE-2013-6392,0.00885,0.26162
CVE-2013-6393,0.06604,0.91138
CVE-2013-6394,0.0095,0.30554
CVE-2013-6395,0.01319,0.70416
CVE-2013-6396,0.00885,0.26162
CVE-2013-6397,0.03384,0.83655
CVE-2013-6398,0.02072,0.79023
CVE-2013-6399,0.06523,0.90962
CVE-2013-6400,0.01183,0.60428
CVE-2013-6401,0.01018,0.38792
CVE-2013-6402,0.01034,0.39824
CVE-2013-6403,0.01213,0.6557
CVE-2013-6404,0.01315,0.67456
CVE-2013-6407,0.02072,0.79023
CVE-2013-6408,0.02072,0.79023
CVE-2013-6409,0.0089,0.2856
CVE-2013-6410,0.01213,0.6557
CVE-2013-6411,0.01974,0.7812
CVE-2013-6412,0.0095,0.30554
CVE-2013-6413,0.01213,0.6557
CVE-2013-6414,0.48284,0.98492
CVE-2013-6415,0.03407,0.83908
CVE-2013-6416,0.01136,0.57949
CVE-2013-6417,0.02172,0.79917
CVE-2013-6418,0.01183,0.60428
CVE-2013-6419,0.01108,0.53389
CVE-2013-6420,0.4454,0.98237
CVE-2013-6421,0.01018,0.38792
CVE-2013-6422,0.01213,0.6557
CVE-2013-6424,0.01537,0.73595
CVE-2013-6425,0.02686,0.82061
CVE-2013-6426,0.0095,0.30554
CVE-2013-6427,0.09329,0.93947
CVE-2013-6428,0.01061,0.51015
CVE-2013-6429,0.01319,0.70416
CVE-2013-6430,0.01061,0.51015
CVE-2013-6431,0.01034,0.39824
CVE-2013-6432,0.01104,0.52279
CVE-2013-6433,0.01213,0.6557
CVE-2013-6434,0.00954,0.34522
CVE-2013-6435,0.09915,0.94265
CVE-2013-6436,0.01104,0.52279
CVE-2013-6437,0.01061,0.51015
CVE-2013-6438,0.07344,0.92237
CVE-2013-6439,0.00954,0.34522
CVE-2013-6440,0.01408,0.72072
CVE-2013-6441,0.0095,0.30554
CVE-2013-6442,0.01408,0.72072
CVE-2013-6443,0.01055,0.50287
CVE-2013-6444,0.01108,0.53389
CVE-2013-6445,0.00954,0.34522
CVE-2013-6446,0.01055,0.50287
CVE-2013-6447,0.06523,0.90962
CVE-2013-6448,0.01213,0.6557
CVE-2013-6449,0.07559,0.92528
CVE-2013-6450,0.0472,0.88691
CVE-2013-6451,0.01055,0.50287
CVE-2013-6452,0.01055,0.50287
CVE-2013-6453,0.01055,0.50287
CVE-2013-6454,0.01055,0.50287
CVE-2013-6455,0.01055,0.50287
CVE-2013-6456,0.01282,0.67298
CVE-2013-6457,0.01872,0.76301
CVE-2013-6458,0.01537,0.73595
CVE-2013-6459,0.01213,0.6557
CVE-2013-6460,0.01108,0.53389
CVE-2013-6461,0.01108,0.53389
CVE-2013-6462,0.08228,0.93218
CVE-2013-6465,0.01061,0.51015
CVE-2013-6466,0.01319,0.70416
CVE-2013-6467,0.01213,0.6557
CVE-2013-6468,0.01132,0.54372
CVE-2013-6469,0.01055,0.50287
CVE-2013-6470,0.01055,0.50287
CVE-2013-6472,0.01055,0.50287
CVE-2013-6473,0.06523,0.90962
CVE-2013-6474,0.07525,0.92398
CVE-2013-6475,0.07525,0.92398
CVE-2013-6476,0.01034,0.39824
CVE-2013-6477,0.01319,0.70416
CVE-2013-6478,0.01974,0.7812
CVE-2013-6479,0.01108,0.53389
CVE-2013-6480,0.05505,0.89517
CVE-2013-6481,0.01319,0.70416
CVE-2013-6482,0.01183,0.60428
CVE-2013-6483,0.01319,0.70416
CVE-2013-6484,0.01108,0.53389
CVE-2013-6485,0.01183,0.60428
CVE-2013-6486,0.01213,0.6557
CVE-2013-6487,0.03779,0.84781
CVE-2013-6489,0.01319,0.70416
CVE-2013-6490,0.01319,0.70416
CVE-2013-6491,0.01213,0.6557
CVE-2013-6492,0.07032,0.919
CVE-2013-6493,0.01034,0.39824
CVE-2013-6494,0.01034,0.39824
CVE-2013-6495,0.00885,0.26162
CVE-2013-6496,0.01055,0.50287
CVE-2013-6497,0.03779,0.84781
CVE-2013-6501,0.0095,0.30554
CVE-2013-6617,0.01055,0.50287
CVE-2013-6618,0.08283,0.93278
CVE-2013-6621,0.01408,0.72072
CVE-2013-6622,0.01776,0.75902
CVE-2013-6623,0.01776,0.75902
CVE-2013-6624,0.01408,0.72072
CVE-2013-6625,0.03407,0.83908
CVE-2013-6626,0.01776,0.75902
CVE-2013-6627,0.15648,0.95876
CVE-2013-6628,0.01537,0.73595
CVE-2013-6629,0.04358,0.87435
CVE-2013-6630,0.04358,0.87435
CVE-2013-6631,0.01974,0.7812
CVE-2013-6632,0.06604,0.91138
CVE-2013-6634,0.01776,0.75902
CVE-2013-6635,0.03407,0.83908
CVE-2013-6636,0.01776,0.75902
CVE-2013-6637,0.02686,0.82061
CVE-2013-6638,0.03779,0.84781
CVE-2013-6639,0.03779,0.84781
CVE-2013-6640,0.03779,0.84781
CVE-2013-6641,0.01213,0.6557
CVE-2013-6642,0.01055,0.50287
CVE-2013-6643,0.01018,0.38792
CVE-2013-6644,0.02686,0.82061
CVE-2013-6645,0.01319,0.70416
CVE-2013-6646,0.01319,0.70416
CVE-2013-6647,0.00885,0.26162
CVE-2013-6648,0.01055,0.50287
CVE-2013-6649,0.01213,0.6557
CVE-2013-6650,0.01213,0.6557
CVE-2013-6652,0.00954,0.34522
CVE-2013-6653,0.01213,0.6557
CVE-2013-6654,0.01213,0.6557
CVE-2013-6655,0.01213,0.6557
CVE-2013-6656,0.01213,0.6557
CVE-2013-6657,0.01213,0.6557
CVE-2013-6658,0.04291,0.87022
CVE-2013-6659,0.01018,0.38792
CVE-2013-6660,0.01213,0.6557
CVE-2013-6661,0.02686,0.82061
CVE-2013-6662,0.00885,0.26162
CVE-2013-6663,0.03779,0.84781
CVE-2013-6664,0.01213,0.6557
CVE-2013-6665,0.01213,0.6557
CVE-2013-6666,0.01213,0.6557
CVE-2013-6667,0.02686,0.82061
CVE-2013-6671,0.10938,0.94483
CVE-2013-6672,0.03779,0.84781
CVE-2013-6673,0.02686,0.82061
CVE-2013-6674,0.03764,0.84396
CVE-2013-6681,0.00885,0.26162
CVE-2013-6682,0.01055,0.50287
CVE-2013-6683,0.01055,0.50287
CVE-2013-6684,0.01055,0.50287
CVE-2013-6685,0.00885,0.26162
CVE-2013-6686,0.01055,0.50287
CVE-2013-6687,0.01055,0.50287
CVE-2013-6688,0.01055,0.50287
CVE-2013-6689,0.00885,0.26162
CVE-2013-6690,0.01213,0.6557
CVE-2013-6691,0.0095,0.30554
CVE-2013-6692,0.01055,0.50287
CVE-2013-6693,0.01055,0.50287
CVE-2013-6694,0.01055,0.50287
CVE-2013-6695,0.01055,0.50287
CVE-2013-6696,0.01055,0.50287
CVE-2013-6698,0.01055,0.50287
CVE-2013-6699,0.01055,0.50287
CVE-2013-6700,0.01055,0.50287
CVE-2013-6701,0.01136,0.57949
CVE-2013-6702,0.01136,0.57949
CVE-2013-6703,0.01055,0.50287
CVE-2013-6704,0.01055,0.50287
CVE-2013-6705,0.01055,0.50287
CVE-2013-6706,0.01319,0.70416
CVE-2013-6707,0.01319,0.70416
CVE-2013-6708,0.01319,0.70416
CVE-2013-6709,0.01136,0.57949
CVE-2013-6710,0.01136,0.57949
CVE-2013-6711,0.01136,0.57949
CVE-2013-6712,0.02172,0.79917
CVE-2013-6713,0.00885,0.26162
CVE-2013-6714,0.00885,0.26162
CVE-2013-6717,0.01649,0.75017
CVE-2013-6718,0.01213,0.6557
CVE-2013-6719,0.01061,0.51015
CVE-2013-6720,0.01061,0.51015
CVE-2013-6721,0.01132,0.54372
CVE-2013-6722,0.01136,0.57949
CVE-2013-6723,0.01213,0.6557
CVE-2013-6724,0.05629,0.89602
CVE-2013-6725,0.01232,0.66248
CVE-2013-6726,0.01055,0.50287
CVE-2013-6727,0.01055,0.50287
CVE-2013-6728,0.01213,0.6557
CVE-2013-6729,0.01132,0.54372
CVE-2013-6730,0.01136,0.57949
CVE-2013-6731,0.01055,0.50287
CVE-2013-6732,0.01055,0.50287
CVE-2013-6733,0.01055,0.50287
CVE-2013-6734,0.01061,0.51015
CVE-2013-6735,0.02172,0.79917
CVE-2013-6737,0.01061,0.51015
CVE-2013-6738,0.01319,0.70416
CVE-2013-6739,0.01055,0.50287
CVE-2013-6741,0.01061,0.51015
CVE-2013-6742,0.01055,0.50287
CVE-2013-6743,0.01061,0.51015
CVE-2013-6744,0.01315,0.67456
CVE-2013-6745,0.01132,0.54372
CVE-2013-6746,0.01213,0.6557
CVE-2013-6747,0.01974,0.7812
CVE-2013-6748,0.06523,0.90962
CVE-2013-6749,0.06523,0.90962
CVE-2013-6763,0.01547,0.74085
CVE-2013-6765,0.07584,0.92581
CVE-2013-6766,0.01136,0.57949
CVE-2013-6767,0.02829,0.82354
CVE-2013-6768,0.00885,0.26162
CVE-2013-6769,0.00885,0.26162
CVE-2013-6770,0.00885,0.26162
CVE-2013-6771,0.01055,0.50287
CVE-2013-6772,0.00885,0.26162
CVE-2013-6773,0.00885,0.26162
CVE-2013-6774,0.00885,0.26162
CVE-2013-6775,0.00885,0.26162
CVE-2013-6780,0.01213,0.6557
CVE-2013-6785,0.00885,0.26162
CVE-2013-6786,0.01136,0.57949
CVE-2013-6787,0.00986,0.35784
CVE-2013-6788,0.01213,0.6557
CVE-2013-6789,0.00885,0.26162
CVE-2013-6791,0.07994,0.92988
CVE-2013-6792,0.08382,0.93597
CVE-2013-6793,0.01213,0.6557
CVE-2013-6794,0.01055,0.50287
CVE-2013-6795,0.07777,0.92953
CVE-2013-6796,0.08097,0.93067
CVE-2013-6797,0.07032,0.919
CVE-2013-6798,0.04285,0.86889
CVE-2013-6799,0.01832,0.76196
CVE-2013-6800,0.01061,0.51015
CVE-2013-6801,0.29797,0.97364
CVE-2013-6802,0.01319,0.70416
CVE-2013-6804,0.01213,0.6557
CVE-2013-6805,0.01055,0.50287
CVE-2013-6806,0.00885,0.26162
CVE-2013-6807,0.00885,0.26162
CVE-2013-6808,0.01055,0.50287
CVE-2013-6809,0.02791,0.82239
CVE-2013-6810,0.43663,0.98216
CVE-2013-6811,0.01055,0.50287
CVE-2013-6812,0.00954,0.34522
CVE-2013-6814,0.01213,0.6557
CVE-2013-6815,0.01213,0.6557
CVE-2013-6816,0.01213,0.6557
CVE-2013-6817,0.04146,0.85406
CVE-2013-6818,0.01136,0.57949
CVE-2013-6819,0.01136,0.57949
CVE-2013-6820,0.06523,0.90962
CVE-2013-6821,0.01136,0.57949
CVE-2013-6822,0.01055,0.50287
CVE-2013-6823,0.01055,0.50287
CVE-2013-6824,0.01018,0.38792
CVE-2013-6825,0.01034,0.39824
CVE-2013-6826,0.07032,0.919
CVE-2013-6827,0.01055,0.50287
CVE-2013-6828,0.01055,0.50287
CVE-2013-6829,0.33168,0.97545
CVE-2013-6830,0.01055,0.50287
CVE-2013-6831,0.00885,0.26162
CVE-2013-6832,0.00885,0.26162
CVE-2013-6833,0.00885,0.26162
CVE-2013-6834,0.00885,0.26162
CVE-2013-6835,0.08595,0.9363
CVE-2013-6836,0.01319,0.70416
CVE-2013-6837,0.01319,0.70416
CVE-2013-6838,0.01055,0.50287
CVE-2013-6839,0.00986,0.35784
CVE-2013-6840,0.0089,0.2856
CVE-2013-6852,0.07032,0.919
CVE-2013-6853,0.01213,0.6557
CVE-2013-6858,0.01108,0.53389
CVE-2013-6859,0.01132,0.54372
CVE-2013-6860,0.01132,0.54372
CVE-2013-6861,0.0095,0.30554
CVE-2013-6862,0.01055,0.50287
CVE-2013-6863,0.01132,0.54372
CVE-2013-6864,0.01132,0.54372
CVE-2013-6865,0.05302,0.89375
CVE-2013-6866,0.05302,0.89375
CVE-2013-6867,0.01213,0.6557
CVE-2013-6868,0.00885,0.26162
CVE-2013-6869,0.01213,0.6557
CVE-2013-6870,0.01136,0.57949
CVE-2013-6872,0.01139,0.58345
CVE-2013-6873,0.00986,0.35784
CVE-2013-6874,0.10555,0.94396
CVE-2013-6875,0.00986,0.35784
CVE-2013-6876,0.01034,0.39824
CVE-2013-6877,0.06309,0.90494
CVE-2013-6878,0.01055,0.50287
CVE-2013-6879,0.01055,0.50287
CVE-2013-6880,0.01213,0.6557
CVE-2013-6881,0.01319,0.70416
CVE-2013-6882,0.01319,0.70416
CVE-2013-6883,0.01319,0.70416
CVE-2013-6884,0.01319,0.70416
CVE-2013-6885,0.01547,0.74085
CVE-2013-6886,0.00885,0.26162
CVE-2013-6887,0.01136,0.57949
CVE-2013-6888,0.08263,0.93269
CVE-2013-6889,0.00885,0.26162
CVE-2013-6890,0.07032,0.919
CVE-2013-6891,0.01034,0.39824
CVE-2013-6892,0.01061,0.51015
CVE-2013-6900,0.01213,0.6557
CVE-2013-6901,0.01213,0.6557
CVE-2013-6902,0.01213,0.6557
CVE-2013-6903,0.01213,0.6557
CVE-2013-6904,0.01213,0.6557
CVE-2013-6905,0.01213,0.6557
CVE-2013-6906,0.01213,0.6557
CVE-2013-6907,0.01213,0.6557
CVE-2013-6908,0.01213,0.6557
CVE-2013-6909,0.01213,0.6557
CVE-2013-6910,0.01213,0.6557
CVE-2013-6911,0.01132,0.54372
CVE-2013-6912,0.01132,0.54372
CVE-2013-6913,0.01132,0.54372
CVE-2013-6914,0.01132,0.54372
CVE-2013-6915,0.01132,0.54372
CVE-2013-6916,0.01213,0.6557
CVE-2013-6918,0.01055,0.50287
CVE-2013-6919,0.01055,0.50287
CVE-2013-6920,0.01136,0.57949
CVE-2013-6922,0.07032,0.919
CVE-2013-6923,0.01953,0.77242
CVE-2013-6924,0.08382,0.93597
CVE-2013-6925,0.01055,0.50287
CVE-2013-6926,0.01055,0.50287
CVE-2013-6927,0.00885,0.26162
CVE-2013-6929,0.01061,0.51015
CVE-2013-6930,0.01132,0.54372
CVE-2013-6931,0.01132,0.54372
CVE-2013-6932,0.06309,0.90494
CVE-2013-6933,0.33969,0.97598
CVE-2013-6934,0.11862,0.94954
CVE-2013-6935,0.71507,0.99152
CVE-2013-6936,0.01139,0.58345
CVE-2013-6937,0.08728,0.93654
CVE-2013-6938,0.00885,0.26162
CVE-2013-6939,0.00885,0.26162
CVE-2013-6940,0.00885,0.26162
CVE-2013-6941,0.00885,0.26162
CVE-2013-6942,0.01055,0.50287
CVE-2013-6943,0.01055,0.50287
CVE-2013-6944,0.01055,0.50287
CVE-2013-6945,0.00954,0.34522
CVE-2013-6948,0.01055,0.50287
CVE-2013-6949,0.01055,0.50287
CVE-2013-6950,0.00885,0.26162
CVE-2013-6951,0.00885,0.26162
CVE-2013-6952,0.05822,0.89998
CVE-2013-6953,0.01055,0.50287
CVE-2013-6954,0.04358,0.87435
CVE-2013-6955,0.75804,0.99333
CVE-2013-6956,0.01061,0.51015
CVE-2013-6957,0.01136,0.57949
CVE-2013-6958,0.01213,0.6557
CVE-2013-6959,0.01213,0.6557
CVE-2013-6960,0.01319,0.70416
CVE-2013-6961,0.01213,0.6557
CVE-2013-6962,0.01213,0.6557
CVE-2013-6963,0.01213,0.6557
CVE-2013-6964,0.01232,0.66248
CVE-2013-6965,0.01319,0.70416
CVE-2013-6966,0.01213,0.6557
CVE-2013-6967,0.01213,0.6557
CVE-2013-6968,0.01213,0.6557
CVE-2013-6969,0.01213,0.6557
CVE-2013-6970,0.01213,0.6557
CVE-2013-6971,0.01213,0.6557
CVE-2013-6972,0.01319,0.70416
CVE-2013-6973,0.01319,0.70416
CVE-2013-6974,0.01213,0.6557
CVE-2013-6975,0.0089,0.2856
CVE-2013-6976,0.07511,0.92331
CVE-2013-6978,0.01232,0.66248
CVE-2013-6979,0.01213,0.6557
CVE-2013-6981,0.01319,0.70416
CVE-2013-6982,0.01319,0.70416
CVE-2013-6983,0.01232,0.66248
CVE-2013-6985,0.00986,0.35784
CVE-2013-6986,0.01018,0.38792
CVE-2013-6990,0.00885,0.26162
CVE-2013-6991,0.01136,0.57949
CVE-2013-6992,0.01213,0.6557
CVE-2013-6993,0.01136,0.57949
CVE-2013-6994,0.01055,0.50287
CVE-2013-6997,0.01319,0.70416
CVE-2013-6999,0.01554,0.74096
CVE-2013-7000,0.01136,0.57949
CVE-2013-7001,0.01136,0.57949
CVE-2013-7002,0.01213,0.6557
CVE-2013-7003,0.01213,0.6557
CVE-2013-7004,0.01213,0.6557
CVE-2013-7005,0.00885,0.26162
CVE-2013-7008,0.01319,0.70416
CVE-2013-7009,0.01319,0.70416
CVE-2013-7010,0.01319,0.70416
CVE-2013-7011,0.01319,0.70416
CVE-2013-7012,0.01319,0.70416
CVE-2013-7013,0.01319,0.70416
CVE-2013-7014,0.01408,0.72072
CVE-2013-7015,0.01319,0.70416
CVE-2013-7016,0.01319,0.70416
CVE-2013-7017,0.01213,0.6557
CVE-2013-7018,0.01319,0.70416
CVE-2013-7019,0.01319,0.70416
CVE-2013-7020,0.01408,0.72072
CVE-2013-7021,0.01319,0.70416
CVE-2013-7022,0.01319,0.70416
CVE-2013-7023,0.01319,0.70416
CVE-2013-7024,0.01319,0.70416
CVE-2013-7025,0.04213,0.86776
CVE-2013-7026,0.0095,0.30554
CVE-2013-7027,0.02686,0.82061
CVE-2013-7030,0.07032,0.919
CVE-2013-7032,0.01213,0.6557
CVE-2013-7033,0.01055,0.50287
CVE-2013-7034,0.01213,0.6557
CVE-2013-7038,0.01319,0.70416
CVE-2013-7039,0.04967,0.88981
CVE-2013-7040,0.01108,0.53389
CVE-2013-7041,0.01537,0.73595
CVE-2013-7042,0.0095,0.30554
CVE-2013-7043,0.07032,0.919
CVE-2013-7048,0.0089,0.2856
CVE-2013-7049,0.01319,0.70416
CVE-2013-7050,0.01408,0.72072
CVE-2013-7051,0.01018,0.38792
CVE-2013-7052,0.00954,0.34522
CVE-2013-7053,0.00954,0.34522
CVE-2013-7054,0.00954,0.34522
CVE-2013-7055,0.00954,0.34522
CVE-2013-7057,0.07584,0.92581
CVE-2013-7060,0.01136,0.57949
CVE-2013-7061,0.0089,0.2856
CVE-2013-7062,0.01319,0.70416
CVE-2013-7063,0.01136,0.57949
CVE-2013-7064,0.01132,0.54372
CVE-2013-7065,0.01213,0.6557
CVE-2013-7066,0.01055,0.50287
CVE-2013-7067,0.01213,0.6557
CVE-2013-7068,0.01132,0.54372
CVE-2013-7069,0.06523,0.90962
CVE-2013-7070,0.01136,0.57949
CVE-2013-7071,0.01136,0.57949
CVE-2013-7073,0.01232,0.66248
CVE-2013-7074,0.01232,0.66248
CVE-2013-7075,0.01061,0.51015
CVE-2013-7076,0.01319,0.70416
CVE-2013-7077,0.01213,0.6557
CVE-2013-7078,0.01319,0.70416
CVE-2013-7079,0.01213,0.6557
CVE-2013-7080,0.01136,0.57949
CVE-2013-7081,0.01061,0.51015
CVE-2013-7082,0.01213,0.6557
CVE-2013-7085,0.01319,0.70416
CVE-2013-7086,0.01537,0.73595
CVE-2013-7087,0.01018,0.38792
CVE-2013-7088,0.01018,0.38792
CVE-2013-7089,0.01018,0.38792
CVE-2013-7091,0.85646,0.99664
CVE-2013-7092,0.01132,0.54372
CVE-2013-7093,0.01213,0.6557
CVE-2013-7094,0.01319,0.70416
CVE-2013-7095,0.01108,0.53389
CVE-2013-7096,0.01213,0.6557
CVE-2013-7097,0.07032,0.919
CVE-2013-7098,0.00885,0.26162
CVE-2013-7100,0.02172,0.79917
CVE-2013-7102,0.6,0.98835
CVE-2013-7103,0.01132,0.54372
CVE-2013-7104,0.01132,0.54372
CVE-2013-7105,0.00954,0.34522
CVE-2013-7106,0.03941,0.85207
CVE-2013-7107,0.01213,0.6557
CVE-2013-7108,0.15123,0.95693
CVE-2013-7110,0.00954,0.34522
CVE-2013-7111,0.01136,0.57949
CVE-2013-7112,0.02172,0.79917
CVE-2013-7113,0.01974,0.7812
CVE-2013-7114,0.02172,0.79917
CVE-2013-7127,0.00885,0.26162
CVE-2013-7128,0.00885,0.26162
CVE-2013-7129,0.01136,0.57949
CVE-2013-7130,0.02686,0.82061
CVE-2013-7134,0.01136,0.57949
CVE-2013-7135,0.0095,0.30554
CVE-2013-7136,0.07032,0.919
CVE-2013-7137,0.08595,0.9363
CVE-2013-7138,0.01055,0.50287
CVE-2013-7139,0.00986,0.35784
CVE-2013-7140,0.01132,0.54372
CVE-2013-7141,0.01213,0.6557
CVE-2013-7142,0.01213,0.6557
CVE-2013-7143,0.01213,0.6557
CVE-2013-7144,0.00885,0.26162
CVE-2013-7149,0.01136,0.57949
CVE-2013-7171,0.05634,0.89764
CVE-2013-7172,0.01365,0.70715
CVE-2013-7173,0.00885,0.26162
CVE-2013-7174,0.01136,0.57949
CVE-2013-7175,0.01061,0.51015
CVE-2013-7176,0.01213,0.6557
CVE-2013-7177,0.01213,0.6557
CVE-2013-7179,0.06915,0.91832
CVE-2013-7180,0.00885,0.26162
CVE-2013-7181,0.01319,0.70416
CVE-2013-7182,0.01319,0.70416
CVE-2013-7183,0.06915,0.91832
CVE-2013-7184,0.02808,0.8233
CVE-2013-7185,0.02362,0.80685
CVE-2013-7186,0.18074,0.96078
CVE-2013-7187,0.00986,0.35784
CVE-2013-7188,0.01319,0.70416
CVE-2013-7189,0.01139,0.58345
CVE-2013-7190,0.07032,0.919
CVE-2013-7191,0.01136,0.57949
CVE-2013-7192,0.00986,0.35784
CVE-2013-7193,0.01139,0.58345
CVE-2013-7194,0.02191,0.8013
CVE-2013-7195,0.01061,0.51015
CVE-2013-7196,0.07306,0.92115
CVE-2013-7201,0.00954,0.34522
CVE-2013-7202,0.01055,0.50287
CVE-2013-7203,0.0089,0.2856
CVE-2013-7204,0.07032,0.919
CVE-2013-7205,0.01319,0.70416
CVE-2013-7209,0.07032,0.919
CVE-2013-7216,0.01213,0.6557
CVE-2013-7217,0.01183,0.60428
CVE-2013-7219,0.00986,0.35784
CVE-2013-7220,0.01034,0.39824
CVE-2013-7221,0.0095,0.30554
CVE-2013-7222,0.01319,0.70416
CVE-2013-7223,0.01319,0.70416
CVE-2013-7224,0.01319,0.70416
CVE-2013-7225,0.01232,0.66248
CVE-2013-7226,0.02172,0.79917
CVE-2013-7231,0.01055,0.50287
CVE-2013-7232,0.01055,0.50287
CVE-2013-7233,0.07032,0.919
CVE-2013-7234,0.01213,0.6557
CVE-2013-7235,0.01213,0.6557
CVE-2013-7236,0.01213,0.6557
CVE-2013-7239,0.01319,0.70416
CVE-2013-7240,0.07032,0.919
CVE-2013-7241,0.01319,0.70416
CVE-2013-7242,0.01232,0.66248
CVE-2013-7243,0.01136,0.57949
CVE-2013-7245,0.01055,0.50287
CVE-2013-7246,0.18074,0.96078
CVE-2013-7247,0.01055,0.50287
CVE-2013-7248,0.01055,0.50287
CVE-2013-7249,0.01319,0.70416
CVE-2013-7250,0.01132,0.54372
CVE-2013-7251,0.01213,0.6557
CVE-2013-7252,0.01108,0.53389
CVE-2013-7254,0.01136,0.57949
CVE-2013-7255,0.01136,0.57949
CVE-2013-7256,0.01055,0.50287
CVE-2013-7257,0.01213,0.6557
CVE-2013-7258,0.01136,0.57949
CVE-2013-7259,0.06309,0.90494
CVE-2013-7260,0.6,0.98835
CVE-2013-7262,0.01213,0.6557
CVE-2013-7263,0.01547,0.74085
CVE-2013-7264,0.01547,0.74085
CVE-2013-7265,0.01547,0.74085
CVE-2013-7266,0.01547,0.74085
CVE-2013-7267,0.01547,0.74085
CVE-2013-7268,0.01547,0.74085
CVE-2013-7269,0.01547,0.74085
CVE-2013-7270,0.01547,0.74085
CVE-2013-7271,0.01547,0.74085
CVE-2013-7273,0.0095,0.30554
CVE-2013-7274,0.02191,0.8013
CVE-2013-7275,0.01213,0.6557
CVE-2013-7276,0.01213,0.6557
CVE-2013-7277,0.01408,0.72072
CVE-2013-7278,0.00986,0.35784
CVE-2013-7279,0.01213,0.6557
CVE-2013-7280,0.03008,0.82813
CVE-2013-7281,0.01547,0.74085
CVE-2013-7282,0.07032,0.919
CVE-2013-7283,0.01018,0.38792
CVE-2013-7284,0.07777,0.92953
CVE-2013-7285,0.16168,0.95904
CVE-2013-7286,0.00885,0.26162
CVE-2013-7287,0.00885,0.26162
CVE-2013-7288,0.01213,0.6557
CVE-2013-7289,0.01213,0.6557
CVE-2013-7290,0.01136,0.57949
CVE-2013-7291,0.01136,0.57949
CVE-2013-7292,0.01055,0.50287
CVE-2013-7293,0.01055,0.50287
CVE-2013-7294,0.01213,0.6557
CVE-2013-7295,0.01055,0.50287
CVE-2013-7296,0.01537,0.73595
CVE-2013-7298,0.01319,0.70416
CVE-2013-7299,0.01408,0.72072
CVE-2013-7300,0.01213,0.6557
CVE-2013-7301,0.01136,0.57949
CVE-2013-7302,0.01136,0.57949
CVE-2013-7303,0.01776,0.75902
CVE-2013-7304,0.01018,0.38792
CVE-2013-7305,0.01055,0.50287
CVE-2013-7306,0.01055,0.50287
CVE-2013-7307,0.01055,0.50287
CVE-2013-7308,0.01055,0.50287
CVE-2013-7309,0.01055,0.50287
CVE-2013-7310,0.01136,0.57949
CVE-2013-7311,0.01136,0.57949
CVE-2013-7312,0.01213,0.6557
CVE-2013-7313,0.01055,0.50287
CVE-2013-7314,0.01213,0.6557
CVE-2013-7315,0.01108,0.53389
CVE-2013-7316,0.01953,0.77242
CVE-2013-7317,0.01055,0.50287
CVE-2013-7318,0.01055,0.50287
CVE-2013-7319,0.02255,0.80558
CVE-2013-7320,0.01136,0.57949
CVE-2013-7321,0.01213,0.6557
CVE-2013-7322,0.01034,0.39824
CVE-2013-7323,0.01108,0.53389
CVE-2013-7324,0.01136,0.57949
CVE-2013-7325,0.02199,0.80273
CVE-2013-7326,0.01319,0.70416
CVE-2013-7327,0.01213,0.6557
CVE-2013-7328,0.01213,0.6557
CVE-2013-7329,0.01974,0.7812
CVE-2013-7330,0.01061,0.51015
CVE-2013-7331,0.4751,0.98457
CVE-2013-7332,0.18147,0.96089
CVE-2013-7333,0.00885,0.26162
CVE-2013-7334,0.01213,0.6557
CVE-2013-7335,0.01136,0.57949
CVE-2013-7336,0.01104,0.52279
CVE-2013-7338,0.01955,0.77585
CVE-2013-7339,0.01034,0.39824
CVE-2013-7340,0.01055,0.50287
CVE-2013-7341,0.01213,0.6557
CVE-2013-7342,0.01055,0.50287
CVE-2013-7343,0.01055,0.50287
CVE-2013-7344,0.01055,0.50287
CVE-2013-7345,0.01108,0.53389
CVE-2013-7346,0.00986,0.35784
CVE-2013-7347,0.00885,0.26162
CVE-2013-7348,0.0095,0.30554
CVE-2013-7349,0.01319,0.70416
CVE-2013-7350,0.00885,0.26162
CVE-2013-7351,0.01213,0.6557
CVE-2013-7352,0.01213,0.6557
CVE-2013-7353,0.01018,0.38792
CVE-2013-7354,0.01213,0.6557
CVE-2013-7355,0.01055,0.50287
CVE-2013-7356,0.00885,0.26162
CVE-2013-7357,0.01055,0.50287
CVE-2013-7358,0.01055,0.50287
CVE-2013-7359,0.01055,0.50287
CVE-2013-7360,0.01055,0.50287
CVE-2013-7361,0.00885,0.26162
CVE-2013-7362,0.01213,0.6557
CVE-2013-7363,0.01213,0.6557
CVE-2013-7364,0.01213,0.6557
CVE-2013-7365,0.01319,0.70416
CVE-2013-7366,0.01213,0.6557
CVE-2013-7367,0.01213,0.6557
CVE-2013-7368,0.01213,0.6557
CVE-2013-7369,0.01055,0.50287
CVE-2013-7370,0.01108,0.53389
CVE-2013-7371,0.01108,0.53389
CVE-2013-7372,0.01246,0.66436
CVE-2013-7373,0.01018,0.38792
CVE-2013-7374,0.0095,0.30554
CVE-2013-7375,0.01408,0.72072
CVE-2013-7376,0.01136,0.57949
CVE-2013-7377,0.01136,0.57949
CVE-2013-7378,0.01213,0.6557
CVE-2013-7379,0.01213,0.6557
CVE-2013-7380,0.01055,0.50287
CVE-2013-7381,0.01213,0.6557
CVE-2013-7382,0.01213,0.6557
CVE-2013-7383,0.01132,0.54372
CVE-2013-7384,0.01213,0.6557
CVE-2013-7385,0.01055,0.50287
CVE-2013-7386,0.04291,0.87022
CVE-2013-7387,0.01136,0.57949
CVE-2013-7388,0.06309,0.90494
CVE-2013-7389,0.02255,0.80558
CVE-2013-7390,0.35316,0.9773
CVE-2013-7391,0.01136,0.57949
CVE-2013-7392,0.01055,0.50287
CVE-2013-7393,0.00885,0.26162
CVE-2013-7394,0.01055,0.50287
CVE-2013-7395,0.00885,0.26162
CVE-2013-7397,0.01537,0.73595
CVE-2013-7398,0.01537,0.73595
CVE-2013-7400,0.01136,0.57949
CVE-2013-7401,0.01319,0.70416
CVE-2013-7402,0.01319,0.70416
CVE-2013-7404,0.01018,0.38792
CVE-2013-7405,0.00954,0.34522
CVE-2013-7406,0.01213,0.6557
CVE-2013-7407,0.01055,0.50287
CVE-2013-7408,0.01055,0.50287
CVE-2013-7409,0.7083,0.99133
CVE-2013-7416,0.01108,0.53389
CVE-2013-7417,0.01213,0.6557
CVE-2013-7418,0.05302,0.89375
CVE-2013-7419,0.01055,0.50287
CVE-2013-7420,0.07584,0.92581
CVE-2013-7421,0.01547,0.74085
CVE-2013-7422,0.02365,0.80691
CVE-2013-7423,0.02172,0.79917
CVE-2013-7424,0.03073,0.82961
CVE-2013-7426,0.00954,0.34522
CVE-2013-7428,0.01213,0.6557
CVE-2013-7429,0.01213,0.6557
CVE-2013-7430,0.01055,0.50287
CVE-2013-7431,0.00954,0.34522
CVE-2013-7432,0.01136,0.57949
CVE-2013-7433,0.00954,0.34522
CVE-2013-7435,0.01232,0.66248
CVE-2013-7436,0.01408,0.72072
CVE-2013-7437,0.01213,0.6557
CVE-2013-7438,0.04291,0.87022
CVE-2013-7439,0.01319,0.70416
CVE-2013-7440,0.01108,0.53389
CVE-2013-7441,0.01974,0.7812
CVE-2013-7442,0.01018,0.38792
CVE-2013-7443,0.01319,0.70416
CVE-2013-7444,0.01319,0.70416
CVE-2013-7445,0.03243,0.83455
CVE-2013-7446,0.01547,0.74085
CVE-2013-7447,0.01955,0.77585
CVE-2013-7448,0.01319,0.70416
CVE-2013-7449,0.01018,0.38792
CVE-2013-7450,0.01108,0.53389
CVE-2013-7451,0.01055,0.50287
CVE-2013-7452,0.01055,0.50287
CVE-2013-7453,0.01055,0.50287
CVE-2013-7454,0.01055,0.50287
CVE-2013-7455,0.05785,0.89924
CVE-2013-7456,0.01955,0.77585
CVE-2013-7457,0.00885,0.26162
CVE-2013-7458,0.01282,0.67298
CVE-2013-7459,0.10052,0.9429
CVE-2013-7460,0.01525,0.72834
CVE-2013-7461,0.01525,0.72834
CVE-2013-7462,0.00885,0.26162
CVE-2013-7463,0.00885,0.26162
CVE-2013-7464,0.00954,0.34522
CVE-2013-7465,0.01978,0.78447
CVE-2013-7466,0.01156,0.60033
CVE-2013-7467,0.00885,0.26162
CVE-2013-7468,0.00885,0.26162
CVE-2013-7469,0.00885,0.26162
CVE-2013-7470,0.01018,0.38792
CVE-2013-7471,0.08382,0.93597
CVE-2013-7472,0.00885,0.26162
CVE-2013-7473,0.00885,0.26162
CVE-2013-7474,0.00885,0.26162
CVE-2013-7475,0.00885,0.26162
CVE-2013-7476,0.00885,0.26162
CVE-2013-7477,0.00885,0.26162
CVE-2013-7478,0.00885,0.26162
CVE-2013-7479,0.00885,0.26162
CVE-2013-7480,0.00885,0.26162
CVE-2013-7481,0.00885,0.26162
CVE-2013-7482,0.00885,0.26162
CVE-2013-7483,0.00885,0.26162
CVE-2013-7484,0.00885,0.26162
CVE-2013-7485,0.01408,0.72072
CVE-2013-7486,0.01213,0.6557
CVE-2013-7487,0.01156,0.60033
CVE-2013-7488,0.01136,0.57949
CVE-2013-7489,0.01365,0.70715
CVE-2013-7490,0.01018,0.38792
CVE-2013-7491,0.00954,0.34522
CVE-2012-0001,0.17601,0.96053
CVE-2012-0004,0.62357,0.98902
CVE-2012-0005,0.02016,0.78481
CVE-2012-0006,0.41003,0.98131
CVE-2012-0007,0.27856,0.97095
CVE-2012-0008,0.04296,0.8703
CVE-2012-0009,0.24087,0.96651
CVE-2012-0010,0.25802,0.96904
CVE-2012-0011,0.49719,0.98611
CVE-2012-0012,0.29797,0.97364
CVE-2012-0013,0.89052,0.99806
CVE-2012-0014,0.48414,0.98504
CVE-2012-0015,0.48414,0.98504
CVE-2012-0016,0.20038,0.96229
CVE-2012-0017,0.29797,0.97364
CVE-2012-0018,0.6716,0.9904
CVE-2012-0019,0.49719,0.98611
CVE-2012-0020,0.49719,0.98611
CVE-2012-0021,0.07344,0.92237
CVE-2012-0022,0.07344,0.92237
CVE-2012-0023,0.06604,0.91138
CVE-2012-0024,0.01213,0.6557
CVE-2012-0025,0.01955,0.77585
CVE-2012-0027,0.01408,0.72072
CVE-2012-0028,0.0095,0.30554
CVE-2012-0029,0.02172,0.79379
CVE-2012-0030,0.01232,0.66248
CVE-2012-0031,0.12531,0.95163
CVE-2012-0032,0.00885,0.26162
CVE-2012-0033,0.01213,0.6557
CVE-2012-0034,0.01547,0.74085
CVE-2012-0035,0.02686,0.82061
CVE-2012-0036,0.03779,0.84781
CVE-2012-0037,0.07344,0.92237
CVE-2012-0038,0.01034,0.39824
CVE-2012-0039,0.01018,0.38792
CVE-2012-0040,0.01408,0.72072
CVE-2012-0041,0.01955,0.77585
CVE-2012-0042,0.02172,0.79917
CVE-2012-0043,0.07544,0.92484
CVE-2012-0044,0.01282,0.67298
CVE-2012-0045,0.02513,0.81059
CVE-2012-0046,0.00954,0.34522
CVE-2012-0047,0.01484,0.72722
CVE-2012-0048,0.01408,0.72072
CVE-2012-0049,0.0095,0.30554
CVE-2012-0050,0.07559,0.92528
CVE-2012-0051,0.01319,0.70416
CVE-2012-0052,0.01136,0.57949
CVE-2012-0054,0.0095,0.30554
CVE-2012-0055,0.02526,0.81076
CVE-2012-0057,0.04358,0.87435
CVE-2012-0058,0.01034,0.39824
CVE-2012-0059,0.00885,0.26162
CVE-2012-0060,0.06604,0.91138
CVE-2012-0061,0.06604,0.91138
CVE-2012-0062,0.01136,0.57949
CVE-2012-0063,0.05634,0.89764
CVE-2012-0064,0.01537,0.73595
CVE-2012-0065,0.02172,0.79379
CVE-2012-0066,0.03407,0.83908
CVE-2012-0067,0.12567,0.95329
CVE-2012-0068,0.01776,0.75902
CVE-2012-0069,0.01319,0.70416
CVE-2012-0070,0.00885,0.26162
CVE-2012-0071,0.01055,0.50287
CVE-2012-0072,0.01213,0.6557
CVE-2012-0073,0.01213,0.6557
CVE-2012-0074,0.01132,0.54372
CVE-2012-0075,0.01633,0.74922
CVE-2012-0076,0.01132,0.54372
CVE-2012-0077,0.01232,0.66248
CVE-2012-0078,0.01132,0.54372
CVE-2012-0079,0.01408,0.72072
CVE-2012-0080,0.01061,0.51015
CVE-2012-0081,0.0095,0.30554
CVE-2012-0082,0.01132,0.54372
CVE-2012-0083,0.01136,0.57949
CVE-2012-0084,0.01061,0.51015
CVE-2012-0085,0.01136,0.57949
CVE-2012-0086,0.01055,0.50287
CVE-2012-0087,0.01815,0.76117
CVE-2012-0088,0.01132,0.54372
CVE-2012-0089,0.01055,0.50287
CVE-2012-0090,0.01055,0.50287
CVE-2012-0091,0.01061,0.51015
CVE-2012-0092,0.01055,0.50287
CVE-2012-0093,0.01055,0.50287
CVE-2012-0094,0.01213,0.6557
CVE-2012-0095,0.01055,0.50287
CVE-2012-0096,0.01213,0.6557
CVE-2012-0097,0.0089,0.2856
CVE-2012-0098,0.0095,0.30554
CVE-2012-0099,0.01213,0.6557
CVE-2012-0100,0.0095,0.30554
CVE-2012-0101,0.01815,0.76117
CVE-2012-0102,0.01815,0.76117
CVE-2012-0103,0.0089,0.2856
CVE-2012-0104,0.01136,0.57949
CVE-2012-0105,0.01104,0.52279
CVE-2012-0106,0.01055,0.50287
CVE-2012-0107,0.01055,0.50287
CVE-2012-0108,0.01055,0.50287
CVE-2012-0109,0.0095,0.30554
CVE-2012-0110,0.0089,0.2856
CVE-2012-0111,0.01034,0.39824
CVE-2012-0112,0.01232,0.66248
CVE-2012-0113,0.01232,0.66248
CVE-2012-0114,0.01104,0.52279
CVE-2012-0115,0.01232,0.66248
CVE-2012-0116,0.01232,0.66248
CVE-2012-0117,0.01132,0.54372
CVE-2012-0118,0.01232,0.66248
CVE-2012-0119,0.01232,0.66248
CVE-2012-0120,0.01232,0.66248
CVE-2012-0121,0.15207,0.95706
CVE-2012-0122,0.15207,0.95706
CVE-2012-0123,0.14677,0.95652
CVE-2012-0124,0.71937,0.99168
CVE-2012-0125,0.01034,0.39824
CVE-2012-0126,0.01319,0.70416
CVE-2012-0127,0.25374,0.96854
CVE-2012-0128,0.01213,0.6557
CVE-2012-0129,0.25143,0.96828
CVE-2012-0130,0.01213,0.6557
CVE-2012-0131,0.01319,0.70416
CVE-2012-0132,0.01213,0.6557
CVE-2012-0133,0.06024,0.90136
CVE-2012-0134,0.0089,0.2856
CVE-2012-0135,0.01132,0.54372
CVE-2012-0136,0.49719,0.98611
CVE-2012-0137,0.49719,0.98611
CVE-2012-0138,0.49719,0.98611
CVE-2012-0141,0.62357,0.98902
CVE-2012-0142,0.62357,0.98902
CVE-2012-0143,0.62357,0.98902
CVE-2012-0144,0.29797,0.97364
CVE-2012-0145,0.29797,0.97364
CVE-2012-0146,0.36068,0.97774
CVE-2012-0147,0.39003,0.97927
CVE-2012-0148,0.01205,0.60537
CVE-2012-0149,0.01205,0.60537
CVE-2012-0150,0.49719,0.98611
CVE-2012-0151,0.62357,0.98902
CVE-2012-0154,0.01205,0.60537
CVE-2012-0155,0.49719,0.98611
CVE-2012-0156,0.29797,0.97364
CVE-2012-0157,0.01773,0.75657
CVE-2012-0159,0.6716,0.9904
CVE-2012-0160,0.52944,0.98681
CVE-2012-0161,0.52944,0.98681
CVE-2012-0162,0.48722,0.98514
CVE-2012-0163,0.61459,0.98881
CVE-2012-0164,0.29797,0.97364
CVE-2012-0165,0.6716,0.9904
CVE-2012-0167,0.6716,0.9904
CVE-2012-0168,0.60981,0.98872
CVE-2012-0169,0.6716,0.9904
CVE-2012-0170,0.62357,0.98902
CVE-2012-0171,0.60981,0.98872
CVE-2012-0172,0.60981,0.98872
CVE-2012-0173,0.49719,0.98611
CVE-2012-0174,0.24319,0.9666
CVE-2012-0175,0.49719,0.98611
CVE-2012-0176,0.62357,0.98902
CVE-2012-0177,0.6716,0.9904
CVE-2012-0178,0.01773,0.75657
CVE-2012-0179,0.01773,0.75657
CVE-2012-0180,0.01773,0.75657
CVE-2012-0181,0.02421,0.80758
CVE-2012-0182,0.58315,0.98794
CVE-2012-0183,0.5678,0.98754
CVE-2012-0184,0.6716,0.9904
CVE-2012-0185,0.62357,0.98902
CVE-2012-0186,0.01055,0.50287
CVE-2012-0187,0.00885,0.26162
CVE-2012-0188,0.06309,0.90494
CVE-2012-0189,0.06309,0.90494
CVE-2012-0190,0.06309,0.90494
CVE-2012-0191,0.01055,0.50287
CVE-2012-0192,0.06309,0.90494
CVE-2012-0193,0.01213,0.6557
CVE-2012-0194,0.02172,0.79917
CVE-2012-0195,0.01319,0.70416
CVE-2012-0198,0.62277,0.98891
CVE-2012-0199,0.01055,0.50287
CVE-2012-0200,0.04187,0.86773
CVE-2012-0201,0.7543,0.99315
CVE-2012-0202,0.64647,0.98972
CVE-2012-0203,0.01055,0.50287
CVE-2012-0204,0.00885,0.26162
CVE-2012-0205,0.01055,0.50287
CVE-2012-0206,0.01136,0.57949
CVE-2012-0207,0.0679,0.91793
CVE-2012-0208,0.01132,0.54372
CVE-2012-0209,0.76645,0.99358
CVE-2012-0210,0.07996,0.93017
CVE-2012-0211,0.09915,0.94265
CVE-2012-0212,0.09915,0.94265
CVE-2012-0213,0.03718,0.84354
CVE-2012-0214,0.00954,0.34522
CVE-2012-0215,0.01132,0.54372
CVE-2012-0216,0.00885,0.26162
CVE-2012-0217,0.03119,0.83077
CVE-2012-0218,0.0095,0.30554
CVE-2012-0219,0.02172,0.79379
CVE-2012-0220,0.01408,0.72072
CVE-2012-0221,0.04187,0.86773
CVE-2012-0222,0.01055,0.50287
CVE-2012-0223,0.00885,0.26162
CVE-2012-0224,0.00885,0.26162
CVE-2012-0225,0.01319,0.70416
CVE-2012-0226,0.01319,0.70416
CVE-2012-0227,0.04146,0.85406
CVE-2012-0228,0.01319,0.70416
CVE-2012-0229,0.04291,0.87022
CVE-2012-0230,0.04291,0.87022
CVE-2012-0231,0.04291,0.87022
CVE-2012-0232,0.01136,0.57949
CVE-2012-0233,0.01055,0.50287
CVE-2012-0234,0.01055,0.50287
CVE-2012-0235,0.01055,0.50287
CVE-2012-0236,0.01055,0.50287
CVE-2012-0237,0.01055,0.50287
CVE-2012-0238,0.04679,0.88603
CVE-2012-0239,0.01055,0.50287
CVE-2012-0240,0.04679,0.88603
CVE-2012-0241,0.04187,0.86773
CVE-2012-0242,0.04679,0.88603
CVE-2012-0243,0.04679,0.88603
CVE-2012-0244,0.01055,0.50287
CVE-2012-0245,0.07777,0.92953
CVE-2012-0246,0.06309,0.90494
CVE-2012-0247,0.05857,0.90058
CVE-2012-0248,0.03407,0.83908
CVE-2012-0249,0.01974,0.7812
CVE-2012-0250,0.01408,0.72072
CVE-2012-0253,0.01213,0.6557
CVE-2012-0254,0.05822,0.89998
CVE-2012-0255,0.01319,0.70416
CVE-2012-0256,0.02072,0.79023
CVE-2012-0257,0.06309,0.90494
CVE-2012-0258,0.06309,0.90494
CVE-2012-0259,0.03407,0.83908
CVE-2012-0260,0.03407,0.83908
CVE-2012-0261,0.80923,0.99502
CVE-2012-0262,0.80923,0.99502
CVE-2012-0263,0.01232,0.66248
CVE-2012-0264,0.01319,0.70416
CVE-2012-0265,0.03261,0.83509
CVE-2012-0266,0.7543,0.99315
CVE-2012-0267,0.7817,0.99419
CVE-2012-0268,0.03696,0.84331
CVE-2012-0269,0.06309,0.90494
CVE-2012-0270,0.75644,0.99327
CVE-2012-0271,0.11919,0.94959
CVE-2012-0272,0.01213,0.6557
CVE-2012-0273,0.07777,0.92953
CVE-2012-0275,0.07777,0.92953
CVE-2012-0276,0.10689,0.94419
CVE-2012-0277,0.07959,0.92977
CVE-2012-0278,0.08313,0.9328
CVE-2012-0279,0.0095,0.30554
CVE-2012-0282,0.07959,0.92977
CVE-2012-0283,0.01319,0.70416
CVE-2012-0284,0.72092,0.99192
CVE-2012-0285,0.01136,0.57949
CVE-2012-0286,0.01136,0.57949
CVE-2012-0287,0.01213,0.6557
CVE-2012-0289,0.01761,0.7555
CVE-2012-0290,0.01213,0.6557
CVE-2012-0291,0.01136,0.57949
CVE-2012-0292,0.04187,0.86773
CVE-2012-0293,0.01136,0.57949
CVE-2012-0294,0.01136,0.57949
CVE-2012-0295,0.06309,0.90494
CVE-2012-0296,0.01055,0.50287
CVE-2012-0297,0.81624,0.99522
CVE-2012-0298,0.01136,0.57949
CVE-2012-0299,0.81741,0.99524
CVE-2012-0300,0.01055,0.50287
CVE-2012-0301,0.01055,0.50287
CVE-2012-0302,0.01055,0.50287
CVE-2012-0303,0.01055,0.50287
CVE-2012-0304,0.0095,0.30554
CVE-2012-0305,0.00885,0.26162
CVE-2012-0306,0.04146,0.85406
CVE-2012-0307,0.01136,0.57949
CVE-2012-0308,0.04979,0.88995
CVE-2012-0309,0.01408,0.72072
CVE-2012-0310,0.01408,0.72072
CVE-2012-0311,0.01136,0.57949
CVE-2012-0312,0.01136,0.57949
CVE-2012-0313,0.01136,0.57949
CVE-2012-0314,0.01213,0.6557
CVE-2012-0315,0.01018,0.38792
CVE-2012-0316,0.01319,0.70416
CVE-2012-0317,0.01319,0.70416
CVE-2012-0318,0.01319,0.70416
CVE-2012-0319,0.01232,0.66248
CVE-2012-0320,0.01319,0.70416
CVE-2012-0321,0.0089,0.2856
CVE-2012-0322,0.01055,0.50287
CVE-2012-0323,0.01136,0.57949
CVE-2012-0324,0.01213,0.6557
CVE-2012-0325,0.01213,0.6557
CVE-2012-0326,0.01319,0.70416
CVE-2012-0327,0.01213,0.6557
CVE-2012-0328,0.01408,0.72072
CVE-2012-0329,0.04679,0.88603
CVE-2012-0330,0.01055,0.50287
CVE-2012-0331,0.01055,0.50287
CVE-2012-0333,0.01055,0.50287
CVE-2012-0334,0.00885,0.26162
CVE-2012-0335,0.01213,0.6557
CVE-2012-0337,0.01055,0.50287
CVE-2012-0338,0.01136,0.57949
CVE-2012-0339,0.01055,0.50287
CVE-2012-0340,0.01055,0.50287
CVE-2012-0352,0.01055,0.50287
CVE-2012-0353,0.01319,0.70416
CVE-2012-0354,0.01319,0.70416
CVE-2012-0355,0.01213,0.6557
CVE-2012-0356,0.01408,0.72072
CVE-2012-0358,0.06309,0.90494
CVE-2012-0359,0.01055,0.50287
CVE-2012-0360,0.01055,0.50287
CVE-2012-0361,0.01055,0.50287
CVE-2012-0362,0.01055,0.50287
CVE-2012-0363,0.01055,0.50287
CVE-2012-0364,0.01055,0.50287
CVE-2012-0365,0.01055,0.50287
CVE-2012-0366,0.01055,0.50287
CVE-2012-0367,0.01055,0.50287
CVE-2012-0368,0.01055,0.50287
CVE-2012-0369,0.01055,0.50287
CVE-2012-0370,0.01055,0.50287
CVE-2012-0371,0.01055,0.50287
CVE-2012-0376,0.01055,0.50287
CVE-2012-0378,0.01055,0.50287
CVE-2012-0381,0.01319,0.70416
CVE-2012-0382,0.01319,0.70416
CVE-2012-0383,0.01319,0.70416
CVE-2012-0384,0.01132,0.54372
CVE-2012-0385,0.01319,0.70416
CVE-2012-0386,0.01319,0.70416
CVE-2012-0387,0.01319,0.70416
CVE-2012-0388,0.01213,0.6557
CVE-2012-0389,0.04894,0.88891
CVE-2012-0390,0.01136,0.57949
CVE-2012-0391,0.79605,0.99457
CVE-2012-0392,0.13908,0.95596
CVE-2012-0393,0.05857,0.90036
CVE-2012-0394,0.79605,0.99457
CVE-2012-0395,0.06536,0.90963
CVE-2012-0396,0.01132,0.54372
CVE-2012-0397,0.06818,0.91799
CVE-2012-0398,0.01055,0.50287
CVE-2012-0399,0.01213,0.6557
CVE-2012-0400,0.01319,0.70416
CVE-2012-0401,0.01132,0.54372
CVE-2012-0402,0.01213,0.6557
CVE-2012-0403,0.01232,0.66248
CVE-2012-0404,0.01055,0.50287
CVE-2012-0406,0.01213,0.6557
CVE-2012-0407,0.01213,0.6557
CVE-2012-0409,0.04291,0.87022
CVE-2012-0410,0.01136,0.57949
CVE-2012-0411,0.12536,0.95163
CVE-2012-0414,0.01136,0.57949
CVE-2012-0417,0.07732,0.92768
CVE-2012-0418,0.07481,0.92326
CVE-2012-0419,0.61209,0.98876
CVE-2012-0420,0.00885,0.26162
CVE-2012-0421,0.00885,0.26162
CVE-2012-0425,0.00885,0.26162
CVE-2012-0426,0.01034,0.39824
CVE-2012-0427,0.0089,0.2856
CVE-2012-0428,0.01213,0.6557
CVE-2012-0429,0.01132,0.54372
CVE-2012-0430,0.01213,0.6557
CVE-2012-0432,0.76003,0.99335
CVE-2012-0433,0.00885,0.26162
CVE-2012-0434,0.00954,0.34522
CVE-2012-0435,0.01213,0.6557
CVE-2012-0439,0.85763,0.9967
CVE-2012-0440,0.01213,0.6557
CVE-2012-0441,0.03779,0.84781
CVE-2012-0442,0.06604,0.91138
CVE-2012-0443,0.08228,0.93218
CVE-2012-0444,0.08228,0.93218
CVE-2012-0445,0.01974,0.7812
CVE-2012-0446,0.01408,0.72072
CVE-2012-0447,0.01319,0.70416
CVE-2012-0448,0.01232,0.66248
CVE-2012-0449,0.06604,0.91138
CVE-2012-0450,0.01034,0.39824
CVE-2012-0451,0.02686,0.82061
CVE-2012-0452,0.07544,0.92484
CVE-2012-0453,0.01136,0.57949
CVE-2012-0454,0.07544,0.92484
CVE-2012-0455,0.03932,0.8519
CVE-2012-0456,0.04358,0.87435
CVE-2012-0457,0.09915,0.94265
CVE-2012-0458,0.03932,0.8519
CVE-2012-0459,0.08228,0.93218
CVE-2012-0460,0.04358,0.87435
CVE-2012-0461,0.08228,0.93218
CVE-2012-0462,0.08228,0.93218
CVE-2012-0463,0.08228,0.93218
CVE-2012-0464,0.12248,0.95092
CVE-2012-0465,0.01213,0.6557
CVE-2012-0466,0.01213,0.6557
CVE-2012-0467,0.08228,0.93218
CVE-2012-0468,0.07544,0.92484
CVE-2012-0469,0.1127,0.94787
CVE-2012-0470,0.08228,0.93218
CVE-2012-0471,0.03407,0.83908
CVE-2012-0472,0.05288,0.89317
CVE-2012-0473,0.01974,0.7812
CVE-2012-0474,0.01955,0.77585
CVE-2012-0475,0.01408,0.72072
CVE-2012-0477,0.03407,0.83908
CVE-2012-0478,0.08522,0.93616
CVE-2012-0479,0.03407,0.83908
CVE-2012-0484,0.01815,0.76117
CVE-2012-0485,0.01815,0.76117
CVE-2012-0486,0.01319,0.70416
CVE-2012-0487,0.01232,0.66248
CVE-2012-0488,0.01232,0.66248
CVE-2012-0489,0.01232,0.66248
CVE-2012-0490,0.01815,0.76117
CVE-2012-0491,0.01232,0.66248
CVE-2012-0492,0.01815,0.76117
CVE-2012-0493,0.01232,0.66248
CVE-2012-0494,0.01034,0.39824
CVE-2012-0495,0.01232,0.66248
CVE-2012-0496,0.01232,0.66248
CVE-2012-0497,0.04358,0.87435
CVE-2012-0498,0.04358,0.87435
CVE-2012-0499,0.04358,0.87435
CVE-2012-0500,0.82741,0.99552
CVE-2012-0501,0.04358,0.87435
CVE-2012-0502,0.02686,0.82061
CVE-2012-0503,0.02686,0.82061
CVE-2012-0504,0.01955,0.77585
CVE-2012-0505,0.02686,0.82061
CVE-2012-0506,0.02686,0.82061
CVE-2012-0507,0.76282,0.99339
CVE-2012-0508,0.01319,0.70416
CVE-2012-0509,0.01132,0.54372
CVE-2012-0510,0.01136,0.57949
CVE-2012-0511,0.01136,0.57949
CVE-2012-0512,0.01061,0.51015
CVE-2012-0513,0.01213,0.6557
CVE-2012-0514,0.01132,0.54372
CVE-2012-0515,0.01132,0.54372
CVE-2012-0516,0.01213,0.6557
CVE-2012-0517,0.01132,0.54372
CVE-2012-0518,0.01055,0.50287
CVE-2012-0519,0.01132,0.54372
CVE-2012-0520,0.01213,0.6557
CVE-2012-0521,0.01132,0.54372
CVE-2012-0522,0.01213,0.6557
CVE-2012-0523,0.0089,0.2856
CVE-2012-0524,0.0095,0.30554
CVE-2012-0525,0.01132,0.54372
CVE-2012-0526,0.01213,0.6557
CVE-2012-0527,0.01213,0.6557
CVE-2012-0528,0.01136,0.57949
CVE-2012-0529,0.01132,0.54372
CVE-2012-0530,0.01132,0.54372
CVE-2012-0531,0.01132,0.54372
CVE-2012-0532,0.01132,0.54372
CVE-2012-0533,0.01132,0.54372
CVE-2012-0534,0.01132,0.54372
CVE-2012-0535,0.01213,0.6557
CVE-2012-0536,0.01132,0.54372
CVE-2012-0537,0.01213,0.6557
CVE-2012-0538,0.01132,0.54372
CVE-2012-0539,0.0095,0.30554
CVE-2012-0540,0.01815,0.76117
CVE-2012-0541,0.01132,0.54372
CVE-2012-0542,0.01319,0.70416
CVE-2012-0543,0.01213,0.6557
CVE-2012-0544,0.01132,0.54372
CVE-2012-0545,0.01132,0.54372
CVE-2012-0546,0.01132,0.54372
CVE-2012-0547,0.02686,0.82061
CVE-2012-0548,0.0095,0.30554
CVE-2012-0549,0.73021,0.99222
CVE-2012-0550,0.06174,0.90263
CVE-2012-0551,0.17792,0.96062
CVE-2012-0552,0.01132,0.54372
CVE-2012-0553,0.01018,0.38792
CVE-2012-0554,0.01213,0.6557
CVE-2012-0555,0.01213,0.6557
CVE-2012-0556,0.01213,0.6557
CVE-2012-0557,0.01213,0.6557
CVE-2012-0558,0.01213,0.6557
CVE-2012-0559,0.01132,0.54372
CVE-2012-0560,0.01213,0.6557
CVE-2012-0561,0.01132,0.54372
CVE-2012-0562,0.01132,0.54372
CVE-2012-0563,0.01034,0.39824
CVE-2012-0564,0.01132,0.54372
CVE-2012-0565,0.01132,0.54372
CVE-2012-0566,0.01213,0.6557
CVE-2012-0567,0.01132,0.54372
CVE-2012-0568,0.0089,0.2856
CVE-2012-0569,0.0095,0.30554
CVE-2012-0570,0.0095,0.30554
CVE-2012-0571,0.01132,0.54372
CVE-2012-0572,0.01232,0.66248
CVE-2012-0573,0.01132,0.54372
CVE-2012-0574,0.01649,0.75017
CVE-2012-0575,0.01213,0.6557
CVE-2012-0576,0.01132,0.54372
CVE-2012-0577,0.01132,0.54372
CVE-2012-0578,0.01232,0.66248
CVE-2012-0579,0.01132,0.54372
CVE-2012-0580,0.01213,0.6557
CVE-2012-0581,0.01213,0.6557
CVE-2012-0582,0.01132,0.54372
CVE-2012-0583,0.01315,0.67456
CVE-2012-0584,0.01213,0.6557
CVE-2012-0585,0.01319,0.70416
CVE-2012-0586,0.01319,0.70416
CVE-2012-0587,0.01319,0.70416
CVE-2012-0588,0.01319,0.70416
CVE-2012-0589,0.01319,0.70416
CVE-2012-0590,0.01319,0.70416
CVE-2012-0591,0.05258,0.89279
CVE-2012-0592,0.05258,0.89279
CVE-2012-0593,0.05258,0.89279
CVE-2012-0594,0.05258,0.89279
CVE-2012-0595,0.05258,0.89279
CVE-2012-0596,0.05258,0.89279
CVE-2012-0597,0.05258,0.89279
CVE-2012-0598,0.05258,0.89279
CVE-2012-0599,0.05258,0.89279
CVE-2012-0600,0.05258,0.89279
CVE-2012-0601,0.05258,0.89279
CVE-2012-0602,0.05258,0.89279
CVE-2012-0603,0.05258,0.89279
CVE-2012-0604,0.05258,0.89279
CVE-2012-0605,0.05258,0.89279
CVE-2012-0606,0.05258,0.89279
CVE-2012-0607,0.05258,0.89279
CVE-2012-0608,0.05258,0.89279
CVE-2012-0609,0.05258,0.89279
CVE-2012-0610,0.05258,0.89279
CVE-2012-0611,0.05258,0.89279
CVE-2012-0612,0.05258,0.89279
CVE-2012-0613,0.05258,0.89279
CVE-2012-0614,0.05258,0.89279
CVE-2012-0615,0.05258,0.89279
CVE-2012-0616,0.05258,0.89279
CVE-2012-0617,0.05258,0.89279
CVE-2012-0618,0.05258,0.89279
CVE-2012-0619,0.05258,0.89279
CVE-2012-0620,0.05258,0.89279
CVE-2012-0621,0.05258,0.89279
CVE-2012-0622,0.05258,0.89279
CVE-2012-0623,0.05258,0.89279
CVE-2012-0624,0.05258,0.89279
CVE-2012-0625,0.05258,0.89279
CVE-2012-0626,0.05258,0.89279
CVE-2012-0627,0.05258,0.89279
CVE-2012-0628,0.05258,0.89279
CVE-2012-0629,0.05258,0.89279
CVE-2012-0630,0.05258,0.89279
CVE-2012-0631,0.05258,0.89279
CVE-2012-0632,0.05258,0.89279
CVE-2012-0633,0.05258,0.89279
CVE-2012-0634,0.02479,0.80861
CVE-2012-0635,0.05258,0.89279
CVE-2012-0636,0.02729,0.82118
CVE-2012-0637,0.02729,0.82118
CVE-2012-0638,0.02729,0.82118
CVE-2012-0639,0.02729,0.82118
CVE-2012-0640,0.00954,0.34522
CVE-2012-0641,0.01136,0.57949
CVE-2012-0642,0.03261,0.83509
CVE-2012-0643,0.04935,0.88902
CVE-2012-0644,0.0089,0.2856
CVE-2012-0645,0.00954,0.34522
CVE-2012-0646,0.04935,0.88902
CVE-2012-0647,0.00954,0.34522
CVE-2012-0648,0.02729,0.82118
CVE-2012-0649,0.0095,0.30554
CVE-2012-0650,0.0556,0.89553
CVE-2012-0651,0.01213,0.6557
CVE-2012-0652,0.01034,0.39824
CVE-2012-0654,0.03261,0.83509
CVE-2012-0655,0.01213,0.6557
CVE-2012-0656,0.0095,0.30554
CVE-2012-0657,0.0095,0.30554
CVE-2012-0658,0.03914,0.84984
CVE-2012-0659,0.03914,0.84984
CVE-2012-0660,0.03914,0.84984
CVE-2012-0661,0.03914,0.84984
CVE-2012-0662,0.03375,0.83648
CVE-2012-0663,0.70006,0.991
CVE-2012-0664,0.03261,0.83509
CVE-2012-0665,0.03261,0.83509
CVE-2012-0666,0.03261,0.83509
CVE-2012-0667,0.03261,0.83509
CVE-2012-0668,0.03914,0.84984
CVE-2012-0669,0.03261,0.83509
CVE-2012-0670,0.03914,0.84984
CVE-2012-0671,0.03914,0.84984
CVE-2012-0672,0.03333,0.83585
CVE-2012-0674,0.01055,0.50287
CVE-2012-0675,0.01136,0.57949
CVE-2012-0676,0.01319,0.70416
CVE-2012-0677,0.08913,0.93687
CVE-2012-0678,0.01055,0.50287
CVE-2012-0679,0.01055,0.50287
CVE-2012-0680,0.01213,0.6557
CVE-2012-0681,0.01136,0.57949
CVE-2012-0682,0.03333,0.83585
CVE-2012-0683,0.03333,0.83585
CVE-2012-0684,0.03549,0.84132
CVE-2012-0685,0.03549,0.84132
CVE-2012-0687,0.01213,0.6557
CVE-2012-0688,0.01055,0.50287
CVE-2012-0689,0.01055,0.50287
CVE-2012-0690,0.01055,0.50287
CVE-2012-0691,0.0089,0.2856
CVE-2012-0692,0.0089,0.2856
CVE-2012-0693,0.01055,0.50287
CVE-2012-0694,0.7962,0.99468
CVE-2012-0695,0.00885,0.26162
CVE-2012-0696,0.01319,0.70416
CVE-2012-0697,0.01136,0.57949
CVE-2012-0698,0.13605,0.95554
CVE-2012-0699,0.08382,0.93597
CVE-2012-0700,0.00885,0.26162
CVE-2012-0701,0.01055,0.50287
CVE-2012-0702,0.01055,0.50287
CVE-2012-0703,0.01055,0.50287
CVE-2012-0705,0.01055,0.50287
CVE-2012-0706,0.00885,0.26162
CVE-2012-0707,0.01136,0.57949
CVE-2012-0708,0.71187,0.99141
CVE-2012-0709,0.01232,0.66248
CVE-2012-0710,0.01408,0.72072
CVE-2012-0711,0.07777,0.92953
CVE-2012-0712,0.01232,0.66248
CVE-2012-0713,0.01055,0.50287
CVE-2012-0714,0.01319,0.70416
CVE-2012-0715,0.01136,0.57949
CVE-2012-0716,0.01136,0.57949
CVE-2012-0717,0.01055,0.50287
CVE-2012-0718,0.00885,0.26162
CVE-2012-0719,0.01213,0.6557
CVE-2012-0720,0.01136,0.57949
CVE-2012-0723,0.01104,0.52279
CVE-2012-0724,0.01202,0.60495
CVE-2012-0725,0.01202,0.60495
CVE-2012-0726,0.01319,0.70416
CVE-2012-0727,0.01132,0.54372
CVE-2012-0728,0.01132,0.54372
CVE-2012-0729,0.01132,0.54372
CVE-2012-0730,0.01132,0.54372
CVE-2012-0731,0.01132,0.54372
CVE-2012-0732,0.01018,0.38792
CVE-2012-0733,0.01132,0.54372
CVE-2012-0734,0.01018,0.38792
CVE-2012-0735,0.01018,0.38792
CVE-2012-0736,0.05392,0.89448
CVE-2012-0737,0.01132,0.54372
CVE-2012-0738,0.00954,0.34522
CVE-2012-0740,0.01319,0.70416
CVE-2012-0741,0.00954,0.34522
CVE-2012-0742,0.00885,0.26162
CVE-2012-0743,0.01319,0.70416
CVE-2012-0744,0.04979,0.88995
CVE-2012-0745,0.01282,0.67298
CVE-2012-0746,0.01132,0.54372
CVE-2012-0747,0.01132,0.54372
CVE-2012-0748,0.01213,0.6557
CVE-2012-0751,0.03444,0.84021
CVE-2012-0752,0.04036,0.85309
CVE-2012-0753,0.04036,0.85309
CVE-2012-0754,0.92497,0.99909
CVE-2012-0755,0.01396,0.71116
CVE-2012-0756,0.01396,0.71116
CVE-2012-0757,0.04087,0.85328
CVE-2012-0758,0.04087,0.85328
CVE-2012-0759,0.04087,0.85328
CVE-2012-0760,0.04087,0.85328
CVE-2012-0761,0.03444,0.84021
CVE-2012-0762,0.03444,0.84021
CVE-2012-0763,0.04087,0.85328
CVE-2012-0764,0.03444,0.84021
CVE-2012-0765,0.01319,0.70416
CVE-2012-0766,0.04228,0.86814
CVE-2012-0767,0.01408,0.72072
CVE-2012-0768,0.04036,0.85309
CVE-2012-0769,0.01396,0.71116
CVE-2012-0770,0.01319,0.70416
CVE-2012-0771,0.01282,0.66661
CVE-2012-0772,0.03788,0.84809
CVE-2012-0773,0.0443,0.87699
CVE-2012-0774,0.04631,0.88514
CVE-2012-0775,0.0443,0.87699
CVE-2012-0776,0.03601,0.84249
CVE-2012-0777,0.0443,0.87699
CVE-2012-0778,0.03601,0.84249
CVE-2012-0779,0.89853,0.99832
CVE-2012-0780,0.16127,0.95895
CVE-2012-0781,0.01319,0.70416
CVE-2012-0782,0.01136,0.57949
CVE-2012-0785,0.01213,0.6557
CVE-2012-0786,0.0095,0.30554
CVE-2012-0787,0.0095,0.30554
CVE-2012-0788,0.0679,0.91793
CVE-2012-0789,0.0679,0.91793
CVE-2012-0790,0.01319,0.70416
CVE-2012-0791,0.01955,0.77585
CVE-2012-0792,0.01132,0.54372
CVE-2012-0793,0.01213,0.6557
CVE-2012-0794,0.01213,0.6557
CVE-2012-0795,0.01132,0.54372
CVE-2012-0796,0.01132,0.54372
CVE-2012-0797,0.01061,0.51015
CVE-2012-0798,0.01061,0.51015
CVE-2012-0799,0.01136,0.57949
CVE-2012-0800,0.0089,0.2856
CVE-2012-0801,0.00954,0.34522
CVE-2012-0802,0.08263,0.93269
CVE-2012-0803,0.0221,0.80318
CVE-2012-0804,0.04229,0.86856
CVE-2012-0805,0.02172,0.79917
CVE-2012-0806,0.08336,0.93297
CVE-2012-0807,0.09915,0.94265
CVE-2012-0808,0.01034,0.39824
CVE-2012-0810,0.0089,0.2856
CVE-2012-0811,0.01132,0.54372
CVE-2012-0812,0.01108,0.53389
CVE-2012-0813,0.01104,0.52279
CVE-2012-0814,0.01815,0.76117
CVE-2012-0815,0.06604,0.91138
CVE-2012-0817,0.01319,0.70416
CVE-2012-0818,0.04358,0.87435
CVE-2012-0819,0.01974,0.7812
CVE-2012-0820,0.01776,0.75902
CVE-2012-0821,0.01974,0.7812
CVE-2012-0822,0.01776,0.75902
CVE-2012-0823,0.01319,0.70416
CVE-2012-0824,0.01018,0.38792
CVE-2012-0825,0.01136,0.57949
CVE-2012-0826,0.01055,0.50287
CVE-2012-0827,0.01055,0.50287
CVE-2012-0828,0.03693,0.843
CVE-2012-0829,0.01232,0.66248
CVE-2012-0830,0.47944,0.98484
CVE-2012-0831,0.03779,0.84781
CVE-2012-0833,0.01132,0.54372
CVE-2012-0834,0.02945,0.82784
CVE-2012-0835,0.01108,0.53389
CVE-2012-0836,0.01108,0.53389
CVE-2012-0837,0.01108,0.53389
CVE-2012-0838,0.11792,0.9495
CVE-2012-0839,0.01108,0.53389
CVE-2012-0840,0.29782,0.97316
CVE-2012-0841,0.02686,0.82061
CVE-2012-0842,0.01034,0.39824
CVE-2012-0843,0.0095,0.30554
CVE-2012-0844,0.0095,0.30554
CVE-2012-0845,0.04358,0.87435
CVE-2012-0846,0.01776,0.75902
CVE-2012-0847,0.01213,0.6557
CVE-2012-0848,0.01213,0.6557
CVE-2012-0849,0.01319,0.70416
CVE-2012-0850,0.01213,0.6557
CVE-2012-0851,0.06604,0.91138
CVE-2012-0852,0.05288,0.89317
CVE-2012-0853,0.04967,0.88981
CVE-2012-0854,0.01213,0.6557
CVE-2012-0855,0.01213,0.6557
CVE-2012-0856,0.01319,0.70416
CVE-2012-0857,0.01213,0.6557
CVE-2012-0858,0.04967,0.88981
CVE-2012-0859,0.04146,0.85406
CVE-2012-0860,0.01034,0.39824
CVE-2012-0861,0.01319,0.70416
CVE-2012-0862,0.03407,0.83908
CVE-2012-0863,0.01282,0.67298
CVE-2012-0864,0.01537,0.73595
CVE-2012-0865,0.10995,0.94626999999999994
CVE-2012-0866,0.02186,0.8012
CVE-2012-0867,0.01974,0.7812
CVE-2012-0868,0.03779,0.84781
CVE-2012-0869,0.04353,0.87058
CVE-2012-0870,0.08228,0.93218
CVE-2012-0871,0.0095,0.30554
CVE-2012-0872,0.01319,0.70416
CVE-2012-0873,0.04894,0.88891
CVE-2012-0874,0.45994,0.98295
CVE-2012-0875,0.01034,0.39824
CVE-2012-0876,0.02686,0.82061
CVE-2012-0877,0.01018,0.38792
CVE-2012-0878,0.09915,0.94265
CVE-2012-0879,0.01547,0.74085
CVE-2012-0880,0.01055,0.50287
CVE-2012-0881,0.03718,0.84354
CVE-2012-0882,0.06523,0.90962
CVE-2012-0883,0.03836,0.84854
CVE-2012-0884,0.0472,0.88691
CVE-2012-0885,0.01408,0.72072
CVE-2012-0891,0.01055,0.50287
CVE-2012-0895,0.01408,0.72072
CVE-2012-0896,0.01408,0.72072
CVE-2012-0897,0.7543,0.99315
CVE-2012-0898,0.01136,0.57949
CVE-2012-0899,0.01917,0.77071
CVE-2012-0900,0.01917,0.77071
CVE-2012-0902,0.04187,0.86773
CVE-2012-0903,0.01213,0.6557
CVE-2012-0904,0.14781,0.95664
CVE-2012-0905,0.00986,0.35784
CVE-2012-0906,0.00986,0.35784
CVE-2012-0907,0.01136,0.57949
CVE-2012-0908,0.01319,0.70416
CVE-2012-0909,0.01213,0.6557
CVE-2012-0911,0.57657,0.98765
CVE-2012-0912,0.01055,0.50287
CVE-2012-0913,0.00986,0.35784
CVE-2012-0914,0.01955,0.77585
CVE-2012-0915,0.04522,0.88274
CVE-2012-0916,0.039,0.84954
CVE-2012-0917,0.01213,0.6557
CVE-2012-0918,0.06523,0.90962
CVE-2012-0919,0.01213,0.6557
CVE-2012-0920,0.08336,0.93297
CVE-2012-0922,0.06309,0.90494
CVE-2012-0923,0.06309,0.90494
CVE-2012-0924,0.039,0.84954
CVE-2012-0925,0.06309,0.90494
CVE-2012-0926,0.039,0.84954
CVE-2012-0927,0.039,0.84954
CVE-2012-0928,0.03184,0.83308
CVE-2012-0929,0.01319,0.70416
CVE-2012-0930,0.01213,0.6557
CVE-2012-0931,0.03795,0.84827
CVE-2012-0932,0.01917,0.77071
CVE-2012-0933,0.01917,0.77071
CVE-2012-0934,0.01319,0.70416
CVE-2012-0935,0.00986,0.35784
CVE-2012-0936,0.01408,0.72072
CVE-2012-0937,0.01136,0.57949
CVE-2012-0938,0.23384,0.96548
CVE-2012-0939,0.01232,0.66248
CVE-2012-0941,0.01319,0.70416
CVE-2012-0942,0.06523,0.90962
CVE-2012-0943,0.01832,0.76196
CVE-2012-0944,0.01319,0.70416
CVE-2012-0945,0.00885,0.26162
CVE-2012-0946,0.01761,0.7555
CVE-2012-0947,0.05288,0.89317
CVE-2012-0948,0.01034,0.39824
CVE-2012-0949,0.01213,0.6557
CVE-2012-0950,0.01055,0.50287
CVE-2012-0951,0.00885,0.26162
CVE-2012-0952,0.00885,0.26162
CVE-2012-0953,0.00885,0.26162
CVE-2012-0954,0.01776,0.75902
CVE-2012-0955,0.00885,0.26162
CVE-2012-0956,0.00885,0.26162
CVE-2012-0957,0.03534,0.84129
CVE-2012-0958,0.01213,0.6557
CVE-2012-0959,0.0089,0.2856
CVE-2012-0960,0.04291,0.87022
CVE-2012-0961,0.0095,0.30554
CVE-2012-0962,0.01213,0.6557
CVE-2012-0973,0.01139,0.58345
CVE-2012-0974,0.02255,0.80558
CVE-2012-0975,0.01213,0.6557
CVE-2012-0976,0.01633,0.74922
CVE-2012-0977,0.06309,0.90494
CVE-2012-0978,0.06309,0.90494
CVE-2012-0979,0.01319,0.70416
CVE-2012-0980,0.00986,0.35784
CVE-2012-0981,0.04187,0.86773
CVE-2012-0982,0.00986,0.35784
CVE-2012-0983,0.00986,0.35784
CVE-2012-0984,0.03764,0.84396
CVE-2012-0985,0.1036,0.94367
CVE-2012-0986,0.01776,0.75902
CVE-2012-0987,0.01232,0.66248
CVE-2012-0988,0.02614,0.81254
CVE-2012-0989,0.01953,0.77242
CVE-2012-0990,0.05931,0.90093
CVE-2012-0991,0.09659,0.94
CVE-2012-0992,0.05931,0.90093
CVE-2012-0993,0.01408,0.72072
CVE-2012-0994,0.01315,0.67456
CVE-2012-0995,0.01408,0.72072
CVE-2012-0996,0.04187,0.86773
CVE-2012-0997,0.04187,0.86773
CVE-2012-0998,0.01136,0.57949
CVE-2012-0999,0.01136,0.57949
CVE-2012-1000,0.01136,0.57949
CVE-2012-10001,0.01055,0.50287
CVE-2012-1001,0.02507,0.80895
CVE-2012-1002,0.00986,0.35784
CVE-2012-1003,0.01055,0.50287
CVE-2012-1004,0.01132,0.54372
CVE-2012-1005,0.01917,0.77071
CVE-2012-1006,0.0424,0.86863
CVE-2012-1007,0.05857,0.90036
CVE-2012-1008,0.04187,0.86773
CVE-2012-1009,0.04482,0.88223
CVE-2012-1010,0.01319,0.70416
CVE-2012-1011,0.01319,0.70416
CVE-2012-1012,0.01132,0.54372
CVE-2012-1013,0.01649,0.75017
CVE-2012-1014,0.04291,0.87022
CVE-2012-1015,0.04291,0.87022
CVE-2012-1016,0.01213,0.6557
CVE-2012-1017,0.00986,0.35784
CVE-2012-1018,0.01917,0.77071
CVE-2012-1019,0.01213,0.6557
CVE-2012-1020,0.01213,0.6557
CVE-2012-1021,0.01917,0.77071
CVE-2012-1022,0.00986,0.35784
CVE-2012-1023,0.04187,0.86773
CVE-2012-1024,0.01055,0.50287
CVE-2012-1025,0.01055,0.50287
CVE-2012-1026,0.00986,0.35784
CVE-2012-1027,0.02945,0.82784
CVE-2012-1028,0.01917,0.77071
CVE-2012-1029,0.01139,0.58345
CVE-2012-1030,0.01055,0.50287
CVE-2012-1031,0.01132,0.54372
CVE-2012-1032,0.01213,0.6557
CVE-2012-1033,0.04711,0.88663
CVE-2012-1034,0.01213,0.6557
CVE-2012-1035,0.01213,0.6557
CVE-2012-1036,0.01055,0.50287
CVE-2012-1037,0.01132,0.54372
CVE-2012-1038,0.01953,0.77242
CVE-2012-1039,0.02945,0.82784
CVE-2012-1046,0.01319,0.70416
CVE-2012-1047,0.04187,0.86773
CVE-2012-1048,0.01917,0.77071
CVE-2012-1049,0.01917,0.77071
CVE-2012-1050,0.01319,0.70416
CVE-2012-1051,0.06309,0.90494
CVE-2012-1052,0.06309,0.90494
CVE-2012-1053,0.01547,0.74085
CVE-2012-1054,0.01547,0.74085
CVE-2012-1055,0.06309,0.90494
CVE-2012-1056,0.01319,0.70416
CVE-2012-1057,0.01232,0.66248
CVE-2012-1058,0.04482,0.88223
CVE-2012-1059,0.02945,0.82784
CVE-2012-1060,0.01232,0.66248
CVE-2012-1061,0.01213,0.6557
CVE-2012-1062,0.01319,0.70416
CVE-2012-1063,0.01213,0.6557
CVE-2012-1064,0.01055,0.50287
CVE-2012-1065,0.04187,0.86773
CVE-2012-1066,0.01136,0.57949
CVE-2012-1067,0.01213,0.6557
CVE-2012-1068,0.01319,0.70416
CVE-2012-1069,0.01917,0.77071
CVE-2012-1070,0.01213,0.6557
CVE-2012-1071,0.01319,0.70416
CVE-2012-1072,0.01213,0.6557
CVE-2012-1073,0.01213,0.6557
CVE-2012-1074,0.01213,0.6557
CVE-2012-1075,0.01319,0.70416
CVE-2012-1076,0.01319,0.70416
CVE-2012-1077,0.01136,0.57949
CVE-2012-1078,0.01213,0.6557
CVE-2012-1079,0.05302,0.89375
CVE-2012-1080,0.01136,0.57949
CVE-2012-1081,0.01213,0.6557
CVE-2012-1082,0.01061,0.51015
CVE-2012-1083,0.01136,0.57949
CVE-2012-1084,0.01213,0.6557
CVE-2012-1085,0.01213,0.6557
CVE-2012-1086,0.01136,0.57949
CVE-2012-1087,0.01136,0.57949
CVE-2012-1088,0.0095,0.30554
CVE-2012-1089,0.01484,0.72722
CVE-2012-1090,0.01282,0.67298
CVE-2012-1093,0.01034,0.39824
CVE-2012-1094,0.00885,0.26162
CVE-2012-1095,0.01108,0.53389
CVE-2012-1096,0.02115,0.79119
CVE-2012-1097,0.01282,0.67298
CVE-2012-1098,0.01319,0.70416
CVE-2012-1099,0.01408,0.72072
CVE-2012-1100,0.01136,0.57949
CVE-2012-1101,0.0095,0.30554
CVE-2012-1102,0.00885,0.26162
CVE-2012-1103,0.01319,0.70416
CVE-2012-1104,0.01018,0.38792
CVE-2012-1105,0.0095,0.30554
CVE-2012-1106,0.0095,0.30554
CVE-2012-1107,0.01537,0.73595
CVE-2012-1108,0.01955,0.77585
CVE-2012-1109,0.00954,0.34522
CVE-2012-1110,0.05029,0.89007
CVE-2012-1111,0.0095,0.30554
CVE-2012-1112,0.07015,0.91868
CVE-2012-1113,0.01955,0.77585
CVE-2012-1114,0.01537,0.73595
CVE-2012-1115,0.01537,0.73595
CVE-2012-1116,0.01139,0.58345
CVE-2012-1117,0.01319,0.70416
CVE-2012-1118,0.03779,0.84781
CVE-2012-1119,0.03779,0.84781
CVE-2012-1120,0.02186,0.8012
CVE-2012-1121,0.01815,0.76117
CVE-2012-1122,0.02186,0.8012
CVE-2012-1123,0.03779,0.84781
CVE-2012-1124,0.01564,0.74439
CVE-2012-1125,0.09915,0.94265
CVE-2012-1126,0.08228,0.93218
CVE-2012-1127,0.06604,0.91138
CVE-2012-1128,0.06604,0.91138
CVE-2012-1129,0.06604,0.91138
CVE-2012-1130,0.06604,0.91138
CVE-2012-1131,0.06604,0.91138
CVE-2012-1132,0.06604,0.91138
CVE-2012-1133,0.06604,0.91138
CVE-2012-1134,0.06604,0.91138
CVE-2012-1135,0.06604,0.91138
CVE-2012-1136,0.06604,0.91138
CVE-2012-1137,0.06604,0.91138
CVE-2012-1138,0.06604,0.91138
CVE-2012-1139,0.06604,0.91138
CVE-2012-1140,0.06604,0.91138
CVE-2012-1141,0.06604,0.91138
CVE-2012-1142,0.06604,0.91138
CVE-2012-1143,0.03932,0.8519
CVE-2012-1144,0.06604,0.91138
CVE-2012-1145,0.01319,0.70416
CVE-2012-1146,0.01282,0.67298
CVE-2012-1147,0.01537,0.73595
CVE-2012-1148,0.02686,0.82061
CVE-2012-1149,0.08969,0.93727
CVE-2012-1150,0.02686,0.82061
CVE-2012-1151,0.02686,0.82061
CVE-2012-1152,0.03779,0.84781
CVE-2012-1153,0.84577,0.99623
CVE-2012-1154,0.02172,0.79917
CVE-2012-1155,0.01537,0.73595
CVE-2012-1156,0.01537,0.73595
CVE-2012-1157,0.01282,0.67298
CVE-2012-1158,0.01282,0.67298
CVE-2012-1159,0.01282,0.67298
CVE-2012-1160,0.01282,0.67298
CVE-2012-1161,0.01282,0.67298
CVE-2012-1162,0.05139,0.89128
CVE-2012-1163,0.07525,0.92398
CVE-2012-1164,0.01955,0.77585
CVE-2012-1165,0.07559,0.92528
CVE-2012-1166,0.01136,0.57949
CVE-2012-1167,0.02186,0.8012
CVE-2012-1168,0.01537,0.73595
CVE-2012-1169,0.01537,0.73595
CVE-2012-1170,0.01537,0.73595
CVE-2012-1171,0.01213,0.6557
CVE-2012-1172,0.04358,0.87435
CVE-2012-1173,0.09915,0.94265
CVE-2012-1174,0.0095,0.30554
CVE-2012-1175,0.05288,0.89317
CVE-2012-1176,0.03779,0.84781
CVE-2012-1177,0.02172,0.79917
CVE-2012-1178,0.01537,0.73595
CVE-2012-1179,0.01282,0.67298
CVE-2012-1180,0.04714,0.88666
CVE-2012-1181,0.02072,0.79023
CVE-2012-1182,0.90711,0.99859
CVE-2012-1183,0.03779,0.84781
CVE-2012-1184,0.46901,0.9844
CVE-2012-1185,0.05857,0.90058
CVE-2012-1186,0.03407,0.83908
CVE-2012-1187,0.01018,0.38792
CVE-2012-1188,0.03764,0.84396
CVE-2012-1189,0.18074,0.96078
CVE-2012-1190,0.01408,0.72072
CVE-2012-1191,0.01055,0.50287
CVE-2012-1192,0.01055,0.50287
CVE-2012-1193,0.01213,0.6557
CVE-2012-1194,0.18147,0.96089
CVE-2012-1195,0.07687,0.92751
CVE-2012-1196,0.04482,0.88223
CVE-2012-1197,0.06309,0.90494
CVE-2012-1198,0.07687,0.92751
CVE-2012-1199,0.04187,0.86773
CVE-2012-1200,0.04187,0.86773
CVE-2012-1203,0.07584,0.92581
CVE-2012-1205,0.04482,0.88223
CVE-2012-1206,0.07525,0.92398
CVE-2012-1207,0.01213,0.6557
CVE-2012-1208,0.01319,0.70416
CVE-2012-1209,0.01213,0.6557
CVE-2012-1210,0.00986,0.35784
CVE-2012-1211,0.01917,0.77071
CVE-2012-1212,0.01213,0.6557
CVE-2012-1213,0.01917,0.77071
CVE-2012-1214,0.01213,0.6557
CVE-2012-1215,0.01213,0.6557
CVE-2012-1216,0.01055,0.50287
CVE-2012-1217,0.01917,0.77071
CVE-2012-1218,0.01213,0.6557
CVE-2012-1219,0.01213,0.6557
CVE-2012-1220,0.04187,0.86773
CVE-2012-1221,0.04482,0.88223
CVE-2012-1222,0.05302,0.89375
CVE-2012-1223,0.01213,0.6557
CVE-2012-1224,0.01917,0.77071
CVE-2012-1225,0.00986,0.35784
CVE-2012-1226,0.15607,0.95873
CVE-2012-1227,0.01136,0.57949
CVE-2012-1234,0.01055,0.50287
CVE-2012-1235,0.01055,0.50287
CVE-2012-1236,0.01213,0.6557
CVE-2012-1237,0.01213,0.6557
CVE-2012-1238,0.01213,0.6557
CVE-2012-1239,0.04187,0.86773
CVE-2012-1240,0.01319,0.70416
CVE-2012-1241,0.01319,0.70416
CVE-2012-1242,0.0095,0.30554
CVE-2012-1243,0.01319,0.70416
CVE-2012-1244,0.01108,0.53389
CVE-2012-1245,0.01213,0.6557
CVE-2012-1246,0.01213,0.6557
CVE-2012-1247,0.01213,0.6557
CVE-2012-1248,0.01213,0.6557
CVE-2012-1249,0.01319,0.70416
CVE-2012-1250,0.01213,0.6557
CVE-2012-1251,0.01018,0.38792
CVE-2012-1252,0.01055,0.50287
CVE-2012-1253,0.01136,0.57949
CVE-2012-1254,0.01055,0.50287
CVE-2012-1255,0.01055,0.50287
CVE-2012-1256,0.01055,0.50287
CVE-2012-1257,0.01832,0.76196
CVE-2012-1258,0.01132,0.54372
CVE-2012-1259,0.01213,0.6557
CVE-2012-1260,0.01213,0.6557
CVE-2012-1261,0.01213,0.6557
CVE-2012-1262,0.03407,0.83908
CVE-2012-1264,0.039,0.84954
CVE-2012-1288,0.01055,0.50287
CVE-2012-1289,0.01232,0.66248
CVE-2012-1290,0.01213,0.6557
CVE-2012-1291,0.01213,0.6557
CVE-2012-1292,0.01213,0.6557
CVE-2012-1293,0.01955,0.77585
CVE-2012-1294,0.00986,0.35784
CVE-2012-1296,0.01319,0.70416
CVE-2012-1297,0.04482,0.88223
CVE-2012-1301,0.01136,0.57949
CVE-2012-1302,0.01136,0.57949
CVE-2012-1303,0.01055,0.50287
CVE-2012-1308,0.06033,0.9015
CVE-2012-1310,0.01213,0.6557
CVE-2012-1311,0.01319,0.70416
CVE-2012-1312,0.01319,0.70416
CVE-2012-1313,0.0089,0.2856
CVE-2012-1314,0.01319,0.70416
CVE-2012-1315,0.01319,0.70416
CVE-2012-1316,0.00885,0.26162
CVE-2012-1317,0.01055,0.50287
CVE-2012-1324,0.01055,0.50287
CVE-2012-1326,0.00885,0.26162
CVE-2012-1327,0.01055,0.50287
CVE-2012-1328,0.00885,0.26162
CVE-2012-1335,0.04344,0.87051
CVE-2012-1336,0.04344,0.87051
CVE-2012-1337,0.06309,0.90494
CVE-2012-1338,0.01055,0.50287
CVE-2012-1339,0.01055,0.50287
CVE-2012-1340,0.01055,0.50287
CVE-2012-1342,0.01055,0.50287
CVE-2012-1344,0.01055,0.50287
CVE-2012-1346,0.01055,0.50287
CVE-2012-1348,0.01055,0.50287
CVE-2012-1350,0.01055,0.50287
CVE-2012-1357,0.01055,0.50287
CVE-2012-1361,0.01055,0.50287
CVE-2012-1364,0.01055,0.50287
CVE-2012-1365,0.01055,0.50287
CVE-2012-1366,0.01055,0.50287
CVE-2012-1367,0.01055,0.50287
CVE-2012-1370,0.01055,0.50287
CVE-2012-1380,0.00885,0.26162
CVE-2012-1381,0.00885,0.26162
CVE-2012-1382,0.00885,0.26162
CVE-2012-1383,0.00885,0.26162
CVE-2012-1384,0.00885,0.26162
CVE-2012-1385,0.00885,0.26162
CVE-2012-1386,0.00885,0.26162
CVE-2012-1387,0.00885,0.26162
CVE-2012-1388,0.00885,0.26162
CVE-2012-1389,0.00885,0.26162
CVE-2012-1390,0.00885,0.26162
CVE-2012-1391,0.00885,0.26162
CVE-2012-1392,0.00885,0.26162
CVE-2012-1393,0.00885,0.26162
CVE-2012-1394,0.00885,0.26162
CVE-2012-1395,0.00885,0.26162
CVE-2012-1396,0.00885,0.26162
CVE-2012-1397,0.00885,0.26162
CVE-2012-1398,0.00885,0.26162
CVE-2012-1399,0.00885,0.26162
CVE-2012-1400,0.00885,0.26162
CVE-2012-1401,0.00885,0.26162
CVE-2012-1402,0.00885,0.26162
CVE-2012-1403,0.00885,0.26162
CVE-2012-1404,0.00885,0.26162
CVE-2012-1405,0.00885,0.26162
CVE-2012-1406,0.00885,0.26162
CVE-2012-1407,0.00885,0.26162
CVE-2012-1408,0.00885,0.26162
CVE-2012-1409,0.00885,0.26162
CVE-2012-1410,0.01408,0.72072
CVE-2012-1413,0.01055,0.50287
CVE-2012-1414,0.06033,0.9015
CVE-2012-1415,0.07584,0.92581
CVE-2012-1416,0.06449,0.90609
CVE-2012-1417,0.02528,0.81122
CVE-2012-1418,0.00885,0.26162
CVE-2012-1419,0.20652,0.9633
CVE-2012-1420,0.86648,0.99703
CVE-2012-1421,0.8303,0.99561
CVE-2012-1422,0.74242,0.99263
CVE-2012-1423,0.76823,0.99367
CVE-2012-1424,0.48591,0.98507
CVE-2012-1425,0.85193,0.99649
CVE-2012-1426,0.85783,0.99672
CVE-2012-1427,0.48591,0.98507
CVE-2012-1428,0.48591,0.98507
CVE-2012-1429,0.88998,0.99804
CVE-2012-1430,0.89561,0.99818
CVE-2012-1431,0.89561,0.99818
CVE-2012-1432,0.91959,0.99893
CVE-2012-1433,0.91959,0.99893
CVE-2012-1434,0.33375,0.97563
CVE-2012-1435,0.91959,0.99893
CVE-2012-1436,0.91959,0.99893
CVE-2012-1437,0.01136,0.57949
CVE-2012-1438,0.01055,0.50287
CVE-2012-1439,0.9264,0.99912
CVE-2012-1440,0.7335,0.99235
CVE-2012-1441,0.61339,0.98878
CVE-2012-1442,0.89027,0.99805
CVE-2012-1443,0.89926,0.99834
CVE-2012-1444,0.64627,0.98971
CVE-2012-1445,0.9264,0.99912
CVE-2012-1446,0.92957,0.9992
CVE-2012-1447,0.64627,0.98971
CVE-2012-1448,0.84333,0.99607
CVE-2012-1449,0.1174,0.94934
CVE-2012-1450,0.21211,0.96376
CVE-2012-1451,0.33375,0.97563
CVE-2012-1452,0.84333,0.99607
CVE-2012-1453,0.89322,0.99811
CVE-2012-1454,0.90243,0.99849
CVE-2012-1455,0.1174,0.94934
CVE-2012-1456,0.95342,0.9997
CVE-2012-1457,0.89926,0.99834
CVE-2012-1458,0.01408,0.72072
CVE-2012-1459,0.91841,0.99888
CVE-2012-1460,0.84458,0.99615
CVE-2012-1461,0.85498,0.99661
CVE-2012-1462,0.93985,0.99939
CVE-2012-1463,0.9007,0.99836
CVE-2012-1464,0.07197,0.92068
CVE-2012-1465,0.43869,0.98224
CVE-2012-1466,0.07197,0.92068
CVE-2012-1467,0.04792,0.88721
CVE-2012-1468,0.08419,0.93603
CVE-2012-1469,0.05029,0.89007
CVE-2012-1470,0.01953,0.77242
CVE-2012-1471,0.01136,0.57949
CVE-2012-1472,0.01055,0.50287
CVE-2012-1474,0.00885,0.26162
CVE-2012-1475,0.00885,0.26162
CVE-2012-1476,0.00885,0.26162
CVE-2012-1477,0.00885,0.26162
CVE-2012-1478,0.00885,0.26162
CVE-2012-1479,0.00885,0.26162
CVE-2012-1480,0.00885,0.26162
CVE-2012-1481,0.01018,0.38792
CVE-2012-1482,0.01018,0.38792
CVE-2012-1483,0.01018,0.38792
CVE-2012-1484,0.01018,0.38792
CVE-2012-1485,0.01018,0.38792
CVE-2012-1493,0.73596,0.99244
CVE-2012-1495,0.83379,0.99578
CVE-2012-1496,0.00885,0.26162
CVE-2012-1497,0.01061,0.51015
CVE-2012-1498,0.0679,0.91793
CVE-2012-1499,0.07996,0.93017
CVE-2012-1500,0.02192,0.80195
CVE-2012-1502,0.36005,0.97756
CVE-2012-1503,0.02255,0.80558
CVE-2012-1506,0.01406,0.71229
CVE-2012-1507,0.02397,0.80717
CVE-2012-1508,0.01282,0.67298
CVE-2012-1509,0.01282,0.67298
CVE-2012-1510,0.01282,0.67298
CVE-2012-1511,0.01319,0.70416
CVE-2012-1512,0.01319,0.70416
CVE-2012-1513,0.01232,0.66248
CVE-2012-1514,0.01319,0.70416
CVE-2012-1515,0.01183,0.60428
CVE-2012-1516,0.0226,0.80584
CVE-2012-1517,0.0282,0.82341
CVE-2012-1518,0.01108,0.53389
CVE-2012-1520,0.03333,0.83585
CVE-2012-1521,0.03407,0.83908
CVE-2012-1522,0.49719,0.98611
CVE-2012-1523,0.49719,0.98611
CVE-2012-1524,0.49719,0.98611
CVE-2012-1525,0.03601,0.84249
CVE-2012-1526,0.49719,0.98611
CVE-2012-1527,0.14175,0.9561
CVE-2012-1528,0.14175,0.9561
CVE-2012-1529,0.49485,0.98543
CVE-2012-1530,0.0443,0.87699
CVE-2012-1531,0.04358,0.87435
CVE-2012-1532,0.04358,0.87435
CVE-2012-1533,0.81812,0.99525
CVE-2012-1535,0.89439,0.99815
CVE-2012-1537,0.49719,0.98611
CVE-2012-1538,0.49485,0.98543
CVE-2012-1539,0.49485,0.98543
CVE-2012-1541,0.12248,0.95092
CVE-2012-1543,0.01319,0.70416
CVE-2012-1545,0.29551,0.97308
CVE-2012-1556,0.01953,0.77242
CVE-2012-1557,0.02172,0.79917
CVE-2012-1558,0.01213,0.6557
CVE-2012-1561,0.03407,0.83908
CVE-2012-1562,0.00885,0.26162
CVE-2012-1563,0.08382,0.93597
CVE-2012-1564,0.01213,0.6557
CVE-2012-1565,0.01108,0.53389
CVE-2012-1566,0.00885,0.26162
CVE-2012-1567,0.00885,0.26162
CVE-2012-1568,0.0095,0.30554
CVE-2012-1569,0.04358,0.87435
CVE-2012-1570,0.01408,0.72072
CVE-2012-1571,0.01319,0.70416
CVE-2012-1572,0.00885,0.26162
CVE-2012-1573,0.04358,0.87435
CVE-2012-1574,0.01936,0.77139
CVE-2012-1575,0.01955,0.77585
CVE-2012-1576,0.01649,0.75017
CVE-2012-1577,0.01018,0.38792
CVE-2012-1578,0.01776,0.75902
CVE-2012-1579,0.01319,0.70416
CVE-2012-1580,0.01776,0.75902
CVE-2012-1581,0.01408,0.72072
CVE-2012-1582,0.01776,0.75902
CVE-2012-1583,0.02172,0.79917
CVE-2012-1584,0.01537,0.73595
CVE-2012-1585,0.01061,0.51015
CVE-2012-1586,0.01819,0.7614
CVE-2012-1588,0.01232,0.66248
CVE-2012-1589,0.01319,0.70416
CVE-2012-1590,0.01232,0.66248
CVE-2012-1591,0.01319,0.70416
CVE-2012-1592,0.15074,0.95689
CVE-2012-1593,0.12567,0.95329
CVE-2012-1594,0.02172,0.79917
CVE-2012-1595,0.03407,0.83908
CVE-2012-1596,0.03779,0.84781
CVE-2012-1597,0.01962,0.77634
CVE-2012-1598,0.00954,0.34522
CVE-2012-1599,0.00885,0.26162
CVE-2012-1600,0.03407,0.83908
CVE-2012-1601,0.01282,0.67298
CVE-2012-1602,0.01319,0.70416
CVE-2012-1603,0.01139,0.58345
CVE-2012-1604,0.02255,0.80558
CVE-2012-1605,0.06523,0.90962
CVE-2012-1606,0.01232,0.66248
CVE-2012-1607,0.01319,0.70416
CVE-2012-1608,0.01319,0.70416
CVE-2012-1610,0.03779,0.84781
CVE-2012-1611,0.01018,0.38792
CVE-2012-1612,0.01319,0.70416
CVE-2012-1613,0.01633,0.74922
CVE-2012-1614,0.03779,0.84781
CVE-2012-1615,0.01034,0.39824
CVE-2012-1616,0.06604,0.91138
CVE-2012-1617,0.13605,0.95554
CVE-2012-1618,0.02172,0.79917
CVE-2012-1620,0.01282,0.67298
CVE-2012-1621,0.06394,0.90534
CVE-2012-1622,0.02166,0.79253
CVE-2012-1623,0.01213,0.6557
CVE-2012-1624,0.01232,0.66248
CVE-2012-1625,0.01132,0.54372
CVE-2012-1626,0.01232,0.66248
CVE-2012-1627,0.01232,0.66248
CVE-2012-1628,0.01061,0.51015
CVE-2012-1629,0.01132,0.54372
CVE-2012-1630,0.01132,0.54372
CVE-2012-1631,0.01213,0.6557
CVE-2012-1632,0.01132,0.54372
CVE-2012-1633,0.01213,0.6557
CVE-2012-1634,0.01319,0.70416
CVE-2012-1635,0.01136,0.57949
CVE-2012-1636,0.01213,0.6557
CVE-2012-1637,0.00885,0.26162
CVE-2012-1638,0.01232,0.66248
CVE-2012-1639,0.01232,0.66248
CVE-2012-1640,0.01232,0.66248
CVE-2012-1641,0.01815,0.76117
CVE-2012-1642,0.01319,0.70416
CVE-2012-1643,0.01319,0.70416
CVE-2012-1644,0.01232,0.66248
CVE-2012-1645,0.01408,0.72072
CVE-2012-1646,0.01955,0.77585
CVE-2012-1647,0.01776,0.75902
CVE-2012-1648,0.01232,0.66248
CVE-2012-1649,0.01232,0.66248
CVE-2012-1650,0.01232,0.66248
CVE-2012-1651,0.01232,0.66248
CVE-2012-1652,0.01315,0.67456
CVE-2012-1653,0.01232,0.66248
CVE-2012-1654,0.01633,0.74922
CVE-2012-1655,0.01132,0.54372
CVE-2012-1656,0.01319,0.70416
CVE-2012-1657,0.01315,0.67456
CVE-2012-1658,0.01232,0.66248
CVE-2012-1659,0.01315,0.67456
CVE-2012-1660,0.01633,0.74922
CVE-2012-1661,0.05327,0.89379
CVE-2012-1662,0.01319,0.70416
CVE-2012-1663,0.04187,0.86773
CVE-2012-1664,0.04829,0.88739
CVE-2012-1665,0.01806,0.76038
CVE-2012-1666,0.01819,0.7614
CVE-2012-1667,0.17838,0.96065
CVE-2012-1669,0.01319,0.70416
CVE-2012-1670,0.0679,0.91793
CVE-2012-1671,0.01319,0.70416
CVE-2012-1672,0.00986,0.35784
CVE-2012-1673,0.00986,0.35784
CVE-2012-1674,0.01132,0.54372
CVE-2012-1675,0.60019,0.98839
CVE-2012-1676,0.01061,0.51015
CVE-2012-1677,0.01055,0.50287
CVE-2012-1678,0.01055,0.50287
CVE-2012-1679,0.01061,0.51015
CVE-2012-1680,0.01055,0.50287
CVE-2012-1681,0.0095,0.30554
CVE-2012-1682,0.03779,0.84781
CVE-2012-1683,0.0095,0.30554
CVE-2012-1684,0.0095,0.30554
CVE-2012-1685,0.01213,0.6557
CVE-2012-1686,0.01055,0.50287
CVE-2012-1687,0.01034,0.39824
CVE-2012-1688,0.01815,0.76117
CVE-2012-1689,0.01815,0.76117
CVE-2012-1690,0.01815,0.76117
CVE-2012-1691,0.0095,0.30554
CVE-2012-1692,0.01034,0.39824
CVE-2012-1693,0.01213,0.6557
CVE-2012-1694,0.01213,0.6557
CVE-2012-1695,0.01213,0.6557
CVE-2012-1696,0.01315,0.67456
CVE-2012-1697,0.01315,0.67456
CVE-2012-1698,0.01132,0.54372
CVE-2012-1699,0.01104,0.52279
CVE-2012-1700,0.01055,0.50287
CVE-2012-1701,0.01055,0.50287
CVE-2012-1702,0.01319,0.70416
CVE-2012-1703,0.01815,0.76117
CVE-2012-1704,0.01132,0.54372
CVE-2012-1705,0.01232,0.66248
CVE-2012-1706,0.01132,0.54372
CVE-2012-1707,0.01132,0.54372
CVE-2012-1708,0.01213,0.6557
CVE-2012-1709,0.01136,0.57949
CVE-2012-1710,0.01136,0.57949
CVE-2012-1711,0.01974,0.7812
CVE-2012-1712,0.00885,0.26162
CVE-2012-1713,0.04358,0.87435
CVE-2012-1714,0.02438,0.80835
CVE-2012-1715,0.01319,0.70416
CVE-2012-1716,0.03779,0.84781
CVE-2012-1717,0.01547,0.74085
CVE-2012-1718,0.04358,0.87435
CVE-2012-1719,0.04358,0.87435
CVE-2012-1720,0.01282,0.67298
CVE-2012-1721,0.02172,0.79917
CVE-2012-1722,0.02172,0.79917
CVE-2012-1724,0.02172,0.79917
CVE-2012-1725,0.03779,0.84781
CVE-2012-1726,0.01319,0.70416
CVE-2012-1727,0.01232,0.66248
CVE-2012-1728,0.01319,0.70416
CVE-2012-1729,0.01319,0.70416
CVE-2012-1730,0.01319,0.70416
CVE-2012-1731,0.01319,0.70416
CVE-2012-1732,0.01232,0.66248
CVE-2012-1733,0.01232,0.66248
CVE-2012-1734,0.01815,0.76117
CVE-2012-1735,0.01232,0.66248
CVE-2012-1736,0.01319,0.70416
CVE-2012-1737,0.01319,0.70416
CVE-2012-1738,0.01319,0.70416
CVE-2012-1739,0.01232,0.66248
CVE-2012-1740,0.01213,0.6557
CVE-2012-1741,0.01319,0.70416
CVE-2012-1742,0.01319,0.70416
CVE-2012-1743,0.01232,0.66248
CVE-2012-1744,0.02462,0.80847
CVE-2012-1745,0.01319,0.70416
CVE-2012-1746,0.01213,0.6557
CVE-2012-1747,0.01213,0.6557
CVE-2012-1748,0.01232,0.66248
CVE-2012-1749,0.01319,0.70416
CVE-2012-1750,0.0095,0.30554
CVE-2012-1751,0.01055,0.50287
CVE-2012-1752,0.01034,0.39824
CVE-2012-1753,0.01232,0.66248
CVE-2012-1754,0.01232,0.66248
CVE-2012-1755,0.01055,0.50287
CVE-2012-1756,0.01232,0.66248
CVE-2012-1757,0.01232,0.66248
CVE-2012-1758,0.01232,0.66248
CVE-2012-1759,0.01232,0.66248
CVE-2012-1760,0.01319,0.70416
CVE-2012-1761,0.01319,0.70416
CVE-2012-1762,0.01232,0.66248
CVE-2012-1763,0.01061,0.51015
CVE-2012-1764,0.01232,0.66248
CVE-2012-1765,0.01034,0.39824
CVE-2012-1766,0.01282,0.67298
CVE-2012-1767,0.01282,0.67298
CVE-2012-1768,0.01282,0.67298
CVE-2012-1769,0.04105,0.85355
CVE-2012-1770,0.04105,0.85355
CVE-2012-1771,0.01282,0.67298
CVE-2012-1772,0.01282,0.67298
CVE-2012-1773,0.01282,0.67298
CVE-2012-1774,0.04187,0.86773
CVE-2012-1775,0.7219,0.99195
CVE-2012-1776,0.04146,0.85406
CVE-2012-1777,0.01408,0.72072
CVE-2012-1778,0.00986,0.35784
CVE-2012-1779,0.01213,0.6557
CVE-2012-1780,0.01319,0.70416
CVE-2012-1781,0.01213,0.6557
CVE-2012-1782,0.01917,0.77071
CVE-2012-1783,0.04187,0.86773
CVE-2012-1784,0.00986,0.35784
CVE-2012-1785,0.01213,0.6557
CVE-2012-1786,0.01136,0.57949
CVE-2012-1787,0.02945,0.82784
CVE-2012-1788,0.01319,0.70416
CVE-2012-1789,0.01136,0.57949
CVE-2012-1790,0.04482,0.88223
CVE-2012-1792,0.01055,0.50287
CVE-2012-1795,0.01213,0.6557
CVE-2012-1796,0.0095,0.30554
CVE-2012-1797,0.01018,0.38792
CVE-2012-1798,0.03407,0.83908
CVE-2012-1799,0.01213,0.6557
CVE-2012-1800,0.04291,0.87022
CVE-2012-1801,0.05302,0.89375
CVE-2012-1802,0.04291,0.87022
CVE-2012-1803,0.26045,0.96922
CVE-2012-1804,0.01213,0.6557
CVE-2012-1805,0.05206,0.89147
CVE-2012-1806,0.01055,0.50287
CVE-2012-1807,0.01055,0.50287
CVE-2012-1808,0.01055,0.50287
CVE-2012-1809,0.01055,0.50287
CVE-2012-1810,0.01213,0.6557
CVE-2012-1811,0.01213,0.6557
CVE-2012-1812,0.01213,0.6557
CVE-2012-1813,0.01213,0.6557
CVE-2012-1814,0.01213,0.6557
CVE-2012-1815,0.01213,0.6557
CVE-2012-1816,0.01213,0.6557
CVE-2012-1817,0.04291,0.87022
CVE-2012-1818,0.01213,0.6557
CVE-2012-1819,0.01018,0.38792
CVE-2012-1820,0.01319,0.70416
CVE-2012-1821,0.01319,0.70416
CVE-2012-1824,0.0089,0.2856
CVE-2012-1825,0.01055,0.50287
CVE-2012-1826,0.01315,0.67456
CVE-2012-1827,0.01132,0.54372
CVE-2012-1828,0.01132,0.54372
CVE-2012-1829,0.01132,0.54372
CVE-2012-1830,0.09076,0.93845
CVE-2012-1831,0.09076,0.93845
CVE-2012-1832,0.0556,0.89553
CVE-2012-1833,0.01136,0.57949
CVE-2012-1834,0.01319,0.70416
CVE-2012-1835,0.01962,0.77634
CVE-2012-1836,0.07777,0.92953
CVE-2012-1837,0.01136,0.57949
CVE-2012-1838,0.01136,0.57949
CVE-2012-1839,0.01319,0.70416
CVE-2012-1840,0.01136,0.57949
CVE-2012-1841,0.01319,0.70416
CVE-2012-1842,0.01232,0.66248
CVE-2012-1843,0.01232,0.66248
CVE-2012-1844,0.01319,0.70416
CVE-2012-1845,0.07525,0.92398
CVE-2012-1846,0.01319,0.70416
CVE-2012-1847,0.6716,0.9904
CVE-2012-1848,0.01773,0.75657
CVE-2012-1849,0.20038,0.96229
CVE-2012-1850,0.29797,0.97364
CVE-2012-1851,0.49719,0.98611
CVE-2012-1852,0.49719,0.98611
CVE-2012-1853,0.49719,0.98611
CVE-2012-1854,0.02943,0.82529
CVE-2012-1855,0.48414,0.98504
CVE-2012-1856,0.48722,0.98514
CVE-2012-1857,0.25802,0.96904
CVE-2012-1858,0.23917,0.96611
CVE-2012-1859,0.29797,0.97364
CVE-2012-1860,0.17047,0.95997
CVE-2012-1861,0.29797,0.97364
CVE-2012-1862,0.25802,0.96904
CVE-2012-1863,0.29797,0.97364
CVE-2012-1864,0.01205,0.60537
CVE-2012-1865,0.01205,0.60537
CVE-2012-1866,0.01205,0.60537
CVE-2012-1867,0.01554,0.74096
CVE-2012-1868,0.01205,0.60537
CVE-2012-1870,0.07994,0.92988
CVE-2012-1872,0.25802,0.96904
CVE-2012-1873,0.29797,0.97364
CVE-2012-1874,0.49719,0.98611
CVE-2012-1875,0.90766,0.99861
CVE-2012-1877,0.49719,0.98611
CVE-2012-1878,0.49719,0.98611
CVE-2012-1879,0.49719,0.98611
CVE-2012-1880,0.49719,0.98611
CVE-2012-1881,0.49719,0.98611
CVE-2012-1882,0.25802,0.96904
CVE-2012-1885,0.6716,0.9904
CVE-2012-1886,0.51554,0.98652
CVE-2012-1887,0.6716,0.9904
CVE-2012-1888,0.49719,0.98611
CVE-2012-1890,0.01205,0.60537
CVE-2012-1891,0.49719,0.98611
CVE-2012-1892,0.31365,0.97472
CVE-2012-1893,0.01205,0.60537
CVE-2012-1894,0.01554,0.74096
CVE-2012-1895,0.51491,0.98651
CVE-2012-1896,0.31365,0.97472
CVE-2012-1897,0.01213,0.6557
CVE-2012-1898,0.01136,0.57949
CVE-2012-1899,0.01213,0.6557
CVE-2012-1900,0.06033,0.9015
CVE-2012-1901,0.04979,0.88995
CVE-2012-1902,0.01408,0.72072
CVE-2012-1903,0.00885,0.26162
CVE-2012-1904,0.01963,0.77709
CVE-2012-1906,0.01282,0.67298
CVE-2012-1907,0.01055,0.50287
CVE-2012-1908,0.01055,0.50287
CVE-2012-1909,0.01319,0.70416
CVE-2012-1910,0.04291,0.87022
CVE-2012-1911,0.01319,0.70416
CVE-2012-1912,0.01955,0.77585
CVE-2012-1915,0.02173,0.80027
CVE-2012-1916,0.06523,0.90962
CVE-2012-1917,0.01213,0.6557
CVE-2012-1918,0.01213,0.6557
CVE-2012-1919,0.01213,0.6557
CVE-2012-1920,0.01213,0.6557
CVE-2012-1921,0.01055,0.50287
CVE-2012-1922,0.01055,0.50287
CVE-2012-1923,0.01034,0.39824
CVE-2012-1924,0.01408,0.72072
CVE-2012-1925,0.01408,0.72072
CVE-2012-1926,0.01408,0.72072
CVE-2012-1927,0.01408,0.72072
CVE-2012-1928,0.01408,0.72072
CVE-2012-1929,0.01319,0.70416
CVE-2012-1930,0.0095,0.30554
CVE-2012-1931,0.0095,0.30554
CVE-2012-1932,0.01055,0.50287
CVE-2012-1933,0.01408,0.72072
CVE-2012-1934,0.01974,0.7812
CVE-2012-1935,0.01955,0.77585
CVE-2012-1936,0.04187,0.86773
CVE-2012-1937,0.06604,0.91138
CVE-2012-1938,0.06604,0.91138
CVE-2012-1939,0.04967,0.88981
CVE-2012-1940,0.06604,0.91138
CVE-2012-1941,0.07996,0.93017
CVE-2012-1942,0.0095,0.30554
CVE-2012-1943,0.0095,0.30554
CVE-2012-1944,0.01776,0.75902
CVE-2012-1945,0.01183,0.60428
CVE-2012-1946,0.09915,0.94265
CVE-2012-1947,0.09915,0.94265
CVE-2012-1948,0.06604,0.91138
CVE-2012-1949,0.06604,0.91138
CVE-2012-1950,0.04358,0.87435
CVE-2012-1951,0.08228,0.93218
CVE-2012-1952,0.08522,0.93616
CVE-2012-1953,0.05647,0.89773
CVE-2012-1954,0.08228,0.93218
CVE-2012-1955,0.03932,0.8519
CVE-2012-1956,0.01955,0.77585
CVE-2012-1957,0.03932,0.8519
CVE-2012-1958,0.09915,0.94265
CVE-2012-1959,0.04358,0.87435
CVE-2012-1960,0.04358,0.87435
CVE-2012-1961,0.03932,0.8519
CVE-2012-1962,0.08228,0.93218
CVE-2012-1963,0.02686,0.82061
CVE-2012-1964,0.02686,0.82061
CVE-2012-1965,0.03407,0.83908
CVE-2012-1966,0.03407,0.83908
CVE-2012-1967,0.04358,0.87435
CVE-2012-1968,0.01136,0.57949
CVE-2012-1969,0.01213,0.6557
CVE-2012-1970,0.08228,0.93218
CVE-2012-1971,0.06604,0.91138
CVE-2012-1972,0.08228,0.93218
CVE-2012-1973,0.08228,0.93218
CVE-2012-1974,0.08228,0.93218
CVE-2012-1975,0.08228,0.93218
CVE-2012-1976,0.08228,0.93218
CVE-2012-1977,0.00885,0.26162
CVE-2012-1978,0.08944,0.93724
CVE-2012-1979,0.02559,0.81137
CVE-2012-1982,0.01055,0.50287
CVE-2012-1984,0.01213,0.6557
CVE-2012-1985,0.01213,0.6557
CVE-2012-1986,0.02186,0.8012
CVE-2012-1987,0.02528,0.8112
CVE-2012-1988,0.02186,0.8012
CVE-2012-1989,0.01282,0.67298
CVE-2012-1990,0.01917,0.77071
CVE-2012-1992,0.01055,0.50287
CVE-2012-1993,0.0095,0.30554
CVE-2012-1994,0.01061,0.51015
CVE-2012-1995,0.00885,0.26162
CVE-2012-1996,0.01055,0.50287
CVE-2012-1997,0.01055,0.50287
CVE-2012-1998,0.01055,0.50287
CVE-2012-1999,0.01055,0.50287
CVE-2012-2000,0.25374,0.96854
CVE-2012-20001,0.00885,0.26162
CVE-2012-2001,0.01319,0.70416
CVE-2012-2002,0.01319,0.70416
CVE-2012-2003,0.01319,0.70416
CVE-2012-2004,0.01319,0.70416
CVE-2012-2005,0.01319,0.70416
CVE-2012-2006,0.01232,0.66248
CVE-2012-2007,0.01213,0.6557
CVE-2012-2008,0.01213,0.6557
CVE-2012-2009,0.01132,0.54372
CVE-2012-2010,0.01034,0.39824
CVE-2012-2011,0.01136,0.57949
CVE-2012-2012,0.01055,0.50287
CVE-2012-2013,0.01055,0.50287
CVE-2012-2014,0.01055,0.50287
CVE-2012-2015,0.01055,0.50287
CVE-2012-2016,0.00885,0.26162
CVE-2012-2017,0.01136,0.57949
CVE-2012-2018,0.01136,0.57949
CVE-2012-2019,0.84712,0.99627
CVE-2012-2020,0.84712,0.99627
CVE-2012-2021,0.01055,0.50287
CVE-2012-2022,0.01055,0.50287
CVE-2012-2023,0.03444,0.84021
CVE-2012-2024,0.03444,0.84021
CVE-2012-2025,0.03444,0.84021
CVE-2012-2026,0.03444,0.84021
CVE-2012-2027,0.10127,0.94313
CVE-2012-2028,0.06309,0.90494
CVE-2012-2029,0.03444,0.84021
CVE-2012-2030,0.03444,0.84021
CVE-2012-2031,0.03444,0.84021
CVE-2012-2032,0.03444,0.84021
CVE-2012-2033,0.03444,0.84021
CVE-2012-2034,0.03444,0.84021
CVE-2012-2035,0.03601,0.84249
CVE-2012-2036,0.03601,0.84249
CVE-2012-2037,0.03444,0.84021
CVE-2012-2038,0.01202,0.60495
CVE-2012-2039,0.03444,0.84021
CVE-2012-2040,0.01126,0.53553
CVE-2012-2041,0.01055,0.50287
CVE-2012-2042,0.04707,0.88654
CVE-2012-2043,0.05094,0.89039
CVE-2012-2044,0.05094,0.89039
CVE-2012-2045,0.05094,0.89039
CVE-2012-2046,0.05094,0.89039
CVE-2012-2047,0.05094,0.89039
CVE-2012-2048,0.01202,0.60495
CVE-2012-2049,0.03601,0.84249
CVE-2012-2050,0.03601,0.84249
CVE-2012-2051,0.03444,0.84021
CVE-2012-2052,0.35256,0.97727
CVE-2012-2053,0.00885,0.26162
CVE-2012-2054,0.01136,0.57949
CVE-2012-2055,0.01213,0.6557
CVE-2012-2056,0.01136,0.57949
CVE-2012-2057,0.01213,0.6557
CVE-2012-2058,0.01213,0.6557
CVE-2012-2059,0.01213,0.6557
CVE-2012-2060,0.01213,0.6557
CVE-2012-2061,0.01213,0.6557
CVE-2012-2062,0.01213,0.6557
CVE-2012-2063,0.01319,0.70416
CVE-2012-2064,0.01319,0.70416
CVE-2012-2065,0.01483,0.7269
CVE-2012-2066,0.01408,0.72072
CVE-2012-2067,0.01408,0.72072
CVE-2012-2068,0.01315,0.67456
CVE-2012-2069,0.01776,0.75902
CVE-2012-2070,0.01633,0.74922
CVE-2012-2071,0.01232,0.66248
CVE-2012-2072,0.01232,0.66248
CVE-2012-2073,0.01315,0.67456
CVE-2012-2074,0.01319,0.70416
CVE-2012-2075,0.01315,0.67456
CVE-2012-2076,0.01315,0.67456
CVE-2012-2077,0.01408,0.72072
CVE-2012-2078,0.00885,0.26162
CVE-2012-2079,0.00885,0.26162
CVE-2012-2080,0.01408,0.72072
CVE-2012-2081,0.01319,0.70416
CVE-2012-2082,0.01315,0.67456
CVE-2012-2083,0.01319,0.70416
CVE-2012-2084,0.01776,0.75902
CVE-2012-2085,0.01408,0.72072
CVE-2012-2086,0.01408,0.72072
CVE-2012-2087,0.01018,0.38792
CVE-2012-2088,0.07544,0.92484
CVE-2012-2089,0.05288,0.89317
CVE-2012-2090,0.06604,0.91138
CVE-2012-2091,0.07544,0.92484
CVE-2012-2092,0.01018,0.38792
CVE-2012-2093,0.01282,0.67298
CVE-2012-2094,0.01776,0.75902
CVE-2012-2095,0.03534,0.84129
CVE-2012-2096,0.01319,0.70416
CVE-2012-2097,0.01776,0.75902
CVE-2012-2098,0.06394,0.90534
CVE-2012-2099,0.03764,0.84396
CVE-2012-2100,0.01408,0.72072
CVE-2012-2101,0.01815,0.76117
CVE-2012-2102,0.01315,0.67456
CVE-2012-2103,0.01282,0.67298
CVE-2012-2104,0.07015,0.91868
CVE-2012-2105,0.04386,0.87542
CVE-2012-2106,0.09915,0.94265
CVE-2012-2107,0.09915,0.94265
CVE-2012-2108,0.09915,0.94265
CVE-2012-2109,0.01139,0.58345
CVE-2012-2110,0.07559,0.92528
CVE-2012-2111,0.02528,0.8112
CVE-2012-2112,0.01408,0.72072
CVE-2012-2113,0.06604,0.91138
CVE-2012-2114,0.02791,0.82239
CVE-2012-2115,0.02172,0.79917
CVE-2012-2116,0.01213,0.6557
CVE-2012-2117,0.01319,0.70416
CVE-2012-2118,0.02791,0.82239
CVE-2012-2119,0.01537,0.73595
CVE-2012-2120,0.0089,0.2856
CVE-2012-2121,0.01282,0.67298
CVE-2012-2123,0.01282,0.67298
CVE-2012-2124,0.01213,0.6557
CVE-2012-2125,0.01408,0.72072
CVE-2012-2126,0.01408,0.72072
CVE-2012-2127,0.02172,0.79917
CVE-2012-2128,0.01776,0.75902
CVE-2012-2129,0.01955,0.77585
CVE-2012-2130,0.01108,0.53389
CVE-2012-2131,0.07559,0.92528
CVE-2012-2132,0.01319,0.70416
CVE-2012-2133,0.01282,0.67298
CVE-2012-2134,0.01319,0.70416
CVE-2012-2135,0.01408,0.72072
CVE-2012-2136,0.01282,0.67298
CVE-2012-2137,0.02172,0.79379
CVE-2012-2138,0.06495,0.90632
CVE-2012-2139,0.01974,0.7812
CVE-2012-2140,0.02172,0.79917
CVE-2012-2141,0.01815,0.76117
CVE-2012-2142,0.01319,0.70416
CVE-2012-2143,0.02686,0.82061
CVE-2012-2144,0.01955,0.77585
CVE-2012-2145,0.03718,0.84354
CVE-2012-2146,0.01108,0.53389
CVE-2012-2147,0.01408,0.72072
CVE-2012-2148,0.0089,0.2856
CVE-2012-2149,0.12248,0.95093
CVE-2012-2150,0.02172,0.79917
CVE-2012-2151,0.01776,0.75902
CVE-2012-2152,0.04291,0.87022
CVE-2012-2153,0.01232,0.66248
CVE-2012-2154,0.01319,0.70416
CVE-2012-2155,0.01319,0.70416
CVE-2012-2156,0.02945,0.82784
CVE-2012-2159,0.01136,0.57949
CVE-2012-2160,0.01055,0.50287
CVE-2012-2161,0.01136,0.57949
CVE-2012-2162,0.01136,0.57949
CVE-2012-2163,0.01055,0.50287
CVE-2012-2164,0.01061,0.51015
CVE-2012-2165,0.01061,0.51015
CVE-2012-2166,0.01055,0.50287
CVE-2012-2167,0.01136,0.57949
CVE-2012-2168,0.01061,0.51015
CVE-2012-2169,0.01061,0.51015
CVE-2012-2170,0.01136,0.57949
CVE-2012-2171,0.01061,0.51015
CVE-2012-2172,0.01136,0.57949
CVE-2012-2173,0.01055,0.50287
CVE-2012-2174,0.78708,0.99435
CVE-2012-2175,0.71889,0.99163
CVE-2012-2176,0.71497,0.99151
CVE-2012-2177,0.01136,0.57949
CVE-2012-2179,0.01282,0.67298
CVE-2012-2180,0.01213,0.6557
CVE-2012-2181,0.01136,0.57949
CVE-2012-2183,0.01213,0.6557
CVE-2012-2184,0.01213,0.6557
CVE-2012-2185,0.01132,0.54372
CVE-2012-2186,0.02233,0.80452
CVE-2012-2187,0.00954,0.34522
CVE-2012-2188,0.01034,0.39824
CVE-2012-2190,0.01136,0.57949
CVE-2012-2191,0.05139,0.89128
CVE-2012-2192,0.01282,0.67298
CVE-2012-2193,0.01136,0.57949
CVE-2012-2194,0.01408,0.72072
CVE-2012-2196,0.01408,0.72072
CVE-2012-2197,0.06739,0.91208
CVE-2012-2199,0.01136,0.57949
CVE-2012-2200,0.01034,0.39824
CVE-2012-2201,0.01055,0.50287
CVE-2012-2202,0.01132,0.54372
CVE-2012-2203,0.01319,0.70416
CVE-2012-2204,0.00885,0.26162
CVE-2012-2205,0.01061,0.51015
CVE-2012-2206,0.04792,0.88721
CVE-2012-2208,0.01974,0.7812
CVE-2012-2209,0.01776,0.75902
CVE-2012-2210,0.0679,0.91793
CVE-2012-2211,0.01136,0.57949
CVE-2012-2212,0.01136,0.57949
CVE-2012-2213,0.01319,0.70416
CVE-2012-2214,0.01132,0.54372
CVE-2012-2215,0.47436,0.98456
CVE-2012-2217,0.01213,0.6557
CVE-2012-2223,0.01213,0.6557
CVE-2012-2224,0.06523,0.90962
CVE-2012-2225,0.05206,0.89147
CVE-2012-2226,0.05365,0.89438
CVE-2012-2227,0.11341,0.94794
CVE-2012-2230,0.01061,0.51015
CVE-2012-2234,0.01917,0.77071
CVE-2012-2235,0.01055,0.50287
CVE-2012-2236,0.00986,0.35784
CVE-2012-2237,0.02173,0.80027
CVE-2012-2238,0.01018,0.38792
CVE-2012-2239,0.01136,0.57949
CVE-2012-2240,0.01213,0.6557
CVE-2012-2241,0.01319,0.70416
CVE-2012-2242,0.01213,0.6557
CVE-2012-2243,0.06309,0.90494
CVE-2012-2244,0.01061,0.51015
CVE-2012-2246,0.01213,0.6557
CVE-2012-2247,0.01136,0.57949
CVE-2012-2248,0.02686,0.82061
CVE-2012-2249,0.01055,0.50287
CVE-2012-2250,0.01055,0.50287
CVE-2012-2251,0.01034,0.39824
CVE-2012-2252,0.01282,0.67298
CVE-2012-2253,0.01213,0.6557
CVE-2012-2267,0.01213,0.6557
CVE-2012-2268,0.01213,0.6557
CVE-2012-2269,0.03407,0.83908
CVE-2012-2270,0.10995,0.94626999999999994
CVE-2012-2271,0.08589,0.93618
CVE-2012-2273,0.0095,0.30554
CVE-2012-2274,0.01962,0.77634
CVE-2012-2275,0.07434,0.9225
CVE-2012-2276,0.01319,0.70416
CVE-2012-2277,0.01319,0.70416
CVE-2012-2278,0.01055,0.50287
CVE-2012-2279,0.01055,0.50287
CVE-2012-2280,0.01055,0.50287
CVE-2012-2281,0.01055,0.50287
CVE-2012-2282,0.01055,0.50287
CVE-2012-2283,0.01055,0.50287
CVE-2012-2284,0.0095,0.30554
CVE-2012-2285,0.01213,0.6557
CVE-2012-2286,0.01055,0.50287
CVE-2012-2287,0.01061,0.51015
CVE-2012-2288,0.80667,0.99493
CVE-2012-2289,0.05822,0.89998
CVE-2012-2290,0.06523,0.90962
CVE-2012-2291,0.00885,0.26162
CVE-2012-2292,0.01055,0.50287
CVE-2012-2293,0.08096,0.93059
CVE-2012-2294,0.01055,0.50287
CVE-2012-2296,0.01319,0.70416
CVE-2012-2297,0.01315,0.67456
CVE-2012-2298,0.01776,0.75902
CVE-2012-2299,0.01282,0.67298
CVE-2012-2300,0.01483,0.7269
CVE-2012-2301,0.01232,0.66248
CVE-2012-2302,0.01319,0.70416
CVE-2012-2303,0.01408,0.72072
CVE-2012-2304,0.01408,0.72072
CVE-2012-2305,0.01136,0.57949
CVE-2012-2306,0.01136,0.57949
CVE-2012-2307,0.01136,0.57949
CVE-2012-2308,0.01132,0.54372
CVE-2012-2309,0.01061,0.51015
CVE-2012-2310,0.01232,0.66248
CVE-2012-2312,0.0089,0.2856
CVE-2012-2313,0.01282,0.67298
CVE-2012-2314,0.01034,0.39824
CVE-2012-2315,0.01815,0.76117
CVE-2012-2316,0.09915,0.94265
CVE-2012-2317,0.01213,0.6557
CVE-2012-2318,0.01183,0.60428
CVE-2012-2319,0.01282,0.67298
CVE-2012-2320,0.02172,0.79917
CVE-2012-2321,0.02172,0.79917
CVE-2012-2322,0.02172,0.79917
CVE-2012-2324,0.01018,0.38792
CVE-2012-2325,0.01018,0.38792
CVE-2012-2326,0.01018,0.38792
CVE-2012-2327,0.01213,0.6557
CVE-2012-2328,0.01018,0.38792
CVE-2012-2329,0.66562,0.99004
CVE-2012-2330,0.01319,0.70416
CVE-2012-2331,0.01776,0.75902
CVE-2012-2332,0.01319,0.70416
CVE-2012-2333,0.07559,0.92528
CVE-2012-2334,0.07963,0.92984
CVE-2012-2335,0.1127,0.94787
CVE-2012-2336,0.01974,0.7812
CVE-2012-2338,0.00986,0.35784
CVE-2012-2339,0.01955,0.77585
CVE-2012-2340,0.01649,0.75017
CVE-2012-2341,0.01776,0.75902
CVE-2012-2350,0.00954,0.34522
CVE-2012-2351,0.01213,0.6557
CVE-2012-2352,0.02172,0.79917
CVE-2012-2353,0.01055,0.50287
CVE-2012-2354,0.01055,0.50287
CVE-2012-2355,0.01055,0.50287
CVE-2012-2356,0.01055,0.50287
CVE-2012-2357,0.01055,0.50287
CVE-2012-2358,0.01055,0.50287
CVE-2012-2359,0.01055,0.50287
CVE-2012-2360,0.01055,0.50287
CVE-2012-2361,0.01055,0.50287
CVE-2012-2362,0.01213,0.6557
CVE-2012-2363,0.01055,0.50287
CVE-2012-2364,0.01055,0.50287
CVE-2012-2365,0.01132,0.54372
CVE-2012-2366,0.01055,0.50287
CVE-2012-2367,0.01132,0.54372
CVE-2012-2368,0.01213,0.6557
CVE-2012-2369,0.06523,0.90962
CVE-2012-2370,0.02172,0.79917
CVE-2012-2372,0.01282,0.67298
CVE-2012-2373,0.01104,0.52279
CVE-2012-2374,0.01213,0.6557
CVE-2012-2375,0.01108,0.53389
CVE-2012-2376,0.17266,0.96031
CVE-2012-2377,0.04358,0.87435
CVE-2012-2378,0.06394,0.90534
CVE-2012-2379,0.05242,0.89216
CVE-2012-2380,0.01055,0.50287
CVE-2012-2381,0.01055,0.50287
CVE-2012-2383,0.01104,0.52279
CVE-2012-2384,0.01034,0.39824
CVE-2012-2385,0.11009,0.94629
CVE-2012-2386,0.35493,0.97735
CVE-2012-2387,0.01136,0.57949
CVE-2012-2388,0.02172,0.79917
CVE-2012-2389,0.01034,0.39824
CVE-2012-2390,0.01034,0.39824
CVE-2012-2392,0.02172,0.79917
CVE-2012-2393,0.12955,0.95421
CVE-2012-2394,0.11341,0.94794
CVE-2012-2395,0.01974,0.7812
CVE-2012-2396,0.13909,0.95596
CVE-2012-2397,0.01213,0.6557
CVE-2012-2398,0.01213,0.6557
CVE-2012-2399,0.03779,0.84781
CVE-2012-2400,0.01108,0.53389
CVE-2012-2401,0.02172,0.79917
CVE-2012-2402,0.01649,0.75017
CVE-2012-2403,0.01955,0.77585
CVE-2012-2404,0.01776,0.75902
CVE-2012-2405,0.00954,0.34522
CVE-2012-2406,0.06309,0.90494
CVE-2012-2407,0.01055,0.50287
CVE-2012-2408,0.01055,0.50287
CVE-2012-2409,0.01055,0.50287
CVE-2012-2410,0.01055,0.50287
CVE-2012-2411,0.06309,0.90494
CVE-2012-2413,0.01213,0.6557
CVE-2012-2414,0.03236,0.83454
CVE-2012-2415,0.03236,0.83454
CVE-2012-2416,0.02589,0.81242
CVE-2012-2417,0.02686,0.82061
CVE-2012-2418,0.04291,0.87022
CVE-2012-2419,0.01136,0.57949
CVE-2012-2420,0.01213,0.6557
CVE-2012-2421,0.01136,0.57949
CVE-2012-2422,0.01136,0.57949
CVE-2012-2423,0.01136,0.57949
CVE-2012-2424,0.01213,0.6557
CVE-2012-2425,0.01213,0.6557
CVE-2012-2426,0.01055,0.50287
CVE-2012-2427,0.04118,0.85358
CVE-2012-2428,0.04118,0.85358
CVE-2012-2429,0.04118,0.85358
CVE-2012-2435,0.01061,0.51015
CVE-2012-2436,0.05649,0.89807
CVE-2012-2437,0.06033,0.9015
CVE-2012-2438,0.01136,0.57949
CVE-2012-2439,0.01055,0.50287
CVE-2012-2440,0.01055,0.50287
CVE-2012-2441,0.01232,0.66248
CVE-2012-2442,0.02513,0.8106
CVE-2012-2446,0.01055,0.50287
CVE-2012-2447,0.01055,0.50287
CVE-2012-2448,0.04291,0.87022
CVE-2012-2449,0.0282,0.82341
CVE-2012-2450,0.0282,0.82341
CVE-2012-2451,0.01282,0.67298
CVE-2012-2452,0.02173,0.80027
CVE-2012-2455,0.01136,0.57949
CVE-2012-2459,0.01136,0.57949
CVE-2012-2469,0.01136,0.57949
CVE-2012-2472,0.01055,0.50287
CVE-2012-2474,0.01055,0.50287
CVE-2012-2486,0.06523,0.90962
CVE-2012-2488,0.01213,0.6557
CVE-2012-2490,0.00885,0.26162
CVE-2012-2493,0.04611,0.88458
CVE-2012-2494,0.01055,0.50287
CVE-2012-2495,0.01055,0.50287
CVE-2012-2496,0.061,0.90161
CVE-2012-2498,0.00885,0.26162
CVE-2012-2499,0.00885,0.26162
CVE-2012-2500,0.00885,0.26162
CVE-2012-2511,0.01213,0.6557
CVE-2012-2512,0.01213,0.6557
CVE-2012-2513,0.01213,0.6557
CVE-2012-2514,0.01213,0.6557
CVE-2012-2515,0.64942,0.98977
CVE-2012-2516,0.80208,0.99487
CVE-2012-2517,0.02173,0.80027
CVE-2012-2519,0.04296,0.8703
CVE-2012-2520,0.36068,0.97774
CVE-2012-2521,0.49719,0.98611
CVE-2012-2522,0.49719,0.98611
CVE-2012-2523,0.58315,0.98794
CVE-2012-2524,0.38845,0.97925
CVE-2012-2526,0.49719,0.98611
CVE-2012-2527,0.01205,0.60537
CVE-2012-2528,0.48722,0.98514
CVE-2012-2529,0.01205,0.60537
CVE-2012-2530,0.01773,0.75657
CVE-2012-2531,0.0089,0.2856
CVE-2012-2532,0.29797,0.97364
CVE-2012-2536,0.27846,0.97095
CVE-2012-2539,0.37613,0.97836
CVE-2012-2543,0.62357,0.98902
CVE-2012-2546,0.49485,0.98543
CVE-2012-2548,0.40188,0.98034
CVE-2012-2549,0.29797,0.97364
CVE-2012-2550,0.50099,0.98626
CVE-2012-2551,0.33187,0.97548
CVE-2012-2552,0.27846,0.97095
CVE-2012-2553,0.01773,0.75657
CVE-2012-2556,0.49719,0.98611
CVE-2012-2557,0.40188,0.98034
CVE-2012-2559,0.04611,0.88458
CVE-2012-2560,0.01055,0.50287
CVE-2012-2561,0.01319,0.70416
CVE-2012-2562,0.01213,0.6557
CVE-2012-2563,0.01136,0.57949
CVE-2012-2564,0.01136,0.57949
CVE-2012-2565,0.00954,0.34522
CVE-2012-2566,0.01136,0.57949
CVE-2012-2567,0.01213,0.6557
CVE-2012-2568,0.01213,0.6557
CVE-2012-2569,0.01953,0.77242
CVE-2012-2570,0.01962,0.77634
CVE-2012-2571,0.01962,0.77634
CVE-2012-2572,0.01953,0.77242
CVE-2012-2573,0.01962,0.77634
CVE-2012-2574,0.00986,0.35784
CVE-2012-2575,0.01962,0.77634
CVE-2012-2576,0.01564,0.74439
CVE-2012-2577,0.01213,0.6557
CVE-2012-2578,0.01962,0.77634
CVE-2012-2579,0.01953,0.77242
CVE-2012-2580,0.01953,0.77242
CVE-2012-2582,0.01962,0.77634
CVE-2012-2583,0.01953,0.77242
CVE-2012-2584,0.01962,0.77634
CVE-2012-2585,0.01962,0.77634
CVE-2012-2586,0.01962,0.77634
CVE-2012-2587,0.01962,0.77634
CVE-2012-2588,0.01953,0.77242
CVE-2012-2590,0.01962,0.77634
CVE-2012-2591,0.02255,0.80558
CVE-2012-2592,0.01953,0.77242
CVE-2012-2595,0.01055,0.50287
CVE-2012-2596,0.01055,0.50287
CVE-2012-2597,0.01055,0.50287
CVE-2012-2598,0.01055,0.50287
CVE-2012-2601,0.01319,0.70416
CVE-2012-2602,0.01319,0.70416
CVE-2012-2603,0.01055,0.50287
CVE-2012-2604,0.01061,0.51015
CVE-2012-2605,0.01136,0.57949
CVE-2012-2606,0.01136,0.57949
CVE-2012-2607,0.01055,0.50287
CVE-2012-2611,0.81624,0.99522
CVE-2012-2612,0.01213,0.6557
CVE-2012-2614,0.07959,0.92977
CVE-2012-2619,0.07392,0.92245
CVE-2012-2624,0.01055,0.50287
CVE-2012-2625,0.01547,0.74085
CVE-2012-2626,0.69694,0.99088
CVE-2012-2627,0.04979,0.88995
CVE-2012-2629,0.02173,0.80027
CVE-2012-2630,0.01055,0.50287
CVE-2012-2631,0.01136,0.57949
CVE-2012-2632,0.01136,0.57949
CVE-2012-2633,0.01319,0.70416
CVE-2012-2634,0.01055,0.50287
CVE-2012-2635,0.01055,0.50287
CVE-2012-2636,0.01136,0.57949
CVE-2012-2637,0.01136,0.57949
CVE-2012-2638,0.01136,0.57949
CVE-2012-2640,0.01213,0.6557
CVE-2012-2641,0.01136,0.57949
CVE-2012-2642,0.01136,0.57949
CVE-2012-2643,0.01136,0.57949
CVE-2012-2644,0.01136,0.57949
CVE-2012-2645,0.01213,0.6557
CVE-2012-2646,0.01213,0.6557
CVE-2012-2647,0.01055,0.50287
CVE-2012-2648,0.01055,0.50287
CVE-2012-2649,0.01213,0.6557
CVE-2012-2652,0.01104,0.52279
CVE-2012-2653,0.01537,0.73595
CVE-2012-2654,0.01974,0.7812
CVE-2012-2655,0.01815,0.76117
CVE-2012-2656,0.01213,0.6557
CVE-2012-2657,0.01872,0.76301
CVE-2012-2658,0.01872,0.76301
CVE-2012-2661,0.01213,0.6557
CVE-2012-2662,0.01319,0.70416
CVE-2012-2663,0.01055,0.50287
CVE-2012-2664,0.01018,0.38792
CVE-2012-2665,0.08969,0.93727
CVE-2012-2666,0.01018,0.38792
CVE-2012-2667,0.01319,0.70416
CVE-2012-2668,0.03779,0.84781
CVE-2012-2669,0.01034,0.39824
CVE-2012-2670,0.01315,0.67456
CVE-2012-2671,0.01183,0.60428
CVE-2012-2672,0.01282,0.67298
CVE-2012-2673,0.02686,0.82061
CVE-2012-2674,0.01018,0.38792
CVE-2012-2675,0.01108,0.53389
CVE-2012-2676,0.01018,0.38792
CVE-2012-2677,0.01537,0.73595
CVE-2012-2678,0.01649,0.75017
CVE-2012-2679,0.01034,0.39824
CVE-2012-2680,0.01319,0.70416
CVE-2012-2681,0.01319,0.70416
CVE-2012-2682,0.00954,0.34522
CVE-2012-2683,0.01408,0.72072
CVE-2012-2684,0.01319,0.70416
CVE-2012-2685,0.01232,0.66248
CVE-2012-2686,0.62622,0.9891
CVE-2012-2687,0.07344,0.92237
CVE-2012-2690,0.01034,0.39824
CVE-2012-2691,0.03779,0.84781
CVE-2012-2692,0.01815,0.76117
CVE-2012-2693,0.0095,0.30554
CVE-2012-2695,0.01319,0.70416
CVE-2012-2696,0.01132,0.54372
CVE-2012-2697,0.0095,0.30554
CVE-2012-2698,0.05029,0.89007
CVE-2012-2702,0.01319,0.70416
CVE-2012-2703,0.01213,0.6557
CVE-2012-2704,0.01213,0.6557
CVE-2012-2705,0.01315,0.67456
CVE-2012-2706,0.01213,0.6557
CVE-2012-2707,0.01319,0.70416
CVE-2012-2708,0.01232,0.66248
CVE-2012-2710,0.01213,0.6557
CVE-2012-2711,0.01315,0.67456
CVE-2012-2712,0.01408,0.72072
CVE-2012-2713,0.01408,0.72072
CVE-2012-2714,0.01213,0.6557
CVE-2012-2715,0.01408,0.72072
CVE-2012-2716,0.01319,0.70416
CVE-2012-2717,0.01776,0.75902
CVE-2012-2718,0.01213,0.6557
CVE-2012-2719,0.01018,0.38792
CVE-2012-2720,0.01319,0.70416
CVE-2012-2721,0.01408,0.72072
CVE-2012-2722,0.02172,0.79917
CVE-2012-2723,0.01408,0.72072
CVE-2012-2724,0.02172,0.79917
CVE-2012-2725,0.01232,0.66248
CVE-2012-2726,0.01483,0.7269
CVE-2012-2727,0.01408,0.72072
CVE-2012-2728,0.01319,0.70416
CVE-2012-2729,0.01213,0.6557
CVE-2012-2730,0.01319,0.70416
CVE-2012-2731,0.01319,0.70416
CVE-2012-2733,0.06394,0.90534
CVE-2012-2734,0.01319,0.70416
CVE-2012-2735,0.01232,0.66248
CVE-2012-2736,0.01104,0.52279
CVE-2012-2737,0.01547,0.74085
CVE-2012-2738,0.09611,0.93979
CVE-2012-2739,0.01104,0.52279
CVE-2012-2740,0.01408,0.72072
CVE-2012-2741,0.01408,0.72072
CVE-2012-2742,0.01108,0.53389
CVE-2012-2743,0.01108,0.53389
CVE-2012-2744,0.01974,0.7812
CVE-2012-2745,0.01547,0.74085
CVE-2012-2746,0.01815,0.76117
CVE-2012-2747,0.01319,0.70416
CVE-2012-2748,0.01319,0.70416
CVE-2012-2749,0.01649,0.75017
CVE-2012-2750,0.01108,0.53389
CVE-2012-2751,0.03407,0.83908
CVE-2012-2752,0.01034,0.39824
CVE-2012-2753,0.00885,0.26162
CVE-2012-2759,0.01319,0.70416
CVE-2012-2760,0.03516,0.84094
CVE-2012-2762,0.01408,0.72072
CVE-2012-2763,0.79865,0.99479
CVE-2012-2764,0.01819,0.7614
CVE-2012-2768,0.01213,0.6557
CVE-2012-2769,0.01213,0.6557
CVE-2012-2770,0.01213,0.6557
CVE-2012-2771,0.00885,0.26162
CVE-2012-2772,0.01537,0.73595
CVE-2012-2773,0.00885,0.26162
CVE-2012-2774,0.01319,0.70416
CVE-2012-2775,0.01537,0.73595
CVE-2012-2776,0.01537,0.73595
CVE-2012-2777,0.01537,0.73595
CVE-2012-2778,0.00885,0.26162
CVE-2012-2779,0.01537,0.73595
CVE-2012-2780,0.00885,0.26162
CVE-2012-2781,0.00885,0.26162
CVE-2012-2782,0.01108,0.53389
CVE-2012-2783,0.01537,0.73595
CVE-2012-2784,0.01537,0.73595
CVE-2012-2785,0.01108,0.53389
CVE-2012-2786,0.01537,0.73595
CVE-2012-2787,0.01537,0.73595
CVE-2012-2788,0.01537,0.73595
CVE-2012-2789,0.01537,0.73595
CVE-2012-2790,0.01537,0.73595
CVE-2012-2791,0.01537,0.73595
CVE-2012-2792,0.01108,0.53389
CVE-2012-2793,0.01537,0.73595
CVE-2012-2794,0.01537,0.73595
CVE-2012-2795,0.01183,0.60428
CVE-2012-2796,0.01537,0.73595
CVE-2012-2797,0.01183,0.60428
CVE-2012-2798,0.01537,0.73595
CVE-2012-2799,0.01108,0.53389
CVE-2012-2800,0.01537,0.73595
CVE-2012-2801,0.01537,0.73595
CVE-2012-2802,0.01537,0.73595
CVE-2012-2803,0.01537,0.73595
CVE-2012-2804,0.01183,0.60428
CVE-2012-2805,0.01055,0.50287
CVE-2012-2806,0.06604,0.91138
CVE-2012-2807,0.03407,0.83908
CVE-2012-2808,0.01055,0.50287
CVE-2012-2812,0.01408,0.72072
CVE-2012-2813,0.01319,0.70416
CVE-2012-2814,0.07544,0.92484
CVE-2012-2815,0.01408,0.72072
CVE-2012-2816,0.01213,0.6557
CVE-2012-2817,0.01408,0.72072
CVE-2012-2818,0.02172,0.79917
CVE-2012-2819,0.01408,0.72072
CVE-2012-2820,0.01213,0.6557
CVE-2012-2821,0.0095,0.30554
CVE-2012-2822,0.01055,0.50287
CVE-2012-2823,0.01213,0.6557
CVE-2012-2824,0.01319,0.70416
CVE-2012-2825,0.02172,0.79917
CVE-2012-2826,0.01213,0.6557
CVE-2012-2827,0.00885,0.26162
CVE-2012-2828,0.01136,0.57949
CVE-2012-2829,0.01408,0.72072
CVE-2012-2830,0.01213,0.6557
CVE-2012-2831,0.01408,0.72072
CVE-2012-2832,0.01136,0.57949
CVE-2012-2833,0.01136,0.57949
CVE-2012-2834,0.01213,0.6557
CVE-2012-2836,0.01408,0.72072
CVE-2012-2837,0.01408,0.72072
CVE-2012-2840,0.05139,0.89128
CVE-2012-2841,0.08263,0.93269
CVE-2012-2842,0.01408,0.72072
CVE-2012-2843,0.01408,0.72072
CVE-2012-2844,0.01136,0.57949
CVE-2012-2845,0.01213,0.6557
CVE-2012-2846,0.01055,0.50287
CVE-2012-2847,0.01136,0.57949
CVE-2012-2848,0.01136,0.57949
CVE-2012-2849,0.01136,0.57949
CVE-2012-2850,0.01955,0.77585
CVE-2012-2851,0.01213,0.6557
CVE-2012-2852,0.01136,0.57949
CVE-2012-2853,0.01136,0.57949
CVE-2012-2854,0.01136,0.57949
CVE-2012-2855,0.01136,0.57949
CVE-2012-2856,0.01213,0.6557
CVE-2012-2857,0.01319,0.70416
CVE-2012-2858,0.01136,0.57949
CVE-2012-2859,0.0556,0.89553
CVE-2012-2860,0.01136,0.57949
CVE-2012-2862,0.01213,0.6557
CVE-2012-2863,0.01213,0.6557
CVE-2012-2864,0.07777,0.92953
CVE-2012-2865,0.01213,0.6557
CVE-2012-2866,0.01319,0.70416
CVE-2012-2867,0.01319,0.70416
CVE-2012-2868,0.01319,0.70416
CVE-2012-2869,0.01319,0.70416
CVE-2012-2870,0.03407,0.83908
CVE-2012-2871,0.03407,0.83908
CVE-2012-2872,0.01319,0.70416
CVE-2012-2874,0.01213,0.6557
CVE-2012-2875,0.03932,0.8519
CVE-2012-2876,0.01213,0.6557
CVE-2012-2877,0.01213,0.6557
CVE-2012-2878,0.01213,0.6557
CVE-2012-2879,0.01213,0.6557
CVE-2012-2880,0.01213,0.6557
CVE-2012-2881,0.01213,0.6557
CVE-2012-2882,0.01319,0.70416
CVE-2012-2883,0.01213,0.6557
CVE-2012-2884,0.01213,0.6557
CVE-2012-2885,0.01319,0.70416
CVE-2012-2886,0.01213,0.6557
CVE-2012-2887,0.01213,0.6557
CVE-2012-2888,0.01213,0.6557
CVE-2012-2889,0.01408,0.72072
CVE-2012-2890,0.01319,0.70416
CVE-2012-2891,0.01018,0.38792
CVE-2012-2892,0.01213,0.6557
CVE-2012-2893,0.01955,0.77585
CVE-2012-2894,0.01213,0.6557
CVE-2012-2895,0.01213,0.6557
CVE-2012-2896,0.01213,0.6557
CVE-2012-2897,0.6986,0.99093
CVE-2012-2898,0.01055,0.50287
CVE-2012-2899,0.01055,0.50287
CVE-2012-2900,0.01213,0.6557
CVE-2012-2901,0.01213,0.6557
CVE-2012-2902,0.01034,0.39824
CVE-2012-2903,0.01213,0.6557
CVE-2012-2904,0.02945,0.82784
CVE-2012-2905,0.04482,0.88223
CVE-2012-2906,0.02945,0.82784
CVE-2012-2907,0.01408,0.72072
CVE-2012-2908,0.01213,0.6557
CVE-2012-2909,0.01213,0.6557
CVE-2012-2910,0.01917,0.77071
CVE-2012-2911,0.01917,0.77071
CVE-2012-2912,0.01136,0.57949
CVE-2012-2913,0.01917,0.77071
CVE-2012-2914,0.01917,0.77071
CVE-2012-2915,0.71497,0.99151
CVE-2012-2916,0.01213,0.6557
CVE-2012-2917,0.01917,0.77071
CVE-2012-2918,0.01917,0.77071
CVE-2012-2919,0.04187,0.86773
CVE-2012-2920,0.01319,0.70416
CVE-2012-2921,0.01408,0.72072
CVE-2012-2922,0.01974,0.7812
CVE-2012-2923,0.01213,0.6557
CVE-2012-2924,0.01213,0.6557
CVE-2012-2925,0.00986,0.35784
CVE-2012-2926,0.72299,0.99202
CVE-2012-2927,0.01132,0.54372
CVE-2012-2928,0.01319,0.70416
CVE-2012-2930,0.01136,0.57949
CVE-2012-2931,0.01055,0.50287
CVE-2012-2932,0.01213,0.6557
CVE-2012-2934,0.02172,0.79379
CVE-2012-2935,0.01055,0.50287
CVE-2012-2936,0.01408,0.72072
CVE-2012-2937,0.01974,0.7812
CVE-2012-2938,0.01319,0.70416
CVE-2012-2939,0.06337,0.90513
CVE-2012-2940,0.01963,0.77709
CVE-2012-2941,0.01917,0.77071
CVE-2012-2942,0.07544,0.92484
CVE-2012-2943,0.01136,0.57949
CVE-2012-2944,0.07544,0.92484
CVE-2012-2945,0.00885,0.26162
CVE-2012-2947,0.01213,0.6557
CVE-2012-2948,0.02428,0.80788
CVE-2012-2949,0.01136,0.57949
CVE-2012-2950,0.01055,0.50287
CVE-2012-2952,0.01139,0.58345
CVE-2012-2953,0.73596,0.99244
CVE-2012-2955,0.01319,0.70416
CVE-2012-2956,0.01132,0.54372
CVE-2012-2957,0.05087,0.89024
CVE-2012-2959,0.04187,0.86773
CVE-2012-2960,0.01136,0.57949
CVE-2012-2961,0.00986,0.35784
CVE-2012-2962,0.82142,0.99533
CVE-2012-2963,0.01136,0.57949
CVE-2012-2964,0.01136,0.57949
CVE-2012-2965,0.01018,0.38792
CVE-2012-2966,0.01018,0.38792
CVE-2012-2967,0.01018,0.38792
CVE-2012-2968,0.01213,0.6557
CVE-2012-2969,0.01213,0.6557
CVE-2012-2970,0.01055,0.50287
CVE-2012-2971,0.05139,0.89128
CVE-2012-2972,0.01319,0.70416
CVE-2012-2974,0.01055,0.50287
CVE-2012-2975,0.01055,0.50287
CVE-2012-2976,0.01136,0.57949
CVE-2012-2977,0.04979,0.88995
CVE-2012-2978,0.01319,0.70416
CVE-2012-2979,0.01136,0.57949
CVE-2012-2980,0.01136,0.57949
CVE-2012-2981,0.01232,0.66248
CVE-2012-2983,0.4088,0.98129
CVE-2012-2984,0.01962,0.77634
CVE-2012-2985,0.01055,0.50287
CVE-2012-2986,0.01055,0.50287
CVE-2012-2990,0.01055,0.50287
CVE-2012-2991,0.01055,0.50287
CVE-2012-2993,0.13638,0.95559
CVE-2012-2994,0.04979,0.88995
CVE-2012-2995,0.01136,0.57949
CVE-2012-2996,0.01136,0.57949
CVE-2012-2997,0.08283,0.93278
CVE-2012-2998,0.028,0.82308
CVE-2012-2999,0.01136,0.57949
CVE-2012-3000,0.01408,0.72072
CVE-2012-3001,0.61077,0.98875
CVE-2012-3002,0.01319,0.70416
CVE-2012-3003,0.01055,0.50287
CVE-2012-3004,0.00885,0.26162
CVE-2012-3005,0.00885,0.26162
CVE-2012-3006,0.0089,0.2856
CVE-2012-3007,0.01136,0.57949
CVE-2012-3008,0.05302,0.89375
CVE-2012-3009,0.01055,0.50287
CVE-2012-3010,0.04291,0.87022
CVE-2012-3011,0.01055,0.50287
CVE-2012-3012,0.01055,0.50287
CVE-2012-3013,0.01055,0.50287
CVE-2012-3014,0.00885,0.26162
CVE-2012-3015,0.00885,0.26162
CVE-2012-3016,0.01136,0.57949
CVE-2012-3017,0.01136,0.57949
CVE-2012-3018,0.00885,0.26162
CVE-2012-3020,0.01055,0.50287
CVE-2012-3021,0.04291,0.87022
CVE-2012-3022,0.01055,0.50287
CVE-2012-3024,0.01055,0.50287
CVE-2012-3025,0.01055,0.50287
CVE-2012-3026,0.04291,0.87022
CVE-2012-3028,0.01136,0.57949
CVE-2012-3030,0.01136,0.57949
CVE-2012-3031,0.01136,0.57949
CVE-2012-3032,0.01136,0.57949
CVE-2012-3034,0.01136,0.57949
CVE-2012-3035,0.01136,0.57949
CVE-2012-3037,0.01136,0.57949
CVE-2012-3039,0.01055,0.50287
CVE-2012-3040,0.01213,0.6557
CVE-2012-3047,0.01055,0.50287
CVE-2012-3051,0.01136,0.57949
CVE-2012-3052,0.00885,0.26162
CVE-2012-3053,0.03977,0.85263
CVE-2012-3054,0.03977,0.85263
CVE-2012-3055,0.03977,0.85263
CVE-2012-3056,0.03977,0.85263
CVE-2012-3057,0.03977,0.85263
CVE-2012-3058,0.01055,0.50287
CVE-2012-3060,0.01055,0.50287
CVE-2012-3062,0.01055,0.50287
CVE-2012-3063,0.01055,0.50287
CVE-2012-3073,0.01136,0.57949
CVE-2012-3074,0.01055,0.50287
CVE-2012-3075,0.01055,0.50287
CVE-2012-3076,0.01055,0.50287
CVE-2012-3079,0.01055,0.50287
CVE-2012-3088,0.01055,0.50287
CVE-2012-3094,0.01055,0.50287
CVE-2012-3096,0.01055,0.50287
CVE-2012-3105,0.04146,0.85406
CVE-2012-3106,0.01282,0.67298
CVE-2012-3107,0.01547,0.74085
CVE-2012-3108,0.01547,0.74085
CVE-2012-3109,0.01547,0.74085
CVE-2012-3110,0.01547,0.74085
CVE-2012-3111,0.01232,0.66248
CVE-2012-3112,0.01319,0.70416
CVE-2012-3113,0.01232,0.66248
CVE-2012-3114,0.01319,0.70416
CVE-2012-3115,0.01319,0.70416
CVE-2012-3116,0.01034,0.39824
CVE-2012-3117,0.01232,0.66248
CVE-2012-3118,0.01232,0.66248
CVE-2012-3119,0.01232,0.66248
CVE-2012-3120,0.01319,0.70416
CVE-2012-3121,0.01319,0.70416
CVE-2012-3122,0.01034,0.39824
CVE-2012-3123,0.01319,0.70416
CVE-2012-3124,0.01319,0.70416
CVE-2012-3125,0.01319,0.70416
CVE-2012-3126,0.01034,0.39824
CVE-2012-3127,0.01319,0.70416
CVE-2012-3128,0.01034,0.39824
CVE-2012-3129,0.01319,0.70416
CVE-2012-3130,0.01319,0.70416
CVE-2012-3131,0.01319,0.70416
CVE-2012-3132,0.01315,0.67456
CVE-2012-3133,0.00885,0.26162
CVE-2012-3134,0.01232,0.66248
CVE-2012-3135,0.01213,0.6557
CVE-2012-3136,0.01319,0.70416
CVE-2012-3138,0.01055,0.50287
CVE-2012-3139,0.01055,0.50287
CVE-2012-3140,0.01055,0.50287
CVE-2012-3141,0.01132,0.54372
CVE-2012-3142,0.01132,0.54372
CVE-2012-3143,0.04358,0.87435
CVE-2012-3144,0.01132,0.54372
CVE-2012-3145,0.0095,0.30554
CVE-2012-3146,0.01061,0.51015
CVE-2012-3147,0.01319,0.70416
CVE-2012-3148,0.01055,0.50287
CVE-2012-3149,0.01132,0.54372
CVE-2012-3150,0.01815,0.76117
CVE-2012-3151,0.00885,0.26162
CVE-2012-3154,0.01061,0.51015
CVE-2012-3155,0.01213,0.6557
CVE-2012-3156,0.01132,0.54372
CVE-2012-3157,0.01132,0.54372
CVE-2012-3158,0.02172,0.79917
CVE-2012-3159,0.04358,0.87435
CVE-2012-3160,0.01282,0.67298
CVE-2012-3161,0.01136,0.57949
CVE-2012-3162,0.00885,0.26162
CVE-2012-3163,0.02186,0.8012
CVE-2012-3164,0.01055,0.50287
CVE-2012-3165,0.00885,0.26162
CVE-2012-3166,0.01649,0.75017
CVE-2012-3167,0.01815,0.76117
CVE-2012-3168,0.01055,0.50287
CVE-2012-3169,0.01055,0.50287
CVE-2012-3170,0.01055,0.50287
CVE-2012-3171,0.01055,0.50287
CVE-2012-3172,0.01055,0.50287
CVE-2012-3173,0.01815,0.76117
CVE-2012-3174,0.01408,0.72072
CVE-2012-3175,0.01055,0.50287
CVE-2012-3176,0.01132,0.54372
CVE-2012-3177,0.01815,0.76117
CVE-2012-3178,0.00885,0.26162
CVE-2012-3179,0.01132,0.54372
CVE-2012-3180,0.01815,0.76117
CVE-2012-3181,0.01132,0.54372
CVE-2012-3182,0.01213,0.6557
CVE-2012-3183,0.01055,0.50287
CVE-2012-3184,0.01055,0.50287
CVE-2012-3185,0.01055,0.50287
CVE-2012-3186,0.01055,0.50287
CVE-2012-3187,0.00885,0.26162
CVE-2012-3188,0.01132,0.54372
CVE-2012-3189,0.01055,0.50287
CVE-2012-3190,0.01213,0.6557
CVE-2012-3191,0.01132,0.54372
CVE-2012-3192,0.01055,0.50287
CVE-2012-3193,0.01061,0.51015
CVE-2012-3194,0.01136,0.57949
CVE-2012-3195,0.01132,0.54372
CVE-2012-3196,0.01055,0.50287
CVE-2012-3197,0.01815,0.76117
CVE-2012-3198,0.01132,0.54372
CVE-2012-3199,0.0089,0.2856
CVE-2012-3200,0.01132,0.54372
CVE-2012-3201,0.01132,0.54372
CVE-2012-3202,0.01136,0.57949
CVE-2012-3203,0.0089,0.2856
CVE-2012-3204,0.0089,0.2856
CVE-2012-3205,0.0089,0.2856
CVE-2012-3206,0.00885,0.26162
CVE-2012-3207,0.0089,0.2856
CVE-2012-3208,0.0089,0.2856
CVE-2012-3209,0.0089,0.2856
CVE-2012-3210,0.01136,0.57949
CVE-2012-3211,0.0089,0.2856
CVE-2012-3212,0.0089,0.2856
CVE-2012-3213,0.03779,0.84781
CVE-2012-3214,0.01282,0.67298
CVE-2012-3215,0.0089,0.2856
CVE-2012-3216,0.03932,0.8519
CVE-2012-3217,0.01282,0.67298
CVE-2012-3218,0.01055,0.50287
CVE-2012-3219,0.01213,0.6557
CVE-2012-3220,0.01061,0.51015
CVE-2012-3221,0.02072,0.78998
CVE-2012-3222,0.01055,0.50287
CVE-2012-3223,0.01132,0.54372
CVE-2012-3224,0.01132,0.54372
CVE-2012-3225,0.01132,0.54372
CVE-2012-3226,0.01061,0.51015
CVE-2012-3227,0.01132,0.54372
CVE-2012-3228,0.01132,0.54372
CVE-2012-3229,0.01132,0.54372
CVE-2012-3230,0.01213,0.6557
CVE-2012-3231,0.05629,0.89602
CVE-2012-3232,0.01962,0.77634
CVE-2012-3233,0.02778,0.82209
CVE-2012-3234,0.01055,0.50287
CVE-2012-3236,0.05536,0.89537
CVE-2012-3238,0.01136,0.57949
CVE-2012-3240,0.01136,0.57949
CVE-2012-3241,0.01136,0.57949
CVE-2012-3243,0.01055,0.50287
CVE-2012-3247,0.0089,0.2856
CVE-2012-3248,0.01136,0.57949
CVE-2012-3249,0.01055,0.50287
CVE-2012-3250,0.01055,0.50287
CVE-2012-3251,0.01055,0.50287
CVE-2012-3252,0.01136,0.57949
CVE-2012-3253,0.25143,0.96828
CVE-2012-3254,0.25143,0.96828
CVE-2012-3255,0.01136,0.57949
CVE-2012-3256,0.01136,0.57949
CVE-2012-3257,0.01061,0.51015
CVE-2012-3258,0.25143,0.96828
CVE-2012-3259,0.25143,0.96828
CVE-2012-3260,0.25143,0.96828
CVE-2012-3261,0.25143,0.96828
CVE-2012-3262,0.25143,0.96828
CVE-2012-3263,0.25143,0.96828
CVE-2012-3264,0.25143,0.96828
CVE-2012-3266,0.01055,0.50287
CVE-2012-3267,0.01319,0.70416
CVE-2012-3268,0.01815,0.76117
CVE-2012-3269,0.01319,0.70416
CVE-2012-3270,0.01213,0.6557
CVE-2012-3271,0.01319,0.70416
CVE-2012-3272,0.01136,0.57949
CVE-2012-3273,0.01136,0.57949
CVE-2012-3274,0.85761,0.99669
CVE-2012-3275,0.25143,0.96828
CVE-2012-3276,0.00885,0.26162
CVE-2012-3277,0.01055,0.50287
CVE-2012-3278,0.25143,0.96828
CVE-2012-3279,0.01055,0.50287
CVE-2012-3280,0.01055,0.50287
CVE-2012-3281,0.01055,0.50287
CVE-2012-3282,0.19175,0.96181
CVE-2012-3283,0.19175,0.96181
CVE-2012-3284,0.19175,0.96181
CVE-2012-3285,0.19175,0.96181
CVE-2012-3286,0.01061,0.51015
CVE-2012-3287,0.00885,0.26162
CVE-2012-3288,0.0497,0.88983
CVE-2012-3289,0.01055,0.50287
CVE-2012-3290,0.00885,0.26162
CVE-2012-3291,0.01108,0.53389
CVE-2012-3292,0.01213,0.6557
CVE-2012-3293,0.01213,0.6557
CVE-2012-3294,0.05327,0.89379
CVE-2012-3295,0.01136,0.57949
CVE-2012-3296,0.01955,0.77585
CVE-2012-3297,0.01136,0.57949
CVE-2012-3298,0.01136,0.57949
CVE-2012-3300,0.01136,0.57949
CVE-2012-3301,0.01136,0.57949
CVE-2012-3302,0.01136,0.57949
CVE-2012-3304,0.01213,0.6557
CVE-2012-3305,0.01136,0.57949
CVE-2012-3306,0.00954,0.34522
CVE-2012-3308,0.01213,0.6557
CVE-2012-3309,0.01213,0.6557
CVE-2012-3310,0.0095,0.30554
CVE-2012-3311,0.0095,0.30554
CVE-2012-3312,0.01213,0.6557
CVE-2012-3313,0.01213,0.6557
CVE-2012-3314,0.01319,0.70416
CVE-2012-3315,0.01319,0.70416
CVE-2012-3316,0.01061,0.51015
CVE-2012-3317,0.0089,0.2856
CVE-2012-3319,0.01213,0.6557
CVE-2012-3321,0.01061,0.51015
CVE-2012-3322,0.01061,0.51015
CVE-2012-3323,0.01319,0.70416
CVE-2012-3324,0.01061,0.51015
CVE-2012-3325,0.01232,0.66248
CVE-2012-3326,0.01213,0.6557
CVE-2012-3327,0.01136,0.57949
CVE-2012-3328,0.01136,0.57949
CVE-2012-3329,0.00885,0.26162
CVE-2012-3330,0.01136,0.57949
CVE-2012-3331,0.01055,0.50287
CVE-2012-3333,0.01136,0.57949
CVE-2012-3334,0.05302,0.89375
CVE-2012-3336,0.01055,0.50287
CVE-2012-3337,0.01055,0.50287
CVE-2012-3338,0.01055,0.50287
CVE-2012-3340,0.01055,0.50287
CVE-2012-3341,0.01055,0.50287
CVE-2012-3342,0.03779,0.84781
CVE-2012-3343,0.01055,0.50287
CVE-2012-3345,0.00885,0.26162
CVE-2012-3347,0.01061,0.51015
CVE-2012-3350,0.01139,0.58345
CVE-2012-3351,0.02507,0.80895
CVE-2012-3353,0.00885,0.26162
CVE-2012-3354,0.01408,0.72072
CVE-2012-3355,0.02172,0.79379
CVE-2012-3356,0.03779,0.84781
CVE-2012-3357,0.01974,0.7812
CVE-2012-3358,0.0547,0.89492
CVE-2012-3359,0.00885,0.26162
CVE-2012-3360,0.01649,0.75017
CVE-2012-3361,0.01815,0.76117
CVE-2012-3362,0.01319,0.70416
CVE-2012-3363,0.14493,0.95633
CVE-2012-3364,0.05139,0.89128
CVE-2012-3365,0.02172,0.79917
CVE-2012-3366,0.01232,0.66248
CVE-2012-3367,0.01315,0.67456
CVE-2012-3368,0.01213,0.6557
CVE-2012-3369,0.03407,0.83908
CVE-2012-3370,0.03779,0.84781
CVE-2012-3371,0.01232,0.66248
CVE-2012-3372,0.01018,0.38792
CVE-2012-3373,0.02072,0.79023
CVE-2012-3374,0.07777,0.92953
CVE-2012-3375,0.03534,0.84129
CVE-2012-3376,0.00954,0.34522
CVE-2012-3377,0.04967,0.88981
CVE-2012-3378,0.0095,0.30554
CVE-2012-3380,0.01034,0.39824
CVE-2012-3381,0.0095,0.30554
CVE-2012-3382,0.01213,0.6557
CVE-2012-3383,0.01319,0.70416
CVE-2012-3384,0.01136,0.57949
CVE-2012-3385,0.00954,0.34522
CVE-2012-3386,0.02172,0.79379
CVE-2012-3387,0.01132,0.54372
CVE-2012-3388,0.01132,0.54372
CVE-2012-3389,0.01213,0.6557
CVE-2012-3390,0.01132,0.54372
CVE-2012-3391,0.01132,0.54372
CVE-2012-3392,0.01132,0.54372
CVE-2012-3393,0.01132,0.54372
CVE-2012-3394,0.01213,0.6557
CVE-2012-3395,0.01132,0.54372
CVE-2012-3396,0.01132,0.54372
CVE-2012-3397,0.01132,0.54372
CVE-2012-3398,0.01132,0.54372
CVE-2012-3399,0.81127,0.99508
CVE-2012-3400,0.03407,0.83908
CVE-2012-3401,0.02646,0.81377
CVE-2012-3402,0.04967,0.88981
CVE-2012-3403,0.06604,0.91138
CVE-2012-3404,0.01108,0.53389
CVE-2012-3405,0.01108,0.53389
CVE-2012-3406,0.02646,0.81377
CVE-2012-3407,0.0089,0.2856
CVE-2012-3408,0.01136,0.57949
CVE-2012-3409,0.01034,0.39824
CVE-2012-3410,0.01282,0.67298
CVE-2012-3411,0.02172,0.79917
CVE-2012-3412,0.04358,0.87435
CVE-2012-3413,0.01776,0.75902
CVE-2012-3414,0.02397,0.80717
CVE-2012-3416,0.01974,0.7812
CVE-2012-3417,0.01408,0.72072
CVE-2012-3418,0.08228,0.93218
CVE-2012-3419,0.01537,0.73595
CVE-2012-3420,0.03779,0.84781
CVE-2012-3421,0.02172,0.79917
CVE-2012-3422,0.05647,0.89773
CVE-2012-3423,0.08228,0.93218
CVE-2012-3424,0.01213,0.6557
CVE-2012-3425,0.01776,0.75902
CVE-2012-3426,0.02186,0.8012
CVE-2012-3427,0.0095,0.30554
CVE-2012-3428,0.01408,0.72072
CVE-2012-3429,0.01537,0.73595
CVE-2012-3430,0.03534,0.84129
CVE-2012-3431,0.01213,0.6557
CVE-2012-3432,0.01282,0.67298
CVE-2012-3433,0.01282,0.67298
CVE-2012-3434,0.01319,0.70416
CVE-2012-3435,0.04386,0.87542
CVE-2012-3436,0.02172,0.79917
CVE-2012-3437,0.01955,0.77585
CVE-2012-3438,0.01319,0.70416
CVE-2012-3440,0.0089,0.2856
CVE-2012-3441,0.01183,0.60428
CVE-2012-3442,0.01319,0.70416
CVE-2012-3443,0.01319,0.70416
CVE-2012-3444,0.01319,0.70416
CVE-2012-3445,0.01815,0.76117
CVE-2012-3446,0.00885,0.26162
CVE-2012-3447,0.01315,0.67456
CVE-2012-3448,0.12955,0.95421
CVE-2012-3449,0.01034,0.39824
CVE-2012-3450,0.11341,0.94794
CVE-2012-3451,0.07344,0.92237
CVE-2012-3452,0.0089,0.2856
CVE-2012-3453,0.0089,0.2856
CVE-2012-3454,0.00885,0.26162
CVE-2012-3455,0.07544,0.92484
CVE-2012-3456,0.3768,0.97839
CVE-2012-3457,0.01034,0.39824
CVE-2012-3458,0.01319,0.70416
CVE-2012-3459,0.01232,0.66248
CVE-2012-3460,0.00885,0.26162
CVE-2012-3461,0.03407,0.83908
CVE-2012-3462,0.0089,0.2856
CVE-2012-3463,0.01136,0.57949
CVE-2012-3464,0.01213,0.6557
CVE-2012-3465,0.01213,0.6557
CVE-2012-3466,0.01282,0.67298
CVE-2012-3467,0.03718,0.84354
CVE-2012-3468,0.01213,0.6557
CVE-2012-3469,0.01213,0.6557
CVE-2012-3470,0.01055,0.50287
CVE-2012-3471,0.01055,0.50287
CVE-2012-3472,0.01055,0.50287
CVE-2012-3473,0.01136,0.57949
CVE-2012-3474,0.01055,0.50287
CVE-2012-3475,0.01136,0.57949
CVE-2012-3476,0.01055,0.50287
CVE-2012-3477,0.01055,0.50287
CVE-2012-3478,0.01282,0.67298
CVE-2012-3479,0.01955,0.77585
CVE-2012-3480,0.07316,0.92171
CVE-2012-3481,0.06604,0.91138
CVE-2012-3482,0.01108,0.53389
CVE-2012-3483,0.01819,0.7614
CVE-2012-3484,0.0089,0.2856
CVE-2012-3485,0.02678,0.81429
CVE-2012-3486,0.01592,0.74578
CVE-2012-3487,0.0089,0.2856
CVE-2012-3488,0.02528,0.8112
CVE-2012-3489,0.02528,0.8112
CVE-2012-3490,0.01132,0.54372
CVE-2012-3491,0.01649,0.75017
CVE-2012-3492,0.01974,0.7812
CVE-2012-3493,0.01776,0.75902
CVE-2012-3494,0.01547,0.74085
CVE-2012-3495,0.01547,0.74085
CVE-2012-3496,0.01547,0.74085
CVE-2012-3497,0.01547,0.74085
CVE-2012-3498,0.01547,0.74085
CVE-2012-3499,0.07344,0.92237
CVE-2012-3500,0.01547,0.74085
CVE-2012-3501,0.01974,0.7812
CVE-2012-3502,0.06394,0.90534
CVE-2012-3503,0.01232,0.66248
CVE-2012-3504,0.0095,0.30554
CVE-2012-3505,0.02172,0.79917
CVE-2012-3506,0.01246,0.66436
CVE-2012-3507,0.01319,0.70416
CVE-2012-3508,0.01319,0.70416
CVE-2012-3509,0.01408,0.72072
CVE-2012-3510,0.01282,0.67298
CVE-2012-3511,0.01547,0.74085
CVE-2012-3512,0.01872,0.76301
CVE-2012-3513,0.01213,0.6557
CVE-2012-3514,0.01018,0.38792
CVE-2012-3515,0.01547,0.74085
CVE-2012-3516,0.01034,0.39824
CVE-2012-3517,0.01408,0.72072
CVE-2012-3518,0.01408,0.72072
CVE-2012-3519,0.01408,0.72072
CVE-2012-3520,0.01282,0.67298
CVE-2012-3521,0.01319,0.70416
CVE-2012-3522,0.01213,0.6557
CVE-2012-3523,0.02211,0.80357
CVE-2012-3524,0.02172,0.79379
CVE-2012-3525,0.01537,0.73595
CVE-2012-3526,0.01408,0.72072
CVE-2012-3527,0.01232,0.66248
CVE-2012-3528,0.01232,0.66248
CVE-2012-3529,0.01232,0.66248
CVE-2012-3530,0.01319,0.70416
CVE-2012-3531,0.01213,0.6557
CVE-2012-3532,0.01213,0.6557
CVE-2012-3533,0.01408,0.72072
CVE-2012-3534,0.01974,0.7812
CVE-2012-3535,0.06604,0.91138
CVE-2012-3536,0.00885,0.26162
CVE-2012-3537,0.01282,0.67298
CVE-2012-3538,0.01018,0.38792
CVE-2012-3540,0.01955,0.77585
CVE-2012-3542,0.01776,0.75902
CVE-2012-3543,0.01183,0.60428
CVE-2012-3544,0.07344,0.92237
CVE-2012-3546,0.07344,0.92237
CVE-2012-3547,0.08228,0.93218
CVE-2012-3548,0.01319,0.70416
CVE-2012-3549,0.06449,0.90609
CVE-2012-3551,0.01962,0.77634
CVE-2012-3552,0.01319,0.70416
CVE-2012-3553,0.01055,0.50287
CVE-2012-3554,0.01136,0.57949
CVE-2012-3555,0.05392,0.89448
CVE-2012-3556,0.05392,0.89448
CVE-2012-3557,0.01213,0.6557
CVE-2012-3558,0.01213,0.6557
CVE-2012-3559,0.00885,0.26162
CVE-2012-3560,0.01319,0.70416
CVE-2012-3561,0.04291,0.87022
CVE-2012-3562,0.01055,0.50287
CVE-2012-3563,0.01055,0.50287
CVE-2012-3564,0.01055,0.50287
CVE-2012-3565,0.01055,0.50287
CVE-2012-3566,0.01055,0.50287
CVE-2012-3567,0.01055,0.50287
CVE-2012-3568,0.01055,0.50287
CVE-2012-3569,0.82639,0.9955
CVE-2012-3570,0.01934,0.77134
CVE-2012-3571,0.12955,0.95421
CVE-2012-3572,0.01055,0.50287
CVE-2012-3574,0.09049,0.93844
CVE-2012-3575,0.09049,0.93844
CVE-2012-3576,0.09049,0.93844
CVE-2012-3577,0.18097,0.96079
CVE-2012-3578,0.09049,0.93844
CVE-2012-3579,0.73596,0.99244
CVE-2012-3580,0.01061,0.51015
CVE-2012-3581,0.01055,0.50287
CVE-2012-3582,0.01136,0.57949
CVE-2012-3585,0.07624,0.926
CVE-2012-3587,0.01213,0.6557
CVE-2012-3588,0.04187,0.86773
CVE-2012-3589,0.03333,0.83585
CVE-2012-3590,0.03333,0.83585
CVE-2012-3591,0.03333,0.83585
CVE-2012-3592,0.03333,0.83585
CVE-2012-3593,0.03333,0.83585
CVE-2012-3594,0.03333,0.83585
CVE-2012-3595,0.03333,0.83585
CVE-2012-3596,0.03333,0.83585
CVE-2012-3597,0.03333,0.83585
CVE-2012-3598,0.05258,0.89279
CVE-2012-3599,0.03333,0.83585
CVE-2012-3600,0.03333,0.83585
CVE-2012-3601,0.05258,0.89279
CVE-2012-3602,0.05258,0.89279
CVE-2012-3603,0.03333,0.83585
CVE-2012-3604,0.03333,0.83585
CVE-2012-3605,0.03333,0.83585
CVE-2012-3606,0.05258,0.89279
CVE-2012-3607,0.05258,0.89279
CVE-2012-3608,0.03333,0.83585
CVE-2012-3609,0.03333,0.83585
CVE-2012-3610,0.03333,0.83585
CVE-2012-3611,0.03333,0.83585
CVE-2012-3612,0.05258,0.89279
CVE-2012-3613,0.05258,0.89279
CVE-2012-3614,0.05258,0.89279
CVE-2012-3615,0.03333,0.83585
CVE-2012-3616,0.03551,0.84143
CVE-2012-3617,0.05258,0.89279
CVE-2012-3618,0.03333,0.83585
CVE-2012-3620,0.03333,0.83585
CVE-2012-3621,0.05258,0.89279
CVE-2012-3622,0.03551,0.84143
CVE-2012-3623,0.03551,0.84143
CVE-2012-3624,0.05258,0.89279
CVE-2012-3625,0.03333,0.83585
CVE-2012-3626,0.03333,0.83585
CVE-2012-3627,0.03333,0.83585
CVE-2012-3628,0.03333,0.83585
CVE-2012-3629,0.03333,0.83585
CVE-2012-3630,0.03333,0.83585
CVE-2012-3631,0.03333,0.83585
CVE-2012-3632,0.05258,0.89279
CVE-2012-3633,0.03333,0.83585
CVE-2012-3634,0.03333,0.83585
CVE-2012-3635,0.03333,0.83585
CVE-2012-3636,0.03333,0.83585
CVE-2012-3637,0.03333,0.83585
CVE-2012-3638,0.03333,0.83585
CVE-2012-3639,0.03333,0.83585
CVE-2012-3640,0.03333,0.83585
CVE-2012-3641,0.03333,0.83585
CVE-2012-3642,0.03333,0.83585
CVE-2012-3643,0.03551,0.84143
CVE-2012-3644,0.03333,0.83585
CVE-2012-3645,0.03333,0.83585
CVE-2012-3646,0.03333,0.83585
CVE-2012-3647,0.05258,0.89279
CVE-2012-3648,0.05258,0.89279
CVE-2012-3649,0.03551,0.84143
CVE-2012-3650,0.01213,0.6557
CVE-2012-3651,0.05258,0.89279
CVE-2012-3652,0.05258,0.89279
CVE-2012-3653,0.03333,0.83585
CVE-2012-3654,0.03551,0.84143
CVE-2012-3655,0.03333,0.83585
CVE-2012-3656,0.03333,0.83585
CVE-2012-3657,0.03551,0.84143
CVE-2012-3658,0.05258,0.89279
CVE-2012-3659,0.05258,0.89279
CVE-2012-3660,0.05258,0.89279
CVE-2012-3661,0.03333,0.83585
CVE-2012-3663,0.03333,0.83585
CVE-2012-3664,0.03333,0.83585
CVE-2012-3665,0.03333,0.83585
CVE-2012-3666,0.03333,0.83585
CVE-2012-3667,0.03333,0.83585
CVE-2012-3668,0.03333,0.83585
CVE-2012-3669,0.03333,0.83585
CVE-2012-3670,0.03333,0.83585
CVE-2012-3671,0.05258,0.89279
CVE-2012-3672,0.05258,0.89279
CVE-2012-3673,0.05258,0.89279
CVE-2012-3674,0.03333,0.83585
CVE-2012-3675,0.03551,0.84143
CVE-2012-3676,0.05258,0.89279
CVE-2012-3677,0.05258,0.89279
CVE-2012-3678,0.03333,0.83585
CVE-2012-3679,0.03333,0.83585
CVE-2012-3680,0.03333,0.83585
CVE-2012-3681,0.03333,0.83585
CVE-2012-3682,0.03333,0.83585
CVE-2012-3683,0.03333,0.83585
CVE-2012-3684,0.05258,0.89279
CVE-2012-3685,0.03551,0.84143
CVE-2012-3686,0.03333,0.83585
CVE-2012-3687,0.05258,0.89279
CVE-2012-3688,0.03551,0.84143
CVE-2012-3689,0.01055,0.50287
CVE-2012-3690,0.01055,0.50287
CVE-2012-3691,0.01213,0.6557
CVE-2012-3692,0.03551,0.84143
CVE-2012-3693,0.01213,0.6557
CVE-2012-3694,0.01055,0.50287
CVE-2012-3695,0.01213,0.6557
CVE-2012-3696,0.01213,0.6557
CVE-2012-3697,0.01055,0.50287
CVE-2012-3698,0.01055,0.50287
CVE-2012-3699,0.03551,0.84143
CVE-2012-3700,0.03551,0.84143
CVE-2012-3701,0.05258,0.89279
CVE-2012-3702,0.03551,0.84143
CVE-2012-3703,0.05258,0.89279
CVE-2012-3704,0.05258,0.89279
CVE-2012-3705,0.03551,0.84143
CVE-2012-3706,0.05258,0.89279
CVE-2012-3707,0.03551,0.84143
CVE-2012-3708,0.05258,0.89279
CVE-2012-3709,0.03551,0.84143
CVE-2012-3710,0.05258,0.89279
CVE-2012-3711,0.03551,0.84143
CVE-2012-3712,0.03551,0.84143
CVE-2012-3713,0.01213,0.6557
CVE-2012-3714,0.01213,0.6557
CVE-2012-3715,0.01213,0.6557
CVE-2012-3718,0.0089,0.2856
CVE-2012-3719,0.01136,0.57949
CVE-2012-3720,0.01055,0.50287
CVE-2012-3721,0.00954,0.34522
CVE-2012-3722,0.03261,0.83509
CVE-2012-3723,0.01667,0.75032
CVE-2012-3724,0.01213,0.6557
CVE-2012-3725,0.01136,0.57949
CVE-2012-3726,0.03261,0.83509
CVE-2012-3727,0.04935,0.88902
CVE-2012-3728,0.0089,0.2856
CVE-2012-3729,0.0095,0.30554
CVE-2012-3730,0.01213,0.6557
CVE-2012-3731,0.0089,0.2856
CVE-2012-3732,0.01213,0.6557
CVE-2012-3733,0.01213,0.6557
CVE-2012-3734,0.0095,0.30554
CVE-2012-3735,0.0095,0.30554
CVE-2012-3736,0.00885,0.26162
CVE-2012-3737,0.0089,0.2856
CVE-2012-3738,0.0089,0.2856
CVE-2012-3739,0.00885,0.26162
CVE-2012-3740,0.00885,0.26162
CVE-2012-3741,0.0089,0.2856
CVE-2012-3742,0.01213,0.6557
CVE-2012-3743,0.01213,0.6557
CVE-2012-3744,0.01213,0.6557
CVE-2012-3745,0.01136,0.57949
CVE-2012-3746,0.01018,0.38792
CVE-2012-3747,0.02774,0.822
CVE-2012-3748,0.41687,0.98152
CVE-2012-3749,0.01319,0.70416
CVE-2012-3750,0.0095,0.30554
CVE-2012-3751,0.03261,0.83509
CVE-2012-3752,0.83037,0.99562
CVE-2012-3753,0.74368,0.9927
CVE-2012-3754,0.03261,0.83509
CVE-2012-3755,0.11737,0.94933
CVE-2012-3756,0.03914,0.84984
CVE-2012-3757,0.03914,0.84984
CVE-2012-3758,0.03261,0.83509
CVE-2012-3789,0.01055,0.50287
CVE-2012-3790,0.01213,0.6557
CVE-2012-3791,0.01139,0.58345
CVE-2012-3792,0.01319,0.70416
CVE-2012-3793,0.01319,0.70416
CVE-2012-3794,0.01319,0.70416
CVE-2012-3795,0.01319,0.70416
CVE-2012-3796,0.01319,0.70416
CVE-2012-3797,0.01319,0.70416
CVE-2012-3798,0.0095,0.30554
CVE-2012-3799,0.01408,0.72072
CVE-2012-3800,0.01315,0.67456
CVE-2012-3802,0.01132,0.54372
CVE-2012-3805,0.01962,0.77634
CVE-2012-3806,0.01136,0.57949
CVE-2012-3807,0.02509,0.81058
CVE-2012-3808,0.00954,0.34522
CVE-2012-3809,0.00954,0.34522
CVE-2012-3810,0.00954,0.34522
CVE-2012-3811,0.80208,0.99487
CVE-2012-3812,0.01232,0.66248
CVE-2012-3814,0.04979,0.88995
CVE-2012-3815,0.79865,0.99479
CVE-2012-3816,0.05327,0.89379
CVE-2012-3817,0.04711,0.88663
CVE-2012-3818,0.00885,0.26162
CVE-2012-3819,0.06033,0.9015
CVE-2012-3820,0.01213,0.6557
CVE-2012-3821,0.0095,0.30554
CVE-2012-3822,0.01055,0.50287
CVE-2012-3823,0.00885,0.26162
CVE-2012-3824,0.00885,0.26162
CVE-2012-3825,0.01319,0.70416
CVE-2012-3826,0.01213,0.6557
CVE-2012-3828,0.01136,0.57949
CVE-2012-3829,0.01055,0.50287
CVE-2012-3830,0.01319,0.70416
CVE-2012-3831,0.01055,0.50287
CVE-2012-3832,0.01055,0.50287
CVE-2012-3833,0.01213,0.6557
CVE-2012-3834,0.01232,0.66248
CVE-2012-3835,0.01319,0.70416
CVE-2012-3836,0.01213,0.6557
CVE-2012-3837,0.01213,0.6557
CVE-2012-3838,0.01136,0.57949
CVE-2012-3839,0.01319,0.70416
CVE-2012-3840,0.01213,0.6557
CVE-2012-3841,0.01818,0.76133
CVE-2012-3842,0.01136,0.57949
CVE-2012-3843,0.01213,0.6557
CVE-2012-3844,0.01213,0.6557
CVE-2012-3845,0.04979,0.88995
CVE-2012-3846,0.01213,0.6557
CVE-2012-3847,0.01055,0.50287
CVE-2012-3848,0.01962,0.77634
CVE-2012-3859,0.04979,0.88995
CVE-2012-3863,0.01232,0.66248
CVE-2012-3864,0.01649,0.75017
CVE-2012-3865,0.01649,0.75017
CVE-2012-3866,0.01034,0.39824
CVE-2012-3867,0.01974,0.7812
CVE-2012-3868,0.01055,0.50287
CVE-2012-3869,0.01213,0.6557
CVE-2012-3870,0.01055,0.50287
CVE-2012-3871,0.01055,0.50287
CVE-2012-3872,0.01953,0.77242
CVE-2012-3873,0.00986,0.35784
CVE-2012-3881,0.01055,0.50287
CVE-2012-3884,0.01055,0.50287
CVE-2012-3885,0.01055,0.50287
CVE-2012-3886,0.01055,0.50287
CVE-2012-3887,0.01055,0.50287
CVE-2012-3888,0.01055,0.50287
CVE-2012-3889,0.01213,0.6557
CVE-2012-3890,0.01213,0.6557
CVE-2012-3893,0.01055,0.50287
CVE-2012-3895,0.01055,0.50287
CVE-2012-3899,0.01055,0.50287
CVE-2012-3901,0.01055,0.50287
CVE-2012-3908,0.01213,0.6557
CVE-2012-3913,0.01055,0.50287
CVE-2012-3915,0.01055,0.50287
CVE-2012-3918,0.01055,0.50287
CVE-2012-3919,0.01055,0.50287
CVE-2012-3923,0.01055,0.50287
CVE-2012-3924,0.01055,0.50287
CVE-2012-3935,0.01213,0.6557
CVE-2012-3936,0.06309,0.90494
CVE-2012-3937,0.06309,0.90494
CVE-2012-3938,0.06309,0.90494
CVE-2012-3939,0.04146,0.85406
CVE-2012-3940,0.06309,0.90494
CVE-2012-3941,0.06309,0.90494
CVE-2012-3946,0.01055,0.50287
CVE-2012-3949,0.01213,0.6557
CVE-2012-3950,0.01213,0.6557
CVE-2012-3951,0.73596,0.99244
CVE-2012-3952,0.02614,0.81254
CVE-2012-3953,0.00986,0.35784
CVE-2012-3954,0.04711,0.88663
CVE-2012-3955,0.23599,0.96561
CVE-2012-3956,0.07544,0.92484
CVE-2012-3957,0.1127,0.94787
CVE-2012-3958,0.07544,0.92484
CVE-2012-3959,0.08228,0.93218
CVE-2012-3960,0.07544,0.92484
CVE-2012-3961,0.07544,0.92484
CVE-2012-3962,0.09915,0.94265
CVE-2012-3963,0.1127,0.94787
CVE-2012-3964,0.07544,0.92484
CVE-2012-3965,0.01408,0.72072
CVE-2012-3966,0.07544,0.92484
CVE-2012-3967,0.05647,0.89773
CVE-2012-3968,0.1127,0.94787
CVE-2012-3969,0.09915,0.94265
CVE-2012-3970,0.07544,0.92484
CVE-2012-3971,0.07544,0.92484
CVE-2012-3972,0.03779,0.84781
CVE-2012-3973,0.09915,0.94265
CVE-2012-3974,0.01034,0.39824
CVE-2012-3975,0.01776,0.75902
CVE-2012-3976,0.01955,0.77585
CVE-2012-3978,0.03407,0.83908
CVE-2012-3979,0.05392,0.89448
CVE-2012-3980,0.01955,0.77585
CVE-2012-3981,0.01319,0.70416
CVE-2012-3982,0.06604,0.91138
CVE-2012-3983,0.08228,0.93218
CVE-2012-3984,0.01955,0.77585
CVE-2012-3985,0.01955,0.77585
CVE-2012-3986,0.03932,0.8519
CVE-2012-3987,0.01213,0.6557
CVE-2012-3988,0.09915,0.94265
CVE-2012-3989,0.05647,0.89773
CVE-2012-3990,0.09915,0.94265
CVE-2012-3991,0.03932,0.8519
CVE-2012-3992,0.03407,0.83908
CVE-2012-3993,0.03407,0.83908
CVE-2012-3994,0.03407,0.83908
CVE-2012-3995,0.06604,0.91138
CVE-2012-3996,0.01319,0.70416
CVE-2012-3997,0.01213,0.6557
CVE-2012-3998,0.01213,0.6557
CVE-2012-3999,0.01055,0.50287
CVE-2012-4000,0.01962,0.77634
CVE-2012-4001,0.01055,0.50287
CVE-2012-4002,0.01213,0.6557
CVE-2012-4003,0.01213,0.6557
CVE-2012-4004,0.01213,0.6557
CVE-2012-4005,0.01136,0.57949
CVE-2012-4006,0.01055,0.50287
CVE-2012-4007,0.01055,0.50287
CVE-2012-4008,0.01136,0.57949
CVE-2012-4009,0.01136,0.57949
CVE-2012-4010,0.01136,0.57949
CVE-2012-4011,0.01136,0.57949
CVE-2012-4012,0.01136,0.57949
CVE-2012-4013,0.01136,0.57949
CVE-2012-4014,0.01055,0.50287
CVE-2012-4015,0.01055,0.50287
CVE-2012-4016,0.01213,0.6557
CVE-2012-4017,0.01136,0.57949
CVE-2012-4018,0.01213,0.6557
CVE-2012-4019,0.01213,0.6557
CVE-2012-4020,0.01132,0.54372
CVE-2012-4021,0.01132,0.54372
CVE-2012-4022,0.01136,0.57949
CVE-2012-4023,0.01136,0.57949
CVE-2012-4024,0.07996,0.93017
CVE-2012-4025,0.07525,0.92398
CVE-2012-4026,0.01055,0.50287
CVE-2012-4027,0.01055,0.50287
CVE-2012-4028,0.00885,0.26162
CVE-2012-4029,0.01136,0.57949
CVE-2012-4030,0.01055,0.50287
CVE-2012-4031,0.71731,0.99156
CVE-2012-4032,0.07015,0.91868
CVE-2012-4033,0.01018,0.38792
CVE-2012-4034,0.01139,0.58345
CVE-2012-4035,0.07015,0.91868
CVE-2012-4036,0.07015,0.91868
CVE-2012-4037,0.01408,0.72072
CVE-2012-4043,0.01055,0.50287
CVE-2012-4045,0.06523,0.90962
CVE-2012-4046,0.01055,0.50287
CVE-2012-4048,0.01408,0.72072
CVE-2012-4049,0.01974,0.7812
CVE-2012-4050,0.00885,0.26162
CVE-2012-4051,0.06033,0.9015
CVE-2012-4052,0.01136,0.57949
CVE-2012-4053,0.01213,0.6557
CVE-2012-4054,0.02361,0.80663
CVE-2012-4055,0.00986,0.35784
CVE-2012-4056,0.01136,0.57949
CVE-2012-4057,0.09806,0.94072
CVE-2012-4058,0.01136,0.57949
CVE-2012-4059,0.01136,0.57949
CVE-2012-4060,0.00986,0.35784
CVE-2012-4061,0.01055,0.50287
CVE-2012-4063,0.01055,0.50287
CVE-2012-4064,0.01055,0.50287
CVE-2012-4065,0.01055,0.50287
CVE-2012-4066,0.00885,0.26162
CVE-2012-4067,0.01055,0.50287
CVE-2012-4068,0.06523,0.90962
CVE-2012-4069,0.01055,0.50287
CVE-2012-4070,0.00986,0.35784
CVE-2012-4071,0.01213,0.6557
CVE-2012-4072,0.00885,0.26162
CVE-2012-4073,0.00885,0.26162
CVE-2012-4074,0.00885,0.26162
CVE-2012-4075,0.0095,0.30554
CVE-2012-4076,0.0095,0.30554
CVE-2012-4077,0.0095,0.30554
CVE-2012-4078,0.01061,0.51015
CVE-2012-4079,0.01055,0.50287
CVE-2012-4081,0.00885,0.26162
CVE-2012-4082,0.0089,0.2856
CVE-2012-4083,0.01061,0.51015
CVE-2012-4084,0.01213,0.6557
CVE-2012-4085,0.01136,0.57949
CVE-2012-4086,0.01136,0.57949
CVE-2012-4087,0.01136,0.57949
CVE-2012-4088,0.01136,0.57949
CVE-2012-4089,0.0089,0.2856
CVE-2012-4090,0.01232,0.66248
CVE-2012-4091,0.01213,0.6557
CVE-2012-4092,0.00885,0.26162
CVE-2012-4093,0.00885,0.26162
CVE-2012-4094,0.01136,0.57949
CVE-2012-4095,0.00885,0.26162
CVE-2012-4096,0.00885,0.26162
CVE-2012-4097,0.01055,0.50287
CVE-2012-4098,0.01136,0.57949
CVE-2012-4099,0.01055,0.50287
CVE-2012-4102,0.00885,0.26162
CVE-2012-4103,0.00885,0.26162
CVE-2012-4104,0.00885,0.26162
CVE-2012-4105,0.0089,0.2856
CVE-2012-4106,0.01592,0.74578
CVE-2012-4107,0.00885,0.26162
CVE-2012-4108,0.00885,0.26162
CVE-2012-4109,0.00885,0.26162
CVE-2012-4110,0.00885,0.26162
CVE-2012-4111,0.00885,0.26162
CVE-2012-4112,0.00885,0.26162
CVE-2012-4113,0.00885,0.26162
CVE-2012-4114,0.00885,0.26162
CVE-2012-4115,0.00885,0.26162
CVE-2012-4116,0.01055,0.50287
CVE-2012-4117,0.00885,0.26162
CVE-2012-4121,0.00885,0.26162
CVE-2012-4122,0.0095,0.30554
CVE-2012-4131,0.00885,0.26162
CVE-2012-4135,0.00885,0.26162
CVE-2012-4136,0.01055,0.50287
CVE-2012-4141,0.0095,0.30554
CVE-2012-4142,0.01213,0.6557
CVE-2012-4143,0.01213,0.6557
CVE-2012-4144,0.01213,0.6557
CVE-2012-4145,0.01018,0.38792
CVE-2012-4146,0.01136,0.57949
CVE-2012-4147,0.03444,0.84021
CVE-2012-4148,0.03444,0.84021
CVE-2012-4149,0.03444,0.84021
CVE-2012-4150,0.03444,0.84021
CVE-2012-4151,0.03444,0.84021
CVE-2012-4152,0.03444,0.84021
CVE-2012-4153,0.03444,0.84021
CVE-2012-4154,0.03444,0.84021
CVE-2012-4155,0.03444,0.84021
CVE-2012-4156,0.03444,0.84021
CVE-2012-4157,0.03444,0.84021
CVE-2012-4158,0.03444,0.84021
CVE-2012-4159,0.03444,0.84021
CVE-2012-4160,0.03444,0.84021
CVE-2012-4161,0.05094,0.89039
CVE-2012-4162,0.05094,0.89039
CVE-2012-4163,0.03444,0.84021
CVE-2012-4164,0.03444,0.84021
CVE-2012-4165,0.03444,0.84021
CVE-2012-4167,0.03601,0.84249
CVE-2012-4168,0.01213,0.6557
CVE-2012-4170,0.15913,0.95889
CVE-2012-4171,0.01126,0.53553
CVE-2012-4172,0.03601,0.84249
CVE-2012-4173,0.03601,0.84249
CVE-2012-4174,0.03601,0.84249
CVE-2012-4175,0.03601,0.84249
CVE-2012-4176,0.03601,0.84249
CVE-2012-4177,0.74953,0.99286
CVE-2012-4178,0.00986,0.35784
CVE-2012-4179,0.06604,0.91138
CVE-2012-4180,0.09915,0.94265
CVE-2012-4181,0.06604,0.91138
CVE-2012-4182,0.06604,0.91138
CVE-2012-4183,0.06604,0.91138
CVE-2012-4184,0.03407,0.83908
CVE-2012-4185,0.06604,0.91138
CVE-2012-4186,0.09915,0.94265
CVE-2012-4187,0.06604,0.91138
CVE-2012-4188,0.09915,0.94265
CVE-2012-4189,0.01136,0.57949
CVE-2012-4190,0.04291,0.87022
CVE-2012-4191,0.06604,0.91138
CVE-2012-4192,0.01955,0.77585
CVE-2012-4193,0.03407,0.83908
CVE-2012-4194,0.03407,0.83908
CVE-2012-4195,0.03407,0.83908
CVE-2012-4196,0.03779,0.84781
CVE-2012-4197,0.01213,0.6557
CVE-2012-4198,0.01061,0.51015
CVE-2012-4199,0.01213,0.6557
CVE-2012-4201,0.03932,0.8519
CVE-2012-4202,0.09915,0.94265
CVE-2012-4203,0.09915,0.94265
CVE-2012-4204,0.06604,0.91138
CVE-2012-4205,0.03932,0.8519
CVE-2012-4206,0.0095,0.30554
CVE-2012-4207,0.03932,0.8519
CVE-2012-4208,0.03932,0.8519
CVE-2012-4209,0.03932,0.8519
CVE-2012-4210,0.03932,0.8519
CVE-2012-4212,0.08228,0.93218
CVE-2012-4213,0.06604,0.91138
CVE-2012-4214,0.06604,0.91138
CVE-2012-4215,0.06604,0.91138
CVE-2012-4216,0.06604,0.91138
CVE-2012-4217,0.06604,0.91138
CVE-2012-4218,0.08228,0.93218
CVE-2012-4219,0.01136,0.57949
CVE-2012-4221,0.0272,0.82083
CVE-2012-4222,0.00885,0.26162
CVE-2012-4225,0.01034,0.39824
CVE-2012-4226,0.01213,0.6557
CVE-2012-4230,0.01108,0.53389
CVE-2012-4231,0.02255,0.80558
CVE-2012-4232,0.01213,0.6557
CVE-2012-4233,0.03407,0.83908
CVE-2012-4234,0.02255,0.80558
CVE-2012-4235,0.01213,0.6557
CVE-2012-4236,0.01962,0.77634
CVE-2012-4237,0.01139,0.58345
CVE-2012-4238,0.01132,0.54372
CVE-2012-4240,0.01406,0.71229
CVE-2012-4241,0.01319,0.70416
CVE-2012-4244,0.26383,0.96972
CVE-2012-4245,0.01408,0.72072
CVE-2012-4246,0.01319,0.70416
CVE-2012-4247,0.01408,0.72072
CVE-2012-4248,0.01136,0.57949
CVE-2012-4249,0.00954,0.34522
CVE-2012-4250,0.09806,0.94072
CVE-2012-4251,0.02614,0.81254
CVE-2012-4252,0.04979,0.88995
CVE-2012-4253,0.07015,0.91868
CVE-2012-4254,0.04979,0.88995
CVE-2012-4255,0.01136,0.57949
CVE-2012-4256,0.01136,0.57949
CVE-2012-4257,0.01136,0.57949
CVE-2012-4258,0.00986,0.35784
CVE-2012-4259,0.02614,0.81254
CVE-2012-4260,0.01408,0.72072
CVE-2012-4261,0.01136,0.57949
CVE-2012-4262,0.01955,0.77585
CVE-2012-4263,0.01213,0.6557
CVE-2012-4264,0.01055,0.50287
CVE-2012-4265,0.01055,0.50287
CVE-2012-4266,0.01136,0.57949
CVE-2012-4267,0.02614,0.81254
CVE-2012-4268,0.01213,0.6557
CVE-2012-4269,0.05302,0.89375
CVE-2012-4270,0.01061,0.51015
CVE-2012-4271,0.01213,0.6557
CVE-2012-4272,0.01055,0.50287
CVE-2012-4273,0.01213,0.6557
CVE-2012-4274,0.05822,0.89998
CVE-2012-4275,0.01055,0.50287
CVE-2012-4276,0.00885,0.26162
CVE-2012-4277,0.01213,0.6557
CVE-2012-4278,0.01213,0.6557
CVE-2012-4279,0.01213,0.6557
CVE-2012-4280,0.01213,0.6557
CVE-2012-4281,0.02172,0.79917
CVE-2012-4282,0.00986,0.35784
CVE-2012-4283,0.01136,0.57949
CVE-2012-4284,0.71532,0.99153
CVE-2012-4285,0.03779,0.84781
CVE-2012-4286,0.01955,0.77585
CVE-2012-4287,0.02172,0.79917
CVE-2012-4288,0.03779,0.84781
CVE-2012-4289,0.03779,0.84781
CVE-2012-4290,0.02172,0.79917
CVE-2012-4291,0.02172,0.79917
CVE-2012-4292,0.03779,0.84781
CVE-2012-4293,0.03779,0.84781
CVE-2012-4294,0.1127,0.94787
CVE-2012-4295,0.02172,0.79917
CVE-2012-4296,0.03779,0.84781
CVE-2012-4297,0.1127,0.94787
CVE-2012-4298,0.1127,0.94787
CVE-2012-4301,0.07777,0.92953
CVE-2012-4303,0.01055,0.50287
CVE-2012-4305,0.07525,0.92398
CVE-2012-4324,0.01136,0.57949
CVE-2012-4325,0.04979,0.88995
CVE-2012-4326,0.01213,0.6557
CVE-2012-4327,0.01018,0.38792
CVE-2012-4328,0.01108,0.53389
CVE-2012-4329,0.01319,0.70416
CVE-2012-4330,0.01319,0.70416
CVE-2012-4331,0.00885,0.26162
CVE-2012-4332,0.01136,0.57949
CVE-2012-4333,0.73905,0.99257
CVE-2012-4334,0.06523,0.90962
CVE-2012-4335,0.01213,0.6557
CVE-2012-4336,0.01962,0.77634
CVE-2012-4337,0.06235,0.90314
CVE-2012-4340,0.01055,0.50287
CVE-2012-4341,0.0547,0.89492
CVE-2012-4342,0.01136,0.57949
CVE-2012-4343,0.00954,0.34522
CVE-2012-4344,0.01136,0.57949
CVE-2012-4345,0.01061,0.51015
CVE-2012-4347,0.72158,0.99195
CVE-2012-4348,0.05302,0.89375
CVE-2012-4349,0.0089,0.2856
CVE-2012-4350,0.0089,0.2856
CVE-2012-4351,0.00885,0.26162
CVE-2012-4352,0.01055,0.50287
CVE-2012-4353,0.06523,0.90962
CVE-2012-4354,0.06523,0.90962
CVE-2012-4355,0.06523,0.90962
CVE-2012-4356,0.34958,0.97699
CVE-2012-4357,0.06523,0.90962
CVE-2012-4358,0.01213,0.6557
CVE-2012-4359,0.01213,0.6557
CVE-2012-4360,0.01213,0.6557
CVE-2012-4361,0.1496,0.95685
CVE-2012-4362,0.01061,0.51015
CVE-2012-4363,0.06995,0.91861
CVE-2012-4366,0.05932,0.90094
CVE-2012-4377,0.01319,0.70416
CVE-2012-4378,0.01319,0.70416
CVE-2012-4379,0.01319,0.70416
CVE-2012-4380,0.01319,0.70416
CVE-2012-4381,0.01319,0.70416
CVE-2012-4382,0.0095,0.30554
CVE-2012-4383,0.00885,0.26162
CVE-2012-4384,0.00885,0.26162
CVE-2012-4385,0.00954,0.34522
CVE-2012-4386,0.05857,0.90036
CVE-2012-4387,0.05857,0.90036
CVE-2012-4388,0.01955,0.77585
CVE-2012-4389,0.05822,0.89998
CVE-2012-4390,0.01061,0.51015
CVE-2012-4391,0.01136,0.57949
CVE-2012-4392,0.01136,0.57949
CVE-2012-4393,0.01213,0.6557
CVE-2012-4394,0.01136,0.57949
CVE-2012-4395,0.01136,0.57949
CVE-2012-4396,0.01955,0.77585
CVE-2012-4397,0.01213,0.6557
CVE-2012-4398,0.01282,0.67298
CVE-2012-4399,0.07392,0.92245
CVE-2012-4400,0.01061,0.51015
CVE-2012-4401,0.01061,0.51015
CVE-2012-4402,0.01061,0.51015
CVE-2012-4403,0.01136,0.57949
CVE-2012-4404,0.01649,0.75017
CVE-2012-4405,0.06604,0.91138
CVE-2012-4406,0.1127,0.94787
CVE-2012-4407,0.01136,0.57949
CVE-2012-4408,0.01061,0.51015
CVE-2012-4409,0.2988,0.97367
CVE-2012-4411,0.01547,0.74085
CVE-2012-4412,0.28604,0.97175
CVE-2012-4413,0.01232,0.66248
CVE-2012-4414,0.01815,0.76117
CVE-2012-4415,0.36795,0.97786
CVE-2012-4416,0.04358,0.87435
CVE-2012-4417,0.0095,0.30554
CVE-2012-4418,0.01484,0.72722
CVE-2012-4419,0.01974,0.7812
CVE-2012-4420,0.01319,0.70416
CVE-2012-4421,0.01061,0.51015
CVE-2012-4422,0.01061,0.51015
CVE-2012-4423,0.02172,0.79917
CVE-2012-4424,0.03073,0.82961
CVE-2012-4425,0.02172,0.79379
CVE-2012-4426,0.04146,0.85406
CVE-2012-4427,0.01319,0.70416
CVE-2012-4428,0.01537,0.73595
CVE-2012-4429,0.01319,0.70416
CVE-2012-4430,0.01815,0.76117
CVE-2012-4432,0.08263,0.93269
CVE-2012-4433,0.07544,0.92484
CVE-2012-4434,0.03391,0.83657
CVE-2012-4435,0.01232,0.66248
CVE-2012-4436,0.01592,0.74578
CVE-2012-4437,0.01955,0.77585
CVE-2012-4438,0.04571,0.88388
CVE-2012-4439,0.01213,0.6557
CVE-2012-4440,0.01136,0.57949
CVE-2012-4441,0.01136,0.57949
CVE-2012-4442,0.0089,0.2856
CVE-2012-4443,0.01592,0.74578
CVE-2012-4444,0.02172,0.79917
CVE-2012-4445,0.02172,0.79917
CVE-2012-4446,0.01484,0.72722
CVE-2012-4447,0.06604,0.91138
CVE-2012-4448,0.01213,0.6557
CVE-2012-4449,0.00885,0.26162
CVE-2012-4450,0.01315,0.67456
CVE-2012-4451,0.01408,0.72072
CVE-2012-4452,0.0095,0.30554
CVE-2012-4453,0.01104,0.52279
CVE-2012-4454,0.01547,0.74085
CVE-2012-4455,0.01282,0.67298
CVE-2012-4456,0.02172,0.79917
CVE-2012-4457,0.01315,0.67456
CVE-2012-4458,0.02072,0.79023
CVE-2012-4459,0.02072,0.79023
CVE-2012-4460,0.01484,0.72722
CVE-2012-4461,0.01282,0.67298
CVE-2012-4462,0.01213,0.6557
CVE-2012-4463,0.01319,0.70416
CVE-2012-4464,0.01108,0.53389
CVE-2012-4465,0.04724,0.88696
CVE-2012-4466,0.01537,0.73595
CVE-2012-4467,0.0095,0.30554
CVE-2012-4468,0.01213,0.6557
CVE-2012-4469,0.01213,0.6557
CVE-2012-4470,0.01018,0.38792
CVE-2012-4471,0.01213,0.6557
CVE-2012-4472,0.01213,0.6557
CVE-2012-4473,0.01132,0.54372
CVE-2012-4474,0.01213,0.6557
CVE-2012-4475,0.01213,0.6557
CVE-2012-4476,0.01055,0.50287
CVE-2012-4477,0.01055,0.50287
CVE-2012-4478,0.01055,0.50287
CVE-2012-4479,0.01055,0.50287
CVE-2012-4480,0.0095,0.30554
CVE-2012-4481,0.01108,0.53389
CVE-2012-4482,0.01136,0.57949
CVE-2012-4483,0.01213,0.6557
CVE-2012-4484,0.01213,0.6557
CVE-2012-4485,0.01319,0.70416
CVE-2012-4486,0.01213,0.6557
CVE-2012-4487,0.01132,0.54372
CVE-2012-4488,0.01213,0.6557
CVE-2012-4489,0.01319,0.70416
CVE-2012-4490,0.01213,0.6557
CVE-2012-4491,0.01213,0.6557
CVE-2012-4492,0.01232,0.66248
CVE-2012-4493,0.01132,0.54372
CVE-2012-4494,0.01018,0.38792
CVE-2012-4495,0.01232,0.66248
CVE-2012-4496,0.01232,0.66248
CVE-2012-4497,0.01232,0.66248
CVE-2012-4498,0.01213,0.6557
CVE-2012-4499,0.01213,0.6557
CVE-2012-4500,0.01132,0.54372
CVE-2012-4501,0.01136,0.57949
CVE-2012-4502,0.01213,0.6557
CVE-2012-4503,0.01213,0.6557
CVE-2012-4504,0.01537,0.73595
CVE-2012-4505,0.02686,0.82061
CVE-2012-4506,0.01232,0.66248
CVE-2012-4507,0.01319,0.70416
CVE-2012-4508,0.01547,0.74085
CVE-2012-4510,0.01136,0.57949
CVE-2012-4511,0.01213,0.6557
CVE-2012-4512,0.01955,0.77585
CVE-2012-4513,0.02172,0.79917
CVE-2012-4514,0.01319,0.70416
CVE-2012-4515,0.04967,0.88981
CVE-2012-4516,0.01213,0.6557
CVE-2012-4517,0.01408,0.72072
CVE-2012-4518,0.0095,0.30554
CVE-2012-4519,0.00885,0.26162
CVE-2012-4520,0.03779,0.84781
CVE-2012-4522,0.01183,0.60428
CVE-2012-4523,0.01408,0.72072
CVE-2012-4524,0.01537,0.73595
CVE-2012-4525,0.01018,0.38792
CVE-2012-4526,0.01018,0.38792
CVE-2012-4527,0.06604,0.91138
CVE-2012-4528,0.12715,0.95359
CVE-2012-4529,0.01319,0.70416
CVE-2012-4530,0.02115,0.79119
CVE-2012-4531,0.01319,0.70416
CVE-2012-4532,0.01319,0.70416
CVE-2012-4533,0.03407,0.83908
CVE-2012-4534,0.07344,0.92237
CVE-2012-4535,0.01547,0.74085
CVE-2012-4536,0.01547,0.74085
CVE-2012-4537,0.01547,0.74085
CVE-2012-4538,0.01547,0.74085
CVE-2012-4539,0.01547,0.74085
CVE-2012-4540,0.05647,0.89773
CVE-2012-4541,0.01136,0.57949
CVE-2012-4542,0.01104,0.52279
CVE-2012-4543,0.01319,0.70416
CVE-2012-4544,0.01547,0.74085
CVE-2012-4545,0.01183,0.60428
CVE-2012-4546,0.01055,0.50287
CVE-2012-4547,0.01018,0.38792
CVE-2012-4548,0.02186,0.8012
CVE-2012-4549,0.01018,0.38792
CVE-2012-4550,0.01213,0.6557
CVE-2012-4551,0.03656,0.84261
CVE-2012-4552,0.2988,0.97367
CVE-2012-4553,0.01213,0.6557
CVE-2012-4554,0.31053,0.9744
CVE-2012-4555,0.01132,0.54372
CVE-2012-4556,0.01132,0.54372
CVE-2012-4557,0.07344,0.92237
CVE-2012-4558,0.07344,0.92237
CVE-2012-4559,0.07544,0.92484
CVE-2012-4560,0.07544,0.92484
CVE-2012-4561,0.03779,0.84781
CVE-2012-4562,0.08228,0.93218
CVE-2012-4563,0.01136,0.57949
CVE-2012-4564,0.06604,0.91138
CVE-2012-4565,0.01547,0.74085
CVE-2012-4566,0.01319,0.70416
CVE-2012-4567,0.01213,0.6557
CVE-2012-4568,0.01136,0.57949
CVE-2012-4569,0.01213,0.6557
CVE-2012-4570,0.01213,0.6557
CVE-2012-4571,0.0095,0.30554
CVE-2012-4572,0.0089,0.2856
CVE-2012-4573,0.02186,0.8012
CVE-2012-4574,0.01034,0.39824
CVE-2012-4575,0.01213,0.6557
CVE-2012-4576,0.01034,0.39824
CVE-2012-4577,0.01213,0.6557
CVE-2012-4578,0.00885,0.26162
CVE-2012-4579,0.01055,0.50287
CVE-2012-4580,0.01055,0.50287
CVE-2012-4581,0.01055,0.50287
CVE-2012-4582,0.01055,0.50287
CVE-2012-4583,0.01055,0.50287
CVE-2012-4584,0.01055,0.50287
CVE-2012-4585,0.01055,0.50287
CVE-2012-4586,0.01055,0.50287
CVE-2012-4587,0.01055,0.50287
CVE-2012-4588,0.01055,0.50287
CVE-2012-4589,0.01055,0.50287
CVE-2012-4590,0.01055,0.50287
CVE-2012-4591,0.01055,0.50287
CVE-2012-4592,0.01055,0.50287
CVE-2012-4593,0.00885,0.26162
CVE-2012-4594,0.01055,0.50287
CVE-2012-4595,0.01136,0.57949
CVE-2012-4596,0.01055,0.50287
CVE-2012-4597,0.01136,0.57949
CVE-2012-4598,0.79178,0.99443
CVE-2012-4599,0.04611,0.88458
CVE-2012-4600,0.01213,0.6557
CVE-2012-4601,0.01132,0.54372
CVE-2012-4602,0.01213,0.6557
CVE-2012-4603,0.04836,0.88802
CVE-2012-4604,0.01055,0.50287
CVE-2012-4605,0.01136,0.57949
CVE-2012-4606,0.00885,0.26162
CVE-2012-4607,0.08096,0.93059
CVE-2012-4608,0.01055,0.50287
CVE-2012-4609,0.01055,0.50287
CVE-2012-4610,0.01136,0.57949
CVE-2012-4611,0.01319,0.70416
CVE-2012-4612,0.01055,0.50287
CVE-2012-4613,0.00885,0.26162
CVE-2012-4614,0.01213,0.6557
CVE-2012-4615,0.01034,0.39824
CVE-2012-4616,0.01055,0.50287
CVE-2012-4617,0.01136,0.57949
CVE-2012-4618,0.01136,0.57949
CVE-2012-4619,0.01136,0.57949
CVE-2012-4620,0.01213,0.6557
CVE-2012-4621,0.01055,0.50287
CVE-2012-4622,0.01213,0.6557
CVE-2012-4623,0.01213,0.6557
CVE-2012-4629,0.01055,0.50287
CVE-2012-4638,0.00885,0.26162
CVE-2012-4643,0.01136,0.57949
CVE-2012-4651,0.01055,0.50287
CVE-2012-4655,0.06309,0.90494
CVE-2012-4658,0.01055,0.50287
CVE-2012-4659,0.01136,0.57949
CVE-2012-4660,0.01136,0.57949
CVE-2012-4661,0.07525,0.92398
CVE-2012-4662,0.01319,0.70416
CVE-2012-4663,0.01319,0.70416
CVE-2012-4667,0.01213,0.6557
CVE-2012-4668,0.01213,0.6557
CVE-2012-4669,0.00885,0.26162
CVE-2012-4670,0.01018,0.38792
CVE-2012-4671,0.00885,0.26162
CVE-2012-4672,0.00885,0.26162
CVE-2012-4673,0.01136,0.57949
CVE-2012-4674,0.01055,0.50287
CVE-2012-4675,0.01213,0.6557
CVE-2012-4676,0.0089,0.2856
CVE-2012-4677,0.00885,0.26162
CVE-2012-4678,0.02172,0.79917
CVE-2012-4679,0.01319,0.70416
CVE-2012-4680,0.04979,0.88995
CVE-2012-4682,0.00885,0.26162
CVE-2012-4683,0.00885,0.26162
CVE-2012-4684,0.01213,0.6557
CVE-2012-4685,0.02614,0.81254
CVE-2012-4686,0.00986,0.35784
CVE-2012-4687,0.00885,0.26162
CVE-2012-4688,0.01055,0.50287
CVE-2012-4689,0.01055,0.50287
CVE-2012-4690,0.01136,0.57949
CVE-2012-4691,0.01055,0.50287
CVE-2012-4693,0.00885,0.26162
CVE-2012-4694,0.00885,0.26162
CVE-2012-4695,0.01055,0.50287
CVE-2012-4696,0.00885,0.26162
CVE-2012-4697,0.01055,0.50287
CVE-2012-4698,0.01018,0.38792
CVE-2012-4700,0.05629,0.89602
CVE-2012-4701,0.05822,0.89998
CVE-2012-4702,0.04611,0.88458
CVE-2012-4703,0.01055,0.50287
CVE-2012-4704,0.04611,0.88458
CVE-2012-4705,0.75804,0.99333
CVE-2012-4706,0.01055,0.50287
CVE-2012-4707,0.04611,0.88458
CVE-2012-4708,0.04611,0.88458
CVE-2012-4709,0.01055,0.50287
CVE-2012-4710,0.01055,0.50287
CVE-2012-4711,0.65773,0.98988
CVE-2012-4712,0.01055,0.50287
CVE-2012-4713,0.01055,0.50287
CVE-2012-4714,0.01055,0.50287
CVE-2012-4715,0.0556,0.89553
CVE-2012-4716,0.01055,0.50287
CVE-2012-4728,0.01319,0.70416
CVE-2012-4729,0.01132,0.54372
CVE-2012-4730,0.01055,0.50287
CVE-2012-4731,0.01132,0.54372
CVE-2012-4732,0.01055,0.50287
CVE-2012-4733,0.01132,0.54372
CVE-2012-4734,0.01055,0.50287
CVE-2012-4736,0.00885,0.26162
CVE-2012-4737,0.01232,0.66248
CVE-2012-4739,0.01962,0.77634
CVE-2012-4740,0.01213,0.6557
CVE-2012-4741,0.01136,0.57949
CVE-2012-4742,0.05822,0.89998
CVE-2012-4743,0.01213,0.6557
CVE-2012-4744,0.01213,0.6557
CVE-2012-4745,0.01962,0.77634
CVE-2012-4746,0.04979,0.88995
CVE-2012-4747,0.01136,0.57949
CVE-2012-4750,0.11963,0.94963
CVE-2012-4751,0.01319,0.70416
CVE-2012-4752,0.01213,0.6557
CVE-2012-4753,0.01055,0.50287
CVE-2012-4754,0.00885,0.26162
CVE-2012-4755,0.0089,0.2856
CVE-2012-4756,0.00885,0.26162
CVE-2012-4757,0.00885,0.26162
CVE-2012-4758,0.00885,0.26162
CVE-2012-4759,0.00885,0.26162
CVE-2012-4760,0.0089,0.2856
CVE-2012-4761,0.0089,0.2856
CVE-2012-4767,0.0089,0.2856
CVE-2012-4768,0.02255,0.80558
CVE-2012-4771,0.01319,0.70416
CVE-2012-4772,0.01319,0.70416
CVE-2012-4773,0.1192,0.9496
CVE-2012-4774,0.49719,0.98611
CVE-2012-4775,0.49485,0.98543
CVE-2012-4776,0.58141,0.98773
CVE-2012-4777,0.58141,0.98773
CVE-2012-4781,0.39349,0.98008
CVE-2012-4782,0.39349,0.98008
CVE-2012-4786,0.49719,0.98611
CVE-2012-4787,0.39349,0.98008
CVE-2012-4791,0.21344,0.9638
CVE-2012-4816,0.01055,0.50287
CVE-2012-4817,0.02172,0.79917
CVE-2012-4818,0.01055,0.50287
CVE-2012-4819,0.01055,0.50287
CVE-2012-4820,0.04358,0.87435
CVE-2012-4821,0.12248,0.95092
CVE-2012-4822,0.12248,0.95092
CVE-2012-4823,0.12248,0.95092
CVE-2012-4824,0.01055,0.50287
CVE-2012-4825,0.01055,0.50287
CVE-2012-4826,0.08336,0.93297
CVE-2012-4829,0.00885,0.26162
CVE-2012-4830,0.01213,0.6557
CVE-2012-4832,0.01055,0.50287
CVE-2012-4833,0.01282,0.67298
CVE-2012-4834,0.01319,0.70416
CVE-2012-4835,0.01136,0.57949
CVE-2012-4836,0.01061,0.51015
CVE-2012-4837,0.01061,0.51015
CVE-2012-4838,0.0089,0.2856
CVE-2012-4839,0.01136,0.57949
CVE-2012-4840,0.01136,0.57949
CVE-2012-4841,0.01136,0.57949
CVE-2012-4842,0.01055,0.50287
CVE-2012-4844,0.01055,0.50287
CVE-2012-4845,0.01104,0.52279
CVE-2012-4846,0.01136,0.57949
CVE-2012-4847,0.01055,0.50287
CVE-2012-4848,0.01055,0.50287
CVE-2012-4850,0.01213,0.6557
CVE-2012-4851,0.01213,0.6557
CVE-2012-4853,0.01213,0.6557
CVE-2012-4855,0.01213,0.6557
CVE-2012-4856,0.06523,0.90962
CVE-2012-4857,0.05302,0.89375
CVE-2012-4858,0.01136,0.57949
CVE-2012-4859,0.0089,0.2856
CVE-2012-4861,0.01055,0.50287
CVE-2012-4862,0.0095,0.30554
CVE-2012-4863,0.00885,0.26162
CVE-2012-4864,0.08387,0.93598
CVE-2012-4865,0.09806,0.94072
CVE-2012-4866,0.01592,0.74578
CVE-2012-4867,0.04979,0.88995
CVE-2012-4868,0.01055,0.50287
CVE-2012-4870,0.01408,0.72072
CVE-2012-4871,0.01962,0.77634
CVE-2012-4872,0.01319,0.70416
CVE-2012-4873,0.01962,0.77634
CVE-2012-4874,0.01018,0.38792
CVE-2012-4875,0.06309,0.90494
CVE-2012-4876,0.75899,0.99334
CVE-2012-4877,0.07015,0.91868
CVE-2012-4878,0.04979,0.88995
CVE-2012-4879,0.01055,0.50287
CVE-2012-4880,0.00885,0.26162
CVE-2012-4881,0.00885,0.26162
CVE-2012-4882,0.00885,0.26162
CVE-2012-4883,0.00885,0.26162
CVE-2012-4884,0.01055,0.50287
CVE-2012-4885,0.01408,0.72072
CVE-2012-4886,0.18609,0.9615
CVE-2012-4889,0.04353,0.87055
CVE-2012-4890,0.01319,0.70416
CVE-2012-4891,0.01213,0.6557
CVE-2012-4892,0.01136,0.57949
CVE-2012-4893,0.01136,0.57949
CVE-2012-4894,0.04146,0.85406
CVE-2012-4895,0.06309,0.90494
CVE-2012-4896,0.06309,0.90494
CVE-2012-4897,0.0095,0.30554
CVE-2012-4898,0.00885,0.26162
CVE-2012-4899,0.00885,0.26162
CVE-2012-4900,0.00954,0.34522
CVE-2012-4901,0.01213,0.6557
CVE-2012-4902,0.01213,0.6557
CVE-2012-4903,0.01055,0.50287
CVE-2012-4904,0.01055,0.50287
CVE-2012-4905,0.01962,0.77634
CVE-2012-4906,0.04979,0.88995
CVE-2012-4907,0.01055,0.50287
CVE-2012-4908,0.04979,0.88995
CVE-2012-4909,0.02345,0.80645
CVE-2012-4912,0.01319,0.70416
CVE-2012-4914,0.71507,0.99152
CVE-2012-4915,0.76812,0.99366
CVE-2012-4917,0.01055,0.50287
CVE-2012-4918,0.01213,0.6557
CVE-2012-4919,0.00885,0.26162
CVE-2012-4920,0.01213,0.6557
CVE-2012-4921,0.01055,0.50287
CVE-2012-4922,0.01408,0.72072
CVE-2012-4923,0.01962,0.77634
CVE-2012-4924,0.74177,0.99262
CVE-2012-4925,0.01319,0.70416
CVE-2012-4926,0.01055,0.50287
CVE-2012-4927,0.028,0.82308
CVE-2012-4928,0.01962,0.77634
CVE-2012-4930,0.01537,0.73595
CVE-2012-4932,0.01953,0.77242
CVE-2012-4933,0.6684,0.9901
CVE-2012-4934,0.01132,0.54372
CVE-2012-4935,0.01213,0.6557
CVE-2012-4936,0.01213,0.6557
CVE-2012-4937,0.01213,0.6557
CVE-2012-4938,0.01132,0.54372
CVE-2012-4939,0.01953,0.77242
CVE-2012-4940,0.80421,0.99491
CVE-2012-4941,0.01055,0.50287
CVE-2012-4942,0.01055,0.50287
CVE-2012-4943,0.01136,0.57949
CVE-2012-4944,0.05822,0.89998
CVE-2012-4945,0.01055,0.50287
CVE-2012-4946,0.00954,0.34522
CVE-2012-4947,0.01136,0.57949
CVE-2012-4948,0.00954,0.34522
CVE-2012-4949,0.00986,0.35784
CVE-2012-4950,0.01213,0.6557
CVE-2012-4951,0.00986,0.35784
CVE-2012-4952,0.01136,0.57949
CVE-2012-4953,0.04146,0.85406
CVE-2012-4954,0.01061,0.51015
CVE-2012-4955,0.01408,0.72072
CVE-2012-4956,0.70536,0.99125
CVE-2012-4957,0.76641,0.99357
CVE-2012-4958,0.76641,0.99357
CVE-2012-4959,0.75349,0.99297
CVE-2012-4960,0.07032,0.919
CVE-2012-4964,0.01055,0.50287
CVE-2012-4968,0.01213,0.6557
CVE-2012-4969,0.91094,0.99869
CVE-2012-4970,0.01136,0.57949
CVE-2012-4971,0.01055,0.50287
CVE-2012-4972,0.01136,0.57949
CVE-2012-4974,0.01055,0.50287
CVE-2012-4975,0.01055,0.50287
CVE-2012-4976,0.01055,0.50287
CVE-2012-4977,0.01055,0.50287
CVE-2012-4980,0.01005,0.36332
CVE-2012-4981,0.01689,0.75137
CVE-2012-4982,0.06033,0.9015
CVE-2012-4983,0.01055,0.50287
CVE-2012-4985,0.01213,0.6557
CVE-2012-4987,0.07525,0.92398
CVE-2012-4988,0.13522,0.95501
CVE-2012-4989,0.02255,0.80558
CVE-2012-4990,0.01319,0.70416
CVE-2012-4991,0.05808,0.89942
CVE-2012-4992,0.16386,0.95923
CVE-2012-4993,0.01055,0.50287
CVE-2012-4994,0.01132,0.54372
CVE-2012-4995,0.01213,0.6557
CVE-2012-4996,0.01319,0.70416
CVE-2012-4997,0.04979,0.88995
CVE-2012-4998,0.01962,0.77634
CVE-2012-4999,0.04979,0.88995
CVE-2012-5000,0.00986,0.35784
CVE-2012-5001,0.05139,0.89128
CVE-2012-5002,0.72092,0.99192
CVE-2012-5003,0.06523,0.90962
CVE-2012-5004,0.01213,0.6557
CVE-2012-5005,0.04979,0.88995
CVE-2012-5006,0.06309,0.90494
CVE-2012-5007,0.01213,0.6557
CVE-2012-5010,0.00885,0.26162
CVE-2012-5014,0.01055,0.50287
CVE-2012-5017,0.01055,0.50287
CVE-2012-5030,0.01055,0.50287
CVE-2012-5032,0.01055,0.50287
CVE-2012-5036,0.01055,0.50287
CVE-2012-5037,0.00885,0.26162
CVE-2012-5039,0.01055,0.50287
CVE-2012-5044,0.01055,0.50287
CVE-2012-5048,0.01055,0.50287
CVE-2012-5049,0.01055,0.50287
CVE-2012-5050,0.01319,0.70416
CVE-2012-5051,0.01136,0.57949
CVE-2012-5053,0.01136,0.57949
CVE-2012-5054,0.06309,0.90494
CVE-2012-5055,0.01055,0.50287
CVE-2012-5056,0.01055,0.50287
CVE-2012-5057,0.01055,0.50287
CVE-2012-5058,0.01055,0.50287
CVE-2012-5059,0.01055,0.50287
CVE-2012-5060,0.01132,0.54372
CVE-2012-5061,0.01132,0.54372
CVE-2012-5062,0.01055,0.50287
CVE-2012-5063,0.01136,0.57949
CVE-2012-5064,0.01132,0.54372
CVE-2012-5065,0.00885,0.26162
CVE-2012-5066,0.01136,0.57949
CVE-2012-5067,0.01974,0.7812
CVE-2012-5068,0.04358,0.87435
CVE-2012-5069,0.03932,0.8519
CVE-2012-5070,0.02172,0.79917
CVE-2012-5071,0.04358,0.87435
CVE-2012-5072,0.04358,0.87435
CVE-2012-5073,0.04358,0.87435
CVE-2012-5074,0.02172,0.79917
CVE-2012-5075,0.04358,0.87435
CVE-2012-5076,0.82887,0.99556
CVE-2012-5077,0.03932,0.8519
CVE-2012-5078,0.01213,0.6557
CVE-2012-5079,0.04358,0.87435
CVE-2012-5080,0.01213,0.6557
CVE-2012-5081,0.04358,0.87435
CVE-2012-5082,0.01213,0.6557
CVE-2012-5083,0.04358,0.87435
CVE-2012-5084,0.03932,0.8519
CVE-2012-5085,0.02528,0.8112
CVE-2012-5086,0.04358,0.87435
CVE-2012-5087,0.03779,0.84781
CVE-2012-5088,0.82887,0.99556
CVE-2012-5089,0.03932,0.8519
CVE-2012-5090,0.01055,0.50287
CVE-2012-5091,0.01213,0.6557
CVE-2012-5092,0.01055,0.50287
CVE-2012-5093,0.01055,0.50287
CVE-2012-5094,0.01055,0.50287
CVE-2012-5095,0.00885,0.26162
CVE-2012-5096,0.01232,0.66248
CVE-2012-5097,0.01055,0.50287
CVE-2012-5098,0.00986,0.35784
CVE-2012-5099,0.01953,0.77242
CVE-2012-5100,0.06033,0.9015
CVE-2012-5101,0.01213,0.6557
CVE-2012-5102,0.02255,0.80558
CVE-2012-5103,0.01319,0.70416
CVE-2012-5104,0.02255,0.80558
CVE-2012-5105,0.02255,0.80558
CVE-2012-5108,0.06523,0.90962
CVE-2012-5109,0.01136,0.57949
CVE-2012-5110,0.01136,0.57949
CVE-2012-5111,0.0095,0.30554
CVE-2012-5112,0.10439,0.94383
CVE-2012-5115,0.01213,0.6557
CVE-2012-5116,0.01319,0.70416
CVE-2012-5117,0.01018,0.38792
CVE-2012-5118,0.01213,0.6557
CVE-2012-5119,0.01319,0.70416
CVE-2012-5120,0.01213,0.6557
CVE-2012-5121,0.01319,0.70416
CVE-2012-5122,0.01319,0.70416
CVE-2012-5123,0.01319,0.70416
CVE-2012-5124,0.01319,0.70416
CVE-2012-5125,0.01319,0.70416
CVE-2012-5126,0.01319,0.70416
CVE-2012-5127,0.01319,0.70416
CVE-2012-5128,0.01213,0.6557
CVE-2012-5129,0.01136,0.57949
CVE-2012-5130,0.01408,0.72072
CVE-2012-5131,0.01213,0.6557
CVE-2012-5132,0.01408,0.72072
CVE-2012-5133,0.01319,0.70416
CVE-2012-5134,0.06154,0.90253
CVE-2012-5135,0.01408,0.72072
CVE-2012-5136,0.01408,0.72072
CVE-2012-5137,0.01319,0.70416
CVE-2012-5138,0.01108,0.53389
CVE-2012-5139,0.01213,0.6557
CVE-2012-5140,0.01213,0.6557
CVE-2012-5141,0.01018,0.38792
CVE-2012-5142,0.04291,0.87022
CVE-2012-5143,0.01213,0.6557
CVE-2012-5144,0.01319,0.70416
CVE-2012-5145,0.01213,0.6557
CVE-2012-5146,0.01213,0.6557
CVE-2012-5147,0.01213,0.6557
CVE-2012-5148,0.01018,0.38792
CVE-2012-5149,0.01213,0.6557
CVE-2012-5150,0.01213,0.6557
CVE-2012-5151,0.01136,0.57949
CVE-2012-5152,0.01213,0.6557
CVE-2012-5153,0.01213,0.6557
CVE-2012-5154,0.01018,0.38792
CVE-2012-5155,0.01055,0.50287
CVE-2012-5156,0.01136,0.57949
CVE-2012-5157,0.01213,0.6557
CVE-2012-5158,0.01055,0.50287
CVE-2012-5159,0.75349,0.99297
CVE-2012-5161,0.07525,0.92398
CVE-2012-5162,0.01132,0.54372
CVE-2012-5163,0.01213,0.6557
CVE-2012-5164,0.01213,0.6557
CVE-2012-5166,0.26383,0.96972
CVE-2012-5167,0.02172,0.79917
CVE-2012-5168,0.01974,0.7812
CVE-2012-5169,0.01319,0.70416
CVE-2012-5170,0.01319,0.70416
CVE-2012-5171,0.01319,0.70416
CVE-2012-5172,0.01136,0.57949
CVE-2012-5173,0.01213,0.6557
CVE-2012-5174,0.01136,0.57949
CVE-2012-5175,0.01136,0.57949
CVE-2012-5176,0.01136,0.57949
CVE-2012-5177,0.01136,0.57949
CVE-2012-5178,0.01136,0.57949
CVE-2012-5179,0.00885,0.26162
CVE-2012-5180,0.00885,0.26162
CVE-2012-5181,0.01136,0.57949
CVE-2012-5182,0.00954,0.34522
CVE-2012-5183,0.00954,0.34522
CVE-2012-5184,0.01136,0.57949
CVE-2012-5185,0.01136,0.57949
CVE-2012-5186,0.01213,0.6557
CVE-2012-5187,0.00885,0.26162
CVE-2012-5188,0.01136,0.57949
CVE-2012-5190,0.08382,0.93597
CVE-2012-5192,0.31822,0.97484
CVE-2012-5193,0.01055,0.50287
CVE-2012-5195,0.04229,0.86856
CVE-2012-5196,0.00954,0.34522
CVE-2012-5197,0.00954,0.34522
CVE-2012-5198,0.01136,0.57949
CVE-2012-5199,0.06133,0.90187
CVE-2012-5200,0.01055,0.50287
CVE-2012-5201,0.89586,0.99821
CVE-2012-5202,0.35266,0.97729
CVE-2012-5203,0.35266,0.97729
CVE-2012-5204,0.35266,0.97729
CVE-2012-5205,0.01136,0.57949
CVE-2012-5206,0.01136,0.57949
CVE-2012-5207,0.01136,0.57949
CVE-2012-5208,0.01136,0.57949
CVE-2012-5209,0.25143,0.96828
CVE-2012-5210,0.01136,0.57949
CVE-2012-5211,0.01136,0.57949
CVE-2012-5212,0.01136,0.57949
CVE-2012-5213,0.01136,0.57949
CVE-2012-5214,0.01055,0.50287
CVE-2012-5215,0.01136,0.57949
CVE-2012-5216,0.01136,0.57949
CVE-2012-5217,0.01055,0.50287
CVE-2012-5218,0.00885,0.26162
CVE-2012-5219,0.01055,0.50287
CVE-2012-5220,0.00885,0.26162
CVE-2012-5221,0.01136,0.57949
CVE-2012-5222,0.01055,0.50287
CVE-2012-5223,0.78264,0.99421
CVE-2012-5224,0.06033,0.9015
CVE-2012-5225,0.01953,0.77242
CVE-2012-5226,0.01136,0.57949
CVE-2012-5227,0.01136,0.57949
CVE-2012-5228,0.01213,0.6557
CVE-2012-5229,0.01953,0.77242
CVE-2012-5230,0.01018,0.38792
CVE-2012-5231,0.06033,0.9015
CVE-2012-5232,0.01136,0.57949
CVE-2012-5233,0.01232,0.66248
CVE-2012-5234,0.01055,0.50287
CVE-2012-5237,0.01974,0.7812
CVE-2012-5238,0.02172,0.79917
CVE-2012-5240,0.01408,0.72072
CVE-2012-5242,0.01055,0.50287
CVE-2012-5243,0.01055,0.50287
CVE-2012-5244,0.01319,0.70416
CVE-2012-5248,0.03601,0.84249
CVE-2012-5249,0.03601,0.84249
CVE-2012-5250,0.03601,0.84249
CVE-2012-5251,0.03601,0.84249
CVE-2012-5252,0.03444,0.84021
CVE-2012-5253,0.03601,0.84249
CVE-2012-5254,0.03601,0.84249
CVE-2012-5255,0.03601,0.84249
CVE-2012-5256,0.03444,0.84021
CVE-2012-5257,0.03601,0.84249
CVE-2012-5258,0.03444,0.84021
CVE-2012-5259,0.03601,0.84249
CVE-2012-5260,0.03601,0.84249
CVE-2012-5261,0.03444,0.84021
CVE-2012-5262,0.03601,0.84249
CVE-2012-5263,0.03444,0.84021
CVE-2012-5264,0.03601,0.84249
CVE-2012-5265,0.03601,0.84249
CVE-2012-5266,0.03601,0.84249
CVE-2012-5267,0.03444,0.84021
CVE-2012-5268,0.03444,0.84021
CVE-2012-5269,0.03444,0.84021
CVE-2012-5270,0.03444,0.84021
CVE-2012-5271,0.03444,0.84021
CVE-2012-5272,0.03444,0.84021
CVE-2012-5273,0.03601,0.84249
CVE-2012-5274,0.04631,0.88514
CVE-2012-5275,0.04631,0.88514
CVE-2012-5276,0.04631,0.88514
CVE-2012-5277,0.04631,0.88514
CVE-2012-5278,0.04631,0.88514
CVE-2012-5279,0.0443,0.87699
CVE-2012-5280,0.04631,0.88514
CVE-2012-5285,0.03601,0.84249
CVE-2012-5286,0.03601,0.84249
CVE-2012-5287,0.03601,0.84249
CVE-2012-5288,0.00986,0.35784
CVE-2012-5289,0.01213,0.6557
CVE-2012-5290,0.01055,0.50287
CVE-2012-5291,0.00986,0.35784
CVE-2012-5292,0.00986,0.35784
CVE-2012-5293,0.06449,0.90609
CVE-2012-5294,0.00986,0.35784
CVE-2012-5295,0.01953,0.77242
CVE-2012-5296,0.01213,0.6557
CVE-2012-5297,0.01213,0.6557
CVE-2012-5298,0.01213,0.6557
CVE-2012-5299,0.01213,0.6557
CVE-2012-5300,0.01213,0.6557
CVE-2012-5301,0.01055,0.50287
CVE-2012-5302,0.01213,0.6557
CVE-2012-5303,0.0089,0.2856
CVE-2012-5304,0.01055,0.50287
CVE-2012-5305,0.01213,0.6557
CVE-2012-5306,0.15386,0.95781
CVE-2012-5307,0.01055,0.50287
CVE-2012-5308,0.01055,0.50287
CVE-2012-5309,0.01055,0.50287
CVE-2012-5310,0.01213,0.6557
CVE-2012-5312,0.00986,0.35784
CVE-2012-5313,0.00986,0.35784
CVE-2012-5314,0.01213,0.6557
CVE-2012-5315,0.01953,0.77242
CVE-2012-5316,0.01132,0.54372
CVE-2012-5317,0.01213,0.6557
CVE-2012-5318,0.05629,0.89602
CVE-2012-5319,0.06033,0.9015
CVE-2012-5320,0.06033,0.9015
CVE-2012-5321,0.07392,0.92245
CVE-2012-5322,0.01953,0.77242
CVE-2012-5323,0.06033,0.9015
CVE-2012-5324,0.11755,0.94947
CVE-2012-5325,0.01061,0.51015
CVE-2012-5326,0.06033,0.9015
CVE-2012-5327,0.01132,0.54372
CVE-2012-5328,0.01055,0.50287
CVE-2012-5329,0.05808,0.89942
CVE-2012-5330,0.01213,0.6557
CVE-2012-5331,0.01136,0.57949
CVE-2012-5332,0.01213,0.6557
CVE-2012-5333,0.01139,0.58345
CVE-2012-5334,0.01139,0.58345
CVE-2012-5335,0.05808,0.89942
CVE-2012-5336,0.01055,0.50287
CVE-2012-5337,0.01953,0.77242
CVE-2012-5338,0.01055,0.50287
CVE-2012-5339,0.01132,0.54372
CVE-2012-5340,0.02808,0.8233
CVE-2012-5341,0.01953,0.77242
CVE-2012-5342,0.00986,0.35784
CVE-2012-5343,0.02255,0.80558
CVE-2012-5344,0.06033,0.9015
CVE-2012-5345,0.06033,0.9015
CVE-2012-5346,0.01953,0.77242
CVE-2012-5347,0.12753,0.95373
CVE-2012-5348,0.00986,0.35784
CVE-2012-5349,0.01319,0.70416
CVE-2012-5350,0.01232,0.66248
CVE-2012-5351,0.01136,0.57949
CVE-2012-5352,0.01213,0.6557
CVE-2012-5353,0.01055,0.50287
CVE-2012-5354,0.01319,0.70416
CVE-2012-5355,0.0095,0.30554
CVE-2012-5356,0.01213,0.6557
CVE-2012-5357,0.83379,0.99578
CVE-2012-5358,0.01136,0.57949
CVE-2012-5359,0.01689,0.75137
CVE-2012-5360,0.01689,0.75137
CVE-2012-5361,0.04967,0.88942
CVE-2012-5362,0.0849,0.9361
CVE-2012-5363,0.01055,0.50287
CVE-2012-5364,0.0849,0.9361
CVE-2012-5365,0.01055,0.50287
CVE-2012-5366,0.01055,0.50287
CVE-2012-5367,0.01139,0.58345
CVE-2012-5368,0.01018,0.38792
CVE-2012-5370,0.01108,0.53389
CVE-2012-5371,0.01537,0.73595
CVE-2012-5372,0.01018,0.38792
CVE-2012-5373,0.01034,0.39824
CVE-2012-5374,0.01282,0.67298
CVE-2012-5375,0.03534,0.84129
CVE-2012-5376,0.01408,0.72072
CVE-2012-5377,0.00885,0.26162
CVE-2012-5378,0.00885,0.26162
CVE-2012-5379,0.00885,0.26162
CVE-2012-5380,0.00885,0.26162
CVE-2012-5381,0.00885,0.26162
CVE-2012-5382,0.00885,0.26162
CVE-2012-5383,0.00885,0.26162
CVE-2012-5384,0.01055,0.50287
CVE-2012-5385,0.04611,0.88458
CVE-2012-5386,0.01055,0.50287
CVE-2012-5387,0.01319,0.70416
CVE-2012-5388,0.01132,0.54372
CVE-2012-5389,0.01055,0.50287
CVE-2012-5390,0.01136,0.57949
CVE-2012-5391,0.01319,0.70416
CVE-2012-5394,0.01213,0.6557
CVE-2012-5395,0.01055,0.50287
CVE-2012-5409,0.12131,0.94983
CVE-2012-5415,0.01055,0.50287
CVE-2012-5416,0.01136,0.57949
CVE-2012-5417,0.01136,0.57949
CVE-2012-5419,0.01055,0.50287
CVE-2012-5422,0.01055,0.50287
CVE-2012-5424,0.01319,0.70416
CVE-2012-5427,0.01055,0.50287
CVE-2012-5429,0.00885,0.26162
CVE-2012-5444,0.01055,0.50287
CVE-2012-5445,0.0272,0.82083
CVE-2012-5450,0.01319,0.70416
CVE-2012-5451,0.08382,0.93597
CVE-2012-5452,0.01776,0.75902
CVE-2012-5453,0.01132,0.54372
CVE-2012-5454,0.01132,0.54372
CVE-2012-5455,0.01319,0.70416
CVE-2012-5456,0.00954,0.34522
CVE-2012-5458,0.0095,0.30554
CVE-2012-5459,0.01018,0.38792
CVE-2012-5460,0.01055,0.50287
CVE-2012-5468,0.07544,0.92484
CVE-2012-5469,0.06033,0.9015
CVE-2012-5470,0.18904,0.96154
CVE-2012-5471,0.01132,0.54372
CVE-2012-5472,0.01132,0.54372
CVE-2012-5473,0.01132,0.54372
CVE-2012-5474,0.0095,0.30554
CVE-2012-5476,0.0089,0.2856
CVE-2012-5477,0.00885,0.26162
CVE-2012-5478,0.02186,0.8012
CVE-2012-5479,0.01132,0.54372
CVE-2012-5480,0.01213,0.6557
CVE-2012-5481,0.01132,0.54372
CVE-2012-5482,0.02186,0.8012
CVE-2012-5483,0.0095,0.30554
CVE-2012-5484,0.01537,0.73595
CVE-2012-5485,0.01213,0.6557
CVE-2012-5486,0.01213,0.6557
CVE-2012-5487,0.01132,0.54372
CVE-2012-5488,0.01213,0.6557
CVE-2012-5489,0.01132,0.54372
CVE-2012-5490,0.01213,0.6557
CVE-2012-5491,0.01213,0.6557
CVE-2012-5492,0.01213,0.6557
CVE-2012-5493,0.01132,0.54372
CVE-2012-5494,0.01213,0.6557
CVE-2012-5495,0.01213,0.6557
CVE-2012-5496,0.01213,0.6557
CVE-2012-5497,0.01213,0.6557
CVE-2012-5498,0.01319,0.70416
CVE-2012-5499,0.01213,0.6557
CVE-2012-5500,0.01213,0.6557
CVE-2012-5501,0.01213,0.6557
CVE-2012-5502,0.01132,0.54372
CVE-2012-5503,0.01213,0.6557
CVE-2012-5504,0.01213,0.6557
CVE-2012-5505,0.01213,0.6557
CVE-2012-5506,0.01213,0.6557
CVE-2012-5507,0.01213,0.6557
CVE-2012-5508,0.01213,0.6557
CVE-2012-5509,0.00885,0.26162
CVE-2012-5510,0.01547,0.74085
CVE-2012-5511,0.01547,0.74085
CVE-2012-5512,0.01547,0.74085
CVE-2012-5513,0.01547,0.74085
CVE-2012-5514,0.01547,0.74085
CVE-2012-5515,0.01547,0.74085
CVE-2012-5516,0.0095,0.30554
CVE-2012-5517,0.01547,0.74085
CVE-2012-5518,0.00954,0.34522
CVE-2012-5520,0.02172,0.79917
CVE-2012-5521,0.01108,0.53389
CVE-2012-5522,0.01232,0.66248
CVE-2012-5523,0.01315,0.67456
CVE-2012-5524,0.01213,0.6557
CVE-2012-5525,0.05938,0.90094
CVE-2012-5526,0.03779,0.84781
CVE-2012-5527,0.0095,0.30554
CVE-2012-5529,0.01232,0.66248
CVE-2012-5530,0.0095,0.30554
CVE-2012-5531,0.01055,0.50287
CVE-2012-5532,0.01282,0.67298
CVE-2012-5533,0.13605,0.95554
CVE-2012-5534,0.03779,0.84781
CVE-2012-5535,0.01018,0.38792
CVE-2012-5536,0.0089,0.2856
CVE-2012-5537,0.01061,0.51015
CVE-2012-5538,0.01132,0.54372
CVE-2012-5539,0.01061,0.51015
CVE-2012-5540,0.01213,0.6557
CVE-2012-5541,0.01213,0.6557
CVE-2012-5542,0.01319,0.70416
CVE-2012-5543,0.01136,0.57949
CVE-2012-5544,0.01061,0.51015
CVE-2012-5545,0.01132,0.54372
CVE-2012-5547,0.01136,0.57949
CVE-2012-5548,0.01055,0.50287
CVE-2012-5549,0.01055,0.50287
CVE-2012-5550,0.01055,0.50287
CVE-2012-5551,0.01213,0.6557
CVE-2012-5552,0.01213,0.6557
CVE-2012-5553,0.01132,0.54372
CVE-2012-5554,0.01213,0.6557
CVE-2012-5556,0.01213,0.6557
CVE-2012-5557,0.01132,0.54372
CVE-2012-5558,0.01132,0.54372
CVE-2012-5559,0.01213,0.6557
CVE-2012-5560,0.0089,0.2856
CVE-2012-5561,0.0095,0.30554
CVE-2012-5562,0.00954,0.34522
CVE-2012-5563,0.01815,0.76117
CVE-2012-5564,0.01104,0.52279
CVE-2012-5565,0.01213,0.6557
CVE-2012-5566,0.01955,0.77585
CVE-2012-5567,0.01955,0.77585
CVE-2012-5568,0.03718,0.84354
CVE-2012-5569,0.01213,0.6557
CVE-2012-5570,0.01132,0.54372
CVE-2012-5571,0.02186,0.8012
CVE-2012-5572,0.01319,0.70416
CVE-2012-5573,0.01974,0.7812
CVE-2012-5574,0.02172,0.79917
CVE-2012-5576,0.07544,0.92484
CVE-2012-5577,0.01018,0.38792
CVE-2012-5578,0.01108,0.53389
CVE-2012-5580,0.02791,0.82239
CVE-2012-5581,0.06604,0.91138
CVE-2012-5582,0.01018,0.38792
CVE-2012-5583,0.00954,0.34522
CVE-2012-5584,0.01136,0.57949
CVE-2012-5585,0.01232,0.66248
CVE-2012-5586,0.01132,0.54372
CVE-2012-5587,0.01136,0.57949
CVE-2012-5588,0.01136,0.57949
CVE-2012-5589,0.01132,0.54372
CVE-2012-5590,0.01136,0.57949
CVE-2012-5591,0.01213,0.6557
CVE-2012-5603,0.01315,0.67456
CVE-2012-5604,0.01055,0.50287
CVE-2012-5605,0.01034,0.39824
CVE-2012-5606,0.01319,0.70416
CVE-2012-5607,0.01213,0.6557
CVE-2012-5608,0.01213,0.6557
CVE-2012-5609,0.01232,0.66248
CVE-2012-5610,0.01315,0.67456
CVE-2012-5611,0.43194,0.98204
CVE-2012-5612,0.3385,0.97585
CVE-2012-5614,0.129,0.95414
CVE-2012-5615,0.19167,0.96162
CVE-2012-5616,0.02537,0.81131
CVE-2012-5617,0.01034,0.39824
CVE-2012-5618,0.00885,0.26162
CVE-2012-5619,0.01034,0.39824
CVE-2012-5621,0.01408,0.72072
CVE-2012-5622,0.01213,0.6557
CVE-2012-5623,0.00885,0.26162
CVE-2012-5624,0.01537,0.73595
CVE-2012-5625,0.01537,0.73595
CVE-2012-5626,0.00885,0.26162
CVE-2012-5627,0.20234,0.96264
CVE-2012-5628,0.00885,0.26162
CVE-2012-5629,0.02172,0.79917
CVE-2012-5630,0.0095,0.30554
CVE-2012-5631,0.01018,0.38792
CVE-2012-5633,0.07344,0.92237
CVE-2012-5634,0.01183,0.60428
CVE-2012-5635,0.00885,0.26162
CVE-2012-5636,0.01055,0.50287
CVE-2012-5638,0.00885,0.26162
CVE-2012-5639,0.01246,0.66436
CVE-2012-5640,0.0095,0.30554
CVE-2012-5641,0.02072,0.79023
CVE-2012-5642,0.01974,0.7812
CVE-2012-5643,0.04358,0.87435
CVE-2012-5644,0.0095,0.30554
CVE-2012-5645,0.03779,0.84781
CVE-2012-5646,0.01319,0.70416
CVE-2012-5647,0.01319,0.70416
CVE-2012-5648,0.01319,0.70416
CVE-2012-5649,0.07777,0.92953
CVE-2012-5650,0.01055,0.50287
CVE-2012-5651,0.01974,0.7812
CVE-2012-5652,0.01408,0.72072
CVE-2012-5653,0.01649,0.75017
CVE-2012-5654,0.01136,0.57949
CVE-2012-5655,0.01319,0.70416
CVE-2012-5656,0.01282,0.67298
CVE-2012-5657,0.01319,0.70416
CVE-2012-5658,0.00885,0.26162
CVE-2012-5659,0.0089,0.2856
CVE-2012-5660,0.0089,0.2856
CVE-2012-5662,0.01018,0.38792
CVE-2012-5663,0.01018,0.38792
CVE-2012-5665,0.01408,0.72072
CVE-2012-5666,0.01319,0.70416
CVE-2012-5667,0.09534,0.93975
CVE-2012-5668,0.01537,0.73595
CVE-2012-5669,0.04229,0.86856
CVE-2012-5670,0.01537,0.73595
CVE-2012-5671,0.12248,0.95092
CVE-2012-5672,0.20499,0.96282
CVE-2012-5673,0.01202,0.60495
CVE-2012-5674,0.01126,0.53553
CVE-2012-5675,0.01046,0.41635
CVE-2012-5676,0.03601,0.84249
CVE-2012-5677,0.03601,0.84249
CVE-2012-5678,0.03444,0.84021
CVE-2012-5679,0.05094,0.89039
CVE-2012-5680,0.05094,0.89039
CVE-2012-5683,0.01213,0.6557
CVE-2012-5684,0.01213,0.6557
CVE-2012-5685,0.01136,0.57949
CVE-2012-5686,0.00885,0.26162
CVE-2012-5687,0.34958,0.97699
CVE-2012-5688,0.02103,0.79072
CVE-2012-5689,0.01934,0.77134
CVE-2012-5690,0.03977,0.85263
CVE-2012-5691,0.66802,0.99009
CVE-2012-5692,0.75349,0.99297
CVE-2012-5693,0.01055,0.50287
CVE-2012-5694,0.01213,0.6557
CVE-2012-5695,0.01319,0.70416
CVE-2012-5696,0.01055,0.50287
CVE-2012-5697,0.0089,0.2856
CVE-2012-5698,0.00885,0.26162
CVE-2012-5699,0.00885,0.26162
CVE-2012-5700,0.01213,0.6557
CVE-2012-5701,0.01406,0.71229
CVE-2012-5702,0.02255,0.80558
CVE-2012-5703,0.01213,0.6557
CVE-2012-5704,0.01132,0.54372
CVE-2012-5705,0.01132,0.54372
CVE-2012-5717,0.01055,0.50287
CVE-2012-5723,0.01055,0.50287
CVE-2012-5744,0.01055,0.50287
CVE-2012-5756,0.01319,0.70416
CVE-2012-5757,0.01136,0.57949
CVE-2012-5758,0.01319,0.70416
CVE-2012-5759,0.01315,0.67456
CVE-2012-5760,0.01055,0.50287
CVE-2012-5761,0.01055,0.50287
CVE-2012-5762,0.01055,0.50287
CVE-2012-5763,0.01055,0.50287
CVE-2012-5765,0.01136,0.57949
CVE-2012-5766,0.01132,0.54372
CVE-2012-5767,0.01055,0.50287
CVE-2012-5769,0.01213,0.6557
CVE-2012-5770,0.00954,0.34522
CVE-2012-5776,0.00885,0.26162
CVE-2012-5777,0.01213,0.6557
CVE-2012-5780,0.00885,0.26162
CVE-2012-5781,0.00885,0.26162
CVE-2012-5782,0.00885,0.26162
CVE-2012-5783,0.05242,0.89216
CVE-2012-5784,0.05242,0.89216
CVE-2012-5785,0.01246,0.66436
CVE-2012-5786,0.00885,0.26162
CVE-2012-5787,0.01018,0.38792
CVE-2012-5788,0.00885,0.26162
CVE-2012-5789,0.00885,0.26162
CVE-2012-5790,0.00885,0.26162
CVE-2012-5791,0.00885,0.26162
CVE-2012-5792,0.00885,0.26162
CVE-2012-5793,0.00885,0.26162
CVE-2012-5794,0.00885,0.26162
CVE-2012-5795,0.00885,0.26162
CVE-2012-5796,0.00885,0.26162
CVE-2012-5797,0.00885,0.26162
CVE-2012-5798,0.00885,0.26162
CVE-2012-5799,0.00885,0.26162
CVE-2012-5800,0.00885,0.26162
CVE-2012-5801,0.00885,0.26162
CVE-2012-5802,0.00885,0.26162
CVE-2012-5803,0.00885,0.26162
CVE-2012-5804,0.00885,0.26162
CVE-2012-5805,0.00885,0.26162
CVE-2012-5806,0.00885,0.26162
CVE-2012-5807,0.00885,0.26162
CVE-2012-5808,0.00885,0.26162
CVE-2012-5809,0.00885,0.26162
CVE-2012-5810,0.00885,0.26162
CVE-2012-5811,0.00885,0.26162
CVE-2012-5812,0.00885,0.26162
CVE-2012-5813,0.00885,0.26162
CVE-2012-5814,0.00885,0.26162
CVE-2012-5815,0.00885,0.26162
CVE-2012-5816,0.00885,0.26162
CVE-2012-5817,0.00885,0.26162
CVE-2012-5818,0.00885,0.26162
CVE-2012-5819,0.00885,0.26162
CVE-2012-5820,0.00885,0.26162
CVE-2012-5821,0.01018,0.38792
CVE-2012-5822,0.00885,0.26162
CVE-2012-5823,0.00885,0.26162
CVE-2012-5824,0.01018,0.38792
CVE-2012-5825,0.00885,0.26162
CVE-2012-5827,0.01319,0.70416
CVE-2012-5828,0.01018,0.38792
CVE-2012-5829,0.09915,0.94265
CVE-2012-5830,0.0883,0.93679
CVE-2012-5833,0.06604,0.91138
CVE-2012-5835,0.08228,0.93218
CVE-2012-5836,0.08228,0.93218
CVE-2012-5837,0.03407,0.83908
CVE-2012-5838,0.06604,0.91138
CVE-2012-5839,0.09915,0.94265
CVE-2012-5840,0.06604,0.91138
CVE-2012-5841,0.03932,0.8519
CVE-2012-5842,0.06604,0.91138
CVE-2012-5843,0.06604,0.91138
CVE-2012-5849,0.04386,0.87542
CVE-2012-5851,0.01953,0.77242
CVE-2012-5853,0.01055,0.50287
CVE-2012-5854,0.07544,0.92484
CVE-2012-5855,0.00954,0.34522
CVE-2012-5856,0.01136,0.57949
CVE-2012-5858,0.01018,0.38792
CVE-2012-5859,0.01213,0.6557
CVE-2012-5860,0.00885,0.26162
CVE-2012-5861,0.01213,0.6557
CVE-2012-5862,0.01213,0.6557
CVE-2012-5863,0.01213,0.6557
CVE-2012-5864,0.01213,0.6557
CVE-2012-5865,0.01216,0.65576
CVE-2012-5866,0.01213,0.6557
CVE-2012-5867,0.00885,0.26162
CVE-2012-5868,0.01055,0.50287
CVE-2012-5874,0.01139,0.58345
CVE-2012-5875,0.06464,0.9062
CVE-2012-5876,0.01319,0.70416
CVE-2012-5877,0.01319,0.70416
CVE-2012-5878,0.08382,0.93597
CVE-2012-5879,0.07622,0.92599
CVE-2012-5881,0.01213,0.6557
CVE-2012-5882,0.01213,0.6557
CVE-2012-5883,0.01408,0.72072
CVE-2012-5884,0.01136,0.57949
CVE-2012-5885,0.07344,0.92237
CVE-2012-5886,0.07344,0.92237
CVE-2012-5887,0.07344,0.92237
CVE-2012-5888,0.01213,0.6557
CVE-2012-5889,0.01055,0.50287
CVE-2012-5890,0.01213,0.6557
CVE-2012-5891,0.06033,0.9015
CVE-2012-5892,0.01136,0.57949
CVE-2012-5893,0.06309,0.90494
CVE-2012-5894,0.01213,0.6557
CVE-2012-5895,0.01018,0.38792
CVE-2012-5896,0.86492,0.99701
CVE-2012-5897,0.07392,0.92245
CVE-2012-5898,0.01213,0.6557
CVE-2012-5899,0.01213,0.6557
CVE-2012-5900,0.01319,0.70416
CVE-2012-5901,0.01213,0.6557
CVE-2012-5902,0.01213,0.6557
CVE-2012-5903,0.01953,0.77242
CVE-2012-5904,0.06309,0.90494
CVE-2012-5905,0.06209,0.90263
CVE-2012-5906,0.01319,0.70416
CVE-2012-5907,0.06449,0.90609
CVE-2012-5908,0.01953,0.77242
CVE-2012-5909,0.00986,0.35784
CVE-2012-5910,0.01232,0.66248
CVE-2012-5911,0.01319,0.70416
CVE-2012-5912,0.01139,0.58345
CVE-2012-5914,0.01319,0.70416
CVE-2012-5915,0.01055,0.50287
CVE-2012-5916,0.01055,0.50287
CVE-2012-5917,0.02808,0.8233
CVE-2012-5918,0.01055,0.50287
CVE-2012-5919,0.01319,0.70416
CVE-2012-5920,0.01213,0.6557
CVE-2012-5930,0.01213,0.6557
CVE-2012-5931,0.01061,0.51015
CVE-2012-5932,0.7228,0.99202
CVE-2012-5936,0.01136,0.57949
CVE-2012-5937,0.01136,0.57949
CVE-2012-5938,0.00885,0.26162
CVE-2012-5939,0.01061,0.51015
CVE-2012-5940,0.01055,0.50287
CVE-2012-5941,0.01055,0.50287
CVE-2012-5942,0.01061,0.51015
CVE-2012-5943,0.01055,0.50287
CVE-2012-5945,0.05629,0.89602
CVE-2012-5946,0.71507,0.99152
CVE-2012-5947,0.05629,0.89602
CVE-2012-5948,0.01055,0.50287
CVE-2012-5949,0.01136,0.57949
CVE-2012-5950,0.01055,0.50287
CVE-2012-5951,0.01034,0.39824
CVE-2012-5952,0.01136,0.57949
CVE-2012-5953,0.01136,0.57949
CVE-2012-5954,0.01213,0.6557
CVE-2012-5955,0.01055,0.50287
CVE-2012-5956,0.01055,0.50287
CVE-2012-5961,0.12248,0.95092
CVE-2012-5962,0.12248,0.95092
CVE-2012-5963,0.12248,0.95092
CVE-2012-5964,0.12248,0.95092
CVE-2012-5965,0.1127,0.94787
CVE-2012-5966,0.01055,0.50287
CVE-2012-5967,0.00986,0.35784
CVE-2012-5968,0.01055,0.50287
CVE-2012-5969,0.01055,0.50287
CVE-2012-5970,0.01055,0.50287
CVE-2012-5972,0.06464,0.9062
CVE-2012-5973,0.01055,0.50287
CVE-2012-5975,0.75349,0.99297
CVE-2012-5976,0.01055,0.50287
CVE-2012-5977,0.01136,0.57949
CVE-2012-5978,0.01136,0.57949
CVE-2012-5990,0.01055,0.50287
CVE-2012-5991,0.01055,0.50287
CVE-2012-5992,0.01055,0.50287
CVE-2012-6007,0.01055,0.50287
CVE-2012-6026,0.01055,0.50287
CVE-2012-6029,0.01055,0.50287
CVE-2012-6030,0.01282,0.67298
CVE-2012-6031,0.01282,0.67298
CVE-2012-6032,0.01282,0.67298
CVE-2012-6033,0.01282,0.67298
CVE-2012-6034,0.02172,0.79379
CVE-2012-6035,0.02172,0.79379
CVE-2012-6036,0.02172,0.79379
CVE-2012-6037,0.01136,0.57949
CVE-2012-6038,0.01232,0.66248
CVE-2012-6039,0.00986,0.35784
CVE-2012-6040,0.01953,0.77242
CVE-2012-6041,0.1236,0.95121
CVE-2012-6042,0.02808,0.8233
CVE-2012-6043,0.01953,0.77242
CVE-2012-6044,0.02808,0.8233
CVE-2012-6045,0.01953,0.77242
CVE-2012-6046,0.06033,0.9015
CVE-2012-6047,0.06033,0.9015
CVE-2012-6048,0.06033,0.9015
CVE-2012-6049,0.01136,0.57949
CVE-2012-6050,0.06033,0.9015
CVE-2012-6051,0.0095,0.30554
CVE-2012-6052,0.01213,0.6557
CVE-2012-6053,0.01319,0.70416
CVE-2012-6054,0.01319,0.70416
CVE-2012-6055,0.01319,0.70416
CVE-2012-6056,0.01408,0.72072
CVE-2012-6057,0.01319,0.70416
CVE-2012-6058,0.01319,0.70416
CVE-2012-6059,0.01319,0.70416
CVE-2012-6060,0.01408,0.72072
CVE-2012-6061,0.01408,0.72072
CVE-2012-6062,0.01408,0.72072
CVE-2012-6063,0.04291,0.87022
CVE-2012-6064,0.01232,0.66248
CVE-2012-6065,0.01061,0.51015
CVE-2012-6067,0.01055,0.50287
CVE-2012-6068,0.01213,0.6557
CVE-2012-6069,0.01213,0.6557
CVE-2012-6070,0.01213,0.6557
CVE-2012-6071,0.01018,0.38792
CVE-2012-6072,0.01213,0.6557
CVE-2012-6073,0.01213,0.6557
CVE-2012-6074,0.01132,0.54372
CVE-2012-6075,0.04358,0.87435
CVE-2012-6076,0.01034,0.39824
CVE-2012-6077,0.01213,0.6557
CVE-2012-6078,0.01213,0.6557
CVE-2012-6079,0.01213,0.6557
CVE-2012-6080,0.02172,0.79917
CVE-2012-6081,0.6102,0.98874
CVE-2012-6082,0.01319,0.70416
CVE-2012-6083,0.08382,0.93597
CVE-2012-6084,0.01319,0.70416
CVE-2012-6085,0.01955,0.77585
CVE-2012-6086,0.00954,0.34522
CVE-2012-6087,0.00954,0.34522
CVE-2012-6088,0.01408,0.72072
CVE-2012-6089,0.04291,0.87022
CVE-2012-6090,0.04291,0.87022
CVE-2012-6091,0.00954,0.34522
CVE-2012-6092,0.02072,0.79023
CVE-2012-6093,0.01537,0.73595
CVE-2012-6094,0.01108,0.53389
CVE-2012-6095,0.0095,0.30554
CVE-2012-6096,0.83336,0.9957
CVE-2012-6097,0.01018,0.38792
CVE-2012-6098,0.01061,0.51015
CVE-2012-6099,0.01061,0.51015
CVE-2012-6100,0.01061,0.51015
CVE-2012-6101,0.01136,0.57949
CVE-2012-6102,0.01136,0.57949
CVE-2012-6103,0.01136,0.57949
CVE-2012-6104,0.01136,0.57949
CVE-2012-6105,0.01136,0.57949
CVE-2012-6106,0.01061,0.51015
CVE-2012-6107,0.03032,0.82851
CVE-2012-6108,0.0095,0.30554
CVE-2012-6109,0.01319,0.70416
CVE-2012-6110,0.0095,0.30554
CVE-2012-6111,0.01018,0.38792
CVE-2012-6112,0.01319,0.70416
CVE-2012-6113,0.01213,0.6557
CVE-2012-6114,0.0089,0.2856
CVE-2012-6115,0.01034,0.39824
CVE-2012-6116,0.0095,0.30554
CVE-2012-6117,0.00885,0.26162
CVE-2012-6118,0.01055,0.50287
CVE-2012-6119,0.01034,0.39824
CVE-2012-6120,0.00885,0.26162
CVE-2012-6121,0.01319,0.70416
CVE-2012-6122,0.01183,0.60428
CVE-2012-6123,0.00954,0.34522
CVE-2012-6124,0.01018,0.38792
CVE-2012-6125,0.01018,0.38792
CVE-2012-6128,0.01537,0.73595
CVE-2012-6129,0.05139,0.89128
CVE-2012-6130,0.01319,0.70416
CVE-2012-6131,0.01319,0.70416
CVE-2012-6132,0.01213,0.6557
CVE-2012-6133,0.01213,0.6557
CVE-2012-6134,0.01213,0.6557
CVE-2012-6135,0.01213,0.6557
CVE-2012-6136,0.00885,0.26162
CVE-2012-6137,0.01108,0.53389
CVE-2012-6139,0.04358,0.87435
CVE-2012-6140,0.0095,0.30554
CVE-2012-6141,0.05822,0.89998
CVE-2012-6142,0.06523,0.90962
CVE-2012-6143,0.06523,0.90962
CVE-2012-6144,0.01132,0.54372
CVE-2012-6145,0.01132,0.54372
CVE-2012-6146,0.01055,0.50287
CVE-2012-6147,0.01132,0.54372
CVE-2012-6148,0.01061,0.51015
CVE-2012-6149,0.01232,0.66248
CVE-2012-6150,0.02186,0.8012
CVE-2012-6151,0.15648,0.95876
CVE-2012-6152,0.01319,0.70416
CVE-2012-6153,0.05242,0.89216
CVE-2012-6270,0.01055,0.50287
CVE-2012-6271,0.01055,0.50287
CVE-2012-6272,0.01953,0.77242
CVE-2012-6273,0.01055,0.50287
CVE-2012-6274,0.73078,0.99223
CVE-2012-6275,0.74063,0.9926
CVE-2012-6276,0.01055,0.50287
CVE-2012-6277,0.05016,0.89004
CVE-2012-6290,0.028,0.82308
CVE-2012-6297,0.02359,0.80663
CVE-2012-6298,0.01055,0.50287
CVE-2012-6299,0.01055,0.50287
CVE-2012-6301,0.25999,0.9692
CVE-2012-6302,0.00885,0.26162
CVE-2012-6303,0.14926,0.95682
CVE-2012-6306,0.00885,0.26162
CVE-2012-6307,0.04408,0.87557
CVE-2012-6309,0.00885,0.26162
CVE-2012-6312,0.01953,0.77242
CVE-2012-6313,0.06033,0.9015
CVE-2012-6314,0.01108,0.53389
CVE-2012-6316,0.00885,0.26162
CVE-2012-6324,0.01055,0.50287
CVE-2012-6325,0.01055,0.50287
CVE-2012-6326,0.01055,0.50287
CVE-2012-6329,0.8497,0.99636
CVE-2012-6330,0.01136,0.57949
CVE-2012-6333,0.01282,0.67298
CVE-2012-6334,0.00885,0.26162
CVE-2012-6335,0.00885,0.26162
CVE-2012-6336,0.00885,0.26162
CVE-2012-6337,0.00885,0.26162
CVE-2012-6339,0.01136,0.57949
CVE-2012-6340,0.00954,0.34522
CVE-2012-6341,0.00885,0.26162
CVE-2012-6342,0.01213,0.6557
CVE-2012-6344,0.00885,0.26162
CVE-2012-6345,0.00885,0.26162
CVE-2012-6346,0.01055,0.50287
CVE-2012-6347,0.01055,0.50287
CVE-2012-6348,0.01034,0.39824
CVE-2012-6349,0.03977,0.85263
CVE-2012-6350,0.01055,0.50287
CVE-2012-6352,0.01136,0.57949
CVE-2012-6354,0.01055,0.50287
CVE-2012-6355,0.01061,0.51015
CVE-2012-6356,0.01061,0.51015
CVE-2012-6357,0.01061,0.51015
CVE-2012-6359,0.01183,0.60428
CVE-2012-6360,0.01136,0.57949
CVE-2012-6369,0.01055,0.50287
CVE-2012-6371,0.01055,0.50287
CVE-2012-6392,0.01055,0.50287
CVE-2012-6395,0.01061,0.51015
CVE-2012-6396,0.01055,0.50287
CVE-2012-6397,0.01055,0.50287
CVE-2012-6399,0.00885,0.26162
CVE-2012-6422,0.01108,0.53389
CVE-2012-6426,0.01136,0.57949
CVE-2012-6427,0.01055,0.50287
CVE-2012-6428,0.01055,0.50287
CVE-2012-6429,0.18609,0.9615
CVE-2012-6430,0.02397,0.80717
CVE-2012-6431,0.01055,0.50287
CVE-2012-6432,0.01055,0.50287
CVE-2012-6433,0.01953,0.77242
CVE-2012-6434,0.00986,0.35784
CVE-2012-6435,0.71213,0.99143
CVE-2012-6436,0.01055,0.50287
CVE-2012-6437,0.04611,0.88458
CVE-2012-6438,0.01055,0.50287
CVE-2012-6439,0.01055,0.50287
CVE-2012-6440,0.00885,0.26162
CVE-2012-6441,0.01055,0.50287
CVE-2012-6442,0.01055,0.50287
CVE-2012-6447,0.01213,0.6557
CVE-2012-6448,0.02173,0.80027
CVE-2012-6449,0.00885,0.26162
CVE-2012-6451,0.01055,0.50287
CVE-2012-6452,0.01136,0.57949
CVE-2012-6453,0.01055,0.50287
CVE-2012-6458,0.01055,0.50287
CVE-2012-6459,0.01055,0.50287
CVE-2012-6460,0.04806,0.88736
CVE-2012-6461,0.01055,0.50287
CVE-2012-6462,0.01055,0.50287
CVE-2012-6463,0.01055,0.50287
CVE-2012-6464,0.01055,0.50287
CVE-2012-6465,0.0556,0.89553
CVE-2012-6466,0.01055,0.50287
CVE-2012-6467,0.01136,0.57949
CVE-2012-6468,0.04146,0.85406
CVE-2012-6469,0.01136,0.57949
CVE-2012-6470,0.10633,0.94406
CVE-2012-6471,0.01055,0.50287
CVE-2012-6472,0.00885,0.26162
CVE-2012-6493,0.07511,0.92331
CVE-2012-6494,0.01055,0.50287
CVE-2012-6495,0.08336,0.93297
CVE-2012-6496,0.01974,0.7812
CVE-2012-6497,0.01213,0.6557
CVE-2012-6498,0.05822,0.89998
CVE-2012-6499,0.06464,0.9062
CVE-2012-6500,0.06464,0.9062
CVE-2012-6501,0.01213,0.6557
CVE-2012-6502,0.18147,0.96089
CVE-2012-6503,0.01018,0.38792
CVE-2012-6504,0.01213,0.6557
CVE-2012-6505,0.01213,0.6557
CVE-2012-6506,0.03764,0.84396
CVE-2012-6507,0.01213,0.6557
CVE-2012-6508,0.01136,0.57949
CVE-2012-6509,0.01136,0.57949
CVE-2012-6510,0.01136,0.57949
CVE-2012-6511,0.01213,0.6557
CVE-2012-6512,0.01136,0.57949
CVE-2012-6513,0.01953,0.77242
CVE-2012-6514,0.01213,0.6557
CVE-2012-6515,0.01136,0.57949
CVE-2012-6516,0.00986,0.35784
CVE-2012-6517,0.01319,0.70416
CVE-2012-6518,0.01408,0.72072
CVE-2012-6519,0.01408,0.72072
CVE-2012-6520,0.01139,0.58345
CVE-2012-6521,0.01055,0.50287
CVE-2012-6522,0.07911,0.92967
CVE-2012-6523,0.01319,0.70416
CVE-2012-6524,0.00986,0.35784
CVE-2012-6525,0.00986,0.35784
CVE-2012-6526,0.00986,0.35784
CVE-2012-6527,0.01213,0.6557
CVE-2012-6528,0.02255,0.80558
CVE-2012-6529,0.00986,0.35784
CVE-2012-6530,0.62566,0.98908
CVE-2012-6531,0.01319,0.70416
CVE-2012-6532,0.01055,0.50287
CVE-2012-6533,0.01832,0.76196
CVE-2012-6534,0.06907,0.91822
CVE-2012-6535,0.04146,0.85406
CVE-2012-6536,0.0095,0.30554
CVE-2012-6537,0.01282,0.67298
CVE-2012-6538,0.0095,0.30554
CVE-2012-6539,0.01108,0.53389
CVE-2012-6540,0.01108,0.53389
CVE-2012-6541,0.01018,0.38792
CVE-2012-6542,0.01108,0.53389
CVE-2012-6543,0.01018,0.38792
CVE-2012-6544,0.01537,0.73595
CVE-2012-6545,0.01537,0.73595
CVE-2012-6546,0.01537,0.73595
CVE-2012-6547,0.01108,0.53389
CVE-2012-6548,0.02686,0.82061
CVE-2012-6549,0.01537,0.73595
CVE-2012-6550,0.01953,0.77242
CVE-2012-6551,0.02072,0.79023
CVE-2012-6552,0.00885,0.26162
CVE-2012-6553,0.06309,0.90494
CVE-2012-6554,0.7022,0.99116
CVE-2012-6555,0.01953,0.77242
CVE-2012-6556,0.01953,0.77242
CVE-2012-6557,0.01953,0.77242
CVE-2012-6558,0.06309,0.90494
CVE-2012-6559,0.01213,0.6557
CVE-2012-6560,0.01136,0.57949
CVE-2012-6561,0.01213,0.6557
CVE-2012-6562,0.01213,0.6557
CVE-2012-6563,0.01213,0.6557
CVE-2012-6564,0.01055,0.50287
CVE-2012-6565,0.01055,0.50287
CVE-2012-6566,0.01055,0.50287
CVE-2012-6567,0.01055,0.50287
CVE-2012-6568,0.01832,0.76196
CVE-2012-6569,0.04611,0.88458
CVE-2012-6570,0.0434,0.87049
CVE-2012-6571,0.01055,0.50287
CVE-2012-6572,0.01319,0.70416
CVE-2012-6573,0.01408,0.72072
CVE-2012-6574,0.01213,0.6557
CVE-2012-6575,0.01213,0.6557
CVE-2012-6576,0.01136,0.57949
CVE-2012-6577,0.01061,0.51015
CVE-2012-6578,0.01055,0.50287
CVE-2012-6579,0.01055,0.50287
CVE-2012-6580,0.01055,0.50287
CVE-2012-6581,0.01055,0.50287
CVE-2012-6582,0.01319,0.70416
CVE-2012-6583,0.01232,0.66248
CVE-2012-6584,0.01055,0.50287
CVE-2012-6585,0.01055,0.50287
CVE-2012-6586,0.01055,0.50287
CVE-2012-6587,0.01055,0.50287
CVE-2012-6588,0.01055,0.50287
CVE-2012-6589,0.01055,0.50287
CVE-2012-6590,0.01055,0.50287
CVE-2012-6591,0.01055,0.50287
CVE-2012-6592,0.01055,0.50287
CVE-2012-6593,0.01055,0.50287
CVE-2012-6594,0.01055,0.50287
CVE-2012-6595,0.01055,0.50287
CVE-2012-6596,0.00885,0.26162
CVE-2012-6597,0.01055,0.50287
CVE-2012-6598,0.01055,0.50287
CVE-2012-6599,0.01055,0.50287
CVE-2012-6600,0.01055,0.50287
CVE-2012-6601,0.04611,0.88458
CVE-2012-6602,0.01055,0.50287
CVE-2012-6603,0.01055,0.50287
CVE-2012-6604,0.04611,0.88458
CVE-2012-6605,0.04611,0.88458
CVE-2012-6606,0.00885,0.26162
CVE-2012-6607,0.0095,0.30554
CVE-2012-6608,0.01953,0.77242
CVE-2012-6609,0.01055,0.50287
CVE-2012-6610,0.01055,0.50287
CVE-2012-6611,0.08382,0.93597
CVE-2012-6612,0.01484,0.72722
CVE-2012-6613,0.00885,0.26162
CVE-2012-6614,0.01061,0.51015
CVE-2012-6615,0.01213,0.6557
CVE-2012-6616,0.01213,0.6557
CVE-2012-6617,0.01213,0.6557
CVE-2012-6618,0.01319,0.70416
CVE-2012-6619,0.01315,0.67456
CVE-2012-6620,0.01319,0.70416
CVE-2012-6621,0.01319,0.70416
CVE-2012-6622,0.01953,0.77242
CVE-2012-6623,0.01213,0.6557
CVE-2012-6624,0.01953,0.77242
CVE-2012-6625,0.00986,0.35784
CVE-2012-6626,0.00986,0.35784
CVE-2012-6627,0.01055,0.50287
CVE-2012-6628,0.01136,0.57949
CVE-2012-6629,0.01055,0.50287
CVE-2012-6630,0.01055,0.50287
CVE-2012-6631,0.01213,0.6557
CVE-2012-6632,0.01213,0.6557
CVE-2012-6633,0.01055,0.50287
CVE-2012-6634,0.01055,0.50287
CVE-2012-6635,0.01055,0.50287
CVE-2012-6637,0.02072,0.79023
CVE-2012-6638,0.01213,0.6557
CVE-2012-6639,0.01034,0.39824
CVE-2012-6640,0.01136,0.57949
CVE-2012-6641,0.01213,0.6557
CVE-2012-6642,0.01055,0.50287
CVE-2012-6643,0.01139,0.58345
CVE-2012-6644,0.04353,0.87058
CVE-2012-6645,0.03407,0.83908
CVE-2012-6646,0.00885,0.26162
CVE-2012-6647,0.0095,0.30554
CVE-2012-6648,0.0089,0.2856
CVE-2012-6649,0.08382,0.93597
CVE-2012-6651,0.01213,0.6557
CVE-2012-6652,0.01213,0.6557
CVE-2012-6653,0.07584,0.92581
CVE-2012-6654,0.01213,0.6557
CVE-2012-6655,0.01034,0.39824
CVE-2012-6656,0.01537,0.73595
CVE-2012-6657,0.01282,0.67298
CVE-2012-6658,0.01136,0.57949
CVE-2012-6659,0.01055,0.50287
CVE-2012-6660,0.01018,0.38792
CVE-2012-6661,0.01213,0.6557
CVE-2012-6662,0.01955,0.77585
CVE-2012-6663,0.28116,0.97147
CVE-2012-6665,0.01055,0.50287
CVE-2012-6666,0.02173,0.80027
CVE-2012-6667,0.02173,0.80027
CVE-2012-6668,0.01213,0.6557
CVE-2012-6670,0.01213,0.6557
CVE-2012-6671,0.01213,0.6557
CVE-2012-6682,0.01213,0.6557
CVE-2012-6684,0.01213,0.6557
CVE-2012-6685,0.00954,0.34522
CVE-2012-6687,0.01319,0.70416
CVE-2012-6689,0.01104,0.52279
CVE-2012-6691,0.01213,0.6557
CVE-2012-6692,0.01408,0.72072
CVE-2012-6693,0.01018,0.38792
CVE-2012-6694,0.01018,0.38792
CVE-2012-6695,0.01018,0.38792
CVE-2012-6696,0.00954,0.34522
CVE-2012-6697,0.01213,0.6557
CVE-2012-6698,0.01018,0.38792
CVE-2012-6699,0.01018,0.38792
CVE-2012-6700,0.01018,0.38792
CVE-2012-6701,0.01034,0.39824
CVE-2012-6702,0.01183,0.60428
CVE-2012-6703,0.01034,0.39824
CVE-2012-6704,0.0095,0.30554
CVE-2012-6705,0.00885,0.26162
CVE-2012-6706,0.0391,0.8496
CVE-2012-6707,0.00885,0.26162
CVE-2012-6708,0.01537,0.73595
CVE-2012-6709,0.00885,0.26162
CVE-2012-6710,0.01136,0.57949
CVE-2012-6711,0.01505,0.72763
CVE-2012-6712,0.00954,0.34522
CVE-2012-6713,0.00885,0.26162
CVE-2012-6714,0.00885,0.26162
CVE-2012-6715,0.00885,0.26162
CVE-2012-6716,0.00885,0.26162
CVE-2012-6717,0.00885,0.26162
CVE-2012-6718,0.00885,0.26162
CVE-2012-6719,0.00885,0.26162
CVE-2012-6720,0.01055,0.50287
CVE-2012-6721,0.00885,0.26162
CVE-2011-0001,0.07544,0.92484
CVE-2011-0002,0.03779,0.84781
CVE-2011-0003,0.01955,0.77585
CVE-2011-0004,0.01776,0.75902
CVE-2011-0005,0.02945,0.82784
CVE-2011-0006,0.0095,0.30554
CVE-2011-0007,0.01282,0.67298
CVE-2011-0008,0.01104,0.52279
CVE-2011-0009,0.01537,0.73595
CVE-2011-0010,0.02172,0.79379
CVE-2011-0011,0.02172,0.79917
CVE-2011-0012,0.0095,0.30554
CVE-2011-0014,0.07559,0.92528
CVE-2011-0015,0.02172,0.79917
CVE-2011-0016,0.01547,0.74085
CVE-2011-0017,0.01547,0.74085
CVE-2011-0018,0.0629,0.90361
CVE-2011-0019,0.01213,0.6557
CVE-2011-0020,0.34394,0.97618
CVE-2011-0021,0.05288,0.89317
CVE-2011-0022,0.0095,0.30554
CVE-2011-0024,0.04291,0.87022
CVE-2011-0025,0.01776,0.75902
CVE-2011-0026,0.6716,0.9904
CVE-2011-0027,0.70761,0.99131
CVE-2011-0028,0.49719,0.98611
CVE-2011-0029,0.32822,0.97527
CVE-2011-0030,0.02016,0.78481
CVE-2011-0031,0.34063,0.97598
CVE-2011-0032,0.32822,0.97527
CVE-2011-0033,0.6716,0.9904
CVE-2011-0034,0.49719,0.98611
CVE-2011-0035,0.6716,0.9904
CVE-2011-0036,0.6716,0.9904
CVE-2011-0037,0.02283,0.80608
CVE-2011-0038,0.32822,0.97527
CVE-2011-0039,0.05288,0.89318
CVE-2011-0040,0.41003,0.98131
CVE-2011-0041,0.4338,0.98209
CVE-2011-0042,0.6716,0.9904
CVE-2011-0043,0.02283,0.80608
CVE-2011-0045,0.0222,0.80429
CVE-2011-0046,0.03932,0.8519
CVE-2011-0047,0.01955,0.77585
CVE-2011-0048,0.01955,0.77585
CVE-2011-0049,0.03779,0.84781
CVE-2011-0050,0.01319,0.70416
CVE-2011-0051,0.01408,0.72072
CVE-2011-0053,0.08228,0.93218
CVE-2011-0054,0.07777,0.92953
CVE-2011-0055,0.1127,0.94787
CVE-2011-0056,0.07777,0.92953
CVE-2011-0057,0.07777,0.92953
CVE-2011-0058,0.05139,0.89128
CVE-2011-0059,0.01408,0.72072
CVE-2011-0061,0.04967,0.88981
CVE-2011-0062,0.0547,0.89492
CVE-2011-0063,0.01319,0.70416
CVE-2011-0064,0.06604,0.91138
CVE-2011-0065,0.83707,0.9959
CVE-2011-0066,0.08263,0.93269
CVE-2011-0067,0.01408,0.72072
CVE-2011-0069,0.07544,0.92484
CVE-2011-0070,0.07544,0.92484
CVE-2011-0071,0.01974,0.7812
CVE-2011-0072,0.07544,0.92484
CVE-2011-0073,0.83707,0.9959
CVE-2011-0074,0.07544,0.92484
CVE-2011-0075,0.07544,0.92484
CVE-2011-0076,0.01213,0.6557
CVE-2011-0077,0.07544,0.92484
CVE-2011-0078,0.07544,0.92484
CVE-2011-0079,0.07544,0.92484
CVE-2011-0080,0.08228,0.93218
CVE-2011-0081,0.07544,0.92484
CVE-2011-0082,0.01776,0.75902
CVE-2011-0083,0.08228,0.93218
CVE-2011-0084,0.12248,0.95092
CVE-2011-0085,0.12248,0.95092
CVE-2011-0086,0.01773,0.75657
CVE-2011-0087,0.01773,0.75657
CVE-2011-0088,0.01773,0.75657
CVE-2011-0089,0.01773,0.75657
CVE-2011-0090,0.01866,0.76284
CVE-2011-0091,0.21605,0.96389
CVE-2011-0092,0.6716,0.9904
CVE-2011-0093,0.6716,0.9904
CVE-2011-0094,0.60981,0.98872
CVE-2011-0096,0.66335,0.98998
CVE-2011-0097,0.6716,0.9904
CVE-2011-0098,0.6716,0.9904
CVE-2011-0101,0.5678,0.98754
CVE-2011-0103,0.5678,0.98754
CVE-2011-0105,0.87211,0.99727
CVE-2011-0107,0.32822,0.97527
CVE-2011-0111,0.02729,0.82118
CVE-2011-0112,0.02729,0.82118
CVE-2011-0113,0.02729,0.82118
CVE-2011-0114,0.02729,0.82118
CVE-2011-0115,0.02729,0.82118
CVE-2011-0116,0.0291,0.82466
CVE-2011-0117,0.02729,0.82118
CVE-2011-0118,0.02729,0.82118
CVE-2011-0119,0.02729,0.82118
CVE-2011-0120,0.02729,0.82118
CVE-2011-0121,0.02729,0.82118
CVE-2011-0122,0.02729,0.82118
CVE-2011-0123,0.02729,0.82118
CVE-2011-0124,0.02729,0.82118
CVE-2011-0125,0.02729,0.82118
CVE-2011-0126,0.02729,0.82118
CVE-2011-0127,0.02729,0.82118
CVE-2011-0128,0.02729,0.82118
CVE-2011-0129,0.02729,0.82118
CVE-2011-0130,0.02729,0.82118
CVE-2011-0131,0.02729,0.82118
CVE-2011-0132,0.02729,0.82118
CVE-2011-0133,0.0291,0.82466
CVE-2011-0134,0.02729,0.82118
CVE-2011-0135,0.02729,0.82118
CVE-2011-0136,0.02729,0.82118
CVE-2011-0137,0.02729,0.82118
CVE-2011-0138,0.02729,0.82118
CVE-2011-0139,0.02479,0.80861
CVE-2011-0140,0.02729,0.82118
CVE-2011-0141,0.02729,0.82118
CVE-2011-0142,0.02729,0.82118
CVE-2011-0143,0.02729,0.82118
CVE-2011-0144,0.02729,0.82118
CVE-2011-0145,0.02729,0.82118
CVE-2011-0146,0.02729,0.82118
CVE-2011-0147,0.02729,0.82118
CVE-2011-0148,0.02729,0.82118
CVE-2011-0149,0.0291,0.82466
CVE-2011-0150,0.02729,0.82118
CVE-2011-0151,0.02729,0.82118
CVE-2011-0152,0.02729,0.82118
CVE-2011-0153,0.02729,0.82118
CVE-2011-0154,0.0291,0.82466
CVE-2011-0155,0.02729,0.82118
CVE-2011-0156,0.02729,0.82118
CVE-2011-0157,0.02872,0.82434
CVE-2011-0158,0.01213,0.6557
CVE-2011-0159,0.02479,0.80861
CVE-2011-0160,0.01018,0.38792
CVE-2011-0161,0.01319,0.70416
CVE-2011-0162,0.01319,0.70416
CVE-2011-0163,0.01319,0.70416
CVE-2011-0164,0.02729,0.82118
CVE-2011-0165,0.02479,0.80861
CVE-2011-0166,0.01319,0.70416
CVE-2011-0167,0.04187,0.86773
CVE-2011-0168,0.02729,0.82118
CVE-2011-0169,0.01213,0.6557
CVE-2011-0170,0.04169,0.85428
CVE-2011-0172,0.01055,0.50287
CVE-2011-0173,0.03432,0.83945
CVE-2011-0174,0.04522,0.88274
CVE-2011-0175,0.04522,0.88274
CVE-2011-0176,0.04522,0.88274
CVE-2011-0177,0.04522,0.88274
CVE-2011-0178,0.00885,0.26162
CVE-2011-0179,0.04315,0.8704
CVE-2011-0180,0.01761,0.7555
CVE-2011-0181,0.04315,0.8704
CVE-2011-0182,0.01761,0.7555
CVE-2011-0183,0.01055,0.50287
CVE-2011-0184,0.03261,0.83509
CVE-2011-0185,0.0095,0.30554
CVE-2011-0186,0.03261,0.83509
CVE-2011-0187,0.01319,0.70416
CVE-2011-0188,0.04229,0.86856
CVE-2011-0189,0.00885,0.26162
CVE-2011-0190,0.01055,0.50287
CVE-2011-0191,0.06154,0.90253
CVE-2011-0192,0.06154,0.90253
CVE-2011-0193,0.04315,0.8704
CVE-2011-0194,0.04315,0.8704
CVE-2011-0195,0.01319,0.70416
CVE-2011-0196,0.01055,0.50287
CVE-2011-0197,0.0089,0.2856
CVE-2011-0198,0.04935,0.88902
CVE-2011-0199,0.00954,0.34522
CVE-2011-0200,0.04169,0.85428
CVE-2011-0201,0.02479,0.80861
CVE-2011-0202,0.03261,0.83509
CVE-2011-0203,0.01136,0.57949
CVE-2011-0204,0.04169,0.85428
CVE-2011-0205,0.03261,0.83509
CVE-2011-0206,0.02729,0.82118
CVE-2011-0207,0.01136,0.57949
CVE-2011-0208,0.03261,0.83509
CVE-2011-0209,0.03261,0.83509
CVE-2011-0210,0.03261,0.83509
CVE-2011-0211,0.03261,0.83509
CVE-2011-0212,0.01136,0.57949
CVE-2011-0213,0.03261,0.83509
CVE-2011-0214,0.00885,0.26162
CVE-2011-0215,0.03261,0.83509
CVE-2011-0216,0.05258,0.89279
CVE-2011-0217,0.01055,0.50287
CVE-2011-0218,0.03333,0.83585
CVE-2011-0219,0.01055,0.50287
CVE-2011-0220,0.00885,0.26162
CVE-2011-0221,0.03333,0.83585
CVE-2011-0222,0.13482,0.95497
CVE-2011-0223,0.02774,0.822
CVE-2011-0224,0.03261,0.83509
CVE-2011-0225,0.03333,0.83585
CVE-2011-0226,0.06154,0.90253
CVE-2011-0227,0.0095,0.30554
CVE-2011-0229,0.04935,0.88902
CVE-2011-0230,0.03375,0.83648
CVE-2011-0231,0.00954,0.34522
CVE-2011-0232,0.03333,0.83585
CVE-2011-0233,0.03333,0.83585
CVE-2011-0234,0.03333,0.83585
CVE-2011-0235,0.03333,0.83585
CVE-2011-0237,0.02774,0.822
CVE-2011-0238,0.03333,0.83585
CVE-2011-0240,0.02774,0.822
CVE-2011-0241,0.06154,0.90253
CVE-2011-0242,0.01213,0.6557
CVE-2011-0244,0.01055,0.50287
CVE-2011-0245,0.04315,0.8704
CVE-2011-0246,0.0372,0.84362
CVE-2011-0247,0.04315,0.8704
CVE-2011-0248,0.03696,0.84331
CVE-2011-0249,0.03261,0.83509
CVE-2011-0250,0.03261,0.83509
CVE-2011-0251,0.03261,0.83509
CVE-2011-0252,0.03261,0.83509
CVE-2011-0253,0.02774,0.822
CVE-2011-0254,0.03333,0.83585
CVE-2011-0255,0.03333,0.83585
CVE-2011-0256,0.0372,0.84362
CVE-2011-0257,0.66083,0.98995
CVE-2011-0258,0.03914,0.84984
CVE-2011-0259,0.0291,0.82466
CVE-2011-0260,0.00954,0.34522
CVE-2011-0261,0.25374,0.96854
CVE-2011-0262,0.25374,0.96854
CVE-2011-0263,0.25374,0.96854
CVE-2011-0264,0.25374,0.96854
CVE-2011-0265,0.25374,0.96854
CVE-2011-0266,0.87248,0.99731
CVE-2011-0267,0.91657,0.99881
CVE-2011-0268,0.25374,0.96854
CVE-2011-0269,0.25374,0.96854
CVE-2011-0270,0.26641,0.97016
CVE-2011-0271,0.01319,0.70416
CVE-2011-0272,0.26641,0.97016
CVE-2011-0273,0.26641,0.97016
CVE-2011-0274,0.01408,0.72072
CVE-2011-0275,0.01408,0.72072
CVE-2011-0276,0.88255,0.99791
CVE-2011-0277,0.01319,0.70416
CVE-2011-0278,0.01034,0.39824
CVE-2011-0279,0.01108,0.53389
CVE-2011-0280,0.01213,0.6557
CVE-2011-0281,0.04358,0.87435
CVE-2011-0282,0.04358,0.87435
CVE-2011-0283,0.01319,0.70416
CVE-2011-0284,0.06604,0.91138
CVE-2011-0285,0.37385,0.97829
CVE-2011-0286,0.01319,0.70416
CVE-2011-0287,0.01136,0.57949
CVE-2011-0290,0.01232,0.66248
CVE-2011-0291,0.0095,0.30554
CVE-2011-0310,0.04967,0.88981
CVE-2011-0311,0.01315,0.67456
CVE-2011-0314,0.03941,0.85207
CVE-2011-0315,0.01319,0.70416
CVE-2011-0316,0.01319,0.70416
CVE-2011-0317,0.04228,0.86814
CVE-2011-0318,0.04228,0.86814
CVE-2011-0319,0.04228,0.86814
CVE-2011-0320,0.04228,0.86814
CVE-2011-0321,0.01408,0.72072
CVE-2011-0322,0.01319,0.70416
CVE-2011-0323,0.06309,0.90494
CVE-2011-0324,0.07525,0.92398
CVE-2011-0329,0.01213,0.6557
CVE-2011-0330,0.01213,0.6557
CVE-2011-0331,0.06309,0.90494
CVE-2011-0332,0.06235,0.90314
CVE-2011-0333,0.07732,0.92768
CVE-2011-0334,0.07732,0.92768
CVE-2011-0335,0.04228,0.86814
CVE-2011-0340,0.86663,0.99705
CVE-2011-0341,0.06443,0.90606
CVE-2011-0342,0.06523,0.90962
CVE-2011-0343,0.0095,0.30554
CVE-2011-0344,0.07777,0.92953
CVE-2011-0345,0.01408,0.72072
CVE-2011-0346,0.5678,0.98754
CVE-2011-0347,0.38012,0.9785
CVE-2011-0348,0.01319,0.70416
CVE-2011-0349,0.01319,0.70416
CVE-2011-0350,0.01319,0.70416
CVE-2011-0352,0.01319,0.70416
CVE-2011-0354,0.07197,0.92068
CVE-2011-0355,0.01537,0.73595
CVE-2011-0364,0.40588,0.98099
CVE-2011-0372,0.01055,0.50287
CVE-2011-0373,0.01055,0.50287
CVE-2011-0374,0.01055,0.50287
CVE-2011-0375,0.01055,0.50287
CVE-2011-0376,0.01055,0.50287
CVE-2011-0377,0.01136,0.57949
CVE-2011-0378,0.01055,0.50287
CVE-2011-0379,0.08263,0.93269
CVE-2011-0380,0.01213,0.6557
CVE-2011-0381,0.06523,0.90962
CVE-2011-0382,0.01136,0.57949
CVE-2011-0383,0.07777,0.92953
CVE-2011-0384,0.06523,0.90962
CVE-2011-0385,0.06523,0.90962
CVE-2011-0386,0.06309,0.90494
CVE-2011-0387,0.01132,0.54372
CVE-2011-0388,0.01213,0.6557
CVE-2011-0389,0.01213,0.6557
CVE-2011-0390,0.01213,0.6557
CVE-2011-0391,0.01213,0.6557
CVE-2011-0392,0.01213,0.6557
CVE-2011-0393,0.01213,0.6557
CVE-2011-0394,0.02172,0.79917
CVE-2011-0395,0.01213,0.6557
CVE-2011-0396,0.01213,0.6557
CVE-2011-0398,0.01213,0.6557
CVE-2011-0399,0.01213,0.6557
CVE-2011-0400,0.01213,0.6557
CVE-2011-0401,0.01319,0.70416
CVE-2011-0402,0.03407,0.83908
CVE-2011-0403,0.07437,0.92309
CVE-2011-0404,0.78095,0.99418
CVE-2011-0405,0.07197,0.92068
CVE-2011-0406,0.40588,0.98099
CVE-2011-0407,0.01139,0.58345
CVE-2011-0408,0.06604,0.91138
CVE-2011-0410,0.01018,0.38792
CVE-2011-0411,0.06088,0.90156
CVE-2011-0412,0.01034,0.39824
CVE-2011-0413,0.26383,0.96972
CVE-2011-0414,0.04711,0.88663
CVE-2011-0418,0.09659,0.94
CVE-2011-0419,0.48236,0.98492
CVE-2011-0420,0.12567,0.95329
CVE-2011-0421,0.12567,0.95329
CVE-2011-0423,0.01408,0.72072
CVE-2011-0426,0.01136,0.57949
CVE-2011-0427,0.06604,0.91138
CVE-2011-0428,0.01055,0.50287
CVE-2011-0430,0.05139,0.89128
CVE-2011-0431,0.01108,0.53389
CVE-2011-0432,0.03779,0.84781
CVE-2011-0433,0.04967,0.88981
CVE-2011-0434,0.01974,0.7812
CVE-2011-0435,0.01974,0.7812
CVE-2011-0436,0.02172,0.79917
CVE-2011-0437,0.01649,0.75017
CVE-2011-0438,0.01319,0.70416
CVE-2011-0439,0.01319,0.70416
CVE-2011-0440,0.01319,0.70416
CVE-2011-0441,0.01034,0.39824
CVE-2011-0442,0.01315,0.67456
CVE-2011-0443,0.01139,0.58345
CVE-2011-0444,0.08228,0.93218
CVE-2011-0445,0.02172,0.79917
CVE-2011-0446,0.01955,0.77585
CVE-2011-0447,0.01955,0.77585
CVE-2011-0448,0.01319,0.70416
CVE-2011-0449,0.01319,0.70416
CVE-2011-0450,0.06852,0.91814
CVE-2011-0451,0.01319,0.70416
CVE-2011-0452,0.0095,0.30554
CVE-2011-0453,0.01319,0.70416
CVE-2011-0454,0.07777,0.92953
CVE-2011-0455,0.01319,0.70416
CVE-2011-0456,0.01213,0.6557
CVE-2011-0457,0.01136,0.57949
CVE-2011-0458,0.01034,0.39824
CVE-2011-0459,0.01213,0.6557
CVE-2011-0460,0.00885,0.26162
CVE-2011-0461,0.0095,0.30554
CVE-2011-0462,0.01055,0.50287
CVE-2011-0463,0.01034,0.39824
CVE-2011-0464,0.09196,0.93925
CVE-2011-0465,0.04358,0.87435
CVE-2011-0466,0.00885,0.26162
CVE-2011-0467,0.00885,0.26162
CVE-2011-0468,0.01104,0.52279
CVE-2011-0469,0.00954,0.34522
CVE-2011-0470,0.01408,0.72072
CVE-2011-0471,0.01408,0.72072
CVE-2011-0472,0.01408,0.72072
CVE-2011-0473,0.01408,0.72072
CVE-2011-0474,0.01974,0.7812
CVE-2011-0475,0.01408,0.72072
CVE-2011-0476,0.01408,0.72072
CVE-2011-0477,0.01408,0.72072
CVE-2011-0478,0.01408,0.72072
CVE-2011-0479,0.01408,0.72072
CVE-2011-0480,0.03932,0.8519
CVE-2011-0481,0.01408,0.72072
CVE-2011-0482,0.01955,0.77585
CVE-2011-0483,0.01408,0.72072
CVE-2011-0484,0.01408,0.72072
CVE-2011-0485,0.08263,0.93269
CVE-2011-0486,0.01319,0.70416
CVE-2011-0487,0.0292,0.82516
CVE-2011-0488,0.07544,0.92484
CVE-2011-0489,0.0679,0.91793
CVE-2011-0490,0.01319,0.70416
CVE-2011-0491,0.01319,0.70416
CVE-2011-0492,0.01319,0.70416
CVE-2011-0493,0.01319,0.70416
CVE-2011-0494,0.02686,0.82061
CVE-2011-0495,0.09085,0.93856
CVE-2011-0496,0.07777,0.92953
CVE-2011-0497,0.01319,0.70416
CVE-2011-0498,0.06006,0.90134
CVE-2011-0499,0.06309,0.90494
CVE-2011-0500,0.06309,0.90494
CVE-2011-0501,0.05349,0.89417
CVE-2011-0502,0.04187,0.86773
CVE-2011-0503,0.01213,0.6557
CVE-2011-0504,0.01955,0.77585
CVE-2011-0505,0.0679,0.91793
CVE-2011-0506,0.07437,0.92309
CVE-2011-0507,0.04482,0.88223
CVE-2011-0508,0.01319,0.70416
CVE-2011-0509,0.01319,0.70416
CVE-2011-0510,0.00986,0.35784
CVE-2011-0511,0.00986,0.35784
CVE-2011-0512,0.00986,0.35784
CVE-2011-0513,0.01899,0.76481
CVE-2011-0514,0.66422,0.98998
CVE-2011-0515,0.01761,0.7555
CVE-2011-0516,0.00986,0.35784
CVE-2011-0517,0.6735,0.99047
CVE-2011-0518,0.72089,0.9919
CVE-2011-0519,0.00986,0.35784
CVE-2011-0520,0.07544,0.92484
CVE-2011-0521,0.01282,0.67298
CVE-2011-0522,0.28823,0.97188
CVE-2011-0523,0.01282,0.67298
CVE-2011-0524,0.01282,0.67298
CVE-2011-0525,0.00885,0.26162
CVE-2011-0526,0.01319,0.70416
CVE-2011-0527,0.01018,0.38792
CVE-2011-0528,0.01132,0.54372
CVE-2011-0529,0.00885,0.26162
CVE-2011-0530,0.12248,0.95092
CVE-2011-0531,0.78691,0.99434
CVE-2011-0532,0.0095,0.30554
CVE-2011-0533,0.06394,0.90534
CVE-2011-0534,0.06394,0.90534
CVE-2011-0535,0.10995,0.94626999999999994
CVE-2011-0536,0.02172,0.79379
CVE-2011-0537,0.01408,0.72072
CVE-2011-0538,0.12567,0.95329
CVE-2011-0539,0.02172,0.79917
CVE-2011-0541,0.0095,0.30554
CVE-2011-0542,0.0095,0.30554
CVE-2011-0543,0.0095,0.30554
CVE-2011-0544,0.00885,0.26162
CVE-2011-0545,0.01955,0.77585
CVE-2011-0546,0.05931,0.90093
CVE-2011-0547,0.1127,0.94787
CVE-2011-0548,0.04146,0.85406
CVE-2011-0549,0.01319,0.70416
CVE-2011-0550,0.01319,0.70416
CVE-2011-0551,0.01213,0.6557
CVE-2011-0552,0.01213,0.6557
CVE-2011-0553,0.01213,0.6557
CVE-2011-0554,0.06523,0.90962
CVE-2011-0555,0.08332,0.93284
CVE-2011-0556,0.03788,0.84809
CVE-2011-0557,0.07525,0.92398
CVE-2011-0558,0.04631,0.88514
CVE-2011-0559,0.0443,0.87699
CVE-2011-0560,0.0443,0.87699
CVE-2011-0561,0.0443,0.87699
CVE-2011-0562,0.01282,0.67298
CVE-2011-0563,0.03788,0.84809
CVE-2011-0564,0.01202,0.60495
CVE-2011-0565,0.04036,0.85309
CVE-2011-0566,0.08849,0.9368
CVE-2011-0567,0.10949,0.94488
CVE-2011-0568,0.03444,0.84021
CVE-2011-0569,0.03788,0.84809
CVE-2011-0570,0.01221,0.65581
CVE-2011-0571,0.0443,0.87699
CVE-2011-0572,0.0443,0.87699
CVE-2011-0573,0.0443,0.87699
CVE-2011-0574,0.0443,0.87699
CVE-2011-0575,0.01547,0.74085
CVE-2011-0577,0.09915,0.94265
CVE-2011-0578,0.0443,0.87699
CVE-2011-0579,0.01126,0.53553
CVE-2011-0580,0.01319,0.70416
CVE-2011-0581,0.01319,0.70416
CVE-2011-0582,0.01308,0.67354
CVE-2011-0583,0.01319,0.70416
CVE-2011-0584,0.01319,0.70416
CVE-2011-0585,0.0443,0.87699
CVE-2011-0586,0.04631,0.88514
CVE-2011-0587,0.01776,0.75902
CVE-2011-0588,0.01221,0.65581
CVE-2011-0589,0.0443,0.87699
CVE-2011-0590,0.07525,0.92398
CVE-2011-0591,0.09915,0.94265
CVE-2011-0592,0.09915,0.94265
CVE-2011-0593,0.09915,0.94265
CVE-2011-0594,0.09915,0.94265
CVE-2011-0595,0.09915,0.94265
CVE-2011-0596,0.07525,0.92398
CVE-2011-0598,0.09915,0.94265
CVE-2011-0599,0.09915,0.94265
CVE-2011-0600,0.09915,0.94265
CVE-2011-0602,0.09915,0.94265
CVE-2011-0603,0.10949,0.94488
CVE-2011-0604,0.01776,0.75902
CVE-2011-0605,0.03788,0.84809
CVE-2011-0606,0.10949,0.94488
CVE-2011-0607,0.0443,0.87699
CVE-2011-0608,0.0443,0.87699
CVE-2011-0609,0.84719,0.99627
CVE-2011-0610,0.04315,0.8704
CVE-2011-0611,0.8246,0.99544
CVE-2011-0612,0.01055,0.50287
CVE-2011-0613,0.01055,0.50287
CVE-2011-0614,0.10009,0.94274
CVE-2011-0615,0.06995,0.91861
CVE-2011-0618,0.03601,0.84249
CVE-2011-0619,0.03444,0.84021
CVE-2011-0620,0.03444,0.84021
CVE-2011-0621,0.03444,0.84021
CVE-2011-0622,0.03444,0.84021
CVE-2011-0623,0.03601,0.84249
CVE-2011-0624,0.03601,0.84249
CVE-2011-0625,0.03601,0.84249
CVE-2011-0626,0.03601,0.84249
CVE-2011-0627,0.06995,0.91861
CVE-2011-0628,0.07525,0.92398
CVE-2011-0629,0.01055,0.50287
CVE-2011-0633,0.01136,0.57949
CVE-2011-0635,0.05931,0.90093
CVE-2011-0636,0.01282,0.67298
CVE-2011-0637,0.01108,0.53389
CVE-2011-0638,0.02283,0.80608
CVE-2011-0639,0.0089,0.2856
CVE-2011-0640,0.0089,0.2856
CVE-2011-0641,0.01213,0.6557
CVE-2011-0642,0.04187,0.86773
CVE-2011-0643,0.04187,0.86773
CVE-2011-0644,0.01213,0.6557
CVE-2011-0645,0.00986,0.35784
CVE-2011-0646,0.00986,0.35784
CVE-2011-0647,0.79593,0.99455
CVE-2011-0648,0.01232,0.66248
CVE-2011-0649,0.01034,0.39824
CVE-2011-0650,0.01319,0.70416
CVE-2011-0651,0.06523,0.90962
CVE-2011-0652,0.01761,0.7555
CVE-2011-0653,0.29797,0.97364
CVE-2011-0654,0.82991,0.99557
CVE-2011-0655,0.40543,0.98053
CVE-2011-0656,0.47154,0.98447
CVE-2011-0657,0.79179,0.99443
CVE-2011-0658,0.38051,0.97859
CVE-2011-0660,0.43723,0.98221
CVE-2011-0661,0.6986,0.99093
CVE-2011-0662,0.01773,0.75657
CVE-2011-0663,0.54738,0.98709
CVE-2011-0664,0.36829,0.97789
CVE-2011-0665,0.01773,0.75657
CVE-2011-0666,0.01773,0.75657
CVE-2011-0667,0.01773,0.75657
CVE-2011-0670,0.01773,0.75657
CVE-2011-0671,0.01773,0.75657
CVE-2011-0672,0.01773,0.75657
CVE-2011-0673,0.01773,0.75657
CVE-2011-0674,0.01773,0.75657
CVE-2011-0675,0.01773,0.75657
CVE-2011-0676,0.01773,0.75657
CVE-2011-0677,0.01773,0.75657
CVE-2011-0678,0.15142,0.95704
CVE-2011-0679,0.03779,0.84781
CVE-2011-0680,0.02172,0.79917
CVE-2011-0681,0.01408,0.72072
CVE-2011-0682,0.06604,0.91138
CVE-2011-0683,0.01776,0.75902
CVE-2011-0684,0.01537,0.73595
CVE-2011-0685,0.01282,0.67298
CVE-2011-0686,0.01408,0.72072
CVE-2011-0687,0.01408,0.72072
CVE-2011-0688,0.01319,0.70416
CVE-2011-0694,0.07996,0.93017
CVE-2011-0695,0.01408,0.72072
CVE-2011-0696,0.03407,0.83908
CVE-2011-0697,0.03407,0.83908
CVE-2011-0698,0.01319,0.70416
CVE-2011-0699,0.0095,0.30554
CVE-2011-0700,0.01968,0.77806
CVE-2011-0701,0.02186,0.8012
CVE-2011-0702,0.01282,0.67298
CVE-2011-0703,0.00885,0.26162
CVE-2011-0704,0.01055,0.50287
CVE-2011-0706,0.02172,0.79917
CVE-2011-0707,0.03932,0.8519
CVE-2011-0708,0.12567,0.95329
CVE-2011-0709,0.01408,0.72072
CVE-2011-0710,0.01282,0.67298
CVE-2011-0711,0.01282,0.67298
CVE-2011-0712,0.01282,0.67298
CVE-2011-0713,0.03932,0.8519
CVE-2011-0714,0.01213,0.6557
CVE-2011-0715,0.07344,0.92237
CVE-2011-0716,0.0095,0.30554
CVE-2011-0717,0.01319,0.70416
CVE-2011-0718,0.01319,0.70416
CVE-2011-0719,0.04358,0.87435
CVE-2011-0720,0.02172,0.79917
CVE-2011-0721,0.01537,0.73595
CVE-2011-0722,0.06604,0.91138
CVE-2011-0723,0.06604,0.91138
CVE-2011-0724,0.01213,0.6557
CVE-2011-0725,0.01034,0.39824
CVE-2011-0726,0.01104,0.52279
CVE-2011-0727,0.01547,0.74085
CVE-2011-0728,0.01633,0.74922
CVE-2011-0729,0.01034,0.39824
CVE-2011-0730,0.01104,0.52279
CVE-2011-0731,0.07777,0.92953
CVE-2011-0732,0.00885,0.26162
CVE-2011-0733,0.01319,0.70416
CVE-2011-0734,0.01319,0.70416
CVE-2011-0735,0.01213,0.6557
CVE-2011-0736,0.01136,0.57949
CVE-2011-0737,0.01136,0.57949
CVE-2011-0738,0.02172,0.79917
CVE-2011-0739,0.01319,0.70416
CVE-2011-0740,0.01917,0.77071
CVE-2011-0741,0.01136,0.57949
CVE-2011-0742,0.13234,0.95482
CVE-2011-0745,0.05931,0.90093
CVE-2011-0746,0.01136,0.57949
CVE-2011-0748,0.01776,0.75902
CVE-2011-0752,0.01183,0.60428
CVE-2011-0753,0.01018,0.38792
CVE-2011-0754,0.0095,0.30554
CVE-2011-0755,0.01018,0.38792
CVE-2011-0756,0.01055,0.50287
CVE-2011-0757,0.01815,0.76117
CVE-2011-0758,0.07544,0.92484
CVE-2011-0759,0.01213,0.6557
CVE-2011-0760,0.01213,0.6557
CVE-2011-0761,0.0679,0.91793
CVE-2011-0762,0.11063,0.94638
CVE-2011-0764,0.09915,0.94265
CVE-2011-0765,0.0089,0.2856
CVE-2011-0766,0.01213,0.6557
CVE-2011-0767,0.01213,0.6557
CVE-2011-0770,0.01213,0.6557
CVE-2011-0771,0.01319,0.70416
CVE-2011-0772,0.05649,0.89807
CVE-2011-0773,0.04894,0.88891
CVE-2011-0774,0.01136,0.57949
CVE-2011-0775,0.01213,0.6557
CVE-2011-0776,0.01136,0.57949
CVE-2011-0777,0.01319,0.70416
CVE-2011-0778,0.01408,0.72072
CVE-2011-0779,0.01319,0.70416
CVE-2011-0780,0.01136,0.57949
CVE-2011-0781,0.00885,0.26162
CVE-2011-0782,0.01136,0.57949
CVE-2011-0783,0.01319,0.70416
CVE-2011-0784,0.06523,0.90962
CVE-2011-0785,0.01055,0.50287
CVE-2011-0786,0.02686,0.82061
CVE-2011-0787,0.01055,0.50287
CVE-2011-0788,0.02686,0.82061
CVE-2011-0789,0.01055,0.50287
CVE-2011-0790,0.00885,0.26162
CVE-2011-0791,0.01055,0.50287
CVE-2011-0792,0.01055,0.50287
CVE-2011-0793,0.01055,0.50287
CVE-2011-0794,0.01034,0.39824
CVE-2011-0795,0.01055,0.50287
CVE-2011-0796,0.00885,0.26162
CVE-2011-0797,0.01055,0.50287
CVE-2011-0798,0.01055,0.50287
CVE-2011-0799,0.01055,0.50287
CVE-2011-0800,0.00885,0.26162
CVE-2011-0801,0.00885,0.26162
CVE-2011-0802,0.04358,0.87435
CVE-2011-0803,0.01055,0.50287
CVE-2011-0804,0.01055,0.50287
CVE-2011-0805,0.01055,0.50287
CVE-2011-0806,0.01055,0.50287
CVE-2011-0807,0.7179,0.99162
CVE-2011-0808,0.01034,0.39824
CVE-2011-0809,0.01055,0.50287
CVE-2011-0810,0.01055,0.50287
CVE-2011-0811,0.00885,0.26162
CVE-2011-0812,0.00885,0.26162
CVE-2011-0813,0.00885,0.26162
CVE-2011-0814,0.04358,0.87435
CVE-2011-0815,0.02686,0.82061
CVE-2011-0816,0.01055,0.50287
CVE-2011-0817,0.02686,0.82061
CVE-2011-0818,0.01055,0.50287
CVE-2011-0819,0.01055,0.50287
CVE-2011-0820,0.01055,0.50287
CVE-2011-0821,0.00885,0.26162
CVE-2011-0822,0.01136,0.57949
CVE-2011-0823,0.01055,0.50287
CVE-2011-0824,0.01055,0.50287
CVE-2011-0825,0.01055,0.50287
CVE-2011-0826,0.01055,0.50287
CVE-2011-0827,0.01055,0.50287
CVE-2011-0828,0.01055,0.50287
CVE-2011-0829,0.00885,0.26162
CVE-2011-0830,0.01055,0.50287
CVE-2011-0831,0.01055,0.50287
CVE-2011-0832,0.01055,0.50287
CVE-2011-0833,0.01055,0.50287
CVE-2011-0834,0.01055,0.50287
CVE-2011-0835,0.01055,0.50287
CVE-2011-0836,0.04104,0.85354
CVE-2011-0837,0.01055,0.50287
CVE-2011-0838,0.01055,0.50287
CVE-2011-0839,0.00885,0.26162
CVE-2011-0840,0.01055,0.50287
CVE-2011-0841,0.01055,0.50287
CVE-2011-0843,0.01055,0.50287
CVE-2011-0844,0.01055,0.50287
CVE-2011-0845,0.01136,0.57949
CVE-2011-0846,0.01055,0.50287
CVE-2011-0847,0.01055,0.50287
CVE-2011-0848,0.01055,0.50287
CVE-2011-0849,0.01055,0.50287
CVE-2011-0850,0.01055,0.50287
CVE-2011-0851,0.01055,0.50287
CVE-2011-0852,0.01055,0.50287
CVE-2011-0853,0.01055,0.50287
CVE-2011-0854,0.01055,0.50287
CVE-2011-0855,0.01055,0.50287
CVE-2011-0856,0.01055,0.50287
CVE-2011-0857,0.01055,0.50287
CVE-2011-0858,0.01055,0.50287
CVE-2011-0859,0.01055,0.50287
CVE-2011-0860,0.01055,0.50287
CVE-2011-0861,0.01055,0.50287
CVE-2011-0862,0.04358,0.87435
CVE-2011-0863,0.02686,0.82061
CVE-2011-0864,0.02686,0.82061
CVE-2011-0865,0.02686,0.82061
CVE-2011-0866,0.02686,0.82061
CVE-2011-0867,0.02686,0.82061
CVE-2011-0868,0.04358,0.87435
CVE-2011-0869,0.02686,0.82061
CVE-2011-0870,0.01136,0.57949
CVE-2011-0871,0.02686,0.82061
CVE-2011-0872,0.04358,0.87435
CVE-2011-0873,0.04358,0.87435
CVE-2011-0875,0.01061,0.51015
CVE-2011-0876,0.01055,0.50287
CVE-2011-0877,0.01055,0.50287
CVE-2011-0879,0.01055,0.50287
CVE-2011-0880,0.01055,0.50287
CVE-2011-0881,0.01055,0.50287
CVE-2011-0882,0.01055,0.50287
CVE-2011-0883,0.01055,0.50287
CVE-2011-0884,0.01055,0.50287
CVE-2011-0885,0.01408,0.72072
CVE-2011-0886,0.01408,0.72072
CVE-2011-0887,0.01408,0.72072
CVE-2011-0889,0.26641,0.97016
CVE-2011-0890,0.01319,0.70416
CVE-2011-0891,0.0089,0.2856
CVE-2011-0892,0.01319,0.70416
CVE-2011-0893,0.01319,0.70416
CVE-2011-0894,0.01232,0.66248
CVE-2011-0895,0.01232,0.66248
CVE-2011-0896,0.01315,0.67456
CVE-2011-0897,0.01282,0.67298
CVE-2011-0898,0.01776,0.75902
CVE-2011-0899,0.01319,0.70416
CVE-2011-0900,0.06309,0.90494
CVE-2011-0901,0.06309,0.90494
CVE-2011-0902,0.01899,0.76481
CVE-2011-0903,0.04187,0.86773
CVE-2011-0904,0.02528,0.8112
CVE-2011-0905,0.02528,0.8112
CVE-2011-0908,0.01055,0.50287
CVE-2011-0909,0.01055,0.50287
CVE-2011-0910,0.01055,0.50287
CVE-2011-0911,0.01055,0.50287
CVE-2011-0912,0.06309,0.90494
CVE-2011-0913,0.06523,0.90962
CVE-2011-0914,0.06523,0.90962
CVE-2011-0915,0.06523,0.90962
CVE-2011-0916,0.06523,0.90962
CVE-2011-0917,0.07687,0.92751
CVE-2011-0918,0.06523,0.90962
CVE-2011-0919,0.06523,0.90962
CVE-2011-0920,0.03696,0.84331
CVE-2011-0921,0.25374,0.96854
CVE-2011-0922,0.82059,0.99531
CVE-2011-0923,0.81545,0.99519
CVE-2011-0924,0.01319,0.70416
CVE-2011-0925,0.01319,0.70416
CVE-2011-0926,0.07525,0.92398
CVE-2011-0935,0.01136,0.57949
CVE-2011-0939,0.01055,0.50287
CVE-2011-0941,0.01055,0.50287
CVE-2011-0943,0.01055,0.50287
CVE-2011-0944,0.01055,0.50287
CVE-2011-0945,0.01055,0.50287
CVE-2011-0946,0.01055,0.50287
CVE-2011-0949,0.01055,0.50287
CVE-2011-0951,0.3936,0.98008
CVE-2011-0959,0.01917,0.77071
CVE-2011-0960,0.01319,0.70416
CVE-2011-0961,0.02945,0.82784
CVE-2011-0962,0.01917,0.77071
CVE-2011-0963,0.01055,0.50287
CVE-2011-0966,0.04482,0.88223
CVE-2011-0975,0.08263,0.93269
CVE-2011-0976,0.5678,0.98754
CVE-2011-0977,0.6716,0.9904
CVE-2011-0978,0.70761,0.99131
CVE-2011-0979,0.6716,0.9904
CVE-2011-0980,0.6716,0.9904
CVE-2011-0981,0.03779,0.84781
CVE-2011-0982,0.01319,0.70416
CVE-2011-0983,0.03779,0.84781
CVE-2011-0984,0.01974,0.7812
CVE-2011-0985,0.01537,0.73595
CVE-2011-0986,0.01408,0.72072
CVE-2011-0987,0.09085,0.93856
CVE-2011-0988,0.0089,0.2856
CVE-2011-0989,0.01955,0.77585
CVE-2011-0990,0.02172,0.79917
CVE-2011-0991,0.03407,0.83908
CVE-2011-0992,0.01955,0.77585
CVE-2011-0993,0.00885,0.26162
CVE-2011-0994,0.13234,0.95482
CVE-2011-0995,0.01034,0.39824
CVE-2011-0996,0.01408,0.72072
CVE-2011-0997,0.15272,0.95729
CVE-2011-0999,0.01034,0.39824
CVE-2011-1000,0.04358,0.87435
CVE-2011-1001,0.04315,0.8704
CVE-2011-1002,0.04358,0.87435
CVE-2011-1003,0.09915,0.94265
CVE-2011-1004,0.01547,0.74085
CVE-2011-1005,0.02686,0.82061
CVE-2011-1006,0.01547,0.74085
CVE-2011-1007,0.02686,0.82061
CVE-2011-1008,0.02186,0.8012
CVE-2011-1009,0.00885,0.26162
CVE-2011-1010,0.01547,0.74085
CVE-2011-1011,0.01547,0.74085
CVE-2011-1012,0.01282,0.67298
CVE-2011-1013,0.01034,0.39824
CVE-2011-1015,0.03779,0.84781
CVE-2011-1016,0.01104,0.52279
CVE-2011-1017,0.01282,0.67298
CVE-2011-1018,0.12567,0.95329
CVE-2011-1019,0.0095,0.30554
CVE-2011-1020,0.0322,0.83442
CVE-2011-1021,0.0095,0.30554
CVE-2011-1022,0.01547,0.74085
CVE-2011-1023,0.0095,0.30554
CVE-2011-1024,0.02528,0.8112
CVE-2011-1025,0.03779,0.84781
CVE-2011-1026,0.0221,0.80318
CVE-2011-1027,0.03779,0.84781
CVE-2011-1028,0.00954,0.34522
CVE-2011-1029,0.01132,0.54372
CVE-2011-1030,0.01213,0.6557
CVE-2011-1031,0.0095,0.30554
CVE-2011-1032,0.01018,0.38792
CVE-2011-1033,0.07996,0.93017
CVE-2011-1034,0.01319,0.70416
CVE-2011-1035,0.02172,0.79917
CVE-2011-1036,0.01955,0.77585
CVE-2011-1038,0.01917,0.77071
CVE-2011-1042,0.01213,0.6557
CVE-2011-1044,0.01034,0.39824
CVE-2011-1045,0.01213,0.6557
CVE-2011-1046,0.01213,0.6557
CVE-2011-1047,0.04386,0.87542
CVE-2011-1048,0.00986,0.35784
CVE-2011-1049,0.04146,0.85406
CVE-2011-1050,0.01018,0.38792
CVE-2011-1051,0.00954,0.34522
CVE-2011-1052,0.00954,0.34522
CVE-2011-1053,0.01136,0.57949
CVE-2011-1054,0.00954,0.34522
CVE-2011-1055,0.01139,0.58345
CVE-2011-1056,0.0095,0.30554
CVE-2011-1058,0.03407,0.83908
CVE-2011-1059,0.01319,0.70416
CVE-2011-1060,0.01139,0.58345
CVE-2011-1061,0.01319,0.70416
CVE-2011-1062,0.02945,0.82784
CVE-2011-1063,0.01213,0.6557
CVE-2011-1064,0.01213,0.6557
CVE-2011-1065,0.06309,0.90494
CVE-2011-1066,0.01213,0.6557
CVE-2011-1067,0.01213,0.6557
CVE-2011-1068,0.25802,0.96904
CVE-2011-1069,0.00885,0.26162
CVE-2011-1070,0.0089,0.2856
CVE-2011-1071,0.27067,0.97028
CVE-2011-1072,0.01547,0.74085
CVE-2011-1073,0.01034,0.39824
CVE-2011-1074,0.01034,0.39824
CVE-2011-1075,0.00954,0.34522
CVE-2011-1076,0.01018,0.38792
CVE-2011-1077,0.0221,0.80318
CVE-2011-1078,0.01104,0.52279
CVE-2011-1079,0.01104,0.52279
CVE-2011-1080,0.01034,0.39824
CVE-2011-1081,0.12567,0.95329
CVE-2011-1082,0.01924,0.77129
CVE-2011-1083,0.0322,0.83442
CVE-2011-1084,0.00885,0.26162
CVE-2011-1085,0.00885,0.26162
CVE-2011-1086,0.02173,0.80027
CVE-2011-1087,0.06604,0.91138
CVE-2011-1088,0.06394,0.90534
CVE-2011-1089,0.01547,0.74085
CVE-2011-1090,0.01282,0.67298
CVE-2011-1091,0.02528,0.8112
CVE-2011-1092,0.12567,0.95329
CVE-2011-1093,0.01408,0.72072
CVE-2011-1094,0.01537,0.73595
CVE-2011-1095,0.01547,0.74085
CVE-2011-1096,0.04358,0.87435
CVE-2011-1097,0.04229,0.86856
CVE-2011-1098,0.01547,0.74085
CVE-2011-1099,0.07197,0.92068
CVE-2011-1100,0.00986,0.35784
CVE-2011-1101,0.01319,0.70416
CVE-2011-1102,0.01319,0.70416
CVE-2011-1103,0.01213,0.6557
CVE-2011-1104,0.01213,0.6557
CVE-2011-1105,0.01055,0.50287
CVE-2011-1106,0.01917,0.77071
CVE-2011-1107,0.01776,0.75902
CVE-2011-1108,0.01213,0.6557
CVE-2011-1109,0.02172,0.79917
CVE-2011-1110,0.01213,0.6557
CVE-2011-1111,0.01213,0.6557
CVE-2011-1112,0.01213,0.6557
CVE-2011-1113,0.01213,0.6557
CVE-2011-1114,0.02172,0.79917
CVE-2011-1115,0.02172,0.79917
CVE-2011-1116,0.01213,0.6557
CVE-2011-1117,0.02172,0.79917
CVE-2011-1118,0.01213,0.6557
CVE-2011-1119,0.01213,0.6557
CVE-2011-1120,0.01213,0.6557
CVE-2011-1121,0.02172,0.79917
CVE-2011-1122,0.01213,0.6557
CVE-2011-1123,0.01018,0.38792
CVE-2011-1124,0.01213,0.6557
CVE-2011-1125,0.01213,0.6557
CVE-2011-1126,0.01282,0.67298
CVE-2011-1127,0.01213,0.6557
CVE-2011-1128,0.01213,0.6557
CVE-2011-1129,0.01132,0.54372
CVE-2011-1130,0.01213,0.6557
CVE-2011-1131,0.01213,0.6557
CVE-2011-1132,0.0095,0.30554
CVE-2011-1133,0.04836,0.88802
CVE-2011-1134,0.05634,0.89764
CVE-2011-1135,0.04836,0.88802
CVE-2011-1136,0.0089,0.2856
CVE-2011-1137,0.12567,0.95329
CVE-2011-1138,0.03779,0.84781
CVE-2011-1139,0.04358,0.87435
CVE-2011-1140,0.45404,0.98271
CVE-2011-1141,0.04358,0.87435
CVE-2011-1142,0.01319,0.70416
CVE-2011-1143,0.12567,0.95329
CVE-2011-1144,0.01104,0.52279
CVE-2011-1145,0.0095,0.30554
CVE-2011-1146,0.08228,0.93218
CVE-2011-1147,0.07544,0.92484
CVE-2011-1148,0.02686,0.82061
CVE-2011-1149,0.01108,0.53389
CVE-2011-1150,0.00885,0.26162
CVE-2011-1151,0.00885,0.26162
CVE-2011-1153,0.04229,0.86856
CVE-2011-1154,0.01547,0.74085
CVE-2011-1155,0.01547,0.74085
CVE-2011-1156,0.02172,0.79917
CVE-2011-1157,0.01955,0.77585
CVE-2011-1158,0.01955,0.77585
CVE-2011-1159,0.0322,0.83442
CVE-2011-1160,0.0095,0.30554
CVE-2011-1162,0.00885,0.26162
CVE-2011-1163,0.01547,0.74085
CVE-2011-1164,0.01061,0.51015
CVE-2011-1165,0.01213,0.6557
CVE-2011-1166,0.01592,0.74578
CVE-2011-1167,0.09915,0.94265
CVE-2011-1168,0.03407,0.83908
CVE-2011-1169,0.0095,0.30554
CVE-2011-1170,0.01282,0.67298
CVE-2011-1171,0.01282,0.67298
CVE-2011-1172,0.01282,0.67298
CVE-2011-1173,0.01408,0.72072
CVE-2011-1174,0.03779,0.84781
CVE-2011-1175,0.03779,0.84781
CVE-2011-1176,0.01955,0.77585
CVE-2011-1178,0.06604,0.91138
CVE-2011-1179,0.06604,0.91138
CVE-2011-1180,0.01213,0.6557
CVE-2011-1182,0.01034,0.39824
CVE-2011-1183,0.0221,0.80318
CVE-2011-1184,0.07344,0.92237
CVE-2011-1185,0.01108,0.53389
CVE-2011-1186,0.05139,0.89128
CVE-2011-1187,0.02172,0.79917
CVE-2011-1188,0.02172,0.79917
CVE-2011-1189,0.01319,0.70416
CVE-2011-1190,0.02172,0.79917
CVE-2011-1191,0.01319,0.70416
CVE-2011-1192,0.01319,0.70416
CVE-2011-1193,0.01319,0.70416
CVE-2011-1194,0.01319,0.70416
CVE-2011-1195,0.01319,0.70416
CVE-2011-1196,0.01319,0.70416
CVE-2011-1197,0.01319,0.70416
CVE-2011-1198,0.01319,0.70416
CVE-2011-1199,0.01319,0.70416
CVE-2011-1200,0.01319,0.70416
CVE-2011-1201,0.01319,0.70416
CVE-2011-1202,0.01955,0.77585
CVE-2011-1203,0.02172,0.79917
CVE-2011-1204,0.01955,0.77585
CVE-2011-1205,0.01034,0.39824
CVE-2011-1206,0.42881,0.98198
CVE-2011-1207,0.07777,0.92953
CVE-2011-1208,0.01319,0.70416
CVE-2011-1209,0.01136,0.57949
CVE-2011-1213,0.75392,0.99312
CVE-2011-1214,0.07525,0.92398
CVE-2011-1215,0.07525,0.92398
CVE-2011-1216,0.07525,0.92398
CVE-2011-1217,0.06309,0.90494
CVE-2011-1218,0.06309,0.90494
CVE-2011-1220,0.57772,0.98769
CVE-2011-1221,0.01055,0.50287
CVE-2011-1222,0.0095,0.30554
CVE-2011-1223,0.0095,0.30554
CVE-2011-1224,0.01018,0.38792
CVE-2011-1225,0.01773,0.75657
CVE-2011-1226,0.01773,0.75657
CVE-2011-1227,0.01773,0.75657
CVE-2011-1228,0.01773,0.75657
CVE-2011-1229,0.01773,0.75657
CVE-2011-1230,0.01773,0.75657
CVE-2011-1231,0.01773,0.75657
CVE-2011-1232,0.01773,0.75657
CVE-2011-1233,0.01773,0.75657
CVE-2011-1234,0.01773,0.75657
CVE-2011-1235,0.01773,0.75657
CVE-2011-1236,0.01773,0.75657
CVE-2011-1238,0.01773,0.75657
CVE-2011-1239,0.01773,0.75657
CVE-2011-1240,0.01773,0.75657
CVE-2011-1241,0.01773,0.75657
CVE-2011-1242,0.01773,0.75657
CVE-2011-1243,0.60981,0.98872
CVE-2011-1244,0.28304,0.97161
CVE-2011-1245,0.28304,0.97161
CVE-2011-1246,0.06645,0.9115
CVE-2011-1247,0.17034,0.95997
CVE-2011-1248,0.46763,0.98437
CVE-2011-1250,0.58315,0.98794
CVE-2011-1251,0.38051,0.97859
CVE-2011-1252,0.30125999999999997,0.97376
CVE-2011-1253,0.36829,0.97789
CVE-2011-1254,0.38051,0.97859
CVE-2011-1255,0.72051,0.99188
CVE-2011-1256,0.38051,0.97859
CVE-2011-1257,0.38845,0.97925
CVE-2011-1258,0.29797,0.97364
CVE-2011-1260,0.89677,0.99825
CVE-2011-1261,0.38051,0.97859
CVE-2011-1262,0.38051,0.97859
CVE-2011-1263,0.29797,0.97364
CVE-2011-1264,0.25802,0.96904
CVE-2011-1265,0.34534,0.97637
CVE-2011-1266,0.38051,0.97859
CVE-2011-1267,0.29797,0.97364
CVE-2011-1268,0.28879,0.97189
CVE-2011-1269,0.48125,0.98486
CVE-2011-1270,0.34483,0.97623
CVE-2011-1271,0.19232,0.96188
CVE-2011-1272,0.49719,0.98611
CVE-2011-1273,0.47332,0.98453
CVE-2011-1274,0.50763,0.98636
CVE-2011-1275,0.50763,0.98636
CVE-2011-1276,0.67216,0.99042
CVE-2011-1277,0.38845,0.97925
CVE-2011-1278,0.47332,0.98453
CVE-2011-1279,0.47332,0.98453
CVE-2011-1280,0.36068,0.97774
CVE-2011-1281,0.01268,0.66456
CVE-2011-1282,0.01268,0.66456
CVE-2011-1283,0.01268,0.66456
CVE-2011-1284,0.01268,0.66456
CVE-2011-1285,0.01319,0.70416
CVE-2011-1286,0.01319,0.70416
CVE-2011-1288,0.03333,0.83585
CVE-2011-1290,0.11354,0.94806
CVE-2011-1291,0.01319,0.70416
CVE-2011-1292,0.01408,0.72072
CVE-2011-1293,0.03779,0.84781
CVE-2011-1294,0.01319,0.70416
CVE-2011-1295,0.02172,0.79917
CVE-2011-1296,0.03779,0.84781
CVE-2011-1298,0.00954,0.34522
CVE-2011-1300,0.1127,0.94787
CVE-2011-1301,0.07996,0.93017
CVE-2011-1302,0.07996,0.93017
CVE-2011-1303,0.01136,0.57949
CVE-2011-1304,0.01136,0.57949
CVE-2011-1305,0.01136,0.57949
CVE-2011-1306,0.00885,0.26162
CVE-2011-1307,0.0095,0.30554
CVE-2011-1308,0.01213,0.6557
CVE-2011-1309,0.01018,0.38792
CVE-2011-1310,0.00885,0.26162
CVE-2011-1311,0.01055,0.50287
CVE-2011-1312,0.01055,0.50287
CVE-2011-1313,0.00885,0.26162
CVE-2011-1314,0.01055,0.50287
CVE-2011-1315,0.01055,0.50287
CVE-2011-1316,0.01055,0.50287
CVE-2011-1317,0.01055,0.50287
CVE-2011-1318,0.01055,0.50287
CVE-2011-1319,0.01055,0.50287
CVE-2011-1320,0.01055,0.50287
CVE-2011-1321,0.01055,0.50287
CVE-2011-1322,0.01055,0.50287
CVE-2011-1323,0.01136,0.57949
CVE-2011-1324,0.01055,0.50287
CVE-2011-1325,0.01213,0.6557
CVE-2011-1326,0.01213,0.6557
CVE-2011-1327,0.0089,0.2856
CVE-2011-1328,0.01319,0.70416
CVE-2011-1329,0.01319,0.70416
CVE-2011-1330,0.01213,0.6557
CVE-2011-1331,0.04967,0.88981
CVE-2011-1332,0.01136,0.57949
CVE-2011-1333,0.01319,0.70416
CVE-2011-1334,0.01319,0.70416
CVE-2011-1335,0.01319,0.70416
CVE-2011-1336,0.07525,0.92398
CVE-2011-1337,0.01955,0.77585
CVE-2011-1338,0.01034,0.39824
CVE-2011-1339,0.01055,0.50287
CVE-2011-1340,0.01213,0.6557
CVE-2011-1341,0.01136,0.57949
CVE-2011-1342,0.01136,0.57949
CVE-2011-1343,0.01213,0.6557
CVE-2011-1344,0.09174,0.9391
CVE-2011-1345,0.6716,0.9904
CVE-2011-1346,0.6716,0.9904
CVE-2011-1347,0.38012,0.9785
CVE-2011-1350,0.02362,0.80685
CVE-2011-1352,0.00885,0.26162
CVE-2011-1353,0.01122,0.53391
CVE-2011-1355,0.01136,0.57949
CVE-2011-1356,0.0095,0.30554
CVE-2011-1357,0.01055,0.50287
CVE-2011-1359,0.01319,0.70416
CVE-2011-1360,0.01213,0.6557
CVE-2011-1362,0.01213,0.6557
CVE-2011-1364,0.01213,0.6557
CVE-2011-1366,0.01213,0.6557
CVE-2011-1367,0.01213,0.6557
CVE-2011-1368,0.01136,0.57949
CVE-2011-1370,0.01055,0.50287
CVE-2011-1371,0.01055,0.50287
CVE-2011-1372,0.01055,0.50287
CVE-2011-1373,0.0089,0.2856
CVE-2011-1374,0.03261,0.83509
CVE-2011-1375,0.0089,0.2856
CVE-2011-1376,0.0095,0.30554
CVE-2011-1377,0.01108,0.53389
CVE-2011-1378,0.0089,0.2856
CVE-2011-1381,0.01055,0.50287
CVE-2011-1384,0.01034,0.39824
CVE-2011-1385,0.02172,0.79917
CVE-2011-1386,0.01213,0.6557
CVE-2011-1388,0.06309,0.90494
CVE-2011-1389,0.08263,0.93269
CVE-2011-1390,0.01319,0.70416
CVE-2011-1391,0.06309,0.90494
CVE-2011-1392,0.06309,0.90494
CVE-2011-1393,0.01213,0.6557
CVE-2011-1394,0.01319,0.70416
CVE-2011-1395,0.01213,0.6557
CVE-2011-1396,0.01213,0.6557
CVE-2011-1397,0.01319,0.70416
CVE-2011-1398,0.11341,0.94794
CVE-2011-1400,0.09915,0.94265
CVE-2011-1401,0.01315,0.67456
CVE-2011-1402,0.02186,0.8012
CVE-2011-1403,0.01319,0.70416
CVE-2011-1404,0.01649,0.75017
CVE-2011-1405,0.01232,0.66248
CVE-2011-1406,0.01213,0.6557
CVE-2011-1407,0.06523,0.90962
CVE-2011-1408,0.01213,0.6557
CVE-2011-1409,0.01213,0.6557
CVE-2011-1411,0.01213,0.6557
CVE-2011-1412,0.02686,0.82061
CVE-2011-1413,0.01319,0.70416
CVE-2011-1414,0.01408,0.72072
CVE-2011-1416,0.00885,0.26162
CVE-2011-1417,0.06154,0.90253
CVE-2011-1418,0.01018,0.38792
CVE-2011-1419,0.06394,0.90534
CVE-2011-1420,0.01034,0.39824
CVE-2011-1421,0.01034,0.39824
CVE-2011-1422,0.01319,0.70416
CVE-2011-1423,0.01213,0.6557
CVE-2011-1424,0.01055,0.50287
CVE-2011-1425,0.03932,0.8519
CVE-2011-1426,0.07525,0.92398
CVE-2011-1427,0.01917,0.77071
CVE-2011-1428,0.01018,0.38792
CVE-2011-1429,0.01537,0.73595
CVE-2011-1430,0.02564,0.81198
CVE-2011-1431,0.03535,0.8413
CVE-2011-1432,0.02359,0.80663
CVE-2011-1433,0.00954,0.34522
CVE-2011-1434,0.01213,0.6557
CVE-2011-1435,0.01213,0.6557
CVE-2011-1436,0.01136,0.57949
CVE-2011-1437,0.01213,0.6557
CVE-2011-1438,0.01213,0.6557
CVE-2011-1439,0.01018,0.38792
CVE-2011-1440,0.01776,0.75902
CVE-2011-1441,0.01213,0.6557
CVE-2011-1442,0.01213,0.6557
CVE-2011-1443,0.01213,0.6557
CVE-2011-1444,0.01213,0.6557
CVE-2011-1445,0.01213,0.6557
CVE-2011-1446,0.01319,0.70416
CVE-2011-1447,0.01213,0.6557
CVE-2011-1448,0.01213,0.6557
CVE-2011-1449,0.01955,0.77585
CVE-2011-1450,0.01213,0.6557
CVE-2011-1451,0.02172,0.79917
CVE-2011-1452,0.01213,0.6557
CVE-2011-1453,0.03333,0.83585
CVE-2011-1454,0.01213,0.6557
CVE-2011-1455,0.01213,0.6557
CVE-2011-1456,0.01213,0.6557
CVE-2011-1457,0.03333,0.83585
CVE-2011-1459,0.00954,0.34522
CVE-2011-1460,0.00954,0.34522
CVE-2011-1462,0.03333,0.83585
CVE-2011-1464,0.01537,0.73595
CVE-2011-1465,0.01018,0.38792
CVE-2011-1466,0.02686,0.82061
CVE-2011-1467,0.07197,0.92068
CVE-2011-1468,0.10995,0.94626999999999994
CVE-2011-1469,0.01537,0.73595
CVE-2011-1470,0.07197,0.92068
CVE-2011-1471,0.10995,0.94626999999999994
CVE-2011-1472,0.01018,0.38792
CVE-2011-1473,0.07559,0.92528
CVE-2011-1474,0.00885,0.26162
CVE-2011-1475,0.03718,0.84354
CVE-2011-1476,0.0095,0.30554
CVE-2011-1477,0.0095,0.30554
CVE-2011-1478,0.01974,0.7812
CVE-2011-1479,0.01819,0.7614
CVE-2011-1480,0.01136,0.57949
CVE-2011-1481,0.01136,0.57949
CVE-2011-1482,0.01136,0.57949
CVE-2011-1483,0.01213,0.6557
CVE-2011-1484,0.01408,0.72072
CVE-2011-1486,0.02172,0.79917
CVE-2011-1487,0.12567,0.95329
CVE-2011-1488,0.0095,0.30554
CVE-2011-1489,0.0095,0.30554
CVE-2011-1490,0.0095,0.30554
CVE-2011-1491,0.01232,0.66248
CVE-2011-1492,0.01232,0.66248
CVE-2011-1493,0.01319,0.70416
CVE-2011-1494,0.01282,0.67298
CVE-2011-1495,0.01282,0.67298
CVE-2011-1496,0.0322,0.83442
CVE-2011-1497,0.00885,0.26162
CVE-2011-1498,0.05242,0.89216
CVE-2011-1499,0.01776,0.75902
CVE-2011-1500,0.01034,0.39824
CVE-2011-1502,0.01132,0.54372
CVE-2011-1503,0.01132,0.54372
CVE-2011-1504,0.01232,0.66248
CVE-2011-1505,0.01108,0.53389
CVE-2011-1506,0.02564,0.81198
CVE-2011-1507,0.02172,0.79917
CVE-2011-1508,0.38051,0.97859
CVE-2011-1509,0.01213,0.6557
CVE-2011-1510,0.01213,0.6557
CVE-2011-1511,0.07687,0.92751
CVE-2011-1512,0.07996,0.93017
CVE-2011-1513,0.04187,0.86773
CVE-2011-1514,0.01213,0.6557
CVE-2011-1515,0.01213,0.6557
CVE-2011-1516,0.01055,0.50287
CVE-2011-1517,0.03693,0.843
CVE-2011-1518,0.01776,0.75902
CVE-2011-1519,0.07777,0.92953
CVE-2011-1520,0.01034,0.39824
CVE-2011-1521,0.04358,0.87435
CVE-2011-1522,0.01319,0.70416
CVE-2011-1523,0.01776,0.75902
CVE-2011-1524,0.01776,0.75902
CVE-2011-1525,0.28823,0.97188
CVE-2011-1526,0.02528,0.8112
CVE-2011-1527,0.01213,0.6557
CVE-2011-1528,0.01319,0.70416
CVE-2011-1529,0.01319,0.70416
CVE-2011-1530,0.01315,0.67456
CVE-2011-1531,0.01408,0.72072
CVE-2011-1532,0.01408,0.72072
CVE-2011-1533,0.01408,0.72072
CVE-2011-1534,0.01232,0.66248
CVE-2011-1535,0.01232,0.66248
CVE-2011-1536,0.01213,0.6557
CVE-2011-1537,0.01213,0.6557
CVE-2011-1538,0.01132,0.54372
CVE-2011-1539,0.01213,0.6557
CVE-2011-1540,0.0623,0.9031
CVE-2011-1541,0.25143,0.96828
CVE-2011-1542,0.01213,0.6557
CVE-2011-1543,0.01213,0.6557
CVE-2011-1544,0.01132,0.54372
CVE-2011-1545,0.01213,0.6557
CVE-2011-1546,0.04386,0.87542
CVE-2011-1547,0.04187,0.86773
CVE-2011-1548,0.01547,0.74085
CVE-2011-1549,0.01547,0.74085
CVE-2011-1550,0.01547,0.74085
CVE-2011-1551,0.00885,0.26162
CVE-2011-1552,0.03407,0.83908
CVE-2011-1553,0.03407,0.83908
CVE-2011-1554,0.03407,0.83908
CVE-2011-1555,0.01136,0.57949
CVE-2011-1556,0.01139,0.58345
CVE-2011-1557,0.00986,0.35784
CVE-2011-1558,0.01213,0.6557
CVE-2011-1559,0.00954,0.34522
CVE-2011-1560,0.01319,0.70416
CVE-2011-1561,0.01213,0.6557
CVE-2011-1562,0.01408,0.72072
CVE-2011-1563,0.69274,0.99081
CVE-2011-1564,0.07777,0.92953
CVE-2011-1565,0.01319,0.70416
CVE-2011-1566,0.74049,0.9926
CVE-2011-1567,0.6735,0.99047
CVE-2011-1568,0.05139,0.89128
CVE-2011-1569,0.07197,0.92068
CVE-2011-1570,0.01232,0.66248
CVE-2011-1572,0.01408,0.72072
CVE-2011-1573,0.01319,0.70416
CVE-2011-1574,0.76482000000000006,0.99351
CVE-2011-1575,0.06088,0.90156
CVE-2011-1576,0.01319,0.70416
CVE-2011-1577,0.01537,0.73595
CVE-2011-1578,0.03407,0.83908
CVE-2011-1579,0.03407,0.83908
CVE-2011-1580,0.02186,0.8012
CVE-2011-1581,0.01319,0.70416
CVE-2011-1582,0.0221,0.80318
CVE-2011-1583,0.01592,0.74578
CVE-2011-1584,0.01649,0.75017
CVE-2011-1585,0.01034,0.39824
CVE-2011-1586,0.03407,0.83908
CVE-2011-1587,0.01213,0.6557
CVE-2011-1588,0.01108,0.53389
CVE-2011-1589,0.04358,0.87435
CVE-2011-1590,0.04358,0.87435
CVE-2011-1591,0.70614,0.99128
CVE-2011-1592,0.02172,0.79917
CVE-2011-1594,0.01136,0.57949
CVE-2011-1595,0.02686,0.82061
CVE-2011-1597,0.01156,0.60033
CVE-2011-1598,0.01547,0.74085
CVE-2011-1599,0.01815,0.76117
CVE-2011-1602,0.0095,0.30554
CVE-2011-1603,0.0095,0.30554
CVE-2011-1604,0.01319,0.70416
CVE-2011-1605,0.01319,0.70416
CVE-2011-1606,0.01319,0.70416
CVE-2011-1607,0.01232,0.66248
CVE-2011-1609,0.01139,0.58345
CVE-2011-1610,0.01974,0.7812
CVE-2011-1613,0.0679,0.91793
CVE-2011-1623,0.01018,0.38792
CVE-2011-1624,0.01055,0.50287
CVE-2011-1625,0.01055,0.50287
CVE-2011-1637,0.01034,0.39824
CVE-2011-1640,0.01055,0.50287
CVE-2011-1643,0.01055,0.50287
CVE-2011-1645,0.06309,0.90494
CVE-2011-1646,0.01055,0.50287
CVE-2011-1647,0.01136,0.57949
CVE-2011-1649,0.01055,0.50287
CVE-2011-1651,0.01055,0.50287
CVE-2011-1652,0.25802,0.96904
CVE-2011-1653,0.87072,0.99719
CVE-2011-1654,0.28118,0.97158
CVE-2011-1655,0.28118,0.97158
CVE-2011-1657,0.02686,0.82061
CVE-2011-1658,0.01034,0.39824
CVE-2011-1659,0.02686,0.82061
CVE-2011-1660,0.01319,0.70416
CVE-2011-1661,0.01319,0.70416
CVE-2011-1662,0.01213,0.6557
CVE-2011-1663,0.01213,0.6557
CVE-2011-1664,0.01136,0.57949
CVE-2011-1665,0.04187,0.86773
CVE-2011-1666,0.01213,0.6557
CVE-2011-1667,0.01139,0.58345
CVE-2011-1668,0.01917,0.77071
CVE-2011-1669,0.0679,0.91793
CVE-2011-1670,0.02945,0.82784
CVE-2011-1671,0.03129,0.8316
CVE-2011-1672,0.01213,0.6557
CVE-2011-1673,0.01213,0.6557
CVE-2011-1674,0.01213,0.6557
CVE-2011-1675,0.01547,0.74085
CVE-2011-1676,0.01547,0.74085
CVE-2011-1677,0.01547,0.74085
CVE-2011-1678,0.01547,0.74085
CVE-2011-1679,0.01547,0.74085
CVE-2011-1680,0.01547,0.74085
CVE-2011-1681,0.01547,0.74085
CVE-2011-1682,0.01136,0.57949
CVE-2011-1683,0.01974,0.7812
CVE-2011-1684,0.06604,0.91138
CVE-2011-1685,0.07305,0.9211
CVE-2011-1686,0.01815,0.76117
CVE-2011-1687,0.01815,0.76117
CVE-2011-1688,0.02172,0.79917
CVE-2011-1689,0.01955,0.77585
CVE-2011-1690,0.02172,0.79917
CVE-2011-1691,0.01319,0.70416
CVE-2011-1696,0.01776,0.75902
CVE-2011-1699,0.08902,0.93687
CVE-2011-1700,0.08902,0.93687
CVE-2011-1701,0.09451,0.93969
CVE-2011-1702,0.09451,0.93969
CVE-2011-1703,0.09451,0.93969
CVE-2011-1704,0.09451,0.93969
CVE-2011-1705,0.09451,0.93969
CVE-2011-1706,0.09451,0.93969
CVE-2011-1707,0.08902,0.93687
CVE-2011-1708,0.09451,0.93969
CVE-2011-1709,0.02172,0.79379
CVE-2011-1710,0.04291,0.87022
CVE-2011-1711,0.01232,0.66248
CVE-2011-1712,0.01213,0.6557
CVE-2011-1713,0.29797,0.97364
CVE-2011-1714,0.01776,0.75902
CVE-2011-1715,0.02172,0.79917
CVE-2011-1716,0.01408,0.72072
CVE-2011-1717,0.0095,0.30554
CVE-2011-1718,0.01408,0.72072
CVE-2011-1719,0.28118,0.97158
CVE-2011-1721,0.01319,0.70416
CVE-2011-1722,0.01319,0.70416
CVE-2011-1723,0.04894,0.88891
CVE-2011-1724,0.01232,0.66248
CVE-2011-1725,0.01974,0.7812
CVE-2011-1726,0.01955,0.77585
CVE-2011-1727,0.01955,0.77585
CVE-2011-1728,0.33866,0.97595
CVE-2011-1729,0.33866,0.97595
CVE-2011-1730,0.33866,0.97595
CVE-2011-1731,0.26641,0.97016
CVE-2011-1732,0.33866,0.97595
CVE-2011-1733,0.33866,0.97595
CVE-2011-1734,0.26641,0.97016
CVE-2011-1735,0.33866,0.97595
CVE-2011-1736,0.01974,0.7812
CVE-2011-1737,0.01213,0.6557
CVE-2011-1738,0.0095,0.30554
CVE-2011-1739,0.01319,0.70416
CVE-2011-1740,0.01132,0.54372
CVE-2011-1741,0.07777,0.92953
CVE-2011-1742,0.00885,0.26162
CVE-2011-1743,0.01055,0.50287
CVE-2011-1744,0.01055,0.50287
CVE-2011-1745,0.01104,0.52279
CVE-2011-1746,0.01282,0.67298
CVE-2011-1747,0.01282,0.67298
CVE-2011-1748,0.01282,0.67298
CVE-2011-1749,0.0095,0.30554
CVE-2011-1750,0.01547,0.74085
CVE-2011-1751,0.02172,0.79379
CVE-2011-1752,0.07344,0.92237
CVE-2011-1753,0.02172,0.79917
CVE-2011-1754,0.01213,0.6557
CVE-2011-1755,0.03779,0.84781
CVE-2011-1756,0.01408,0.72072
CVE-2011-1757,0.01055,0.50287
CVE-2011-1758,0.01282,0.67298
CVE-2011-1759,0.0095,0.30554
CVE-2011-1760,0.0322,0.83442
CVE-2011-1761,0.23953,0.96611
CVE-2011-1762,0.00885,0.26162
CVE-2011-1763,0.0089,0.2856
CVE-2011-1764,0.05139,0.89128
CVE-2011-1765,0.01408,0.72072
CVE-2011-1766,0.01408,0.72072
CVE-2011-1767,0.01213,0.6557
CVE-2011-1768,0.01213,0.6557
CVE-2011-1769,0.01104,0.52279
CVE-2011-1770,0.02172,0.79917
CVE-2011-1771,0.01034,0.39824
CVE-2011-1772,0.15014,0.95688
CVE-2011-1773,0.0095,0.30554
CVE-2011-1774,0.58858,0.98812
CVE-2011-1775,0.01537,0.73595
CVE-2011-1776,0.01183,0.60428
CVE-2011-1777,0.04967,0.88981
CVE-2011-1778,0.04967,0.88981
CVE-2011-1779,0.01055,0.50287
CVE-2011-1780,0.01018,0.38792
CVE-2011-1781,0.01034,0.39824
CVE-2011-1782,0.04291,0.87022
CVE-2011-1783,0.07344,0.92237
CVE-2011-1784,0.01282,0.67298
CVE-2011-1785,0.02172,0.79917
CVE-2011-1786,0.02172,0.79917
CVE-2011-1787,0.01034,0.39824
CVE-2011-1788,0.01034,0.39824
CVE-2011-1789,0.01136,0.57949
CVE-2011-1793,0.01136,0.57949
CVE-2011-1794,0.01136,0.57949
CVE-2011-1795,0.01136,0.57949
CVE-2011-1796,0.01136,0.57949
CVE-2011-1797,0.05258,0.89279
CVE-2011-1798,0.01136,0.57949
CVE-2011-1799,0.01213,0.6557
CVE-2011-1800,0.01213,0.6557
CVE-2011-1801,0.01213,0.6557
CVE-2011-1802,0.01055,0.50287
CVE-2011-1803,0.00885,0.26162
CVE-2011-1804,0.01319,0.70416
CVE-2011-1805,0.01055,0.50287
CVE-2011-1806,0.04291,0.87022
CVE-2011-1807,0.06523,0.90962
CVE-2011-1808,0.01408,0.72072
CVE-2011-1809,0.01319,0.70416
CVE-2011-1810,0.01319,0.70416
CVE-2011-1811,0.01319,0.70416
CVE-2011-1812,0.01319,0.70416
CVE-2011-1813,0.01319,0.70416
CVE-2011-1814,0.01319,0.70416
CVE-2011-1815,0.01319,0.70416
CVE-2011-1816,0.01319,0.70416
CVE-2011-1817,0.01319,0.70416
CVE-2011-1818,0.01319,0.70416
CVE-2011-1819,0.01319,0.70416
CVE-2011-1820,0.01547,0.74085
CVE-2011-1821,0.01055,0.50287
CVE-2011-1822,0.00885,0.26162
CVE-2011-1823,0.02172,0.79379
CVE-2011-1824,0.06604,0.91138
CVE-2011-1825,0.01408,0.72072
CVE-2011-1826,0.01408,0.72072
CVE-2011-1827,0.06523,0.90962
CVE-2011-1828,0.01034,0.39824
CVE-2011-1829,0.01108,0.53389
CVE-2011-1830,0.00885,0.26162
CVE-2011-1831,0.0095,0.30554
CVE-2011-1832,0.0095,0.30554
CVE-2011-1833,0.01034,0.39824
CVE-2011-1834,0.0095,0.30554
CVE-2011-1835,0.0095,0.30554
CVE-2011-1836,0.0095,0.30554
CVE-2011-1837,0.0095,0.30554
CVE-2011-1838,0.03129,0.8316
CVE-2011-1839,0.00954,0.34522
CVE-2011-1840,0.0089,0.2856
CVE-2011-1841,0.01213,0.6557
CVE-2011-1842,0.01104,0.52279
CVE-2011-1843,0.01136,0.57949
CVE-2011-1844,0.25802,0.96904
CVE-2011-1845,0.25802,0.96904
CVE-2011-1846,0.01649,0.75017
CVE-2011-1847,0.01649,0.75017
CVE-2011-1848,0.25143,0.96828
CVE-2011-1849,0.25143,0.96828
CVE-2011-1850,0.25143,0.96828
CVE-2011-1851,0.25143,0.96828
CVE-2011-1852,0.25143,0.96828
CVE-2011-1853,0.25143,0.96828
CVE-2011-1854,0.25143,0.96828
CVE-2011-1855,0.0095,0.30554
CVE-2011-1856,0.01213,0.6557
CVE-2011-1857,0.01232,0.66248
CVE-2011-1858,0.01034,0.39824
CVE-2011-1859,0.01319,0.70416
CVE-2011-1860,0.01319,0.70416
CVE-2011-1861,0.01319,0.70416
CVE-2011-1862,0.01319,0.70416
CVE-2011-1863,0.01232,0.66248
CVE-2011-1864,0.25374,0.96854
CVE-2011-1865,0.88183,0.99789
CVE-2011-1866,0.51781,0.98657
CVE-2011-1867,0.33866,0.97595
CVE-2011-1868,0.30814,0.97415
CVE-2011-1869,0.17516,0.96051
CVE-2011-1870,0.01866,0.76284
CVE-2011-1871,0.29797,0.97364
CVE-2011-1872,0.02696,0.82069
CVE-2011-1873,0.62357,0.98902
CVE-2011-1874,0.01773,0.75657
CVE-2011-1875,0.01773,0.75657
CVE-2011-1876,0.01773,0.75657
CVE-2011-1877,0.01773,0.75657
CVE-2011-1878,0.01773,0.75657
CVE-2011-1879,0.01773,0.75657
CVE-2011-1880,0.01773,0.75657
CVE-2011-1881,0.01773,0.75657
CVE-2011-1882,0.01773,0.75657
CVE-2011-1883,0.01773,0.75657
CVE-2011-1884,0.01773,0.75657
CVE-2011-1885,0.01773,0.75657
CVE-2011-1886,0.01773,0.75657
CVE-2011-1887,0.01773,0.75657
CVE-2011-1888,0.01773,0.75657
CVE-2011-1889,0.62357,0.98902
CVE-2011-1890,0.29797,0.97364
CVE-2011-1891,0.29797,0.97364
CVE-2011-1892,0.25128,0.96781
CVE-2011-1893,0.29797,0.97364
CVE-2011-1894,0.27846,0.97095
CVE-2011-1895,0.29551,0.97308
CVE-2011-1896,0.29797,0.97364
CVE-2011-1897,0.25802,0.96904
CVE-2011-1898,0.01104,0.52279
CVE-2011-1899,0.01319,0.70416
CVE-2011-1900,0.46685,0.98319
CVE-2011-1901,0.01136,0.57949
CVE-2011-1902,0.01136,0.57949
CVE-2011-1903,0.01136,0.57949
CVE-2011-1904,0.01136,0.57949
CVE-2011-1905,0.01136,0.57949
CVE-2011-1906,0.01055,0.50287
CVE-2011-1907,0.02103,0.79072
CVE-2011-1908,0.04146,0.85406
CVE-2011-1910,0.17838,0.96065
CVE-2011-1911,0.07525,0.92398
CVE-2011-1913,0.01319,0.70416
CVE-2011-1914,0.03696,0.84331
CVE-2011-1915,0.01055,0.50287
CVE-2011-1918,0.04291,0.87022
CVE-2011-1919,0.04465,0.87733
CVE-2011-1920,0.01282,0.67298
CVE-2011-1921,0.07344,0.92237
CVE-2011-1922,0.01319,0.70416
CVE-2011-1923,0.01018,0.38792
CVE-2011-1924,0.01408,0.72072
CVE-2011-1925,0.01319,0.70416
CVE-2011-1926,0.06088,0.90156
CVE-2011-1927,0.01213,0.6557
CVE-2011-1928,0.06394,0.90534
CVE-2011-1929,0.04358,0.87435
CVE-2011-1930,0.12753,0.95373
CVE-2011-1931,0.04146,0.85406
CVE-2011-1932,0.01055,0.50287
CVE-2011-1933,0.01108,0.53389
CVE-2011-1934,0.0095,0.30554
CVE-2011-1935,0.01319,0.70416
CVE-2011-1936,0.00885,0.26162
CVE-2011-1937,0.01537,0.73595
CVE-2011-1938,0.27992,0.97142
CVE-2011-1939,0.01806,0.76038
CVE-2011-1940,0.01213,0.6557
CVE-2011-1941,0.01136,0.57949
CVE-2011-1943,0.01034,0.39824
CVE-2011-1944,0.10179,0.94317
CVE-2011-1945,0.01537,0.73595
CVE-2011-1946,0.0095,0.30554
CVE-2011-1947,0.02686,0.82061
CVE-2011-1948,0.01408,0.72072
CVE-2011-1949,0.01315,0.67456
CVE-2011-1950,0.01232,0.66248
CVE-2011-1951,0.01319,0.70416
CVE-2011-1952,0.01213,0.6557
CVE-2011-1953,0.01213,0.6557
CVE-2011-1954,0.01319,0.70416
CVE-2011-1956,0.07197,0.92068
CVE-2011-1957,0.04358,0.87435
CVE-2011-1958,0.03407,0.83908
CVE-2011-1959,0.03932,0.8519
CVE-2011-1960,0.29797,0.97364
CVE-2011-1961,0.40188,0.98034
CVE-2011-1962,0.25802,0.96904
CVE-2011-1963,0.49719,0.98611
CVE-2011-1964,0.49719,0.98611
CVE-2011-1965,0.30944,0.97418
CVE-2011-1966,0.49719,0.98611
CVE-2011-1967,0.01205,0.60537
CVE-2011-1968,0.29797,0.97364
CVE-2011-1969,0.49719,0.98611
CVE-2011-1970,0.29797,0.97364
CVE-2011-1971,0.01545,0.73599
CVE-2011-1972,0.49719,0.98611
CVE-2011-1974,0.02421,0.80758
CVE-2011-1975,0.20038,0.96229
CVE-2011-1976,0.18518,0.96129
CVE-2011-1977,0.29797,0.97364
CVE-2011-1978,0.25802,0.96904
CVE-2011-1979,0.49719,0.98611
CVE-2011-1980,0.20038,0.96229
CVE-2011-1982,0.58315,0.98794
CVE-2011-1983,0.60981,0.98872
CVE-2011-1984,0.02421,0.80758
CVE-2011-1985,0.02116,0.79124
CVE-2011-1986,0.49719,0.98611
CVE-2011-1987,0.49719,0.98611
CVE-2011-1988,0.49719,0.98611
CVE-2011-1989,0.48414,0.98504
CVE-2011-1990,0.49719,0.98611
CVE-2011-1991,0.20038,0.96229
CVE-2011-1992,0.29797,0.97364
CVE-2011-1993,0.38051,0.97859
CVE-2011-1995,0.38051,0.97859
CVE-2011-1996,0.85936,0.99675
CVE-2011-1997,0.38051,0.97859
CVE-2011-1998,0.49719,0.98611
CVE-2011-1999,0.49367,0.98532
CVE-2011-2000,0.38051,0.97859
CVE-2011-2001,0.49719,0.98611
CVE-2011-2002,0.02283,0.80608
CVE-2011-2003,0.59727,0.98827
CVE-2011-2004,0.29797,0.97364
CVE-2011-2005,0.03561,0.84145
CVE-2011-2007,0.29223,0.97203
CVE-2011-2008,0.25802,0.96904
CVE-2011-2009,0.17034,0.95997
CVE-2011-2010,0.01545,0.73599
CVE-2011-2011,0.01773,0.75657
CVE-2011-2012,0.29797,0.97364
CVE-2011-2013,0.49367,0.98532
CVE-2011-2014,0.53783,0.98698
CVE-2011-2016,0.17034,0.95997
CVE-2011-2018,0.01205,0.60537
CVE-2011-2019,0.20038,0.96229
CVE-2011-2020,0.01319,0.70416
CVE-2011-2021,0.01319,0.70416
CVE-2011-2022,0.01104,0.52279
CVE-2011-2023,0.01776,0.75902
CVE-2011-2024,0.01213,0.6557
CVE-2011-2039,0.81969,0.99529
CVE-2011-2040,0.06309,0.90494
CVE-2011-2041,0.0095,0.30554
CVE-2011-2042,0.01055,0.50287
CVE-2011-2054,0.01055,0.50287
CVE-2011-2057,0.01055,0.50287
CVE-2011-2058,0.01055,0.50287
CVE-2011-2059,0.01055,0.50287
CVE-2011-2060,0.00885,0.26162
CVE-2011-2064,0.01319,0.70416
CVE-2011-2072,0.01213,0.6557
CVE-2011-2074,0.04724,0.88696
CVE-2011-2075,0.06309,0.90494
CVE-2011-2076,0.00885,0.26162
CVE-2011-2077,0.01055,0.50287
CVE-2011-2078,0.01055,0.50287
CVE-2011-2079,0.01136,0.57949
CVE-2011-2080,0.01213,0.6557
CVE-2011-2081,0.01136,0.57949
CVE-2011-2082,0.01018,0.38792
CVE-2011-2083,0.01213,0.6557
CVE-2011-2084,0.01132,0.54372
CVE-2011-2085,0.01319,0.70416
CVE-2011-2087,0.0424,0.86863
CVE-2011-2088,0.0424,0.86863
CVE-2011-2089,0.78095,0.99418
CVE-2011-2091,0.01136,0.57949
CVE-2011-2092,0.01126,0.53553
CVE-2011-2093,0.01308,0.67354
CVE-2011-2094,0.03601,0.84249
CVE-2011-2095,0.03601,0.84249
CVE-2011-2096,0.03961,0.85248
CVE-2011-2097,0.03961,0.85248
CVE-2011-2098,0.03788,0.84809
CVE-2011-2099,0.03788,0.84809
CVE-2011-2100,0.01221,0.65581
CVE-2011-2101,0.05921,0.90075
CVE-2011-2102,0.01308,0.67354
CVE-2011-2103,0.03788,0.84809
CVE-2011-2104,0.01308,0.67354
CVE-2011-2105,0.01396,0.71116
CVE-2011-2106,0.03788,0.84809
CVE-2011-2107,0.03407,0.83908
CVE-2011-2108,0.03601,0.84249
CVE-2011-2109,0.03601,0.84249
CVE-2011-2110,0.91552,0.99879
CVE-2011-2111,0.04228,0.86814
CVE-2011-2112,0.04228,0.86814
CVE-2011-2113,0.04228,0.86814
CVE-2011-2114,0.04228,0.86814
CVE-2011-2115,0.06995,0.91861
CVE-2011-2116,0.04228,0.86814
CVE-2011-2117,0.04228,0.86814
CVE-2011-2118,0.04228,0.86814
CVE-2011-2119,0.04228,0.86814
CVE-2011-2120,0.04228,0.86814
CVE-2011-2121,0.03601,0.84249
CVE-2011-2122,0.03444,0.84021
CVE-2011-2123,0.06309,0.90494
CVE-2011-2124,0.03444,0.84021
CVE-2011-2125,0.03601,0.84249
CVE-2011-2126,0.03601,0.84249
CVE-2011-2127,0.03444,0.84021
CVE-2011-2128,0.03444,0.84021
CVE-2011-2130,0.04631,0.88514
CVE-2011-2131,0.10009,0.94274
CVE-2011-2132,0.05334,0.89381
CVE-2011-2133,0.01136,0.57949
CVE-2011-2134,0.04631,0.88514
CVE-2011-2135,0.0443,0.87699
CVE-2011-2136,0.04631,0.88514
CVE-2011-2137,0.04631,0.88514
CVE-2011-2138,0.04631,0.88514
CVE-2011-2139,0.01974,0.7812
CVE-2011-2140,0.92084,0.99896
CVE-2011-2141,0.01213,0.6557
CVE-2011-2142,0.00885,0.26162
CVE-2011-2143,0.01136,0.57949
CVE-2011-2144,0.01136,0.57949
CVE-2011-2145,0.01034,0.39824
CVE-2011-2146,0.01034,0.39824
CVE-2011-2147,0.0095,0.30554
CVE-2011-2148,0.01213,0.6557
CVE-2011-2149,0.01213,0.6557
CVE-2011-2150,0.01213,0.6557
CVE-2011-2151,0.01213,0.6557
CVE-2011-2152,0.01213,0.6557
CVE-2011-2153,0.01018,0.38792
CVE-2011-2154,0.01213,0.6557
CVE-2011-2155,0.01213,0.6557
CVE-2011-2156,0.01213,0.6557
CVE-2011-2157,0.01213,0.6557
CVE-2011-2158,0.01213,0.6557
CVE-2011-2159,0.01213,0.6557
CVE-2011-2160,0.01055,0.50287
CVE-2011-2161,0.01136,0.57949
CVE-2011-2162,0.01108,0.53389
CVE-2011-2163,0.00954,0.34522
CVE-2011-2164,0.01202,0.60495
CVE-2011-2165,0.02359,0.80663
CVE-2011-2166,0.01232,0.66248
CVE-2011-2167,0.01232,0.66248
CVE-2011-2168,0.01018,0.38792
CVE-2011-2169,0.00885,0.26162
CVE-2011-2170,0.00885,0.26162
CVE-2011-2171,0.00885,0.26162
CVE-2011-2172,0.01319,0.70416
CVE-2011-2173,0.01061,0.51015
CVE-2011-2174,0.04358,0.87435
CVE-2011-2175,0.04358,0.87435
CVE-2011-2176,0.01034,0.39824
CVE-2011-2177,0.01559,0.742
CVE-2011-2178,0.01104,0.52279
CVE-2011-2179,0.05649,0.89807
CVE-2011-2180,0.01136,0.57949
CVE-2011-2181,0.01136,0.57949
CVE-2011-2182,0.01034,0.39824
CVE-2011-2183,0.01761,0.7555
CVE-2011-2184,0.01282,0.67298
CVE-2011-2185,0.01034,0.39824
CVE-2011-2187,0.01034,0.39824
CVE-2011-2188,0.01319,0.70416
CVE-2011-2189,0.12567,0.95329
CVE-2011-2190,0.01034,0.39824
CVE-2011-2191,0.01955,0.77585
CVE-2011-2192,0.02686,0.82061
CVE-2011-2193,0.02186,0.8012
CVE-2011-2194,0.06006,0.90134
CVE-2011-2195,0.00885,0.26162
CVE-2011-2196,0.01955,0.77585
CVE-2011-2197,0.01319,0.70416
CVE-2011-2198,0.01315,0.67456
CVE-2011-2199,0.05139,0.89128
CVE-2011-2200,0.01547,0.74085
CVE-2011-2201,0.07197,0.92068
CVE-2011-2202,0.12567,0.95329
CVE-2011-2203,0.01104,0.52279
CVE-2011-2204,0.03052,0.82933
CVE-2011-2205,0.01974,0.7812
CVE-2011-2206,0.01132,0.54372
CVE-2011-2207,0.01213,0.6557
CVE-2011-2208,0.0095,0.30554
CVE-2011-2209,0.0095,0.30554
CVE-2011-2210,0.0095,0.30554
CVE-2011-2211,0.0095,0.30554
CVE-2011-2212,0.01547,0.74085
CVE-2011-2213,0.01547,0.74085
CVE-2011-2214,0.06523,0.90962
CVE-2011-2215,0.01018,0.38792
CVE-2011-2216,0.01974,0.7812
CVE-2011-2217,0.76496,0.99352
CVE-2011-2218,0.01055,0.50287
CVE-2011-2219,0.01055,0.50287
CVE-2011-2220,0.09196,0.93925
CVE-2011-2221,0.01136,0.57949
CVE-2011-2222,0.01136,0.57949
CVE-2011-2223,0.01136,0.57949
CVE-2011-2224,0.01136,0.57949
CVE-2011-2225,0.01018,0.38792
CVE-2011-2226,0.01213,0.6557
CVE-2011-2227,0.01776,0.75902
CVE-2011-2230,0.01055,0.50287
CVE-2011-2231,0.01055,0.50287
CVE-2011-2232,0.01055,0.50287
CVE-2011-2237,0.01055,0.50287
CVE-2011-2238,0.01055,0.50287
CVE-2011-2239,0.01055,0.50287
CVE-2011-2240,0.00885,0.26162
CVE-2011-2241,0.01055,0.50287
CVE-2011-2242,0.00885,0.26162
CVE-2011-2243,0.01055,0.50287
CVE-2011-2244,0.01055,0.50287
CVE-2011-2245,0.01055,0.50287
CVE-2011-2246,0.01055,0.50287
CVE-2011-2248,0.01055,0.50287
CVE-2011-2249,0.01055,0.50287
CVE-2011-2250,0.01061,0.51015
CVE-2011-2251,0.01055,0.50287
CVE-2011-2252,0.01055,0.50287
CVE-2011-2253,0.01055,0.50287
CVE-2011-2255,0.01136,0.57949
CVE-2011-2257,0.01055,0.50287
CVE-2011-2258,0.00885,0.26162
CVE-2011-2259,0.00885,0.26162
CVE-2011-2260,0.06174,0.90263
CVE-2011-2261,0.01055,0.50287
CVE-2011-2262,0.01319,0.70416
CVE-2011-2263,0.00885,0.26162
CVE-2011-2264,0.0095,0.30554
CVE-2011-2267,0.0089,0.2856
CVE-2011-2271,0.01055,0.50287
CVE-2011-2272,0.01055,0.50287
CVE-2011-2273,0.01061,0.51015
CVE-2011-2274,0.01055,0.50287
CVE-2011-2275,0.01055,0.50287
CVE-2011-2277,0.01055,0.50287
CVE-2011-2278,0.01055,0.50287
CVE-2011-2279,0.01055,0.50287
CVE-2011-2280,0.01055,0.50287
CVE-2011-2281,0.01055,0.50287
CVE-2011-2282,0.01055,0.50287
CVE-2011-2283,0.01055,0.50287
CVE-2011-2284,0.01055,0.50287
CVE-2011-2285,0.00885,0.26162
CVE-2011-2286,0.01055,0.50287
CVE-2011-2287,0.01055,0.50287
CVE-2011-2288,0.01055,0.50287
CVE-2011-2289,0.00885,0.26162
CVE-2011-2290,0.00885,0.26162
CVE-2011-2291,0.00885,0.26162
CVE-2011-2292,0.0089,0.2856
CVE-2011-2293,0.00885,0.26162
CVE-2011-2294,0.01055,0.50287
CVE-2011-2295,0.00885,0.26162
CVE-2011-2296,0.00885,0.26162
CVE-2011-2297,0.00885,0.26162
CVE-2011-2298,0.01055,0.50287
CVE-2011-2299,0.01055,0.50287
CVE-2011-2300,0.01034,0.39824
CVE-2011-2301,0.01055,0.50287
CVE-2011-2302,0.01136,0.57949
CVE-2011-2303,0.01061,0.51015
CVE-2011-2304,0.01055,0.50287
CVE-2011-2305,0.01034,0.39824
CVE-2011-2306,0.01055,0.50287
CVE-2011-2307,0.01055,0.50287
CVE-2011-2308,0.01055,0.50287
CVE-2011-2309,0.01055,0.50287
CVE-2011-2310,0.01055,0.50287
CVE-2011-2311,0.00885,0.26162
CVE-2011-2312,0.00885,0.26162
CVE-2011-2313,0.00885,0.26162
CVE-2011-2314,0.01136,0.57949
CVE-2011-2315,0.01061,0.51015
CVE-2011-2316,0.01055,0.50287
CVE-2011-2317,0.01055,0.50287
CVE-2011-2318,0.00885,0.26162
CVE-2011-2319,0.01136,0.57949
CVE-2011-2320,0.01136,0.57949
CVE-2011-2321,0.01055,0.50287
CVE-2011-2322,0.01055,0.50287
CVE-2011-2323,0.01055,0.50287
CVE-2011-2324,0.01055,0.50287
CVE-2011-2325,0.01055,0.50287
CVE-2011-2326,0.01055,0.50287
CVE-2011-2327,0.0095,0.30554
CVE-2011-2328,0.14677,0.95652
CVE-2011-2329,0.01386,0.71108
CVE-2011-2330,0.01132,0.54372
CVE-2011-2331,0.25143,0.96828
CVE-2011-2332,0.01319,0.70416
CVE-2011-2334,0.00885,0.26162
CVE-2011-2335,0.00885,0.26162
CVE-2011-2336,0.00954,0.34522
CVE-2011-2337,0.00954,0.34522
CVE-2011-2338,0.0291,0.82466
CVE-2011-2339,0.0291,0.82466
CVE-2011-2341,0.0291,0.82466
CVE-2011-2342,0.01319,0.70416
CVE-2011-2343,0.00885,0.26162
CVE-2011-2344,0.01136,0.57949
CVE-2011-2345,0.01213,0.6557
CVE-2011-2346,0.01213,0.6557
CVE-2011-2347,0.01213,0.6557
CVE-2011-2348,0.01213,0.6557
CVE-2011-2349,0.01213,0.6557
CVE-2011-2350,0.01213,0.6557
CVE-2011-2351,0.01955,0.77585
CVE-2011-2352,0.04445,0.87708
CVE-2011-2353,0.01018,0.38792
CVE-2011-2354,0.04445,0.87708
CVE-2011-2356,0.04445,0.87708
CVE-2011-2357,0.12567,0.95329
CVE-2011-2358,0.01213,0.6557
CVE-2011-2359,0.01955,0.77585
CVE-2011-2360,0.01213,0.6557
CVE-2011-2361,0.01213,0.6557
CVE-2011-2362,0.02686,0.82061
CVE-2011-2363,0.08228,0.93218
CVE-2011-2364,0.07544,0.92484
CVE-2011-2365,0.08228,0.93218
CVE-2011-2366,0.01955,0.77585
CVE-2011-2367,0.01213,0.6557
CVE-2011-2368,0.04291,0.87022
CVE-2011-2369,0.01213,0.6557
CVE-2011-2370,0.01213,0.6557
CVE-2011-2371,0.85959,0.99676
CVE-2011-2372,0.01968,0.77806
CVE-2011-2373,0.09915,0.94265
CVE-2011-2374,0.08228,0.93218
CVE-2011-2375,0.08228,0.93218
CVE-2011-2376,0.08228,0.93218
CVE-2011-2377,0.08228,0.93218
CVE-2011-2378,0.1127,0.94787
CVE-2011-2379,0.01319,0.70416
CVE-2011-2380,0.01408,0.72072
CVE-2011-2381,0.01319,0.70416
CVE-2011-2382,0.38012,0.9785
CVE-2011-2383,0.38012,0.9785
CVE-2011-2385,0.01132,0.54372
CVE-2011-2386,0.76382,0.99344
CVE-2011-2391,0.03779,0.84781
CVE-2011-2393,0.01055,0.50287
CVE-2011-2395,0.01136,0.57949
CVE-2011-2397,0.06523,0.90962
CVE-2011-2398,0.01282,0.67298
CVE-2011-2399,0.01319,0.70416
CVE-2011-2400,0.01319,0.70416
CVE-2011-2401,0.01319,0.70416
CVE-2011-2402,0.01408,0.72072
CVE-2011-2403,0.028,0.82308
CVE-2011-2404,0.76615,0.99356
CVE-2011-2405,0.01136,0.57949
CVE-2011-2406,0.01132,0.54372
CVE-2011-2407,0.01213,0.6557
CVE-2011-2408,0.01136,0.57949
CVE-2011-2409,0.01136,0.57949
CVE-2011-2410,0.01055,0.50287
CVE-2011-2411,0.04931,0.88894
CVE-2011-2412,0.25143,0.96828
CVE-2011-2414,0.04631,0.88514
CVE-2011-2415,0.04631,0.88514
CVE-2011-2416,0.04631,0.88514
CVE-2011-2417,0.0443,0.87699
CVE-2011-2419,0.04465,0.87733
CVE-2011-2420,0.04465,0.87733
CVE-2011-2421,0.04228,0.86814
CVE-2011-2422,0.04465,0.87733
CVE-2011-2423,0.07231,0.92087
CVE-2011-2424,0.10949,0.94488
CVE-2011-2425,0.0443,0.87699
CVE-2011-2426,0.07525,0.92398
CVE-2011-2427,0.03788,0.84809
CVE-2011-2428,0.03788,0.84809
CVE-2011-2429,0.01308,0.67354
CVE-2011-2430,0.07525,0.92398
CVE-2011-2431,0.03601,0.84249
CVE-2011-2432,0.03601,0.84249
CVE-2011-2433,0.03601,0.84249
CVE-2011-2434,0.03601,0.84249
CVE-2011-2435,0.03601,0.84249
CVE-2011-2436,0.05393,0.8945
CVE-2011-2437,0.03601,0.84249
CVE-2011-2438,0.05393,0.8945
CVE-2011-2439,0.03601,0.84249
CVE-2011-2440,0.03601,0.84249
CVE-2011-2441,0.03601,0.84249
CVE-2011-2442,0.03601,0.84249
CVE-2011-2443,0.10009,0.94274
CVE-2011-2444,0.01319,0.70416
CVE-2011-2445,0.0443,0.87699
CVE-2011-2446,0.04228,0.86814
CVE-2011-2447,0.04228,0.86814
CVE-2011-2448,0.04228,0.86814
CVE-2011-2449,0.04228,0.86814
CVE-2011-2450,0.0443,0.87699
CVE-2011-2451,0.0443,0.87699
CVE-2011-2452,0.0443,0.87699
CVE-2011-2453,0.0443,0.87699
CVE-2011-2454,0.0443,0.87699
CVE-2011-2455,0.0443,0.87699
CVE-2011-2456,0.04631,0.88514
CVE-2011-2457,0.04631,0.88514
CVE-2011-2458,0.01408,0.72072
CVE-2011-2459,0.0443,0.87699
CVE-2011-2460,0.0443,0.87699
CVE-2011-2462,0.89654,0.99822
CVE-2011-2463,0.01055,0.50287
CVE-2011-2464,0.26383,0.96972
CVE-2011-2465,0.04711,0.88663
CVE-2011-2467,0.01183,0.60428
CVE-2011-2468,0.01213,0.6557
CVE-2011-2470,0.01136,0.57949
CVE-2011-2471,0.01282,0.67298
CVE-2011-2472,0.01282,0.67298
CVE-2011-2473,0.01034,0.39824
CVE-2011-2474,0.31822,0.97484
CVE-2011-2475,0.04679,0.88603
CVE-2011-2476,0.01213,0.6557
CVE-2011-2477,0.01055,0.50287
CVE-2011-2478,0.04344,0.87051
CVE-2011-2479,0.0095,0.30554
CVE-2011-2480,0.01018,0.38792
CVE-2011-2481,0.01736,0.75201
CVE-2011-2482,0.01319,0.70416
CVE-2011-2483,0.02686,0.82061
CVE-2011-2484,0.01034,0.39824
CVE-2011-2485,0.01213,0.6557
CVE-2011-2486,0.01319,0.70416
CVE-2011-2487,0.05242,0.89216
CVE-2011-2488,0.01319,0.70416
CVE-2011-2489,0.01282,0.67298
CVE-2011-2490,0.01282,0.67298
CVE-2011-2491,0.01034,0.39824
CVE-2011-2492,0.01282,0.67298
CVE-2011-2493,0.0095,0.30554
CVE-2011-2494,0.01034,0.39824
CVE-2011-2495,0.01034,0.39824
CVE-2011-2496,0.0095,0.30554
CVE-2011-2497,0.01974,0.7812
CVE-2011-2498,0.0095,0.30554
CVE-2011-2499,0.00885,0.26162
CVE-2011-2500,0.01213,0.6557
CVE-2011-2501,0.03932,0.8519
CVE-2011-2502,0.0095,0.30554
CVE-2011-2503,0.01034,0.39824
CVE-2011-2504,0.0095,0.30554
CVE-2011-2505,0.04358,0.87435
CVE-2011-2506,0.04358,0.87435
CVE-2011-2507,0.0508,0.89022
CVE-2011-2508,0.04409,0.87559
CVE-2011-2509,0.01213,0.6557
CVE-2011-2510,0.03407,0.83908
CVE-2011-2511,0.06823,0.91806
CVE-2011-2512,0.02646,0.81377
CVE-2011-2513,0.01408,0.72072
CVE-2011-2514,0.01408,0.72072
CVE-2011-2515,0.01365,0.70715
CVE-2011-2516,0.06394,0.90534
CVE-2011-2517,0.01034,0.39824
CVE-2011-2518,0.0095,0.30554
CVE-2011-2519,0.0095,0.30554
CVE-2011-2520,0.01104,0.52279
CVE-2011-2521,0.0095,0.30554
CVE-2011-2522,0.12567,0.95329
CVE-2011-2524,0.01408,0.72072
CVE-2011-2525,0.01034,0.39824
CVE-2011-2526,0.03052,0.82933
CVE-2011-2527,0.01547,0.74085
CVE-2011-2528,0.01183,0.60428
CVE-2011-2529,0.02172,0.79917
CVE-2011-2530,0.04291,0.87022
CVE-2011-2531,0.01213,0.6557
CVE-2011-2532,0.01136,0.57949
CVE-2011-2533,0.0089,0.2856
CVE-2011-2534,0.01282,0.67298
CVE-2011-2535,0.02172,0.79917
CVE-2011-2536,0.01136,0.57949
CVE-2011-2538,0.01055,0.50287
CVE-2011-2543,0.05029,0.8901
CVE-2011-2544,0.01315,0.67456
CVE-2011-2545,0.01055,0.50287
CVE-2011-2546,0.01213,0.6557
CVE-2011-2547,0.01132,0.54372
CVE-2011-2549,0.01213,0.6557
CVE-2011-2555,0.01213,0.6557
CVE-2011-2560,0.01055,0.50287
CVE-2011-2561,0.01055,0.50287
CVE-2011-2562,0.01055,0.50287
CVE-2011-2563,0.01136,0.57949
CVE-2011-2564,0.01136,0.57949
CVE-2011-2569,0.00885,0.26162
CVE-2011-2577,0.01408,0.72072
CVE-2011-2578,0.01136,0.57949
CVE-2011-2581,0.01136,0.57949
CVE-2011-2583,0.01136,0.57949
CVE-2011-2584,0.01136,0.57949
CVE-2011-2585,0.04679,0.88603
CVE-2011-2586,0.01055,0.50287
CVE-2011-2587,0.04967,0.88981
CVE-2011-2588,0.04967,0.88981
CVE-2011-2589,0.06309,0.90494
CVE-2011-2590,0.01213,0.6557
CVE-2011-2591,0.09915,0.94265
CVE-2011-2592,0.06309,0.90494
CVE-2011-2593,0.06309,0.90494
CVE-2011-2594,0.06309,0.90494
CVE-2011-2595,0.72015,0.99186
CVE-2011-2597,0.03779,0.84781
CVE-2011-2598,0.01213,0.6557
CVE-2011-2599,0.01136,0.57949
CVE-2011-2600,0.18147,0.96089
CVE-2011-2601,0.01055,0.50287
CVE-2011-2602,0.01136,0.57949
CVE-2011-2603,0.01136,0.57949
CVE-2011-2604,0.01136,0.57949
CVE-2011-2605,0.01319,0.70416
CVE-2011-2606,0.01213,0.6557
CVE-2011-2607,0.01213,0.6557
CVE-2011-2608,0.01319,0.70416
CVE-2011-2609,0.01408,0.72072
CVE-2011-2610,0.01018,0.38792
CVE-2011-2611,0.01136,0.57949
CVE-2011-2612,0.01136,0.57949
CVE-2011-2613,0.01136,0.57949
CVE-2011-2614,0.01136,0.57949
CVE-2011-2615,0.01136,0.57949
CVE-2011-2616,0.01136,0.57949
CVE-2011-2617,0.01136,0.57949
CVE-2011-2618,0.01136,0.57949
CVE-2011-2619,0.01136,0.57949
CVE-2011-2620,0.01136,0.57949
CVE-2011-2621,0.01136,0.57949
CVE-2011-2622,0.01136,0.57949
CVE-2011-2623,0.01136,0.57949
CVE-2011-2624,0.01136,0.57949
CVE-2011-2625,0.01136,0.57949
CVE-2011-2626,0.01136,0.57949
CVE-2011-2627,0.01136,0.57949
CVE-2011-2628,0.06211,0.90307
CVE-2011-2629,0.01136,0.57949
CVE-2011-2630,0.01136,0.57949
CVE-2011-2631,0.01136,0.57949
CVE-2011-2632,0.01136,0.57949
CVE-2011-2633,0.01136,0.57949
CVE-2011-2634,0.01136,0.57949
CVE-2011-2635,0.01136,0.57949
CVE-2011-2636,0.01136,0.57949
CVE-2011-2637,0.01136,0.57949
CVE-2011-2638,0.01136,0.57949
CVE-2011-2639,0.01136,0.57949
CVE-2011-2640,0.01213,0.6557
CVE-2011-2641,0.04187,0.86773
CVE-2011-2642,0.03407,0.83908
CVE-2011-2643,0.02172,0.79917
CVE-2011-2644,0.01213,0.6557
CVE-2011-2645,0.07732,0.92768
CVE-2011-2646,0.07732,0.92768
CVE-2011-2647,0.07732,0.92768
CVE-2011-2648,0.07732,0.92768
CVE-2011-2649,0.01018,0.38792
CVE-2011-2650,0.01213,0.6557
CVE-2011-2651,0.07732,0.92768
CVE-2011-2652,0.01213,0.6557
CVE-2011-2653,0.84367,0.99607
CVE-2011-2654,0.07481,0.92326
CVE-2011-2655,0.07481,0.92326
CVE-2011-2656,0.07481,0.92326
CVE-2011-2657,0.73596,0.99244
CVE-2011-2658,0.10781,0.94422
CVE-2011-2660,0.01319,0.70416
CVE-2011-2661,0.01055,0.50287
CVE-2011-2662,0.07732,0.92768
CVE-2011-2663,0.07732,0.92768
CVE-2011-2664,0.0095,0.30554
CVE-2011-2665,0.01319,0.70416
CVE-2011-2666,0.01055,0.50287
CVE-2011-2667,0.20082,0.9623
CVE-2011-2668,0.00885,0.26162
CVE-2011-2669,0.00885,0.26162
CVE-2011-2670,0.00885,0.26162
CVE-2011-2671,0.01319,0.70416
CVE-2011-2672,0.01319,0.70416
CVE-2011-2673,0.01136,0.57949
CVE-2011-2674,0.01061,0.51015
CVE-2011-2675,0.01213,0.6557
CVE-2011-2676,0.01132,0.54372
CVE-2011-2677,0.01232,0.66248
CVE-2011-2678,0.0095,0.30554
CVE-2011-2679,0.01319,0.70416
CVE-2011-2680,0.01108,0.53389
CVE-2011-2681,0.01108,0.53389
CVE-2011-2682,0.01132,0.54372
CVE-2011-2683,0.01136,0.57949
CVE-2011-2684,0.0095,0.30554
CVE-2011-2685,0.07525,0.92398
CVE-2011-2686,0.02686,0.82061
CVE-2011-2687,0.02172,0.79917
CVE-2011-2688,0.01974,0.7812
CVE-2011-2689,0.01282,0.67298
CVE-2011-2690,0.03932,0.8519
CVE-2011-2691,0.03407,0.83908
CVE-2011-2692,0.03932,0.8519
CVE-2011-2693,0.00885,0.26162
CVE-2011-2694,0.03407,0.83908
CVE-2011-2695,0.01034,0.39824
CVE-2011-2696,0.06604,0.91138
CVE-2011-2697,0.33866,0.97595
CVE-2011-2698,0.03407,0.83908
CVE-2011-2699,0.01319,0.70416
CVE-2011-2700,0.01034,0.39824
CVE-2011-2701,0.02172,0.79917
CVE-2011-2702,0.17451,0.96042
CVE-2011-2703,0.03779,0.84781
CVE-2011-2704,0.1127,0.94787
CVE-2011-2705,0.02686,0.82061
CVE-2011-2706,0.00885,0.26162
CVE-2011-2707,0.0095,0.30554
CVE-2011-2709,0.02172,0.79379
CVE-2011-2710,0.01319,0.70416
CVE-2011-2711,0.01968,0.77806
CVE-2011-2712,0.02072,0.79023
CVE-2011-2713,0.03407,0.83908
CVE-2011-2714,0.00954,0.34522
CVE-2011-2715,0.00885,0.26162
CVE-2011-2716,0.01537,0.73595
CVE-2011-2717,0.01018,0.38792
CVE-2011-2718,0.04409,0.87559
CVE-2011-2719,0.04358,0.87435
CVE-2011-2720,0.04358,0.87435
CVE-2011-2721,0.03779,0.84781
CVE-2011-2722,0.01282,0.67298
CVE-2011-2723,0.01974,0.7812
CVE-2011-2724,0.01282,0.67298
CVE-2011-2725,0.01319,0.70416
CVE-2011-2726,0.01108,0.53389
CVE-2011-2727,0.01055,0.50287
CVE-2011-2728,0.01108,0.53389
CVE-2011-2729,0.07344,0.92237
CVE-2011-2730,0.04358,0.87435
CVE-2011-2731,0.01018,0.38792
CVE-2011-2732,0.06033,0.9015
CVE-2011-2733,0.01061,0.51015
CVE-2011-2735,0.05139,0.89128
CVE-2011-2736,0.01136,0.57949
CVE-2011-2737,0.01136,0.57949
CVE-2011-2738,0.12248,0.95092
CVE-2011-2739,0.04679,0.88603
CVE-2011-2740,0.06523,0.90962
CVE-2011-2741,0.01055,0.50287
CVE-2011-2742,0.01055,0.50287
CVE-2011-2743,0.04894,0.88891
CVE-2011-2744,0.10995,0.94626999999999994
CVE-2011-2745,0.04482,0.88223
CVE-2011-2746,0.01232,0.66248
CVE-2011-2747,0.06309,0.90494
CVE-2011-2748,0.26383,0.96972
CVE-2011-2749,0.26383,0.96972
CVE-2011-2750,0.49763,0.9862
CVE-2011-2751,0.00986,0.35784
CVE-2011-2752,0.01213,0.6557
CVE-2011-2753,0.01319,0.70416
CVE-2011-2754,0.01055,0.50287
CVE-2011-2755,0.01055,0.50287
CVE-2011-2756,0.01055,0.50287
CVE-2011-2757,0.01055,0.50287
CVE-2011-2758,0.01213,0.6557
CVE-2011-2759,0.01213,0.6557
CVE-2011-2760,0.01213,0.6557
CVE-2011-2761,0.01319,0.70416
CVE-2011-2762,0.01319,0.70416
CVE-2011-2763,0.82029,0.9953
CVE-2011-2764,0.1127,0.94787
CVE-2011-2765,0.00954,0.34522
CVE-2011-2766,0.02172,0.79917
CVE-2011-2767,0.04771,0.88709
CVE-2011-2768,0.00885,0.26162
CVE-2011-2769,0.00885,0.26162
CVE-2011-2770,0.01213,0.6557
CVE-2011-2771,0.01213,0.6557
CVE-2011-2772,0.01213,0.6557
CVE-2011-2773,0.01213,0.6557
CVE-2011-2774,0.01061,0.51015
CVE-2011-2776,0.01755,0.75287
CVE-2011-2777,0.01819,0.7614
CVE-2011-2778,0.04315,0.8704
CVE-2011-2779,0.00885,0.26162
CVE-2011-2780,0.10995,0.94626999999999994
CVE-2011-2782,0.01213,0.6557
CVE-2011-2783,0.01213,0.6557
CVE-2011-2784,0.01213,0.6557
CVE-2011-2785,0.01213,0.6557
CVE-2011-2786,0.01213,0.6557
CVE-2011-2787,0.01213,0.6557
CVE-2011-2788,0.01955,0.77585
CVE-2011-2789,0.01213,0.6557
CVE-2011-2790,0.01955,0.77585
CVE-2011-2791,0.01213,0.6557
CVE-2011-2792,0.01955,0.77585
CVE-2011-2793,0.01213,0.6557
CVE-2011-2794,0.01213,0.6557
CVE-2011-2795,0.01213,0.6557
CVE-2011-2796,0.01213,0.6557
CVE-2011-2797,0.01955,0.77585
CVE-2011-2798,0.01213,0.6557
CVE-2011-2799,0.01955,0.77585
CVE-2011-2800,0.01955,0.77585
CVE-2011-2801,0.01213,0.6557
CVE-2011-2802,0.01213,0.6557
CVE-2011-2803,0.01213,0.6557
CVE-2011-2804,0.01213,0.6557
CVE-2011-2805,0.01776,0.75902
CVE-2011-2806,0.04291,0.87022
CVE-2011-2807,0.00885,0.26162
CVE-2011-2808,0.01108,0.53389
CVE-2011-2809,0.04445,0.87708
CVE-2011-2811,0.02729,0.82118
CVE-2011-2813,0.0291,0.82466
CVE-2011-2814,0.0291,0.82466
CVE-2011-2815,0.0291,0.82466
CVE-2011-2816,0.0291,0.82466
CVE-2011-2817,0.0291,0.82466
CVE-2011-2818,0.01955,0.77585
CVE-2011-2819,0.01776,0.75902
CVE-2011-2820,0.0291,0.82466
CVE-2011-2821,0.03779,0.84781
CVE-2011-2822,0.00954,0.34522
CVE-2011-2823,0.01974,0.7812
CVE-2011-2824,0.01136,0.57949
CVE-2011-2825,0.01955,0.77585
CVE-2011-2826,0.01136,0.57949
CVE-2011-2827,0.01974,0.7812
CVE-2011-2828,0.01136,0.57949
CVE-2011-2829,0.01136,0.57949
CVE-2011-2830,0.01136,0.57949
CVE-2011-2831,0.0291,0.82466
CVE-2011-2833,0.05258,0.89279
CVE-2011-2834,0.03407,0.83908
CVE-2011-2835,0.01018,0.38792
CVE-2011-2836,0.01213,0.6557
CVE-2011-2837,0.01018,0.38792
CVE-2011-2838,0.01018,0.38792
CVE-2011-2839,0.01136,0.57949
CVE-2011-2840,0.01319,0.70416
CVE-2011-2841,0.0679,0.91793
CVE-2011-2842,0.01018,0.38792
CVE-2011-2843,0.01213,0.6557
CVE-2011-2844,0.01213,0.6557
CVE-2011-2845,0.01319,0.70416
CVE-2011-2846,0.01955,0.77585
CVE-2011-2847,0.01955,0.77585
CVE-2011-2848,0.01213,0.6557
CVE-2011-2849,0.01213,0.6557
CVE-2011-2850,0.01213,0.6557
CVE-2011-2851,0.01213,0.6557
CVE-2011-2852,0.01213,0.6557
CVE-2011-2853,0.01213,0.6557
CVE-2011-2854,0.03407,0.83908
CVE-2011-2855,0.01955,0.77585
CVE-2011-2856,0.01213,0.6557
CVE-2011-2857,0.01955,0.77585
CVE-2011-2858,0.01213,0.6557
CVE-2011-2859,0.01018,0.38792
CVE-2011-2860,0.02172,0.79917
CVE-2011-2861,0.01213,0.6557
CVE-2011-2862,0.01018,0.38792
CVE-2011-2863,0.01055,0.50287
CVE-2011-2864,0.01213,0.6557
CVE-2011-2866,0.0291,0.82466
CVE-2011-2867,0.05258,0.89279
CVE-2011-2868,0.05258,0.89279
CVE-2011-2869,0.05258,0.89279
CVE-2011-2870,0.05258,0.89279
CVE-2011-2871,0.05258,0.89279
CVE-2011-2872,0.05258,0.89279
CVE-2011-2873,0.05258,0.89279
CVE-2011-2874,0.01018,0.38792
CVE-2011-2875,0.01213,0.6557
CVE-2011-2876,0.01136,0.57949
CVE-2011-2877,0.01955,0.77585
CVE-2011-2878,0.01136,0.57949
CVE-2011-2879,0.01136,0.57949
CVE-2011-2880,0.01213,0.6557
CVE-2011-2881,0.01136,0.57949
CVE-2011-2882,0.64412,0.98965
CVE-2011-2883,0.03477,0.84037
CVE-2011-2884,0.01183,0.60428
CVE-2011-2885,0.01319,0.70416
CVE-2011-2886,0.01319,0.70416
CVE-2011-2887,0.01319,0.70416
CVE-2011-2888,0.01319,0.70416
CVE-2011-2889,0.01213,0.6557
CVE-2011-2890,0.01055,0.50287
CVE-2011-2891,0.01213,0.6557
CVE-2011-2892,0.01055,0.50287
CVE-2011-2893,0.01319,0.70416
CVE-2011-2895,0.04421,0.87629
CVE-2011-2896,0.09174,0.9391
CVE-2011-2897,0.00954,0.34522
CVE-2011-2898,0.01018,0.38792
CVE-2011-2899,0.01108,0.53389
CVE-2011-2900,0.40588,0.98099
CVE-2011-2901,0.0095,0.30554
CVE-2011-2902,0.01136,0.57949
CVE-2011-2903,0.03214,0.83353
CVE-2011-2904,0.01955,0.77585
CVE-2011-2905,0.0095,0.30554
CVE-2011-2906,0.0095,0.30554
CVE-2011-2907,0.01319,0.70416
CVE-2011-2908,0.07305,0.9211
CVE-2011-2909,0.0095,0.30554
CVE-2011-2910,0.0089,0.2856
CVE-2011-2911,0.06604,0.91138
CVE-2011-2912,0.06604,0.91138
CVE-2011-2913,0.06604,0.91138
CVE-2011-2914,0.06604,0.91138
CVE-2011-2915,0.06604,0.91138
CVE-2011-2916,0.0089,0.2856
CVE-2011-2917,0.00986,0.35784
CVE-2011-2918,0.01761,0.7555
CVE-2011-2919,0.01136,0.57949
CVE-2011-2920,0.01136,0.57949
CVE-2011-2921,0.83007,0.99561
CVE-2011-2922,0.01505,0.72763
CVE-2011-2923,0.0095,0.30554
CVE-2011-2924,0.01034,0.39824
CVE-2011-2925,0.01282,0.67298
CVE-2011-2927,0.01136,0.57949
CVE-2011-2928,0.01282,0.67298
CVE-2011-2929,0.02172,0.79917
CVE-2011-2930,0.02172,0.79917
CVE-2011-2931,0.03407,0.83908
CVE-2011-2932,0.03407,0.83908
CVE-2011-2933,0.00885,0.26162
CVE-2011-2934,0.00885,0.26162
CVE-2011-2935,0.00954,0.34522
CVE-2011-2936,0.00954,0.34522
CVE-2011-2937,0.01955,0.77585
CVE-2011-2938,0.05649,0.89807
CVE-2011-2939,0.02686,0.82061
CVE-2011-2940,0.06604,0.91138
CVE-2011-2941,0.01055,0.50287
CVE-2011-2942,0.01055,0.50287
CVE-2011-2943,0.02172,0.79917
CVE-2011-2944,0.01267,0.6644
CVE-2011-2945,0.039,0.84954
CVE-2011-2946,0.04679,0.88603
CVE-2011-2947,0.01136,0.57949
CVE-2011-2948,0.04146,0.85406
CVE-2011-2949,0.06309,0.90494
CVE-2011-2950,0.70125,0.99114
CVE-2011-2951,0.06309,0.90494
CVE-2011-2952,0.039,0.84954
CVE-2011-2953,0.04679,0.88603
CVE-2011-2954,0.039,0.84954
CVE-2011-2955,0.039,0.84954
CVE-2011-2956,0.04187,0.86773
CVE-2011-2957,0.01592,0.74578
CVE-2011-2958,0.01136,0.57949
CVE-2011-2959,0.04291,0.87022
CVE-2011-2960,0.12822,0.95405
CVE-2011-2961,0.05139,0.89128
CVE-2011-2962,0.04146,0.85406
CVE-2011-2963,0.04482,0.88223
CVE-2011-2964,0.1127,0.94787
CVE-2011-2975,0.04187,0.86773
CVE-2011-2976,0.01319,0.70416
CVE-2011-2977,0.01034,0.39824
CVE-2011-2978,0.01319,0.70416
CVE-2011-2979,0.01408,0.72072
CVE-2011-2980,0.01034,0.39824
CVE-2011-2981,0.01955,0.77585
CVE-2011-2982,0.08228,0.93218
CVE-2011-2983,0.03407,0.83908
CVE-2011-2984,0.02172,0.79917
CVE-2011-2985,0.08228,0.93218
CVE-2011-2986,0.01319,0.70416
CVE-2011-2987,0.08263,0.93269
CVE-2011-2988,0.0547,0.89492
CVE-2011-2989,0.05139,0.89128
CVE-2011-2990,0.01108,0.53389
CVE-2011-2991,0.05139,0.89128
CVE-2011-2992,0.05139,0.89128
CVE-2011-2993,0.01213,0.6557
CVE-2011-2995,0.08228,0.93218
CVE-2011-2996,0.05139,0.89128
CVE-2011-2997,0.08228,0.93218
CVE-2011-2998,0.07544,0.92484
CVE-2011-2999,0.03407,0.83908
CVE-2011-3000,0.03407,0.83908
CVE-2011-3001,0.01955,0.77585
CVE-2011-3002,0.04146,0.85406
CVE-2011-3003,0.04291,0.87022
CVE-2011-3004,0.01213,0.6557
CVE-2011-3005,0.05288,0.89317
CVE-2011-3006,0.06309,0.90494
CVE-2011-3007,0.01213,0.6557
CVE-2011-3008,0.01213,0.6557
CVE-2011-3009,0.01108,0.53389
CVE-2011-3010,0.04894,0.88891
CVE-2011-3011,0.77257,0.99383
CVE-2011-3012,0.08263,0.93269
CVE-2011-3013,0.01055,0.50287
CVE-2011-3014,0.01055,0.50287
CVE-2011-3015,0.01213,0.6557
CVE-2011-3016,0.01955,0.77585
CVE-2011-3017,0.01213,0.6557
CVE-2011-3018,0.01213,0.6557
CVE-2011-3019,0.01213,0.6557
CVE-2011-3020,0.01018,0.38792
CVE-2011-3021,0.02172,0.79917
CVE-2011-3022,0.01319,0.70416
CVE-2011-3023,0.01213,0.6557
CVE-2011-3024,0.01213,0.6557
CVE-2011-3025,0.01213,0.6557
CVE-2011-3027,0.01955,0.77585
CVE-2011-3031,0.01955,0.77585
CVE-2011-3032,0.03407,0.83908
CVE-2011-3033,0.02172,0.79917
CVE-2011-3034,0.03407,0.83908
CVE-2011-3035,0.03407,0.83908
CVE-2011-3036,0.03407,0.83908
CVE-2011-3037,0.03932,0.8519
CVE-2011-3038,0.03407,0.83908
CVE-2011-3039,0.03407,0.83908
CVE-2011-3040,0.03407,0.83908
CVE-2011-3041,0.03407,0.83908
CVE-2011-3042,0.03407,0.83908
CVE-2011-3043,0.03407,0.83908
CVE-2011-3044,0.03407,0.83908
CVE-2011-3045,0.06604,0.91138
CVE-2011-3046,0.09174,0.9391
CVE-2011-3047,0.06604,0.91138
CVE-2011-3048,0.06604,0.91138
CVE-2011-3049,0.02172,0.79917
CVE-2011-3050,0.03407,0.83908
CVE-2011-3051,0.01955,0.77585
CVE-2011-3052,0.01955,0.77585
CVE-2011-3053,0.03407,0.83908
CVE-2011-3054,0.01955,0.77585
CVE-2011-3055,0.01955,0.77585
CVE-2011-3056,0.03407,0.83908
CVE-2011-3057,0.01955,0.77585
CVE-2011-3058,0.01955,0.77585
CVE-2011-3059,0.03407,0.83908
CVE-2011-3060,0.03407,0.83908
CVE-2011-3061,0.01537,0.73595
CVE-2011-3062,0.03407,0.83908
CVE-2011-3063,0.01537,0.73595
CVE-2011-3064,0.03779,0.84781
CVE-2011-3065,0.01955,0.77585
CVE-2011-3066,0.01776,0.75902
CVE-2011-3067,0.03407,0.83908
CVE-2011-3068,0.03407,0.83908
CVE-2011-3069,0.03407,0.83908
CVE-2011-3070,0.01955,0.77585
CVE-2011-3071,0.03407,0.83908
CVE-2011-3072,0.01955,0.77585
CVE-2011-3073,0.03407,0.83908
CVE-2011-3074,0.03407,0.83908
CVE-2011-3075,0.03407,0.83908
CVE-2011-3076,0.03407,0.83908
CVE-2011-3077,0.01776,0.75902
CVE-2011-3078,0.03407,0.83908
CVE-2011-3079,0.02686,0.82061
CVE-2011-3080,0.01183,0.60428
CVE-2011-3081,0.03407,0.83908
CVE-2011-3083,0.02172,0.79917
CVE-2011-3084,0.01537,0.73595
CVE-2011-3085,0.01408,0.72072
CVE-2011-3086,0.03779,0.84781
CVE-2011-3087,0.01183,0.60428
CVE-2011-3088,0.01408,0.72072
CVE-2011-3089,0.03779,0.84781
CVE-2011-3090,0.03407,0.83908
CVE-2011-3091,0.01408,0.72072
CVE-2011-3092,0.01408,0.72072
CVE-2011-3093,0.01408,0.72072
CVE-2011-3094,0.01408,0.72072
CVE-2011-3095,0.01408,0.72072
CVE-2011-3096,0.01319,0.70416
CVE-2011-3097,0.01319,0.70416
CVE-2011-3098,0.01104,0.52279
CVE-2011-3099,0.01319,0.70416
CVE-2011-3100,0.01408,0.72072
CVE-2011-3101,0.01537,0.73595
CVE-2011-3102,0.03932,0.8519
CVE-2011-3103,0.01408,0.72072
CVE-2011-3104,0.01408,0.72072
CVE-2011-3105,0.03779,0.84781
CVE-2011-3106,0.07544,0.92484
CVE-2011-3107,0.01974,0.7812
CVE-2011-3108,0.08263,0.93269
CVE-2011-3109,0.01319,0.70416
CVE-2011-3110,0.02172,0.79917
CVE-2011-3111,0.01408,0.72072
CVE-2011-3112,0.01319,0.70416
CVE-2011-3113,0.01319,0.70416
CVE-2011-3114,0.01319,0.70416
CVE-2011-3115,0.01974,0.7812
CVE-2011-3122,0.01018,0.38792
CVE-2011-3123,0.0095,0.30554
CVE-2011-3124,0.0095,0.30554
CVE-2011-3125,0.01018,0.38792
CVE-2011-3126,0.01213,0.6557
CVE-2011-3127,0.01213,0.6557
CVE-2011-3128,0.01319,0.70416
CVE-2011-3129,0.01018,0.38792
CVE-2011-3130,0.01018,0.38792
CVE-2011-3131,0.01034,0.39824
CVE-2011-3132,0.01213,0.6557
CVE-2011-3133,0.01213,0.6557
CVE-2011-3134,0.01213,0.6557
CVE-2011-3135,0.01018,0.38792
CVE-2011-3136,0.01018,0.38792
CVE-2011-3137,0.01108,0.53389
CVE-2011-3138,0.01018,0.38792
CVE-2011-3140,0.01319,0.70416
CVE-2011-3141,0.04146,0.85406
CVE-2011-3142,0.20096,0.96253
CVE-2011-3143,0.05139,0.89128
CVE-2011-3144,0.01213,0.6557
CVE-2011-3145,0.00885,0.26162
CVE-2011-3146,0.02646,0.81377
CVE-2011-3147,0.00885,0.26162
CVE-2011-3148,0.01755,0.75287
CVE-2011-3149,0.01034,0.39824
CVE-2011-3150,0.06523,0.90962
CVE-2011-3151,0.00885,0.26162
CVE-2011-3152,0.01108,0.53389
CVE-2011-3153,0.0089,0.2856
CVE-2011-3154,0.0089,0.2856
CVE-2011-3155,0.01136,0.57949
CVE-2011-3156,0.15849,0.95886
CVE-2011-3157,0.15849,0.95886
CVE-2011-3158,0.15849,0.95886
CVE-2011-3159,0.15849,0.95886
CVE-2011-3160,0.15849,0.95886
CVE-2011-3161,0.15849,0.95886
CVE-2011-3162,0.15849,0.95886
CVE-2011-3163,0.0095,0.30554
CVE-2011-3164,0.01034,0.39824
CVE-2011-3165,0.25143,0.96828
CVE-2011-3166,0.25143,0.96828
CVE-2011-3167,0.87067,0.99719
CVE-2011-3168,0.01136,0.57949
CVE-2011-3169,0.01136,0.57949
CVE-2011-3170,0.09174,0.9391
CVE-2011-3171,0.0095,0.30554
CVE-2011-3172,0.00885,0.26162
CVE-2011-3173,0.07732,0.92768
CVE-2011-3174,0.10442,0.94383
CVE-2011-3175,0.70536,0.99125
CVE-2011-3176,0.70536,0.99125
CVE-2011-3177,0.00885,0.26162
CVE-2011-3178,0.00885,0.26162
CVE-2011-3179,0.01055,0.50287
CVE-2011-3180,0.00954,0.34522
CVE-2011-3181,0.01955,0.77585
CVE-2011-3182,0.07197,0.92068
CVE-2011-3183,0.00885,0.26162
CVE-2011-3184,0.03779,0.84781
CVE-2011-3185,0.03779,0.84781
CVE-2011-3186,0.01955,0.77585
CVE-2011-3187,0.10995,0.94626999999999994
CVE-2011-3188,0.01974,0.7812
CVE-2011-3189,0.02172,0.79917
CVE-2011-3190,0.07344,0.92237
CVE-2011-3191,0.01018,0.38792
CVE-2011-3193,0.06604,0.91138
CVE-2011-3194,0.06604,0.91138
CVE-2011-3195,0.01132,0.54372
CVE-2011-3196,0.0095,0.30554
CVE-2011-3197,0.01232,0.66248
CVE-2011-3198,0.0095,0.30554
CVE-2011-3199,0.01132,0.54372
CVE-2011-3200,0.42478,0.98176
CVE-2011-3201,0.01319,0.70416
CVE-2011-3202,0.00885,0.26162
CVE-2011-3203,0.01086,0.51674
CVE-2011-3204,0.0095,0.30554
CVE-2011-3205,0.02686,0.82061
CVE-2011-3206,0.01213,0.6557
CVE-2011-3207,0.06584,0.90986
CVE-2011-3208,0.12248,0.95092
CVE-2011-3209,0.0095,0.30554
CVE-2011-3210,0.06584,0.90986
CVE-2011-3211,0.03779,0.84781
CVE-2011-3212,0.01034,0.39824
CVE-2011-3213,0.00954,0.34522
CVE-2011-3214,0.00954,0.34522
CVE-2011-3215,0.00954,0.34522
CVE-2011-3216,0.0089,0.2856
CVE-2011-3217,0.03261,0.83509
CVE-2011-3218,0.01108,0.53389
CVE-2011-3219,0.03914,0.84984
CVE-2011-3220,0.01319,0.70416
CVE-2011-3221,0.03261,0.83509
CVE-2011-3222,0.03261,0.83509
CVE-2011-3223,0.03261,0.83509
CVE-2011-3224,0.02479,0.80861
CVE-2011-3225,0.01213,0.6557
CVE-2011-3226,0.01213,0.6557
CVE-2011-3227,0.03261,0.83509
CVE-2011-3228,0.03914,0.84984
CVE-2011-3229,0.01213,0.6557
CVE-2011-3230,0.75761,0.9933
CVE-2011-3231,0.02479,0.80861
CVE-2011-3232,0.06604,0.91138
CVE-2011-3233,0.0291,0.82466
CVE-2011-3234,0.02172,0.79917
CVE-2011-3235,0.04445,0.87708
CVE-2011-3236,0.04445,0.87708
CVE-2011-3237,0.04445,0.87708
CVE-2011-3238,0.0291,0.82466
CVE-2011-3239,0.0291,0.82466
CVE-2011-3241,0.0291,0.82466
CVE-2011-3242,0.01018,0.38792
CVE-2011-3243,0.01319,0.70416
CVE-2011-3244,0.0291,0.82466
CVE-2011-3245,0.01018,0.38792
CVE-2011-3246,0.02172,0.79917
CVE-2011-3247,0.0372,0.84362
CVE-2011-3248,0.03261,0.83509
CVE-2011-3249,0.03261,0.83509
CVE-2011-3250,0.03261,0.83509
CVE-2011-3251,0.04315,0.8704
CVE-2011-3252,0.03914,0.84984
CVE-2011-3253,0.00885,0.26162
CVE-2011-3254,0.01055,0.50287
CVE-2011-3255,0.01136,0.57949
CVE-2011-3256,0.06154,0.90253
CVE-2011-3257,0.0095,0.30554
CVE-2011-3259,0.01319,0.70416
CVE-2011-3260,0.03261,0.83509
CVE-2011-3261,0.03261,0.83509
CVE-2011-3262,0.0095,0.30554
CVE-2011-3263,0.00954,0.34522
CVE-2011-3264,0.01136,0.57949
CVE-2011-3265,0.01319,0.70416
CVE-2011-3266,0.02172,0.79917
CVE-2011-3267,0.01183,0.60428
CVE-2011-3268,0.01537,0.73595
CVE-2011-3269,0.00885,0.26162
CVE-2011-3270,0.01055,0.50287
CVE-2011-3271,0.04465,0.87733
CVE-2011-3272,0.01136,0.57949
CVE-2011-3273,0.01055,0.50287
CVE-2011-3274,0.01055,0.50287
CVE-2011-3275,0.01055,0.50287
CVE-2011-3276,0.01055,0.50287
CVE-2011-3277,0.01055,0.50287
CVE-2011-3278,0.01055,0.50287
CVE-2011-3279,0.01136,0.57949
CVE-2011-3280,0.01055,0.50287
CVE-2011-3281,0.01055,0.50287
CVE-2011-3282,0.01055,0.50287
CVE-2011-3283,0.01136,0.57949
CVE-2011-3285,0.01136,0.57949
CVE-2011-3287,0.01055,0.50287
CVE-2011-3288,0.01055,0.50287
CVE-2011-3289,0.00885,0.26162
CVE-2011-3290,0.01213,0.6557
CVE-2011-3293,0.01136,0.57949
CVE-2011-3294,0.01213,0.6557
CVE-2011-3295,0.01136,0.57949
CVE-2011-3296,0.01055,0.50287
CVE-2011-3297,0.01055,0.50287
CVE-2011-3298,0.01136,0.57949
CVE-2011-3299,0.01136,0.57949
CVE-2011-3300,0.01213,0.6557
CVE-2011-3301,0.01213,0.6557
CVE-2011-3302,0.01213,0.6557
CVE-2011-3303,0.01213,0.6557
CVE-2011-3304,0.01213,0.6557
CVE-2011-3305,0.4088,0.98129
CVE-2011-3309,0.01055,0.50287
CVE-2011-3310,0.21344,0.9638
CVE-2011-3315,0.04187,0.86773
CVE-2011-3317,0.01136,0.57949
CVE-2011-3318,0.01055,0.50287
CVE-2011-3319,0.06336,0.90499
CVE-2011-3320,0.01055,0.50287
CVE-2011-3321,0.04291,0.87022
CVE-2011-3322,0.67864,0.99055
CVE-2011-3323,0.03779,0.84781
CVE-2011-3324,0.03779,0.84781
CVE-2011-3325,0.03779,0.84781
CVE-2011-3326,0.03779,0.84781
CVE-2011-3327,0.08228,0.93218
CVE-2011-3328,0.01955,0.77585
CVE-2011-3330,0.06337,0.90513
CVE-2011-3332,0.06523,0.90962
CVE-2011-3336,0.08382,0.93597
CVE-2011-3337,0.00885,0.26162
CVE-2011-3339,0.01213,0.6557
CVE-2011-3340,0.00986,0.35784
CVE-2011-3341,0.07544,0.92484
CVE-2011-3342,0.07544,0.92484
CVE-2011-3343,0.01282,0.67298
CVE-2011-3344,0.01213,0.6557
CVE-2011-3345,0.01034,0.39824
CVE-2011-3346,0.01034,0.39824
CVE-2011-3347,0.01055,0.50287
CVE-2011-3348,0.07344,0.92237
CVE-2011-3349,0.01034,0.39824
CVE-2011-3350,0.00954,0.34522
CVE-2011-3351,0.0095,0.30554
CVE-2011-3352,0.01061,0.51015
CVE-2011-3353,0.0095,0.30554
CVE-2011-3354,0.01974,0.7812
CVE-2011-3355,0.01018,0.38792
CVE-2011-3356,0.03407,0.83908
CVE-2011-3357,0.04358,0.87435
CVE-2011-3358,0.03407,0.83908
CVE-2011-3359,0.01213,0.6557
CVE-2011-3360,0.41871,0.98155
CVE-2011-3361,0.01955,0.77585
CVE-2011-3362,0.05288,0.89317
CVE-2011-3363,0.01018,0.38792
CVE-2011-3364,0.0095,0.30554
CVE-2011-3365,0.01213,0.6557
CVE-2011-3366,0.01136,0.57949
CVE-2011-3367,0.01055,0.50287
CVE-2011-3369,0.01213,0.6557
CVE-2011-3370,0.00954,0.34522
CVE-2011-3371,0.01955,0.77585
CVE-2011-3372,0.01974,0.7812
CVE-2011-3373,0.01213,0.6557
CVE-2011-3374,0.01108,0.53389
CVE-2011-3375,0.01136,0.57949
CVE-2011-3376,0.01164,0.60046
CVE-2011-3377,0.01408,0.72072
CVE-2011-3378,0.06604,0.91138
CVE-2011-3379,0.08263,0.93269
CVE-2011-3380,0.01136,0.57949
CVE-2011-3381,0.01136,0.57949
CVE-2011-3382,0.01136,0.57949
CVE-2011-3383,0.01055,0.50287
CVE-2011-3384,0.01055,0.50287
CVE-2011-3385,0.01055,0.50287
CVE-2011-3386,0.01408,0.72072
CVE-2011-3387,0.01061,0.51015
CVE-2011-3388,0.01776,0.75902
CVE-2011-3390,0.01917,0.77071
CVE-2011-3391,0.01232,0.66248
CVE-2011-3392,0.01213,0.6557
CVE-2011-3393,0.01055,0.50287
CVE-2011-3394,0.01055,0.50287
CVE-2011-3396,0.20038,0.96229
CVE-2011-3397,0.39349,0.98008
CVE-2011-3400,0.89677,0.99825
CVE-2011-3401,0.49719,0.98611
CVE-2011-3402,0.85977,0.99678
CVE-2011-3403,0.49719,0.98611
CVE-2011-3404,0.25802,0.96904
CVE-2011-3406,0.32634,0.97517
CVE-2011-3408,0.01205,0.60537
CVE-2011-3410,0.60981,0.98872
CVE-2011-3411,0.60981,0.98872
CVE-2011-3412,0.60981,0.98872
CVE-2011-3413,0.38845,0.97925
CVE-2011-3414,0.46653,0.98317
CVE-2011-3415,0.3517,0.97712
CVE-2011-3416,0.53783,0.98698
CVE-2011-3417,0.34547,0.97638
CVE-2011-3420,0.01018,0.38792
CVE-2011-3421,0.00954,0.34522
CVE-2011-3422,0.01108,0.53389
CVE-2011-3423,0.01319,0.70416
CVE-2011-3424,0.01319,0.70416
CVE-2011-3426,0.01537,0.73595
CVE-2011-3427,0.01108,0.53389
CVE-2011-3428,0.01702,0.75164
CVE-2011-3429,0.01018,0.38792
CVE-2011-3430,0.01018,0.38792
CVE-2011-3431,0.01018,0.38792
CVE-2011-3432,0.01213,0.6557
CVE-2011-3434,0.01213,0.6557
CVE-2011-3435,0.0095,0.30554
CVE-2011-3436,0.01132,0.54372
CVE-2011-3437,0.04935,0.88902
CVE-2011-3438,0.01702,0.75164
CVE-2011-3439,0.03914,0.84984
CVE-2011-3440,0.00885,0.26162
CVE-2011-3441,0.01213,0.6557
CVE-2011-3442,0.0089,0.2856
CVE-2011-3443,0.04465,0.87733
CVE-2011-3444,0.01055,0.50287
CVE-2011-3446,0.03696,0.84331
CVE-2011-3447,0.01055,0.50287
CVE-2011-3448,0.0372,0.84362
CVE-2011-3449,0.0372,0.84362
CVE-2011-3450,0.0372,0.84362
CVE-2011-3452,0.01055,0.50287
CVE-2011-3453,0.0405,0.85313
CVE-2011-3457,0.03375,0.83648
CVE-2011-3458,0.03261,0.83509
CVE-2011-3459,0.03261,0.83509
CVE-2011-3460,0.03375,0.83648
CVE-2011-3462,0.01055,0.50287
CVE-2011-3463,0.00885,0.26162
CVE-2011-3464,0.04291,0.87022
CVE-2011-3477,0.00885,0.26162
CVE-2011-3478,0.15607,0.95873
CVE-2011-3479,0.01761,0.7555
CVE-2011-3481,0.01319,0.70416
CVE-2011-3482,0.02172,0.79917
CVE-2011-3483,0.10995,0.94626999999999994
CVE-2011-3484,0.01955,0.77585
CVE-2011-3486,0.65919,0.98992
CVE-2011-3487,0.04187,0.86773
CVE-2011-3488,0.07195,0.91936
CVE-2011-3489,0.04187,0.86773
CVE-2011-3490,0.04291,0.87022
CVE-2011-3491,0.04291,0.87022
CVE-2011-3492,0.63115,0.98924
CVE-2011-3493,0.05282,0.89305
CVE-2011-3494,0.59032,0.98813
CVE-2011-3495,0.01136,0.57949
CVE-2011-3496,0.01213,0.6557
CVE-2011-3497,0.35814,0.97754
CVE-2011-3498,0.04291,0.87022
CVE-2011-3499,0.04291,0.87022
CVE-2011-3500,0.01055,0.50287
CVE-2011-3501,0.04187,0.86773
CVE-2011-3502,0.04187,0.86773
CVE-2011-3503,0.06309,0.90494
CVE-2011-3504,0.09915,0.94265
CVE-2011-3506,0.01213,0.6557
CVE-2011-3507,0.01132,0.54372
CVE-2011-3508,0.01213,0.6557
CVE-2011-3509,0.01055,0.50287
CVE-2011-3510,0.01132,0.54372
CVE-2011-3511,0.01055,0.50287
CVE-2011-3512,0.01055,0.50287
CVE-2011-3513,0.01213,0.6557
CVE-2011-3514,0.01055,0.50287
CVE-2011-3515,0.0095,0.30554
CVE-2011-3516,0.02686,0.82061
CVE-2011-3517,0.01319,0.70416
CVE-2011-3518,0.01061,0.51015
CVE-2011-3519,0.01061,0.51015
CVE-2011-3520,0.01132,0.54372
CVE-2011-3521,0.02686,0.82061
CVE-2011-3522,0.01034,0.39824
CVE-2011-3523,0.01132,0.54372
CVE-2011-3524,0.01055,0.50287
CVE-2011-3525,0.01132,0.54372
CVE-2011-3526,0.01061,0.51015
CVE-2011-3527,0.01132,0.54372
CVE-2011-3528,0.01132,0.54372
CVE-2011-3529,0.01132,0.54372
CVE-2011-3530,0.01132,0.54372
CVE-2011-3531,0.01055,0.50287
CVE-2011-3532,0.01213,0.6557
CVE-2011-3533,0.01132,0.54372
CVE-2011-3534,0.01213,0.6557
CVE-2011-3535,0.01213,0.6557
CVE-2011-3536,0.0095,0.30554
CVE-2011-3537,0.01018,0.38792
CVE-2011-3538,0.01213,0.6557
CVE-2011-3539,0.0095,0.30554
CVE-2011-3541,0.0095,0.30554
CVE-2011-3542,0.0095,0.30554
CVE-2011-3543,0.01213,0.6557
CVE-2011-3544,0.82741,0.99552
CVE-2011-3545,0.04358,0.87435
CVE-2011-3546,0.02686,0.82061
CVE-2011-3547,0.02686,0.82061
CVE-2011-3548,0.02686,0.82061
CVE-2011-3549,0.02686,0.82061
CVE-2011-3550,0.02686,0.82061
CVE-2011-3551,0.03407,0.83908
CVE-2011-3552,0.03932,0.8519
CVE-2011-3553,0.02186,0.8012
CVE-2011-3554,0.02686,0.82061
CVE-2011-3555,0.01537,0.73595
CVE-2011-3557,0.03932,0.8519
CVE-2011-3558,0.02686,0.82061
CVE-2011-3559,0.01319,0.70416
CVE-2011-3560,0.02686,0.82061
CVE-2011-3561,0.03779,0.84781
CVE-2011-3562,0.01213,0.6557
CVE-2011-3563,0.04358,0.87435
CVE-2011-3564,0.00885,0.26162
CVE-2011-3565,0.00885,0.26162
CVE-2011-3566,0.01055,0.50287
CVE-2011-3568,0.01055,0.50287
CVE-2011-3569,0.01055,0.50287
CVE-2011-3570,0.00885,0.26162
CVE-2011-3571,0.01232,0.66248
CVE-2011-3573,0.01055,0.50287
CVE-2011-3574,0.00885,0.26162
CVE-2011-3575,0.06262,0.90346
CVE-2011-3576,0.01055,0.50287
CVE-2011-3577,0.01108,0.53389
CVE-2011-3578,0.03407,0.83908
CVE-2011-3579,0.0679,0.91793
CVE-2011-3580,0.01319,0.70416
CVE-2011-3581,0.07544,0.92484
CVE-2011-3582,0.00885,0.26162
CVE-2011-3583,0.01018,0.38792
CVE-2011-3584,0.00954,0.34522
CVE-2011-3585,0.0095,0.30554
CVE-2011-3587,0.79605,0.99457
CVE-2011-3588,0.00954,0.34522
CVE-2011-3589,0.0089,0.2856
CVE-2011-3590,0.00954,0.34522
CVE-2011-3591,0.01132,0.54372
CVE-2011-3592,0.01132,0.54372
CVE-2011-3593,0.01213,0.6557
CVE-2011-3594,0.01408,0.72072
CVE-2011-3595,0.0089,0.2856
CVE-2011-3596,0.08382,0.93597
CVE-2011-3597,0.12567,0.95329
CVE-2011-3598,0.03407,0.83908
CVE-2011-3599,0.01319,0.70416
CVE-2011-3600,0.01246,0.66436
CVE-2011-3601,0.04291,0.87022
CVE-2011-3602,0.01213,0.6557
CVE-2011-3603,0.00954,0.34522
CVE-2011-3604,0.01213,0.6557
CVE-2011-3605,0.01213,0.6557
CVE-2011-3606,0.03336,0.83586
CVE-2011-3607,0.03052,0.82933
CVE-2011-3609,0.01213,0.6557
CVE-2011-3610,0.00954,0.34522
CVE-2011-3611,0.0089,0.2856
CVE-2011-3612,0.00954,0.34522
CVE-2011-3613,0.00885,0.26162
CVE-2011-3614,0.00885,0.26162
CVE-2011-3615,0.01213,0.6557
CVE-2011-3616,0.01034,0.39824
CVE-2011-3617,0.0089,0.2856
CVE-2011-3618,0.0089,0.2856
CVE-2011-3619,0.0095,0.30554
CVE-2011-3620,0.01484,0.72722
CVE-2011-3621,0.00885,0.26162
CVE-2011-3622,0.00885,0.26162
CVE-2011-3623,0.07777,0.92953
CVE-2011-3624,0.01213,0.6557
CVE-2011-3625,0.09579,0.93978
CVE-2011-3626,0.01319,0.70416
CVE-2011-3627,0.01955,0.77585
CVE-2011-3628,0.00885,0.26162
CVE-2011-3629,0.01018,0.38792
CVE-2011-3630,0.04836,0.88802
CVE-2011-3631,0.04836,0.88802
CVE-2011-3632,0.01034,0.39824
CVE-2011-3634,0.01018,0.38792
CVE-2011-3635,0.01319,0.70416
CVE-2011-3636,0.01055,0.50287
CVE-2011-3637,0.0095,0.30554
CVE-2011-3638,0.0095,0.30554
CVE-2011-3639,0.05476,0.89511
CVE-2011-3640,0.01108,0.53389
CVE-2011-3642,0.04179,0.85429
CVE-2011-3645,0.04187,0.86773
CVE-2011-3646,0.01319,0.70416
CVE-2011-3647,0.01213,0.6557
CVE-2011-3648,0.01213,0.6557
CVE-2011-3649,0.01213,0.6557
CVE-2011-3650,0.01213,0.6557
CVE-2011-3651,0.08228,0.93218
CVE-2011-3652,0.04291,0.87022
CVE-2011-3653,0.01213,0.6557
CVE-2011-3654,0.04291,0.87022
CVE-2011-3655,0.01213,0.6557
CVE-2011-3656,0.01055,0.50287
CVE-2011-3657,0.01136,0.57949
CVE-2011-3658,0.76282,0.99339
CVE-2011-3659,0.81563,0.9952
CVE-2011-3660,0.08228,0.93218
CVE-2011-3661,0.07544,0.92484
CVE-2011-3663,0.03407,0.83908
CVE-2011-3664,0.01408,0.72072
CVE-2011-3665,0.03779,0.84781
CVE-2011-3666,0.01213,0.6557
CVE-2011-3667,0.01213,0.6557
CVE-2011-3668,0.01136,0.57949
CVE-2011-3669,0.01136,0.57949
CVE-2011-3670,0.02172,0.79917
CVE-2011-3671,0.05206,0.89147
CVE-2011-3684,0.01055,0.50287
CVE-2011-3685,0.00885,0.26162
CVE-2011-3686,0.01055,0.50287
CVE-2011-3687,0.01055,0.50287
CVE-2011-3688,0.01055,0.50287
CVE-2011-3689,0.01055,0.50287
CVE-2011-3690,0.00885,0.26162
CVE-2011-3691,0.00885,0.26162
CVE-2011-3692,0.00885,0.26162
CVE-2011-3693,0.00885,0.26162
CVE-2011-3694,0.01055,0.50287
CVE-2011-3695,0.01136,0.57949
CVE-2011-3696,0.01136,0.57949
CVE-2011-3697,0.01136,0.57949
CVE-2011-3698,0.01136,0.57949
CVE-2011-3699,0.01136,0.57949
CVE-2011-3700,0.01136,0.57949
CVE-2011-3701,0.01136,0.57949
CVE-2011-3702,0.01136,0.57949
CVE-2011-3703,0.01136,0.57949
CVE-2011-3704,0.01136,0.57949
CVE-2011-3705,0.01136,0.57949
CVE-2011-3706,0.01136,0.57949
CVE-2011-3707,0.01136,0.57949
CVE-2011-3708,0.01136,0.57949
CVE-2011-3709,0.01136,0.57949
CVE-2011-3710,0.01136,0.57949
CVE-2011-3711,0.01136,0.57949
CVE-2011-3712,0.01136,0.57949
CVE-2011-3713,0.01319,0.70416
CVE-2011-3714,0.01136,0.57949
CVE-2011-3715,0.01136,0.57949
CVE-2011-3716,0.01136,0.57949
CVE-2011-3717,0.01136,0.57949
CVE-2011-3718,0.01136,0.57949
CVE-2011-3719,0.01136,0.57949
CVE-2011-3720,0.01213,0.6557
CVE-2011-3721,0.01136,0.57949
CVE-2011-3722,0.01136,0.57949
CVE-2011-3723,0.01136,0.57949
CVE-2011-3724,0.01136,0.57949
CVE-2011-3725,0.01136,0.57949
CVE-2011-3726,0.01136,0.57949
CVE-2011-3727,0.01974,0.7812
CVE-2011-3728,0.01136,0.57949
CVE-2011-3729,0.01136,0.57949
CVE-2011-3730,0.01136,0.57949
CVE-2011-3731,0.01136,0.57949
CVE-2011-3732,0.01136,0.57949
CVE-2011-3733,0.01136,0.57949
CVE-2011-3734,0.01136,0.57949
CVE-2011-3735,0.01136,0.57949
CVE-2011-3736,0.01136,0.57949
CVE-2011-3737,0.01136,0.57949
CVE-2011-3738,0.01136,0.57949
CVE-2011-3739,0.01136,0.57949
CVE-2011-3740,0.01136,0.57949
CVE-2011-3741,0.01136,0.57949
CVE-2011-3742,0.01136,0.57949
CVE-2011-3743,0.01136,0.57949
CVE-2011-3744,0.01136,0.57949
CVE-2011-3745,0.01136,0.57949
CVE-2011-3746,0.01136,0.57949
CVE-2011-3747,0.01136,0.57949
CVE-2011-3748,0.01136,0.57949
CVE-2011-3749,0.01136,0.57949
CVE-2011-3750,0.01136,0.57949
CVE-2011-3751,0.01136,0.57949
CVE-2011-3752,0.01136,0.57949
CVE-2011-3753,0.01136,0.57949
CVE-2011-3754,0.01136,0.57949
CVE-2011-3755,0.01213,0.6557
CVE-2011-3756,0.01136,0.57949
CVE-2011-3757,0.01136,0.57949
CVE-2011-3758,0.01136,0.57949
CVE-2011-3759,0.01136,0.57949
CVE-2011-3760,0.01213,0.6557
CVE-2011-3761,0.01213,0.6557
CVE-2011-3762,0.01213,0.6557
CVE-2011-3763,0.01213,0.6557
CVE-2011-3764,0.01213,0.6557
CVE-2011-3765,0.01213,0.6557
CVE-2011-3766,0.01213,0.6557
CVE-2011-3767,0.01213,0.6557
CVE-2011-3768,0.01213,0.6557
CVE-2011-3769,0.01213,0.6557
CVE-2011-3770,0.01213,0.6557
CVE-2011-3771,0.01213,0.6557
CVE-2011-3772,0.01136,0.57949
CVE-2011-3773,0.01213,0.6557
CVE-2011-3774,0.01213,0.6557
CVE-2011-3775,0.01213,0.6557
CVE-2011-3776,0.01213,0.6557
CVE-2011-3777,0.01213,0.6557
CVE-2011-3778,0.01213,0.6557
CVE-2011-3779,0.01136,0.57949
CVE-2011-3780,0.01136,0.57949
CVE-2011-3781,0.01136,0.57949
CVE-2011-3782,0.01136,0.57949
CVE-2011-3783,0.01136,0.57949
CVE-2011-3784,0.01136,0.57949
CVE-2011-3785,0.01136,0.57949
CVE-2011-3786,0.01136,0.57949
CVE-2011-3787,0.01136,0.57949
CVE-2011-3788,0.01136,0.57949
CVE-2011-3789,0.01136,0.57949
CVE-2011-3790,0.01136,0.57949
CVE-2011-3791,0.01136,0.57949
CVE-2011-3792,0.01136,0.57949
CVE-2011-3793,0.01136,0.57949
CVE-2011-3794,0.01136,0.57949
CVE-2011-3795,0.01136,0.57949
CVE-2011-3796,0.01136,0.57949
CVE-2011-3797,0.01136,0.57949
CVE-2011-3798,0.01136,0.57949
CVE-2011-3799,0.01136,0.57949
CVE-2011-3800,0.01136,0.57949
CVE-2011-3801,0.01136,0.57949
CVE-2011-3802,0.01136,0.57949
CVE-2011-3803,0.01136,0.57949
CVE-2011-3804,0.01136,0.57949
CVE-2011-3805,0.01136,0.57949
CVE-2011-3806,0.01136,0.57949
CVE-2011-3807,0.01136,0.57949
CVE-2011-3808,0.01136,0.57949
CVE-2011-3809,0.01136,0.57949
CVE-2011-3810,0.01136,0.57949
CVE-2011-3811,0.01136,0.57949
CVE-2011-3812,0.01136,0.57949
CVE-2011-3813,0.01136,0.57949
CVE-2011-3814,0.01213,0.6557
CVE-2011-3815,0.01136,0.57949
CVE-2011-3816,0.01136,0.57949
CVE-2011-3817,0.01136,0.57949
CVE-2011-3818,0.01136,0.57949
CVE-2011-3819,0.01136,0.57949
CVE-2011-3820,0.01136,0.57949
CVE-2011-3821,0.01136,0.57949
CVE-2011-3822,0.01136,0.57949
CVE-2011-3823,0.01136,0.57949
CVE-2011-3824,0.01136,0.57949
CVE-2011-3825,0.01136,0.57949
CVE-2011-3826,0.01136,0.57949
CVE-2011-3827,0.01213,0.6557
CVE-2011-3828,0.04522,0.88274
CVE-2011-3829,0.01232,0.66248
CVE-2011-3830,0.01213,0.6557
CVE-2011-3831,0.01319,0.70416
CVE-2011-3832,0.01132,0.54372
CVE-2011-3833,0.01815,0.76117
CVE-2011-3834,0.06309,0.90494
CVE-2011-3835,0.03932,0.8519
CVE-2011-3836,0.01213,0.6557
CVE-2011-3837,0.01213,0.6557
CVE-2011-3838,0.01408,0.72072
CVE-2011-3839,0.01213,0.6557
CVE-2011-3841,0.01213,0.6557
CVE-2011-3844,0.01213,0.6557
CVE-2011-3845,0.04209,0.86774
CVE-2011-3846,0.01055,0.50287
CVE-2011-3848,0.01319,0.70416
CVE-2011-3849,0.01055,0.50287
CVE-2011-3850,0.01917,0.77071
CVE-2011-3851,0.01055,0.50287
CVE-2011-3852,0.01917,0.77071
CVE-2011-3853,0.01055,0.50287
CVE-2011-3854,0.01055,0.50287
CVE-2011-3855,0.01917,0.77071
CVE-2011-3856,0.01917,0.77071
CVE-2011-3857,0.01055,0.50287
CVE-2011-3858,0.01917,0.77071
CVE-2011-3859,0.01917,0.77071
CVE-2011-3860,0.01917,0.77071
CVE-2011-3861,0.01917,0.77071
CVE-2011-3862,0.01917,0.77071
CVE-2011-3863,0.01917,0.77071
CVE-2011-3864,0.01055,0.50287
CVE-2011-3865,0.01917,0.77071
CVE-2011-3866,0.01213,0.6557
CVE-2011-3868,0.07777,0.92953
CVE-2011-3869,0.01282,0.67298
CVE-2011-3870,0.01282,0.67298
CVE-2011-3871,0.01282,0.67298
CVE-2011-3872,0.02172,0.79917
CVE-2011-3873,0.04146,0.85406
CVE-2011-3874,0.06309,0.90494
CVE-2011-3875,0.01213,0.6557
CVE-2011-3876,0.01018,0.38792
CVE-2011-3877,0.01213,0.6557
CVE-2011-3878,0.01213,0.6557
CVE-2011-3879,0.01018,0.38792
CVE-2011-3880,0.01018,0.38792
CVE-2011-3881,0.03407,0.83908
CVE-2011-3882,0.01213,0.6557
CVE-2011-3883,0.01213,0.6557
CVE-2011-3884,0.01213,0.6557
CVE-2011-3885,0.03779,0.84781
CVE-2011-3886,0.01213,0.6557
CVE-2011-3887,0.01974,0.7812
CVE-2011-3888,0.01955,0.77585
CVE-2011-3889,0.01213,0.6557
CVE-2011-3890,0.01213,0.6557
CVE-2011-3891,0.01213,0.6557
CVE-2011-3892,0.01408,0.72072
CVE-2011-3893,0.01319,0.70416
CVE-2011-3894,0.01213,0.6557
CVE-2011-3895,0.01974,0.7812
CVE-2011-3896,0.01213,0.6557
CVE-2011-3897,0.01955,0.77585
CVE-2011-3898,0.06523,0.90962
CVE-2011-3900,0.01213,0.6557
CVE-2011-3901,0.00885,0.26162
CVE-2011-3903,0.01136,0.57949
CVE-2011-3904,0.01213,0.6557
CVE-2011-3905,0.01319,0.70416
CVE-2011-3906,0.01136,0.57949
CVE-2011-3907,0.01136,0.57949
CVE-2011-3908,0.02172,0.79917
CVE-2011-3909,0.02172,0.79917
CVE-2011-3910,0.01136,0.57949
CVE-2011-3911,0.01136,0.57949
CVE-2011-3912,0.01136,0.57949
CVE-2011-3913,0.01974,0.7812
CVE-2011-3914,0.01136,0.57949
CVE-2011-3915,0.01136,0.57949
CVE-2011-3916,0.01136,0.57949
CVE-2011-3917,0.01136,0.57949
CVE-2011-3918,0.02808,0.8233
CVE-2011-3919,0.03779,0.84781
CVE-2011-3921,0.01319,0.70416
CVE-2011-3922,0.01319,0.70416
CVE-2011-3923,0.87337,0.99739
CVE-2011-3924,0.02172,0.79917
CVE-2011-3925,0.01213,0.6557
CVE-2011-3926,0.02172,0.79917
CVE-2011-3927,0.01213,0.6557
CVE-2011-3928,0.02172,0.79917
CVE-2011-3929,0.04967,0.88981
CVE-2011-3934,0.01055,0.50287
CVE-2011-3935,0.01055,0.50287
CVE-2011-3936,0.01319,0.70416
CVE-2011-3937,0.01018,0.38792
CVE-2011-3940,0.01408,0.72072
CVE-2011-3941,0.01055,0.50287
CVE-2011-3944,0.01136,0.57949
CVE-2011-3945,0.04146,0.85406
CVE-2011-3946,0.01055,0.50287
CVE-2011-3947,0.04967,0.88981
CVE-2011-3949,0.01055,0.50287
CVE-2011-3950,0.01055,0.50287
CVE-2011-3951,0.04146,0.85406
CVE-2011-3952,0.04146,0.85406
CVE-2011-3953,0.0089,0.2856
CVE-2011-3954,0.01136,0.57949
CVE-2011-3955,0.01136,0.57949
CVE-2011-3956,0.01136,0.57949
CVE-2011-3957,0.01136,0.57949
CVE-2011-3958,0.01776,0.75902
CVE-2011-3959,0.01136,0.57949
CVE-2011-3960,0.01136,0.57949
CVE-2011-3961,0.06523,0.90962
CVE-2011-3962,0.01136,0.57949
CVE-2011-3963,0.01136,0.57949
CVE-2011-3964,0.01136,0.57949
CVE-2011-3965,0.01136,0.57949
CVE-2011-3966,0.01974,0.7812
CVE-2011-3967,0.01136,0.57949
CVE-2011-3968,0.01776,0.75902
CVE-2011-3969,0.01776,0.75902
CVE-2011-3970,0.01213,0.6557
CVE-2011-3971,0.01776,0.75902
CVE-2011-3972,0.01136,0.57949
CVE-2011-3973,0.01319,0.70416
CVE-2011-3974,0.01319,0.70416
CVE-2011-3975,0.01213,0.6557
CVE-2011-3976,0.59391,0.98823
CVE-2011-3977,0.0095,0.30554
CVE-2011-3978,0.01232,0.66248
CVE-2011-3979,0.03129,0.8316
CVE-2011-3980,0.01136,0.57949
CVE-2011-3981,0.04482,0.88223
CVE-2011-3982,0.01104,0.52279
CVE-2011-3983,0.01136,0.57949
CVE-2011-3984,0.01213,0.6557
CVE-2011-3985,0.01055,0.50287
CVE-2011-3986,0.01055,0.50287
CVE-2011-3987,0.01034,0.39824
CVE-2011-3988,0.01974,0.7812
CVE-2011-3989,0.01213,0.6557
CVE-2011-3990,0.01136,0.57949
CVE-2011-3991,0.02003,0.78466
CVE-2011-3992,0.04291,0.87022
CVE-2011-3993,0.01061,0.51015
CVE-2011-3994,0.01136,0.57949
CVE-2011-3995,0.01136,0.57949
CVE-2011-3996,0.01319,0.70416
CVE-2011-3997,0.01055,0.50287
CVE-2011-3998,0.01055,0.50287
CVE-2011-3999,0.01055,0.50287
CVE-2011-4000,0.06309,0.90494
CVE-2011-4001,0.01055,0.50287
CVE-2011-4002,0.01055,0.50287
CVE-2011-4004,0.03696,0.84331
CVE-2011-4005,0.01213,0.6557
CVE-2011-4006,0.01055,0.50287
CVE-2011-4007,0.01055,0.50287
CVE-2011-4012,0.00885,0.26162
CVE-2011-4014,0.01055,0.50287
CVE-2011-4015,0.01055,0.50287
CVE-2011-4016,0.01055,0.50287
CVE-2011-4019,0.01055,0.50287
CVE-2011-4022,0.01055,0.50287
CVE-2011-4023,0.01055,0.50287
CVE-2011-4024,0.03129,0.8316
CVE-2011-4026,0.00986,0.35784
CVE-2011-4028,0.0095,0.30554
CVE-2011-4029,0.01592,0.74578
CVE-2011-4030,0.01213,0.6557
CVE-2011-4031,0.06309,0.90494
CVE-2011-4033,0.01136,0.57949
CVE-2011-4034,0.04146,0.85406
CVE-2011-4035,0.01213,0.6557
CVE-2011-4036,0.01136,0.57949
CVE-2011-4037,0.06523,0.90962
CVE-2011-4038,0.01213,0.6557
CVE-2011-4039,0.06309,0.90494
CVE-2011-4040,0.58596,0.9881
CVE-2011-4041,0.15607,0.95873
CVE-2011-4042,0.06309,0.90494
CVE-2011-4043,0.06309,0.90494
CVE-2011-4044,0.67856,0.99055
CVE-2011-4045,0.01136,0.57949
CVE-2011-4046,0.00885,0.26162
CVE-2011-4047,0.01055,0.50287
CVE-2011-4048,0.01055,0.50287
CVE-2011-4050,0.28315,0.97163
CVE-2011-4051,0.8159,0.99521
CVE-2011-4052,0.06523,0.90962
CVE-2011-4053,0.00885,0.26162
CVE-2011-4054,0.01055,0.50287
CVE-2011-4055,0.06309,0.90494
CVE-2011-4056,0.01055,0.50287
CVE-2011-4057,0.01319,0.70416
CVE-2011-4060,0.01104,0.52279
CVE-2011-4061,0.01034,0.39824
CVE-2011-4062,0.01282,0.67298
CVE-2011-4063,0.02428,0.80788
CVE-2011-4064,0.01408,0.72072
CVE-2011-4066,0.00986,0.35784
CVE-2011-4068,0.01055,0.50287
CVE-2011-4069,0.01055,0.50287
CVE-2011-4073,0.01315,0.67456
CVE-2011-4074,0.01776,0.75902
CVE-2011-4075,0.81553,0.99519
CVE-2011-4076,0.01018,0.38792
CVE-2011-4077,0.01755,0.75287
CVE-2011-4078,0.01319,0.70416
CVE-2011-4079,0.02172,0.79917
CVE-2011-4080,0.0095,0.30554
CVE-2011-4081,0.0095,0.30554
CVE-2011-4082,0.01136,0.57949
CVE-2011-4083,0.01055,0.50287
CVE-2011-4085,0.02172,0.79917
CVE-2011-4086,0.01282,0.67298
CVE-2011-4087,0.01213,0.6557
CVE-2011-4088,0.00885,0.26162
CVE-2011-4089,0.02515,0.81066
CVE-2011-4090,0.02173,0.80027
CVE-2011-4091,0.01319,0.70416
CVE-2011-4092,0.01136,0.57949
CVE-2011-4093,0.01319,0.70416
CVE-2011-4094,0.01564,0.74439
CVE-2011-4095,0.02173,0.80027
CVE-2011-4096,0.02172,0.79917
CVE-2011-4097,0.0095,0.30554
CVE-2011-4098,0.0095,0.30554
CVE-2011-4099,0.0089,0.2856
CVE-2011-4100,0.02172,0.79917
CVE-2011-4101,0.01955,0.77585
CVE-2011-4102,0.03407,0.83908
CVE-2011-4103,0.01213,0.6557
CVE-2011-4104,0.01213,0.6557
CVE-2011-4105,0.0095,0.30554
CVE-2011-4106,0.18935,0.96154
CVE-2011-4108,0.07559,0.92528
CVE-2011-4109,0.06584,0.90986
CVE-2011-4110,0.01282,0.67298
CVE-2011-4111,0.04291,0.87022
CVE-2011-4112,0.01034,0.39824
CVE-2011-4113,0.01974,0.7812
CVE-2011-4114,0.01034,0.39824
CVE-2011-4115,0.00954,0.34522
CVE-2011-4116,0.01018,0.38792
CVE-2011-4117,0.00954,0.34522
CVE-2011-4118,0.01315,0.67456
CVE-2011-4119,0.00954,0.34522
CVE-2011-4120,0.01213,0.6557
CVE-2011-4121,0.01213,0.6557
CVE-2011-4122,0.0322,0.83442
CVE-2011-4124,0.01018,0.38792
CVE-2011-4125,0.01018,0.38792
CVE-2011-4126,0.01018,0.38792
CVE-2011-4127,0.01282,0.67298
CVE-2011-4128,0.02686,0.82061
CVE-2011-4129,0.01213,0.6557
CVE-2011-4130,0.05302,0.89375
CVE-2011-4131,0.01537,0.73595
CVE-2011-4132,0.01282,0.67298
CVE-2011-4133,0.01136,0.57949
CVE-2011-4134,0.06523,0.90962
CVE-2011-4135,0.07777,0.92953
CVE-2011-4136,0.01408,0.72072
CVE-2011-4137,0.01974,0.7812
CVE-2011-4138,0.01408,0.72072
CVE-2011-4139,0.01408,0.72072
CVE-2011-4140,0.01408,0.72072
CVE-2011-4141,0.01018,0.38792
CVE-2011-4142,0.00885,0.26162
CVE-2011-4143,0.01055,0.50287
CVE-2011-4144,0.00885,0.26162
CVE-2011-4151,0.01136,0.57949
CVE-2011-4153,0.02172,0.79917
CVE-2011-4155,0.01136,0.57949
CVE-2011-4156,0.01136,0.57949
CVE-2011-4157,0.25374,0.96854
CVE-2011-4158,0.01061,0.51015
CVE-2011-4159,0.0089,0.2856
CVE-2011-4160,0.0095,0.30554
CVE-2011-4161,0.33866,0.97595
CVE-2011-4162,0.15563,0.95788
CVE-2011-4163,0.25143,0.96828
CVE-2011-4164,0.25143,0.96828
CVE-2011-4165,0.25143,0.96828
CVE-2011-4166,0.76615,0.99356
CVE-2011-4167,0.25143,0.96828
CVE-2011-4168,0.01136,0.57949
CVE-2011-4169,0.01055,0.50287
CVE-2011-4170,0.01055,0.50287
CVE-2011-4171,0.01319,0.70416
CVE-2011-4172,0.01055,0.50287
CVE-2011-4173,0.01213,0.6557
CVE-2011-4181,0.01055,0.50287
CVE-2011-4182,0.0144,0.7265
CVE-2011-4183,0.01055,0.50287
CVE-2011-4185,0.07069,0.91907
CVE-2011-4186,0.07349,0.92237
CVE-2011-4187,0.08754,0.93656
CVE-2011-4188,0.01132,0.54372
CVE-2011-4189,0.16668,0.95965
CVE-2011-4190,0.00885,0.26162
CVE-2011-4191,0.06211,0.90307
CVE-2011-4192,0.00885,0.26162
CVE-2011-4193,0.01055,0.50287
CVE-2011-4194,0.10216,0.94359
CVE-2011-4195,0.00954,0.34522
CVE-2011-4197,0.01408,0.72072
CVE-2011-4201,0.01055,0.50287
CVE-2011-4202,0.00885,0.26162
CVE-2011-4203,0.01055,0.50287
CVE-2011-4211,0.0095,0.30554
CVE-2011-4212,0.0089,0.2856
CVE-2011-4213,0.0089,0.2856
CVE-2011-4214,0.01136,0.57949
CVE-2011-4215,0.01136,0.57949
CVE-2011-4216,0.0372,0.84362
CVE-2011-4217,0.03184,0.83308
CVE-2011-4218,0.0372,0.84362
CVE-2011-4219,0.0372,0.84362
CVE-2011-4220,0.03184,0.83308
CVE-2011-4221,0.0372,0.84362
CVE-2011-4222,0.0372,0.84362
CVE-2011-4223,0.0372,0.84362
CVE-2011-4231,0.01055,0.50287
CVE-2011-4232,0.01055,0.50287
CVE-2011-4237,0.01136,0.57949
CVE-2011-4244,0.03696,0.84331
CVE-2011-4245,0.03696,0.84331
CVE-2011-4246,0.03696,0.84331
CVE-2011-4247,0.03184,0.83308
CVE-2011-4248,0.03184,0.83308
CVE-2011-4249,0.03696,0.84331
CVE-2011-4250,0.03696,0.84331
CVE-2011-4251,0.03184,0.83308
CVE-2011-4252,0.03184,0.83308
CVE-2011-4253,0.03696,0.84331
CVE-2011-4254,0.03696,0.84331
CVE-2011-4255,0.03696,0.84331
CVE-2011-4256,0.03696,0.84331
CVE-2011-4257,0.03184,0.83308
CVE-2011-4258,0.03184,0.83308
CVE-2011-4259,0.03184,0.83308
CVE-2011-4260,0.03184,0.83308
CVE-2011-4261,0.03184,0.83308
CVE-2011-4262,0.03184,0.83308
CVE-2011-4263,0.01055,0.50287
CVE-2011-4264,0.01055,0.50287
CVE-2011-4265,0.01055,0.50287
CVE-2011-4266,0.00954,0.34522
CVE-2011-4273,0.01917,0.77071
CVE-2011-4274,0.01136,0.57949
CVE-2011-4275,0.01136,0.57949
CVE-2011-4276,0.01055,0.50287
CVE-2011-4277,0.01055,0.50287
CVE-2011-4278,0.01136,0.57949
CVE-2011-4279,0.01136,0.57949
CVE-2011-4280,0.01962,0.77634
CVE-2011-4281,0.01136,0.57949
CVE-2011-4282,0.01136,0.57949
CVE-2011-4283,0.01136,0.57949
CVE-2011-4284,0.01136,0.57949
CVE-2011-4285,0.01061,0.51015
CVE-2011-4286,0.01136,0.57949
CVE-2011-4287,0.01136,0.57949
CVE-2011-4288,0.01061,0.51015
CVE-2011-4289,0.01061,0.51015
CVE-2011-4290,0.01136,0.57949
CVE-2011-4291,0.01061,0.51015
CVE-2011-4292,0.01061,0.51015
CVE-2011-4293,0.01136,0.57949
CVE-2011-4294,0.00954,0.34522
CVE-2011-4295,0.01061,0.51015
CVE-2011-4296,0.01061,0.51015
CVE-2011-4297,0.01136,0.57949
CVE-2011-4298,0.01136,0.57949
CVE-2011-4299,0.01136,0.57949
CVE-2011-4300,0.01136,0.57949
CVE-2011-4301,0.01136,0.57949
CVE-2011-4302,0.01136,0.57949
CVE-2011-4303,0.01136,0.57949
CVE-2011-4304,0.01061,0.51015
CVE-2011-4305,0.01061,0.51015
CVE-2011-4306,0.01136,0.57949
CVE-2011-4307,0.01136,0.57949
CVE-2011-4308,0.01132,0.54372
CVE-2011-4309,0.01136,0.57949
CVE-2011-4310,0.01055,0.50287
CVE-2011-4311,0.01136,0.57949
CVE-2011-4312,0.01776,0.75902
CVE-2011-4313,0.26383,0.96972
CVE-2011-4314,0.02172,0.79917
CVE-2011-4315,0.01537,0.73595
CVE-2011-4316,0.0095,0.30554
CVE-2011-4318,0.01537,0.73595
CVE-2011-4319,0.01776,0.75902
CVE-2011-4320,0.01232,0.66248
CVE-2011-4321,0.01055,0.50287
CVE-2011-4322,0.00885,0.26162
CVE-2011-4324,0.0095,0.30554
CVE-2011-4325,0.0095,0.30554
CVE-2011-4326,0.01408,0.72072
CVE-2011-4327,0.00885,0.26162
CVE-2011-4328,0.01282,0.67298
CVE-2011-4329,0.01213,0.6557
CVE-2011-4330,0.01755,0.75287
CVE-2011-4332,0.01213,0.6557
CVE-2011-4333,0.01055,0.50287
CVE-2011-4334,0.01055,0.50287
CVE-2011-4335,0.01917,0.77071
CVE-2011-4336,0.02173,0.80027
CVE-2011-4337,0.01213,0.6557
CVE-2011-4338,0.00885,0.26162
CVE-2011-4339,0.01547,0.74085
CVE-2011-4340,0.04263,0.86866
CVE-2011-4341,0.04386,0.87542
CVE-2011-4342,0.1192,0.9496
CVE-2011-4343,0.01136,0.57949
CVE-2011-4344,0.01319,0.70416
CVE-2011-4345,0.01319,0.70416
CVE-2011-4346,0.01132,0.54372
CVE-2011-4347,0.01018,0.38792
CVE-2011-4348,0.01213,0.6557
CVE-2011-4349,0.01282,0.67298
CVE-2011-4350,0.16988,0.95994
CVE-2011-4351,0.05822,0.89998
CVE-2011-4352,0.06604,0.91138
CVE-2011-4353,0.01955,0.77585
CVE-2011-4354,0.01408,0.72072
CVE-2011-4355,0.0095,0.30554
CVE-2011-4356,0.0095,0.30554
CVE-2011-4357,0.05139,0.89128
CVE-2011-4358,0.01136,0.57949
CVE-2011-4360,0.01319,0.70416
CVE-2011-4361,0.01319,0.70416
CVE-2011-4362,0.12567,0.95329
CVE-2011-4363,0.01104,0.52279
CVE-2011-4364,0.06604,0.91138
CVE-2011-4367,0.32638,0.97518
CVE-2011-4368,0.01055,0.50287
CVE-2011-4369,0.09142,0.93866
CVE-2011-4370,0.03444,0.84021
CVE-2011-4371,0.03444,0.84021
CVE-2011-4372,0.03043,0.82922
CVE-2011-4373,0.03043,0.82922
CVE-2011-4374,0.03785,0.84781
CVE-2011-4403,0.08382,0.93597
CVE-2011-4404,0.48181,0.98489
CVE-2011-4405,0.06523,0.90962
CVE-2011-4406,0.0089,0.2856
CVE-2011-4407,0.00885,0.26162
CVE-2011-4408,0.01213,0.6557
CVE-2011-4409,0.01319,0.70416
CVE-2011-4415,0.01164,0.60046
CVE-2011-4431,0.04187,0.86773
CVE-2011-4432,0.00885,0.26162
CVE-2011-4434,0.01509,0.72765
CVE-2011-4435,0.01136,0.57949
CVE-2011-4436,0.01055,0.50287
CVE-2011-4447,0.01018,0.38792
CVE-2011-4448,0.01055,0.50287
CVE-2011-4449,0.04979,0.88995
CVE-2011-4450,0.01055,0.50287
CVE-2011-4451,0.30037,0.97372
CVE-2011-4452,0.01213,0.6557
CVE-2011-4453,0.79698,0.99475
CVE-2011-4454,0.01055,0.50287
CVE-2011-4455,0.01055,0.50287
CVE-2011-4457,0.01055,0.50287
CVE-2011-4458,0.06523,0.90962
CVE-2011-4459,0.01132,0.54372
CVE-2011-4460,0.01232,0.66248
CVE-2011-4461,0.03779,0.84781
CVE-2011-4462,0.01319,0.70416
CVE-2011-4465,0.01136,0.57949
CVE-2011-4486,0.01055,0.50287
CVE-2011-4487,0.01055,0.50287
CVE-2011-4496,0.03696,0.84331
CVE-2011-4497,0.01055,0.50287
CVE-2011-4498,0.01055,0.50287
CVE-2011-4499,0.01055,0.50287
CVE-2011-4500,0.01055,0.50287
CVE-2011-4501,0.01136,0.57949
CVE-2011-4502,0.01136,0.57949
CVE-2011-4503,0.01055,0.50287
CVE-2011-4504,0.01055,0.50287
CVE-2011-4505,0.01055,0.50287
CVE-2011-4506,0.01055,0.50287
CVE-2011-4507,0.01055,0.50287
CVE-2011-4508,0.01055,0.50287
CVE-2011-4509,0.01055,0.50287
CVE-2011-4510,0.01055,0.50287
CVE-2011-4511,0.01055,0.50287
CVE-2011-4512,0.01055,0.50287
CVE-2011-4513,0.04679,0.88603
CVE-2011-4514,0.01055,0.50287
CVE-2011-4515,0.00885,0.26162
CVE-2011-4516,0.06604,0.91138
CVE-2011-4517,0.06604,0.91138
CVE-2011-4518,0.01055,0.50287
CVE-2011-4519,0.01055,0.50287
CVE-2011-4520,0.01055,0.50287
CVE-2011-4521,0.01055,0.50287
CVE-2011-4522,0.01055,0.50287
CVE-2011-4523,0.01055,0.50287
CVE-2011-4524,0.04679,0.88603
CVE-2011-4525,0.01055,0.50287
CVE-2011-4526,0.04679,0.88603
CVE-2011-4528,0.01108,0.53389
CVE-2011-4529,0.06523,0.90962
CVE-2011-4530,0.01213,0.6557
CVE-2011-4531,0.01213,0.6557
CVE-2011-4532,0.01213,0.6557
CVE-2011-4533,0.04465,0.87733
CVE-2011-4534,0.04465,0.87733
CVE-2011-4535,0.65009,0.98979
CVE-2011-4536,0.07777,0.92953
CVE-2011-4537,0.04291,0.87022
CVE-2011-4538,0.00885,0.26162
CVE-2011-4539,0.23599,0.96561
CVE-2011-4540,0.02945,0.82784
CVE-2011-4541,0.01917,0.77071
CVE-2011-4542,0.7179,0.99162
CVE-2011-4543,0.01136,0.57949
CVE-2011-4544,0.01917,0.77071
CVE-2011-4545,0.04187,0.86773
CVE-2011-4547,0.01136,0.57949
CVE-2011-4548,0.00954,0.34522
CVE-2011-4551,0.01953,0.77242
CVE-2011-4552,0.01055,0.50287
CVE-2011-4553,0.01055,0.50287
CVE-2011-4554,0.01055,0.50287
CVE-2011-4555,0.01055,0.50287
CVE-2011-4558,0.07308,0.9216
CVE-2011-4559,0.01139,0.58345
CVE-2011-4560,0.01132,0.54372
CVE-2011-4561,0.01917,0.77071
CVE-2011-4562,0.01408,0.72072
CVE-2011-4563,0.01136,0.57949
CVE-2011-4564,0.01917,0.77071
CVE-2011-4565,0.01319,0.70416
CVE-2011-4566,0.03779,0.84781
CVE-2011-4567,0.01917,0.77071
CVE-2011-4568,0.01213,0.6557
CVE-2011-4569,0.00986,0.35784
CVE-2011-4570,0.00986,0.35784
CVE-2011-4571,0.00986,0.35784
CVE-2011-4572,0.01917,0.77071
CVE-2011-4573,0.01055,0.50287
CVE-2011-4574,0.00885,0.26162
CVE-2011-4575,0.03407,0.83908
CVE-2011-4576,0.07559,0.92528
CVE-2011-4577,0.06584,0.90986
CVE-2011-4578,0.01592,0.74578
CVE-2011-4579,0.01955,0.77585
CVE-2011-4580,0.01055,0.50287
CVE-2011-4581,0.01061,0.51015
CVE-2011-4582,0.01061,0.51015
CVE-2011-4583,0.01061,0.51015
CVE-2011-4584,0.01132,0.54372
CVE-2011-4585,0.01213,0.6557
CVE-2011-4586,0.01213,0.6557
CVE-2011-4587,0.01213,0.6557
CVE-2011-4588,0.01213,0.6557
CVE-2011-4589,0.01061,0.51015
CVE-2011-4590,0.01061,0.51015
CVE-2011-4591,0.01136,0.57949
CVE-2011-4592,0.01136,0.57949
CVE-2011-4593,0.01061,0.51015
CVE-2011-4594,0.0095,0.30554
CVE-2011-4595,0.02173,0.80027
CVE-2011-4596,0.01132,0.54372
CVE-2011-4597,0.01408,0.72072
CVE-2011-4598,0.01319,0.70416
CVE-2011-4599,0.12248,0.95092
CVE-2011-4600,0.01213,0.6557
CVE-2011-4601,0.03779,0.84781
CVE-2011-4602,0.01408,0.72072
CVE-2011-4603,0.01408,0.72072
CVE-2011-4604,0.01319,0.70416
CVE-2011-4605,0.03779,0.84781
CVE-2011-4606,0.0095,0.30554
CVE-2011-4607,0.0089,0.2856
CVE-2011-4608,0.02172,0.79917
CVE-2011-4609,0.01055,0.50287
CVE-2011-4610,0.01974,0.7812
CVE-2011-4611,0.0095,0.30554
CVE-2011-4612,0.01213,0.6557
CVE-2011-4613,0.0089,0.2856
CVE-2011-4614,0.04482,0.88223
CVE-2011-4615,0.01408,0.72072
CVE-2011-4616,0.01776,0.75902
CVE-2011-4617,0.01034,0.39824
CVE-2011-4619,0.07559,0.92528
CVE-2011-4620,0.19528,0.96205
CVE-2011-4621,0.0095,0.30554
CVE-2011-4622,0.01104,0.52279
CVE-2011-4623,0.01282,0.67298
CVE-2011-4625,0.01055,0.50287
CVE-2011-4626,0.01055,0.50287
CVE-2011-4627,0.00885,0.26162
CVE-2011-4628,0.01055,0.50287
CVE-2011-4629,0.01055,0.50287
CVE-2011-4630,0.01055,0.50287
CVE-2011-4631,0.01055,0.50287
CVE-2011-4632,0.01055,0.50287
CVE-2011-4634,0.01319,0.70416
CVE-2011-4638,0.01055,0.50287
CVE-2011-4639,0.01055,0.50287
CVE-2011-4640,0.05808,0.89942
CVE-2011-4642,0.32218,0.97492
CVE-2011-4643,0.01232,0.66248
CVE-2011-4644,0.01136,0.57949
CVE-2011-4646,0.01132,0.54372
CVE-2011-4647,0.01213,0.6557
CVE-2011-4650,0.00885,0.26162
CVE-2011-4659,0.01055,0.50287
CVE-2011-4661,0.00885,0.26162
CVE-2011-4667,0.01055,0.50287
CVE-2011-4668,0.07777,0.92953
CVE-2011-4669,0.01213,0.6557
CVE-2011-4670,0.04894,0.88891
CVE-2011-4671,0.00986,0.35784
CVE-2011-4672,0.00986,0.35784
CVE-2011-4673,0.00986,0.35784
CVE-2011-4674,0.00986,0.35784
CVE-2011-4675,0.01136,0.57949
CVE-2011-4677,0.01055,0.50287
CVE-2011-4678,0.01055,0.50287
CVE-2011-4679,0.01061,0.51015
CVE-2011-4680,0.01055,0.50287
CVE-2011-4681,0.01213,0.6557
CVE-2011-4682,0.01213,0.6557
CVE-2011-4683,0.00954,0.34522
CVE-2011-4684,0.04187,0.86773
CVE-2011-4685,0.01136,0.57949
CVE-2011-4686,0.01136,0.57949
CVE-2011-4687,0.01136,0.57949
CVE-2011-4688,0.01136,0.57949
CVE-2011-4689,0.25802,0.96904
CVE-2011-4690,0.01055,0.50287
CVE-2011-4691,0.01136,0.57949
CVE-2011-4692,0.01136,0.57949
CVE-2011-4693,0.07525,0.92398
CVE-2011-4694,0.07525,0.92398
CVE-2011-4695,0.01545,0.73599
CVE-2011-4696,0.00954,0.34522
CVE-2011-4697,0.01055,0.50287
CVE-2011-4698,0.01055,0.50287
CVE-2011-4699,0.01055,0.50287
CVE-2011-4700,0.01055,0.50287
CVE-2011-4701,0.01055,0.50287
CVE-2011-4702,0.01055,0.50287
CVE-2011-4703,0.01055,0.50287
CVE-2011-4704,0.01055,0.50287
CVE-2011-4705,0.01055,0.50287
CVE-2011-4707,0.01213,0.6557
CVE-2011-4708,0.01055,0.50287
CVE-2011-4709,0.02945,0.82784
CVE-2011-4710,0.00986,0.35784
CVE-2011-4711,0.01055,0.50287
CVE-2011-4712,0.04187,0.86773
CVE-2011-4713,0.0679,0.91793
CVE-2011-4714,0.0679,0.91793
CVE-2011-4715,0.10995,0.94626999999999994
CVE-2011-4716,0.04187,0.86773
CVE-2011-4717,0.04187,0.86773
CVE-2011-4718,0.01213,0.6557
CVE-2011-4719,0.00885,0.26162
CVE-2011-4720,0.07584,0.92581
CVE-2011-4722,0.81089,0.99505999999999994
CVE-2011-4723,0.00885,0.26162
CVE-2011-4725,0.01055,0.50287
CVE-2011-4726,0.01055,0.50287
CVE-2011-4727,0.01055,0.50287
CVE-2011-4728,0.01055,0.50287
CVE-2011-4729,0.01055,0.50287
CVE-2011-4730,0.01055,0.50287
CVE-2011-4731,0.01055,0.50287
CVE-2011-4732,0.01055,0.50287
CVE-2011-4733,0.01055,0.50287
CVE-2011-4734,0.01055,0.50287
CVE-2011-4735,0.01136,0.57949
CVE-2011-4736,0.01055,0.50287
CVE-2011-4737,0.01055,0.50287
CVE-2011-4738,0.01055,0.50287
CVE-2011-4739,0.01055,0.50287
CVE-2011-4740,0.01055,0.50287
CVE-2011-4741,0.01055,0.50287
CVE-2011-4742,0.01055,0.50287
CVE-2011-4743,0.01055,0.50287
CVE-2011-4744,0.01055,0.50287
CVE-2011-4745,0.01055,0.50287
CVE-2011-4746,0.01055,0.50287
CVE-2011-4747,0.01055,0.50287
CVE-2011-4748,0.01055,0.50287
CVE-2011-4749,0.01055,0.50287
CVE-2011-4750,0.01055,0.50287
CVE-2011-4751,0.01055,0.50287
CVE-2011-4752,0.01055,0.50287
CVE-2011-4753,0.01055,0.50287
CVE-2011-4754,0.01055,0.50287
CVE-2011-4755,0.01055,0.50287
CVE-2011-4756,0.01055,0.50287
CVE-2011-4757,0.01055,0.50287
CVE-2011-4758,0.01055,0.50287
CVE-2011-4759,0.01055,0.50287
CVE-2011-4760,0.01055,0.50287
CVE-2011-4761,0.01055,0.50287
CVE-2011-4762,0.01055,0.50287
CVE-2011-4763,0.01055,0.50287
CVE-2011-4764,0.01055,0.50287
CVE-2011-4765,0.01055,0.50287
CVE-2011-4766,0.01055,0.50287
CVE-2011-4767,0.01055,0.50287
CVE-2011-4768,0.01055,0.50287
CVE-2011-4769,0.01055,0.50287
CVE-2011-4770,0.01055,0.50287
CVE-2011-4771,0.01055,0.50287
CVE-2011-4772,0.01055,0.50287
CVE-2011-4773,0.01055,0.50287
CVE-2011-4776,0.01055,0.50287
CVE-2011-4777,0.01055,0.50287
CVE-2011-4778,0.01055,0.50287
CVE-2011-4780,0.01319,0.70416
CVE-2011-4782,0.01319,0.70416
CVE-2011-4783,0.06309,0.90494
CVE-2011-4784,0.0095,0.30554
CVE-2011-4785,0.01408,0.72072
CVE-2011-4786,0.76615,0.99356
CVE-2011-4787,0.01055,0.50287
CVE-2011-4788,0.01213,0.6557
CVE-2011-4789,0.83307,0.9957
CVE-2011-4790,0.25143,0.96828
CVE-2011-4791,0.25143,0.96828
CVE-2011-4800,0.04187,0.86773
CVE-2011-4801,0.00986,0.35784
CVE-2011-4802,0.04386,0.87542
CVE-2011-4803,0.00986,0.35784
CVE-2011-4804,0.04187,0.86773
CVE-2011-4805,0.01213,0.6557
CVE-2011-4806,0.01055,0.50287
CVE-2011-4807,0.01055,0.50287
CVE-2011-4808,0.01213,0.6557
CVE-2011-4809,0.01213,0.6557
CVE-2011-4810,0.04187,0.86773
CVE-2011-4811,0.01055,0.50287
CVE-2011-4812,0.01136,0.57949
CVE-2011-4813,0.04187,0.86773
CVE-2011-4814,0.03129,0.8316
CVE-2011-4815,0.02686,0.82061
CVE-2011-4816,0.01232,0.66248
CVE-2011-4817,0.01232,0.66248
CVE-2011-4818,0.01213,0.6557
CVE-2011-4819,0.01213,0.6557
CVE-2011-4820,0.01055,0.50287
CVE-2011-4821,0.01213,0.6557
CVE-2011-4822,0.01776,0.75902
CVE-2011-4823,0.00986,0.35784
CVE-2011-4824,0.02172,0.79917
CVE-2011-4825,0.81845,0.99527
CVE-2011-4826,0.01136,0.57949
CVE-2011-4827,0.01136,0.57949
CVE-2011-4828,0.79698,0.99475
CVE-2011-4829,0.01136,0.57949
CVE-2011-4830,0.01061,0.51015
CVE-2011-4831,0.04187,0.86773
CVE-2011-4832,0.04482,0.88223
CVE-2011-4833,0.04386,0.87542
CVE-2011-4834,0.01761,0.7555
CVE-2011-4835,0.01055,0.50287
CVE-2011-4836,0.01917,0.77071
CVE-2011-4837,0.01055,0.50287
CVE-2011-4838,0.01537,0.73595
CVE-2011-4847,0.01055,0.50287
CVE-2011-4848,0.01055,0.50287
CVE-2011-4849,0.01055,0.50287
CVE-2011-4850,0.01055,0.50287
CVE-2011-4851,0.01055,0.50287
CVE-2011-4852,0.01055,0.50287
CVE-2011-4853,0.01055,0.50287
CVE-2011-4854,0.01055,0.50287
CVE-2011-4855,0.01055,0.50287
CVE-2011-4856,0.01055,0.50287
CVE-2011-4857,0.06523,0.90962
CVE-2011-4858,0.07344,0.92237
CVE-2011-4859,0.01319,0.70416
CVE-2011-4860,0.01055,0.50287
CVE-2011-4861,0.01055,0.50287
CVE-2011-4863,0.01055,0.50287
CVE-2011-4864,0.01055,0.50287
CVE-2011-4865,0.01055,0.50287
CVE-2011-4866,0.01055,0.50287
CVE-2011-4867,0.01055,0.50287
CVE-2011-4868,0.01934,0.77134
CVE-2011-4869,0.01183,0.60428
CVE-2011-4870,0.04522,0.88274
CVE-2011-4871,0.04187,0.86773
CVE-2011-4872,0.01213,0.6557
CVE-2011-4873,0.01213,0.6557
CVE-2011-4874,0.04291,0.87022
CVE-2011-4875,0.07996,0.93017
CVE-2011-4876,0.01974,0.7812
CVE-2011-4877,0.01408,0.72072
CVE-2011-4878,0.01408,0.72072
CVE-2011-4879,0.01408,0.72072
CVE-2011-4880,0.01055,0.50287
CVE-2011-4881,0.01055,0.50287
CVE-2011-4882,0.01055,0.50287
CVE-2011-4883,0.01055,0.50287
CVE-2011-4885,0.12567,0.95329
CVE-2011-4887,0.01319,0.70416
CVE-2011-4889,0.01055,0.50287
CVE-2011-4890,0.01315,0.67456
CVE-2011-4894,0.01055,0.50287
CVE-2011-4895,0.01055,0.50287
CVE-2011-4896,0.01055,0.50287
CVE-2011-4897,0.01055,0.50287
CVE-2011-4898,0.01136,0.57949
CVE-2011-4899,0.06523,0.90962
CVE-2011-4900,0.00885,0.26162
CVE-2011-4901,0.01055,0.50287
CVE-2011-4902,0.01055,0.50287
CVE-2011-4903,0.01055,0.50287
CVE-2011-4904,0.01055,0.50287
CVE-2011-4905,0.02072,0.79023
CVE-2011-4906,0.1246,0.95137
CVE-2011-4907,0.00885,0.26162
CVE-2011-4908,0.7962,0.99468
CVE-2011-4909,0.02255,0.80558
CVE-2011-4910,0.01319,0.70416
CVE-2011-4911,0.01319,0.70416
CVE-2011-4912,0.00885,0.26162
CVE-2011-4913,0.01319,0.70416
CVE-2011-4914,0.01319,0.70416
CVE-2011-4915,0.01104,0.52279
CVE-2011-4916,0.00885,0.26162
CVE-2011-4917,0.00885,0.26162
CVE-2011-4918,0.02778,0.82209
CVE-2011-4920,0.01408,0.72072
CVE-2011-4921,0.01213,0.6557
CVE-2011-4922,0.0095,0.30554
CVE-2011-4923,0.01319,0.70416
CVE-2011-4924,0.01319,0.70416
CVE-2011-4925,0.01132,0.54372
CVE-2011-4927,0.01132,0.54372
CVE-2011-4928,0.01213,0.6557
CVE-2011-4929,0.75349,0.99297
CVE-2011-4930,0.01872,0.76301
CVE-2011-4931,0.00954,0.34522
CVE-2011-4932,0.08263,0.93269
CVE-2011-4937,0.01018,0.38792
CVE-2011-4938,0.01213,0.6557
CVE-2011-4939,0.01319,0.70416
CVE-2011-4940,0.01955,0.77585
CVE-2011-4941,0.06523,0.90962
CVE-2011-4942,0.01319,0.70416
CVE-2011-4943,0.01156,0.60033
CVE-2011-4944,0.01547,0.74085
CVE-2011-4945,0.01282,0.67298
CVE-2011-4946,0.01408,0.72072
CVE-2011-4947,0.01319,0.70416
CVE-2011-4948,0.01408,0.72072
CVE-2011-4949,0.01408,0.72072
CVE-2011-4950,0.01408,0.72072
CVE-2011-4951,0.01408,0.72072
CVE-2011-4952,0.01018,0.38792
CVE-2011-4953,0.0292,0.82516
CVE-2011-4954,0.0095,0.30554
CVE-2011-4955,0.01319,0.70416
CVE-2011-4956,0.01319,0.70416
CVE-2011-4957,0.01319,0.70416
CVE-2011-4958,0.03764,0.84396
CVE-2011-4959,0.01319,0.70416
CVE-2011-4960,0.01213,0.6557
CVE-2011-4961,0.01132,0.54372
CVE-2011-4962,0.06309,0.90494
CVE-2011-4963,0.01136,0.57949
CVE-2011-4966,0.01132,0.54372
CVE-2011-4967,0.01018,0.38792
CVE-2011-4968,0.01108,0.53389
CVE-2011-4969,0.03407,0.83908
CVE-2011-4970,0.01319,0.70416
CVE-2011-4971,0.40743,0.98116
CVE-2011-4972,0.01136,0.57949
CVE-2011-4973,0.01055,0.50287
CVE-2011-5000,0.01061,0.51015
CVE-2011-5001,0.73998,0.99259
CVE-2011-5002,0.07687,0.92751
CVE-2011-5003,0.73998,0.99259
CVE-2011-5004,0.05302,0.89375
CVE-2011-5005,0.05532,0.89536
CVE-2011-5006,0.07437,0.92309
CVE-2011-5007,0.79166,0.99442
CVE-2011-5008,0.07777,0.92953
CVE-2011-5009,0.0679,0.91793
CVE-2011-5010,0.73206,0.99228
CVE-2011-5011,0.01213,0.6557
CVE-2011-5012,0.24062,0.96648
CVE-2011-5018,0.00954,0.34522
CVE-2011-5019,0.01917,0.77071
CVE-2011-5020,0.00885,0.26162
CVE-2011-5021,0.01055,0.50287
CVE-2011-5022,0.00986,0.35784
CVE-2011-5023,0.01917,0.77071
CVE-2011-5024,0.01055,0.50287
CVE-2011-5025,0.01917,0.77071
CVE-2011-5026,0.01917,0.77071
CVE-2011-5027,0.01319,0.70416
CVE-2011-5028,0.05931,0.90093
CVE-2011-5029,0.01213,0.6557
CVE-2011-5030,0.01132,0.54372
CVE-2011-5031,0.00986,0.35784
CVE-2011-5032,0.0089,0.2856
CVE-2011-5033,0.01761,0.7555
CVE-2011-5034,0.06394,0.90534
CVE-2011-5035,0.04358,0.87435
CVE-2011-5036,0.01319,0.70416
CVE-2011-5037,0.01213,0.6557
CVE-2011-5038,0.01136,0.57949
CVE-2011-5039,0.01213,0.6557
CVE-2011-5040,0.01136,0.57949
CVE-2011-5041,0.01917,0.77071
CVE-2011-5042,0.01213,0.6557
CVE-2011-5043,0.04187,0.86773
CVE-2011-5044,0.01899,0.76481
CVE-2011-5045,0.01917,0.77071
CVE-2011-5046,0.78557,0.99429
CVE-2011-5047,0.01213,0.6557
CVE-2011-5048,0.01319,0.70416
CVE-2011-5049,0.04187,0.86773
CVE-2011-5050,0.00986,0.35784
CVE-2011-5051,0.07777,0.92953
CVE-2011-5052,0.59888,0.98833
CVE-2011-5053,0.0679,0.91793
CVE-2011-5054,0.01282,0.67298
CVE-2011-5055,0.01213,0.6557
CVE-2011-5056,0.0089,0.2856
CVE-2011-5057,0.05476,0.89511
CVE-2011-5058,0.01213,0.6557
CVE-2011-5059,0.03696,0.84331
CVE-2011-5060,0.0095,0.30554
CVE-2011-5061,0.04679,0.88603
CVE-2011-5062,0.07344,0.92237
CVE-2011-5063,0.07344,0.92237
CVE-2011-5064,0.07344,0.92237
CVE-2011-5065,0.01319,0.70416
CVE-2011-5066,0.00885,0.26162
CVE-2011-5067,0.01055,0.50287
CVE-2011-5068,0.01213,0.6557
CVE-2011-5069,0.05302,0.89375
CVE-2011-5070,0.01319,0.70416
CVE-2011-5071,0.00986,0.35784
CVE-2011-5072,0.01213,0.6557
CVE-2011-5073,0.01213,0.6557
CVE-2011-5074,0.01213,0.6557
CVE-2011-5075,0.01213,0.6557
CVE-2011-5076,0.01136,0.57949
CVE-2011-5077,0.03696,0.84331
CVE-2011-5078,0.01055,0.50287
CVE-2011-5079,0.01213,0.6557
CVE-2011-5080,0.01213,0.6557
CVE-2011-5081,0.01213,0.6557
CVE-2011-5082,0.01213,0.6557
CVE-2011-5083,0.06523,0.90962
CVE-2011-5084,0.01055,0.50287
CVE-2011-5085,0.01055,0.50287
CVE-2011-5086,0.05456,0.89456
CVE-2011-5087,0.01055,0.50287
CVE-2011-5088,0.05456,0.89456
CVE-2011-5089,0.0497,0.88983
CVE-2011-5090,0.01055,0.50287
CVE-2011-5091,0.01055,0.50287
CVE-2011-5092,0.06523,0.90962
CVE-2011-5093,0.05302,0.89375
CVE-2011-5094,0.01955,0.77585
CVE-2011-5095,0.00954,0.34522
CVE-2011-5096,0.05822,0.89998
CVE-2011-5097,0.01055,0.50287
CVE-2011-5098,0.01055,0.50287
CVE-2011-5099,0.00986,0.35784
CVE-2011-5100,0.01055,0.50287
CVE-2011-5101,0.01055,0.50287
CVE-2011-5102,0.01408,0.72072
CVE-2011-5103,0.00986,0.35784
CVE-2011-5104,0.01319,0.70416
CVE-2011-5105,0.01962,0.77634
CVE-2011-5106,0.01962,0.77634
CVE-2011-5108,0.01962,0.77634
CVE-2011-5109,0.04386,0.87542
CVE-2011-5110,0.04386,0.87542
CVE-2011-5111,0.00986,0.35784
CVE-2011-5112,0.00986,0.35784
CVE-2011-5113,0.00986,0.35784
CVE-2011-5114,0.01055,0.50287
CVE-2011-5115,0.01055,0.50287
CVE-2011-5116,0.00986,0.35784
CVE-2011-5117,0.00885,0.26162
CVE-2011-5118,0.00885,0.26162
CVE-2011-5119,0.00885,0.26162
CVE-2011-5120,0.01055,0.50287
CVE-2011-5121,0.00885,0.26162
CVE-2011-5122,0.01055,0.50287
CVE-2011-5123,0.00885,0.26162
CVE-2011-5124,0.63883,0.98937
CVE-2011-5125,0.01055,0.50287
CVE-2011-5126,0.00885,0.26162
CVE-2011-5127,0.07634,0.92602
CVE-2011-5128,0.01055,0.50287
CVE-2011-5129,0.08225,0.93075
CVE-2011-5130,0.81127,0.99508
CVE-2011-5131,0.01319,0.70416
CVE-2011-5132,0.01213,0.6557
CVE-2011-5133,0.01018,0.38792
CVE-2011-5134,0.01061,0.51015
CVE-2011-5135,0.00986,0.35784
CVE-2011-5136,0.01213,0.6557
CVE-2011-5137,0.01055,0.50287
CVE-2011-5138,0.01055,0.50287
CVE-2011-5139,0.00986,0.35784
CVE-2011-5140,0.028,0.82308
CVE-2011-5141,0.01061,0.51015
CVE-2011-5142,0.01213,0.6557
CVE-2011-5143,0.01055,0.50287
CVE-2011-5144,0.01213,0.6557
CVE-2011-5145,0.01232,0.66248
CVE-2011-5146,0.0095,0.30554
CVE-2011-5147,0.04979,0.88995
CVE-2011-5148,0.23091,0.96508
CVE-2011-5149,0.01319,0.70416
CVE-2011-5150,0.01055,0.50287
CVE-2011-5151,0.00885,0.26162
CVE-2011-5152,0.00885,0.26162
CVE-2011-5153,0.00885,0.26162
CVE-2011-5154,0.0095,0.30554
CVE-2011-5155,0.01819,0.7614
CVE-2011-5156,0.00885,0.26162
CVE-2011-5157,0.0095,0.30554
CVE-2011-5158,0.00885,0.26162
CVE-2011-5159,0.01136,0.57949
CVE-2011-5160,0.01962,0.77634
CVE-2011-5161,0.01055,0.50287
CVE-2011-5162,0.06309,0.90494
CVE-2011-5163,0.01755,0.75287
CVE-2011-5164,0.43279,0.98206
CVE-2011-5165,0.78346,0.99424
CVE-2011-5166,0.22713,0.96465
CVE-2011-5167,0.17253,0.9603
CVE-2011-5168,0.00986,0.35784
CVE-2011-5169,0.00986,0.35784
CVE-2011-5170,0.72092,0.99192
CVE-2011-5171,0.72092,0.99192
CVE-2011-5172,0.09806,0.94072
CVE-2011-5173,0.07286,0.92092
CVE-2011-5174,0.01592,0.74578
CVE-2011-5175,0.01136,0.57949
CVE-2011-5176,0.01055,0.50287
CVE-2011-5177,0.01962,0.77634
CVE-2011-5178,0.01319,0.70416
CVE-2011-5180,0.01962,0.77634
CVE-2011-5182,0.01962,0.77634
CVE-2011-5183,0.00986,0.35784
CVE-2011-5184,0.05029,0.89007
CVE-2011-5185,0.01962,0.77634
CVE-2011-5186,0.01962,0.77634
CVE-2011-5187,0.01232,0.66248
CVE-2011-5188,0.01132,0.54372
CVE-2011-5189,0.01232,0.66248
CVE-2011-5190,0.01213,0.6557
CVE-2011-5191,0.01055,0.50287
CVE-2011-5192,0.01213,0.6557
CVE-2011-5193,0.01953,0.77242
CVE-2011-5194,0.01319,0.70416
CVE-2011-5195,0.01136,0.57949
CVE-2011-5196,0.01136,0.57949
CVE-2011-5197,0.01055,0.50287
CVE-2011-5198,0.01213,0.6557
CVE-2011-5199,0.01213,0.6557
CVE-2011-5200,0.01139,0.58345
CVE-2011-5201,0.01319,0.70416
CVE-2011-5202,0.0095,0.30554
CVE-2011-5203,0.01319,0.70416
CVE-2011-5204,0.0089,0.2856
CVE-2011-5205,0.01213,0.6557
CVE-2011-5206,0.01213,0.6557
CVE-2011-5207,0.01953,0.77242
CVE-2011-5208,0.01213,0.6557
CVE-2011-5209,0.01953,0.77242
CVE-2011-5210,0.01213,0.6557
CVE-2011-5211,0.01136,0.57949
CVE-2011-5212,0.01213,0.6557
CVE-2011-5213,0.01139,0.58345
CVE-2011-5214,0.02397,0.80717
CVE-2011-5215,0.01213,0.6557
CVE-2011-5216,0.01213,0.6557
CVE-2011-5217,0.01213,0.6557
CVE-2011-5218,0.00986,0.35784
CVE-2011-5219,0.06033,0.9015
CVE-2011-5220,0.01213,0.6557
CVE-2011-5221,0.01776,0.75902
CVE-2011-5222,0.00986,0.35784
CVE-2011-5223,0.01319,0.70416
CVE-2011-5224,0.01319,0.70416
CVE-2011-5225,0.01319,0.70416
CVE-2011-5226,0.01319,0.70416
CVE-2011-5227,0.77683,0.99391
CVE-2011-5228,0.01213,0.6557
CVE-2011-5229,0.01213,0.6557
CVE-2011-5230,0.00986,0.35784
CVE-2011-5233,0.13522,0.95501
CVE-2011-5234,0.01213,0.6557
CVE-2011-5235,0.01213,0.6557
CVE-2011-5236,0.00885,0.26162
CVE-2011-5237,0.00885,0.26162
CVE-2011-5238,0.00885,0.26162
CVE-2011-5239,0.00885,0.26162
CVE-2011-5240,0.00885,0.26162
CVE-2011-5241,0.00885,0.26162
CVE-2011-5242,0.00885,0.26162
CVE-2011-5243,0.00885,0.26162
CVE-2011-5244,0.04967,0.88981
CVE-2011-5245,0.04358,0.87435
CVE-2011-5247,0.00885,0.26162
CVE-2011-5249,0.01055,0.50287
CVE-2011-5250,0.00885,0.26162
CVE-2011-5251,0.01055,0.50287
CVE-2011-5252,0.07911,0.92967
CVE-2011-5253,0.01213,0.6557
CVE-2011-5254,0.01018,0.38792
CVE-2011-5255,0.01776,0.75902
CVE-2011-5256,0.01055,0.50287
CVE-2011-5257,0.01953,0.77242
CVE-2011-5258,0.02397,0.80717
CVE-2011-5259,0.01139,0.58345
CVE-2011-5260,0.01213,0.6557
CVE-2011-5261,0.01953,0.77242
CVE-2011-5262,0.00986,0.35784
CVE-2011-5263,0.01319,0.70416
CVE-2011-5264,0.01319,0.70416
CVE-2011-5266,0.00885,0.26162
CVE-2011-5267,0.01953,0.77242
CVE-2011-5268,0.01319,0.70416
CVE-2011-5269,0.01055,0.50287
CVE-2011-5270,0.01055,0.50287
CVE-2011-5271,0.01018,0.38792
CVE-2011-5272,0.01132,0.54372
CVE-2011-5273,0.01061,0.51015
CVE-2011-5274,0.01213,0.6557
CVE-2011-5275,0.00954,0.34522
CVE-2011-5276,0.01132,0.54372
CVE-2011-5277,0.01213,0.6557
CVE-2011-5278,0.01213,0.6557
CVE-2011-5279,0.33187,0.97548
CVE-2011-5280,0.01136,0.57949
CVE-2011-5282,0.00885,0.26162
CVE-2011-5283,0.01213,0.6557
CVE-2011-5284,0.01213,0.6557
CVE-2011-5285,0.01055,0.50287
CVE-2011-5286,0.01564,0.74439
CVE-2011-5287,0.01055,0.50287
CVE-2011-5288,0.04611,0.88458
CVE-2011-5289,0.01055,0.50287
CVE-2011-5290,0.01055,0.50287
CVE-2011-5291,0.01055,0.50287
CVE-2011-5292,0.01055,0.50287
CVE-2011-5293,0.01055,0.50287
CVE-2011-5294,0.01055,0.50287
CVE-2011-5295,0.04611,0.88458
CVE-2011-5296,0.01055,0.50287
CVE-2011-5297,0.01055,0.50287
CVE-2011-5298,0.01055,0.50287
CVE-2011-5299,0.01055,0.50287
CVE-2011-5300,0.01055,0.50287
CVE-2011-5301,0.01055,0.50287
CVE-2011-5302,0.01055,0.50287
CVE-2011-5303,0.01055,0.50287
CVE-2011-5304,0.01136,0.57949
CVE-2011-5305,0.01055,0.50287
CVE-2011-5306,0.01055,0.50287
CVE-2011-5307,0.01055,0.50287
CVE-2011-5308,0.01136,0.57949
CVE-2011-5309,0.01055,0.50287
CVE-2011-5310,0.01055,0.50287
CVE-2011-5311,0.01055,0.50287
CVE-2011-5312,0.01055,0.50287
CVE-2011-5313,0.01564,0.74439
CVE-2011-5314,0.01055,0.50287
CVE-2011-5315,0.01055,0.50287
CVE-2011-5316,0.01055,0.50287
CVE-2011-5317,0.01055,0.50287
CVE-2011-5318,0.07584,0.92581
CVE-2011-5319,0.01213,0.6557
CVE-2011-5320,0.01108,0.53389
CVE-2011-5321,0.01034,0.39824
CVE-2011-5322,0.01018,0.38792
CVE-2011-5323,0.01018,0.38792
CVE-2011-5324,0.01018,0.38792
CVE-2011-5325,0.01974,0.7812
CVE-2011-5326,0.01213,0.6557
CVE-2011-5327,0.01018,0.38792
CVE-2011-5328,0.00885,0.26162
CVE-2011-5329,0.00885,0.26162
CVE-2011-5330,0.08382,0.93597
CVE-2011-5331,0.08382,0.93597
CVE-2010-0001,0.06604,0.91138
CVE-2010-0002,0.01761,0.7555
CVE-2010-0003,0.01547,0.74085
CVE-2010-0004,0.01974,0.7812
CVE-2010-0005,0.01319,0.70416
CVE-2010-0006,0.03407,0.83908
CVE-2010-0007,0.01547,0.74085
CVE-2010-0008,0.02172,0.79917
CVE-2010-0009,0.02072,0.79023
CVE-2010-0010,0.05294,0.89319
CVE-2010-0011,0.01319,0.70416
CVE-2010-0012,0.03779,0.84781
CVE-2010-0013,0.12567,0.95329
CVE-2010-0014,0.01213,0.6557
CVE-2010-0015,0.02172,0.79917
CVE-2010-0016,0.15713,0.9588
CVE-2010-0017,0.61365,0.98879
CVE-2010-0018,0.6716,0.9904
CVE-2010-0019,0.27734,0.9709
CVE-2010-0020,0.25285,0.96833
CVE-2010-0021,0.16435,0.95931
CVE-2010-0022,0.52014,0.98661
CVE-2010-0023,0.01773,0.75657
CVE-2010-0024,0.06836,0.91807
CVE-2010-0025,0.23328,0.96537
CVE-2010-0026,0.01205,0.60537
CVE-2010-0027,0.42145,0.9816
CVE-2010-0028,0.51839,0.98658
CVE-2010-0029,0.56371,0.98745
CVE-2010-0030,0.56371,0.98745
CVE-2010-0031,0.56371,0.98745
CVE-2010-0032,0.56371,0.98745
CVE-2010-0033,0.86472,0.99699
CVE-2010-0034,0.56371,0.98745
CVE-2010-0035,0.10184,0.94319
CVE-2010-0036,0.06154,0.90253
CVE-2010-0037,0.03914,0.84984
CVE-2010-0038,0.0095,0.30554
CVE-2010-0039,0.01136,0.57949
CVE-2010-0040,0.06154,0.90253
CVE-2010-0041,0.03407,0.83908
CVE-2010-0042,0.03407,0.83908
CVE-2010-0043,0.06154,0.90253
CVE-2010-0044,0.01108,0.53389
CVE-2010-0045,0.04935,0.88902
CVE-2010-0046,0.06154,0.90253
CVE-2010-0047,0.07677,0.92624
CVE-2010-0048,0.06154,0.90253
CVE-2010-0049,0.45404,0.98272
CVE-2010-0050,0.45404,0.98272
CVE-2010-0051,0.03932,0.8519
CVE-2010-0052,0.07677,0.92624
CVE-2010-0053,0.07677,0.92624
CVE-2010-0054,0.07677,0.92624
CVE-2010-0055,0.00954,0.34522
CVE-2010-0056,0.03184,0.83308
CVE-2010-0057,0.01055,0.50287
CVE-2010-0058,0.01055,0.50287
CVE-2010-0059,0.03914,0.84984
CVE-2010-0060,0.03261,0.83509
CVE-2010-0062,0.03914,0.84984
CVE-2010-0063,0.01055,0.50287
CVE-2010-0064,0.00885,0.26162
CVE-2010-0065,0.04315,0.8704
CVE-2010-0066,0.01136,0.57949
CVE-2010-0067,0.01136,0.57949
CVE-2010-0068,0.01055,0.50287
CVE-2010-0069,0.01055,0.50287
CVE-2010-0070,0.01136,0.57949
CVE-2010-0071,0.06174,0.90263
CVE-2010-0072,0.2279,0.96468
CVE-2010-0073,0.01213,0.6557
CVE-2010-0074,0.01055,0.50287
CVE-2010-0075,0.01055,0.50287
CVE-2010-0076,0.01055,0.50287
CVE-2010-0077,0.01055,0.50287
CVE-2010-0078,0.01055,0.50287
CVE-2010-0079,0.01055,0.50287
CVE-2010-0080,0.01055,0.50287
CVE-2010-0081,0.01055,0.50287
CVE-2010-0082,0.04358,0.87435
CVE-2010-0083,0.01055,0.50287
CVE-2010-0084,0.04358,0.87435
CVE-2010-0085,0.04358,0.87435
CVE-2010-0086,0.01213,0.6557
CVE-2010-0087,0.04358,0.87435
CVE-2010-0088,0.04358,0.87435
CVE-2010-0089,0.04358,0.87435
CVE-2010-0090,0.03932,0.8519
CVE-2010-0091,0.04358,0.87435
CVE-2010-0092,0.04358,0.87435
CVE-2010-0093,0.04358,0.87435
CVE-2010-0094,0.78891,0.99439
CVE-2010-0095,0.04358,0.87435
CVE-2010-0097,0.14528,0.95635
CVE-2010-0098,0.03779,0.84781
CVE-2010-0101,0.01055,0.50287
CVE-2010-0103,0.7179,0.99162
CVE-2010-0104,0.20617,0.96295
CVE-2010-0105,0.01761,0.7555
CVE-2010-0106,0.01232,0.66248
CVE-2010-0107,0.06604,0.91138
CVE-2010-0108,0.15607,0.95873
CVE-2010-0109,0.01055,0.50287
CVE-2010-0110,0.1127,0.94787
CVE-2010-0111,0.51273,0.98644
CVE-2010-0112,0.03779,0.84781
CVE-2010-0113,0.01213,0.6557
CVE-2010-0114,0.07777,0.92953
CVE-2010-0115,0.01408,0.72072
CVE-2010-0116,0.07996,0.93017
CVE-2010-0117,0.07996,0.93017
CVE-2010-0118,0.01104,0.52279
CVE-2010-0119,0.01104,0.52279
CVE-2010-0120,0.07996,0.93017
CVE-2010-0121,0.00885,0.26162
CVE-2010-0122,0.01139,0.58345
CVE-2010-0123,0.01213,0.6557
CVE-2010-0124,0.01034,0.39824
CVE-2010-0125,0.00885,0.26162
CVE-2010-0126,0.06523,0.90962
CVE-2010-0127,0.07405,0.92247
CVE-2010-0128,0.09142,0.93866
CVE-2010-0129,0.09762,0.94008
CVE-2010-0130,0.06681,0.91157
CVE-2010-0131,0.06309,0.90494
CVE-2010-0132,0.01955,0.77585
CVE-2010-0133,0.06523,0.90962
CVE-2010-0134,0.06523,0.90962
CVE-2010-0135,0.06523,0.90962
CVE-2010-0136,0.03718,0.84354
CVE-2010-0137,0.01319,0.70416
CVE-2010-0138,0.07777,0.92953
CVE-2010-0139,0.01055,0.50287
CVE-2010-0140,0.01055,0.50287
CVE-2010-0141,0.01055,0.50287
CVE-2010-0142,0.01055,0.50287
CVE-2010-0143,0.01136,0.57949
CVE-2010-0144,0.01136,0.57949
CVE-2010-0145,0.06523,0.90962
CVE-2010-0146,0.01232,0.66248
CVE-2010-0147,0.01232,0.66248
CVE-2010-0148,0.01319,0.70416
CVE-2010-0149,0.01408,0.72072
CVE-2010-0150,0.01408,0.72072
CVE-2010-0151,0.01408,0.72072
CVE-2010-0152,0.01055,0.50287
CVE-2010-0153,0.01055,0.50287
CVE-2010-0154,0.01055,0.50287
CVE-2010-0155,0.01055,0.50287
CVE-2010-0156,0.01104,0.52279
CVE-2010-0157,0.04187,0.86773
CVE-2010-0158,0.01139,0.58345
CVE-2010-0159,0.08228,0.93218
CVE-2010-0160,0.08228,0.93218
CVE-2010-0161,0.03275,0.83521
CVE-2010-0162,0.09915,0.94265
CVE-2010-0163,0.06604,0.91138
CVE-2010-0164,0.07544,0.92484
CVE-2010-0165,0.04967,0.88981
CVE-2010-0166,0.12428,0.95128
CVE-2010-0167,0.34394,0.97618
CVE-2010-0168,0.12822,0.95405
CVE-2010-0169,0.01319,0.70416
CVE-2010-0170,0.01319,0.70416
CVE-2010-0171,0.01319,0.70416
CVE-2010-0172,0.01108,0.53389
CVE-2010-0173,0.06604,0.91138
CVE-2010-0174,0.08228,0.93218
CVE-2010-0175,0.08228,0.93218
CVE-2010-0176,0.12248,0.95092
CVE-2010-0177,0.08228,0.93218
CVE-2010-0178,0.04358,0.87435
CVE-2010-0179,0.04358,0.87435
CVE-2010-0180,0.0095,0.30554
CVE-2010-0181,0.03407,0.83908
CVE-2010-0182,0.02686,0.82061
CVE-2010-0183,0.09915,0.94265
CVE-2010-0184,0.0095,0.30554
CVE-2010-0185,0.01408,0.72072
CVE-2010-0186,0.04358,0.87435
CVE-2010-0187,0.28045,0.97145
CVE-2010-0188,0.90589,0.99857
CVE-2010-0189,0.03779,0.84781
CVE-2010-0190,0.01213,0.6557
CVE-2010-0191,0.03601,0.84249
CVE-2010-0192,0.03444,0.84021
CVE-2010-0193,0.03788,0.84809
CVE-2010-0194,0.03444,0.84021
CVE-2010-0195,0.03601,0.84249
CVE-2010-0196,0.03444,0.84021
CVE-2010-0197,0.03444,0.84021
CVE-2010-0198,0.03601,0.84249
CVE-2010-0199,0.03601,0.84249
CVE-2010-0201,0.03444,0.84021
CVE-2010-0202,0.03601,0.84249
CVE-2010-0203,0.03601,0.84249
CVE-2010-0204,0.03788,0.84809
CVE-2010-0205,0.03932,0.8519
CVE-2010-0206,0.01055,0.50287
CVE-2010-0207,0.01055,0.50287
CVE-2010-0209,0.0443,0.87699
CVE-2010-0211,0.4228,0.98169
CVE-2010-0212,0.03779,0.84781
CVE-2010-0213,0.04292,0.87029
CVE-2010-0214,0.01319,0.70416
CVE-2010-0215,0.01055,0.50287
CVE-2010-0216,0.01319,0.70416
CVE-2010-0217,0.01213,0.6557
CVE-2010-0218,0.01136,0.57949
CVE-2010-0219,0.84965,0.99635
CVE-2010-0220,0.01319,0.70416
CVE-2010-0221,0.01282,0.67298
CVE-2010-0222,0.01282,0.67298
CVE-2010-0223,0.0095,0.30554
CVE-2010-0224,0.01537,0.73595
CVE-2010-0225,0.01282,0.67298
CVE-2010-0226,0.01108,0.53389
CVE-2010-0227,0.01108,0.53389
CVE-2010-0228,0.0095,0.30554
CVE-2010-0229,0.00885,0.26162
CVE-2010-0230,0.01055,0.50287
CVE-2010-0231,0.20999,0.96367
CVE-2010-0232,0.04083,0.85324
CVE-2010-0233,0.02116,0.79124
CVE-2010-0234,0.01773,0.75657
CVE-2010-0235,0.01773,0.75657
CVE-2010-0236,0.01773,0.75657
CVE-2010-0237,0.02283,0.80608
CVE-2010-0238,0.01773,0.75657
CVE-2010-0239,0.31132,0.97462
CVE-2010-0240,0.53406,0.98685
CVE-2010-0241,0.53406,0.98685
CVE-2010-0242,0.52014,0.98661
CVE-2010-0243,0.36846,0.97801
CVE-2010-0244,0.36846,0.97801
CVE-2010-0245,0.36846,0.97801
CVE-2010-0246,0.36846,0.97801
CVE-2010-0247,0.36846,0.97801
CVE-2010-0248,0.89677,0.99825
CVE-2010-0249,0.8983,0.99831
CVE-2010-0250,0.6716,0.9904
CVE-2010-0252,0.54738,0.98709
CVE-2010-0254,0.36846,0.97801
CVE-2010-0255,0.35309,0.9773
CVE-2010-0256,0.36846,0.97801
CVE-2010-0257,0.56371,0.98745
CVE-2010-0258,0.59074,0.98816
CVE-2010-0260,0.59074,0.98816
CVE-2010-0261,0.59074,0.98816
CVE-2010-0262,0.59074,0.98816
CVE-2010-0263,0.60474000000000006,0.98845
CVE-2010-0264,0.56371,0.98745
CVE-2010-0265,0.31132,0.97462
CVE-2010-0266,0.89677,0.99825
CVE-2010-0267,0.6716,0.9904
CVE-2010-0268,0.36846,0.97801
CVE-2010-0269,0.34659,0.97683
CVE-2010-0270,0.46503,0.98315
CVE-2010-0271,0.0095,0.30554
CVE-2010-0272,0.01136,0.57949
CVE-2010-0273,0.04679,0.88603
CVE-2010-0274,0.01018,0.38792
CVE-2010-0275,0.01018,0.38792
CVE-2010-0276,0.01018,0.38792
CVE-2010-0277,0.04358,0.87435
CVE-2010-0278,0.18563,0.96143
CVE-2010-0279,0.07687,0.92751
CVE-2010-0280,0.04967,0.88981
CVE-2010-0283,0.02172,0.79917
CVE-2010-0284,0.09196,0.93925
CVE-2010-0285,0.01034,0.39824
CVE-2010-0286,0.01213,0.6557
CVE-2010-0287,0.02172,0.79917
CVE-2010-0288,0.02172,0.79917
CVE-2010-0289,0.01776,0.75902
CVE-2010-0290,0.14528,0.95635
CVE-2010-0291,0.01547,0.74085
CVE-2010-0292,0.01319,0.70416
CVE-2010-0293,0.01319,0.70416
CVE-2010-0294,0.01319,0.70416
CVE-2010-0295,0.12567,0.95329
CVE-2010-0296,0.01547,0.74085
CVE-2010-0297,0.02172,0.79379
CVE-2010-0298,0.01034,0.39824
CVE-2010-0299,0.00885,0.26162
CVE-2010-0300,0.01213,0.6557
CVE-2010-0301,0.02172,0.79379
CVE-2010-0302,0.03407,0.83908
CVE-2010-0303,0.07197,0.92068
CVE-2010-0304,0.6525,0.98981
CVE-2010-0305,0.02172,0.79917
CVE-2010-0306,0.01872,0.76301
CVE-2010-0307,0.0322,0.83442
CVE-2010-0308,0.02186,0.8012
CVE-2010-0309,0.01547,0.74085
CVE-2010-0310,0.01034,0.39824
CVE-2010-0311,0.01408,0.72072
CVE-2010-0312,0.01055,0.50287
CVE-2010-0313,0.0679,0.91793
CVE-2010-0314,0.0679,0.91793
CVE-2010-0315,0.12567,0.95329
CVE-2010-0316,0.04146,0.85406
CVE-2010-0317,0.07197,0.92068
CVE-2010-0318,0.0095,0.30554
CVE-2010-0319,0.01917,0.77071
CVE-2010-0320,0.01213,0.6557
CVE-2010-0321,0.01917,0.77071
CVE-2010-0322,0.01136,0.57949
CVE-2010-0323,0.01055,0.50287
CVE-2010-0324,0.01055,0.50287
CVE-2010-0325,0.01055,0.50287
CVE-2010-0326,0.01136,0.57949
CVE-2010-0327,0.01136,0.57949
CVE-2010-0328,0.01136,0.57949
CVE-2010-0329,0.01213,0.6557
CVE-2010-0330,0.01055,0.50287
CVE-2010-0331,0.01055,0.50287
CVE-2010-0332,0.01055,0.50287
CVE-2010-0333,0.01055,0.50287
CVE-2010-0334,0.01055,0.50287
CVE-2010-0335,0.01055,0.50287
CVE-2010-0336,0.01055,0.50287
CVE-2010-0337,0.01055,0.50287
CVE-2010-0338,0.01055,0.50287
CVE-2010-0339,0.01055,0.50287
CVE-2010-0340,0.01055,0.50287
CVE-2010-0341,0.01055,0.50287
CVE-2010-0342,0.01055,0.50287
CVE-2010-0343,0.01055,0.50287
CVE-2010-0344,0.01055,0.50287
CVE-2010-0345,0.01055,0.50287
CVE-2010-0346,0.01055,0.50287
CVE-2010-0347,0.01055,0.50287
CVE-2010-0348,0.01213,0.6557
CVE-2010-0349,0.01213,0.6557
CVE-2010-0350,0.00885,0.26162
CVE-2010-0356,0.72015,0.99186
CVE-2010-0357,0.01776,0.75902
CVE-2010-0358,0.01136,0.57949
CVE-2010-0359,0.35205,0.97726
CVE-2010-0360,0.01055,0.50287
CVE-2010-0361,0.6981,0.99091
CVE-2010-0362,0.01055,0.50287
CVE-2010-0363,0.01055,0.50287
CVE-2010-0364,0.07437,0.92309
CVE-2010-0365,0.01917,0.77071
CVE-2010-0366,0.07687,0.92751
CVE-2010-0367,0.04187,0.86773
CVE-2010-0370,0.01483,0.7269
CVE-2010-0371,0.01917,0.77071
CVE-2010-0372,0.00986,0.35784
CVE-2010-0373,0.00986,0.35784
CVE-2010-0374,0.01917,0.77071
CVE-2010-0375,0.01213,0.6557
CVE-2010-0376,0.01213,0.6557
CVE-2010-0377,0.01055,0.50287
CVE-2010-0378,0.60474000000000006,0.98845
CVE-2010-0379,0.56371,0.98745
CVE-2010-0380,0.01055,0.50287
CVE-2010-0381,0.01055,0.50287
CVE-2010-0382,0.04292,0.87029
CVE-2010-0383,0.01108,0.53389
CVE-2010-0384,0.00885,0.26162
CVE-2010-0385,0.01213,0.6557
CVE-2010-0386,0.01055,0.50287
CVE-2010-0387,0.04482,0.88223
CVE-2010-0388,0.04187,0.86773
CVE-2010-0389,0.01055,0.50287
CVE-2010-0390,0.07687,0.92751
CVE-2010-0391,0.06523,0.90962
CVE-2010-0392,0.07777,0.92953
CVE-2010-0393,0.01282,0.67298
CVE-2010-0394,0.01319,0.70416
CVE-2010-0395,0.13298,0.95487
CVE-2010-0396,0.01213,0.6557
CVE-2010-0397,0.12567,0.95329
CVE-2010-0398,0.00885,0.26162
CVE-2010-0400,0.01136,0.57949
CVE-2010-0401,0.01061,0.51015
CVE-2010-0402,0.04465,0.87733
CVE-2010-0403,0.02172,0.79917
CVE-2010-0404,0.01974,0.7812
CVE-2010-0405,0.04229,0.86856
CVE-2010-0406,0.01061,0.51015
CVE-2010-0407,0.01547,0.74085
CVE-2010-0408,0.07344,0.92237
CVE-2010-0409,0.03275,0.83521
CVE-2010-0410,0.01547,0.74085
CVE-2010-0411,0.0322,0.83442
CVE-2010-0412,0.01018,0.38792
CVE-2010-0414,0.01547,0.74085
CVE-2010-0415,0.0322,0.83442
CVE-2010-0416,0.12822,0.95405
CVE-2010-0417,0.05139,0.89128
CVE-2010-0418,0.01136,0.57949
CVE-2010-0419,0.01034,0.39824
CVE-2010-0420,0.04358,0.87435
CVE-2010-0421,0.02686,0.82061
CVE-2010-0422,0.01282,0.67298
CVE-2010-0423,0.04358,0.87435
CVE-2010-0424,0.01034,0.39824
CVE-2010-0425,0.83982,0.99595
CVE-2010-0427,0.01547,0.74085
CVE-2010-0428,0.0089,0.2856
CVE-2010-0429,0.0089,0.2856
CVE-2010-0430,0.0089,0.2856
CVE-2010-0431,0.0089,0.2856
CVE-2010-0432,0.15014,0.95688
CVE-2010-0433,0.07559,0.92528
CVE-2010-0434,0.07344,0.92237
CVE-2010-0435,0.01034,0.39824
CVE-2010-0436,0.01547,0.74085
CVE-2010-0437,0.12567,0.95329
CVE-2010-0438,0.01649,0.75017
CVE-2010-0439,0.00885,0.26162
CVE-2010-0440,0.02945,0.82784
CVE-2010-0441,0.03779,0.84781
CVE-2010-0442,0.11063,0.94638
CVE-2010-0443,0.01034,0.39824
CVE-2010-0444,0.25143,0.96828
CVE-2010-0445,0.01136,0.57949
CVE-2010-0446,0.01213,0.6557
CVE-2010-0447,0.01974,0.7812
CVE-2010-0448,0.01213,0.6557
CVE-2010-0449,0.01213,0.6557
CVE-2010-0450,0.01132,0.54372
CVE-2010-0451,0.01974,0.7812
CVE-2010-0452,0.01319,0.70416
CVE-2010-0453,0.0322,0.83442
CVE-2010-0454,0.01213,0.6557
CVE-2010-0455,0.01136,0.57949
CVE-2010-0456,0.00986,0.35784
CVE-2010-0457,0.00986,0.35784
CVE-2010-0458,0.00986,0.35784
CVE-2010-0459,0.00986,0.35784
CVE-2010-0460,0.01232,0.66248
CVE-2010-0461,0.00986,0.35784
CVE-2010-0462,0.11063,0.94638
CVE-2010-0463,0.01136,0.57949
CVE-2010-0464,0.01136,0.57949
CVE-2010-0465,0.01213,0.6557
CVE-2010-0467,0.0679,0.91793
CVE-2010-0468,0.01917,0.77071
CVE-2010-0469,0.01213,0.6557
CVE-2010-0470,0.01917,0.77071
CVE-2010-0471,0.01136,0.57949
CVE-2010-0472,0.01213,0.6557
CVE-2010-0475,0.01917,0.77071
CVE-2010-0476,0.46503,0.98315
CVE-2010-0477,0.43293,0.98206
CVE-2010-0478,0.86472,0.99699
CVE-2010-0479,0.36846,0.97801
CVE-2010-0480,0.86472,0.99699
CVE-2010-0481,0.01773,0.75657
CVE-2010-0482,0.02283,0.80608
CVE-2010-0483,0.86959,0.99712
CVE-2010-0484,0.05481,0.89513
CVE-2010-0485,0.05481,0.89513
CVE-2010-0486,0.36846,0.97801
CVE-2010-0487,0.36846,0.97801
CVE-2010-0488,0.28861,0.97189
CVE-2010-0489,0.6716,0.9904
CVE-2010-0490,0.6716,0.9904
CVE-2010-0491,0.6716,0.9904
CVE-2010-0492,0.6716,0.9904
CVE-2010-0494,0.30703,0.97414
CVE-2010-0496,0.04187,0.86773
CVE-2010-0497,0.04522,0.88274
CVE-2010-0498,0.00885,0.26162
CVE-2010-0500,0.01055,0.50287
CVE-2010-0501,0.01055,0.50287
CVE-2010-0502,0.01055,0.50287
CVE-2010-0503,0.04465,0.87733
CVE-2010-0504,0.04465,0.87733
CVE-2010-0505,0.03261,0.83509
CVE-2010-0506,0.0372,0.84362
CVE-2010-0507,0.0372,0.84362
CVE-2010-0508,0.00885,0.26162
CVE-2010-0509,0.00885,0.26162
CVE-2010-0510,0.01055,0.50287
CVE-2010-0511,0.00885,0.26162
CVE-2010-0512,0.00954,0.34522
CVE-2010-0513,0.03261,0.83509
CVE-2010-0514,0.03261,0.83509
CVE-2010-0515,0.03261,0.83509
CVE-2010-0516,0.03914,0.84984
CVE-2010-0517,0.03914,0.84984
CVE-2010-0518,0.03261,0.83509
CVE-2010-0519,0.089,0.93685
CVE-2010-0520,0.089,0.93685
CVE-2010-0521,0.01055,0.50287
CVE-2010-0522,0.01055,0.50287
CVE-2010-0523,0.01055,0.50287
CVE-2010-0524,0.01136,0.57949
CVE-2010-0525,0.01055,0.50287
CVE-2010-0526,0.04169,0.85428
CVE-2010-0527,0.0372,0.84362
CVE-2010-0528,0.03261,0.83509
CVE-2010-0529,0.0612,0.90183
CVE-2010-0530,0.0095,0.30554
CVE-2010-0531,0.01213,0.6557
CVE-2010-0532,0.0095,0.30554
CVE-2010-0533,0.01055,0.50287
CVE-2010-0534,0.01055,0.50287
CVE-2010-0535,0.01055,0.50287
CVE-2010-0536,0.0372,0.84362
CVE-2010-0537,0.01055,0.50287
CVE-2010-0538,0.04169,0.85428
CVE-2010-0539,0.04169,0.85428
CVE-2010-0540,0.01968,0.77806
CVE-2010-0541,0.01955,0.77585
CVE-2010-0542,0.06154,0.90253
CVE-2010-0543,0.03914,0.84984
CVE-2010-0544,0.03407,0.83908
CVE-2010-0545,0.01034,0.39824
CVE-2010-0546,0.01034,0.39824
CVE-2010-0547,0.01104,0.52279
CVE-2010-0548,0.01136,0.57949
CVE-2010-0549,0.01213,0.6557
CVE-2010-0550,0.01132,0.54372
CVE-2010-0551,0.01213,0.6557
CVE-2010-0552,0.06211,0.90307
CVE-2010-0553,0.05714,0.89838
CVE-2010-0554,0.01213,0.6557
CVE-2010-0555,0.32505,0.97515
CVE-2010-0556,0.01537,0.73595
CVE-2010-0557,0.01018,0.38792
CVE-2010-0558,0.00954,0.34522
CVE-2010-0559,0.00954,0.34522
CVE-2010-0560,0.01755,0.75287
CVE-2010-0561,0.01034,0.39824
CVE-2010-0562,0.0547,0.89492
CVE-2010-0563,0.01319,0.70416
CVE-2010-0564,0.01108,0.53389
CVE-2010-0565,0.01319,0.70416
CVE-2010-0566,0.01319,0.70416
CVE-2010-0567,0.01408,0.72072
CVE-2010-0568,0.01408,0.72072
CVE-2010-0569,0.01408,0.72072
CVE-2010-0570,0.06662,0.91152
CVE-2010-0571,0.05416,0.89453
CVE-2010-0572,0.01232,0.66248
CVE-2010-0573,0.01319,0.70416
CVE-2010-0574,0.01055,0.50287
CVE-2010-0575,0.01055,0.50287
CVE-2010-0576,0.01319,0.70416
CVE-2010-0577,0.01319,0.70416
CVE-2010-0578,0.01319,0.70416
CVE-2010-0579,0.01213,0.6557
CVE-2010-0580,0.06523,0.90962
CVE-2010-0581,0.06523,0.90962
CVE-2010-0582,0.01213,0.6557
CVE-2010-0583,0.01319,0.70416
CVE-2010-0584,0.01213,0.6557
CVE-2010-0585,0.01136,0.57949
CVE-2010-0586,0.01213,0.6557
CVE-2010-0587,0.01136,0.57949
CVE-2010-0588,0.01136,0.57949
CVE-2010-0589,0.05392,0.89448
CVE-2010-0590,0.01136,0.57949
CVE-2010-0591,0.01136,0.57949
CVE-2010-0592,0.01136,0.57949
CVE-2010-0593,0.01232,0.66248
CVE-2010-0594,0.01055,0.50287
CVE-2010-0595,0.01319,0.70416
CVE-2010-0596,0.01132,0.54372
CVE-2010-0597,0.01232,0.66248
CVE-2010-0598,0.01213,0.6557
CVE-2010-0599,0.01213,0.6557
CVE-2010-0600,0.01319,0.70416
CVE-2010-0601,0.01136,0.57949
CVE-2010-0602,0.01136,0.57949
CVE-2010-0603,0.01055,0.50287
CVE-2010-0604,0.01136,0.57949
CVE-2010-0605,0.00986,0.35784
CVE-2010-0606,0.01132,0.54372
CVE-2010-0607,0.01917,0.77071
CVE-2010-0608,0.00986,0.35784
CVE-2010-0609,0.01055,0.50287
CVE-2010-0610,0.00986,0.35784
CVE-2010-0611,0.00986,0.35784
CVE-2010-0612,0.00954,0.34522
CVE-2010-0613,0.01055,0.50287
CVE-2010-0614,0.01139,0.58345
CVE-2010-0615,0.01319,0.70416
CVE-2010-0616,0.01108,0.53389
CVE-2010-0617,0.01136,0.57949
CVE-2010-0618,0.01213,0.6557
CVE-2010-0619,0.06211,0.90307
CVE-2010-0620,0.07687,0.92751
CVE-2010-0622,0.01547,0.74085
CVE-2010-0623,0.01282,0.67298
CVE-2010-0624,0.04229,0.86856
CVE-2010-0625,0.06248,0.90327
CVE-2010-0628,0.01319,0.70416
CVE-2010-0629,0.02528,0.8112
CVE-2010-0630,0.00986,0.35784
CVE-2010-0631,0.00986,0.35784
CVE-2010-0632,0.00986,0.35784
CVE-2010-0633,0.01034,0.39824
CVE-2010-0634,0.00885,0.26162
CVE-2010-0635,0.01136,0.57949
CVE-2010-0636,0.01213,0.6557
CVE-2010-0637,0.01136,0.57949
CVE-2010-0638,0.01055,0.50287
CVE-2010-0639,0.02172,0.79917
CVE-2010-0640,0.01136,0.57949
CVE-2010-0641,0.01136,0.57949
CVE-2010-0642,0.01136,0.57949
CVE-2010-0643,0.01537,0.73595
CVE-2010-0644,0.01183,0.60428
CVE-2010-0645,0.09915,0.94265
CVE-2010-0646,0.1127,0.94787
CVE-2010-0647,0.09174,0.9391
CVE-2010-0648,0.01319,0.70416
CVE-2010-0649,0.01537,0.73595
CVE-2010-0650,0.03407,0.83908
CVE-2010-0651,0.03407,0.83908
CVE-2010-0652,0.0491,0.88893
CVE-2010-0653,0.01213,0.6557
CVE-2010-0654,0.01319,0.70416
CVE-2010-0655,0.12822,0.95405
CVE-2010-0656,0.02686,0.82061
CVE-2010-0657,0.01213,0.6557
CVE-2010-0658,0.04967,0.88981
CVE-2010-0659,0.09174,0.9391
CVE-2010-0660,0.01018,0.38792
CVE-2010-0661,0.01955,0.77585
CVE-2010-0662,0.01108,0.53389
CVE-2010-0663,0.01213,0.6557
CVE-2010-0664,0.01319,0.70416
CVE-2010-0665,0.04187,0.86773
CVE-2010-0666,0.01213,0.6557
CVE-2010-0667,0.02172,0.79917
CVE-2010-0668,0.02686,0.82061
CVE-2010-0669,0.01537,0.73595
CVE-2010-0670,0.00885,0.26162
CVE-2010-0671,0.01139,0.58345
CVE-2010-0672,0.00986,0.35784
CVE-2010-0673,0.00986,0.35784
CVE-2010-0674,0.01136,0.57949
CVE-2010-0675,0.01917,0.77071
CVE-2010-0676,0.01136,0.57949
CVE-2010-0677,0.01213,0.6557
CVE-2010-0678,0.01213,0.6557
CVE-2010-0679,0.75392,0.99312
CVE-2010-0680,0.01055,0.50287
CVE-2010-0681,0.01055,0.50287
CVE-2010-0682,0.09659,0.94
CVE-2010-0683,0.05302,0.89375
CVE-2010-0684,0.02833,0.82354
CVE-2010-0685,0.0577,0.89866
CVE-2010-0686,0.01213,0.6557
CVE-2010-0688,0.75392,0.99312
CVE-2010-0689,0.01974,0.7812
CVE-2010-0690,0.00986,0.35784
CVE-2010-0691,0.00986,0.35784
CVE-2010-0692,0.01213,0.6557
CVE-2010-0693,0.00986,0.35784
CVE-2010-0694,0.00986,0.35784
CVE-2010-0695,0.01917,0.77071
CVE-2010-0696,0.04482,0.88223
CVE-2010-0697,0.01232,0.66248
CVE-2010-0698,0.00986,0.35784
CVE-2010-0699,0.01055,0.50287
CVE-2010-0700,0.02945,0.82784
CVE-2010-0701,0.01139,0.58345
CVE-2010-0702,0.00986,0.35784
CVE-2010-0703,0.02945,0.82784
CVE-2010-0704,0.01055,0.50287
CVE-2010-0705,0.02172,0.79379
CVE-2010-0706,0.01917,0.77071
CVE-2010-0707,0.04187,0.86773
CVE-2010-0708,0.01213,0.6557
CVE-2010-0709,0.0679,0.91793
CVE-2010-0710,0.01055,0.50287
CVE-2010-0711,0.04187,0.86773
CVE-2010-0712,0.01139,0.58345
CVE-2010-0713,0.15142,0.95704
CVE-2010-0714,0.02945,0.82784
CVE-2010-0715,0.01213,0.6557
CVE-2010-0716,0.10184,0.94319
CVE-2010-0717,0.01108,0.53389
CVE-2010-0718,0.09456,0.9397
CVE-2010-0719,0.01773,0.75657
CVE-2010-0720,0.01139,0.58345
CVE-2010-0721,0.00986,0.35784
CVE-2010-0722,0.00986,0.35784
CVE-2010-0723,0.028,0.82308
CVE-2010-0724,0.01213,0.6557
CVE-2010-0725,0.01213,0.6557
CVE-2010-0726,0.01319,0.70416
CVE-2010-0727,0.01282,0.67298
CVE-2010-0728,0.01232,0.66248
CVE-2010-0729,0.01034,0.39824
CVE-2010-0730,0.01537,0.73595
CVE-2010-0731,0.02172,0.79917
CVE-2010-0732,0.01547,0.74085
CVE-2010-0733,0.11063,0.94638
CVE-2010-0734,0.04358,0.87435
CVE-2010-0736,0.01213,0.6557
CVE-2010-0737,0.00885,0.26162
CVE-2010-0739,0.09915,0.94265
CVE-2010-0740,0.12567,0.95329
CVE-2010-0741,0.02172,0.79917
CVE-2010-0742,0.04421,0.87629
CVE-2010-0743,0.03779,0.84781
CVE-2010-0744,0.02686,0.82061
CVE-2010-0745,0.02172,0.79917
CVE-2010-0746,0.0095,0.30554
CVE-2010-0747,0.00885,0.26162
CVE-2010-0748,0.01018,0.38792
CVE-2010-0749,0.01018,0.38792
CVE-2010-0750,0.01282,0.67298
CVE-2010-0751,0.02172,0.79917
CVE-2010-0752,0.01319,0.70416
CVE-2010-0753,0.01139,0.58345
CVE-2010-0754,0.01776,0.75902
CVE-2010-0755,0.01213,0.6557
CVE-2010-0756,0.01213,0.6557
CVE-2010-0757,0.05302,0.89375
CVE-2010-0758,0.00986,0.35784
CVE-2010-0759,0.01319,0.70416
CVE-2010-0760,0.01136,0.57949
CVE-2010-0761,0.01139,0.58345
CVE-2010-0762,0.01139,0.58345
CVE-2010-0763,0.00986,0.35784
CVE-2010-0764,0.00986,0.35784
CVE-2010-0765,0.04187,0.86773
CVE-2010-0766,0.07777,0.92953
CVE-2010-0768,0.01213,0.6557
CVE-2010-0769,0.0089,0.2856
CVE-2010-0770,0.01132,0.54372
CVE-2010-0772,0.01132,0.54372
CVE-2010-0774,0.01055,0.50287
CVE-2010-0775,0.01055,0.50287
CVE-2010-0776,0.01055,0.50287
CVE-2010-0777,0.01319,0.70416
CVE-2010-0778,0.01055,0.50287
CVE-2010-0779,0.01055,0.50287
CVE-2010-0780,0.01136,0.57949
CVE-2010-0781,0.01132,0.54372
CVE-2010-0782,0.01136,0.57949
CVE-2010-0783,0.01408,0.72072
CVE-2010-0784,0.01408,0.72072
CVE-2010-0785,0.01315,0.67456
CVE-2010-0786,0.01136,0.57949
CVE-2010-0787,0.01547,0.74085
CVE-2010-0788,0.0322,0.83442
CVE-2010-0789,0.01547,0.74085
CVE-2010-0790,0.01034,0.39824
CVE-2010-0791,0.01034,0.39824
CVE-2010-0792,0.01282,0.67298
CVE-2010-0793,0.04291,0.87022
CVE-2010-0795,0.00986,0.35784
CVE-2010-0796,0.01139,0.58345
CVE-2010-0797,0.01213,0.6557
CVE-2010-0798,0.01213,0.6557
CVE-2010-0799,0.04187,0.86773
CVE-2010-0800,0.01139,0.58345
CVE-2010-0801,0.04187,0.86773
CVE-2010-0803,0.01139,0.58345
CVE-2010-0804,0.01136,0.57949
CVE-2010-0805,0.8983,0.99831
CVE-2010-0806,0.8983,0.99831
CVE-2010-0807,0.6716,0.9904
CVE-2010-0808,0.29797,0.97364
CVE-2010-0810,0.01773,0.75657
CVE-2010-0811,0.60981,0.98872
CVE-2010-0812,0.23328,0.96537
CVE-2010-0814,0.48414,0.98504
CVE-2010-0815,0.38714,0.97907
CVE-2010-0816,0.50359,0.98631
CVE-2010-0817,0.23803,0.96569
CVE-2010-0818,0.38051,0.97859
CVE-2010-0819,0.05757,0.89863
CVE-2010-0820,0.29809,0.97365
CVE-2010-0821,0.60981,0.98872
CVE-2010-0822,0.87211,0.99727
CVE-2010-0823,0.58315,0.98794
CVE-2010-0824,0.60981,0.98872
CVE-2010-0825,0.01034,0.39824
CVE-2010-0826,0.01282,0.67298
CVE-2010-0827,0.06604,0.91138
CVE-2010-0828,0.01968,0.77806
CVE-2010-0829,0.06604,0.91138
CVE-2010-0830,0.09915,0.94265
CVE-2010-0831,0.03407,0.83908
CVE-2010-0832,0.0322,0.83442
CVE-2010-0833,0.02172,0.79917
CVE-2010-0834,0.0292,0.82516
CVE-2010-0835,0.01055,0.50287
CVE-2010-0836,0.01055,0.50287
CVE-2010-0837,0.04358,0.87435
CVE-2010-0838,0.15272,0.95729
CVE-2010-0839,0.04358,0.87435
CVE-2010-0840,0.83982,0.99595
CVE-2010-0841,0.12248,0.95092
CVE-2010-0842,0.83982,0.99595
CVE-2010-0843,0.12248,0.95092
CVE-2010-0844,0.04358,0.87435
CVE-2010-0845,0.04358,0.87435
CVE-2010-0846,0.12248,0.95092
CVE-2010-0847,0.12248,0.95092
CVE-2010-0848,0.04358,0.87435
CVE-2010-0849,0.12248,0.95092
CVE-2010-0850,0.02172,0.79917
CVE-2010-0851,0.01061,0.51015
CVE-2010-0852,0.01061,0.51015
CVE-2010-0853,0.01213,0.6557
CVE-2010-0854,0.01061,0.51015
CVE-2010-0855,0.01213,0.6557
CVE-2010-0856,0.01213,0.6557
CVE-2010-0857,0.01132,0.54372
CVE-2010-0858,0.01132,0.54372
CVE-2010-0859,0.01213,0.6557
CVE-2010-0860,0.01061,0.51015
CVE-2010-0861,0.01213,0.6557
CVE-2010-0862,0.01213,0.6557
CVE-2010-0863,0.01213,0.6557
CVE-2010-0864,0.01213,0.6557
CVE-2010-0865,0.01213,0.6557
CVE-2010-0866,0.22566,0.96463
CVE-2010-0867,0.01055,0.50287
CVE-2010-0868,0.01213,0.6557
CVE-2010-0869,0.01213,0.6557
CVE-2010-0870,0.22112,0.96431
CVE-2010-0871,0.01213,0.6557
CVE-2010-0872,0.01136,0.57949
CVE-2010-0873,0.01055,0.50287
CVE-2010-0874,0.01136,0.57949
CVE-2010-0875,0.01136,0.57949
CVE-2010-0876,0.01136,0.57949
CVE-2010-0877,0.01136,0.57949
CVE-2010-0878,0.01061,0.51015
CVE-2010-0879,0.01061,0.51015
CVE-2010-0880,0.01061,0.51015
CVE-2010-0881,0.01213,0.6557
CVE-2010-0882,0.0095,0.30554
CVE-2010-0883,0.0095,0.30554
CVE-2010-0884,0.0095,0.30554
CVE-2010-0885,0.01061,0.51015
CVE-2010-0886,0.12567,0.95329
CVE-2010-0887,0.01408,0.72072
CVE-2010-0888,0.01213,0.6557
CVE-2010-0889,0.0095,0.30554
CVE-2010-0890,0.01282,0.67298
CVE-2010-0891,0.01319,0.70416
CVE-2010-0892,0.01055,0.50287
CVE-2010-0893,0.01319,0.70416
CVE-2010-0894,0.01319,0.70416
CVE-2010-0895,0.0095,0.30554
CVE-2010-0896,0.01136,0.57949
CVE-2010-0897,0.01213,0.6557
CVE-2010-0898,0.01055,0.50287
CVE-2010-0899,0.01055,0.50287
CVE-2010-0900,0.01055,0.50287
CVE-2010-0901,0.01055,0.50287
CVE-2010-0902,0.01055,0.50287
CVE-2010-0903,0.01055,0.50287
CVE-2010-0904,0.6907,0.99075
CVE-2010-0905,0.01055,0.50287
CVE-2010-0906,0.01055,0.50287
CVE-2010-0907,0.01055,0.50287
CVE-2010-0908,0.01055,0.50287
CVE-2010-0909,0.01055,0.50287
CVE-2010-0910,0.01055,0.50287
CVE-2010-0911,0.01055,0.50287
CVE-2010-0912,0.01055,0.50287
CVE-2010-0913,0.01055,0.50287
CVE-2010-0914,0.01055,0.50287
CVE-2010-0915,0.01055,0.50287
CVE-2010-0916,0.01725,0.7519
CVE-2010-0917,0.6716,0.9904
CVE-2010-0918,0.01018,0.38792
CVE-2010-0919,0.09915,0.94265
CVE-2010-0920,0.01136,0.57949
CVE-2010-0921,0.01213,0.6557
CVE-2010-0922,0.01018,0.38792
CVE-2010-0923,0.01547,0.74085
CVE-2010-0924,0.01055,0.50287
CVE-2010-0925,0.01055,0.50287
CVE-2010-0926,0.55833,0.98734
CVE-2010-0927,0.01055,0.50287
CVE-2010-0928,0.01034,0.39824
CVE-2010-0929,0.01055,0.50287
CVE-2010-0930,0.01055,0.50287
CVE-2010-0931,0.01055,0.50287
CVE-2010-0932,0.01055,0.50287
CVE-2010-0933,0.01055,0.50287
CVE-2010-0934,0.01055,0.50287
CVE-2010-0935,0.01061,0.51015
CVE-2010-0936,0.02945,0.82784
CVE-2010-0937,0.01018,0.38792
CVE-2010-0938,0.01213,0.6557
CVE-2010-0939,0.04187,0.86773
CVE-2010-0940,0.01213,0.6557
CVE-2010-0941,0.01319,0.70416
CVE-2010-0942,0.04187,0.86773
CVE-2010-0943,0.04482,0.88223
CVE-2010-0944,0.04187,0.86773
CVE-2010-0945,0.00986,0.35784
CVE-2010-0946,0.00986,0.35784
CVE-2010-0947,0.01136,0.57949
CVE-2010-0948,0.01139,0.58345
CVE-2010-0949,0.01213,0.6557
CVE-2010-0950,0.01213,0.6557
CVE-2010-0951,0.00986,0.35784
CVE-2010-0952,0.00986,0.35784
CVE-2010-0953,0.04187,0.86773
CVE-2010-0954,0.01319,0.70416
CVE-2010-0955,0.01139,0.58345
CVE-2010-0956,0.01055,0.50287
CVE-2010-0957,0.01213,0.6557
CVE-2010-0958,0.04187,0.86773
CVE-2010-0959,0.01136,0.57949
CVE-2010-0960,0.01104,0.52279
CVE-2010-0961,0.01104,0.52279
CVE-2010-0962,0.01213,0.6557
CVE-2010-0963,0.01213,0.6557
CVE-2010-0964,0.01139,0.58345
CVE-2010-0965,0.01213,0.6557
CVE-2010-0966,0.04187,0.86773
CVE-2010-0967,0.01408,0.72072
CVE-2010-0968,0.01055,0.50287
CVE-2010-0969,0.01319,0.70416
CVE-2010-0970,0.00986,0.35784
CVE-2010-0971,0.0272,0.82077
CVE-2010-0972,0.04187,0.86773
CVE-2010-0973,0.00986,0.35784
CVE-2010-0974,0.01213,0.6557
CVE-2010-0975,0.01136,0.57949
CVE-2010-0976,0.01136,0.57949
CVE-2010-0977,0.01213,0.6557
CVE-2010-0978,0.04482,0.88223
CVE-2010-0979,0.01136,0.57949
CVE-2010-0980,0.01139,0.58345
CVE-2010-0981,0.01139,0.58345
CVE-2010-0982,0.04187,0.86773
CVE-2010-0983,0.0679,0.91793
CVE-2010-0984,0.01213,0.6557
CVE-2010-0985,0.04482,0.88223
CVE-2010-0986,0.07405,0.92247
CVE-2010-0987,0.06681,0.91157
CVE-2010-0988,0.01315,0.67456
CVE-2010-0989,0.01132,0.54372
CVE-2010-0990,0.06523,0.90962
CVE-2010-0991,0.01818,0.76133
CVE-2010-0992,0.01213,0.6557
CVE-2010-0993,0.05302,0.89375
CVE-2010-0994,0.06523,0.90962
CVE-2010-0995,0.06523,0.90962
CVE-2010-0996,0.06739,0.91208
CVE-2010-0997,0.01315,0.67456
CVE-2010-0998,0.1127,0.94787
CVE-2010-0999,0.01319,0.70416
CVE-2010-1000,0.03932,0.8519
CVE-2010-10001,0.00954,0.34522
CVE-2010-1003,0.0679,0.91793
CVE-2010-1004,0.01136,0.57949
CVE-2010-1005,0.01136,0.57949
CVE-2010-1006,0.01055,0.50287
CVE-2010-1007,0.01055,0.50287
CVE-2010-1008,0.01136,0.57949
CVE-2010-1009,0.01055,0.50287
CVE-2010-1010,0.01055,0.50287
CVE-2010-1011,0.01055,0.50287
CVE-2010-1012,0.01055,0.50287
CVE-2010-1013,0.01213,0.6557
CVE-2010-1014,0.01055,0.50287
CVE-2010-1015,0.01213,0.6557
CVE-2010-1016,0.01136,0.57949
CVE-2010-1017,0.01213,0.6557
CVE-2010-1018,0.01055,0.50287
CVE-2010-1019,0.01055,0.50287
CVE-2010-1020,0.01055,0.50287
CVE-2010-1021,0.01213,0.6557
CVE-2010-1022,0.01213,0.6557
CVE-2010-1023,0.01213,0.6557
CVE-2010-1024,0.01213,0.6557
CVE-2010-1025,0.01213,0.6557
CVE-2010-1026,0.01136,0.57949
CVE-2010-1027,0.01136,0.57949
CVE-2010-1028,0.1127,0.94787
CVE-2010-1029,0.38152,0.9788
CVE-2010-1030,0.0095,0.30554
CVE-2010-1031,0.01034,0.39824
CVE-2010-1032,0.0095,0.30554
CVE-2010-1033,0.51781,0.98657
CVE-2010-1034,0.01132,0.54372
CVE-2010-1035,0.0623,0.9031
CVE-2010-1036,0.01213,0.6557
CVE-2010-1037,0.01213,0.6557
CVE-2010-1038,0.01132,0.54372
CVE-2010-1039,0.59146,0.9882
CVE-2010-1040,0.01213,0.6557
CVE-2010-1041,0.01183,0.60428
CVE-2010-1042,0.34135,0.97601
CVE-2010-1043,0.04187,0.86773
CVE-2010-1044,0.00986,0.35784
CVE-2010-1045,0.00986,0.35784
CVE-2010-1046,0.00986,0.35784
CVE-2010-1047,0.00986,0.35784
CVE-2010-1048,0.01136,0.57949
CVE-2010-1049,0.01136,0.57949
CVE-2010-1050,0.01136,0.57949
CVE-2010-1051,0.01055,0.50287
CVE-2010-1052,0.01055,0.50287
CVE-2010-1053,0.00986,0.35784
CVE-2010-1054,0.01139,0.58345
CVE-2010-1055,0.0679,0.91793
CVE-2010-1056,0.0679,0.91793
CVE-2010-1057,0.0679,0.91793
CVE-2010-1058,0.0679,0.91793
CVE-2010-1059,0.01136,0.57949
CVE-2010-1060,0.04187,0.86773
CVE-2010-1061,0.01055,0.50287
CVE-2010-1062,0.04187,0.86773
CVE-2010-1063,0.01055,0.50287
CVE-2010-1064,0.04187,0.86773
CVE-2010-1065,0.04187,0.86773
CVE-2010-1066,0.04187,0.86773
CVE-2010-1067,0.04187,0.86773
CVE-2010-1068,0.01213,0.6557
CVE-2010-1069,0.00986,0.35784
CVE-2010-1070,0.01139,0.58345
CVE-2010-1071,0.00986,0.35784
CVE-2010-1072,0.01213,0.6557
CVE-2010-1073,0.00986,0.35784
CVE-2010-1074,0.01319,0.70416
CVE-2010-1075,0.01136,0.57949
CVE-2010-1076,0.01055,0.50287
CVE-2010-1077,0.04187,0.86773
CVE-2010-1078,0.00986,0.35784
CVE-2010-1079,0.01136,0.57949
CVE-2010-1080,0.01213,0.6557
CVE-2010-1081,0.04482,0.88223
CVE-2010-1082,0.01055,0.50287
CVE-2010-1083,0.01547,0.74085
CVE-2010-1084,0.01955,0.77585
CVE-2010-1085,0.02686,0.82061
CVE-2010-1086,0.02686,0.82061
CVE-2010-1087,0.02686,0.82061
CVE-2010-1088,0.02686,0.82061
CVE-2010-1089,0.00986,0.35784
CVE-2010-1090,0.01213,0.6557
CVE-2010-1091,0.01213,0.6557
CVE-2010-1092,0.01139,0.58345
CVE-2010-1093,0.00986,0.35784
CVE-2010-1094,0.00986,0.35784
CVE-2010-1095,0.01917,0.77071
CVE-2010-1096,0.01136,0.57949
CVE-2010-1097,0.01213,0.6557
CVE-2010-1098,0.23328,0.96537
CVE-2010-1099,0.01055,0.50287
CVE-2010-1100,0.01055,0.50287
CVE-2010-1101,0.01055,0.50287
CVE-2010-1102,0.01055,0.50287
CVE-2010-1103,0.01055,0.50287
CVE-2010-1104,0.01319,0.70416
CVE-2010-1105,0.01213,0.6557
CVE-2010-1106,0.04187,0.86773
CVE-2010-1107,0.01232,0.66248
CVE-2010-1108,0.01132,0.54372
CVE-2010-1109,0.00986,0.35784
CVE-2010-1110,0.01213,0.6557
CVE-2010-1111,0.01917,0.77071
CVE-2010-1112,0.01917,0.77071
CVE-2010-1113,0.01136,0.57949
CVE-2010-1114,0.01136,0.57949
CVE-2010-1115,0.01136,0.57949
CVE-2010-1116,0.01213,0.6557
CVE-2010-1117,0.25368,0.96838
CVE-2010-1118,0.59074,0.98816
CVE-2010-1119,0.404,0.98043
CVE-2010-1120,0.05106,0.89045
CVE-2010-1121,0.12248,0.95092
CVE-2010-1122,0.01136,0.57949
CVE-2010-1123,0.0089,0.2856
CVE-2010-1124,0.00885,0.26162
CVE-2010-1125,0.04358,0.87435
CVE-2010-1126,0.01213,0.6557
CVE-2010-1127,0.37479,0.97831
CVE-2010-1128,0.07197,0.92068
CVE-2010-1129,0.01537,0.73595
CVE-2010-1130,0.12567,0.95329
CVE-2010-1131,0.04187,0.86773
CVE-2010-1132,0.12567,0.95329
CVE-2010-1133,0.01319,0.70416
CVE-2010-1134,0.01319,0.70416
CVE-2010-1135,0.01213,0.6557
CVE-2010-1136,0.01319,0.70416
CVE-2010-1137,0.01319,0.70416
CVE-2010-1138,0.02172,0.79917
CVE-2010-1139,0.01282,0.67298
CVE-2010-1140,0.01104,0.52279
CVE-2010-1141,0.08336,0.93297
CVE-2010-1142,0.01282,0.67298
CVE-2010-1143,0.02945,0.82784
CVE-2010-1146,0.01924,0.77129
CVE-2010-1147,0.32173,0.97492
CVE-2010-1148,0.01282,0.67298
CVE-2010-1149,0.01282,0.67298
CVE-2010-1150,0.01633,0.74922
CVE-2010-1151,0.0221,0.80318
CVE-2010-1152,0.12567,0.95329
CVE-2010-1153,0.01136,0.57949
CVE-2010-1155,0.02686,0.82061
CVE-2010-1156,0.04358,0.87435
CVE-2010-1157,0.38228,0.97884
CVE-2010-1158,0.01108,0.53389
CVE-2010-1159,0.09424,0.93963
CVE-2010-1160,0.01034,0.39824
CVE-2010-1161,0.01034,0.39824
CVE-2010-1162,0.01547,0.74085
CVE-2010-1163,0.01547,0.74085
CVE-2010-1164,0.01776,0.75902
CVE-2010-1165,0.06739,0.91208
CVE-2010-1166,0.06248,0.90327
CVE-2010-1167,0.01213,0.6557
CVE-2010-1168,0.04421,0.87629
CVE-2010-1169,0.02528,0.8112
CVE-2010-1170,0.02528,0.8112
CVE-2010-1171,0.01232,0.66248
CVE-2010-1172,0.01547,0.74085
CVE-2010-1173,0.12567,0.95329
CVE-2010-1174,0.04187,0.86773
CVE-2010-1175,0.12505,0.95162
CVE-2010-1176,0.05745,0.89863
CVE-2010-1177,0.05106,0.89046
CVE-2010-1178,0.01055,0.50287
CVE-2010-1179,0.05745,0.89863
CVE-2010-1180,0.05745,0.89863
CVE-2010-1181,0.04869,0.88822
CVE-2010-1182,0.00954,0.34522
CVE-2010-1183,0.01761,0.7555
CVE-2010-1184,0.16435,0.95931
CVE-2010-1185,0.20096,0.96253
CVE-2010-1186,0.02945,0.82784
CVE-2010-1187,0.01282,0.67298
CVE-2010-1188,0.03779,0.84781
CVE-2010-1189,0.01108,0.53389
CVE-2010-1190,0.01408,0.72072
CVE-2010-1191,0.01136,0.57949
CVE-2010-1192,0.01018,0.38792
CVE-2010-1193,0.01213,0.6557
CVE-2010-1194,0.01213,0.6557
CVE-2010-1195,0.01213,0.6557
CVE-2010-1196,0.12248,0.95092
CVE-2010-1197,0.03932,0.8519
CVE-2010-1198,0.12248,0.95092
CVE-2010-1199,0.47944,0.98484
CVE-2010-1200,0.06604,0.91138
CVE-2010-1201,0.06604,0.91138
CVE-2010-1202,0.08228,0.93218
CVE-2010-1203,0.08228,0.93218
CVE-2010-1204,0.01213,0.6557
CVE-2010-1206,0.01319,0.70416
CVE-2010-1207,0.01136,0.57949
CVE-2010-1208,0.07777,0.92953
CVE-2010-1209,0.07777,0.92953
CVE-2010-1210,0.01136,0.57949
CVE-2010-1211,0.06604,0.91138
CVE-2010-1212,0.04146,0.85406
CVE-2010-1213,0.01136,0.57949
CVE-2010-1214,0.07687,0.92751
CVE-2010-1215,0.01136,0.57949
CVE-2010-1216,0.04187,0.86773
CVE-2010-1217,0.04482,0.88223
CVE-2010-1218,0.01213,0.6557
CVE-2010-1219,0.04187,0.86773
CVE-2010-1221,0.01136,0.57949
CVE-2010-1222,0.01136,0.57949
CVE-2010-1223,0.07777,0.92953
CVE-2010-1224,0.02172,0.79917
CVE-2010-1225,0.51839,0.98658
CVE-2010-1226,0.04187,0.86773
CVE-2010-1227,0.01213,0.6557
CVE-2010-1228,0.01018,0.38792
CVE-2010-1229,0.01018,0.38792
CVE-2010-1230,0.01018,0.38792
CVE-2010-1231,0.01136,0.57949
CVE-2010-1232,0.01136,0.57949
CVE-2010-1233,0.01319,0.70416
CVE-2010-1234,0.01136,0.57949
CVE-2010-1235,0.01136,0.57949
CVE-2010-1236,0.01955,0.77585
CVE-2010-1237,0.01136,0.57949
CVE-2010-1238,0.01213,0.6557
CVE-2010-1239,0.01319,0.70416
CVE-2010-1241,0.10949,0.94488
CVE-2010-1242,0.01213,0.6557
CVE-2010-1243,0.01018,0.38792
CVE-2010-1244,0.01484,0.72722
CVE-2010-1245,0.72051,0.99188
CVE-2010-1246,0.58315,0.98794
CVE-2010-1247,0.60981,0.98872
CVE-2010-1248,0.74514,0.99276
CVE-2010-1249,0.62357,0.98902
CVE-2010-1250,0.60981,0.98872
CVE-2010-1251,0.58315,0.98794
CVE-2010-1252,0.58315,0.98794
CVE-2010-1253,0.62357,0.98902
CVE-2010-1254,0.02354,0.80648
CVE-2010-1255,0.05481,0.89513
CVE-2010-1256,0.53588,0.98686
CVE-2010-1257,0.33336,0.97561
CVE-2010-1258,0.27337,0.97058
CVE-2010-1259,0.60981,0.98872
CVE-2010-1260,0.60981,0.98872
CVE-2010-1261,0.60981,0.98872
CVE-2010-1262,0.6716,0.9904
CVE-2010-1263,0.6716,0.9904
CVE-2010-1264,0.64702,0.98973
CVE-2010-1265,0.00986,0.35784
CVE-2010-1266,0.01319,0.70416
CVE-2010-1267,0.01213,0.6557
CVE-2010-1268,0.0679,0.91793
CVE-2010-1269,0.01213,0.6557
CVE-2010-1270,0.01319,0.70416
CVE-2010-1271,0.01139,0.58345
CVE-2010-1272,0.04187,0.86773
CVE-2010-1273,0.01018,0.38792
CVE-2010-1274,0.01213,0.6557
CVE-2010-1275,0.01136,0.57949
CVE-2010-1276,0.01055,0.50287
CVE-2010-1277,0.01974,0.7812
CVE-2010-1278,0.06523,0.90962
CVE-2010-1279,0.06309,0.90494
CVE-2010-1280,0.27189,0.97046
CVE-2010-1281,0.08609,0.93636
CVE-2010-1282,0.01319,0.70416
CVE-2010-1283,0.07405,0.92247
CVE-2010-1284,0.03444,0.84021
CVE-2010-1285,0.03961,0.85248
CVE-2010-1286,0.03444,0.84021
CVE-2010-1287,0.03444,0.84021
CVE-2010-1288,0.03601,0.84249
CVE-2010-1289,0.03444,0.84021
CVE-2010-1290,0.03444,0.84021
CVE-2010-1291,0.03444,0.84021
CVE-2010-1292,0.08332,0.93284
CVE-2010-1293,0.01136,0.57949
CVE-2010-1294,0.01052,0.41643
CVE-2010-1295,0.03444,0.84021
CVE-2010-1296,0.77571,0.99388
CVE-2010-1297,0.72538,0.99207
CVE-2010-1298,0.01055,0.50287
CVE-2010-1299,0.10995,0.94626999999999994
CVE-2010-1300,0.04386,0.87542
CVE-2010-1301,0.01139,0.58345
CVE-2010-1302,0.04482,0.88223
CVE-2010-1303,0.01132,0.54372
CVE-2010-1304,0.04187,0.86773
CVE-2010-1305,0.0679,0.91793
CVE-2010-1306,0.04482,0.88223
CVE-2010-1307,0.0679,0.91793
CVE-2010-1308,0.04187,0.86773
CVE-2010-1309,0.01055,0.50287
CVE-2010-1310,0.01136,0.57949
CVE-2010-1311,0.03779,0.84781
CVE-2010-1312,0.04482,0.88223
CVE-2010-1313,0.04187,0.86773
CVE-2010-1314,0.04187,0.86773
CVE-2010-1315,0.04187,0.86773
CVE-2010-1316,0.06211,0.90307
CVE-2010-1317,0.01213,0.6557
CVE-2010-1318,0.72015,0.99186
CVE-2010-1319,0.06523,0.90962
CVE-2010-1320,0.32108,0.97489
CVE-2010-1321,0.02528,0.8112
CVE-2010-1322,0.05029,0.8901
CVE-2010-1323,0.04358,0.87435
CVE-2010-1324,0.04358,0.87435
CVE-2010-1325,0.01213,0.6557
CVE-2010-1326,0.07777,0.92953
CVE-2010-1327,0.00986,0.35784
CVE-2010-1328,0.01136,0.57949
CVE-2010-1329,0.01213,0.6557
CVE-2010-1330,0.01319,0.70416
CVE-2010-1331,0.01213,0.6557
CVE-2010-1332,0.01136,0.57949
CVE-2010-1333,0.01776,0.75902
CVE-2010-1334,0.03696,0.84331
CVE-2010-1335,0.10995,0.94626999999999994
CVE-2010-1336,0.01139,0.58345
CVE-2010-1337,0.04187,0.86773
CVE-2010-1338,0.028,0.82308
CVE-2010-1339,0.01055,0.50287
CVE-2010-1340,0.04482,0.88223
CVE-2010-1341,0.00986,0.35784
CVE-2010-1342,0.04187,0.86773
CVE-2010-1343,0.00986,0.35784
CVE-2010-1344,0.01319,0.70416
CVE-2010-1345,0.04187,0.86773
CVE-2010-1346,0.01139,0.58345
CVE-2010-1347,0.01034,0.39824
CVE-2010-1348,0.01108,0.53389
CVE-2010-1349,0.40588,0.98099
CVE-2010-1350,0.01139,0.58345
CVE-2010-1351,0.04187,0.86773
CVE-2010-1352,0.04187,0.86773
CVE-2010-1353,0.0679,0.91793
CVE-2010-1354,0.04187,0.86773
CVE-2010-1355,0.01055,0.50287
CVE-2010-1356,0.03696,0.84331
CVE-2010-1357,0.01213,0.6557
CVE-2010-1358,0.01061,0.51015
CVE-2010-1359,0.01055,0.50287
CVE-2010-1360,0.04187,0.86773
CVE-2010-1361,0.01917,0.77071
CVE-2010-1362,0.01132,0.54372
CVE-2010-1363,0.00986,0.35784
CVE-2010-1364,0.00986,0.35784
CVE-2010-1365,0.00986,0.35784
CVE-2010-1366,0.00986,0.35784
CVE-2010-1367,0.01055,0.50287
CVE-2010-1368,0.00986,0.35784
CVE-2010-1369,0.00986,0.35784
CVE-2010-1370,0.01055,0.50287
CVE-2010-1371,0.01055,0.50287
CVE-2010-1372,0.00986,0.35784
CVE-2010-1373,0.01319,0.70416
CVE-2010-1374,0.01319,0.70416
CVE-2010-1375,0.01034,0.39824
CVE-2010-1376,0.03914,0.84984
CVE-2010-1377,0.02729,0.82118
CVE-2010-1378,0.01055,0.50287
CVE-2010-1379,0.01319,0.70416
CVE-2010-1380,0.0405,0.85313
CVE-2010-1381,0.01232,0.66248
CVE-2010-1382,0.01232,0.66248
CVE-2010-1383,0.03432,0.83945
CVE-2010-1384,0.03407,0.83908
CVE-2010-1385,0.03914,0.84984
CVE-2010-1386,0.01537,0.73595
CVE-2010-1387,0.06154,0.90253
CVE-2010-1388,0.01955,0.77585
CVE-2010-1389,0.03407,0.83908
CVE-2010-1390,0.03932,0.8519
CVE-2010-1391,0.03407,0.83908
CVE-2010-1392,0.07677,0.92624
CVE-2010-1393,0.04358,0.87435
CVE-2010-1394,0.03932,0.8519
CVE-2010-1395,0.03932,0.8519
CVE-2010-1396,0.07677,0.92624
CVE-2010-1397,0.07677,0.92624
CVE-2010-1398,0.06154,0.90253
CVE-2010-1399,0.06154,0.90253
CVE-2010-1400,0.07677,0.92624
CVE-2010-1401,0.07677,0.92624
CVE-2010-1402,0.07677,0.92624
CVE-2010-1403,0.06154,0.90253
CVE-2010-1404,0.07677,0.92624
CVE-2010-1405,0.07677,0.92624
CVE-2010-1406,0.02686,0.82061
CVE-2010-1407,0.03407,0.83908
CVE-2010-1408,0.04358,0.87435
CVE-2010-1409,0.03932,0.8519
CVE-2010-1410,0.06154,0.90253
CVE-2010-1412,0.07677,0.92624
CVE-2010-1413,0.02686,0.82061
CVE-2010-1414,0.07677,0.92624
CVE-2010-1415,0.06154,0.90253
CVE-2010-1416,0.04358,0.87435
CVE-2010-1417,0.06154,0.90253
CVE-2010-1418,0.03932,0.8519
CVE-2010-1419,0.07677,0.92624
CVE-2010-1420,0.01055,0.50287
CVE-2010-1421,0.09174,0.9391
CVE-2010-1422,0.03932,0.8519
CVE-2010-1423,0.1127,0.94787
CVE-2010-1424,0.07525,0.92398
CVE-2010-1425,0.01319,0.70416
CVE-2010-1426,0.01213,0.6557
CVE-2010-1427,0.01213,0.6557
CVE-2010-1428,0.02172,0.79917
CVE-2010-1429,0.03779,0.84781
CVE-2010-1431,0.04386,0.87542
CVE-2010-1432,0.00885,0.26162
CVE-2010-1433,0.00885,0.26162
CVE-2010-1434,0.00885,0.26162
CVE-2010-1435,0.00885,0.26162
CVE-2010-1436,0.01104,0.52279
CVE-2010-1437,0.0322,0.83442
CVE-2010-1438,0.0095,0.30554
CVE-2010-1439,0.01282,0.67298
CVE-2010-1440,0.04967,0.88981
CVE-2010-1441,0.0556,0.89553
CVE-2010-1442,0.0556,0.89553
CVE-2010-1443,0.01136,0.57949
CVE-2010-1444,0.04291,0.87022
CVE-2010-1445,0.0556,0.89553
CVE-2010-1446,0.01282,0.67298
CVE-2010-1447,0.03481,0.84053
CVE-2010-1448,0.03407,0.83908
CVE-2010-1449,0.03779,0.84781
CVE-2010-1450,0.03779,0.84781
CVE-2010-1451,0.01034,0.39824
CVE-2010-1452,0.07344,0.92237
CVE-2010-1453,0.01917,0.77071
CVE-2010-1454,0.01213,0.6557
CVE-2010-1455,0.03407,0.83908
CVE-2010-1457,0.01924,0.77129
CVE-2010-1458,0.15607,0.95873
CVE-2010-1459,0.01319,0.70416
CVE-2010-1460,0.04187,0.86773
CVE-2010-1461,0.04187,0.86773
CVE-2010-1462,0.00954,0.34522
CVE-2010-1463,0.00954,0.34522
CVE-2010-1464,0.01136,0.57949
CVE-2010-1465,0.72015,0.99186
CVE-2010-1466,0.01213,0.6557
CVE-2010-1467,0.01213,0.6557
CVE-2010-1468,0.00986,0.35784
CVE-2010-1469,0.04187,0.86773
CVE-2010-1470,0.04187,0.86773
CVE-2010-1471,0.04187,0.86773
CVE-2010-1472,0.04187,0.86773
CVE-2010-1473,0.04187,0.86773
CVE-2010-1474,0.04482,0.88223
CVE-2010-1475,0.04482,0.88223
CVE-2010-1476,0.04482,0.88223
CVE-2010-1477,0.01319,0.70416
CVE-2010-1478,0.04187,0.86773
CVE-2010-1479,0.01319,0.70416
CVE-2010-1480,0.01136,0.57949
CVE-2010-1481,0.01132,0.54372
CVE-2010-1482,0.01213,0.6557
CVE-2010-1486,0.01917,0.77071
CVE-2010-1487,0.0095,0.30554
CVE-2010-1488,0.0095,0.30554
CVE-2010-1489,0.2187,0.96418
CVE-2010-1490,0.01018,0.38792
CVE-2010-1491,0.04187,0.86773
CVE-2010-1492,0.01136,0.57949
CVE-2010-1493,0.01319,0.70416
CVE-2010-1494,0.01319,0.70416
CVE-2010-1495,0.0679,0.91793
CVE-2010-1496,0.01139,0.58345
CVE-2010-1497,0.01776,0.75902
CVE-2010-1498,0.02172,0.79917
CVE-2010-1499,0.01139,0.58345
CVE-2010-1500,0.01018,0.38792
CVE-2010-1502,0.01213,0.6557
CVE-2010-1503,0.01319,0.70416
CVE-2010-1504,0.01319,0.70416
CVE-2010-1505,0.01108,0.53389
CVE-2010-1506,0.01108,0.53389
CVE-2010-1507,0.01213,0.6557
CVE-2010-1508,0.03914,0.84984
CVE-2010-1509,0.0547,0.89492
CVE-2010-1510,0.0547,0.89492
CVE-2010-1511,0.03779,0.84781
CVE-2010-1512,0.04358,0.87435
CVE-2010-1513,0.06523,0.90962
CVE-2010-1514,0.01132,0.54372
CVE-2010-1515,0.01213,0.6557
CVE-2010-1516,0.06309,0.90494
CVE-2010-1517,0.01055,0.50287
CVE-2010-1518,0.04465,0.87733
CVE-2010-1519,0.0292,0.82516
CVE-2010-1520,0.01319,0.70416
CVE-2010-1521,0.01319,0.70416
CVE-2010-1522,0.01408,0.72072
CVE-2010-1523,0.06309,0.90494
CVE-2010-1524,0.06309,0.90494
CVE-2010-1525,0.04291,0.87022
CVE-2010-1526,0.01818,0.76133
CVE-2010-1527,0.76727,0.99361
CVE-2010-1528,0.04482,0.88223
CVE-2010-1529,0.00986,0.35784
CVE-2010-1530,0.01132,0.54372
CVE-2010-1531,0.0679,0.91793
CVE-2010-1532,0.04187,0.86773
CVE-2010-1533,0.04187,0.86773
CVE-2010-1534,0.04482,0.88223
CVE-2010-1535,0.04187,0.86773
CVE-2010-1536,0.01132,0.54372
CVE-2010-1537,0.04187,0.86773
CVE-2010-1538,0.00986,0.35784
CVE-2010-1539,0.01232,0.66248
CVE-2010-1540,0.04187,0.86773
CVE-2010-1541,0.01213,0.6557
CVE-2010-1542,0.01136,0.57949
CVE-2010-1543,0.01213,0.6557
CVE-2010-1544,0.04187,0.86773
CVE-2010-1546,0.01815,0.76117
CVE-2010-1547,0.01319,0.70416
CVE-2010-1548,0.01232,0.66248
CVE-2010-1549,0.87067,0.99719
CVE-2010-1550,0.25143,0.96828
CVE-2010-1551,0.25374,0.96854
CVE-2010-1552,0.85976,0.99678
CVE-2010-1553,0.85976,0.99678
CVE-2010-1554,0.87248,0.99731
CVE-2010-1555,0.85976,0.99678
CVE-2010-1556,0.01136,0.57949
CVE-2010-1557,0.01136,0.57949
CVE-2010-1558,0.0095,0.30554
CVE-2010-1559,0.01136,0.57949
CVE-2010-1560,0.01315,0.67456
CVE-2010-1561,0.01136,0.57949
CVE-2010-1562,0.01055,0.50287
CVE-2010-1563,0.01136,0.57949
CVE-2010-1565,0.01136,0.57949
CVE-2010-1567,0.01136,0.57949
CVE-2010-1568,0.01055,0.50287
CVE-2010-1570,0.01213,0.6557
CVE-2010-1571,0.01213,0.6557
CVE-2010-1572,0.0089,0.2856
CVE-2010-1573,0.01319,0.70416
CVE-2010-1574,0.01408,0.72072
CVE-2010-1575,0.01213,0.6557
CVE-2010-1576,0.01319,0.70416
CVE-2010-1577,0.01319,0.70416
CVE-2010-1578,0.01055,0.50287
CVE-2010-1579,0.01055,0.50287
CVE-2010-1580,0.01055,0.50287
CVE-2010-1581,0.01136,0.57949
CVE-2010-1583,0.00986,0.35784
CVE-2010-1584,0.01483,0.7269
CVE-2010-1585,0.01974,0.7812
CVE-2010-1586,0.04187,0.86773
CVE-2010-1587,0.74712,0.99281
CVE-2010-1588,0.01213,0.6557
CVE-2010-1589,0.01213,0.6557
CVE-2010-1590,0.01055,0.50287
CVE-2010-1591,0.01924,0.77129
CVE-2010-1592,0.0095,0.30554
CVE-2010-1593,0.03407,0.83908
CVE-2010-1594,0.01213,0.6557
CVE-2010-1595,0.01213,0.6557
CVE-2010-1596,0.01319,0.70416
CVE-2010-1597,0.40588,0.98099
CVE-2010-1598,0.01319,0.70416
CVE-2010-1599,0.00986,0.35784
CVE-2010-1600,0.01139,0.58345
CVE-2010-1601,0.0679,0.91793
CVE-2010-1602,0.04187,0.86773
CVE-2010-1603,0.04187,0.86773
CVE-2010-1604,0.01213,0.6557
CVE-2010-1605,0.01055,0.50287
CVE-2010-1606,0.01136,0.57949
CVE-2010-1607,0.04482,0.88223
CVE-2010-1608,0.06523,0.90962
CVE-2010-1609,0.01213,0.6557
CVE-2010-1610,0.01213,0.6557
CVE-2010-1611,0.04482,0.88223
CVE-2010-1612,0.01408,0.72072
CVE-2010-1613,0.01136,0.57949
CVE-2010-1614,0.01136,0.57949
CVE-2010-1615,0.01213,0.6557
CVE-2010-1616,0.0095,0.30554
CVE-2010-1617,0.01132,0.54372
CVE-2010-1618,0.01213,0.6557
CVE-2010-1619,0.01136,0.57949
CVE-2010-1620,0.01755,0.75287
CVE-2010-1621,0.01213,0.6557
CVE-2010-1623,0.07344,0.92237
CVE-2010-1624,0.03779,0.84781
CVE-2010-1625,0.01319,0.70416
CVE-2010-1626,0.01282,0.67298
CVE-2010-1627,0.01136,0.57949
CVE-2010-1628,0.02768,0.82197
CVE-2010-1629,0.01213,0.6557
CVE-2010-1630,0.01018,0.38792
CVE-2010-1632,0.07344,0.92237
CVE-2010-1633,0.01537,0.73595
CVE-2010-1634,0.02686,0.82061
CVE-2010-1635,0.02172,0.79917
CVE-2010-1636,0.01924,0.77129
CVE-2010-1637,0.02528,0.8112
CVE-2010-1638,0.01136,0.57949
CVE-2010-1639,0.01955,0.77585
CVE-2010-1640,0.01955,0.77585
CVE-2010-1641,0.01547,0.74085
CVE-2010-1642,0.02172,0.79917
CVE-2010-1643,0.01282,0.67298
CVE-2010-1644,0.01955,0.77585
CVE-2010-1645,0.01815,0.76117
CVE-2010-1646,0.01547,0.74085
CVE-2010-1647,0.01213,0.6557
CVE-2010-1648,0.01213,0.6557
CVE-2010-1649,0.01213,0.6557
CVE-2010-1650,0.0095,0.30554
CVE-2010-1651,0.01104,0.52279
CVE-2010-1652,0.04482,0.88223
CVE-2010-1653,0.04482,0.88223
CVE-2010-1654,0.00986,0.35784
CVE-2010-1655,0.01213,0.6557
CVE-2010-1656,0.00986,0.35784
CVE-2010-1657,0.0679,0.91793
CVE-2010-1658,0.0679,0.91793
CVE-2010-1659,0.04482,0.88223
CVE-2010-1660,0.01139,0.58345
CVE-2010-1661,0.01213,0.6557
CVE-2010-1662,0.01213,0.6557
CVE-2010-1663,0.04482,0.88223
CVE-2010-1664,0.02172,0.79917
CVE-2010-1665,0.02172,0.79917
CVE-2010-1666,0.01018,0.38792
CVE-2010-1667,0.01319,0.70416
CVE-2010-1668,0.01319,0.70416
CVE-2010-1669,0.01213,0.6557
CVE-2010-1670,0.01213,0.6557
CVE-2010-1671,0.0095,0.30554
CVE-2010-1673,0.01055,0.50287
CVE-2010-1674,0.03779,0.84781
CVE-2010-1675,0.03779,0.84781
CVE-2010-1676,0.08228,0.93218
CVE-2010-1677,0.0679,0.91793
CVE-2010-1678,0.00954,0.34522
CVE-2010-1679,0.03407,0.83908
CVE-2010-1681,0.86472,0.99699
CVE-2010-1685,0.07687,0.92751
CVE-2010-1686,0.07437,0.92309
CVE-2010-1687,0.06211,0.90307
CVE-2010-1688,0.15607,0.95873
CVE-2010-1689,0.13638,0.95559
CVE-2010-1690,0.13638,0.95559
CVE-2010-1693,0.01034,0.39824
CVE-2010-1701,0.00986,0.35784
CVE-2010-1702,0.00986,0.35784
CVE-2010-1703,0.01319,0.70416
CVE-2010-1704,0.01319,0.70416
CVE-2010-1705,0.00986,0.35784
CVE-2010-1706,0.01139,0.58345
CVE-2010-1707,0.01055,0.50287
CVE-2010-1708,0.00986,0.35784
CVE-2010-1709,0.01213,0.6557
CVE-2010-1710,0.01319,0.70416
CVE-2010-1711,0.01319,0.70416
CVE-2010-1712,0.03129,0.8316
CVE-2010-1713,0.00986,0.35784
CVE-2010-1714,0.0679,0.91793
CVE-2010-1715,0.04482,0.88223
CVE-2010-1716,0.01139,0.58345
CVE-2010-1717,0.04187,0.86773
CVE-2010-1718,0.04187,0.86773
CVE-2010-1719,0.0679,0.91793
CVE-2010-1720,0.01139,0.58345
CVE-2010-1721,0.01139,0.58345
CVE-2010-1722,0.04482,0.88223
CVE-2010-1723,0.04187,0.86773
CVE-2010-1724,0.04894,0.88891
CVE-2010-1725,0.00986,0.35784
CVE-2010-1726,0.00986,0.35784
CVE-2010-1727,0.00986,0.35784
CVE-2010-1728,0.07544,0.92484
CVE-2010-1729,0.01213,0.6557
CVE-2010-1730,0.01055,0.50287
CVE-2010-1731,0.01055,0.50287
CVE-2010-1732,0.01055,0.50287
CVE-2010-1733,0.01213,0.6557
CVE-2010-1734,0.02421,0.80758
CVE-2010-1735,0.02283,0.80608
CVE-2010-1736,0.01213,0.6557
CVE-2010-1737,0.04482,0.88223
CVE-2010-1739,0.00986,0.35784
CVE-2010-1740,0.00986,0.35784
CVE-2010-1741,0.00986,0.35784
CVE-2010-1742,0.01319,0.70416
CVE-2010-1743,0.01319,0.70416
CVE-2010-1744,0.01139,0.58345
CVE-2010-1746,0.01917,0.77071
CVE-2010-1748,0.12567,0.95329
CVE-2010-1749,0.07677,0.92624
CVE-2010-1750,0.03914,0.84984
CVE-2010-1751,0.01213,0.6557
CVE-2010-1752,0.03914,0.84984
CVE-2010-1753,0.03261,0.83509
CVE-2010-1754,0.0095,0.30554
CVE-2010-1755,0.01018,0.38792
CVE-2010-1756,0.01136,0.57949
CVE-2010-1757,0.02172,0.79917
CVE-2010-1758,0.07677,0.92624
CVE-2010-1759,0.07677,0.92624
CVE-2010-1760,0.01537,0.73595
CVE-2010-1761,0.07677,0.92624
CVE-2010-1762,0.03407,0.83908
CVE-2010-1763,0.01537,0.73595
CVE-2010-1764,0.02686,0.82061
CVE-2010-1766,0.02686,0.82061
CVE-2010-1767,0.03407,0.83908
CVE-2010-1768,0.0095,0.30554
CVE-2010-1769,0.07035,0.91906
CVE-2010-1770,0.06154,0.90253
CVE-2010-1771,0.07677,0.92624
CVE-2010-1772,0.05002,0.89003
CVE-2010-1773,0.05857,0.90058
CVE-2010-1774,0.06154,0.90253
CVE-2010-1775,0.0095,0.30554
CVE-2010-1776,0.01055,0.50287
CVE-2010-1777,0.03261,0.83509
CVE-2010-1778,0.01213,0.6557
CVE-2010-1780,0.07677,0.92624
CVE-2010-1781,0.06154,0.90253
CVE-2010-1782,0.06154,0.90253
CVE-2010-1783,0.06154,0.90253
CVE-2010-1784,0.06154,0.90253
CVE-2010-1785,0.06154,0.90253
CVE-2010-1786,0.07677,0.92624
CVE-2010-1787,0.06154,0.90253
CVE-2010-1788,0.06154,0.90253
CVE-2010-1789,0.06154,0.90253
CVE-2010-1790,0.06154,0.90253
CVE-2010-1791,0.06154,0.90253
CVE-2010-1792,0.06154,0.90253
CVE-2010-1793,0.07677,0.92624
CVE-2010-1794,0.0089,0.2856
CVE-2010-1795,0.01319,0.70416
CVE-2010-1796,0.01213,0.6557
CVE-2010-1797,0.43647,0.98213
CVE-2010-1799,0.66083,0.98995
CVE-2010-1800,0.00954,0.34522
CVE-2010-1801,0.03261,0.83509
CVE-2010-1802,0.00954,0.34522
CVE-2010-1803,0.01136,0.57949
CVE-2010-1804,0.01136,0.57949
CVE-2010-1805,0.0095,0.30554
CVE-2010-1806,0.04169,0.85428
CVE-2010-1807,0.55768,0.98734
CVE-2010-1808,0.03261,0.83509
CVE-2010-1809,0.00954,0.34522
CVE-2010-1810,0.0089,0.2856
CVE-2010-1811,0.04169,0.85428
CVE-2010-1812,0.06154,0.90253
CVE-2010-1813,0.37312,0.97821
CVE-2010-1814,0.06154,0.90253
CVE-2010-1815,0.06154,0.90253
CVE-2010-1816,0.01624,0.74891
CVE-2010-1817,0.03261,0.83509
CVE-2010-1818,0.73736,0.99253
CVE-2010-1819,0.04733,0.88697
CVE-2010-1820,0.01213,0.6557
CVE-2010-1821,0.00885,0.26162
CVE-2010-1822,0.05455,0.89455
CVE-2010-1823,0.01955,0.77585
CVE-2010-1824,0.06154,0.90253
CVE-2010-1825,0.01319,0.70416
CVE-2010-1828,0.01136,0.57949
CVE-2010-1829,0.04708,0.88654
CVE-2010-1830,0.01136,0.57949
CVE-2010-1831,0.04935,0.88902
CVE-2010-1832,0.04935,0.88902
CVE-2010-1833,0.03261,0.83509
CVE-2010-1834,0.00954,0.34522
CVE-2010-1836,0.03261,0.83509
CVE-2010-1837,0.03261,0.83509
CVE-2010-1838,0.01213,0.6557
CVE-2010-1840,0.05942,0.90102
CVE-2010-1841,0.03261,0.83509
CVE-2010-1842,0.03261,0.83509
CVE-2010-1843,0.01319,0.70416
CVE-2010-1844,0.01213,0.6557
CVE-2010-1845,0.03261,0.83509
CVE-2010-1846,0.03261,0.83509
CVE-2010-1847,0.0089,0.2856
CVE-2010-1848,0.02186,0.8012
CVE-2010-1849,0.02172,0.79917
CVE-2010-1850,0.08336,0.93297
CVE-2010-1851,0.00885,0.26162
CVE-2010-1852,0.0491,0.88893
CVE-2010-1853,0.04967,0.88981
CVE-2010-1854,0.01055,0.50287
CVE-2010-1855,0.028,0.82308
CVE-2010-1856,0.01917,0.77071
CVE-2010-1857,0.01136,0.57949
CVE-2010-1858,0.04482,0.88223
CVE-2010-1859,0.00986,0.35784
CVE-2010-1860,0.01018,0.38792
CVE-2010-1861,0.00885,0.26162
CVE-2010-1862,0.01018,0.38792
CVE-2010-1863,0.01055,0.50287
CVE-2010-1864,0.01018,0.38792
CVE-2010-1865,0.02172,0.79917
CVE-2010-1866,0.04187,0.86773
CVE-2010-1867,0.01319,0.70416
CVE-2010-1868,0.0292,0.82516
CVE-2010-1869,0.08822,0.93667
CVE-2010-1870,0.81203,0.99509
CVE-2010-1872,0.01917,0.77071
CVE-2010-1873,0.01139,0.58345
CVE-2010-1874,0.00986,0.35784
CVE-2010-1875,0.04482,0.88223
CVE-2010-1876,0.00986,0.35784
CVE-2010-1877,0.00986,0.35784
CVE-2010-1878,0.04187,0.86773
CVE-2010-1879,0.38714,0.97907
CVE-2010-1880,0.58315,0.98794
CVE-2010-1881,0.38845,0.97925
CVE-2010-1882,0.49719,0.98611
CVE-2010-1883,0.49719,0.98611
CVE-2010-1885,0.83389,0.99579
CVE-2010-1886,0.01478,0.72678
CVE-2010-1887,0.02116,0.79124
CVE-2010-1888,0.02116,0.79124
CVE-2010-1889,0.02116,0.79124
CVE-2010-1890,0.02116,0.79124
CVE-2010-1891,0.01198,0.6045
CVE-2010-1892,0.67463,0.99051
CVE-2010-1893,0.01554,0.74096
CVE-2010-1894,0.02116,0.79124
CVE-2010-1895,0.01205,0.60537
CVE-2010-1896,0.01205,0.60537
CVE-2010-1897,0.02116,0.79124
CVE-2010-1898,0.48414,0.98504
CVE-2010-1899,0.6917,0.99078
CVE-2010-1900,0.5488,0.98711
CVE-2010-1901,0.38845,0.97925
CVE-2010-1902,0.49719,0.98611
CVE-2010-1903,0.38845,0.97925
CVE-2010-1904,0.01974,0.7812
CVE-2010-1905,0.02945,0.82784
CVE-2010-1906,0.06337,0.90513
CVE-2010-1907,0.01213,0.6557
CVE-2010-1908,0.01213,0.6557
CVE-2010-1909,0.06523,0.90962
CVE-2010-1910,0.01319,0.70416
CVE-2010-1911,0.03214,0.83353
CVE-2010-1912,0.06523,0.90962
CVE-2010-1913,0.06523,0.90962
CVE-2010-1914,0.01108,0.53389
CVE-2010-1915,0.01018,0.38792
CVE-2010-1916,0.01974,0.7812
CVE-2010-1917,0.01537,0.73595
CVE-2010-1918,0.01139,0.58345
CVE-2010-1919,0.01319,0.70416
CVE-2010-1920,0.01213,0.6557
CVE-2010-1921,0.03779,0.84781
CVE-2010-1922,0.04482,0.88223
CVE-2010-1923,0.00986,0.35784
CVE-2010-1924,0.00986,0.35784
CVE-2010-1925,0.00986,0.35784
CVE-2010-1926,0.01213,0.6557
CVE-2010-1927,0.03779,0.84781
CVE-2010-1928,0.01213,0.6557
CVE-2010-1929,0.09845,0.94074
CVE-2010-1930,0.01974,0.7812
CVE-2010-1931,0.01139,0.58345
CVE-2010-1932,0.11409,0.94831
CVE-2010-1934,0.01974,0.7812
CVE-2010-1935,0.04482,0.88223
CVE-2010-1936,0.04482,0.88223
CVE-2010-1937,0.06523,0.90962
CVE-2010-1938,0.37385,0.97829
CVE-2010-1939,0.40514,0.9805
CVE-2010-1940,0.00885,0.26162
CVE-2010-1941,0.01319,0.70416
CVE-2010-1942,0.01537,0.73595
CVE-2010-1943,0.01408,0.72072
CVE-2010-1944,0.12567,0.95329
CVE-2010-1945,0.01408,0.72072
CVE-2010-1946,0.04358,0.87435
CVE-2010-1947,0.01213,0.6557
CVE-2010-1948,0.01213,0.6557
CVE-2010-1949,0.01055,0.50287
CVE-2010-1950,0.01055,0.50287
CVE-2010-1951,0.04187,0.86773
CVE-2010-1952,0.04482,0.88223
CVE-2010-1953,0.04187,0.86773
CVE-2010-1954,0.04187,0.86773
CVE-2010-1955,0.0679,0.91793
CVE-2010-1956,0.07197,0.92068
CVE-2010-1957,0.0679,0.91793
CVE-2010-1958,0.01232,0.66248
CVE-2010-1959,0.01319,0.70416
CVE-2010-1960,0.88537,0.99798
CVE-2010-1961,0.88537,0.99798
CVE-2010-1962,0.33866,0.97595
CVE-2010-1963,0.01055,0.50287
CVE-2010-1964,0.88537,0.99798
CVE-2010-1965,0.01213,0.6557
CVE-2010-1966,0.0095,0.30554
CVE-2010-1967,0.0095,0.30554
CVE-2010-1968,0.01213,0.6557
CVE-2010-1969,0.01213,0.6557
CVE-2010-1970,0.0095,0.30554
CVE-2010-1971,0.01213,0.6557
CVE-2010-1972,0.01213,0.6557
CVE-2010-1973,0.0089,0.2856
CVE-2010-1975,0.02186,0.8012
CVE-2010-1976,0.01232,0.66248
CVE-2010-1977,0.04187,0.86773
CVE-2010-1978,0.01213,0.6557
CVE-2010-1979,0.04187,0.86773
CVE-2010-1980,0.0679,0.91793
CVE-2010-1981,0.04187,0.86773
CVE-2010-1982,0.04187,0.86773
CVE-2010-1983,0.0679,0.91793
CVE-2010-1984,0.01232,0.66248
CVE-2010-1985,0.01319,0.70416
CVE-2010-1986,0.01319,0.70416
CVE-2010-1987,0.01319,0.70416
CVE-2010-1988,0.05139,0.89128
CVE-2010-1989,0.01136,0.57949
CVE-2010-1990,0.01136,0.57949
CVE-2010-1991,0.16451,0.95933
CVE-2010-1992,0.01136,0.57949
CVE-2010-1993,0.01213,0.6557
CVE-2010-1994,0.01139,0.58345
CVE-2010-1995,0.01232,0.66248
CVE-2010-1996,0.01483,0.7269
CVE-2010-1997,0.02559,0.81137
CVE-2010-1998,0.01232,0.66248
CVE-2010-1999,0.04482,0.88223
CVE-2010-2000,0.01132,0.54372
CVE-2010-2001,0.01213,0.6557
CVE-2010-2002,0.01132,0.54372
CVE-2010-2003,0.02945,0.82784
CVE-2010-2004,0.15607,0.95873
CVE-2010-2005,0.04187,0.86773
CVE-2010-2006,0.0629,0.90361
CVE-2010-2007,0.01213,0.6557
CVE-2010-2008,0.10859,0.94472
CVE-2010-2009,0.06523,0.90962
CVE-2010-2010,0.01213,0.6557
CVE-2010-2011,0.11345,0.94794
CVE-2010-2012,0.01213,0.6557
CVE-2010-2013,0.01136,0.57949
CVE-2010-2014,0.01055,0.50287
CVE-2010-2015,0.00986,0.35784
CVE-2010-2016,0.01139,0.58345
CVE-2010-2017,0.01136,0.57949
CVE-2010-2018,0.04482,0.88223
CVE-2010-2019,0.01055,0.50287
CVE-2010-2020,0.01761,0.7555
CVE-2010-2021,0.01955,0.77585
CVE-2010-2022,0.0095,0.30554
CVE-2010-2023,0.01547,0.74085
CVE-2010-2024,0.01547,0.74085
CVE-2010-2025,0.04187,0.86773
CVE-2010-2026,0.01055,0.50287
CVE-2010-2027,0.0089,0.2856
CVE-2010-2028,0.06211,0.90307
CVE-2010-2029,0.01319,0.70416
CVE-2010-2030,0.01213,0.6557
CVE-2010-2031,0.02525,0.81073
CVE-2010-2032,0.02945,0.82784
CVE-2010-2033,0.04187,0.86773
CVE-2010-2034,0.04187,0.86773
CVE-2010-2035,0.04187,0.86773
CVE-2010-2036,0.04187,0.86773
CVE-2010-2037,0.04187,0.86773
CVE-2010-2038,0.01917,0.77071
CVE-2010-2039,0.0679,0.91793
CVE-2010-2040,0.01917,0.77071
CVE-2010-2041,0.01319,0.70416
CVE-2010-2042,0.00986,0.35784
CVE-2010-2043,0.01319,0.70416
CVE-2010-2044,0.01139,0.58345
CVE-2010-2045,0.0679,0.91793
CVE-2010-2046,0.01213,0.6557
CVE-2010-2047,0.00986,0.35784
CVE-2010-2048,0.01132,0.54372
CVE-2010-2049,0.01136,0.57949
CVE-2010-2050,0.04482,0.88223
CVE-2010-2051,0.00986,0.35784
CVE-2010-2053,0.01282,0.67298
CVE-2010-2054,0.04291,0.87022
CVE-2010-2055,0.01547,0.74085
CVE-2010-2056,0.01104,0.52279
CVE-2010-2057,0.01136,0.57949
CVE-2010-2058,0.01104,0.52279
CVE-2010-2059,0.01547,0.74085
CVE-2010-2060,0.01319,0.70416
CVE-2010-2061,0.0095,0.30554
CVE-2010-2062,0.06523,0.90962
CVE-2010-2063,0.76362,0.99342
CVE-2010-2064,0.0095,0.30554
CVE-2010-2065,0.06604,0.91138
CVE-2010-2066,0.01282,0.67298
CVE-2010-2067,0.06604,0.91138
CVE-2010-2068,0.07344,0.92237
CVE-2010-2070,0.01282,0.67298
CVE-2010-2071,0.0095,0.30554
CVE-2010-2072,0.0095,0.30554
CVE-2010-2073,0.01213,0.6557
CVE-2010-2074,0.01537,0.73595
CVE-2010-2075,0.81542,0.99518
CVE-2010-2076,0.06394,0.90534
CVE-2010-2078,0.01136,0.57949
CVE-2010-2079,0.01136,0.57949
CVE-2010-2080,0.01232,0.66248
CVE-2010-2082,0.01055,0.50287
CVE-2010-2083,0.09277,0.9394
CVE-2010-2084,0.11153,0.94644
CVE-2010-2085,0.16451,0.95933
CVE-2010-2086,0.01055,0.50287
CVE-2010-2087,0.01055,0.50287
CVE-2010-2088,0.16451,0.95933
CVE-2010-2089,0.12567,0.95329
CVE-2010-2090,0.01319,0.70416
CVE-2010-2091,0.17116,0.96009
CVE-2010-2092,0.01319,0.70416
CVE-2010-2093,0.00954,0.34522
CVE-2010-2094,0.24062,0.96648
CVE-2010-2095,0.01055,0.50287
CVE-2010-2096,0.01055,0.50287
CVE-2010-2097,0.01108,0.53389
CVE-2010-2098,0.01136,0.57949
CVE-2010-2099,0.04187,0.86773
CVE-2010-2100,0.01537,0.73595
CVE-2010-2101,0.01537,0.73595
CVE-2010-2102,0.07687,0.92751
CVE-2010-2103,0.15014,0.95688
CVE-2010-2104,0.01136,0.57949
CVE-2010-2105,0.00954,0.34522
CVE-2010-2106,0.01136,0.57949
CVE-2010-2107,0.00954,0.34522
CVE-2010-2108,0.01136,0.57949
CVE-2010-2109,0.01136,0.57949
CVE-2010-2110,0.00954,0.34522
CVE-2010-2111,0.01213,0.6557
CVE-2010-2112,0.01055,0.50287
CVE-2010-2113,0.01132,0.54372
CVE-2010-2114,0.01136,0.57949
CVE-2010-2115,0.64306,0.98961
CVE-2010-2116,0.01132,0.54372
CVE-2010-2117,0.01136,0.57949
CVE-2010-2118,0.16451,0.95933
CVE-2010-2119,0.16451,0.95933
CVE-2010-2120,0.01136,0.57949
CVE-2010-2121,0.01136,0.57949
CVE-2010-2122,0.07197,0.92068
CVE-2010-2123,0.01232,0.66248
CVE-2010-2124,0.00986,0.35784
CVE-2010-2125,0.01132,0.54372
CVE-2010-2126,0.04187,0.86773
CVE-2010-2127,0.04187,0.86773
CVE-2010-2128,0.04482,0.88223
CVE-2010-2129,0.0679,0.91793
CVE-2010-2130,0.02945,0.82784
CVE-2010-2131,0.01213,0.6557
CVE-2010-2132,0.01136,0.57949
CVE-2010-2133,0.00986,0.35784
CVE-2010-2134,0.00986,0.35784
CVE-2010-2135,0.00986,0.35784
CVE-2010-2136,0.01213,0.6557
CVE-2010-2137,0.01136,0.57949
CVE-2010-2138,0.01136,0.57949
CVE-2010-2139,0.01055,0.50287
CVE-2010-2140,0.01055,0.50287
CVE-2010-2141,0.00986,0.35784
CVE-2010-2142,0.00986,0.35784
CVE-2010-2143,0.04187,0.86773
CVE-2010-2144,0.02945,0.82784
CVE-2010-2145,0.01055,0.50287
CVE-2010-2146,0.04187,0.86773
CVE-2010-2147,0.01319,0.70416
CVE-2010-2148,0.01319,0.70416
CVE-2010-2149,0.01213,0.6557
CVE-2010-2150,0.01213,0.6557
CVE-2010-2151,0.01213,0.6557
CVE-2010-2152,0.09915,0.94265
CVE-2010-2153,0.15607,0.95873
CVE-2010-2154,0.01917,0.77071
CVE-2010-2155,0.01408,0.72072
CVE-2010-2156,0.79366,0.99445
CVE-2010-2157,0.01034,0.39824
CVE-2010-2158,0.01055,0.50287
CVE-2010-2159,0.05714,0.89838
CVE-2010-2160,0.0443,0.87699
CVE-2010-2161,0.04631,0.88514
CVE-2010-2162,0.0443,0.87699
CVE-2010-2163,0.04631,0.88514
CVE-2010-2164,0.04631,0.88514
CVE-2010-2165,0.0443,0.87699
CVE-2010-2166,0.0443,0.87699
CVE-2010-2167,0.04631,0.88514
CVE-2010-2168,0.29052,0.97193
CVE-2010-2169,0.0443,0.87699
CVE-2010-2170,0.04631,0.88514
CVE-2010-2171,0.0443,0.87699
CVE-2010-2172,0.02686,0.82061
CVE-2010-2173,0.04631,0.88514
CVE-2010-2174,0.04631,0.88514
CVE-2010-2175,0.0443,0.87699
CVE-2010-2176,0.0443,0.87699
CVE-2010-2177,0.0443,0.87699
CVE-2010-2178,0.0443,0.87699
CVE-2010-2179,0.03932,0.8519
CVE-2010-2180,0.0443,0.87699
CVE-2010-2181,0.04631,0.88514
CVE-2010-2182,0.0443,0.87699
CVE-2010-2183,0.04631,0.88514
CVE-2010-2184,0.0443,0.87699
CVE-2010-2185,0.04631,0.88514
CVE-2010-2186,0.0443,0.87699
CVE-2010-2187,0.0443,0.87699
CVE-2010-2188,0.0443,0.87699
CVE-2010-2189,0.0443,0.87699
CVE-2010-2190,0.01108,0.53389
CVE-2010-2191,0.01537,0.73595
CVE-2010-2192,0.0095,0.30554
CVE-2010-2193,0.07777,0.92953
CVE-2010-2195,0.01018,0.38792
CVE-2010-2197,0.01055,0.50287
CVE-2010-2198,0.01104,0.52279
CVE-2010-2199,0.00885,0.26162
CVE-2010-2201,0.29052,0.97193
CVE-2010-2202,0.03444,0.84021
CVE-2010-2203,0.03444,0.84021
CVE-2010-2204,0.1306,0.95434
CVE-2010-2205,0.03601,0.84249
CVE-2010-2206,0.07525,0.92398
CVE-2010-2207,0.03444,0.84021
CVE-2010-2208,0.03601,0.84249
CVE-2010-2209,0.03444,0.84021
CVE-2010-2210,0.03444,0.84021
CVE-2010-2211,0.03444,0.84021
CVE-2010-2212,0.03444,0.84021
CVE-2010-2213,0.0443,0.87699
CVE-2010-2214,0.0443,0.87699
CVE-2010-2215,0.01537,0.73595
CVE-2010-2216,0.0443,0.87699
CVE-2010-2217,0.04087,0.85328
CVE-2010-2218,0.01046,0.41635
CVE-2010-2219,0.01046,0.41635
CVE-2010-2220,0.01046,0.41635
CVE-2010-2221,0.08228,0.93218
CVE-2010-2222,0.00885,0.26162
CVE-2010-2223,0.0095,0.30554
CVE-2010-2224,0.0089,0.2856
CVE-2010-2225,0.12248,0.95092
CVE-2010-2226,0.01547,0.74085
CVE-2010-2227,0.63468,0.98928
CVE-2010-2228,0.03407,0.83908
CVE-2010-2229,0.03407,0.83908
CVE-2010-2230,0.01968,0.77806
CVE-2010-2231,0.03407,0.83908
CVE-2010-2232,0.00954,0.34522
CVE-2010-2233,0.07544,0.92484
CVE-2010-2234,0.01484,0.72722
CVE-2010-2235,0.05302,0.89375
CVE-2010-2236,0.06337,0.90513
CVE-2010-2237,0.01282,0.67298
CVE-2010-2238,0.01282,0.67298
CVE-2010-2239,0.01282,0.67298
CVE-2010-2240,0.02172,0.79379
CVE-2010-2241,0.0095,0.30554
CVE-2010-2242,0.01282,0.67298
CVE-2010-2243,0.01018,0.38792
CVE-2010-2244,0.01408,0.72072
CVE-2010-2245,0.01055,0.50287
CVE-2010-2246,0.04187,0.86773
CVE-2010-2247,0.01018,0.38792
CVE-2010-2248,0.03779,0.84781
CVE-2010-2249,0.03932,0.8519
CVE-2010-2250,0.01018,0.38792
CVE-2010-2251,0.04421,0.87629
CVE-2010-2252,0.02768,0.82197
CVE-2010-2253,0.02768,0.82197
CVE-2010-2254,0.00986,0.35784
CVE-2010-2255,0.00986,0.35784
CVE-2010-2256,0.01136,0.57949
CVE-2010-2257,0.01055,0.50287
CVE-2010-2258,0.01136,0.57949
CVE-2010-2259,0.0679,0.91793
CVE-2010-2260,0.01213,0.6557
CVE-2010-2261,0.01055,0.50287
CVE-2010-2262,0.01213,0.6557
CVE-2010-2263,0.6965,0.99087
CVE-2010-2264,0.03407,0.83908
CVE-2010-2265,0.26504,0.96989
CVE-2010-2266,0.01055,0.50287
CVE-2010-2267,0.01055,0.50287
CVE-2010-2268,0.01055,0.50287
CVE-2010-2269,0.01055,0.50287
CVE-2010-2270,0.01055,0.50287
CVE-2010-2271,0.01055,0.50287
CVE-2010-2272,0.00885,0.26162
CVE-2010-2273,0.05649,0.89807
CVE-2010-2274,0.01955,0.77585
CVE-2010-2275,0.05649,0.89807
CVE-2010-2276,0.02172,0.79917
CVE-2010-2277,0.01319,0.70416
CVE-2010-2278,0.01974,0.7812
CVE-2010-2279,0.01018,0.38792
CVE-2010-2280,0.01136,0.57949
CVE-2010-2281,0.01055,0.50287
CVE-2010-2282,0.04187,0.86773
CVE-2010-2283,0.03779,0.84781
CVE-2010-2284,0.02686,0.82061
CVE-2010-2285,0.03779,0.84781
CVE-2010-2286,0.03779,0.84781
CVE-2010-2287,0.02686,0.82061
CVE-2010-2288,0.01213,0.6557
CVE-2010-2289,0.01408,0.72072
CVE-2010-2290,0.01319,0.70416
CVE-2010-2291,0.01213,0.6557
CVE-2010-2292,0.01136,0.57949
CVE-2010-2293,0.01061,0.51015
CVE-2010-2294,0.01213,0.6557
CVE-2010-2295,0.01955,0.77585
CVE-2010-2296,0.01213,0.6557
CVE-2010-2297,0.04967,0.88981
CVE-2010-2298,0.01213,0.6557
CVE-2010-2299,0.06523,0.90962
CVE-2010-2300,0.05139,0.89128
CVE-2010-2301,0.01408,0.72072
CVE-2010-2302,0.05139,0.89128
CVE-2010-2305,0.07437,0.92309
CVE-2010-2306,0.01408,0.72072
CVE-2010-2307,0.04482,0.88223
CVE-2010-2308,0.01034,0.39824
CVE-2010-2309,0.74393,0.99275
CVE-2010-2310,0.04187,0.86773
CVE-2010-2311,0.07687,0.92751
CVE-2010-2312,0.00986,0.35784
CVE-2010-2313,0.0679,0.91793
CVE-2010-2314,0.0679,0.91793
CVE-2010-2315,0.04187,0.86773
CVE-2010-2316,0.01213,0.6557
CVE-2010-2317,0.01213,0.6557
CVE-2010-2318,0.01055,0.50287
CVE-2010-2319,0.00986,0.35784
CVE-2010-2320,0.01319,0.70416
CVE-2010-2321,0.26683,0.97016
CVE-2010-2322,0.02172,0.79917
CVE-2010-2323,0.01018,0.38792
CVE-2010-2324,0.01018,0.38792
CVE-2010-2325,0.01213,0.6557
CVE-2010-2326,0.01108,0.53389
CVE-2010-2327,0.01213,0.6557
CVE-2010-2328,0.01055,0.50287
CVE-2010-2329,0.15607,0.95873
CVE-2010-2330,0.12822,0.95405
CVE-2010-2332,0.04187,0.86773
CVE-2010-2333,0.74712,0.99281
CVE-2010-2334,0.04187,0.86773
CVE-2010-2335,0.01055,0.50287
CVE-2010-2336,0.01055,0.50287
CVE-2010-2337,0.01315,0.67456
CVE-2010-2338,0.01139,0.58345
CVE-2010-2339,0.01319,0.70416
CVE-2010-2340,0.00986,0.35784
CVE-2010-2341,0.04482,0.88223
CVE-2010-2342,0.00986,0.35784
CVE-2010-2343,0.78095,0.99418
CVE-2010-2344,0.01776,0.75902
CVE-2010-2345,0.01213,0.6557
CVE-2010-2347,0.01315,0.67456
CVE-2010-2348,0.07687,0.92751
CVE-2010-2349,0.04187,0.86773
CVE-2010-2350,0.04146,0.85406
CVE-2010-2351,0.18172,0.96093
CVE-2010-2352,0.01974,0.7812
CVE-2010-2353,0.01974,0.7812
CVE-2010-2354,0.01319,0.70416
CVE-2010-2355,0.01213,0.6557
CVE-2010-2356,0.01213,0.6557
CVE-2010-2357,0.00986,0.35784
CVE-2010-2358,0.0679,0.91793
CVE-2010-2359,0.01213,0.6557
CVE-2010-2360,0.07777,0.92953
CVE-2010-2361,0.00954,0.34522
CVE-2010-2362,0.00954,0.34522
CVE-2010-2363,0.01213,0.6557
CVE-2010-2364,0.01213,0.6557
CVE-2010-2365,0.01213,0.6557
CVE-2010-2366,0.01213,0.6557
CVE-2010-2367,0.01136,0.57949
CVE-2010-2368,0.0095,0.30554
CVE-2010-2369,0.0089,0.2856
CVE-2010-2370,0.06174,0.90263
CVE-2010-2371,0.00885,0.26162
CVE-2010-2372,0.01055,0.50287
CVE-2010-2373,0.01055,0.50287
CVE-2010-2374,0.00885,0.26162
CVE-2010-2375,0.06174,0.90263
CVE-2010-2376,0.00885,0.26162
CVE-2010-2377,0.01055,0.50287
CVE-2010-2378,0.00885,0.26162
CVE-2010-2379,0.01055,0.50287
CVE-2010-2380,0.00885,0.26162
CVE-2010-2381,0.01055,0.50287
CVE-2010-2382,0.01725,0.7519
CVE-2010-2383,0.01725,0.7519
CVE-2010-2384,0.01725,0.7519
CVE-2010-2385,0.01055,0.50287
CVE-2010-2386,0.00885,0.26162
CVE-2010-2387,0.01104,0.52279
CVE-2010-2388,0.01055,0.50287
CVE-2010-2389,0.00885,0.26162
CVE-2010-2390,0.01055,0.50287
CVE-2010-2391,0.01055,0.50287
CVE-2010-2392,0.00885,0.26162
CVE-2010-2393,0.00885,0.26162
CVE-2010-2394,0.00885,0.26162
CVE-2010-2395,0.01055,0.50287
CVE-2010-2396,0.01055,0.50287
CVE-2010-2397,0.00885,0.26162
CVE-2010-2398,0.01055,0.50287
CVE-2010-2399,0.00885,0.26162
CVE-2010-2400,0.00885,0.26162
CVE-2010-2401,0.01055,0.50287
CVE-2010-2402,0.01055,0.50287
CVE-2010-2403,0.01055,0.50287
CVE-2010-2404,0.01055,0.50287
CVE-2010-2405,0.01055,0.50287
CVE-2010-2406,0.01055,0.50287
CVE-2010-2407,0.01055,0.50287
CVE-2010-2408,0.01055,0.50287
CVE-2010-2409,0.01055,0.50287
CVE-2010-2410,0.01055,0.50287
CVE-2010-2411,0.01055,0.50287
CVE-2010-2412,0.01055,0.50287
CVE-2010-2413,0.01055,0.50287
CVE-2010-2414,0.01055,0.50287
CVE-2010-2415,0.22566,0.96463
CVE-2010-2416,0.01055,0.50287
CVE-2010-2417,0.01055,0.50287
CVE-2010-2418,0.01055,0.50287
CVE-2010-2419,0.01055,0.50287
CVE-2010-2420,0.04291,0.87022
CVE-2010-2421,0.01108,0.53389
CVE-2010-2422,0.01136,0.57949
CVE-2010-2425,0.01132,0.54372
CVE-2010-2426,0.16988,0.95994
CVE-2010-2427,0.01104,0.52279
CVE-2010-2428,0.01319,0.70416
CVE-2010-2429,0.01213,0.6557
CVE-2010-2431,0.01282,0.67298
CVE-2010-2432,0.01108,0.53389
CVE-2010-2433,0.01917,0.77071
CVE-2010-2434,0.07777,0.92953
CVE-2010-2435,0.04187,0.86773
CVE-2010-2436,0.00986,0.35784
CVE-2010-2437,0.01917,0.77071
CVE-2010-2438,0.00986,0.35784
CVE-2010-2439,0.07687,0.92751
CVE-2010-2440,0.07687,0.92751
CVE-2010-2441,0.01213,0.6557
CVE-2010-2442,0.11153,0.94644
CVE-2010-2443,0.01408,0.72072
CVE-2010-2444,0.01136,0.57949
CVE-2010-2445,0.01108,0.53389
CVE-2010-2446,0.0144,0.7265
CVE-2010-2447,0.01018,0.38792
CVE-2010-2448,0.01815,0.76117
CVE-2010-2449,0.0089,0.2856
CVE-2010-2450,0.00954,0.34522
CVE-2010-2451,0.01537,0.73595
CVE-2010-2452,0.01974,0.7812
CVE-2010-2453,0.01055,0.50287
CVE-2010-2454,0.01136,0.57949
CVE-2010-2455,0.01055,0.50287
CVE-2010-2456,0.04482,0.88223
CVE-2010-2457,0.01213,0.6557
CVE-2010-2458,0.01319,0.70416
CVE-2010-2459,0.01213,0.6557
CVE-2010-2460,0.00986,0.35784
CVE-2010-2461,0.00986,0.35784
CVE-2010-2462,0.00986,0.35784
CVE-2010-2463,0.01917,0.77071
CVE-2010-2464,0.02945,0.82784
CVE-2010-2465,0.01974,0.7812
CVE-2010-2466,0.01319,0.70416
CVE-2010-2467,0.01213,0.6557
CVE-2010-2468,0.01018,0.38792
CVE-2010-2469,0.01213,0.6557
CVE-2010-2470,0.00885,0.26162
CVE-2010-2471,0.01108,0.53389
CVE-2010-2472,0.0089,0.2856
CVE-2010-2473,0.0089,0.2856
CVE-2010-2474,0.01132,0.54372
CVE-2010-2476,0.00954,0.34522
CVE-2010-2477,0.01776,0.75902
CVE-2010-2478,0.01282,0.67298
CVE-2010-2479,0.01408,0.72072
CVE-2010-2480,0.01213,0.6557
CVE-2010-2481,0.01955,0.77585
CVE-2010-2482,0.12567,0.95329
CVE-2010-2483,0.03407,0.83908
CVE-2010-2484,0.01537,0.73595
CVE-2010-2487,0.03407,0.83908
CVE-2010-2488,0.01018,0.38792
CVE-2010-2489,0.01282,0.67298
CVE-2010-2490,0.0089,0.2856
CVE-2010-2491,0.03407,0.83908
CVE-2010-2492,0.01282,0.67298
CVE-2010-2493,0.01213,0.6557
CVE-2010-2494,0.04358,0.87435
CVE-2010-2495,0.01537,0.73595
CVE-2010-2496,0.00885,0.26162
CVE-2010-2497,0.06154,0.90253
CVE-2010-2498,0.06154,0.90253
CVE-2010-2499,0.06154,0.90253
CVE-2010-2500,0.06154,0.90253
CVE-2010-2502,0.01055,0.50287
CVE-2010-2503,0.01055,0.50287
CVE-2010-2504,0.01055,0.50287
CVE-2010-2505,0.04187,0.86773
CVE-2010-2506,0.01055,0.50287
CVE-2010-2507,0.0679,0.91793
CVE-2010-2508,0.00986,0.35784
CVE-2010-2509,0.01055,0.50287
CVE-2010-2510,0.01055,0.50287
CVE-2010-2511,0.00986,0.35784
CVE-2010-2512,0.00986,0.35784
CVE-2010-2513,0.01136,0.57949
CVE-2010-2514,0.01213,0.6557
CVE-2010-2515,0.01213,0.6557
CVE-2010-2516,0.01055,0.50287
CVE-2010-2517,0.01018,0.38792
CVE-2010-2518,0.01319,0.70416
CVE-2010-2519,0.06154,0.90253
CVE-2010-2520,0.06154,0.90253
CVE-2010-2521,0.08228,0.93218
CVE-2010-2522,0.01034,0.39824
CVE-2010-2523,0.01319,0.70416
CVE-2010-2524,0.01547,0.74085
CVE-2010-2525,0.00885,0.26162
CVE-2010-2526,0.01282,0.67298
CVE-2010-2527,0.06604,0.91138
CVE-2010-2528,0.01815,0.76117
CVE-2010-2529,0.01136,0.57949
CVE-2010-2530,0.0095,0.30554
CVE-2010-2531,0.12248,0.95092
CVE-2010-2532,0.01034,0.39824
CVE-2010-2534,0.03779,0.84781
CVE-2010-2535,0.01132,0.54372
CVE-2010-2536,0.01319,0.70416
CVE-2010-2537,0.01282,0.67298
CVE-2010-2538,0.01282,0.67298
CVE-2010-2539,0.01034,0.39824
CVE-2010-2540,0.01319,0.70416
CVE-2010-2541,0.06604,0.91138
CVE-2010-2542,0.01537,0.73595
CVE-2010-2543,0.01319,0.70416
CVE-2010-2544,0.05649,0.89807
CVE-2010-2545,0.01968,0.77806
CVE-2010-2546,0.1127,0.94787
CVE-2010-2547,0.08228,0.93218
CVE-2010-2548,0.00954,0.34522
CVE-2010-2549,0.0222,0.80429
CVE-2010-2550,0.89677,0.99825
CVE-2010-2551,0.27337,0.97058
CVE-2010-2552,0.27337,0.97058
CVE-2010-2553,0.4338,0.98209
CVE-2010-2554,0.02116,0.79124
CVE-2010-2555,0.01636,0.74923
CVE-2010-2556,0.49719,0.98611
CVE-2010-2557,0.49719,0.98611
CVE-2010-2558,0.38845,0.97925
CVE-2010-2559,0.49719,0.98611
CVE-2010-2560,0.49719,0.98611
CVE-2010-2561,0.5488,0.98711
CVE-2010-2562,0.38845,0.97925
CVE-2010-2563,0.49719,0.98611
CVE-2010-2564,0.38845,0.97925
CVE-2010-2566,0.49719,0.98611
CVE-2010-2567,0.24876,0.96731
CVE-2010-2568,0.9123,0.99873
CVE-2010-2569,0.47332,0.98453
CVE-2010-2570,0.58315,0.98794
CVE-2010-2571,0.58315,0.98794
CVE-2010-2572,0.49719,0.98611
CVE-2010-2573,0.49719,0.98611
CVE-2010-2574,0.01633,0.74922
CVE-2010-2575,0.06604,0.91138
CVE-2010-2576,0.07777,0.92953
CVE-2010-2577,0.01319,0.70416
CVE-2010-2578,0.01055,0.50287
CVE-2010-2579,0.00885,0.26162
CVE-2010-2580,0.01974,0.7812
CVE-2010-2581,0.07231,0.92087
CVE-2010-2582,0.06523,0.90962
CVE-2010-2583,0.07777,0.92953
CVE-2010-2584,0.01213,0.6557
CVE-2010-2585,0.06523,0.90962
CVE-2010-2586,0.07525,0.92398
CVE-2010-2587,0.03444,0.84021
CVE-2010-2588,0.03444,0.84021
CVE-2010-2589,0.03601,0.84249
CVE-2010-2590,0.78095,0.99418
CVE-2010-2594,0.01213,0.6557
CVE-2010-2595,0.01955,0.77585
CVE-2010-2596,0.01319,0.70416
CVE-2010-2597,0.01955,0.77585
CVE-2010-2598,0.01213,0.6557
CVE-2010-2599,0.01408,0.72072
CVE-2010-2600,0.07525,0.92398
CVE-2010-2601,0.03696,0.84331
CVE-2010-2602,0.04967,0.88981
CVE-2010-2603,0.0095,0.30554
CVE-2010-2604,0.07525,0.92398
CVE-2010-2609,0.01139,0.58345
CVE-2010-2610,0.01139,0.58345
CVE-2010-2611,0.00986,0.35784
CVE-2010-2612,0.01104,0.52279
CVE-2010-2613,0.01917,0.77071
CVE-2010-2614,0.01136,0.57949
CVE-2010-2615,0.01917,0.77071
CVE-2010-2616,0.00986,0.35784
CVE-2010-2617,0.01917,0.77071
CVE-2010-2618,0.04482,0.88223
CVE-2010-2619,0.0095,0.30554
CVE-2010-2620,0.7179,0.99162
CVE-2010-2621,0.10995,0.94626999999999994
CVE-2010-2622,0.00986,0.35784
CVE-2010-2623,0.00986,0.35784
CVE-2010-2624,0.01139,0.58345
CVE-2010-2625,0.01018,0.38792
CVE-2010-2626,0.0679,0.91793
CVE-2010-2627,0.04187,0.86773
CVE-2010-2628,0.12248,0.95092
CVE-2010-2629,0.01213,0.6557
CVE-2010-2630,0.02104,0.79086
CVE-2010-2631,0.01963,0.77709
CVE-2010-2632,0.12567,0.95329
CVE-2010-2633,0.01319,0.70416
CVE-2010-2634,0.01055,0.50287
CVE-2010-2635,0.01055,0.50287
CVE-2010-2636,0.01055,0.50287
CVE-2010-2637,0.01213,0.6557
CVE-2010-2638,0.01055,0.50287
CVE-2010-2639,0.01213,0.6557
CVE-2010-2640,0.06604,0.91138
CVE-2010-2641,0.06604,0.91138
CVE-2010-2642,0.06604,0.91138
CVE-2010-2643,0.09915,0.94265
CVE-2010-2644,0.01213,0.6557
CVE-2010-2645,0.01136,0.57949
CVE-2010-2646,0.01018,0.38792
CVE-2010-2647,0.01408,0.72072
CVE-2010-2648,0.01776,0.75902
CVE-2010-2649,0.01136,0.57949
CVE-2010-2650,0.00954,0.34522
CVE-2010-2651,0.01136,0.57949
CVE-2010-2652,0.00954,0.34522
CVE-2010-2653,0.01547,0.74085
CVE-2010-2654,0.01955,0.77585
CVE-2010-2655,0.01132,0.54372
CVE-2010-2656,0.01213,0.6557
CVE-2010-2657,0.06443,0.90606
CVE-2010-2658,0.01408,0.72072
CVE-2010-2659,0.01319,0.70416
CVE-2010-2660,0.01974,0.7812
CVE-2010-2661,0.01974,0.7812
CVE-2010-2662,0.01213,0.6557
CVE-2010-2663,0.01213,0.6557
CVE-2010-2664,0.01213,0.6557
CVE-2010-2665,0.01776,0.75902
CVE-2010-2666,0.07777,0.92953
CVE-2010-2667,0.01315,0.67456
CVE-2010-2668,0.01213,0.6557
CVE-2010-2669,0.01917,0.77071
CVE-2010-2670,0.00986,0.35784
CVE-2010-2671,0.01319,0.70416
CVE-2010-2672,0.01408,0.72072
CVE-2010-2673,0.00986,0.35784
CVE-2010-2674,0.01213,0.6557
CVE-2010-2675,0.01055,0.50287
CVE-2010-2676,0.01213,0.6557
CVE-2010-2677,0.01319,0.70416
CVE-2010-2678,0.01055,0.50287
CVE-2010-2679,0.00986,0.35784
CVE-2010-2680,0.04187,0.86773
CVE-2010-2681,0.04187,0.86773
CVE-2010-2682,0.04187,0.86773
CVE-2010-2683,0.00986,0.35784
CVE-2010-2684,0.01319,0.70416
CVE-2010-2685,0.01213,0.6557
CVE-2010-2686,0.01213,0.6557
CVE-2010-2687,0.01139,0.58345
CVE-2010-2688,0.01319,0.70416
CVE-2010-2689,0.00986,0.35784
CVE-2010-2690,0.00986,0.35784
CVE-2010-2691,0.04386,0.87542
CVE-2010-2692,0.01213,0.6557
CVE-2010-2693,0.01761,0.7555
CVE-2010-2694,0.00986,0.35784
CVE-2010-2695,0.01132,0.54372
CVE-2010-2696,0.01213,0.6557
CVE-2010-2697,0.01132,0.54372
CVE-2010-2698,0.01132,0.54372
CVE-2010-2699,0.01136,0.57949
CVE-2010-2700,0.01055,0.50287
CVE-2010-2701,0.05532,0.89536
CVE-2010-2702,0.06523,0.90962
CVE-2010-2703,0.87164,0.99725
CVE-2010-2704,0.26641,0.97016
CVE-2010-2705,0.01136,0.57949
CVE-2010-2706,0.01136,0.57949
CVE-2010-2707,0.01136,0.57949
CVE-2010-2708,0.01136,0.57949
CVE-2010-2709,0.88537,0.99798
CVE-2010-2710,0.15849,0.95886
CVE-2010-2711,0.01213,0.6557
CVE-2010-2712,0.01034,0.39824
CVE-2010-2713,0.01319,0.70416
CVE-2010-2714,0.01213,0.6557
CVE-2010-2715,0.01213,0.6557
CVE-2010-2716,0.00986,0.35784
CVE-2010-2717,0.01136,0.57949
CVE-2010-2718,0.01408,0.72072
CVE-2010-2719,0.01139,0.58345
CVE-2010-2720,0.01139,0.58345
CVE-2010-2721,0.01139,0.58345
CVE-2010-2722,0.01055,0.50287
CVE-2010-2723,0.01055,0.50287
CVE-2010-2724,0.01132,0.54372
CVE-2010-2725,0.04465,0.87733
CVE-2010-2728,0.38051,0.97859
CVE-2010-2729,0.87225,0.99727
CVE-2010-2730,0.38051,0.97859
CVE-2010-2731,0.7179,0.99162
CVE-2010-2732,0.29797,0.97364
CVE-2010-2733,0.29797,0.97364
CVE-2010-2734,0.29797,0.97364
CVE-2010-2738,0.58438,0.98796
CVE-2010-2739,0.07297,0.92108
CVE-2010-2740,0.01773,0.75657
CVE-2010-2741,0.01773,0.75657
CVE-2010-2742,0.29551,0.97308
CVE-2010-2743,0.03561,0.84145
CVE-2010-2744,0.02421,0.80758
CVE-2010-2745,0.67225,0.99043
CVE-2010-2746,0.63091,0.98919
CVE-2010-2747,0.58315,0.98794
CVE-2010-2748,0.49719,0.98611
CVE-2010-2750,0.58315,0.98794
CVE-2010-2751,0.01136,0.57949
CVE-2010-2752,0.15607,0.95873
CVE-2010-2753,0.07777,0.92953
CVE-2010-2754,0.01136,0.57949
CVE-2010-2755,0.04291,0.87022
CVE-2010-2756,0.02172,0.79917
CVE-2010-2757,0.01815,0.76117
CVE-2010-2758,0.02172,0.79917
CVE-2010-2759,0.01815,0.76117
CVE-2010-2760,0.12248,0.95092
CVE-2010-2761,0.04358,0.87435
CVE-2010-2762,0.02172,0.79917
CVE-2010-2763,0.01408,0.72072
CVE-2010-2764,0.03779,0.84781
CVE-2010-2765,0.12248,0.95092
CVE-2010-2766,0.12248,0.95092
CVE-2010-2767,0.08228,0.93218
CVE-2010-2768,0.03407,0.83908
CVE-2010-2769,0.03407,0.83908
CVE-2010-2770,0.04967,0.88981
CVE-2010-2771,0.06523,0.90962
CVE-2010-2772,0.01547,0.74085
CVE-2010-2777,0.07426,0.92249
CVE-2010-2778,0.01136,0.57949
CVE-2010-2779,0.01136,0.57949
CVE-2010-2783,0.01018,0.38792
CVE-2010-2784,0.0095,0.30554
CVE-2010-2785,0.11063,0.94638
CVE-2010-2786,0.01974,0.7812
CVE-2010-2787,0.02172,0.79917
CVE-2010-2788,0.01955,0.77585
CVE-2010-2789,0.01055,0.50287
CVE-2010-2790,0.01319,0.70416
CVE-2010-2791,0.07344,0.92237
CVE-2010-2792,0.01034,0.39824
CVE-2010-2793,0.0095,0.30554
CVE-2010-2794,0.0095,0.30554
CVE-2010-2795,0.02528,0.8112
CVE-2010-2796,0.03932,0.8519
CVE-2010-2797,0.01213,0.6557
CVE-2010-2798,0.01547,0.74085
CVE-2010-2799,0.03214,0.83353
CVE-2010-2800,0.01408,0.72072
CVE-2010-2801,0.07544,0.92484
CVE-2010-2802,0.01132,0.54372
CVE-2010-2803,0.01547,0.74085
CVE-2010-2805,0.06154,0.90253
CVE-2010-2806,0.06154,0.90253
CVE-2010-2807,0.06154,0.90253
CVE-2010-2808,0.06154,0.90253
CVE-2010-2809,0.10995,0.94626999999999994
CVE-2010-2810,0.04967,0.88981
CVE-2010-2811,0.01213,0.6557
CVE-2010-2812,0.02172,0.79917
CVE-2010-2813,0.03779,0.84781
CVE-2010-2814,0.01136,0.57949
CVE-2010-2815,0.01136,0.57949
CVE-2010-2816,0.01136,0.57949
CVE-2010-2817,0.01136,0.57949
CVE-2010-2818,0.01055,0.50287
CVE-2010-2819,0.01055,0.50287
CVE-2010-2820,0.01055,0.50287
CVE-2010-2821,0.01055,0.50287
CVE-2010-2822,0.01055,0.50287
CVE-2010-2823,0.01055,0.50287
CVE-2010-2824,0.01055,0.50287
CVE-2010-2825,0.01055,0.50287
CVE-2010-2826,0.01055,0.50287
CVE-2010-2827,0.01055,0.50287
CVE-2010-2828,0.01055,0.50287
CVE-2010-2829,0.01055,0.50287
CVE-2010-2830,0.01055,0.50287
CVE-2010-2831,0.01055,0.50287
CVE-2010-2832,0.01055,0.50287
CVE-2010-2833,0.01055,0.50287
CVE-2010-2834,0.01055,0.50287
CVE-2010-2835,0.01055,0.50287
CVE-2010-2836,0.01055,0.50287
CVE-2010-2837,0.01055,0.50287
CVE-2010-2838,0.01055,0.50287
CVE-2010-2839,0.01055,0.50287
CVE-2010-2840,0.01055,0.50287
CVE-2010-2841,0.01055,0.50287
CVE-2010-2842,0.01055,0.50287
CVE-2010-2843,0.01055,0.50287
CVE-2010-2844,0.01917,0.77071
CVE-2010-2845,0.00986,0.35784
CVE-2010-2846,0.01213,0.6557
CVE-2010-2847,0.01213,0.6557
CVE-2010-2848,0.01213,0.6557
CVE-2010-2849,0.01408,0.72072
CVE-2010-2850,0.07197,0.92068
CVE-2010-2851,0.01319,0.70416
CVE-2010-2852,0.01213,0.6557
CVE-2010-2853,0.01139,0.58345
CVE-2010-2854,0.01055,0.50287
CVE-2010-2855,0.01055,0.50287
CVE-2010-2856,0.02945,0.82784
CVE-2010-2857,0.04187,0.86773
CVE-2010-2858,0.02945,0.82784
CVE-2010-2859,0.01055,0.50287
CVE-2010-2860,0.10995,0.94626999999999994
CVE-2010-2862,0.12659,0.95334
CVE-2010-2863,0.03444,0.84021
CVE-2010-2864,0.07231,0.92087
CVE-2010-2865,0.01202,0.60495
CVE-2010-2866,0.23075,0.96508
CVE-2010-2867,0.08332,0.93284
CVE-2010-2868,0.07231,0.92087
CVE-2010-2869,0.07231,0.92087
CVE-2010-2870,0.08332,0.93284
CVE-2010-2871,0.08609,0.93636
CVE-2010-2872,0.08609,0.93636
CVE-2010-2873,0.08609,0.93636
CVE-2010-2874,0.06523,0.90962
CVE-2010-2875,0.07231,0.92087
CVE-2010-2876,0.08609,0.93636
CVE-2010-2877,0.08609,0.93636
CVE-2010-2878,0.08609,0.93636
CVE-2010-2879,0.08609,0.93636
CVE-2010-2880,0.07231,0.92087
CVE-2010-2881,0.07231,0.92087
CVE-2010-2882,0.07231,0.92087
CVE-2010-2883,0.77982,0.99394
CVE-2010-2884,0.13488,0.95499
CVE-2010-2885,0.01213,0.6557
CVE-2010-2886,0.01213,0.6557
CVE-2010-2887,0.01537,0.73595
CVE-2010-2888,0.03601,0.84249
CVE-2010-2889,0.04631,0.88514
CVE-2010-2890,0.0443,0.87699
CVE-2010-2891,0.24062,0.96648
CVE-2010-2892,0.0629,0.90361
CVE-2010-2896,0.00954,0.34522
CVE-2010-2897,0.01018,0.38792
CVE-2010-2898,0.01018,0.38792
CVE-2010-2899,0.01213,0.6557
CVE-2010-2900,0.01018,0.38792
CVE-2010-2901,0.01319,0.70416
CVE-2010-2902,0.01213,0.6557
CVE-2010-2903,0.01018,0.38792
CVE-2010-2904,0.01408,0.72072
CVE-2010-2905,0.00986,0.35784
CVE-2010-2906,0.00986,0.35784
CVE-2010-2907,0.00986,0.35784
CVE-2010-2908,0.00986,0.35784
CVE-2010-2909,0.028,0.82308
CVE-2010-2910,0.00986,0.35784
CVE-2010-2911,0.01213,0.6557
CVE-2010-2912,0.01213,0.6557
CVE-2010-2913,0.0095,0.30554
CVE-2010-2914,0.01213,0.6557
CVE-2010-2915,0.00986,0.35784
CVE-2010-2916,0.00986,0.35784
CVE-2010-2917,0.02945,0.82784
CVE-2010-2918,0.04482,0.88223
CVE-2010-2919,0.00986,0.35784
CVE-2010-2920,0.04482,0.88223
CVE-2010-2921,0.00986,0.35784
CVE-2010-2922,0.00986,0.35784
CVE-2010-2923,0.00986,0.35784
CVE-2010-2924,0.00986,0.35784
CVE-2010-2925,0.00986,0.35784
CVE-2010-2926,0.00986,0.35784
CVE-2010-2927,0.01319,0.70416
CVE-2010-2928,0.01034,0.39824
CVE-2010-2929,0.01592,0.74578
CVE-2010-2930,0.0095,0.30554
CVE-2010-2931,0.07687,0.92751
CVE-2010-2932,0.15607,0.95873
CVE-2010-2933,0.00986,0.35784
CVE-2010-2934,0.02172,0.79917
CVE-2010-2935,0.08228,0.93218
CVE-2010-2936,0.08228,0.93218
CVE-2010-2937,0.01319,0.70416
CVE-2010-2938,0.01104,0.52279
CVE-2010-2939,0.27067,0.97028
CVE-2010-2940,0.01136,0.57949
CVE-2010-2941,0.07677,0.92624
CVE-2010-2942,0.01547,0.74085
CVE-2010-2943,0.11063,0.94638
CVE-2010-2944,0.01213,0.6557
CVE-2010-2945,0.0095,0.30554
CVE-2010-2946,0.01547,0.74085
CVE-2010-2947,0.0547,0.89492
CVE-2010-2948,0.06823,0.91806
CVE-2010-2949,0.04358,0.87435
CVE-2010-2950,0.04421,0.87629
CVE-2010-2951,0.02172,0.79917
CVE-2010-2952,0.01859,0.7626
CVE-2010-2953,0.02537,0.81131
CVE-2010-2954,0.01547,0.74085
CVE-2010-2955,0.01547,0.74085
CVE-2010-2956,0.01547,0.74085
CVE-2010-2957,0.01213,0.6557
CVE-2010-2958,0.01319,0.70416
CVE-2010-2959,0.06818,0.91799
CVE-2010-2960,0.01282,0.67298
CVE-2010-2961,0.01761,0.7555
CVE-2010-2962,0.02172,0.79379
CVE-2010-2963,0.0322,0.83442
CVE-2010-2965,0.02629,0.81263
CVE-2010-2966,0.01055,0.50287
CVE-2010-2967,0.01213,0.6557
CVE-2010-2968,0.01055,0.50287
CVE-2010-2969,0.03407,0.83908
CVE-2010-2970,0.03407,0.83908
CVE-2010-2971,0.01319,0.70416
CVE-2010-2973,0.01104,0.52279
CVE-2010-2974,0.06523,0.90962
CVE-2010-2975,0.00885,0.26162
CVE-2010-2976,0.01055,0.50287
CVE-2010-2977,0.00885,0.26162
CVE-2010-2978,0.01055,0.50287
CVE-2010-2979,0.01055,0.50287
CVE-2010-2980,0.01055,0.50287
CVE-2010-2981,0.01055,0.50287
CVE-2010-2982,0.01055,0.50287
CVE-2010-2983,0.01055,0.50287
CVE-2010-2984,0.01055,0.50287
CVE-2010-2985,0.01213,0.6557
CVE-2010-2986,0.01213,0.6557
CVE-2010-2987,0.01055,0.50287
CVE-2010-2988,0.01055,0.50287
CVE-2010-2989,0.01055,0.50287
CVE-2010-2990,0.06309,0.90494
CVE-2010-2991,0.04291,0.87022
CVE-2010-2992,0.01974,0.7812
CVE-2010-2993,0.01408,0.72072
CVE-2010-2994,0.01183,0.60428
CVE-2010-2995,0.07544,0.92484
CVE-2010-2996,0.07996,0.93017
CVE-2010-2997,0.04146,0.85406
CVE-2010-2998,0.06309,0.90494
CVE-2010-2999,0.04146,0.85406
CVE-2010-3000,0.28823,0.97188
CVE-2010-3001,0.01108,0.53389
CVE-2010-3002,0.01108,0.53389
CVE-2010-3003,0.01917,0.77071
CVE-2010-3004,0.25143,0.96828
CVE-2010-3005,0.0089,0.2856
CVE-2010-3006,0.01136,0.57949
CVE-2010-3007,0.20425,0.96279
CVE-2010-3008,0.00885,0.26162
CVE-2010-3009,0.01232,0.66248
CVE-2010-3010,0.01136,0.57949
CVE-2010-3011,0.01213,0.6557
CVE-2010-3012,0.01213,0.6557
CVE-2010-3013,0.01319,0.70416
CVE-2010-3014,0.0095,0.30554
CVE-2010-3015,0.01547,0.74085
CVE-2010-3017,0.01055,0.50287
CVE-2010-3018,0.01055,0.50287
CVE-2010-3019,0.04291,0.87022
CVE-2010-3020,0.01213,0.6557
CVE-2010-3021,0.01213,0.6557
CVE-2010-3022,0.01232,0.66248
CVE-2010-3023,0.04894,0.88891
CVE-2010-3024,0.07197,0.92068
CVE-2010-3025,0.01408,0.72072
CVE-2010-3026,0.01319,0.70416
CVE-2010-3027,0.00986,0.35784
CVE-2010-3028,0.0095,0.30554
CVE-2010-3029,0.00986,0.35784
CVE-2010-3030,0.01055,0.50287
CVE-2010-3031,0.04465,0.87733
CVE-2010-3032,0.07544,0.92484
CVE-2010-3033,0.01055,0.50287
CVE-2010-3034,0.01055,0.50287
CVE-2010-3035,0.01319,0.70416
CVE-2010-3036,0.07777,0.92953
CVE-2010-3037,0.01132,0.54372
CVE-2010-3038,0.01213,0.6557
CVE-2010-3039,0.0629,0.90361
CVE-2010-3040,0.1127,0.94787
CVE-2010-3041,0.04967,0.88981
CVE-2010-3042,0.04146,0.85406
CVE-2010-3043,0.04146,0.85406
CVE-2010-3044,0.04967,0.88981
CVE-2010-3048,0.01055,0.50287
CVE-2010-3049,0.00885,0.26162
CVE-2010-3050,0.01055,0.50287
CVE-2010-3053,0.01955,0.77585
CVE-2010-3054,0.03779,0.84781
CVE-2010-3055,0.02172,0.79917
CVE-2010-3056,0.03407,0.83908
CVE-2010-3058,0.04291,0.87022
CVE-2010-3059,0.01213,0.6557
CVE-2010-3060,0.01213,0.6557
CVE-2010-3061,0.01213,0.6557
CVE-2010-3062,0.01319,0.70416
CVE-2010-3063,0.01018,0.38792
CVE-2010-3064,0.02791,0.82239
CVE-2010-3065,0.01108,0.53389
CVE-2010-3066,0.01104,0.52279
CVE-2010-3067,0.01547,0.74085
CVE-2010-3069,0.08228,0.93218
CVE-2010-3070,0.15458,0.95785
CVE-2010-3071,0.01974,0.7812
CVE-2010-3072,0.03779,0.84781
CVE-2010-3073,0.0322,0.83442
CVE-2010-3074,0.01547,0.74085
CVE-2010-3075,0.01282,0.67298
CVE-2010-3076,0.01213,0.6557
CVE-2010-3077,0.02945,0.82784
CVE-2010-3078,0.01547,0.74085
CVE-2010-3079,0.01282,0.67298
CVE-2010-3080,0.01547,0.74085
CVE-2010-3081,0.0322,0.83442
CVE-2010-3082,0.01319,0.70416
CVE-2010-3083,0.02072,0.79023
CVE-2010-3084,0.01282,0.67298
CVE-2010-3085,0.0292,0.82516
CVE-2010-3086,0.01282,0.67298
CVE-2010-3087,0.04967,0.88981
CVE-2010-3088,0.01213,0.6557
CVE-2010-3089,0.02276,0.80597
CVE-2010-3091,0.01319,0.70416
CVE-2010-3092,0.01132,0.54372
CVE-2010-3093,0.01132,0.54372
CVE-2010-3094,0.01132,0.54372
CVE-2010-3095,0.0095,0.30554
CVE-2010-3096,0.00954,0.34522
CVE-2010-3097,0.00885,0.26162
CVE-2010-3098,0.00885,0.26162
CVE-2010-3099,0.00954,0.34522
CVE-2010-3100,0.00885,0.26162
CVE-2010-3101,0.00885,0.26162
CVE-2010-3102,0.00885,0.26162
CVE-2010-3103,0.00885,0.26162
CVE-2010-3104,0.00885,0.26162
CVE-2010-3105,0.07732,0.92768
CVE-2010-3106,0.71534,0.99154
CVE-2010-3107,0.01136,0.57949
CVE-2010-3108,0.07732,0.92768
CVE-2010-3109,0.07732,0.92768
CVE-2010-3110,0.00885,0.26162
CVE-2010-3111,0.01018,0.38792
CVE-2010-3112,0.00954,0.34522
CVE-2010-3113,0.03779,0.84781
CVE-2010-3114,0.02686,0.82061
CVE-2010-3115,0.02172,0.79917
CVE-2010-3116,0.07677,0.92624
CVE-2010-3117,0.01136,0.57949
CVE-2010-3118,0.01136,0.57949
CVE-2010-3119,0.01183,0.60428
CVE-2010-3120,0.01136,0.57949
CVE-2010-3121,0.03696,0.84331
CVE-2010-3122,0.01055,0.50287
CVE-2010-3124,0.09495,0.93974
CVE-2010-3125,0.03776,0.84413
CVE-2010-3126,0.07437,0.92309
CVE-2010-3127,0.12269,0.95099
CVE-2010-3128,0.07437,0.92309
CVE-2010-3129,0.07437,0.92309
CVE-2010-3131,0.24806,0.96727
CVE-2010-3132,0.12269,0.95099
CVE-2010-3133,0.09495,0.93974
CVE-2010-3134,0.07437,0.92309
CVE-2010-3135,0.04618,0.88465
CVE-2010-3136,0.07437,0.92309
CVE-2010-3137,0.07437,0.92309
CVE-2010-3138,0.23448,0.96554
CVE-2010-3139,0.54566,0.98705
CVE-2010-3140,0.28365,0.97167
CVE-2010-3141,0.19171,0.96162
CVE-2010-3142,0.34483,0.97623
CVE-2010-3143,0.49719,0.98611
CVE-2010-3144,0.12768,0.95377
CVE-2010-3145,0.13403,0.95495
CVE-2010-3146,0.24087,0.96651
CVE-2010-3147,0.32822,0.97527
CVE-2010-3148,0.12768,0.95377
CVE-2010-3149,0.12269,0.95099
CVE-2010-3150,0.12269,0.95099
CVE-2010-3151,0.12269,0.95099
CVE-2010-3152,0.17626,0.96054
CVE-2010-3153,0.12269,0.95099
CVE-2010-3154,0.06393,0.90515
CVE-2010-3155,0.07773,0.928
CVE-2010-3156,0.00885,0.26162
CVE-2010-3157,0.01818,0.76133
CVE-2010-3158,0.0095,0.30554
CVE-2010-3159,0.0089,0.2856
CVE-2010-3160,0.0089,0.2856
CVE-2010-3161,0.0089,0.2856
CVE-2010-3162,0.0089,0.2856
CVE-2010-3163,0.0095,0.30554
CVE-2010-3164,0.0095,0.30554
CVE-2010-3165,0.00885,0.26162
CVE-2010-3166,0.1127,0.94787
CVE-2010-3167,0.12248,0.95092
CVE-2010-3168,0.06604,0.91138
CVE-2010-3169,0.06604,0.91138
CVE-2010-3170,0.02686,0.82061
CVE-2010-3171,0.07197,0.92068
CVE-2010-3172,0.01776,0.75902
CVE-2010-3173,0.03779,0.84781
CVE-2010-3174,0.04967,0.88981
CVE-2010-3175,0.06604,0.91138
CVE-2010-3176,0.06604,0.91138
CVE-2010-3177,0.03407,0.83908
CVE-2010-3178,0.03407,0.83908
CVE-2010-3179,0.37385,0.97829
CVE-2010-3180,0.12248,0.95092
CVE-2010-3181,0.0089,0.2856
CVE-2010-3182,0.01547,0.74085
CVE-2010-3183,0.08228,0.93218
CVE-2010-3186,0.01537,0.73595
CVE-2010-3187,0.42881,0.98198
CVE-2010-3188,0.01213,0.6557
CVE-2010-3189,0.83289,0.99568
CVE-2010-3190,0.35607,0.97739
CVE-2010-3191,0.039,0.84954
CVE-2010-3192,0.01183,0.60428
CVE-2010-3193,0.01537,0.73595
CVE-2010-3194,0.01537,0.73595
CVE-2010-3195,0.01537,0.73595
CVE-2010-3196,0.01061,0.51015
CVE-2010-3197,0.01136,0.57949
CVE-2010-3198,0.01319,0.70416
CVE-2010-3199,0.06309,0.90494
CVE-2010-3200,0.18147,0.96089
CVE-2010-3201,0.01917,0.77071
CVE-2010-3202,0.01917,0.77071
CVE-2010-3203,0.04187,0.86773
CVE-2010-3204,0.04187,0.86773
CVE-2010-3205,0.04187,0.86773
CVE-2010-3206,0.04187,0.86773
CVE-2010-3207,0.01139,0.58345
CVE-2010-3208,0.01213,0.6557
CVE-2010-3209,0.04187,0.86773
CVE-2010-3210,0.04187,0.86773
CVE-2010-3211,0.00986,0.35784
CVE-2010-3212,0.00986,0.35784
CVE-2010-3213,0.30944,0.97418
CVE-2010-3214,0.48722,0.98514
CVE-2010-3215,0.58315,0.98794
CVE-2010-3216,0.58315,0.98794
CVE-2010-3217,0.62357,0.98902
CVE-2010-3218,0.49719,0.98611
CVE-2010-3219,0.58315,0.98794
CVE-2010-3220,0.49719,0.98611
CVE-2010-3221,0.49719,0.98611
CVE-2010-3222,0.02283,0.80608
CVE-2010-3223,0.29797,0.97364
CVE-2010-3225,0.49719,0.98611
CVE-2010-3227,0.21682,0.96391
CVE-2010-3228,0.49719,0.98611
CVE-2010-3229,0.72088,0.99189
CVE-2010-3230,0.49719,0.98611
CVE-2010-3231,0.49719,0.98611
CVE-2010-3232,0.49719,0.98611
CVE-2010-3233,0.49719,0.98611
CVE-2010-3234,0.49719,0.98611
CVE-2010-3235,0.49719,0.98611
CVE-2010-3236,0.49719,0.98611
CVE-2010-3237,0.49719,0.98611
CVE-2010-3238,0.49719,0.98611
CVE-2010-3239,0.49719,0.98611
CVE-2010-3240,0.49719,0.98611
CVE-2010-3241,0.49719,0.98611
CVE-2010-3242,0.49719,0.98611
CVE-2010-3243,0.30125999999999997,0.97376
CVE-2010-3244,0.00885,0.26162
CVE-2010-3245,0.00885,0.26162
CVE-2010-3246,0.01136,0.57949
CVE-2010-3247,0.01136,0.57949
CVE-2010-3248,0.01537,0.73595
CVE-2010-3249,0.01136,0.57949
CVE-2010-3250,0.01136,0.57949
CVE-2010-3251,0.01213,0.6557
CVE-2010-3252,0.00954,0.34522
CVE-2010-3253,0.00954,0.34522
CVE-2010-3254,0.01213,0.6557
CVE-2010-3255,0.01408,0.72072
CVE-2010-3256,0.00954,0.34522
CVE-2010-3257,0.06154,0.90253
CVE-2010-3258,0.00954,0.34522
CVE-2010-3259,0.03932,0.8519
CVE-2010-3260,0.01213,0.6557
CVE-2010-3261,0.01055,0.50287
CVE-2010-3262,0.01213,0.6557
CVE-2010-3263,0.01213,0.6557
CVE-2010-3264,0.0089,0.2856
CVE-2010-3266,0.02559,0.81137
CVE-2010-3267,0.01232,0.66248
CVE-2010-3268,0.02172,0.79917
CVE-2010-3269,0.07996,0.93017
CVE-2010-3270,0.06337,0.90513
CVE-2010-3271,0.04482,0.88223
CVE-2010-3272,0.07197,0.92068
CVE-2010-3273,0.02328,0.80635
CVE-2010-3274,0.04894,0.88891
CVE-2010-3275,0.80764,0.99498
CVE-2010-3276,0.09915,0.94265
CVE-2010-3277,0.0095,0.30554
CVE-2010-3279,0.01319,0.70416
CVE-2010-3280,0.01319,0.70416
CVE-2010-3281,0.0547,0.89492
CVE-2010-3282,0.0095,0.30554
CVE-2010-3283,0.01055,0.50287
CVE-2010-3284,0.01055,0.50287
CVE-2010-3285,0.01055,0.50287
CVE-2010-3286,0.01136,0.57949
CVE-2010-3287,0.13896,0.95595
CVE-2010-3288,0.01136,0.57949
CVE-2010-3289,0.01213,0.6557
CVE-2010-3290,0.01132,0.54372
CVE-2010-3291,0.01319,0.70416
CVE-2010-3292,0.0095,0.30554
CVE-2010-3293,0.0095,0.30554
CVE-2010-3294,0.01319,0.70416
CVE-2010-3296,0.01547,0.74085
CVE-2010-3297,0.01547,0.74085
CVE-2010-3298,0.01547,0.74085
CVE-2010-3299,0.01018,0.38792
CVE-2010-3300,0.00885,0.26162
CVE-2010-3301,0.0322,0.83442
CVE-2010-3302,0.06248,0.90327
CVE-2010-3303,0.01968,0.77806
CVE-2010-3304,0.02172,0.79917
CVE-2010-3305,0.08382,0.93597
CVE-2010-3306,0.0679,0.91793
CVE-2010-3307,0.01213,0.6557
CVE-2010-3308,0.06248,0.90327
CVE-2010-3310,0.01547,0.74085
CVE-2010-3311,0.06604,0.91138
CVE-2010-3312,0.02686,0.82061
CVE-2010-3313,0.01213,0.6557
CVE-2010-3314,0.01213,0.6557
CVE-2010-3315,0.03742,0.84387
CVE-2010-3316,0.01547,0.74085
CVE-2010-3317,0.01136,0.57949
CVE-2010-3318,0.01136,0.57949
CVE-2010-3319,0.01055,0.50287
CVE-2010-3320,0.01136,0.57949
CVE-2010-3321,0.00885,0.26162
CVE-2010-3322,0.01055,0.50287
CVE-2010-3323,0.01055,0.50287
CVE-2010-3324,0.21824,0.96415
CVE-2010-3325,0.29093,0.97194
CVE-2010-3326,0.58315,0.98794
CVE-2010-3327,0.29797,0.97364
CVE-2010-3328,0.62357,0.98902
CVE-2010-3329,0.72652,0.99213
CVE-2010-3330,0.26111,0.9695
CVE-2010-3331,0.58315,0.98794
CVE-2010-3334,0.6716,0.9904
CVE-2010-3335,0.6716,0.9904
CVE-2010-3336,0.6716,0.9904
CVE-2010-3337,0.24087,0.96651
CVE-2010-3338,0.01878,0.76394
CVE-2010-3340,0.58315,0.98794
CVE-2010-3342,0.29797,0.97364
CVE-2010-3343,0.58315,0.98794
CVE-2010-3345,0.58315,0.98794
CVE-2010-3346,0.58315,0.98794
CVE-2010-3348,0.29797,0.97364
CVE-2010-3349,0.01104,0.52279
CVE-2010-3350,0.01104,0.52279
CVE-2010-3351,0.01034,0.39824
CVE-2010-3353,0.00885,0.26162
CVE-2010-3354,0.00885,0.26162
CVE-2010-3355,0.00885,0.26162
CVE-2010-3357,0.01034,0.39824
CVE-2010-3358,0.00885,0.26162
CVE-2010-3359,0.00885,0.26162
CVE-2010-3360,0.00885,0.26162
CVE-2010-3361,0.00885,0.26162
CVE-2010-3362,0.00885,0.26162
CVE-2010-3363,0.00885,0.26162
CVE-2010-3364,0.00885,0.26162
CVE-2010-3365,0.00885,0.26162
CVE-2010-3366,0.00885,0.26162
CVE-2010-3369,0.0095,0.30554
CVE-2010-3372,0.0089,0.2856
CVE-2010-3373,0.0089,0.2856
CVE-2010-3374,0.01034,0.39824
CVE-2010-3375,0.02509,0.81058
CVE-2010-3376,0.00885,0.26162
CVE-2010-3377,0.00885,0.26162
CVE-2010-3378,0.00885,0.26162
CVE-2010-3380,0.0089,0.2856
CVE-2010-3381,0.00885,0.26162
CVE-2010-3382,0.00885,0.26162
CVE-2010-3383,0.00885,0.26162
CVE-2010-3384,0.00885,0.26162
CVE-2010-3385,0.00885,0.26162
CVE-2010-3386,0.00885,0.26162
CVE-2010-3387,0.00885,0.26162
CVE-2010-3389,0.01104,0.52279
CVE-2010-3393,0.00885,0.26162
CVE-2010-3394,0.00885,0.26162
CVE-2010-3396,0.01899,0.76481
CVE-2010-3397,0.06309,0.90494
CVE-2010-3398,0.00954,0.34522
CVE-2010-3399,0.01408,0.72072
CVE-2010-3400,0.01055,0.50287
CVE-2010-3402,0.06309,0.90494
CVE-2010-3403,0.06309,0.90494
CVE-2010-3404,0.00986,0.35784
CVE-2010-3405,0.01547,0.74085
CVE-2010-3406,0.01547,0.74085
CVE-2010-3407,0.79666,0.99471
CVE-2010-3411,0.00954,0.34522
CVE-2010-3412,0.00954,0.34522
CVE-2010-3413,0.01136,0.57949
CVE-2010-3414,0.01018,0.38792
CVE-2010-3415,0.01136,0.57949
CVE-2010-3416,0.01136,0.57949
CVE-2010-3417,0.00954,0.34522
CVE-2010-3418,0.01213,0.6557
CVE-2010-3419,0.04187,0.86773
CVE-2010-3420,0.01213,0.6557
CVE-2010-3421,0.01213,0.6557
CVE-2010-3422,0.00986,0.35784
CVE-2010-3423,0.01213,0.6557
CVE-2010-3424,0.01213,0.6557
CVE-2010-3425,0.01917,0.77071
CVE-2010-3426,0.04187,0.86773
CVE-2010-3427,0.01213,0.6557
CVE-2010-3428,0.00986,0.35784
CVE-2010-3429,0.09915,0.94265
CVE-2010-3430,0.01547,0.74085
CVE-2010-3431,0.01547,0.74085
CVE-2010-3432,0.04358,0.87435
CVE-2010-3433,0.09085,0.93856
CVE-2010-3434,0.06604,0.91138
CVE-2010-3435,0.01547,0.74085
CVE-2010-3436,0.04358,0.87435
CVE-2010-3438,0.00954,0.34522
CVE-2010-3439,0.0095,0.30554
CVE-2010-3440,0.00954,0.34522
CVE-2010-3441,0.1127,0.94787
CVE-2010-3442,0.01547,0.74085
CVE-2010-3443,0.01319,0.70416
CVE-2010-3444,0.0547,0.89492
CVE-2010-3445,0.04358,0.87435
CVE-2010-3447,0.03407,0.83908
CVE-2010-3448,0.01282,0.67298
CVE-2010-3449,0.33043,0.97543
CVE-2010-3450,0.12251,0.95094
CVE-2010-3451,0.07963,0.92984
CVE-2010-3452,0.07963,0.92984
CVE-2010-3453,0.07963,0.92984
CVE-2010-3454,0.07963,0.92984
CVE-2010-3455,0.01213,0.6557
CVE-2010-3456,0.0679,0.91793
CVE-2010-3457,0.01213,0.6557
CVE-2010-3458,0.01213,0.6557
CVE-2010-3459,0.01319,0.70416
CVE-2010-3460,0.07197,0.92068
CVE-2010-3461,0.00986,0.35784
CVE-2010-3462,0.01917,0.77071
CVE-2010-3463,0.01213,0.6557
CVE-2010-3464,0.01213,0.6557
CVE-2010-3465,0.01213,0.6557
CVE-2010-3466,0.01213,0.6557
CVE-2010-3467,0.00986,0.35784
CVE-2010-3468,0.04482,0.88223
CVE-2010-3470,0.01408,0.72072
CVE-2010-3471,0.01213,0.6557
CVE-2010-3472,0.01213,0.6557
CVE-2010-3473,0.01213,0.6557
CVE-2010-3474,0.01649,0.75017
CVE-2010-3475,0.08336,0.93297
CVE-2010-3476,0.01319,0.70416
CVE-2010-3477,0.01282,0.67298
CVE-2010-3479,0.00986,0.35784
CVE-2010-3480,0.01319,0.70416
CVE-2010-3481,0.01319,0.70416
CVE-2010-3482,0.01061,0.51015
CVE-2010-3483,0.01213,0.6557
CVE-2010-3484,0.01213,0.6557
CVE-2010-3485,0.01055,0.50287
CVE-2010-3486,0.04482,0.88223
CVE-2010-3487,0.01213,0.6557
CVE-2010-3488,0.01319,0.70416
CVE-2010-3489,0.01917,0.77071
CVE-2010-3491,0.05139,0.89128
CVE-2010-3492,0.01408,0.72072
CVE-2010-3493,0.04358,0.87435
CVE-2010-3494,0.02172,0.79917
CVE-2010-3495,0.01974,0.7812
CVE-2010-3496,0.06523,0.90962
CVE-2010-3497,0.05822,0.89998
CVE-2010-3498,0.05822,0.89998
CVE-2010-3499,0.05822,0.89998
CVE-2010-3500,0.01055,0.50287
CVE-2010-3501,0.01136,0.57949
CVE-2010-3502,0.01055,0.50287
CVE-2010-3503,0.01725,0.7519
CVE-2010-3504,0.01055,0.50287
CVE-2010-3505,0.01132,0.54372
CVE-2010-3506,0.00885,0.26162
CVE-2010-3507,0.00885,0.26162
CVE-2010-3508,0.00885,0.26162
CVE-2010-3509,0.01055,0.50287
CVE-2010-3510,0.01319,0.70416
CVE-2010-3511,0.00885,0.26162
CVE-2010-3512,0.01055,0.50287
CVE-2010-3513,0.00885,0.26162
CVE-2010-3514,0.06174,0.90263
CVE-2010-3515,0.00885,0.26162
CVE-2010-3516,0.00885,0.26162
CVE-2010-3517,0.00885,0.26162
CVE-2010-3518,0.01055,0.50287
CVE-2010-3519,0.01055,0.50287
CVE-2010-3520,0.01055,0.50287
CVE-2010-3521,0.01055,0.50287
CVE-2010-3522,0.01055,0.50287
CVE-2010-3523,0.01055,0.50287
CVE-2010-3524,0.01055,0.50287
CVE-2010-3525,0.01055,0.50287
CVE-2010-3526,0.01055,0.50287
CVE-2010-3527,0.01055,0.50287
CVE-2010-3528,0.01055,0.50287
CVE-2010-3529,0.01055,0.50287
CVE-2010-3530,0.01055,0.50287
CVE-2010-3531,0.01055,0.50287
CVE-2010-3532,0.01055,0.50287
CVE-2010-3533,0.01055,0.50287
CVE-2010-3534,0.0089,0.2856
CVE-2010-3535,0.0089,0.2856
CVE-2010-3536,0.01055,0.50287
CVE-2010-3537,0.01055,0.50287
CVE-2010-3538,0.01055,0.50287
CVE-2010-3539,0.01055,0.50287
CVE-2010-3540,0.00885,0.26162
CVE-2010-3541,0.04358,0.87435
CVE-2010-3542,0.00885,0.26162
CVE-2010-3544,0.01213,0.6557
CVE-2010-3545,0.01055,0.50287
CVE-2010-3546,0.01055,0.50287
CVE-2010-3547,0.01055,0.50287
CVE-2010-3548,0.04358,0.87435
CVE-2010-3549,0.04358,0.87435
CVE-2010-3550,0.04358,0.87435
CVE-2010-3551,0.04358,0.87435
CVE-2010-3552,0.80096,0.99484
CVE-2010-3553,0.04358,0.87435
CVE-2010-3554,0.04358,0.87435
CVE-2010-3555,0.12248,0.95092
CVE-2010-3556,0.04358,0.87435
CVE-2010-3557,0.04358,0.87435
CVE-2010-3558,0.03779,0.84781
CVE-2010-3559,0.12248,0.95092
CVE-2010-3560,0.03779,0.84781
CVE-2010-3561,0.04358,0.87435
CVE-2010-3562,0.08228,0.93218
CVE-2010-3563,0.80096,0.99484
CVE-2010-3564,0.04358,0.87435
CVE-2010-3565,0.04358,0.87435
CVE-2010-3566,0.04358,0.87435
CVE-2010-3567,0.04358,0.87435
CVE-2010-3568,0.04358,0.87435
CVE-2010-3569,0.12248,0.95092
CVE-2010-3570,0.01955,0.77585
CVE-2010-3571,0.12248,0.95092
CVE-2010-3572,0.04358,0.87435
CVE-2010-3573,0.12567,0.95329
CVE-2010-3574,0.04358,0.87435
CVE-2010-3575,0.01055,0.50287
CVE-2010-3576,0.00885,0.26162
CVE-2010-3577,0.01055,0.50287
CVE-2010-3578,0.01055,0.50287
CVE-2010-3579,0.01055,0.50287
CVE-2010-3580,0.00885,0.26162
CVE-2010-3581,0.04104,0.85354
CVE-2010-3582,0.01055,0.50287
CVE-2010-3583,0.05302,0.89375
CVE-2010-3584,0.0089,0.2856
CVE-2010-3585,0.66921,0.99014
CVE-2010-3586,0.01034,0.39824
CVE-2010-3587,0.01213,0.6557
CVE-2010-3588,0.01232,0.66248
CVE-2010-3589,0.01213,0.6557
CVE-2010-3590,0.01232,0.66248
CVE-2010-3591,0.15683,0.95879
CVE-2010-3592,0.01319,0.70416
CVE-2010-3593,0.01319,0.70416
CVE-2010-3594,0.01319,0.70416
CVE-2010-3595,0.15683,0.95879
CVE-2010-3596,0.01213,0.6557
CVE-2010-3597,0.01034,0.39824
CVE-2010-3598,0.01319,0.70416
CVE-2010-3599,0.20096,0.96253
CVE-2010-3600,0.83707,0.9959
CVE-2010-3601,0.00986,0.35784
CVE-2010-3602,0.01408,0.72072
CVE-2010-3603,0.01319,0.70416
CVE-2010-3604,0.01136,0.57949
CVE-2010-3605,0.01136,0.57949
CVE-2010-3606,0.01018,0.38792
CVE-2010-3607,0.01132,0.54372
CVE-2010-3608,0.00986,0.35784
CVE-2010-3609,0.12567,0.95329
CVE-2010-3611,0.23599,0.96561
CVE-2010-3613,0.16942,0.95992
CVE-2010-3614,0.14528,0.95635
CVE-2010-3615,0.04711,0.88663
CVE-2010-3616,0.04711,0.88663
CVE-2010-3618,0.01408,0.72072
CVE-2010-3619,0.0443,0.87699
CVE-2010-3620,0.06898,0.91821
CVE-2010-3621,0.0443,0.87699
CVE-2010-3622,0.0443,0.87699
CVE-2010-3623,0.03444,0.84021
CVE-2010-3624,0.05393,0.8945
CVE-2010-3625,0.04631,0.88514
CVE-2010-3626,0.04631,0.88514
CVE-2010-3627,0.04631,0.88514
CVE-2010-3628,0.0443,0.87699
CVE-2010-3629,0.06898,0.91821
CVE-2010-3630,0.0443,0.87699
CVE-2010-3631,0.13596,0.95552
CVE-2010-3632,0.0443,0.87699
CVE-2010-3633,0.01126,0.53553
CVE-2010-3634,0.01126,0.53553
CVE-2010-3635,0.03601,0.84249
CVE-2010-3636,0.02686,0.82061
CVE-2010-3637,0.12425,0.95125
CVE-2010-3638,0.01537,0.73595
CVE-2010-3639,0.75648,0.99327
CVE-2010-3640,0.0443,0.87699
CVE-2010-3641,0.0443,0.87699
CVE-2010-3642,0.0443,0.87699
CVE-2010-3643,0.0443,0.87699
CVE-2010-3644,0.0443,0.87699
CVE-2010-3645,0.0443,0.87699
CVE-2010-3646,0.0443,0.87699
CVE-2010-3647,0.0443,0.87699
CVE-2010-3648,0.0443,0.87699
CVE-2010-3649,0.0443,0.87699
CVE-2010-3650,0.0443,0.87699
CVE-2010-3652,0.0443,0.87699
CVE-2010-3653,0.88873,0.99802
CVE-2010-3654,0.86018,0.99679
CVE-2010-3655,0.03601,0.84249
CVE-2010-3656,0.01537,0.73595
CVE-2010-3657,0.01537,0.73595
CVE-2010-3658,0.0443,0.87699
CVE-2010-3659,0.01132,0.54372
CVE-2010-3660,0.0089,0.2856
CVE-2010-3661,0.00954,0.34522
CVE-2010-3662,0.0089,0.2856
CVE-2010-3663,0.04571,0.88388
CVE-2010-3664,0.0089,0.2856
CVE-2010-3665,0.0089,0.2856
CVE-2010-3666,0.00954,0.34522
CVE-2010-3667,0.00954,0.34522
CVE-2010-3668,0.00954,0.34522
CVE-2010-3669,0.0089,0.2856
CVE-2010-3670,0.00954,0.34522
CVE-2010-3671,0.01136,0.57949
CVE-2010-3672,0.00954,0.34522
CVE-2010-3673,0.00954,0.34522
CVE-2010-3674,0.00954,0.34522
CVE-2010-3676,0.06168,0.90255
CVE-2010-3677,0.02528,0.8112
CVE-2010-3678,0.10859,0.94472
CVE-2010-3679,0.10859,0.94472
CVE-2010-3680,0.10859,0.94472
CVE-2010-3681,0.10859,0.94472
CVE-2010-3682,0.10859,0.94472
CVE-2010-3683,0.10859,0.94472
CVE-2010-3684,0.00885,0.26162
CVE-2010-3685,0.01319,0.70416
CVE-2010-3686,0.01319,0.70416
CVE-2010-3687,0.01136,0.57949
CVE-2010-3688,0.00885,0.26162
CVE-2010-3689,0.03052,0.82933
CVE-2010-3690,0.03932,0.8519
CVE-2010-3691,0.01547,0.74085
CVE-2010-3692,0.04358,0.87435
CVE-2010-3693,0.03407,0.83908
CVE-2010-3694,0.01213,0.6557
CVE-2010-3695,0.15458,0.95785
CVE-2010-3696,0.01319,0.70416
CVE-2010-3697,0.01319,0.70416
CVE-2010-3698,0.01282,0.67298
CVE-2010-3699,0.01547,0.74085
CVE-2010-3700,0.01319,0.70416
CVE-2010-3701,0.01132,0.54372
CVE-2010-3702,0.02686,0.82061
CVE-2010-3703,0.01537,0.73595
CVE-2010-3704,0.03714,0.84335
CVE-2010-3705,0.03779,0.84781
CVE-2010-3706,0.01815,0.76117
CVE-2010-3707,0.02186,0.8012
CVE-2010-3708,0.07777,0.92953
CVE-2010-3709,0.05356,0.89424
CVE-2010-3710,0.04358,0.87435
CVE-2010-3711,0.02528,0.8112
CVE-2010-3712,0.01776,0.75902
CVE-2010-3713,0.01213,0.6557
CVE-2010-3714,0.34958,0.97699
CVE-2010-3715,0.01061,0.51015
CVE-2010-3716,0.01061,0.51015
CVE-2010-3717,0.01136,0.57949
CVE-2010-3718,0.05242,0.89216
CVE-2010-3719,0.06739,0.91208
CVE-2010-3729,0.05785,0.89924
CVE-2010-3730,0.01136,0.57949
CVE-2010-3731,0.1127,0.94787
CVE-2010-3732,0.01061,0.51015
CVE-2010-3733,0.0089,0.2856
CVE-2010-3734,0.00954,0.34522
CVE-2010-3735,0.01061,0.51015
CVE-2010-3736,0.01061,0.51015
CVE-2010-3737,0.01061,0.51015
CVE-2010-3738,0.01061,0.51015
CVE-2010-3739,0.01055,0.50287
CVE-2010-3740,0.01061,0.51015
CVE-2010-3741,0.0095,0.30554
CVE-2010-3742,0.01213,0.6557
CVE-2010-3743,0.01213,0.6557
CVE-2010-3747,0.69294,0.99082
CVE-2010-3748,0.01055,0.50287
CVE-2010-3749,0.03013,0.82823
CVE-2010-3750,0.06309,0.90494
CVE-2010-3751,0.06309,0.90494
CVE-2010-3752,0.01232,0.66248
CVE-2010-3753,0.01232,0.66248
CVE-2010-3754,0.06523,0.90962
CVE-2010-3755,0.01213,0.6557
CVE-2010-3756,0.01213,0.6557
CVE-2010-3757,0.06523,0.90962
CVE-2010-3758,0.1127,0.94787
CVE-2010-3759,0.06523,0.90962
CVE-2010-3760,0.01136,0.57949
CVE-2010-3761,0.06523,0.90962
CVE-2010-3762,0.04711,0.88663
CVE-2010-3763,0.01955,0.77585
CVE-2010-3764,0.02172,0.79917
CVE-2010-3765,0.83364,0.99571
CVE-2010-3766,0.12248,0.95092
CVE-2010-3767,0.12248,0.95092
CVE-2010-3768,0.12248,0.95092
CVE-2010-3769,0.09915,0.94265
CVE-2010-3770,0.15458,0.95785
CVE-2010-3771,0.03779,0.84781
CVE-2010-3772,0.12248,0.95092
CVE-2010-3773,0.03779,0.84781
CVE-2010-3774,0.03407,0.83908
CVE-2010-3775,0.04358,0.87435
CVE-2010-3776,0.06604,0.91138
CVE-2010-3777,0.08228,0.93218
CVE-2010-3778,0.08228,0.93218
CVE-2010-3779,0.01232,0.66248
CVE-2010-3780,0.01232,0.66248
CVE-2010-3781,0.05302,0.89375
CVE-2010-3782,0.00885,0.26162
CVE-2010-3783,0.01061,0.51015
CVE-2010-3784,0.00954,0.34522
CVE-2010-3785,0.03261,0.83509
CVE-2010-3786,0.06154,0.90253
CVE-2010-3787,0.03914,0.84984
CVE-2010-3788,0.03261,0.83509
CVE-2010-3789,0.03261,0.83509
CVE-2010-3790,0.06154,0.90253
CVE-2010-3791,0.03261,0.83509
CVE-2010-3792,0.03261,0.83509
CVE-2010-3793,0.03261,0.83509
CVE-2010-3794,0.03261,0.83509
CVE-2010-3795,0.03261,0.83509
CVE-2010-3796,0.01055,0.50287
CVE-2010-3797,0.01061,0.51015
CVE-2010-3798,0.03261,0.83509
CVE-2010-3800,0.04169,0.85428
CVE-2010-3801,0.04169,0.85428
CVE-2010-3802,0.04169,0.85428
CVE-2010-3803,0.06154,0.90253
CVE-2010-3804,0.12567,0.95329
CVE-2010-3805,0.06154,0.90253
CVE-2010-3808,0.05258,0.89279
CVE-2010-3809,0.05258,0.89279
CVE-2010-3810,0.01955,0.77585
CVE-2010-3811,0.07035,0.91906
CVE-2010-3812,0.06154,0.90253
CVE-2010-3813,0.04358,0.87435
CVE-2010-3814,0.08228,0.93218
CVE-2010-3816,0.07035,0.91906
CVE-2010-3817,0.05258,0.89279
CVE-2010-3818,0.07035,0.91906
CVE-2010-3819,0.05258,0.89279
CVE-2010-3820,0.05258,0.89279
CVE-2010-3821,0.05258,0.89279
CVE-2010-3822,0.05258,0.89279
CVE-2010-3823,0.07035,0.91906
CVE-2010-3824,0.07035,0.91906
CVE-2010-3826,0.05258,0.89279
CVE-2010-3827,0.01319,0.70416
CVE-2010-3828,0.01108,0.53389
CVE-2010-3829,0.02172,0.79917
CVE-2010-3830,0.01924,0.77129
CVE-2010-3831,0.01108,0.53389
CVE-2010-3832,0.05903,0.90071
CVE-2010-3833,0.04358,0.87435
CVE-2010-3834,0.02186,0.8012
CVE-2010-3835,0.02528,0.8112
CVE-2010-3836,0.02528,0.8112
CVE-2010-3837,0.02528,0.8112
CVE-2010-3838,0.02528,0.8112
CVE-2010-3839,0.02186,0.8012
CVE-2010-3840,0.02528,0.8112
CVE-2010-3841,0.01917,0.77071
CVE-2010-3842,0.01108,0.53389
CVE-2010-3843,0.0089,0.2856
CVE-2010-3844,0.01018,0.38792
CVE-2010-3845,0.00954,0.34522
CVE-2010-3846,0.01547,0.74085
CVE-2010-3847,0.02111,0.79105
CVE-2010-3848,0.01547,0.74085
CVE-2010-3849,0.01547,0.74085
CVE-2010-3850,0.01547,0.74085
CVE-2010-3851,0.01547,0.74085
CVE-2010-3852,0.02172,0.79917
CVE-2010-3853,0.02172,0.79379
CVE-2010-3854,0.0221,0.80318
CVE-2010-3855,0.08228,0.93218
CVE-2010-3856,0.0322,0.83442
CVE-2010-3857,0.00954,0.34522
CVE-2010-3858,0.01547,0.74085
CVE-2010-3859,0.01547,0.74085
CVE-2010-3860,0.03779,0.84781
CVE-2010-3861,0.01547,0.74085
CVE-2010-3862,0.01955,0.77585
CVE-2010-3863,0.16417,0.95927
CVE-2010-3864,0.12248,0.95092
CVE-2010-3865,0.02172,0.79379
CVE-2010-3867,0.02186,0.8012
CVE-2010-3868,0.01319,0.70416
CVE-2010-3869,0.01232,0.66248
CVE-2010-3870,0.0544,0.89454
CVE-2010-3871,0.01213,0.6557
CVE-2010-3872,0.03052,0.82933
CVE-2010-3873,0.03779,0.84781
CVE-2010-3874,0.01547,0.74085
CVE-2010-3875,0.01282,0.67298
CVE-2010-3876,0.01547,0.74085
CVE-2010-3877,0.01547,0.74085
CVE-2010-3878,0.01213,0.6557
CVE-2010-3879,0.03702,0.84333
CVE-2010-3880,0.01547,0.74085
CVE-2010-3881,0.01547,0.74085
CVE-2010-3882,0.01055,0.50287
CVE-2010-3883,0.01055,0.50287
CVE-2010-3884,0.04187,0.86773
CVE-2010-3886,0.32752,0.97523
CVE-2010-3887,0.01055,0.50287
CVE-2010-3888,0.03287,0.83532
CVE-2010-3889,0.02283,0.80608
CVE-2010-3890,0.01213,0.6557
CVE-2010-3891,0.0679,0.91793
CVE-2010-3892,0.01213,0.6557
CVE-2010-3893,0.04187,0.86773
CVE-2010-3894,0.15607,0.95873
CVE-2010-3895,0.0095,0.30554
CVE-2010-3896,0.01213,0.6557
CVE-2010-3897,0.01213,0.6557
CVE-2010-3898,0.01213,0.6557
CVE-2010-3899,0.0679,0.91793
CVE-2010-3900,0.01537,0.73595
CVE-2010-3901,0.00954,0.34522
CVE-2010-3902,0.01319,0.70416
CVE-2010-3903,0.00885,0.26162
CVE-2010-3905,0.01408,0.72072
CVE-2010-3906,0.12328,0.95117
CVE-2010-3907,0.04967,0.88981
CVE-2010-3908,0.04146,0.85406
CVE-2010-3909,0.05302,0.89375
CVE-2010-3910,0.01213,0.6557
CVE-2010-3911,0.01213,0.6557
CVE-2010-3912,0.01018,0.38792
CVE-2010-3913,0.01213,0.6557
CVE-2010-3914,0.06309,0.90494
CVE-2010-3915,0.09915,0.94265
CVE-2010-3916,0.09915,0.94265
CVE-2010-3917,0.01055,0.50287
CVE-2010-3918,0.01319,0.70416
CVE-2010-3919,0.01213,0.6557
CVE-2010-3920,0.0095,0.30554
CVE-2010-3921,0.01319,0.70416
CVE-2010-3922,0.01319,0.70416
CVE-2010-3923,0.0095,0.30554
CVE-2010-3924,0.01319,0.70416
CVE-2010-3925,0.01319,0.70416
CVE-2010-3926,0.01319,0.70416
CVE-2010-3927,0.01282,0.67298
CVE-2010-3928,0.01319,0.70416
CVE-2010-3929,0.01213,0.6557
CVE-2010-3930,0.01213,0.6557
CVE-2010-3931,0.01319,0.70416
CVE-2010-3933,0.01213,0.6557
CVE-2010-3934,0.06523,0.90962
CVE-2010-3936,0.29797,0.97364
CVE-2010-3937,0.23263,0.96532
CVE-2010-3939,0.02283,0.80608
CVE-2010-3940,0.01773,0.75657
CVE-2010-3941,0.01773,0.75657
CVE-2010-3942,0.01773,0.75657
CVE-2010-3943,0.01773,0.75657
CVE-2010-3944,0.04496,0.88225
CVE-2010-3945,0.58315,0.98794
CVE-2010-3946,0.58315,0.98794
CVE-2010-3947,0.58315,0.98794
CVE-2010-3949,0.58315,0.98794
CVE-2010-3950,0.47332,0.98453
CVE-2010-3951,0.58315,0.98794
CVE-2010-3952,0.47332,0.98453
CVE-2010-3954,0.47332,0.98453
CVE-2010-3955,0.58315,0.98794
CVE-2010-3956,0.14175,0.9561
CVE-2010-3957,0.02283,0.80608
CVE-2010-3958,0.48414,0.98504
CVE-2010-3959,0.02283,0.80608
CVE-2010-3960,0.02283,0.80608
CVE-2010-3961,0.01773,0.75657
CVE-2010-3962,0.8983,0.99831
CVE-2010-3963,0.01773,0.75657
CVE-2010-3964,0.92173,0.99899
CVE-2010-3965,0.24087,0.96651
CVE-2010-3966,0.32822,0.97527
CVE-2010-3967,0.13403,0.95495
CVE-2010-3970,0.87309,0.99738
CVE-2010-3972,0.83715,0.99592
CVE-2010-3973,0.8983,0.99831
CVE-2010-3974,0.49719,0.98611
CVE-2010-3975,0.039,0.84954
CVE-2010-3976,0.09915,0.94265
CVE-2010-3977,0.01917,0.77071
CVE-2010-3978,0.01408,0.72072
CVE-2010-3979,0.01055,0.50287
CVE-2010-3980,0.01055,0.50287
CVE-2010-3981,0.01055,0.50287
CVE-2010-3982,0.01136,0.57949
CVE-2010-3983,0.01055,0.50287
CVE-2010-3984,0.07777,0.92953
CVE-2010-3985,0.01319,0.70416
CVE-2010-3986,0.01213,0.6557
CVE-2010-3987,0.01136,0.57949
CVE-2010-3988,0.01136,0.57949
CVE-2010-3989,0.01213,0.6557
CVE-2010-3990,0.01319,0.70416
CVE-2010-3991,0.01213,0.6557
CVE-2010-3992,0.01061,0.51015
CVE-2010-3993,0.01136,0.57949
CVE-2010-3994,0.01319,0.70416
CVE-2010-3996,0.0095,0.30554
CVE-2010-3998,0.01282,0.67298
CVE-2010-3999,0.01282,0.67298
CVE-2010-4000,0.00885,0.26162
CVE-2010-4001,0.0095,0.30554
CVE-2010-4005,0.0095,0.30554
CVE-2010-4006,0.01139,0.58345
CVE-2010-4007,0.01055,0.50287
CVE-2010-4008,0.05242,0.89216
CVE-2010-4009,0.03914,0.84984
CVE-2010-4010,0.04935,0.88902
CVE-2010-4011,0.01055,0.50287
CVE-2010-4012,0.00885,0.26162
CVE-2010-4013,0.02729,0.82118
CVE-2010-4015,0.06823,0.91806
CVE-2010-4020,0.02528,0.8112
CVE-2010-4021,0.02186,0.8012
CVE-2010-4022,0.03779,0.84781
CVE-2010-4023,0.01136,0.57949
CVE-2010-4024,0.01136,0.57949
CVE-2010-4025,0.24476,0.96668
CVE-2010-4026,0.0095,0.30554
CVE-2010-4027,0.0095,0.30554
CVE-2010-4028,0.01136,0.57949
CVE-2010-4029,0.01213,0.6557
CVE-2010-4030,0.01319,0.70416
CVE-2010-4031,0.01232,0.66248
CVE-2010-4032,0.01319,0.70416
CVE-2010-4033,0.01319,0.70416
CVE-2010-4034,0.01319,0.70416
CVE-2010-4035,0.01319,0.70416
CVE-2010-4036,0.01319,0.70416
CVE-2010-4037,0.01319,0.70416
CVE-2010-4038,0.01319,0.70416
CVE-2010-4039,0.01108,0.53389
CVE-2010-4040,0.01815,0.76117
CVE-2010-4041,0.01319,0.70416
CVE-2010-4042,0.01319,0.70416
CVE-2010-4043,0.01319,0.70416
CVE-2010-4044,0.01319,0.70416
CVE-2010-4045,0.07525,0.92398
CVE-2010-4046,0.01408,0.72072
CVE-2010-4047,0.01319,0.70416
CVE-2010-4048,0.01018,0.38792
CVE-2010-4049,0.01213,0.6557
CVE-2010-4050,0.01213,0.6557
CVE-2010-4051,0.01537,0.73595
CVE-2010-4052,0.12567,0.95329
CVE-2010-4053,0.05302,0.89375
CVE-2010-4054,0.01213,0.6557
CVE-2010-4055,0.01319,0.70416
CVE-2010-4056,0.01319,0.70416
CVE-2010-4057,0.01319,0.70416
CVE-2010-4068,0.01061,0.51015
CVE-2010-4069,0.05302,0.89375
CVE-2010-4070,0.04291,0.87022
CVE-2010-4071,0.01319,0.70416
CVE-2010-4072,0.01547,0.74085
CVE-2010-4073,0.01547,0.74085
CVE-2010-4074,0.01547,0.74085
CVE-2010-4075,0.01547,0.74085
CVE-2010-4076,0.01034,0.39824
CVE-2010-4077,0.0322,0.83442
CVE-2010-4078,0.01547,0.74085
CVE-2010-4079,0.01547,0.74085
CVE-2010-4080,0.01547,0.74085
CVE-2010-4081,0.01547,0.74085
CVE-2010-4082,0.01547,0.74085
CVE-2010-4083,0.01547,0.74085
CVE-2010-4084,0.03444,0.84021
CVE-2010-4085,0.03444,0.84021
CVE-2010-4086,0.03444,0.84021
CVE-2010-4087,0.03444,0.84021
CVE-2010-4088,0.03444,0.84021
CVE-2010-4089,0.03444,0.84021
CVE-2010-4090,0.03444,0.84021
CVE-2010-4091,0.68267,0.99065
CVE-2010-4092,0.06852,0.91814
CVE-2010-4093,0.03444,0.84021
CVE-2010-4094,0.07777,0.92953
CVE-2010-4095,0.01108,0.53389
CVE-2010-4096,0.01592,0.74578
CVE-2010-4097,0.01136,0.57949
CVE-2010-4098,0.01974,0.7812
CVE-2010-4099,0.04187,0.86773
CVE-2010-4100,0.01319,0.70416
CVE-2010-4101,0.01319,0.70416
CVE-2010-4102,0.01319,0.70416
CVE-2010-4103,0.01319,0.70416
CVE-2010-4104,0.01213,0.6557
CVE-2010-4105,0.01213,0.6557
CVE-2010-4106,0.01319,0.70416
CVE-2010-4107,0.10995,0.94626999999999994
CVE-2010-4108,0.01232,0.66248
CVE-2010-4109,0.01213,0.6557
CVE-2010-4110,0.01034,0.39824
CVE-2010-4111,0.01917,0.77071
CVE-2010-4112,0.01319,0.70416
CVE-2010-4113,0.25143,0.96828
CVE-2010-4114,0.01213,0.6557
CVE-2010-4115,0.01815,0.76117
CVE-2010-4116,0.25143,0.96828
CVE-2010-4120,0.15458,0.95785
CVE-2010-4121,0.01136,0.57949
CVE-2010-4142,0.63115,0.98924
CVE-2010-4143,0.00986,0.35784
CVE-2010-4144,0.01213,0.6557
CVE-2010-4145,0.01136,0.57949
CVE-2010-4146,0.01213,0.6557
CVE-2010-4147,0.01319,0.70416
CVE-2010-4148,0.01108,0.53389
CVE-2010-4149,0.01108,0.53389
CVE-2010-4150,0.04229,0.86856
CVE-2010-4151,0.01319,0.70416
CVE-2010-4152,0.00986,0.35784
CVE-2010-4153,0.01018,0.38792
CVE-2010-4154,0.01108,0.53389
CVE-2010-4155,0.01213,0.6557
CVE-2010-4156,0.12567,0.95329
CVE-2010-4157,0.01547,0.74085
CVE-2010-4158,0.04005,0.85278
CVE-2010-4159,0.01282,0.67298
CVE-2010-4160,0.01547,0.74085
CVE-2010-4161,0.01282,0.67298
CVE-2010-4162,0.01547,0.74085
CVE-2010-4163,0.01547,0.74085
CVE-2010-4164,0.04358,0.87435
CVE-2010-4166,0.01408,0.72072
CVE-2010-4167,0.01547,0.74085
CVE-2010-4168,0.02172,0.79917
CVE-2010-4169,0.01547,0.74085
CVE-2010-4170,0.02111,0.79105
CVE-2010-4171,0.01547,0.74085
CVE-2010-4172,0.38567,0.97895
CVE-2010-4173,0.0095,0.30554
CVE-2010-4175,0.01547,0.74085
CVE-2010-4176,0.01649,0.75017
CVE-2010-4177,0.01034,0.39824
CVE-2010-4178,0.0095,0.30554
CVE-2010-4179,0.01034,0.39824
CVE-2010-4180,0.09863,0.94078
CVE-2010-4181,0.0679,0.91793
CVE-2010-4182,0.49719,0.98611
CVE-2010-4183,0.01055,0.50287
CVE-2010-4184,0.01136,0.57949
CVE-2010-4185,0.00986,0.35784
CVE-2010-4186,0.00986,0.35784
CVE-2010-4187,0.03444,0.84021
CVE-2010-4188,0.03788,0.84809
CVE-2010-4189,0.03788,0.84809
CVE-2010-4190,0.03788,0.84809
CVE-2010-4191,0.03444,0.84021
CVE-2010-4192,0.03788,0.84809
CVE-2010-4193,0.03601,0.84249
CVE-2010-4194,0.03601,0.84249
CVE-2010-4195,0.03601,0.84249
CVE-2010-4196,0.03601,0.84249
CVE-2010-4197,0.03779,0.84781
CVE-2010-4198,0.03407,0.83908
CVE-2010-4199,0.01213,0.6557
CVE-2010-4201,0.01213,0.6557
CVE-2010-4202,0.01213,0.6557
CVE-2010-4203,0.06698,0.91171
CVE-2010-4204,0.03779,0.84781
CVE-2010-4205,0.01319,0.70416
CVE-2010-4206,0.05857,0.90058
CVE-2010-4207,0.03407,0.83908
CVE-2010-4208,0.03407,0.83908
CVE-2010-4209,0.03407,0.83908
CVE-2010-4210,0.0214,0.7918
CVE-2010-4211,0.01183,0.60428
CVE-2010-4212,0.0089,0.2856
CVE-2010-4213,0.00954,0.34522
CVE-2010-4214,0.00954,0.34522
CVE-2010-4215,0.01132,0.54372
CVE-2010-4216,0.01213,0.6557
CVE-2010-4217,0.01408,0.72072
CVE-2010-4218,0.01108,0.53389
CVE-2010-4219,0.01055,0.50287
CVE-2010-4220,0.01136,0.57949
CVE-2010-4225,0.01319,0.70416
CVE-2010-4226,0.01213,0.6557
CVE-2010-4227,0.35205,0.97726
CVE-2010-4228,0.13676,0.95565
CVE-2010-4229,0.13234,0.95482
CVE-2010-4230,0.07687,0.92751
CVE-2010-4231,0.04187,0.86773
CVE-2010-4232,0.04187,0.86773
CVE-2010-4233,0.04187,0.86773
CVE-2010-4234,0.04187,0.86773
CVE-2010-4235,0.04679,0.88603
CVE-2010-4236,0.01592,0.74578
CVE-2010-4237,0.01213,0.6557
CVE-2010-4238,0.01282,0.67298
CVE-2010-4239,0.01018,0.38792
CVE-2010-4240,0.01018,0.38792
CVE-2010-4241,0.01018,0.38792
CVE-2010-4242,0.01547,0.74085
CVE-2010-4243,0.01547,0.74085
CVE-2010-4245,0.01018,0.38792
CVE-2010-4246,0.01917,0.77071
CVE-2010-4247,0.01547,0.74085
CVE-2010-4248,0.01547,0.74085
CVE-2010-4249,0.0322,0.83442
CVE-2010-4250,0.01819,0.7614
CVE-2010-4251,0.01408,0.72072
CVE-2010-4252,0.06584,0.90986
CVE-2010-4253,0.07963,0.92984
CVE-2010-4254,0.45067,0.98264
CVE-2010-4255,0.01537,0.73595
CVE-2010-4256,0.0095,0.30554
CVE-2010-4257,0.02528,0.8112
CVE-2010-4259,0.34394,0.97618
CVE-2010-4260,0.08228,0.93218
CVE-2010-4261,0.08228,0.93218
CVE-2010-4262,0.06604,0.91138
CVE-2010-4263,0.03779,0.84781
CVE-2010-4264,0.00885,0.26162
CVE-2010-4265,0.01319,0.70416
CVE-2010-4266,0.00885,0.26162
CVE-2010-4267,0.22373,0.96445
CVE-2010-4268,0.01139,0.58345
CVE-2010-4269,0.00986,0.35784
CVE-2010-4270,0.01213,0.6557
CVE-2010-4271,0.01213,0.6557
CVE-2010-4272,0.01139,0.58345
CVE-2010-4273,0.00986,0.35784
CVE-2010-4274,0.01034,0.39824
CVE-2010-4275,0.01917,0.77071
CVE-2010-4276,0.01917,0.77071
CVE-2010-4277,0.01136,0.57949
CVE-2010-4278,0.05931,0.90093
CVE-2010-4279,0.80096,0.99484
CVE-2010-4280,0.04386,0.87542
CVE-2010-4281,0.01319,0.70416
CVE-2010-4282,0.01974,0.7812
CVE-2010-4283,0.01319,0.70416
CVE-2010-4284,0.01055,0.50287
CVE-2010-4294,0.0547,0.89492
CVE-2010-4295,0.01282,0.67298
CVE-2010-4296,0.01282,0.67298
CVE-2010-4297,0.08721,0.93652
CVE-2010-4298,0.00986,0.35784
CVE-2010-4299,0.07732,0.92768
CVE-2010-4300,0.49148,0.98529
CVE-2010-4301,0.12567,0.95329
CVE-2010-4302,0.0089,0.2856
CVE-2010-4303,0.0089,0.2856
CVE-2010-4304,0.01136,0.57949
CVE-2010-4305,0.01136,0.57949
CVE-2010-4306,0.03444,0.84021
CVE-2010-4307,0.03601,0.84249
CVE-2010-4308,0.04228,0.86814
CVE-2010-4309,0.04228,0.86814
CVE-2010-4311,0.00885,0.26162
CVE-2010-4312,0.01055,0.50287
CVE-2010-4313,0.06262,0.90346
CVE-2010-4314,0.03057,0.82938
CVE-2010-4321,0.75552,0.99318
CVE-2010-4322,0.01055,0.50287
CVE-2010-4323,0.45067,0.98264
CVE-2010-4324,0.01408,0.72072
CVE-2010-4325,0.13234,0.95482
CVE-2010-4326,0.13234,0.95482
CVE-2010-4327,0.01408,0.72072
CVE-2010-4328,0.45067,0.98264
CVE-2010-4329,0.03407,0.83908
CVE-2010-4330,0.07197,0.92068
CVE-2010-4331,0.01917,0.77071
CVE-2010-4332,0.04187,0.86773
CVE-2010-4333,0.04187,0.86773
CVE-2010-4334,0.02172,0.79917
CVE-2010-4335,0.81532,0.99513
CVE-2010-4336,0.02172,0.79917
CVE-2010-4337,0.01034,0.39824
CVE-2010-4338,0.0089,0.2856
CVE-2010-4339,0.01055,0.50287
CVE-2010-4340,0.01484,0.72722
CVE-2010-4341,0.01547,0.74085
CVE-2010-4342,0.01955,0.77585
CVE-2010-4343,0.01282,0.67298
CVE-2010-4344,0.47944,0.98484
CVE-2010-4345,0.01547,0.74085
CVE-2010-4346,0.01547,0.74085
CVE-2010-4347,0.01547,0.74085
CVE-2010-4348,0.03407,0.83908
CVE-2010-4349,0.03779,0.84781
CVE-2010-4350,0.12567,0.95329
CVE-2010-4351,0.02686,0.82061
CVE-2010-4352,0.01547,0.74085
CVE-2010-4353,0.05302,0.89375
CVE-2010-4354,0.01055,0.50287
CVE-2010-4355,0.01132,0.54372
CVE-2010-4356,0.00986,0.35784
CVE-2010-4357,0.00986,0.35784
CVE-2010-4358,0.01213,0.6557
CVE-2010-4359,0.01213,0.6557
CVE-2010-4360,0.01055,0.50287
CVE-2010-4361,0.01055,0.50287
CVE-2010-4362,0.00986,0.35784
CVE-2010-4363,0.01319,0.70416
CVE-2010-4364,0.01213,0.6557
CVE-2010-4365,0.01213,0.6557
CVE-2010-4366,0.01917,0.77071
CVE-2010-4367,0.04187,0.86773
CVE-2010-4368,0.01136,0.57949
CVE-2010-4369,0.01319,0.70416
CVE-2010-4370,0.06309,0.90494
CVE-2010-4371,0.01963,0.77709
CVE-2010-4372,0.01136,0.57949
CVE-2010-4373,0.01136,0.57949
CVE-2010-4374,0.01136,0.57949
CVE-2010-4375,0.06309,0.90494
CVE-2010-4376,0.06309,0.90494
CVE-2010-4377,0.06309,0.90494
CVE-2010-4378,0.04146,0.85406
CVE-2010-4379,0.01136,0.57949
CVE-2010-4380,0.01055,0.50287
CVE-2010-4381,0.01055,0.50287
CVE-2010-4382,0.01136,0.57949
CVE-2010-4383,0.01136,0.57949
CVE-2010-4384,0.06309,0.90494
CVE-2010-4385,0.01136,0.57949
CVE-2010-4386,0.04146,0.85406
CVE-2010-4387,0.04146,0.85406
CVE-2010-4388,0.01408,0.72072
CVE-2010-4389,0.06309,0.90494
CVE-2010-4390,0.01136,0.57949
CVE-2010-4391,0.06309,0.90494
CVE-2010-4392,0.06309,0.90494
CVE-2010-4393,0.07996,0.93017
CVE-2010-4394,0.01818,0.76133
CVE-2010-4395,0.06309,0.90494
CVE-2010-4396,0.01213,0.6557
CVE-2010-4397,0.06309,0.90494
CVE-2010-4398,0.0222,0.80429
CVE-2010-4399,0.01319,0.70416
CVE-2010-4400,0.01319,0.70416
CVE-2010-4401,0.01213,0.6557
CVE-2010-4402,0.01319,0.70416
CVE-2010-4403,0.01136,0.57949
CVE-2010-4404,0.01213,0.6557
CVE-2010-4405,0.01213,0.6557
CVE-2010-4406,0.04482,0.88223
CVE-2010-4407,0.01213,0.6557
CVE-2010-4408,0.00954,0.34522
CVE-2010-4409,0.12567,0.95329
CVE-2010-4410,0.04358,0.87435
CVE-2010-4411,0.03779,0.84781
CVE-2010-4412,0.01917,0.77071
CVE-2010-4413,0.01232,0.66248
CVE-2010-4414,0.01104,0.52279
CVE-2010-4415,0.01034,0.39824
CVE-2010-4416,0.01319,0.70416
CVE-2010-4417,0.78036,0.99396
CVE-2010-4418,0.01319,0.70416
CVE-2010-4419,0.01232,0.66248
CVE-2010-4420,0.01034,0.39824
CVE-2010-4421,0.01319,0.70416
CVE-2010-4422,0.01776,0.75902
CVE-2010-4423,0.01034,0.39824
CVE-2010-4424,0.01319,0.70416
CVE-2010-4425,0.01232,0.66248
CVE-2010-4426,0.01319,0.70416
CVE-2010-4427,0.01232,0.66248
CVE-2010-4428,0.01232,0.66248
CVE-2010-4429,0.01232,0.66248
CVE-2010-4430,0.01232,0.66248
CVE-2010-4431,0.01034,0.39824
CVE-2010-4432,0.01232,0.66248
CVE-2010-4433,0.01319,0.70416
CVE-2010-4434,0.01232,0.66248
CVE-2010-4435,0.12567,0.95329
CVE-2010-4436,0.01319,0.70416
CVE-2010-4437,0.10457,0.94386
CVE-2010-4438,0.01034,0.39824
CVE-2010-4439,0.01232,0.66248
CVE-2010-4440,0.01034,0.39824
CVE-2010-4441,0.01232,0.66248
CVE-2010-4442,0.01034,0.39824
CVE-2010-4443,0.01034,0.39824
CVE-2010-4444,0.01319,0.70416
CVE-2010-4445,0.01232,0.66248
CVE-2010-4446,0.01034,0.39824
CVE-2010-4447,0.02686,0.82061
CVE-2010-4448,0.02686,0.82061
CVE-2010-4449,0.01408,0.72072
CVE-2010-4450,0.01547,0.74085
CVE-2010-4451,0.01408,0.72072
CVE-2010-4452,0.80096,0.99484
CVE-2010-4453,0.01319,0.70416
CVE-2010-4454,0.03779,0.84781
CVE-2010-4455,0.01319,0.70416
CVE-2010-4456,0.01319,0.70416
CVE-2010-4457,0.01319,0.70416
CVE-2010-4458,0.01034,0.39824
CVE-2010-4459,0.01034,0.39824
CVE-2010-4460,0.01034,0.39824
CVE-2010-4461,0.01232,0.66248
CVE-2010-4462,0.03779,0.84781
CVE-2010-4463,0.01537,0.73595
CVE-2010-4464,0.01319,0.70416
CVE-2010-4465,0.02686,0.82061
CVE-2010-4466,0.01537,0.73595
CVE-2010-4467,0.01537,0.73595
CVE-2010-4468,0.02686,0.82061
CVE-2010-4469,0.02686,0.82061
CVE-2010-4470,0.03779,0.84781
CVE-2010-4471,0.02686,0.82061
CVE-2010-4472,0.03407,0.83908
CVE-2010-4473,0.03779,0.84781
CVE-2010-4474,0.01034,0.39824
CVE-2010-4475,0.02686,0.82061
CVE-2010-4478,0.01319,0.70416
CVE-2010-4479,0.08228,0.93218
CVE-2010-4480,0.04894,0.88891
CVE-2010-4481,0.01974,0.7812
CVE-2010-4482,0.01213,0.6557
CVE-2010-4483,0.01213,0.6557
CVE-2010-4484,0.01018,0.38792
CVE-2010-4485,0.01213,0.6557
CVE-2010-4486,0.01213,0.6557
CVE-2010-4487,0.01213,0.6557
CVE-2010-4488,0.01213,0.6557
CVE-2010-4489,0.01319,0.70416
CVE-2010-4490,0.01213,0.6557
CVE-2010-4491,0.01213,0.6557
CVE-2010-4492,0.01319,0.70416
CVE-2010-4493,0.01319,0.70416
CVE-2010-4494,0.07344,0.92237
CVE-2010-4495,0.05302,0.89375
CVE-2010-4496,0.01408,0.72072
CVE-2010-4497,0.01408,0.72072
CVE-2010-4498,0.01408,0.72072
CVE-2010-4499,0.01408,0.72072
CVE-2010-4500,0.01055,0.50287
CVE-2010-4502,0.01899,0.76481
CVE-2010-4503,0.00986,0.35784
CVE-2010-4504,0.01213,0.6557
CVE-2010-4505,0.01055,0.50287
CVE-2010-4506,0.0095,0.30554
CVE-2010-4507,0.04187,0.86773
CVE-2010-4508,0.01018,0.38792
CVE-2010-4509,0.00954,0.34522
CVE-2010-4511,0.01018,0.38792
CVE-2010-4512,0.0089,0.2856
CVE-2010-4513,0.02945,0.82784
CVE-2010-4514,0.01917,0.77071
CVE-2010-4515,0.01213,0.6557
CVE-2010-4516,0.01136,0.57949
CVE-2010-4517,0.00986,0.35784
CVE-2010-4518,0.01917,0.77071
CVE-2010-4519,0.01136,0.57949
CVE-2010-4520,0.01136,0.57949
CVE-2010-4521,0.01319,0.70416
CVE-2010-4522,0.01136,0.57949
CVE-2010-4523,0.02172,0.79379
CVE-2010-4524,0.03407,0.83908
CVE-2010-4525,0.01282,0.67298
CVE-2010-4526,0.02172,0.79917
CVE-2010-4527,0.01282,0.67298
CVE-2010-4528,0.02528,0.8112
CVE-2010-4529,0.01282,0.67298
CVE-2010-4530,0.02172,0.79379
CVE-2010-4531,0.02172,0.79379
CVE-2010-4532,0.01018,0.38792
CVE-2010-4533,0.01018,0.38792
CVE-2010-4534,0.02186,0.8012
CVE-2010-4535,0.03779,0.84781
CVE-2010-4536,0.01955,0.77585
CVE-2010-4537,0.01136,0.57949
CVE-2010-4538,0.49148,0.98529
CVE-2010-4539,0.04316,0.87043
CVE-2010-4540,0.06604,0.91138
CVE-2010-4541,0.06604,0.91138
CVE-2010-4542,0.06604,0.91138
CVE-2010-4543,0.37385,0.97829
CVE-2010-4544,0.01213,0.6557
CVE-2010-4545,0.01061,0.51015
CVE-2010-4546,0.01061,0.51015
CVE-2010-4547,0.01061,0.51015
CVE-2010-4548,0.01061,0.51015
CVE-2010-4549,0.01061,0.51015
CVE-2010-4550,0.01136,0.57949
CVE-2010-4551,0.01061,0.51015
CVE-2010-4552,0.01136,0.57949
CVE-2010-4553,0.01136,0.57949
CVE-2010-4554,0.01776,0.75902
CVE-2010-4555,0.01955,0.77585
CVE-2010-4556,0.07777,0.92953
CVE-2010-4557,0.16668,0.95965
CVE-2010-4558,0.01213,0.6557
CVE-2010-4562,0.25802,0.96904
CVE-2010-4563,0.01055,0.50287
CVE-2010-4565,0.01282,0.67298
CVE-2010-4566,0.76311,0.9934
CVE-2010-4567,0.01955,0.77585
CVE-2010-4568,0.03779,0.84781
CVE-2010-4569,0.01776,0.75902
CVE-2010-4570,0.01776,0.75902
CVE-2010-4572,0.01955,0.77585
CVE-2010-4573,0.01408,0.72072
CVE-2010-4574,0.01319,0.70416
CVE-2010-4575,0.01319,0.70416
CVE-2010-4576,0.01319,0.70416
CVE-2010-4577,0.03779,0.84781
CVE-2010-4578,0.01408,0.72072
CVE-2010-4579,0.01319,0.70416
CVE-2010-4580,0.01319,0.70416
CVE-2010-4581,0.01018,0.38792
CVE-2010-4582,0.01213,0.6557
CVE-2010-4583,0.01213,0.6557
CVE-2010-4584,0.01213,0.6557
CVE-2010-4585,0.01213,0.6557
CVE-2010-4586,0.01018,0.38792
CVE-2010-4587,0.01055,0.50287
CVE-2010-4588,0.60981,0.98872
CVE-2010-4589,0.01213,0.6557
CVE-2010-4590,0.01213,0.6557
CVE-2010-4591,0.0089,0.2856
CVE-2010-4592,0.01136,0.57949
CVE-2010-4593,0.01061,0.51015
CVE-2010-4594,0.01055,0.50287
CVE-2010-4595,0.01055,0.50287
CVE-2010-4596,0.06309,0.90494
CVE-2010-4597,0.15607,0.95873
CVE-2010-4598,0.07197,0.92068
CVE-2010-4599,0.00885,0.26162
CVE-2010-4600,0.01136,0.57949
CVE-2010-4601,0.00885,0.26162
CVE-2010-4602,0.01132,0.54372
CVE-2010-4603,0.01132,0.54372
CVE-2010-4604,0.0322,0.83442
CVE-2010-4605,0.0095,0.30554
CVE-2010-4606,0.06523,0.90962
CVE-2010-4607,0.01213,0.6557
CVE-2010-4608,0.01136,0.57949
CVE-2010-4609,0.01136,0.57949
CVE-2010-4610,0.01136,0.57949
CVE-2010-4611,0.01136,0.57949
CVE-2010-4612,0.01974,0.7812
CVE-2010-4613,0.01136,0.57949
CVE-2010-4614,0.00986,0.35784
CVE-2010-4615,0.00986,0.35784
CVE-2010-4616,0.01213,0.6557
CVE-2010-4617,0.04187,0.86773
CVE-2010-4618,0.01213,0.6557
CVE-2010-4619,0.00986,0.35784
CVE-2010-4622,0.01319,0.70416
CVE-2010-4623,0.01061,0.51015
CVE-2010-4624,0.01232,0.66248
CVE-2010-4625,0.01319,0.70416
CVE-2010-4626,0.01319,0.70416
CVE-2010-4627,0.01319,0.70416
CVE-2010-4628,0.01319,0.70416
CVE-2010-4629,0.01319,0.70416
CVE-2010-4630,0.01213,0.6557
CVE-2010-4631,0.01319,0.70416
CVE-2010-4632,0.01319,0.70416
CVE-2010-4633,0.00986,0.35784
CVE-2010-4634,0.01213,0.6557
CVE-2010-4635,0.01139,0.58345
CVE-2010-4636,0.00986,0.35784
CVE-2010-4637,0.01213,0.6557
CVE-2010-4638,0.00986,0.35784
CVE-2010-4639,0.01213,0.6557
CVE-2010-4640,0.01319,0.70416
CVE-2010-4641,0.01213,0.6557
CVE-2010-4642,0.01213,0.6557
CVE-2010-4643,0.07963,0.92984
CVE-2010-4644,0.07361,0.9224
CVE-2010-4645,0.12567,0.95329
CVE-2010-4646,0.01213,0.6557
CVE-2010-4647,0.04894,0.88891
CVE-2010-4648,0.01213,0.6557
CVE-2010-4649,0.0095,0.30554
CVE-2010-4650,0.0095,0.30554
CVE-2010-4651,0.03407,0.83908
CVE-2010-4652,0.07544,0.92484
CVE-2010-4653,0.01018,0.38792
CVE-2010-4654,0.01018,0.38792
CVE-2010-4655,0.01547,0.74085
CVE-2010-4656,0.01104,0.52279
CVE-2010-4657,0.01018,0.38792
CVE-2010-4658,0.00885,0.26162
CVE-2010-4659,0.00954,0.34522
CVE-2010-4660,0.00885,0.26162
CVE-2010-4661,0.0095,0.30554
CVE-2010-4662,0.00885,0.26162
CVE-2010-4663,0.00954,0.34522
CVE-2010-4664,0.0089,0.2856
CVE-2010-4665,0.01955,0.77585
CVE-2010-4666,0.01055,0.50287
CVE-2010-4667,0.01213,0.6557
CVE-2010-4668,0.01282,0.67298
CVE-2010-4669,0.33187,0.97548
CVE-2010-4670,0.01408,0.72072
CVE-2010-4671,0.01319,0.70416
CVE-2010-4672,0.01213,0.6557
CVE-2010-4673,0.01213,0.6557
CVE-2010-4674,0.01213,0.6557
CVE-2010-4675,0.01132,0.54372
CVE-2010-4676,0.01132,0.54372
CVE-2010-4677,0.01213,0.6557
CVE-2010-4678,0.01213,0.6557
CVE-2010-4679,0.01018,0.38792
CVE-2010-4680,0.01132,0.54372
CVE-2010-4681,0.01213,0.6557
CVE-2010-4682,0.01213,0.6557
CVE-2010-4683,0.01136,0.57949
CVE-2010-4684,0.01136,0.57949
CVE-2010-4685,0.01061,0.51015
CVE-2010-4686,0.01136,0.57949
CVE-2010-4687,0.01136,0.57949
CVE-2010-4688,0.01213,0.6557
CVE-2010-4689,0.01213,0.6557
CVE-2010-4690,0.01213,0.6557
CVE-2010-4691,0.01213,0.6557
CVE-2010-4692,0.01213,0.6557
CVE-2010-4693,0.02945,0.82784
CVE-2010-4694,0.02686,0.82061
CVE-2010-4695,0.01408,0.72072
CVE-2010-4696,0.01213,0.6557
CVE-2010-4697,0.01108,0.53389
CVE-2010-4698,0.01108,0.53389
CVE-2010-4699,0.01213,0.6557
CVE-2010-4700,0.01018,0.38792
CVE-2010-4701,0.65971,0.98993
CVE-2010-4702,0.01213,0.6557
CVE-2010-4703,0.01136,0.57949
CVE-2010-4704,0.03407,0.83908
CVE-2010-4705,0.01018,0.38792
CVE-2010-4706,0.01034,0.39824
CVE-2010-4707,0.01034,0.39824
CVE-2010-4708,0.01104,0.52279
CVE-2010-4709,0.16177,0.95906
CVE-2010-4710,0.01213,0.6557
CVE-2010-4711,0.0909,0.93857
CVE-2010-4712,0.09196,0.93925
CVE-2010-4713,0.07732,0.92768
CVE-2010-4714,0.07732,0.92768
CVE-2010-4715,0.04482,0.88223
CVE-2010-4716,0.01136,0.57949
CVE-2010-4717,0.07426,0.92249
CVE-2010-4718,0.01136,0.57949
CVE-2010-4719,0.0679,0.91793
CVE-2010-4720,0.01213,0.6557
CVE-2010-4721,0.00986,0.35784
CVE-2010-4722,0.00885,0.26162
CVE-2010-4723,0.00885,0.26162
CVE-2010-4724,0.00885,0.26162
CVE-2010-4725,0.00885,0.26162
CVE-2010-4726,0.00885,0.26162
CVE-2010-4727,0.00885,0.26162
CVE-2010-4728,0.01055,0.50287
CVE-2010-4729,0.01055,0.50287
CVE-2010-4734,0.02945,0.82784
CVE-2010-4735,0.00986,0.35784
CVE-2010-4736,0.00986,0.35784
CVE-2010-4737,0.00986,0.35784
CVE-2010-4738,0.04386,0.87542
CVE-2010-4739,0.01319,0.70416
CVE-2010-4740,0.71462,0.99148
CVE-2010-4741,0.56943,0.98755
CVE-2010-4742,0.72015,0.99186
CVE-2010-4743,0.07996,0.93017
CVE-2010-4744,0.01108,0.53389
CVE-2010-4745,0.01319,0.70416
CVE-2010-4746,0.01055,0.50287
CVE-2010-4747,0.01917,0.77071
CVE-2010-4748,0.01319,0.70416
CVE-2010-4749,0.01319,0.70416
CVE-2010-4750,0.01213,0.6557
CVE-2010-4751,0.01132,0.54372
CVE-2010-4752,0.01213,0.6557
CVE-2010-4753,0.01136,0.57949
CVE-2010-4754,0.01649,0.75017
CVE-2010-4755,0.01232,0.66248
CVE-2010-4756,0.01132,0.54372
CVE-2010-4757,0.01319,0.70416
CVE-2010-4758,0.00885,0.26162
CVE-2010-4759,0.01055,0.50287
CVE-2010-4760,0.01055,0.50287
CVE-2010-4761,0.01055,0.50287
CVE-2010-4762,0.01055,0.50287
CVE-2010-4763,0.01055,0.50287
CVE-2010-4764,0.01055,0.50287
CVE-2010-4765,0.01055,0.50287
CVE-2010-4766,0.01055,0.50287
CVE-2010-4767,0.01055,0.50287
CVE-2010-4768,0.01055,0.50287
CVE-2010-4769,0.04187,0.86773
CVE-2010-4770,0.00986,0.35784
CVE-2010-4771,0.01136,0.57949
CVE-2010-4772,0.01136,0.57949
CVE-2010-4773,0.06523,0.90962
CVE-2010-4774,0.00986,0.35784
CVE-2010-4775,0.01319,0.70416
CVE-2010-4776,0.00986,0.35784
CVE-2010-4777,0.02919,0.82469
CVE-2010-4778,0.01055,0.50287
CVE-2010-4779,0.01213,0.6557
CVE-2010-4780,0.01408,0.72072
CVE-2010-4781,0.01319,0.70416
CVE-2010-4782,0.01213,0.6557
CVE-2010-4783,0.02945,0.82784
CVE-2010-4784,0.01139,0.58345
CVE-2010-4785,0.01055,0.50287
CVE-2010-4786,0.01055,0.50287
CVE-2010-4787,0.01055,0.50287
CVE-2010-4788,0.01055,0.50287
CVE-2010-4789,0.01132,0.54372
CVE-2010-4790,0.01018,0.38792
CVE-2010-4791,0.01139,0.58345
CVE-2010-4792,0.02945,0.82784
CVE-2010-4793,0.01139,0.58345
CVE-2010-4794,0.01319,0.70416
CVE-2010-4795,0.01319,0.70416
CVE-2010-4796,0.01213,0.6557
CVE-2010-4797,0.01139,0.58345
CVE-2010-4798,0.04187,0.86773
CVE-2010-4799,0.01139,0.58345
CVE-2010-4800,0.01139,0.58345
CVE-2010-4801,0.05931,0.90093
CVE-2010-4802,0.01018,0.38792
CVE-2010-4803,0.00954,0.34522
CVE-2010-4805,0.01213,0.6557
CVE-2010-4806,0.01055,0.50287
CVE-2010-4807,0.01055,0.50287
CVE-2010-4808,0.00986,0.35784
CVE-2010-4809,0.00986,0.35784
CVE-2010-4810,0.04187,0.86773
CVE-2010-4811,0.01136,0.57949
CVE-2010-4812,0.01132,0.54372
CVE-2010-4813,0.01132,0.54372
CVE-2010-4814,0.00986,0.35784
CVE-2010-4815,0.02509,0.81058
CVE-2010-4816,0.01136,0.57949
CVE-2010-4817,0.0095,0.30554
CVE-2010-4818,0.06248,0.90327
CVE-2010-4819,0.01104,0.52279
CVE-2010-4820,0.01104,0.52279
CVE-2010-4821,0.02397,0.80717
CVE-2010-4822,0.01408,0.72072
CVE-2010-4823,0.01955,0.77585
CVE-2010-4824,0.02172,0.79917
CVE-2010-4825,0.01213,0.6557
CVE-2010-4826,0.01213,0.6557
CVE-2010-4827,0.01213,0.6557
CVE-2010-4828,0.01213,0.6557
CVE-2010-4829,0.00986,0.35784
CVE-2010-4830,0.00986,0.35784
CVE-2010-4831,0.01034,0.39824
CVE-2010-4832,0.01213,0.6557
CVE-2010-4833,0.00954,0.34522
CVE-2010-4834,0.01132,0.54372
CVE-2010-4835,0.01132,0.54372
CVE-2010-4836,0.02945,0.82784
CVE-2010-4837,0.01917,0.77071
CVE-2010-4838,0.00986,0.35784
CVE-2010-4839,0.00986,0.35784
CVE-2010-4840,0.03696,0.84331
CVE-2010-4841,0.01055,0.50287
CVE-2010-4842,0.00986,0.35784
CVE-2010-4843,0.00986,0.35784
CVE-2010-4844,0.01139,0.58345
CVE-2010-4845,0.00986,0.35784
CVE-2010-4846,0.00986,0.35784
CVE-2010-4847,0.01139,0.58345
CVE-2010-4848,0.01213,0.6557
CVE-2010-4849,0.00986,0.35784
CVE-2010-4850,0.02945,0.82784
CVE-2010-4851,0.01319,0.70416
CVE-2010-4852,0.01213,0.6557
CVE-2010-4853,0.00986,0.35784
CVE-2010-4854,0.01136,0.57949
CVE-2010-4855,0.00986,0.35784
CVE-2010-4856,0.00986,0.35784
CVE-2010-4857,0.00986,0.35784
CVE-2010-4858,0.04187,0.86773
CVE-2010-4859,0.01136,0.57949
CVE-2010-4860,0.00986,0.35784
CVE-2010-4861,0.01139,0.58345
CVE-2010-4862,0.00986,0.35784
CVE-2010-4863,0.02945,0.82784
CVE-2010-4864,0.00986,0.35784
CVE-2010-4865,0.028,0.82308
CVE-2010-4866,0.00986,0.35784
CVE-2010-4867,0.04187,0.86773
CVE-2010-4868,0.01917,0.77071
CVE-2010-4869,0.00986,0.35784
CVE-2010-4870,0.01139,0.58345
CVE-2010-4871,0.01018,0.38792
CVE-2010-4872,0.00986,0.35784
CVE-2010-4873,0.02945,0.82784
CVE-2010-4874,0.04894,0.88891
CVE-2010-4875,0.02945,0.82784
CVE-2010-4876,0.00986,0.35784
CVE-2010-4877,0.01917,0.77071
CVE-2010-4878,0.04187,0.86773
CVE-2010-4879,0.04187,0.86773
CVE-2010-4880,0.01136,0.57949
CVE-2010-4881,0.01136,0.57949
CVE-2010-4882,0.01917,0.77071
CVE-2010-4883,0.03129,0.8316
CVE-2010-4884,0.04187,0.86773
CVE-2010-4885,0.01213,0.6557
CVE-2010-4886,0.01213,0.6557
CVE-2010-4887,0.01055,0.50287
CVE-2010-4888,0.01055,0.50287
CVE-2010-4889,0.03477,0.84037
CVE-2010-4890,0.01136,0.57949
CVE-2010-4891,0.01136,0.57949
CVE-2010-4892,0.01136,0.57949
CVE-2010-4893,0.01917,0.77071
CVE-2010-4894,0.01974,0.7812
CVE-2010-4895,0.01776,0.75902
CVE-2010-4896,0.01213,0.6557
CVE-2010-4897,0.01136,0.57949
CVE-2010-4898,0.00986,0.35784
CVE-2010-4899,0.01139,0.58345
CVE-2010-4900,0.01213,0.6557
CVE-2010-4901,0.02945,0.82784
CVE-2010-4902,0.01139,0.58345
CVE-2010-4903,0.01213,0.6557
CVE-2010-4904,0.00986,0.35784
CVE-2010-4905,0.00986,0.35784
CVE-2010-4906,0.01139,0.58345
CVE-2010-4907,0.02945,0.82784
CVE-2010-4908,0.01213,0.6557
CVE-2010-4909,0.01917,0.77071
CVE-2010-4910,0.01139,0.58345
CVE-2010-4911,0.00986,0.35784
CVE-2010-4912,0.00986,0.35784
CVE-2010-4913,0.01213,0.6557
CVE-2010-4914,0.04187,0.86773
CVE-2010-4915,0.01139,0.58345
CVE-2010-4916,0.01319,0.70416
CVE-2010-4917,0.01139,0.58345
CVE-2010-4918,0.04187,0.86773
CVE-2010-4919,0.00986,0.35784
CVE-2010-4920,0.00986,0.35784
CVE-2010-4921,0.01139,0.58345
CVE-2010-4922,0.01139,0.58345
CVE-2010-4923,0.01213,0.6557
CVE-2010-4924,0.04187,0.86773
CVE-2010-4925,0.01139,0.58345
CVE-2010-4926,0.01139,0.58345
CVE-2010-4927,0.01136,0.57949
CVE-2010-4928,0.01136,0.57949
CVE-2010-4929,0.00986,0.35784
CVE-2010-4930,0.02945,0.82784
CVE-2010-4931,0.04187,0.86773
CVE-2010-4932,0.01055,0.50287
CVE-2010-4933,0.00986,0.35784
CVE-2010-4934,0.00986,0.35784
CVE-2010-4935,0.00986,0.35784
CVE-2010-4936,0.01136,0.57949
CVE-2010-4937,0.00986,0.35784
CVE-2010-4938,0.00986,0.35784
CVE-2010-4939,0.04187,0.86773
CVE-2010-4940,0.00986,0.35784
CVE-2010-4941,0.00986,0.35784
CVE-2010-4942,0.00986,0.35784
CVE-2010-4943,0.04187,0.86773
CVE-2010-4944,0.00986,0.35784
CVE-2010-4945,0.01139,0.58345
CVE-2010-4946,0.01055,0.50287
CVE-2010-4947,0.01055,0.50287
CVE-2010-4948,0.04187,0.86773
CVE-2010-4949,0.01917,0.77071
CVE-2010-4950,0.01055,0.50287
CVE-2010-4951,0.01136,0.57949
CVE-2010-4952,0.01213,0.6557
CVE-2010-4953,0.04679,0.88603
CVE-2010-4954,0.00986,0.35784
CVE-2010-4955,0.00986,0.35784
CVE-2010-4956,0.01319,0.70416
CVE-2010-4957,0.01319,0.70416
CVE-2010-4958,0.01319,0.70416
CVE-2010-4959,0.01139,0.58345
CVE-2010-4960,0.01319,0.70416
CVE-2010-4961,0.01213,0.6557
CVE-2010-4962,0.01213,0.6557
CVE-2010-4963,0.01139,0.58345
CVE-2010-4964,0.01061,0.51015
CVE-2010-4965,0.01055,0.50287
CVE-2010-4966,0.01055,0.50287
CVE-2010-4967,0.00986,0.35784
CVE-2010-4968,0.00986,0.35784
CVE-2010-4969,0.00986,0.35784
CVE-2010-4970,0.00986,0.35784
CVE-2010-4971,0.01917,0.77071
CVE-2010-4972,0.01139,0.58345
CVE-2010-4973,0.01055,0.50287
CVE-2010-4974,0.01139,0.58345
CVE-2010-4975,0.00986,0.35784
CVE-2010-4976,0.02945,0.82784
CVE-2010-4977,0.028,0.82308
CVE-2010-4978,0.01917,0.77071
CVE-2010-4979,0.00986,0.35784
CVE-2010-4980,0.01139,0.58345
CVE-2010-4981,0.00986,0.35784
CVE-2010-4982,0.00986,0.35784
CVE-2010-4983,0.01139,0.58345
CVE-2010-4984,0.01213,0.6557
CVE-2010-4985,0.01213,0.6557
CVE-2010-4986,0.00986,0.35784
CVE-2010-4987,0.00986,0.35784
CVE-2010-4988,0.04187,0.86773
CVE-2010-4989,0.00986,0.35784
CVE-2010-4990,0.00986,0.35784
CVE-2010-4991,0.00986,0.35784
CVE-2010-4992,0.00986,0.35784
CVE-2010-4993,0.00986,0.35784
CVE-2010-4994,0.01213,0.6557
CVE-2010-4995,0.01139,0.58345
CVE-2010-4996,0.01213,0.6557
CVE-2010-4997,0.00986,0.35784
CVE-2010-4998,0.0679,0.91793
CVE-2010-4999,0.00986,0.35784
CVE-2010-5000,0.00986,0.35784
CVE-2010-5001,0.00986,0.35784
CVE-2010-5002,0.02945,0.82784
CVE-2010-5003,0.028,0.82308
CVE-2010-5004,0.00986,0.35784
CVE-2010-5005,0.01055,0.50287
CVE-2010-5006,0.01213,0.6557
CVE-2010-5007,0.01319,0.70416
CVE-2010-5008,0.00986,0.35784
CVE-2010-5009,0.01319,0.70416
CVE-2010-5010,0.01319,0.70416
CVE-2010-5011,0.01213,0.6557
CVE-2010-5012,0.01139,0.58345
CVE-2010-5013,0.01139,0.58345
CVE-2010-5014,0.00986,0.35784
CVE-2010-5015,0.00986,0.35784
CVE-2010-5016,0.00986,0.35784
CVE-2010-5017,0.00986,0.35784
CVE-2010-5018,0.01213,0.6557
CVE-2010-5019,0.01213,0.6557
CVE-2010-5020,0.01136,0.57949
CVE-2010-5021,0.01139,0.58345
CVE-2010-5022,0.00986,0.35784
CVE-2010-5023,0.01139,0.58345
CVE-2010-5024,0.01139,0.58345
CVE-2010-5025,0.02945,0.82784
CVE-2010-5026,0.01408,0.72072
CVE-2010-5027,0.01319,0.70416
CVE-2010-5028,0.01139,0.58345
CVE-2010-5029,0.01139,0.58345
CVE-2010-5030,0.01319,0.70416
CVE-2010-5031,0.01213,0.6557
CVE-2010-5032,0.04386,0.87542
CVE-2010-5033,0.00986,0.35784
CVE-2010-5034,0.01139,0.58345
CVE-2010-5035,0.01319,0.70416
CVE-2010-5036,0.01319,0.70416
CVE-2010-5037,0.00986,0.35784
CVE-2010-5038,0.01213,0.6557
CVE-2010-5039,0.00986,0.35784
CVE-2010-5040,0.01213,0.6557
CVE-2010-5041,0.01319,0.70416
CVE-2010-5042,0.01319,0.70416
CVE-2010-5043,0.01132,0.54372
CVE-2010-5044,0.01139,0.58345
CVE-2010-5045,0.01917,0.77071
CVE-2010-5046,0.02945,0.82784
CVE-2010-5047,0.01139,0.58345
CVE-2010-5048,0.02945,0.82784
CVE-2010-5049,0.01213,0.6557
CVE-2010-5050,0.02008,0.78471
CVE-2010-5051,0.01917,0.77071
CVE-2010-5052,0.01917,0.77071
CVE-2010-5053,0.00986,0.35784
CVE-2010-5054,0.01136,0.57949
CVE-2010-5055,0.01139,0.58345
CVE-2010-5056,0.01139,0.58345
CVE-2010-5057,0.01319,0.70416
CVE-2010-5058,0.01055,0.50287
CVE-2010-5059,0.00986,0.35784
CVE-2010-5060,0.00986,0.35784
CVE-2010-5061,0.01213,0.6557
CVE-2010-5062,0.01139,0.58345
CVE-2010-5063,0.00986,0.35784
CVE-2010-5064,0.01055,0.50287
CVE-2010-5065,0.01055,0.50287
CVE-2010-5066,0.01055,0.50287
CVE-2010-5067,0.01055,0.50287
CVE-2010-5068,0.01055,0.50287
CVE-2010-5069,0.01055,0.50287
CVE-2010-5070,0.01055,0.50287
CVE-2010-5071,0.18147,0.96089
CVE-2010-5072,0.01055,0.50287
CVE-2010-5073,0.01055,0.50287
CVE-2010-5074,0.01055,0.50287
CVE-2010-5075,0.01832,0.76196
CVE-2010-5076,0.01537,0.73595
CVE-2010-5077,0.01408,0.72072
CVE-2010-5078,0.02172,0.79917
CVE-2010-5079,0.02172,0.79917
CVE-2010-5080,0.01776,0.75902
CVE-2010-5081,0.62277,0.98891
CVE-2010-5082,0.24087,0.96651
CVE-2010-5083,0.00986,0.35784
CVE-2010-5084,0.01213,0.6557
CVE-2010-5085,0.01319,0.70416
CVE-2010-5086,0.01213,0.6557
CVE-2010-5087,0.01974,0.7812
CVE-2010-5088,0.03407,0.83908
CVE-2010-5089,0.01213,0.6557
CVE-2010-5090,0.01132,0.54372
CVE-2010-5091,0.01315,0.67456
CVE-2010-5092,0.01034,0.39824
CVE-2010-5093,0.01319,0.70416
CVE-2010-5094,0.01319,0.70416
CVE-2010-5095,0.01955,0.77585
CVE-2010-5096,0.028,0.82308
CVE-2010-5097,0.01776,0.75902
CVE-2010-5098,0.01483,0.7269
CVE-2010-5099,0.01974,0.7812
CVE-2010-5100,0.01315,0.67456
CVE-2010-5101,0.01649,0.75017
CVE-2010-5102,0.02172,0.79917
CVE-2010-5103,0.01649,0.75017
CVE-2010-5104,0.01974,0.7812
CVE-2010-5105,0.01018,0.38792
CVE-2010-5106,0.01061,0.51015
CVE-2010-5107,0.02172,0.79917
CVE-2010-5108,0.00954,0.34522
CVE-2010-5109,0.01319,0.70416
CVE-2010-5110,0.01213,0.6557
CVE-2010-5111,0.04146,0.85406
CVE-2010-5137,0.01055,0.50287
CVE-2010-5138,0.01055,0.50287
CVE-2010-5139,0.01055,0.50287
CVE-2010-5140,0.01055,0.50287
CVE-2010-5141,0.01055,0.50287
CVE-2010-5142,0.01055,0.50287
CVE-2010-5143,0.00885,0.26162
CVE-2010-5144,0.01136,0.57949
CVE-2010-5145,0.01136,0.57949
CVE-2010-5146,0.0089,0.2856
CVE-2010-5147,0.01055,0.50287
CVE-2010-5148,0.01136,0.57949
CVE-2010-5149,0.01136,0.57949
CVE-2010-5150,0.02172,0.79379
CVE-2010-5151,0.02172,0.79379
CVE-2010-5152,0.02172,0.79379
CVE-2010-5153,0.02172,0.79379
CVE-2010-5154,0.02172,0.79379
CVE-2010-5155,0.02172,0.79379
CVE-2010-5156,0.02172,0.79379
CVE-2010-5157,0.02172,0.79379
CVE-2010-5158,0.02172,0.79379
CVE-2010-5159,0.02172,0.79379
CVE-2010-5160,0.02172,0.79379
CVE-2010-5161,0.02172,0.79379
CVE-2010-5162,0.02172,0.79379
CVE-2010-5163,0.02172,0.79379
CVE-2010-5164,0.02172,0.79379
CVE-2010-5165,0.02172,0.79379
CVE-2010-5166,0.02172,0.79379
CVE-2010-5167,0.02172,0.79379
CVE-2010-5168,0.02172,0.79379
CVE-2010-5169,0.02172,0.79379
CVE-2010-5170,0.02172,0.79379
CVE-2010-5171,0.02172,0.79379
CVE-2010-5172,0.02172,0.79379
CVE-2010-5173,0.02172,0.79379
CVE-2010-5174,0.02172,0.79379
CVE-2010-5175,0.02172,0.79379
CVE-2010-5176,0.02172,0.79379
CVE-2010-5177,0.02172,0.79379
CVE-2010-5178,0.02172,0.79379
CVE-2010-5179,0.02172,0.79379
CVE-2010-5180,0.02172,0.79379
CVE-2010-5181,0.02172,0.79379
CVE-2010-5182,0.02172,0.79379
CVE-2010-5183,0.02172,0.79379
CVE-2010-5184,0.02172,0.79379
CVE-2010-5185,0.00885,0.26162
CVE-2010-5186,0.01055,0.50287
CVE-2010-5187,0.01213,0.6557
CVE-2010-5188,0.01974,0.7812
CVE-2010-5189,0.01055,0.50287
CVE-2010-5190,0.01055,0.50287
CVE-2010-5191,0.01055,0.50287
CVE-2010-5192,0.01319,0.70416
CVE-2010-5193,0.72092,0.99192
CVE-2010-5194,0.09806,0.94072
CVE-2010-5195,0.01819,0.7614
CVE-2010-5196,0.0089,0.2856
CVE-2010-5197,0.00885,0.26162
CVE-2010-5198,0.00885,0.26162
CVE-2010-5199,0.00885,0.26162
CVE-2010-5200,0.00885,0.26162
CVE-2010-5201,0.00885,0.26162
CVE-2010-5202,0.00885,0.26162
CVE-2010-5203,0.00885,0.26162
CVE-2010-5204,0.00885,0.26162
CVE-2010-5205,0.00885,0.26162
CVE-2010-5206,0.00885,0.26162
CVE-2010-5207,0.00885,0.26162
CVE-2010-5208,0.00885,0.26162
CVE-2010-5209,0.00885,0.26162
CVE-2010-5210,0.00885,0.26162
CVE-2010-5211,0.00885,0.26162
CVE-2010-5212,0.01046,0.41635
CVE-2010-5213,0.01052,0.41643
CVE-2010-5214,0.00885,0.26162
CVE-2010-5215,0.00885,0.26162
CVE-2010-5216,0.00885,0.26162
CVE-2010-5217,0.00885,0.26162
CVE-2010-5218,0.00885,0.26162
CVE-2010-5219,0.00885,0.26162
CVE-2010-5220,0.00885,0.26162
CVE-2010-5221,0.00885,0.26162
CVE-2010-5222,0.00885,0.26162
CVE-2010-5223,0.00885,0.26162
CVE-2010-5224,0.00885,0.26162
CVE-2010-5225,0.00885,0.26162
CVE-2010-5226,0.00885,0.26162
CVE-2010-5227,0.01819,0.7614
CVE-2010-5228,0.00885,0.26162
CVE-2010-5229,0.00885,0.26162
CVE-2010-5231,0.00885,0.26162
CVE-2010-5232,0.00885,0.26162
CVE-2010-5233,0.00885,0.26162
CVE-2010-5234,0.00885,0.26162
CVE-2010-5235,0.00885,0.26162
CVE-2010-5236,0.01819,0.7614
CVE-2010-5237,0.00885,0.26162
CVE-2010-5238,0.00885,0.26162
CVE-2010-5239,0.01819,0.7614
CVE-2010-5240,0.0089,0.2856
CVE-2010-5241,0.01819,0.7614
CVE-2010-5242,0.00885,0.26162
CVE-2010-5243,0.00885,0.26162
CVE-2010-5244,0.00885,0.26162
CVE-2010-5245,0.00885,0.26162
CVE-2010-5246,0.00885,0.26162
CVE-2010-5247,0.00885,0.26162
CVE-2010-5248,0.00885,0.26162
CVE-2010-5249,0.00885,0.26162
CVE-2010-5250,0.00885,0.26162
CVE-2010-5251,0.00885,0.26162
CVE-2010-5252,0.00885,0.26162
CVE-2010-5253,0.00885,0.26162
CVE-2010-5254,0.00885,0.26162
CVE-2010-5255,0.00885,0.26162
CVE-2010-5256,0.00885,0.26162
CVE-2010-5257,0.00885,0.26162
CVE-2010-5258,0.01046,0.41635
CVE-2010-5259,0.00885,0.26162
CVE-2010-5260,0.00885,0.26162
CVE-2010-5261,0.00885,0.26162
CVE-2010-5262,0.00885,0.26162
CVE-2010-5263,0.00885,0.26162
CVE-2010-5264,0.0089,0.2856
CVE-2010-5265,0.00885,0.26162
CVE-2010-5266,0.00885,0.26162
CVE-2010-5267,0.00885,0.26162
CVE-2010-5268,0.00885,0.26162
CVE-2010-5269,0.00885,0.26162
CVE-2010-5270,0.01046,0.41635
CVE-2010-5271,0.00885,0.26162
CVE-2010-5272,0.00885,0.26162
CVE-2010-5273,0.00885,0.26162
CVE-2010-5274,0.00885,0.26162
CVE-2010-5275,0.01213,0.6557
CVE-2010-5276,0.01018,0.38792
CVE-2010-5277,0.01132,0.54372
CVE-2010-5278,0.07831,0.92961
CVE-2010-5279,0.01055,0.50287
CVE-2010-5280,0.1949,0.96202
CVE-2010-5281,0.06449,0.90609
CVE-2010-5282,0.01319,0.70416
CVE-2010-5283,0.01213,0.6557
CVE-2010-5284,0.01213,0.6557
CVE-2010-5285,0.01213,0.6557
CVE-2010-5286,0.06033,0.9015
CVE-2010-5287,0.00986,0.35784
CVE-2010-5288,0.0556,0.89553
CVE-2010-5289,0.07032,0.919
CVE-2010-5290,0.01202,0.60495
CVE-2010-5291,0.01055,0.50287
CVE-2010-5292,0.00885,0.26162
CVE-2010-5293,0.01136,0.57949
CVE-2010-5294,0.00885,0.26162
CVE-2010-5295,0.01055,0.50287
CVE-2010-5296,0.01055,0.50287
CVE-2010-5297,0.01132,0.54372
CVE-2010-5298,0.15261,0.95711
CVE-2010-5299,0.76048,0.99336
CVE-2010-5300,0.09424,0.93963
CVE-2010-5302,0.01055,0.50287
CVE-2010-5303,0.01055,0.50287
CVE-2010-5304,0.01319,0.70416
CVE-2010-5305,0.00885,0.26162
CVE-2010-5306,0.01108,0.53389
CVE-2010-5307,0.01018,0.38792
CVE-2010-5308,0.00954,0.34522
CVE-2010-5309,0.01018,0.38792
CVE-2010-5310,0.01018,0.38792
CVE-2010-5312,0.03407,0.83908
CVE-2010-5313,0.01282,0.67298
CVE-2010-5314,0.01055,0.50287
CVE-2010-5315,0.07584,0.92581
CVE-2010-5316,0.01055,0.50287
CVE-2010-5317,0.01055,0.50287
CVE-2010-5318,0.01055,0.50287
CVE-2010-5319,0.01055,0.50287
CVE-2010-5320,0.01055,0.50287
CVE-2010-5321,0.0095,0.30554
CVE-2010-5322,0.01955,0.77585
CVE-2010-5323,0.07732,0.92768
CVE-2010-5324,0.70536,0.99125
CVE-2010-5325,0.0455,0.88291
CVE-2010-5326,0.06908,0.9183
CVE-2010-5327,0.01232,0.66248
CVE-2010-5328,0.01282,0.67298
CVE-2010-5329,0.0095,0.30554
CVE-2010-5330,0.08382,0.93597
CVE-2010-5331,0.0095,0.30554
CVE-2010-5332,0.0095,0.30554
CVE-2010-5333,0.1185,0.94953
CVE-2010-5334,0.00885,0.26162
CVE-2010-5335,0.00885,0.26162
CVE-2010-5336,0.00885,0.26162
CVE-2010-5337,0.00885,0.26162
CVE-2010-5338,0.00885,0.26162
CVE-2010-5339,0.00885,0.26162
CVE-2010-5340,0.00885,0.26162
CVE-2009-0001,0.04169,0.85428
CVE-2009-0002,0.06154,0.90253
CVE-2009-0003,0.06154,0.90253
CVE-2009-0004,0.03914,0.84984
CVE-2009-0005,0.04169,0.85428
CVE-2009-0006,0.06154,0.90253
CVE-2009-0007,0.06154,0.90253
CVE-2009-0008,0.04169,0.85428
CVE-2009-0009,0.04169,0.85428
CVE-2009-0010,0.06154,0.90253
CVE-2009-0011,0.01104,0.52279
CVE-2009-0012,0.06105,0.90164
CVE-2009-0013,0.01104,0.52279
CVE-2009-0014,0.01034,0.39824
CVE-2009-0015,0.01034,0.39824
CVE-2009-0016,0.02172,0.79917
CVE-2009-0017,0.01837,0.76209
CVE-2009-0018,0.01319,0.70416
CVE-2009-0019,0.01213,0.6557
CVE-2009-0020,0.03375,0.83648
CVE-2009-0021,0.04358,0.87435
CVE-2009-0022,0.02186,0.8012
CVE-2009-0023,0.07344,0.92237
CVE-2009-0024,0.0095,0.30554
CVE-2009-0025,0.14528,0.95635
CVE-2009-0026,0.09984,0.94272
CVE-2009-0027,0.01974,0.7812
CVE-2009-0028,0.04005,0.85278
CVE-2009-0029,0.01547,0.74085
CVE-2009-0030,0.01649,0.75017
CVE-2009-0031,0.01547,0.74085
CVE-2009-0032,0.01034,0.39824
CVE-2009-0033,0.07344,0.92237
CVE-2009-0034,0.01547,0.74085
CVE-2009-0035,0.0089,0.2856
CVE-2009-0036,0.0322,0.83442
CVE-2009-0037,0.12567,0.95329
CVE-2009-0038,0.07563,0.92529
CVE-2009-0039,0.16417,0.95927
CVE-2009-0040,0.05389,0.89444
CVE-2009-0041,0.02172,0.79917
CVE-2009-0042,0.01319,0.70416
CVE-2009-0043,0.0679,0.91793
CVE-2009-0046,0.01136,0.57949
CVE-2009-0047,0.01136,0.57949
CVE-2009-0048,0.01136,0.57949
CVE-2009-0049,0.01213,0.6557
CVE-2009-0050,0.01136,0.57949
CVE-2009-0051,0.01136,0.57949
CVE-2009-0052,0.04724,0.88696
CVE-2009-0053,0.01319,0.70416
CVE-2009-0054,0.01319,0.70416
CVE-2009-0055,0.01319,0.70416
CVE-2009-0056,0.01319,0.70416
CVE-2009-0057,0.01319,0.70416
CVE-2009-0058,0.01213,0.6557
CVE-2009-0059,0.01213,0.6557
CVE-2009-0061,0.01213,0.6557
CVE-2009-0062,0.01132,0.54372
CVE-2009-0063,0.01319,0.70416
CVE-2009-0064,0.01232,0.66248
CVE-2009-0065,0.15272,0.95729
CVE-2009-0066,0.01818,0.76133
CVE-2009-0068,0.06309,0.90494
CVE-2009-0069,0.01104,0.52279
CVE-2009-0070,0.01963,0.77709
CVE-2009-0071,0.10995,0.94626999999999994
CVE-2009-0072,0.11676,0.94929
CVE-2009-0075,0.8983,0.99831
CVE-2009-0076,0.33695,0.97582
CVE-2009-0077,0.52784,0.9868
CVE-2009-0078,0.0222,0.80429
CVE-2009-0079,0.0222,0.80429
CVE-2009-0080,0.0222,0.80429
CVE-2009-0081,0.46718,0.98435
CVE-2009-0082,0.02087,0.79049
CVE-2009-0083,0.02087,0.79049
CVE-2009-0084,0.49756,0.98619
CVE-2009-0085,0.16864,0.95983
CVE-2009-0086,0.26953,0.97023
CVE-2009-0087,0.37825,0.97844
CVE-2009-0088,0.43565,0.98213
CVE-2009-0089,0.10522,0.94391
CVE-2009-0090,0.35639,0.97744
CVE-2009-0091,0.35639,0.97744
CVE-2009-0093,0.26126,0.96951
CVE-2009-0094,0.26126,0.96951
CVE-2009-0095,0.34513,0.97636
CVE-2009-0096,0.34513,0.97636
CVE-2009-0097,0.34513,0.97636
CVE-2009-0098,0.33695,0.97582
CVE-2009-0099,0.13105,0.9547
CVE-2009-0100,0.49756,0.98619
CVE-2009-0102,0.36846,0.97801
CVE-2009-0103,0.01213,0.6557
CVE-2009-0104,0.01136,0.57949
CVE-2009-0105,0.01136,0.57949
CVE-2009-0106,0.01213,0.6557
CVE-2009-0107,0.01213,0.6557
CVE-2009-0108,0.04482,0.88223
CVE-2009-0109,0.00986,0.35784
CVE-2009-0110,0.00986,0.35784
CVE-2009-0111,0.01213,0.6557
CVE-2009-0112,0.01213,0.6557
CVE-2009-0113,0.04187,0.86773
CVE-2009-0114,0.03407,0.83908
CVE-2009-0115,0.01547,0.74085
CVE-2009-0119,0.41781,0.98154
CVE-2009-0120,0.04482,0.88223
CVE-2009-0121,0.01055,0.50287
CVE-2009-0122,0.0095,0.30554
CVE-2009-0123,0.01319,0.70416
CVE-2009-0124,0.01213,0.6557
CVE-2009-0125,0.01319,0.70416
CVE-2009-0126,0.01974,0.7812
CVE-2009-0127,0.01136,0.57949
CVE-2009-0128,0.01055,0.50287
CVE-2009-0129,0.01055,0.50287
CVE-2009-0130,0.01055,0.50287
CVE-2009-0131,0.0095,0.30554
CVE-2009-0132,0.01034,0.39824
CVE-2009-0133,0.75487,0.99316
CVE-2009-0134,0.07437,0.92309
CVE-2009-0135,0.09915,0.94265
CVE-2009-0136,0.06604,0.91138
CVE-2009-0137,0.01136,0.57949
CVE-2009-0138,0.01319,0.70416
CVE-2009-0139,0.01667,0.75032
CVE-2009-0140,0.01018,0.38792
CVE-2009-0141,0.01034,0.39824
CVE-2009-0142,0.01034,0.39824
CVE-2009-0143,0.01537,0.73595
CVE-2009-0144,0.01408,0.72072
CVE-2009-0145,0.06154,0.90253
CVE-2009-0146,0.03932,0.8519
CVE-2009-0147,0.03932,0.8519
CVE-2009-0148,0.09915,0.94265
CVE-2009-0149,0.01282,0.67298
CVE-2009-0150,0.01104,0.52279
CVE-2009-0151,0.01104,0.52279
CVE-2009-0152,0.01408,0.72072
CVE-2009-0153,0.03932,0.8519
CVE-2009-0154,0.09174,0.9391
CVE-2009-0155,0.06154,0.90253
CVE-2009-0156,0.01776,0.75902
CVE-2009-0157,0.0196,0.77594
CVE-2009-0158,0.04169,0.85428
CVE-2009-0159,0.04421,0.87629
CVE-2009-0160,0.04169,0.85428
CVE-2009-0161,0.01319,0.70416
CVE-2009-0162,0.05649,0.89807
CVE-2009-0163,0.06154,0.90253
CVE-2009-0164,0.03779,0.84781
CVE-2009-0165,0.02686,0.82061
CVE-2009-0166,0.03932,0.8519
CVE-2009-0167,0.01282,0.67298
CVE-2009-0168,0.01282,0.67298
CVE-2009-0169,0.01232,0.66248
CVE-2009-0170,0.01232,0.66248
CVE-2009-0171,0.01213,0.6557
CVE-2009-0172,0.12567,0.95329
CVE-2009-0173,0.01815,0.76117
CVE-2009-0174,0.11409,0.94831
CVE-2009-0175,0.06006,0.90134
CVE-2009-0176,0.07525,0.92398
CVE-2009-0177,0.12567,0.95329
CVE-2009-0178,0.01108,0.53389
CVE-2009-0179,0.01183,0.60428
CVE-2009-0180,0.01319,0.70416
CVE-2009-0181,0.00954,0.34522
CVE-2009-0183,0.75392,0.99312
CVE-2009-0184,0.70125,0.99114
CVE-2009-0185,0.06154,0.90253
CVE-2009-0186,0.02768,0.82197
CVE-2009-0187,0.73646,0.9925
CVE-2009-0188,0.06154,0.90253
CVE-2009-0191,0.06631,0.91147
CVE-2009-0192,0.23196,0.96527
CVE-2009-0193,0.09915,0.94265
CVE-2009-0194,0.01319,0.70416
CVE-2009-0195,0.09174,0.9391
CVE-2009-0196,0.09915,0.94265
CVE-2009-0197,0.05288,0.89317
CVE-2009-0198,0.10949,0.94488
CVE-2009-0199,0.07525,0.92398
CVE-2009-0200,0.09915,0.94265
CVE-2009-0201,0.09915,0.94265
CVE-2009-0202,0.48886,0.9852
CVE-2009-0204,0.01319,0.70416
CVE-2009-0206,0.01034,0.39824
CVE-2009-0207,0.01104,0.52279
CVE-2009-0208,0.15849,0.95886
CVE-2009-0209,0.01055,0.50287
CVE-2009-0210,0.01213,0.6557
CVE-2009-0211,0.01213,0.6557
CVE-2009-0212,0.01213,0.6557
CVE-2009-0213,0.01213,0.6557
CVE-2009-0214,0.01132,0.54372
CVE-2009-0215,0.71462,0.99148
CVE-2009-0216,0.01213,0.6557
CVE-2009-0217,0.10489,0.94386
CVE-2009-0218,0.06309,0.90494
CVE-2009-0219,0.07525,0.92398
CVE-2009-0220,0.49756,0.98619
CVE-2009-0221,0.49756,0.98619
CVE-2009-0222,0.49756,0.98619
CVE-2009-0223,0.43565,0.98213
CVE-2009-0224,0.49756,0.98619
CVE-2009-0225,0.49756,0.98619
CVE-2009-0226,0.49756,0.98619
CVE-2009-0227,0.49756,0.98619
CVE-2009-0228,0.31373,0.97472
CVE-2009-0230,0.17072,0.96002
CVE-2009-0231,0.48886,0.9852
CVE-2009-0232,0.41558,0.98144
CVE-2009-0233,0.20648,0.96329
CVE-2009-0234,0.20648,0.96329
CVE-2009-0235,0.49756,0.98619
CVE-2009-0237,0.16864,0.95983
CVE-2009-0238,0.46718,0.98435
CVE-2009-0239,0.41385,0.98143
CVE-2009-0240,0.01315,0.67456
CVE-2009-0241,0.07197,0.92068
CVE-2009-0243,0.18274,0.96109
CVE-2009-0244,0.38224,0.97881
CVE-2009-0245,0.01213,0.6557
CVE-2009-0246,0.02768,0.82197
CVE-2009-0247,0.01136,0.57949
CVE-2009-0248,0.01213,0.6557
CVE-2009-0249,0.01055,0.50287
CVE-2009-0250,0.01213,0.6557
CVE-2009-0251,0.01132,0.54372
CVE-2009-0252,0.00986,0.35784
CVE-2009-0253,0.04187,0.86773
CVE-2009-0254,0.01818,0.76133
CVE-2009-0255,0.35855,0.97754
CVE-2009-0256,0.01319,0.70416
CVE-2009-0257,0.01776,0.75902
CVE-2009-0258,0.01319,0.70416
CVE-2009-0259,0.04146,0.85406
CVE-2009-0260,0.05649,0.89807
CVE-2009-0261,0.02167,0.79257
CVE-2009-0262,0.06309,0.90494
CVE-2009-0263,0.06211,0.90307
CVE-2009-0264,0.00954,0.34522
CVE-2009-0265,0.02103,0.79072
CVE-2009-0266,0.01923,0.77075
CVE-2009-0267,0.01319,0.70416
CVE-2009-0268,0.01104,0.52279
CVE-2009-0269,0.01547,0.74085
CVE-2009-0270,0.07777,0.92953
CVE-2009-0271,0.01213,0.6557
CVE-2009-0272,0.01213,0.6557
CVE-2009-0273,0.01776,0.75902
CVE-2009-0274,0.01136,0.57949
CVE-2009-0275,0.01055,0.50287
CVE-2009-0276,0.01213,0.6557
CVE-2009-0277,0.0095,0.30554
CVE-2009-0278,0.01319,0.70416
CVE-2009-0279,0.00986,0.35784
CVE-2009-0280,0.04187,0.86773
CVE-2009-0281,0.00986,0.35784
CVE-2009-0282,0.06604,0.91138
CVE-2009-0283,0.01917,0.77071
CVE-2009-0284,0.00986,0.35784
CVE-2009-0285,0.01917,0.77071
CVE-2009-0286,0.04187,0.86773
CVE-2009-0287,0.01213,0.6557
CVE-2009-0288,0.01319,0.70416
CVE-2009-0289,0.01213,0.6557
CVE-2009-0290,0.07437,0.92309
CVE-2009-0291,0.04187,0.86773
CVE-2009-0292,0.00986,0.35784
CVE-2009-0293,0.00986,0.35784
CVE-2009-0294,0.04187,0.86773
CVE-2009-0295,0.00986,0.35784
CVE-2009-0296,0.00986,0.35784
CVE-2009-0297,0.00986,0.35784
CVE-2009-0298,0.07437,0.92309
CVE-2009-0299,0.00986,0.35784
CVE-2009-0301,0.01963,0.77709
CVE-2009-0302,0.04386,0.87542
CVE-2009-0303,0.01136,0.57949
CVE-2009-0304,0.07197,0.92068
CVE-2009-0305,0.07525,0.92398
CVE-2009-0306,0.05392,0.89448
CVE-2009-0307,0.02945,0.82784
CVE-2009-0310,0.0089,0.2856
CVE-2009-0311,0.07777,0.92953
CVE-2009-0312,0.01955,0.77585
CVE-2009-0313,0.0095,0.30554
CVE-2009-0314,0.02172,0.79379
CVE-2009-0315,0.01592,0.74578
CVE-2009-0316,0.02172,0.79379
CVE-2009-0317,0.01592,0.74578
CVE-2009-0318,0.02172,0.79379
CVE-2009-0319,0.01282,0.67298
CVE-2009-0320,0.0129,0.673
CVE-2009-0321,0.01963,0.77709
CVE-2009-0322,0.01547,0.74085
CVE-2009-0323,0.74393,0.99275
CVE-2009-0324,0.00986,0.35784
CVE-2009-0325,0.04482,0.88223
CVE-2009-0326,0.00986,0.35784
CVE-2009-0327,0.00986,0.35784
CVE-2009-0328,0.04187,0.86773
CVE-2009-0329,0.00986,0.35784
CVE-2009-0330,0.01963,0.77709
CVE-2009-0331,0.04187,0.86773
CVE-2009-0332,0.01213,0.6557
CVE-2009-0333,0.00986,0.35784
CVE-2009-0334,0.01213,0.6557
CVE-2009-0335,0.01213,0.6557
CVE-2009-0336,0.01055,0.50287
CVE-2009-0337,0.01055,0.50287
CVE-2009-0338,0.01917,0.77071
CVE-2009-0339,0.00986,0.35784
CVE-2009-0340,0.01963,0.77709
CVE-2009-0341,0.18938,0.96155
CVE-2009-0342,0.0095,0.30554
CVE-2009-0343,0.01761,0.7555
CVE-2009-0344,0.01319,0.70416
CVE-2009-0345,0.01319,0.70416
CVE-2009-0346,0.01104,0.52279
CVE-2009-0347,0.04482,0.88223
CVE-2009-0348,0.0679,0.91793
CVE-2009-0349,0.06006,0.90134
CVE-2009-0350,0.07437,0.92309
CVE-2009-0351,0.06262,0.90346
CVE-2009-0352,0.08228,0.93218
CVE-2009-0353,0.08228,0.93218
CVE-2009-0354,0.03407,0.83908
CVE-2009-0355,0.03932,0.8519
CVE-2009-0356,0.09915,0.94265
CVE-2009-0357,0.04358,0.87435
CVE-2009-0358,0.01547,0.74085
CVE-2009-0359,0.01232,0.66248
CVE-2009-0360,0.0322,0.83442
CVE-2009-0361,0.01547,0.74085
CVE-2009-0362,0.01061,0.51015
CVE-2009-0363,0.07777,0.92953
CVE-2009-0364,0.06523,0.90962
CVE-2009-0365,0.01547,0.74085
CVE-2009-0366,0.03407,0.83908
CVE-2009-0367,0.28823,0.97188
CVE-2009-0368,0.04669,0.88544
CVE-2009-0369,0.18563,0.96143
CVE-2009-0370,0.01282,0.67298
CVE-2009-0371,0.01963,0.77709
CVE-2009-0372,0.06262,0.90346
CVE-2009-0373,0.00986,0.35784
CVE-2009-0374,0.04187,0.86773
CVE-2009-0375,0.07996,0.93017
CVE-2009-0376,0.09915,0.94265
CVE-2009-0377,0.01136,0.57949
CVE-2009-0378,0.01136,0.57949
CVE-2009-0379,0.00986,0.35784
CVE-2009-0380,0.00986,0.35784
CVE-2009-0381,0.00986,0.35784
CVE-2009-0382,0.01136,0.57949
CVE-2009-0383,0.0679,0.91793
CVE-2009-0384,0.00986,0.35784
CVE-2009-0385,0.09915,0.94265
CVE-2009-0386,0.09915,0.94265
CVE-2009-0387,0.06604,0.91138
CVE-2009-0388,0.23224,0.96531
CVE-2009-0389,0.07437,0.92309
CVE-2009-0390,0.01761,0.7555
CVE-2009-0391,0.01108,0.53389
CVE-2009-0392,0.01061,0.51015
CVE-2009-0393,0.01061,0.51015
CVE-2009-0394,0.00986,0.35784
CVE-2009-0395,0.00986,0.35784
CVE-2009-0396,0.01213,0.6557
CVE-2009-0397,0.09915,0.94265
CVE-2009-0398,0.01213,0.6557
CVE-2009-0399,0.01055,0.50287
CVE-2009-0400,0.00986,0.35784
CVE-2009-0401,0.01213,0.6557
CVE-2009-0402,0.01319,0.70416
CVE-2009-0403,0.01136,0.57949
CVE-2009-0404,0.01408,0.72072
CVE-2009-0405,0.00986,0.35784
CVE-2009-0406,0.00986,0.35784
CVE-2009-0407,0.00986,0.35784
CVE-2009-0408,0.01132,0.54372
CVE-2009-0409,0.00986,0.35784
CVE-2009-0410,0.18172,0.96093
CVE-2009-0411,0.01213,0.6557
CVE-2009-0412,0.01213,0.6557
CVE-2009-0413,0.01319,0.70416
CVE-2009-0414,0.01537,0.73595
CVE-2009-0415,0.01592,0.74578
CVE-2009-0416,0.01034,0.39824
CVE-2009-0417,0.01213,0.6557
CVE-2009-0418,0.14831,0.95668
CVE-2009-0419,0.09772,0.94058
CVE-2009-0420,0.00986,0.35784
CVE-2009-0421,0.00986,0.35784
CVE-2009-0422,0.04482,0.88223
CVE-2009-0423,0.04187,0.86773
CVE-2009-0424,0.01213,0.6557
CVE-2009-0425,0.00986,0.35784
CVE-2009-0426,0.01213,0.6557
CVE-2009-0427,0.01139,0.58345
CVE-2009-0428,0.01139,0.58345
CVE-2009-0429,0.00986,0.35784
CVE-2009-0430,0.01917,0.77071
CVE-2009-0431,0.00986,0.35784
CVE-2009-0432,0.01213,0.6557
CVE-2009-0433,0.01108,0.53389
CVE-2009-0434,0.01104,0.52279
CVE-2009-0435,0.01018,0.38792
CVE-2009-0436,0.01034,0.39824
CVE-2009-0437,0.0089,0.2856
CVE-2009-0438,0.01213,0.6557
CVE-2009-0439,0.01034,0.39824
CVE-2009-0440,0.01132,0.54372
CVE-2009-0441,0.04187,0.86773
CVE-2009-0442,0.02104,0.79086
CVE-2009-0443,0.07437,0.92309
CVE-2009-0444,0.04187,0.86773
CVE-2009-0445,0.01139,0.58345
CVE-2009-0446,0.00986,0.35784
CVE-2009-0447,0.00986,0.35784
CVE-2009-0448,0.04187,0.86773
CVE-2009-0449,0.01924,0.77129
CVE-2009-0450,0.07437,0.92309
CVE-2009-0451,0.00986,0.35784
CVE-2009-0452,0.01213,0.6557
CVE-2009-0453,0.01136,0.57949
CVE-2009-0454,0.01136,0.57949
CVE-2009-0455,0.01917,0.77071
CVE-2009-0456,0.04187,0.86773
CVE-2009-0457,0.04482,0.88223
CVE-2009-0458,0.01213,0.6557
CVE-2009-0459,0.01213,0.6557
CVE-2009-0460,0.01213,0.6557
CVE-2009-0461,0.01213,0.6557
CVE-2009-0462,0.00986,0.35784
CVE-2009-0463,0.04187,0.86773
CVE-2009-0464,0.04187,0.86773
CVE-2009-0465,0.0679,0.91793
CVE-2009-0466,0.01136,0.57949
CVE-2009-0467,0.01213,0.6557
CVE-2009-0468,0.01213,0.6557
CVE-2009-0469,0.01213,0.6557
CVE-2009-0470,0.01917,0.77071
CVE-2009-0471,0.01055,0.50287
CVE-2009-0472,0.01213,0.6557
CVE-2009-0474,0.01213,0.6557
CVE-2009-0475,0.04146,0.85406
CVE-2009-0476,0.73646,0.9925
CVE-2009-0477,0.0095,0.30554
CVE-2009-0478,0.12567,0.95329
CVE-2009-0479,0.01055,0.50287
CVE-2009-0480,0.01282,0.67298
CVE-2009-0481,0.01132,0.54372
CVE-2009-0482,0.01213,0.6557
CVE-2009-0483,0.01319,0.70416
CVE-2009-0484,0.01319,0.70416
CVE-2009-0485,0.01319,0.70416
CVE-2009-0486,0.01213,0.6557
CVE-2009-0487,0.01213,0.6557
CVE-2009-0488,0.01055,0.50287
CVE-2009-0489,0.01034,0.39824
CVE-2009-0490,0.10599,0.94398
CVE-2009-0491,0.07437,0.92309
CVE-2009-0492,0.00954,0.34522
CVE-2009-0493,0.00986,0.35784
CVE-2009-0494,0.00986,0.35784
CVE-2009-0495,0.04187,0.86773
CVE-2009-0496,0.39729,0.98024
CVE-2009-0497,0.0679,0.91793
CVE-2009-0498,0.04187,0.86773
CVE-2009-0499,0.01213,0.6557
CVE-2009-0500,0.01319,0.70416
CVE-2009-0501,0.01018,0.38792
CVE-2009-0502,0.01319,0.70416
CVE-2009-0503,0.01034,0.39824
CVE-2009-0504,0.0089,0.2856
CVE-2009-0505,0.01132,0.54372
CVE-2009-0506,0.0095,0.30554
CVE-2009-0507,0.01132,0.54372
CVE-2009-0508,0.02172,0.79917
CVE-2009-0509,0.09915,0.94265
CVE-2009-0510,0.09915,0.94265
CVE-2009-0511,0.09915,0.94265
CVE-2009-0512,0.09915,0.94265
CVE-2009-0513,0.01055,0.50287
CVE-2009-0514,0.01055,0.50287
CVE-2009-0515,0.02104,0.79086
CVE-2009-0516,0.00986,0.35784
CVE-2009-0517,0.0679,0.91793
CVE-2009-0518,0.01034,0.39824
CVE-2009-0519,0.10949,0.94488
CVE-2009-0520,0.67214,0.99042
CVE-2009-0521,0.01282,0.67298
CVE-2009-0522,0.01319,0.70416
CVE-2009-0523,0.01319,0.70416
CVE-2009-0524,0.01319,0.70416
CVE-2009-0525,0.01055,0.50287
CVE-2009-0526,0.01213,0.6557
CVE-2009-0527,0.01213,0.6557
CVE-2009-0528,0.00986,0.35784
CVE-2009-0529,0.01136,0.57949
CVE-2009-0530,0.01136,0.57949
CVE-2009-0531,0.00986,0.35784
CVE-2009-0532,0.01136,0.57949
CVE-2009-0533,0.01136,0.57949
CVE-2009-0534,0.01136,0.57949
CVE-2009-0535,0.04187,0.86773
CVE-2009-0536,0.01547,0.74085
CVE-2009-0537,0.02604,0.8125
CVE-2009-0538,0.01282,0.67298
CVE-2009-0540,0.01213,0.6557
CVE-2009-0541,0.02945,0.82784
CVE-2009-0542,0.6849,0.99068
CVE-2009-0543,0.01319,0.70416
CVE-2009-0544,0.35205,0.97726
CVE-2009-0546,0.73646,0.9925
CVE-2009-0547,0.04358,0.87435
CVE-2009-0548,0.01213,0.6557
CVE-2009-0549,0.48886,0.9852
CVE-2009-0550,0.1522,0.95707
CVE-2009-0551,0.42232,0.98161
CVE-2009-0552,0.42232,0.98161
CVE-2009-0553,0.69671,0.99088
CVE-2009-0554,0.36301,0.97778
CVE-2009-0555,0.36846,0.97801
CVE-2009-0556,0.49756,0.98619
CVE-2009-0557,0.48886,0.9852
CVE-2009-0558,0.55095,0.98722
CVE-2009-0559,0.42979,0.98201
CVE-2009-0560,0.48886,0.9852
CVE-2009-0561,0.55095,0.98722
CVE-2009-0562,0.37791,0.97843
CVE-2009-0563,0.55095,0.98722
CVE-2009-0565,0.69717,0.9909
CVE-2009-0566,0.48886,0.9852
CVE-2009-0568,0.24379,0.96665
CVE-2009-0569,0.07525,0.92398
CVE-2009-0570,0.01136,0.57949
CVE-2009-0571,0.01055,0.50287
CVE-2009-0572,0.0679,0.91793
CVE-2009-0573,0.01917,0.77071
CVE-2009-0574,0.00986,0.35784
CVE-2009-0575,0.01213,0.6557
CVE-2009-0576,0.01319,0.70416
CVE-2009-0577,0.05903,0.90071
CVE-2009-0578,0.01282,0.67298
CVE-2009-0579,0.01034,0.39824
CVE-2009-0580,0.8352,0.99582
CVE-2009-0581,0.02686,0.82061
CVE-2009-0582,0.02686,0.82061
CVE-2009-0583,0.03714,0.84335
CVE-2009-0584,0.03714,0.84335
CVE-2009-0585,0.04421,0.87629
CVE-2009-0586,0.04421,0.87629
CVE-2009-0587,0.04421,0.87629
CVE-2009-0588,0.01232,0.66248
CVE-2009-0590,0.07559,0.92528
CVE-2009-0591,0.07559,0.92528
CVE-2009-0592,0.04187,0.86773
CVE-2009-0593,0.00986,0.35784
CVE-2009-0594,0.01136,0.57949
CVE-2009-0595,0.01136,0.57949
CVE-2009-0596,0.01136,0.57949
CVE-2009-0597,0.00986,0.35784
CVE-2009-0598,0.00986,0.35784
CVE-2009-0599,0.04358,0.87435
CVE-2009-0600,0.03407,0.83908
CVE-2009-0601,0.01282,0.67298
CVE-2009-0602,0.07687,0.92751
CVE-2009-0603,0.01132,0.54372
CVE-2009-0604,0.00986,0.35784
CVE-2009-0605,0.0095,0.30554
CVE-2009-0606,0.0089,0.2856
CVE-2009-0607,0.0089,0.2856
CVE-2009-0608,0.0089,0.2856
CVE-2009-0609,0.01213,0.6557
CVE-2009-0610,0.01055,0.50287
CVE-2009-0611,0.02945,0.82784
CVE-2009-0612,0.01018,0.38792
CVE-2009-0613,0.01132,0.54372
CVE-2009-0614,0.01136,0.57949
CVE-2009-0615,0.01061,0.51015
CVE-2009-0616,0.01136,0.57949
CVE-2009-0617,0.01136,0.57949
CVE-2009-0618,0.01136,0.57949
CVE-2009-0619,0.01213,0.6557
CVE-2009-0620,0.01055,0.50287
CVE-2009-0621,0.01055,0.50287
CVE-2009-0622,0.01055,0.50287
CVE-2009-0623,0.01055,0.50287
CVE-2009-0624,0.01061,0.51015
CVE-2009-0625,0.01136,0.57949
CVE-2009-0626,0.01408,0.72072
CVE-2009-0627,0.01055,0.50287
CVE-2009-0628,0.01408,0.72072
CVE-2009-0629,0.01319,0.70416
CVE-2009-0630,0.01319,0.70416
CVE-2009-0631,0.01319,0.70416
CVE-2009-0632,0.01315,0.67456
CVE-2009-0633,0.01408,0.72072
CVE-2009-0634,0.01974,0.7812
CVE-2009-0635,0.01319,0.70416
CVE-2009-0636,0.01319,0.70416
CVE-2009-0637,0.01232,0.66248
CVE-2009-0638,0.01319,0.70416
CVE-2009-0639,0.04187,0.86773
CVE-2009-0640,0.04482,0.88223
CVE-2009-0641,0.07437,0.92309
CVE-2009-0642,0.02172,0.79917
CVE-2009-0643,0.01213,0.6557
CVE-2009-0644,0.01055,0.50287
CVE-2009-0645,0.04187,0.86773
CVE-2009-0646,0.04386,0.87542
CVE-2009-0647,0.13105,0.9547
CVE-2009-0648,0.01136,0.57949
CVE-2009-0649,0.04187,0.86773
CVE-2009-0650,0.04291,0.87022
CVE-2009-0651,0.08336,0.93297
CVE-2009-0652,0.03932,0.8519
CVE-2009-0653,0.01055,0.50287
CVE-2009-0654,0.01136,0.57949
CVE-2009-0655,0.01034,0.39824
CVE-2009-0656,0.01034,0.39824
CVE-2009-0657,0.01108,0.53389
CVE-2009-0658,0.77857,0.99392
CVE-2009-0659,0.01136,0.57949
CVE-2009-0660,0.01408,0.72072
CVE-2009-0661,0.02172,0.79917
CVE-2009-0662,0.01132,0.54372
CVE-2009-0663,0.04421,0.87629
CVE-2009-0664,0.01319,0.70416
CVE-2009-0667,0.01282,0.67298
CVE-2009-0668,0.01315,0.67456
CVE-2009-0669,0.01408,0.72072
CVE-2009-0672,0.01232,0.66248
CVE-2009-0673,0.01232,0.66248
CVE-2009-0674,0.01232,0.66248
CVE-2009-0675,0.01547,0.74085
CVE-2009-0676,0.04005,0.85278
CVE-2009-0677,0.06739,0.91208
CVE-2009-0678,0.01213,0.6557
CVE-2009-0679,0.01136,0.57949
CVE-2009-0680,0.0679,0.91793
CVE-2009-0681,0.01592,0.74578
CVE-2009-0682,0.0095,0.30554
CVE-2009-0686,0.01924,0.77129
CVE-2009-0687,0.12567,0.95329
CVE-2009-0688,0.08228,0.93218
CVE-2009-0690,0.04967,0.88981
CVE-2009-0691,0.04967,0.88981
CVE-2009-0692,0.27992,0.97142
CVE-2009-0693,0.06523,0.90962
CVE-2009-0695,0.74398,0.99275
CVE-2009-0696,0.15272,0.95729
CVE-2009-0698,0.07544,0.92484
CVE-2009-0699,0.01917,0.77071
CVE-2009-0700,0.04482,0.88223
CVE-2009-0701,0.04187,0.86773
CVE-2009-0702,0.00986,0.35784
CVE-2009-0703,0.00986,0.35784
CVE-2009-0704,0.00986,0.35784
CVE-2009-0705,0.00986,0.35784
CVE-2009-0706,0.01136,0.57949
CVE-2009-0707,0.00986,0.35784
CVE-2009-0708,0.01055,0.50287
CVE-2009-0709,0.01136,0.57949
CVE-2009-0710,0.01213,0.6557
CVE-2009-0711,0.01136,0.57949
CVE-2009-0712,0.01282,0.67298
CVE-2009-0713,0.01408,0.72072
CVE-2009-0714,0.08766,0.93662
CVE-2009-0715,0.01232,0.66248
CVE-2009-0716,0.01213,0.6557
CVE-2009-0717,0.01213,0.6557
CVE-2009-0718,0.25143,0.96828
CVE-2009-0719,0.0095,0.30554
CVE-2009-0720,0.25374,0.96854
CVE-2009-0721,0.25374,0.96854
CVE-2009-0722,0.04187,0.86773
CVE-2009-0723,0.03883,0.84912
CVE-2009-0726,0.00986,0.35784
CVE-2009-0727,0.00986,0.35784
CVE-2009-0728,0.00986,0.35784
CVE-2009-0729,0.01319,0.70416
CVE-2009-0730,0.01139,0.58345
CVE-2009-0731,0.01963,0.77709
CVE-2009-0732,0.01136,0.57949
CVE-2009-0733,0.03883,0.84912
CVE-2009-0734,0.07437,0.92309
CVE-2009-0735,0.04187,0.86773
CVE-2009-0736,0.01213,0.6557
CVE-2009-0737,0.01408,0.72072
CVE-2009-0738,0.00986,0.35784
CVE-2009-0739,0.00986,0.35784
CVE-2009-0740,0.00986,0.35784
CVE-2009-0741,0.00986,0.35784
CVE-2009-0742,0.00885,0.26162
CVE-2009-0743,0.01132,0.54372
CVE-2009-0744,0.04187,0.86773
CVE-2009-0745,0.01547,0.74085
CVE-2009-0746,0.0322,0.83442
CVE-2009-0747,0.01547,0.74085
CVE-2009-0748,0.01547,0.74085
CVE-2009-0749,0.02686,0.82061
CVE-2009-0750,0.00986,0.35784
CVE-2009-0751,0.07197,0.92068
CVE-2009-0752,0.00885,0.26162
CVE-2009-0753,0.12567,0.95329
CVE-2009-0754,0.04587,0.88396
CVE-2009-0755,0.03779,0.84781
CVE-2009-0756,0.02172,0.79917
CVE-2009-0757,0.01108,0.53389
CVE-2009-0758,0.01319,0.70416
CVE-2009-0759,0.01232,0.66248
CVE-2009-0760,0.01213,0.6557
CVE-2009-0761,0.01055,0.50287
CVE-2009-0762,0.01136,0.57949
CVE-2009-0763,0.01136,0.57949
CVE-2009-0764,0.01055,0.50287
CVE-2009-0765,0.01213,0.6557
CVE-2009-0766,0.01055,0.50287
CVE-2009-0767,0.01055,0.50287
CVE-2009-0768,0.00986,0.35784
CVE-2009-0769,0.01963,0.77709
CVE-2009-0770,0.01408,0.72072
CVE-2009-0771,0.08228,0.93218
CVE-2009-0772,0.06604,0.91138
CVE-2009-0773,0.08228,0.93218
CVE-2009-0774,0.06604,0.91138
CVE-2009-0775,0.12248,0.95092
CVE-2009-0776,0.03932,0.8519
CVE-2009-0777,0.03932,0.8519
CVE-2009-0778,0.03779,0.84781
CVE-2009-0779,0.01282,0.67298
CVE-2009-0780,0.01319,0.70416
CVE-2009-0781,0.07344,0.92237
CVE-2009-0783,0.03525,0.84103000000000006
CVE-2009-0784,0.01104,0.52279
CVE-2009-0787,0.01547,0.74085
CVE-2009-0788,0.01319,0.70416
CVE-2009-0789,0.07559,0.92528
CVE-2009-0790,0.03779,0.84781
CVE-2009-0791,0.06154,0.90253
CVE-2009-0792,0.02646,0.81377
CVE-2009-0793,0.06604,0.91138
CVE-2009-0794,0.01974,0.7812
CVE-2009-0796,0.06394,0.90534
CVE-2009-0798,0.04358,0.87435
CVE-2009-0799,0.03932,0.8519
CVE-2009-0800,0.09174,0.9391
CVE-2009-0801,0.01055,0.50287
CVE-2009-0802,0.01055,0.50287
CVE-2009-0803,0.01136,0.57949
CVE-2009-0804,0.01136,0.57949
CVE-2009-0805,0.01319,0.70416
CVE-2009-0806,0.01061,0.51015
CVE-2009-0807,0.04187,0.86773
CVE-2009-0808,0.01136,0.57949
CVE-2009-0809,0.01132,0.54372
CVE-2009-0810,0.00986,0.35784
CVE-2009-0811,0.04187,0.86773
CVE-2009-0812,0.11409,0.94831
CVE-2009-0813,0.07437,0.92309
CVE-2009-0814,0.01917,0.77071
CVE-2009-0815,0.67565,0.99053
CVE-2009-0816,0.01213,0.6557
CVE-2009-0817,0.01315,0.67456
CVE-2009-0818,0.01232,0.66248
CVE-2009-0819,0.09477,0.93973
CVE-2009-0820,0.06523,0.90962
CVE-2009-0821,0.04187,0.86773
CVE-2009-0824,0.0322,0.83442
CVE-2009-0825,0.01139,0.58345
CVE-2009-0826,0.04187,0.86773
CVE-2009-0827,0.04187,0.86773
CVE-2009-0828,0.01136,0.57949
CVE-2009-0829,0.01055,0.50287
CVE-2009-0830,0.01055,0.50287
CVE-2009-0831,0.00986,0.35784
CVE-2009-0832,0.00986,0.35784
CVE-2009-0833,0.07437,0.92309
CVE-2009-0834,0.01547,0.74085
CVE-2009-0835,0.0322,0.83442
CVE-2009-0836,0.55346,0.98729
CVE-2009-0837,0.75392,0.99312
CVE-2009-0838,0.01282,0.67298
CVE-2009-0839,0.1127,0.94787
CVE-2009-0840,0.02172,0.79917
CVE-2009-0841,0.02172,0.79917
CVE-2009-0842,0.01955,0.77585
CVE-2009-0843,0.02172,0.79917
CVE-2009-0844,0.03932,0.8519
CVE-2009-0845,0.04358,0.87435
CVE-2009-0846,0.08228,0.93218
CVE-2009-0847,0.03932,0.8519
CVE-2009-0848,0.01592,0.74578
CVE-2009-0849,0.12822,0.95405
CVE-2009-0850,0.01213,0.6557
CVE-2009-0851,0.01136,0.57949
CVE-2009-0852,0.01136,0.57949
CVE-2009-0853,0.01136,0.57949
CVE-2009-0854,0.01592,0.74578
CVE-2009-0855,0.04894,0.88891
CVE-2009-0856,0.01319,0.70416
CVE-2009-0857,0.01319,0.70416
CVE-2009-0858,0.12567,0.95329
CVE-2009-0859,0.01547,0.74085
CVE-2009-0860,0.01213,0.6557
CVE-2009-0861,0.01213,0.6557
CVE-2009-0862,0.01213,0.6557
CVE-2009-0863,0.01136,0.57949
CVE-2009-0864,0.01136,0.57949
CVE-2009-0865,0.01963,0.77709
CVE-2009-0866,0.04187,0.86773
CVE-2009-0867,0.01213,0.6557
CVE-2009-0868,0.01213,0.6557
CVE-2009-0869,0.05139,0.89128
CVE-2009-0870,0.01282,0.67298
CVE-2009-0871,0.01649,0.75017
CVE-2009-0872,0.01955,0.77585
CVE-2009-0873,0.01955,0.77585
CVE-2009-0874,0.01282,0.67298
CVE-2009-0875,0.01282,0.67298
CVE-2009-0876,0.0322,0.83442
CVE-2009-0877,0.01213,0.6557
CVE-2009-0878,0.01408,0.72072
CVE-2009-0879,0.10995,0.94626999999999994
CVE-2009-0880,0.54158,0.98701
CVE-2009-0881,0.00986,0.35784
CVE-2009-0882,0.00986,0.35784
CVE-2009-0883,0.00986,0.35784
CVE-2009-0884,0.01319,0.70416
CVE-2009-0885,0.2436,0.96664
CVE-2009-0886,0.04187,0.86773
CVE-2009-0887,0.01649,0.75017
CVE-2009-0888,0.09915,0.94265
CVE-2009-0889,0.09915,0.94265
CVE-2009-0891,0.01232,0.66248
CVE-2009-0892,0.01034,0.39824
CVE-2009-0893,0.07777,0.92953
CVE-2009-0894,0.06523,0.90962
CVE-2009-0895,0.09761,0.94008
CVE-2009-0896,0.07777,0.92953
CVE-2009-0897,0.01061,0.51015
CVE-2009-0898,0.25374,0.96854
CVE-2009-0899,0.01018,0.38792
CVE-2009-0900,0.00885,0.26162
CVE-2009-0901,0.55095,0.98722
CVE-2009-0903,0.01213,0.6557
CVE-2009-0904,0.01213,0.6557
CVE-2009-0905,0.00885,0.26162
CVE-2009-0906,0.01132,0.54372
CVE-2009-0908,0.01108,0.53389
CVE-2009-0909,0.06852,0.91814
CVE-2009-0910,0.06852,0.91814
CVE-2009-0912,0.0095,0.30554
CVE-2009-0913,0.01282,0.67298
CVE-2009-0914,0.09915,0.94265
CVE-2009-0915,0.01955,0.77585
CVE-2009-0916,0.01537,0.73595
CVE-2009-0917,0.01319,0.70416
CVE-2009-0918,0.01319,0.70416
CVE-2009-0919,0.01213,0.6557
CVE-2009-0920,0.87164,0.99725
CVE-2009-0921,0.33866,0.97595
CVE-2009-0922,0.11063,0.94638
CVE-2009-0923,0.02172,0.79917
CVE-2009-0924,0.01104,0.52279
CVE-2009-0925,0.01104,0.52279
CVE-2009-0926,0.01104,0.52279
CVE-2009-0927,0.86734,0.99707
CVE-2009-0928,0.12248,0.95092
CVE-2009-0929,0.01213,0.6557
CVE-2009-0930,0.01955,0.77585
CVE-2009-0931,0.01408,0.72072
CVE-2009-0932,0.12567,0.95329
CVE-2009-0933,0.01213,0.6557
CVE-2009-0934,0.01955,0.77585
CVE-2009-0935,0.01104,0.52279
CVE-2009-0936,0.01018,0.38792
CVE-2009-0937,0.01018,0.38792
CVE-2009-0938,0.01108,0.53389
CVE-2009-0939,0.01018,0.38792
CVE-2009-0940,0.01408,0.72072
CVE-2009-0941,0.01213,0.6557
CVE-2009-0942,0.0628,0.90355
CVE-2009-0943,0.0628,0.90355
CVE-2009-0944,0.04169,0.85428
CVE-2009-0945,0.09174,0.9391
CVE-2009-0946,0.11354,0.94806
CVE-2009-0947,0.00885,0.26162
CVE-2009-0948,0.00885,0.26162
CVE-2009-0949,0.12567,0.95329
CVE-2009-0950,0.73653,0.9925
CVE-2009-0951,0.06154,0.90253
CVE-2009-0952,0.04169,0.85428
CVE-2009-0953,0.06154,0.90253
CVE-2009-0954,0.06154,0.90253
CVE-2009-0955,0.26775,0.97021
CVE-2009-0956,0.04169,0.85428
CVE-2009-0957,0.06154,0.90253
CVE-2009-0958,0.01108,0.53389
CVE-2009-0959,0.01319,0.70416
CVE-2009-0960,0.01319,0.70416
CVE-2009-0961,0.0679,0.91793
CVE-2009-0962,0.01408,0.72072
CVE-2009-0963,0.02172,0.79917
CVE-2009-0964,0.01108,0.53389
CVE-2009-0965,0.00986,0.35784
CVE-2009-0966,0.04482,0.88223
CVE-2009-0967,0.04187,0.86773
CVE-2009-0968,0.01139,0.58345
CVE-2009-0969,0.01213,0.6557
CVE-2009-0970,0.01213,0.6557
CVE-2009-0971,0.01408,0.72072
CVE-2009-0972,0.01132,0.54372
CVE-2009-0973,0.01319,0.70416
CVE-2009-0974,0.01319,0.70416
CVE-2009-0975,0.01232,0.66248
CVE-2009-0976,0.01232,0.66248
CVE-2009-0977,0.01232,0.66248
CVE-2009-0978,0.23269,0.96535
CVE-2009-0979,0.01132,0.54372
CVE-2009-0980,0.01132,0.54372
CVE-2009-0981,0.09477,0.93973
CVE-2009-0982,0.01232,0.66248
CVE-2009-0983,0.01319,0.70416
CVE-2009-0984,0.01132,0.54372
CVE-2009-0985,0.01132,0.54372
CVE-2009-0986,0.01232,0.66248
CVE-2009-0987,0.01232,0.66248
CVE-2009-0988,0.01232,0.66248
CVE-2009-0989,0.01232,0.66248
CVE-2009-0990,0.01232,0.66248
CVE-2009-0991,0.09885,0.94108
CVE-2009-0992,0.01232,0.66248
CVE-2009-0993,0.08263,0.93269
CVE-2009-0994,0.01232,0.66248
CVE-2009-0995,0.01319,0.70416
CVE-2009-0996,0.01232,0.66248
CVE-2009-0997,0.01232,0.66248
CVE-2009-0998,0.01132,0.54372
CVE-2009-0999,0.01319,0.70416
CVE-2009-1000,0.01108,0.53389
CVE-2009-1001,0.01232,0.66248
CVE-2009-1002,0.01319,0.70416
CVE-2009-1003,0.01319,0.70416
CVE-2009-1004,0.01213,0.6557
CVE-2009-1005,0.01034,0.39824
CVE-2009-1006,0.01213,0.6557
CVE-2009-1007,0.01132,0.54372
CVE-2009-1008,0.01034,0.39824
CVE-2009-1009,0.01034,0.39824
CVE-2009-1010,0.01034,0.39824
CVE-2009-1011,0.01104,0.52279
CVE-2009-1012,0.01408,0.72072
CVE-2009-1013,0.01319,0.70416
CVE-2009-1014,0.01319,0.70416
CVE-2009-1015,0.01232,0.66248
CVE-2009-1016,0.01232,0.66248
CVE-2009-1017,0.01232,0.66248
CVE-2009-1018,0.01232,0.66248
CVE-2009-1019,0.09885,0.94108
CVE-2009-1020,0.05815,0.89944
CVE-2009-1021,0.01232,0.66248
CVE-2009-1022,0.10599,0.94398
CVE-2009-1023,0.00986,0.35784
CVE-2009-1024,0.01319,0.70416
CVE-2009-1025,0.01319,0.70416
CVE-2009-1026,0.00986,0.35784
CVE-2009-1027,0.01213,0.6557
CVE-2009-1028,0.70125,0.99114
CVE-2009-1029,0.41222,0.98133
CVE-2009-1030,0.02945,0.82784
CVE-2009-1031,0.0679,0.91793
CVE-2009-1032,0.00986,0.35784
CVE-2009-1033,0.01213,0.6557
CVE-2009-1034,0.01213,0.6557
CVE-2009-1035,0.01213,0.6557
CVE-2009-1036,0.01319,0.70416
CVE-2009-1037,0.01213,0.6557
CVE-2009-1038,0.00986,0.35784
CVE-2009-1039,0.15607,0.95873
CVE-2009-1040,0.07437,0.92309
CVE-2009-1041,0.01761,0.7555
CVE-2009-1042,0.09174,0.9391
CVE-2009-1043,0.46718,0.98435
CVE-2009-1044,0.09915,0.94265
CVE-2009-1045,0.0679,0.91793
CVE-2009-1046,0.04669,0.88544
CVE-2009-1047,0.01055,0.50287
CVE-2009-1048,0.01213,0.6557
CVE-2009-1049,0.01139,0.58345
CVE-2009-1050,0.01213,0.6557
CVE-2009-1051,0.01136,0.57949
CVE-2009-1052,0.01136,0.57949
CVE-2009-1053,0.01055,0.50287
CVE-2009-1054,0.07525,0.92398
CVE-2009-1055,0.01232,0.66248
CVE-2009-1056,0.01319,0.70416
CVE-2009-1057,0.06523,0.90962
CVE-2009-1058,0.04679,0.88603
CVE-2009-1059,0.039,0.84954
CVE-2009-1060,0.09174,0.9391
CVE-2009-1061,0.09915,0.94265
CVE-2009-1062,0.09915,0.94265
CVE-2009-1063,0.11409,0.94831
CVE-2009-1064,0.04187,0.86773
CVE-2009-1065,0.01136,0.57949
CVE-2009-1066,0.01319,0.70416
CVE-2009-1067,0.01319,0.70416
CVE-2009-1068,0.2436,0.96664
CVE-2009-1069,0.01319,0.70416
CVE-2009-1070,0.02945,0.82784
CVE-2009-1071,0.06006,0.90134
CVE-2009-1072,0.01547,0.74085
CVE-2009-1073,0.01282,0.67298
CVE-2009-1074,0.01319,0.70416
CVE-2009-1075,0.01319,0.70416
CVE-2009-1076,0.01408,0.72072
CVE-2009-1077,0.01815,0.76117
CVE-2009-1078,0.01232,0.66248
CVE-2009-1079,0.01319,0.70416
CVE-2009-1080,0.01319,0.70416
CVE-2009-1081,0.01319,0.70416
CVE-2009-1082,0.01815,0.76117
CVE-2009-1083,0.01232,0.66248
CVE-2009-1084,0.01649,0.75017
CVE-2009-1085,0.01136,0.57949
CVE-2009-1086,0.0547,0.89492
CVE-2009-1087,0.07437,0.92309
CVE-2009-1088,0.06262,0.90346
CVE-2009-1089,0.01213,0.6557
CVE-2009-1090,0.01319,0.70416
CVE-2009-1091,0.01319,0.70416
CVE-2009-1092,0.07437,0.92309
CVE-2009-1093,0.04358,0.87435
CVE-2009-1094,0.04421,0.87629
CVE-2009-1095,0.12248,0.95092
CVE-2009-1096,0.12248,0.95092
CVE-2009-1097,0.09915,0.94265
CVE-2009-1098,0.09915,0.94265
CVE-2009-1099,0.12248,0.95092
CVE-2009-1100,0.04358,0.87435
CVE-2009-1101,0.04358,0.87435
CVE-2009-1102,0.12248,0.95092
CVE-2009-1103,0.12248,0.95092
CVE-2009-1104,0.02686,0.82061
CVE-2009-1105,0.04358,0.87435
CVE-2009-1106,0.04358,0.87435
CVE-2009-1107,0.03932,0.8519
CVE-2009-1119,0.07777,0.92953
CVE-2009-1120,0.01978,0.78447
CVE-2009-1122,0.20084,0.96231
CVE-2009-1123,0.02087,0.79049
CVE-2009-1124,0.02087,0.79049
CVE-2009-1125,0.02087,0.79049
CVE-2009-1126,0.02087,0.79049
CVE-2009-1127,0.01205,0.60537
CVE-2009-1128,0.43565,0.98213
CVE-2009-1129,0.49756,0.98619
CVE-2009-1130,0.49756,0.98619
CVE-2009-1131,0.49756,0.98619
CVE-2009-1132,0.32697,0.9752
CVE-2009-1133,0.45683,0.98285
CVE-2009-1134,0.55095,0.98722
CVE-2009-1135,0.13852,0.95595
CVE-2009-1136,0.89343,0.99812
CVE-2009-1137,0.49756,0.98619
CVE-2009-1138,0.55095,0.98722
CVE-2009-1139,0.24379,0.96665
CVE-2009-1140,0.13083,0.95435
CVE-2009-1141,0.48886,0.9852
CVE-2009-1144,0.01034,0.39824
CVE-2009-1146,0.01034,0.39824
CVE-2009-1147,0.01034,0.39824
CVE-2009-1148,0.01213,0.6557
CVE-2009-1149,0.01213,0.6557
CVE-2009-1150,0.01955,0.77585
CVE-2009-1152,0.04187,0.86773
CVE-2009-1154,0.01055,0.50287
CVE-2009-1155,0.01319,0.70416
CVE-2009-1156,0.01319,0.70416
CVE-2009-1157,0.01319,0.70416
CVE-2009-1158,0.01319,0.70416
CVE-2009-1159,0.01319,0.70416
CVE-2009-1160,0.01213,0.6557
CVE-2009-1161,0.01408,0.72072
CVE-2009-1162,0.01319,0.70416
CVE-2009-1163,0.01213,0.6557
CVE-2009-1164,0.01055,0.50287
CVE-2009-1165,0.01213,0.6557
CVE-2009-1166,0.01136,0.57949
CVE-2009-1167,0.01136,0.57949
CVE-2009-1168,0.01319,0.70416
CVE-2009-1169,0.45907,0.98293
CVE-2009-1170,0.01592,0.74578
CVE-2009-1171,0.12567,0.95329
CVE-2009-1172,0.01108,0.53389
CVE-2009-1173,0.01034,0.39824
CVE-2009-1174,0.01537,0.73595
CVE-2009-1175,0.01055,0.50287
CVE-2009-1176,0.01408,0.72072
CVE-2009-1177,0.01537,0.73595
CVE-2009-1178,0.01108,0.53389
CVE-2009-1179,0.09174,0.9391
CVE-2009-1180,0.09174,0.9391
CVE-2009-1181,0.03932,0.8519
CVE-2009-1182,0.09174,0.9391
CVE-2009-1183,0.03932,0.8519
CVE-2009-1184,0.01547,0.74085
CVE-2009-1185,0.02111,0.79105
CVE-2009-1186,0.01547,0.74085
CVE-2009-1187,0.08228,0.93218
CVE-2009-1188,0.08228,0.93218
CVE-2009-1189,0.02186,0.8012
CVE-2009-1190,0.01319,0.70416
CVE-2009-1191,0.07344,0.92237
CVE-2009-1192,0.01547,0.74085
CVE-2009-1194,0.02646,0.81377
CVE-2009-1195,0.03052,0.82933
CVE-2009-1196,0.01408,0.72072
CVE-2009-1197,0.00954,0.34522
CVE-2009-1198,0.01136,0.57949
CVE-2009-1201,0.02945,0.82784
CVE-2009-1202,0.01213,0.6557
CVE-2009-1203,0.04482,0.88223
CVE-2009-1204,0.04894,0.88891
CVE-2009-1206,0.01319,0.70416
CVE-2009-1207,0.01282,0.67298
CVE-2009-1208,0.01319,0.70416
CVE-2009-1209,0.11409,0.94831
CVE-2009-1210,0.47944,0.98484
CVE-2009-1211,0.01055,0.50287
CVE-2009-1212,0.04187,0.86773
CVE-2009-1213,0.01955,0.77585
CVE-2009-1214,0.01034,0.39824
CVE-2009-1215,0.01034,0.39824
CVE-2009-1216,0.35008,0.9771
CVE-2009-1217,0.13083,0.95435
CVE-2009-1218,0.02945,0.82784
CVE-2009-1219,0.0679,0.91793
CVE-2009-1220,0.03129,0.8316
CVE-2009-1222,0.04482,0.88223
CVE-2009-1223,0.01055,0.50287
CVE-2009-1224,0.00986,0.35784
CVE-2009-1225,0.01917,0.77071
CVE-2009-1226,0.01136,0.57949
CVE-2009-1227,0.06211,0.90307
CVE-2009-1228,0.01917,0.77071
CVE-2009-1229,0.00986,0.35784
CVE-2009-1230,0.01055,0.50287
CVE-2009-1231,0.01018,0.38792
CVE-2009-1232,0.0679,0.91793
CVE-2009-1233,0.01963,0.77709
CVE-2009-1234,0.0323,0.83449
CVE-2009-1235,0.0322,0.83442
CVE-2009-1236,0.04482,0.88223
CVE-2009-1237,0.01924,0.77129
CVE-2009-1238,0.01761,0.7555
CVE-2009-1239,0.01018,0.38792
CVE-2009-1240,0.01319,0.70416
CVE-2009-1241,0.02172,0.79917
CVE-2009-1242,0.01547,0.74085
CVE-2009-1243,0.01104,0.52279
CVE-2009-1245,0.01213,0.6557
CVE-2009-1246,0.04187,0.86773
CVE-2009-1247,0.01213,0.6557
CVE-2009-1248,0.01213,0.6557
CVE-2009-1249,0.01213,0.6557
CVE-2009-1250,0.03779,0.84781
CVE-2009-1251,0.07544,0.92484
CVE-2009-1252,0.12248,0.95092
CVE-2009-1253,0.01034,0.39824
CVE-2009-1254,0.01319,0.70416
CVE-2009-1255,0.04358,0.87435
CVE-2009-1256,0.01136,0.57949
CVE-2009-1257,0.12822,0.95405
CVE-2009-1258,0.01213,0.6557
CVE-2009-1259,0.00986,0.35784
CVE-2009-1260,0.63786,0.98935
CVE-2009-1261,0.01319,0.70416
CVE-2009-1262,0.02172,0.79379
CVE-2009-1263,0.00986,0.35784
CVE-2009-1264,0.01232,0.66248
CVE-2009-1265,0.04358,0.87435
CVE-2009-1266,0.01108,0.53389
CVE-2009-1267,0.02172,0.79917
CVE-2009-1268,0.03932,0.8519
CVE-2009-1269,0.04358,0.87435
CVE-2009-1270,0.03779,0.84781
CVE-2009-1271,0.04358,0.87435
CVE-2009-1272,0.01537,0.73595
CVE-2009-1273,0.01213,0.6557
CVE-2009-1274,0.12248,0.95092
CVE-2009-1275,0.02154,0.79195
CVE-2009-1276,0.0095,0.30554
CVE-2009-1277,0.01136,0.57949
CVE-2009-1278,0.01136,0.57949
CVE-2009-1279,0.01319,0.70416
CVE-2009-1280,0.01136,0.57949
CVE-2009-1281,0.01213,0.6557
CVE-2009-1282,0.01408,0.72072
CVE-2009-1283,0.01319,0.70416
CVE-2009-1284,0.07197,0.92068
CVE-2009-1285,0.01408,0.72072
CVE-2009-1286,0.01408,0.72072
CVE-2009-1287,0.01917,0.77071
CVE-2009-1288,0.02945,0.82784
CVE-2009-1289,0.01132,0.54372
CVE-2009-1290,0.04482,0.88223
CVE-2009-1291,0.1127,0.94787
CVE-2009-1292,0.01034,0.39824
CVE-2009-1293,0.01319,0.70416
CVE-2009-1294,0.02945,0.82784
CVE-2009-1295,0.01104,0.52279
CVE-2009-1296,0.0095,0.30554
CVE-2009-1297,0.0089,0.2856
CVE-2009-1298,0.03779,0.84781
CVE-2009-1299,0.01034,0.39824
CVE-2009-1300,0.01183,0.60428
CVE-2009-1301,0.07544,0.92484
CVE-2009-1302,0.04358,0.87435
CVE-2009-1303,0.04358,0.87435
CVE-2009-1304,0.04358,0.87435
CVE-2009-1305,0.04358,0.87435
CVE-2009-1306,0.03932,0.8519
CVE-2009-1307,0.03932,0.8519
CVE-2009-1308,0.03932,0.8519
CVE-2009-1309,0.03932,0.8519
CVE-2009-1310,0.03932,0.8519
CVE-2009-1311,0.03932,0.8519
CVE-2009-1312,0.21871,0.96424
CVE-2009-1313,0.34394,0.97618
CVE-2009-1314,0.04679,0.88603
CVE-2009-1315,0.01319,0.70416
CVE-2009-1316,0.01213,0.6557
CVE-2009-1317,0.00986,0.35784
CVE-2009-1318,0.04187,0.86773
CVE-2009-1319,0.04187,0.86773
CVE-2009-1320,0.01136,0.57949
CVE-2009-1321,0.01136,0.57949
CVE-2009-1322,0.01055,0.50287
CVE-2009-1323,0.01213,0.6557
CVE-2009-1325,0.07437,0.92309
CVE-2009-1326,0.07437,0.92309
CVE-2009-1327,0.07437,0.92309
CVE-2009-1328,0.07437,0.92309
CVE-2009-1329,0.07437,0.92309
CVE-2009-1331,0.10856,0.94463
CVE-2009-1332,0.01213,0.6557
CVE-2009-1333,0.01213,0.6557
CVE-2009-1334,0.02945,0.82784
CVE-2009-1335,0.13616,0.95556
CVE-2009-1336,0.01547,0.74085
CVE-2009-1337,0.04005,0.85278
CVE-2009-1338,0.01547,0.74085
CVE-2009-1339,0.01633,0.74922
CVE-2009-1341,0.02686,0.82061
CVE-2009-1342,0.01213,0.6557
CVE-2009-1343,0.01213,0.6557
CVE-2009-1344,0.01213,0.6557
CVE-2009-1345,0.00986,0.35784
CVE-2009-1346,0.00986,0.35784
CVE-2009-1347,0.01136,0.57949
CVE-2009-1348,0.01213,0.6557
CVE-2009-1349,0.01917,0.77071
CVE-2009-1350,0.84131,0.99599
CVE-2009-1351,0.06006,0.90134
CVE-2009-1352,0.06006,0.90134
CVE-2009-1353,0.0679,0.91793
CVE-2009-1354,0.04187,0.86773
CVE-2009-1355,0.01547,0.74085
CVE-2009-1356,0.04618,0.88465
CVE-2009-1357,0.12567,0.95329
CVE-2009-1358,0.01974,0.7812
CVE-2009-1359,0.0089,0.2856
CVE-2009-1360,0.01776,0.75902
CVE-2009-1361,0.01055,0.50287
CVE-2009-1362,0.01055,0.50287
CVE-2009-1364,0.04229,0.86856
CVE-2009-1365,0.01213,0.6557
CVE-2009-1366,0.01136,0.57949
CVE-2009-1367,0.01213,0.6557
CVE-2009-1368,0.01213,0.6557
CVE-2009-1369,0.01055,0.50287
CVE-2009-1370,0.06006,0.90134
CVE-2009-1371,0.03779,0.84781
CVE-2009-1372,0.07544,0.92484
CVE-2009-1373,0.09085,0.93856
CVE-2009-1374,0.04358,0.87435
CVE-2009-1375,0.04358,0.87435
CVE-2009-1376,0.12248,0.95092
CVE-2009-1377,0.07559,0.92528
CVE-2009-1378,0.07559,0.92528
CVE-2009-1379,0.07559,0.92528
CVE-2009-1380,0.01955,0.77585
CVE-2009-1381,0.01319,0.70416
CVE-2009-1382,0.1127,0.94787
CVE-2009-1383,0.01319,0.70416
CVE-2009-1384,0.02172,0.79917
CVE-2009-1385,0.04358,0.87435
CVE-2009-1386,0.74581,0.99278
CVE-2009-1387,0.07559,0.92528
CVE-2009-1388,0.02172,0.79379
CVE-2009-1389,0.04358,0.87435
CVE-2009-1390,0.01319,0.70416
CVE-2009-1391,0.05356,0.89424
CVE-2009-1392,0.06604,0.91138
CVE-2009-1394,0.71462,0.99148
CVE-2009-1403,0.00986,0.35784
CVE-2009-1404,0.01213,0.6557
CVE-2009-1405,0.01213,0.6557
CVE-2009-1406,0.01963,0.77709
CVE-2009-1407,0.01963,0.77709
CVE-2009-1408,0.03129,0.8316
CVE-2009-1409,0.00986,0.35784
CVE-2009-1410,0.00986,0.35784
CVE-2009-1411,0.01139,0.58345
CVE-2009-1412,0.01213,0.6557
CVE-2009-1413,0.0292,0.82516
CVE-2009-1414,0.00885,0.26162
CVE-2009-1415,0.05356,0.89424
CVE-2009-1416,0.10995,0.94626999999999994
CVE-2009-1417,0.01974,0.7812
CVE-2009-1418,0.01408,0.72072
CVE-2009-1419,0.01319,0.70416
CVE-2009-1420,0.14831,0.95668
CVE-2009-1421,0.01034,0.39824
CVE-2009-1422,0.04187,0.86773
CVE-2009-1423,0.01213,0.6557
CVE-2009-1424,0.01213,0.6557
CVE-2009-1425,0.01319,0.70416
CVE-2009-1426,0.01213,0.6557
CVE-2009-1427,0.01104,0.52279
CVE-2009-1428,0.01776,0.75902
CVE-2009-1429,0.81542,0.99518
CVE-2009-1430,0.76482000000000006,0.99351
CVE-2009-1431,0.09915,0.94265
CVE-2009-1432,0.02172,0.79917
CVE-2009-1433,0.01213,0.6557
CVE-2009-1434,0.01319,0.70416
CVE-2009-1435,0.02046,0.7858
CVE-2009-1436,0.01924,0.77129
CVE-2009-1438,0.04421,0.87629
CVE-2009-1439,0.04358,0.87435
CVE-2009-1440,0.01319,0.70416
CVE-2009-1441,0.02042,0.78532
CVE-2009-1442,0.07996,0.93017
CVE-2009-1443,0.04187,0.86773
CVE-2009-1444,0.01136,0.57949
CVE-2009-1445,0.01213,0.6557
CVE-2009-1446,0.06262,0.90346
CVE-2009-1447,0.07437,0.92309
CVE-2009-1448,0.01136,0.57949
CVE-2009-1449,0.07437,0.92309
CVE-2009-1450,0.01055,0.50287
CVE-2009-1451,0.01055,0.50287
CVE-2009-1452,0.04187,0.86773
CVE-2009-1453,0.00986,0.35784
CVE-2009-1454,0.01319,0.70416
CVE-2009-1455,0.01213,0.6557
CVE-2009-1456,0.04187,0.86773
CVE-2009-1457,0.01213,0.6557
CVE-2009-1458,0.02559,0.81137
CVE-2009-1459,0.01319,0.70416
CVE-2009-1460,0.01034,0.39824
CVE-2009-1461,0.01132,0.54372
CVE-2009-1462,0.0095,0.30554
CVE-2009-1463,0.01213,0.6557
CVE-2009-1464,0.01319,0.70416
CVE-2009-1465,0.01213,0.6557
CVE-2009-1466,0.0095,0.30554
CVE-2009-1467,0.05649,0.89807
CVE-2009-1468,0.01139,0.58345
CVE-2009-1469,0.0679,0.91793
CVE-2009-1472,0.00885,0.26162
CVE-2009-1473,0.01213,0.6557
CVE-2009-1474,0.01213,0.6557
CVE-2009-1476,0.01034,0.39824
CVE-2009-1477,0.01136,0.57949
CVE-2009-1478,0.0322,0.83442
CVE-2009-1479,0.04187,0.86773
CVE-2009-1480,0.00986,0.35784
CVE-2009-1481,0.01213,0.6557
CVE-2009-1482,0.01955,0.77585
CVE-2009-1483,0.11409,0.94831
CVE-2009-1484,0.01055,0.50287
CVE-2009-1485,0.01136,0.57949
CVE-2009-1486,0.04187,0.86773
CVE-2009-1487,0.01213,0.6557
CVE-2009-1488,0.01213,0.6557
CVE-2009-1489,0.01213,0.6557
CVE-2009-1490,0.06211,0.90307
CVE-2009-1491,0.01055,0.50287
CVE-2009-1492,0.68267,0.99065
CVE-2009-1493,0.68267,0.99065
CVE-2009-1494,0.01319,0.70416
CVE-2009-1495,0.04187,0.86773
CVE-2009-1496,0.04187,0.86773
CVE-2009-1497,0.0929,0.93944
CVE-2009-1498,0.01963,0.77709
CVE-2009-1499,0.00986,0.35784
CVE-2009-1500,0.00986,0.35784
CVE-2009-1501,0.01213,0.6557
CVE-2009-1502,0.04187,0.86773
CVE-2009-1503,0.00986,0.35784
CVE-2009-1504,0.04187,0.86773
CVE-2009-1505,0.01232,0.66248
CVE-2009-1506,0.00986,0.35784
CVE-2009-1507,0.01213,0.6557
CVE-2009-1508,0.01136,0.57949
CVE-2009-1509,0.00986,0.35784
CVE-2009-1510,0.04187,0.86773
CVE-2009-1511,0.18563,0.96143
CVE-2009-1512,0.01055,0.50287
CVE-2009-1513,0.06604,0.91138
CVE-2009-1514,0.04187,0.86773
CVE-2009-1515,0.07996,0.93017
CVE-2009-1516,0.04404,0.87551
CVE-2009-1517,0.06006,0.90134
CVE-2009-1518,0.01055,0.50287
CVE-2009-1519,0.04187,0.86773
CVE-2009-1520,0.02791,0.82239
CVE-2009-1521,0.01018,0.38792
CVE-2009-1522,0.01319,0.70416
CVE-2009-1523,0.12567,0.95329
CVE-2009-1524,0.01408,0.72072
CVE-2009-1525,0.01132,0.54372
CVE-2009-1526,0.01761,0.7555
CVE-2009-1527,0.0322,0.83442
CVE-2009-1528,0.55095,0.98722
CVE-2009-1529,0.55095,0.98722
CVE-2009-1530,0.55095,0.98722
CVE-2009-1531,0.55095,0.98722
CVE-2009-1532,0.55095,0.98722
CVE-2009-1533,0.55095,0.98722
CVE-2009-1534,0.87962,0.99771
CVE-2009-1535,0.24379,0.96665
CVE-2009-1536,0.2557,0.9686
CVE-2009-1537,0.49756,0.98619
CVE-2009-1538,0.42979,0.98201
CVE-2009-1539,0.41558,0.98144
CVE-2009-1542,0.01908,0.76488
CVE-2009-1544,0.08627,0.93643
CVE-2009-1545,0.51626,0.98653
CVE-2009-1546,0.42252,0.98161
CVE-2009-1547,0.47434,0.98456
CVE-2009-1548,0.00986,0.35784
CVE-2009-1549,0.04482,0.88223
CVE-2009-1550,0.04187,0.86773
CVE-2009-1551,0.04482,0.88223
CVE-2009-1552,0.0095,0.30554
CVE-2009-1553,0.31461,0.97474
CVE-2009-1554,0.04894,0.88891
CVE-2009-1555,0.01213,0.6557
CVE-2009-1556,0.01132,0.54372
CVE-2009-1557,0.01917,0.77071
CVE-2009-1558,0.04187,0.86773
CVE-2009-1559,0.01213,0.6557
CVE-2009-1560,0.01136,0.57949
CVE-2009-1561,0.0679,0.91793
CVE-2009-1564,0.1127,0.94787
CVE-2009-1565,0.1127,0.94787
CVE-2009-1566,0.07525,0.92398
CVE-2009-1567,0.07525,0.92398
CVE-2009-1568,0.75044,0.99287
CVE-2009-1569,0.77042,0.99375
CVE-2009-1570,0.09915,0.94265
CVE-2009-1571,0.12248,0.95092
CVE-2009-1572,0.04358,0.87435
CVE-2009-1573,0.01104,0.52279
CVE-2009-1574,0.12567,0.95329
CVE-2009-1575,0.01955,0.77585
CVE-2009-1576,0.01955,0.77585
CVE-2009-1577,0.09915,0.94265
CVE-2009-1578,0.03932,0.8519
CVE-2009-1579,0.03932,0.8519
CVE-2009-1580,0.03932,0.8519
CVE-2009-1581,0.03932,0.8519
CVE-2009-1582,0.04482,0.88223
CVE-2009-1583,0.01319,0.70416
CVE-2009-1584,0.028,0.82308
CVE-2009-1585,0.01055,0.50287
CVE-2009-1586,0.28823,0.97188
CVE-2009-1587,0.04482,0.88223
CVE-2009-1588,0.01319,0.70416
CVE-2009-1589,0.01136,0.57949
CVE-2009-1590,0.01213,0.6557
CVE-2009-1591,0.01213,0.6557
CVE-2009-1592,0.09006,0.9374
CVE-2009-1593,0.01917,0.77071
CVE-2009-1594,0.01213,0.6557
CVE-2009-1595,0.0629,0.90361
CVE-2009-1596,0.01232,0.66248
CVE-2009-1597,0.01055,0.50287
CVE-2009-1598,0.01055,0.50287
CVE-2009-1599,0.01055,0.50287
CVE-2009-1600,0.01055,0.50287
CVE-2009-1601,0.0095,0.30554
CVE-2009-1602,0.04482,0.88223
CVE-2009-1603,0.02686,0.82061
CVE-2009-1604,0.01213,0.6557
CVE-2009-1605,0.06309,0.90494
CVE-2009-1606,0.07525,0.92398
CVE-2009-1607,0.01917,0.77071
CVE-2009-1608,0.07525,0.92398
CVE-2009-1609,0.07437,0.92309
CVE-2009-1610,0.04482,0.88223
CVE-2009-1611,0.042659999999999997,0.86883
CVE-2009-1612,0.70125,0.99114
CVE-2009-1613,0.00986,0.35784
CVE-2009-1614,0.01055,0.50287
CVE-2009-1615,0.03184,0.83308
CVE-2009-1616,0.01917,0.77071
CVE-2009-1617,0.04187,0.86773
CVE-2009-1618,0.04187,0.86773
CVE-2009-1619,0.04187,0.86773
CVE-2009-1620,0.01917,0.77071
CVE-2009-1621,0.04187,0.86773
CVE-2009-1622,0.00986,0.35784
CVE-2009-1623,0.01055,0.50287
CVE-2009-1624,0.01055,0.50287
CVE-2009-1625,0.01963,0.77709
CVE-2009-1626,0.00986,0.35784
CVE-2009-1627,0.11409,0.94831
CVE-2009-1628,0.04679,0.88603
CVE-2009-1629,0.01319,0.70416
CVE-2009-1630,0.01547,0.74085
CVE-2009-1631,0.0095,0.30554
CVE-2009-1632,0.04358,0.87435
CVE-2009-1633,0.02686,0.82061
CVE-2009-1634,0.0679,0.91793
CVE-2009-1635,0.03407,0.83908
CVE-2009-1636,0.14355,0.95618
CVE-2009-1637,0.04482,0.88223
CVE-2009-1638,0.04482,0.88223
CVE-2009-1639,0.01818,0.76133
CVE-2009-1640,0.02003,0.78466
CVE-2009-1641,0.70125,0.99114
CVE-2009-1642,0.11409,0.94831
CVE-2009-1643,0.07437,0.92309
CVE-2009-1644,0.07437,0.92309
CVE-2009-1645,0.07437,0.92309
CVE-2009-1646,0.04618,0.88465
CVE-2009-1647,0.01963,0.77709
CVE-2009-1648,0.01055,0.50287
CVE-2009-1649,0.04187,0.86773
CVE-2009-1650,0.00986,0.35784
CVE-2009-1651,0.01213,0.6557
CVE-2009-1652,0.01213,0.6557
CVE-2009-1653,0.04187,0.86773
CVE-2009-1654,0.01213,0.6557
CVE-2009-1655,0.01132,0.54372
CVE-2009-1656,0.01319,0.70416
CVE-2009-1657,0.01213,0.6557
CVE-2009-1658,0.00986,0.35784
CVE-2009-1659,0.04187,0.86773
CVE-2009-1660,0.06006,0.90134
CVE-2009-1661,0.01139,0.58345
CVE-2009-1662,0.00986,0.35784
CVE-2009-1663,0.03184,0.83308
CVE-2009-1664,0.01055,0.50287
CVE-2009-1665,0.01136,0.57949
CVE-2009-1666,0.039,0.84954
CVE-2009-1667,0.07437,0.92309
CVE-2009-1668,0.04187,0.86773
CVE-2009-1669,0.01537,0.73595
CVE-2009-1670,0.04482,0.88223
CVE-2009-1671,0.06309,0.90494
CVE-2009-1672,0.06309,0.90494
CVE-2009-1673,0.01282,0.67298
CVE-2009-1674,0.04522,0.88274
CVE-2009-1675,0.02167,0.79257
CVE-2009-1677,0.01132,0.54372
CVE-2009-1678,0.01213,0.6557
CVE-2009-1679,0.01034,0.39824
CVE-2009-1680,0.01034,0.39824
CVE-2009-1681,0.03407,0.83908
CVE-2009-1682,0.01408,0.72072
CVE-2009-1683,0.01319,0.70416
CVE-2009-1684,0.40514,0.9805
CVE-2009-1685,0.03407,0.83908
CVE-2009-1686,0.06154,0.90253
CVE-2009-1687,0.06154,0.90253
CVE-2009-1688,0.03407,0.83908
CVE-2009-1689,0.03407,0.83908
CVE-2009-1690,0.06154,0.90253
CVE-2009-1691,0.03407,0.83908
CVE-2009-1692,0.03932,0.8519
CVE-2009-1693,0.03407,0.83908
CVE-2009-1694,0.03407,0.83908
CVE-2009-1695,0.03407,0.83908
CVE-2009-1696,0.01537,0.73595
CVE-2009-1697,0.03407,0.83908
CVE-2009-1698,0.06154,0.90253
CVE-2009-1699,0.12567,0.95329
CVE-2009-1700,0.01955,0.77585
CVE-2009-1701,0.06154,0.90253
CVE-2009-1702,0.03407,0.83908
CVE-2009-1703,0.01955,0.77585
CVE-2009-1704,0.01408,0.72072
CVE-2009-1705,0.03914,0.84984
CVE-2009-1706,0.01108,0.53389
CVE-2009-1707,0.01282,0.67298
CVE-2009-1708,0.0628,0.90355
CVE-2009-1709,0.06154,0.90253
CVE-2009-1710,0.03407,0.83908
CVE-2009-1711,0.06154,0.90253
CVE-2009-1712,0.09174,0.9391
CVE-2009-1713,0.01955,0.77585
CVE-2009-1714,0.03407,0.83908
CVE-2009-1715,0.09174,0.9391
CVE-2009-1716,0.01034,0.39824
CVE-2009-1717,0.03914,0.84984
CVE-2009-1718,0.01408,0.72072
CVE-2009-1719,0.07777,0.92953
CVE-2009-1720,0.04229,0.86856
CVE-2009-1721,0.02646,0.81377
CVE-2009-1722,0.02646,0.81377
CVE-2009-1723,0.01955,0.77585
CVE-2009-1724,0.05649,0.89807
CVE-2009-1725,0.06154,0.90253
CVE-2009-1726,0.06154,0.90253
CVE-2009-1727,0.01408,0.72072
CVE-2009-1728,0.06154,0.90253
CVE-2009-1729,0.05649,0.89807
CVE-2009-1730,0.7179,0.99162
CVE-2009-1731,0.01213,0.6557
CVE-2009-1732,0.01319,0.70416
CVE-2009-1733,0.01213,0.6557
CVE-2009-1734,0.01213,0.6557
CVE-2009-1735,0.01213,0.6557
CVE-2009-1736,0.00986,0.35784
CVE-2009-1737,0.01213,0.6557
CVE-2009-1738,0.01232,0.66248
CVE-2009-1739,0.04482,0.88223
CVE-2009-1740,0.06309,0.90494
CVE-2009-1741,0.00986,0.35784
CVE-2009-1742,0.01139,0.58345
CVE-2009-1743,0.07525,0.92398
CVE-2009-1744,0.01136,0.57949
CVE-2009-1745,0.01136,0.57949
CVE-2009-1746,0.00986,0.35784
CVE-2009-1747,0.00986,0.35784
CVE-2009-1748,0.01136,0.57949
CVE-2009-1749,0.01136,0.57949
CVE-2009-1750,0.06262,0.90346
CVE-2009-1751,0.00986,0.35784
CVE-2009-1752,0.04187,0.86773
CVE-2009-1753,0.01034,0.39824
CVE-2009-1754,0.01213,0.6557
CVE-2009-1755,0.04291,0.87022
CVE-2009-1756,0.01282,0.67298
CVE-2009-1757,0.01055,0.50287
CVE-2009-1758,0.01034,0.39824
CVE-2009-1759,0.2436,0.96664
CVE-2009-1760,0.01955,0.77585
CVE-2009-1761,0.02172,0.79917
CVE-2009-1762,0.01408,0.72072
CVE-2009-1763,0.0095,0.30554
CVE-2009-1764,0.00986,0.35784
CVE-2009-1765,0.04187,0.86773
CVE-2009-1766,0.00986,0.35784
CVE-2009-1767,0.04187,0.86773
CVE-2009-1768,0.0679,0.91793
CVE-2009-1769,0.01408,0.72072
CVE-2009-1770,0.01136,0.57949
CVE-2009-1771,0.01136,0.57949
CVE-2009-1772,0.01136,0.57949
CVE-2009-1773,0.01136,0.57949
CVE-2009-1774,0.01963,0.77709
CVE-2009-1775,0.01213,0.6557
CVE-2009-1776,0.01213,0.6557
CVE-2009-1777,0.01213,0.6557
CVE-2009-1778,0.01139,0.58345
CVE-2009-1779,0.01136,0.57949
CVE-2009-1780,0.01136,0.57949
CVE-2009-1781,0.01136,0.57949
CVE-2009-1782,0.01408,0.72072
CVE-2009-1783,0.01213,0.6557
CVE-2009-1784,0.01213,0.6557
CVE-2009-1785,0.01055,0.50287
CVE-2009-1786,0.0322,0.83442
CVE-2009-1787,0.00986,0.35784
CVE-2009-1788,0.06604,0.91138
CVE-2009-1789,0.05356,0.89424
CVE-2009-1790,0.01319,0.70416
CVE-2009-1791,0.06604,0.91138
CVE-2009-1792,0.01213,0.6557
CVE-2009-1796,0.01408,0.72072
CVE-2009-1797,0.01213,0.6557
CVE-2009-1798,0.01917,0.77071
CVE-2009-1799,0.00986,0.35784
CVE-2009-1800,0.15607,0.95873
CVE-2009-1801,0.01319,0.70416
CVE-2009-1802,0.01213,0.6557
CVE-2009-1803,0.01213,0.6557
CVE-2009-1804,0.00986,0.35784
CVE-2009-1805,0.01034,0.39824
CVE-2009-1806,0.01018,0.38792
CVE-2009-1807,0.04618,0.88465
CVE-2009-1808,0.02421,0.80758
CVE-2009-1809,0.01213,0.6557
CVE-2009-1810,0.01132,0.54372
CVE-2009-1811,0.01213,0.6557
CVE-2009-1812,0.01132,0.54372
CVE-2009-1813,0.01139,0.58345
CVE-2009-1814,0.01213,0.6557
CVE-2009-1815,0.07437,0.92309
CVE-2009-1816,0.00986,0.35784
CVE-2009-1817,0.07437,0.92309
CVE-2009-1818,0.00986,0.35784
CVE-2009-1819,0.01213,0.6557
CVE-2009-1820,0.01136,0.57949
CVE-2009-1821,0.04187,0.86773
CVE-2009-1822,0.04187,0.86773
CVE-2009-1823,0.01319,0.70416
CVE-2009-1824,0.01924,0.77129
CVE-2009-1825,0.01061,0.51015
CVE-2009-1826,0.01132,0.54372
CVE-2009-1827,0.10995,0.94626999999999994
CVE-2009-1828,0.12567,0.95329
CVE-2009-1829,0.03779,0.84781
CVE-2009-1830,0.15607,0.95873
CVE-2009-1831,0.73646,0.9925
CVE-2009-1832,0.06604,0.91138
CVE-2009-1833,0.06604,0.91138
CVE-2009-1834,0.12567,0.95329
CVE-2009-1835,0.03932,0.8519
CVE-2009-1836,0.02686,0.82061
CVE-2009-1837,0.09915,0.94265
CVE-2009-1838,0.03932,0.8519
CVE-2009-1839,0.12567,0.95329
CVE-2009-1840,0.03932,0.8519
CVE-2009-1841,0.03932,0.8519
CVE-2009-1842,0.00986,0.35784
CVE-2009-1843,0.00986,0.35784
CVE-2009-1844,0.01061,0.51015
CVE-2009-1845,0.01917,0.77071
CVE-2009-1846,0.04187,0.86773
CVE-2009-1847,0.04187,0.86773
CVE-2009-1848,0.00986,0.35784
CVE-2009-1849,0.01213,0.6557
CVE-2009-1850,0.00986,0.35784
CVE-2009-1851,0.01055,0.50287
CVE-2009-1852,0.00986,0.35784
CVE-2009-1853,0.00986,0.35784
CVE-2009-1854,0.04187,0.86773
CVE-2009-1855,0.06898,0.91821
CVE-2009-1856,0.06606,0.91142
CVE-2009-1857,0.06606,0.91142
CVE-2009-1858,0.09915,0.94265
CVE-2009-1859,0.06898,0.91821
CVE-2009-1860,0.06309,0.90494
CVE-2009-1861,0.10949,0.94488
CVE-2009-1862,0.10949,0.94488
CVE-2009-1863,0.06606,0.91142
CVE-2009-1864,0.06606,0.91142
CVE-2009-1865,0.06606,0.91142
CVE-2009-1866,0.06606,0.91142
CVE-2009-1867,0.02686,0.82061
CVE-2009-1868,0.70161,0.99115
CVE-2009-1869,0.70161,0.99115
CVE-2009-1870,0.01547,0.74085
CVE-2009-1872,0.03765,0.8441
CVE-2009-1873,0.05704,0.89824
CVE-2009-1874,0.01213,0.6557
CVE-2009-1875,0.01055,0.50287
CVE-2009-1876,0.01046,0.41635
CVE-2009-1877,0.01055,0.50287
CVE-2009-1878,0.01055,0.50287
CVE-2009-1879,0.03765,0.8441
CVE-2009-1880,0.01136,0.57949
CVE-2009-1881,0.01213,0.6557
CVE-2009-1882,0.06604,0.91138
CVE-2009-1883,0.01282,0.67298
CVE-2009-1884,0.01537,0.73595
CVE-2009-1885,0.05242,0.89216
CVE-2009-1886,0.24062,0.96648
CVE-2009-1887,0.01213,0.6557
CVE-2009-1888,0.04358,0.87435
CVE-2009-1889,0.03779,0.84781
CVE-2009-1890,0.07344,0.92237
CVE-2009-1891,0.07344,0.92237
CVE-2009-1892,0.04711,0.88663
CVE-2009-1893,0.02426,0.80764
CVE-2009-1894,0.0322,0.83442
CVE-2009-1895,0.01547,0.74085
CVE-2009-1896,0.0292,0.82516
CVE-2009-1897,0.0322,0.83442
CVE-2009-1898,0.01319,0.70416
CVE-2009-1899,0.01974,0.7812
CVE-2009-1900,0.01974,0.7812
CVE-2009-1901,0.01018,0.38792
CVE-2009-1902,0.12567,0.95329
CVE-2009-1903,0.01955,0.77585
CVE-2009-1904,0.02686,0.82061
CVE-2009-1905,0.03779,0.84781
CVE-2009-1906,0.01213,0.6557
CVE-2009-1907,0.02945,0.82784
CVE-2009-1908,0.01319,0.70416
CVE-2009-1909,0.01319,0.70416
CVE-2009-1910,0.01139,0.58345
CVE-2009-1911,0.04601,0.88396
CVE-2009-1912,0.04386,0.87542
CVE-2009-1913,0.00986,0.35784
CVE-2009-1914,0.0322,0.83442
CVE-2009-1915,0.06006,0.90134
CVE-2009-1916,0.01136,0.57949
CVE-2009-1917,0.48886,0.9852
CVE-2009-1918,0.55095,0.98722
CVE-2009-1919,0.48886,0.9852
CVE-2009-1920,0.24171,0.96652
CVE-2009-1922,0.02087,0.79049
CVE-2009-1923,0.32697,0.9752
CVE-2009-1924,0.07849,0.92962
CVE-2009-1925,0.32697,0.9752
CVE-2009-1926,0.20084,0.96231
CVE-2009-1928,0.16435,0.95931
CVE-2009-1929,0.57789,0.9877
CVE-2009-1930,0.3378,0.97583
CVE-2009-1932,0.06604,0.91138
CVE-2009-1933,0.01104,0.52279
CVE-2009-1934,0.01776,0.75902
CVE-2009-1935,0.01034,0.39824
CVE-2009-1936,0.04187,0.86773
CVE-2009-1937,0.01213,0.6557
CVE-2009-1938,0.02945,0.82784
CVE-2009-1939,0.01319,0.70416
CVE-2009-1940,0.01319,0.70416
CVE-2009-1941,0.04187,0.86773
CVE-2009-1942,0.01232,0.66248
CVE-2009-1943,0.75392,0.99312
CVE-2009-1944,0.07437,0.92309
CVE-2009-1945,0.00986,0.35784
CVE-2009-1946,0.04187,0.86773
CVE-2009-1947,0.01213,0.6557
CVE-2009-1948,0.01213,0.6557
CVE-2009-1949,0.01136,0.57949
CVE-2009-1950,0.00986,0.35784
CVE-2009-1951,0.01055,0.50287
CVE-2009-1952,0.01055,0.50287
CVE-2009-1953,0.01132,0.54372
CVE-2009-1954,0.01018,0.38792
CVE-2009-1955,0.48236,0.98492
CVE-2009-1956,0.07344,0.92237
CVE-2009-1957,0.02172,0.79917
CVE-2009-1958,0.02172,0.79917
CVE-2009-1959,0.12567,0.95329
CVE-2009-1960,0.0679,0.91793
CVE-2009-1961,0.0322,0.83442
CVE-2009-1962,0.0095,0.30554
CVE-2009-1963,0.05815,0.89944
CVE-2009-1964,0.01232,0.66248
CVE-2009-1965,0.01213,0.6557
CVE-2009-1966,0.01232,0.66248
CVE-2009-1967,0.01232,0.66248
CVE-2009-1968,0.24864,0.96729
CVE-2009-1969,0.01232,0.66248
CVE-2009-1970,0.09885,0.94108
CVE-2009-1971,0.01132,0.54372
CVE-2009-1972,0.01132,0.54372
CVE-2009-1973,0.01232,0.66248
CVE-2009-1974,0.01319,0.70416
CVE-2009-1975,0.09885,0.94108
CVE-2009-1976,0.01319,0.70416
CVE-2009-1977,0.01408,0.72072
CVE-2009-1978,0.06739,0.91208
CVE-2009-1979,0.81532,0.99513
CVE-2009-1980,0.01232,0.66248
CVE-2009-1981,0.01034,0.39824
CVE-2009-1982,0.01319,0.70416
CVE-2009-1983,0.01319,0.70416
CVE-2009-1984,0.01034,0.39824
CVE-2009-1985,0.01319,0.70416
CVE-2009-1986,0.01319,0.70416
CVE-2009-1987,0.01319,0.70416
CVE-2009-1988,0.01232,0.66248
CVE-2009-1989,0.01232,0.66248
CVE-2009-1990,0.01034,0.39824
CVE-2009-1991,0.01232,0.66248
CVE-2009-1992,0.01213,0.6557
CVE-2009-1993,0.01132,0.54372
CVE-2009-1994,0.01132,0.54372
CVE-2009-1995,0.01232,0.66248
CVE-2009-1996,0.01055,0.50287
CVE-2009-1997,0.01213,0.6557
CVE-2009-1998,0.01132,0.54372
CVE-2009-1999,0.01319,0.70416
CVE-2009-2000,0.01213,0.6557
CVE-2009-20001,0.00885,0.26162
CVE-2009-2001,0.01132,0.54372
CVE-2009-2002,0.01213,0.6557
CVE-2009-2003,0.04187,0.86773
CVE-2009-2004,0.01319,0.70416
CVE-2009-2005,0.01213,0.6557
CVE-2009-2006,0.01408,0.72072
CVE-2009-2007,0.01319,0.70416
CVE-2009-2008,0.01213,0.6557
CVE-2009-2009,0.01213,0.6557
CVE-2009-2010,0.00986,0.35784
CVE-2009-2011,0.78665,0.99434
CVE-2009-2012,0.0089,0.2856
CVE-2009-2013,0.00986,0.35784
CVE-2009-2014,0.00986,0.35784
CVE-2009-2015,0.04187,0.86773
CVE-2009-2016,0.00986,0.35784
CVE-2009-2017,0.00986,0.35784
CVE-2009-2018,0.00986,0.35784
CVE-2009-2019,0.01136,0.57949
CVE-2009-2020,0.01055,0.50287
CVE-2009-2021,0.00986,0.35784
CVE-2009-2022,0.04187,0.86773
CVE-2009-2023,0.00986,0.35784
CVE-2009-2024,0.04187,0.86773
CVE-2009-2025,0.04187,0.86773
CVE-2009-2026,0.1127,0.94787
CVE-2009-2027,0.0095,0.30554
CVE-2009-2028,0.01308,0.67354
CVE-2009-2029,0.01213,0.6557
CVE-2009-2030,0.01108,0.53389
CVE-2009-2031,0.0089,0.2856
CVE-2009-2032,0.01136,0.57949
CVE-2009-2033,0.01136,0.57949
CVE-2009-2034,0.01061,0.51015
CVE-2009-2035,0.01213,0.6557
CVE-2009-2036,0.00986,0.35784
CVE-2009-2037,0.01963,0.77709
CVE-2009-2038,0.01018,0.38792
CVE-2009-2039,0.01018,0.38792
CVE-2009-2040,0.04187,0.86773
CVE-2009-2041,0.01136,0.57949
CVE-2009-2042,0.03932,0.8519
CVE-2009-2043,0.04482,0.88223
CVE-2009-2044,0.04482,0.88223
CVE-2009-2045,0.01136,0.57949
CVE-2009-2046,0.01132,0.54372
CVE-2009-2047,0.01232,0.66248
CVE-2009-2048,0.01232,0.66248
CVE-2009-2049,0.01319,0.70416
CVE-2009-2050,0.01319,0.70416
CVE-2009-2051,0.01319,0.70416
CVE-2009-2052,0.02172,0.79917
CVE-2009-2053,0.01319,0.70416
CVE-2009-2054,0.01319,0.70416
CVE-2009-2055,0.01136,0.57949
CVE-2009-2056,0.01055,0.50287
CVE-2009-2057,0.04767,0.88706
CVE-2009-2058,0.00954,0.34522
CVE-2009-2059,0.00885,0.26162
CVE-2009-2060,0.01537,0.73595
CVE-2009-2061,0.01018,0.38792
CVE-2009-2062,0.01018,0.38792
CVE-2009-2063,0.01018,0.38792
CVE-2009-2064,0.09484,0.93973
CVE-2009-2065,0.01018,0.38792
CVE-2009-2066,0.01018,0.38792
CVE-2009-2067,0.00954,0.34522
CVE-2009-2068,0.00954,0.34522
CVE-2009-2069,0.05758,0.89864
CVE-2009-2070,0.00954,0.34522
CVE-2009-2071,0.01537,0.73595
CVE-2009-2072,0.00954,0.34522
CVE-2009-2073,0.01319,0.70416
CVE-2009-2074,0.01232,0.66248
CVE-2009-2075,0.01018,0.38792
CVE-2009-2076,0.01132,0.54372
CVE-2009-2077,0.01132,0.54372
CVE-2009-2078,0.01213,0.6557
CVE-2009-2079,0.01232,0.66248
CVE-2009-2080,0.01136,0.57949
CVE-2009-2081,0.04187,0.86773
CVE-2009-2082,0.01213,0.6557
CVE-2009-2083,0.01132,0.54372
CVE-2009-2084,0.01104,0.52279
CVE-2009-2085,0.01213,0.6557
CVE-2009-2087,0.0095,0.30554
CVE-2009-2088,0.01213,0.6557
CVE-2009-2089,0.01132,0.54372
CVE-2009-2090,0.01213,0.6557
CVE-2009-2091,0.01213,0.6557
CVE-2009-2092,0.01213,0.6557
CVE-2009-2093,0.01649,0.75017
CVE-2009-2094,0.0089,0.2856
CVE-2009-2095,0.04187,0.86773
CVE-2009-2096,0.00986,0.35784
CVE-2009-2097,0.01136,0.57949
CVE-2009-2098,0.00986,0.35784
CVE-2009-2099,0.00986,0.35784
CVE-2009-2100,0.04187,0.86773
CVE-2009-2101,0.04187,0.86773
CVE-2009-2102,0.00986,0.35784
CVE-2009-2103,0.01213,0.6557
CVE-2009-2104,0.01213,0.6557
CVE-2009-2105,0.01213,0.6557
CVE-2009-2106,0.01213,0.6557
CVE-2009-2107,0.01917,0.77071
CVE-2009-2108,0.12567,0.95329
CVE-2009-2109,0.04187,0.86773
CVE-2009-2110,0.0679,0.91793
CVE-2009-2111,0.04187,0.86773
CVE-2009-2112,0.04187,0.86773
CVE-2009-2113,0.00986,0.35784
CVE-2009-2114,0.01917,0.77071
CVE-2009-2115,0.01061,0.51015
CVE-2009-2116,0.04187,0.86773
CVE-2009-2117,0.04187,0.86773
CVE-2009-2118,0.06309,0.90494
CVE-2009-2119,0.01955,0.77585
CVE-2009-2120,0.00986,0.35784
CVE-2009-2121,0.02042,0.78532
CVE-2009-2122,0.00986,0.35784
CVE-2009-2123,0.01136,0.57949
CVE-2009-2124,0.01055,0.50287
CVE-2009-2125,0.01061,0.51015
CVE-2009-2126,0.01136,0.57949
CVE-2009-2127,0.01055,0.50287
CVE-2009-2128,0.01055,0.50287
CVE-2009-2129,0.01055,0.50287
CVE-2009-2130,0.01055,0.50287
CVE-2009-2131,0.01232,0.66248
CVE-2009-2132,0.01136,0.57949
CVE-2009-2133,0.01776,0.75902
CVE-2009-2134,0.01136,0.57949
CVE-2009-2135,0.01282,0.67298
CVE-2009-2136,0.01213,0.6557
CVE-2009-2137,0.01018,0.38792
CVE-2009-2138,0.01055,0.50287
CVE-2009-2139,0.09915,0.94265
CVE-2009-2140,0.07525,0.92398
CVE-2009-2141,0.01136,0.57949
CVE-2009-2142,0.00986,0.35784
CVE-2009-2143,0.01136,0.57949
CVE-2009-2144,0.01055,0.50287
CVE-2009-2145,0.01917,0.77071
CVE-2009-2146,0.06262,0.90346
CVE-2009-2147,0.00986,0.35784
CVE-2009-2148,0.01055,0.50287
CVE-2009-2149,0.01055,0.50287
CVE-2009-2150,0.01055,0.50287
CVE-2009-2151,0.01055,0.50287
CVE-2009-2152,0.01055,0.50287
CVE-2009-2153,0.01055,0.50287
CVE-2009-2154,0.01055,0.50287
CVE-2009-2155,0.02094,0.79055
CVE-2009-2156,0.01232,0.66248
CVE-2009-2157,0.01815,0.76117
CVE-2009-2158,0.01213,0.6557
CVE-2009-2159,0.01319,0.70416
CVE-2009-2160,0.01319,0.70416
CVE-2009-2161,0.01319,0.70416
CVE-2009-2162,0.01319,0.70416
CVE-2009-2163,0.01917,0.77071
CVE-2009-2164,0.00986,0.35784
CVE-2009-2165,0.01213,0.6557
CVE-2009-2166,0.04187,0.86773
CVE-2009-2167,0.01136,0.57949
CVE-2009-2168,0.01055,0.50287
CVE-2009-2169,0.04618,0.88465
CVE-2009-2170,0.01055,0.50287
CVE-2009-2171,0.01055,0.50287
CVE-2009-2172,0.01917,0.77071
CVE-2009-2173,0.04187,0.86773
CVE-2009-2174,0.10995,0.94626999999999994
CVE-2009-2175,0.05288,0.89317
CVE-2009-2176,0.01319,0.70416
CVE-2009-2177,0.01213,0.6557
CVE-2009-2178,0.01055,0.50287
CVE-2009-2179,0.01055,0.50287
CVE-2009-2180,0.04187,0.86773
CVE-2009-2181,0.01055,0.50287
CVE-2009-2182,0.01055,0.50287
CVE-2009-2183,0.01055,0.50287
CVE-2009-2184,0.04482,0.88223
CVE-2009-2185,0.04358,0.87435
CVE-2009-2186,0.03184,0.83308
CVE-2009-2187,0.01034,0.39824
CVE-2009-2188,0.06154,0.90253
CVE-2009-2189,0.01136,0.57949
CVE-2009-2190,0.01974,0.7812
CVE-2009-2191,0.0291,0.82466
CVE-2009-2192,0.01183,0.60428
CVE-2009-2193,0.07035,0.91906
CVE-2009-2194,0.01282,0.67298
CVE-2009-2195,0.26775,0.97021
CVE-2009-2196,0.07471,0.92322
CVE-2009-2197,0.01213,0.6557
CVE-2009-2198,0.01183,0.60428
CVE-2009-2199,0.01955,0.77585
CVE-2009-2200,0.01319,0.70416
CVE-2009-2201,0.01104,0.52279
CVE-2009-2202,0.04169,0.85428
CVE-2009-2203,0.03914,0.84984
CVE-2009-2204,0.10439,0.94383
CVE-2009-2205,0.01667,0.75032
CVE-2009-2206,0.04169,0.85428
CVE-2009-2207,0.0095,0.30554
CVE-2009-2208,0.0095,0.30554
CVE-2009-2209,0.00986,0.35784
CVE-2009-2210,0.06604,0.91138
CVE-2009-2211,0.01136,0.57949
CVE-2009-2212,0.00954,0.34522
CVE-2009-2213,0.01132,0.54372
CVE-2009-2214,0.01319,0.70416
CVE-2009-2215,0.01055,0.50287
CVE-2009-2216,0.01917,0.77071
CVE-2009-2217,0.01319,0.70416
CVE-2009-2218,0.01055,0.50287
CVE-2009-2219,0.01055,0.50287
CVE-2009-2220,0.04187,0.86773
CVE-2009-2221,0.01213,0.6557
CVE-2009-2222,0.01213,0.6557
CVE-2009-2223,0.04187,0.86773
CVE-2009-2224,0.01136,0.57949
CVE-2009-2225,0.06309,0.90494
CVE-2009-2226,0.01213,0.6557
CVE-2009-2227,0.72015,0.99186
CVE-2009-2228,0.01136,0.57949
CVE-2009-2229,0.01319,0.70416
CVE-2009-2230,0.01139,0.58345
CVE-2009-2231,0.04187,0.86773
CVE-2009-2232,0.01136,0.57949
CVE-2009-2233,0.04187,0.86773
CVE-2009-2234,0.00986,0.35784
CVE-2009-2235,0.00986,0.35784
CVE-2009-2236,0.00986,0.35784
CVE-2009-2237,0.01213,0.6557
CVE-2009-2238,0.07437,0.92309
CVE-2009-2239,0.00986,0.35784
CVE-2009-2240,0.01213,0.6557
CVE-2009-2241,0.01213,0.6557
CVE-2009-2242,0.01213,0.6557
CVE-2009-2243,0.01055,0.50287
CVE-2009-2254,0.15607,0.95873
CVE-2009-2255,0.15607,0.95873
CVE-2009-2256,0.04482,0.88223
CVE-2009-2257,0.01213,0.6557
CVE-2009-2258,0.01213,0.6557
CVE-2009-2260,0.01136,0.57949
CVE-2009-2261,0.70637,0.99129
CVE-2009-2262,0.01055,0.50287
CVE-2009-2263,0.04187,0.86773
CVE-2009-2266,0.01055,0.50287
CVE-2009-2267,0.04669,0.88544
CVE-2009-2268,0.01213,0.6557
CVE-2009-2269,0.00986,0.35784
CVE-2009-2270,0.03696,0.84331
CVE-2009-2271,0.01055,0.50287
CVE-2009-2272,0.00885,0.26162
CVE-2009-2273,0.01055,0.50287
CVE-2009-2274,0.01055,0.50287
CVE-2009-2275,0.04187,0.86773
CVE-2009-2276,0.00986,0.35784
CVE-2009-2277,0.01213,0.6557
CVE-2009-2281,0.07777,0.92953
CVE-2009-2282,0.0095,0.30554
CVE-2009-2283,0.01213,0.6557
CVE-2009-2284,0.01319,0.70416
CVE-2009-2285,0.06627,0.91146
CVE-2009-2286,0.02104,0.79086
CVE-2009-2287,0.01282,0.67298
CVE-2009-2288,0.81542,0.99518
CVE-2009-2289,0.01917,0.77071
CVE-2009-2290,0.00986,0.35784
CVE-2009-2291,0.01108,0.53389
CVE-2009-2292,0.01319,0.70416
CVE-2009-2293,0.04482,0.88223
CVE-2009-2294,0.04291,0.87022
CVE-2009-2295,0.03214,0.83353
CVE-2009-2296,0.02172,0.79917
CVE-2009-2297,0.01136,0.57949
CVE-2009-2298,0.10516,0.94388
CVE-2009-2299,0.01136,0.57949
CVE-2009-2300,0.01136,0.57949
CVE-2009-2301,0.01055,0.50287
CVE-2009-2302,0.02945,0.82784
CVE-2009-2303,0.01136,0.57949
CVE-2009-2304,0.01136,0.57949
CVE-2009-2305,0.04187,0.86773
CVE-2009-2306,0.04187,0.86773
CVE-2009-2307,0.00986,0.35784
CVE-2009-2308,0.01139,0.58345
CVE-2009-2309,0.00986,0.35784
CVE-2009-2310,0.00986,0.35784
CVE-2009-2311,0.00986,0.35784
CVE-2009-2312,0.0089,0.2856
CVE-2009-2313,0.04187,0.86773
CVE-2009-2314,0.01034,0.39824
CVE-2009-2316,0.03407,0.83908
CVE-2009-2317,0.01136,0.57949
CVE-2009-2318,0.01055,0.50287
CVE-2009-2319,0.01055,0.50287
CVE-2009-2320,0.01055,0.50287
CVE-2009-2321,0.01136,0.57949
CVE-2009-2322,0.01055,0.50287
CVE-2009-2323,0.04522,0.88274
CVE-2009-2324,0.01136,0.57949
CVE-2009-2325,0.04482,0.88223
CVE-2009-2326,0.01055,0.50287
CVE-2009-2327,0.01061,0.51015
CVE-2009-2328,0.01055,0.50287
CVE-2009-2329,0.01055,0.50287
CVE-2009-2330,0.01055,0.50287
CVE-2009-2331,0.01136,0.57949
CVE-2009-2332,0.01136,0.57949
CVE-2009-2333,0.01213,0.6557
CVE-2009-2334,0.02186,0.8012
CVE-2009-2335,0.83657,0.99588
CVE-2009-2336,0.02172,0.79917
CVE-2009-2337,0.01139,0.58345
CVE-2009-2338,0.02812,0.82333
CVE-2009-2339,0.00986,0.35784
CVE-2009-2340,0.01213,0.6557
CVE-2009-2341,0.00986,0.35784
CVE-2009-2342,0.01136,0.57949
CVE-2009-2343,0.01213,0.6557
CVE-2009-2344,0.05931,0.90093
CVE-2009-2345,0.01213,0.6557
CVE-2009-2346,0.01213,0.6557
CVE-2009-2347,0.02768,0.82197
CVE-2009-2348,0.01104,0.52279
CVE-2009-2350,0.12037,0.94964
CVE-2009-2351,0.01213,0.6557
CVE-2009-2352,0.01917,0.77071
CVE-2009-2353,0.04522,0.88274
CVE-2009-2354,0.01136,0.57949
CVE-2009-2355,0.01061,0.51015
CVE-2009-2356,0.06309,0.90494
CVE-2009-2357,0.01136,0.57949
CVE-2009-2358,0.0089,0.2856
CVE-2009-2359,0.00954,0.34522
CVE-2009-2360,0.03129,0.8316
CVE-2009-2361,0.04386,0.87542
CVE-2009-2362,0.07525,0.92398
CVE-2009-2363,0.06309,0.90494
CVE-2009-2364,0.07437,0.92309
CVE-2009-2365,0.00986,0.35784
CVE-2009-2366,0.01139,0.58345
CVE-2009-2367,0.37344,0.97823
CVE-2009-2368,0.00954,0.34522
CVE-2009-2369,0.02042,0.78532
CVE-2009-2370,0.01319,0.70416
CVE-2009-2371,0.01132,0.54372
CVE-2009-2372,0.01132,0.54372
CVE-2009-2373,0.01136,0.57949
CVE-2009-2374,0.01018,0.38792
CVE-2009-2375,0.07437,0.92309
CVE-2009-2376,0.01213,0.6557
CVE-2009-2377,0.01963,0.77709
CVE-2009-2378,0.04187,0.86773
CVE-2009-2379,0.04884,0.88824
CVE-2009-2380,0.01213,0.6557
CVE-2009-2381,0.01018,0.38792
CVE-2009-2382,0.04187,0.86773
CVE-2009-2383,0.00986,0.35784
CVE-2009-2384,0.07437,0.92309
CVE-2009-2385,0.00986,0.35784
CVE-2009-2386,0.07437,0.92309
CVE-2009-2387,0.00885,0.26162
CVE-2009-2388,0.01055,0.50287
CVE-2009-2389,0.00986,0.35784
CVE-2009-2390,0.00986,0.35784
CVE-2009-2391,0.01136,0.57949
CVE-2009-2392,0.01136,0.57949
CVE-2009-2393,0.01061,0.51015
CVE-2009-2394,0.00986,0.35784
CVE-2009-2395,0.00986,0.35784
CVE-2009-2396,0.04187,0.86773
CVE-2009-2397,0.04187,0.86773
CVE-2009-2398,0.04187,0.86773
CVE-2009-2399,0.04187,0.86773
CVE-2009-2400,0.00986,0.35784
CVE-2009-2401,0.01136,0.57949
CVE-2009-2402,0.01055,0.50287
CVE-2009-2403,0.06006,0.90134
CVE-2009-2404,0.04229,0.86856
CVE-2009-2405,0.03407,0.83908
CVE-2009-2406,0.01547,0.74085
CVE-2009-2407,0.01547,0.74085
CVE-2009-2408,0.02686,0.82061
CVE-2009-2409,0.07559,0.92528
CVE-2009-2410,0.01108,0.53389
CVE-2009-2411,0.09085,0.93856
CVE-2009-2412,0.08969,0.93727
CVE-2009-2414,0.02686,0.82061
CVE-2009-2415,0.08263,0.93269
CVE-2009-2416,0.02686,0.82061
CVE-2009-2417,0.02686,0.82061
CVE-2009-2419,0.37312,0.97821
CVE-2009-2420,0.01055,0.50287
CVE-2009-2421,0.08103,0.93069
CVE-2009-2422,0.01183,0.60428
CVE-2009-2423,0.01055,0.50287
CVE-2009-2424,0.01055,0.50287
CVE-2009-2425,0.01319,0.70416
CVE-2009-2426,0.01108,0.53389
CVE-2009-2427,0.00986,0.35784
CVE-2009-2428,0.00986,0.35784
CVE-2009-2429,0.0089,0.2856
CVE-2009-2430,0.01592,0.74578
CVE-2009-2431,0.01319,0.70416
CVE-2009-2432,0.01319,0.70416
CVE-2009-2433,0.10856,0.94463
CVE-2009-2434,0.01034,0.39824
CVE-2009-2435,0.01055,0.50287
CVE-2009-2436,0.00986,0.35784
CVE-2009-2437,0.01917,0.77071
CVE-2009-2438,0.01917,0.77071
CVE-2009-2439,0.00986,0.35784
CVE-2009-2440,0.01917,0.77071
CVE-2009-2441,0.01917,0.77071
CVE-2009-2442,0.01917,0.77071
CVE-2009-2443,0.0679,0.91793
CVE-2009-2444,0.01319,0.70416
CVE-2009-2445,0.01408,0.72072
CVE-2009-2446,0.10859,0.94472
CVE-2009-2447,0.01055,0.50287
CVE-2009-2448,0.01055,0.50287
CVE-2009-2449,0.01213,0.6557
CVE-2009-2450,0.01761,0.7555
CVE-2009-2451,0.00986,0.35784
CVE-2009-2452,0.00954,0.34522
CVE-2009-2453,0.01108,0.53389
CVE-2009-2454,0.01136,0.57949
CVE-2009-2455,0.01055,0.50287
CVE-2009-2456,0.01319,0.70416
CVE-2009-2457,0.01319,0.70416
CVE-2009-2458,0.01136,0.57949
CVE-2009-2459,0.01018,0.38792
CVE-2009-2460,0.01108,0.53389
CVE-2009-2461,0.01034,0.39824
CVE-2009-2462,0.08228,0.93218
CVE-2009-2463,0.08228,0.93218
CVE-2009-2464,0.37385,0.97829
CVE-2009-2465,0.08228,0.93218
CVE-2009-2466,0.08228,0.93218
CVE-2009-2467,0.08228,0.93218
CVE-2009-2468,0.07544,0.92484
CVE-2009-2469,0.08228,0.93218
CVE-2009-2470,0.02686,0.82061
CVE-2009-2471,0.03779,0.84781
CVE-2009-2472,0.03407,0.83908
CVE-2009-2473,0.05356,0.89424
CVE-2009-2474,0.02686,0.82061
CVE-2009-2475,0.02686,0.82061
CVE-2009-2476,0.02686,0.82061
CVE-2009-2477,0.82413,0.99543
CVE-2009-2478,0.01136,0.57949
CVE-2009-2479,0.12567,0.95329
CVE-2009-2480,0.01319,0.70416
CVE-2009-2481,0.01319,0.70416
CVE-2009-2482,0.01034,0.39824
CVE-2009-2483,0.01034,0.39824
CVE-2009-2484,0.63786,0.98935
CVE-2009-2485,0.59919,0.98834
CVE-2009-2486,0.01408,0.72072
CVE-2009-2487,0.01319,0.70416
CVE-2009-2488,0.01034,0.39824
CVE-2009-2489,0.0095,0.30554
CVE-2009-2490,0.0095,0.30554
CVE-2009-2491,0.0095,0.30554
CVE-2009-2492,0.01213,0.6557
CVE-2009-2493,0.55095,0.98722
CVE-2009-2494,0.57789,0.9877
CVE-2009-2495,0.28314,0.97162
CVE-2009-2496,0.37791,0.97843
CVE-2009-2497,0.35639,0.97744
CVE-2009-2498,0.32697,0.9752
CVE-2009-2499,0.21985,0.96429
CVE-2009-2500,0.35639,0.97744
CVE-2009-2501,0.35639,0.97744
CVE-2009-2502,0.35639,0.97744
CVE-2009-2503,0.35639,0.97744
CVE-2009-2504,0.35639,0.97744
CVE-2009-2505,0.49704,0.98551
CVE-2009-2506,0.50249,0.9863
CVE-2009-2507,0.16435,0.95931
CVE-2009-2508,0.01554,0.74096
CVE-2009-2509,0.31062,0.9744
CVE-2009-2510,0.15383,0.95779
CVE-2009-2511,0.14716,0.95662
CVE-2009-2512,0.35639,0.97744
CVE-2009-2513,0.01205,0.60537
CVE-2009-2514,0.89677,0.99825
CVE-2009-2515,0.01205,0.60537
CVE-2009-2516,0.02283,0.80608
CVE-2009-2517,0.01205,0.60537
CVE-2009-2518,0.36846,0.97801
CVE-2009-2519,0.37122,0.9781
CVE-2009-2521,0.70664,0.99129
CVE-2009-2523,0.36846,0.97801
CVE-2009-2524,0.16435,0.95931
CVE-2009-2525,0.36846,0.97801
CVE-2009-2526,0.52014,0.98661
CVE-2009-2527,0.36846,0.97801
CVE-2009-2528,0.36846,0.97801
CVE-2009-2529,0.36846,0.97801
CVE-2009-2530,0.36846,0.97801
CVE-2009-2531,0.36846,0.97801
CVE-2009-2532,0.36846,0.97801
CVE-2009-2533,0.01319,0.70416
CVE-2009-2534,0.01319,0.70416
CVE-2009-2535,0.01319,0.70416
CVE-2009-2536,0.20084,0.96231
CVE-2009-2537,0.03407,0.83908
CVE-2009-2538,0.01319,0.70416
CVE-2009-2539,0.01319,0.70416
CVE-2009-2540,0.01408,0.72072
CVE-2009-2541,0.01319,0.70416
CVE-2009-2542,0.01319,0.70416
CVE-2009-2543,0.01213,0.6557
CVE-2009-2544,0.04187,0.86773
CVE-2009-2545,0.01136,0.57949
CVE-2009-2546,0.01136,0.57949
CVE-2009-2547,0.01213,0.6557
CVE-2009-2548,0.04465,0.87733
CVE-2009-2549,0.01055,0.50287
CVE-2009-2550,0.07437,0.92309
CVE-2009-2551,0.01917,0.77071
CVE-2009-2552,0.01963,0.77709
CVE-2009-2553,0.00986,0.35784
CVE-2009-2554,0.00986,0.35784
CVE-2009-2555,0.09915,0.94265
CVE-2009-2556,0.01737,0.75211
CVE-2009-2557,0.04187,0.86773
CVE-2009-2558,0.04187,0.86773
CVE-2009-2559,0.01213,0.6557
CVE-2009-2560,0.03779,0.84781
CVE-2009-2561,0.01213,0.6557
CVE-2009-2562,0.03779,0.84781
CVE-2009-2563,0.01955,0.77585
CVE-2009-2564,0.08276,0.93274
CVE-2009-2565,0.01213,0.6557
CVE-2009-2566,0.70125,0.99114
CVE-2009-2567,0.00986,0.35784
CVE-2009-2568,0.07437,0.92309
CVE-2009-2569,0.01917,0.77071
CVE-2009-2570,0.28823,0.97188
CVE-2009-2571,0.01917,0.77071
CVE-2009-2572,0.01319,0.70416
CVE-2009-2573,0.00986,0.35784
CVE-2009-2574,0.04187,0.86773
CVE-2009-2575,0.01055,0.50287
CVE-2009-2576,0.16531,0.95953
CVE-2009-2577,0.01055,0.50287
CVE-2009-2578,0.01055,0.50287
CVE-2009-2579,0.00986,0.35784
CVE-2009-2581,0.01055,0.50287
CVE-2009-2582,0.02137,0.79165
CVE-2009-2583,0.01319,0.70416
CVE-2009-2584,0.01104,0.52279
CVE-2009-2585,0.00986,0.35784
CVE-2009-2586,0.01917,0.77071
CVE-2009-2587,0.04894,0.88891
CVE-2009-2588,0.02945,0.82784
CVE-2009-2589,0.01319,0.70416
CVE-2009-2590,0.01213,0.6557
CVE-2009-2591,0.00986,0.35784
CVE-2009-2592,0.01055,0.50287
CVE-2009-2593,0.01213,0.6557
CVE-2009-2594,0.01213,0.6557
CVE-2009-2595,0.02945,0.82784
CVE-2009-2596,0.0095,0.30554
CVE-2009-2597,0.01136,0.57949
CVE-2009-2598,0.00986,0.35784
CVE-2009-2599,0.00986,0.35784
CVE-2009-2600,0.04187,0.86773
CVE-2009-2601,0.00986,0.35784
CVE-2009-2602,0.04187,0.86773
CVE-2009-2603,0.00986,0.35784
CVE-2009-2604,0.00986,0.35784
CVE-2009-2605,0.00986,0.35784
CVE-2009-2606,0.04187,0.86773
CVE-2009-2607,0.00986,0.35784
CVE-2009-2608,0.01213,0.6557
CVE-2009-2609,0.00986,0.35784
CVE-2009-2610,0.01232,0.66248
CVE-2009-2611,0.01963,0.77709
CVE-2009-2612,0.01055,0.50287
CVE-2009-2613,0.01055,0.50287
CVE-2009-2614,0.00986,0.35784
CVE-2009-2615,0.01055,0.50287
CVE-2009-2616,0.01055,0.50287
CVE-2009-2617,0.07437,0.92309
CVE-2009-2618,0.00986,0.35784
CVE-2009-2619,0.00986,0.35784
CVE-2009-2620,0.0679,0.91793
CVE-2009-2621,0.01408,0.72072
CVE-2009-2622,0.01408,0.72072
CVE-2009-2624,0.08228,0.93218
CVE-2009-2625,0.07344,0.92237
CVE-2009-2626,0.0679,0.91793
CVE-2009-2627,0.01319,0.70416
CVE-2009-2628,0.07525,0.92398
CVE-2009-2629,0.40588,0.98099
CVE-2009-2631,0.0414,0.8537
CVE-2009-2632,0.02172,0.79379
CVE-2009-2633,0.04187,0.86773
CVE-2009-2634,0.04187,0.86773
CVE-2009-2635,0.04187,0.86773
CVE-2009-2636,0.01213,0.6557
CVE-2009-2637,0.04187,0.86773
CVE-2009-2638,0.00986,0.35784
CVE-2009-2639,0.01055,0.50287
CVE-2009-2640,0.00986,0.35784
CVE-2009-2641,0.04187,0.86773
CVE-2009-2642,0.04187,0.86773
CVE-2009-2643,0.04967,0.88981
CVE-2009-2644,0.01034,0.39824
CVE-2009-2646,0.03184,0.83308
CVE-2009-2647,0.01319,0.70416
CVE-2009-2648,0.01213,0.6557
CVE-2009-2649,0.01761,0.7555
CVE-2009-2650,0.6084,0.98854
CVE-2009-2651,0.01408,0.72072
CVE-2009-2652,0.01232,0.66248
CVE-2009-2653,0.08071,0.93023
CVE-2009-2654,0.12567,0.95329
CVE-2009-2655,0.13616,0.95556
CVE-2009-2656,0.01136,0.57949
CVE-2009-2657,0.0095,0.30554
CVE-2009-2658,0.01319,0.70416
CVE-2009-2659,0.01974,0.7812
CVE-2009-2660,0.02768,0.82197
CVE-2009-2661,0.02172,0.79917
CVE-2009-2662,0.07544,0.92484
CVE-2009-2663,0.04229,0.86856
CVE-2009-2664,0.07544,0.92484
CVE-2009-2665,0.01408,0.72072
CVE-2009-2666,0.02686,0.82061
CVE-2009-2667,0.00954,0.34522
CVE-2009-2668,0.11831,0.94951
CVE-2009-2669,0.0322,0.83442
CVE-2009-2670,0.02686,0.82061
CVE-2009-2671,0.04358,0.87435
CVE-2009-2672,0.04358,0.87435
CVE-2009-2673,0.04358,0.87435
CVE-2009-2674,0.04421,0.87629
CVE-2009-2675,0.02686,0.82061
CVE-2009-2676,0.03932,0.8519
CVE-2009-2677,0.01136,0.57949
CVE-2009-2678,0.01315,0.67456
CVE-2009-2679,0.01319,0.70416
CVE-2009-2680,0.01408,0.72072
CVE-2009-2681,0.01034,0.39824
CVE-2009-2682,0.01034,0.39824
CVE-2009-2683,0.04766,0.88705
CVE-2009-2684,0.03129,0.8316
CVE-2009-2685,0.87164,0.99725
CVE-2009-2686,0.0095,0.30554
CVE-2009-2687,0.03932,0.8519
CVE-2009-2688,0.07544,0.92484
CVE-2009-2689,0.02686,0.82061
CVE-2009-2690,0.02686,0.82061
CVE-2009-2691,0.01547,0.74085
CVE-2009-2692,0.02111,0.79105
CVE-2009-2693,0.07344,0.92237
CVE-2009-2694,0.08228,0.93218
CVE-2009-2695,0.01547,0.74085
CVE-2009-2696,0.01484,0.72722
CVE-2009-2697,0.01213,0.6557
CVE-2009-2699,0.07344,0.92237
CVE-2009-2700,0.01108,0.53389
CVE-2009-2701,0.01132,0.54372
CVE-2009-2702,0.01018,0.38792
CVE-2009-2703,0.01108,0.53389
CVE-2009-2704,0.01917,0.77071
CVE-2009-2705,0.01917,0.77071
CVE-2009-2707,0.0095,0.30554
CVE-2009-2711,0.01034,0.39824
CVE-2009-2712,0.01034,0.39824
CVE-2009-2713,0.01213,0.6557
CVE-2009-2714,0.0095,0.30554
CVE-2009-2715,0.01963,0.77709
CVE-2009-2716,0.01108,0.53389
CVE-2009-2717,0.00885,0.26162
CVE-2009-2718,0.01108,0.53389
CVE-2009-2719,0.01108,0.53389
CVE-2009-2720,0.01108,0.53389
CVE-2009-2721,0.01183,0.60428
CVE-2009-2722,0.01537,0.73595
CVE-2009-2723,0.01537,0.73595
CVE-2009-2724,0.01183,0.60428
CVE-2009-2726,0.01319,0.70416
CVE-2009-2727,0.76482000000000006,0.99351
CVE-2009-2730,0.02686,0.82061
CVE-2009-2732,0.04482,0.88223
CVE-2009-2733,0.04894,0.88891
CVE-2009-2734,0.01139,0.58345
CVE-2009-2735,0.01213,0.6557
CVE-2009-2736,0.01132,0.54372
CVE-2009-2737,0.01649,0.75017
CVE-2009-2738,0.01213,0.6557
CVE-2009-2739,0.01213,0.6557
CVE-2009-2740,0.01055,0.50287
CVE-2009-2741,0.04679,0.88603
CVE-2009-2742,0.01213,0.6557
CVE-2009-2743,0.01034,0.39824
CVE-2009-2744,0.01213,0.6557
CVE-2009-2746,0.01213,0.6557
CVE-2009-2747,0.01136,0.57949
CVE-2009-2748,0.01136,0.57949
CVE-2009-2749,0.01018,0.38792
CVE-2009-2750,0.01061,0.51015
CVE-2009-2751,0.00954,0.34522
CVE-2009-2752,0.0095,0.30554
CVE-2009-2753,0.08263,0.93269
CVE-2009-2754,0.1127,0.94787
CVE-2009-2761,0.0095,0.30554
CVE-2009-2762,0.07197,0.92068
CVE-2009-2764,0.18563,0.96143
CVE-2009-2765,0.81542,0.99518
CVE-2009-2766,0.01055,0.50287
CVE-2009-2767,0.0322,0.83442
CVE-2009-2768,0.01282,0.67298
CVE-2009-2769,0.04187,0.86773
CVE-2009-2770,0.04187,0.86773
CVE-2009-2771,0.01136,0.57949
CVE-2009-2772,0.02945,0.82784
CVE-2009-2773,0.04187,0.86773
CVE-2009-2774,0.00986,0.35784
CVE-2009-2775,0.00986,0.35784
CVE-2009-2776,0.00986,0.35784
CVE-2009-2777,0.01213,0.6557
CVE-2009-2778,0.01213,0.6557
CVE-2009-2779,0.00986,0.35784
CVE-2009-2780,0.04894,0.88891
CVE-2009-2781,0.00986,0.35784
CVE-2009-2782,0.00986,0.35784
CVE-2009-2783,0.05096,0.8904
CVE-2009-2784,0.04187,0.86773
CVE-2009-2785,0.01319,0.70416
CVE-2009-2786,0.00986,0.35784
CVE-2009-2787,0.02104,0.79086
CVE-2009-2788,0.00986,0.35784
CVE-2009-2789,0.01055,0.50287
CVE-2009-2790,0.00986,0.35784
CVE-2009-2791,0.04187,0.86773
CVE-2009-2792,0.04187,0.86773
CVE-2009-2793,0.01761,0.7555
CVE-2009-2794,0.0095,0.30554
CVE-2009-2795,0.0095,0.30554
CVE-2009-2796,0.0095,0.30554
CVE-2009-2797,0.03779,0.84781
CVE-2009-2798,0.03914,0.84984
CVE-2009-2799,0.03914,0.84984
CVE-2009-2800,0.01837,0.76209
CVE-2009-2801,0.01055,0.50287
CVE-2009-2802,0.00954,0.34522
CVE-2009-2803,0.01837,0.76209
CVE-2009-2804,0.06154,0.90253
CVE-2009-2805,0.03914,0.84984
CVE-2009-2807,0.01104,0.52279
CVE-2009-2808,0.01667,0.75032
CVE-2009-2809,0.03914,0.84984
CVE-2009-2810,0.04935,0.88902
CVE-2009-2811,0.05903,0.90071
CVE-2009-2812,0.04209,0.86774
CVE-2009-2813,0.02528,0.8112
CVE-2009-2814,0.01319,0.70416
CVE-2009-2815,0.01136,0.57949
CVE-2009-2816,0.03932,0.8519
CVE-2009-2817,0.05745,0.89863
CVE-2009-2818,0.01213,0.6557
CVE-2009-2819,0.01667,0.75032
CVE-2009-2820,0.12328,0.95117
CVE-2009-2822,0.01408,0.72072
CVE-2009-2823,0.01213,0.6557
CVE-2009-2824,0.04935,0.88902
CVE-2009-2825,0.01018,0.38792
CVE-2009-2826,0.03261,0.83509
CVE-2009-2827,0.03261,0.83509
CVE-2009-2828,0.03375,0.83648
CVE-2009-2829,0.01213,0.6557
CVE-2009-2830,0.03261,0.83509
CVE-2009-2831,0.05106,0.89045
CVE-2009-2832,0.03261,0.83509
CVE-2009-2833,0.01667,0.75032
CVE-2009-2834,0.0095,0.30554
CVE-2009-2835,0.0095,0.30554
CVE-2009-2836,0.0095,0.30554
CVE-2009-2837,0.03914,0.84984
CVE-2009-2838,0.03261,0.83509
CVE-2009-2839,0.01667,0.75032
CVE-2009-2840,0.0095,0.30554
CVE-2009-2841,0.04358,0.87435
CVE-2009-2842,0.01776,0.75902
CVE-2009-2843,0.06105,0.90164
CVE-2009-2844,0.01319,0.70416
CVE-2009-2846,0.01034,0.39824
CVE-2009-2847,0.0322,0.83442
CVE-2009-2848,0.01547,0.74085
CVE-2009-2849,0.01547,0.74085
CVE-2009-2850,0.01818,0.76133
CVE-2009-2851,0.03129,0.8316
CVE-2009-2852,0.04187,0.86773
CVE-2009-2853,0.01213,0.6557
CVE-2009-2854,0.01213,0.6557
CVE-2009-2855,0.02172,0.79917
CVE-2009-2856,0.01132,0.54372
CVE-2009-2857,0.0095,0.30554
CVE-2009-2858,0.01018,0.38792
CVE-2009-2859,0.0095,0.30554
CVE-2009-2860,0.01213,0.6557
CVE-2009-2861,0.01319,0.70416
CVE-2009-2862,0.01319,0.70416
CVE-2009-2863,0.01319,0.70416
CVE-2009-2864,0.01408,0.72072
CVE-2009-2865,0.04967,0.88981
CVE-2009-2866,0.01319,0.70416
CVE-2009-2867,0.01213,0.6557
CVE-2009-2868,0.01136,0.57949
CVE-2009-2869,0.01319,0.70416
CVE-2009-2870,0.01213,0.6557
CVE-2009-2871,0.01213,0.6557
CVE-2009-2872,0.01232,0.66248
CVE-2009-2873,0.01319,0.70416
CVE-2009-2874,0.01319,0.70416
CVE-2009-2875,0.05647,0.89773
CVE-2009-2876,0.05647,0.89773
CVE-2009-2877,0.05647,0.89773
CVE-2009-2878,0.05647,0.89773
CVE-2009-2879,0.05647,0.89773
CVE-2009-2880,0.05647,0.89773
CVE-2009-2881,0.00986,0.35784
CVE-2009-2882,0.01917,0.77071
CVE-2009-2883,0.00986,0.35784
CVE-2009-2884,0.01917,0.77071
CVE-2009-2885,0.00986,0.35784
CVE-2009-2886,0.01136,0.57949
CVE-2009-2887,0.01136,0.57949
CVE-2009-2888,0.00986,0.35784
CVE-2009-2889,0.01917,0.77071
CVE-2009-2890,0.01917,0.77071
CVE-2009-2891,0.00986,0.35784
CVE-2009-2892,0.00986,0.35784
CVE-2009-2893,0.01917,0.77071
CVE-2009-2894,0.01139,0.58345
CVE-2009-2895,0.00986,0.35784
CVE-2009-2896,0.06006,0.90134
CVE-2009-2897,0.01955,0.77585
CVE-2009-2898,0.04263,0.86866
CVE-2009-2899,0.0089,0.2856
CVE-2009-2901,0.07344,0.92237
CVE-2009-2902,0.07344,0.92237
CVE-2009-2903,0.03407,0.83908
CVE-2009-2904,0.01282,0.67298
CVE-2009-2905,0.02172,0.79379
CVE-2009-2906,0.02528,0.8112
CVE-2009-2907,0.01917,0.77071
CVE-2009-2908,0.02172,0.79379
CVE-2009-2909,0.01282,0.67298
CVE-2009-2910,0.01547,0.74085
CVE-2009-2911,0.01282,0.67298
CVE-2009-2912,0.01034,0.39824
CVE-2009-2913,0.01055,0.50287
CVE-2009-2914,0.01055,0.50287
CVE-2009-2915,0.00986,0.35784
CVE-2009-2916,0.06309,0.90494
CVE-2009-2917,0.04407,0.87554
CVE-2009-2918,0.01761,0.7555
CVE-2009-2919,0.01061,0.51015
CVE-2009-2920,0.01055,0.50287
CVE-2009-2921,0.00986,0.35784
CVE-2009-2922,0.04187,0.86773
CVE-2009-2923,0.04187,0.86773
CVE-2009-2924,0.00986,0.35784
CVE-2009-2925,0.04187,0.86773
CVE-2009-2926,0.00986,0.35784
CVE-2009-2927,0.00986,0.35784
CVE-2009-2928,0.01055,0.50287
CVE-2009-2929,0.01055,0.50287
CVE-2009-2930,0.01917,0.77071
CVE-2009-2931,0.01213,0.6557
CVE-2009-2932,0.01408,0.72072
CVE-2009-2933,0.01136,0.57949
CVE-2009-2934,0.07437,0.92309
CVE-2009-2935,0.08263,0.93269
CVE-2009-2936,0.79698,0.99475
CVE-2009-2937,0.04894,0.88891
CVE-2009-2939,0.00885,0.26162
CVE-2009-2940,0.01213,0.6557
CVE-2009-2942,0.01213,0.6557
CVE-2009-2943,0.01136,0.57949
CVE-2009-2944,0.01183,0.60428
CVE-2009-2945,0.00885,0.26162
CVE-2009-2946,0.01213,0.6557
CVE-2009-2947,0.01319,0.70416
CVE-2009-2948,0.01547,0.74085
CVE-2009-2949,0.13298,0.95487
CVE-2009-2950,0.07963,0.92984
CVE-2009-2951,0.00885,0.26162
CVE-2009-2952,0.0095,0.30554
CVE-2009-2953,0.01055,0.50287
CVE-2009-2954,0.11831,0.94951
CVE-2009-2955,0.01055,0.50287
CVE-2009-2956,0.01055,0.50287
CVE-2009-2957,0.1127,0.94787
CVE-2009-2958,0.01974,0.7812
CVE-2009-2959,0.01408,0.72072
CVE-2009-2960,0.04187,0.86773
CVE-2009-2961,0.04407,0.87554
CVE-2009-2963,0.06309,0.90494
CVE-2009-2964,0.03932,0.8519
CVE-2009-2965,0.01917,0.77071
CVE-2009-2966,0.05356,0.89424
CVE-2009-2967,0.01776,0.75902
CVE-2009-2968,0.01319,0.70416
CVE-2009-2970,0.039,0.84954
CVE-2009-2972,0.01319,0.70416
CVE-2009-2973,0.01018,0.38792
CVE-2009-2974,0.01136,0.57949
CVE-2009-2975,0.01213,0.6557
CVE-2009-2976,0.01136,0.57949
CVE-2009-2977,0.01108,0.53389
CVE-2009-2978,0.01408,0.72072
CVE-2009-2979,0.01319,0.70416
CVE-2009-2980,0.05667,0.89812
CVE-2009-2981,0.01308,0.67354
CVE-2009-2982,0.01319,0.70416
CVE-2009-2983,0.25794,0.96889
CVE-2009-2984,0.05667,0.89812
CVE-2009-2985,0.05667,0.89812
CVE-2009-2986,0.05921,0.90075
CVE-2009-2987,0.01319,0.70416
CVE-2009-2988,0.01308,0.67354
CVE-2009-2989,0.05921,0.90075
CVE-2009-2990,0.92645,0.99913
CVE-2009-2991,0.07525,0.92398
CVE-2009-2992,0.01308,0.67354
CVE-2009-2993,0.07996,0.93017
CVE-2009-2994,0.26692,0.97017
CVE-2009-2995,0.01308,0.67354
CVE-2009-2996,0.05667,0.89812
CVE-2009-2997,0.05921,0.90075
CVE-2009-2998,0.09309,0.93945
CVE-2009-2999,0.01213,0.6557
CVE-2009-3000,0.01055,0.50287
CVE-2009-3001,0.0322,0.83442
CVE-2009-3002,0.0322,0.83442
CVE-2009-3003,0.16233,0.95912
CVE-2009-3004,0.01055,0.50287
CVE-2009-3005,0.01055,0.50287
CVE-2009-3006,0.01136,0.57949
CVE-2009-3007,0.00885,0.26162
CVE-2009-3008,0.00885,0.26162
CVE-2009-3009,0.03407,0.83908
CVE-2009-3010,0.01136,0.57949
CVE-2009-3011,0.01136,0.57949
CVE-2009-3012,0.01055,0.50287
CVE-2009-3013,0.01136,0.57949
CVE-2009-3014,0.01213,0.6557
CVE-2009-3015,0.01055,0.50287
CVE-2009-3016,0.01136,0.57949
CVE-2009-3017,0.01136,0.57949
CVE-2009-3018,0.01213,0.6557
CVE-2009-3019,0.12649,0.95332
CVE-2009-3020,0.14211,0.95612
CVE-2009-3021,0.01213,0.6557
CVE-2009-3022,0.01319,0.70416
CVE-2009-3023,0.69671,0.99087
CVE-2009-3024,0.01408,0.72072
CVE-2009-3025,0.01213,0.6557
CVE-2009-3026,0.01974,0.7812
CVE-2009-3027,0.12248,0.95092
CVE-2009-3028,0.7817,0.99419
CVE-2009-3029,0.01232,0.66248
CVE-2009-3030,0.01319,0.70416
CVE-2009-3031,0.73646,0.9925
CVE-2009-3032,0.0292,0.82516
CVE-2009-3033,0.75932,0.99334
CVE-2009-3035,0.01755,0.75287
CVE-2009-3036,0.01213,0.6557
CVE-2009-3037,0.07525,0.92398
CVE-2009-3038,0.01963,0.77709
CVE-2009-3040,0.00986,0.35784
CVE-2009-3041,0.04482,0.88223
CVE-2009-3042,0.00986,0.35784
CVE-2009-3043,0.0322,0.83442
CVE-2009-3044,0.01108,0.53389
CVE-2009-3045,0.01108,0.53389
CVE-2009-3046,0.01108,0.53389
CVE-2009-3047,0.01319,0.70416
CVE-2009-3048,0.01213,0.6557
CVE-2009-3049,0.01319,0.70416
CVE-2009-3050,0.03214,0.83353
CVE-2009-3051,0.12248,0.95092
CVE-2009-3052,0.00986,0.35784
CVE-2009-3053,0.01963,0.77709
CVE-2009-3054,0.00986,0.35784
CVE-2009-3055,0.04187,0.86773
CVE-2009-3056,0.04187,0.86773
CVE-2009-3057,0.01917,0.77071
CVE-2009-3058,0.07437,0.92309
CVE-2009-3059,0.00986,0.35784
CVE-2009-3060,0.01055,0.50287
CVE-2009-3061,0.00986,0.35784
CVE-2009-3062,0.00986,0.35784
CVE-2009-3063,0.00986,0.35784
CVE-2009-3064,0.04187,0.86773
CVE-2009-3065,0.04187,0.86773
CVE-2009-3066,0.01917,0.77071
CVE-2009-3067,0.01055,0.50287
CVE-2009-3068,0.91212,0.99873
CVE-2009-3069,0.05139,0.89128
CVE-2009-3070,0.08228,0.93218
CVE-2009-3071,0.08228,0.93218
CVE-2009-3072,0.08228,0.93218
CVE-2009-3073,0.05139,0.89128
CVE-2009-3074,0.07544,0.92484
CVE-2009-3075,0.08228,0.93218
CVE-2009-3076,0.12567,0.95329
CVE-2009-3077,0.09915,0.94265
CVE-2009-3078,0.03779,0.84781
CVE-2009-3079,0.03779,0.84781
CVE-2009-3080,0.01547,0.74085
CVE-2009-3081,0.01136,0.57949
CVE-2009-3082,0.01055,0.50287
CVE-2009-3083,0.01408,0.72072
CVE-2009-3084,0.01319,0.70416
CVE-2009-3085,0.01319,0.70416
CVE-2009-3086,0.01319,0.70416
CVE-2009-3087,0.01055,0.50287
CVE-2009-3088,0.01055,0.50287
CVE-2009-3089,0.01055,0.50287
CVE-2009-3090,0.01055,0.50287
CVE-2009-3091,0.00885,0.26162
CVE-2009-3092,0.00954,0.34522
CVE-2009-3093,0.00954,0.34522
CVE-2009-3094,0.05242,0.89216
CVE-2009-3095,0.07344,0.92237
CVE-2009-3096,0.01055,0.50287
CVE-2009-3097,0.00885,0.26162
CVE-2009-3098,0.01055,0.50287
CVE-2009-3099,0.04187,0.86773
CVE-2009-3100,0.00885,0.26162
CVE-2009-3101,0.00885,0.26162
CVE-2009-3102,0.01408,0.72072
CVE-2009-3104,0.01319,0.70416
CVE-2009-3105,0.01213,0.6557
CVE-2009-3106,0.01136,0.57949
CVE-2009-3107,0.01213,0.6557
CVE-2009-3108,0.0095,0.30554
CVE-2009-3109,0.01213,0.6557
CVE-2009-3110,0.01213,0.6557
CVE-2009-3111,0.12567,0.95329
CVE-2009-3112,0.01055,0.50287
CVE-2009-3113,0.01055,0.50287
CVE-2009-3114,0.01213,0.6557
CVE-2009-3115,0.04187,0.86773
CVE-2009-3116,0.01213,0.6557
CVE-2009-3117,0.01213,0.6557
CVE-2009-3118,0.01136,0.57949
CVE-2009-3119,0.00986,0.35784
CVE-2009-3120,0.01055,0.50287
CVE-2009-3121,0.01319,0.70416
CVE-2009-3122,0.01319,0.70416
CVE-2009-3123,0.04187,0.86773
CVE-2009-3124,0.04187,0.86773
CVE-2009-3125,0.01213,0.6557
CVE-2009-3126,0.35639,0.97744
CVE-2009-3127,0.49704,0.98551
CVE-2009-3128,0.49704,0.98551
CVE-2009-3129,0.8983,0.99831
CVE-2009-3130,0.49704,0.98551
CVE-2009-3131,0.49704,0.98551
CVE-2009-3132,0.49704,0.98551
CVE-2009-3133,0.49704,0.98551
CVE-2009-3134,0.49704,0.98551
CVE-2009-3135,0.60013,0.98838
CVE-2009-3146,0.01136,0.57949
CVE-2009-3147,0.01136,0.57949
CVE-2009-3148,0.00986,0.35784
CVE-2009-3149,0.04187,0.86773
CVE-2009-3150,0.00986,0.35784
CVE-2009-3151,0.04187,0.86773
CVE-2009-3152,0.01917,0.77071
CVE-2009-3153,0.01917,0.77071
CVE-2009-3154,0.01055,0.50287
CVE-2009-3155,0.01136,0.57949
CVE-2009-3156,0.01633,0.74922
CVE-2009-3157,0.01232,0.66248
CVE-2009-3158,0.04187,0.86773
CVE-2009-3159,0.01213,0.6557
CVE-2009-3160,0.01018,0.38792
CVE-2009-3161,0.01018,0.38792
CVE-2009-3162,0.01917,0.77071
CVE-2009-3163,0.1127,0.94787
CVE-2009-3164,0.01213,0.6557
CVE-2009-3165,0.01213,0.6557
CVE-2009-3166,0.01018,0.38792
CVE-2009-3167,0.04187,0.86773
CVE-2009-3168,0.01132,0.54372
CVE-2009-3169,0.06523,0.90962
CVE-2009-3170,0.06006,0.90134
CVE-2009-3171,0.01213,0.6557
CVE-2009-3172,0.01108,0.53389
CVE-2009-3173,0.07437,0.92309
CVE-2009-3174,0.04187,0.86773
CVE-2009-3175,0.00986,0.35784
CVE-2009-3176,0.04146,0.85406
CVE-2009-3177,0.01018,0.38792
CVE-2009-3178,0.01136,0.57949
CVE-2009-3179,0.06523,0.90962
CVE-2009-3180,0.01055,0.50287
CVE-2009-3181,0.01055,0.50287
CVE-2009-3182,0.05349,0.89417
CVE-2009-3183,0.0095,0.30554
CVE-2009-3184,0.00986,0.35784
CVE-2009-3185,0.00986,0.35784
CVE-2009-3186,0.01917,0.77071
CVE-2009-3187,0.01917,0.77071
CVE-2009-3188,0.04187,0.86773
CVE-2009-3189,0.01917,0.77071
CVE-2009-3190,0.01055,0.50287
CVE-2009-3191,0.01055,0.50287
CVE-2009-3192,0.01055,0.50287
CVE-2009-3193,0.00986,0.35784
CVE-2009-3194,0.01917,0.77071
CVE-2009-3195,0.01917,0.77071
CVE-2009-3196,0.01917,0.77071
CVE-2009-3197,0.01136,0.57949
CVE-2009-3198,0.01136,0.57949
CVE-2009-3199,0.04187,0.86773
CVE-2009-3200,0.01104,0.52279
CVE-2009-3201,0.01963,0.77709
CVE-2009-3202,0.01917,0.77071
CVE-2009-3203,0.00986,0.35784
CVE-2009-3204,0.01213,0.6557
CVE-2009-3205,0.00986,0.35784
CVE-2009-3206,0.01061,0.51015
CVE-2009-3207,0.01319,0.70416
CVE-2009-3208,0.00986,0.35784
CVE-2009-3209,0.00986,0.35784
CVE-2009-3210,0.01232,0.66248
CVE-2009-3211,0.01963,0.77709
CVE-2009-3212,0.01055,0.50287
CVE-2009-3213,0.04407,0.87554
CVE-2009-3214,0.70125,0.99114
CVE-2009-3215,0.00986,0.35784
CVE-2009-3216,0.01055,0.50287
CVE-2009-3217,0.01055,0.50287
CVE-2009-3218,0.01213,0.6557
CVE-2009-3219,0.01213,0.6557
CVE-2009-3220,0.04187,0.86773
CVE-2009-3221,0.07437,0.92309
CVE-2009-3222,0.01917,0.77071
CVE-2009-3223,0.00986,0.35784
CVE-2009-3224,0.00986,0.35784
CVE-2009-3225,0.01917,0.77071
CVE-2009-3226,0.00986,0.35784
CVE-2009-3227,0.01136,0.57949
CVE-2009-3228,0.01547,0.74085
CVE-2009-3229,0.02528,0.8112
CVE-2009-3230,0.02528,0.8112
CVE-2009-3231,0.03779,0.84781
CVE-2009-3232,0.01319,0.70416
CVE-2009-3233,0.01761,0.7555
CVE-2009-3234,0.01899,0.76481
CVE-2009-3235,0.04229,0.86856
CVE-2009-3236,0.01955,0.77585
CVE-2009-3237,0.01955,0.77585
CVE-2009-3238,0.02686,0.82061
CVE-2009-3240,0.01136,0.57949
CVE-2009-3241,0.12567,0.95329
CVE-2009-3242,0.0679,0.91793
CVE-2009-3243,0.0679,0.91793
CVE-2009-3244,0.17279,0.96034
CVE-2009-3245,0.0472,0.88691
CVE-2009-3246,0.00986,0.35784
CVE-2009-3247,0.01319,0.70416
CVE-2009-3248,0.01408,0.72072
CVE-2009-3249,0.10995,0.94626999999999994
CVE-2009-3250,0.06739,0.91208
CVE-2009-3251,0.01132,0.54372
CVE-2009-3252,0.00986,0.35784
CVE-2009-3253,0.04407,0.87554
CVE-2009-3254,0.04618,0.88465
CVE-2009-3255,0.01213,0.6557
CVE-2009-3256,0.01917,0.77071
CVE-2009-3257,0.01055,0.50287
CVE-2009-3258,0.01132,0.54372
CVE-2009-3259,0.01213,0.6557
CVE-2009-3260,0.01917,0.77071
CVE-2009-3261,0.01055,0.50287
CVE-2009-3262,0.01061,0.51015
CVE-2009-3263,0.01319,0.70416
CVE-2009-3264,0.01018,0.38792
CVE-2009-3265,0.01136,0.57949
CVE-2009-3266,0.03407,0.83908
CVE-2009-3267,0.14073,0.95604
CVE-2009-3268,0.01055,0.50287
CVE-2009-3269,0.01136,0.57949
CVE-2009-3270,0.16233,0.95912
CVE-2009-3271,0.01963,0.77709
CVE-2009-3272,0.04187,0.86773
CVE-2009-3273,0.00954,0.34522
CVE-2009-3274,0.01282,0.67298
CVE-2009-3275,0.04767,0.88706
CVE-2009-3276,0.00885,0.26162
CVE-2009-3277,0.00885,0.26162
CVE-2009-3278,0.0095,0.30554
CVE-2009-3279,0.0089,0.2856
CVE-2009-3280,0.01213,0.6557
CVE-2009-3281,0.02104,0.79086
CVE-2009-3282,0.0095,0.30554
CVE-2009-3283,0.01213,0.6557
CVE-2009-3284,0.01213,0.6557
CVE-2009-3286,0.02172,0.79379
CVE-2009-3287,0.01136,0.57949
CVE-2009-3288,0.0095,0.30554
CVE-2009-3289,0.01034,0.39824
CVE-2009-3290,0.01282,0.67298
CVE-2009-3291,0.02686,0.82061
CVE-2009-3292,0.02686,0.82061
CVE-2009-3293,0.02686,0.82061
CVE-2009-3294,0.01537,0.73595
CVE-2009-3295,0.01319,0.70416
CVE-2009-3296,0.06523,0.90962
CVE-2009-3298,0.01649,0.75017
CVE-2009-3299,0.01776,0.75902
CVE-2009-3300,0.01213,0.6557
CVE-2009-3301,0.07963,0.92984
CVE-2009-3302,0.08969,0.93727
CVE-2009-3303,0.01213,0.6557
CVE-2009-3304,0.0089,0.2856
CVE-2009-3305,0.01319,0.70416
CVE-2009-3306,0.04187,0.86773
CVE-2009-3307,0.04187,0.86773
CVE-2009-3308,0.00986,0.35784
CVE-2009-3309,0.00986,0.35784
CVE-2009-3310,0.00986,0.35784
CVE-2009-3311,0.01917,0.77071
CVE-2009-3312,0.04482,0.88223
CVE-2009-3313,0.01139,0.58345
CVE-2009-3314,0.00986,0.35784
CVE-2009-3315,0.00986,0.35784
CVE-2009-3316,0.00986,0.35784
CVE-2009-3317,0.04187,0.86773
CVE-2009-3318,0.04187,0.86773
CVE-2009-3319,0.01055,0.50287
CVE-2009-3320,0.01917,0.77071
CVE-2009-3321,0.00986,0.35784
CVE-2009-3322,0.04482,0.88223
CVE-2009-3323,0.04187,0.86773
CVE-2009-3324,0.04187,0.86773
CVE-2009-3325,0.00986,0.35784
CVE-2009-3326,0.00986,0.35784
CVE-2009-3327,0.01055,0.50287
CVE-2009-3328,0.01055,0.50287
CVE-2009-3329,0.039,0.84954
CVE-2009-3330,0.00986,0.35784
CVE-2009-3331,0.04187,0.86773
CVE-2009-3332,0.00986,0.35784
CVE-2009-3333,0.04187,0.86773
CVE-2009-3334,0.00986,0.35784
CVE-2009-3335,0.00986,0.35784
CVE-2009-3336,0.00986,0.35784
CVE-2009-3337,0.01136,0.57949
CVE-2009-3338,0.07437,0.92309
CVE-2009-3339,0.01136,0.57949
CVE-2009-3340,0.01136,0.57949
CVE-2009-3341,0.06523,0.90962
CVE-2009-3342,0.00986,0.35784
CVE-2009-3343,0.00986,0.35784
CVE-2009-3344,0.00954,0.34522
CVE-2009-3345,0.00954,0.34522
CVE-2009-3346,0.06523,0.90962
CVE-2009-3347,0.06523,0.90962
CVE-2009-3348,0.01055,0.50287
CVE-2009-3349,0.01055,0.50287
CVE-2009-3350,0.00885,0.26162
CVE-2009-3351,0.00885,0.26162
CVE-2009-3352,0.00885,0.26162
CVE-2009-3353,0.00885,0.26162
CVE-2009-3354,0.00885,0.26162
CVE-2009-3355,0.01917,0.77071
CVE-2009-3356,0.00986,0.35784
CVE-2009-3357,0.01213,0.6557
CVE-2009-3358,0.00986,0.35784
CVE-2009-3359,0.01917,0.77071
CVE-2009-3360,0.02945,0.82784
CVE-2009-3361,0.00986,0.35784
CVE-2009-3362,0.04187,0.86773
CVE-2009-3363,0.01213,0.6557
CVE-2009-3364,0.03429,0.83932
CVE-2009-3365,0.04187,0.86773
CVE-2009-3366,0.01213,0.6557
CVE-2009-3367,0.01136,0.57949
CVE-2009-3368,0.01213,0.6557
CVE-2009-3369,0.01232,0.66248
CVE-2009-3370,0.01319,0.70416
CVE-2009-3371,0.05139,0.89128
CVE-2009-3372,0.07525,0.92398
CVE-2009-3373,0.15607,0.95873
CVE-2009-3374,0.01319,0.70416
CVE-2009-3375,0.01319,0.70416
CVE-2009-3376,0.03407,0.83908
CVE-2009-3377,0.0547,0.89492
CVE-2009-3378,0.04967,0.88981
CVE-2009-3379,0.08228,0.93218
CVE-2009-3380,0.08228,0.93218
CVE-2009-3381,0.07544,0.92484
CVE-2009-3382,0.12822,0.95405
CVE-2009-3383,0.05139,0.89128
CVE-2009-3384,0.03009,0.82821
CVE-2009-3385,0.07777,0.92953
CVE-2009-3386,0.01319,0.70416
CVE-2009-3387,0.01319,0.70416
CVE-2009-3388,0.04229,0.86856
CVE-2009-3389,0.06604,0.91138
CVE-2009-3390,0.02172,0.79279
CVE-2009-3392,0.01213,0.6557
CVE-2009-3393,0.01213,0.6557
CVE-2009-3395,0.01213,0.6557
CVE-2009-3396,0.01213,0.6557
CVE-2009-3397,0.01213,0.6557
CVE-2009-3399,0.01213,0.6557
CVE-2009-3400,0.01132,0.54372
CVE-2009-3401,0.0095,0.30554
CVE-2009-3402,0.01132,0.54372
CVE-2009-3403,0.01055,0.50287
CVE-2009-3404,0.01132,0.54372
CVE-2009-3405,0.01132,0.54372
CVE-2009-3406,0.01132,0.54372
CVE-2009-3407,0.01319,0.70416
CVE-2009-3408,0.01136,0.57949
CVE-2009-3409,0.01132,0.54372
CVE-2009-3410,0.01055,0.50287
CVE-2009-3411,0.01055,0.50287
CVE-2009-3412,0.0089,0.2856
CVE-2009-3413,0.01055,0.50287
CVE-2009-3414,0.01055,0.50287
CVE-2009-3415,0.01055,0.50287
CVE-2009-3416,0.01055,0.50287
CVE-2009-3417,0.00986,0.35784
CVE-2009-3418,0.00986,0.35784
CVE-2009-3419,0.01055,0.50287
CVE-2009-3420,0.01055,0.50287
CVE-2009-3421,0.04187,0.86773
CVE-2009-3422,0.04187,0.86773
CVE-2009-3423,0.04187,0.86773
CVE-2009-3424,0.04187,0.86773
CVE-2009-3425,0.01136,0.57949
CVE-2009-3426,0.01136,0.57949
CVE-2009-3427,0.01136,0.57949
CVE-2009-3428,0.07437,0.92309
CVE-2009-3429,0.59919,0.98834
CVE-2009-3430,0.00986,0.35784
CVE-2009-3431,0.08587,0.93617
CVE-2009-3432,0.01104,0.52279
CVE-2009-3433,0.01034,0.39824
CVE-2009-3434,0.00986,0.35784
CVE-2009-3435,0.01213,0.6557
CVE-2009-3436,0.00986,0.35784
CVE-2009-3437,0.01055,0.50287
CVE-2009-3438,0.00986,0.35784
CVE-2009-3439,0.01132,0.54372
CVE-2009-3440,0.01213,0.6557
CVE-2009-3441,0.01213,0.6557
CVE-2009-3442,0.01319,0.70416
CVE-2009-3443,0.00986,0.35784
CVE-2009-3444,0.02945,0.82784
CVE-2009-3445,0.01136,0.57949
CVE-2009-3446,0.00986,0.35784
CVE-2009-3447,0.06523,0.90962
CVE-2009-3448,0.01319,0.70416
CVE-2009-3449,0.01963,0.77709
CVE-2009-3450,0.01319,0.70416
CVE-2009-3451,0.01213,0.6557
CVE-2009-3452,0.01213,0.6557
CVE-2009-3453,0.01408,0.72072
CVE-2009-3455,0.00885,0.26162
CVE-2009-3456,0.00885,0.26162
CVE-2009-3457,0.10995,0.94626999999999994
CVE-2009-3458,0.09309,0.93945
CVE-2009-3459,0.85774,0.99671
CVE-2009-3460,0.05667,0.89812
CVE-2009-3461,0.01308,0.67354
CVE-2009-3462,0.05921,0.90075
CVE-2009-3463,0.07525,0.92398
CVE-2009-3464,0.07525,0.92398
CVE-2009-3465,0.07525,0.92398
CVE-2009-3466,0.06443,0.90606
CVE-2009-3467,0.01136,0.57949
CVE-2009-3468,0.01282,0.67298
CVE-2009-3469,0.03129,0.8316
CVE-2009-3470,0.01213,0.6557
CVE-2009-3471,0.01537,0.73595
CVE-2009-3472,0.01315,0.67456
CVE-2009-3473,0.01018,0.38792
CVE-2009-3474,0.01974,0.7812
CVE-2009-3475,0.01108,0.53389
CVE-2009-3476,0.04146,0.85406
CVE-2009-3477,0.01018,0.38792
CVE-2009-3478,0.01232,0.66248
CVE-2009-3479,0.01213,0.6557
CVE-2009-3480,0.01213,0.6557
CVE-2009-3481,0.00954,0.34522
CVE-2009-3482,0.0089,0.2856
CVE-2009-3483,0.04146,0.85406
CVE-2009-3484,0.07437,0.92309
CVE-2009-3485,0.01917,0.77071
CVE-2009-3486,0.01917,0.77071
CVE-2009-3487,0.01917,0.77071
CVE-2009-3488,0.01132,0.54372
CVE-2009-3489,0.02468,0.80851
CVE-2009-3490,0.02172,0.79917
CVE-2009-3491,0.00986,0.35784
CVE-2009-3492,0.04187,0.86773
CVE-2009-3493,0.01917,0.77071
CVE-2009-3494,0.00986,0.35784
CVE-2009-3495,0.00986,0.35784
CVE-2009-3496,0.01917,0.77071
CVE-2009-3497,0.01055,0.50287
CVE-2009-3498,0.01055,0.50287
CVE-2009-3499,0.00986,0.35784
CVE-2009-3500,0.00986,0.35784
CVE-2009-3501,0.01213,0.6557
CVE-2009-3502,0.00986,0.35784
CVE-2009-3503,0.00986,0.35784
CVE-2009-3504,0.00986,0.35784
CVE-2009-3505,0.01213,0.6557
CVE-2009-3506,0.01055,0.50287
CVE-2009-3507,0.01055,0.50287
CVE-2009-3508,0.04187,0.86773
CVE-2009-3509,0.01917,0.77071
CVE-2009-3510,0.00986,0.35784
CVE-2009-3511,0.04187,0.86773
CVE-2009-3512,0.02945,0.82784
CVE-2009-3513,0.01917,0.77071
CVE-2009-3514,0.01055,0.50287
CVE-2009-3515,0.01055,0.50287
CVE-2009-3516,0.01282,0.67298
CVE-2009-3517,0.02172,0.79917
CVE-2009-3518,0.04187,0.86773
CVE-2009-3519,0.0089,0.2856
CVE-2009-3520,0.01055,0.50287
CVE-2009-3521,0.01213,0.6557
CVE-2009-3522,0.0322,0.83442
CVE-2009-3523,0.0095,0.30554
CVE-2009-3524,0.0095,0.30554
CVE-2009-3525,0.04669,0.88544
CVE-2009-3527,0.01761,0.7555
CVE-2009-3528,0.00986,0.35784
CVE-2009-3529,0.01055,0.50287
CVE-2009-3530,0.01136,0.57949
CVE-2009-3531,0.00986,0.35784
CVE-2009-3532,0.01213,0.6557
CVE-2009-3533,0.01213,0.6557
CVE-2009-3534,0.01963,0.77709
CVE-2009-3535,0.04482,0.88223
CVE-2009-3536,0.06006,0.90134
CVE-2009-3537,0.04146,0.85406
CVE-2009-3538,0.01055,0.50287
CVE-2009-3539,0.01917,0.77071
CVE-2009-3540,0.01055,0.50287
CVE-2009-3541,0.04187,0.86773
CVE-2009-3542,0.04187,0.86773
CVE-2009-3543,0.00986,0.35784
CVE-2009-3544,0.04187,0.86773
CVE-2009-3545,0.04187,0.86773
CVE-2009-3546,0.01955,0.77585
CVE-2009-3547,0.0322,0.83442
CVE-2009-3548,0.33043,0.97543
CVE-2009-3549,0.01974,0.7812
CVE-2009-3550,0.03407,0.83908
CVE-2009-3551,0.01408,0.72072
CVE-2009-3552,0.00954,0.34522
CVE-2009-3553,0.04358,0.87435
CVE-2009-3554,0.01282,0.67298
CVE-2009-3556,0.01282,0.67298
CVE-2009-3557,0.02686,0.82061
CVE-2009-3558,0.02686,0.82061
CVE-2009-3559,0.01537,0.73595
CVE-2009-3560,0.02686,0.82061
CVE-2009-3561,0.01055,0.50287
CVE-2009-3562,0.01136,0.57949
CVE-2009-3563,0.55631,0.98733
CVE-2009-3564,0.0089,0.2856
CVE-2009-3565,0.04894,0.88891
CVE-2009-3566,0.04894,0.88891
CVE-2009-3567,0.01213,0.6557
CVE-2009-3568,0.01319,0.70416
CVE-2009-3569,0.06309,0.90494
CVE-2009-3570,0.01018,0.38792
CVE-2009-3571,0.01018,0.38792
CVE-2009-3572,0.01034,0.39824
CVE-2009-3573,0.04482,0.88223
CVE-2009-3574,0.03776,0.84413
CVE-2009-3575,0.04291,0.87022
CVE-2009-3576,0.01963,0.77709
CVE-2009-3577,0.07437,0.92309
CVE-2009-3578,0.07437,0.92309
CVE-2009-3579,0.01136,0.57949
CVE-2009-3580,0.01136,0.57949
CVE-2009-3581,0.01132,0.54372
CVE-2009-3582,0.01132,0.54372
CVE-2009-3583,0.01213,0.6557
CVE-2009-3584,0.01213,0.6557
CVE-2009-3585,0.03407,0.83908
CVE-2009-3586,0.06211,0.90307
CVE-2009-3587,0.15125,0.95694
CVE-2009-3588,0.01319,0.70416
CVE-2009-3589,0.00885,0.26162
CVE-2009-3590,0.00986,0.35784
CVE-2009-3591,0.65919,0.98992
CVE-2009-3592,0.01917,0.77071
CVE-2009-3593,0.01917,0.77071
CVE-2009-3594,0.01213,0.6557
CVE-2009-3595,0.00986,0.35784
CVE-2009-3596,0.04187,0.86773
CVE-2009-3597,0.04187,0.86773
CVE-2009-3598,0.01917,0.77071
CVE-2009-3599,0.01917,0.77071
CVE-2009-3600,0.01213,0.6557
CVE-2009-3601,0.01917,0.77071
CVE-2009-3602,0.01974,0.7812
CVE-2009-3603,0.09915,0.94265
CVE-2009-3604,0.06604,0.91138
CVE-2009-3605,0.06604,0.91138
CVE-2009-3606,0.09915,0.94265
CVE-2009-3607,0.06604,0.91138
CVE-2009-3608,0.09915,0.94265
CVE-2009-3609,0.03932,0.8519
CVE-2009-3611,0.01282,0.67298
CVE-2009-3612,0.01547,0.74085
CVE-2009-3613,0.12567,0.95329
CVE-2009-3614,0.00885,0.26162
CVE-2009-3615,0.03779,0.84781
CVE-2009-3616,0.03481,0.84053
CVE-2009-3617,0.06604,0.91138
CVE-2009-3618,0.01955,0.77585
CVE-2009-3619,0.01183,0.60428
CVE-2009-3620,0.01547,0.74085
CVE-2009-3621,0.0322,0.83442
CVE-2009-3622,0.03779,0.84781
CVE-2009-3623,0.01408,0.72072
CVE-2009-3624,0.01282,0.67298
CVE-2009-3625,0.0679,0.91793
CVE-2009-3626,0.01537,0.73595
CVE-2009-3627,0.01183,0.60428
CVE-2009-3628,0.01232,0.66248
CVE-2009-3629,0.01232,0.66248
CVE-2009-3630,0.01232,0.66248
CVE-2009-3631,0.01232,0.66248
CVE-2009-3632,0.01232,0.66248
CVE-2009-3633,0.01319,0.70416
CVE-2009-3634,0.01319,0.70416
CVE-2009-3635,0.01319,0.70416
CVE-2009-3636,0.01319,0.70416
CVE-2009-3637,0.1127,0.94787
CVE-2009-3638,0.01282,0.67298
CVE-2009-3639,0.02172,0.79917
CVE-2009-3640,0.01034,0.39824
CVE-2009-3641,0.12567,0.95329
CVE-2009-3642,0.00986,0.35784
CVE-2009-3643,0.04187,0.86773
CVE-2009-3644,0.00986,0.35784
CVE-2009-3645,0.00986,0.35784
CVE-2009-3646,0.04187,0.86773
CVE-2009-3647,0.01917,0.77071
CVE-2009-3648,0.01061,0.51015
CVE-2009-3649,0.01055,0.50287
CVE-2009-3650,0.01136,0.57949
CVE-2009-3651,0.01319,0.70416
CVE-2009-3652,0.01315,0.67456
CVE-2009-3653,0.01132,0.54372
CVE-2009-3654,0.01319,0.70416
CVE-2009-3655,0.01136,0.57949
CVE-2009-3656,0.01136,0.57949
CVE-2009-3657,0.01136,0.57949
CVE-2009-3658,0.11409,0.94831
CVE-2009-3659,0.00986,0.35784
CVE-2009-3660,0.04187,0.86773
CVE-2009-3661,0.00986,0.35784
CVE-2009-3662,0.04187,0.86773
CVE-2009-3663,0.12822,0.95405
CVE-2009-3664,0.01213,0.6557
CVE-2009-3665,0.01213,0.6557
CVE-2009-3666,0.01213,0.6557
CVE-2009-3667,0.00986,0.35784
CVE-2009-3668,0.01055,0.50287
CVE-2009-3669,0.00986,0.35784
CVE-2009-3670,0.07437,0.92309
CVE-2009-3671,0.49704,0.98551
CVE-2009-3672,0.8983,0.99831
CVE-2009-3673,0.49704,0.98551
CVE-2009-3674,0.49704,0.98551
CVE-2009-3675,0.10184,0.94319
CVE-2009-3676,0.1945,0.96191
CVE-2009-3677,0.18878,0.96152
CVE-2009-3678,0.28925,0.9719
CVE-2009-3691,0.11409,0.94831
CVE-2009-3692,0.02046,0.7858
CVE-2009-3693,0.75593,0.9932
CVE-2009-3694,0.01963,0.77709
CVE-2009-3695,0.02172,0.79917
CVE-2009-3696,0.03932,0.8519
CVE-2009-3697,0.04358,0.87435
CVE-2009-3698,0.01319,0.70416
CVE-2009-3699,0.78441,0.99428
CVE-2009-3700,0.02172,0.79917
CVE-2009-3701,0.05649,0.89807
CVE-2009-3702,0.04187,0.86773
CVE-2009-3703,0.00986,0.35784
CVE-2009-3704,0.04187,0.86773
CVE-2009-3705,0.04187,0.86773
CVE-2009-3706,0.0095,0.30554
CVE-2009-3707,0.12567,0.95329
CVE-2009-3708,0.039,0.84954
CVE-2009-3709,0.06309,0.90494
CVE-2009-3710,0.04187,0.86773
CVE-2009-3711,0.67074,0.99017
CVE-2009-3712,0.00986,0.35784
CVE-2009-3713,0.00986,0.35784
CVE-2009-3714,0.01213,0.6557
CVE-2009-3715,0.01213,0.6557
CVE-2009-3716,0.05302,0.89375
CVE-2009-3717,0.06006,0.90134
CVE-2009-3718,0.01213,0.6557
CVE-2009-3719,0.01213,0.6557
CVE-2009-3720,0.05732,0.8984
CVE-2009-3721,0.01005,0.36332
CVE-2009-3722,0.01537,0.73595
CVE-2009-3723,0.00954,0.34522
CVE-2009-3724,0.00885,0.26162
CVE-2009-3725,0.01547,0.74085
CVE-2009-3726,0.05356,0.89424
CVE-2009-3727,0.02172,0.79917
CVE-2009-3728,0.03779,0.84781
CVE-2009-3729,0.01319,0.70416
CVE-2009-3730,0.02945,0.82784
CVE-2009-3731,0.03407,0.83908
CVE-2009-3732,0.15607,0.95873
CVE-2009-3733,0.85691,0.99666
CVE-2009-3734,0.01213,0.6557
CVE-2009-3735,0.07777,0.92953
CVE-2009-3736,0.01547,0.74085
CVE-2009-3737,0.06309,0.90494
CVE-2009-3739,0.01055,0.50287
CVE-2009-3742,0.01055,0.50287
CVE-2009-3743,0.04967,0.88981
CVE-2009-3744,0.04187,0.86773
CVE-2009-3745,0.01319,0.70416
CVE-2009-3746,0.0089,0.2856
CVE-2009-3747,0.01917,0.77071
CVE-2009-3748,0.02945,0.82784
CVE-2009-3749,0.0679,0.91793
CVE-2009-3750,0.00986,0.35784
CVE-2009-3751,0.01213,0.6557
CVE-2009-3752,0.01213,0.6557
CVE-2009-3753,0.06523,0.90962
CVE-2009-3754,0.01055,0.50287
CVE-2009-3755,0.01055,0.50287
CVE-2009-3756,0.01055,0.50287
CVE-2009-3757,0.01319,0.70416
CVE-2009-3758,0.01319,0.70416
CVE-2009-3759,0.01232,0.66248
CVE-2009-3760,0.01319,0.70416
CVE-2009-3762,0.01055,0.50287
CVE-2009-3763,0.01055,0.50287
CVE-2009-3764,0.01055,0.50287
CVE-2009-3765,0.01018,0.38792
CVE-2009-3766,0.00954,0.34522
CVE-2009-3767,0.02686,0.82061
CVE-2009-3778,0.01319,0.70416
CVE-2009-3779,0.01319,0.70416
CVE-2009-3780,0.01319,0.70416
CVE-2009-3781,0.01319,0.70416
CVE-2009-3782,0.01232,0.66248
CVE-2009-3783,0.01213,0.6557
CVE-2009-3784,0.01213,0.6557
CVE-2009-3785,0.01213,0.6557
CVE-2009-3786,0.03407,0.83908
CVE-2009-3787,0.04187,0.86773
CVE-2009-3788,0.01213,0.6557
CVE-2009-3789,0.12328,0.95117
CVE-2009-3790,0.04146,0.85406
CVE-2009-3791,0.01046,0.41635
CVE-2009-3792,0.01046,0.41635
CVE-2009-3793,0.0443,0.87699
CVE-2009-3794,0.09915,0.94265
CVE-2009-3796,0.06898,0.91821
CVE-2009-3797,0.06898,0.91821
CVE-2009-3798,0.06898,0.91821
CVE-2009-3799,0.09915,0.94265
CVE-2009-3800,0.06606,0.91142
CVE-2009-3801,0.01055,0.50287
CVE-2009-3802,0.04482,0.88223
CVE-2009-3803,0.02945,0.82784
CVE-2009-3804,0.00986,0.35784
CVE-2009-3805,0.04187,0.86773
CVE-2009-3806,0.00986,0.35784
CVE-2009-3807,0.01963,0.77709
CVE-2009-3808,0.04407,0.87554
CVE-2009-3809,0.01963,0.77709
CVE-2009-3810,0.06006,0.90134
CVE-2009-3811,0.07437,0.92309
CVE-2009-3812,0.11409,0.94831
CVE-2009-3813,0.01055,0.50287
CVE-2009-3814,0.01055,0.50287
CVE-2009-3815,0.01055,0.50287
CVE-2009-3816,0.01136,0.57949
CVE-2009-3817,0.04187,0.86773
CVE-2009-3818,0.00885,0.26162
CVE-2009-3819,0.01055,0.50287
CVE-2009-3820,0.01055,0.50287
CVE-2009-3821,0.01055,0.50287
CVE-2009-3822,0.04187,0.86773
CVE-2009-3823,0.04187,0.86773
CVE-2009-3824,0.04187,0.86773
CVE-2009-3825,0.04187,0.86773
CVE-2009-3826,0.02172,0.79917
CVE-2009-3828,0.04482,0.88223
CVE-2009-3829,0.06604,0.91138
CVE-2009-3830,0.34231,0.97604
CVE-2009-3831,0.06604,0.91138
CVE-2009-3832,0.01408,0.72072
CVE-2009-3833,0.01917,0.77071
CVE-2009-3834,0.01136,0.57949
CVE-2009-3835,0.00986,0.35784
CVE-2009-3836,0.01213,0.6557
CVE-2009-3837,0.43904,0.98226
CVE-2009-3838,0.08456,0.93607
CVE-2009-3839,0.06309,0.90494
CVE-2009-3840,0.0679,0.91793
CVE-2009-3841,0.06301,0.90367
CVE-2009-3842,0.01213,0.6557
CVE-2009-3843,0.25374,0.96854
CVE-2009-3844,0.75801,0.99331
CVE-2009-3845,0.01408,0.72072
CVE-2009-3846,0.26641,0.97016
CVE-2009-3847,0.25143,0.96828
CVE-2009-3848,0.26641,0.97016
CVE-2009-3849,0.87164,0.99725
CVE-2009-3850,0.07437,0.92309
CVE-2009-3851,0.0089,0.2856
CVE-2009-3852,0.01018,0.38792
CVE-2009-3853,0.73646,0.9925
CVE-2009-3854,0.06523,0.90962
CVE-2009-3855,0.01018,0.38792
CVE-2009-3856,0.01917,0.77071
CVE-2009-3857,0.01963,0.77709
CVE-2009-3858,0.01917,0.77071
CVE-2009-3859,0.10599,0.94398
CVE-2009-3860,0.01963,0.77709
CVE-2009-3861,0.06722,0.91172
CVE-2009-3862,0.01213,0.6557
CVE-2009-3863,0.04187,0.86773
CVE-2009-3864,0.26113,0.9695
CVE-2009-3865,0.03932,0.8519
CVE-2009-3866,0.09915,0.94265
CVE-2009-3867,0.75125,0.99289
CVE-2009-3868,0.03932,0.8519
CVE-2009-3869,0.75125,0.99289
CVE-2009-3871,0.09915,0.94265
CVE-2009-3872,0.03932,0.8519
CVE-2009-3873,0.03932,0.8519
CVE-2009-3874,0.09915,0.94265
CVE-2009-3875,0.04358,0.87435
CVE-2009-3876,0.04358,0.87435
CVE-2009-3877,0.04358,0.87435
CVE-2009-3878,0.01108,0.53389
CVE-2009-3879,0.01183,0.60428
CVE-2009-3880,0.01183,0.60428
CVE-2009-3881,0.01408,0.72072
CVE-2009-3882,0.01183,0.60428
CVE-2009-3883,0.01183,0.60428
CVE-2009-3884,0.03779,0.84781
CVE-2009-3885,0.01213,0.6557
CVE-2009-3886,0.01018,0.38792
CVE-2009-3887,0.01018,0.38792
CVE-2009-3888,0.01761,0.7555
CVE-2009-3889,0.01547,0.74085
CVE-2009-3890,0.32173,0.97492
CVE-2009-3891,0.01483,0.7269
CVE-2009-3892,0.01213,0.6557
CVE-2009-3894,0.01282,0.67298
CVE-2009-3895,0.06604,0.91138
CVE-2009-3896,0.06576,0.90976
CVE-2009-3897,0.01282,0.67298
CVE-2009-3898,0.09659,0.94
CVE-2009-3899,0.01319,0.70416
CVE-2009-3900,0.01408,0.72072
CVE-2009-3901,0.01917,0.77071
CVE-2009-3902,0.0679,0.91793
CVE-2009-3903,0.01213,0.6557
CVE-2009-3904,0.10995,0.94626999999999994
CVE-2009-3905,0.01055,0.50287
CVE-2009-3909,0.09915,0.94265
CVE-2009-3911,0.01917,0.77071
CVE-2009-3912,0.04187,0.86773
CVE-2009-3913,0.00986,0.35784
CVE-2009-3914,0.01319,0.70416
CVE-2009-3915,0.01319,0.70416
CVE-2009-3916,0.01319,0.70416
CVE-2009-3917,0.01213,0.6557
CVE-2009-3918,0.01319,0.70416
CVE-2009-3919,0.01319,0.70416
CVE-2009-3920,0.01319,0.70416
CVE-2009-3921,0.01232,0.66248
CVE-2009-3922,0.01319,0.70416
CVE-2009-3923,0.01213,0.6557
CVE-2009-3924,0.04146,0.85406
CVE-2009-3930,0.01055,0.50287
CVE-2009-3931,0.03407,0.83908
CVE-2009-3932,0.04967,0.88981
CVE-2009-3933,0.02172,0.79917
CVE-2009-3934,0.01955,0.77585
CVE-2009-3935,0.00954,0.34522
CVE-2009-3936,0.01319,0.70416
CVE-2009-3937,0.0095,0.30554
CVE-2009-3938,0.06604,0.91138
CVE-2009-3939,0.01547,0.74085
CVE-2009-3940,0.0089,0.2856
CVE-2009-3941,0.00954,0.34522
CVE-2009-3942,0.01018,0.38792
CVE-2009-3943,0.16435,0.95931
CVE-2009-3944,0.01055,0.50287
CVE-2009-3945,0.01132,0.54372
CVE-2009-3946,0.01213,0.6557
CVE-2009-3947,0.04407,0.87554
CVE-2009-3948,0.01963,0.77709
CVE-2009-3949,0.04187,0.86773
CVE-2009-3950,0.01055,0.50287
CVE-2009-3951,0.03407,0.83908
CVE-2009-3952,0.04228,0.86814
CVE-2009-3953,0.92123,0.99897
CVE-2009-3954,0.04631,0.88514
CVE-2009-3955,0.1127,0.94787
CVE-2009-3956,0.03779,0.84781
CVE-2009-3957,0.01396,0.71116
CVE-2009-3958,0.77571,0.99388
CVE-2009-3959,0.1127,0.94787
CVE-2009-3960,0.89851,0.99831
CVE-2009-3961,0.01136,0.57949
CVE-2009-3962,0.01213,0.6557
CVE-2009-3963,0.01018,0.38792
CVE-2009-3964,0.00986,0.35784
CVE-2009-3965,0.00986,0.35784
CVE-2009-3966,0.04187,0.86773
CVE-2009-3967,0.00986,0.35784
CVE-2009-3968,0.00986,0.35784
CVE-2009-3969,0.06006,0.90134
CVE-2009-3970,0.00986,0.35784
CVE-2009-3971,0.00986,0.35784
CVE-2009-3972,0.00986,0.35784
CVE-2009-3973,0.01136,0.57949
CVE-2009-3974,0.01055,0.50287
CVE-2009-3975,0.00986,0.35784
CVE-2009-3976,0.35694,0.97748
CVE-2009-3977,0.01136,0.57949
CVE-2009-3978,0.01213,0.6557
CVE-2009-3979,0.06604,0.91138
CVE-2009-3980,0.06604,0.91138
CVE-2009-3981,0.06604,0.91138
CVE-2009-3982,0.06604,0.91138
CVE-2009-3983,0.03932,0.8519
CVE-2009-3984,0.03932,0.8519
CVE-2009-3985,0.03932,0.8519
CVE-2009-3986,0.03932,0.8519
CVE-2009-3987,0.02172,0.79917
CVE-2009-3988,0.03779,0.84781
CVE-2009-3989,0.01319,0.70416
CVE-2009-3994,0.06604,0.91138
CVE-2009-3995,0.09915,0.94265
CVE-2009-3996,0.09915,0.94265
CVE-2009-3997,0.07525,0.92398
CVE-2009-3999,0.87248,0.99731
CVE-2009-4000,0.25374,0.96854
CVE-2009-4001,0.07525,0.92398
CVE-2009-4002,0.1127,0.94787
CVE-2009-4003,0.1127,0.94787
CVE-2009-4004,0.01034,0.39824
CVE-2009-4005,0.01547,0.74085
CVE-2009-4006,0.78095,0.99418
CVE-2009-4007,0.02172,0.79917
CVE-2009-4008,0.01136,0.57949
CVE-2009-4009,0.07544,0.92484
CVE-2009-4010,0.02172,0.79917
CVE-2009-4011,0.00954,0.34522
CVE-2009-4012,0.04421,0.87629
CVE-2009-4013,0.01974,0.7812
CVE-2009-4014,0.01974,0.7812
CVE-2009-4015,0.01974,0.7812
CVE-2009-4016,0.07544,0.92484
CVE-2009-4017,0.08895,0.93684
CVE-2009-4018,0.12567,0.95329
CVE-2009-4019,0.43361,0.98207
CVE-2009-4020,0.03779,0.84781
CVE-2009-4021,0.01547,0.74085
CVE-2009-4022,0.13244,0.95482
CVE-2009-4023,0.02172,0.79917
CVE-2009-4024,0.03779,0.84781
CVE-2009-4025,0.03779,0.84781
CVE-2009-4026,0.01408,0.72072
CVE-2009-4027,0.02172,0.79917
CVE-2009-4028,0.01537,0.73595
CVE-2009-4029,0.01282,0.67298
CVE-2009-4030,0.01547,0.74085
CVE-2009-4031,0.01537,0.73595
CVE-2009-4032,0.15458,0.95785
CVE-2009-4033,0.01104,0.52279
CVE-2009-4034,0.04358,0.87435
CVE-2009-4035,0.02768,0.82197
CVE-2009-4037,0.01319,0.70416
CVE-2009-4038,0.01055,0.50287
CVE-2009-4039,0.01917,0.77071
CVE-2009-4040,0.01136,0.57949
CVE-2009-4041,0.01213,0.6557
CVE-2009-4042,0.01319,0.70416
CVE-2009-4043,0.01408,0.72072
CVE-2009-4044,0.01213,0.6557
CVE-2009-4045,0.01213,0.6557
CVE-2009-4046,0.01136,0.57949
CVE-2009-4047,0.03129,0.8316
CVE-2009-4048,0.01061,0.51015
CVE-2009-4050,0.01055,0.50287
CVE-2009-4051,0.04187,0.86773
CVE-2009-4052,0.01408,0.72072
CVE-2009-4053,0.04187,0.86773
CVE-2009-4055,0.03779,0.84781
CVE-2009-4056,0.04187,0.86773
CVE-2009-4057,0.00986,0.35784
CVE-2009-4058,0.00986,0.35784
CVE-2009-4059,0.00986,0.35784
CVE-2009-4060,0.01139,0.58345
CVE-2009-4061,0.01319,0.70416
CVE-2009-4062,0.01319,0.70416
CVE-2009-4063,0.01319,0.70416
CVE-2009-4064,0.01319,0.70416
CVE-2009-4065,0.01319,0.70416
CVE-2009-4066,0.01319,0.70416
CVE-2009-4067,0.02306,0.80624
CVE-2009-4069,0.01136,0.57949
CVE-2009-4070,0.01136,0.57949
CVE-2009-4071,0.01776,0.75902
CVE-2009-4072,0.01183,0.60428
CVE-2009-4073,0.19214,0.96183
CVE-2009-4074,0.19214,0.96183
CVE-2009-4075,0.01319,0.70416
CVE-2009-4076,0.01213,0.6557
CVE-2009-4077,0.01213,0.6557
CVE-2009-4078,0.01776,0.75902
CVE-2009-4079,0.01408,0.72072
CVE-2009-4080,0.01104,0.52279
CVE-2009-4081,0.00885,0.26162
CVE-2009-4082,0.0679,0.91793
CVE-2009-4083,0.01213,0.6557
CVE-2009-4084,0.01213,0.6557
CVE-2009-4085,0.04187,0.86773
CVE-2009-4086,0.04187,0.86773
CVE-2009-4087,0.01213,0.6557
CVE-2009-4088,0.01408,0.72072
CVE-2009-4089,0.01319,0.70416
CVE-2009-4090,0.06523,0.90962
CVE-2009-4091,0.01213,0.6557
CVE-2009-4092,0.01213,0.6557
CVE-2009-4093,0.01213,0.6557
CVE-2009-4094,0.04187,0.86773
CVE-2009-4095,0.01213,0.6557
CVE-2009-4096,0.04187,0.86773
CVE-2009-4097,0.07437,0.92309
CVE-2009-4098,0.60562,0.98845
CVE-2009-4099,0.01139,0.58345
CVE-2009-4100,0.01319,0.70416
CVE-2009-4101,0.01213,0.6557
CVE-2009-4102,0.01776,0.75902
CVE-2009-4103,0.01737,0.75211
CVE-2009-4104,0.00986,0.35784
CVE-2009-4105,0.04187,0.86773
CVE-2009-4106,0.04187,0.86773
CVE-2009-4107,0.04618,0.88465
CVE-2009-4108,0.01132,0.54372
CVE-2009-4109,0.01213,0.6557
CVE-2009-4110,0.01213,0.6557
CVE-2009-4111,0.01408,0.72072
CVE-2009-4112,0.09659,0.94
CVE-2009-4113,0.01061,0.51015
CVE-2009-4114,0.02046,0.7858
CVE-2009-4115,0.04187,0.86773
CVE-2009-4116,0.05302,0.89375
CVE-2009-4117,0.0929,0.93944
CVE-2009-4118,0.01761,0.7555
CVE-2009-4119,0.01319,0.70416
CVE-2009-4120,0.04187,0.86773
CVE-2009-4121,0.01213,0.6557
CVE-2009-4124,0.03214,0.83353
CVE-2009-4127,0.01213,0.6557
CVE-2009-4128,0.0089,0.2856
CVE-2009-4129,0.01213,0.6557
CVE-2009-4130,0.01213,0.6557
CVE-2009-4131,0.0322,0.83442
CVE-2009-4133,0.01815,0.76117
CVE-2009-4134,0.03779,0.84781
CVE-2009-4135,0.01547,0.74085
CVE-2009-4136,0.09085,0.93856
CVE-2009-4138,0.01547,0.74085
CVE-2009-4139,0.01213,0.6557
CVE-2009-4141,0.0322,0.83442
CVE-2009-4142,0.12328,0.95117
CVE-2009-4143,0.02686,0.82061
CVE-2009-4144,0.01974,0.7812
CVE-2009-4145,0.01282,0.67298
CVE-2009-4146,0.01104,0.52279
CVE-2009-4147,0.01034,0.39824
CVE-2009-4148,0.04187,0.86773
CVE-2009-4149,0.01055,0.50287
CVE-2009-4150,0.02172,0.79379
CVE-2009-4151,0.03407,0.83908
CVE-2009-4152,0.01213,0.6557
CVE-2009-4153,0.01018,0.38792
CVE-2009-4154,0.04187,0.86773
CVE-2009-4155,0.00986,0.35784
CVE-2009-4156,0.04187,0.86773
CVE-2009-4157,0.01917,0.77071
CVE-2009-4158,0.01213,0.6557
CVE-2009-4159,0.01132,0.54372
CVE-2009-4160,0.01136,0.57949
CVE-2009-4161,0.01055,0.50287
CVE-2009-4162,0.00885,0.26162
CVE-2009-4163,0.01055,0.50287
CVE-2009-4164,0.01055,0.50287
CVE-2009-4165,0.01055,0.50287
CVE-2009-4166,0.01055,0.50287
CVE-2009-4167,0.01055,0.50287
CVE-2009-4168,0.12328,0.95117
CVE-2009-4169,0.01136,0.57949
CVE-2009-4170,0.04187,0.86773
CVE-2009-4171,0.01963,0.77709
CVE-2009-4172,0.01917,0.77071
CVE-2009-4173,0.04187,0.86773
CVE-2009-4174,0.04187,0.86773
CVE-2009-4175,0.04187,0.86773
CVE-2009-4176,0.26641,0.97016
CVE-2009-4177,0.25374,0.96854
CVE-2009-4178,0.88537,0.99798
CVE-2009-4179,0.87248,0.99731
CVE-2009-4180,0.26641,0.97016
CVE-2009-4181,0.26641,0.97016
CVE-2009-4182,0.01136,0.57949
CVE-2009-4183,0.0095,0.30554
CVE-2009-4184,0.01104,0.52279
CVE-2009-4185,0.01408,0.72072
CVE-2009-4186,0.01963,0.77709
CVE-2009-4187,0.01213,0.6557
CVE-2009-4188,0.08056,0.93022
CVE-2009-4189,0.10516,0.94388
CVE-2009-4190,0.01055,0.50287
CVE-2009-4191,0.00885,0.26162
CVE-2009-4192,0.04187,0.86773
CVE-2009-4193,0.01104,0.52279
CVE-2009-4194,0.04187,0.86773
CVE-2009-4195,0.85774,0.99671
CVE-2009-4196,0.01136,0.57949
CVE-2009-4197,0.0089,0.2856
CVE-2009-4198,0.00986,0.35784
CVE-2009-4199,0.00986,0.35784
CVE-2009-4200,0.00986,0.35784
CVE-2009-4201,0.06309,0.90494
CVE-2009-4202,0.04187,0.86773
CVE-2009-4203,0.00986,0.35784
CVE-2009-4204,0.01055,0.50287
CVE-2009-4205,0.01055,0.50287
CVE-2009-4206,0.00986,0.35784
CVE-2009-4207,0.01213,0.6557
CVE-2009-4208,0.00986,0.35784
CVE-2009-4209,0.01055,0.50287
CVE-2009-4210,0.28904,0.9719
CVE-2009-4211,0.01018,0.38792
CVE-2009-4212,0.08228,0.93218
CVE-2009-4214,0.03407,0.83908
CVE-2009-4215,0.01034,0.39824
CVE-2009-4216,0.01963,0.77709
CVE-2009-4217,0.00986,0.35784
CVE-2009-4218,0.00986,0.35784
CVE-2009-4219,0.07437,0.92309
CVE-2009-4220,0.04187,0.86773
CVE-2009-4221,0.00986,0.35784
CVE-2009-4222,0.04187,0.86773
CVE-2009-4224,0.01319,0.70416
CVE-2009-4225,0.82818,0.99555
CVE-2009-4226,0.01213,0.6557
CVE-2009-4227,0.28823,0.97188
CVE-2009-4228,0.01213,0.6557
CVE-2009-4229,0.00986,0.35784
CVE-2009-4230,0.06523,0.90962
CVE-2009-4231,0.01055,0.50287
CVE-2009-4232,0.01055,0.50287
CVE-2009-4233,0.01136,0.57949
CVE-2009-4234,0.01917,0.77071
CVE-2009-4235,0.01104,0.52279
CVE-2009-4236,0.01408,0.72072
CVE-2009-4237,0.01483,0.7269
CVE-2009-4238,0.01232,0.66248
CVE-2009-4239,0.01319,0.70416
CVE-2009-4240,0.01108,0.53389
CVE-2009-4241,0.07996,0.93017
CVE-2009-4242,0.09915,0.94265
CVE-2009-4243,0.01319,0.70416
CVE-2009-4244,0.07996,0.93017
CVE-2009-4245,0.06604,0.91138
CVE-2009-4246,0.07996,0.93017
CVE-2009-4247,0.06604,0.91138
CVE-2009-4248,0.06604,0.91138
CVE-2009-4249,0.02945,0.82784
CVE-2009-4250,0.03129,0.8316
CVE-2009-4251,0.11409,0.94831
CVE-2009-4252,0.01136,0.57949
CVE-2009-4253,0.01917,0.77071
CVE-2009-4254,0.01055,0.50287
CVE-2009-4255,0.01136,0.57949
CVE-2009-4256,0.00986,0.35784
CVE-2009-4257,0.09915,0.94265
CVE-2009-4261,0.01815,0.76117
CVE-2009-4262,0.01055,0.50287
CVE-2009-4263,0.00986,0.35784
CVE-2009-4264,0.04187,0.86773
CVE-2009-4265,0.70125,0.99114
CVE-2009-4266,0.01917,0.77071
CVE-2009-4267,0.01055,0.50287
CVE-2009-4269,0.03115,0.83076
CVE-2009-4270,0.06604,0.91138
CVE-2009-4271,0.0095,0.30554
CVE-2009-4272,0.02172,0.79917
CVE-2009-4273,0.12567,0.95329
CVE-2009-4274,0.04229,0.86856
CVE-2009-4292,0.07525,0.92398
CVE-2009-4293,0.01319,0.70416
CVE-2009-4294,0.04291,0.87022
CVE-2009-4295,0.01213,0.6557
CVE-2009-4296,0.01319,0.70416
CVE-2009-4297,0.01776,0.75902
CVE-2009-4298,0.01537,0.73595
CVE-2009-4299,0.01537,0.73595
CVE-2009-4300,0.01537,0.73595
CVE-2009-4301,0.01815,0.76117
CVE-2009-4302,0.01974,0.7812
CVE-2009-4303,0.01537,0.73595
CVE-2009-4304,0.01537,0.73595
CVE-2009-4305,0.01649,0.75017
CVE-2009-4306,0.01282,0.67298
CVE-2009-4307,0.01955,0.77585
CVE-2009-4308,0.03407,0.83908
CVE-2009-4309,0.60013,0.98838
CVE-2009-4310,0.60013,0.98838
CVE-2009-4311,0.60013,0.98838
CVE-2009-4312,0.60013,0.98838
CVE-2009-4313,0.49086,0.98524
CVE-2009-4314,0.00885,0.26162
CVE-2009-4315,0.02104,0.79086
CVE-2009-4316,0.01055,0.50287
CVE-2009-4317,0.01213,0.6557
CVE-2009-4318,0.01213,0.6557
CVE-2009-4319,0.04187,0.86773
CVE-2009-4320,0.01136,0.57949
CVE-2009-4321,0.01408,0.72072
CVE-2009-4322,0.01136,0.57949
CVE-2009-4323,0.01055,0.50287
CVE-2009-4324,0.87265,0.99732
CVE-2009-4325,0.01547,0.74085
CVE-2009-4326,0.01537,0.73595
CVE-2009-4327,0.01537,0.73595
CVE-2009-4328,0.01232,0.66248
CVE-2009-4329,0.01232,0.66248
CVE-2009-4330,0.01034,0.39824
CVE-2009-4331,0.01282,0.67298
CVE-2009-4332,0.01537,0.73595
CVE-2009-4333,0.01108,0.53389
CVE-2009-4334,0.01282,0.67298
CVE-2009-4335,0.01183,0.60428
CVE-2009-4336,0.01136,0.57949
CVE-2009-4337,0.01136,0.57949
CVE-2009-4338,0.01136,0.57949
CVE-2009-4339,0.01136,0.57949
CVE-2009-4340,0.01136,0.57949
CVE-2009-4341,0.01136,0.57949
CVE-2009-4342,0.01136,0.57949
CVE-2009-4343,0.01136,0.57949
CVE-2009-4344,0.01136,0.57949
CVE-2009-4345,0.01136,0.57949
CVE-2009-4346,0.01055,0.50287
CVE-2009-4347,0.01136,0.57949
CVE-2009-4348,0.01055,0.50287
CVE-2009-4349,0.0679,0.91793
CVE-2009-4350,0.01136,0.57949
CVE-2009-4351,0.01139,0.58345
CVE-2009-4352,0.01213,0.6557
CVE-2009-4353,0.01213,0.6557
CVE-2009-4354,0.01213,0.6557
CVE-2009-4355,0.07559,0.92528
CVE-2009-4356,0.07525,0.92398
CVE-2009-4357,0.01018,0.38792
CVE-2009-4358,0.0089,0.2856
CVE-2009-4359,0.01917,0.77071
CVE-2009-4360,0.00986,0.35784
CVE-2009-4361,0.0095,0.30554
CVE-2009-4362,0.0095,0.30554
CVE-2009-4363,0.01319,0.70416
CVE-2009-4364,0.01136,0.57949
CVE-2009-4365,0.01213,0.6557
CVE-2009-4366,0.01213,0.6557
CVE-2009-4367,0.0679,0.91793
CVE-2009-4368,0.01108,0.53389
CVE-2009-4369,0.01232,0.66248
CVE-2009-4370,0.01132,0.54372
CVE-2009-4371,0.01061,0.51015
CVE-2009-4372,0.12567,0.95329
CVE-2009-4373,0.06523,0.90962
CVE-2009-4374,0.01136,0.57949
CVE-2009-4375,0.00986,0.35784
CVE-2009-4376,0.07544,0.92484
CVE-2009-4377,0.01955,0.77585
CVE-2009-4378,0.01776,0.75902
CVE-2009-4379,0.01136,0.57949
CVE-2009-4380,0.01136,0.57949
CVE-2009-4381,0.02945,0.82784
CVE-2009-4382,0.01917,0.77071
CVE-2009-4383,0.01213,0.6557
CVE-2009-4384,0.01213,0.6557
CVE-2009-4385,0.01213,0.6557
CVE-2009-4386,0.00986,0.35784
CVE-2009-4387,0.01319,0.70416
CVE-2009-4388,0.01055,0.50287
CVE-2009-4389,0.01055,0.50287
CVE-2009-4390,0.01055,0.50287
CVE-2009-4391,0.01055,0.50287
CVE-2009-4392,0.01055,0.50287
CVE-2009-4393,0.01055,0.50287
CVE-2009-4394,0.01055,0.50287
CVE-2009-4395,0.01055,0.50287
CVE-2009-4396,0.01055,0.50287
CVE-2009-4397,0.01055,0.50287
CVE-2009-4398,0.01055,0.50287
CVE-2009-4399,0.01055,0.50287
CVE-2009-4400,0.01055,0.50287
CVE-2009-4401,0.01055,0.50287
CVE-2009-4402,0.01136,0.57949
CVE-2009-4403,0.01917,0.77071
CVE-2009-4404,0.01213,0.6557
CVE-2009-4405,0.01108,0.53389
CVE-2009-4406,0.01213,0.6557
CVE-2009-4407,0.01213,0.6557
CVE-2009-4408,0.01213,0.6557
CVE-2009-4409,0.01319,0.70416
CVE-2009-4410,0.01034,0.39824
CVE-2009-4411,0.01282,0.67298
CVE-2009-4412,0.06337,0.90513
CVE-2009-4413,0.01319,0.70416
CVE-2009-4414,0.01408,0.72072
CVE-2009-4415,0.02172,0.79917
CVE-2009-4416,0.01776,0.75902
CVE-2009-4417,0.00885,0.26162
CVE-2009-4418,0.00885,0.26162
CVE-2009-4419,0.02172,0.79379
CVE-2009-4420,0.01319,0.70416
CVE-2009-4421,0.04187,0.86773
CVE-2009-4422,0.01213,0.6557
CVE-2009-4423,0.00986,0.35784
CVE-2009-4424,0.00986,0.35784
CVE-2009-4425,0.01213,0.6557
CVE-2009-4426,0.0323,0.83449
CVE-2009-4427,0.04482,0.88223
CVE-2009-4428,0.00986,0.35784
CVE-2009-4429,0.02559,0.81137
CVE-2009-4430,0.00986,0.35784
CVE-2009-4431,0.04187,0.86773
CVE-2009-4432,0.00986,0.35784
CVE-2009-4433,0.04894,0.88891
CVE-2009-4434,0.01213,0.6557
CVE-2009-4435,0.01963,0.77709
CVE-2009-4436,0.00986,0.35784
CVE-2009-4437,0.00986,0.35784
CVE-2009-4438,0.01649,0.75017
CVE-2009-4439,0.01232,0.66248
CVE-2009-4440,0.01319,0.70416
CVE-2009-4441,0.01319,0.70416
CVE-2009-4442,0.01319,0.70416
CVE-2009-4443,0.01319,0.70416
CVE-2009-4444,0.23718,0.96563
CVE-2009-4445,0.10184,0.94319
CVE-2009-4446,0.01917,0.77071
CVE-2009-4447,0.04482,0.88223
CVE-2009-4448,0.01319,0.70416
CVE-2009-4449,0.01815,0.76117
CVE-2009-4450,0.01917,0.77071
CVE-2009-4451,0.07437,0.92309
CVE-2009-4452,0.01924,0.77129
CVE-2009-4453,0.01963,0.77709
CVE-2009-4454,0.01761,0.7555
CVE-2009-4455,0.01232,0.66248
CVE-2009-4456,0.00986,0.35784
CVE-2009-4457,0.01018,0.38792
CVE-2009-4458,0.02945,0.82784
CVE-2009-4459,0.01136,0.57949
CVE-2009-4460,0.01213,0.6557
CVE-2009-4461,0.01917,0.77071
CVE-2009-4464,0.01917,0.77071
CVE-2009-4465,0.01213,0.6557
CVE-2009-4466,0.01136,0.57949
CVE-2009-4467,0.01061,0.51015
CVE-2009-4468,0.01136,0.57949
CVE-2009-4469,0.01917,0.77071
CVE-2009-4470,0.00986,0.35784
CVE-2009-4471,0.04187,0.86773
CVE-2009-4472,0.04187,0.86773
CVE-2009-4473,0.01319,0.70416
CVE-2009-4474,0.00986,0.35784
CVE-2009-4475,0.00986,0.35784
CVE-2009-4476,0.06523,0.90962
CVE-2009-4477,0.01213,0.6557
CVE-2009-4478,0.01213,0.6557
CVE-2009-4479,0.01136,0.57949
CVE-2009-4480,0.039,0.84954
CVE-2009-4482,0.06523,0.90962
CVE-2009-4483,0.01136,0.57949
CVE-2009-4484,0.76362,0.99342
CVE-2009-4486,0.09196,0.93925
CVE-2009-4487,0.04187,0.86773
CVE-2009-4488,0.04187,0.86773
CVE-2009-4489,0.0679,0.91793
CVE-2009-4490,0.04187,0.86773
CVE-2009-4491,0.04187,0.86773
CVE-2009-4492,0.10995,0.94626999999999994
CVE-2009-4493,0.04187,0.86773
CVE-2009-4494,0.04187,0.86773
CVE-2009-4495,0.04187,0.86773
CVE-2009-4496,0.07197,0.92068
CVE-2009-4497,0.01917,0.77071
CVE-2009-4498,0.73206,0.99228
CVE-2009-4499,0.01213,0.6557
CVE-2009-4500,0.01213,0.6557
CVE-2009-4501,0.01213,0.6557
CVE-2009-4502,0.7179,0.99162
CVE-2009-4505,0.01213,0.6557
CVE-2009-4509,0.06523,0.90962
CVE-2009-4510,0.01061,0.51015
CVE-2009-4511,0.04187,0.86773
CVE-2009-4512,0.04482,0.88223
CVE-2009-4513,0.01232,0.66248
CVE-2009-4514,0.01132,0.54372
CVE-2009-4515,0.01213,0.6557
CVE-2009-4516,0.01213,0.6557
CVE-2009-4517,0.01136,0.57949
CVE-2009-4518,0.01213,0.6557
CVE-2009-4519,0.01018,0.38792
CVE-2009-4520,0.01213,0.6557
CVE-2009-4521,0.02945,0.82784
CVE-2009-4522,0.01917,0.77071
CVE-2009-4523,0.01917,0.77071
CVE-2009-4524,0.01319,0.70416
CVE-2009-4525,0.01408,0.72072
CVE-2009-4526,0.01319,0.70416
CVE-2009-4527,0.0095,0.30554
CVE-2009-4528,0.01232,0.66248
CVE-2009-4529,0.01408,0.72072
CVE-2009-4530,0.01055,0.50287
CVE-2009-4531,0.0679,0.91793
CVE-2009-4532,0.01232,0.66248
CVE-2009-4533,0.01408,0.72072
CVE-2009-4534,0.01055,0.50287
CVE-2009-4535,0.04187,0.86773
CVE-2009-4536,0.04358,0.87435
CVE-2009-4537,0.04358,0.87435
CVE-2009-4538,0.04358,0.87435
CVE-2009-4539,0.01213,0.6557
CVE-2009-4540,0.00986,0.35784
CVE-2009-4541,0.01408,0.72072
CVE-2009-4542,0.01136,0.57949
CVE-2009-4543,0.01213,0.6557
CVE-2009-4544,0.01917,0.77071
CVE-2009-4545,0.01055,0.50287
CVE-2009-4546,0.01055,0.50287
CVE-2009-4547,0.02945,0.82784
CVE-2009-4548,0.04894,0.88891
CVE-2009-4549,0.04379,0.87446
CVE-2009-4550,0.00986,0.35784
CVE-2009-4551,0.01055,0.50287
CVE-2009-4552,0.01055,0.50287
CVE-2009-4553,0.04187,0.86773
CVE-2009-4554,0.02945,0.82784
CVE-2009-4555,0.01136,0.57949
CVE-2009-4556,0.01761,0.7555
CVE-2009-4557,0.01132,0.54372
CVE-2009-4558,0.01213,0.6557
CVE-2009-4559,0.01061,0.51015
CVE-2009-4560,0.00986,0.35784
CVE-2009-4561,0.00986,0.35784
CVE-2009-4562,0.01213,0.6557
CVE-2009-4563,0.01213,0.6557
CVE-2009-4564,0.01055,0.50287
CVE-2009-4565,0.04358,0.87435
CVE-2009-4566,0.01136,0.57949
CVE-2009-4567,0.01917,0.77071
CVE-2009-4568,0.01213,0.6557
CVE-2009-4569,0.00986,0.35784
CVE-2009-4570,0.01213,0.6557
CVE-2009-4571,0.00986,0.35784
CVE-2009-4572,0.01213,0.6557
CVE-2009-4573,0.01319,0.70416
CVE-2009-4574,0.00986,0.35784
CVE-2009-4575,0.01917,0.77071
CVE-2009-4576,0.01139,0.58345
CVE-2009-4577,0.01213,0.6557
CVE-2009-4578,0.01917,0.77071
CVE-2009-4579,0.01213,0.6557
CVE-2009-4580,0.01213,0.6557
CVE-2009-4581,0.04187,0.86773
CVE-2009-4582,0.00986,0.35784
CVE-2009-4583,0.00986,0.35784
CVE-2009-4584,0.01213,0.6557
CVE-2009-4585,0.04482,0.88223
CVE-2009-4586,0.01136,0.57949
CVE-2009-4587,0.0679,0.91793
CVE-2009-4588,0.65891,0.98989
CVE-2009-4589,0.01319,0.70416
CVE-2009-4590,0.01213,0.6557
CVE-2009-4591,0.01213,0.6557
CVE-2009-4592,0.01213,0.6557
CVE-2009-4593,0.01213,0.6557
CVE-2009-4594,0.01018,0.38792
CVE-2009-4595,0.01055,0.50287
CVE-2009-4596,0.01136,0.57949
CVE-2009-4597,0.01213,0.6557
CVE-2009-4598,0.01139,0.58345
CVE-2009-4599,0.00986,0.35784
CVE-2009-4600,0.01213,0.6557
CVE-2009-4601,0.01917,0.77071
CVE-2009-4602,0.01136,0.57949
CVE-2009-4603,0.01213,0.6557
CVE-2009-4604,0.04187,0.86773
CVE-2009-4605,0.01408,0.72072
CVE-2009-4606,0.02757,0.82135
CVE-2009-4607,0.01761,0.7555
CVE-2009-4608,0.01319,0.70416
CVE-2009-4609,0.01055,0.50287
CVE-2009-4610,0.01917,0.77071
CVE-2009-4611,0.01213,0.6557
CVE-2009-4612,0.01917,0.77071
CVE-2009-4613,0.01055,0.50287
CVE-2009-4614,0.04187,0.86773
CVE-2009-4615,0.01055,0.50287
CVE-2009-4616,0.01055,0.50287
CVE-2009-4617,0.00986,0.35784
CVE-2009-4618,0.00986,0.35784
CVE-2009-4619,0.01136,0.57949
CVE-2009-4620,0.01139,0.58345
CVE-2009-4621,0.00986,0.35784
CVE-2009-4622,0.04187,0.86773
CVE-2009-4623,0.04187,0.86773
CVE-2009-4624,0.00986,0.35784
CVE-2009-4625,0.01139,0.58345
CVE-2009-4626,0.04187,0.86773
CVE-2009-4627,0.04187,0.86773
CVE-2009-4628,0.028,0.82308
CVE-2009-4629,0.01055,0.50287
CVE-2009-4630,0.01055,0.50287
CVE-2009-4631,0.04967,0.88981
CVE-2009-4632,0.03407,0.83908
CVE-2009-4633,0.08228,0.93218
CVE-2009-4634,0.08228,0.93218
CVE-2009-4635,0.08228,0.93218
CVE-2009-4636,0.03407,0.83908
CVE-2009-4637,0.35205,0.97726
CVE-2009-4638,0.04967,0.88981
CVE-2009-4639,0.03407,0.83908
CVE-2009-4640,0.06604,0.91138
CVE-2009-4641,0.0095,0.30554
CVE-2009-4642,0.0095,0.30554
CVE-2009-4643,0.04679,0.88603
CVE-2009-4644,0.01061,0.51015
CVE-2009-4645,0.04187,0.86773
CVE-2009-4646,0.01055,0.50287
CVE-2009-4647,0.01213,0.6557
CVE-2009-4648,0.01963,0.77709
CVE-2009-4649,0.01213,0.6557
CVE-2009-4650,0.00986,0.35784
CVE-2009-4651,0.01917,0.77071
CVE-2009-4652,0.01408,0.72072
CVE-2009-4653,0.05714,0.89838
CVE-2009-4654,0.1336,0.95491
CVE-2009-4655,0.7418,0.99263
CVE-2009-4656,0.63115,0.98924
CVE-2009-4657,0.01055,0.50287
CVE-2009-4658,0.01055,0.50287
CVE-2009-4659,0.04187,0.86773
CVE-2009-4661,0.01963,0.77709
CVE-2009-4662,0.01319,0.70416
CVE-2009-4663,0.07687,0.92751
CVE-2009-4664,0.01282,0.67298
CVE-2009-4665,0.04187,0.86773
CVE-2009-4666,0.04187,0.86773
CVE-2009-4667,0.00986,0.35784
CVE-2009-4668,0.06523,0.90962
CVE-2009-4669,0.01055,0.50287
CVE-2009-4670,0.01055,0.50287
CVE-2009-4671,0.01055,0.50287
CVE-2009-4672,0.04187,0.86773
CVE-2009-4673,0.01136,0.57949
CVE-2009-4674,0.04187,0.86773
CVE-2009-4675,0.04187,0.86773
CVE-2009-4676,0.03696,0.84331
CVE-2009-4677,0.01136,0.57949
CVE-2009-4678,0.01917,0.77071
CVE-2009-4679,0.04187,0.86773
CVE-2009-4680,0.01213,0.6557
CVE-2009-4681,0.01213,0.6557
CVE-2009-4682,0.01136,0.57949
CVE-2009-4683,0.01136,0.57949
CVE-2009-4684,0.01917,0.77071
CVE-2009-4685,0.01917,0.77071
CVE-2009-4686,0.01917,0.77071
CVE-2009-4687,0.00986,0.35784
CVE-2009-4688,0.01917,0.77071
CVE-2009-4689,0.00986,0.35784
CVE-2009-4690,0.02945,0.82784
CVE-2009-4691,0.00986,0.35784
CVE-2009-4692,0.01213,0.6557
CVE-2009-4693,0.04187,0.86773
CVE-2009-4694,0.01136,0.57949
CVE-2009-4695,0.01213,0.6557
CVE-2009-4696,0.01213,0.6557
CVE-2009-4697,0.01213,0.6557
CVE-2009-4698,0.01408,0.72072
CVE-2009-4699,0.01319,0.70416
CVE-2009-4700,0.01213,0.6557
CVE-2009-4701,0.01055,0.50287
CVE-2009-4702,0.01055,0.50287
CVE-2009-4703,0.01055,0.50287
CVE-2009-4704,0.01055,0.50287
CVE-2009-4705,0.01055,0.50287
CVE-2009-4706,0.01055,0.50287
CVE-2009-4707,0.01055,0.50287
CVE-2009-4708,0.01055,0.50287
CVE-2009-4709,0.01055,0.50287
CVE-2009-4710,0.01136,0.57949
CVE-2009-4711,0.01136,0.57949
CVE-2009-4712,0.01136,0.57949
CVE-2009-4713,0.01213,0.6557
CVE-2009-4714,0.01136,0.57949
CVE-2009-4715,0.01213,0.6557
CVE-2009-4716,0.01213,0.6557
CVE-2009-4717,0.01917,0.77071
CVE-2009-4718,0.01055,0.50287
CVE-2009-4719,0.00986,0.35784
CVE-2009-4720,0.01136,0.57949
CVE-2009-4721,0.00986,0.35784
CVE-2009-4722,0.00986,0.35784
CVE-2009-4723,0.04187,0.86773
CVE-2009-4724,0.00986,0.35784
CVE-2009-4725,0.04187,0.86773
CVE-2009-4726,0.04187,0.86773
CVE-2009-4727,0.00986,0.35784
CVE-2009-4728,0.00986,0.35784
CVE-2009-4729,0.01319,0.70416
CVE-2009-4730,0.01136,0.57949
CVE-2009-4731,0.01213,0.6557
CVE-2009-4732,0.00986,0.35784
CVE-2009-4733,0.00986,0.35784
CVE-2009-4734,0.00986,0.35784
CVE-2009-4735,0.00986,0.35784
CVE-2009-4736,0.01319,0.70416
CVE-2009-4737,0.02768,0.82197
CVE-2009-4738,0.01018,0.38792
CVE-2009-4739,0.01319,0.70416
CVE-2009-4740,0.00885,0.26162
CVE-2009-4741,0.00954,0.34522
CVE-2009-4742,0.00986,0.35784
CVE-2009-4743,0.01917,0.77071
CVE-2009-4744,0.01213,0.6557
CVE-2009-4745,0.00986,0.35784
CVE-2009-4746,0.01055,0.50287
CVE-2009-4747,0.04187,0.86773
CVE-2009-4748,0.00986,0.35784
CVE-2009-4749,0.00986,0.35784
CVE-2009-4750,0.04187,0.86773
CVE-2009-4751,0.00986,0.35784
CVE-2009-4752,0.04187,0.86773
CVE-2009-4753,0.04482,0.88223
CVE-2009-4754,0.07687,0.92751
CVE-2009-4755,0.15607,0.95873
CVE-2009-4756,0.15607,0.95873
CVE-2009-4757,0.05282,0.89305
CVE-2009-4758,0.06211,0.90307
CVE-2009-4759,0.05282,0.89305
CVE-2009-4760,0.04187,0.86773
CVE-2009-4761,0.07687,0.92751
CVE-2009-4762,0.01974,0.7812
CVE-2009-4763,0.01018,0.38792
CVE-2009-4764,0.01319,0.70416
CVE-2009-4765,0.01213,0.6557
CVE-2009-4766,0.01136,0.57949
CVE-2009-4767,0.01917,0.77071
CVE-2009-4768,0.06523,0.90962
CVE-2009-4769,0.79698,0.99475
CVE-2009-4770,0.01055,0.50287
CVE-2009-4771,0.01213,0.6557
CVE-2009-4772,0.01018,0.38792
CVE-2009-4773,0.01213,0.6557
CVE-2009-4774,0.0095,0.30554
CVE-2009-4775,0.04482,0.88223
CVE-2009-4776,0.01213,0.6557
CVE-2009-4777,0.01319,0.70416
CVE-2009-4778,0.04291,0.87022
CVE-2009-4779,0.04187,0.86773
CVE-2009-4780,0.01917,0.77071
CVE-2009-4781,0.01761,0.7555
CVE-2009-4782,0.01136,0.57949
CVE-2009-4783,0.01136,0.57949
CVE-2009-4784,0.00986,0.35784
CVE-2009-4785,0.00986,0.35784
CVE-2009-4786,0.01136,0.57949
CVE-2009-4787,0.01136,0.57949
CVE-2009-4788,0.01136,0.57949
CVE-2009-4789,0.04187,0.86773
CVE-2009-4790,0.01055,0.50287
CVE-2009-4791,0.01139,0.58345
CVE-2009-4792,0.01136,0.57949
CVE-2009-4793,0.01055,0.50287
CVE-2009-4794,0.00986,0.35784
CVE-2009-4795,0.00986,0.35784
CVE-2009-4796,0.01139,0.58345
CVE-2009-4797,0.00986,0.35784
CVE-2009-4798,0.01213,0.6557
CVE-2009-4799,0.01136,0.57949
CVE-2009-4800,0.01132,0.54372
CVE-2009-4801,0.01055,0.50287
CVE-2009-4802,0.01213,0.6557
CVE-2009-4803,0.01055,0.50287
CVE-2009-4804,0.01213,0.6557
CVE-2009-4805,0.01213,0.6557
CVE-2009-4806,0.04187,0.86773
CVE-2009-4807,0.01213,0.6557
CVE-2009-4808,0.04187,0.86773
CVE-2009-4809,0.04187,0.86773
CVE-2009-4810,0.01213,0.6557
CVE-2009-4811,0.01408,0.72072
CVE-2009-4812,0.01055,0.50287
CVE-2009-4813,0.01917,0.77071
CVE-2009-4814,0.01917,0.77071
CVE-2009-4815,0.01132,0.54372
CVE-2009-4816,0.04187,0.86773
CVE-2009-4817,0.07687,0.92751
CVE-2009-4818,0.04187,0.86773
CVE-2009-4819,0.07687,0.92751
CVE-2009-4820,0.04187,0.86773
CVE-2009-4821,0.01136,0.57949
CVE-2009-4822,0.01917,0.77071
CVE-2009-4823,0.02945,0.82784
CVE-2009-4824,0.01108,0.53389
CVE-2009-4825,0.04187,0.86773
CVE-2009-4826,0.04187,0.86773
CVE-2009-4827,0.04187,0.86773
CVE-2009-4828,0.04187,0.86773
CVE-2009-4829,0.01232,0.66248
CVE-2009-4830,0.01213,0.6557
CVE-2009-4831,0.01213,0.6557
CVE-2009-4832,0.01761,0.7555
CVE-2009-4833,0.01213,0.6557
CVE-2009-4834,0.04187,0.86773
CVE-2009-4835,0.01018,0.38792
CVE-2009-4836,0.04187,0.86773
CVE-2009-4837,0.01213,0.6557
CVE-2009-4838,0.01136,0.57949
CVE-2009-4839,0.01213,0.6557
CVE-2009-4840,0.05532,0.89536
CVE-2009-4841,0.04379,0.87446
CVE-2009-4842,0.01055,0.50287
CVE-2009-4843,0.01136,0.57949
CVE-2009-4844,0.01136,0.57949
CVE-2009-4845,0.01136,0.57949
CVE-2009-4846,0.08263,0.93269
CVE-2009-4847,0.01061,0.51015
CVE-2009-4848,0.01136,0.57949
CVE-2009-4849,0.04187,0.86773
CVE-2009-4850,0.73206,0.99228
CVE-2009-4851,0.01213,0.6557
CVE-2009-4852,0.01055,0.50287
CVE-2009-4853,0.01136,0.57949
CVE-2009-4854,0.01213,0.6557
CVE-2009-4855,0.00986,0.35784
CVE-2009-4856,0.01917,0.77071
CVE-2009-4857,0.01917,0.77071
CVE-2009-4858,0.01917,0.77071
CVE-2009-4859,0.01055,0.50287
CVE-2009-4860,0.00986,0.35784
CVE-2009-4861,0.01055,0.50287
CVE-2009-4862,0.00986,0.35784
CVE-2009-4863,0.07687,0.92751
CVE-2009-4864,0.01917,0.77071
CVE-2009-4865,0.01213,0.6557
CVE-2009-4866,0.01213,0.6557
CVE-2009-4867,0.06006,0.90134
CVE-2009-4868,0.01917,0.77071
CVE-2009-4869,0.01917,0.77071
CVE-2009-4870,0.00986,0.35784
CVE-2009-4871,0.00986,0.35784
CVE-2009-4872,0.00986,0.35784
CVE-2009-4873,0.06211,0.90307
CVE-2009-4874,0.01319,0.70416
CVE-2009-4875,0.01319,0.70416
CVE-2009-4876,0.04187,0.86773
CVE-2009-4877,0.01213,0.6557
CVE-2009-4878,0.01108,0.53389
CVE-2009-4879,0.00885,0.26162
CVE-2009-4880,0.12567,0.95329
CVE-2009-4881,0.01108,0.53389
CVE-2009-4882,0.01955,0.77585
CVE-2009-4883,0.00986,0.35784
CVE-2009-4884,0.01136,0.57949
CVE-2009-4885,0.01136,0.57949
CVE-2009-4886,0.01136,0.57949
CVE-2009-4887,0.04187,0.86773
CVE-2009-4888,0.02945,0.82784
CVE-2009-4889,0.00986,0.35784
CVE-2009-4890,0.01136,0.57949
CVE-2009-4891,0.00986,0.35784
CVE-2009-4892,0.00986,0.35784
CVE-2009-4893,0.04146,0.85406
CVE-2009-4894,0.01055,0.50287
CVE-2009-4895,0.01282,0.67298
CVE-2009-4896,0.01815,0.76117
CVE-2009-4897,0.06604,0.91138
CVE-2009-4898,0.01136,0.57949
CVE-2009-4899,0.00954,0.34522
CVE-2009-4900,0.00954,0.34522
CVE-2009-4901,0.01282,0.67298
CVE-2009-4902,0.01282,0.67298
CVE-2009-4903,0.01136,0.57949
CVE-2009-4904,0.01055,0.50287
CVE-2009-4905,0.04187,0.86773
CVE-2009-4906,0.04187,0.86773
CVE-2009-4907,0.01213,0.6557
CVE-2009-4908,0.01213,0.6557
CVE-2009-4909,0.01055,0.50287
CVE-2009-4910,0.01055,0.50287
CVE-2009-4911,0.01055,0.50287
CVE-2009-4912,0.01055,0.50287
CVE-2009-4913,0.01055,0.50287
CVE-2009-4914,0.01055,0.50287
CVE-2009-4915,0.01055,0.50287
CVE-2009-4916,0.01055,0.50287
CVE-2009-4917,0.01055,0.50287
CVE-2009-4918,0.01055,0.50287
CVE-2009-4919,0.01055,0.50287
CVE-2009-4920,0.01055,0.50287
CVE-2009-4921,0.01055,0.50287
CVE-2009-4922,0.01055,0.50287
CVE-2009-4923,0.01055,0.50287
CVE-2009-4924,0.01055,0.50287
CVE-2009-4925,0.00986,0.35784
CVE-2009-4926,0.01917,0.77071
CVE-2009-4927,0.04187,0.86773
CVE-2009-4928,0.04187,0.86773
CVE-2009-4929,0.04187,0.86773
CVE-2009-4930,0.01055,0.50287
CVE-2009-4931,0.06006,0.90134
CVE-2009-4932,0.06006,0.90134
CVE-2009-4933,0.00986,0.35784
CVE-2009-4934,0.01917,0.77071
CVE-2009-4935,0.01055,0.50287
CVE-2009-4936,0.01974,0.7812
CVE-2009-4937,0.01213,0.6557
CVE-2009-4938,0.00986,0.35784
CVE-2009-4939,0.03129,0.8316
CVE-2009-4940,0.00986,0.35784
CVE-2009-4941,0.01213,0.6557
CVE-2009-4942,0.01136,0.57949
CVE-2009-4943,0.01213,0.6557
CVE-2009-4944,0.01213,0.6557
CVE-2009-4945,0.01136,0.57949
CVE-2009-4946,0.01213,0.6557
CVE-2009-4947,0.01213,0.6557
CVE-2009-4948,0.01136,0.57949
CVE-2009-4949,0.01136,0.57949
CVE-2009-4950,0.01055,0.50287
CVE-2009-4951,0.01055,0.50287
CVE-2009-4952,0.01055,0.50287
CVE-2009-4953,0.01055,0.50287
CVE-2009-4954,0.01055,0.50287
CVE-2009-4955,0.01055,0.50287
CVE-2009-4956,0.01055,0.50287
CVE-2009-4957,0.04187,0.86773
CVE-2009-4958,0.00986,0.35784
CVE-2009-4959,0.01136,0.57949
CVE-2009-4960,0.01136,0.57949
CVE-2009-4961,0.01055,0.50287
CVE-2009-4962,0.72015,0.99186
CVE-2009-4963,0.01061,0.51015
CVE-2009-4964,0.07687,0.92751
CVE-2009-4965,0.01136,0.57949
CVE-2009-4966,0.01136,0.57949
CVE-2009-4967,0.01136,0.57949
CVE-2009-4968,0.01136,0.57949
CVE-2009-4969,0.01136,0.57949
CVE-2009-4970,0.01136,0.57949
CVE-2009-4971,0.01136,0.57949
CVE-2009-4972,0.01213,0.6557
CVE-2009-4973,0.01055,0.50287
CVE-2009-4974,0.01055,0.50287
CVE-2009-4975,0.01213,0.6557
CVE-2009-4976,0.01136,0.57949
CVE-2009-4977,0.01061,0.51015
CVE-2009-4978,0.01136,0.57949
CVE-2009-4979,0.01136,0.57949
CVE-2009-4980,0.01136,0.57949
CVE-2009-4981,0.01055,0.50287
CVE-2009-4982,0.00986,0.35784
CVE-2009-4983,0.01917,0.77071
CVE-2009-4984,0.01055,0.50287
CVE-2009-4985,0.01055,0.50287
CVE-2009-4986,0.04187,0.86773
CVE-2009-4987,0.04482,0.88223
CVE-2009-4988,0.75392,0.99312
CVE-2009-4989,0.01917,0.77071
CVE-2009-4990,0.01136,0.57949
CVE-2009-4991,0.01917,0.77071
CVE-2009-4992,0.01055,0.50287
CVE-2009-4993,0.01055,0.50287
CVE-2009-4994,0.01136,0.57949
CVE-2009-4995,0.01055,0.50287
CVE-2009-4996,0.0095,0.30554
CVE-2009-4997,0.00885,0.26162
CVE-2009-4998,0.01136,0.57949
CVE-2009-4999,0.01055,0.50287
CVE-2009-5000,0.01055,0.50287
CVE-2009-5001,0.01055,0.50287
CVE-2009-5002,0.01055,0.50287
CVE-2009-5003,0.01213,0.6557
CVE-2009-5004,0.01164,0.60046
CVE-2009-5005,0.02072,0.79023
CVE-2009-5006,0.02065,0.78946
CVE-2009-5007,0.00885,0.26162
CVE-2009-5008,0.00885,0.26162
CVE-2009-5009,0.00885,0.26162
CVE-2009-5010,0.02172,0.79917
CVE-2009-5011,0.01213,0.6557
CVE-2009-5012,0.01132,0.54372
CVE-2009-5013,0.01132,0.54372
CVE-2009-5014,0.01055,0.50287
CVE-2009-5015,0.00885,0.26162
CVE-2009-5016,0.03779,0.84781
CVE-2009-5017,0.01213,0.6557
CVE-2009-5018,0.24062,0.96648
CVE-2009-5019,0.04187,0.86773
CVE-2009-5020,0.01055,0.50287
CVE-2009-5021,0.00885,0.26162
CVE-2009-5022,0.39729,0.98024
CVE-2009-5023,0.0095,0.30554
CVE-2009-5024,0.01408,0.72072
CVE-2009-5025,0.00954,0.34522
CVE-2009-5026,0.102,0.94321
CVE-2009-5028,0.0547,0.89492
CVE-2009-5029,0.03167,0.83172
CVE-2009-5030,0.06604,0.91138
CVE-2009-5031,0.01955,0.77585
CVE-2009-5032,0.01213,0.6557
CVE-2009-5033,0.01132,0.54372
CVE-2009-5034,0.01132,0.54372
CVE-2009-5035,0.01055,0.50287
CVE-2009-5036,0.01061,0.51015
CVE-2009-5037,0.01213,0.6557
CVE-2009-5038,0.01136,0.57949
CVE-2009-5039,0.01055,0.50287
CVE-2009-5040,0.01061,0.51015
CVE-2009-5041,0.00885,0.26162
CVE-2009-5042,0.00885,0.26162
CVE-2009-5043,0.00885,0.26162
CVE-2009-5044,0.01547,0.74085
CVE-2009-5045,0.00954,0.34522
CVE-2009-5046,0.00954,0.34522
CVE-2009-5048,0.00954,0.34522
CVE-2009-5049,0.00954,0.34522
CVE-2009-5050,0.00954,0.34522
CVE-2009-5051,0.01055,0.50287
CVE-2009-5052,0.00885,0.26162
CVE-2009-5053,0.01055,0.50287
CVE-2009-5054,0.00885,0.26162
CVE-2009-5055,0.01055,0.50287
CVE-2009-5056,0.01055,0.50287
CVE-2009-5057,0.01055,0.50287
CVE-2009-5058,0.01055,0.50287
CVE-2009-5059,0.01055,0.50287
CVE-2009-5060,0.01055,0.50287
CVE-2009-5061,0.01055,0.50287
CVE-2009-5062,0.01055,0.50287
CVE-2009-5063,0.01018,0.38792
CVE-2009-5064,0.01547,0.74085
CVE-2009-5065,0.03129,0.8316
CVE-2009-5066,0.01547,0.74085
CVE-2009-5067,0.07831,0.92961
CVE-2009-5068,0.00885,0.26162
CVE-2009-5071,0.00885,0.26162
CVE-2009-5072,0.01055,0.50287
CVE-2009-5073,0.01055,0.50287
CVE-2009-5074,0.00885,0.26162
CVE-2009-5075,0.01055,0.50287
CVE-2009-5076,0.01055,0.50287
CVE-2009-5077,0.01055,0.50287
CVE-2009-5078,0.01319,0.70416
CVE-2009-5079,0.01034,0.39824
CVE-2009-5080,0.01034,0.39824
CVE-2009-5081,0.0095,0.30554
CVE-2009-5082,0.0095,0.30554
CVE-2009-5083,0.01055,0.50287
CVE-2009-5084,0.00885,0.26162
CVE-2009-5085,0.01055,0.50287
CVE-2009-5086,0.01136,0.57949
CVE-2009-5087,0.0679,0.91793
CVE-2009-5088,0.01136,0.57949
CVE-2009-5089,0.01213,0.6557
CVE-2009-5090,0.00986,0.35784
CVE-2009-5091,0.00986,0.35784
CVE-2009-5092,0.31365,0.97472
CVE-2009-5093,0.04187,0.86773
CVE-2009-5094,0.00986,0.35784
CVE-2009-5095,0.04187,0.86773
CVE-2009-5096,0.01319,0.70416
CVE-2009-5097,0.01213,0.6557
CVE-2009-5098,0.04482,0.88223
CVE-2009-5099,0.01213,0.6557
CVE-2009-5100,0.00954,0.34522
CVE-2009-5101,0.00954,0.34522
CVE-2009-5102,0.01055,0.50287
CVE-2009-5103,0.01055,0.50287
CVE-2009-5109,0.70125,0.99114
CVE-2009-5110,0.01055,0.50287
CVE-2009-5111,0.01055,0.50287
CVE-2009-5112,0.04187,0.86773
CVE-2009-5113,0.01055,0.50287
CVE-2009-5114,0.04187,0.86773
CVE-2009-5115,0.01055,0.50287
CVE-2009-5116,0.01055,0.50287
CVE-2009-5117,0.00885,0.26162
CVE-2009-5118,0.00885,0.26162
CVE-2009-5119,0.01055,0.50287
CVE-2009-5120,0.01055,0.50287
CVE-2009-5121,0.01055,0.50287
CVE-2009-5122,0.01055,0.50287
CVE-2009-5123,0.01055,0.50287
CVE-2009-5124,0.01055,0.50287
CVE-2009-5125,0.01213,0.6557
CVE-2009-5126,0.01055,0.50287
CVE-2009-5127,0.01055,0.50287
CVE-2009-5128,0.01055,0.50287
CVE-2009-5129,0.01055,0.50287
CVE-2009-5130,0.01055,0.50287
CVE-2009-5131,0.01055,0.50287
CVE-2009-5132,0.01055,0.50287
CVE-2009-5134,0.09424,0.93963
CVE-2009-5135,0.08595,0.9363
CVE-2009-5136,0.01132,0.54372
CVE-2009-5137,0.08728,0.93654
CVE-2009-5138,0.03779,0.84781
CVE-2009-5139,0.01055,0.50287
CVE-2009-5140,0.01055,0.50287
CVE-2009-5141,0.07802,0.92954
CVE-2009-5142,0.01213,0.6557
CVE-2009-5143,0.01018,0.38792
CVE-2009-5144,0.01213,0.6557
CVE-2009-5145,0.01108,0.53389
CVE-2009-5149,0.01213,0.6557
CVE-2009-5150,0.01036,0.41241
CVE-2009-5151,0.01036,0.41241
CVE-2009-5152,0.00885,0.26162
CVE-2009-5153,0.17838,0.96063
CVE-2009-5154,0.00885,0.26162
CVE-2009-5155,0.01537,0.73595
CVE-2009-5156,0.02055,0.7893
CVE-2009-5157,0.02055,0.7893
CVE-2009-5158,0.00885,0.26162
CVE-2009-5159,0.25142,0.96782
CVE-2008-0001,0.01547,0.74085
CVE-2008-0002,0.07344,0.92237
CVE-2008-0003,0.12248,0.95092
CVE-2008-0005,0.09276,0.9394
CVE-2008-0006,0.0563,0.89604
CVE-2008-0007,0.01547,0.74085
CVE-2008-0008,0.01547,0.74085
CVE-2008-0009,0.01282,0.67298
CVE-2008-0010,0.01547,0.74085
CVE-2008-0011,0.46718,0.98435
CVE-2008-0012,0.07777,0.92953
CVE-2008-0013,0.07777,0.92953
CVE-2008-0014,0.07777,0.92953
CVE-2008-0015,0.84324,0.99605
CVE-2008-0016,0.47944,0.98484
CVE-2008-0017,0.06604,0.91138
CVE-2008-0020,0.55095,0.98722
CVE-2008-0026,0.01139,0.58345
CVE-2008-0027,0.07544,0.92484
CVE-2008-0028,0.01319,0.70416
CVE-2008-0029,0.01213,0.6557
CVE-2008-0031,0.04169,0.85428
CVE-2008-0032,0.09174,0.9391
CVE-2008-0033,0.06154,0.90253
CVE-2008-0034,0.01108,0.53389
CVE-2008-0035,0.06154,0.90253
CVE-2008-0036,0.09174,0.9391
CVE-2008-0037,0.01319,0.70416
CVE-2008-0038,0.01034,0.39824
CVE-2008-0039,0.01319,0.70416
CVE-2008-0040,0.0405,0.85313
CVE-2008-0041,0.01319,0.70416
CVE-2008-0042,0.0628,0.90355
CVE-2008-0043,0.05903,0.90071
CVE-2008-0044,0.06154,0.90253
CVE-2008-0045,0.01776,0.75902
CVE-2008-0046,0.01537,0.73595
CVE-2008-0047,0.09915,0.94265
CVE-2008-0048,0.03009,0.82821
CVE-2008-0049,0.02694,0.82068
CVE-2008-0050,0.02686,0.82061
CVE-2008-0051,0.02694,0.82068
CVE-2008-0052,0.01776,0.75902
CVE-2008-0053,0.11354,0.94806
CVE-2008-0054,0.04445,0.87708
CVE-2008-0055,0.01282,0.67298
CVE-2008-0056,0.03009,0.82821
CVE-2008-0057,0.0628,0.90355
CVE-2008-0058,0.10439,0.94383
CVE-2008-0059,0.03009,0.82821
CVE-2008-0060,0.01776,0.75902
CVE-2008-0061,0.02172,0.79917
CVE-2008-0062,0.08228,0.93218
CVE-2008-0063,0.04358,0.87435
CVE-2008-0064,0.07525,0.92398
CVE-2008-0065,0.733,0.99234
CVE-2008-0066,0.09915,0.94265
CVE-2008-0067,0.87164,0.99725
CVE-2008-0068,0.12567,0.95329
CVE-2008-0069,0.11409,0.94831
CVE-2008-0070,0.05302,0.89375
CVE-2008-0071,0.12567,0.95329
CVE-2008-0072,0.09915,0.94265
CVE-2008-0073,0.03883,0.84912
CVE-2008-0074,0.02087,0.79049
CVE-2008-0075,0.46718,0.98435
CVE-2008-0076,0.46718,0.98435
CVE-2008-0077,0.46718,0.98435
CVE-2008-0078,0.46718,0.98435
CVE-2008-0080,0.43683,0.98219
CVE-2008-0081,0.46718,0.98435
CVE-2008-0082,0.20648,0.96329
CVE-2008-0083,0.46718,0.98435
CVE-2008-0084,0.10169,0.94316
CVE-2008-0085,0.11431,0.94832
CVE-2008-0086,0.59782,0.98831
CVE-2008-0087,0.20648,0.96329
CVE-2008-0088,0.17072,0.96002
CVE-2008-0089,0.00986,0.35784
CVE-2008-0090,0.20999,0.96367
CVE-2008-0091,0.0679,0.91793
CVE-2008-0092,0.01319,0.70416
CVE-2008-0093,0.01213,0.6557
CVE-2008-0094,0.0679,0.91793
CVE-2008-0095,0.12567,0.95329
CVE-2008-0096,0.07687,0.92751
CVE-2008-0097,0.06523,0.90962
CVE-2008-0098,0.07525,0.92398
CVE-2008-0099,0.00986,0.35784
CVE-2008-0100,0.15607,0.95873
CVE-2008-0101,0.07777,0.92953
CVE-2008-0102,0.46718,0.98435
CVE-2008-0103,0.46718,0.98435
CVE-2008-0104,0.46718,0.98435
CVE-2008-0105,0.46718,0.98435
CVE-2008-0106,0.44203,0.98231
CVE-2008-0107,0.36902,0.97803
CVE-2008-0108,0.63976,0.98955
CVE-2008-0109,0.46718,0.98435
CVE-2008-0110,0.46718,0.98435
CVE-2008-0111,0.46718,0.98435
CVE-2008-0112,0.46718,0.98435
CVE-2008-0113,0.46718,0.98435
CVE-2008-0114,0.46718,0.98435
CVE-2008-0115,0.46718,0.98435
CVE-2008-0116,0.46718,0.98435
CVE-2008-0117,0.46718,0.98435
CVE-2008-0118,0.72651,0.99213
CVE-2008-0119,0.46718,0.98435
CVE-2008-0120,0.46718,0.98435
CVE-2008-0121,0.46718,0.98435
CVE-2008-0122,0.05766,0.89866
CVE-2008-0123,0.03129,0.8316
CVE-2008-0124,0.01776,0.75902
CVE-2008-0125,0.01917,0.77071
CVE-2008-0127,0.34394,0.97618
CVE-2008-0129,0.00986,0.35784
CVE-2008-0130,0.01136,0.57949
CVE-2008-0131,0.01055,0.50287
CVE-2008-0132,0.04482,0.88223
CVE-2008-0133,0.00986,0.35784
CVE-2008-0134,0.01213,0.6557
CVE-2008-0135,0.04187,0.86773
CVE-2008-0136,0.01213,0.6557
CVE-2008-0137,0.04187,0.86773
CVE-2008-0138,0.06837,0.9181
CVE-2008-0139,0.04187,0.86773
CVE-2008-0140,0.01213,0.6557
CVE-2008-0141,0.01136,0.57949
CVE-2008-0142,0.01055,0.50287
CVE-2008-0143,0.04482,0.88223
CVE-2008-0144,0.03765,0.84407
CVE-2008-0145,0.01183,0.60428
CVE-2008-0146,0.01917,0.77071
CVE-2008-0147,0.00986,0.35784
CVE-2008-0148,0.01136,0.57949
CVE-2008-0149,0.01055,0.50287
CVE-2008-0150,0.01213,0.6557
CVE-2008-0151,0.16668,0.95965
CVE-2008-0152,0.01213,0.6557
CVE-2008-0153,0.04187,0.86773
CVE-2008-0154,0.01136,0.57949
CVE-2008-0155,0.01136,0.57949
CVE-2008-0156,0.01213,0.6557
CVE-2008-0157,0.00986,0.35784
CVE-2008-0158,0.04187,0.86773
CVE-2008-0159,0.00986,0.35784
CVE-2008-0162,0.01034,0.39824
CVE-2008-0163,0.0095,0.30554
CVE-2008-0164,0.01319,0.70416
CVE-2008-0165,0.01319,0.70416
CVE-2008-0167,0.01034,0.39824
CVE-2008-0169,0.01408,0.72072
CVE-2008-0171,0.02686,0.82061
CVE-2008-0172,0.02686,0.82061
CVE-2008-0173,0.01319,0.70416
CVE-2008-0174,0.01319,0.70416
CVE-2008-0175,0.40588,0.98099
CVE-2008-0176,0.1127,0.94787
CVE-2008-0177,0.12567,0.95329
CVE-2008-0178,0.01917,0.77071
CVE-2008-0179,0.01213,0.6557
CVE-2008-0180,0.01213,0.6557
CVE-2008-0181,0.01213,0.6557
CVE-2008-0182,0.01136,0.57949
CVE-2008-0184,0.04187,0.86773
CVE-2008-0185,0.01213,0.6557
CVE-2008-0186,0.01213,0.6557
CVE-2008-0187,0.00986,0.35784
CVE-2008-0190,0.02945,0.82784
CVE-2008-0191,0.01319,0.70416
CVE-2008-0192,0.02945,0.82784
CVE-2008-0193,0.03129,0.8316
CVE-2008-0194,0.01408,0.72072
CVE-2008-0195,0.02172,0.79917
CVE-2008-0196,0.02172,0.79917
CVE-2008-0197,0.01319,0.70416
CVE-2008-0198,0.01319,0.70416
CVE-2008-0199,0.01319,0.70416
CVE-2008-0200,0.01319,0.70416
CVE-2008-0201,0.01319,0.70416
CVE-2008-0202,0.01319,0.70416
CVE-2008-0203,0.01213,0.6557
CVE-2008-0204,0.01213,0.6557
CVE-2008-0205,0.01213,0.6557
CVE-2008-0206,0.01213,0.6557
CVE-2008-0207,0.03129,0.8316
CVE-2008-0208,0.01213,0.6557
CVE-2008-0209,0.01136,0.57949
CVE-2008-0210,0.01055,0.50287
CVE-2008-0211,0.01034,0.39824
CVE-2008-0212,0.01319,0.70416
CVE-2008-0213,0.25143,0.96828
CVE-2008-0214,0.01319,0.70416
CVE-2008-0215,0.01319,0.70416
CVE-2008-0216,0.0095,0.30554
CVE-2008-0217,0.0095,0.30554
CVE-2008-0218,0.01917,0.77071
CVE-2008-0219,0.00986,0.35784
CVE-2008-0220,0.15607,0.95873
CVE-2008-0221,0.01213,0.6557
CVE-2008-0222,0.04187,0.86773
CVE-2008-0223,0.07996,0.93017
CVE-2008-0224,0.00986,0.35784
CVE-2008-0225,0.47944,0.98484
CVE-2008-0226,0.94602,0.99953
CVE-2008-0227,0.03779,0.84781
CVE-2008-0229,0.01213,0.6557
CVE-2008-0230,0.04482,0.88223
CVE-2008-0231,0.04482,0.88223
CVE-2008-0232,0.01213,0.6557
CVE-2008-0233,0.01055,0.50287
CVE-2008-0234,0.3392,0.97595
CVE-2008-0235,0.35008,0.9771
CVE-2008-0236,0.24729,0.96719
CVE-2008-0237,0.25598,0.96882
CVE-2008-0238,0.1127,0.94787
CVE-2008-0239,0.12328,0.95117
CVE-2008-0240,0.10995,0.94626999999999994
CVE-2008-0241,0.01776,0.75902
CVE-2008-0242,0.01104,0.52279
CVE-2008-0243,0.01018,0.38792
CVE-2008-0244,0.81542,0.99518
CVE-2008-0245,0.01136,0.57949
CVE-2008-0246,0.01136,0.57949
CVE-2008-0247,0.08263,0.93269
CVE-2008-0248,0.11409,0.94831
CVE-2008-0249,0.04187,0.86773
CVE-2008-0250,0.10526,0.94393
CVE-2008-0251,0.01213,0.6557
CVE-2008-0252,0.03779,0.84781
CVE-2008-0253,0.00986,0.35784
CVE-2008-0254,0.00986,0.35784
CVE-2008-0255,0.00986,0.35784
CVE-2008-0256,0.00986,0.35784
CVE-2008-0257,0.01136,0.57949
CVE-2008-0258,0.01917,0.77071
CVE-2008-0259,0.01213,0.6557
CVE-2008-0260,0.01055,0.50287
CVE-2008-0261,0.01213,0.6557
CVE-2008-0262,0.00986,0.35784
CVE-2008-0263,0.01319,0.70416
CVE-2008-0264,0.06523,0.90962
CVE-2008-0265,0.02945,0.82784
CVE-2008-0266,0.00986,0.35784
CVE-2008-0267,0.01139,0.58345
CVE-2008-0268,0.01917,0.77071
CVE-2008-0269,0.01104,0.52279
CVE-2008-0270,0.00986,0.35784
CVE-2008-0271,0.01213,0.6557
CVE-2008-0272,0.01776,0.75902
CVE-2008-0273,0.01776,0.75902
CVE-2008-0274,0.01776,0.75902
CVE-2008-0275,0.01055,0.50287
CVE-2008-0276,0.01055,0.50287
CVE-2008-0277,0.04679,0.88603
CVE-2008-0278,0.00986,0.35784
CVE-2008-0279,0.00986,0.35784
CVE-2008-0280,0.01139,0.58345
CVE-2008-0281,0.00986,0.35784
CVE-2008-0282,0.00986,0.35784
CVE-2008-0283,0.04187,0.86773
CVE-2008-0284,0.01213,0.6557
CVE-2008-0285,0.01319,0.70416
CVE-2008-0286,0.01139,0.58345
CVE-2008-0287,0.04187,0.86773
CVE-2008-0288,0.00986,0.35784
CVE-2008-0289,0.04482,0.88223
CVE-2008-0290,0.00986,0.35784
CVE-2008-0291,0.01139,0.58345
CVE-2008-0292,0.01055,0.50287
CVE-2008-0293,0.01136,0.57949
CVE-2008-0294,0.01018,0.38792
CVE-2008-0295,0.06604,0.91138
CVE-2008-0296,0.03073,0.82961
CVE-2008-0297,0.04187,0.86773
CVE-2008-0298,0.04482,0.88223
CVE-2008-0299,0.01537,0.73595
CVE-2008-0300,0.04482,0.88223
CVE-2008-0301,0.028,0.82308
CVE-2008-0302,0.01755,0.75287
CVE-2008-0303,0.01319,0.70416
CVE-2008-0304,0.12248,0.95092
CVE-2008-0306,0.01034,0.39824
CVE-2008-0307,0.07525,0.92398
CVE-2008-0308,0.01319,0.70416
CVE-2008-0309,0.04967,0.88981
CVE-2008-0310,0.01034,0.39824
CVE-2008-0311,0.7387,0.99256
CVE-2008-0312,0.09915,0.94265
CVE-2008-0313,0.09915,0.94265
CVE-2008-0314,0.12248,0.95092
CVE-2008-0318,0.08228,0.93218
CVE-2008-0320,0.72423,0.99206
CVE-2008-0322,0.0369,0.84278
CVE-2008-0324,0.01924,0.77129
CVE-2008-0325,0.00986,0.35784
CVE-2008-0326,0.00986,0.35784
CVE-2008-0327,0.00986,0.35784
CVE-2008-0328,0.00986,0.35784
CVE-2008-0329,0.04187,0.86773
CVE-2008-0330,0.01319,0.70416
CVE-2008-0331,0.01213,0.6557
CVE-2008-0332,0.04187,0.86773
CVE-2008-0333,0.34231,0.97604
CVE-2008-0334,0.01917,0.77071
CVE-2008-0335,0.01213,0.6557
CVE-2008-0336,0.01213,0.6557
CVE-2008-0337,0.07777,0.92953
CVE-2008-0338,0.01319,0.70416
CVE-2008-0339,0.15683,0.95879
CVE-2008-0340,0.01537,0.73595
CVE-2008-0341,0.01537,0.73595
CVE-2008-0342,0.01537,0.73595
CVE-2008-0343,0.01537,0.73595
CVE-2008-0344,0.01537,0.73595
CVE-2008-0345,0.01537,0.73595
CVE-2008-0346,0.01537,0.73595
CVE-2008-0347,0.01537,0.73595
CVE-2008-0348,0.01537,0.73595
CVE-2008-0349,0.01537,0.73595
CVE-2008-0350,0.01213,0.6557
CVE-2008-0351,0.01055,0.50287
CVE-2008-0352,0.04187,0.86773
CVE-2008-0353,0.00986,0.35784
CVE-2008-0354,0.07525,0.92398
CVE-2008-0355,0.00986,0.35784
CVE-2008-0356,0.08263,0.93269
CVE-2008-0357,0.04187,0.86773
CVE-2008-0358,0.01139,0.58345
CVE-2008-0359,0.01319,0.70416
CVE-2008-0360,0.01213,0.6557
CVE-2008-0361,0.0679,0.91793
CVE-2008-0362,0.01213,0.6557
CVE-2008-0363,0.01213,0.6557
CVE-2008-0364,0.12567,0.95329
CVE-2008-0365,0.0247,0.80855
CVE-2008-0366,0.01755,0.75287
CVE-2008-0367,0.01108,0.53389
CVE-2008-0368,0.01104,0.52279
CVE-2008-0369,0.01282,0.67298
CVE-2008-0370,0.01213,0.6557
CVE-2008-0371,0.01319,0.70416
CVE-2008-0372,0.0679,0.91793
CVE-2008-0373,0.01213,0.6557
CVE-2008-0374,0.01319,0.70416
CVE-2008-0375,0.01319,0.70416
CVE-2008-0376,0.01213,0.6557
CVE-2008-0377,0.01213,0.6557
CVE-2008-0378,0.04146,0.85406
CVE-2008-0379,0.48989,0.98521
CVE-2008-0380,0.07687,0.92751
CVE-2008-0381,0.00954,0.34522
CVE-2008-0382,0.15607,0.95873
CVE-2008-0383,0.028,0.82308
CVE-2008-0384,0.01924,0.77129
CVE-2008-0385,0.01213,0.6557
CVE-2008-0386,0.03407,0.83908
CVE-2008-0387,0.40588,0.98099
CVE-2008-0388,0.028,0.82308
CVE-2008-0389,0.01537,0.73595
CVE-2008-0390,0.04187,0.86773
CVE-2008-0391,0.01055,0.50287
CVE-2008-0392,0.44626,0.9825
CVE-2008-0393,0.04187,0.86773
CVE-2008-0394,0.15607,0.95873
CVE-2008-0395,0.01213,0.6557
CVE-2008-0396,0.07197,0.92068
CVE-2008-0397,0.01213,0.6557
CVE-2008-0398,0.01213,0.6557
CVE-2008-0399,0.15142,0.95704
CVE-2008-0400,0.01917,0.77071
CVE-2008-0401,0.0547,0.89492
CVE-2008-0402,0.01315,0.67456
CVE-2008-0403,0.05931,0.90093
CVE-2008-0404,0.01776,0.75902
CVE-2008-0405,0.01408,0.72072
CVE-2008-0406,0.07197,0.92068
CVE-2008-0407,0.01183,0.60428
CVE-2008-0408,0.01408,0.72072
CVE-2008-0409,0.01408,0.72072
CVE-2008-0410,0.01408,0.72072
CVE-2008-0411,0.33191,0.97551
CVE-2008-0412,0.03932,0.8519
CVE-2008-0413,0.03932,0.8519
CVE-2008-0414,0.03932,0.8519
CVE-2008-0415,0.03932,0.8519
CVE-2008-0416,0.03932,0.8519
CVE-2008-0417,0.03932,0.8519
CVE-2008-0418,0.15272,0.95729
CVE-2008-0419,0.03932,0.8519
CVE-2008-0420,0.03932,0.8519
CVE-2008-0421,0.00986,0.35784
CVE-2008-0422,0.028,0.82308
CVE-2008-0423,0.04482,0.88223
CVE-2008-0424,0.00986,0.35784
CVE-2008-0425,0.04187,0.86773
CVE-2008-0426,0.01213,0.6557
CVE-2008-0427,0.01408,0.72072
CVE-2008-0428,0.01408,0.72072
CVE-2008-0429,0.01319,0.70416
CVE-2008-0430,0.00986,0.35784
CVE-2008-0431,0.04482,0.88223
CVE-2008-0432,0.02945,0.82784
CVE-2008-0433,0.0679,0.91793
CVE-2008-0434,0.12973,0.95423
CVE-2008-0435,0.04482,0.88223
CVE-2008-0436,0.01917,0.77071
CVE-2008-0437,0.54628,0.98706
CVE-2008-0438,0.04894,0.88891
CVE-2008-0439,0.01917,0.77071
CVE-2008-0440,0.00885,0.26162
CVE-2008-0441,0.01034,0.39824
CVE-2008-0442,0.01055,0.50287
CVE-2008-0443,0.07687,0.92751
CVE-2008-0444,0.01319,0.70416
CVE-2008-0445,0.01213,0.6557
CVE-2008-0446,0.00986,0.35784
CVE-2008-0447,0.00986,0.35784
CVE-2008-0448,0.01055,0.50287
CVE-2008-0449,0.01055,0.50287
CVE-2008-0450,0.01055,0.50287
CVE-2008-0451,0.00986,0.35784
CVE-2008-0452,0.04187,0.86773
CVE-2008-0453,0.00986,0.35784
CVE-2008-0454,0.23038,0.96506
CVE-2008-0455,0.65303,0.98982
CVE-2008-0456,0.07344,0.92237
CVE-2008-0457,0.10995,0.94626999999999994
CVE-2008-0458,0.04187,0.86773
CVE-2008-0459,0.04482,0.88223
CVE-2008-0460,0.20648,0.96329
CVE-2008-0461,0.01737,0.75207
CVE-2008-0462,0.01213,0.6557
CVE-2008-0463,0.01213,0.6557
CVE-2008-0464,0.0679,0.91793
CVE-2008-0465,0.0679,0.91793
CVE-2008-0466,0.02172,0.79917
CVE-2008-0467,0.1127,0.94787
CVE-2008-0468,0.00986,0.35784
CVE-2008-0469,0.01139,0.58345
CVE-2008-0470,0.10856,0.94463
CVE-2008-0471,0.01319,0.70416
CVE-2008-0472,0.01213,0.6557
CVE-2008-0473,0.01319,0.70416
CVE-2008-0474,0.01917,0.77071
CVE-2008-0475,0.01136,0.57949
CVE-2008-0476,0.01136,0.57949
CVE-2008-0477,0.15607,0.95873
CVE-2008-0478,0.04187,0.86773
CVE-2008-0479,0.10995,0.94626999999999994
CVE-2008-0480,0.01974,0.7812
CVE-2008-0481,0.01974,0.7812
CVE-2008-0485,0.28823,0.97188
CVE-2008-0486,0.12248,0.95092
CVE-2008-0487,0.00986,0.35784
CVE-2008-0488,0.04187,0.86773
CVE-2008-0489,0.04187,0.86773
CVE-2008-0490,0.00986,0.35784
CVE-2008-0491,0.00986,0.35784
CVE-2008-0492,0.70125,0.99114
CVE-2008-0493,0.07437,0.92309
CVE-2008-0494,0.01055,0.50287
CVE-2008-0495,0.02172,0.79917
CVE-2008-0496,0.02945,0.82784
CVE-2008-0497,0.03129,0.8316
CVE-2008-0498,0.00986,0.35784
CVE-2008-0499,0.01213,0.6557
CVE-2008-0500,0.01018,0.38792
CVE-2008-0501,0.04187,0.86773
CVE-2008-0502,0.04482,0.88223
CVE-2008-0503,0.04187,0.86773
CVE-2008-0504,0.01232,0.66248
CVE-2008-0505,0.01319,0.70416
CVE-2008-0506,0.78665,0.99434
CVE-2008-0507,0.00986,0.35784
CVE-2008-0508,0.01408,0.72072
CVE-2008-0509,0.01132,0.54372
CVE-2008-0510,0.00986,0.35784
CVE-2008-0511,0.00986,0.35784
CVE-2008-0512,0.00986,0.35784
CVE-2008-0513,0.0679,0.91793
CVE-2008-0514,0.00986,0.35784
CVE-2008-0515,0.01136,0.57949
CVE-2008-0516,0.01136,0.57949
CVE-2008-0517,0.00986,0.35784
CVE-2008-0518,0.00986,0.35784
CVE-2008-0519,0.00986,0.35784
CVE-2008-0520,0.00986,0.35784
CVE-2008-0521,0.04187,0.86773
CVE-2008-0522,0.01408,0.72072
CVE-2008-0523,0.01136,0.57949
CVE-2008-0524,0.01213,0.6557
CVE-2008-0525,0.02172,0.79379
CVE-2008-0526,0.01319,0.70416
CVE-2008-0527,0.01319,0.70416
CVE-2008-0528,0.07777,0.92953
CVE-2008-0529,0.07777,0.92953
CVE-2008-0530,0.07777,0.92953
CVE-2008-0531,0.02003,0.78466
CVE-2008-0532,0.34728,0.97687
CVE-2008-0533,0.04894,0.88891
CVE-2008-0534,0.02172,0.79917
CVE-2008-0535,0.02172,0.79917
CVE-2008-0536,0.02172,0.79917
CVE-2008-0537,0.01319,0.70416
CVE-2008-0538,0.01139,0.58345
CVE-2008-0539,0.04894,0.88891
CVE-2008-0540,0.01917,0.77071
CVE-2008-0541,0.01213,0.6557
CVE-2008-0542,0.01213,0.6557
CVE-2008-0543,0.01213,0.6557
CVE-2008-0544,0.08228,0.93218
CVE-2008-0545,0.04187,0.86773
CVE-2008-0546,0.01408,0.72072
CVE-2008-0547,0.01408,0.72072
CVE-2008-0548,0.01055,0.50287
CVE-2008-0549,0.01136,0.57949
CVE-2008-0550,0.63115,0.98924
CVE-2008-0551,0.46853,0.98439
CVE-2008-0552,0.02945,0.82784
CVE-2008-0553,0.09915,0.94265
CVE-2008-0554,0.06604,0.91138
CVE-2008-0555,0.02172,0.79917
CVE-2008-0556,0.01319,0.70416
CVE-2008-0557,0.00986,0.35784
CVE-2008-0558,0.01055,0.50287
CVE-2008-0559,0.04187,0.86773
CVE-2008-0560,0.01213,0.6557
CVE-2008-0561,0.00986,0.35784
CVE-2008-0562,0.00986,0.35784
CVE-2008-0563,0.01055,0.50287
CVE-2008-0564,0.03932,0.8519
CVE-2008-0565,0.00986,0.35784
CVE-2008-0566,0.04187,0.86773
CVE-2008-0567,0.04187,0.86773
CVE-2008-0568,0.01213,0.6557
CVE-2008-0569,0.07777,0.92953
CVE-2008-0570,0.01018,0.38792
CVE-2008-0571,0.01136,0.57949
CVE-2008-0572,0.04187,0.86773
CVE-2008-0573,0.01761,0.7555
CVE-2008-0574,0.01917,0.77071
CVE-2008-0575,0.01136,0.57949
CVE-2008-0576,0.01136,0.57949
CVE-2008-0577,0.01136,0.57949
CVE-2008-0578,0.01408,0.72072
CVE-2008-0579,0.01136,0.57949
CVE-2008-0580,0.0089,0.2856
CVE-2008-0581,0.00885,0.26162
CVE-2008-0582,0.01213,0.6557
CVE-2008-0583,0.01213,0.6557
CVE-2008-0584,0.01034,0.39824
CVE-2008-0585,0.01034,0.39824
CVE-2008-0586,0.01547,0.74085
CVE-2008-0587,0.01282,0.67298
CVE-2008-0588,0.01282,0.67298
CVE-2008-0589,0.01282,0.67298
CVE-2008-0590,0.10434,0.94374
CVE-2008-0591,0.09915,0.94265
CVE-2008-0592,0.03932,0.8519
CVE-2008-0593,0.03932,0.8519
CVE-2008-0594,0.03932,0.8519
CVE-2008-0595,0.01547,0.74085
CVE-2008-0596,0.04358,0.87435
CVE-2008-0597,0.03779,0.84781
CVE-2008-0598,0.01547,0.74085
CVE-2008-0599,0.12248,0.95092
CVE-2008-0600,0.01547,0.74085
CVE-2008-0601,0.00986,0.35784
CVE-2008-0602,0.04187,0.86773
CVE-2008-0603,0.00986,0.35784
CVE-2008-0604,0.01136,0.57949
CVE-2008-0605,0.01917,0.77071
CVE-2008-0606,0.00986,0.35784
CVE-2008-0607,0.01055,0.50287
CVE-2008-0608,0.01213,0.6557
CVE-2008-0609,0.04482,0.88223
CVE-2008-0610,0.66559,0.99004
CVE-2008-0611,0.00986,0.35784
CVE-2008-0612,0.01319,0.70416
CVE-2008-0613,0.01213,0.6557
CVE-2008-0614,0.00986,0.35784
CVE-2008-0615,0.01132,0.54372
CVE-2008-0616,0.01132,0.54372
CVE-2008-0617,0.01213,0.6557
CVE-2008-0618,0.01055,0.50287
CVE-2008-0619,0.0929,0.93944
CVE-2008-0620,0.01974,0.7812
CVE-2008-0621,0.78095,0.99418
CVE-2008-0622,0.01213,0.6557
CVE-2008-0623,0.07996,0.93017
CVE-2008-0624,0.06309,0.90494
CVE-2008-0625,0.15142,0.95704
CVE-2008-0628,0.03407,0.83908
CVE-2008-0629,0.07996,0.93017
CVE-2008-0630,0.07996,0.93017
CVE-2008-0631,0.04187,0.86773
CVE-2008-0632,0.15142,0.95704
CVE-2008-0633,0.04187,0.86773
CVE-2008-0634,0.07687,0.92751
CVE-2008-0635,0.01213,0.6557
CVE-2008-0636,0.04482,0.88223
CVE-2008-0638,0.07525,0.92398
CVE-2008-0639,0.13234,0.95482
CVE-2008-0640,0.01213,0.6557
CVE-2008-0642,0.01213,0.6557
CVE-2008-0643,0.01319,0.70416
CVE-2008-0644,0.01319,0.70416
CVE-2008-0645,0.04187,0.86773
CVE-2008-0646,0.02686,0.82061
CVE-2008-0647,0.07687,0.92751
CVE-2008-0648,0.04187,0.86773
CVE-2008-0649,0.00986,0.35784
CVE-2008-0650,0.00986,0.35784
CVE-2008-0651,0.00986,0.35784
CVE-2008-0652,0.00986,0.35784
CVE-2008-0653,0.00986,0.35784
CVE-2008-0654,0.01055,0.50287
CVE-2008-0655,0.02686,0.82061
CVE-2008-0656,0.01319,0.70416
CVE-2008-0657,0.02686,0.82061
CVE-2008-0658,0.02528,0.8112
CVE-2008-0659,0.40588,0.98099
CVE-2008-0660,0.1127,0.94787
CVE-2008-0661,0.11409,0.94831
CVE-2008-0662,0.01104,0.52279
CVE-2008-0663,0.01018,0.38792
CVE-2008-0664,0.02172,0.79917
CVE-2008-0665,0.01104,0.52279
CVE-2008-0666,0.01104,0.52279
CVE-2008-0667,0.03932,0.8519
CVE-2008-0668,0.09915,0.94265
CVE-2008-0669,0.01055,0.50287
CVE-2008-0670,0.00986,0.35784
CVE-2008-0671,0.15607,0.95873
CVE-2008-0672,0.01319,0.70416
CVE-2008-0673,0.01319,0.70416
CVE-2008-0674,0.12248,0.95092
CVE-2008-0675,0.01213,0.6557
CVE-2008-0676,0.01055,0.50287
CVE-2008-0677,0.01055,0.50287
CVE-2008-0678,0.01136,0.57949
CVE-2008-0679,0.01136,0.57949
CVE-2008-0680,0.04482,0.88223
CVE-2008-0681,0.00986,0.35784
CVE-2008-0682,0.00986,0.35784
CVE-2008-0683,0.00986,0.35784
CVE-2008-0684,0.01917,0.77071
CVE-2008-0685,0.00986,0.35784
CVE-2008-0686,0.00986,0.35784
CVE-2008-0687,0.01213,0.6557
CVE-2008-0688,0.01917,0.77071
CVE-2008-0689,0.00986,0.35784
CVE-2008-0690,0.00986,0.35784
CVE-2008-0691,0.01917,0.77071
CVE-2008-0692,0.00986,0.35784
CVE-2008-0693,0.01213,0.6557
CVE-2008-0694,0.01213,0.6557
CVE-2008-0695,0.00986,0.35784
CVE-2008-0696,0.01018,0.38792
CVE-2008-0697,0.0095,0.30554
CVE-2008-0698,0.01018,0.38792
CVE-2008-0699,0.08336,0.93297
CVE-2008-0700,0.01917,0.77071
CVE-2008-0701,0.01213,0.6557
CVE-2008-0702,0.0929,0.93944
CVE-2008-0703,0.04482,0.88223
CVE-2008-0704,0.01319,0.70416
CVE-2008-0706,0.01108,0.53389
CVE-2008-0707,0.01034,0.39824
CVE-2008-0708,0.0095,0.30554
CVE-2008-0709,0.01232,0.66248
CVE-2008-0711,0.01408,0.72072
CVE-2008-0712,0.25374,0.96854
CVE-2008-0713,0.01315,0.67456
CVE-2008-0714,0.00986,0.35784
CVE-2008-0715,0.06309,0.90494
CVE-2008-0716,0.0095,0.30554
CVE-2008-0717,0.01213,0.6557
CVE-2008-0718,0.0095,0.30554
CVE-2008-0719,0.00986,0.35784
CVE-2008-0720,0.01319,0.70416
CVE-2008-0721,0.00986,0.35784
CVE-2008-0722,0.01917,0.77071
CVE-2008-0723,0.01917,0.77071
CVE-2008-0724,0.00954,0.34522
CVE-2008-0725,0.03696,0.84331
CVE-2008-0726,0.09915,0.94265
CVE-2008-0727,0.09085,0.93856
CVE-2008-0728,0.02686,0.82061
CVE-2008-0729,0.0323,0.83449
CVE-2008-0730,0.0095,0.30554
CVE-2008-0731,0.00885,0.26162
CVE-2008-0732,0.00885,0.26162
CVE-2008-0733,0.00986,0.35784
CVE-2008-0734,0.00986,0.35784
CVE-2008-0735,0.00986,0.35784
CVE-2008-0736,0.01319,0.70416
CVE-2008-0737,0.01319,0.70416
CVE-2008-0738,0.01136,0.57949
CVE-2008-0739,0.01136,0.57949
CVE-2008-0740,0.01034,0.39824
CVE-2008-0741,0.01108,0.53389
CVE-2008-0742,0.04187,0.86773
CVE-2008-0743,0.04187,0.86773
CVE-2008-0744,0.00986,0.35784
CVE-2008-0745,0.04187,0.86773
CVE-2008-0746,0.00986,0.35784
CVE-2008-0747,0.11409,0.94831
CVE-2008-0748,0.20096,0.96253
CVE-2008-0749,0.01917,0.77071
CVE-2008-0750,0.01319,0.70416
CVE-2008-0751,0.02945,0.82784
CVE-2008-0752,0.00986,0.35784
CVE-2008-0753,0.00986,0.35784
CVE-2008-0754,0.01213,0.6557
CVE-2008-0755,0.15607,0.95873
CVE-2008-0756,0.0679,0.91793
CVE-2008-0757,0.01213,0.6557
CVE-2008-0758,0.01319,0.70416
CVE-2008-0759,0.01319,0.70416
CVE-2008-0760,0.0679,0.91793
CVE-2008-0761,0.00986,0.35784
CVE-2008-0762,0.01136,0.57949
CVE-2008-0763,0.15607,0.95873
CVE-2008-0764,0.15607,0.95873
CVE-2008-0765,0.01213,0.6557
CVE-2008-0766,0.07777,0.92953
CVE-2008-0767,0.0679,0.91793
CVE-2008-0768,0.03425,0.8393
CVE-2008-0769,0.01213,0.6557
CVE-2008-0770,0.00986,0.35784
CVE-2008-0771,0.01213,0.6557
CVE-2008-0772,0.00986,0.35784
CVE-2008-0773,0.00986,0.35784
CVE-2008-0774,0.01055,0.50287
CVE-2008-0775,0.01319,0.70416
CVE-2008-0776,0.00986,0.35784
CVE-2008-0777,0.0095,0.30554
CVE-2008-0778,0.05942,0.90102
CVE-2008-0779,0.02172,0.79379
CVE-2008-0780,0.03407,0.83908
CVE-2008-0781,0.03407,0.83908
CVE-2008-0782,0.40588,0.98099
CVE-2008-0783,0.21871,0.96424
CVE-2008-0784,0.03779,0.84781
CVE-2008-0785,0.04386,0.87542
CVE-2008-0786,0.03407,0.83908
CVE-2008-0787,0.028,0.82308
CVE-2008-0788,0.01213,0.6557
CVE-2008-0789,0.01136,0.57949
CVE-2008-0790,0.0679,0.91793
CVE-2008-0791,0.01319,0.70416
CVE-2008-0792,0.01319,0.70416
CVE-2008-0793,0.01213,0.6557
CVE-2008-0794,0.04187,0.86773
CVE-2008-0795,0.00986,0.35784
CVE-2008-0796,0.00986,0.35784
CVE-2008-0797,0.01213,0.6557
CVE-2008-0798,0.04482,0.88223
CVE-2008-0799,0.00986,0.35784
CVE-2008-0800,0.00986,0.35784
CVE-2008-0801,0.00986,0.35784
CVE-2008-0802,0.00986,0.35784
CVE-2008-0803,0.04187,0.86773
CVE-2008-0804,0.04187,0.86773
CVE-2008-0805,0.07437,0.92309
CVE-2008-0806,0.01034,0.39824
CVE-2008-0807,0.02186,0.8012
CVE-2008-0808,0.01319,0.70416
CVE-2008-0809,0.01213,0.6557
CVE-2008-0810,0.00986,0.35784
CVE-2008-0811,0.00986,0.35784
CVE-2008-0812,0.04187,0.86773
CVE-2008-0813,0.04187,0.86773
CVE-2008-0814,0.04187,0.86773
CVE-2008-0815,0.00986,0.35784
CVE-2008-0816,0.00986,0.35784
CVE-2008-0817,0.00986,0.35784
CVE-2008-0818,0.04482,0.88223
CVE-2008-0819,0.01963,0.77709
CVE-2008-0820,0.01319,0.70416
CVE-2008-0821,0.00986,0.35784
CVE-2008-0822,0.01963,0.77709
CVE-2008-0823,0.01213,0.6557
CVE-2008-0824,0.00885,0.26162
CVE-2008-0825,0.01213,0.6557
CVE-2008-0826,0.01213,0.6557
CVE-2008-0827,0.00986,0.35784
CVE-2008-0828,0.01213,0.6557
CVE-2008-0829,0.00986,0.35784
CVE-2008-0830,0.04187,0.86773
CVE-2008-0831,0.01055,0.50287
CVE-2008-0832,0.01139,0.58345
CVE-2008-0833,0.00986,0.35784
CVE-2008-0834,0.01213,0.6557
CVE-2008-0835,0.00986,0.35784
CVE-2008-0836,0.0095,0.30554
CVE-2008-0837,0.01319,0.70416
CVE-2008-0838,0.03129,0.8316
CVE-2008-0839,0.01213,0.6557
CVE-2008-0840,0.02104,0.79086
CVE-2008-0841,0.00986,0.35784
CVE-2008-0842,0.00986,0.35784
CVE-2008-0843,0.01319,0.70416
CVE-2008-0844,0.00986,0.35784
CVE-2008-0845,0.00986,0.35784
CVE-2008-0846,0.00986,0.35784
CVE-2008-0847,0.00986,0.35784
CVE-2008-0848,0.01319,0.70416
CVE-2008-0849,0.01213,0.6557
CVE-2008-0850,0.01139,0.58345
CVE-2008-0851,0.02945,0.82784
CVE-2008-0852,0.04482,0.88223
CVE-2008-0853,0.00986,0.35784
CVE-2008-0854,0.00986,0.35784
CVE-2008-0855,0.00986,0.35784
CVE-2008-0856,0.01055,0.50287
CVE-2008-0857,0.00986,0.35784
CVE-2008-0858,0.06523,0.90962
CVE-2008-0859,0.01213,0.6557
CVE-2008-0860,0.01018,0.38792
CVE-2008-0861,0.01213,0.6557
CVE-2008-0862,0.06523,0.90962
CVE-2008-0863,0.01136,0.57949
CVE-2008-0864,0.01213,0.6557
CVE-2008-0865,0.01213,0.6557
CVE-2008-0866,0.01213,0.6557
CVE-2008-0867,0.01319,0.70416
CVE-2008-0868,0.01213,0.6557
CVE-2008-0869,0.01213,0.6557
CVE-2008-0870,0.01213,0.6557
CVE-2008-0871,0.71462,0.99148
CVE-2008-0872,0.02945,0.82784
CVE-2008-0873,0.00986,0.35784
CVE-2008-0874,0.00986,0.35784
CVE-2008-0875,0.01213,0.6557
CVE-2008-0876,0.01213,0.6557
CVE-2008-0877,0.01917,0.77071
CVE-2008-0878,0.00986,0.35784
CVE-2008-0879,0.01139,0.58345
CVE-2008-0880,0.00986,0.35784
CVE-2008-0881,0.00986,0.35784
CVE-2008-0882,0.08228,0.93218
CVE-2008-0883,0.01547,0.74085
CVE-2008-0884,0.01034,0.39824
CVE-2008-0887,0.02528,0.8112
CVE-2008-0888,0.06604,0.91138
CVE-2008-0889,0.01592,0.74578
CVE-2008-0890,0.01592,0.74578
CVE-2008-0891,0.07559,0.92528
CVE-2008-0892,0.02186,0.8012
CVE-2008-0893,0.01974,0.7812
CVE-2008-0894,0.01213,0.6557
CVE-2008-0895,0.01213,0.6557
CVE-2008-0896,0.0095,0.30554
CVE-2008-0897,0.01132,0.54372
CVE-2008-0898,0.01213,0.6557
CVE-2008-0899,0.01213,0.6557
CVE-2008-0900,0.01132,0.54372
CVE-2008-0901,0.01319,0.70416
CVE-2008-0902,0.01136,0.57949
CVE-2008-0903,0.01213,0.6557
CVE-2008-0904,0.01213,0.6557
CVE-2008-0905,0.04187,0.86773
CVE-2008-0906,0.00986,0.35784
CVE-2008-0907,0.00986,0.35784
CVE-2008-0908,0.01136,0.57949
CVE-2008-0909,0.01055,0.50287
CVE-2008-0910,0.01319,0.70416
CVE-2008-0911,0.00986,0.35784
CVE-2008-0912,0.16668,0.95965
CVE-2008-0913,0.01055,0.50287
CVE-2008-0914,0.01319,0.70416
CVE-2008-0915,0.01213,0.6557
CVE-2008-0916,0.00986,0.35784
CVE-2008-0917,0.01213,0.6557
CVE-2008-0918,0.01055,0.50287
CVE-2008-0919,0.01408,0.72072
CVE-2008-0920,0.01232,0.66248
CVE-2008-0921,0.00986,0.35784
CVE-2008-0922,0.00986,0.35784
CVE-2008-0923,0.01547,0.74085
CVE-2008-0924,0.04967,0.88981
CVE-2008-0925,0.01408,0.72072
CVE-2008-0926,0.74813,0.99282
CVE-2008-0927,0.40848,0.98127
CVE-2008-0928,0.01547,0.74085
CVE-2008-0930,0.0095,0.30554
CVE-2008-0931,0.0095,0.30554
CVE-2008-0932,0.03779,0.84781
CVE-2008-0933,0.01034,0.39824
CVE-2008-0934,0.00986,0.35784
CVE-2008-0935,0.75552,0.99318
CVE-2008-0936,0.00986,0.35784
CVE-2008-0937,0.00986,0.35784
CVE-2008-0938,0.01034,0.39824
CVE-2008-0939,0.04386,0.87542
CVE-2008-0940,0.01136,0.57949
CVE-2008-0941,0.01213,0.6557
CVE-2008-0942,0.00986,0.35784
CVE-2008-0943,0.00986,0.35784
CVE-2008-0944,0.04482,0.88223
CVE-2008-0945,0.01232,0.66248
CVE-2008-0946,0.01132,0.54372
CVE-2008-0947,0.12248,0.95092
CVE-2008-0948,0.06604,0.91138
CVE-2008-0949,0.01408,0.72072
CVE-2008-0951,0.406,0.98111
CVE-2008-0952,0.10995,0.94626999999999994
CVE-2008-0953,0.10995,0.94626999999999994
CVE-2008-0955,0.71462,0.99148
CVE-2008-0956,0.1127,0.94787
CVE-2008-0957,0.06309,0.90494
CVE-2008-0958,0.09915,0.94265
CVE-2008-0959,0.09915,0.94265
CVE-2008-0960,0.15272,0.95729
CVE-2008-0961,0.01319,0.70416
CVE-2008-0962,0.06337,0.90513
CVE-2008-0963,0.06739,0.91208
CVE-2008-0964,0.39729,0.98024
CVE-2008-0965,0.09915,0.94265
CVE-2008-0967,0.01282,0.67298
CVE-2008-0971,0.01232,0.66248
CVE-2008-0973,0.01319,0.70416
CVE-2008-0974,0.01319,0.70416
CVE-2008-0975,0.01319,0.70416
CVE-2008-0976,0.01319,0.70416
CVE-2008-0977,0.01319,0.70416
CVE-2008-0978,0.01319,0.70416
CVE-2008-0979,0.01319,0.70416
CVE-2008-0980,0.01917,0.77071
CVE-2008-0981,0.01213,0.6557
CVE-2008-0982,0.04187,0.86773
CVE-2008-0983,0.03779,0.84781
CVE-2008-0984,0.09915,0.94265
CVE-2008-0985,0.15142,0.95704
CVE-2008-0986,0.15142,0.95704
CVE-2008-0987,0.09174,0.9391
CVE-2008-0988,0.01183,0.60428
CVE-2008-0989,0.02694,0.82068
CVE-2008-0990,0.01282,0.67298
CVE-2008-0992,0.03009,0.82821
CVE-2008-0993,0.01104,0.52279
CVE-2008-0994,0.01537,0.73595
CVE-2008-0995,0.01537,0.73595
CVE-2008-0996,0.01282,0.67298
CVE-2008-0997,0.04169,0.85428
CVE-2008-0998,0.02694,0.82068
CVE-2008-0999,0.01537,0.73595
CVE-2008-1000,0.09659,0.94
CVE-2008-10001,0.00885,0.26162
CVE-2008-1001,0.01408,0.72072
CVE-2008-1002,0.01955,0.77585
CVE-2008-1003,0.01776,0.75902
CVE-2008-1004,0.01776,0.75902
CVE-2008-1005,0.01282,0.67298
CVE-2008-1006,0.01776,0.75902
CVE-2008-1007,0.01776,0.75902
CVE-2008-1008,0.01776,0.75902
CVE-2008-1009,0.01776,0.75902
CVE-2008-1010,0.09174,0.9391
CVE-2008-1011,0.01955,0.77585
CVE-2008-1012,0.01319,0.70416
CVE-2008-1013,0.05903,0.90071
CVE-2008-1014,0.01319,0.70416
CVE-2008-1015,0.09174,0.9391
CVE-2008-1016,0.05903,0.90071
CVE-2008-1017,0.09174,0.9391
CVE-2008-1018,0.09174,0.9391
CVE-2008-1019,0.09174,0.9391
CVE-2008-1020,0.09174,0.9391
CVE-2008-1021,0.09174,0.9391
CVE-2008-1022,0.09174,0.9391
CVE-2008-1023,0.05903,0.90071
CVE-2008-1024,0.03914,0.84984
CVE-2008-1025,0.01955,0.77585
CVE-2008-1026,0.09174,0.9391
CVE-2008-1027,0.01408,0.72072
CVE-2008-1028,0.04169,0.85428
CVE-2008-1030,0.0196,0.77594
CVE-2008-1031,0.04169,0.85428
CVE-2008-1032,0.0628,0.90355
CVE-2008-1033,0.01104,0.52279
CVE-2008-1034,0.06154,0.90253
CVE-2008-1035,0.40514,0.9805
CVE-2008-1036,0.03407,0.83908
CVE-2008-1037,0.01917,0.77071
CVE-2008-1038,0.04187,0.86773
CVE-2008-1039,0.00986,0.35784
CVE-2008-1040,0.06523,0.90962
CVE-2008-1041,0.01136,0.57949
CVE-2008-1042,0.04187,0.86773
CVE-2008-1043,0.04187,0.86773
CVE-2008-1044,0.07687,0.92751
CVE-2008-1045,0.01917,0.77071
CVE-2008-1046,0.04187,0.86773
CVE-2008-1047,0.01213,0.6557
CVE-2008-1048,0.01213,0.6557
CVE-2008-1049,0.01018,0.38792
CVE-2008-1050,0.00986,0.35784
CVE-2008-1051,0.04187,0.86773
CVE-2008-1052,0.0679,0.91793
CVE-2008-1053,0.00986,0.35784
CVE-2008-1054,0.25682,0.96885
CVE-2008-1055,0.48419,0.98505
CVE-2008-1056,0.0095,0.30554
CVE-2008-1057,0.01018,0.38792
CVE-2008-1058,0.01108,0.53389
CVE-2008-1059,0.01319,0.70416
CVE-2008-1060,0.01319,0.70416
CVE-2008-1061,0.01319,0.70416
CVE-2008-1062,0.01055,0.50287
CVE-2008-1063,0.01055,0.50287
CVE-2008-1064,0.01055,0.50287
CVE-2008-1065,0.01136,0.57949
CVE-2008-1066,0.02686,0.82061
CVE-2008-1067,0.01055,0.50287
CVE-2008-1068,0.01055,0.50287
CVE-2008-1069,0.04187,0.86773
CVE-2008-1070,0.04358,0.87435
CVE-2008-1071,0.03932,0.8519
CVE-2008-1072,0.03932,0.8519
CVE-2008-1073,0.01213,0.6557
CVE-2008-1074,0.04482,0.88223
CVE-2008-1075,0.01055,0.50287
CVE-2008-1076,0.01136,0.57949
CVE-2008-1077,0.00986,0.35784
CVE-2008-1078,0.01282,0.67298
CVE-2008-1079,0.01213,0.6557
CVE-2008-1080,0.01776,0.75902
CVE-2008-1081,0.01776,0.75902
CVE-2008-1082,0.01776,0.75902
CVE-2008-1083,0.63976,0.98955
CVE-2008-1084,0.03844,0.84855
CVE-2008-1085,0.46718,0.98435
CVE-2008-1086,0.46718,0.98435
CVE-2008-1087,0.46718,0.98435
CVE-2008-1088,0.46718,0.98435
CVE-2008-1089,0.46718,0.98435
CVE-2008-1090,0.46718,0.98435
CVE-2008-1091,0.46718,0.98435
CVE-2008-1092,0.406,0.98111
CVE-2008-1093,0.01183,0.60428
CVE-2008-1094,0.01139,0.58345
CVE-2008-1095,0.01315,0.67456
CVE-2008-1096,0.06604,0.91138
CVE-2008-1097,0.06604,0.91138
CVE-2008-1098,0.03407,0.83908
CVE-2008-1099,0.03779,0.84781
CVE-2008-1100,0.12248,0.95092
CVE-2008-1101,0.09915,0.94265
CVE-2008-1102,0.09915,0.94265
CVE-2008-1103,0.01183,0.60428
CVE-2008-1104,0.08252,0.93221
CVE-2008-1105,0.18601,0.96147
CVE-2008-1106,0.01408,0.72072
CVE-2008-1107,0.07525,0.92398
CVE-2008-1108,0.09915,0.94265
CVE-2008-1109,0.09915,0.94265
CVE-2008-1110,0.06604,0.91138
CVE-2008-1111,0.04358,0.87435
CVE-2008-1113,0.01108,0.53389
CVE-2008-1114,0.01018,0.38792
CVE-2008-1115,0.0095,0.30554
CVE-2008-1116,0.07437,0.92309
CVE-2008-1117,0.83707,0.9959
CVE-2008-1118,0.01319,0.70416
CVE-2008-1119,0.04187,0.86773
CVE-2008-1120,0.01737,0.75211
CVE-2008-1121,0.00986,0.35784
CVE-2008-1122,0.00986,0.35784
CVE-2008-1123,0.04187,0.86773
CVE-2008-1124,0.01055,0.50287
CVE-2008-1125,0.01055,0.50287
CVE-2008-1126,0.04187,0.86773
CVE-2008-1127,0.06262,0.90346
CVE-2008-1128,0.04187,0.86773
CVE-2008-1129,0.01917,0.77071
CVE-2008-1130,0.0095,0.30554
CVE-2008-1131,0.01061,0.51015
CVE-2008-1132,0.02172,0.79279
CVE-2008-1133,0.01136,0.57949
CVE-2008-1134,0.04187,0.86773
CVE-2008-1135,0.01213,0.6557
CVE-2008-1136,0.10995,0.94626999999999994
CVE-2008-1137,0.00986,0.35784
CVE-2008-1138,0.01761,0.7555
CVE-2008-1139,0.01761,0.7555
CVE-2008-1140,0.01761,0.7555
CVE-2008-1141,0.01761,0.7555
CVE-2008-1142,0.01547,0.74085
CVE-2008-1144,0.03941,0.85207
CVE-2008-1145,0.12567,0.95329
CVE-2008-1146,0.01319,0.70416
CVE-2008-1147,0.01955,0.77585
CVE-2008-1148,0.01319,0.70416
CVE-2008-1149,0.02686,0.82061
CVE-2008-1150,0.01408,0.72072
CVE-2008-1151,0.01408,0.72072
CVE-2008-1152,0.01408,0.72072
CVE-2008-1153,0.01974,0.7812
CVE-2008-1154,0.07777,0.92953
CVE-2008-1155,0.01319,0.70416
CVE-2008-1156,0.01408,0.72072
CVE-2008-1157,0.01319,0.70416
CVE-2008-1158,0.01319,0.70416
CVE-2008-1159,0.01319,0.70416
CVE-2008-1160,0.0679,0.91793
CVE-2008-1161,0.06604,0.91138
CVE-2008-1162,0.00986,0.35784
CVE-2008-1163,0.00986,0.35784
CVE-2008-1164,0.00986,0.35784
CVE-2008-1165,0.01136,0.57949
CVE-2008-1166,0.01136,0.57949
CVE-2008-1167,0.1127,0.94787
CVE-2008-1168,0.01776,0.75902
CVE-2008-1169,0.04187,0.86773
CVE-2008-1170,0.04482,0.88223
CVE-2008-1171,0.01213,0.6557
CVE-2008-1172,0.01136,0.57949
CVE-2008-1173,0.01917,0.77071
CVE-2008-1174,0.01917,0.77071
CVE-2008-1175,0.01055,0.50287
CVE-2008-1176,0.01055,0.50287
CVE-2008-1177,0.01055,0.50287
CVE-2008-1178,0.0679,0.91793
CVE-2008-1179,0.01213,0.6557
CVE-2008-1180,0.02945,0.82784
CVE-2008-1181,0.04187,0.86773
CVE-2008-1182,0.01213,0.6557
CVE-2008-1183,0.01213,0.6557
CVE-2008-1184,0.01183,0.60428
CVE-2008-1185,0.03932,0.8519
CVE-2008-1186,0.03932,0.8519
CVE-2008-1187,0.06604,0.91138
CVE-2008-1188,0.09915,0.94265
CVE-2008-1189,0.09915,0.94265
CVE-2008-1190,0.03932,0.8519
CVE-2008-1191,0.03932,0.8519
CVE-2008-1192,0.03932,0.8519
CVE-2008-1193,0.15272,0.95729
CVE-2008-1194,0.03932,0.8519
CVE-2008-1195,0.03932,0.8519
CVE-2008-1196,0.09915,0.94265
CVE-2008-1197,0.03941,0.85207
CVE-2008-1198,0.01213,0.6557
CVE-2008-1199,0.01547,0.74085
CVE-2008-1200,0.14208,0.95611
CVE-2008-1201,0.07996,0.93017
CVE-2008-1202,0.01776,0.75902
CVE-2008-1203,0.01319,0.70416
CVE-2008-1204,0.01213,0.6557
CVE-2008-1205,0.0095,0.30554
CVE-2008-1206,0.04967,0.88981
CVE-2008-1207,0.01319,0.70416
CVE-2008-1208,0.03129,0.8316
CVE-2008-1209,0.01136,0.57949
CVE-2008-1210,0.04146,0.85406
CVE-2008-1211,0.01136,0.57949
CVE-2008-1212,0.01055,0.50287
CVE-2008-1213,0.01136,0.57949
CVE-2008-1214,0.04679,0.88603
CVE-2008-1215,0.0322,0.83442
CVE-2008-1216,0.01213,0.6557
CVE-2008-1217,0.04522,0.88274
CVE-2008-1218,0.12567,0.95329
CVE-2008-1219,0.01139,0.58345
CVE-2008-1220,0.00986,0.35784
CVE-2008-1221,0.0679,0.91793
CVE-2008-1222,0.01319,0.70416
CVE-2008-1223,0.01755,0.75287
CVE-2008-1224,0.01136,0.57949
CVE-2008-1225,0.02945,0.82784
CVE-2008-1226,0.01319,0.70416
CVE-2008-1227,0.07544,0.92484
CVE-2008-1228,0.01917,0.77071
CVE-2008-1229,0.01319,0.70416
CVE-2008-1230,0.01319,0.70416
CVE-2008-1231,0.01319,0.70416
CVE-2008-1232,0.7024,0.99118
CVE-2008-1233,0.09915,0.94265
CVE-2008-1234,0.03932,0.8519
CVE-2008-1235,0.09915,0.94265
CVE-2008-1236,0.06604,0.91138
CVE-2008-1237,0.06604,0.91138
CVE-2008-1238,0.04358,0.87435
CVE-2008-1240,0.04358,0.87435
CVE-2008-1241,0.03932,0.8519
CVE-2008-1242,0.01213,0.6557
CVE-2008-1243,0.01213,0.6557
CVE-2008-1244,0.01319,0.70416
CVE-2008-1245,0.01213,0.6557
CVE-2008-1246,0.01282,0.67298
CVE-2008-1247,0.10995,0.94626999999999994
CVE-2008-1248,0.01136,0.57949
CVE-2008-1249,0.01055,0.50287
CVE-2008-1250,0.01213,0.6557
CVE-2008-1251,0.01213,0.6557
CVE-2008-1252,0.01213,0.6557
CVE-2008-1253,0.01213,0.6557
CVE-2008-1254,0.01136,0.57949
CVE-2008-1255,0.01136,0.57949
CVE-2008-1256,0.01136,0.57949
CVE-2008-1257,0.01136,0.57949
CVE-2008-1258,0.01213,0.6557
CVE-2008-1259,0.01136,0.57949
CVE-2008-1260,0.01136,0.57949
CVE-2008-1261,0.01136,0.57949
CVE-2008-1262,0.10995,0.94626999999999994
CVE-2008-1263,0.01061,0.51015
CVE-2008-1264,0.01136,0.57949
CVE-2008-1265,0.01136,0.57949
CVE-2008-1266,0.01213,0.6557
CVE-2008-1267,0.01213,0.6557
CVE-2008-1268,0.01213,0.6557
CVE-2008-1269,0.01213,0.6557
CVE-2008-1270,0.12567,0.95329
CVE-2008-1272,0.00986,0.35784
CVE-2008-1273,0.01917,0.77071
CVE-2008-1274,0.01755,0.75287
CVE-2008-1275,0.0679,0.91793
CVE-2008-1276,0.32173,0.97492
CVE-2008-1277,0.0629,0.90361
CVE-2008-1278,0.0679,0.91793
CVE-2008-1279,0.01319,0.70416
CVE-2008-1280,0.01319,0.70416
CVE-2008-1281,0.0679,0.91793
CVE-2008-1282,0.07525,0.92398
CVE-2008-1283,0.01917,0.77071
CVE-2008-1284,0.02186,0.8012
CVE-2008-1285,0.03407,0.83908
CVE-2008-1286,0.01319,0.70416
CVE-2008-1287,0.01319,0.70416
CVE-2008-1288,0.01319,0.70416
CVE-2008-1289,0.12567,0.95329
CVE-2008-1290,0.01408,0.72072
CVE-2008-1291,0.01408,0.72072
CVE-2008-1292,0.01408,0.72072
CVE-2008-1293,0.02172,0.79917
CVE-2008-1294,0.01282,0.67298
CVE-2008-1295,0.00986,0.35784
CVE-2008-1296,0.01917,0.77071
CVE-2008-1297,0.00986,0.35784
CVE-2008-1298,0.01139,0.58345
CVE-2008-1299,0.01055,0.50287
CVE-2008-1300,0.01917,0.77071
CVE-2008-1301,0.04482,0.88223
CVE-2008-1302,0.01408,0.72072
CVE-2008-1303,0.0679,0.91793
CVE-2008-1304,0.02945,0.82784
CVE-2008-1305,0.00986,0.35784
CVE-2008-1306,0.01213,0.6557
CVE-2008-1307,0.07687,0.92751
CVE-2008-1308,0.00986,0.35784
CVE-2008-1309,0.71986000000000006,0.9917
CVE-2008-1310,0.01319,0.70416
CVE-2008-1311,0.69874,0.99098
CVE-2008-1312,0.01319,0.70416
CVE-2008-1313,0.00986,0.35784
CVE-2008-1314,0.00986,0.35784
CVE-2008-1315,0.00986,0.35784
CVE-2008-1316,0.00986,0.35784
CVE-2008-1317,0.0095,0.30554
CVE-2008-1318,0.01319,0.70416
CVE-2008-1319,0.05356,0.89424
CVE-2008-1320,0.07544,0.92484
CVE-2008-1321,0.01408,0.72072
CVE-2008-1322,0.01408,0.72072
CVE-2008-1323,0.01136,0.57949
CVE-2008-1324,0.04187,0.86773
CVE-2008-1325,0.04187,0.86773
CVE-2008-1326,0.01917,0.77071
CVE-2008-1327,0.0679,0.91793
CVE-2008-1328,0.20617,0.96295
CVE-2008-1329,0.01319,0.70416
CVE-2008-1330,0.01232,0.66248
CVE-2008-1331,0.07197,0.92068
CVE-2008-1332,0.03779,0.84781
CVE-2008-1333,0.09915,0.94265
CVE-2008-1334,0.01213,0.6557
CVE-2008-1335,0.01213,0.6557
CVE-2008-1336,0.01139,0.58345
CVE-2008-1337,0.01319,0.70416
CVE-2008-1338,0.01408,0.72072
CVE-2008-1340,0.02686,0.82061
CVE-2008-1341,0.01136,0.57949
CVE-2008-1342,0.01055,0.50287
CVE-2008-1343,0.0095,0.30554
CVE-2008-1344,0.01213,0.6557
CVE-2008-1345,0.01213,0.6557
CVE-2008-1346,0.01213,0.6557
CVE-2008-1347,0.01213,0.6557
CVE-2008-1348,0.01917,0.77071
CVE-2008-1349,0.01139,0.58345
CVE-2008-1350,0.01139,0.58345
CVE-2008-1351,0.00986,0.35784
CVE-2008-1352,0.01213,0.6557
CVE-2008-1353,0.0679,0.91793
CVE-2008-1354,0.00986,0.35784
CVE-2008-1355,0.01917,0.77071
CVE-2008-1356,0.01034,0.39824
CVE-2008-1357,0.34394,0.97618
CVE-2008-1358,0.57772,0.98769
CVE-2008-1359,0.01213,0.6557
CVE-2008-1360,0.01319,0.70416
CVE-2008-1361,0.01547,0.74085
CVE-2008-1362,0.01547,0.74085
CVE-2008-1363,0.01547,0.74085
CVE-2008-1364,0.01547,0.74085
CVE-2008-1365,0.60833,0.98854
CVE-2008-1366,0.01213,0.6557
CVE-2008-1367,0.02686,0.82061
CVE-2008-1368,0.13782,0.95593
CVE-2008-1369,0.01319,0.70416
CVE-2008-1370,0.04187,0.86773
CVE-2008-1371,0.01963,0.77709
CVE-2008-1372,0.03932,0.8519
CVE-2008-1373,0.04358,0.87435
CVE-2008-1374,0.0628,0.90355
CVE-2008-1375,0.01547,0.74085
CVE-2008-1376,0.01408,0.72072
CVE-2008-1377,0.03481,0.84053
CVE-2008-1379,0.01547,0.74085
CVE-2008-1380,0.03932,0.8519
CVE-2008-1381,0.01408,0.72072
CVE-2008-1382,0.04229,0.86856
CVE-2008-1383,0.01034,0.39824
CVE-2008-1384,0.02686,0.82061
CVE-2008-1385,0.04894,0.88891
CVE-2008-1386,0.01408,0.72072
CVE-2008-1387,0.03932,0.8519
CVE-2008-1389,0.04358,0.87435
CVE-2008-1390,0.02172,0.79917
CVE-2008-1391,0.24062,0.96648
CVE-2008-1392,0.01537,0.73595
CVE-2008-1393,0.01319,0.70416
CVE-2008-1394,0.01213,0.6557
CVE-2008-1395,0.01018,0.38792
CVE-2008-1396,0.01213,0.6557
CVE-2008-1397,0.01649,0.75017
CVE-2008-1398,0.00986,0.35784
CVE-2008-1399,0.01136,0.57949
CVE-2008-1400,0.01213,0.6557
CVE-2008-1401,0.06309,0.90494
CVE-2008-1402,0.01213,0.6557
CVE-2008-1403,0.07437,0.92309
CVE-2008-1404,0.00986,0.35784
CVE-2008-1405,0.04482,0.88223
CVE-2008-1406,0.00986,0.35784
CVE-2008-1407,0.00986,0.35784
CVE-2008-1408,0.01139,0.58345
CVE-2008-1409,0.04187,0.86773
CVE-2008-1410,0.01408,0.72072
CVE-2008-1411,0.01408,0.72072
CVE-2008-1412,0.06604,0.91138
CVE-2008-1413,0.01917,0.77071
CVE-2008-1414,0.01319,0.70416
CVE-2008-1415,0.01213,0.6557
CVE-2008-1416,0.04482,0.88223
CVE-2008-1417,0.00885,0.26162
CVE-2008-1419,0.03932,0.8519
CVE-2008-1420,0.09915,0.94265
CVE-2008-1423,0.06604,0.91138
CVE-2008-1425,0.00986,0.35784
CVE-2008-1426,0.00986,0.35784
CVE-2008-1427,0.00986,0.35784
CVE-2008-1428,0.01136,0.57949
CVE-2008-1429,0.01408,0.72072
CVE-2008-1430,0.00986,0.35784
CVE-2008-1431,0.0095,0.30554
CVE-2008-1432,0.01055,0.50287
CVE-2008-1434,0.46718,0.98435
CVE-2008-1435,0.406,0.98111
CVE-2008-1436,0.59704,0.98826
CVE-2008-1437,0.10169,0.94316
CVE-2008-1438,0.10169,0.94316
CVE-2008-1440,0.16864,0.95983
CVE-2008-1441,0.16864,0.95983
CVE-2008-1442,0.46718,0.98435
CVE-2008-1444,0.46718,0.98435
CVE-2008-1445,0.20648,0.96329
CVE-2008-1446,0.36902,0.97803
CVE-2008-1447,0.76256,0.99337
CVE-2008-1448,0.20648,0.96329
CVE-2008-1451,0.03765,0.84408
CVE-2008-1453,0.14039,0.95599
CVE-2008-1454,0.16864,0.95983
CVE-2008-1455,0.46718,0.98435
CVE-2008-1456,0.44203,0.98231
CVE-2008-1457,0.44203,0.98231
CVE-2008-1458,0.01917,0.77071
CVE-2008-1459,0.00986,0.35784
CVE-2008-1460,0.00986,0.35784
CVE-2008-1461,0.07437,0.92309
CVE-2008-1462,0.00986,0.35784
CVE-2008-1463,0.01917,0.77071
CVE-2008-1464,0.01055,0.50287
CVE-2008-1465,0.00986,0.35784
CVE-2008-1466,0.04187,0.86773
CVE-2008-1467,0.07197,0.92068
CVE-2008-1468,0.03407,0.83908
CVE-2008-1469,0.01055,0.50287
CVE-2008-1470,0.01917,0.77071
CVE-2008-1471,0.05625,0.89579
CVE-2008-1472,0.66559,0.99004
CVE-2008-1473,0.01034,0.39824
CVE-2008-1474,0.02686,0.82061
CVE-2008-1475,0.02686,0.82061
CVE-2008-1476,0.01319,0.70416
CVE-2008-1477,0.01213,0.6557
CVE-2008-1478,0.04482,0.88223
CVE-2008-1479,0.01917,0.77071
CVE-2008-1480,0.10995,0.94626999999999994
CVE-2008-1481,0.01917,0.77071
CVE-2008-1482,0.44712,0.98253
CVE-2008-1483,0.01547,0.74085
CVE-2008-1484,0.0629,0.90361
CVE-2008-1485,0.01136,0.57949
CVE-2008-1486,0.01213,0.6557
CVE-2008-1487,0.01136,0.57949
CVE-2008-1488,0.28823,0.97188
CVE-2008-1489,0.06604,0.91138
CVE-2008-1490,0.06309,0.90494
CVE-2008-1491,0.75392,0.99312
CVE-2008-1492,0.07197,0.92068
CVE-2008-1493,0.04187,0.86773
CVE-2008-1494,0.01136,0.57949
CVE-2008-1495,0.01132,0.54372
CVE-2008-1496,0.01319,0.70416
CVE-2008-1497,0.06337,0.90513
CVE-2008-1498,0.06262,0.90346
CVE-2008-1499,0.01917,0.77071
CVE-2008-1500,0.01917,0.77071
CVE-2008-1501,0.12567,0.95329
CVE-2008-1502,0.03932,0.8519
CVE-2008-1503,0.01213,0.6557
CVE-2008-1504,0.01917,0.77071
CVE-2008-1505,0.04187,0.86773
CVE-2008-1506,0.01136,0.57949
CVE-2008-1507,0.01136,0.57949
CVE-2008-1508,0.00986,0.35784
CVE-2008-1509,0.00986,0.35784
CVE-2008-1510,0.01917,0.77071
CVE-2008-1511,0.04187,0.86773
CVE-2008-1512,0.04187,0.86773
CVE-2008-1513,0.00986,0.35784
CVE-2008-1514,0.01547,0.74085
CVE-2008-1515,0.01408,0.72072
CVE-2008-1517,0.01104,0.52279
CVE-2008-1518,0.01034,0.39824
CVE-2008-1521,0.01061,0.51015
CVE-2008-1522,0.01213,0.6557
CVE-2008-1523,0.01213,0.6557
CVE-2008-1524,0.01136,0.57949
CVE-2008-1525,0.01136,0.57949
CVE-2008-1526,0.00954,0.34522
CVE-2008-1527,0.01136,0.57949
CVE-2008-1528,0.01132,0.54372
CVE-2008-1529,0.01213,0.6557
CVE-2008-1530,0.05288,0.89317
CVE-2008-1531,0.04358,0.87435
CVE-2008-1532,0.02172,0.79917
CVE-2008-1533,0.01213,0.6557
CVE-2008-1534,0.0679,0.91793
CVE-2008-1535,0.00986,0.35784
CVE-2008-1536,0.01213,0.6557
CVE-2008-1537,0.0679,0.91793
CVE-2008-1538,0.01055,0.50287
CVE-2008-1539,0.01136,0.57949
CVE-2008-1540,0.00986,0.35784
CVE-2008-1541,0.0679,0.91793
CVE-2008-1542,0.01136,0.57949
CVE-2008-1543,0.01055,0.50287
CVE-2008-1544,0.23038,0.96506
CVE-2008-1545,0.13782,0.95593
CVE-2008-1546,0.01213,0.6557
CVE-2008-1547,0.51093,0.98641
CVE-2008-1548,0.01213,0.6557
CVE-2008-1549,0.01213,0.6557
CVE-2008-1550,0.01213,0.6557
CVE-2008-1551,0.00986,0.35784
CVE-2008-1552,0.09915,0.94265
CVE-2008-1553,0.04187,0.86773
CVE-2008-1554,0.00986,0.35784
CVE-2008-1555,0.01319,0.70416
CVE-2008-1556,0.01319,0.70416
CVE-2008-1557,0.01213,0.6557
CVE-2008-1558,0.40588,0.98099
CVE-2008-1559,0.00986,0.35784
CVE-2008-1560,0.01917,0.77071
CVE-2008-1561,0.12567,0.95329
CVE-2008-1562,0.64524,0.98966
CVE-2008-1563,0.12567,0.95329
CVE-2008-1564,0.04482,0.88223
CVE-2008-1565,0.04187,0.86773
CVE-2008-1566,0.01136,0.57949
CVE-2008-1567,0.0314,0.83163
CVE-2008-1568,0.01537,0.73595
CVE-2008-1569,0.01282,0.67298
CVE-2008-1570,0.0095,0.30554
CVE-2008-1571,0.01408,0.72072
CVE-2008-1572,0.01104,0.52279
CVE-2008-1573,0.01955,0.77585
CVE-2008-1574,0.04169,0.85428
CVE-2008-1575,0.0628,0.90355
CVE-2008-1576,0.04169,0.85428
CVE-2008-1577,0.04169,0.85428
CVE-2008-1578,0.01104,0.52279
CVE-2008-1579,0.01319,0.70416
CVE-2008-1580,0.01183,0.60428
CVE-2008-1581,0.06154,0.90253
CVE-2008-1582,0.06154,0.90253
CVE-2008-1583,0.06154,0.90253
CVE-2008-1584,0.06154,0.90253
CVE-2008-1585,0.03407,0.83908
CVE-2008-1586,0.01408,0.72072
CVE-2008-1588,0.01776,0.75902
CVE-2008-1589,0.01319,0.70416
CVE-2008-1590,0.04146,0.85406
CVE-2008-1591,0.00986,0.35784
CVE-2008-1592,0.01592,0.74578
CVE-2008-1593,0.01282,0.67298
CVE-2008-1594,0.01282,0.67298
CVE-2008-1595,0.01282,0.67298
CVE-2008-1596,0.01755,0.75287
CVE-2008-1597,0.01282,0.67298
CVE-2008-1598,0.01034,0.39824
CVE-2008-1599,0.01282,0.67298
CVE-2008-1600,0.01282,0.67298
CVE-2008-1601,0.01282,0.67298
CVE-2008-1602,0.75392,0.99312
CVE-2008-1603,0.01213,0.6557
CVE-2008-1604,0.01319,0.70416
CVE-2008-1605,0.02104,0.79086
CVE-2008-1606,0.05931,0.90093
CVE-2008-1607,0.00986,0.35784
CVE-2008-1608,0.00986,0.35784
CVE-2008-1609,0.01319,0.70416
CVE-2008-1610,0.63115,0.98924
CVE-2008-1611,0.63115,0.98924
CVE-2008-1612,0.02686,0.82061
CVE-2008-1614,0.01282,0.67298
CVE-2008-1615,0.01547,0.74085
CVE-2008-1617,0.06309,0.90494
CVE-2008-1618,0.01319,0.70416
CVE-2008-1619,0.01108,0.53389
CVE-2008-1620,0.0679,0.91793
CVE-2008-1621,0.01917,0.77071
CVE-2008-1622,0.01055,0.50287
CVE-2008-1623,0.00986,0.35784
CVE-2008-1624,0.04187,0.86773
CVE-2008-1625,0.01104,0.52279
CVE-2008-1626,0.01213,0.6557
CVE-2008-1627,0.01132,0.54372
CVE-2008-1628,0.09085,0.93856
CVE-2008-1629,0.01213,0.6557
CVE-2008-1630,0.01213,0.6557
CVE-2008-1631,0.01213,0.6557
CVE-2008-1632,0.01055,0.50287
CVE-2008-1633,0.01018,0.38792
CVE-2008-1634,0.01136,0.57949
CVE-2008-1635,0.04187,0.86773
CVE-2008-1636,0.01136,0.57949
CVE-2008-1637,0.03779,0.84781
CVE-2008-1638,0.0095,0.30554
CVE-2008-1639,0.00986,0.35784
CVE-2008-1640,0.00986,0.35784
CVE-2008-1641,0.00986,0.35784
CVE-2008-1642,0.01136,0.57949
CVE-2008-1643,0.01319,0.70416
CVE-2008-1644,0.01136,0.57949
CVE-2008-1645,0.04187,0.86773
CVE-2008-1646,0.00986,0.35784
CVE-2008-1647,0.0679,0.91793
CVE-2008-1648,0.01974,0.7812
CVE-2008-1649,0.01319,0.70416
CVE-2008-1650,0.01319,0.70416
CVE-2008-1651,0.01319,0.70416
CVE-2008-1652,0.01213,0.6557
CVE-2008-1653,0.01136,0.57949
CVE-2008-1654,0.03932,0.8519
CVE-2008-1655,0.03932,0.8519
CVE-2008-1656,0.01319,0.70416
CVE-2008-1657,0.02528,0.8112
CVE-2008-1658,0.02172,0.79379
CVE-2008-1659,0.01104,0.52279
CVE-2008-1660,0.01104,0.52279
CVE-2008-1661,0.87248,0.99731
CVE-2008-1662,0.01408,0.72072
CVE-2008-1663,0.01319,0.70416
CVE-2008-1664,0.01408,0.72072
CVE-2008-1665,0.06301,0.90367
CVE-2008-1666,0.01018,0.38792
CVE-2008-1667,0.02172,0.79917
CVE-2008-1668,0.01974,0.7812
CVE-2008-1669,0.03054,0.82936
CVE-2008-1670,0.04967,0.88981
CVE-2008-1671,0.02172,0.79379
CVE-2008-1672,0.06841,0.91811
CVE-2008-1673,0.08228,0.93218
CVE-2008-1675,0.01547,0.74085
CVE-2008-1676,0.01319,0.70416
CVE-2008-1677,0.0547,0.89492
CVE-2008-1678,0.07559,0.92528
CVE-2008-1679,0.02646,0.81377
CVE-2008-1680,0.01055,0.50287
CVE-2008-1681,0.01108,0.53389
CVE-2008-1682,0.04187,0.86773
CVE-2008-1684,0.01034,0.39824
CVE-2008-1685,0.00954,0.34522
CVE-2008-1686,0.09915,0.94265
CVE-2008-1687,0.01537,0.73595
CVE-2008-1688,0.04421,0.87629
CVE-2008-1689,0.01319,0.70416
CVE-2008-1690,0.06211,0.90307
CVE-2008-1691,0.01213,0.6557
CVE-2008-1692,0.0095,0.30554
CVE-2008-1693,0.09915,0.94265
CVE-2008-1694,0.01282,0.67298
CVE-2008-1696,0.01963,0.77709
CVE-2008-1697,0.87164,0.99725
CVE-2008-1698,0.01136,0.57949
CVE-2008-1699,0.01213,0.6557
CVE-2008-1700,0.01055,0.50287
CVE-2008-1701,0.01108,0.53389
CVE-2008-1702,0.0679,0.91793
CVE-2008-1703,0.07996,0.93017
CVE-2008-1704,0.07777,0.92953
CVE-2008-1705,0.07996,0.93017
CVE-2008-1706,0.01408,0.72072
CVE-2008-1707,0.01408,0.72072
CVE-2008-1708,0.01408,0.72072
CVE-2008-1709,0.0546,0.89457
CVE-2008-1710,0.01104,0.52279
CVE-2008-1711,0.00954,0.34522
CVE-2008-1712,0.04187,0.86773
CVE-2008-1713,0.04187,0.86773
CVE-2008-1714,0.00986,0.35784
CVE-2008-1715,0.00986,0.35784
CVE-2008-1716,0.01319,0.70416
CVE-2008-1717,0.01319,0.70416
CVE-2008-1718,0.039,0.84954
CVE-2008-1719,0.01136,0.57949
CVE-2008-1720,0.18601,0.96147
CVE-2008-1721,0.47944,0.98484
CVE-2008-1722,0.02686,0.82061
CVE-2008-1724,0.73646,0.9925
CVE-2008-1725,0.04482,0.88223
CVE-2008-1726,0.028,0.82308
CVE-2008-1727,0.04187,0.86773
CVE-2008-1728,0.01815,0.76117
CVE-2008-1729,0.01319,0.70416
CVE-2008-1730,0.04482,0.88223
CVE-2008-1731,0.01319,0.70416
CVE-2008-1732,0.00986,0.35784
CVE-2008-1733,0.00986,0.35784
CVE-2008-1734,0.0095,0.30554
CVE-2008-1735,0.01282,0.67298
CVE-2008-1736,0.01282,0.67298
CVE-2008-1737,0.01282,0.67298
CVE-2008-1738,0.01078,0.51015
CVE-2008-1739,0.04315,0.8704
CVE-2008-1740,0.01319,0.70416
CVE-2008-1741,0.01319,0.70416
CVE-2008-1742,0.01319,0.70416
CVE-2008-1743,0.01319,0.70416
CVE-2008-1744,0.01319,0.70416
CVE-2008-1745,0.01319,0.70416
CVE-2008-1746,0.01319,0.70416
CVE-2008-1747,0.01319,0.70416
CVE-2008-1748,0.01319,0.70416
CVE-2008-1749,0.01319,0.70416
CVE-2008-1750,0.01139,0.58345
CVE-2008-1751,0.04482,0.88223
CVE-2008-1752,0.01213,0.6557
CVE-2008-1753,0.01213,0.6557
CVE-2008-1754,0.01034,0.39824
CVE-2008-1755,0.04187,0.86773
CVE-2008-1756,0.01034,0.39824
CVE-2008-1757,0.01917,0.77071
CVE-2008-1758,0.00986,0.35784
CVE-2008-1759,0.00986,0.35784
CVE-2008-1760,0.04482,0.88223
CVE-2008-1761,0.06604,0.91138
CVE-2008-1762,0.34394,0.97618
CVE-2008-1763,0.01139,0.58345
CVE-2008-1764,0.01108,0.53389
CVE-2008-1765,0.21772,0.96395
CVE-2008-1766,0.00954,0.34522
CVE-2008-1767,0.27067,0.97028
CVE-2008-1768,0.01776,0.75902
CVE-2008-1769,0.01955,0.77585
CVE-2008-1770,0.19528,0.96205
CVE-2008-1771,0.07544,0.92484
CVE-2008-1772,0.01018,0.38792
CVE-2008-1773,0.04187,0.86773
CVE-2008-1774,0.00986,0.35784
CVE-2008-1775,0.01061,0.51015
CVE-2008-1776,0.04187,0.86773
CVE-2008-1777,0.01213,0.6557
CVE-2008-1778,0.01034,0.39824
CVE-2008-1779,0.01282,0.67298
CVE-2008-1780,0.01034,0.39824
CVE-2008-1782,0.04187,0.86773
CVE-2008-1783,0.04482,0.88223
CVE-2008-1784,0.04482,0.88223
CVE-2008-1785,0.04187,0.86773
CVE-2008-1786,0.09915,0.94265
CVE-2008-1787,0.01917,0.77071
CVE-2008-1788,0.00986,0.35784
CVE-2008-1789,0.00986,0.35784
CVE-2008-1790,0.01232,0.66248
CVE-2008-1791,0.00986,0.35784
CVE-2008-1792,0.01213,0.6557
CVE-2008-1793,0.01136,0.57949
CVE-2008-1794,0.01213,0.6557
CVE-2008-1795,0.03129,0.8316
CVE-2008-1796,0.0095,0.30554
CVE-2008-1797,0.01213,0.6557
CVE-2008-1798,0.04187,0.86773
CVE-2008-1799,0.04187,0.86773
CVE-2008-1800,0.01917,0.77071
CVE-2008-1801,0.58245,0.98773
CVE-2008-1802,0.57068,0.9876
CVE-2008-1803,0.09915,0.94265
CVE-2008-1804,0.03407,0.83908
CVE-2008-1805,0.07525,0.92398
CVE-2008-1806,0.04421,0.87629
CVE-2008-1807,0.04421,0.87629
CVE-2008-1808,0.04421,0.87629
CVE-2008-1809,0.09196,0.93925
CVE-2008-1810,0.01034,0.39824
CVE-2008-1811,0.01815,0.76117
CVE-2008-1812,0.01537,0.73595
CVE-2008-1813,0.01547,0.74085
CVE-2008-1814,0.01282,0.67298
CVE-2008-1815,0.01815,0.76117
CVE-2008-1816,0.02186,0.8012
CVE-2008-1817,0.01547,0.74085
CVE-2008-1818,0.01537,0.73595
CVE-2008-1819,0.01282,0.67298
CVE-2008-1820,0.01282,0.67298
CVE-2008-1821,0.01282,0.67298
CVE-2008-1822,0.01537,0.73595
CVE-2008-1823,0.01537,0.73595
CVE-2008-1824,0.01537,0.73595
CVE-2008-1825,0.01537,0.73595
CVE-2008-1826,0.01537,0.73595
CVE-2008-1827,0.02686,0.82061
CVE-2008-1828,0.01815,0.76117
CVE-2008-1829,0.01282,0.67298
CVE-2008-1830,0.01282,0.67298
CVE-2008-1831,0.02686,0.82061
CVE-2008-1832,0.0095,0.30554
CVE-2008-1833,0.12248,0.95092
CVE-2008-1834,0.01213,0.6557
CVE-2008-1835,0.03779,0.84781
CVE-2008-1836,0.03407,0.83908
CVE-2008-1837,0.03779,0.84781
CVE-2008-1838,0.00986,0.35784
CVE-2008-1839,0.01136,0.57949
CVE-2008-1840,0.01232,0.66248
CVE-2008-1841,0.01319,0.70416
CVE-2008-1842,0.40508,0.98046
CVE-2008-1843,0.01139,0.58345
CVE-2008-1844,0.01139,0.58345
CVE-2008-1845,0.0095,0.30554
CVE-2008-1846,0.01319,0.70416
CVE-2008-1847,0.00986,0.35784
CVE-2008-1848,0.01136,0.57949
CVE-2008-1849,0.01136,0.57949
CVE-2008-1850,0.01319,0.70416
CVE-2008-1851,0.01319,0.70416
CVE-2008-1852,0.01319,0.70416
CVE-2008-1853,0.01319,0.70416
CVE-2008-1854,0.04187,0.86773
CVE-2008-1855,0.07197,0.92068
CVE-2008-1856,0.0679,0.91793
CVE-2008-1857,0.04482,0.88223
CVE-2008-1858,0.00986,0.35784
CVE-2008-1859,0.01213,0.6557
CVE-2008-1860,0.04482,0.88223
CVE-2008-1861,0.01213,0.6557
CVE-2008-1862,0.01136,0.57949
CVE-2008-1863,0.00986,0.35784
CVE-2008-1864,0.00986,0.35784
CVE-2008-1865,0.0095,0.30554
CVE-2008-1866,0.06262,0.90346
CVE-2008-1867,0.00986,0.35784
CVE-2008-1868,0.01136,0.57949
CVE-2008-1869,0.00986,0.35784
CVE-2008-1870,0.00986,0.35784
CVE-2008-1871,0.00986,0.35784
CVE-2008-1872,0.00986,0.35784
CVE-2008-1873,0.01917,0.77071
CVE-2008-1874,0.00986,0.35784
CVE-2008-1875,0.01213,0.6557
CVE-2008-1876,0.04187,0.86773
CVE-2008-1877,0.00885,0.26162
CVE-2008-1878,0.37385,0.97829
CVE-2008-1880,0.01213,0.6557
CVE-2008-1881,0.28823,0.97188
CVE-2008-1883,0.01213,0.6557
CVE-2008-1884,0.01213,0.6557
CVE-2008-1885,0.07525,0.92398
CVE-2008-1886,0.01213,0.6557
CVE-2008-1887,0.02768,0.82197
CVE-2008-1888,0.13334,0.95491
CVE-2008-1889,0.00986,0.35784
CVE-2008-1890,0.01136,0.57949
CVE-2008-1891,0.02172,0.79917
CVE-2008-1892,0.01136,0.57949
CVE-2008-1893,0.04187,0.86773
CVE-2008-1894,0.01319,0.70416
CVE-2008-1895,0.01319,0.70416
CVE-2008-1896,0.01319,0.70416
CVE-2008-1897,0.03779,0.84781
CVE-2008-1898,0.85924,0.99675
CVE-2008-1900,0.01055,0.50287
CVE-2008-1901,0.00885,0.26162
CVE-2008-1902,0.01055,0.50287
CVE-2008-1903,0.04187,0.86773
CVE-2008-1904,0.04187,0.86773
CVE-2008-1905,0.01213,0.6557
CVE-2008-1906,0.01319,0.70416
CVE-2008-1907,0.01213,0.6557
CVE-2008-1908,0.01319,0.70416
CVE-2008-1909,0.00986,0.35784
CVE-2008-1910,0.07687,0.92751
CVE-2008-1911,0.01213,0.6557
CVE-2008-1912,0.0929,0.93944
CVE-2008-1913,0.00986,0.35784
CVE-2008-1914,0.75392,0.99312
CVE-2008-1915,0.00986,0.35784
CVE-2008-1916,0.01136,0.57949
CVE-2008-1917,0.01917,0.77071
CVE-2008-1918,0.04386,0.87542
CVE-2008-1919,0.00986,0.35784
CVE-2008-1920,0.12822,0.95405
CVE-2008-1921,0.01139,0.58345
CVE-2008-1922,0.03214,0.83353
CVE-2008-1923,0.01213,0.6557
CVE-2008-1924,0.04409,0.87559
CVE-2008-1925,0.01974,0.7812
CVE-2008-1926,0.03779,0.84781
CVE-2008-1927,0.02686,0.82061
CVE-2008-1928,0.01183,0.60428
CVE-2008-1930,0.01408,0.72072
CVE-2008-1931,0.01034,0.39824
CVE-2008-1932,0.01755,0.75287
CVE-2008-1933,0.20999,0.96367
CVE-2008-1934,0.00986,0.35784
CVE-2008-1935,0.00986,0.35784
CVE-2008-1936,0.00986,0.35784
CVE-2008-1937,0.01408,0.72072
CVE-2008-1938,0.01408,0.72072
CVE-2008-1939,0.00986,0.35784
CVE-2008-1940,0.01034,0.39824
CVE-2008-1941,0.01061,0.51015
CVE-2008-1942,0.04967,0.88981
CVE-2008-1943,0.02172,0.79379
CVE-2008-1944,0.01755,0.75287
CVE-2008-1945,0.01547,0.74085
CVE-2008-1946,0.01034,0.39824
CVE-2008-1947,0.07344,0.92237
CVE-2008-1948,0.08228,0.93218
CVE-2008-1949,0.03932,0.8519
CVE-2008-1950,0.04358,0.87435
CVE-2008-1951,0.01034,0.39824
CVE-2008-1952,0.01282,0.67298
CVE-2008-1953,0.01213,0.6557
CVE-2008-1954,0.00986,0.35784
CVE-2008-1955,0.01917,0.77071
CVE-2008-1956,0.01917,0.77071
CVE-2008-1957,0.01213,0.6557
CVE-2008-1958,0.05302,0.89375
CVE-2008-1959,0.05139,0.89128
CVE-2008-1960,0.01136,0.57949
CVE-2008-1961,0.00986,0.35784
CVE-2008-1962,0.04187,0.86773
CVE-2008-1963,0.04187,0.86773
CVE-2008-1964,0.01136,0.57949
CVE-2008-1965,0.39729,0.98024
CVE-2008-1966,0.01815,0.76117
CVE-2008-1967,0.01917,0.77071
CVE-2008-1968,0.00986,0.35784
CVE-2008-1969,0.01917,0.77071
CVE-2008-1970,0.0095,0.30554
CVE-2008-1971,0.04187,0.86773
CVE-2008-1972,0.01213,0.6557
CVE-2008-1973,0.06006,0.90134
CVE-2008-1974,0.05649,0.89807
CVE-2008-1975,0.00986,0.35784
CVE-2008-1976,0.01213,0.6557
CVE-2008-1977,0.01213,0.6557
CVE-2008-1978,0.01132,0.54372
CVE-2008-1979,0.0679,0.91793
CVE-2008-1980,0.01213,0.6557
CVE-2008-1981,0.01213,0.6557
CVE-2008-1982,0.01139,0.58345
CVE-2008-1983,0.01917,0.77071
CVE-2008-1984,0.01319,0.70416
CVE-2008-1985,0.01917,0.77071
CVE-2008-1986,0.01917,0.77071
CVE-2008-1987,0.01213,0.6557
CVE-2008-1988,0.01061,0.51015
CVE-2008-1989,0.04187,0.86773
CVE-2008-1990,0.01319,0.70416
CVE-2008-1991,0.01319,0.70416
CVE-2008-1992,0.01319,0.70416
CVE-2008-1993,0.01319,0.70416
CVE-2008-1994,0.01592,0.74578
CVE-2008-1995,0.01213,0.6557
CVE-2008-1996,0.12567,0.95329
CVE-2008-1997,0.05302,0.89375
CVE-2008-1998,0.01815,0.76117
CVE-2008-1999,0.01319,0.70416
CVE-2008-2000,0.01213,0.6557
CVE-2008-2001,0.01213,0.6557
CVE-2008-2002,0.01319,0.70416
CVE-2008-2003,0.04291,0.87022
CVE-2008-2004,0.01547,0.74085
CVE-2008-2005,0.16668,0.95965
CVE-2008-2006,0.26775,0.97021
CVE-2008-2008,0.04291,0.87022
CVE-2008-2009,0.04967,0.88981
CVE-2008-2010,0.04935,0.88902
CVE-2008-2011,0.0292,0.82516
CVE-2008-2012,0.00986,0.35784
CVE-2008-2013,0.00986,0.35784
CVE-2008-2014,0.01319,0.70416
CVE-2008-2015,0.07437,0.92309
CVE-2008-2016,0.01136,0.57949
CVE-2008-2017,0.01136,0.57949
CVE-2008-2018,0.04187,0.86773
CVE-2008-2020,0.01213,0.6557
CVE-2008-2021,0.07777,0.92953
CVE-2008-2022,0.01319,0.70416
CVE-2008-2023,0.01213,0.6557
CVE-2008-2024,0.01213,0.6557
CVE-2008-2025,0.06231,0.90313
CVE-2008-2026,0.01213,0.6557
CVE-2008-2027,0.01213,0.6557
CVE-2008-2028,0.01213,0.6557
CVE-2008-2029,0.01213,0.6557
CVE-2008-2030,0.01917,0.77071
CVE-2008-2031,0.01136,0.57949
CVE-2008-2032,0.04187,0.86773
CVE-2008-2034,0.01136,0.57949
CVE-2008-2035,0.01213,0.6557
CVE-2008-2036,0.01139,0.58345
CVE-2008-2037,0.01917,0.77071
CVE-2008-2038,0.01061,0.51015
CVE-2008-2040,0.37385,0.97829
CVE-2008-2041,0.01018,0.38792
CVE-2008-2042,0.01408,0.72072
CVE-2008-2043,0.06309,0.90494
CVE-2008-2044,0.15607,0.95873
CVE-2008-2045,0.12567,0.95329
CVE-2008-2046,0.01917,0.77071
CVE-2008-2047,0.01213,0.6557
CVE-2008-2048,0.01213,0.6557
CVE-2008-2049,0.01319,0.70416
CVE-2008-2050,0.02686,0.82061
CVE-2008-2051,0.02686,0.82061
CVE-2008-2052,0.01055,0.50287
CVE-2008-2053,0.01232,0.66248
CVE-2008-2054,0.07525,0.92398
CVE-2008-2055,0.01319,0.70416
CVE-2008-2056,0.01319,0.70416
CVE-2008-2057,0.01319,0.70416
CVE-2008-2058,0.01213,0.6557
CVE-2008-2059,0.01319,0.70416
CVE-2008-2060,0.01319,0.70416
CVE-2008-2061,0.01319,0.70416
CVE-2008-2062,0.01319,0.70416
CVE-2008-2063,0.00986,0.35784
CVE-2008-2064,0.01108,0.53389
CVE-2008-2065,0.00986,0.35784
CVE-2008-2066,0.01955,0.77585
CVE-2008-2067,0.02172,0.79917
CVE-2008-2068,0.01136,0.57949
CVE-2008-2069,0.2436,0.96664
CVE-2008-2070,0.03129,0.8316
CVE-2008-2071,0.01408,0.72072
CVE-2008-2072,0.01319,0.70416
CVE-2008-2073,0.01319,0.70416
CVE-2008-2074,0.04187,0.86773
CVE-2008-2075,0.01776,0.75902
CVE-2008-2076,0.04187,0.86773
CVE-2008-2077,0.01018,0.38792
CVE-2008-2078,0.01213,0.6557
CVE-2008-2079,0.01547,0.74085
CVE-2008-2080,0.04421,0.87629
CVE-2008-2081,0.01132,0.54372
CVE-2008-2082,0.01917,0.77071
CVE-2008-2083,0.01139,0.58345
CVE-2008-2084,0.00986,0.35784
CVE-2008-2085,0.0547,0.89492
CVE-2008-2086,0.09915,0.94265
CVE-2008-2087,0.01139,0.58345
CVE-2008-2088,0.00986,0.35784
CVE-2008-2089,0.01319,0.70416
CVE-2008-2090,0.01319,0.70416
CVE-2008-2091,0.04187,0.86773
CVE-2008-2092,0.07197,0.92068
CVE-2008-2093,0.00986,0.35784
CVE-2008-2094,0.00986,0.35784
CVE-2008-2095,0.00986,0.35784
CVE-2008-2096,0.00986,0.35784
CVE-2008-2097,0.01815,0.76117
CVE-2008-2098,0.01755,0.75287
CVE-2008-2099,0.01755,0.75287
CVE-2008-2100,0.02172,0.79379
CVE-2008-2101,0.01282,0.67298
CVE-2008-2103,0.01955,0.77585
CVE-2008-2104,0.01232,0.66248
CVE-2008-2105,0.01633,0.74922
CVE-2008-2106,0.05931,0.90093
CVE-2008-2107,0.02686,0.82061
CVE-2008-2108,0.02686,0.82061
CVE-2008-2109,0.01537,0.73595
CVE-2008-2110,0.04482,0.88223
CVE-2008-2111,0.11409,0.94831
CVE-2008-2112,0.01232,0.66248
CVE-2008-2113,0.00986,0.35784
CVE-2008-2114,0.00986,0.35784
CVE-2008-2115,0.01213,0.6557
CVE-2008-2116,0.01132,0.54372
CVE-2008-2117,0.01917,0.77071
CVE-2008-2118,0.00986,0.35784
CVE-2008-2119,0.05356,0.89424
CVE-2008-2120,0.01319,0.70416
CVE-2008-2121,0.01974,0.7812
CVE-2008-2122,0.01319,0.70416
CVE-2008-2123,0.18265,0.96109
CVE-2008-2124,0.00986,0.35784
CVE-2008-2125,0.00986,0.35784
CVE-2008-2126,0.01917,0.77071
CVE-2008-2127,0.01213,0.6557
CVE-2008-2128,0.01055,0.50287
CVE-2008-2129,0.00986,0.35784
CVE-2008-2130,0.00986,0.35784
CVE-2008-2131,0.01319,0.70416
CVE-2008-2132,0.00986,0.35784
CVE-2008-2133,0.01213,0.6557
CVE-2008-2134,0.01213,0.6557
CVE-2008-2135,0.00986,0.35784
CVE-2008-2136,0.04358,0.87435
CVE-2008-2137,0.01282,0.67298
CVE-2008-2138,0.09885,0.94108
CVE-2008-2139,0.0089,0.2856
CVE-2008-2140,0.01055,0.50287
CVE-2008-2142,0.02768,0.82197
CVE-2008-2143,0.01297,0.67316
CVE-2008-2144,0.07544,0.92484
CVE-2008-2145,0.01755,0.75287
CVE-2008-2146,0.01213,0.6557
CVE-2008-2147,0.01592,0.74578
CVE-2008-2148,0.01547,0.74085
CVE-2008-2149,0.04421,0.87629
CVE-2008-2152,0.09915,0.94265
CVE-2008-2154,0.01649,0.75017
CVE-2008-2157,0.37344,0.97823
CVE-2008-2158,0.733,0.99234
CVE-2008-2159,0.01908,0.76488
CVE-2008-2160,0.35008,0.9771
CVE-2008-2161,0.72015,0.99186
CVE-2008-2162,0.01917,0.77071
CVE-2008-2163,0.01319,0.70416
CVE-2008-2165,0.01408,0.72072
CVE-2008-2166,0.01319,0.70416
CVE-2008-2167,0.03129,0.8316
CVE-2008-2168,0.4901,0.98522
CVE-2008-2169,0.01055,0.50287
CVE-2008-2170,0.01055,0.50287
CVE-2008-2171,0.01213,0.6557
CVE-2008-2172,0.01213,0.6557
CVE-2008-2173,0.01055,0.50287
CVE-2008-2174,0.0095,0.30554
CVE-2008-2175,0.00986,0.35784
CVE-2008-2176,0.01213,0.6557
CVE-2008-2177,0.01139,0.58345
CVE-2008-2178,0.01408,0.72072
CVE-2008-2179,0.01136,0.57949
CVE-2008-2180,0.01213,0.6557
CVE-2008-2181,0.01213,0.6557
CVE-2008-2182,0.01213,0.6557
CVE-2008-2183,0.01213,0.6557
CVE-2008-2184,0.01213,0.6557
CVE-2008-2185,0.01136,0.57949
CVE-2008-2186,0.04894,0.88891
CVE-2008-2187,0.02945,0.82784
CVE-2008-2188,0.01917,0.77071
CVE-2008-2189,0.01139,0.58345
CVE-2008-2190,0.04386,0.87542
CVE-2008-2191,0.00986,0.35784
CVE-2008-2192,0.04187,0.86773
CVE-2008-2193,0.04187,0.86773
CVE-2008-2194,0.01213,0.6557
CVE-2008-2195,0.01132,0.54372
CVE-2008-2196,0.01917,0.77071
CVE-2008-2197,0.01213,0.6557
CVE-2008-2198,0.0679,0.91793
CVE-2008-2199,0.0679,0.91793
CVE-2008-2200,0.01213,0.6557
CVE-2008-2201,0.01213,0.6557
CVE-2008-2202,0.01917,0.77071
CVE-2008-2203,0.01213,0.6557
CVE-2008-2204,0.01136,0.57949
CVE-2008-2205,0.01213,0.6557
CVE-2008-2206,0.01213,0.6557
CVE-2008-2207,0.01213,0.6557
CVE-2008-2208,0.01213,0.6557
CVE-2008-2209,0.01213,0.6557
CVE-2008-2210,0.01213,0.6557
CVE-2008-2211,0.01213,0.6557
CVE-2008-2212,0.01213,0.6557
CVE-2008-2213,0.01213,0.6557
CVE-2008-2214,0.16668,0.95965
CVE-2008-2215,0.01213,0.6557
CVE-2008-2216,0.01061,0.51015
CVE-2008-2217,0.04187,0.86773
CVE-2008-2218,0.01319,0.70416
CVE-2008-2219,0.01917,0.77071
CVE-2008-2220,0.04187,0.86773
CVE-2008-2221,0.01108,0.53389
CVE-2008-2222,0.00986,0.35784
CVE-2008-2223,0.00986,0.35784
CVE-2008-2224,0.04187,0.86773
CVE-2008-2225,0.00986,0.35784
CVE-2008-2226,0.01213,0.6557
CVE-2008-2227,0.04187,0.86773
CVE-2008-2228,0.04187,0.86773
CVE-2008-2230,0.01592,0.74578
CVE-2008-2231,0.03779,0.84781
CVE-2008-2232,0.01282,0.67298
CVE-2008-2233,0.01018,0.38792
CVE-2008-2234,0.1127,0.94787
CVE-2008-2235,0.01547,0.74085
CVE-2008-2236,0.01319,0.70416
CVE-2008-2237,0.09915,0.94265
CVE-2008-2238,0.09915,0.94265
CVE-2008-2240,0.6735,0.99047
CVE-2008-2241,0.28118,0.97158
CVE-2008-2242,0.28118,0.97158
CVE-2008-2244,0.46718,0.98435
CVE-2008-2245,0.63976,0.98955
CVE-2008-2246,0.20648,0.96329
CVE-2008-2247,0.20648,0.96329
CVE-2008-2248,0.20648,0.96329
CVE-2008-2249,0.35008,0.9771
CVE-2008-2250,0.02087,0.79049
CVE-2008-2251,0.02087,0.79049
CVE-2008-2252,0.02196,0.80199
CVE-2008-2253,0.46718,0.98435
CVE-2008-2254,0.36031,0.97768
CVE-2008-2255,0.36031,0.97768
CVE-2008-2256,0.36031,0.97768
CVE-2008-2257,0.36031,0.97768
CVE-2008-2258,0.36031,0.97768
CVE-2008-2259,0.46718,0.98435
CVE-2008-2263,0.00986,0.35784
CVE-2008-2264,0.01917,0.77071
CVE-2008-2265,0.00986,0.35784
CVE-2008-2266,0.01104,0.52279
CVE-2008-2267,0.15607,0.95873
CVE-2008-2268,0.01213,0.6557
CVE-2008-2269,0.04187,0.86773
CVE-2008-2270,0.04187,0.86773
CVE-2008-2271,0.01213,0.6557
CVE-2008-2272,0.01319,0.70416
CVE-2008-2273,0.01232,0.66248
CVE-2008-2274,0.01213,0.6557
CVE-2008-2275,0.06523,0.90962
CVE-2008-2276,0.01955,0.77585
CVE-2008-2277,0.00986,0.35784
CVE-2008-2278,0.01213,0.6557
CVE-2008-2279,0.00885,0.26162
CVE-2008-2280,0.01136,0.57949
CVE-2008-2281,0.26556,0.96997
CVE-2008-2282,0.04187,0.86773
CVE-2008-2283,0.04482,0.88223
CVE-2008-2284,0.04187,0.86773
CVE-2008-2285,0.01055,0.50287
CVE-2008-2286,0.7713,0.99379
CVE-2008-2287,0.01104,0.52279
CVE-2008-2288,0.01104,0.52279
CVE-2008-2289,0.01104,0.52279
CVE-2008-2290,0.01104,0.52279
CVE-2008-2291,0.02172,0.79917
CVE-2008-2292,0.34269,0.97605
CVE-2008-2293,0.04187,0.86773
CVE-2008-2294,0.04187,0.86773
CVE-2008-2295,0.01136,0.57949
CVE-2008-2296,0.01136,0.57949
CVE-2008-2297,0.04187,0.86773
CVE-2008-2298,0.04187,0.86773
CVE-2008-2299,0.01108,0.53389
CVE-2008-2300,0.01232,0.66248
CVE-2008-2301,0.01139,0.58345
CVE-2008-2302,0.01319,0.70416
CVE-2008-2303,0.16023,0.95892
CVE-2008-2304,0.10611,0.94398
CVE-2008-2305,0.05903,0.90071
CVE-2008-2306,0.01319,0.70416
CVE-2008-2307,0.06154,0.90253
CVE-2008-2308,0.01034,0.39824
CVE-2008-2309,0.05903,0.90071
CVE-2008-2310,0.01837,0.76209
CVE-2008-2311,0.05903,0.90071
CVE-2008-2312,0.01034,0.39824
CVE-2008-2313,0.01034,0.39824
CVE-2008-2314,0.01034,0.39824
CVE-2008-2315,0.02686,0.82061
CVE-2008-2316,0.02686,0.82061
CVE-2008-2317,0.06154,0.90253
CVE-2008-2318,0.01319,0.70416
CVE-2008-2320,0.03009,0.82821
CVE-2008-2321,0.26775,0.97021
CVE-2008-2322,0.04169,0.85428
CVE-2008-2323,0.01108,0.53389
CVE-2008-2324,0.01034,0.39824
CVE-2008-2325,0.03914,0.84984
CVE-2008-2326,0.0679,0.91793
CVE-2008-2327,0.03883,0.84912
CVE-2008-2329,0.01034,0.39824
CVE-2008-2330,0.01034,0.39824
CVE-2008-2331,0.01034,0.39824
CVE-2008-2332,0.03009,0.82821
CVE-2008-2333,0.03129,0.8316
CVE-2008-2334,0.00986,0.35784
CVE-2008-2335,0.01955,0.77585
CVE-2008-2336,0.00986,0.35784
CVE-2008-2337,0.00986,0.35784
CVE-2008-2338,0.04482,0.88223
CVE-2008-2339,0.00986,0.35784
CVE-2008-2340,0.01136,0.57949
CVE-2008-2341,0.01136,0.57949
CVE-2008-2342,0.01136,0.57949
CVE-2008-2343,0.01136,0.57949
CVE-2008-2344,0.01055,0.50287
CVE-2008-2345,0.01055,0.50287
CVE-2008-2346,0.04187,0.86773
CVE-2008-2347,0.04187,0.86773
CVE-2008-2348,0.04187,0.86773
CVE-2008-2349,0.04187,0.86773
CVE-2008-2350,0.04187,0.86773
CVE-2008-2351,0.00986,0.35784
CVE-2008-2352,0.0679,0.91793
CVE-2008-2353,0.04482,0.88223
CVE-2008-2354,0.01018,0.38792
CVE-2008-2355,0.04482,0.88223
CVE-2008-2356,0.00986,0.35784
CVE-2008-2357,0.12248,0.95092
CVE-2008-2358,0.01547,0.74085
CVE-2008-2359,0.0095,0.30554
CVE-2008-2360,0.03481,0.84053
CVE-2008-2361,0.01547,0.74085
CVE-2008-2362,0.04421,0.87629
CVE-2008-2363,0.06604,0.91138
CVE-2008-2364,0.10861,0.94473
CVE-2008-2365,0.0322,0.83442
CVE-2008-2366,0.01034,0.39824
CVE-2008-2367,0.01104,0.52279
CVE-2008-2368,0.01104,0.52279
CVE-2008-2369,0.01213,0.6557
CVE-2008-2371,0.04229,0.86856
CVE-2008-2372,0.01547,0.74085
CVE-2008-2374,0.02686,0.82061
CVE-2008-2375,0.03779,0.84781
CVE-2008-2376,0.02686,0.82061
CVE-2008-2377,0.05288,0.89317
CVE-2008-2378,0.01034,0.39824
CVE-2008-2379,0.03407,0.83908
CVE-2008-2380,0.01319,0.70416
CVE-2008-2381,0.01974,0.7812
CVE-2008-2382,0.12567,0.95329
CVE-2008-2383,0.02686,0.82061
CVE-2008-2384,0.03779,0.84781
CVE-2008-2388,0.00885,0.26162
CVE-2008-2389,0.0089,0.2856
CVE-2008-2390,0.08056,0.93022
CVE-2008-2391,0.01213,0.6557
CVE-2008-2392,0.01132,0.54372
CVE-2008-2393,0.00986,0.35784
CVE-2008-2394,0.00986,0.35784
CVE-2008-2395,0.00986,0.35784
CVE-2008-2396,0.04187,0.86773
CVE-2008-2397,0.01136,0.57949
CVE-2008-2398,0.01917,0.77071
CVE-2008-2399,0.02003,0.78466
CVE-2008-2400,0.01034,0.39824
CVE-2008-2401,0.01319,0.70416
CVE-2008-2402,0.01319,0.70416
CVE-2008-2403,0.01319,0.70416
CVE-2008-2404,0.07777,0.92953
CVE-2008-2405,0.01319,0.70416
CVE-2008-2406,0.01319,0.70416
CVE-2008-2407,0.07525,0.92398
CVE-2008-2408,0.07525,0.92398
CVE-2008-2409,0.07777,0.92953
CVE-2008-2410,0.01319,0.70416
CVE-2008-2411,0.01139,0.58345
CVE-2008-2412,0.00986,0.35784
CVE-2008-2413,0.01917,0.77071
CVE-2008-2414,0.01917,0.77071
CVE-2008-2415,0.04187,0.86773
CVE-2008-2416,0.01213,0.6557
CVE-2008-2417,0.00986,0.35784
CVE-2008-2418,0.01034,0.39824
CVE-2008-2419,0.06006,0.90134
CVE-2008-2420,0.02172,0.79917
CVE-2008-2421,0.18265,0.96109
CVE-2008-2422,0.00986,0.35784
CVE-2008-2423,0.01974,0.7812
CVE-2008-2424,0.01018,0.38792
CVE-2008-2425,0.01055,0.50287
CVE-2008-2426,0.06604,0.91138
CVE-2008-2427,0.28823,0.97188
CVE-2008-2428,0.01319,0.70416
CVE-2008-2429,0.01055,0.50287
CVE-2008-2430,0.09915,0.94265
CVE-2008-2431,0.07481,0.92326
CVE-2008-2432,0.01136,0.57949
CVE-2008-2433,0.1127,0.94787
CVE-2008-2434,0.1127,0.94787
CVE-2008-2435,0.1127,0.94787
CVE-2008-2436,0.09451,0.93969
CVE-2008-2437,0.1127,0.94787
CVE-2008-2438,0.25374,0.96854
CVE-2008-2439,0.57703,0.98766
CVE-2008-2441,0.05139,0.89128
CVE-2008-2443,0.00986,0.35784
CVE-2008-2444,0.00986,0.35784
CVE-2008-2445,0.01213,0.6557
CVE-2008-2446,0.01213,0.6557
CVE-2008-2447,0.00986,0.35784
CVE-2008-2448,0.01139,0.58345
CVE-2008-2449,0.01917,0.77071
CVE-2008-2450,0.01055,0.50287
CVE-2008-2451,0.01055,0.50287
CVE-2008-2452,0.01055,0.50287
CVE-2008-2453,0.00986,0.35784
CVE-2008-2454,0.00986,0.35784
CVE-2008-2455,0.00986,0.35784
CVE-2008-2456,0.01139,0.58345
CVE-2008-2457,0.00986,0.35784
CVE-2008-2458,0.01917,0.77071
CVE-2008-2459,0.04187,0.86773
CVE-2008-2460,0.01136,0.57949
CVE-2008-2461,0.00986,0.35784
CVE-2008-2462,0.01319,0.70416
CVE-2008-2463,0.8983,0.99831
CVE-2008-2464,0.01974,0.7812
CVE-2008-2468,0.1127,0.94787
CVE-2008-2469,0.42881,0.98198
CVE-2008-2470,0.04146,0.85406
CVE-2008-2474,0.07777,0.92953
CVE-2008-2475,0.01213,0.6557
CVE-2008-2476,0.08427,0.93604
CVE-2008-2477,0.00986,0.35784
CVE-2008-2478,0.06262,0.90346
CVE-2008-2479,0.00986,0.35784
CVE-2008-2480,0.04482,0.88223
CVE-2008-2481,0.0679,0.91793
CVE-2008-2482,0.0679,0.91793
CVE-2008-2483,0.01213,0.6557
CVE-2008-2484,0.01213,0.6557
CVE-2008-2485,0.01213,0.6557
CVE-2008-2486,0.01018,0.38792
CVE-2008-2487,0.00986,0.35784
CVE-2008-2488,0.04187,0.86773
CVE-2008-2489,0.01213,0.6557
CVE-2008-2490,0.01213,0.6557
CVE-2008-2491,0.00986,0.35784
CVE-2008-2492,0.00986,0.35784
CVE-2008-2493,0.01917,0.77071
CVE-2008-2494,0.01136,0.57949
CVE-2008-2495,0.01136,0.57949
CVE-2008-2496,0.01917,0.77071
CVE-2008-2497,0.01213,0.6557
CVE-2008-2498,0.01213,0.6557
CVE-2008-2499,0.75392,0.99312
CVE-2008-2500,0.01055,0.50287
CVE-2008-2501,0.00986,0.35784
CVE-2008-2502,0.01213,0.6557
CVE-2008-2503,0.01018,0.38792
CVE-2008-2504,0.00986,0.35784
CVE-2008-2505,0.01136,0.57949
CVE-2008-2506,0.01136,0.57949
CVE-2008-2507,0.01917,0.77071
CVE-2008-2508,0.01917,0.77071
CVE-2008-2509,0.00986,0.35784
CVE-2008-2510,0.00986,0.35784
CVE-2008-2511,0.15142,0.95704
CVE-2008-2512,0.01319,0.70416
CVE-2008-2513,0.02172,0.79379
CVE-2008-2514,0.01282,0.67298
CVE-2008-2515,0.01282,0.67298
CVE-2008-2516,0.01034,0.39824
CVE-2008-2517,0.01034,0.39824
CVE-2008-2518,0.01319,0.70416
CVE-2008-2519,0.02003,0.78466
CVE-2008-2520,0.04187,0.86773
CVE-2008-2521,0.00986,0.35784
CVE-2008-2522,0.00986,0.35784
CVE-2008-2523,0.01213,0.6557
CVE-2008-2524,0.01213,0.6557
CVE-2008-2525,0.01213,0.6557
CVE-2008-2526,0.01213,0.6557
CVE-2008-2527,0.01213,0.6557
CVE-2008-2528,0.01108,0.53389
CVE-2008-2529,0.00986,0.35784
CVE-2008-2530,0.00986,0.35784
CVE-2008-2531,0.01213,0.6557
CVE-2008-2532,0.00986,0.35784
CVE-2008-2533,0.01136,0.57949
CVE-2008-2534,0.01055,0.50287
CVE-2008-2535,0.01055,0.50287
CVE-2008-2536,0.00986,0.35784
CVE-2008-2537,0.00986,0.35784
CVE-2008-2538,0.01104,0.52279
CVE-2008-2539,0.01034,0.39824
CVE-2008-2540,0.09174,0.9391
CVE-2008-2541,0.08228,0.93218
CVE-2008-2542,0.11409,0.94831
CVE-2008-2543,0.01408,0.72072
CVE-2008-2544,0.00885,0.26162
CVE-2008-2545,0.07525,0.92398
CVE-2008-2547,0.10526,0.94393
CVE-2008-2548,0.07525,0.92398
CVE-2008-2549,0.72633,0.9921
CVE-2008-2550,0.01108,0.53389
CVE-2008-2551,0.80107,0.99485
CVE-2008-2552,0.01034,0.39824
CVE-2008-2553,0.01776,0.75902
CVE-2008-2554,0.00986,0.35784
CVE-2008-2555,0.00986,0.35784
CVE-2008-2556,0.00986,0.35784
CVE-2008-2557,0.01213,0.6557
CVE-2008-2558,0.01055,0.50287
CVE-2008-2559,0.07777,0.92953
CVE-2008-2560,0.01213,0.6557
CVE-2008-2561,0.01213,0.6557
CVE-2008-2562,0.00986,0.35784
CVE-2008-2563,0.01213,0.6557
CVE-2008-2564,0.00986,0.35784
CVE-2008-2565,0.01974,0.7812
CVE-2008-2566,0.01213,0.6557
CVE-2008-2567,0.01213,0.6557
CVE-2008-2568,0.00986,0.35784
CVE-2008-2569,0.00986,0.35784
CVE-2008-2570,0.01018,0.38792
CVE-2008-2571,0.01213,0.6557
CVE-2008-2572,0.00986,0.35784
CVE-2008-2573,0.11379,0.94814
CVE-2008-2574,0.15607,0.95873
CVE-2008-2575,0.02172,0.79917
CVE-2008-2576,0.01282,0.67298
CVE-2008-2577,0.01483,0.7269
CVE-2008-2578,0.01282,0.67298
CVE-2008-2579,0.01537,0.73595
CVE-2008-2580,0.01537,0.73595
CVE-2008-2581,0.01537,0.73595
CVE-2008-2582,0.01537,0.73595
CVE-2008-2583,0.01183,0.60428
CVE-2008-2585,0.01315,0.67456
CVE-2008-2586,0.01315,0.67456
CVE-2008-2587,0.01104,0.52279
CVE-2008-2588,0.0095,0.30554
CVE-2008-2589,0.01974,0.7812
CVE-2008-2590,0.01483,0.7269
CVE-2008-2591,0.01315,0.67456
CVE-2008-2592,0.01815,0.76117
CVE-2008-2593,0.01183,0.60428
CVE-2008-2594,0.01183,0.60428
CVE-2008-2595,0.09477,0.93973
CVE-2008-2596,0.01315,0.67456
CVE-2008-2597,0.01104,0.52279
CVE-2008-2598,0.01104,0.52279
CVE-2008-2599,0.01104,0.52279
CVE-2008-2600,0.01315,0.67456
CVE-2008-2601,0.01315,0.67456
CVE-2008-2602,0.01315,0.67456
CVE-2008-2603,0.01633,0.74922
CVE-2008-2604,0.01315,0.67456
CVE-2008-2605,0.01315,0.67456
CVE-2008-2606,0.01315,0.67456
CVE-2008-2607,0.06248,0.90327
CVE-2008-2608,0.01315,0.67456
CVE-2008-2609,0.01183,0.60428
CVE-2008-2610,0.01315,0.67456
CVE-2008-2611,0.01315,0.67456
CVE-2008-2612,0.01183,0.60428
CVE-2008-2613,0.01282,0.67298
CVE-2008-2614,0.01183,0.60428
CVE-2008-2615,0.01649,0.75017
CVE-2008-2616,0.01649,0.75017
CVE-2008-2617,0.01649,0.75017
CVE-2008-2618,0.01649,0.75017
CVE-2008-2619,0.01232,0.66248
CVE-2008-2620,0.01649,0.75017
CVE-2008-2621,0.01649,0.75017
CVE-2008-2622,0.01649,0.75017
CVE-2008-2623,0.0095,0.30554
CVE-2008-2624,0.01132,0.54372
CVE-2008-2625,0.01319,0.70416
CVE-2008-2626,0.01139,0.58345
CVE-2008-2627,0.00986,0.35784
CVE-2008-2628,0.00986,0.35784
CVE-2008-2629,0.00986,0.35784
CVE-2008-2630,0.01213,0.6557
CVE-2008-2631,0.04187,0.86773
CVE-2008-2632,0.00986,0.35784
CVE-2008-2633,0.01139,0.58345
CVE-2008-2634,0.00986,0.35784
CVE-2008-2635,0.01818,0.76133
CVE-2008-2636,0.05139,0.89128
CVE-2008-2637,0.02945,0.82784
CVE-2008-2638,0.04482,0.88223
CVE-2008-2639,0.76482000000000006,0.99351
CVE-2008-2640,0.01319,0.70416
CVE-2008-2641,0.13488,0.95499
CVE-2008-2642,0.01213,0.6557
CVE-2008-2643,0.00986,0.35784
CVE-2008-2644,0.01213,0.6557
CVE-2008-2645,0.04187,0.86773
CVE-2008-2646,0.01213,0.6557
CVE-2008-2647,0.01136,0.57949
CVE-2008-2648,0.06309,0.90494
CVE-2008-2649,0.04187,0.86773
CVE-2008-2650,0.11409,0.94831
CVE-2008-2651,0.00986,0.35784
CVE-2008-2652,0.01213,0.6557
CVE-2008-2654,0.1127,0.94787
CVE-2008-2662,0.04229,0.86856
CVE-2008-2663,0.04229,0.86856
CVE-2008-2664,0.02686,0.82061
CVE-2008-2665,0.04358,0.87435
CVE-2008-2666,0.12567,0.95329
CVE-2008-2667,0.01974,0.7812
CVE-2008-2668,0.01319,0.70416
CVE-2008-2669,0.01319,0.70416
CVE-2008-2670,0.01213,0.6557
CVE-2008-2671,0.01139,0.58345
CVE-2008-2672,0.0679,0.91793
CVE-2008-2673,0.00986,0.35784
CVE-2008-2674,0.01319,0.70416
CVE-2008-2675,0.01136,0.57949
CVE-2008-2676,0.00986,0.35784
CVE-2008-2677,0.01136,0.57949
CVE-2008-2678,0.01136,0.57949
CVE-2008-2679,0.01213,0.6557
CVE-2008-2680,0.01213,0.6557
CVE-2008-2681,0.01213,0.6557
CVE-2008-2682,0.01213,0.6557
CVE-2008-2683,0.77057,0.99376
CVE-2008-2684,0.06309,0.90494
CVE-2008-2685,0.01136,0.57949
CVE-2008-2686,0.07687,0.92751
CVE-2008-2687,0.04187,0.86773
CVE-2008-2688,0.00986,0.35784
CVE-2008-2689,0.01213,0.6557
CVE-2008-2690,0.01055,0.50287
CVE-2008-2691,0.00986,0.35784
CVE-2008-2692,0.00986,0.35784
CVE-2008-2693,0.07437,0.92309
CVE-2008-2694,0.01136,0.57949
CVE-2008-2695,0.01136,0.57949
CVE-2008-2696,0.01955,0.77585
CVE-2008-2697,0.00986,0.35784
CVE-2008-2698,0.01213,0.6557
CVE-2008-2699,0.01136,0.57949
CVE-2008-2700,0.00986,0.35784
CVE-2008-2701,0.028,0.82308
CVE-2008-2702,0.02167,0.79257
CVE-2008-2703,0.78628,0.99432
CVE-2008-2704,0.01319,0.70416
CVE-2008-2705,0.01319,0.70416
CVE-2008-2706,0.01034,0.39824
CVE-2008-2707,0.01319,0.70416
CVE-2008-2708,0.01034,0.39824
CVE-2008-2709,0.0095,0.30554
CVE-2008-2710,0.01872,0.76301
CVE-2008-2711,0.03932,0.8519
CVE-2008-2712,0.06627,0.91146
CVE-2008-2713,0.04358,0.87435
CVE-2008-2714,0.01776,0.75902
CVE-2008-2715,0.02172,0.79917
CVE-2008-2716,0.02172,0.79917
CVE-2008-2717,0.03115,0.83076
CVE-2008-2718,0.01776,0.75902
CVE-2008-2719,0.08456,0.93607
CVE-2008-2720,0.01319,0.70416
CVE-2008-2721,0.01319,0.70416
CVE-2008-2722,0.01319,0.70416
CVE-2008-2723,0.01319,0.70416
CVE-2008-2724,0.01319,0.70416
CVE-2008-2725,0.02686,0.82061
CVE-2008-2726,0.02686,0.82061
CVE-2008-2729,0.01547,0.74085
CVE-2008-2730,0.01319,0.70416
CVE-2008-2732,0.01319,0.70416
CVE-2008-2733,0.01319,0.70416
CVE-2008-2734,0.01319,0.70416
CVE-2008-2735,0.01319,0.70416
CVE-2008-2736,0.01319,0.70416
CVE-2008-2739,0.01213,0.6557
CVE-2008-2742,0.07687,0.92751
CVE-2008-2743,0.01319,0.70416
CVE-2008-2744,0.02945,0.82784
CVE-2008-2745,0.11409,0.94831
CVE-2008-2746,0.00986,0.35784
CVE-2008-2747,0.0095,0.30554
CVE-2008-2748,0.0679,0.91793
CVE-2008-2749,0.01319,0.70416
CVE-2008-2750,0.03779,0.84781
CVE-2008-2751,0.11165,0.94647
CVE-2008-2752,0.64676,0.98973
CVE-2008-2753,0.01139,0.58345
CVE-2008-2754,0.00986,0.35784
CVE-2008-2755,0.00986,0.35784
CVE-2008-2756,0.01319,0.70416
CVE-2008-2757,0.01232,0.66248
CVE-2008-2758,0.01232,0.66248
CVE-2008-2759,0.01319,0.70416
CVE-2008-2760,0.01232,0.66248
CVE-2008-2761,0.01232,0.66248
CVE-2008-2762,0.01132,0.54372
CVE-2008-2763,0.01132,0.54372
CVE-2008-2764,0.01132,0.54372
CVE-2008-2765,0.01213,0.6557
CVE-2008-2766,0.01213,0.6557
CVE-2008-2767,0.01132,0.54372
CVE-2008-2768,0.01132,0.54372
CVE-2008-2769,0.01213,0.6557
CVE-2008-2770,0.00986,0.35784
CVE-2008-2771,0.01213,0.6557
CVE-2008-2772,0.01213,0.6557
CVE-2008-2773,0.01213,0.6557
CVE-2008-2774,0.00986,0.35784
CVE-2008-2775,0.01136,0.57949
CVE-2008-2776,0.01136,0.57949
CVE-2008-2777,0.01213,0.6557
CVE-2008-2778,0.00986,0.35784
CVE-2008-2779,0.01818,0.76133
CVE-2008-2780,0.01018,0.38792
CVE-2008-2781,0.00986,0.35784
CVE-2008-2782,0.04187,0.86773
CVE-2008-2783,0.01917,0.77071
CVE-2008-2784,0.01213,0.6557
CVE-2008-2785,0.09915,0.94265
CVE-2008-2786,0.00954,0.34522
CVE-2008-2787,0.02945,0.82784
CVE-2008-2788,0.01055,0.50287
CVE-2008-2789,0.52533,0.98675
CVE-2008-2790,0.00986,0.35784
CVE-2008-2791,0.00986,0.35784
CVE-2008-2792,0.00986,0.35784
CVE-2008-2793,0.00986,0.35784
CVE-2008-2794,0.01034,0.39824
CVE-2008-2795,0.02104,0.79086
CVE-2008-2796,0.00986,0.35784
CVE-2008-2797,0.01136,0.57949
CVE-2008-2798,0.08228,0.93218
CVE-2008-2799,0.08228,0.93218
CVE-2008-2800,0.03932,0.8519
CVE-2008-2801,0.12248,0.95092
CVE-2008-2802,0.12248,0.95092
CVE-2008-2803,0.09915,0.94265
CVE-2008-2805,0.04358,0.87435
CVE-2008-2806,0.04358,0.87435
CVE-2008-2807,0.04358,0.87435
CVE-2008-2808,0.03932,0.8519
CVE-2008-2809,0.03932,0.8519
CVE-2008-2810,0.03932,0.8519
CVE-2008-2811,0.08228,0.93218
CVE-2008-2812,0.01547,0.74085
CVE-2008-2813,0.01213,0.6557
CVE-2008-2814,0.01055,0.50287
CVE-2008-2815,0.00986,0.35784
CVE-2008-2816,0.00986,0.35784
CVE-2008-2817,0.00986,0.35784
CVE-2008-2818,0.04187,0.86773
CVE-2008-2819,0.01213,0.6557
CVE-2008-2820,0.0679,0.91793
CVE-2008-2821,0.02104,0.79086
CVE-2008-2822,0.0323,0.83449
CVE-2008-2823,0.00986,0.35784
CVE-2008-2824,0.01319,0.70416
CVE-2008-2825,0.01319,0.70416
CVE-2008-2826,0.01547,0.74085
CVE-2008-2827,0.0322,0.83442
CVE-2008-2828,0.04291,0.87022
CVE-2008-2829,0.04229,0.86856
CVE-2008-2830,0.02046,0.7858
CVE-2008-2831,0.01232,0.66248
CVE-2008-2832,0.07687,0.92751
CVE-2008-2833,0.04482,0.88223
CVE-2008-2834,0.00986,0.35784
CVE-2008-2835,0.00986,0.35784
CVE-2008-2836,0.04482,0.88223
CVE-2008-2837,0.00986,0.35784
CVE-2008-2838,0.01136,0.57949
CVE-2008-2839,0.01136,0.57949
CVE-2008-2840,0.01136,0.57949
CVE-2008-2841,0.24729,0.96719
CVE-2008-2842,0.01213,0.6557
CVE-2008-2843,0.01319,0.70416
CVE-2008-2844,0.00986,0.35784
CVE-2008-2845,0.00986,0.35784
CVE-2008-2846,0.00986,0.35784
CVE-2008-2847,0.00986,0.35784
CVE-2008-2848,0.01213,0.6557
CVE-2008-2849,0.01132,0.54372
CVE-2008-2850,0.01213,0.6557
CVE-2008-2851,0.01213,0.6557
CVE-2008-2852,0.01319,0.70416
CVE-2008-2853,0.00986,0.35784
CVE-2008-2854,0.04187,0.86773
CVE-2008-2855,0.01136,0.57949
CVE-2008-2856,0.01136,0.57949
CVE-2008-2857,0.00885,0.26162
CVE-2008-2858,0.01055,0.50287
CVE-2008-2859,0.01319,0.70416
CVE-2008-2860,0.00986,0.35784
CVE-2008-2861,0.01319,0.70416
CVE-2008-2862,0.01408,0.72072
CVE-2008-2863,0.01319,0.70416
CVE-2008-2864,0.01213,0.6557
CVE-2008-2865,0.00986,0.35784
CVE-2008-2866,0.00986,0.35784
CVE-2008-2867,0.00986,0.35784
CVE-2008-2868,0.01139,0.58345
CVE-2008-2869,0.00986,0.35784
CVE-2008-2870,0.00986,0.35784
CVE-2008-2871,0.01917,0.77071
CVE-2008-2872,0.01213,0.6557
CVE-2008-2873,0.01136,0.57949
CVE-2008-2874,0.00986,0.35784
CVE-2008-2875,0.00986,0.35784
CVE-2008-2876,0.0679,0.91793
CVE-2008-2877,0.04187,0.86773
CVE-2008-2878,0.01319,0.70416
CVE-2008-2879,0.01213,0.6557
CVE-2008-2880,0.06309,0.90494
CVE-2008-2881,0.00885,0.26162
CVE-2008-2882,0.01213,0.6557
CVE-2008-2883,0.01213,0.6557
CVE-2008-2884,0.04482,0.88223
CVE-2008-2885,0.04187,0.86773
CVE-2008-2886,0.01319,0.70416
CVE-2008-2887,0.04187,0.86773
CVE-2008-2888,0.04187,0.86773
CVE-2008-2889,0.0323,0.83449
CVE-2008-2890,0.00986,0.35784
CVE-2008-2891,0.00986,0.35784
CVE-2008-2892,0.00986,0.35784
CVE-2008-2893,0.00986,0.35784
CVE-2008-2894,0.02104,0.79086
CVE-2008-2895,0.04187,0.86773
CVE-2008-2896,0.04187,0.86773
CVE-2008-2897,0.00986,0.35784
CVE-2008-2898,0.04187,0.86773
CVE-2008-2899,0.01018,0.38792
CVE-2008-2900,0.00986,0.35784
CVE-2008-2901,0.00986,0.35784
CVE-2008-2902,0.01213,0.6557
CVE-2008-2903,0.00986,0.35784
CVE-2008-2904,0.00986,0.35784
CVE-2008-2905,0.73206,0.99228
CVE-2008-2906,0.01213,0.6557
CVE-2008-2907,0.00986,0.35784
CVE-2008-2908,0.77042,0.99375
CVE-2008-2909,0.00986,0.35784
CVE-2008-2910,0.07437,0.92309
CVE-2008-2911,0.01213,0.6557
CVE-2008-2912,0.01213,0.6557
CVE-2008-2913,0.04187,0.86773
CVE-2008-2914,0.00986,0.35784
CVE-2008-2915,0.00986,0.35784
CVE-2008-2916,0.01139,0.58345
CVE-2008-2917,0.028,0.82308
CVE-2008-2918,0.00986,0.35784
CVE-2008-2919,0.00986,0.35784
CVE-2008-2920,0.01213,0.6557
CVE-2008-2921,0.01213,0.6557
CVE-2008-2922,0.06211,0.90307
CVE-2008-2923,0.01319,0.70416
CVE-2008-2924,0.01213,0.6557
CVE-2008-2925,0.01213,0.6557
CVE-2008-2926,0.01282,0.67298
CVE-2008-2927,0.12248,0.95092
CVE-2008-2928,0.08228,0.93218
CVE-2008-2929,0.03407,0.83908
CVE-2008-2930,0.12567,0.95329
CVE-2008-2931,0.01547,0.74085
CVE-2008-2932,0.05139,0.89128
CVE-2008-2933,0.03932,0.8519
CVE-2008-2934,0.06604,0.91138
CVE-2008-2935,0.27992,0.97142
CVE-2008-2936,0.0322,0.83442
CVE-2008-2937,0.01547,0.74085
CVE-2008-2939,0.07344,0.92237
CVE-2008-2940,0.01547,0.74085
CVE-2008-2941,0.01547,0.74085
CVE-2008-2942,0.02686,0.82061
CVE-2008-2943,0.05714,0.89838
CVE-2008-2944,0.0089,0.2856
CVE-2008-2945,0.03214,0.83353
CVE-2008-2946,0.01213,0.6557
CVE-2008-2947,0.23038,0.96506
CVE-2008-2948,0.16864,0.95983
CVE-2008-2949,0.13105,0.9547
CVE-2008-2950,0.47944,0.98484
CVE-2008-2951,0.01408,0.72072
CVE-2008-2952,0.12567,0.95329
CVE-2008-2953,0.02172,0.79917
CVE-2008-2954,0.02172,0.79917
CVE-2008-2955,0.12567,0.95329
CVE-2008-2956,0.01319,0.70416
CVE-2008-2957,0.02172,0.79917
CVE-2008-2958,0.0095,0.30554
CVE-2008-2959,0.31132,0.97462
CVE-2008-2960,0.01955,0.77585
CVE-2008-2961,0.04187,0.86773
CVE-2008-2962,0.01136,0.57949
CVE-2008-2963,0.01136,0.57949
CVE-2008-2964,0.00986,0.35784
CVE-2008-2965,0.01136,0.57949
CVE-2008-2966,0.01136,0.57949
CVE-2008-2967,0.01319,0.70416
CVE-2008-2968,0.01319,0.70416
CVE-2008-2969,0.01213,0.6557
CVE-2008-2970,0.01213,0.6557
CVE-2008-2971,0.00986,0.35784
CVE-2008-2972,0.00986,0.35784
CVE-2008-2973,0.01136,0.57949
CVE-2008-2974,0.01136,0.57949
CVE-2008-2975,0.01136,0.57949
CVE-2008-2976,0.01136,0.57949
CVE-2008-2977,0.01136,0.57949
CVE-2008-2978,0.01136,0.57949
CVE-2008-2979,0.01213,0.6557
CVE-2008-2980,0.01055,0.50287
CVE-2008-2981,0.01055,0.50287
CVE-2008-2982,0.01055,0.50287
CVE-2008-2983,0.00986,0.35784
CVE-2008-2984,0.01136,0.57949
CVE-2008-2985,0.01136,0.57949
CVE-2008-2986,0.04187,0.86773
CVE-2008-2987,0.01917,0.77071
CVE-2008-2988,0.01213,0.6557
CVE-2008-2989,0.00986,0.35784
CVE-2008-2990,0.04187,0.86773
CVE-2008-2991,0.01213,0.6557
CVE-2008-2992,0.8635,0.9969
CVE-2008-2993,0.04482,0.88223
CVE-2008-2994,0.01917,0.77071
CVE-2008-2995,0.00986,0.35784
CVE-2008-2996,0.01213,0.6557
CVE-2008-2997,0.01213,0.6557
CVE-2008-2998,0.01213,0.6557
CVE-2008-2999,0.01213,0.6557
CVE-2008-3000,0.01213,0.6557
CVE-2008-3001,0.06309,0.90494
CVE-2008-3003,0.02087,0.79049
CVE-2008-3004,0.46718,0.98435
CVE-2008-3005,0.46718,0.98435
CVE-2008-3006,0.46718,0.98435
CVE-2008-3007,0.46718,0.98435
CVE-2008-3008,0.87309,0.99738
CVE-2008-3009,0.24625,0.96695
CVE-2008-3010,0.24625,0.96695
CVE-2008-3012,0.46718,0.98435
CVE-2008-3013,0.46718,0.98435
CVE-2008-3014,0.46718,0.98435
CVE-2008-3015,0.46718,0.98435
CVE-2008-3018,0.46718,0.98435
CVE-2008-3019,0.46718,0.98435
CVE-2008-3020,0.46718,0.98435
CVE-2008-3021,0.46718,0.98435
CVE-2008-3022,0.04187,0.86773
CVE-2008-3023,0.16864,0.95983
CVE-2008-3024,0.02357,0.80649
CVE-2008-3025,0.00986,0.35784
CVE-2008-3026,0.00986,0.35784
CVE-2008-3027,0.00986,0.35784
CVE-2008-3028,0.01213,0.6557
CVE-2008-3029,0.01213,0.6557
CVE-2008-3030,0.00986,0.35784
CVE-2008-3031,0.04187,0.86773
CVE-2008-3032,0.01213,0.6557
CVE-2008-3033,0.04187,0.86773
CVE-2008-3034,0.00986,0.35784
CVE-2008-3035,0.00986,0.35784
CVE-2008-3036,0.04187,0.86773
CVE-2008-3037,0.01136,0.57949
CVE-2008-3038,0.01136,0.57949
CVE-2008-3039,0.01136,0.57949
CVE-2008-3040,0.01136,0.57949
CVE-2008-3041,0.00954,0.34522
CVE-2008-3042,0.00954,0.34522
CVE-2008-3043,0.0292,0.82516
CVE-2008-3044,0.01213,0.6557
CVE-2008-3045,0.00954,0.34522
CVE-2008-3046,0.01018,0.38792
CVE-2008-3047,0.01018,0.38792
CVE-2008-3048,0.00954,0.34522
CVE-2008-3049,0.00954,0.34522
CVE-2008-3050,0.00954,0.34522
CVE-2008-3051,0.01055,0.50287
CVE-2008-3052,0.01213,0.6557
CVE-2008-3053,0.01213,0.6557
CVE-2008-3054,0.01136,0.57949
CVE-2008-3055,0.01136,0.57949
CVE-2008-3056,0.01136,0.57949
CVE-2008-3057,0.01213,0.6557
CVE-2008-3058,0.01139,0.58345
CVE-2008-3059,0.01132,0.54372
CVE-2008-3060,0.01213,0.6557
CVE-2008-3061,0.01136,0.57949
CVE-2008-3063,0.01136,0.57949
CVE-2008-3064,0.01108,0.53389
CVE-2008-3066,0.09915,0.94265
CVE-2008-3067,0.00885,0.26162
CVE-2008-3068,0.23038,0.96506
CVE-2008-3069,0.01136,0.57949
CVE-2008-3070,0.00954,0.34522
CVE-2008-3071,0.00954,0.34522
CVE-2008-3072,0.00885,0.26162
CVE-2008-3073,0.00954,0.34522
CVE-2008-3074,0.02768,0.82197
CVE-2008-3075,0.02768,0.82197
CVE-2008-3076,0.08822,0.93667
CVE-2008-3077,0.01034,0.39824
CVE-2008-3078,0.02172,0.79917
CVE-2008-3079,0.0292,0.82516
CVE-2008-3080,0.01055,0.50287
CVE-2008-3081,0.02528,0.8112
CVE-2008-3082,0.01213,0.6557
CVE-2008-3083,0.00986,0.35784
CVE-2008-3087,0.01136,0.57949
CVE-2008-3088,0.01213,0.6557
CVE-2008-3089,0.00986,0.35784
CVE-2008-3090,0.01319,0.70416
CVE-2008-3091,0.01132,0.54372
CVE-2008-3092,0.01132,0.54372
CVE-2008-3093,0.04482,0.88223
CVE-2008-3094,0.01213,0.6557
CVE-2008-3095,0.01132,0.54372
CVE-2008-3096,0.01132,0.54372
CVE-2008-3097,0.01132,0.54372
CVE-2008-3098,0.03129,0.8316
CVE-2008-3100,0.02945,0.82784
CVE-2008-3101,0.03129,0.8316
CVE-2008-3102,0.02172,0.79917
CVE-2008-3103,0.03932,0.8519
CVE-2008-3104,0.03932,0.8519
CVE-2008-3105,0.03932,0.8519
CVE-2008-3106,0.04358,0.87435
CVE-2008-3107,0.02686,0.82061
CVE-2008-3108,0.02686,0.82061
CVE-2008-3109,0.02686,0.82061
CVE-2008-3110,0.04358,0.87435
CVE-2008-3111,0.02686,0.82061
CVE-2008-3112,0.04358,0.87435
CVE-2008-3113,0.04358,0.87435
CVE-2008-3114,0.02686,0.82061
CVE-2008-3115,0.12248,0.95092
CVE-2008-3116,0.07687,0.92751
CVE-2008-3117,0.05302,0.89375
CVE-2008-3118,0.01136,0.57949
CVE-2008-3119,0.00986,0.35784
CVE-2008-3121,0.01213,0.6557
CVE-2008-3122,0.01132,0.54372
CVE-2008-3123,0.00986,0.35784
CVE-2008-3124,0.00986,0.35784
CVE-2008-3125,0.01139,0.58345
CVE-2008-3126,0.05302,0.89375
CVE-2008-3127,0.04187,0.86773
CVE-2008-3128,0.07197,0.92068
CVE-2008-3129,0.00986,0.35784
CVE-2008-3130,0.01136,0.57949
CVE-2008-3131,0.00986,0.35784
CVE-2008-3132,0.00986,0.35784
CVE-2008-3133,0.00986,0.35784
CVE-2008-3134,0.02172,0.79917
CVE-2008-3135,0.01319,0.70416
CVE-2008-3136,0.00986,0.35784
CVE-2008-3137,0.03932,0.8519
CVE-2008-3138,0.04358,0.87435
CVE-2008-3139,0.03779,0.84781
CVE-2008-3140,0.12567,0.95329
CVE-2008-3141,0.02528,0.8112
CVE-2008-3142,0.02686,0.82061
CVE-2008-3143,0.02686,0.82061
CVE-2008-3144,0.02686,0.82061
CVE-2008-3145,0.04358,0.87435
CVE-2008-3146,0.04229,0.86856
CVE-2008-3147,0.01034,0.39824
CVE-2008-3148,0.02167,0.79257
CVE-2008-3149,0.01213,0.6557
CVE-2008-3150,0.07687,0.92751
CVE-2008-3151,0.00986,0.35784
CVE-2008-3152,0.00986,0.35784
CVE-2008-3153,0.00986,0.35784
CVE-2008-3154,0.00986,0.35784
CVE-2008-3155,0.06604,0.91138
CVE-2008-3156,0.01776,0.75902
CVE-2008-3157,0.01108,0.53389
CVE-2008-3158,0.18872,0.96151
CVE-2008-3159,0.09196,0.93925
CVE-2008-3160,0.01537,0.73595
CVE-2008-3161,0.01917,0.77071
CVE-2008-3162,0.34394,0.97618
CVE-2008-3163,0.04187,0.86773
CVE-2008-3164,0.0679,0.91793
CVE-2008-3165,0.0679,0.91793
CVE-2008-3166,0.04482,0.88223
CVE-2008-3167,0.01319,0.70416
CVE-2008-3168,0.01018,0.38792
CVE-2008-3169,0.04291,0.87022
CVE-2008-3170,0.01776,0.75902
CVE-2008-3171,0.01136,0.57949
CVE-2008-3172,0.01213,0.6557
CVE-2008-3173,0.11676,0.94929
CVE-2008-3174,0.01974,0.7812
CVE-2008-3175,0.15125,0.95694
CVE-2008-3177,0.01319,0.70416
CVE-2008-3178,0.15607,0.95873
CVE-2008-3179,0.0679,0.91793
CVE-2008-3180,0.01213,0.6557
CVE-2008-3181,0.05302,0.89375
CVE-2008-3182,0.11409,0.94831
CVE-2008-3183,0.0679,0.91793
CVE-2008-3184,0.01917,0.77071
CVE-2008-3185,0.01319,0.70416
CVE-2008-3186,0.01917,0.77071
CVE-2008-3187,0.01018,0.38792
CVE-2008-3188,0.01108,0.53389
CVE-2008-3189,0.00986,0.35784
CVE-2008-3190,0.0679,0.91793
CVE-2008-3191,0.00986,0.35784
CVE-2008-3192,0.01213,0.6557
CVE-2008-3193,0.01213,0.6557
CVE-2008-3194,0.07197,0.92068
CVE-2008-3195,0.02172,0.79917
CVE-2008-3196,0.01018,0.38792
CVE-2008-3197,0.03978,0.85264
CVE-2008-3198,0.06523,0.90962
CVE-2008-3199,0.01213,0.6557
CVE-2008-3200,0.00986,0.35784
CVE-2008-3201,0.01917,0.77071
CVE-2008-3202,0.01917,0.77071
CVE-2008-3203,0.04482,0.88223
CVE-2008-3204,0.01213,0.6557
CVE-2008-3205,0.01213,0.6557
CVE-2008-3206,0.00986,0.35784
CVE-2008-3207,0.04482,0.88223
CVE-2008-3208,0.0679,0.91793
CVE-2008-3209,0.07437,0.92309
CVE-2008-3210,0.0679,0.91793
CVE-2008-3211,0.01319,0.70416
CVE-2008-3212,0.01136,0.57949
CVE-2008-3213,0.00986,0.35784
CVE-2008-3214,0.02172,0.79917
CVE-2008-3215,0.03779,0.84781
CVE-2008-3216,0.0089,0.2856
CVE-2008-3217,0.01537,0.73595
CVE-2008-3218,0.01776,0.75902
CVE-2008-3219,0.01537,0.73595
CVE-2008-3220,0.01776,0.75902
CVE-2008-3221,0.01408,0.72072
CVE-2008-3222,0.01955,0.77585
CVE-2008-3223,0.01974,0.7812
CVE-2008-3224,0.00954,0.34522
CVE-2008-3225,0.01018,0.38792
CVE-2008-3226,0.01018,0.38792
CVE-2008-3227,0.00954,0.34522
CVE-2008-3228,0.01018,0.38792
CVE-2008-3229,0.0095,0.30554
CVE-2008-3230,0.01108,0.53389
CVE-2008-3231,0.01955,0.77585
CVE-2008-3232,0.1127,0.94787
CVE-2008-3233,0.01917,0.77071
CVE-2008-3234,0.04187,0.86773
CVE-2008-3235,0.01108,0.53389
CVE-2008-3236,0.01183,0.60428
CVE-2008-3237,0.01319,0.70416
CVE-2008-3238,0.01319,0.70416
CVE-2008-3239,0.07437,0.92309
CVE-2008-3240,0.01139,0.58345
CVE-2008-3241,0.00986,0.35784
CVE-2008-3242,0.15607,0.95873
CVE-2008-3243,0.01319,0.70416
CVE-2008-3244,0.01319,0.70416
CVE-2008-3245,0.00986,0.35784
CVE-2008-3246,0.09915,0.94265
CVE-2008-3247,0.01282,0.67298
CVE-2008-3248,0.01282,0.67298
CVE-2008-3249,0.01319,0.70416
CVE-2008-3250,0.01139,0.58345
CVE-2008-3251,0.01139,0.58345
CVE-2008-3252,0.08263,0.93269
CVE-2008-3253,0.01319,0.70416
CVE-2008-3254,0.00986,0.35784
CVE-2008-3255,0.01213,0.6557
CVE-2008-3256,0.00986,0.35784
CVE-2008-3257,0.78095,0.99418
CVE-2008-3258,0.01213,0.6557
CVE-2008-3259,0.01034,0.39824
CVE-2008-3260,0.03129,0.8316
CVE-2008-3261,0.0679,0.91793
CVE-2008-3262,0.01319,0.70416
CVE-2008-3263,0.12567,0.95329
CVE-2008-3264,0.02172,0.79917
CVE-2008-3265,0.01139,0.58345
CVE-2008-3266,0.01139,0.58345
CVE-2008-3267,0.00986,0.35784
CVE-2008-3268,0.01213,0.6557
CVE-2008-3269,0.0679,0.91793
CVE-2008-3270,0.01108,0.53389
CVE-2008-3271,0.07344,0.92237
CVE-2008-3272,0.01547,0.74085
CVE-2008-3273,0.03779,0.84781
CVE-2008-3274,0.02172,0.79917
CVE-2008-3275,0.01547,0.74085
CVE-2008-3276,0.03932,0.8519
CVE-2008-3277,0.00885,0.26162
CVE-2008-3278,0.0089,0.2856
CVE-2008-3279,0.0095,0.30554
CVE-2008-3280,0.00885,0.26162
CVE-2008-3281,0.02686,0.82061
CVE-2008-3282,0.06604,0.91138
CVE-2008-3283,0.04358,0.87435
CVE-2008-3285,0.02167,0.79257
CVE-2008-3286,0.0679,0.91793
CVE-2008-3287,0.01408,0.72072
CVE-2008-3288,0.01537,0.73595
CVE-2008-3289,0.01408,0.72072
CVE-2008-3290,0.01408,0.72072
CVE-2008-3291,0.00986,0.35784
CVE-2008-3292,0.04187,0.86773
CVE-2008-3293,0.0679,0.91793
CVE-2008-3294,0.02172,0.79379
CVE-2008-3295,0.01917,0.77071
CVE-2008-3296,0.06837,0.9181
CVE-2008-3297,0.01319,0.70416
CVE-2008-3298,0.01132,0.54372
CVE-2008-3299,0.04187,0.86773
CVE-2008-3300,0.04187,0.86773
CVE-2008-3301,0.01132,0.54372
CVE-2008-3302,0.01132,0.54372
CVE-2008-3303,0.01213,0.6557
CVE-2008-3304,0.01055,0.50287
CVE-2008-3305,0.01213,0.6557
CVE-2008-3306,0.01055,0.50287
CVE-2008-3307,0.01213,0.6557
CVE-2008-3308,0.01213,0.6557
CVE-2008-3309,0.00986,0.35784
CVE-2008-3310,0.00986,0.35784
CVE-2008-3311,0.04187,0.86773
CVE-2008-3312,0.04187,0.86773
CVE-2008-3313,0.04187,0.86773
CVE-2008-3314,0.0679,0.91793
CVE-2008-3315,0.03129,0.8316
CVE-2008-3316,0.01319,0.70416
CVE-2008-3317,0.0679,0.91793
CVE-2008-3318,0.0679,0.91793
CVE-2008-3319,0.0679,0.91793
CVE-2008-3320,0.04187,0.86773
CVE-2008-3321,0.0679,0.91793
CVE-2008-3322,0.04482,0.88223
CVE-2008-3323,0.04421,0.87629
CVE-2008-3324,0.0292,0.82516
CVE-2008-3325,0.01315,0.67456
CVE-2008-3326,0.01955,0.77585
CVE-2008-3327,0.01213,0.6557
CVE-2008-3328,0.01408,0.72072
CVE-2008-3329,0.00954,0.34522
CVE-2008-3330,0.01319,0.70416
CVE-2008-3331,0.01633,0.74922
CVE-2008-3332,0.08336,0.93297
CVE-2008-3333,0.01974,0.7812
CVE-2008-3334,0.01213,0.6557
CVE-2008-3335,0.01319,0.70416
CVE-2008-3336,0.01319,0.70416
CVE-2008-3337,0.03779,0.84781
CVE-2008-3338,0.06523,0.90962
CVE-2008-3339,0.01213,0.6557
CVE-2008-3340,0.01213,0.6557
CVE-2008-3341,0.01213,0.6557
CVE-2008-3342,0.01319,0.70416
CVE-2008-3343,0.01139,0.58345
CVE-2008-3344,0.01213,0.6557
CVE-2008-3345,0.00986,0.35784
CVE-2008-3346,0.01139,0.58345
CVE-2008-3347,0.01139,0.58345
CVE-2008-3348,0.01319,0.70416
CVE-2008-3349,0.01213,0.6557
CVE-2008-3350,0.01319,0.70416
CVE-2008-3351,0.00986,0.35784
CVE-2008-3352,0.00986,0.35784
CVE-2008-3353,0.01213,0.6557
CVE-2008-3354,0.04187,0.86773
CVE-2008-3355,0.00986,0.35784
CVE-2008-3356,0.01282,0.67298
CVE-2008-3357,0.01282,0.67298
CVE-2008-3358,0.01776,0.75902
CVE-2008-3359,0.01055,0.50287
CVE-2008-3360,0.28823,0.97188
CVE-2008-3361,0.042659999999999997,0.86883
CVE-2008-3362,0.07687,0.92751
CVE-2008-3363,0.07197,0.92068
CVE-2008-3364,0.39729,0.98024
CVE-2008-3365,0.07197,0.92068
CVE-2008-3366,0.00986,0.35784
CVE-2008-3367,0.01319,0.70416
CVE-2008-3368,0.05931,0.90093
CVE-2008-3369,0.04386,0.87542
CVE-2008-3370,0.01139,0.58345
CVE-2008-3371,0.10995,0.94626999999999994
CVE-2008-3372,0.00986,0.35784
CVE-2008-3373,0.01408,0.72072
CVE-2008-3374,0.01139,0.58345
CVE-2008-3375,0.07197,0.92068
CVE-2008-3376,0.01018,0.38792
CVE-2008-3377,0.00986,0.35784
CVE-2008-3378,0.00986,0.35784
CVE-2008-3379,0.01055,0.50287
CVE-2008-3380,0.02945,0.82784
CVE-2008-3381,0.01319,0.70416
CVE-2008-3382,0.00986,0.35784
CVE-2008-3383,0.00986,0.35784
CVE-2008-3384,0.07197,0.92068
CVE-2008-3385,0.04482,0.88223
CVE-2008-3386,0.00986,0.35784
CVE-2008-3387,0.00986,0.35784
CVE-2008-3388,0.00986,0.35784
CVE-2008-3389,0.01282,0.67298
CVE-2008-3390,0.04187,0.86773
CVE-2008-3391,0.01917,0.77071
CVE-2008-3392,0.01136,0.57949
CVE-2008-3393,0.01213,0.6557
CVE-2008-3394,0.01213,0.6557
CVE-2008-3395,0.00954,0.34522
CVE-2008-3396,0.0679,0.91793
CVE-2008-3397,0.01136,0.57949
CVE-2008-3398,0.01319,0.70416
CVE-2008-3399,0.01213,0.6557
CVE-2008-3400,0.01213,0.6557
CVE-2008-3401,0.0679,0.91793
CVE-2008-3402,0.0679,0.91793
CVE-2008-3403,0.01139,0.58345
CVE-2008-3404,0.02945,0.82784
CVE-2008-3405,0.04482,0.88223
CVE-2008-3406,0.01213,0.6557
CVE-2008-3407,0.01213,0.6557
CVE-2008-3408,0.11409,0.94831
CVE-2008-3409,0.12822,0.95405
CVE-2008-3410,0.01319,0.70416
CVE-2008-3411,0.01213,0.6557
CVE-2008-3412,0.00986,0.35784
CVE-2008-3413,0.01139,0.58345
CVE-2008-3414,0.01139,0.58345
CVE-2008-3415,0.0679,0.91793
CVE-2008-3416,0.01139,0.58345
CVE-2008-3417,0.00986,0.35784
CVE-2008-3418,0.00986,0.35784
CVE-2008-3419,0.00986,0.35784
CVE-2008-3420,0.00986,0.35784
CVE-2008-3421,0.01213,0.6557
CVE-2008-3422,0.01776,0.75902
CVE-2008-3423,0.01319,0.70416
CVE-2008-3424,0.02172,0.79917
CVE-2008-3425,0.01232,0.66248
CVE-2008-3426,0.01104,0.52279
CVE-2008-3428,0.01132,0.54372
CVE-2008-3429,0.06604,0.91138
CVE-2008-3430,0.07437,0.92309
CVE-2008-3431,0.0322,0.83442
CVE-2008-3432,0.10612,0.94399
CVE-2008-3433,0.0292,0.82516
CVE-2008-3434,0.02729,0.82118
CVE-2008-3435,0.0292,0.82516
CVE-2008-3436,0.0292,0.82516
CVE-2008-3437,0.0292,0.82516
CVE-2008-3438,0.02479,0.80861
CVE-2008-3439,0.0292,0.82516
CVE-2008-3440,0.0292,0.82516
CVE-2008-3441,0.0292,0.82516
CVE-2008-3442,0.0292,0.82516
CVE-2008-3443,0.12567,0.95329
CVE-2008-3444,0.01213,0.6557
CVE-2008-3445,0.00986,0.35784
CVE-2008-3446,0.04482,0.88223
CVE-2008-3447,0.0679,0.91793
CVE-2008-3448,0.02945,0.82784
CVE-2008-3449,0.01319,0.70416
CVE-2008-3450,0.01282,0.67298
CVE-2008-3451,0.01232,0.66248
CVE-2008-3452,0.00986,0.35784
CVE-2008-3453,0.00954,0.34522
CVE-2008-3454,0.04482,0.88223
CVE-2008-3455,0.04187,0.86773
CVE-2008-3456,0.03779,0.84781
CVE-2008-3457,0.03407,0.83908
CVE-2008-3458,0.01319,0.70416
CVE-2008-3459,0.01018,0.38792
CVE-2008-3460,0.46718,0.98435
CVE-2008-3464,0.0222,0.80429
CVE-2008-3465,0.10097,0.94303
CVE-2008-3466,0.85453,0.99659
CVE-2008-3471,0.46718,0.98435
CVE-2008-3472,0.39294,0.97941
CVE-2008-3473,0.39294,0.97941
CVE-2008-3474,0.20648,0.96329
CVE-2008-3475,0.46718,0.98435
CVE-2008-3476,0.46718,0.98435
CVE-2008-3477,0.46718,0.98435
CVE-2008-3479,0.46718,0.98435
CVE-2008-3480,0.15142,0.95704
CVE-2008-3481,0.01055,0.50287
CVE-2008-3482,0.01319,0.70416
CVE-2008-3483,0.01917,0.77071
CVE-2008-3484,0.00986,0.35784
CVE-2008-3485,0.0095,0.30554
CVE-2008-3486,0.01213,0.6557
CVE-2008-3487,0.00986,0.35784
CVE-2008-3488,0.01213,0.6557
CVE-2008-3489,0.00986,0.35784
CVE-2008-3490,0.00986,0.35784
CVE-2008-3491,0.04386,0.87542
CVE-2008-3492,0.01319,0.70416
CVE-2008-3493,0.04187,0.86773
CVE-2008-3494,0.04187,0.86773
CVE-2008-3495,0.00986,0.35784
CVE-2008-3496,0.01108,0.53389
CVE-2008-3497,0.00986,0.35784
CVE-2008-3498,0.01139,0.58345
CVE-2008-3499,0.00954,0.34522
CVE-2008-3500,0.01213,0.6557
CVE-2008-3501,0.01319,0.70416
CVE-2008-3502,0.01132,0.54372
CVE-2008-3503,0.01319,0.70416
CVE-2008-3504,0.01018,0.38792
CVE-2008-3505,0.01213,0.6557
CVE-2008-3506,0.01213,0.6557
CVE-2008-3507,0.00986,0.35784
CVE-2008-3508,0.04187,0.86773
CVE-2008-3509,0.0679,0.91793
CVE-2008-3510,0.01917,0.77071
CVE-2008-3511,0.01917,0.77071
CVE-2008-3512,0.00986,0.35784
CVE-2008-3513,0.01139,0.58345
CVE-2008-3514,0.02172,0.79917
CVE-2008-3515,0.01213,0.6557
CVE-2008-3516,0.01213,0.6557
CVE-2008-3519,0.02172,0.79917
CVE-2008-3520,0.02686,0.82061
CVE-2008-3521,0.01282,0.67298
CVE-2008-3522,0.02686,0.82061
CVE-2008-3524,0.01282,0.67298
CVE-2008-3525,0.01547,0.74085
CVE-2008-3526,0.02172,0.79917
CVE-2008-3527,0.01282,0.67298
CVE-2008-3528,0.01547,0.74085
CVE-2008-3529,0.34216,0.97602
CVE-2008-3530,0.03779,0.84781
CVE-2008-3531,0.01761,0.7555
CVE-2008-3532,0.03779,0.84781
CVE-2008-3533,0.42881,0.98198
CVE-2008-3534,0.01282,0.67298
CVE-2008-3535,0.01282,0.67298
CVE-2008-3536,0.01408,0.72072
CVE-2008-3537,0.01408,0.72072
CVE-2008-3538,0.06301,0.90367
CVE-2008-3539,0.01104,0.52279
CVE-2008-3542,0.01408,0.72072
CVE-2008-3543,0.01319,0.70416
CVE-2008-3544,0.28332,0.97166
CVE-2008-3545,0.01319,0.70416
CVE-2008-3546,0.02172,0.79379
CVE-2008-3547,0.06248,0.90327
CVE-2008-3548,0.01034,0.39824
CVE-2008-3549,0.01034,0.39824
CVE-2008-3550,0.01213,0.6557
CVE-2008-3551,0.07777,0.92953
CVE-2008-3552,0.08263,0.93269
CVE-2008-3553,0.08263,0.93269
CVE-2008-3554,0.00986,0.35784
CVE-2008-3555,0.04187,0.86773
CVE-2008-3556,0.00986,0.35784
CVE-2008-3557,0.04482,0.88223
CVE-2008-3558,0.76482000000000006,0.99351
CVE-2008-3559,0.01917,0.77071
CVE-2008-3560,0.01917,0.77071
CVE-2008-3561,0.00986,0.35784
CVE-2008-3562,0.04187,0.86773
CVE-2008-3563,0.01139,0.58345
CVE-2008-3564,0.04187,0.86773
CVE-2008-3565,0.01917,0.77071
CVE-2008-3566,0.01917,0.77071
CVE-2008-3567,0.01319,0.70416
CVE-2008-3568,0.04187,0.86773
CVE-2008-3569,0.01917,0.77071
CVE-2008-3570,0.04187,0.86773
CVE-2008-3571,0.0679,0.91793
CVE-2008-3572,0.01213,0.6557
CVE-2008-3573,0.04187,0.86773
CVE-2008-3574,0.01917,0.77071
CVE-2008-3575,0.04187,0.86773
CVE-2008-3576,0.07544,0.92484
CVE-2008-3577,0.01755,0.75287
CVE-2008-3578,0.0679,0.91793
CVE-2008-3579,0.01055,0.50287
CVE-2008-3580,0.01319,0.70416
CVE-2008-3581,0.01213,0.6557
CVE-2008-3582,0.00986,0.35784
CVE-2008-3583,0.07687,0.92751
CVE-2008-3584,0.01319,0.70416
CVE-2008-3585,0.00986,0.35784
CVE-2008-3586,0.00986,0.35784
CVE-2008-3587,0.01917,0.77071
CVE-2008-3588,0.00986,0.35784
CVE-2008-3589,0.04482,0.88223
CVE-2008-3590,0.00986,0.35784
CVE-2008-3591,0.01213,0.6557
CVE-2008-3592,0.05302,0.89375
CVE-2008-3593,0.04187,0.86773
CVE-2008-3594,0.00986,0.35784
CVE-2008-3595,0.04187,0.86773
CVE-2008-3596,0.01213,0.6557
CVE-2008-3597,0.01213,0.6557
CVE-2008-3598,0.01139,0.58345
CVE-2008-3599,0.00986,0.35784
CVE-2008-3600,0.01319,0.70416
CVE-2008-3601,0.00986,0.35784
CVE-2008-3602,0.04187,0.86773
CVE-2008-3603,0.00986,0.35784
CVE-2008-3604,0.00986,0.35784
CVE-2008-3605,0.01319,0.70416
CVE-2008-3606,0.10434,0.94374
CVE-2008-3607,0.04187,0.86773
CVE-2008-3608,0.03009,0.82821
CVE-2008-3609,0.01034,0.39824
CVE-2008-3610,0.01108,0.53389
CVE-2008-3611,0.01108,0.53389
CVE-2008-3612,0.02172,0.79917
CVE-2008-3613,0.01319,0.70416
CVE-2008-3614,0.06154,0.90253
CVE-2008-3615,0.04169,0.85428
CVE-2008-3616,0.01837,0.76209
CVE-2008-3617,0.01108,0.53389
CVE-2008-3618,0.01034,0.39824
CVE-2008-3619,0.01034,0.39824
CVE-2008-3621,0.03914,0.84984
CVE-2008-3622,0.01319,0.70416
CVE-2008-3623,0.06154,0.90253
CVE-2008-3624,0.03914,0.84984
CVE-2008-3625,0.06154,0.90253
CVE-2008-3626,0.06154,0.90253
CVE-2008-3627,0.06154,0.90253
CVE-2008-3628,0.03914,0.84984
CVE-2008-3629,0.01955,0.77585
CVE-2008-3630,0.01319,0.70416
CVE-2008-3631,0.01537,0.73595
CVE-2008-3632,0.06154,0.90253
CVE-2008-3634,0.01136,0.57949
CVE-2008-3635,0.04169,0.85428
CVE-2008-3636,0.01547,0.74085
CVE-2008-3637,0.0628,0.90355
CVE-2008-3638,0.01319,0.70416
CVE-2008-3639,0.11354,0.94806
CVE-2008-3640,0.09174,0.9391
CVE-2008-3641,0.5546,0.98731
CVE-2008-3642,0.06154,0.90253
CVE-2008-3643,0.01183,0.60428
CVE-2008-3644,0.01282,0.67298
CVE-2008-3645,0.0196,0.77594
CVE-2008-3646,0.01319,0.70416
CVE-2008-3647,0.04169,0.85428
CVE-2008-3648,0.33695,0.97582
CVE-2008-3649,0.01319,0.70416
CVE-2008-3650,0.00885,0.26162
CVE-2008-3651,0.02528,0.8112
CVE-2008-3652,0.04358,0.87435
CVE-2008-3653,0.00885,0.26162
CVE-2008-3654,0.00954,0.34522
CVE-2008-3655,0.12567,0.95329
CVE-2008-3656,0.3877,0.97908
CVE-2008-3657,0.02686,0.82061
CVE-2008-3658,0.04229,0.86856
CVE-2008-3659,0.04229,0.86856
CVE-2008-3660,0.04358,0.87435
CVE-2008-3661,0.01213,0.6557
CVE-2008-3662,0.02172,0.79917
CVE-2008-3663,0.02172,0.79917
CVE-2008-3664,0.01917,0.77071
CVE-2008-3666,0.01183,0.60428
CVE-2008-3667,0.07437,0.92309
CVE-2008-3668,0.01917,0.77071
CVE-2008-3669,0.01139,0.58345
CVE-2008-3670,0.01319,0.70416
CVE-2008-3671,0.01055,0.50287
CVE-2008-3672,0.01055,0.50287
CVE-2008-3673,0.01319,0.70416
CVE-2008-3674,0.01139,0.58345
CVE-2008-3675,0.04482,0.88223
CVE-2008-3676,0.0679,0.91793
CVE-2008-3677,0.01213,0.6557
CVE-2008-3678,0.01213,0.6557
CVE-2008-3679,0.01917,0.77071
CVE-2008-3680,0.12567,0.95329
CVE-2008-3681,0.0679,0.91793
CVE-2008-3682,0.00986,0.35784
CVE-2008-3683,0.01319,0.70416
CVE-2008-3684,0.04679,0.88603
CVE-2008-3685,0.04679,0.88603
CVE-2008-3686,0.01034,0.39824
CVE-2008-3687,0.02768,0.82197
CVE-2008-3688,0.01408,0.72072
CVE-2008-3691,0.02686,0.82061
CVE-2008-3692,0.02686,0.82061
CVE-2008-3693,0.02686,0.82061
CVE-2008-3694,0.02686,0.82061
CVE-2008-3695,0.02686,0.82061
CVE-2008-3696,0.02686,0.82061
CVE-2008-3697,0.02172,0.79917
CVE-2008-3698,0.01547,0.74085
CVE-2008-3699,0.01547,0.74085
CVE-2008-3700,0.04894,0.88891
CVE-2008-3701,0.01139,0.58345
CVE-2008-3702,0.07437,0.92309
CVE-2008-3703,0.1127,0.94787
CVE-2008-3704,0.87309,0.99738
CVE-2008-3705,0.0292,0.82516
CVE-2008-3706,0.00986,0.35784
CVE-2008-3707,0.01213,0.6557
CVE-2008-3708,0.04482,0.88223
CVE-2008-3709,0.01213,0.6557
CVE-2008-3710,0.01213,0.6557
CVE-2008-3711,0.00986,0.35784
CVE-2008-3712,0.02945,0.82784
CVE-2008-3713,0.00986,0.35784
CVE-2008-3714,0.12328,0.95117
CVE-2008-3715,0.01917,0.77071
CVE-2008-3716,0.01232,0.66248
CVE-2008-3717,0.01213,0.6557
CVE-2008-3718,0.00986,0.35784
CVE-2008-3719,0.00986,0.35784
CVE-2008-3720,0.01213,0.6557
CVE-2008-3721,0.01213,0.6557
CVE-2008-3722,0.00986,0.35784
CVE-2008-3723,0.04482,0.88223
CVE-2008-3724,0.01319,0.70416
CVE-2008-3725,0.00986,0.35784
CVE-2008-3726,0.01319,0.70416
CVE-2008-3727,0.0679,0.91793
CVE-2008-3728,0.01319,0.70416
CVE-2008-3729,0.01213,0.6557
CVE-2008-3730,0.01213,0.6557
CVE-2008-3731,0.01132,0.54372
CVE-2008-3732,0.2436,0.96664
CVE-2008-3733,0.06006,0.90134
CVE-2008-3734,0.01914,0.76507
CVE-2008-3735,0.01136,0.57949
CVE-2008-3736,0.01232,0.66248
CVE-2008-3737,0.01319,0.70416
CVE-2008-3738,0.01213,0.6557
CVE-2008-3739,0.01776,0.75902
CVE-2008-3740,0.01776,0.75902
CVE-2008-3741,0.01483,0.7269
CVE-2008-3742,0.08336,0.93297
CVE-2008-3743,0.01776,0.75902
CVE-2008-3744,0.01776,0.75902
CVE-2008-3745,0.01315,0.67456
CVE-2008-3746,0.02686,0.82061
CVE-2008-3747,0.01213,0.6557
CVE-2008-3748,0.00986,0.35784
CVE-2008-3749,0.01139,0.58345
CVE-2008-3750,0.00986,0.35784
CVE-2008-3751,0.01319,0.70416
CVE-2008-3752,0.00986,0.35784
CVE-2008-3753,0.01213,0.6557
CVE-2008-3754,0.00986,0.35784
CVE-2008-3755,0.01139,0.58345
CVE-2008-3756,0.01139,0.58345
CVE-2008-3757,0.01139,0.58345
CVE-2008-3758,0.04894,0.88891
CVE-2008-3759,0.01018,0.38792
CVE-2008-3760,0.01319,0.70416
CVE-2008-3761,0.0322,0.83442
CVE-2008-3762,0.01319,0.70416
CVE-2008-3763,0.01408,0.72072
CVE-2008-3764,0.01408,0.72072
CVE-2008-3765,0.00986,0.35784
CVE-2008-3766,0.01213,0.6557
CVE-2008-3767,0.00986,0.35784
CVE-2008-3768,0.028,0.82308
CVE-2008-3769,0.01213,0.6557
CVE-2008-3770,0.0679,0.91793
CVE-2008-3771,0.01136,0.57949
CVE-2008-3772,0.01213,0.6557
CVE-2008-3773,0.03129,0.8316
CVE-2008-3774,0.00986,0.35784
CVE-2008-3775,0.0095,0.30554
CVE-2008-3776,0.04187,0.86773
CVE-2008-3777,0.0089,0.2856
CVE-2008-3778,0.01136,0.57949
CVE-2008-3779,0.01213,0.6557
CVE-2008-3780,0.01213,0.6557
CVE-2008-3781,0.01213,0.6557
CVE-2008-3782,0.01132,0.54372
CVE-2008-3783,0.00986,0.35784
CVE-2008-3784,0.01139,0.58345
CVE-2008-3785,0.00986,0.35784
CVE-2008-3786,0.01917,0.77071
CVE-2008-3787,0.00986,0.35784
CVE-2008-3788,0.00986,0.35784
CVE-2008-3789,0.01104,0.52279
CVE-2008-3790,0.15272,0.95729
CVE-2008-3791,0.01034,0.39824
CVE-2008-3792,0.02686,0.82061
CVE-2008-3794,0.28823,0.97188
CVE-2008-3795,0.01018,0.38792
CVE-2008-3796,0.01213,0.6557
CVE-2008-3798,0.01213,0.6557
CVE-2008-3799,0.01213,0.6557
CVE-2008-3800,0.02172,0.79917
CVE-2008-3801,0.02172,0.79917
CVE-2008-3802,0.01213,0.6557
CVE-2008-3803,0.01319,0.70416
CVE-2008-3804,0.01213,0.6557
CVE-2008-3805,0.01319,0.70416
CVE-2008-3806,0.01213,0.6557
CVE-2008-3807,0.01213,0.6557
CVE-2008-3808,0.01319,0.70416
CVE-2008-3809,0.01319,0.70416
CVE-2008-3810,0.01319,0.70416
CVE-2008-3811,0.01319,0.70416
CVE-2008-3812,0.01319,0.70416
CVE-2008-3813,0.01213,0.6557
CVE-2008-3814,0.01974,0.7812
CVE-2008-3815,0.01408,0.72072
CVE-2008-3816,0.01408,0.72072
CVE-2008-3817,0.01319,0.70416
CVE-2008-3818,0.01213,0.6557
CVE-2008-3819,0.01213,0.6557
CVE-2008-3820,0.01319,0.70416
CVE-2008-3821,0.05649,0.89807
CVE-2008-3823,0.05649,0.89807
CVE-2008-3824,0.12328,0.95117
CVE-2008-3825,0.01547,0.74085
CVE-2008-3826,0.01282,0.67298
CVE-2008-3827,0.06604,0.91138
CVE-2008-3828,0.02172,0.79379
CVE-2008-3829,0.01537,0.73595
CVE-2008-3830,0.01282,0.67298
CVE-2008-3831,0.01547,0.74085
CVE-2008-3832,0.01761,0.7555
CVE-2008-3833,0.01547,0.74085
CVE-2008-3834,0.04669,0.88544
CVE-2008-3835,0.04358,0.87435
CVE-2008-3836,0.04358,0.87435
CVE-2008-3837,0.03932,0.8519
CVE-2008-3838,0.01034,0.39824
CVE-2008-3839,0.01034,0.39824
CVE-2008-3840,0.01018,0.38792
CVE-2008-3841,0.01213,0.6557
CVE-2008-3842,0.19134,0.96161
CVE-2008-3843,0.19474,0.96198
CVE-2008-3844,0.01537,0.73595
CVE-2008-3845,0.04386,0.87542
CVE-2008-3846,0.01213,0.6557
CVE-2008-3847,0.01213,0.6557
CVE-2008-3848,0.00986,0.35784
CVE-2008-3849,0.01213,0.6557
CVE-2008-3850,0.01917,0.77071
CVE-2008-3851,0.0679,0.91793
CVE-2008-3852,0.08336,0.93297
CVE-2008-3853,0.04967,0.88981
CVE-2008-3854,0.02172,0.79917
CVE-2008-3855,0.01034,0.39824
CVE-2008-3856,0.01537,0.73595
CVE-2008-3857,0.0095,0.30554
CVE-2008-3858,0.01213,0.6557
CVE-2008-3859,0.04187,0.86773
CVE-2008-3860,0.01319,0.70416
CVE-2008-3861,0.00986,0.35784
CVE-2008-3862,0.1127,0.94787
CVE-2008-3863,0.09915,0.94265
CVE-2008-3864,0.02172,0.79917
CVE-2008-3865,0.1127,0.94787
CVE-2008-3866,0.01282,0.67298
CVE-2008-3867,0.01319,0.70416
CVE-2008-3868,0.01213,0.6557
CVE-2008-3869,0.1127,0.94787
CVE-2008-3870,0.1127,0.94787
CVE-2008-3871,0.02003,0.78466
CVE-2008-3872,0.01136,0.57949
CVE-2008-3873,0.03932,0.8519
CVE-2008-3874,0.01232,0.66248
CVE-2008-3875,0.01034,0.39824
CVE-2008-3876,0.00954,0.34522
CVE-2008-3877,0.03429,0.83932
CVE-2008-3878,0.73646,0.9925
CVE-2008-3879,0.0679,0.91793
CVE-2008-3880,0.01213,0.6557
CVE-2008-3881,0.01213,0.6557
CVE-2008-3882,0.01213,0.6557
CVE-2008-3883,0.01104,0.52279
CVE-2008-3884,0.01213,0.6557
CVE-2008-3885,0.01213,0.6557
CVE-2008-3886,0.01213,0.6557
CVE-2008-3887,0.01132,0.54372
CVE-2008-3888,0.00986,0.35784
CVE-2008-3889,0.02172,0.79379
CVE-2008-3890,0.0095,0.30554
CVE-2008-3891,0.00885,0.26162
CVE-2008-3892,0.4228,0.98169
CVE-2008-3893,0.0129,0.673
CVE-2008-3894,0.0095,0.30554
CVE-2008-3895,0.0095,0.30554
CVE-2008-3896,0.0095,0.30554
CVE-2008-3897,0.0095,0.30554
CVE-2008-3898,0.01034,0.39824
CVE-2008-3899,0.0095,0.30554
CVE-2008-3900,0.01034,0.39824
CVE-2008-3901,0.00885,0.26162
CVE-2008-3902,0.0095,0.30554
CVE-2008-3903,0.03236,0.83454
CVE-2008-3904,0.01018,0.38792
CVE-2008-3905,0.04358,0.87435
CVE-2008-3906,0.12567,0.95329
CVE-2008-3907,0.01408,0.72072
CVE-2008-3908,0.04421,0.87629
CVE-2008-3909,0.01955,0.77585
CVE-2008-3910,0.01213,0.6557
CVE-2008-3911,0.01034,0.39824
CVE-2008-3912,0.02686,0.82061
CVE-2008-3913,0.02686,0.82061
CVE-2008-3914,0.02686,0.82061
CVE-2008-3915,0.03407,0.83908
CVE-2008-3916,0.02768,0.82197
CVE-2008-3917,0.01917,0.77071
CVE-2008-3918,0.01055,0.50287
CVE-2008-3919,0.07525,0.92398
CVE-2008-3920,0.02172,0.79917
CVE-2008-3921,0.01319,0.70416
CVE-2008-3922,0.82413,0.99543
CVE-2008-3923,0.01213,0.6557
CVE-2008-3924,0.01213,0.6557
CVE-2008-3925,0.01136,0.57949
CVE-2008-3926,0.01319,0.70416
CVE-2008-3927,0.01104,0.52279
CVE-2008-3928,0.01282,0.67298
CVE-2008-3929,0.01282,0.67298
CVE-2008-3930,0.01034,0.39824
CVE-2008-3931,0.01547,0.74085
CVE-2008-3932,0.02686,0.82061
CVE-2008-3933,0.02686,0.82061
CVE-2008-3934,0.02686,0.82061
CVE-2008-3935,0.01213,0.6557
CVE-2008-3936,0.01974,0.7812
CVE-2008-3937,0.01917,0.77071
CVE-2008-3938,0.01055,0.50287
CVE-2008-3939,0.01136,0.57949
CVE-2008-3940,0.0095,0.30554
CVE-2008-3941,0.01917,0.77071
CVE-2008-3942,0.00986,0.35784
CVE-2008-3943,0.00986,0.35784
CVE-2008-3944,0.00986,0.35784
CVE-2008-3945,0.00986,0.35784
CVE-2008-3946,0.00885,0.26162
CVE-2008-3947,0.0089,0.2856
CVE-2008-3948,0.01213,0.6557
CVE-2008-3949,0.02172,0.79379
CVE-2008-3950,0.04187,0.86773
CVE-2008-3951,0.00986,0.35784
CVE-2008-3952,0.01213,0.6557
CVE-2008-3953,0.00986,0.35784
CVE-2008-3954,0.01139,0.58345
CVE-2008-3955,0.01139,0.58345
CVE-2008-3956,0.22862,0.96485
CVE-2008-3957,0.20999,0.96367
CVE-2008-3958,0.01319,0.70416
CVE-2008-3959,0.01213,0.6557
CVE-2008-3960,0.01408,0.72072
CVE-2008-3961,0.05921,0.90075
CVE-2008-3962,0.01319,0.70416
CVE-2008-3963,0.10859,0.94472
CVE-2008-3964,0.02686,0.82061
CVE-2008-3965,0.01319,0.70416
CVE-2008-3966,0.01319,0.70416
CVE-2008-3967,0.01108,0.53389
CVE-2008-3968,0.01319,0.70416
CVE-2008-3969,0.02172,0.79917
CVE-2008-3970,0.01282,0.67298
CVE-2008-3971,0.07525,0.92398
CVE-2008-3972,0.01034,0.39824
CVE-2008-3973,0.01034,0.39824
CVE-2008-3974,0.01232,0.66248
CVE-2008-3975,0.01213,0.6557
CVE-2008-3976,0.01132,0.54372
CVE-2008-3977,0.01213,0.6557
CVE-2008-3978,0.01232,0.66248
CVE-2008-3979,0.67147,0.99018
CVE-2008-3980,0.01132,0.54372
CVE-2008-3981,0.01213,0.6557
CVE-2008-3982,0.23269,0.96535
CVE-2008-3983,0.71195,0.99143
CVE-2008-3984,0.71195,0.99143
CVE-2008-3985,0.01213,0.6557
CVE-2008-3986,0.0095,0.30554
CVE-2008-3987,0.0095,0.30554
CVE-2008-3988,0.01213,0.6557
CVE-2008-3989,0.01132,0.54372
CVE-2008-3990,0.01132,0.54372
CVE-2008-3991,0.01132,0.54372
CVE-2008-3992,0.01132,0.54372
CVE-2008-3993,0.01132,0.54372
CVE-2008-3994,0.01132,0.54372
CVE-2008-3995,0.23269,0.96535
CVE-2008-3996,0.23269,0.96535
CVE-2008-3997,0.01132,0.54372
CVE-2008-3998,0.01132,0.54372
CVE-2008-3999,0.01232,0.66248
CVE-2008-4000,0.01319,0.70416
CVE-2008-4001,0.01132,0.54372
CVE-2008-4002,0.01132,0.54372
CVE-2008-4003,0.01213,0.6557
CVE-2008-4004,0.0095,0.30554
CVE-2008-4005,0.01132,0.54372
CVE-2008-4006,0.01213,0.6557
CVE-2008-4007,0.01132,0.54372
CVE-2008-4008,0.73445,0.99239
CVE-2008-4009,0.01319,0.70416
CVE-2008-4010,0.01319,0.70416
CVE-2008-4011,0.01132,0.54372
CVE-2008-4012,0.01319,0.70416
CVE-2008-4013,0.01213,0.6557
CVE-2008-4014,0.01132,0.54372
CVE-2008-4015,0.01232,0.66248
CVE-2008-4016,0.01132,0.54372
CVE-2008-4017,0.01213,0.6557
CVE-2008-4018,0.01547,0.74085
CVE-2008-4019,0.46718,0.98435
CVE-2008-4020,0.23038,0.96506
CVE-2008-4023,0.46718,0.98435
CVE-2008-4024,0.46718,0.98435
CVE-2008-4025,0.406,0.98111
CVE-2008-4026,0.33695,0.97582
CVE-2008-4027,0.46718,0.98435
CVE-2008-4028,0.46718,0.98435
CVE-2008-4029,0.20648,0.96329
CVE-2008-4030,0.33695,0.97582
CVE-2008-4031,0.33695,0.97582
CVE-2008-4032,0.13782,0.95593
CVE-2008-4033,0.20648,0.96329
CVE-2008-4036,0.02087,0.79049
CVE-2008-4037,0.65809,0.98988
CVE-2008-4038,0.46718,0.98435
CVE-2008-4039,0.00986,0.35784
CVE-2008-4040,0.01213,0.6557
CVE-2008-4041,0.04482,0.88223
CVE-2008-4043,0.00986,0.35784
CVE-2008-4044,0.00986,0.35784
CVE-2008-4045,0.01213,0.6557
CVE-2008-4046,0.00986,0.35784
CVE-2008-4047,0.01319,0.70416
CVE-2008-4048,0.07437,0.92309
CVE-2008-4049,0.04482,0.88223
CVE-2008-4050,0.0679,0.91793
CVE-2008-4051,0.01917,0.77071
CVE-2008-4052,0.01282,0.67298
CVE-2008-4053,0.01917,0.77071
CVE-2008-4054,0.00986,0.35784
CVE-2008-4055,0.01055,0.50287
CVE-2008-4056,0.01917,0.77071
CVE-2008-4057,0.01018,0.38792
CVE-2008-4058,0.12248,0.95092
CVE-2008-4059,0.12248,0.95092
CVE-2008-4060,0.12248,0.95092
CVE-2008-4061,0.08228,0.93218
CVE-2008-4062,0.08228,0.93218
CVE-2008-4063,0.06604,0.91138
CVE-2008-4064,0.08228,0.93218
CVE-2008-4065,0.09915,0.94265
CVE-2008-4066,0.03932,0.8519
CVE-2008-4067,0.03932,0.8519
CVE-2008-4068,0.04358,0.87435
CVE-2008-4069,0.04358,0.87435
CVE-2008-4070,0.08228,0.93218
CVE-2008-4071,0.05334,0.89381
CVE-2008-4072,0.01139,0.58345
CVE-2008-4073,0.01213,0.6557
CVE-2008-4074,0.01213,0.6557
CVE-2008-4075,0.04482,0.88223
CVE-2008-4076,0.01213,0.6557
CVE-2008-4077,0.01319,0.70416
CVE-2008-4078,0.01232,0.66248
CVE-2008-4079,0.01213,0.6557
CVE-2008-4080,0.028,0.82308
CVE-2008-4081,0.04187,0.86773
CVE-2008-4082,0.01132,0.54372
CVE-2008-4083,0.01132,0.54372
CVE-2008-4084,0.00986,0.35784
CVE-2008-4085,0.01104,0.52279
CVE-2008-4086,0.01139,0.58345
CVE-2008-4087,0.02071,0.78993
CVE-2008-4088,0.01319,0.70416
CVE-2008-4089,0.01213,0.6557
CVE-2008-4090,0.00986,0.35784
CVE-2008-4091,0.00986,0.35784
CVE-2008-4092,0.01139,0.58345
CVE-2008-4093,0.00986,0.35784
CVE-2008-4094,0.03779,0.84781
CVE-2008-4095,0.01108,0.53389
CVE-2008-4096,0.39006,0.97928
CVE-2008-4097,0.01282,0.67298
CVE-2008-4098,0.01547,0.74085
CVE-2008-4099,0.01213,0.6557
CVE-2008-4100,0.01213,0.6557
CVE-2008-4101,0.06627,0.91146
CVE-2008-4102,0.01537,0.73595
CVE-2008-4103,0.01319,0.70416
CVE-2008-4104,0.01319,0.70416
CVE-2008-4105,0.01408,0.72072
CVE-2008-4106,0.03407,0.83908
CVE-2008-4107,0.02686,0.82061
CVE-2008-4108,0.01282,0.67298
CVE-2008-4109,0.01974,0.7812
CVE-2008-4110,0.19996,0.96224
CVE-2008-4111,0.01537,0.73595
CVE-2008-4113,0.0322,0.83442
CVE-2008-4114,0.79573,0.99453
CVE-2008-4115,0.01136,0.57949
CVE-2008-4116,0.089,0.93685
CVE-2008-4117,0.01319,0.70416
CVE-2008-4118,0.01213,0.6557
CVE-2008-4119,0.01776,0.75902
CVE-2008-4120,0.02945,0.82784
CVE-2008-4121,0.01408,0.72072
CVE-2008-4122,0.01213,0.6557
CVE-2008-4125,0.01055,0.50287
CVE-2008-4126,0.01213,0.6557
CVE-2008-4127,0.13525,0.9555
CVE-2008-4128,0.04482,0.88223
CVE-2008-4129,0.01815,0.76117
CVE-2008-4130,0.01776,0.75902
CVE-2008-4131,0.0322,0.83442
CVE-2008-4132,0.039,0.84954
CVE-2008-4133,0.07197,0.92068
CVE-2008-4134,0.0679,0.91793
CVE-2008-4135,0.0679,0.91793
CVE-2008-4136,0.0679,0.91793
CVE-2008-4137,0.04482,0.88223
CVE-2008-4138,0.0679,0.91793
CVE-2008-4139,0.01917,0.77071
CVE-2008-4140,0.01917,0.77071
CVE-2008-4141,0.0679,0.91793
CVE-2008-4142,0.01139,0.58345
CVE-2008-4143,0.01136,0.57949
CVE-2008-4144,0.00986,0.35784
CVE-2008-4145,0.00986,0.35784
CVE-2008-4146,0.04187,0.86773
CVE-2008-4147,0.01213,0.6557
CVE-2008-4148,0.01213,0.6557
CVE-2008-4149,0.01319,0.70416
CVE-2008-4150,0.00986,0.35784
CVE-2008-4151,0.04482,0.88223
CVE-2008-4152,0.01132,0.54372
CVE-2008-4153,0.01213,0.6557
CVE-2008-4154,0.00986,0.35784
CVE-2008-4155,0.04482,0.88223
CVE-2008-4156,0.00986,0.35784
CVE-2008-4157,0.02172,0.79917
CVE-2008-4158,0.04187,0.86773
CVE-2008-4159,0.00986,0.35784
CVE-2008-4160,0.01282,0.67298
CVE-2008-4161,0.00986,0.35784
CVE-2008-4162,0.01136,0.57949
CVE-2008-4163,0.03082,0.82981
CVE-2008-4164,0.01136,0.57949
CVE-2008-4165,0.01132,0.54372
CVE-2008-4166,0.04187,0.86773
CVE-2008-4167,0.04482,0.88223
CVE-2008-4168,0.01213,0.6557
CVE-2008-4169,0.00986,0.35784
CVE-2008-4170,0.01213,0.6557
CVE-2008-4171,0.01213,0.6557
CVE-2008-4172,0.00986,0.35784
CVE-2008-4173,0.00986,0.35784
CVE-2008-4174,0.01917,0.77071
CVE-2008-4175,0.01139,0.58345
CVE-2008-4176,0.00986,0.35784
CVE-2008-4177,0.00986,0.35784
CVE-2008-4178,0.04386,0.87542
CVE-2008-4179,0.01917,0.77071
CVE-2008-4180,0.01136,0.57949
CVE-2008-4181,0.0679,0.91793
CVE-2008-4182,0.01319,0.70416
CVE-2008-4183,0.0679,0.91793
CVE-2008-4184,0.01136,0.57949
CVE-2008-4185,0.01319,0.70416
CVE-2008-4186,0.01055,0.50287
CVE-2008-4187,0.04187,0.86773
CVE-2008-4188,0.06523,0.90962
CVE-2008-4190,0.05625,0.89579
CVE-2008-4191,0.01282,0.67298
CVE-2008-4192,0.01547,0.74085
CVE-2008-4193,0.78095,0.99418
CVE-2008-4194,0.01213,0.6557
CVE-2008-4195,0.03779,0.84781
CVE-2008-4196,0.03407,0.83908
CVE-2008-4197,0.09915,0.94265
CVE-2008-4198,0.03779,0.84781
CVE-2008-4199,0.03779,0.84781
CVE-2008-4200,0.03779,0.84781
CVE-2008-4201,0.06604,0.91138
CVE-2008-4202,0.00986,0.35784
CVE-2008-4203,0.00986,0.35784
CVE-2008-4204,0.00986,0.35784
CVE-2008-4205,0.01319,0.70416
CVE-2008-4206,0.01319,0.70416
CVE-2008-4207,0.01319,0.70416
CVE-2008-4208,0.01018,0.38792
CVE-2008-4210,0.0322,0.83442
CVE-2008-4211,0.06154,0.90253
CVE-2008-4212,0.01408,0.72072
CVE-2008-4214,0.01104,0.52279
CVE-2008-4215,0.01183,0.60428
CVE-2008-4216,0.01213,0.6557
CVE-2008-4217,0.0628,0.90355
CVE-2008-4218,0.01104,0.52279
CVE-2008-4219,0.01104,0.52279
CVE-2008-4220,0.0196,0.77594
CVE-2008-4221,0.03722,0.84363
CVE-2008-4222,0.01408,0.72072
CVE-2008-4223,0.01408,0.72072
CVE-2008-4224,0.01183,0.60428
CVE-2008-4225,0.02686,0.82061
CVE-2008-4226,0.04229,0.86856
CVE-2008-4227,0.01319,0.70416
CVE-2008-4228,0.01034,0.39824
CVE-2008-4229,0.01034,0.39824
CVE-2008-4230,0.01034,0.39824
CVE-2008-4231,0.06154,0.90253
CVE-2008-4232,0.01319,0.70416
CVE-2008-4233,0.01319,0.70416
CVE-2008-4234,0.0628,0.90355
CVE-2008-4236,0.01408,0.72072
CVE-2008-4237,0.01183,0.60428
CVE-2008-4241,0.00986,0.35784
CVE-2008-4242,0.03407,0.83908
CVE-2008-4243,0.07197,0.92068
CVE-2008-4244,0.04187,0.86773
CVE-2008-4245,0.04187,0.86773
CVE-2008-4246,0.01018,0.38792
CVE-2008-4247,0.12567,0.95329
CVE-2008-4252,0.406,0.98111
CVE-2008-4253,0.406,0.98111
CVE-2008-4254,0.44203,0.98231
CVE-2008-4255,0.72651,0.99213
CVE-2008-4256,0.406,0.98111
CVE-2008-4258,0.49961,0.98625
CVE-2008-4259,0.39294,0.97941
CVE-2008-4260,0.33695,0.97582
CVE-2008-4261,0.28451,0.9717
CVE-2008-4264,0.35008,0.9771
CVE-2008-4265,0.35008,0.9771
CVE-2008-4266,0.406,0.98111
CVE-2008-4268,0.38224,0.97881
CVE-2008-4269,0.38224,0.97881
CVE-2008-4278,0.01282,0.67298
CVE-2008-4279,0.01282,0.67298
CVE-2008-4281,0.01537,0.73595
CVE-2008-4283,0.01213,0.6557
CVE-2008-4284,0.01213,0.6557
CVE-2008-4285,0.00954,0.34522
CVE-2008-4292,0.02686,0.82061
CVE-2008-4293,0.05139,0.89128
CVE-2008-4294,0.01034,0.39824
CVE-2008-4295,0.25598,0.96882
CVE-2008-4296,0.01136,0.57949
CVE-2008-4297,0.02172,0.79917
CVE-2008-4298,0.04358,0.87435
CVE-2008-4299,0.11676,0.94929
CVE-2008-4300,0.11676,0.94929
CVE-2008-4301,0.11676,0.94929
CVE-2008-4302,0.0322,0.83442
CVE-2008-4303,0.01319,0.70416
CVE-2008-4304,0.01213,0.6557
CVE-2008-4305,0.01232,0.66248
CVE-2008-4306,0.02686,0.82061
CVE-2008-4307,0.01547,0.74085
CVE-2008-4308,0.03032,0.82851
CVE-2008-4309,0.04358,0.87435
CVE-2008-4310,0.01213,0.6557
CVE-2008-4311,0.01547,0.74085
CVE-2008-4313,0.01815,0.76117
CVE-2008-4314,0.04358,0.87435
CVE-2008-4315,0.01974,0.7812
CVE-2008-4316,0.02172,0.79379
CVE-2008-4318,0.04187,0.86773
CVE-2008-4319,0.04187,0.86773
CVE-2008-4320,0.02945,0.82784
CVE-2008-4321,0.03948,0.8521
CVE-2008-4322,0.75392,0.99312
CVE-2008-4323,0.12894,0.95414
CVE-2008-4324,0.10995,0.94626999999999994
CVE-2008-4325,0.01319,0.70416
CVE-2008-4326,0.03407,0.83908
CVE-2008-4327,0.20999,0.96367
CVE-2008-4328,0.00986,0.35784
CVE-2008-4329,0.04187,0.86773
CVE-2008-4330,0.04187,0.86773
CVE-2008-4331,0.04187,0.86773
CVE-2008-4332,0.01213,0.6557
CVE-2008-4333,0.01213,0.6557
CVE-2008-4334,0.04187,0.86773
CVE-2008-4335,0.00986,0.35784
CVE-2008-4336,0.01136,0.57949
CVE-2008-4337,0.01136,0.57949
CVE-2008-4338,0.01232,0.66248
CVE-2008-4339,0.01232,0.66248
CVE-2008-4340,0.0679,0.91793
CVE-2008-4341,0.04187,0.86773
CVE-2008-4342,0.39729,0.98024
CVE-2008-4343,0.07437,0.92309
CVE-2008-4344,0.00986,0.35784
CVE-2008-4345,0.00986,0.35784
CVE-2008-4346,0.01319,0.70416
CVE-2008-4347,0.00986,0.35784
CVE-2008-4348,0.01213,0.6557
CVE-2008-4349,0.01917,0.77071
CVE-2008-4350,0.01139,0.58345
CVE-2008-4351,0.01136,0.57949
CVE-2008-4352,0.01136,0.57949
CVE-2008-4353,0.00986,0.35784
CVE-2008-4354,0.00986,0.35784
CVE-2008-4355,0.00986,0.35784
CVE-2008-4356,0.00986,0.35784
CVE-2008-4357,0.00986,0.35784
CVE-2008-4358,0.01108,0.53389
CVE-2008-4359,0.04358,0.87435
CVE-2008-4360,0.04358,0.87435
CVE-2008-4361,0.04482,0.88223
CVE-2008-4362,0.01761,0.7555
CVE-2008-4363,0.01899,0.76481
CVE-2008-4364,0.01139,0.58345
CVE-2008-4365,0.01055,0.50287
CVE-2008-4366,0.06262,0.90346
CVE-2008-4368,0.00954,0.34522
CVE-2008-4369,0.01213,0.6557
CVE-2008-4370,0.01213,0.6557
CVE-2008-4371,0.01213,0.6557
CVE-2008-4372,0.01213,0.6557
CVE-2008-4373,0.00986,0.35784
CVE-2008-4374,0.00986,0.35784
CVE-2008-4375,0.00986,0.35784
CVE-2008-4376,0.00986,0.35784
CVE-2008-4377,0.01319,0.70416
CVE-2008-4378,0.00986,0.35784
CVE-2008-4379,0.01136,0.57949
CVE-2008-4380,0.0679,0.91793
CVE-2008-4381,0.13782,0.95593
CVE-2008-4382,0.01055,0.50287
CVE-2008-4383,0.1127,0.94787
CVE-2008-4384,0.70125,0.99114
CVE-2008-4385,0.81969,0.99529
CVE-2008-4387,0.06309,0.90494
CVE-2008-4388,0.76237,0.99337
CVE-2008-4389,0.01108,0.53389
CVE-2008-4390,0.01213,0.6557
CVE-2008-4391,0.06309,0.90494
CVE-2008-4392,0.01213,0.6557
CVE-2008-4393,0.02945,0.82784
CVE-2008-4394,0.01592,0.74578
CVE-2008-4395,0.1127,0.94787
CVE-2008-4396,0.06309,0.90494
CVE-2008-4397,0.81542,0.99518
CVE-2008-4398,0.01319,0.70416
CVE-2008-4399,0.01319,0.70416
CVE-2008-4400,0.01319,0.70416
CVE-2008-4401,0.03779,0.84781
CVE-2008-4402,0.07777,0.92953
CVE-2008-4403,0.01319,0.70416
CVE-2008-4404,0.01055,0.50287
CVE-2008-4405,0.04669,0.88544
CVE-2008-4406,0.01034,0.39824
CVE-2008-4407,0.00885,0.26162
CVE-2008-4408,0.01955,0.77585
CVE-2008-4409,0.12567,0.95329
CVE-2008-4410,0.01282,0.67298
CVE-2008-4411,0.01408,0.72072
CVE-2008-4412,0.01319,0.70416
CVE-2008-4413,0.01104,0.52279
CVE-2008-4414,0.01104,0.52279
CVE-2008-4415,0.06301,0.90367
CVE-2008-4416,0.01282,0.67298
CVE-2008-4418,0.01319,0.70416
CVE-2008-4419,0.01319,0.70416
CVE-2008-4420,0.07542,0.92398
CVE-2008-4421,0.0679,0.91793
CVE-2008-4423,0.01232,0.66248
CVE-2008-4424,0.01917,0.77071
CVE-2008-4425,0.01213,0.6557
CVE-2008-4426,0.01213,0.6557
CVE-2008-4427,0.01213,0.6557
CVE-2008-4428,0.06523,0.90962
CVE-2008-4429,0.01319,0.70416
CVE-2008-4431,0.01213,0.6557
CVE-2008-4432,0.01917,0.77071
CVE-2008-4433,0.01055,0.50287
CVE-2008-4434,0.2436,0.96664
CVE-2008-4435,0.01917,0.77071
CVE-2008-4436,0.00986,0.35784
CVE-2008-4437,0.10995,0.94626999999999994
CVE-2008-4438,0.01917,0.77071
CVE-2008-4439,0.04187,0.86773
CVE-2008-4440,0.01034,0.39824
CVE-2008-4441,0.01319,0.70416
CVE-2008-4444,0.04291,0.87022
CVE-2008-4445,0.01547,0.74085
CVE-2008-4446,0.01319,0.70416
CVE-2008-4447,0.01917,0.77071
CVE-2008-4448,0.01136,0.57949
CVE-2008-4449,0.73646,0.9925
CVE-2008-4450,0.01136,0.57949
CVE-2008-4451,0.01899,0.76481
CVE-2008-4452,0.06211,0.90307
CVE-2008-4453,0.15142,0.95704
CVE-2008-4454,0.01963,0.77709
CVE-2008-4455,0.01213,0.6557
CVE-2008-4456,0.39872,0.98028
CVE-2008-4457,0.01319,0.70416
CVE-2008-4458,0.00986,0.35784
CVE-2008-4459,0.00986,0.35784
CVE-2008-4460,0.00986,0.35784
CVE-2008-4461,0.00986,0.35784
CVE-2008-4462,0.00986,0.35784
CVE-2008-4463,0.00986,0.35784
CVE-2008-4464,0.00986,0.35784
CVE-2008-4465,0.00986,0.35784
CVE-2008-4466,0.00986,0.35784
CVE-2008-4467,0.00986,0.35784
CVE-2008-4468,0.00986,0.35784
CVE-2008-4469,0.00986,0.35784
CVE-2008-4470,0.02071,0.78993
CVE-2008-4471,0.01408,0.72072
CVE-2008-4472,0.01776,0.75902
CVE-2008-4473,0.09915,0.94265
CVE-2008-4474,0.01282,0.67298
CVE-2008-4475,0.01034,0.39824
CVE-2008-4476,0.01282,0.67298
CVE-2008-4477,0.01282,0.67298
CVE-2008-4478,0.14355,0.95618
CVE-2008-4479,0.13234,0.95482
CVE-2008-4480,0.13234,0.95482
CVE-2008-4481,0.01213,0.6557
CVE-2008-4482,0.01246,0.66436
CVE-2008-4483,0.04187,0.86773
CVE-2008-4484,0.0679,0.91793
CVE-2008-4485,0.01776,0.75902
CVE-2008-4486,0.0679,0.91793
CVE-2008-4487,0.01136,0.57949
CVE-2008-4488,0.01136,0.57949
CVE-2008-4489,0.01136,0.57949
CVE-2008-4490,0.04187,0.86773
CVE-2008-4491,0.01108,0.53389
CVE-2008-4492,0.00986,0.35784
CVE-2008-4493,0.24729,0.96719
CVE-2008-4494,0.00986,0.35784
CVE-2008-4495,0.01139,0.58345
CVE-2008-4496,0.01139,0.58345
CVE-2008-4497,0.00986,0.35784
CVE-2008-4498,0.00986,0.35784
CVE-2008-4499,0.04187,0.86773
CVE-2008-4500,0.05931,0.90093
CVE-2008-4501,0.04187,0.86773
CVE-2008-4502,0.04482,0.88223
CVE-2008-4503,0.03932,0.8519
CVE-2008-4504,0.06309,0.90494
CVE-2008-4505,0.01018,0.38792
CVE-2008-4506,0.01018,0.38792
CVE-2008-4507,0.01018,0.38792
CVE-2008-4508,0.06211,0.90307
CVE-2008-4509,0.15607,0.95873
CVE-2008-4510,0.02421,0.80758
CVE-2008-4511,0.01136,0.57949
CVE-2008-4512,0.01136,0.57949
CVE-2008-4513,0.01319,0.70416
CVE-2008-4514,0.01136,0.57949
CVE-2008-4515,0.01213,0.6557
CVE-2008-4516,0.00986,0.35784
CVE-2008-4517,0.00986,0.35784
CVE-2008-4518,0.01213,0.6557
CVE-2008-4519,0.01213,0.6557
CVE-2008-4520,0.01319,0.70416
CVE-2008-4521,0.00986,0.35784
CVE-2008-4522,0.04482,0.88223
CVE-2008-4523,0.00986,0.35784
CVE-2008-4524,0.01139,0.58345
CVE-2008-4525,0.00986,0.35784
CVE-2008-4526,0.04187,0.86773
CVE-2008-4527,0.00986,0.35784
CVE-2008-4528,0.04187,0.86773
CVE-2008-4529,0.04482,0.88223
CVE-2008-4530,0.01132,0.54372
CVE-2008-4531,0.01213,0.6557
CVE-2008-4532,0.01917,0.77071
CVE-2008-4533,0.01319,0.70416
CVE-2008-4534,0.01319,0.70416
CVE-2008-4535,0.01319,0.70416
CVE-2008-4536,0.01213,0.6557
CVE-2008-4537,0.01319,0.70416
CVE-2008-4539,0.01547,0.74085
CVE-2008-4540,0.01297,0.67316
CVE-2008-4541,0.07777,0.92953
CVE-2008-4542,0.01232,0.66248
CVE-2008-4543,0.01319,0.70416
CVE-2008-4544,0.01319,0.70416
CVE-2008-4545,0.01232,0.66248
CVE-2008-4546,0.28045,0.97145
CVE-2008-4547,0.15142,0.95704
CVE-2008-4548,0.07437,0.92309
CVE-2008-4549,0.0679,0.91793
CVE-2008-4551,0.01319,0.70416
CVE-2008-4552,0.04358,0.87435
CVE-2008-4553,0.01282,0.67298
CVE-2008-4554,0.01547,0.74085
CVE-2008-4555,0.0546,0.89456
CVE-2008-4556,0.79666,0.99471
CVE-2008-4557,0.04482,0.88223
CVE-2008-4558,0.12973,0.95423
CVE-2008-4559,0.25143,0.96828
CVE-2008-4560,0.01136,0.57949
CVE-2008-4562,0.25143,0.96828
CVE-2008-4563,0.1127,0.94787
CVE-2008-4564,0.09915,0.94265
CVE-2008-4569,0.00986,0.35784
CVE-2008-4570,0.00986,0.35784
CVE-2008-4571,0.01213,0.6557
CVE-2008-4572,0.64607,0.98968
CVE-2008-4573,0.00986,0.35784
CVE-2008-4574,0.00986,0.35784
CVE-2008-4575,0.01108,0.53389
CVE-2008-4576,0.04358,0.87435
CVE-2008-4577,0.02686,0.82061
CVE-2008-4578,0.01537,0.73595
CVE-2008-4579,0.01547,0.74085
CVE-2008-4580,0.0095,0.30554
CVE-2008-4581,0.01132,0.54372
CVE-2008-4582,0.12567,0.95329
CVE-2008-4583,0.04187,0.86773
CVE-2008-4584,0.04187,0.86773
CVE-2008-4585,0.01213,0.6557
CVE-2008-4586,0.07437,0.92309
CVE-2008-4587,0.11409,0.94831
CVE-2008-4588,0.06211,0.90307
CVE-2008-4589,0.02172,0.79379
CVE-2008-4590,0.00986,0.35784
CVE-2008-4591,0.01136,0.57949
CVE-2008-4592,0.04187,0.86773
CVE-2008-4593,0.0089,0.2856
CVE-2008-4594,0.01018,0.38792
CVE-2008-4595,0.01018,0.38792
CVE-2008-4596,0.01136,0.57949
CVE-2008-4597,0.01136,0.57949
CVE-2008-4598,0.00954,0.34522
CVE-2008-4599,0.00986,0.35784
CVE-2008-4600,0.04482,0.88223
CVE-2008-4601,0.01917,0.77071
CVE-2008-4602,0.04187,0.86773
CVE-2008-4603,0.00986,0.35784
CVE-2008-4604,0.01213,0.6557
CVE-2008-4605,0.01213,0.6557
CVE-2008-4606,0.01139,0.58345
CVE-2008-4610,0.04187,0.86773
CVE-2008-4611,0.00986,0.35784
CVE-2008-4612,0.01776,0.75902
CVE-2008-4613,0.01319,0.70416
CVE-2008-4614,0.01319,0.70416
CVE-2008-4615,0.00885,0.26162
CVE-2008-4616,0.04187,0.86773
CVE-2008-4617,0.00986,0.35784
CVE-2008-4618,0.01537,0.73595
CVE-2008-4619,0.10995,0.94626999999999994
CVE-2008-4620,0.00986,0.35784
CVE-2008-4621,0.01139,0.58345
CVE-2008-4622,0.0679,0.91793
CVE-2008-4623,0.01139,0.58345
CVE-2008-4624,0.0679,0.91793
CVE-2008-4625,0.00986,0.35784
CVE-2008-4626,0.0679,0.91793
CVE-2008-4627,0.00986,0.35784
CVE-2008-4628,0.00986,0.35784
CVE-2008-4629,0.01319,0.70416
CVE-2008-4630,0.01018,0.38792
CVE-2008-4631,0.04291,0.87022
CVE-2008-4632,0.04187,0.86773
CVE-2008-4633,0.01132,0.54372
CVE-2008-4634,0.01232,0.66248
CVE-2008-4635,0.01319,0.70416
CVE-2008-4636,0.0095,0.30554
CVE-2008-4637,0.01055,0.50287
CVE-2008-4638,0.01034,0.39824
CVE-2008-4639,0.0095,0.30554
CVE-2008-4640,0.0095,0.30554
CVE-2008-4641,0.01108,0.53389
CVE-2008-4642,0.00986,0.35784
CVE-2008-4643,0.01213,0.6557
CVE-2008-4644,0.01213,0.6557
CVE-2008-4645,0.04187,0.86773
CVE-2008-4646,0.0095,0.30554
CVE-2008-4647,0.01213,0.6557
CVE-2008-4648,0.01917,0.77071
CVE-2008-4649,0.04187,0.86773
CVE-2008-4650,0.00986,0.35784
CVE-2008-4651,0.00986,0.35784
CVE-2008-4652,0.07437,0.92309
CVE-2008-4653,0.00986,0.35784
CVE-2008-4655,0.01213,0.6557
CVE-2008-4656,0.01136,0.57949
CVE-2008-4657,0.01213,0.6557
CVE-2008-4658,0.01213,0.6557
CVE-2008-4659,0.01136,0.57949
CVE-2008-4660,0.01213,0.6557
CVE-2008-4661,0.01136,0.57949
CVE-2008-4662,0.0679,0.91793
CVE-2008-4663,0.01319,0.70416
CVE-2008-4664,0.07437,0.92309
CVE-2008-4665,0.01139,0.58345
CVE-2008-4666,0.00986,0.35784
CVE-2008-4667,0.04482,0.88223
CVE-2008-4668,0.04187,0.86773
CVE-2008-4669,0.01917,0.77071
CVE-2008-4670,0.01917,0.77071
CVE-2008-4671,0.01917,0.77071
CVE-2008-4672,0.01917,0.77071
CVE-2008-4673,0.0679,0.91793
CVE-2008-4674,0.00986,0.35784
CVE-2008-4675,0.00986,0.35784
CVE-2008-4676,0.01034,0.39824
CVE-2008-4677,0.02686,0.82061
CVE-2008-4678,0.01319,0.70416
CVE-2008-4679,0.01319,0.70416
CVE-2008-4680,0.03407,0.83908
CVE-2008-4681,0.03407,0.83908
CVE-2008-4682,0.12567,0.95329
CVE-2008-4683,0.03779,0.84781
CVE-2008-4684,0.03407,0.83908
CVE-2008-4685,0.03779,0.84781
CVE-2008-4686,0.06309,0.90494
CVE-2008-4688,0.01408,0.72072
CVE-2008-4689,0.01319,0.70416
CVE-2008-4690,0.03779,0.84781
CVE-2008-4691,0.01018,0.38792
CVE-2008-4692,0.01537,0.73595
CVE-2008-4693,0.01108,0.53389
CVE-2008-4694,0.34394,0.97618
CVE-2008-4695,0.09915,0.94265
CVE-2008-4696,0.87505,0.99743
CVE-2008-4697,0.03407,0.83908
CVE-2008-4698,0.03407,0.83908
CVE-2008-4699,0.29415,0.97223
CVE-2008-4700,0.01213,0.6557
CVE-2008-4701,0.01213,0.6557
CVE-2008-4702,0.01136,0.57949
CVE-2008-4703,0.00986,0.35784
CVE-2008-4704,0.04187,0.86773
CVE-2008-4705,0.00986,0.35784
CVE-2008-4706,0.00986,0.35784
CVE-2008-4707,0.04187,0.86773
CVE-2008-4708,0.04187,0.86773
CVE-2008-4709,0.00986,0.35784
CVE-2008-4710,0.01136,0.57949
CVE-2008-4711,0.00986,0.35784
CVE-2008-4712,0.04187,0.86773
CVE-2008-4713,0.00986,0.35784
CVE-2008-4714,0.04187,0.86773
CVE-2008-4715,0.00986,0.35784
CVE-2008-4716,0.00986,0.35784
CVE-2008-4717,0.00986,0.35784
CVE-2008-4718,0.04187,0.86773
CVE-2008-4719,0.04187,0.86773
CVE-2008-4720,0.04482,0.88223
CVE-2008-4721,0.04187,0.86773
CVE-2008-4722,0.01232,0.66248
CVE-2008-4723,0.01055,0.50287
CVE-2008-4724,0.01055,0.50287
CVE-2008-4725,0.03407,0.83908
CVE-2008-4726,0.11379,0.94814
CVE-2008-4727,0.02945,0.82784
CVE-2008-4728,0.28823,0.97188
CVE-2008-4729,0.07437,0.92309
CVE-2008-4730,0.01055,0.50287
CVE-2008-4731,0.01018,0.38792
CVE-2008-4732,0.01139,0.58345
CVE-2008-4733,0.01319,0.70416
CVE-2008-4734,0.01213,0.6557
CVE-2008-4735,0.04187,0.86773
CVE-2008-4736,0.00986,0.35784
CVE-2008-4737,0.01917,0.77071
CVE-2008-4738,0.00986,0.35784
CVE-2008-4739,0.04187,0.86773
CVE-2008-4740,0.0679,0.91793
CVE-2008-4741,0.0679,0.91793
CVE-2008-4742,0.02945,0.82784
CVE-2008-4743,0.00986,0.35784
CVE-2008-4744,0.00986,0.35784
CVE-2008-4745,0.01136,0.57949
CVE-2008-4746,0.01136,0.57949
CVE-2008-4747,0.01034,0.39824
CVE-2008-4748,0.12428,0.95128
CVE-2008-4749,0.01213,0.6557
CVE-2008-4750,0.06309,0.90494
CVE-2008-4751,0.02945,0.82784
CVE-2008-4752,0.04482,0.88223
CVE-2008-4753,0.00986,0.35784
CVE-2008-4754,0.01139,0.58345
CVE-2008-4755,0.01139,0.58345
CVE-2008-4756,0.01136,0.57949
CVE-2008-4757,0.01136,0.57949
CVE-2008-4758,0.01213,0.6557
CVE-2008-4759,0.04482,0.88223
CVE-2008-4760,0.00986,0.35784
CVE-2008-4761,0.01917,0.77071
CVE-2008-4762,0.30088,0.97373
CVE-2008-4763,0.01213,0.6557
CVE-2008-4764,0.04187,0.86773
CVE-2008-4765,0.00986,0.35784
CVE-2008-4766,0.01136,0.57949
CVE-2008-4767,0.06262,0.90346
CVE-2008-4768,0.00986,0.35784
CVE-2008-4769,0.0679,0.91793
CVE-2008-4770,0.04421,0.87629
CVE-2008-4771,0.42881,0.98198
CVE-2008-4772,0.01213,0.6557
CVE-2008-4773,0.01213,0.6557
CVE-2008-4774,0.01213,0.6557
CVE-2008-4775,0.04894,0.88891
CVE-2008-4776,0.01108,0.53389
CVE-2008-4777,0.00986,0.35784
CVE-2008-4778,0.00986,0.35784
CVE-2008-4779,0.64607,0.98968
CVE-2008-4780,0.04482,0.88223
CVE-2008-4781,0.04482,0.88223
CVE-2008-4782,0.00986,0.35784
CVE-2008-4783,0.04187,0.86773
CVE-2008-4784,0.04187,0.86773
CVE-2008-4785,0.00986,0.35784
CVE-2008-4786,0.00986,0.35784
CVE-2008-4787,0.25598,0.96882
CVE-2008-4788,0.11676,0.94929
CVE-2008-4789,0.01132,0.54372
CVE-2008-4790,0.01132,0.54372
CVE-2008-4791,0.01132,0.54372
CVE-2008-4792,0.01132,0.54372
CVE-2008-4793,0.01213,0.6557
CVE-2008-4794,0.01319,0.70416
CVE-2008-4795,0.02945,0.82784
CVE-2008-4796,0.03779,0.84781
CVE-2008-4797,0.01319,0.70416
CVE-2008-4798,0.07525,0.92398
CVE-2008-4799,0.01108,0.53389
CVE-2008-4800,0.25598,0.96882
CVE-2008-4801,0.1127,0.94787
CVE-2008-4802,0.01055,0.50287
CVE-2008-4803,0.01917,0.77071
CVE-2008-4804,0.01136,0.57949
CVE-2008-4805,0.01319,0.70416
CVE-2008-4806,0.01213,0.6557
CVE-2008-4807,0.0095,0.30554
CVE-2008-4808,0.01018,0.38792
CVE-2008-4809,0.01018,0.38792
CVE-2008-4810,0.02172,0.79917
CVE-2008-4811,0.01319,0.70416
CVE-2008-4812,0.09915,0.94265
CVE-2008-4813,0.09915,0.94265
CVE-2008-4814,0.09915,0.94265
CVE-2008-4815,0.02686,0.82061
CVE-2008-4816,0.01319,0.70416
CVE-2008-4817,0.09915,0.94265
CVE-2008-4818,0.03407,0.83908
CVE-2008-4819,0.03407,0.83908
CVE-2008-4820,0.02686,0.82061
CVE-2008-4821,0.02686,0.82061
CVE-2008-4822,0.03407,0.83908
CVE-2008-4823,0.03407,0.83908
CVE-2008-4824,0.09915,0.94265
CVE-2008-4825,0.02003,0.78466
CVE-2008-4827,0.09915,0.94265
CVE-2008-4828,0.78095,0.99418
CVE-2008-4829,0.09915,0.94265
CVE-2008-4830,0.72954,0.99218
CVE-2008-4831,0.01221,0.65581
CVE-2008-4832,0.0095,0.30554
CVE-2008-4834,0.46718,0.98435
CVE-2008-4835,0.46718,0.98435
CVE-2008-4837,0.46718,0.98435
CVE-2008-4841,0.46718,0.98435
CVE-2008-4844,0.8754,0.99744
CVE-2008-4863,0.01818,0.76133
CVE-2008-4864,0.24062,0.96648
CVE-2008-4865,0.01872,0.76301
CVE-2008-4866,0.04421,0.87629
CVE-2008-4867,0.01537,0.73595
CVE-2008-4868,0.01108,0.53389
CVE-2008-4869,0.01108,0.53389
CVE-2008-4870,0.01282,0.67298
CVE-2008-4871,0.01136,0.57949
CVE-2008-4872,0.01055,0.50287
CVE-2008-4873,0.04482,0.88223
CVE-2008-4874,0.01974,0.7812
CVE-2008-4875,0.01315,0.67456
CVE-2008-4876,0.01319,0.70416
CVE-2008-4877,0.01213,0.6557
CVE-2008-4878,0.05302,0.89375
CVE-2008-4879,0.00986,0.35784
CVE-2008-4880,0.01139,0.58345
CVE-2008-4881,0.00986,0.35784
CVE-2008-4882,0.00986,0.35784
CVE-2008-4883,0.00986,0.35784
CVE-2008-4884,0.00986,0.35784
CVE-2008-4885,0.00986,0.35784
CVE-2008-4886,0.01139,0.58345
CVE-2008-4887,0.01319,0.70416
CVE-2008-4888,0.01319,0.70416
CVE-2008-4889,0.01139,0.58345
CVE-2008-4890,0.00986,0.35784
CVE-2008-4891,0.01213,0.6557
CVE-2008-4892,0.01213,0.6557
CVE-2008-4893,0.01136,0.57949
CVE-2008-4894,0.01213,0.6557
CVE-2008-4895,0.00986,0.35784
CVE-2008-4896,0.01136,0.57949
CVE-2008-4897,0.01319,0.70416
CVE-2008-4898,0.01213,0.6557
CVE-2008-4899,0.01136,0.57949
CVE-2008-4900,0.00986,0.35784
CVE-2008-4901,0.00986,0.35784
CVE-2008-4902,0.00986,0.35784
CVE-2008-4903,0.01213,0.6557
CVE-2008-4904,0.01132,0.54372
CVE-2008-4905,0.00954,0.34522
CVE-2008-4906,0.01139,0.58345
CVE-2008-4907,0.07197,0.92068
CVE-2008-4908,0.0095,0.30554
CVE-2008-4909,0.01136,0.57949
CVE-2008-4910,0.04482,0.88223
CVE-2008-4911,0.04187,0.86773
CVE-2008-4912,0.00986,0.35784
CVE-2008-4913,0.04482,0.88223
CVE-2008-4914,0.01034,0.39824
CVE-2008-4915,0.01282,0.67298
CVE-2008-4916,0.01104,0.52279
CVE-2008-4917,0.01282,0.67298
CVE-2008-4918,0.12328,0.95117
CVE-2008-4919,0.04482,0.88223
CVE-2008-4921,0.01213,0.6557
CVE-2008-4922,0.70125,0.99114
CVE-2008-4923,0.04187,0.86773
CVE-2008-4924,0.04187,0.86773
CVE-2008-4925,0.04187,0.86773
CVE-2008-4926,0.04187,0.86773
CVE-2008-4927,0.03884,0.84938
CVE-2008-4928,0.01319,0.70416
CVE-2008-4929,0.01213,0.6557
CVE-2008-4930,0.01136,0.57949
CVE-2008-4931,0.01917,0.77071
CVE-2008-4932,0.11379,0.94814
CVE-2008-4933,0.02686,0.82061
CVE-2008-4934,0.02686,0.82061
CVE-2008-4935,0.01282,0.67298
CVE-2008-4936,0.01282,0.67298
CVE-2008-4937,0.01547,0.74085
CVE-2008-4938,0.01282,0.67298
CVE-2008-4939,0.01034,0.39824
CVE-2008-4940,0.01034,0.39824
CVE-2008-4941,0.01034,0.39824
CVE-2008-4942,0.01034,0.39824
CVE-2008-4943,0.0095,0.30554
CVE-2008-4944,0.01034,0.39824
CVE-2008-4945,0.01034,0.39824
CVE-2008-4946,0.0095,0.30554
CVE-2008-4947,0.01034,0.39824
CVE-2008-4948,0.01034,0.39824
CVE-2008-4949,0.01034,0.39824
CVE-2008-4950,0.0095,0.30554
CVE-2008-4951,0.01034,0.39824
CVE-2008-4952,0.0095,0.30554
CVE-2008-4953,0.0095,0.30554
CVE-2008-4954,0.01034,0.39824
CVE-2008-4955,0.0095,0.30554
CVE-2008-4956,0.0095,0.30554
CVE-2008-4957,0.0095,0.30554
CVE-2008-4958,0.01104,0.52279
CVE-2008-4959,0.01282,0.67298
CVE-2008-4960,0.01034,0.39824
CVE-2008-4963,0.01319,0.70416
CVE-2008-4964,0.01034,0.39824
CVE-2008-4965,0.01034,0.39824
CVE-2008-4966,0.01034,0.39824
CVE-2008-4967,0.01034,0.39824
CVE-2008-4968,0.01104,0.52279
CVE-2008-4969,0.0095,0.30554
CVE-2008-4970,0.01034,0.39824
CVE-2008-4971,0.01104,0.52279
CVE-2008-4972,0.0095,0.30554
CVE-2008-4973,0.01034,0.39824
CVE-2008-4974,0.01104,0.52279
CVE-2008-4975,0.01034,0.39824
CVE-2008-4976,0.01282,0.67298
CVE-2008-4977,0.0095,0.30554
CVE-2008-4978,0.01034,0.39824
CVE-2008-4979,0.01034,0.39824
CVE-2008-4980,0.01034,0.39824
CVE-2008-4981,0.01034,0.39824
CVE-2008-4982,0.01034,0.39824
CVE-2008-4983,0.01282,0.67298
CVE-2008-4984,0.01034,0.39824
CVE-2008-4985,0.01034,0.39824
CVE-2008-4986,0.01034,0.39824
CVE-2008-4987,0.01282,0.67298
CVE-2008-4988,0.0095,0.30554
CVE-2008-4989,0.02686,0.82061
CVE-2008-4990,0.0095,0.30554
CVE-2008-4991,0.01213,0.6557
CVE-2008-4992,0.01034,0.39824
CVE-2008-4993,0.01282,0.67298
CVE-2008-4994,0.01034,0.39824
CVE-2008-4995,0.0095,0.30554
CVE-2008-4996,0.0095,0.30554
CVE-2008-4997,0.0095,0.30554
CVE-2008-4998,0.0095,0.30554
CVE-2008-4999,0.0679,0.91793
CVE-2008-5000,0.00986,0.35784
CVE-2008-5001,0.04967,0.88981
CVE-2008-5002,0.76382,0.99344
CVE-2008-5003,0.00986,0.35784
CVE-2008-5004,0.00986,0.35784
CVE-2008-5005,0.12248,0.95092
CVE-2008-5006,0.01108,0.53389
CVE-2008-5007,0.01282,0.67298
CVE-2008-5008,0.01108,0.53389
CVE-2008-5009,0.01104,0.52279
CVE-2008-5010,0.01408,0.72072
CVE-2008-5011,0.01319,0.70416
CVE-2008-5012,0.04358,0.87435
CVE-2008-5013,0.09915,0.94265
CVE-2008-5014,0.08228,0.93218
CVE-2008-5015,0.02686,0.82061
CVE-2008-5016,0.04358,0.87435
CVE-2008-5017,0.04358,0.87435
CVE-2008-5018,0.04358,0.87435
CVE-2008-5019,0.03932,0.8519
CVE-2008-5021,0.06604,0.91138
CVE-2008-5022,0.04358,0.87435
CVE-2008-5023,0.04358,0.87435
CVE-2008-5024,0.04358,0.87435
CVE-2008-5025,0.02686,0.82061
CVE-2008-5026,0.13172,0.95472
CVE-2008-5027,0.09085,0.93856
CVE-2008-5028,0.09915,0.94265
CVE-2008-5029,0.01547,0.74085
CVE-2008-5030,0.04421,0.87629
CVE-2008-5031,0.02686,0.82061
CVE-2008-5032,0.08822,0.93667
CVE-2008-5033,0.01537,0.73595
CVE-2008-5034,0.0095,0.30554
CVE-2008-5035,0.02172,0.79917
CVE-2008-5036,0.46991,0.98445
CVE-2008-5037,0.00986,0.35784
CVE-2008-5038,0.07544,0.92484
CVE-2008-5039,0.01917,0.77071
CVE-2008-5040,0.04187,0.86773
CVE-2008-5041,0.01213,0.6557
CVE-2008-5042,0.0679,0.91793
CVE-2008-5043,0.01232,0.66248
CVE-2008-5044,0.02421,0.80758
CVE-2008-5045,0.04187,0.86773
CVE-2008-5046,0.00986,0.35784
CVE-2008-5047,0.00986,0.35784
CVE-2008-5048,0.01899,0.76481
CVE-2008-5049,0.01924,0.77129
CVE-2008-5050,0.06604,0.91138
CVE-2008-5051,0.01213,0.6557
CVE-2008-5052,0.02172,0.79917
CVE-2008-5053,0.0679,0.91793
CVE-2008-5054,0.00986,0.35784
CVE-2008-5055,0.01319,0.70416
CVE-2008-5056,0.01213,0.6557
CVE-2008-5057,0.00986,0.35784
CVE-2008-5058,0.01139,0.58345
CVE-2008-5059,0.01213,0.6557
CVE-2008-5060,0.01213,0.6557
CVE-2008-5061,0.01319,0.70416
CVE-2008-5062,0.01319,0.70416
CVE-2008-5063,0.0679,0.91793
CVE-2008-5064,0.00986,0.35784
CVE-2008-5065,0.04187,0.86773
CVE-2008-5066,0.04187,0.86773
CVE-2008-5067,0.01917,0.77071
CVE-2008-5068,0.01917,0.77071
CVE-2008-5069,0.00986,0.35784
CVE-2008-5070,0.00986,0.35784
CVE-2008-5071,0.04187,0.86773
CVE-2008-5072,0.04482,0.88223
CVE-2008-5073,0.08799,0.93663
CVE-2008-5074,0.00986,0.35784
CVE-2008-5075,0.00986,0.35784
CVE-2008-5076,0.01034,0.39824
CVE-2008-5077,0.07559,0.92528
CVE-2008-5078,0.07996,0.93017
CVE-2008-5079,0.0322,0.83442
CVE-2008-5080,0.01213,0.6557
CVE-2008-5081,0.69567,0.99085
CVE-2008-5082,0.01232,0.66248
CVE-2008-5083,0.00885,0.26162
CVE-2008-5086,0.01547,0.74085
CVE-2008-5087,0.01055,0.50287
CVE-2008-5088,0.00986,0.35784
CVE-2008-5089,0.01213,0.6557
CVE-2008-5090,0.07197,0.92068
CVE-2008-5091,0.01183,0.60428
CVE-2008-5092,0.01018,0.38792
CVE-2008-5093,0.01213,0.6557
CVE-2008-5094,0.01018,0.38792
CVE-2008-5095,0.01213,0.6557
CVE-2008-5096,0.01136,0.57949
CVE-2008-5097,0.01139,0.58345
CVE-2008-5098,0.01319,0.70416
CVE-2008-5099,0.01282,0.67298
CVE-2008-5100,0.06118,0.90183
CVE-2008-5101,0.02768,0.82197
CVE-2008-5102,0.0629,0.90361
CVE-2008-5103,0.01034,0.39824
CVE-2008-5104,0.01034,0.39824
CVE-2008-5105,0.04187,0.86773
CVE-2008-5106,0.04291,0.87022
CVE-2008-5107,0.0089,0.2856
CVE-2008-5108,0.01308,0.67354
CVE-2008-5109,0.01136,0.57949
CVE-2008-5110,0.01183,0.60428
CVE-2008-5111,0.01034,0.39824
CVE-2008-5112,0.25598,0.96882
CVE-2008-5113,0.01213,0.6557
CVE-2008-5114,0.01319,0.70416
CVE-2008-5115,0.10995,0.94626999999999994
CVE-2008-5116,0.01974,0.7812
CVE-2008-5117,0.01319,0.70416
CVE-2008-5118,0.01319,0.70416
CVE-2008-5119,0.01136,0.57949
CVE-2008-5120,0.13513,0.955
CVE-2008-5121,0.0322,0.83442
CVE-2008-5122,0.01213,0.6557
CVE-2008-5123,0.01213,0.6557
CVE-2008-5124,0.01974,0.7812
CVE-2008-5125,0.01213,0.6557
CVE-2008-5126,0.01917,0.77071
CVE-2008-5127,0.01213,0.6557
CVE-2008-5128,0.01213,0.6557
CVE-2008-5129,0.01213,0.6557
CVE-2008-5130,0.01213,0.6557
CVE-2008-5131,0.00986,0.35784
CVE-2008-5132,0.01139,0.58345
CVE-2008-5133,0.01213,0.6557
CVE-2008-5134,0.03779,0.84781
CVE-2008-5135,0.00885,0.26162
CVE-2008-5136,0.00885,0.26162
CVE-2008-5137,0.00885,0.26162
CVE-2008-5138,0.0095,0.30554
CVE-2008-5139,0.0095,0.30554
CVE-2008-5140,0.01034,0.39824
CVE-2008-5141,0.01034,0.39824
CVE-2008-5142,0.00885,0.26162
CVE-2008-5143,0.00885,0.26162
CVE-2008-5144,0.00885,0.26162
CVE-2008-5145,0.0089,0.2856
CVE-2008-5146,0.00885,0.26162
CVE-2008-5147,0.0095,0.30554
CVE-2008-5148,0.01034,0.39824
CVE-2008-5149,0.0089,0.2856
CVE-2008-5150,0.0095,0.30554
CVE-2008-5151,0.00885,0.26162
CVE-2008-5152,0.0095,0.30554
CVE-2008-5153,0.01034,0.39824
CVE-2008-5154,0.0095,0.30554
CVE-2008-5155,0.00954,0.34522
CVE-2008-5156,0.0089,0.2856
CVE-2008-5157,0.01034,0.39824
CVE-2008-5158,0.01319,0.70416
CVE-2008-5159,0.7734,0.99385
CVE-2008-5160,0.04187,0.86773
CVE-2008-5161,0.04358,0.87435
CVE-2008-5162,0.0095,0.30554
CVE-2008-5163,0.00986,0.35784
CVE-2008-5164,0.01917,0.77071
CVE-2008-5165,0.01319,0.70416
CVE-2008-5166,0.00986,0.35784
CVE-2008-5167,0.04482,0.88223
CVE-2008-5168,0.00986,0.35784
CVE-2008-5169,0.00986,0.35784
CVE-2008-5170,0.00986,0.35784
CVE-2008-5171,0.04187,0.86773
CVE-2008-5172,0.01136,0.57949
CVE-2008-5173,0.01132,0.54372
CVE-2008-5174,0.00986,0.35784
CVE-2008-5175,0.02104,0.79086
CVE-2008-5176,0.07525,0.92398
CVE-2008-5177,0.12822,0.95405
CVE-2008-5178,0.09915,0.94265
CVE-2008-5179,0.13525,0.9555
CVE-2008-5180,0.40848,0.98127
CVE-2008-5181,0.11676,0.94929
CVE-2008-5182,0.01547,0.74085
CVE-2008-5183,0.03702,0.84333
CVE-2008-5184,0.01213,0.6557
CVE-2008-5185,0.04187,0.86773
CVE-2008-5186,0.01319,0.70416
CVE-2008-5187,0.04229,0.86856
CVE-2008-5188,0.01547,0.74085
CVE-2008-5189,0.01213,0.6557
CVE-2008-5190,0.01139,0.58345
CVE-2008-5191,0.53946,0.98699
CVE-2008-5192,0.01213,0.6557
CVE-2008-5193,0.01213,0.6557
CVE-2008-5194,0.01139,0.58345
CVE-2008-5195,0.00986,0.35784
CVE-2008-5196,0.00986,0.35784
CVE-2008-5197,0.00986,0.35784
CVE-2008-5198,0.00986,0.35784
CVE-2008-5199,0.0679,0.91793
CVE-2008-5200,0.00986,0.35784
CVE-2008-5201,0.01213,0.6557
CVE-2008-5202,0.01213,0.6557
CVE-2008-5203,0.01136,0.57949
CVE-2008-5204,0.01136,0.57949
CVE-2008-5205,0.01136,0.57949
CVE-2008-5206,0.01055,0.50287
CVE-2008-5207,0.01055,0.50287
CVE-2008-5208,0.00986,0.35784
CVE-2008-5209,0.04187,0.86773
CVE-2008-5210,0.04187,0.86773
CVE-2008-5211,0.02945,0.82784
CVE-2008-5212,0.00986,0.35784
CVE-2008-5213,0.00986,0.35784
CVE-2008-5214,0.01213,0.6557
CVE-2008-5215,0.01213,0.6557
CVE-2008-5216,0.00986,0.35784
CVE-2008-5217,0.04187,0.86773
CVE-2008-5218,0.04482,0.88223
CVE-2008-5219,0.04187,0.86773
CVE-2008-5220,0.07687,0.92751
CVE-2008-5221,0.04482,0.88223
CVE-2008-5222,0.00986,0.35784
CVE-2008-5223,0.00986,0.35784
CVE-2008-5224,0.01213,0.6557
CVE-2008-5225,0.04894,0.88891
CVE-2008-5226,0.00986,0.35784
CVE-2008-5227,0.06523,0.90962
CVE-2008-5228,0.01319,0.70416
CVE-2008-5229,0.0222,0.80429
CVE-2008-5230,0.01408,0.72072
CVE-2008-5231,0.07481,0.92326
CVE-2008-5232,0.42271,0.98167
CVE-2008-5233,0.06604,0.91138
CVE-2008-5234,0.09915,0.94265
CVE-2008-5235,0.07525,0.92398
CVE-2008-5236,0.09915,0.94265
CVE-2008-5237,0.07544,0.92484
CVE-2008-5238,0.06604,0.91138
CVE-2008-5239,0.06604,0.91138
CVE-2008-5240,0.06604,0.91138
CVE-2008-5241,0.01955,0.77585
CVE-2008-5242,0.06604,0.91138
CVE-2008-5243,0.01955,0.77585
CVE-2008-5244,0.00954,0.34522
CVE-2008-5245,0.01183,0.60428
CVE-2008-5246,0.07996,0.93017
CVE-2008-5247,0.01408,0.72072
CVE-2008-5248,0.01213,0.6557
CVE-2008-5249,0.01319,0.70416
CVE-2008-5250,0.01315,0.67456
CVE-2008-5252,0.01319,0.70416
CVE-2008-5256,0.01282,0.67298
CVE-2008-5257,0.01213,0.6557
CVE-2008-5259,0.07525,0.92398
CVE-2008-5260,0.07996,0.93017
CVE-2008-5262,0.03214,0.83353
CVE-2008-5263,0.02003,0.78466
CVE-2008-5264,0.01917,0.77071
CVE-2008-5265,0.04482,0.88223
CVE-2008-5266,0.16329,0.95922
CVE-2008-5267,0.00986,0.35784
CVE-2008-5268,0.00986,0.35784
CVE-2008-5269,0.00986,0.35784
CVE-2008-5270,0.00986,0.35784
CVE-2008-5271,0.01213,0.6557
CVE-2008-5272,0.01132,0.54372
CVE-2008-5273,0.01213,0.6557
CVE-2008-5274,0.01055,0.50287
CVE-2008-5275,0.06523,0.90962
CVE-2008-5276,0.09915,0.94265
CVE-2008-5277,0.01408,0.72072
CVE-2008-5278,0.01955,0.77585
CVE-2008-5279,0.06523,0.90962
CVE-2008-5280,0.0679,0.91793
CVE-2008-5281,0.05532,0.89536
CVE-2008-5282,0.40588,0.98099
CVE-2008-5283,0.04187,0.86773
CVE-2008-5284,0.07197,0.92068
CVE-2008-5285,0.03779,0.84781
CVE-2008-5286,0.11354,0.94806
CVE-2008-5287,0.01139,0.58345
CVE-2008-5288,0.0679,0.91793
CVE-2008-5289,0.01139,0.58345
CVE-2008-5290,0.01213,0.6557
CVE-2008-5291,0.04482,0.88223
CVE-2008-5292,0.01139,0.58345
CVE-2008-5293,0.00986,0.35784
CVE-2008-5294,0.00986,0.35784
CVE-2008-5295,0.00986,0.35784
CVE-2008-5296,0.01213,0.6557
CVE-2008-5297,0.24062,0.96648
CVE-2008-5298,0.01282,0.67298
CVE-2008-5299,0.01104,0.52279
CVE-2008-5300,0.01547,0.74085
CVE-2008-5301,0.01319,0.70416
CVE-2008-5302,0.01547,0.74085
CVE-2008-5303,0.01547,0.74085
CVE-2008-5304,0.02945,0.82784
CVE-2008-5305,0.04482,0.88223
CVE-2008-5306,0.01139,0.58345
CVE-2008-5307,0.01139,0.58345
CVE-2008-5308,0.0679,0.91793
CVE-2008-5309,0.00986,0.35784
CVE-2008-5310,0.01139,0.58345
CVE-2008-5311,0.00986,0.35784
CVE-2008-5312,0.0095,0.30554
CVE-2008-5313,0.0095,0.30554
CVE-2008-5314,0.05356,0.89424
CVE-2008-5315,0.01319,0.70416
CVE-2008-5316,0.01183,0.60428
CVE-2008-5317,0.01537,0.73595
CVE-2008-5318,0.01108,0.53389
CVE-2008-5319,0.01108,0.53389
CVE-2008-5320,0.01139,0.58345
CVE-2008-5321,0.00986,0.35784
CVE-2008-5322,0.01213,0.6557
CVE-2008-5323,0.01213,0.6557
CVE-2008-5324,0.01055,0.50287
CVE-2008-5325,0.01213,0.6557
CVE-2008-5326,0.0095,0.30554
CVE-2008-5327,0.01061,0.51015
CVE-2008-5328,0.01061,0.51015
CVE-2008-5329,0.00954,0.34522
CVE-2008-5330,0.02945,0.82784
CVE-2008-5331,0.01126,0.53553
CVE-2008-5332,0.04187,0.86773
CVE-2008-5333,0.01213,0.6557
CVE-2008-5334,0.01055,0.50287
CVE-2008-5335,0.04386,0.87542
CVE-2008-5336,0.01139,0.58345
CVE-2008-5337,0.01213,0.6557
CVE-2008-5338,0.01213,0.6557
CVE-2008-5339,0.02686,0.82061
CVE-2008-5340,0.02686,0.82061
CVE-2008-5341,0.02686,0.82061
CVE-2008-5342,0.02686,0.82061
CVE-2008-5343,0.03932,0.8519
CVE-2008-5344,0.02686,0.82061
CVE-2008-5345,0.02686,0.82061
CVE-2008-5346,0.02686,0.82061
CVE-2008-5347,0.02686,0.82061
CVE-2008-5348,0.03932,0.8519
CVE-2008-5349,0.03932,0.8519
CVE-2008-5350,0.02686,0.82061
CVE-2008-5351,0.02686,0.82061
CVE-2008-5352,0.02686,0.82061
CVE-2008-5353,0.82804,0.99554
CVE-2008-5354,0.03883,0.84912
CVE-2008-5355,0.1127,0.94787
CVE-2008-5356,0.09915,0.94265
CVE-2008-5357,0.09915,0.94265
CVE-2008-5358,0.09915,0.94265
CVE-2008-5359,0.09915,0.94265
CVE-2008-5360,0.02686,0.82061
CVE-2008-5361,0.01776,0.75902
CVE-2008-5362,0.01776,0.75902
CVE-2008-5363,0.01776,0.75902
CVE-2008-5364,0.06309,0.90494
CVE-2008-5365,0.01139,0.58345
CVE-2008-5366,0.00885,0.26162
CVE-2008-5367,0.00885,0.26162
CVE-2008-5368,0.0089,0.2856
CVE-2008-5369,0.00885,0.26162
CVE-2008-5370,0.00885,0.26162
CVE-2008-5371,0.00885,0.26162
CVE-2008-5372,0.00885,0.26162
CVE-2008-5373,0.00885,0.26162
CVE-2008-5374,0.01282,0.67298
CVE-2008-5375,0.0095,0.30554
CVE-2008-5376,0.00885,0.26162
CVE-2008-5377,0.01761,0.7555
CVE-2008-5378,0.00885,0.26162
CVE-2008-5379,0.00885,0.26162
CVE-2008-5380,0.0095,0.30554
CVE-2008-5381,0.07996,0.93017
CVE-2008-5382,0.01213,0.6557
CVE-2008-5383,0.02071,0.78993
CVE-2008-5384,0.01282,0.67298
CVE-2008-5385,0.01104,0.52279
CVE-2008-5386,0.01104,0.52279
CVE-2008-5387,0.01282,0.67298
CVE-2008-5393,0.01213,0.6557
CVE-2008-5394,0.0322,0.83442
CVE-2008-5395,0.01282,0.67298
CVE-2008-5396,0.01878,0.76394
CVE-2008-5397,0.01034,0.39824
CVE-2008-5398,0.01108,0.53389
CVE-2008-5399,0.01319,0.70416
CVE-2008-5400,0.01408,0.72072
CVE-2008-5401,0.1127,0.94787
CVE-2008-5402,0.1127,0.94787
CVE-2008-5403,0.1127,0.94787
CVE-2008-5404,0.06523,0.90962
CVE-2008-5405,0.76482000000000006,0.99351
CVE-2008-5406,0.05745,0.89863
CVE-2008-5407,0.01319,0.70416
CVE-2008-5408,0.04724,0.88696
CVE-2008-5409,0.34394,0.97618
CVE-2008-5410,0.01537,0.73595
CVE-2008-5411,0.01319,0.70416
CVE-2008-5412,0.01108,0.53389
CVE-2008-5413,0.01018,0.38792
CVE-2008-5414,0.01108,0.53389
CVE-2008-5415,0.28118,0.97158
CVE-2008-5417,0.0089,0.2856
CVE-2008-5418,0.04187,0.86773
CVE-2008-5419,0.1127,0.94787
CVE-2008-5420,0.01974,0.7812
CVE-2008-5421,0.01136,0.57949
CVE-2008-5422,0.01408,0.72072
CVE-2008-5423,0.01282,0.67298
CVE-2008-5424,0.13105,0.9547
CVE-2008-5425,0.01213,0.6557
CVE-2008-5426,0.01213,0.6557
CVE-2008-5427,0.01213,0.6557
CVE-2008-5428,0.01213,0.6557
CVE-2008-5429,0.01213,0.6557
CVE-2008-5430,0.01213,0.6557
CVE-2008-5431,0.04187,0.86773
CVE-2008-5432,0.01776,0.75902
CVE-2008-5433,0.01213,0.6557
CVE-2008-5434,0.01232,0.66248
CVE-2008-5435,0.01213,0.6557
CVE-2008-5436,0.01232,0.66248
CVE-2008-5437,0.01232,0.66248
CVE-2008-5438,0.01213,0.6557
CVE-2008-5439,0.01232,0.66248
CVE-2008-5440,0.01974,0.7812
CVE-2008-5441,0.01213,0.6557
CVE-2008-5442,0.01213,0.6557
CVE-2008-5443,0.01213,0.6557
CVE-2008-5444,0.7179,0.99162
CVE-2008-5445,0.01232,0.66248
CVE-2008-5446,0.01232,0.66248
CVE-2008-5447,0.01132,0.54372
CVE-2008-5448,0.37344,0.97823
CVE-2008-5449,0.01213,0.6557
CVE-2008-5450,0.0095,0.30554
CVE-2008-5451,0.01132,0.54372
CVE-2008-5452,0.01132,0.54372
CVE-2008-5454,0.01132,0.54372
CVE-2008-5455,0.01132,0.54372
CVE-2008-5456,0.01132,0.54372
CVE-2008-5457,0.75518,0.99317
CVE-2008-5458,0.01132,0.54372
CVE-2008-5459,0.01213,0.6557
CVE-2008-5460,0.01213,0.6557
CVE-2008-5461,0.01319,0.70416
CVE-2008-5462,0.01213,0.6557
CVE-2008-5463,0.01132,0.54372
CVE-2008-5486,0.01213,0.6557
CVE-2008-5487,0.01213,0.6557
CVE-2008-5488,0.01213,0.6557
CVE-2008-5489,0.01139,0.58345
CVE-2008-5490,0.01139,0.58345
CVE-2008-5491,0.00986,0.35784
CVE-2008-5492,0.71462,0.99148
CVE-2008-5493,0.01139,0.58345
CVE-2008-5494,0.00986,0.35784
CVE-2008-5495,0.01319,0.70416
CVE-2008-5496,0.01139,0.58345
CVE-2008-5497,0.04187,0.86773
CVE-2008-5498,0.12567,0.95329
CVE-2008-5499,0.89678,0.99825
CVE-2008-5500,0.04358,0.87435
CVE-2008-5501,0.04358,0.87435
CVE-2008-5502,0.04358,0.87435
CVE-2008-5503,0.03932,0.8519
CVE-2008-5504,0.03779,0.84781
CVE-2008-5505,0.03779,0.84781
CVE-2008-5506,0.03932,0.8519
CVE-2008-5507,0.02276,0.80597
CVE-2008-5508,0.03932,0.8519
CVE-2008-5510,0.04358,0.87435
CVE-2008-5511,0.03932,0.8519
CVE-2008-5512,0.03932,0.8519
CVE-2008-5513,0.03932,0.8519
CVE-2008-5514,0.01537,0.73595
CVE-2008-5515,0.07344,0.92237
CVE-2008-5516,0.03779,0.84781
CVE-2008-5517,0.12567,0.95329
CVE-2008-5518,0.46505,0.98315
CVE-2008-5519,0.07344,0.92237
CVE-2008-5520,0.01213,0.6557
CVE-2008-5521,0.01213,0.6557
CVE-2008-5522,0.01213,0.6557
CVE-2008-5523,0.01213,0.6557
CVE-2008-5524,0.01213,0.6557
CVE-2008-5525,0.01213,0.6557
CVE-2008-5526,0.01213,0.6557
CVE-2008-5527,0.01213,0.6557
CVE-2008-5528,0.0541,0.89453
CVE-2008-5529,0.01213,0.6557
CVE-2008-5530,0.01213,0.6557
CVE-2008-5531,0.01213,0.6557
CVE-2008-5532,0.01213,0.6557
CVE-2008-5533,0.01213,0.6557
CVE-2008-5534,0.01213,0.6557
CVE-2008-5535,0.02085,0.79036
CVE-2008-5536,0.01213,0.6557
CVE-2008-5537,0.01213,0.6557
CVE-2008-5538,0.01213,0.6557
CVE-2008-5539,0.03588,0.84161
CVE-2008-5540,0.01213,0.6557
CVE-2008-5541,0.01213,0.6557
CVE-2008-5542,0.01213,0.6557
CVE-2008-5543,0.01213,0.6557
CVE-2008-5544,0.01213,0.6557
CVE-2008-5545,0.01213,0.6557
CVE-2008-5546,0.01213,0.6557
CVE-2008-5547,0.01213,0.6557
CVE-2008-5548,0.01213,0.6557
CVE-2008-5549,0.01408,0.72072
CVE-2008-5550,0.01319,0.70416
CVE-2008-5551,0.13334,0.95491
CVE-2008-5552,0.11676,0.94929
CVE-2008-5553,0.11676,0.94929
CVE-2008-5554,0.11676,0.94929
CVE-2008-5555,0.11676,0.94929
CVE-2008-5556,0.09772,0.94058
CVE-2008-5557,0.04421,0.87629
CVE-2008-5558,0.02172,0.79917
CVE-2008-5559,0.01213,0.6557
CVE-2008-5560,0.01213,0.6557
CVE-2008-5561,0.00986,0.35784
CVE-2008-5562,0.04187,0.86773
CVE-2008-5563,0.01319,0.70416
CVE-2008-5564,0.01213,0.6557
CVE-2008-5565,0.04187,0.86773
CVE-2008-5566,0.01319,0.70416
CVE-2008-5567,0.04187,0.86773
CVE-2008-5568,0.04187,0.86773
CVE-2008-5569,0.04894,0.88891
CVE-2008-5570,0.01319,0.70416
CVE-2008-5571,0.01139,0.58345
CVE-2008-5572,0.04482,0.88223
CVE-2008-5573,0.01139,0.58345
CVE-2008-5574,0.01139,0.58345
CVE-2008-5575,0.01213,0.6557
CVE-2008-5576,0.01136,0.57949
CVE-2008-5577,0.01136,0.57949
CVE-2008-5578,0.01136,0.57949
CVE-2008-5579,0.01213,0.6557
CVE-2008-5580,0.01213,0.6557
CVE-2008-5581,0.01213,0.6557
CVE-2008-5582,0.00986,0.35784
CVE-2008-5583,0.01213,0.6557
CVE-2008-5584,0.01917,0.77071
CVE-2008-5585,0.04482,0.88223
CVE-2008-5586,0.00986,0.35784
CVE-2008-5587,0.10995,0.94626999999999994
CVE-2008-5588,0.00986,0.35784
CVE-2008-5589,0.00986,0.35784
CVE-2008-5590,0.00986,0.35784
CVE-2008-5591,0.01213,0.6557
CVE-2008-5592,0.01213,0.6557
CVE-2008-5593,0.04187,0.86773
CVE-2008-5594,0.04482,0.88223
CVE-2008-5595,0.01319,0.70416
CVE-2008-5596,0.04187,0.86773
CVE-2008-5597,0.04187,0.86773
CVE-2008-5598,0.04187,0.86773
CVE-2008-5599,0.01213,0.6557
CVE-2008-5600,0.01213,0.6557
CVE-2008-5601,0.04187,0.86773
CVE-2008-5602,0.04187,0.86773
CVE-2008-5603,0.04187,0.86773
CVE-2008-5604,0.0679,0.91793
CVE-2008-5605,0.00986,0.35784
CVE-2008-5606,0.04187,0.86773
CVE-2008-5607,0.00986,0.35784
CVE-2008-5608,0.04187,0.86773
CVE-2008-5609,0.01136,0.57949
CVE-2008-5616,0.1127,0.94787
CVE-2008-5617,0.01319,0.70416
CVE-2008-5618,0.01055,0.50287
CVE-2008-5619,0.42881,0.98198
CVE-2008-5620,0.01136,0.57949
CVE-2008-5621,0.30859,0.97416
CVE-2008-5624,0.02686,0.82061
CVE-2008-5625,0.02686,0.82061
CVE-2008-5626,0.56763,0.98751
CVE-2008-5627,0.00986,0.35784
CVE-2008-5628,0.00986,0.35784
CVE-2008-5629,0.01213,0.6557
CVE-2008-5630,0.01139,0.58345
CVE-2008-5631,0.00986,0.35784
CVE-2008-5632,0.00986,0.35784
CVE-2008-5633,0.00986,0.35784
CVE-2008-5634,0.01136,0.57949
CVE-2008-5635,0.00986,0.35784
CVE-2008-5636,0.01139,0.58345
CVE-2008-5637,0.00986,0.35784
CVE-2008-5638,0.01213,0.6557
CVE-2008-5639,0.04187,0.86773
CVE-2008-5640,0.01139,0.58345
CVE-2008-5641,0.00986,0.35784
CVE-2008-5642,0.0679,0.91793
CVE-2008-5643,0.00986,0.35784
CVE-2008-5644,0.01213,0.6557
CVE-2008-5645,0.01319,0.70416
CVE-2008-5646,0.01018,0.38792
CVE-2008-5647,0.01018,0.38792
CVE-2008-5648,0.00986,0.35784
CVE-2008-5649,0.01139,0.58345
CVE-2008-5650,0.00986,0.35784
CVE-2008-5651,0.01319,0.70416
CVE-2008-5652,0.01319,0.70416
CVE-2008-5653,0.00986,0.35784
CVE-2008-5654,0.00986,0.35784
CVE-2008-5655,0.01055,0.50287
CVE-2008-5656,0.01136,0.57949
CVE-2008-5657,0.02172,0.79917
CVE-2008-5658,0.02686,0.82061
CVE-2008-5659,0.04187,0.86773
CVE-2008-5660,0.28823,0.97188
CVE-2008-5661,0.01213,0.6557
CVE-2008-5662,0.03214,0.83353
CVE-2008-5663,0.11379,0.94814
CVE-2008-5664,0.75392,0.99312
CVE-2008-5665,0.00986,0.35784
CVE-2008-5666,0.54621,0.98705
CVE-2008-5667,0.04187,0.86773
CVE-2008-5668,0.01213,0.6557
CVE-2008-5669,0.01213,0.6557
CVE-2008-5670,0.01213,0.6557
CVE-2008-5671,0.01319,0.70416
CVE-2008-5672,0.01136,0.57949
CVE-2008-5673,0.00954,0.34522
CVE-2008-5674,0.07197,0.92068
CVE-2008-5675,0.01018,0.38792
CVE-2008-5676,0.01213,0.6557
CVE-2008-5677,0.06055,0.90153
CVE-2008-5678,0.01132,0.54372
CVE-2008-5679,0.06852,0.91814
CVE-2008-5680,0.09915,0.94265
CVE-2008-5681,0.01213,0.6557
CVE-2008-5682,0.01319,0.70416
CVE-2008-5683,0.01213,0.6557
CVE-2008-5684,0.01537,0.73595
CVE-2008-5685,0.01319,0.70416
CVE-2008-5686,0.01132,0.54372
CVE-2008-5687,0.01213,0.6557
CVE-2008-5688,0.01213,0.6557
CVE-2008-5689,0.05625,0.89579
CVE-2008-5690,0.01282,0.67298
CVE-2008-5691,0.07437,0.92309
CVE-2008-5692,0.07197,0.92068
CVE-2008-5693,0.01319,0.70416
CVE-2008-5694,0.01136,0.57949
CVE-2008-5695,0.11379,0.94814
CVE-2008-5696,0.01319,0.70416
CVE-2008-5697,0.04187,0.86773
CVE-2008-5698,0.0323,0.83449
CVE-2008-5699,0.0095,0.30554
CVE-2008-5700,0.01547,0.74085
CVE-2008-5701,0.01282,0.67298
CVE-2008-5702,0.01547,0.74085
CVE-2008-5703,0.01034,0.39824
CVE-2008-5704,0.00885,0.26162
CVE-2008-5705,0.01319,0.70416
CVE-2008-5706,0.0095,0.30554
CVE-2008-5707,0.00986,0.35784
CVE-2008-5708,0.04187,0.86773
CVE-2008-5709,0.06739,0.91208
CVE-2008-5710,0.01319,0.70416
CVE-2008-5711,0.72015,0.99186
CVE-2008-5712,0.01136,0.57949
CVE-2008-5713,0.0322,0.83442
CVE-2008-5714,0.02172,0.79917
CVE-2008-5715,0.01319,0.70416
CVE-2008-5716,0.01034,0.39824
CVE-2008-5717,0.01136,0.57949
CVE-2008-5718,0.02172,0.79917
CVE-2008-5719,0.01213,0.6557
CVE-2008-5720,0.01319,0.70416
CVE-2008-5721,0.01213,0.6557
CVE-2008-5722,0.06211,0.90307
CVE-2008-5723,0.01213,0.6557
CVE-2008-5724,0.01924,0.77129
CVE-2008-5725,0.01924,0.77129
CVE-2008-5726,0.00986,0.35784
CVE-2008-5727,0.00986,0.35784
CVE-2008-5728,0.01213,0.6557
CVE-2008-5729,0.01213,0.6557
CVE-2008-5730,0.01213,0.6557
CVE-2008-5731,0.0322,0.83442
CVE-2008-5732,0.15607,0.95873
CVE-2008-5733,0.00986,0.35784
CVE-2008-5734,0.01213,0.6557
CVE-2008-5735,0.11409,0.94831
CVE-2008-5736,0.0322,0.83442
CVE-2008-5737,0.01139,0.58345
CVE-2008-5738,0.04482,0.88223
CVE-2008-5739,0.00986,0.35784
CVE-2008-5742,0.01136,0.57949
CVE-2008-5743,0.01104,0.52279
CVE-2008-5744,0.02042,0.78566
CVE-2008-5745,0.39059,0.97931
CVE-2008-5746,0.01034,0.39824
CVE-2008-5747,0.01408,0.72072
CVE-2008-5748,0.0679,0.91793
CVE-2008-5749,0.01319,0.70416
CVE-2008-5750,0.13105,0.9547
CVE-2008-5751,0.00986,0.35784
CVE-2008-5752,0.0679,0.91793
CVE-2008-5753,0.03948,0.8521
CVE-2008-5754,0.02167,0.79257
CVE-2008-5755,0.07437,0.92309
CVE-2008-5756,0.03279,0.83523
CVE-2008-5757,0.01061,0.51015
CVE-2008-5758,0.01136,0.57949
CVE-2008-5759,0.01055,0.50287
CVE-2008-5760,0.01319,0.70416
CVE-2008-5761,0.01319,0.70416
CVE-2008-5762,0.01213,0.6557
CVE-2008-5763,0.01213,0.6557
CVE-2008-5764,0.01319,0.70416
CVE-2008-5765,0.01213,0.6557
CVE-2008-5766,0.00986,0.35784
CVE-2008-5767,0.00986,0.35784
CVE-2008-5768,0.00986,0.35784
CVE-2008-5769,0.01319,0.70416
CVE-2008-5770,0.01213,0.6557
CVE-2008-5771,0.01213,0.6557
CVE-2008-5772,0.01139,0.58345
CVE-2008-5773,0.04187,0.86773
CVE-2008-5774,0.00986,0.35784
CVE-2008-5775,0.01213,0.6557
CVE-2008-5776,0.01055,0.50287
CVE-2008-5777,0.00986,0.35784
CVE-2008-5778,0.01139,0.58345
CVE-2008-5779,0.00986,0.35784
CVE-2008-5780,0.04187,0.86773
CVE-2008-5781,0.00986,0.35784
CVE-2008-5782,0.00986,0.35784
CVE-2008-5783,0.01319,0.70416
CVE-2008-5784,0.01213,0.6557
CVE-2008-5785,0.00986,0.35784
CVE-2008-5786,0.01319,0.70416
CVE-2008-5787,0.0679,0.91793
CVE-2008-5788,0.01139,0.58345
CVE-2008-5789,0.04187,0.86773
CVE-2008-5790,0.04187,0.86773
CVE-2008-5791,0.01018,0.38792
CVE-2008-5792,0.07197,0.92068
CVE-2008-5793,0.04187,0.86773
CVE-2008-5794,0.04187,0.86773
CVE-2008-5795,0.01213,0.6557
CVE-2008-5796,0.01213,0.6557
CVE-2008-5797,0.01136,0.57949
CVE-2008-5798,0.01136,0.57949
CVE-2008-5799,0.01136,0.57949
CVE-2008-5800,0.01136,0.57949
CVE-2008-5801,0.0292,0.82516
CVE-2008-5802,0.00986,0.35784
CVE-2008-5803,0.00986,0.35784
CVE-2008-5804,0.00986,0.35784
CVE-2008-5805,0.00986,0.35784
CVE-2008-5806,0.01139,0.58345
CVE-2008-5807,0.01213,0.6557
CVE-2008-5808,0.01319,0.70416
CVE-2008-5809,0.01213,0.6557
CVE-2008-5810,0.01974,0.7812
CVE-2008-5811,0.00986,0.35784
CVE-2008-5812,0.01018,0.38792
CVE-2008-5813,0.01319,0.70416
CVE-2008-5814,0.03407,0.83908
CVE-2008-5815,0.00986,0.35784
CVE-2008-5816,0.00986,0.35784
CVE-2008-5817,0.00986,0.35784
CVE-2008-5818,0.02104,0.79086
CVE-2008-5819,0.01963,0.77709
CVE-2008-5820,0.00986,0.35784
CVE-2008-5821,0.04187,0.86773
CVE-2008-5822,0.01136,0.57949
CVE-2008-5823,0.09772,0.94058
CVE-2008-5824,0.03776,0.84415
CVE-2008-5825,0.01776,0.75902
CVE-2008-5826,0.01974,0.7812
CVE-2008-5827,0.06523,0.90962
CVE-2008-5828,0.09772,0.94058
CVE-2008-5838,0.01139,0.58345
CVE-2008-5839,0.07437,0.92309
CVE-2008-5840,0.04187,0.86773
CVE-2008-5841,0.00986,0.35784
CVE-2008-5842,0.01055,0.50287
CVE-2008-5843,0.0095,0.30554
CVE-2008-5844,0.01108,0.53389
CVE-2008-5845,0.01136,0.57949
CVE-2008-5846,0.01061,0.51015
CVE-2008-5847,0.00885,0.26162
CVE-2008-5848,0.01136,0.57949
CVE-2008-5849,0.01319,0.70416
CVE-2008-5851,0.00986,0.35784
CVE-2008-5852,0.04187,0.86773
CVE-2008-5853,0.01213,0.6557
CVE-2008-5854,0.01213,0.6557
CVE-2008-5855,0.01213,0.6557
CVE-2008-5856,0.0679,0.91793
CVE-2008-5857,0.01132,0.54372
CVE-2008-5858,0.01213,0.6557
CVE-2008-5859,0.01213,0.6557
CVE-2008-5860,0.01136,0.57949
CVE-2008-5861,0.04187,0.86773
CVE-2008-5862,0.0679,0.91793
CVE-2008-5863,0.00986,0.35784
CVE-2008-5864,0.01213,0.6557
CVE-2008-5865,0.01213,0.6557
CVE-2008-5866,0.01136,0.57949
CVE-2008-5867,0.01136,0.57949
CVE-2008-5868,0.02567,0.81201
CVE-2008-5869,0.01917,0.77071
CVE-2008-5870,0.01963,0.77709
CVE-2008-5871,0.01319,0.70416
CVE-2008-5872,0.01319,0.70416
CVE-2008-5873,0.01213,0.6557
CVE-2008-5874,0.01213,0.6557
CVE-2008-5875,0.01213,0.6557
CVE-2008-5876,0.04146,0.85406
CVE-2008-5877,0.01213,0.6557
CVE-2008-5878,0.01213,0.6557
CVE-2008-5879,0.01213,0.6557
CVE-2008-5880,0.04187,0.86773
CVE-2008-5881,0.01213,0.6557
CVE-2008-5882,0.01319,0.70416
CVE-2008-5883,0.01213,0.6557
CVE-2008-5884,0.02104,0.79086
CVE-2008-5885,0.04187,0.86773
CVE-2008-5886,0.04187,0.86773
CVE-2008-5887,0.01319,0.70416
CVE-2008-5888,0.01213,0.6557
CVE-2008-5889,0.01055,0.50287
CVE-2008-5890,0.00986,0.35784
CVE-2008-5891,0.01917,0.77071
CVE-2008-5892,0.01213,0.6557
CVE-2008-5893,0.01213,0.6557
CVE-2008-5894,0.02104,0.79086
CVE-2008-5895,0.00986,0.35784
CVE-2008-5896,0.04187,0.86773
CVE-2008-5897,0.04187,0.86773
CVE-2008-5898,0.04187,0.86773
CVE-2008-5899,0.04187,0.86773
CVE-2008-5900,0.04187,0.86773
CVE-2008-5901,0.04187,0.86773
CVE-2008-5902,0.06523,0.90962
CVE-2008-5903,0.06523,0.90962
CVE-2008-5904,0.04187,0.86773
CVE-2008-5905,0.03407,0.83908
CVE-2008-5906,0.03407,0.83908
CVE-2008-5907,0.01537,0.73595
CVE-2008-5908,0.00885,0.26162
CVE-2008-5909,0.0089,0.2856
CVE-2008-5910,0.0089,0.2856
CVE-2008-5911,0.05139,0.89128
CVE-2008-5912,0.13852,0.95595
CVE-2008-5913,0.02276,0.80597
CVE-2008-5914,0.01132,0.54372
CVE-2008-5915,0.01132,0.54372
CVE-2008-5916,0.01547,0.74085
CVE-2008-5917,0.01319,0.70416
CVE-2008-5918,0.01955,0.77585
CVE-2008-5919,0.01955,0.77585
CVE-2008-5920,0.01213,0.6557
CVE-2008-5921,0.00986,0.35784
CVE-2008-5922,0.04482,0.88223
CVE-2008-5923,0.00986,0.35784
CVE-2008-5924,0.01055,0.50287
CVE-2008-5925,0.01055,0.50287
CVE-2008-5926,0.00986,0.35784
CVE-2008-5927,0.00986,0.35784
CVE-2008-5928,0.01213,0.6557
CVE-2008-5929,0.04187,0.86773
CVE-2008-5930,0.01213,0.6557
CVE-2008-5931,0.01213,0.6557
CVE-2008-5932,0.04187,0.86773
CVE-2008-5933,0.01213,0.6557
CVE-2008-5934,0.01213,0.6557
CVE-2008-5935,0.01136,0.57949
CVE-2008-5936,0.01136,0.57949
CVE-2008-5937,0.04187,0.86773
CVE-2008-5938,0.01319,0.70416
CVE-2008-5939,0.01319,0.70416
CVE-2008-5940,0.01319,0.70416
CVE-2008-5941,0.01061,0.51015
CVE-2008-5942,0.01213,0.6557
CVE-2008-5943,0.04187,0.86773
CVE-2008-5944,0.01917,0.77071
CVE-2008-5945,0.04187,0.86773
CVE-2008-5946,0.00986,0.35784
CVE-2008-5947,0.04187,0.86773
CVE-2008-5948,0.04187,0.86773
CVE-2008-5949,0.04187,0.86773
CVE-2008-5950,0.01213,0.6557
CVE-2008-5951,0.01055,0.50287
CVE-2008-5952,0.01132,0.54372
CVE-2008-5953,0.04187,0.86773
CVE-2008-5954,0.01136,0.57949
CVE-2008-5955,0.00986,0.35784
CVE-2008-5956,0.01136,0.57949
CVE-2008-5957,0.00986,0.35784
CVE-2008-5958,0.028,0.82308
CVE-2008-5959,0.00986,0.35784
CVE-2008-5960,0.01055,0.50287
CVE-2008-5961,0.01055,0.50287
CVE-2008-5962,0.01213,0.6557
CVE-2008-5963,0.01213,0.6557
CVE-2008-5964,0.01408,0.72072
CVE-2008-5965,0.04482,0.88223
CVE-2008-5966,0.04187,0.86773
CVE-2008-5967,0.01136,0.57949
CVE-2008-5968,0.01055,0.50287
CVE-2008-5969,0.00986,0.35784
CVE-2008-5970,0.00986,0.35784
CVE-2008-5971,0.01917,0.77071
CVE-2008-5972,0.00986,0.35784
CVE-2008-5973,0.01136,0.57949
CVE-2008-5974,0.00986,0.35784
CVE-2008-5975,0.01136,0.57949
CVE-2008-5976,0.01917,0.77071
CVE-2008-5977,0.00986,0.35784
CVE-2008-5978,0.00986,0.35784
CVE-2008-5979,0.01213,0.6557
CVE-2008-5980,0.01136,0.57949
CVE-2008-5981,0.04187,0.86773
CVE-2008-5982,0.07777,0.92953
CVE-2008-5983,0.02172,0.79379
CVE-2008-5984,0.02172,0.79379
CVE-2008-5985,0.01755,0.75287
CVE-2008-5986,0.01592,0.74578
CVE-2008-5987,0.01592,0.74578
CVE-2008-5988,0.00986,0.35784
CVE-2008-5989,0.01963,0.77709
CVE-2008-5990,0.01963,0.77709
CVE-2008-5991,0.04187,0.86773
CVE-2008-5992,0.00986,0.35784
CVE-2008-5993,0.04187,0.86773
CVE-2008-5994,0.01136,0.57949
CVE-2008-5995,0.01213,0.6557
CVE-2008-5996,0.01132,0.54372
CVE-2008-5997,0.04187,0.86773
CVE-2008-5998,0.00986,0.35784
CVE-2008-5999,0.01061,0.51015
CVE-2008-6000,0.01592,0.74578
CVE-2008-6001,0.04187,0.86773
CVE-2008-6002,0.04482,0.88223
CVE-2008-6003,0.01055,0.50287
CVE-2008-6004,0.01055,0.50287
CVE-2008-6005,0.04679,0.88603
CVE-2008-6006,0.04187,0.86773
CVE-2008-6007,0.00986,0.35784
CVE-2008-6008,0.01136,0.57949
CVE-2008-6009,0.04187,0.86773
CVE-2008-6010,0.01136,0.57949
CVE-2008-6011,0.00986,0.35784
CVE-2008-6012,0.04187,0.86773
CVE-2008-6013,0.01213,0.6557
CVE-2008-6014,0.00986,0.35784
CVE-2008-6015,0.01055,0.50287
CVE-2008-6016,0.01055,0.50287
CVE-2008-6017,0.00986,0.35784
CVE-2008-6018,0.01963,0.77709
CVE-2008-6019,0.00986,0.35784
CVE-2008-6020,0.01408,0.72072
CVE-2008-6021,0.00954,0.34522
CVE-2008-6022,0.01136,0.57949
CVE-2008-6023,0.01213,0.6557
CVE-2008-6024,0.01319,0.70416
CVE-2008-6025,0.02104,0.79086
CVE-2008-6026,0.00986,0.35784
CVE-2008-6027,0.01213,0.6557
CVE-2008-6028,0.00986,0.35784
CVE-2008-6029,0.00986,0.35784
CVE-2008-6030,0.00986,0.35784
CVE-2008-6031,0.00986,0.35784
CVE-2008-6032,0.00986,0.35784
CVE-2008-6033,0.00986,0.35784
CVE-2008-6034,0.01917,0.77071
CVE-2008-6035,0.01136,0.57949
CVE-2008-6036,0.04482,0.88223
CVE-2008-6037,0.00986,0.35784
CVE-2008-6038,0.00986,0.35784
CVE-2008-6039,0.04482,0.88223
CVE-2008-6040,0.01213,0.6557
CVE-2008-6041,0.01136,0.57949
CVE-2008-6042,0.00986,0.35784
CVE-2008-6043,0.00986,0.35784
CVE-2008-6044,0.01917,0.77071
CVE-2008-6045,0.04482,0.88223
CVE-2008-6046,0.01136,0.57949
CVE-2008-6047,0.01136,0.57949
CVE-2008-6048,0.01061,0.51015
CVE-2008-6050,0.00986,0.35784
CVE-2008-6051,0.01055,0.50287
CVE-2008-6052,0.01136,0.57949
CVE-2008-6053,0.01136,0.57949
CVE-2008-6054,0.01136,0.57949
CVE-2008-6055,0.01055,0.50287
CVE-2008-6056,0.01136,0.57949
CVE-2008-6057,0.01055,0.50287
CVE-2008-6058,0.01213,0.6557
CVE-2008-6059,0.01213,0.6557
CVE-2008-6060,0.01917,0.77071
CVE-2008-6061,0.02945,0.82784
CVE-2008-6062,0.01213,0.6557
CVE-2008-6063,0.06956,0.91856
CVE-2008-6064,0.00986,0.35784
CVE-2008-6065,0.06599,0.9099
CVE-2008-6066,0.04187,0.86773
CVE-2008-6068,0.00986,0.35784
CVE-2008-6069,0.01136,0.57949
CVE-2008-6070,0.04967,0.88981
CVE-2008-6071,0.05139,0.89128
CVE-2008-6072,0.01319,0.70416
CVE-2008-6073,0.00885,0.26162
CVE-2008-6074,0.04482,0.88223
CVE-2008-6075,0.00986,0.35784
CVE-2008-6076,0.00986,0.35784
CVE-2008-6077,0.00986,0.35784
CVE-2008-6078,0.00986,0.35784
CVE-2008-6079,0.01537,0.73595
CVE-2008-6080,0.04187,0.86773
CVE-2008-6081,0.00986,0.35784
CVE-2008-6082,0.65919,0.98992
CVE-2008-6083,0.04187,0.86773
CVE-2008-6084,0.04187,0.86773
CVE-2008-6085,0.07525,0.92398
CVE-2008-6086,0.01213,0.6557
CVE-2008-6087,0.01213,0.6557
CVE-2008-6088,0.00986,0.35784
CVE-2008-6089,0.04187,0.86773
CVE-2008-6090,0.04187,0.86773
CVE-2008-6091,0.00986,0.35784
CVE-2008-6092,0.04187,0.86773
CVE-2008-6093,0.00986,0.35784
CVE-2008-6094,0.01917,0.77071
CVE-2008-6095,0.01213,0.6557
CVE-2008-6096,0.01213,0.6557
CVE-2008-6097,0.02945,0.82784
CVE-2008-6098,0.01315,0.67456
CVE-2008-6099,0.04482,0.88223
CVE-2008-6100,0.00986,0.35784
CVE-2008-6101,0.01139,0.58345
CVE-2008-6102,0.00986,0.35784
CVE-2008-6103,0.04187,0.86773
CVE-2008-6104,0.00986,0.35784
CVE-2008-6105,0.01213,0.6557
CVE-2008-6106,0.00954,0.34522
CVE-2008-6107,0.01104,0.52279
CVE-2008-6108,0.01055,0.50287
CVE-2008-6109,0.0095,0.30554
CVE-2008-6110,0.00885,0.26162
CVE-2008-6111,0.00986,0.35784
CVE-2008-6112,0.04482,0.88223
CVE-2008-6113,0.01213,0.6557
CVE-2008-6114,0.00986,0.35784
CVE-2008-6115,0.00986,0.35784
CVE-2008-6116,0.00986,0.35784
CVE-2008-6117,0.00986,0.35784
CVE-2008-6118,0.04482,0.88223
CVE-2008-6119,0.01136,0.57949
CVE-2008-6120,0.01136,0.57949
CVE-2008-6121,0.01136,0.57949
CVE-2008-6122,0.04482,0.88223
CVE-2008-6123,0.03779,0.84781
CVE-2008-6124,0.01136,0.57949
CVE-2008-6125,0.01055,0.50287
CVE-2008-6126,0.01213,0.6557
CVE-2008-6127,0.01213,0.6557
CVE-2008-6128,0.01213,0.6557
CVE-2008-6129,0.01319,0.70416
CVE-2008-6130,0.01319,0.70416
CVE-2008-6131,0.01232,0.66248
CVE-2008-6132,0.77057,0.99376
CVE-2008-6133,0.00986,0.35784
CVE-2008-6134,0.01213,0.6557
CVE-2008-6135,0.01213,0.6557
CVE-2008-6136,0.01213,0.6557
CVE-2008-6137,0.01213,0.6557
CVE-2008-6138,0.01136,0.57949
CVE-2008-6139,0.01136,0.57949
CVE-2008-6140,0.01213,0.6557
CVE-2008-6141,0.01319,0.70416
CVE-2008-6142,0.00986,0.35784
CVE-2008-6143,0.04187,0.86773
CVE-2008-6144,0.01213,0.6557
CVE-2008-6145,0.01213,0.6557
CVE-2008-6146,0.00986,0.35784
CVE-2008-6147,0.04187,0.86773
CVE-2008-6148,0.00986,0.35784
CVE-2008-6149,0.01139,0.58345
CVE-2008-6150,0.01213,0.6557
CVE-2008-6151,0.00986,0.35784
CVE-2008-6152,0.00986,0.35784
CVE-2008-6153,0.00986,0.35784
CVE-2008-6154,0.01213,0.6557
CVE-2008-6155,0.01055,0.50287
CVE-2008-6156,0.00986,0.35784
CVE-2008-6157,0.00954,0.34522
CVE-2008-6158,0.04187,0.86773
CVE-2008-6159,0.01213,0.6557
CVE-2008-6160,0.01213,0.6557
CVE-2008-6161,0.01136,0.57949
CVE-2008-6162,0.04187,0.86773
CVE-2008-6163,0.00986,0.35784
CVE-2008-6164,0.01917,0.77071
CVE-2008-6165,0.00986,0.35784
CVE-2008-6166,0.00986,0.35784
CVE-2008-6167,0.01136,0.57949
CVE-2008-6168,0.01136,0.57949
CVE-2008-6169,0.01136,0.57949
CVE-2008-6170,0.01315,0.67456
CVE-2008-6171,0.01776,0.75902
CVE-2008-6172,0.01963,0.77709
CVE-2008-6173,0.01917,0.77071
CVE-2008-6174,0.01917,0.77071
CVE-2008-6175,0.04187,0.86773
CVE-2008-6177,0.01963,0.77709
CVE-2008-6178,0.07687,0.92751
CVE-2008-6179,0.00986,0.35784
CVE-2008-6180,0.028,0.82308
CVE-2008-6181,0.01139,0.58345
CVE-2008-6182,0.00986,0.35784
CVE-2008-6183,0.04482,0.88223
CVE-2008-6184,0.00986,0.35784
CVE-2008-6185,0.04482,0.88223
CVE-2008-6186,0.05714,0.89838
CVE-2008-6187,0.01213,0.6557
CVE-2008-6188,0.00986,0.35784
CVE-2008-6189,0.01136,0.57949
CVE-2008-6190,0.01136,0.57949
CVE-2008-6191,0.0095,0.30554
CVE-2008-6192,0.01319,0.70416
CVE-2008-6193,0.00885,0.26162
CVE-2008-6194,0.09772,0.94058
CVE-2008-6195,0.04187,0.86773
CVE-2008-6196,0.04187,0.86773
CVE-2008-6197,0.00986,0.35784
CVE-2008-6198,0.00986,0.35784
CVE-2008-6199,0.04187,0.86773
CVE-2008-6200,0.01917,0.77071
CVE-2008-6201,0.0323,0.83449
CVE-2008-6202,0.00986,0.35784
CVE-2008-6203,0.00986,0.35784
CVE-2008-6204,0.00986,0.35784
CVE-2008-6205,0.01917,0.77071
CVE-2008-6206,0.04187,0.86773
CVE-2008-6207,0.04679,0.88603
CVE-2008-6208,0.01136,0.57949
CVE-2008-6209,0.00986,0.35784
CVE-2008-6210,0.00986,0.35784
CVE-2008-6211,0.01917,0.77071
CVE-2008-6212,0.01917,0.77071
CVE-2008-6213,0.01139,0.58345
CVE-2008-6214,0.00986,0.35784
CVE-2008-6215,0.01213,0.6557
CVE-2008-6216,0.01319,0.70416
CVE-2008-6217,0.01917,0.77071
CVE-2008-6218,0.02686,0.82061
CVE-2008-6219,0.01408,0.72072
CVE-2008-6220,0.01213,0.6557
CVE-2008-6221,0.04482,0.88223
CVE-2008-6222,0.04187,0.86773
CVE-2008-6223,0.01213,0.6557
CVE-2008-6224,0.01213,0.6557
CVE-2008-6225,0.01139,0.58345
CVE-2008-6226,0.00986,0.35784
CVE-2008-6227,0.01213,0.6557
CVE-2008-6228,0.01136,0.57949
CVE-2008-6229,0.01232,0.66248
CVE-2008-6230,0.00986,0.35784
CVE-2008-6231,0.01213,0.6557
CVE-2008-6232,0.01213,0.6557
CVE-2008-6233,0.00986,0.35784
CVE-2008-6234,0.00986,0.35784
CVE-2008-6235,0.01537,0.73595
CVE-2008-6236,0.01213,0.6557
CVE-2008-6237,0.00986,0.35784
CVE-2008-6238,0.01213,0.6557
CVE-2008-6239,0.01213,0.6557
CVE-2008-6240,0.01213,0.6557
CVE-2008-6241,0.00986,0.35784
CVE-2008-6242,0.00986,0.35784
CVE-2008-6243,0.00986,0.35784
CVE-2008-6244,0.00986,0.35784
CVE-2008-6245,0.00986,0.35784
CVE-2008-6246,0.00986,0.35784
CVE-2008-6247,0.00986,0.35784
CVE-2008-6248,0.01213,0.6557
CVE-2008-6249,0.01213,0.6557
CVE-2008-6250,0.01139,0.58345
CVE-2008-6251,0.04482,0.88223
CVE-2008-6252,0.0247,0.80855
CVE-2008-6253,0.0679,0.91793
CVE-2008-6254,0.00986,0.35784
CVE-2008-6255,0.01132,0.54372
CVE-2008-6256,0.01132,0.54372
CVE-2008-6257,0.00986,0.35784
CVE-2008-6258,0.01213,0.6557
CVE-2008-6259,0.01213,0.6557
CVE-2008-6260,0.00986,0.35784
CVE-2008-6261,0.00986,0.35784
CVE-2008-6262,0.01055,0.50287
CVE-2008-6263,0.01213,0.6557
CVE-2008-6264,0.00986,0.35784
CVE-2008-6265,0.01963,0.77709
CVE-2008-6266,0.00986,0.35784
CVE-2008-6267,0.01136,0.57949
CVE-2008-6268,0.01213,0.6557
CVE-2008-6269,0.04482,0.88223
CVE-2008-6270,0.01213,0.6557
CVE-2008-6271,0.01963,0.77709
CVE-2008-6272,0.01055,0.50287
CVE-2008-6273,0.01055,0.50287
CVE-2008-6274,0.00986,0.35784
CVE-2008-6275,0.01213,0.6557
CVE-2008-6276,0.01132,0.54372
CVE-2008-6277,0.00986,0.35784
CVE-2008-6278,0.01917,0.77071
CVE-2008-6279,0.04187,0.86773
CVE-2008-6280,0.01917,0.77071
CVE-2008-6281,0.00986,0.35784
CVE-2008-6282,0.01139,0.58345
CVE-2008-6283,0.01319,0.70416
CVE-2008-6284,0.00986,0.35784
CVE-2008-6285,0.00986,0.35784
CVE-2008-6286,0.00986,0.35784
CVE-2008-6287,0.04187,0.86773
CVE-2008-6288,0.04187,0.86773
CVE-2008-6289,0.00986,0.35784
CVE-2008-6290,0.01963,0.77709
CVE-2008-6291,0.04187,0.86773
CVE-2008-6292,0.01213,0.6557
CVE-2008-6293,0.01213,0.6557
CVE-2008-6294,0.01213,0.6557
CVE-2008-6295,0.01213,0.6557
CVE-2008-6296,0.04187,0.86773
CVE-2008-6297,0.01917,0.77071
CVE-2008-6298,0.01319,0.70416
CVE-2008-6299,0.01232,0.66248
CVE-2008-6300,0.04187,0.86773
CVE-2008-6301,0.00986,0.35784
CVE-2008-6302,0.04187,0.86773
CVE-2008-6303,0.00986,0.35784
CVE-2008-6304,0.01213,0.6557
CVE-2008-6305,0.04187,0.86773
CVE-2008-6306,0.01917,0.77071
CVE-2008-6307,0.04482,0.88223
CVE-2008-6308,0.04482,0.88223
CVE-2008-6309,0.01213,0.6557
CVE-2008-6310,0.01213,0.6557
CVE-2008-6311,0.01136,0.57949
CVE-2008-6312,0.01136,0.57949
CVE-2008-6313,0.04187,0.86773
CVE-2008-6314,0.00986,0.35784
CVE-2008-6315,0.01055,0.50287
CVE-2008-6316,0.01136,0.57949
CVE-2008-6317,0.01136,0.57949
CVE-2008-6318,0.01055,0.50287
CVE-2008-6319,0.00986,0.35784
CVE-2008-6320,0.01136,0.57949
CVE-2008-6321,0.01055,0.50287
CVE-2008-6322,0.00986,0.35784
CVE-2008-6323,0.00986,0.35784
CVE-2008-6324,0.00986,0.35784
CVE-2008-6325,0.01917,0.77071
CVE-2008-6326,0.01136,0.57949
CVE-2008-6327,0.01136,0.57949
CVE-2008-6328,0.01213,0.6557
CVE-2008-6329,0.00986,0.35784
CVE-2008-6330,0.00986,0.35784
CVE-2008-6331,0.01132,0.54372
CVE-2008-6332,0.01213,0.6557
CVE-2008-6333,0.00986,0.35784
CVE-2008-6334,0.04187,0.86773
CVE-2008-6335,0.04187,0.86773
CVE-2008-6336,0.04187,0.86773
CVE-2008-6337,0.00986,0.35784
CVE-2008-6338,0.01213,0.6557
CVE-2008-6340,0.01213,0.6557
CVE-2008-6341,0.01055,0.50287
CVE-2008-6342,0.01136,0.57949
CVE-2008-6343,0.01055,0.50287
CVE-2008-6344,0.01055,0.50287
CVE-2008-6345,0.00986,0.35784
CVE-2008-6346,0.01055,0.50287
CVE-2008-6347,0.04187,0.86773
CVE-2008-6348,0.00986,0.35784
CVE-2008-6349,0.00986,0.35784
CVE-2008-6350,0.01213,0.6557
CVE-2008-6351,0.01213,0.6557
CVE-2008-6352,0.00986,0.35784
CVE-2008-6353,0.00986,0.35784
CVE-2008-6354,0.04187,0.86773
CVE-2008-6355,0.04187,0.86773
CVE-2008-6356,0.04187,0.86773
CVE-2008-6357,0.04187,0.86773
CVE-2008-6358,0.00986,0.35784
CVE-2008-6359,0.04894,0.88891
CVE-2008-6360,0.01213,0.6557
CVE-2008-6361,0.01963,0.77709
CVE-2008-6362,0.00986,0.35784
CVE-2008-6363,0.07437,0.92309
CVE-2008-6364,0.00986,0.35784
CVE-2008-6365,0.00986,0.35784
CVE-2008-6366,0.00986,0.35784
CVE-2008-6367,0.05532,0.89536
CVE-2008-6368,0.01213,0.6557
CVE-2008-6369,0.01213,0.6557
CVE-2008-6370,0.01213,0.6557
CVE-2008-6371,0.01213,0.6557
CVE-2008-6372,0.00986,0.35784
CVE-2008-6373,0.01537,0.73595
CVE-2008-6374,0.04187,0.86773
CVE-2008-6375,0.01055,0.50287
CVE-2008-6376,0.01136,0.57949
CVE-2008-6377,0.04187,0.86773
CVE-2008-6378,0.00986,0.35784
CVE-2008-6379,0.00986,0.35784
CVE-2008-6380,0.00986,0.35784
CVE-2008-6381,0.00986,0.35784
CVE-2008-6382,0.04187,0.86773
CVE-2008-6383,0.01132,0.54372
CVE-2008-6384,0.01213,0.6557
CVE-2008-6385,0.01917,0.77071
CVE-2008-6386,0.01917,0.77071
CVE-2008-6387,0.04187,0.86773
CVE-2008-6388,0.04187,0.86773
CVE-2008-6389,0.00986,0.35784
CVE-2008-6390,0.01213,0.6557
CVE-2008-6391,0.01055,0.50287
CVE-2008-6392,0.00986,0.35784
CVE-2008-6393,0.37385,0.97829
CVE-2008-6394,0.01139,0.58345
CVE-2008-6395,0.01213,0.6557
CVE-2008-6396,0.01917,0.77071
CVE-2008-6397,0.0095,0.30554
CVE-2008-6398,0.0095,0.30554
CVE-2008-6399,0.01213,0.6557
CVE-2008-6400,0.01213,0.6557
CVE-2008-6401,0.00986,0.35784
CVE-2008-6402,0.04187,0.86773
CVE-2008-6403,0.04187,0.86773
CVE-2008-6404,0.01917,0.77071
CVE-2008-6405,0.00986,0.35784
CVE-2008-6406,0.01917,0.77071
CVE-2008-6407,0.01136,0.57949
CVE-2008-6408,0.01213,0.6557
CVE-2008-6409,0.01055,0.50287
CVE-2008-6410,0.04187,0.86773
CVE-2008-6411,0.04187,0.86773
CVE-2008-6412,0.01108,0.53389
CVE-2008-6413,0.01213,0.6557
CVE-2008-6414,0.00986,0.35784
CVE-2008-6415,0.06523,0.90962
CVE-2008-6416,0.01213,0.6557
CVE-2008-6417,0.01018,0.38792
CVE-2008-6418,0.01139,0.58345
CVE-2008-6419,0.01319,0.70416
CVE-2008-6420,0.0679,0.91793
CVE-2008-6421,0.04482,0.88223
CVE-2008-6422,0.01139,0.58345
CVE-2008-6423,0.04482,0.88223
CVE-2008-6424,0.01108,0.53389
CVE-2008-6425,0.01139,0.58345
CVE-2008-6427,0.028,0.82308
CVE-2008-6428,0.01213,0.6557
CVE-2008-6429,0.00986,0.35784
CVE-2008-6430,0.00986,0.35784
CVE-2008-6431,0.02945,0.82784
CVE-2008-6433,0.01213,0.6557
CVE-2008-6434,0.01213,0.6557
CVE-2008-6435,0.01917,0.77071
CVE-2008-6436,0.01319,0.70416
CVE-2008-6437,0.02945,0.82784
CVE-2008-6438,0.04386,0.87542
CVE-2008-6439,0.01917,0.77071
CVE-2008-6440,0.01136,0.57949
CVE-2008-6441,0.02768,0.82197
CVE-2008-6442,0.01963,0.77709
CVE-2008-6443,0.00986,0.35784
CVE-2008-6444,0.06523,0.90962
CVE-2008-6445,0.01018,0.38792
CVE-2008-6446,0.04187,0.86773
CVE-2008-6447,0.07437,0.92309
CVE-2008-6448,0.01213,0.6557
CVE-2008-6449,0.01213,0.6557
CVE-2008-6450,0.01213,0.6557
CVE-2008-6451,0.00986,0.35784
CVE-2008-6452,0.00986,0.35784
CVE-2008-6453,0.04187,0.86773
CVE-2008-6454,0.00986,0.35784
CVE-2008-6455,0.01213,0.6557
CVE-2008-6456,0.01213,0.6557
CVE-2008-6457,0.01213,0.6557
CVE-2008-6458,0.01213,0.6557
CVE-2008-6459,0.01213,0.6557
CVE-2008-6460,0.01213,0.6557
CVE-2008-6461,0.01213,0.6557
CVE-2008-6462,0.01213,0.6557
CVE-2008-6463,0.01136,0.57949
CVE-2008-6464,0.00986,0.35784
CVE-2008-6465,0.01319,0.70416
CVE-2008-6466,0.00986,0.35784
CVE-2008-6467,0.00986,0.35784
CVE-2008-6468,0.00986,0.35784
CVE-2008-6469,0.00986,0.35784
CVE-2008-6470,0.01319,0.70416
CVE-2008-6471,0.00986,0.35784
CVE-2008-6472,0.01408,0.72072
CVE-2008-6473,0.04187,0.86773
CVE-2008-6474,0.01132,0.54372
CVE-2008-6475,0.00986,0.35784
CVE-2008-6476,0.01917,0.77071
CVE-2008-6477,0.00986,0.35784
CVE-2008-6478,0.0679,0.91793
CVE-2008-6479,0.0679,0.91793
CVE-2008-6480,0.01136,0.57949
CVE-2008-6481,0.00986,0.35784
CVE-2008-6482,0.04482,0.88223
CVE-2008-6483,0.04187,0.86773
CVE-2008-6484,0.00986,0.35784
CVE-2008-6485,0.01136,0.57949
CVE-2008-6486,0.01213,0.6557
CVE-2008-6487,0.00986,0.35784
CVE-2008-6488,0.01136,0.57949
CVE-2008-6489,0.00986,0.35784
CVE-2008-6490,0.07687,0.92751
CVE-2008-6491,0.04187,0.86773
CVE-2008-6492,0.07437,0.92309
CVE-2008-6493,0.04187,0.86773
CVE-2008-6494,0.04187,0.86773
CVE-2008-6495,0.01917,0.77071
CVE-2008-6496,0.01963,0.77709
CVE-2008-6497,0.0679,0.91793
CVE-2008-6498,0.04187,0.86773
CVE-2008-6499,0.01055,0.50287
CVE-2008-6500,0.01917,0.77071
CVE-2008-6501,0.01213,0.6557
CVE-2008-6502,0.01132,0.54372
CVE-2008-6503,0.01917,0.77071
CVE-2008-6504,0.33043,0.97543
CVE-2008-6505,0.25706,0.96886
CVE-2008-6506,0.01108,0.53389
CVE-2008-6507,0.01018,0.38792
CVE-2008-6508,0.80096,0.99484
CVE-2008-6509,0.02172,0.79917
CVE-2008-6510,0.01319,0.70416
CVE-2008-6511,0.01136,0.57949
CVE-2008-6512,0.01319,0.70416
CVE-2008-6513,0.07437,0.92309
CVE-2008-6514,0.01282,0.67298
CVE-2008-6515,0.01917,0.77071
CVE-2008-6516,0.04187,0.86773
CVE-2008-6517,0.00986,0.35784
CVE-2008-6518,0.06262,0.90346
CVE-2008-6519,0.06211,0.90307
CVE-2008-6520,0.04291,0.87022
CVE-2008-6521,0.01055,0.50287
CVE-2008-6522,0.01963,0.77709
CVE-2008-6523,0.01136,0.57949
CVE-2008-6524,0.01132,0.54372
CVE-2008-6525,0.00986,0.35784
CVE-2008-6526,0.00986,0.35784
CVE-2008-6527,0.00986,0.35784
CVE-2008-6528,0.0679,0.91793
CVE-2008-6529,0.01136,0.57949
CVE-2008-6530,0.01061,0.51015
CVE-2008-6531,0.01213,0.6557
CVE-2008-6532,0.01408,0.72072
CVE-2008-6533,0.01408,0.72072
CVE-2008-6534,0.0629,0.90361
CVE-2008-6535,0.04187,0.86773
CVE-2008-6536,0.01183,0.60428
CVE-2008-6537,0.04187,0.86773
CVE-2008-6538,0.04187,0.86773
CVE-2008-6539,0.04187,0.86773
CVE-2008-6540,0.0679,0.91793
CVE-2008-6541,0.01018,0.38792
CVE-2008-6542,0.05302,0.89375
CVE-2008-6543,0.04187,0.86773
CVE-2008-6544,0.0679,0.91793
CVE-2008-6545,0.04187,0.86773
CVE-2008-6546,0.00885,0.26162
CVE-2008-6547,0.01183,0.60428
CVE-2008-6548,0.00954,0.34522
CVE-2008-6549,0.01136,0.57949
CVE-2008-6550,0.01917,0.77071
CVE-2008-6551,0.04187,0.86773
CVE-2008-6552,0.01547,0.74085
CVE-2008-6553,0.04187,0.86773
CVE-2008-6554,0.01319,0.70416
CVE-2008-6555,0.04187,0.86773
CVE-2008-6556,0.01213,0.6557
CVE-2008-6557,0.01213,0.6557
CVE-2008-6558,0.01924,0.77129
CVE-2008-6559,0.01761,0.7555
CVE-2008-6560,0.01108,0.53389
CVE-2008-6561,0.0095,0.30554
CVE-2008-6562,0.01917,0.77071
CVE-2008-6563,0.06006,0.90134
CVE-2008-6564,0.01319,0.70416
CVE-2008-6565,0.01917,0.77071
CVE-2008-6566,0.00885,0.26162
CVE-2008-6567,0.01213,0.6557
CVE-2008-6568,0.039,0.84954
CVE-2008-6569,0.01408,0.72072
CVE-2008-6570,0.01408,0.72072
CVE-2008-6571,0.01213,0.6557
CVE-2008-6572,0.00986,0.35784
CVE-2008-6573,0.01815,0.76117
CVE-2008-6574,0.01213,0.6557
CVE-2008-6575,0.01132,0.54372
CVE-2008-6576,0.01319,0.70416
CVE-2008-6577,0.01319,0.70416
CVE-2008-6578,0.01319,0.70416
CVE-2008-6579,0.01319,0.70416
CVE-2008-6580,0.04187,0.86773
CVE-2008-6581,0.0679,0.91793
CVE-2008-6582,0.01213,0.6557
CVE-2008-6583,0.06006,0.90134
CVE-2008-6584,0.05302,0.89375
CVE-2008-6585,0.04482,0.88223
CVE-2008-6586,0.04187,0.86773
CVE-2008-6587,0.01136,0.57949
CVE-2008-6588,0.01213,0.6557
CVE-2008-6589,0.01319,0.70416
CVE-2008-6590,0.01319,0.70416
CVE-2008-6591,0.01213,0.6557
CVE-2008-6592,0.01319,0.70416
CVE-2008-6593,0.01319,0.70416
CVE-2008-6594,0.01136,0.57949
CVE-2008-6595,0.01136,0.57949
CVE-2008-6596,0.00986,0.35784
CVE-2008-6597,0.01917,0.77071
CVE-2008-6598,0.00954,0.34522
CVE-2008-6599,0.01213,0.6557
CVE-2008-6600,0.01055,0.50287
CVE-2008-6601,0.01213,0.6557
CVE-2008-6602,0.01018,0.38792
CVE-2008-6603,0.01408,0.72072
CVE-2008-6604,0.04187,0.86773
CVE-2008-6605,0.04187,0.86773
CVE-2008-6606,0.00986,0.35784
CVE-2008-6607,0.01055,0.50287
CVE-2008-6608,0.01139,0.58345
CVE-2008-6609,0.01917,0.77071
CVE-2008-6610,0.01055,0.50287
CVE-2008-6611,0.01319,0.70416
CVE-2008-6612,0.06309,0.90494
CVE-2008-6613,0.01213,0.6557
CVE-2008-6614,0.01408,0.72072
CVE-2008-6615,0.00986,0.35784
CVE-2008-6616,0.01917,0.77071
CVE-2008-6617,0.07437,0.92309
CVE-2008-6618,0.04386,0.87542
CVE-2008-6619,0.11409,0.94831
CVE-2008-6620,0.01917,0.77071
CVE-2008-6621,0.01213,0.6557
CVE-2008-6622,0.00986,0.35784
CVE-2008-6623,0.00986,0.35784
CVE-2008-6624,0.00986,0.35784
CVE-2008-6625,0.00986,0.35784
CVE-2008-6626,0.00986,0.35784
CVE-2008-6627,0.00986,0.35784
CVE-2008-6629,0.01136,0.57949
CVE-2008-6630,0.01213,0.6557
CVE-2008-6631,0.02945,0.82784
CVE-2008-6632,0.00986,0.35784
CVE-2008-6633,0.01139,0.58345
CVE-2008-6634,0.00986,0.35784
CVE-2008-6635,0.01213,0.6557
CVE-2008-6636,0.01136,0.57949
CVE-2008-6637,0.02945,0.82784
CVE-2008-6638,0.01213,0.6557
CVE-2008-6639,0.01213,0.6557
CVE-2008-6640,0.00986,0.35784
CVE-2008-6641,0.00986,0.35784
CVE-2008-6642,0.00986,0.35784
CVE-2008-6643,0.04187,0.86773
CVE-2008-6644,0.01917,0.77071
CVE-2008-6645,0.01136,0.57949
CVE-2008-6646,0.01136,0.57949
CVE-2008-6647,0.01213,0.6557
CVE-2008-6648,0.01213,0.6557
CVE-2008-6649,0.01213,0.6557
CVE-2008-6650,0.04187,0.86773
CVE-2008-6651,0.04187,0.86773
CVE-2008-6652,0.00986,0.35784
CVE-2008-6653,0.00986,0.35784
CVE-2008-6654,0.01213,0.6557
CVE-2008-6655,0.01917,0.77071
CVE-2008-6656,0.01139,0.58345
CVE-2008-6657,0.01319,0.70416
CVE-2008-6658,0.01061,0.51015
CVE-2008-6659,0.06262,0.90346
CVE-2008-6660,0.07437,0.92309
CVE-2008-6661,0.05139,0.89128
CVE-2008-6662,0.04967,0.88981
CVE-2008-6663,0.00986,0.35784
CVE-2008-6664,0.04187,0.86773
CVE-2008-6665,0.04187,0.86773
CVE-2008-6666,0.01319,0.70416
CVE-2008-6667,0.04187,0.86773
CVE-2008-6668,0.01213,0.6557
CVE-2008-6669,0.06523,0.90962
CVE-2008-6670,0.0679,0.91793
CVE-2008-6671,0.01319,0.70416
CVE-2008-6672,0.01319,0.70416
CVE-2008-6673,0.01213,0.6557
CVE-2008-6674,0.01213,0.6557
CVE-2008-6675,0.01319,0.70416
CVE-2008-6676,0.01319,0.70416
CVE-2008-6677,0.06523,0.90962
CVE-2008-6678,0.01319,0.70416
CVE-2008-6679,0.08228,0.93218
CVE-2008-6680,0.02172,0.79917
CVE-2008-6681,0.01213,0.6557
CVE-2008-6682,0.0424,0.86863
CVE-2008-6683,0.01136,0.57949
CVE-2008-6684,0.06309,0.90494
CVE-2008-6685,0.01136,0.57949
CVE-2008-6686,0.01213,0.6557
CVE-2008-6687,0.01319,0.70416
CVE-2008-6688,0.01213,0.6557
CVE-2008-6689,0.01136,0.57949
CVE-2008-6690,0.01213,0.6557
CVE-2008-6691,0.01213,0.6557
CVE-2008-6692,0.01213,0.6557
CVE-2008-6693,0.01213,0.6557
CVE-2008-6694,0.01213,0.6557
CVE-2008-6695,0.01319,0.70416
CVE-2008-6696,0.01213,0.6557
CVE-2008-6697,0.01213,0.6557
CVE-2008-6698,0.01213,0.6557
CVE-2008-6699,0.01213,0.6557
CVE-2008-6700,0.01136,0.57949
CVE-2008-6701,0.01213,0.6557
CVE-2008-6702,0.0679,0.91793
CVE-2008-6703,0.15607,0.95873
CVE-2008-6704,0.01319,0.70416
CVE-2008-6705,0.01319,0.70416
CVE-2008-6706,0.03779,0.84781
CVE-2008-6707,0.04358,0.87435
CVE-2008-6708,0.01232,0.66248
CVE-2008-6709,0.01232,0.66248
CVE-2008-6710,0.01232,0.66248
CVE-2008-6711,0.01232,0.66248
CVE-2008-6712,0.0679,0.91793
CVE-2008-6713,0.0679,0.91793
CVE-2008-6714,0.04187,0.86773
CVE-2008-6715,0.01136,0.57949
CVE-2008-6716,0.01136,0.57949
CVE-2008-6717,0.04187,0.86773
CVE-2008-6718,0.04187,0.86773
CVE-2008-6719,0.04187,0.86773
CVE-2008-6720,0.00986,0.35784
CVE-2008-6721,0.00986,0.35784
CVE-2008-6722,0.01018,0.38792
CVE-2008-6723,0.04482,0.88223
CVE-2008-6724,0.01213,0.6557
CVE-2008-6725,0.01232,0.66248
CVE-2008-6726,0.01232,0.66248
CVE-2008-6727,0.01917,0.77071
CVE-2008-6728,0.01136,0.57949
CVE-2008-6729,0.04187,0.86773
CVE-2008-6730,0.00986,0.35784
CVE-2008-6731,0.04482,0.88223
CVE-2008-6732,0.01213,0.6557
CVE-2008-6733,0.01213,0.6557
CVE-2008-6734,0.04187,0.86773
CVE-2008-6735,0.04187,0.86773
CVE-2008-6736,0.04187,0.86773
CVE-2008-6737,0.04482,0.88223
CVE-2008-6738,0.04187,0.86773
CVE-2008-6739,0.04187,0.86773
CVE-2008-6740,0.04187,0.86773
CVE-2008-6741,0.00986,0.35784
CVE-2008-6742,0.01963,0.77709
CVE-2008-6743,0.04482,0.88223
CVE-2008-6744,0.01319,0.70416
CVE-2008-6745,0.04187,0.86773
CVE-2008-6746,0.01213,0.6557
CVE-2008-6747,0.01213,0.6557
CVE-2008-6748,0.0679,0.91793
CVE-2008-6749,0.01213,0.6557
CVE-2008-6750,0.06309,0.90494
CVE-2008-6751,0.07437,0.92309
CVE-2008-6752,0.04187,0.86773
CVE-2008-6753,0.01213,0.6557
CVE-2008-6754,0.01132,0.54372
CVE-2008-6755,0.01136,0.57949
CVE-2008-6756,0.00885,0.26162
CVE-2008-6757,0.01917,0.77071
CVE-2008-6758,0.01319,0.70416
CVE-2008-6759,0.01213,0.6557
CVE-2008-6760,0.01213,0.6557
CVE-2008-6761,0.01055,0.50287
CVE-2008-6762,0.01213,0.6557
CVE-2008-6763,0.04482,0.88223
CVE-2008-6764,0.01917,0.77071
CVE-2008-6765,0.01136,0.57949
CVE-2008-6766,0.01136,0.57949
CVE-2008-6767,0.01136,0.57949
CVE-2008-6768,0.04482,0.88223
CVE-2008-6769,0.05302,0.89375
CVE-2008-6770,0.01213,0.6557
CVE-2008-6771,0.01213,0.6557
CVE-2008-6772,0.01213,0.6557
CVE-2008-6773,0.01132,0.54372
CVE-2008-6774,0.04679,0.88603
CVE-2008-6775,0.04482,0.88223
CVE-2008-6776,0.00986,0.35784
CVE-2008-6777,0.00986,0.35784
CVE-2008-6778,0.00986,0.35784
CVE-2008-6779,0.00986,0.35784
CVE-2008-6780,0.00986,0.35784
CVE-2008-6781,0.01139,0.58345
CVE-2008-6782,0.00986,0.35784
CVE-2008-6783,0.00986,0.35784
CVE-2008-6784,0.00986,0.35784
CVE-2008-6785,0.05349,0.89417
CVE-2008-6786,0.01319,0.70416
CVE-2008-6787,0.00986,0.35784
CVE-2008-6788,0.01213,0.6557
CVE-2008-6789,0.01213,0.6557
CVE-2008-6790,0.01136,0.57949
CVE-2008-6791,0.04187,0.86773
CVE-2008-6792,0.01018,0.38792
CVE-2008-6793,0.07197,0.92068
CVE-2008-6794,0.00986,0.35784
CVE-2008-6795,0.00986,0.35784
CVE-2008-6796,0.00986,0.35784
CVE-2008-6797,0.01136,0.57949
CVE-2008-6798,0.01136,0.57949
CVE-2008-6799,0.0679,0.91793
CVE-2008-6801,0.01213,0.6557
CVE-2008-6802,0.00986,0.35784
CVE-2008-6803,0.00986,0.35784
CVE-2008-6804,0.04187,0.86773
CVE-2008-6805,0.01139,0.58345
CVE-2008-6806,0.07437,0.92309
CVE-2008-6807,0.04187,0.86773
CVE-2008-6808,0.00986,0.35784
CVE-2008-6809,0.00986,0.35784
CVE-2008-6810,0.00986,0.35784
CVE-2008-6811,0.07437,0.92309
CVE-2008-6812,0.00986,0.35784
CVE-2008-6813,0.00986,0.35784
CVE-2008-6814,0.07437,0.92309
CVE-2008-6815,0.04187,0.86773
CVE-2008-6816,0.07777,0.92953
CVE-2008-6817,0.00885,0.26162
CVE-2008-6818,0.00885,0.26162
CVE-2008-6819,0.01297,0.67316
CVE-2008-6820,0.01108,0.53389
CVE-2008-6821,0.03275,0.83521
CVE-2008-6822,0.07687,0.92751
CVE-2008-6823,0.01955,0.77585
CVE-2008-6824,0.01213,0.6557
CVE-2008-6825,0.47604,0.98458
CVE-2008-6826,0.04482,0.88223
CVE-2008-6827,0.01282,0.67298
CVE-2008-6828,0.01034,0.39824
CVE-2008-6829,0.01055,0.50287
CVE-2008-6830,0.01108,0.53389
CVE-2008-6831,0.01319,0.70416
CVE-2008-6832,0.01213,0.6557
CVE-2008-6833,0.04187,0.86773
CVE-2008-6834,0.01055,0.50287
CVE-2008-6835,0.01213,0.6557
CVE-2008-6836,0.01213,0.6557
CVE-2008-6837,0.00986,0.35784
CVE-2008-6838,0.01917,0.77071
CVE-2008-6839,0.01917,0.77071
CVE-2008-6840,0.04187,0.86773
CVE-2008-6841,0.04187,0.86773
CVE-2008-6842,0.04187,0.86773
CVE-2008-6843,0.04187,0.86773
CVE-2008-6844,0.04482,0.88223
CVE-2008-6845,0.01213,0.6557
CVE-2008-6846,0.04967,0.88981
CVE-2008-6847,0.01917,0.77071
CVE-2008-6848,0.02945,0.82784
CVE-2008-6849,0.01319,0.70416
CVE-2008-6850,0.01213,0.6557
CVE-2008-6851,0.00986,0.35784
CVE-2008-6852,0.00986,0.35784
CVE-2008-6853,0.00986,0.35784
CVE-2008-6854,0.04187,0.86773
CVE-2008-6855,0.04187,0.86773
CVE-2008-6856,0.04187,0.86773
CVE-2008-6857,0.04482,0.88223
CVE-2008-6858,0.04187,0.86773
CVE-2008-6859,0.04187,0.86773
CVE-2008-6860,0.04187,0.86773
CVE-2008-6861,0.04187,0.86773
CVE-2008-6862,0.04187,0.86773
CVE-2008-6863,0.04187,0.86773
CVE-2008-6864,0.04187,0.86773
CVE-2008-6865,0.01136,0.57949
CVE-2008-6866,0.01136,0.57949
CVE-2008-6867,0.00986,0.35784
CVE-2008-6868,0.01213,0.6557
CVE-2008-6869,0.04187,0.86773
CVE-2008-6870,0.01055,0.50287
CVE-2008-6871,0.01213,0.6557
CVE-2008-6872,0.04482,0.88223
CVE-2008-6873,0.00986,0.35784
CVE-2008-6874,0.00986,0.35784
CVE-2008-6875,0.01139,0.58345
CVE-2008-6876,0.01213,0.6557
CVE-2008-6877,0.01319,0.70416
CVE-2008-6878,0.01319,0.70416
CVE-2008-6879,0.01484,0.72722
CVE-2008-6880,0.00986,0.35784
CVE-2008-6881,0.01213,0.6557
CVE-2008-6882,0.01136,0.57949
CVE-2008-6883,0.01213,0.6557
CVE-2008-6884,0.2564,0.96883
CVE-2008-6885,0.01319,0.70416
CVE-2008-6886,0.01319,0.70416
CVE-2008-6887,0.00986,0.35784
CVE-2008-6888,0.01917,0.77071
CVE-2008-6889,0.00986,0.35784
CVE-2008-6890,0.00986,0.35784
CVE-2008-6891,0.01917,0.77071
CVE-2008-6892,0.00986,0.35784
CVE-2008-6893,0.01213,0.6557
CVE-2008-6894,0.01213,0.6557
CVE-2008-6895,0.01055,0.50287
CVE-2008-6896,0.01055,0.50287
CVE-2008-6897,0.06006,0.90134
CVE-2008-6898,0.65083,0.9898
CVE-2008-6899,0.05714,0.89838
CVE-2008-6900,0.06262,0.90346
CVE-2008-6901,0.01213,0.6557
CVE-2008-6902,0.06309,0.90494
CVE-2008-6903,0.01776,0.75902
CVE-2008-6904,0.04291,0.87022
CVE-2008-6905,0.01132,0.54372
CVE-2008-6906,0.01136,0.57949
CVE-2008-6907,0.00986,0.35784
CVE-2008-6908,0.01213,0.6557
CVE-2008-6909,0.01132,0.54372
CVE-2008-6910,0.01213,0.6557
CVE-2008-6911,0.00986,0.35784
CVE-2008-6912,0.04482,0.88223
CVE-2008-6913,0.06262,0.90346
CVE-2008-6914,0.05302,0.89375
CVE-2008-6915,0.01136,0.57949
CVE-2008-6916,0.04482,0.88223
CVE-2008-6917,0.00986,0.35784
CVE-2008-6918,0.04482,0.88223
CVE-2008-6919,0.04187,0.86773
CVE-2008-6920,0.15607,0.95873
CVE-2008-6921,0.15607,0.95873
CVE-2008-6922,0.07437,0.92309
CVE-2008-6923,0.00986,0.35784
CVE-2008-6924,0.01917,0.77071
CVE-2008-6925,0.01055,0.50287
CVE-2008-6926,0.01776,0.75902
CVE-2008-6927,0.01408,0.72072
CVE-2008-6928,0.06262,0.90346
CVE-2008-6929,0.06262,0.90346
CVE-2008-6930,0.06262,0.90346
CVE-2008-6931,0.06262,0.90346
CVE-2008-6932,0.15607,0.95873
CVE-2008-6933,0.04187,0.86773
CVE-2008-6934,0.0679,0.91793
CVE-2008-6935,0.01974,0.7812
CVE-2008-6936,0.01136,0.57949
CVE-2008-6937,0.01055,0.50287
CVE-2008-6938,0.53745,0.98689
CVE-2008-6939,0.01319,0.70416
CVE-2008-6940,0.01319,0.70416
CVE-2008-6941,0.01136,0.57949
CVE-2008-6942,0.05302,0.89375
CVE-2008-6943,0.05302,0.89375
CVE-2008-6944,0.05302,0.89375
CVE-2008-6945,0.01408,0.72072
CVE-2008-6946,0.01213,0.6557
CVE-2008-6947,0.01213,0.6557
CVE-2008-6948,0.05302,0.89375
CVE-2008-6949,0.01055,0.50287
CVE-2008-6950,0.00986,0.35784
CVE-2008-6951,0.01213,0.6557
CVE-2008-6952,0.01139,0.58345
CVE-2008-6953,0.2436,0.96664
CVE-2008-6954,0.01315,0.67456
CVE-2008-6955,0.01213,0.6557
CVE-2008-6956,0.01132,0.54372
CVE-2008-6957,0.0679,0.91793
CVE-2008-6958,0.05931,0.90093
CVE-2008-6959,0.04482,0.88223
CVE-2008-6960,0.0679,0.91793
CVE-2008-6961,0.01319,0.70416
CVE-2008-6962,0.01592,0.74578
CVE-2008-6963,0.04187,0.86773
CVE-2008-6964,0.00986,0.35784
CVE-2008-6965,0.01136,0.57949
CVE-2008-6966,0.01136,0.57949
CVE-2008-6967,0.01108,0.53389
CVE-2008-6968,0.01136,0.57949
CVE-2008-6969,0.01319,0.70416
CVE-2008-6971,0.0679,0.91793
CVE-2008-6972,0.01132,0.54372
CVE-2008-6973,0.01018,0.38792
CVE-2008-6974,0.01319,0.70416
CVE-2008-6975,0.01213,0.6557
CVE-2008-6976,0.04187,0.86773
CVE-2008-6977,0.01319,0.70416
CVE-2008-6978,0.07525,0.92398
CVE-2008-6979,0.01139,0.58345
CVE-2008-6980,0.01213,0.6557
CVE-2008-6981,0.01136,0.57949
CVE-2008-6982,0.01213,0.6557
CVE-2008-6983,0.01213,0.6557
CVE-2008-6984,0.01213,0.6557
CVE-2008-6985,0.028,0.82308
CVE-2008-6986,0.01319,0.70416
CVE-2008-6987,0.04679,0.88603
CVE-2008-6988,0.01319,0.70416
CVE-2008-6989,0.01213,0.6557
CVE-2008-6990,0.01055,0.50287
CVE-2008-6991,0.00986,0.35784
CVE-2008-6992,0.01139,0.58345
CVE-2008-6993,0.01055,0.50287
CVE-2008-6994,0.28823,0.97188
CVE-2008-6995,0.10995,0.94626999999999994
CVE-2008-6996,0.12567,0.95329
CVE-2008-6997,0.04482,0.88223
CVE-2008-6998,0.28823,0.97188
CVE-2008-6999,0.01213,0.6557
CVE-2008-7000,0.04187,0.86773
CVE-2008-7001,0.04679,0.88603
CVE-2008-7002,0.01761,0.7555
CVE-2008-7003,0.00986,0.35784
CVE-2008-7004,0.01018,0.38792
CVE-2008-7005,0.07687,0.92751
CVE-2008-7006,0.04482,0.88223
CVE-2008-7007,0.04482,0.88223
CVE-2008-7008,0.04482,0.88223
CVE-2008-7009,0.0214,0.7918
CVE-2008-7010,0.04187,0.86773
CVE-2008-7011,0.04187,0.86773
CVE-2008-7012,0.0679,0.91793
CVE-2008-7013,0.00885,0.26162
CVE-2008-7014,0.04187,0.86773
CVE-2008-7015,0.04482,0.88223
CVE-2008-7016,0.01213,0.6557
CVE-2008-7017,0.01917,0.77071
CVE-2008-7018,0.01136,0.57949
CVE-2008-7019,0.04187,0.86773
CVE-2008-7020,0.0095,0.30554
CVE-2008-7021,0.06262,0.90346
CVE-2008-7022,0.01963,0.77709
CVE-2008-7023,0.01213,0.6557
CVE-2008-7024,0.0679,0.91793
CVE-2008-7025,0.01963,0.77709
CVE-2008-7026,0.11409,0.94831
CVE-2008-7027,0.04187,0.86773
CVE-2008-7028,0.04187,0.86773
CVE-2008-7029,0.05302,0.89375
CVE-2008-7030,0.00986,0.35784
CVE-2008-7031,0.12822,0.95405
CVE-2008-7032,0.04482,0.88223
CVE-2008-7033,0.00986,0.35784
CVE-2008-7034,0.01213,0.6557
CVE-2008-7035,0.01055,0.50287
CVE-2008-7036,0.01917,0.77071
CVE-2008-7037,0.00954,0.34522
CVE-2008-7038,0.01139,0.58345
CVE-2008-7039,0.01213,0.6557
CVE-2008-7040,0.00986,0.35784
CVE-2008-7041,0.04187,0.86773
CVE-2008-7042,0.01213,0.6557
CVE-2008-7043,0.01319,0.70416
CVE-2008-7044,0.01136,0.57949
CVE-2008-7045,0.01136,0.57949
CVE-2008-7046,0.01055,0.50287
CVE-2008-7047,0.04187,0.86773
CVE-2008-7048,0.01136,0.57949
CVE-2008-7049,0.00986,0.35784
CVE-2008-7050,0.01319,0.70416
CVE-2008-7051,0.04187,0.86773
CVE-2008-7052,0.05302,0.89375
CVE-2008-7053,0.02104,0.79086
CVE-2008-7054,0.01955,0.77585
CVE-2008-7055,0.01213,0.6557
CVE-2008-7056,0.01213,0.6557
CVE-2008-7057,0.01213,0.6557
CVE-2008-7058,0.01136,0.57949
CVE-2008-7059,0.00986,0.35784
CVE-2008-7060,0.01213,0.6557
CVE-2008-7061,0.05356,0.89424
CVE-2008-7062,0.07437,0.92309
CVE-2008-7063,0.04187,0.86773
CVE-2008-7064,0.07197,0.92068
CVE-2008-7065,0.0679,0.91793
CVE-2008-7066,0.04187,0.86773
CVE-2008-7067,0.04187,0.86773
CVE-2008-7068,0.01108,0.53389
CVE-2008-7069,0.04187,0.86773
CVE-2008-7070,0.0679,0.91793
CVE-2008-7071,0.01136,0.57949
CVE-2008-7072,0.01136,0.57949
CVE-2008-7073,0.04187,0.86773
CVE-2008-7074,0.03279,0.83523
CVE-2008-7075,0.04386,0.87542
CVE-2008-7076,0.06262,0.90346
CVE-2008-7077,0.00986,0.35784
CVE-2008-7078,0.30088,0.97373
CVE-2008-7079,0.06006,0.90134
CVE-2008-7080,0.04187,0.86773
CVE-2008-7081,0.01055,0.50287
CVE-2008-7082,0.01213,0.6557
CVE-2008-7083,0.00986,0.35784
CVE-2008-7084,0.04482,0.88223
CVE-2008-7085,0.00986,0.35784
CVE-2008-7086,0.04187,0.86773
CVE-2008-7087,0.04187,0.86773
CVE-2008-7088,0.05302,0.89375
CVE-2008-7089,0.01319,0.70416
CVE-2008-7090,0.01408,0.72072
CVE-2008-7091,0.04386,0.87542
CVE-2008-7092,0.03407,0.83908
CVE-2008-7093,0.01408,0.72072
CVE-2008-7094,0.01213,0.6557
CVE-2008-7095,0.01136,0.57949
CVE-2008-7096,0.01034,0.39824
CVE-2008-7097,0.01213,0.6557
CVE-2008-7098,0.01408,0.72072
CVE-2008-7099,0.01213,0.6557
CVE-2008-7100,0.01132,0.54372
CVE-2008-7101,0.01213,0.6557
CVE-2008-7102,0.01213,0.6557
CVE-2008-7103,0.06006,0.90134
CVE-2008-7104,0.01136,0.57949
CVE-2008-7105,0.01136,0.57949
CVE-2008-7106,0.01055,0.50287
CVE-2008-7107,0.01761,0.7555
CVE-2008-7108,0.01136,0.57949
CVE-2008-7109,0.01319,0.70416
CVE-2008-7110,0.04482,0.88223
CVE-2008-7111,0.06309,0.90494
CVE-2008-7112,0.01136,0.57949
CVE-2008-7113,0.01136,0.57949
CVE-2008-7114,0.00986,0.35784
CVE-2008-7115,0.01213,0.6557
CVE-2008-7116,0.01136,0.57949
CVE-2008-7117,0.01136,0.57949
CVE-2008-7118,0.01136,0.57949
CVE-2008-7119,0.00986,0.35784
CVE-2008-7120,0.00986,0.35784
CVE-2008-7121,0.01055,0.50287
CVE-2008-7122,0.01055,0.50287
CVE-2008-7123,0.01213,0.6557
CVE-2008-7124,0.0679,0.91793
CVE-2008-7125,0.01132,0.54372
CVE-2008-7126,0.12822,0.95405
CVE-2008-7127,0.01319,0.70416
CVE-2008-7128,0.01136,0.57949
CVE-2008-7129,0.01213,0.6557
CVE-2008-7130,0.01213,0.6557
CVE-2008-7131,0.01213,0.6557
CVE-2008-7132,0.01136,0.57949
CVE-2008-7133,0.01917,0.77071
CVE-2008-7134,0.01917,0.77071
CVE-2008-7135,0.01136,0.57949
CVE-2008-7136,0.01136,0.57949
CVE-2008-7137,0.01319,0.70416
CVE-2008-7138,0.01213,0.6557
CVE-2008-7139,0.01319,0.70416
CVE-2008-7140,0.01917,0.77071
CVE-2008-7141,0.01917,0.77071
CVE-2008-7142,0.04482,0.88223
CVE-2008-7143,0.01055,0.50287
CVE-2008-7144,0.01108,0.53389
CVE-2008-7145,0.00986,0.35784
CVE-2008-7146,0.01213,0.6557
CVE-2008-7147,0.01136,0.57949
CVE-2008-7148,0.03432,0.83945
CVE-2008-7149,0.00885,0.26162
CVE-2008-7150,0.01136,0.57949
CVE-2008-7151,0.01136,0.57949
CVE-2008-7152,0.04187,0.86773
CVE-2008-7153,0.01139,0.58345
CVE-2008-7154,0.01136,0.57949
CVE-2008-7155,0.04187,0.86773
CVE-2008-7156,0.01136,0.57949
CVE-2008-7157,0.06309,0.90494
CVE-2008-7158,0.01319,0.70416
CVE-2008-7159,0.09915,0.94265
CVE-2008-7160,0.09915,0.94265
CVE-2008-7161,0.04187,0.86773
CVE-2008-7162,0.06006,0.90134
CVE-2008-7163,0.02104,0.79086
CVE-2008-7164,0.01018,0.38792
CVE-2008-7165,0.04482,0.88223
CVE-2008-7166,0.01319,0.70416
CVE-2008-7167,0.07687,0.92751
CVE-2008-7168,0.01963,0.77709
CVE-2008-7169,0.00986,0.35784
CVE-2008-7170,0.04187,0.86773
CVE-2008-7171,0.01213,0.6557
CVE-2008-7172,0.01136,0.57949
CVE-2008-7173,0.05139,0.89128
CVE-2008-7174,0.04291,0.87022
CVE-2008-7175,0.01055,0.50287
CVE-2008-7176,0.01963,0.77709
CVE-2008-7177,0.01183,0.60428
CVE-2008-7178,0.06837,0.9181
CVE-2008-7179,0.04187,0.86773
CVE-2008-7180,0.04187,0.86773
CVE-2008-7181,0.04187,0.86773
CVE-2008-7182,0.06619,0.91143
CVE-2008-7183,0.01136,0.57949
CVE-2008-7184,0.01917,0.77071
CVE-2008-7185,0.02104,0.79086
CVE-2008-7186,0.01213,0.6557
CVE-2008-7187,0.01213,0.6557
CVE-2008-7188,0.04187,0.86773
CVE-2008-7189,0.00954,0.34522
CVE-2008-7190,0.00885,0.26162
CVE-2008-7191,0.01055,0.50287
CVE-2008-7192,0.04187,0.86773
CVE-2008-7193,0.01136,0.57949
CVE-2008-7194,0.01018,0.38792
CVE-2008-7195,0.01018,0.38792
CVE-2008-7196,0.02172,0.79279
CVE-2008-7197,0.00885,0.26162
CVE-2008-7198,0.00885,0.26162
CVE-2008-7199,0.01055,0.50287
CVE-2008-7200,0.00885,0.26162
CVE-2008-7201,0.01055,0.50287
CVE-2008-7202,0.01136,0.57949
CVE-2008-7203,0.04187,0.86773
CVE-2008-7204,0.01213,0.6557
CVE-2008-7205,0.01213,0.6557
CVE-2008-7206,0.01018,0.38792
CVE-2008-7207,0.00885,0.26162
CVE-2008-7208,0.02172,0.79917
CVE-2008-7209,0.1127,0.94787
CVE-2008-7210,0.00986,0.35784
CVE-2008-7211,0.01761,0.7555
CVE-2008-7212,0.01408,0.72072
CVE-2008-7213,0.04894,0.88891
CVE-2008-7214,0.01408,0.72072
CVE-2008-7215,0.01776,0.75902
CVE-2008-7216,0.04187,0.86773
CVE-2008-7217,0.0129,0.673
CVE-2008-7218,0.02686,0.82061
CVE-2008-7219,0.02686,0.82061
CVE-2008-7221,0.01055,0.50287
CVE-2008-7222,0.01917,0.77071
CVE-2008-7223,0.01213,0.6557
CVE-2008-7224,0.01213,0.6557
CVE-2008-7225,0.04291,0.87022
CVE-2008-7226,0.00986,0.35784
CVE-2008-7227,0.00885,0.26162
CVE-2008-7228,0.00885,0.26162
CVE-2008-7229,0.01136,0.57949
CVE-2008-7230,0.00885,0.26162
CVE-2008-7231,0.01132,0.54372
CVE-2008-7232,0.72015,0.99186
CVE-2008-7233,0.01955,0.77585
CVE-2008-7234,0.01955,0.77585
CVE-2008-7235,0.01955,0.77585
CVE-2008-7236,0.01955,0.77585
CVE-2008-7237,0.01815,0.76117
CVE-2008-7238,0.01968,0.77806
CVE-2008-7239,0.02172,0.79917
CVE-2008-7240,0.04187,0.86773
CVE-2008-7241,0.01055,0.50287
CVE-2008-7242,0.01917,0.77071
CVE-2008-7243,0.01213,0.6557
CVE-2008-7244,0.01055,0.50287
CVE-2008-7245,0.01136,0.57949
CVE-2008-7246,0.01055,0.50287
CVE-2008-7247,0.01968,0.77806
CVE-2008-7248,0.10995,0.94626999999999994
CVE-2008-7249,0.06309,0.90494
CVE-2008-7250,0.01136,0.57949
CVE-2008-7251,0.01537,0.73595
CVE-2008-7252,0.01537,0.73595
CVE-2008-7253,0.01213,0.6557
CVE-2008-7254,0.01213,0.6557
CVE-2008-7255,0.0089,0.2856
CVE-2008-7256,0.01034,0.39824
CVE-2008-7257,0.0679,0.91793
CVE-2008-7258,0.0322,0.83442
CVE-2008-7261,0.00885,0.26162
CVE-2008-7262,0.01055,0.50287
CVE-2008-7263,0.01213,0.6557
CVE-2008-7264,0.01132,0.54372
CVE-2008-7265,0.01055,0.50287
CVE-2008-7266,0.01213,0.6557
CVE-2008-7267,0.00986,0.35784
CVE-2008-7268,0.01213,0.6557
CVE-2008-7269,0.04187,0.86773
CVE-2008-7270,0.02172,0.79917
CVE-2008-7271,0.01917,0.77071
CVE-2008-7272,0.00954,0.34522
CVE-2008-7273,0.0089,0.2856
CVE-2008-7274,0.00885,0.26162
CVE-2008-7275,0.01055,0.50287
CVE-2008-7276,0.00885,0.26162
CVE-2008-7277,0.01055,0.50287
CVE-2008-7278,0.01136,0.57949
CVE-2008-7279,0.01055,0.50287
CVE-2008-7280,0.01055,0.50287
CVE-2008-7281,0.01136,0.57949
CVE-2008-7282,0.01055,0.50287
CVE-2008-7283,0.01055,0.50287
CVE-2008-7284,0.01055,0.50287
CVE-2008-7285,0.01055,0.50287
CVE-2008-7286,0.01055,0.50287
CVE-2008-7287,0.01055,0.50287
CVE-2008-7288,0.01055,0.50287
CVE-2008-7289,0.01055,0.50287
CVE-2008-7290,0.01055,0.50287
CVE-2008-7291,0.00885,0.26162
CVE-2008-7292,0.00885,0.26162
CVE-2008-7293,0.01108,0.53389
CVE-2008-7294,0.01108,0.53389
CVE-2008-7295,0.13638,0.95559
CVE-2008-7296,0.01018,0.38792
CVE-2008-7297,0.01018,0.38792
CVE-2008-7298,0.01018,0.38792
CVE-2008-7299,0.00885,0.26162
CVE-2008-7300,0.01061,0.51015
CVE-2008-7301,0.01055,0.50287
CVE-2008-7302,0.01055,0.50287
CVE-2008-7303,0.039,0.84954
CVE-2008-7309,0.01055,0.50287
CVE-2008-7310,0.01055,0.50287
CVE-2008-7311,0.01055,0.50287
CVE-2008-7312,0.01055,0.50287
CVE-2008-7313,0.03779,0.84781
CVE-2008-7314,0.00885,0.26162
CVE-2008-7315,0.01213,0.6557
CVE-2008-7316,0.0095,0.30554
CVE-2008-7319,0.02578,0.8123
CVE-2008-7320,0.01018,0.38792
CVE-2008-7321,0.00885,0.26162
CVE-2007-0001,0.01924,0.77129
CVE-2007-0002,0.08228,0.93218
CVE-2007-0003,0.01282,0.67298
CVE-2007-0004,0.00885,0.26162
CVE-2007-0005,0.0322,0.83442
CVE-2007-0006,0.01547,0.74085
CVE-2007-0007,0.01282,0.67298
CVE-2007-0008,0.12433,0.95131
CVE-2007-0009,0.12433,0.95131
CVE-2007-0010,0.04669,0.88544
CVE-2007-0011,0.01537,0.73595
CVE-2007-0012,0.01213,0.6557
CVE-2007-0014,0.0089,0.2856
CVE-2007-0015,0.77064,0.99376
CVE-2007-0016,0.07687,0.92751
CVE-2007-0017,0.33191,0.97551
CVE-2007-0018,0.8073,0.99494
CVE-2007-0019,0.06262,0.90346
CVE-2007-0020,0.15607,0.95873
CVE-2007-0021,0.38152,0.9788
CVE-2007-0022,0.01282,0.67298
CVE-2007-0023,0.0322,0.83442
CVE-2007-0024,0.60975,0.98858
CVE-2007-0025,0.46718,0.98435
CVE-2007-0026,0.46718,0.98435
CVE-2007-0027,0.46718,0.98435
CVE-2007-0028,0.46718,0.98435
CVE-2007-0029,0.46718,0.98435
CVE-2007-0030,0.46718,0.98435
CVE-2007-0031,0.63976,0.98955
CVE-2007-0033,0.46718,0.98435
CVE-2007-0034,0.46718,0.98435
CVE-2007-0035,0.46718,0.98435
CVE-2007-0039,0.23038,0.96506
CVE-2007-0040,0.46718,0.98435
CVE-2007-0041,0.46718,0.98435
CVE-2007-0042,0.51093,0.98641
CVE-2007-0043,0.46718,0.98435
CVE-2007-0044,0.28045,0.97145
CVE-2007-0045,0.03932,0.8519
CVE-2007-0046,0.79169,0.99442
CVE-2007-0047,0.01319,0.70416
CVE-2007-0048,0.04358,0.87435
CVE-2007-0049,0.04482,0.88223
CVE-2007-0050,0.01213,0.6557
CVE-2007-0051,0.40514,0.9805
CVE-2007-0052,0.01139,0.58345
CVE-2007-0053,0.01139,0.58345
CVE-2007-0054,0.01917,0.77071
CVE-2007-0055,0.04482,0.88223
CVE-2007-0056,0.05649,0.89807
CVE-2007-0057,0.01213,0.6557
CVE-2007-0058,0.01213,0.6557
CVE-2007-0059,0.13413,0.95496
CVE-2007-0060,0.28118,0.97158
CVE-2007-0061,0.12248,0.95092
CVE-2007-0062,0.08228,0.93218
CVE-2007-0063,0.12248,0.95092
CVE-2007-0064,0.46718,0.98435
CVE-2007-0065,0.46718,0.98435
CVE-2007-0066,0.20648,0.96329
CVE-2007-0067,0.01319,0.70416
CVE-2007-0068,0.01319,0.70416
CVE-2007-0069,0.36031,0.97768
CVE-2007-0071,0.09915,0.94265
CVE-2007-0072,0.07777,0.92953
CVE-2007-0073,0.07777,0.92953
CVE-2007-0074,0.07777,0.92953
CVE-2007-0075,0.01213,0.6557
CVE-2007-0076,0.01213,0.6557
CVE-2007-0077,0.01319,0.70416
CVE-2007-0078,0.01213,0.6557
CVE-2007-0079,0.01319,0.70416
CVE-2007-0080,0.01755,0.75287
CVE-2007-0081,0.01924,0.77129
CVE-2007-0082,0.04187,0.86773
CVE-2007-0083,0.01213,0.6557
CVE-2007-0084,0.01297,0.67316
CVE-2007-0085,0.0322,0.83442
CVE-2007-0086,0.01484,0.72722
CVE-2007-0087,0.13105,0.9547
CVE-2007-0088,0.01213,0.6557
CVE-2007-0089,0.01213,0.6557
CVE-2007-0090,0.01213,0.6557
CVE-2007-0091,0.04187,0.86773
CVE-2007-0092,0.00986,0.35784
CVE-2007-0093,0.028,0.82308
CVE-2007-0094,0.01213,0.6557
CVE-2007-0095,0.01319,0.70416
CVE-2007-0096,0.01213,0.6557
CVE-2007-0097,0.03214,0.83353
CVE-2007-0098,0.04187,0.86773
CVE-2007-0099,0.47394,0.98455
CVE-2007-0100,0.01055,0.50287
CVE-2007-0101,0.01213,0.6557
CVE-2007-0102,0.06154,0.90253
CVE-2007-0103,0.26488,0.96988
CVE-2007-0104,0.06604,0.91138
CVE-2007-0105,0.06555,0.90974
CVE-2007-0106,0.01408,0.72072
CVE-2007-0107,0.04386,0.87542
CVE-2007-0108,0.01232,0.66248
CVE-2007-0109,0.01408,0.72072
CVE-2007-0110,0.02945,0.82784
CVE-2007-0111,0.07777,0.92953
CVE-2007-0112,0.00986,0.35784
CVE-2007-0113,0.05931,0.90093
CVE-2007-0114,0.01319,0.70416
CVE-2007-0115,0.01132,0.54372
CVE-2007-0116,0.01213,0.6557
CVE-2007-0117,0.03687,0.84277
CVE-2007-0118,0.0679,0.91793
CVE-2007-0119,0.02945,0.82784
CVE-2007-0120,0.02812,0.82333
CVE-2007-0121,0.02945,0.82784
CVE-2007-0122,0.04386,0.87542
CVE-2007-0123,0.01136,0.57949
CVE-2007-0124,0.01232,0.66248
CVE-2007-0125,0.01319,0.70416
CVE-2007-0126,0.39729,0.98024
CVE-2007-0127,0.1127,0.94787
CVE-2007-0128,0.00986,0.35784
CVE-2007-0129,0.00986,0.35784
CVE-2007-0130,0.01139,0.58345
CVE-2007-0131,0.01213,0.6557
CVE-2007-0132,0.01408,0.72072
CVE-2007-0133,0.01055,0.50287
CVE-2007-0134,0.1127,0.94787
CVE-2007-0135,0.0679,0.91793
CVE-2007-0136,0.01408,0.72072
CVE-2007-0137,0.01776,0.75902
CVE-2007-0138,0.01136,0.57949
CVE-2007-0139,0.01183,0.60428
CVE-2007-0140,0.01139,0.58345
CVE-2007-0141,0.01319,0.70416
CVE-2007-0142,0.01139,0.58345
CVE-2007-0143,0.0679,0.91793
CVE-2007-0144,0.01213,0.6557
CVE-2007-0145,0.01136,0.57949
CVE-2007-0146,0.01633,0.74922
CVE-2007-0147,0.01213,0.6557
CVE-2007-0148,0.34394,0.97618
CVE-2007-0149,0.01213,0.6557
CVE-2007-0150,0.01319,0.70416
CVE-2007-0151,0.01136,0.57949
CVE-2007-0152,0.01213,0.6557
CVE-2007-0153,0.01213,0.6557
CVE-2007-0154,0.01213,0.6557
CVE-2007-0155,0.01213,0.6557
CVE-2007-0156,0.01213,0.6557
CVE-2007-0157,0.02686,0.82061
CVE-2007-0158,0.00885,0.26162
CVE-2007-0159,0.01537,0.73595
CVE-2007-0160,0.0547,0.89492
CVE-2007-0161,0.02046,0.7858
CVE-2007-0162,0.01924,0.77129
CVE-2007-0163,0.01319,0.70416
CVE-2007-0164,0.01319,0.70416
CVE-2007-0165,0.12567,0.95329
CVE-2007-0166,0.0095,0.30554
CVE-2007-0167,0.12567,0.95329
CVE-2007-0168,0.42881,0.98198
CVE-2007-0169,0.88562,0.99799
CVE-2007-0170,0.04187,0.86773
CVE-2007-0171,0.04187,0.86773
CVE-2007-0172,0.10995,0.94626999999999994
CVE-2007-0173,0.04482,0.88223
CVE-2007-0174,0.1127,0.94787
CVE-2007-0175,0.01319,0.70416
CVE-2007-0176,0.02172,0.79917
CVE-2007-0177,0.05649,0.89807
CVE-2007-0178,0.04482,0.88223
CVE-2007-0179,0.00986,0.35784
CVE-2007-0180,0.0292,0.82516
CVE-2007-0181,0.0679,0.91793
CVE-2007-0182,0.12567,0.95329
CVE-2007-0183,0.01917,0.77071
CVE-2007-0184,0.01108,0.53389
CVE-2007-0185,0.01108,0.53389
CVE-2007-0186,0.06576,0.90976
CVE-2007-0187,0.01974,0.7812
CVE-2007-0188,0.01232,0.66248
CVE-2007-0189,0.01213,0.6557
CVE-2007-0190,0.04482,0.88223
CVE-2007-0191,0.01213,0.6557
CVE-2007-0192,0.01136,0.57949
CVE-2007-0193,0.01136,0.57949
CVE-2007-0194,0.01136,0.57949
CVE-2007-0195,0.01319,0.70416
CVE-2007-0196,0.01139,0.58345
CVE-2007-0197,0.37312,0.97821
CVE-2007-0198,0.01319,0.70416
CVE-2007-0199,0.01319,0.70416
CVE-2007-0200,0.0679,0.91793
CVE-2007-0201,0.06523,0.90962
CVE-2007-0202,0.01974,0.7812
CVE-2007-0203,0.01108,0.53389
CVE-2007-0204,0.01319,0.70416
CVE-2007-0205,0.01408,0.72072
CVE-2007-0206,0.01319,0.70416
CVE-2007-0208,0.406,0.98111
CVE-2007-0209,0.406,0.98111
CVE-2007-0210,0.02087,0.79049
CVE-2007-0211,0.02087,0.79049
CVE-2007-0213,0.63976,0.98955
CVE-2007-0214,0.46718,0.98435
CVE-2007-0215,0.46718,0.98435
CVE-2007-0216,0.46718,0.98435
CVE-2007-0217,0.63976,0.98955
CVE-2007-0218,0.46718,0.98435
CVE-2007-0219,0.46718,0.98435
CVE-2007-0220,0.39294,0.97941
CVE-2007-0221,0.20648,0.96329
CVE-2007-0222,0.01319,0.70416
CVE-2007-0223,0.01213,0.6557
CVE-2007-0224,0.01213,0.6557
CVE-2007-0225,0.01213,0.6557
CVE-2007-0226,0.01139,0.58345
CVE-2007-0227,0.01183,0.60428
CVE-2007-0228,0.0679,0.91793
CVE-2007-0229,0.0322,0.83442
CVE-2007-0230,0.01213,0.6557
CVE-2007-0231,0.01213,0.6557
CVE-2007-0232,0.0679,0.91793
CVE-2007-0233,0.04187,0.86773
CVE-2007-0235,0.06815,0.91795
CVE-2007-0236,0.38152,0.9788
CVE-2007-0237,0.01282,0.67298
CVE-2007-0238,0.12248,0.95092
CVE-2007-0239,0.03932,0.8519
CVE-2007-0240,0.01776,0.75902
CVE-2007-0242,0.03932,0.8519
CVE-2007-0243,0.15272,0.95729
CVE-2007-0244,0.03779,0.84781
CVE-2007-0245,0.12248,0.95092
CVE-2007-0246,0.01408,0.72072
CVE-2007-0247,0.12567,0.95329
CVE-2007-0248,0.03779,0.84781
CVE-2007-0249,0.01213,0.6557
CVE-2007-0250,0.01213,0.6557
CVE-2007-0251,0.01974,0.7812
CVE-2007-0252,0.01055,0.50287
CVE-2007-0253,0.0089,0.2856
CVE-2007-0254,0.04421,0.87629
CVE-2007-0255,0.05139,0.89128
CVE-2007-0256,0.0679,0.91793
CVE-2007-0257,0.0322,0.83442
CVE-2007-0258,0.01955,0.77585
CVE-2007-0259,0.01213,0.6557
CVE-2007-0260,0.01213,0.6557
CVE-2007-0261,0.04482,0.88223
CVE-2007-0262,0.01055,0.50287
CVE-2007-0263,0.01136,0.57949
CVE-2007-0264,0.02567,0.81201
CVE-2007-0265,0.01955,0.77585
CVE-2007-0266,0.01319,0.70416
CVE-2007-0267,0.0322,0.83442
CVE-2007-0268,0.01547,0.74085
CVE-2007-0269,0.01034,0.39824
CVE-2007-0270,0.06248,0.90327
CVE-2007-0271,0.03481,0.84053
CVE-2007-0272,0.06248,0.90327
CVE-2007-0273,0.01183,0.60428
CVE-2007-0274,0.01547,0.74085
CVE-2007-0275,0.01315,0.67456
CVE-2007-0276,0.01282,0.67298
CVE-2007-0277,0.01034,0.39824
CVE-2007-0278,0.01104,0.52279
CVE-2007-0279,0.01537,0.73595
CVE-2007-0280,0.01183,0.60428
CVE-2007-0281,0.01183,0.60428
CVE-2007-0282,0.01034,0.39824
CVE-2007-0283,0.01108,0.53389
CVE-2007-0284,0.01183,0.60428
CVE-2007-0285,0.01108,0.53389
CVE-2007-0286,0.01108,0.53389
CVE-2007-0287,0.01034,0.39824
CVE-2007-0288,0.01034,0.39824
CVE-2007-0289,0.01537,0.73595
CVE-2007-0290,0.01282,0.67298
CVE-2007-0291,0.01034,0.39824
CVE-2007-0292,0.01183,0.60428
CVE-2007-0293,0.01537,0.73595
CVE-2007-0294,0.01034,0.39824
CVE-2007-0295,0.01108,0.53389
CVE-2007-0296,0.01034,0.39824
CVE-2007-0297,0.05815,0.89944
CVE-2007-0298,0.10995,0.94626999999999994
CVE-2007-0299,0.01955,0.77585
CVE-2007-0300,0.0679,0.91793
CVE-2007-0301,0.04482,0.88223
CVE-2007-0302,0.03129,0.8316
CVE-2007-0303,0.00954,0.34522
CVE-2007-0304,0.00986,0.35784
CVE-2007-0305,0.01139,0.58345
CVE-2007-0306,0.00986,0.35784
CVE-2007-0307,0.04482,0.88223
CVE-2007-0308,0.01213,0.6557
CVE-2007-0309,0.3274,0.97523
CVE-2007-0310,0.02172,0.79917
CVE-2007-0311,0.04187,0.86773
CVE-2007-0312,0.01136,0.57949
CVE-2007-0313,0.01132,0.54372
CVE-2007-0314,0.04187,0.86773
CVE-2007-0315,0.04291,0.87022
CVE-2007-0316,0.04386,0.87542
CVE-2007-0317,0.04291,0.87022
CVE-2007-0318,0.01537,0.73595
CVE-2007-0319,0.1127,0.94787
CVE-2007-0320,0.07996,0.93017
CVE-2007-0321,0.07777,0.92953
CVE-2007-0322,0.06523,0.90962
CVE-2007-0323,0.1127,0.94787
CVE-2007-0324,0.1127,0.94787
CVE-2007-0325,0.83895,0.99593
CVE-2007-0326,0.07777,0.92953
CVE-2007-0328,0.01974,0.7812
CVE-2007-0329,0.04187,0.86773
CVE-2007-0330,0.05139,0.89128
CVE-2007-0331,0.01213,0.6557
CVE-2007-0332,0.01213,0.6557
CVE-2007-0333,0.01924,0.77129
CVE-2007-0334,0.01319,0.70416
CVE-2007-0335,0.10995,0.94626999999999994
CVE-2007-0336,0.00885,0.26162
CVE-2007-0337,0.0679,0.91793
CVE-2007-0338,0.07687,0.92751
CVE-2007-0339,0.01213,0.6557
CVE-2007-0340,0.00986,0.35784
CVE-2007-0341,0.01136,0.57949
CVE-2007-0342,0.04187,0.86773
CVE-2007-0343,0.01319,0.70416
CVE-2007-0344,0.12822,0.95405
CVE-2007-0345,0.01034,0.39824
CVE-2007-0346,0.01213,0.6557
CVE-2007-0347,0.04386,0.87542
CVE-2007-0348,0.78095,0.99418
CVE-2007-0349,0.01136,0.57949
CVE-2007-0350,0.01213,0.6557
CVE-2007-0351,0.0095,0.30554
CVE-2007-0352,0.46718,0.98435
CVE-2007-0353,0.04894,0.88891
CVE-2007-0354,0.028,0.82308
CVE-2007-0355,0.21919,0.96426
CVE-2007-0356,0.20999,0.96367
CVE-2007-0357,0.0679,0.91793
CVE-2007-0358,0.01408,0.72072
CVE-2007-0359,0.04482,0.88223
CVE-2007-0360,0.0679,0.91793
CVE-2007-0361,0.04187,0.86773
CVE-2007-0362,0.01319,0.70416
CVE-2007-0363,0.01319,0.70416
CVE-2007-0364,0.21871,0.96424
CVE-2007-0365,0.01213,0.6557
CVE-2007-0366,0.0095,0.30554
CVE-2007-0367,0.0089,0.2856
CVE-2007-0368,0.042659999999999997,0.86883
CVE-2007-0369,0.01136,0.57949
CVE-2007-0370,0.01136,0.57949
CVE-2007-0371,0.04187,0.86773
CVE-2007-0372,0.01974,0.7812
CVE-2007-0373,0.02172,0.79917
CVE-2007-0374,0.01213,0.6557
CVE-2007-0375,0.01408,0.72072
CVE-2007-0376,0.01319,0.70416
CVE-2007-0377,0.01319,0.70416
CVE-2007-0378,0.00954,0.34522
CVE-2007-0379,0.01136,0.57949
CVE-2007-0380,0.01136,0.57949
CVE-2007-0381,0.01213,0.6557
CVE-2007-0382,0.01213,0.6557
CVE-2007-0383,0.01136,0.57949
CVE-2007-0384,0.01213,0.6557
CVE-2007-0385,0.01213,0.6557
CVE-2007-0386,0.00954,0.34522
CVE-2007-0387,0.01213,0.6557
CVE-2007-0388,0.00986,0.35784
CVE-2007-0389,0.04482,0.88223
CVE-2007-0390,0.01319,0.70416
CVE-2007-0391,0.01755,0.75287
CVE-2007-0392,0.02172,0.79279
CVE-2007-0393,0.02172,0.79279
CVE-2007-0394,0.02602,0.81249
CVE-2007-0395,0.04482,0.88223
CVE-2007-0396,0.01974,0.7812
CVE-2007-0397,0.01408,0.72072
CVE-2007-0398,0.01136,0.57949
CVE-2007-0399,0.04263,0.86866
CVE-2007-0400,0.01136,0.57949
CVE-2007-0401,0.01055,0.50287
CVE-2007-0402,0.01213,0.6557
CVE-2007-0403,0.01213,0.6557
CVE-2007-0404,0.01018,0.38792
CVE-2007-0405,0.01132,0.54372
CVE-2007-0406,0.01034,0.39824
CVE-2007-0407,0.01319,0.70416
CVE-2007-0408,0.01319,0.70416
CVE-2007-0409,0.01034,0.39824
CVE-2007-0410,0.01319,0.70416
CVE-2007-0411,0.01319,0.70416
CVE-2007-0412,0.01319,0.70416
CVE-2007-0413,0.01034,0.39824
CVE-2007-0414,0.01319,0.70416
CVE-2007-0415,0.01108,0.53389
CVE-2007-0416,0.01319,0.70416
CVE-2007-0417,0.01108,0.53389
CVE-2007-0418,0.01319,0.70416
CVE-2007-0419,0.01319,0.70416
CVE-2007-0420,0.01319,0.70416
CVE-2007-0421,0.01319,0.70416
CVE-2007-0422,0.01319,0.70416
CVE-2007-0423,0.01034,0.39824
CVE-2007-0424,0.01319,0.70416
CVE-2007-0425,0.01018,0.38792
CVE-2007-0426,0.01108,0.53389
CVE-2007-0427,0.44626,0.9825
CVE-2007-0428,0.01974,0.7812
CVE-2007-0429,0.04187,0.86773
CVE-2007-0430,0.02046,0.7858
CVE-2007-0431,0.02172,0.79917
CVE-2007-0432,0.01213,0.6557
CVE-2007-0433,0.01132,0.54372
CVE-2007-0434,0.0095,0.30554
CVE-2007-0435,0.01408,0.72072
CVE-2007-0436,0.01282,0.67298
CVE-2007-0437,0.01061,0.51015
CVE-2007-0441,0.01213,0.6557
CVE-2007-0442,0.01018,0.38792
CVE-2007-0443,0.1127,0.94787
CVE-2007-0444,0.19185,0.96182
CVE-2007-0445,0.1127,0.94787
CVE-2007-0446,0.36009,0.97758
CVE-2007-0447,0.07777,0.92953
CVE-2007-0448,0.04187,0.86773
CVE-2007-0449,0.90308,0.99851
CVE-2007-0450,0.38228,0.97884
CVE-2007-0451,0.07344,0.92237
CVE-2007-0452,0.02528,0.8112
CVE-2007-0453,0.02172,0.79379
CVE-2007-0454,0.04421,0.87629
CVE-2007-0455,0.08228,0.93218
CVE-2007-0456,0.04358,0.87435
CVE-2007-0457,0.04358,0.87435
CVE-2007-0458,0.04358,0.87435
CVE-2007-0459,0.04358,0.87435
CVE-2007-0460,0.01108,0.53389
CVE-2007-0461,0.00885,0.26162
CVE-2007-0462,0.12304,0.95106
CVE-2007-0463,0.38152,0.9788
CVE-2007-0464,0.12567,0.95329
CVE-2007-0465,0.40514,0.9805
CVE-2007-0466,0.07687,0.92751
CVE-2007-0467,0.0322,0.83442
CVE-2007-0468,0.406,0.98111
CVE-2007-0469,0.04967,0.88981
CVE-2007-0470,0.01104,0.52279
CVE-2007-0471,0.03779,0.84781
CVE-2007-0472,0.01547,0.74085
CVE-2007-0473,0.01547,0.74085
CVE-2007-0474,0.02939,0.82529
CVE-2007-0475,0.01547,0.74085
CVE-2007-0476,0.0095,0.30554
CVE-2007-0477,0.01408,0.72072
CVE-2007-0478,0.01955,0.77585
CVE-2007-0479,0.02172,0.79917
CVE-2007-0480,0.07544,0.92484
CVE-2007-0481,0.02172,0.79917
CVE-2007-0482,0.01034,0.39824
CVE-2007-0483,0.01213,0.6557
CVE-2007-0484,0.01213,0.6557
CVE-2007-0485,0.0679,0.91793
CVE-2007-0486,0.01319,0.70416
CVE-2007-0487,0.01136,0.57949
CVE-2007-0488,0.01213,0.6557
CVE-2007-0489,0.0679,0.91793
CVE-2007-0490,0.01055,0.50287
CVE-2007-0491,0.01055,0.50287
CVE-2007-0492,0.01055,0.50287
CVE-2007-0493,0.26383,0.96972
CVE-2007-0494,0.44114,0.98229
CVE-2007-0495,0.04187,0.86773
CVE-2007-0496,0.04187,0.86773
CVE-2007-0497,0.0679,0.91793
CVE-2007-0498,0.01055,0.50287
CVE-2007-0499,0.04482,0.88223
CVE-2007-0500,0.04187,0.86773
CVE-2007-0501,0.04482,0.88223
CVE-2007-0502,0.00986,0.35784
CVE-2007-0503,0.01282,0.67298
CVE-2007-0504,0.06523,0.90962
CVE-2007-0505,0.06337,0.90513
CVE-2007-0506,0.01232,0.66248
CVE-2007-0507,0.01232,0.66248
CVE-2007-0508,0.04187,0.86773
CVE-2007-0509,0.01108,0.53389
CVE-2007-0510,0.01108,0.53389
CVE-2007-0511,0.07197,0.92068
CVE-2007-0512,0.01018,0.38792
CVE-2007-0513,0.01108,0.53389
CVE-2007-0514,0.01213,0.6557
CVE-2007-0515,0.67873000000000006,0.99057
CVE-2007-0516,0.01132,0.54372
CVE-2007-0517,0.01213,0.6557
CVE-2007-0518,0.04482,0.88223
CVE-2007-0519,0.01132,0.54372
CVE-2007-0520,0.01136,0.57949
CVE-2007-0521,0.01136,0.57949
CVE-2007-0522,0.01136,0.57949
CVE-2007-0523,0.01136,0.57949
CVE-2007-0524,0.01136,0.57949
CVE-2007-0525,0.00954,0.34522
CVE-2007-0526,0.01319,0.70416
CVE-2007-0527,0.01319,0.70416
CVE-2007-0528,0.05931,0.90093
CVE-2007-0529,0.01213,0.6557
CVE-2007-0530,0.01055,0.50287
CVE-2007-0531,0.01319,0.70416
CVE-2007-0532,0.01136,0.57949
CVE-2007-0533,0.02172,0.79917
CVE-2007-0534,0.01319,0.70416
CVE-2007-0535,0.06523,0.90962
CVE-2007-0536,0.0095,0.30554
CVE-2007-0537,0.03932,0.8519
CVE-2007-0538,0.01213,0.6557
CVE-2007-0539,0.01136,0.57949
CVE-2007-0540,0.04482,0.88223
CVE-2007-0541,0.01136,0.57949
CVE-2007-0542,0.01136,0.57949
CVE-2007-0543,0.01136,0.57949
CVE-2007-0544,0.01232,0.66248
CVE-2007-0545,0.01136,0.57949
CVE-2007-0546,0.01136,0.57949
CVE-2007-0547,0.01213,0.6557
CVE-2007-0548,0.04187,0.86773
CVE-2007-0549,0.01136,0.57949
CVE-2007-0550,0.01136,0.57949
CVE-2007-0551,0.01213,0.6557
CVE-2007-0552,0.01319,0.70416
CVE-2007-0553,0.01213,0.6557
CVE-2007-0554,0.028,0.82308
CVE-2007-0555,0.02528,0.8112
CVE-2007-0556,0.02528,0.8112
CVE-2007-0557,0.00885,0.26162
CVE-2007-0558,0.04187,0.86773
CVE-2007-0559,0.04187,0.86773
CVE-2007-0560,0.01139,0.58345
CVE-2007-0561,0.12567,0.95329
CVE-2007-0562,0.18563,0.96143
CVE-2007-0563,0.01408,0.72072
CVE-2007-0564,0.0095,0.30554
CVE-2007-0565,0.01213,0.6557
CVE-2007-0566,0.01139,0.58345
CVE-2007-0567,0.01917,0.77071
CVE-2007-0568,0.0679,0.91793
CVE-2007-0569,0.00986,0.35784
CVE-2007-0570,0.04482,0.88223
CVE-2007-0571,0.0679,0.91793
CVE-2007-0572,0.04187,0.86773
CVE-2007-0573,0.0679,0.91793
CVE-2007-0574,0.00986,0.35784
CVE-2007-0575,0.01139,0.58345
CVE-2007-0576,0.07197,0.92068
CVE-2007-0577,0.04482,0.88223
CVE-2007-0578,0.01319,0.70416
CVE-2007-0579,0.01319,0.70416
CVE-2007-0580,0.0679,0.91793
CVE-2007-0581,0.0679,0.91793
CVE-2007-0582,0.00986,0.35784
CVE-2007-0583,0.01213,0.6557
CVE-2007-0584,0.0679,0.91793
CVE-2007-0585,0.0679,0.91793
CVE-2007-0588,0.06154,0.90253
CVE-2007-0589,0.01055,0.50287
CVE-2007-0590,0.01055,0.50287
CVE-2007-0591,0.04482,0.88223
CVE-2007-0592,0.01319,0.70416
CVE-2007-0593,0.01319,0.70416
CVE-2007-0594,0.01136,0.57949
CVE-2007-0595,0.01213,0.6557
CVE-2007-0596,0.01132,0.54372
CVE-2007-0597,0.01213,0.6557
CVE-2007-0598,0.00986,0.35784
CVE-2007-0599,0.01213,0.6557
CVE-2007-0600,0.04386,0.87542
CVE-2007-0601,0.01213,0.6557
CVE-2007-0602,0.02046,0.7858
CVE-2007-0603,0.08336,0.93297
CVE-2007-0604,0.01055,0.50287
CVE-2007-0605,0.03129,0.8316
CVE-2007-0606,0.01319,0.70416
CVE-2007-0607,0.01319,0.70416
CVE-2007-0608,0.02172,0.79917
CVE-2007-0609,0.10995,0.94626999999999994
CVE-2007-0610,0.01213,0.6557
CVE-2007-0611,0.01213,0.6557
CVE-2007-0612,0.40848,0.98127
CVE-2007-0613,0.01213,0.6557
CVE-2007-0614,0.01408,0.72072
CVE-2007-0615,0.01319,0.70416
CVE-2007-0616,0.01319,0.70416
CVE-2007-0617,0.01213,0.6557
CVE-2007-0618,0.01108,0.53389
CVE-2007-0619,0.09915,0.94265
CVE-2007-0620,0.0679,0.91793
CVE-2007-0622,0.01055,0.50287
CVE-2007-0623,0.028,0.82308
CVE-2007-0624,0.01213,0.6557
CVE-2007-0625,0.01034,0.39824
CVE-2007-0626,0.08336,0.93297
CVE-2007-0627,0.01104,0.52279
CVE-2007-0628,0.01319,0.70416
CVE-2007-0629,0.01108,0.53389
CVE-2007-0630,0.01055,0.50287
CVE-2007-0631,0.01319,0.70416
CVE-2007-0632,0.01055,0.50287
CVE-2007-0633,0.0679,0.91793
CVE-2007-0634,0.10995,0.94626999999999994
CVE-2007-0635,0.10995,0.94626999999999994
CVE-2007-0636,0.0095,0.30554
CVE-2007-0637,0.0679,0.91793
CVE-2007-0638,0.0679,0.91793
CVE-2007-0639,0.01319,0.70416
CVE-2007-0640,0.01108,0.53389
CVE-2007-0641,0.07687,0.92751
CVE-2007-0642,0.01408,0.72072
CVE-2007-0643,0.06006,0.90134
CVE-2007-0644,0.04187,0.86773
CVE-2007-0645,0.04187,0.86773
CVE-2007-0646,0.12567,0.95329
CVE-2007-0647,0.01963,0.77709
CVE-2007-0648,0.01974,0.7812
CVE-2007-0649,0.04926,0.88893
CVE-2007-0650,0.1127,0.94787
CVE-2007-0651,0.01955,0.77585
CVE-2007-0652,0.01319,0.70416
CVE-2007-0653,0.09915,0.94265
CVE-2007-0654,0.1127,0.94787
CVE-2007-0655,0.01108,0.53389
CVE-2007-0656,0.04482,0.88223
CVE-2007-0657,0.01319,0.70416
CVE-2007-0658,0.02172,0.79917
CVE-2007-0659,0.01213,0.6557
CVE-2007-0660,0.01213,0.6557
CVE-2007-0661,0.01213,0.6557
CVE-2007-0662,0.0679,0.91793
CVE-2007-0663,0.01055,0.50287
CVE-2007-0664,0.01213,0.6557
CVE-2007-0665,0.01213,0.6557
CVE-2007-0666,0.03214,0.83353
CVE-2007-0667,0.05302,0.89375
CVE-2007-0668,0.01104,0.52279
CVE-2007-0669,0.01282,0.67298
CVE-2007-0670,0.02172,0.79379
CVE-2007-0671,0.46718,0.98435
CVE-2007-0672,0.01136,0.57949
CVE-2007-0673,0.01213,0.6557
CVE-2007-0674,0.13105,0.9547
CVE-2007-0675,0.23038,0.96506
CVE-2007-0676,0.00986,0.35784
CVE-2007-0677,0.07197,0.92068
CVE-2007-0678,0.00986,0.35784
CVE-2007-0679,0.04482,0.88223
CVE-2007-0680,0.0679,0.91793
CVE-2007-0681,0.04187,0.86773
CVE-2007-0682,0.0679,0.91793
CVE-2007-0683,0.07197,0.92068
CVE-2007-0684,0.0679,0.91793
CVE-2007-0685,0.06916,0.91837
CVE-2007-0686,0.04187,0.86773
CVE-2007-0687,0.00986,0.35784
CVE-2007-0688,0.01139,0.58345
CVE-2007-0689,0.01319,0.70416
CVE-2007-0690,0.01319,0.70416
CVE-2007-0692,0.01213,0.6557
CVE-2007-0693,0.028,0.82308
CVE-2007-0694,0.03129,0.8316
CVE-2007-0695,0.01213,0.6557
CVE-2007-0696,0.01213,0.6557
CVE-2007-0697,0.0679,0.91793
CVE-2007-0698,0.01136,0.57949
CVE-2007-0699,0.07197,0.92068
CVE-2007-0700,0.01974,0.7812
CVE-2007-0701,0.0679,0.91793
CVE-2007-0702,0.0679,0.91793
CVE-2007-0703,0.04187,0.86773
CVE-2007-0704,0.01136,0.57949
CVE-2007-0705,0.01319,0.70416
CVE-2007-0706,0.01136,0.57949
CVE-2007-0707,0.06523,0.90962
CVE-2007-0708,0.01761,0.7555
CVE-2007-0709,0.0095,0.30554
CVE-2007-0710,0.01319,0.70416
CVE-2007-0711,0.06154,0.90253
CVE-2007-0712,0.06154,0.90253
CVE-2007-0713,0.06154,0.90253
CVE-2007-0714,0.06154,0.90253
CVE-2007-0715,0.06154,0.90253
CVE-2007-0716,0.06154,0.90253
CVE-2007-0717,0.06154,0.90253
CVE-2007-0718,0.06154,0.90253
CVE-2007-0719,0.09174,0.9391
CVE-2007-0720,0.04358,0.87435
CVE-2007-0721,0.0628,0.90355
CVE-2007-0722,0.09174,0.9391
CVE-2007-0723,0.01649,0.75017
CVE-2007-0724,0.01547,0.74085
CVE-2007-0725,0.01837,0.76209
CVE-2007-0726,0.01974,0.7812
CVE-2007-0728,0.01282,0.67298
CVE-2007-0729,0.01282,0.67298
CVE-2007-0730,0.01974,0.7812
CVE-2007-0731,0.03009,0.82821
CVE-2007-0732,0.01104,0.52279
CVE-2007-0733,0.06154,0.90253
CVE-2007-0734,0.03009,0.82821
CVE-2007-0735,0.03551,0.84143
CVE-2007-0736,0.09174,0.9391
CVE-2007-0737,0.01104,0.52279
CVE-2007-0738,0.01104,0.52279
CVE-2007-0739,0.01104,0.52279
CVE-2007-0740,0.01183,0.60428
CVE-2007-0741,0.06494,0.90631
CVE-2007-0742,0.01408,0.72072
CVE-2007-0743,0.01104,0.52279
CVE-2007-0744,0.01034,0.39824
CVE-2007-0745,0.01132,0.54372
CVE-2007-0746,0.10439,0.94383
CVE-2007-0747,0.01282,0.67298
CVE-2007-0748,0.10439,0.94383
CVE-2007-0749,0.10439,0.94383
CVE-2007-0750,0.04169,0.85428
CVE-2007-0751,0.01104,0.52279
CVE-2007-0752,0.0322,0.83442
CVE-2007-0753,0.07723,0.92755
CVE-2007-0754,0.05903,0.90071
CVE-2007-0756,0.0679,0.91793
CVE-2007-0757,0.0679,0.91793
CVE-2007-0758,0.04187,0.86773
CVE-2007-0759,0.01139,0.58345
CVE-2007-0760,0.04482,0.88223
CVE-2007-0761,0.0679,0.91793
CVE-2007-0762,0.0679,0.91793
CVE-2007-0763,0.01213,0.6557
CVE-2007-0764,0.01061,0.51015
CVE-2007-0765,0.01139,0.58345
CVE-2007-0766,0.06211,0.90307
CVE-2007-0767,0.01213,0.6557
CVE-2007-0768,0.02945,0.82784
CVE-2007-0769,0.01213,0.6557
CVE-2007-0770,0.06604,0.91138
CVE-2007-0771,0.01282,0.67298
CVE-2007-0772,0.04358,0.87435
CVE-2007-0773,0.01282,0.67298
CVE-2007-0774,0.78441,0.99428
CVE-2007-0775,0.06604,0.91138
CVE-2007-0776,0.09915,0.94265
CVE-2007-0777,0.06604,0.91138
CVE-2007-0778,0.03932,0.8519
CVE-2007-0779,0.04358,0.87435
CVE-2007-0780,0.03932,0.8519
CVE-2007-0784,0.01213,0.6557
CVE-2007-0785,0.04482,0.88223
CVE-2007-0786,0.01139,0.58345
CVE-2007-0787,0.01319,0.70416
CVE-2007-0788,0.01319,0.70416
CVE-2007-0789,0.01213,0.6557
CVE-2007-0790,0.042659999999999997,0.86883
CVE-2007-0791,0.01776,0.75902
CVE-2007-0792,0.01408,0.72072
CVE-2007-0793,0.01136,0.57949
CVE-2007-0794,0.01213,0.6557
CVE-2007-0795,0.01319,0.70416
CVE-2007-0796,0.05139,0.89128
CVE-2007-0797,0.0679,0.91793
CVE-2007-0798,0.01408,0.72072
CVE-2007-0799,0.01213,0.6557
CVE-2007-0800,0.04358,0.87435
CVE-2007-0801,0.01408,0.72072
CVE-2007-0802,0.01213,0.6557
CVE-2007-0803,0.1127,0.94787
CVE-2007-0804,0.04482,0.88223
CVE-2007-0805,0.0322,0.83442
CVE-2007-0806,0.01213,0.6557
CVE-2007-0807,0.01319,0.70416
CVE-2007-0808,0.01136,0.57949
CVE-2007-0809,0.0679,0.91793
CVE-2007-0810,0.04187,0.86773
CVE-2007-0811,0.25598,0.96882
CVE-2007-0812,0.01139,0.58345
CVE-2007-0813,0.01213,0.6557
CVE-2007-0814,0.01319,0.70416
CVE-2007-0815,0.01213,0.6557
CVE-2007-0816,0.10995,0.94626999999999994
CVE-2007-0817,0.03765,0.8441
CVE-2007-0819,0.01282,0.67298
CVE-2007-0820,0.0679,0.91793
CVE-2007-0821,0.04187,0.86773
CVE-2007-0822,0.01034,0.39824
CVE-2007-0823,0.0089,0.2856
CVE-2007-0824,0.04482,0.88223
CVE-2007-0825,0.04187,0.86773
CVE-2007-0826,0.00986,0.35784
CVE-2007-0827,0.15607,0.95873
CVE-2007-0828,0.0679,0.91793
CVE-2007-0829,0.01034,0.39824
CVE-2007-0830,0.01132,0.54372
CVE-2007-0831,0.01055,0.50287
CVE-2007-0832,0.0089,0.2856
CVE-2007-0833,0.0089,0.2856
CVE-2007-0834,0.01136,0.57949
CVE-2007-0835,0.01132,0.54372
CVE-2007-0836,0.04187,0.86773
CVE-2007-0837,0.0679,0.91793
CVE-2007-0838,0.01183,0.60428
CVE-2007-0839,0.0679,0.91793
CVE-2007-0840,0.01213,0.6557
CVE-2007-0841,0.01018,0.38792
CVE-2007-0842,0.06118,0.90183
CVE-2007-0844,0.01213,0.6557
CVE-2007-0845,0.04187,0.86773
CVE-2007-0846,0.01213,0.6557
CVE-2007-0847,0.01213,0.6557
CVE-2007-0848,0.0679,0.91793
CVE-2007-0849,0.01761,0.7555
CVE-2007-0850,0.03214,0.83353
CVE-2007-0851,0.12248,0.95092
CVE-2007-0852,0.01136,0.57949
CVE-2007-0853,0.01213,0.6557
CVE-2007-0854,0.1127,0.94787
CVE-2007-0855,0.09915,0.94265
CVE-2007-0856,0.02172,0.79379
CVE-2007-0857,0.01955,0.77585
CVE-2007-0859,0.01537,0.73595
CVE-2007-0860,0.01055,0.50287
CVE-2007-0861,0.01213,0.6557
CVE-2007-0862,0.01055,0.50287
CVE-2007-0863,0.06523,0.90962
CVE-2007-0864,0.01139,0.58345
CVE-2007-0865,0.01139,0.58345
CVE-2007-0866,0.01887,0.76425
CVE-2007-0867,0.04482,0.88223
CVE-2007-0868,0.01055,0.50287
CVE-2007-0869,0.01136,0.57949
CVE-2007-0870,0.24173,0.96655
CVE-2007-0871,0.0679,0.91793
CVE-2007-0872,0.07197,0.92068
CVE-2007-0873,0.07197,0.92068
CVE-2007-0874,0.01319,0.70416
CVE-2007-0875,0.01319,0.70416
CVE-2007-0876,0.01408,0.72072
CVE-2007-0877,0.00885,0.26162
CVE-2007-0878,0.16864,0.95983
CVE-2007-0879,0.06523,0.90962
CVE-2007-0880,0.01055,0.50287
CVE-2007-0881,0.0679,0.91793
CVE-2007-0882,0.78891,0.99439
CVE-2007-0883,0.10995,0.94626999999999994
CVE-2007-0884,0.05139,0.89128
CVE-2007-0886,0.12822,0.95405
CVE-2007-0887,0.0679,0.91793
CVE-2007-0888,0.10995,0.94626999999999994
CVE-2007-0889,0.0095,0.30554
CVE-2007-0890,0.02945,0.82784
CVE-2007-0891,0.01319,0.70416
CVE-2007-0892,0.01213,0.6557
CVE-2007-0893,0.01213,0.6557
CVE-2007-0894,0.01974,0.7812
CVE-2007-0895,0.01104,0.52279
CVE-2007-0896,0.03129,0.8316
CVE-2007-0897,0.04358,0.87435
CVE-2007-0898,0.04358,0.87435
CVE-2007-0899,0.00885,0.26162
CVE-2007-0900,0.12567,0.95329
CVE-2007-0901,0.01213,0.6557
CVE-2007-0902,0.01213,0.6557
CVE-2007-0903,0.01108,0.53389
CVE-2007-0904,0.00986,0.35784
CVE-2007-0905,0.01537,0.73595
CVE-2007-0906,0.04229,0.86856
CVE-2007-0907,0.02686,0.82061
CVE-2007-0908,0.15272,0.95729
CVE-2007-0909,0.04421,0.87629
CVE-2007-0910,0.02686,0.82061
CVE-2007-0911,0.10995,0.94626999999999994
CVE-2007-0912,0.01213,0.6557
CVE-2007-0913,0.16197,0.95907
CVE-2007-0914,0.01408,0.72072
CVE-2007-0915,0.01974,0.7812
CVE-2007-0916,0.01282,0.67298
CVE-2007-0917,0.01974,0.7812
CVE-2007-0918,0.01974,0.7812
CVE-2007-0919,0.0679,0.91793
CVE-2007-0920,0.00986,0.35784
CVE-2007-0921,0.01213,0.6557
CVE-2007-0922,0.01213,0.6557
CVE-2007-0923,0.01213,0.6557
CVE-2007-0924,0.01213,0.6557
CVE-2007-0925,0.01917,0.77071
CVE-2007-0926,0.01136,0.57949
CVE-2007-0927,0.20096,0.96253
CVE-2007-0928,0.01213,0.6557
CVE-2007-0929,0.01319,0.70416
CVE-2007-0930,0.00954,0.34522
CVE-2007-0931,0.0547,0.89492
CVE-2007-0932,0.01408,0.72072
CVE-2007-0933,0.24611,0.96685
CVE-2007-0934,0.46718,0.98435
CVE-2007-0936,0.46718,0.98435
CVE-2007-0938,0.46718,0.98435
CVE-2007-0939,0.20648,0.96329
CVE-2007-0940,0.46718,0.98435
CVE-2007-0942,0.46718,0.98435
CVE-2007-0943,0.46718,0.98435
CVE-2007-0944,0.46718,0.98435
CVE-2007-0945,0.46718,0.98435
CVE-2007-0946,0.46718,0.98435
CVE-2007-0947,0.46718,0.98435
CVE-2007-0948,0.25337,0.96837
CVE-2007-0949,0.15607,0.95873
CVE-2007-0950,0.01917,0.77071
CVE-2007-0951,0.00986,0.35784
CVE-2007-0952,0.01213,0.6557
CVE-2007-0953,0.01319,0.70416
CVE-2007-0954,0.00954,0.34522
CVE-2007-0955,0.07197,0.92068
CVE-2007-0956,0.04358,0.87435
CVE-2007-0957,0.09085,0.93856
CVE-2007-0958,0.01547,0.74085
CVE-2007-0959,0.01974,0.7812
CVE-2007-0960,0.01815,0.76117
CVE-2007-0961,0.03779,0.84781
CVE-2007-0962,0.02172,0.79917
CVE-2007-0963,0.01213,0.6557
CVE-2007-0964,0.01213,0.6557
CVE-2007-0965,0.01213,0.6557
CVE-2007-0966,0.01319,0.70416
CVE-2007-0967,0.01213,0.6557
CVE-2007-0968,0.01232,0.66248
CVE-2007-0969,0.01319,0.70416
CVE-2007-0970,0.028,0.82308
CVE-2007-0971,0.01139,0.58345
CVE-2007-0972,0.07197,0.92068
CVE-2007-0973,0.01319,0.70416
CVE-2007-0974,0.00954,0.34522
CVE-2007-0975,0.00954,0.34522
CVE-2007-0976,0.15607,0.95873
CVE-2007-0977,0.28116,0.97147
CVE-2007-0978,0.01034,0.39824
CVE-2007-0979,0.01213,0.6557
CVE-2007-0980,0.01319,0.70416
CVE-2007-0981,0.15272,0.95729
CVE-2007-0982,0.01917,0.77071
CVE-2007-0983,0.0679,0.91793
CVE-2007-0984,0.01139,0.58345
CVE-2007-0985,0.00986,0.35784
CVE-2007-0986,0.01408,0.72072
CVE-2007-0987,0.01319,0.70416
CVE-2007-0988,0.02686,0.82061
CVE-2007-0994,0.04358,0.87435
CVE-2007-0995,0.03932,0.8519
CVE-2007-0996,0.03932,0.8519
CVE-2007-0997,0.00885,0.26162
CVE-2007-0998,0.01547,0.74085
CVE-2007-0999,0.06309,0.90494
CVE-2007-1000,0.0322,0.83442
CVE-2007-1001,0.27992,0.97142
CVE-2007-1002,0.12248,0.95092
CVE-2007-1003,0.09085,0.93856
CVE-2007-1004,0.01776,0.75902
CVE-2007-1005,0.01408,0.72072
CVE-2007-1006,0.04229,0.86856
CVE-2007-1007,0.08228,0.93218
CVE-2007-1008,0.04482,0.88223
CVE-2007-1009,0.0095,0.30554
CVE-2007-1010,0.10995,0.94626999999999994
CVE-2007-1011,0.0679,0.91793
CVE-2007-1012,0.01213,0.6557
CVE-2007-1013,0.0679,0.91793
CVE-2007-1014,0.12822,0.95405
CVE-2007-1015,0.01136,0.57949
CVE-2007-1016,0.01055,0.50287
CVE-2007-1017,0.0679,0.91793
CVE-2007-1018,0.01055,0.50287
CVE-2007-1019,0.01139,0.58345
CVE-2007-1020,0.03129,0.8316
CVE-2007-1021,0.00986,0.35784
CVE-2007-1022,0.00986,0.35784
CVE-2007-1023,0.00986,0.35784
CVE-2007-1024,0.0679,0.91793
CVE-2007-1025,0.04482,0.88223
CVE-2007-1026,0.028,0.82308
CVE-2007-1027,0.01034,0.39824
CVE-2007-1028,0.01213,0.6557
CVE-2007-1029,0.19528,0.96205
CVE-2007-1030,0.01319,0.70416
CVE-2007-1031,0.04187,0.86773
CVE-2007-1032,0.01213,0.6557
CVE-2007-1033,0.01213,0.6557
CVE-2007-1034,0.00986,0.35784
CVE-2007-1035,0.01319,0.70416
CVE-2007-1036,0.80096,0.99484
CVE-2007-1037,0.07687,0.92751
CVE-2007-1038,0.01213,0.6557
CVE-2007-1039,0.01018,0.38792
CVE-2007-1040,0.0679,0.91793
CVE-2007-1041,0.15607,0.95873
CVE-2007-1042,0.01136,0.57949
CVE-2007-1043,0.0679,0.91793
CVE-2007-1044,0.0679,0.91793
CVE-2007-1045,0.01213,0.6557
CVE-2007-1046,0.01213,0.6557
CVE-2007-1047,0.01213,0.6557
CVE-2007-1048,0.01213,0.6557
CVE-2007-1049,0.04894,0.88891
CVE-2007-1050,0.04894,0.88891
CVE-2007-1051,0.01034,0.39824
CVE-2007-1052,0.01213,0.6557
CVE-2007-1053,0.01213,0.6557
CVE-2007-1054,0.01955,0.77585
CVE-2007-1055,0.01319,0.70416
CVE-2007-1056,0.0095,0.30554
CVE-2007-1057,0.05625,0.89579
CVE-2007-1058,0.00986,0.35784
CVE-2007-1059,0.0679,0.91793
CVE-2007-1060,0.10995,0.94626999999999994
CVE-2007-1061,0.3274,0.97523
CVE-2007-1062,0.01408,0.72072
CVE-2007-1063,0.01408,0.72072
CVE-2007-1064,0.01104,0.52279
CVE-2007-1065,0.01104,0.52279
CVE-2007-1066,0.01104,0.52279
CVE-2007-1067,0.01104,0.52279
CVE-2007-1068,0.01104,0.52279
CVE-2007-1069,0.01537,0.73595
CVE-2007-1070,0.80946,0.99503
CVE-2007-1071,0.38152,0.9788
CVE-2007-1072,0.0095,0.30554
CVE-2007-1073,0.01136,0.57949
CVE-2007-1074,0.20096,0.96253
CVE-2007-1075,0.00954,0.34522
CVE-2007-1076,0.10995,0.94626999999999994
CVE-2007-1077,0.00986,0.35784
CVE-2007-1078,0.0679,0.91793
CVE-2007-1079,0.04187,0.86773
CVE-2007-1080,0.01108,0.53389
CVE-2007-1081,0.01108,0.53389
CVE-2007-1082,0.04482,0.88223
CVE-2007-1083,0.12248,0.95092
CVE-2007-1084,0.01955,0.77585
CVE-2007-1085,0.03129,0.8316
CVE-2007-1086,0.01034,0.39824
CVE-2007-1087,0.01755,0.75287
CVE-2007-1088,0.01755,0.75287
CVE-2007-1089,0.0095,0.30554
CVE-2007-1090,0.24729,0.96719
CVE-2007-1091,0.24173,0.96655
CVE-2007-1092,0.09915,0.94265
CVE-2007-1093,0.05139,0.89128
CVE-2007-1094,0.13105,0.9547
CVE-2007-1095,0.03932,0.8519
CVE-2007-1096,0.01136,0.57949
CVE-2007-1097,0.01213,0.6557
CVE-2007-1098,0.00954,0.34522
CVE-2007-1099,0.01319,0.70416
CVE-2007-1100,0.07197,0.92068
CVE-2007-1101,0.03129,0.8316
CVE-2007-1102,0.01319,0.70416
CVE-2007-1103,0.01213,0.6557
CVE-2007-1104,0.04482,0.88223
CVE-2007-1105,0.04482,0.88223
CVE-2007-1106,0.04482,0.88223
CVE-2007-1107,0.04386,0.87542
CVE-2007-1108,0.0679,0.91793
CVE-2007-1109,0.01319,0.70416
CVE-2007-1110,0.0679,0.91793
CVE-2007-1111,0.12328,0.95117
CVE-2007-1112,0.01974,0.7812
CVE-2007-1114,0.13782,0.95593
CVE-2007-1115,0.01955,0.77585
CVE-2007-1116,0.01319,0.70416
CVE-2007-1117,0.34513,0.97636
CVE-2007-1118,0.0679,0.91793
CVE-2007-1119,0.01319,0.70416
CVE-2007-1120,0.01213,0.6557
CVE-2007-1121,0.01213,0.6557
CVE-2007-1122,0.01213,0.6557
CVE-2007-1123,0.01319,0.70416
CVE-2007-1124,0.04482,0.88223
CVE-2007-1125,0.02945,0.82784
CVE-2007-1126,0.0679,0.91793
CVE-2007-1127,0.0679,0.91793
CVE-2007-1128,0.01213,0.6557
CVE-2007-1129,0.01213,0.6557
CVE-2007-1130,0.04482,0.88223
CVE-2007-1131,0.04482,0.88223
CVE-2007-1132,0.01213,0.6557
CVE-2007-1133,0.0679,0.91793
CVE-2007-1134,0.01018,0.38792
CVE-2007-1135,0.01213,0.6557
CVE-2007-1136,0.06523,0.90962
CVE-2007-1137,0.01319,0.70416
CVE-2007-1138,0.04187,0.86773
CVE-2007-1139,0.01213,0.6557
CVE-2007-1140,0.04187,0.86773
CVE-2007-1141,0.04187,0.86773
CVE-2007-1142,0.01917,0.77071
CVE-2007-1143,0.01213,0.6557
CVE-2007-1144,0.01408,0.72072
CVE-2007-1145,0.01319,0.70416
CVE-2007-1146,0.01213,0.6557
CVE-2007-1147,0.01136,0.57949
CVE-2007-1148,0.04482,0.88223
CVE-2007-1149,0.0679,0.91793
CVE-2007-1150,0.01132,0.54372
CVE-2007-1151,0.01917,0.77071
CVE-2007-1152,0.04187,0.86773
CVE-2007-1153,0.01055,0.50287
CVE-2007-1154,0.01136,0.57949
CVE-2007-1155,0.01061,0.51015
CVE-2007-1156,0.0679,0.91793
CVE-2007-1157,0.01213,0.6557
CVE-2007-1158,0.10995,0.94626999999999994
CVE-2007-1159,0.01917,0.77071
CVE-2007-1160,0.01136,0.57949
CVE-2007-1161,0.01213,0.6557
CVE-2007-1162,0.04187,0.86773
CVE-2007-1163,0.00986,0.35784
CVE-2007-1164,0.12567,0.95329
CVE-2007-1165,0.0679,0.91793
CVE-2007-1166,0.01139,0.58345
CVE-2007-1167,0.0679,0.91793
CVE-2007-1168,0.01319,0.70416
CVE-2007-1169,0.01055,0.50287
CVE-2007-1170,0.01319,0.70416
CVE-2007-1171,0.02172,0.79917
CVE-2007-1172,0.01213,0.6557
CVE-2007-1173,0.1127,0.94787
CVE-2007-1174,0.01213,0.6557
CVE-2007-1175,0.01213,0.6557
CVE-2007-1176,0.01955,0.77585
CVE-2007-1177,0.01183,0.60428
CVE-2007-1178,0.01108,0.53389
CVE-2007-1179,0.01018,0.38792
CVE-2007-1180,0.01018,0.38792
CVE-2007-1181,0.01018,0.38792
CVE-2007-1182,0.01018,0.38792
CVE-2007-1183,0.01213,0.6557
CVE-2007-1184,0.01018,0.38792
CVE-2007-1185,0.01018,0.38792
CVE-2007-1186,0.01018,0.38792
CVE-2007-1187,0.01232,0.66248
CVE-2007-1188,0.01213,0.6557
CVE-2007-1189,0.01761,0.7555
CVE-2007-1190,0.05532,0.89536
CVE-2007-1191,0.0095,0.30554
CVE-2007-1192,0.04187,0.86773
CVE-2007-1193,0.01018,0.38792
CVE-2007-1194,0.01637,0.74923
CVE-2007-1195,0.07687,0.92751
CVE-2007-1196,0.03425,0.8393
CVE-2007-1197,0.00885,0.26162
CVE-2007-1198,0.01055,0.50287
CVE-2007-1199,0.08587,0.93617
CVE-2007-1201,0.39294,0.97941
CVE-2007-1202,0.46718,0.98435
CVE-2007-1203,0.46718,0.98435
CVE-2007-1204,0.46718,0.98435
CVE-2007-1205,0.46718,0.98435
CVE-2007-1206,0.01977,0.78121
CVE-2007-1209,0.01977,0.78121
CVE-2007-1211,0.20648,0.96329
CVE-2007-1212,0.02087,0.79049
CVE-2007-1213,0.02087,0.79049
CVE-2007-1214,0.46718,0.98435
CVE-2007-1215,0.02087,0.79049
CVE-2007-1216,0.09085,0.93856
CVE-2007-1217,0.01547,0.74085
CVE-2007-1218,0.04358,0.87435
CVE-2007-1219,0.04482,0.88223
CVE-2007-1220,0.05173,0.89136
CVE-2007-1221,0.09354,0.9396
CVE-2007-1222,0.01592,0.74578
CVE-2007-1223,0.00954,0.34522
CVE-2007-1224,0.01213,0.6557
CVE-2007-1225,0.01213,0.6557
CVE-2007-1226,0.01104,0.52279
CVE-2007-1227,0.0322,0.83442
CVE-2007-1228,0.0095,0.30554
CVE-2007-1229,0.02945,0.82784
CVE-2007-1230,0.01319,0.70416
CVE-2007-1231,0.01917,0.77071
CVE-2007-1232,0.0679,0.91793
CVE-2007-1233,0.0679,0.91793
CVE-2007-1234,0.01319,0.70416
CVE-2007-1235,0.01136,0.57949
CVE-2007-1236,0.01213,0.6557
CVE-2007-1237,0.01136,0.57949
CVE-2007-1238,0.11676,0.94929
CVE-2007-1239,0.11676,0.94929
CVE-2007-1240,0.01917,0.77071
CVE-2007-1241,0.01917,0.77071
CVE-2007-1242,0.00986,0.35784
CVE-2007-1243,0.04187,0.86773
CVE-2007-1244,0.03129,0.8316
CVE-2007-1245,0.01213,0.6557
CVE-2007-1246,0.09915,0.94265
CVE-2007-1247,0.10995,0.94626999999999994
CVE-2007-1248,0.02945,0.82784
CVE-2007-1249,0.01319,0.70416
CVE-2007-1250,0.04386,0.87542
CVE-2007-1251,0.12428,0.95128
CVE-2007-1252,0.0547,0.89492
CVE-2007-1253,0.01955,0.77585
CVE-2007-1254,0.01132,0.54372
CVE-2007-1255,0.01132,0.54372
CVE-2007-1256,0.01213,0.6557
CVE-2007-1257,0.01974,0.7812
CVE-2007-1258,0.01319,0.70416
CVE-2007-1259,0.01018,0.38792
CVE-2007-1260,0.15607,0.95873
CVE-2007-1261,0.01018,0.38792
CVE-2007-1262,0.03932,0.8519
CVE-2007-1263,0.12567,0.95329
CVE-2007-1264,0.10995,0.94626999999999994
CVE-2007-1265,0.01974,0.7812
CVE-2007-1266,0.10995,0.94626999999999994
CVE-2007-1267,0.01974,0.7812
CVE-2007-1268,0.01974,0.7812
CVE-2007-1269,0.01974,0.7812
CVE-2007-1270,0.04229,0.86856
CVE-2007-1271,0.01282,0.67298
CVE-2007-1273,0.0089,0.2856
CVE-2007-1276,0.01319,0.70416
CVE-2007-1277,0.10995,0.94626999999999994
CVE-2007-1278,0.01319,0.70416
CVE-2007-1279,0.01221,0.65581
CVE-2007-1280,0.12244,0.94988
CVE-2007-1281,0.01319,0.70416
CVE-2007-1282,0.09915,0.94265
CVE-2007-1285,0.15272,0.95729
CVE-2007-1286,0.71628,0.99155
CVE-2007-1287,0.03129,0.8316
CVE-2007-1288,0.01319,0.70416
CVE-2007-1289,0.01139,0.58345
CVE-2007-1290,0.01055,0.50287
CVE-2007-1291,0.02945,0.82784
CVE-2007-1292,0.01139,0.58345
CVE-2007-1293,0.01139,0.58345
CVE-2007-1294,0.04187,0.86773
CVE-2007-1295,0.01139,0.58345
CVE-2007-1296,0.00986,0.35784
CVE-2007-1297,0.04386,0.87542
CVE-2007-1298,0.01139,0.58345
CVE-2007-1299,0.04482,0.88223
CVE-2007-1300,0.01136,0.57949
CVE-2007-1301,0.11379,0.94814
CVE-2007-1302,0.01408,0.72072
CVE-2007-1303,0.0679,0.91793
CVE-2007-1304,0.01319,0.70416
CVE-2007-1305,0.01319,0.70416
CVE-2007-1306,0.12567,0.95329
CVE-2007-1307,0.01018,0.38792
CVE-2007-1308,0.05356,0.89424
CVE-2007-1309,0.01132,0.54372
CVE-2007-1313,0.04229,0.86856
CVE-2007-1319,0.12248,0.95092
CVE-2007-1320,0.02172,0.79379
CVE-2007-1321,0.01547,0.74085
CVE-2007-1322,0.01282,0.67298
CVE-2007-1324,0.01319,0.70416
CVE-2007-1325,0.01537,0.73595
CVE-2007-1326,0.01213,0.6557
CVE-2007-1327,0.0679,0.91793
CVE-2007-1328,0.01136,0.57949
CVE-2007-1329,0.08263,0.93269
CVE-2007-1330,0.01924,0.77129
CVE-2007-1331,0.02945,0.82784
CVE-2007-1332,0.01319,0.70416
CVE-2007-1337,0.01537,0.73595
CVE-2007-1338,0.01408,0.72072
CVE-2007-1339,0.01139,0.58345
CVE-2007-1340,0.04187,0.86773
CVE-2007-1341,0.01108,0.53389
CVE-2007-1342,0.01213,0.6557
CVE-2007-1343,0.02172,0.79917
CVE-2007-1344,0.07777,0.92953
CVE-2007-1345,0.01282,0.67298
CVE-2007-1346,0.01034,0.39824
CVE-2007-1347,0.39018,0.9793
CVE-2007-1349,0.07344,0.92237
CVE-2007-1350,0.13234,0.95482
CVE-2007-1351,0.11419,0.94831
CVE-2007-1352,0.09085,0.93856
CVE-2007-1353,0.01547,0.74085
CVE-2007-1354,0.01132,0.54372
CVE-2007-1355,0.7024,0.99118
CVE-2007-1357,0.12567,0.95329
CVE-2007-1358,0.07344,0.92237
CVE-2007-1359,0.12567,0.95329
CVE-2007-1360,0.01232,0.66248
CVE-2007-1361,0.01213,0.6557
CVE-2007-1362,0.15272,0.95729
CVE-2007-1363,0.00986,0.35784
CVE-2007-1364,0.04482,0.88223
CVE-2007-1365,0.35205,0.97726
CVE-2007-1366,0.01282,0.67298
CVE-2007-1367,0.01213,0.6557
CVE-2007-1368,0.01232,0.66248
CVE-2007-1369,0.02046,0.7858
CVE-2007-1370,0.01034,0.39824
CVE-2007-1371,0.08037,0.9302
CVE-2007-1372,0.04482,0.88223
CVE-2007-1373,0.72015,0.99186
CVE-2007-1374,0.01213,0.6557
CVE-2007-1375,0.12567,0.95329
CVE-2007-1376,0.12567,0.95329
CVE-2007-1377,0.05334,0.89381
CVE-2007-1378,0.00954,0.34522
CVE-2007-1379,0.0292,0.82516
CVE-2007-1380,0.12567,0.95329
CVE-2007-1381,0.042659999999999997,0.86883
CVE-2007-1382,0.03533,0.84105
CVE-2007-1383,0.09006,0.9374
CVE-2007-1384,0.03779,0.84781
CVE-2007-1385,0.03779,0.84781
CVE-2007-1387,0.08336,0.93297
CVE-2007-1388,0.0322,0.83442
CVE-2007-1389,0.01213,0.6557
CVE-2007-1390,0.01213,0.6557
CVE-2007-1391,0.0679,0.91793
CVE-2007-1392,0.04482,0.88223
CVE-2007-1393,0.0679,0.91793
CVE-2007-1394,0.0679,0.91793
CVE-2007-1395,0.01408,0.72072
CVE-2007-1396,0.02172,0.79917
CVE-2007-1397,0.15607,0.95873
CVE-2007-1398,0.04187,0.86773
CVE-2007-1399,0.40588,0.98099
CVE-2007-1400,0.01034,0.39824
CVE-2007-1401,0.01761,0.7555
CVE-2007-1402,0.04187,0.86773
CVE-2007-1403,0.06211,0.90307
CVE-2007-1404,0.04187,0.86773
CVE-2007-1405,0.01213,0.6557
CVE-2007-1406,0.00885,0.26162
CVE-2007-1407,0.00885,0.26162
CVE-2007-1408,0.00954,0.34522
CVE-2007-1409,0.01213,0.6557
CVE-2007-1410,0.00986,0.35784
CVE-2007-1411,0.15607,0.95873
CVE-2007-1412,0.04187,0.86773
CVE-2007-1413,0.09006,0.9374
CVE-2007-1414,0.02172,0.79917
CVE-2007-1415,0.12567,0.95329
CVE-2007-1416,0.0679,0.91793
CVE-2007-1417,0.01139,0.58345
CVE-2007-1418,0.01213,0.6557
CVE-2007-1419,0.01232,0.66248
CVE-2007-1420,0.03156,0.83166
CVE-2007-1421,0.0679,0.91793
CVE-2007-1422,0.00986,0.35784
CVE-2007-1423,0.04482,0.88223
CVE-2007-1424,0.04187,0.86773
CVE-2007-1425,0.00986,0.35784
CVE-2007-1426,0.01319,0.70416
CVE-2007-1427,0.04187,0.86773
CVE-2007-1428,0.00986,0.35784
CVE-2007-1429,0.01136,0.57949
CVE-2007-1430,0.04187,0.86773
CVE-2007-1431,0.01018,0.38792
CVE-2007-1432,0.01213,0.6557
CVE-2007-1433,0.01213,0.6557
CVE-2007-1434,0.01213,0.6557
CVE-2007-1435,0.64245,0.98957
CVE-2007-1436,0.01408,0.72072
CVE-2007-1437,0.05302,0.89375
CVE-2007-1438,0.01213,0.6557
CVE-2007-1439,0.07197,0.92068
CVE-2007-1440,0.01213,0.6557
CVE-2007-1441,0.01408,0.72072
CVE-2007-1442,0.0095,0.30554
CVE-2007-1443,0.01319,0.70416
CVE-2007-1444,0.0095,0.30554
CVE-2007-1445,0.00986,0.35784
CVE-2007-1446,0.04482,0.88223
CVE-2007-1447,0.20082,0.9623
CVE-2007-1448,0.01649,0.75017
CVE-2007-1449,0.01213,0.6557
CVE-2007-1450,0.01055,0.50287
CVE-2007-1451,0.01213,0.6557
CVE-2007-1452,0.04187,0.86773
CVE-2007-1453,0.09006,0.9374
CVE-2007-1454,0.01319,0.70416
CVE-2007-1455,0.04187,0.86773
CVE-2007-1456,0.01213,0.6557
CVE-2007-1457,0.03214,0.83353
CVE-2007-1458,0.12567,0.95329
CVE-2007-1459,0.0679,0.91793
CVE-2007-1460,0.02172,0.79917
CVE-2007-1461,0.02172,0.79917
CVE-2007-1462,0.00885,0.26162
CVE-2007-1463,0.12248,0.95092
CVE-2007-1464,0.1127,0.94787
CVE-2007-1465,0.15607,0.95873
CVE-2007-1466,0.08228,0.93218
CVE-2007-1467,0.01483,0.7269
CVE-2007-1468,0.01408,0.72072
CVE-2007-1469,0.01139,0.58345
CVE-2007-1470,0.06523,0.90962
CVE-2007-1471,0.04187,0.86773
CVE-2007-1472,0.10995,0.94626999999999994
CVE-2007-1473,0.05649,0.89807
CVE-2007-1474,0.07742,0.9277
CVE-2007-1475,0.03429,0.83932
CVE-2007-1476,0.0322,0.83442
CVE-2007-1477,0.01213,0.6557
CVE-2007-1478,0.04187,0.86773
CVE-2007-1479,0.01213,0.6557
CVE-2007-1480,0.01213,0.6557
CVE-2007-1481,0.01213,0.6557
CVE-2007-1482,0.01213,0.6557
CVE-2007-1483,0.0679,0.91793
CVE-2007-1484,0.05625,0.89579
CVE-2007-1485,0.0292,0.82516
CVE-2007-1486,0.01408,0.72072
CVE-2007-1487,0.0679,0.91793
CVE-2007-1488,0.01319,0.70416
CVE-2007-1489,0.01319,0.70416
CVE-2007-1490,0.01061,0.51015
CVE-2007-1491,0.0089,0.2856
CVE-2007-1492,0.20999,0.96367
CVE-2007-1493,0.04187,0.86773
CVE-2007-1494,0.01055,0.50287
CVE-2007-1495,0.0089,0.2856
CVE-2007-1496,0.01547,0.74085
CVE-2007-1497,0.03779,0.84781
CVE-2007-1498,0.1127,0.94787
CVE-2007-1499,0.63976,0.98955
CVE-2007-1500,0.01034,0.39824
CVE-2007-1501,0.06211,0.90307
CVE-2007-1502,0.07777,0.92953
CVE-2007-1503,0.06523,0.90962
CVE-2007-1504,0.01408,0.72072
CVE-2007-1505,0.01104,0.52279
CVE-2007-1506,0.11165,0.94647
CVE-2007-1507,0.02686,0.82061
CVE-2007-1508,0.02945,0.82784
CVE-2007-1509,0.04482,0.88223
CVE-2007-1510,0.04386,0.87542
CVE-2007-1511,0.11379,0.94814
CVE-2007-1512,0.06956,0.91856
CVE-2007-1513,0.07197,0.92068
CVE-2007-1514,0.04482,0.88223
CVE-2007-1515,0.02945,0.82784
CVE-2007-1516,0.04482,0.88223
CVE-2007-1517,0.01139,0.58345
CVE-2007-1518,0.00986,0.35784
CVE-2007-1519,0.01213,0.6557
CVE-2007-1520,0.01408,0.72072
CVE-2007-1521,0.27992,0.97142
CVE-2007-1522,0.09006,0.9374
CVE-2007-1523,0.01018,0.38792
CVE-2007-1524,0.04482,0.88223
CVE-2007-1525,0.0679,0.91793
CVE-2007-1526,0.01132,0.54372
CVE-2007-1527,0.13782,0.95593
CVE-2007-1528,0.13782,0.95593
CVE-2007-1529,0.13782,0.95593
CVE-2007-1530,0.13782,0.95593
CVE-2007-1531,0.26556,0.96997
CVE-2007-1532,0.13782,0.95593
CVE-2007-1533,0.13782,0.95593
CVE-2007-1534,0.13105,0.9547
CVE-2007-1535,0.13782,0.95593
CVE-2007-1536,0.27992,0.97142
CVE-2007-1537,0.02087,0.79049
CVE-2007-1538,0.01108,0.53389
CVE-2007-1539,0.0679,0.91793
CVE-2007-1540,0.10995,0.94626999999999994
CVE-2007-1541,0.01213,0.6557
CVE-2007-1542,0.0679,0.91793
CVE-2007-1543,0.12248,0.95092
CVE-2007-1544,0.08228,0.93218
CVE-2007-1545,0.03779,0.84781
CVE-2007-1546,0.03779,0.84781
CVE-2007-1547,0.03779,0.84781
CVE-2007-1548,0.04386,0.87542
CVE-2007-1549,0.01213,0.6557
CVE-2007-1550,0.04386,0.87542
CVE-2007-1551,0.01776,0.75902
CVE-2007-1552,0.15607,0.95873
CVE-2007-1553,0.04187,0.86773
CVE-2007-1554,0.01055,0.50287
CVE-2007-1555,0.00986,0.35784
CVE-2007-1556,0.00986,0.35784
CVE-2007-1557,0.01034,0.39824
CVE-2007-1558,0.09121,0.93864
CVE-2007-1559,0.75392,0.99312
CVE-2007-1560,0.03779,0.84781
CVE-2007-1561,0.12567,0.95329
CVE-2007-1562,0.12567,0.95329
CVE-2007-1563,0.0679,0.91793
CVE-2007-1564,0.12567,0.95329
CVE-2007-1565,0.01055,0.50287
CVE-2007-1566,0.01136,0.57949
CVE-2007-1568,0.07687,0.92751
CVE-2007-1569,0.06211,0.90307
CVE-2007-1571,0.04482,0.88223
CVE-2007-1572,0.01055,0.50287
CVE-2007-1573,0.01132,0.54372
CVE-2007-1574,0.01055,0.50287
CVE-2007-1575,0.01408,0.72072
CVE-2007-1576,0.03407,0.83908
CVE-2007-1577,0.04187,0.86773
CVE-2007-1578,0.40588,0.98099
CVE-2007-1579,0.07197,0.92068
CVE-2007-1580,0.04187,0.86773
CVE-2007-1581,0.09006,0.9374
CVE-2007-1582,0.042659999999999997,0.86883
CVE-2007-1583,0.12567,0.95329
CVE-2007-1584,0.04404,0.87551
CVE-2007-1585,0.01213,0.6557
CVE-2007-1586,0.04187,0.86773
CVE-2007-1587,0.01055,0.50287
CVE-2007-1588,0.01136,0.57949
CVE-2007-1589,0.0095,0.30554
CVE-2007-1590,0.0679,0.91793
CVE-2007-1591,0.01213,0.6557
CVE-2007-1592,0.01547,0.74085
CVE-2007-1593,0.01974,0.7812
CVE-2007-1594,0.03779,0.84781
CVE-2007-1595,0.01319,0.70416
CVE-2007-1596,0.0679,0.91793
CVE-2007-1597,0.01136,0.57949
CVE-2007-1598,0.06523,0.90962
CVE-2007-1599,0.01132,0.54372
CVE-2007-1600,0.04482,0.88223
CVE-2007-1601,0.01213,0.6557
CVE-2007-1602,0.01055,0.50287
CVE-2007-1603,0.01055,0.50287
CVE-2007-1604,0.0679,0.91793
CVE-2007-1605,0.01408,0.72072
CVE-2007-1606,0.03129,0.8316
CVE-2007-1607,0.01319,0.70416
CVE-2007-1608,0.01319,0.70416
CVE-2007-1609,0.01408,0.72072
CVE-2007-1610,0.01319,0.70416
CVE-2007-1611,0.01136,0.57949
CVE-2007-1612,0.01139,0.58345
CVE-2007-1613,0.04482,0.88223
CVE-2007-1614,0.07544,0.92484
CVE-2007-1615,0.00986,0.35784
CVE-2007-1616,0.01139,0.58345
CVE-2007-1617,0.00986,0.35784
CVE-2007-1618,0.00986,0.35784
CVE-2007-1619,0.01139,0.58345
CVE-2007-1620,0.0679,0.91793
CVE-2007-1621,0.04482,0.88223
CVE-2007-1622,0.02945,0.82784
CVE-2007-1623,0.01055,0.50287
CVE-2007-1624,0.01213,0.6557
CVE-2007-1625,0.01213,0.6557
CVE-2007-1626,0.04187,0.86773
CVE-2007-1628,0.0679,0.91793
CVE-2007-1629,0.00986,0.35784
CVE-2007-1630,0.01139,0.58345
CVE-2007-1631,0.01213,0.6557
CVE-2007-1632,0.01018,0.38792
CVE-2007-1633,0.04187,0.86773
CVE-2007-1634,0.01213,0.6557
CVE-2007-1635,0.01132,0.54372
CVE-2007-1636,0.04482,0.88223
CVE-2007-1637,0.06523,0.90962
CVE-2007-1638,0.01974,0.7812
CVE-2007-1639,0.01815,0.76117
CVE-2007-1640,0.0679,0.91793
CVE-2007-1641,0.00986,0.35784
CVE-2007-1642,0.01315,0.67456
CVE-2007-1643,0.0679,0.91793
CVE-2007-1644,0.20999,0.96367
CVE-2007-1645,0.05532,0.89536
CVE-2007-1646,0.01136,0.57949
CVE-2007-1647,0.04187,0.86773
CVE-2007-1648,0.04187,0.86773
CVE-2007-1649,0.0679,0.91793
CVE-2007-1650,0.01136,0.57949
CVE-2007-1651,0.01319,0.70416
CVE-2007-1652,0.01319,0.70416
CVE-2007-1653,0.01055,0.50287
CVE-2007-1654,0.02791,0.82239
CVE-2007-1655,0.0547,0.89492
CVE-2007-1656,0.01055,0.50287
CVE-2007-1657,0.042659999999999997,0.86883
CVE-2007-1658,0.46113,0.98301
CVE-2007-1659,0.04229,0.86856
CVE-2007-1660,0.04229,0.86856
CVE-2007-1661,0.02686,0.82061
CVE-2007-1662,0.02686,0.82061
CVE-2007-1663,0.01213,0.6557
CVE-2007-1664,0.01213,0.6557
CVE-2007-1665,0.01213,0.6557
CVE-2007-1666,0.01408,0.72072
CVE-2007-1667,0.03932,0.8519
CVE-2007-1669,0.10995,0.94626999999999994
CVE-2007-1670,0.01319,0.70416
CVE-2007-1671,0.01319,0.70416
CVE-2007-1672,0.01319,0.70416
CVE-2007-1673,0.01319,0.70416
CVE-2007-1674,0.78095,0.99418
CVE-2007-1675,0.07197,0.92068
CVE-2007-1677,0.01755,0.75287
CVE-2007-1678,0.02945,0.82784
CVE-2007-1679,0.01213,0.6557
CVE-2007-1680,0.09915,0.94265
CVE-2007-1681,0.07544,0.92484
CVE-2007-1682,0.70125,0.99114
CVE-2007-1683,0.15607,0.95873
CVE-2007-1684,0.01319,0.70416
CVE-2007-1685,0.35205,0.97726
CVE-2007-1687,0.15607,0.95873
CVE-2007-1688,0.07777,0.92953
CVE-2007-1689,0.78095,0.99418
CVE-2007-1690,0.15607,0.95873
CVE-2007-1691,0.15607,0.95873
CVE-2007-1692,0.21544,0.96385
CVE-2007-1693,0.01213,0.6557
CVE-2007-1695,0.01055,0.50287
CVE-2007-1696,0.01139,0.58345
CVE-2007-1697,0.01213,0.6557
CVE-2007-1698,0.01213,0.6557
CVE-2007-1699,0.0679,0.91793
CVE-2007-1700,0.27992,0.97142
CVE-2007-1701,0.24062,0.96648
CVE-2007-1702,0.04482,0.88223
CVE-2007-1703,0.00986,0.35784
CVE-2007-1704,0.00986,0.35784
CVE-2007-1705,0.00986,0.35784
CVE-2007-1706,0.01213,0.6557
CVE-2007-1707,0.04187,0.86773
CVE-2007-1708,0.04482,0.88223
CVE-2007-1709,0.02615,0.81258
CVE-2007-1710,0.01282,0.67298
CVE-2007-1711,0.27992,0.97142
CVE-2007-1712,0.00986,0.35784
CVE-2007-1713,0.01319,0.70416
CVE-2007-1714,0.02945,0.82784
CVE-2007-1715,0.01136,0.57949
CVE-2007-1716,0.01547,0.74085
CVE-2007-1717,0.02686,0.82061
CVE-2007-1718,0.04358,0.87435
CVE-2007-1719,0.01899,0.76481
CVE-2007-1720,0.0679,0.91793
CVE-2007-1721,0.0679,0.91793
CVE-2007-1722,0.06523,0.90962
CVE-2007-1723,0.03407,0.83908
CVE-2007-1724,0.00885,0.26162
CVE-2007-1725,0.01139,0.58345
CVE-2007-1726,0.01232,0.66248
CVE-2007-1727,0.01232,0.66248
CVE-2007-1728,0.01213,0.6557
CVE-2007-1729,0.01319,0.70416
CVE-2007-1730,0.01282,0.67298
CVE-2007-1731,0.06523,0.90962
CVE-2007-1732,0.01232,0.66248
CVE-2007-1733,0.40588,0.98099
CVE-2007-1734,0.0095,0.30554
CVE-2007-1735,0.12973,0.95423
CVE-2007-1736,0.01136,0.57949
CVE-2007-1737,0.01136,0.57949
CVE-2007-1738,0.01924,0.77129
CVE-2007-1739,0.01974,0.7812
CVE-2007-1741,0.01755,0.75287
CVE-2007-1742,0.01164,0.60046
CVE-2007-1743,0.01164,0.60046
CVE-2007-1744,0.01104,0.52279
CVE-2007-1745,0.02686,0.82061
CVE-2007-1747,0.46718,0.98435
CVE-2007-1748,0.8818,0.99789
CVE-2007-1749,0.63976,0.98955
CVE-2007-1750,0.46718,0.98435
CVE-2007-1751,0.46718,0.98435
CVE-2007-1754,0.46718,0.98435
CVE-2007-1756,0.46718,0.98435
CVE-2007-1762,0.01136,0.57949
CVE-2007-1763,0.16864,0.95983
CVE-2007-1764,0.05125,0.89049
CVE-2007-1765,0.36031,0.97768
CVE-2007-1766,0.07197,0.92068
CVE-2007-1767,0.01136,0.57949
CVE-2007-1768,0.01213,0.6557
CVE-2007-1770,0.35205,0.97726
CVE-2007-1771,0.0679,0.91793
CVE-2007-1772,0.04187,0.86773
CVE-2007-1773,0.07197,0.92068
CVE-2007-1774,0.01408,0.72072
CVE-2007-1775,0.01055,0.50287
CVE-2007-1776,0.01139,0.58345
CVE-2007-1777,0.20096,0.96253
CVE-2007-1778,0.04482,0.88223
CVE-2007-1779,0.01213,0.6557
CVE-2007-1780,0.01319,0.70416
CVE-2007-1781,0.01034,0.39824
CVE-2007-1782,0.01034,0.39824
CVE-2007-1784,0.06523,0.90962
CVE-2007-1785,0.32173,0.97492
CVE-2007-1786,0.01319,0.70416
CVE-2007-1787,0.07197,0.92068
CVE-2007-1788,0.01213,0.6557
CVE-2007-1789,0.01213,0.6557
CVE-2007-1790,0.15272,0.95729
CVE-2007-1791,0.00986,0.35784
CVE-2007-1792,0.01974,0.7812
CVE-2007-1793,0.05625,0.89579
CVE-2007-1794,0.06523,0.90962
CVE-2007-1795,0.04187,0.86773
CVE-2007-1796,0.00954,0.34522
CVE-2007-1797,0.09915,0.94265
CVE-2007-1798,0.01872,0.76301
CVE-2007-1799,0.02172,0.79917
CVE-2007-1800,0.01213,0.6557
CVE-2007-1801,0.04187,0.86773
CVE-2007-1802,0.01213,0.6557
CVE-2007-1803,0.01213,0.6557
CVE-2007-1804,0.10995,0.94626999999999994
CVE-2007-1805,0.00986,0.35784
CVE-2007-1806,0.00986,0.35784
CVE-2007-1807,0.00986,0.35784
CVE-2007-1808,0.01139,0.58345
CVE-2007-1809,0.0679,0.91793
CVE-2007-1810,0.01139,0.58345
CVE-2007-1811,0.00986,0.35784
CVE-2007-1812,0.0679,0.91793
CVE-2007-1813,0.00986,0.35784
CVE-2007-1814,0.00986,0.35784
CVE-2007-1815,0.00986,0.35784
CVE-2007-1816,0.00986,0.35784
CVE-2007-1817,0.00986,0.35784
CVE-2007-1818,0.04482,0.88223
CVE-2007-1819,0.87164,0.99725
CVE-2007-1820,0.01136,0.57949
CVE-2007-1821,0.01055,0.50287
CVE-2007-1822,0.01055,0.50287
CVE-2007-1823,0.01055,0.50287
CVE-2007-1824,0.01974,0.7812
CVE-2007-1825,0.07687,0.92751
CVE-2007-1826,0.01319,0.70416
CVE-2007-1827,0.06337,0.90513
CVE-2007-1828,0.01232,0.66248
CVE-2007-1829,0.00885,0.26162
CVE-2007-1830,0.01136,0.57949
CVE-2007-1831,0.01232,0.66248
CVE-2007-1832,0.01213,0.6557
CVE-2007-1833,0.01319,0.70416
CVE-2007-1834,0.01319,0.70416
CVE-2007-1835,0.0322,0.83442
CVE-2007-1836,0.01232,0.66248
CVE-2007-1837,0.07197,0.92068
CVE-2007-1838,0.00986,0.35784
CVE-2007-1839,0.0679,0.91793
CVE-2007-1840,0.01408,0.72072
CVE-2007-1841,0.04358,0.87435
CVE-2007-1842,0.0679,0.91793
CVE-2007-1843,0.10995,0.94626999999999994
CVE-2007-1844,0.01319,0.70416
CVE-2007-1845,0.01139,0.58345
CVE-2007-1846,0.00986,0.35784
CVE-2007-1847,0.00986,0.35784
CVE-2007-1848,0.01213,0.6557
CVE-2007-1849,0.04187,0.86773
CVE-2007-1850,0.01136,0.57949
CVE-2007-1851,0.01213,0.6557
CVE-2007-1852,0.01213,0.6557
CVE-2007-1853,0.01108,0.53389
CVE-2007-1854,0.01108,0.53389
CVE-2007-1855,0.01213,0.6557
CVE-2007-1856,0.01547,0.74085
CVE-2007-1858,0.07344,0.92237
CVE-2007-1859,0.01547,0.74085
CVE-2007-1860,0.07344,0.92237
CVE-2007-1861,0.04669,0.88544
CVE-2007-1862,0.07344,0.92237
CVE-2007-1863,0.09121,0.93864
CVE-2007-1864,0.02686,0.82061
CVE-2007-1865,0.00885,0.26162
CVE-2007-1866,0.15607,0.95873
CVE-2007-1867,0.07687,0.92751
CVE-2007-1868,0.7459,0.99279
CVE-2007-1869,0.03779,0.84781
CVE-2007-1870,0.02686,0.82061
CVE-2007-1871,0.01319,0.70416
CVE-2007-1872,0.03129,0.8316
CVE-2007-1873,0.04894,0.88891
CVE-2007-1874,0.05547,0.89538
CVE-2007-1876,0.01282,0.67298
CVE-2007-1877,0.01183,0.60428
CVE-2007-1878,0.1127,0.94787
CVE-2007-1879,0.01319,0.70416
CVE-2007-1880,0.02172,0.79379
CVE-2007-1881,0.01761,0.7555
CVE-2007-1882,0.05931,0.90093
CVE-2007-1883,0.01018,0.38792
CVE-2007-1884,0.04421,0.87629
CVE-2007-1885,0.04421,0.87629
CVE-2007-1886,0.01537,0.73595
CVE-2007-1887,0.04421,0.87629
CVE-2007-1888,0.03425,0.8393
CVE-2007-1889,0.08263,0.93269
CVE-2007-1890,0.042659999999999997,0.86883
CVE-2007-1891,0.08263,0.93269
CVE-2007-1892,0.07777,0.92953
CVE-2007-1893,0.01232,0.66248
CVE-2007-1894,0.01776,0.75902
CVE-2007-1895,0.01213,0.6557
CVE-2007-1896,0.01213,0.6557
CVE-2007-1897,0.028,0.82308
CVE-2007-1898,0.07197,0.92068
CVE-2007-1899,0.01213,0.6557
CVE-2007-1900,0.02686,0.82061
CVE-2007-1901,0.02172,0.79917
CVE-2007-1902,0.028,0.82308
CVE-2007-1903,0.03129,0.8316
CVE-2007-1904,0.01974,0.7812
CVE-2007-1905,0.02945,0.82784
CVE-2007-1906,0.10995,0.94626999999999994
CVE-2007-1907,0.04482,0.88223
CVE-2007-1908,0.0679,0.91793
CVE-2007-1909,0.00986,0.35784
CVE-2007-1910,0.16658,0.95957
CVE-2007-1911,0.06956,0.91856
CVE-2007-1912,0.20999,0.96367
CVE-2007-1913,0.01319,0.70416
CVE-2007-1914,0.01319,0.70416
CVE-2007-1915,0.07777,0.92953
CVE-2007-1916,0.07777,0.92953
CVE-2007-1917,0.07777,0.92953
CVE-2007-1918,0.01319,0.70416
CVE-2007-1919,0.01917,0.77071
CVE-2007-1920,0.01139,0.58345
CVE-2007-1921,0.09915,0.94265
CVE-2007-1922,0.09915,0.94265
CVE-2007-1923,0.01319,0.70416
CVE-2007-1924,0.01136,0.57949
CVE-2007-1925,0.01232,0.66248
CVE-2007-1926,0.01319,0.70416
CVE-2007-1927,0.01319,0.70416
CVE-2007-1928,0.0679,0.91793
CVE-2007-1929,0.0679,0.91793
CVE-2007-1930,0.0679,0.91793
CVE-2007-1931,0.00986,0.35784
CVE-2007-1932,0.04482,0.88223
CVE-2007-1933,0.04482,0.88223
CVE-2007-1934,0.0679,0.91793
CVE-2007-1935,0.01055,0.50287
CVE-2007-1936,0.01055,0.50287
CVE-2007-1937,0.0679,0.91793
CVE-2007-1938,0.01408,0.72072
CVE-2007-1939,0.01055,0.50287
CVE-2007-1940,0.01034,0.39824
CVE-2007-1941,0.01213,0.6557
CVE-2007-1942,0.03279,0.83523
CVE-2007-1943,0.03776,0.84415
CVE-2007-1944,0.00954,0.34522
CVE-2007-1945,0.01108,0.53389
CVE-2007-1946,0.24611,0.96685
CVE-2007-1947,0.06055,0.90153
CVE-2007-1948,0.02071,0.78993
CVE-2007-1949,0.01213,0.6557
CVE-2007-1950,0.01213,0.6557
CVE-2007-1951,0.01136,0.57949
CVE-2007-1952,0.01213,0.6557
CVE-2007-1953,0.01136,0.57949
CVE-2007-1954,0.01213,0.6557
CVE-2007-1955,0.06523,0.90962
CVE-2007-1956,0.00986,0.35784
CVE-2007-1957,0.01136,0.57949
CVE-2007-1958,0.00885,0.26162
CVE-2007-1959,0.00885,0.26162
CVE-2007-1960,0.00986,0.35784
CVE-2007-1961,0.04187,0.86773
CVE-2007-1962,0.00986,0.35784
CVE-2007-1963,0.01139,0.58345
CVE-2007-1964,0.01061,0.51015
CVE-2007-1965,0.01136,0.57949
CVE-2007-1966,0.01055,0.50287
CVE-2007-1967,0.01213,0.6557
CVE-2007-1968,0.0679,0.91793
CVE-2007-1969,0.01055,0.50287
CVE-2007-1970,0.01055,0.50287
CVE-2007-1971,0.00986,0.35784
CVE-2007-1972,0.07777,0.92953
CVE-2007-1973,0.01908,0.76488
CVE-2007-1974,0.04358,0.87435
CVE-2007-1975,0.01213,0.6557
CVE-2007-1976,0.01319,0.70416
CVE-2007-1977,0.01319,0.70416
CVE-2007-1978,0.00986,0.35784
CVE-2007-1979,0.00986,0.35784
CVE-2007-1980,0.00986,0.35784
CVE-2007-1981,0.01213,0.6557
CVE-2007-1982,0.01319,0.70416
CVE-2007-1983,0.04482,0.88223
CVE-2007-1984,0.01055,0.50287
CVE-2007-1985,0.01055,0.50287
CVE-2007-1986,0.07197,0.92068
CVE-2007-1987,0.01136,0.57949
CVE-2007-1988,0.01136,0.57949
CVE-2007-1989,0.03129,0.8316
CVE-2007-1990,0.01055,0.50287
CVE-2007-1991,0.01136,0.57949
CVE-2007-1992,0.04187,0.86773
CVE-2007-1993,0.33866,0.97595
CVE-2007-1994,0.01034,0.39824
CVE-2007-1995,0.02528,0.8112
CVE-2007-1996,0.04482,0.88223
CVE-2007-1997,0.12248,0.95092
CVE-2007-1998,0.07687,0.92751
CVE-2007-1999,0.04482,0.88223
CVE-2007-2000,0.01213,0.6557
CVE-2007-20001,0.00885,0.26162
CVE-2007-2001,0.01061,0.51015
CVE-2007-2002,0.01136,0.57949
CVE-2007-2003,0.01136,0.57949
CVE-2007-2004,0.01136,0.57949
CVE-2007-2005,0.12567,0.95329
CVE-2007-2006,0.01136,0.57949
CVE-2007-2007,0.01136,0.57949
CVE-2007-2008,0.01136,0.57949
CVE-2007-2009,0.0679,0.91793
CVE-2007-2010,0.01232,0.66248
CVE-2007-2011,0.02945,0.82784
CVE-2007-2012,0.01213,0.6557
CVE-2007-2013,0.02945,0.82784
CVE-2007-2014,0.04187,0.86773
CVE-2007-2015,0.07197,0.92068
CVE-2007-2016,0.01136,0.57949
CVE-2007-2017,0.01319,0.70416
CVE-2007-2018,0.01132,0.54372
CVE-2007-2019,0.0679,0.91793
CVE-2007-2020,0.06523,0.90962
CVE-2007-2021,0.01055,0.50287
CVE-2007-2022,0.03932,0.8519
CVE-2007-2023,0.0089,0.2856
CVE-2007-2024,0.02172,0.79917
CVE-2007-2025,0.01319,0.70416
CVE-2007-2026,0.02686,0.82061
CVE-2007-2027,0.0322,0.83442
CVE-2007-2028,0.03779,0.84781
CVE-2007-2029,0.01319,0.70416
CVE-2007-2030,0.01034,0.39824
CVE-2007-2031,0.20096,0.96253
CVE-2007-2032,0.01319,0.70416
CVE-2007-2033,0.01232,0.66248
CVE-2007-2034,0.01232,0.66248
CVE-2007-2035,0.01319,0.70416
CVE-2007-2036,0.01319,0.70416
CVE-2007-2037,0.01319,0.70416
CVE-2007-2038,0.01319,0.70416
CVE-2007-2039,0.01319,0.70416
CVE-2007-2040,0.01108,0.53389
CVE-2007-2041,0.01319,0.70416
CVE-2007-2042,0.01136,0.57949
CVE-2007-2043,0.04482,0.88223
CVE-2007-2044,0.04187,0.86773
CVE-2007-2045,0.02172,0.79917
CVE-2007-2046,0.01213,0.6557
CVE-2007-2047,0.01055,0.50287
CVE-2007-2048,0.10995,0.94626999999999994
CVE-2007-2049,0.04187,0.86773
CVE-2007-2050,0.0679,0.91793
CVE-2007-2051,0.00954,0.34522
CVE-2007-2052,0.15272,0.95729
CVE-2007-2053,0.0547,0.89492
CVE-2007-2054,0.06523,0.90962
CVE-2007-2055,0.01018,0.38792
CVE-2007-2057,0.40588,0.98099
CVE-2007-2058,0.01213,0.6557
CVE-2007-2059,0.07687,0.92751
CVE-2007-2060,0.01974,0.7812
CVE-2007-2061,0.03129,0.8316
CVE-2007-2062,0.07687,0.92751
CVE-2007-2063,0.01104,0.52279
CVE-2007-2064,0.04482,0.88223
CVE-2007-2065,0.04187,0.86773
CVE-2007-2066,0.01136,0.57949
CVE-2007-2067,0.0679,0.91793
CVE-2007-2068,0.0679,0.91793
CVE-2007-2069,0.04482,0.88223
CVE-2007-2070,0.0679,0.91793
CVE-2007-2071,0.03407,0.83908
CVE-2007-2072,0.01213,0.6557
CVE-2007-2073,0.01055,0.50287
CVE-2007-2074,0.01034,0.39824
CVE-2007-2075,0.01034,0.39824
CVE-2007-2076,0.01319,0.70416
CVE-2007-2077,0.01213,0.6557
CVE-2007-2078,0.01319,0.70416
CVE-2007-2079,0.06523,0.90962
CVE-2007-2080,0.01055,0.50287
CVE-2007-2081,0.04482,0.88223
CVE-2007-2082,0.01132,0.54372
CVE-2007-2083,0.01899,0.76481
CVE-2007-2084,0.01213,0.6557
CVE-2007-2085,0.01319,0.70416
CVE-2007-2086,0.01213,0.6557
CVE-2007-2087,0.01055,0.50287
CVE-2007-2088,0.01213,0.6557
CVE-2007-2089,0.04482,0.88223
CVE-2007-2090,0.01917,0.77071
CVE-2007-2091,0.04482,0.88223
CVE-2007-2092,0.01055,0.50287
CVE-2007-2093,0.01319,0.70416
CVE-2007-2094,0.0679,0.91793
CVE-2007-2095,0.01055,0.50287
CVE-2007-2096,0.01136,0.57949
CVE-2007-2097,0.01213,0.6557
CVE-2007-2098,0.02945,0.82784
CVE-2007-2099,0.01213,0.6557
CVE-2007-2100,0.01213,0.6557
CVE-2007-2101,0.01136,0.57949
CVE-2007-2102,0.01213,0.6557
CVE-2007-2103,0.01213,0.6557
CVE-2007-2104,0.01408,0.72072
CVE-2007-2105,0.01213,0.6557
CVE-2007-2106,0.01136,0.57949
CVE-2007-2107,0.01055,0.50287
CVE-2007-2108,0.20648,0.96329
CVE-2007-2109,0.01815,0.76117
CVE-2007-2110,0.02172,0.79379
CVE-2007-2111,0.01815,0.76117
CVE-2007-2112,0.01815,0.76117
CVE-2007-2113,0.02172,0.79917
CVE-2007-2114,0.01815,0.76117
CVE-2007-2115,0.02172,0.79917
CVE-2007-2116,0.01282,0.67298
CVE-2007-2117,0.01282,0.67298
CVE-2007-2118,0.01537,0.73595
CVE-2007-2119,0.02172,0.79917
CVE-2007-2120,0.02172,0.79917
CVE-2007-2121,0.01183,0.60428
CVE-2007-2122,0.01183,0.60428
CVE-2007-2123,0.01183,0.60428
CVE-2007-2124,0.01183,0.60428
CVE-2007-2125,0.01183,0.60428
CVE-2007-2126,0.01537,0.73595
CVE-2007-2127,0.01537,0.73595
CVE-2007-2128,0.01649,0.75017
CVE-2007-2129,0.01183,0.60428
CVE-2007-2130,0.01649,0.75017
CVE-2007-2131,0.01183,0.60428
CVE-2007-2132,0.01183,0.60428
CVE-2007-2133,0.01183,0.60428
CVE-2007-2134,0.01104,0.52279
CVE-2007-2135,0.01319,0.70416
CVE-2007-2136,0.08263,0.93269
CVE-2007-2137,0.1127,0.94787
CVE-2007-2138,0.02528,0.8112
CVE-2007-2139,0.78095,0.99418
CVE-2007-2140,0.01213,0.6557
CVE-2007-2141,0.07197,0.92068
CVE-2007-2142,0.12567,0.95329
CVE-2007-2143,0.04187,0.86773
CVE-2007-2144,0.04482,0.88223
CVE-2007-2145,0.01055,0.50287
CVE-2007-2146,0.01055,0.50287
CVE-2007-2147,0.01213,0.6557
CVE-2007-2148,0.01132,0.54372
CVE-2007-2149,0.01213,0.6557
CVE-2007-2150,0.01213,0.6557
CVE-2007-2151,0.01319,0.70416
CVE-2007-2152,0.08263,0.93269
CVE-2007-2153,0.01213,0.6557
CVE-2007-2154,0.04482,0.88223
CVE-2007-2155,0.04482,0.88223
CVE-2007-2156,0.12567,0.95329
CVE-2007-2157,0.0679,0.91793
CVE-2007-2158,0.04187,0.86773
CVE-2007-2159,0.01213,0.6557
CVE-2007-2160,0.01213,0.6557
CVE-2007-2161,0.13105,0.9547
CVE-2007-2162,0.01136,0.57949
CVE-2007-2163,0.01055,0.50287
CVE-2007-2164,0.01136,0.57949
CVE-2007-2165,0.03779,0.84781
CVE-2007-2166,0.0679,0.91793
CVE-2007-2167,0.01319,0.70416
CVE-2007-2168,0.01213,0.6557
CVE-2007-2169,0.04187,0.86773
CVE-2007-2170,0.01319,0.70416
CVE-2007-2171,0.13234,0.95482
CVE-2007-2172,0.01547,0.74085
CVE-2007-2173,0.01319,0.70416
CVE-2007-2174,0.01872,0.76301
CVE-2007-2175,0.82882,0.99555
CVE-2007-2176,0.04679,0.88603
CVE-2007-2177,0.06523,0.90962
CVE-2007-2178,0.01213,0.6557
CVE-2007-2179,0.01213,0.6557
CVE-2007-2180,0.0323,0.83449
CVE-2007-2181,0.0679,0.91793
CVE-2007-2182,0.04482,0.88223
CVE-2007-2183,0.00986,0.35784
CVE-2007-2184,0.04187,0.86773
CVE-2007-2185,0.12567,0.95329
CVE-2007-2186,0.04187,0.86773
CVE-2007-2187,0.07687,0.92751
CVE-2007-2188,0.01136,0.57949
CVE-2007-2189,0.04187,0.86773
CVE-2007-2190,0.01213,0.6557
CVE-2007-2191,0.02945,0.82784
CVE-2007-2192,0.15607,0.95873
CVE-2007-2193,0.75392,0.99312
CVE-2007-2194,0.20096,0.96253
CVE-2007-2195,0.04187,0.86773
CVE-2007-2196,0.01319,0.70416
CVE-2007-2197,0.01213,0.6557
CVE-2007-2198,0.01319,0.70416
CVE-2007-2199,0.12567,0.95329
CVE-2007-2200,0.0679,0.91793
CVE-2007-2201,0.10995,0.94626999999999994
CVE-2007-2202,0.0679,0.91793
CVE-2007-2203,0.01213,0.6557
CVE-2007-2204,0.0679,0.91793
CVE-2007-2205,0.0679,0.91793
CVE-2007-2206,0.01408,0.72072
CVE-2007-2207,0.028,0.82308
CVE-2007-2208,0.01213,0.6557
CVE-2007-2209,0.39729,0.98024
CVE-2007-2210,0.04187,0.86773
CVE-2007-2211,0.01213,0.6557
CVE-2007-2212,0.01055,0.50287
CVE-2007-2213,0.01213,0.6557
CVE-2007-2214,0.01213,0.6557
CVE-2007-2216,0.63976,0.98955
CVE-2007-2217,0.28823,0.97188
CVE-2007-2218,0.26231,0.96957
CVE-2007-2219,0.46718,0.98435
CVE-2007-2221,0.44552,0.98243
CVE-2007-2222,0.72651,0.99213
CVE-2007-2223,0.63976,0.98955
CVE-2007-2224,0.46718,0.98435
CVE-2007-2225,0.23038,0.96506
CVE-2007-2227,0.23038,0.96506
CVE-2007-2228,0.20648,0.96329
CVE-2007-2229,0.02087,0.79049
CVE-2007-2230,0.01815,0.76117
CVE-2007-2231,0.03779,0.84781
CVE-2007-2232,0.04187,0.86773
CVE-2007-2233,0.04187,0.86773
CVE-2007-2234,0.01213,0.6557
CVE-2007-2235,0.01408,0.72072
CVE-2007-2236,0.01319,0.70416
CVE-2007-2237,0.39815,0.98027
CVE-2007-2238,0.86472,0.99699
CVE-2007-2239,0.12822,0.95405
CVE-2007-2240,0.01408,0.72072
CVE-2007-2241,0.04292,0.87029
CVE-2007-2242,0.04358,0.87435
CVE-2007-2243,0.01319,0.70416
CVE-2007-2244,0.76943,0.99373
CVE-2007-2245,0.01974,0.7812
CVE-2007-2246,0.01319,0.70416
CVE-2007-2247,0.01139,0.58345
CVE-2007-2248,0.04894,0.88891
CVE-2007-2249,0.09659,0.94
CVE-2007-2250,0.10995,0.94626999999999994
CVE-2007-2251,0.01108,0.53389
CVE-2007-2252,0.04482,0.88223
CVE-2007-2253,0.01213,0.6557
CVE-2007-2254,0.01213,0.6557
CVE-2007-2255,0.01319,0.70416
CVE-2007-2256,0.02945,0.82784
CVE-2007-2257,0.04482,0.88223
CVE-2007-2258,0.04187,0.86773
CVE-2007-2259,0.01139,0.58345
CVE-2007-2260,0.03779,0.84781
CVE-2007-2261,0.01213,0.6557
CVE-2007-2262,0.0679,0.91793
CVE-2007-2263,0.09915,0.94265
CVE-2007-2264,0.09915,0.94265
CVE-2007-2265,0.01213,0.6557
CVE-2007-2266,0.01213,0.6557
CVE-2007-2267,0.01315,0.67456
CVE-2007-2268,0.0679,0.91793
CVE-2007-2269,0.01136,0.57949
CVE-2007-2270,0.07197,0.92068
CVE-2007-2271,0.0679,0.91793
CVE-2007-2272,0.04187,0.86773
CVE-2007-2273,0.0679,0.91793
CVE-2007-2274,0.04187,0.86773
CVE-2007-2275,0.01034,0.39824
CVE-2007-2276,0.01213,0.6557
CVE-2007-2277,0.01213,0.6557
CVE-2007-2278,0.01213,0.6557
CVE-2007-2279,0.1127,0.94787
CVE-2007-2280,0.87248,0.99731
CVE-2007-2281,0.25374,0.96854
CVE-2007-2282,0.01319,0.70416
CVE-2007-2283,0.15607,0.95873
CVE-2007-2284,0.15607,0.95873
CVE-2007-2285,0.0679,0.91793
CVE-2007-2286,0.01136,0.57949
CVE-2007-2287,0.04187,0.86773
CVE-2007-2288,0.04187,0.86773
CVE-2007-2289,0.01136,0.57949
CVE-2007-2290,0.0679,0.91793
CVE-2007-2291,0.13782,0.95593
CVE-2007-2292,0.28328,0.97165
CVE-2007-2293,0.40588,0.98099
CVE-2007-2294,0.02172,0.79917
CVE-2007-2295,0.09174,0.9391
CVE-2007-2296,0.09174,0.9391
CVE-2007-2297,0.02172,0.79917
CVE-2007-2298,0.04187,0.86773
CVE-2007-2299,0.01139,0.58345
CVE-2007-2300,0.02945,0.82784
CVE-2007-2301,0.04187,0.86773
CVE-2007-2302,0.04187,0.86773
CVE-2007-2303,0.04187,0.86773
CVE-2007-2304,0.04482,0.88223
CVE-2007-2305,0.01213,0.6557
CVE-2007-2306,0.01213,0.6557
CVE-2007-2307,0.04482,0.88223
CVE-2007-2308,0.01917,0.77071
CVE-2007-2309,0.01055,0.50287
CVE-2007-2310,0.01917,0.77071
CVE-2007-2311,0.01213,0.6557
CVE-2007-2312,0.01319,0.70416
CVE-2007-2313,0.04187,0.86773
CVE-2007-2314,0.03779,0.84781
CVE-2007-2315,0.01213,0.6557
CVE-2007-2316,0.01213,0.6557
CVE-2007-2317,0.0679,0.91793
CVE-2007-2318,0.06309,0.90494
CVE-2007-2319,0.04482,0.88223
CVE-2007-2320,0.01139,0.58345
CVE-2007-2321,0.01018,0.38792
CVE-2007-2322,0.01213,0.6557
CVE-2007-2323,0.06523,0.90962
CVE-2007-2324,0.04482,0.88223
CVE-2007-2325,0.04187,0.86773
CVE-2007-2326,0.04187,0.86773
CVE-2007-2327,0.04482,0.88223
CVE-2007-2328,0.01213,0.6557
CVE-2007-2329,0.01213,0.6557
CVE-2007-2330,0.0679,0.91793
CVE-2007-2331,0.01213,0.6557
CVE-2007-2332,0.01132,0.54372
CVE-2007-2333,0.01319,0.70416
CVE-2007-2334,0.01319,0.70416
CVE-2007-2335,0.01319,0.70416
CVE-2007-2336,0.01136,0.57949
CVE-2007-2337,0.02945,0.82784
CVE-2007-2338,0.10995,0.94626999999999994
CVE-2007-2339,0.04386,0.87542
CVE-2007-2340,0.0679,0.91793
CVE-2007-2341,0.04482,0.88223
CVE-2007-2342,0.00986,0.35784
CVE-2007-2343,0.07777,0.92953
CVE-2007-2344,0.01319,0.70416
CVE-2007-2345,0.04187,0.86773
CVE-2007-2346,0.0679,0.91793
CVE-2007-2347,0.04482,0.88223
CVE-2007-2348,0.02172,0.79917
CVE-2007-2349,0.01213,0.6557
CVE-2007-2350,0.01132,0.54372
CVE-2007-2351,0.01769,0.75615
CVE-2007-2352,0.06523,0.90962
CVE-2007-2353,0.05476,0.89511
CVE-2007-2354,0.01055,0.50287
CVE-2007-2355,0.01408,0.72072
CVE-2007-2356,0.33191,0.97551
CVE-2007-2357,0.01319,0.70416
CVE-2007-2358,0.01213,0.6557
CVE-2007-2359,0.01034,0.39824
CVE-2007-2360,0.0095,0.30554
CVE-2007-2361,0.01034,0.39824
CVE-2007-2362,0.30088,0.97373
CVE-2007-2363,0.11024,0.9463
CVE-2007-2364,0.04482,0.88223
CVE-2007-2365,0.09915,0.94265
CVE-2007-2366,0.19383,0.96191
CVE-2007-2367,0.04187,0.86773
CVE-2007-2368,0.01055,0.50287
CVE-2007-2369,0.01136,0.57949
CVE-2007-2370,0.00986,0.35784
CVE-2007-2371,0.01055,0.50287
CVE-2007-2372,0.01055,0.50287
CVE-2007-2373,0.01139,0.58345
CVE-2007-2374,0.34513,0.97636
CVE-2007-2375,0.06523,0.90962
CVE-2007-2376,0.01055,0.50287
CVE-2007-2377,0.01136,0.57949
CVE-2007-2378,0.01055,0.50287
CVE-2007-2379,0.01136,0.57949
CVE-2007-2380,0.09772,0.94058
CVE-2007-2381,0.01055,0.50287
CVE-2007-2382,0.01055,0.50287
CVE-2007-2383,0.01213,0.6557
CVE-2007-2384,0.01055,0.50287
CVE-2007-2385,0.01055,0.50287
CVE-2007-2386,0.72992,0.99219
CVE-2007-2387,0.01974,0.7812
CVE-2007-2388,0.0628,0.90355
CVE-2007-2389,0.01408,0.72072
CVE-2007-2390,0.07035,0.91906
CVE-2007-2391,0.01408,0.72072
CVE-2007-2392,0.09174,0.9391
CVE-2007-2393,0.09174,0.9391
CVE-2007-2394,0.40514,0.9805
CVE-2007-2395,0.09174,0.9391
CVE-2007-2396,0.09174,0.9391
CVE-2007-2397,0.23254,0.96531
CVE-2007-2398,0.02172,0.79917
CVE-2007-2399,0.09174,0.9391
CVE-2007-2400,0.01776,0.75902
CVE-2007-2401,0.12328,0.95117
CVE-2007-2402,0.01974,0.7812
CVE-2007-2403,0.01319,0.70416
CVE-2007-2404,0.01319,0.70416
CVE-2007-2405,0.05903,0.90071
CVE-2007-2406,0.05903,0.90071
CVE-2007-2407,0.01232,0.66248
CVE-2007-2408,0.01213,0.6557
CVE-2007-2409,0.01319,0.70416
CVE-2007-2410,0.01319,0.70416
CVE-2007-2411,0.01319,0.70416
CVE-2007-2412,0.01213,0.6557
CVE-2007-2414,0.01319,0.70416
CVE-2007-2415,0.01213,0.6557
CVE-2007-2416,0.00986,0.35784
CVE-2007-2417,0.1127,0.94787
CVE-2007-2418,0.07777,0.92953
CVE-2007-2419,0.08263,0.93269
CVE-2007-2420,0.00986,0.35784
CVE-2007-2421,0.07777,0.92953
CVE-2007-2422,0.01136,0.57949
CVE-2007-2423,0.01917,0.77071
CVE-2007-2424,0.0679,0.91793
CVE-2007-2425,0.0679,0.91793
CVE-2007-2426,0.0679,0.91793
CVE-2007-2427,0.01139,0.58345
CVE-2007-2428,0.0679,0.91793
CVE-2007-2429,0.04187,0.86773
CVE-2007-2430,0.01319,0.70416
CVE-2007-2431,0.01319,0.70416
CVE-2007-2432,0.01213,0.6557
CVE-2007-2433,0.01213,0.6557
CVE-2007-2434,0.06211,0.90307
CVE-2007-2435,0.04358,0.87435
CVE-2007-2437,0.09659,0.94
CVE-2007-2438,0.02686,0.82061
CVE-2007-2439,0.01319,0.70416
CVE-2007-2440,0.07197,0.92068
CVE-2007-2441,0.07197,0.92068
CVE-2007-2442,0.12248,0.95092
CVE-2007-2443,0.12248,0.95092
CVE-2007-2444,0.01547,0.74085
CVE-2007-2445,0.04358,0.87435
CVE-2007-2446,0.93181,0.99927
CVE-2007-2448,0.01649,0.75017
CVE-2007-2449,0.7024,0.99118
CVE-2007-2450,0.04316,0.87043
CVE-2007-2451,0.01537,0.73595
CVE-2007-2452,0.03481,0.84053
CVE-2007-2453,0.01547,0.74085
CVE-2007-2454,0.02172,0.79279
CVE-2007-2455,0.0095,0.30554
CVE-2007-2456,0.0679,0.91793
CVE-2007-2457,0.02172,0.79917
CVE-2007-2458,0.01319,0.70416
CVE-2007-2459,0.07544,0.92484
CVE-2007-2460,0.01055,0.50287
CVE-2007-2461,0.01974,0.7812
CVE-2007-2462,0.01974,0.7812
CVE-2007-2463,0.01319,0.70416
CVE-2007-2464,0.01319,0.70416
CVE-2007-2465,0.01104,0.52279
CVE-2007-2466,0.01319,0.70416
CVE-2007-2467,0.01034,0.39824
CVE-2007-2468,0.01034,0.39824
CVE-2007-2469,0.01213,0.6557
CVE-2007-2470,0.01213,0.6557
CVE-2007-2471,0.04187,0.86773
CVE-2007-2472,0.01136,0.57949
CVE-2007-2473,0.01139,0.58345
CVE-2007-2474,0.04187,0.86773
CVE-2007-2475,0.01034,0.39824
CVE-2007-2476,0.01108,0.53389
CVE-2007-2477,0.01213,0.6557
CVE-2007-2478,0.1127,0.94787
CVE-2007-2479,0.01408,0.72072
CVE-2007-2480,0.00885,0.26162
CVE-2007-2481,0.02172,0.79917
CVE-2007-2482,0.02172,0.79917
CVE-2007-2483,0.01408,0.72072
CVE-2007-2484,0.01408,0.72072
CVE-2007-2485,0.0679,0.91793
CVE-2007-2486,0.04482,0.88223
CVE-2007-2487,0.15607,0.95873
CVE-2007-2488,0.01974,0.7812
CVE-2007-2489,0.0547,0.89492
CVE-2007-2490,0.01319,0.70416
CVE-2007-2491,0.0089,0.2856
CVE-2007-2492,0.01139,0.58345
CVE-2007-2493,0.04482,0.88223
CVE-2007-2494,0.0679,0.91793
CVE-2007-2495,0.0679,0.91793
CVE-2007-2496,0.0679,0.91793
CVE-2007-2497,0.04187,0.86773
CVE-2007-2498,0.11409,0.94831
CVE-2007-2499,0.01319,0.70416
CVE-2007-2500,0.08263,0.93269
CVE-2007-2501,0.07777,0.92953
CVE-2007-2502,0.01319,0.70416
CVE-2007-2503,0.04482,0.88223
CVE-2007-2504,0.01213,0.6557
CVE-2007-2505,0.07777,0.92953
CVE-2007-2506,0.0679,0.91793
CVE-2007-2507,0.0679,0.91793
CVE-2007-2508,0.80946,0.99503
CVE-2007-2509,0.04358,0.87435
CVE-2007-2510,0.02686,0.82061
CVE-2007-2511,0.01547,0.74085
CVE-2007-2512,0.01018,0.38792
CVE-2007-2513,0.01319,0.70416
CVE-2007-2514,0.07777,0.92953
CVE-2007-2519,0.10995,0.94626999999999994
CVE-2007-2520,0.01139,0.58345
CVE-2007-2521,0.0679,0.91793
CVE-2007-2522,0.28118,0.97158
CVE-2007-2523,0.0322,0.83442
CVE-2007-2524,0.05649,0.89807
CVE-2007-2525,0.01547,0.74085
CVE-2007-2526,0.20096,0.96253
CVE-2007-2527,0.07197,0.92068
CVE-2007-2528,0.04679,0.88603
CVE-2007-2529,0.01282,0.67298
CVE-2007-2530,0.0679,0.91793
CVE-2007-2531,0.0679,0.91793
CVE-2007-2532,0.02945,0.82784
CVE-2007-2533,0.07777,0.92953
CVE-2007-2534,0.01213,0.6557
CVE-2007-2535,0.01213,0.6557
CVE-2007-2536,0.04482,0.88223
CVE-2007-2537,0.01139,0.58345
CVE-2007-2538,0.02172,0.79917
CVE-2007-2539,0.01319,0.70416
CVE-2007-2540,0.10995,0.94626999999999994
CVE-2007-2541,0.0679,0.91793
CVE-2007-2542,0.04482,0.88223
CVE-2007-2543,0.01139,0.58345
CVE-2007-2544,0.0679,0.91793
CVE-2007-2545,0.12567,0.95329
CVE-2007-2546,0.01319,0.70416
CVE-2007-2547,0.01917,0.77071
CVE-2007-2548,0.01018,0.38792
CVE-2007-2549,0.01139,0.58345
CVE-2007-2550,0.01408,0.72072
CVE-2007-2551,0.01319,0.70416
CVE-2007-2552,0.01319,0.70416
CVE-2007-2553,0.0322,0.83442
CVE-2007-2554,0.01136,0.57949
CVE-2007-2555,0.01213,0.6557
CVE-2007-2556,0.028,0.82308
CVE-2007-2557,0.01055,0.50287
CVE-2007-2558,0.01213,0.6557
CVE-2007-2559,0.01319,0.70416
CVE-2007-2560,0.04482,0.88223
CVE-2007-2561,0.00986,0.35784
CVE-2007-2562,0.01213,0.6557
CVE-2007-2563,0.15607,0.95873
CVE-2007-2564,0.06523,0.90962
CVE-2007-2565,0.02104,0.79086
CVE-2007-2566,0.04187,0.86773
CVE-2007-2567,0.06523,0.90962
CVE-2007-2568,0.15607,0.95873
CVE-2007-2569,0.0679,0.91793
CVE-2007-2570,0.0679,0.91793
CVE-2007-2571,0.00986,0.35784
CVE-2007-2572,0.04187,0.86773
CVE-2007-2573,0.04482,0.88223
CVE-2007-2574,0.01055,0.50287
CVE-2007-2575,0.04187,0.86773
CVE-2007-2576,0.15607,0.95873
CVE-2007-2577,0.01408,0.72072
CVE-2007-2578,0.01213,0.6557
CVE-2007-2579,0.01955,0.77585
CVE-2007-2580,0.0322,0.83442
CVE-2007-2581,0.5432,0.98703
CVE-2007-2582,0.07544,0.92484
CVE-2007-2583,0.10859,0.94472
CVE-2007-2584,0.40588,0.98099
CVE-2007-2585,0.15607,0.95873
CVE-2007-2586,0.40588,0.98099
CVE-2007-2587,0.01315,0.67456
CVE-2007-2588,0.12822,0.95405
CVE-2007-2589,0.03779,0.84781
CVE-2007-2590,0.01319,0.70416
CVE-2007-2591,0.01319,0.70416
CVE-2007-2592,0.03407,0.83908
CVE-2007-2593,0.13105,0.9547
CVE-2007-2594,0.0679,0.91793
CVE-2007-2595,0.01132,0.54372
CVE-2007-2596,0.01319,0.70416
CVE-2007-2597,0.12567,0.95329
CVE-2007-2598,0.01139,0.58345
CVE-2007-2599,0.02172,0.79917
CVE-2007-2600,0.01955,0.77585
CVE-2007-2601,0.06523,0.90962
CVE-2007-2602,0.02791,0.82239
CVE-2007-2603,0.01213,0.6557
CVE-2007-2604,0.01213,0.6557
CVE-2007-2605,0.01018,0.38792
CVE-2007-2606,0.01104,0.52279
CVE-2007-2607,0.04482,0.88223
CVE-2007-2608,0.04482,0.88223
CVE-2007-2609,0.12567,0.95329
CVE-2007-2610,0.01408,0.72072
CVE-2007-2611,0.12567,0.95329
CVE-2007-2612,0.01213,0.6557
CVE-2007-2613,0.01018,0.38792
CVE-2007-2614,0.01213,0.6557
CVE-2007-2615,0.0679,0.91793
CVE-2007-2616,0.09761,0.94008
CVE-2007-2617,0.02111,0.79105
CVE-2007-2618,0.01213,0.6557
CVE-2007-2619,0.01034,0.39824
CVE-2007-2620,0.0679,0.91793
CVE-2007-2621,0.01139,0.58345
CVE-2007-2622,0.01139,0.58345
CVE-2007-2623,0.0679,0.91793
CVE-2007-2624,0.01319,0.70416
CVE-2007-2625,0.01136,0.57949
CVE-2007-2626,0.01213,0.6557
CVE-2007-2627,0.01136,0.57949
CVE-2007-2628,0.04482,0.88223
CVE-2007-2629,0.01319,0.70416
CVE-2007-2630,0.01232,0.66248
CVE-2007-2631,0.01136,0.57949
CVE-2007-2632,0.02945,0.82784
CVE-2007-2633,0.01213,0.6557
CVE-2007-2634,0.01136,0.57949
CVE-2007-2635,0.01213,0.6557
CVE-2007-2636,0.01213,0.6557
CVE-2007-2637,0.01319,0.70416
CVE-2007-2638,0.01213,0.6557
CVE-2007-2639,0.04482,0.88223
CVE-2007-2640,0.01108,0.53389
CVE-2007-2641,0.028,0.82308
CVE-2007-2642,0.0679,0.91793
CVE-2007-2643,0.0679,0.91793
CVE-2007-2644,0.0679,0.91793
CVE-2007-2645,0.49148,0.98529
CVE-2007-2646,0.08263,0.93269
CVE-2007-2647,0.05931,0.90093
CVE-2007-2648,0.15607,0.95873
CVE-2007-2649,0.01319,0.70416
CVE-2007-2650,0.03407,0.83908
CVE-2007-2651,0.05139,0.89128
CVE-2007-2652,0.06523,0.90962
CVE-2007-2654,0.01282,0.67298
CVE-2007-2655,0.07777,0.92953
CVE-2007-2656,0.04187,0.86773
CVE-2007-2657,0.07197,0.92068
CVE-2007-2658,0.10995,0.94626999999999994
CVE-2007-2659,0.04482,0.88223
CVE-2007-2660,0.01319,0.70416
CVE-2007-2661,0.01139,0.58345
CVE-2007-2662,0.00986,0.35784
CVE-2007-2663,0.04482,0.88223
CVE-2007-2664,0.04482,0.88223
CVE-2007-2665,0.01136,0.57949
CVE-2007-2666,0.39729,0.98024
CVE-2007-2667,0.07687,0.92751
CVE-2007-2668,0.07687,0.92751
CVE-2007-2669,0.01319,0.70416
CVE-2007-2670,0.01319,0.70416
CVE-2007-2671,0.0679,0.91793
CVE-2007-2672,0.01139,0.58345
CVE-2007-2673,0.01139,0.58345
CVE-2007-2674,0.00986,0.35784
CVE-2007-2675,0.028,0.82308
CVE-2007-2676,0.0679,0.91793
CVE-2007-2677,0.10995,0.94626999999999994
CVE-2007-2678,0.05532,0.89536
CVE-2007-2679,0.01136,0.57949
CVE-2007-2680,0.01319,0.70416
CVE-2007-2681,0.01136,0.57949
CVE-2007-2682,0.01319,0.70416
CVE-2007-2683,0.05625,0.89579
CVE-2007-2684,0.01974,0.7812
CVE-2007-2685,0.01139,0.58345
CVE-2007-2686,0.02945,0.82784
CVE-2007-2687,0.07777,0.92953
CVE-2007-2688,0.02172,0.79917
CVE-2007-2689,0.01213,0.6557
CVE-2007-2690,0.01213,0.6557
CVE-2007-2691,0.02528,0.8112
CVE-2007-2692,0.02528,0.8112
CVE-2007-2693,0.01232,0.66248
CVE-2007-2694,0.01213,0.6557
CVE-2007-2695,0.01776,0.75902
CVE-2007-2696,0.01319,0.70416
CVE-2007-2697,0.01319,0.70416
CVE-2007-2698,0.01213,0.6557
CVE-2007-2699,0.01034,0.39824
CVE-2007-2700,0.01232,0.66248
CVE-2007-2701,0.01232,0.66248
CVE-2007-2702,0.01232,0.66248
CVE-2007-2703,0.01232,0.66248
CVE-2007-2704,0.01319,0.70416
CVE-2007-2705,0.01213,0.6557
CVE-2007-2706,0.0679,0.91793
CVE-2007-2707,0.0679,0.91793
CVE-2007-2708,0.04187,0.86773
CVE-2007-2709,0.01319,0.70416
CVE-2007-2710,0.01136,0.57949
CVE-2007-2711,0.733,0.99234
CVE-2007-2712,0.01108,0.53389
CVE-2007-2713,0.01319,0.70416
CVE-2007-2714,0.0679,0.91793
CVE-2007-2715,0.04482,0.88223
CVE-2007-2716,0.02945,0.82784
CVE-2007-2717,0.00986,0.35784
CVE-2007-2718,0.22338,0.96444
CVE-2007-2719,0.02172,0.79917
CVE-2007-2720,0.01213,0.6557
CVE-2007-2721,0.04358,0.87435
CVE-2007-2722,0.04187,0.86773
CVE-2007-2723,0.01213,0.6557
CVE-2007-2724,0.01136,0.57949
CVE-2007-2725,0.04482,0.88223
CVE-2007-2726,0.04187,0.86773
CVE-2007-2727,0.01537,0.73595
CVE-2007-2728,0.01537,0.73595
CVE-2007-2729,0.0095,0.30554
CVE-2007-2730,0.0095,0.30554
CVE-2007-2731,0.01408,0.72072
CVE-2007-2732,0.02945,0.82784
CVE-2007-2733,0.01132,0.54372
CVE-2007-2734,0.01408,0.72072
CVE-2007-2735,0.01139,0.58345
CVE-2007-2736,0.04187,0.86773
CVE-2007-2737,0.00986,0.35784
CVE-2007-2738,0.00986,0.35784
CVE-2007-2739,0.01319,0.70416
CVE-2007-2740,0.01018,0.38792
CVE-2007-2741,0.06604,0.91138
CVE-2007-2742,0.01213,0.6557
CVE-2007-2743,0.0679,0.91793
CVE-2007-2744,0.12822,0.95405
CVE-2007-2745,0.01213,0.6557
CVE-2007-2746,0.01132,0.54372
CVE-2007-2747,0.0679,0.91793
CVE-2007-2748,0.01108,0.53389
CVE-2007-2749,0.00986,0.35784
CVE-2007-2750,0.01139,0.58345
CVE-2007-2751,0.0679,0.91793
CVE-2007-2752,0.01319,0.70416
CVE-2007-2753,0.01055,0.50287
CVE-2007-2754,0.12248,0.95092
CVE-2007-2755,0.0679,0.91793
CVE-2007-2756,0.02686,0.82061
CVE-2007-2757,0.03129,0.8316
CVE-2007-2758,0.08263,0.93269
CVE-2007-2759,0.01213,0.6557
CVE-2007-2760,0.01132,0.54372
CVE-2007-2761,0.15607,0.95873
CVE-2007-2762,0.10995,0.94626999999999994
CVE-2007-2763,0.15607,0.95873
CVE-2007-2764,0.01018,0.38792
CVE-2007-2765,0.01232,0.66248
CVE-2007-2766,0.01034,0.39824
CVE-2007-2767,0.01319,0.70416
CVE-2007-2768,0.01136,0.57949
CVE-2007-2769,0.01319,0.70416
CVE-2007-2770,0.042659999999999997,0.86883
CVE-2007-2771,0.20096,0.96253
CVE-2007-2772,0.12567,0.95329
CVE-2007-2773,0.00986,0.35784
CVE-2007-2774,0.0679,0.91793
CVE-2007-2775,0.0679,0.91793
CVE-2007-2776,0.04482,0.88223
CVE-2007-2777,0.04187,0.86773
CVE-2007-2778,0.0679,0.91793
CVE-2007-2779,0.0679,0.91793
CVE-2007-2780,0.0679,0.91793
CVE-2007-2781,0.01319,0.70416
CVE-2007-2782,0.01319,0.70416
CVE-2007-2783,0.07687,0.92751
CVE-2007-2784,0.01319,0.70416
CVE-2007-2785,0.01213,0.6557
CVE-2007-2786,0.01319,0.70416
CVE-2007-2787,0.42881,0.98198
CVE-2007-2788,0.34269,0.97605
CVE-2007-2789,0.03932,0.8519
CVE-2007-2790,0.01776,0.75902
CVE-2007-2791,0.07197,0.92068
CVE-2007-2792,0.04386,0.87542
CVE-2007-2793,0.04187,0.86773
CVE-2007-2795,0.06262,0.90346
CVE-2007-2796,0.01408,0.72072
CVE-2007-2797,0.01547,0.74085
CVE-2007-2798,0.09085,0.93856
CVE-2007-2799,0.04421,0.87629
CVE-2007-2800,0.01213,0.6557
CVE-2007-2801,0.04894,0.88891
CVE-2007-2802,0.01213,0.6557
CVE-2007-2803,0.01139,0.58345
CVE-2007-2804,0.01319,0.70416
CVE-2007-2805,0.01917,0.77071
CVE-2007-2806,0.01917,0.77071
CVE-2007-2807,0.24062,0.96648
CVE-2007-2808,0.01408,0.72072
CVE-2007-2809,0.08263,0.93269
CVE-2007-2810,0.00986,0.35784
CVE-2007-2811,0.01319,0.70416
CVE-2007-2812,0.02172,0.79917
CVE-2007-2813,0.02172,0.79917
CVE-2007-2814,0.15607,0.95873
CVE-2007-2815,0.24729,0.96719
CVE-2007-2816,0.03779,0.84781
CVE-2007-2817,0.01213,0.6557
CVE-2007-2818,0.01213,0.6557
CVE-2007-2819,0.01213,0.6557
CVE-2007-2820,0.15607,0.95873
CVE-2007-2821,0.04386,0.87542
CVE-2007-2822,0.0679,0.91793
CVE-2007-2823,0.07777,0.92953
CVE-2007-2824,0.00986,0.35784
CVE-2007-2825,0.01213,0.6557
CVE-2007-2826,0.04482,0.88223
CVE-2007-2827,0.15607,0.95873
CVE-2007-2828,0.01132,0.54372
CVE-2007-2829,0.03779,0.84781
CVE-2007-2830,0.03779,0.84781
CVE-2007-2831,0.02646,0.81377
CVE-2007-2832,0.04894,0.88891
CVE-2007-2833,0.01537,0.73595
CVE-2007-2834,0.11869,0.94956
CVE-2007-2835,0.01034,0.39824
CVE-2007-2836,0.02172,0.79917
CVE-2007-2837,0.01034,0.39824
CVE-2007-2838,0.01034,0.39824
CVE-2007-2839,0.01924,0.77129
CVE-2007-2843,0.04187,0.86773
CVE-2007-2844,0.01213,0.6557
CVE-2007-2845,0.1127,0.94787
CVE-2007-2846,0.1127,0.94787
CVE-2007-2847,0.01213,0.6557
CVE-2007-2848,0.06523,0.90962
CVE-2007-2849,0.01319,0.70416
CVE-2007-2850,0.01319,0.70416
CVE-2007-2851,0.04482,0.88223
CVE-2007-2852,0.1127,0.94787
CVE-2007-2853,0.04187,0.86773
CVE-2007-2854,0.01139,0.58345
CVE-2007-2855,0.06523,0.90962
CVE-2007-2856,0.20096,0.96253
CVE-2007-2857,0.0679,0.91793
CVE-2007-2858,0.01132,0.54372
CVE-2007-2859,0.03779,0.84781
CVE-2007-2860,0.01132,0.54372
CVE-2007-2861,0.01319,0.70416
CVE-2007-2862,0.01213,0.6557
CVE-2007-2863,0.28118,0.97158
CVE-2007-2864,0.78095,0.99418
CVE-2007-2865,0.03129,0.8316
CVE-2007-2866,0.01136,0.57949
CVE-2007-2867,0.03932,0.8519
CVE-2007-2868,0.06604,0.91138
CVE-2007-2869,0.03932,0.8519
CVE-2007-2870,0.03932,0.8519
CVE-2007-2871,0.03932,0.8519
CVE-2007-2872,0.49148,0.98529
CVE-2007-2873,0.01282,0.67298
CVE-2007-2874,0.06523,0.90962
CVE-2007-2875,0.01547,0.74085
CVE-2007-2876,0.04358,0.87435
CVE-2007-2877,0.0095,0.30554
CVE-2007-2878,0.0322,0.83442
CVE-2007-2879,0.01917,0.77071
CVE-2007-2880,0.01319,0.70416
CVE-2007-2881,0.1127,0.94787
CVE-2007-2882,0.02172,0.79917
CVE-2007-2883,0.01034,0.39824
CVE-2007-2884,0.64226,0.98956
CVE-2007-2885,0.11676,0.94929
CVE-2007-2886,0.01408,0.72072
CVE-2007-2887,0.02945,0.82784
CVE-2007-2888,0.70125,0.99114
CVE-2007-2889,0.00986,0.35784
CVE-2007-2890,0.01139,0.58345
CVE-2007-2891,0.0679,0.91793
CVE-2007-2892,0.01917,0.77071
CVE-2007-2893,0.01282,0.67298
CVE-2007-2894,0.0322,0.83442
CVE-2007-2895,0.15607,0.95873
CVE-2007-2896,0.01408,0.72072
CVE-2007-2897,0.16658,0.95957
CVE-2007-2898,0.01319,0.70416
CVE-2007-2899,0.04187,0.86773
CVE-2007-2900,0.0679,0.91793
CVE-2007-2901,0.01319,0.70416
CVE-2007-2902,0.01213,0.6557
CVE-2007-2903,0.29415,0.97223
CVE-2007-2904,0.01136,0.57949
CVE-2007-2905,0.01319,0.70416
CVE-2007-2906,0.01055,0.50287
CVE-2007-2907,0.01232,0.66248
CVE-2007-2908,0.02945,0.82784
CVE-2007-2909,0.01055,0.50287
CVE-2007-2910,0.01055,0.50287
CVE-2007-2911,0.01061,0.51015
CVE-2007-2912,0.01055,0.50287
CVE-2007-2913,0.01213,0.6557
CVE-2007-2914,0.01776,0.75902
CVE-2007-2915,0.01213,0.6557
CVE-2007-2916,0.01408,0.72072
CVE-2007-2917,0.07777,0.92953
CVE-2007-2918,0.6735,0.99047
CVE-2007-2919,0.64607,0.98968
CVE-2007-2920,0.07777,0.92953
CVE-2007-2921,0.13217,0.95473
CVE-2007-2923,0.01974,0.7812
CVE-2007-2924,0.07777,0.92953
CVE-2007-2925,0.12778,0.95378
CVE-2007-2926,0.15272,0.95729
CVE-2007-2927,0.13782,0.95593
CVE-2007-2928,0.07777,0.92953
CVE-2007-2929,0.01319,0.70416
CVE-2007-2930,0.12567,0.95329
CVE-2007-2931,0.62765,0.98913
CVE-2007-2932,0.02945,0.82784
CVE-2007-2933,0.00986,0.35784
CVE-2007-2934,0.04482,0.88223
CVE-2007-2935,0.0679,0.91793
CVE-2007-2936,0.04482,0.88223
CVE-2007-2937,0.04187,0.86773
CVE-2007-2938,0.44626,0.9825
CVE-2007-2939,0.0679,0.91793
CVE-2007-2940,0.0679,0.91793
CVE-2007-2941,0.04482,0.88223
CVE-2007-2942,0.01139,0.58345
CVE-2007-2943,0.04187,0.86773
CVE-2007-2944,0.01213,0.6557
CVE-2007-2945,0.01319,0.70416
CVE-2007-2946,0.12822,0.95405
CVE-2007-2947,0.07197,0.92068
CVE-2007-2948,0.12248,0.95092
CVE-2007-2949,0.12248,0.95092
CVE-2007-2950,0.01547,0.74085
CVE-2007-2951,0.02172,0.79917
CVE-2007-2952,0.1127,0.94787
CVE-2007-2953,0.12248,0.95092
CVE-2007-2954,0.13234,0.95482
CVE-2007-2955,0.09915,0.94265
CVE-2007-2956,0.1127,0.94787
CVE-2007-2957,0.07777,0.92953
CVE-2007-2958,0.04421,0.87629
CVE-2007-2959,0.00986,0.35784
CVE-2007-2960,0.01213,0.6557
CVE-2007-2961,0.01319,0.70416
CVE-2007-2962,0.02945,0.82784
CVE-2007-2963,0.01955,0.77585
CVE-2007-2964,0.0679,0.91793
CVE-2007-2965,0.01034,0.39824
CVE-2007-2966,0.07544,0.92484
CVE-2007-2967,0.03779,0.84781
CVE-2007-2968,0.01319,0.70416
CVE-2007-2969,0.04187,0.86773
CVE-2007-2970,0.01213,0.6557
CVE-2007-2971,0.04386,0.87542
CVE-2007-2972,0.02172,0.79917
CVE-2007-2973,0.02172,0.79917
CVE-2007-2974,0.1127,0.94787
CVE-2007-2975,0.06523,0.90962
CVE-2007-2976,0.01213,0.6557
CVE-2007-2977,0.01213,0.6557
CVE-2007-2978,0.01319,0.70416
CVE-2007-2979,0.01319,0.70416
CVE-2007-2980,0.12428,0.95128
CVE-2007-2981,0.15607,0.95873
CVE-2007-2982,0.07777,0.92953
CVE-2007-2983,0.15142,0.95704
CVE-2007-2984,0.07777,0.92953
CVE-2007-2985,0.04187,0.86773
CVE-2007-2986,0.04187,0.86773
CVE-2007-2987,0.75568,0.99319
CVE-2007-2988,0.0679,0.91793
CVE-2007-2989,0.02172,0.79917
CVE-2007-2990,0.01104,0.52279
CVE-2007-2991,0.01917,0.77071
CVE-2007-2992,0.01319,0.70416
CVE-2007-2993,0.01319,0.70416
CVE-2007-2994,0.01213,0.6557
CVE-2007-2995,0.01108,0.53389
CVE-2007-2996,0.01282,0.67298
CVE-2007-2997,0.01319,0.70416
CVE-2007-2998,0.01034,0.39824
CVE-2007-2999,0.06118,0.90183
CVE-2007-3000,0.01139,0.58345
CVE-2007-3001,0.02945,0.82784
CVE-2007-3002,0.01319,0.70416
CVE-2007-3003,0.00986,0.35784
CVE-2007-3006,0.15607,0.95873
CVE-2007-3007,0.02686,0.82061
CVE-2007-3008,0.01108,0.53389
CVE-2007-3009,0.04482,0.88223
CVE-2007-3010,0.81542,0.99518
CVE-2007-3011,0.07197,0.92068
CVE-2007-3012,0.01319,0.70416
CVE-2007-3013,0.01139,0.58345
CVE-2007-3014,0.04894,0.88891
CVE-2007-3017,0.05931,0.90093
CVE-2007-3018,0.01034,0.39824
CVE-2007-3021,0.01108,0.53389
CVE-2007-3022,0.01319,0.70416
CVE-2007-3023,0.02686,0.82061
CVE-2007-3024,0.01282,0.67298
CVE-2007-3025,0.01136,0.57949
CVE-2007-3026,0.1127,0.94787
CVE-2007-3027,0.46718,0.98435
CVE-2007-3028,0.20648,0.96329
CVE-2007-3029,0.46718,0.98435
CVE-2007-3030,0.46718,0.98435
CVE-2007-3032,0.46718,0.98435
CVE-2007-3033,0.46718,0.98435
CVE-2007-3034,0.63976,0.98955
CVE-2007-3035,0.46718,0.98435
CVE-2007-3036,0.02087,0.79049
CVE-2007-3037,0.46718,0.98435
CVE-2007-3038,0.23038,0.96506
CVE-2007-3039,0.49947,0.98625
CVE-2007-3040,0.63976,0.98955
CVE-2007-3041,0.46718,0.98435
CVE-2007-3042,0.01319,0.70416
CVE-2007-3043,0.01319,0.70416
CVE-2007-3044,0.01319,0.70416
CVE-2007-3045,0.01213,0.6557
CVE-2007-3046,0.01136,0.57949
CVE-2007-3047,0.01213,0.6557
CVE-2007-3048,0.01761,0.7555
CVE-2007-3049,0.01917,0.77071
CVE-2007-3050,0.01319,0.70416
CVE-2007-3051,0.01139,0.58345
CVE-2007-3052,0.01139,0.58345
CVE-2007-3053,0.01213,0.6557
CVE-2007-3054,0.01213,0.6557
CVE-2007-3055,0.02945,0.82784
CVE-2007-3056,0.01955,0.77585
CVE-2007-3057,0.16898,0.95986
CVE-2007-3058,0.01213,0.6557
CVE-2007-3059,0.01213,0.6557
CVE-2007-3060,0.12328,0.95117
CVE-2007-3061,0.04482,0.88223
CVE-2007-3062,0.01955,0.77585
CVE-2007-3063,0.00986,0.35784
CVE-2007-3064,0.01917,0.77071
CVE-2007-3065,0.00986,0.35784
CVE-2007-3066,0.01319,0.70416
CVE-2007-3067,0.01213,0.6557
CVE-2007-3068,0.733,0.99234
CVE-2007-3069,0.01183,0.60428
CVE-2007-3070,0.02945,0.82784
CVE-2007-3071,0.07687,0.92751
CVE-2007-3072,0.01408,0.72072
CVE-2007-3073,0.01408,0.72072
CVE-2007-3074,0.01319,0.70416
CVE-2007-3075,0.09772,0.94058
CVE-2007-3076,0.04482,0.88223
CVE-2007-3077,0.01139,0.58345
CVE-2007-3078,0.01319,0.70416
CVE-2007-3079,0.01136,0.57949
CVE-2007-3080,0.00986,0.35784
CVE-2007-3081,0.01213,0.6557
CVE-2007-3082,0.04482,0.88223
CVE-2007-3083,0.01213,0.6557
CVE-2007-3084,0.01136,0.57949
CVE-2007-3085,0.04358,0.87435
CVE-2007-3086,0.01924,0.77129
CVE-2007-3087,0.01018,0.38792
CVE-2007-3088,0.01139,0.58345
CVE-2007-3089,0.03932,0.8519
CVE-2007-3091,0.46718,0.98435
CVE-2007-3092,0.20648,0.96329
CVE-2007-3093,0.08263,0.93269
CVE-2007-3094,0.06337,0.90513
CVE-2007-3095,0.01034,0.39824
CVE-2007-3096,0.0679,0.91793
CVE-2007-3097,0.01408,0.72072
CVE-2007-3098,0.04482,0.88223
CVE-2007-3099,0.02186,0.8012
CVE-2007-3100,0.01547,0.74085
CVE-2007-3101,0.07563,0.92529
CVE-2007-3102,0.03779,0.84781
CVE-2007-3103,0.0322,0.83442
CVE-2007-3104,0.01547,0.74085
CVE-2007-3105,0.01547,0.74085
CVE-2007-3106,0.04229,0.86856
CVE-2007-3107,0.01547,0.74085
CVE-2007-3108,0.01547,0.74085
CVE-2007-3109,0.11676,0.94929
CVE-2007-3110,0.01213,0.6557
CVE-2007-3111,0.44626,0.9825
CVE-2007-3112,0.02172,0.79917
CVE-2007-3113,0.01815,0.76117
CVE-2007-3114,0.01319,0.70416
CVE-2007-3115,0.02172,0.79917
CVE-2007-3116,0.01213,0.6557
CVE-2007-3117,0.01319,0.70416
CVE-2007-3118,0.0679,0.91793
CVE-2007-3119,0.01139,0.58345
CVE-2007-3120,0.01319,0.70416
CVE-2007-3121,0.02791,0.82239
CVE-2007-3122,0.03779,0.84781
CVE-2007-3123,0.03779,0.84781
CVE-2007-3124,0.0095,0.30554
CVE-2007-3126,0.01108,0.53389
CVE-2007-3127,0.0679,0.91793
CVE-2007-3128,0.01319,0.70416
CVE-2007-3129,0.01408,0.72072
CVE-2007-3130,0.04187,0.86773
CVE-2007-3131,0.01213,0.6557
CVE-2007-3132,0.02172,0.79917
CVE-2007-3133,0.028,0.82308
CVE-2007-3134,0.01917,0.77071
CVE-2007-3135,0.01408,0.72072
CVE-2007-3136,0.04187,0.86773
CVE-2007-3137,0.02945,0.82784
CVE-2007-3138,0.01319,0.70416
CVE-2007-3139,0.06523,0.90962
CVE-2007-3140,0.01139,0.58345
CVE-2007-3141,0.01055,0.50287
CVE-2007-3142,0.01408,0.72072
CVE-2007-3143,0.01213,0.6557
CVE-2007-3144,0.01213,0.6557
CVE-2007-3145,0.01213,0.6557
CVE-2007-3146,0.01213,0.6557
CVE-2007-3147,0.76482000000000006,0.99351
CVE-2007-3148,0.39729,0.98024
CVE-2007-3149,0.01034,0.39824
CVE-2007-3150,0.01136,0.57949
CVE-2007-3151,0.0679,0.91793
CVE-2007-3152,0.01213,0.6557
CVE-2007-3153,0.01213,0.6557
CVE-2007-3154,0.01108,0.53389
CVE-2007-3155,0.01108,0.53389
CVE-2007-3156,0.01955,0.77585
CVE-2007-3157,0.0679,0.91793
CVE-2007-3158,0.04482,0.88223
CVE-2007-3159,0.04482,0.88223
CVE-2007-3160,0.0679,0.91793
CVE-2007-3161,0.042659999999999997,0.86883
CVE-2007-3162,0.0679,0.91793
CVE-2007-3163,0.01408,0.72072
CVE-2007-3164,0.13782,0.95593
CVE-2007-3165,0.01018,0.38792
CVE-2007-3166,0.042659999999999997,0.86883
CVE-2007-3167,0.07437,0.92309
CVE-2007-3168,0.10995,0.94626999999999994
CVE-2007-3169,0.35205,0.97726
CVE-2007-3170,0.01917,0.77071
CVE-2007-3171,0.04187,0.86773
CVE-2007-3172,0.01213,0.6557
CVE-2007-3173,0.01136,0.57949
CVE-2007-3174,0.01136,0.57949
CVE-2007-3175,0.01213,0.6557
CVE-2007-3176,0.01132,0.54372
CVE-2007-3177,0.01213,0.6557
CVE-2007-3178,0.01319,0.70416
CVE-2007-3179,0.01213,0.6557
CVE-2007-3180,0.01408,0.72072
CVE-2007-3181,0.40588,0.98099
CVE-2007-3182,0.04894,0.88891
CVE-2007-3183,0.04386,0.87542
CVE-2007-3184,0.01537,0.73595
CVE-2007-3185,0.01319,0.70416
CVE-2007-3186,0.10995,0.94626999999999994
CVE-2007-3187,0.03375,0.83648
CVE-2007-3188,0.01139,0.58345
CVE-2007-3189,0.02945,0.82784
CVE-2007-3190,0.01139,0.58345
CVE-2007-3191,0.0679,0.91793
CVE-2007-3192,0.04482,0.88223
CVE-2007-3193,0.02172,0.79917
CVE-2007-3194,0.01213,0.6557
CVE-2007-3195,0.01213,0.6557
CVE-2007-3196,0.01139,0.58345
CVE-2007-3197,0.01055,0.50287
CVE-2007-3198,0.04894,0.88891
CVE-2007-3199,0.0679,0.91793
CVE-2007-3200,0.01034,0.39824
CVE-2007-3201,0.0679,0.91793
CVE-2007-3202,0.01213,0.6557
CVE-2007-3203,0.07777,0.92953
CVE-2007-3204,0.01136,0.57949
CVE-2007-3205,0.01319,0.70416
CVE-2007-3207,0.01408,0.72072
CVE-2007-3208,0.08263,0.93269
CVE-2007-3209,0.01213,0.6557
CVE-2007-3210,0.06523,0.90962
CVE-2007-3211,0.01213,0.6557
CVE-2007-3212,0.02945,0.82784
CVE-2007-3213,0.01319,0.70416
CVE-2007-3214,0.01319,0.70416
CVE-2007-3215,0.03779,0.84781
CVE-2007-3216,0.87716,0.99768
CVE-2007-3217,0.12567,0.95329
CVE-2007-3218,0.01213,0.6557
CVE-2007-3219,0.01319,0.70416
CVE-2007-3220,0.07303,0.92109
CVE-2007-3221,0.16898,0.95986
CVE-2007-3222,0.06837,0.9181
CVE-2007-3223,0.01408,0.72072
CVE-2007-3224,0.01319,0.70416
CVE-2007-3225,0.01319,0.70416
CVE-2007-3226,0.01319,0.70416
CVE-2007-3227,0.05649,0.89807
CVE-2007-3228,0.10995,0.94626999999999994
CVE-2007-3229,0.01136,0.57949
CVE-2007-3230,0.0679,0.91793
CVE-2007-3231,0.01018,0.38792
CVE-2007-3232,0.01213,0.6557
CVE-2007-3233,0.0679,0.91793
CVE-2007-3234,0.01213,0.6557
CVE-2007-3235,0.01213,0.6557
CVE-2007-3236,0.16898,0.95986
CVE-2007-3237,0.16898,0.95986
CVE-2007-3238,0.01815,0.76117
CVE-2007-3239,0.07525,0.92398
CVE-2007-3240,0.06309,0.90494
CVE-2007-3241,0.01213,0.6557
CVE-2007-3242,0.01319,0.70416
CVE-2007-3243,0.01917,0.77071
CVE-2007-3244,0.01319,0.70416
CVE-2007-3245,0.01408,0.72072
CVE-2007-3246,0.01213,0.6557
CVE-2007-3247,0.01319,0.70416
CVE-2007-3248,0.01408,0.72072
CVE-2007-3249,0.02945,0.82784
CVE-2007-3250,0.01408,0.72072
CVE-2007-3251,0.01408,0.72072
CVE-2007-3252,0.01213,0.6557
CVE-2007-3253,0.01408,0.72072
CVE-2007-3254,0.01633,0.74922
CVE-2007-3255,0.01815,0.76117
CVE-2007-3256,0.01649,0.75017
CVE-2007-3257,0.04421,0.87629
CVE-2007-3258,0.01213,0.6557
CVE-2007-3259,0.01408,0.72072
CVE-2007-3260,0.01315,0.67456
CVE-2007-3261,0.01319,0.70416
CVE-2007-3262,0.01319,0.70416
CVE-2007-3263,0.01108,0.53389
CVE-2007-3264,0.01108,0.53389
CVE-2007-3265,0.01319,0.70416
CVE-2007-3266,0.0679,0.91793
CVE-2007-3267,0.02945,0.82784
CVE-2007-3268,0.01408,0.72072
CVE-2007-3269,0.01483,0.7269
CVE-2007-3270,0.04482,0.88223
CVE-2007-3271,0.01319,0.70416
CVE-2007-3272,0.04187,0.86773
CVE-2007-3273,0.01136,0.57949
CVE-2007-3274,0.01018,0.38792
CVE-2007-3275,0.01319,0.70416
CVE-2007-3276,0.01136,0.57949
CVE-2007-3277,0.01018,0.38792
CVE-2007-3278,0.02528,0.8112
CVE-2007-3279,0.01319,0.70416
CVE-2007-3280,0.21043,0.96371
CVE-2007-3281,0.02945,0.82784
CVE-2007-3282,0.39568,0.98009
CVE-2007-3283,0.0095,0.30554
CVE-2007-3284,0.04187,0.86773
CVE-2007-3285,0.04358,0.87435
CVE-2007-3286,0.06309,0.90494
CVE-2007-3288,0.01213,0.6557
CVE-2007-3289,0.06837,0.9181
CVE-2007-3290,0.01213,0.6557
CVE-2007-3291,0.01213,0.6557
CVE-2007-3292,0.01213,0.6557
CVE-2007-3293,0.01319,0.70416
CVE-2007-3294,0.042659999999999997,0.86883
CVE-2007-3295,0.01232,0.66248
CVE-2007-3296,0.01136,0.57949
CVE-2007-3297,0.07197,0.92068
CVE-2007-3298,0.01213,0.6557
CVE-2007-3299,0.01776,0.75902
CVE-2007-3300,0.02172,0.79917
CVE-2007-3301,0.00986,0.35784
CVE-2007-3302,0.28118,0.97158
CVE-2007-3303,0.01627,0.74906
CVE-2007-3304,0.06485,0.90625
CVE-2007-3305,0.1127,0.94787
CVE-2007-3306,0.04187,0.86773
CVE-2007-3307,0.00986,0.35784
CVE-2007-3309,0.01213,0.6557
CVE-2007-3310,0.01917,0.77071
CVE-2007-3311,0.00986,0.35784
CVE-2007-3312,0.01132,0.54372
CVE-2007-3313,0.01408,0.72072
CVE-2007-3314,0.733,0.99234
CVE-2007-3315,0.01055,0.50287
CVE-2007-3316,0.06604,0.91138
CVE-2007-3317,0.01319,0.70416
CVE-2007-3318,0.01319,0.70416
CVE-2007-3319,0.01319,0.70416
CVE-2007-3320,0.01319,0.70416
CVE-2007-3321,0.01213,0.6557
CVE-2007-3322,0.01213,0.6557
CVE-2007-3323,0.00986,0.35784
CVE-2007-3324,0.02945,0.82784
CVE-2007-3325,0.04187,0.86773
CVE-2007-3326,0.01213,0.6557
CVE-2007-3327,0.04482,0.88223
CVE-2007-3328,0.01955,0.77585
CVE-2007-3329,0.1127,0.94787
CVE-2007-3330,0.01213,0.6557
CVE-2007-3331,0.01213,0.6557
CVE-2007-3332,0.04482,0.88223
CVE-2007-3333,0.22565,0.96461
CVE-2007-3334,0.42881,0.98198
CVE-2007-3335,0.01136,0.57949
CVE-2007-3336,0.42881,0.98198
CVE-2007-3337,0.01282,0.67298
CVE-2007-3338,0.12248,0.95092
CVE-2007-3339,0.04894,0.88891
CVE-2007-3340,0.0679,0.91793
CVE-2007-3341,0.09772,0.94058
CVE-2007-3342,0.01213,0.6557
CVE-2007-3343,0.01408,0.72072
CVE-2007-3344,0.01408,0.72072
CVE-2007-3345,0.01136,0.57949
CVE-2007-3346,0.04187,0.86773
CVE-2007-3347,0.01213,0.6557
CVE-2007-3348,0.01319,0.70416
CVE-2007-3349,0.01319,0.70416
CVE-2007-3350,0.01213,0.6557
CVE-2007-3351,0.01136,0.57949
CVE-2007-3352,0.01408,0.72072
CVE-2007-3353,0.01136,0.57949
CVE-2007-3354,0.00986,0.35784
CVE-2007-3355,0.01213,0.6557
CVE-2007-3356,0.01408,0.72072
CVE-2007-3357,0.01018,0.38792
CVE-2007-3358,0.0679,0.91793
CVE-2007-3359,0.01136,0.57949
CVE-2007-3360,0.0679,0.91793
CVE-2007-3361,0.01319,0.70416
CVE-2007-3362,0.01408,0.72072
CVE-2007-3363,0.01213,0.6557
CVE-2007-3364,0.02945,0.82784
CVE-2007-3365,0.0679,0.91793
CVE-2007-3366,0.01213,0.6557
CVE-2007-3367,0.01213,0.6557
CVE-2007-3368,0.01213,0.6557
CVE-2007-3369,0.01319,0.70416
CVE-2007-3370,0.0679,0.91793
CVE-2007-3371,0.04482,0.88223
CVE-2007-3372,0.01547,0.74085
CVE-2007-3373,0.00954,0.34522
CVE-2007-3374,0.02172,0.79379
CVE-2007-3375,0.07777,0.92953
CVE-2007-3376,0.03914,0.84984
CVE-2007-3377,0.03932,0.8519
CVE-2007-3378,0.04358,0.87435
CVE-2007-3379,0.0089,0.2856
CVE-2007-3380,0.01974,0.7812
CVE-2007-3381,0.01547,0.74085
CVE-2007-3382,0.38228,0.97884
CVE-2007-3383,0.06394,0.90534
CVE-2007-3384,0.02072,0.79023
CVE-2007-3385,0.07344,0.92237
CVE-2007-3386,0.65303,0.98982
CVE-2007-3387,0.11528,0.94837
CVE-2007-3388,0.12248,0.95092
CVE-2007-3389,0.45404,0.98271
CVE-2007-3390,0.04358,0.87435
CVE-2007-3391,0.04358,0.87435
CVE-2007-3392,0.04358,0.87435
CVE-2007-3393,0.04358,0.87435
CVE-2007-3394,0.00986,0.35784
CVE-2007-3396,0.04894,0.88891
CVE-2007-3397,0.01319,0.70416
CVE-2007-3398,0.04482,0.88223
CVE-2007-3399,0.01408,0.72072
CVE-2007-3400,0.0679,0.91793
CVE-2007-3401,0.0679,0.91793
CVE-2007-3402,0.01139,0.58345
CVE-2007-3403,0.04482,0.88223
CVE-2007-3404,0.04482,0.88223
CVE-2007-3405,0.01213,0.6557
CVE-2007-3406,0.20999,0.96367
CVE-2007-3407,0.0679,0.91793
CVE-2007-3408,0.00954,0.34522
CVE-2007-3409,0.03932,0.8519
CVE-2007-3410,0.33191,0.97551
CVE-2007-3411,0.01213,0.6557
CVE-2007-3412,0.01213,0.6557
CVE-2007-3413,0.01136,0.57949
CVE-2007-3414,0.01319,0.70416
CVE-2007-3415,0.01213,0.6557
CVE-2007-3416,0.01213,0.6557
CVE-2007-3417,0.01136,0.57949
CVE-2007-3418,0.01061,0.51015
CVE-2007-3419,0.00954,0.34522
CVE-2007-3420,0.00954,0.34522
CVE-2007-3421,0.00954,0.34522
CVE-2007-3422,0.00954,0.34522
CVE-2007-3423,0.00954,0.34522
CVE-2007-3424,0.00954,0.34522
CVE-2007-3425,0.01408,0.72072
CVE-2007-3426,0.01319,0.70416
CVE-2007-3427,0.01408,0.72072
CVE-2007-3428,0.01136,0.57949
CVE-2007-3429,0.04482,0.88223
CVE-2007-3430,0.01139,0.58345
CVE-2007-3431,0.07197,0.92068
CVE-2007-3432,0.01213,0.6557
CVE-2007-3433,0.01213,0.6557
CVE-2007-3434,0.01213,0.6557
CVE-2007-3435,0.75392,0.99312
CVE-2007-3436,0.11676,0.94929
CVE-2007-3437,0.01136,0.57949
CVE-2007-3438,0.03953,0.8521
CVE-2007-3439,0.01213,0.6557
CVE-2007-3440,0.01213,0.6557
CVE-2007-3441,0.01136,0.57949
CVE-2007-3442,0.01232,0.66248
CVE-2007-3443,0.01232,0.66248
CVE-2007-3444,0.01319,0.70416
CVE-2007-3445,0.01136,0.57949
CVE-2007-3446,0.01213,0.6557
CVE-2007-3447,0.01319,0.70416
CVE-2007-3448,0.01319,0.70416
CVE-2007-3449,0.01319,0.70416
CVE-2007-3450,0.01055,0.50287
CVE-2007-3451,0.01232,0.66248
CVE-2007-3452,0.00986,0.35784
CVE-2007-3453,0.01319,0.70416
CVE-2007-3454,0.08263,0.93269
CVE-2007-3455,0.01974,0.7812
CVE-2007-3456,0.76943,0.99373
CVE-2007-3457,0.03407,0.83908
CVE-2007-3458,0.01282,0.67298
CVE-2007-3459,0.0679,0.91793
CVE-2007-3460,0.0679,0.91793
CVE-2007-3461,0.00986,0.35784
CVE-2007-3462,0.01815,0.76117
CVE-2007-3463,0.01297,0.67316
CVE-2007-3464,0.0095,0.30554
CVE-2007-3465,0.01018,0.38792
CVE-2007-3467,0.01319,0.70416
CVE-2007-3468,0.01319,0.70416
CVE-2007-3469,0.01104,0.52279
CVE-2007-3470,0.01974,0.7812
CVE-2007-3471,0.02172,0.79379
CVE-2007-3472,0.03932,0.8519
CVE-2007-3473,0.15272,0.95729
CVE-2007-3474,0.02686,0.82061
CVE-2007-3475,0.04358,0.87435
CVE-2007-3476,0.03932,0.8519
CVE-2007-3477,0.02686,0.82061
CVE-2007-3478,0.04358,0.87435
CVE-2007-3479,0.07687,0.92751
CVE-2007-3480,0.01136,0.57949
CVE-2007-3481,0.11676,0.94929
CVE-2007-3482,0.01136,0.57949
CVE-2007-3483,0.00954,0.34522
CVE-2007-3484,0.01136,0.57949
CVE-2007-3485,0.01136,0.57949
CVE-2007-3486,0.01055,0.50287
CVE-2007-3487,0.0679,0.91793
CVE-2007-3488,0.20096,0.96253
CVE-2007-3489,0.01319,0.70416
CVE-2007-3490,0.29415,0.97223
CVE-2007-3491,0.01319,0.70416
CVE-2007-3492,0.04482,0.88223
CVE-2007-3493,0.40848,0.98127
CVE-2007-3494,0.01232,0.66248
CVE-2007-3495,0.01319,0.70416
CVE-2007-3496,0.01319,0.70416
CVE-2007-3497,0.09772,0.94058
CVE-2007-3498,0.01213,0.6557
CVE-2007-3499,0.00885,0.26162
CVE-2007-3500,0.01213,0.6557
CVE-2007-3501,0.01319,0.70416
CVE-2007-3502,0.01319,0.70416
CVE-2007-3503,0.03932,0.8519
CVE-2007-3504,0.1127,0.94787
CVE-2007-3505,0.07197,0.92068
CVE-2007-3506,0.02791,0.82239
CVE-2007-3507,0.1127,0.94787
CVE-2007-3508,0.02172,0.79379
CVE-2007-3509,0.07544,0.92484
CVE-2007-3510,0.06337,0.90513
CVE-2007-3511,0.03932,0.8519
CVE-2007-3512,0.07777,0.92953
CVE-2007-3513,0.01547,0.74085
CVE-2007-3514,0.01055,0.50287
CVE-2007-3515,0.01139,0.58345
CVE-2007-3516,0.01213,0.6557
CVE-2007-3517,0.02945,0.82784
CVE-2007-3518,0.01139,0.58345
CVE-2007-3519,0.01139,0.58345
CVE-2007-3520,0.01139,0.58345
CVE-2007-3521,0.00986,0.35784
CVE-2007-3522,0.07197,0.92068
CVE-2007-3523,0.04482,0.88223
CVE-2007-3524,0.0679,0.91793
CVE-2007-3525,0.01213,0.6557
CVE-2007-3526,0.01139,0.58345
CVE-2007-3527,0.01232,0.66248
CVE-2007-3528,0.01183,0.60428
CVE-2007-3529,0.01213,0.6557
CVE-2007-3530,0.0095,0.30554
CVE-2007-3531,0.01034,0.39824
CVE-2007-3532,0.01034,0.39824
CVE-2007-3533,0.01319,0.70416
CVE-2007-3534,0.00986,0.35784
CVE-2007-3535,0.04482,0.88223
CVE-2007-3536,0.15142,0.95704
CVE-2007-3537,0.01213,0.6557
CVE-2007-3538,0.01213,0.6557
CVE-2007-3539,0.04386,0.87542
CVE-2007-3540,0.01213,0.6557
CVE-2007-3541,0.01319,0.70416
CVE-2007-3542,0.01136,0.57949
CVE-2007-3543,0.01132,0.54372
CVE-2007-3544,0.01055,0.50287
CVE-2007-3545,0.04291,0.87022
CVE-2007-3546,0.01319,0.70416
CVE-2007-3547,0.04482,0.88223
CVE-2007-3548,0.04081,0.85323
CVE-2007-3549,0.00986,0.35784
CVE-2007-3550,0.20648,0.96329
CVE-2007-3551,0.01132,0.54372
CVE-2007-3552,0.01319,0.70416
CVE-2007-3553,0.11165,0.94647
CVE-2007-3554,0.51781,0.98657
CVE-2007-3555,0.05649,0.89807
CVE-2007-3556,0.0679,0.91793
CVE-2007-3557,0.01319,0.70416
CVE-2007-3558,0.01136,0.57949
CVE-2007-3559,0.01132,0.54372
CVE-2007-3560,0.01018,0.38792
CVE-2007-3561,0.01213,0.6557
CVE-2007-3562,0.01408,0.72072
CVE-2007-3563,0.01139,0.58345
CVE-2007-3564,0.02172,0.79917
CVE-2007-3566,0.78095,0.99418
CVE-2007-3567,0.01319,0.70416
CVE-2007-3568,0.01018,0.38792
CVE-2007-3569,0.04894,0.88891
CVE-2007-3570,0.01213,0.6557
CVE-2007-3571,0.01213,0.6557
CVE-2007-3572,0.0679,0.91793
CVE-2007-3573,0.01136,0.57949
CVE-2007-3574,0.03129,0.8316
CVE-2007-3575,0.01213,0.6557
CVE-2007-3576,0.13105,0.9547
CVE-2007-3577,0.01213,0.6557
CVE-2007-3578,0.01213,0.6557
CVE-2007-3579,0.01213,0.6557
CVE-2007-3580,0.01213,0.6557
CVE-2007-3581,0.01055,0.50287
CVE-2007-3582,0.01139,0.58345
CVE-2007-3583,0.01139,0.58345
CVE-2007-3584,0.00986,0.35784
CVE-2007-3585,0.01136,0.57949
CVE-2007-3586,0.01213,0.6557
CVE-2007-3587,0.0679,0.91793
CVE-2007-3588,0.01136,0.57949
CVE-2007-3589,0.01213,0.6557
CVE-2007-3590,0.01213,0.6557
CVE-2007-3591,0.01213,0.6557
CVE-2007-3592,0.01132,0.54372
CVE-2007-3593,0.04894,0.88891
CVE-2007-3594,0.05649,0.89807
CVE-2007-3596,0.01108,0.53389
CVE-2007-3597,0.01232,0.66248
CVE-2007-3598,0.01132,0.54372
CVE-2007-3599,0.01061,0.51015
CVE-2007-3600,0.01132,0.54372
CVE-2007-3601,0.01061,0.51015
CVE-2007-3602,0.01132,0.54372
CVE-2007-3603,0.01132,0.54372
CVE-2007-3604,0.01132,0.54372
CVE-2007-3605,0.76482000000000006,0.99351
CVE-2007-3606,0.07996,0.93017
CVE-2007-3607,0.01319,0.70416
CVE-2007-3608,0.01319,0.70416
CVE-2007-3609,0.028,0.82308
CVE-2007-3610,0.01139,0.58345
CVE-2007-3611,0.04187,0.86773
CVE-2007-3612,0.09006,0.9374
CVE-2007-3613,0.27479,0.97061
CVE-2007-3614,0.78095,0.99418
CVE-2007-3615,0.02172,0.79917
CVE-2007-3616,0.01055,0.50287
CVE-2007-3617,0.01061,0.51015
CVE-2007-3618,0.1127,0.94787
CVE-2007-3619,0.10995,0.94626999999999994
CVE-2007-3620,0.01319,0.70416
CVE-2007-3621,0.10995,0.94626999999999994
CVE-2007-3622,0.01319,0.70416
CVE-2007-3623,0.01319,0.70416
CVE-2007-3624,0.40588,0.98099
CVE-2007-3625,0.01319,0.70416
CVE-2007-3626,0.01319,0.70416
CVE-2007-3627,0.00986,0.35784
CVE-2007-3628,0.00954,0.34522
CVE-2007-3629,0.00986,0.35784
CVE-2007-3630,0.04482,0.88223
CVE-2007-3631,0.01139,0.58345
CVE-2007-3632,0.12567,0.95329
CVE-2007-3633,0.07197,0.92068
CVE-2007-3634,0.01232,0.66248
CVE-2007-3635,0.0089,0.2856
CVE-2007-3636,0.04187,0.86773
CVE-2007-3637,0.01213,0.6557
CVE-2007-3638,0.05532,0.89536
CVE-2007-3639,0.01319,0.70416
CVE-2007-3640,0.01202,0.60495
CVE-2007-3641,0.08228,0.93218
CVE-2007-3642,0.03779,0.84781
CVE-2007-3643,0.01213,0.6557
CVE-2007-3644,0.03779,0.84781
CVE-2007-3645,0.03779,0.84781
CVE-2007-3646,0.01139,0.58345
CVE-2007-3647,0.01319,0.70416
CVE-2007-3648,0.01213,0.6557
CVE-2007-3649,0.04187,0.86773
CVE-2007-3650,0.01055,0.50287
CVE-2007-3651,0.01055,0.50287
CVE-2007-3652,0.01055,0.50287
CVE-2007-3653,0.01917,0.77071
CVE-2007-3654,0.0095,0.30554
CVE-2007-3655,0.44712,0.98253
CVE-2007-3656,0.04358,0.87435
CVE-2007-3657,0.01213,0.6557
CVE-2007-3658,0.06118,0.90183
CVE-2007-3659,0.01592,0.74578
CVE-2007-3660,0.01213,0.6557
CVE-2007-3661,0.01136,0.57949
CVE-2007-3662,0.04291,0.87022
CVE-2007-3663,0.04291,0.87022
CVE-2007-3664,0.01055,0.50287
CVE-2007-3665,0.01213,0.6557
CVE-2007-3666,0.06523,0.90962
CVE-2007-3667,0.01136,0.57949
CVE-2007-3668,0.01136,0.57949
CVE-2007-3669,0.00954,0.34522
CVE-2007-3670,0.46113,0.98301
CVE-2007-3671,0.06118,0.90183
CVE-2007-3672,0.01136,0.57949
CVE-2007-3673,0.02046,0.7858
CVE-2007-3675,0.07777,0.92953
CVE-2007-3676,0.04465,0.87733
CVE-2007-3677,0.02172,0.79917
CVE-2007-3678,0.07525,0.92398
CVE-2007-3679,0.01955,0.77585
CVE-2007-3680,0.02172,0.79379
CVE-2007-3681,0.05625,0.89579
CVE-2007-3682,0.01139,0.58345
CVE-2007-3683,0.01139,0.58345
CVE-2007-3684,0.01319,0.70416
CVE-2007-3685,0.01213,0.6557
CVE-2007-3686,0.01213,0.6557
CVE-2007-3687,0.01139,0.58345
CVE-2007-3688,0.01319,0.70416
CVE-2007-3689,0.01408,0.72072
CVE-2007-3690,0.01408,0.72072
CVE-2007-3691,0.01213,0.6557
CVE-2007-3692,0.01319,0.70416
CVE-2007-3693,0.01917,0.77071
CVE-2007-3694,0.01917,0.77071
CVE-2007-3695,0.05056,0.89013
CVE-2007-3696,0.01136,0.57949
CVE-2007-3697,0.20096,0.96253
CVE-2007-3698,0.04358,0.87435
CVE-2007-3699,0.01319,0.70416
CVE-2007-3700,0.01104,0.52279
CVE-2007-3701,0.10995,0.94626999999999994
CVE-2007-3702,0.0679,0.91793
CVE-2007-3703,0.07687,0.92751
CVE-2007-3704,0.01319,0.70416
CVE-2007-3705,0.01136,0.57949
CVE-2007-3706,0.01213,0.6557
CVE-2007-3707,0.01319,0.70416
CVE-2007-3708,0.01319,0.70416
CVE-2007-3709,0.01213,0.6557
CVE-2007-3710,0.01136,0.57949
CVE-2007-3711,0.02172,0.79917
CVE-2007-3712,0.01055,0.50287
CVE-2007-3713,0.06523,0.90962
CVE-2007-3714,0.04187,0.86773
CVE-2007-3715,0.01537,0.73595
CVE-2007-3716,0.04421,0.87629
CVE-2007-3717,0.01104,0.52279
CVE-2007-3718,0.00954,0.34522
CVE-2007-3719,0.00885,0.26162
CVE-2007-3720,0.00885,0.26162
CVE-2007-3721,0.00885,0.26162
CVE-2007-3722,0.00885,0.26162
CVE-2007-3723,0.00885,0.26162
CVE-2007-3724,0.0129,0.673
CVE-2007-3725,0.12567,0.95329
CVE-2007-3726,0.01319,0.70416
CVE-2007-3727,0.01018,0.38792
CVE-2007-3728,0.01319,0.70416
CVE-2007-3729,0.01213,0.6557
CVE-2007-3730,0.01213,0.6557
CVE-2007-3731,0.01547,0.74085
CVE-2007-3732,0.0089,0.2856
CVE-2007-3734,0.03932,0.8519
CVE-2007-3735,0.03932,0.8519
CVE-2007-3736,0.03932,0.8519
CVE-2007-3737,0.09915,0.94265
CVE-2007-3738,0.09915,0.94265
CVE-2007-3739,0.01547,0.74085
CVE-2007-3740,0.01547,0.74085
CVE-2007-3741,0.01955,0.77585
CVE-2007-3742,0.01776,0.75902
CVE-2007-3743,0.03261,0.83509
CVE-2007-3744,0.06494,0.90631
CVE-2007-3745,0.05903,0.90071
CVE-2007-3746,0.05903,0.90071
CVE-2007-3747,0.05903,0.90071
CVE-2007-3748,0.06105,0.90164
CVE-2007-3749,0.0196,0.77594
CVE-2007-3750,0.09174,0.9391
CVE-2007-3751,0.44586,0.98246
CVE-2007-3752,0.06154,0.90253
CVE-2007-3753,0.0291,0.82466
CVE-2007-3754,0.01408,0.72072
CVE-2007-3755,0.01408,0.72072
CVE-2007-3756,0.03407,0.83908
CVE-2007-3757,0.01408,0.72072
CVE-2007-3758,0.03407,0.83908
CVE-2007-3759,0.01108,0.53389
CVE-2007-3760,0.03407,0.83908
CVE-2007-3761,0.01319,0.70416
CVE-2007-3762,0.1127,0.94787
CVE-2007-3763,0.10995,0.94626999999999994
CVE-2007-3764,0.12567,0.95329
CVE-2007-3765,0.01319,0.70416
CVE-2007-3768,0.01108,0.53389
CVE-2007-3769,0.01108,0.53389
CVE-2007-3770,0.01955,0.77585
CVE-2007-3771,0.01104,0.52279
CVE-2007-3772,0.04187,0.86773
CVE-2007-3773,0.01213,0.6557
CVE-2007-3774,0.01136,0.57949
CVE-2007-3775,0.01319,0.70416
CVE-2007-3776,0.01319,0.70416
CVE-2007-3777,0.01104,0.52279
CVE-2007-3778,0.02172,0.79917
CVE-2007-3779,0.01213,0.6557
CVE-2007-3780,0.04358,0.87435
CVE-2007-3781,0.02528,0.8112
CVE-2007-3782,0.02528,0.8112
CVE-2007-3783,0.01408,0.72072
CVE-2007-3784,0.01408,0.72072
CVE-2007-3785,0.04187,0.86773
CVE-2007-3786,0.01408,0.72072
CVE-2007-3787,0.01213,0.6557
CVE-2007-3788,0.01018,0.38792
CVE-2007-3789,0.00986,0.35784
CVE-2007-3790,0.04187,0.86773
CVE-2007-3791,0.07544,0.92484
CVE-2007-3792,0.0679,0.91793
CVE-2007-3793,0.01319,0.70416
CVE-2007-3794,0.01018,0.38792
CVE-2007-3795,0.01108,0.53389
CVE-2007-3796,0.01213,0.6557
CVE-2007-3798,0.47944,0.98484
CVE-2007-3799,0.12567,0.95329
CVE-2007-3800,0.01034,0.39824
CVE-2007-3803,0.01213,0.6557
CVE-2007-3804,0.01213,0.6557
CVE-2007-3805,0.01213,0.6557
CVE-2007-3806,0.23224,0.96531
CVE-2007-3807,0.01319,0.70416
CVE-2007-3808,0.01139,0.58345
CVE-2007-3809,0.00986,0.35784
CVE-2007-3810,0.01139,0.58345
CVE-2007-3811,0.01139,0.58345
CVE-2007-3812,0.01139,0.58345
CVE-2007-3813,0.04187,0.86773
CVE-2007-3814,0.04386,0.87542
CVE-2007-3815,0.01592,0.74578
CVE-2007-3816,0.01537,0.73595
CVE-2007-3817,0.01319,0.70416
CVE-2007-3818,0.01055,0.50287
CVE-2007-3819,0.03779,0.84781
CVE-2007-3820,0.03932,0.8519
CVE-2007-3821,0.01319,0.70416
CVE-2007-3822,0.04894,0.88891
CVE-2007-3823,0.01213,0.6557
CVE-2007-3824,0.01139,0.58345
CVE-2007-3825,0.28118,0.97158
CVE-2007-3826,0.23038,0.96506
CVE-2007-3827,0.01055,0.50287
CVE-2007-3828,0.05106,0.89045
CVE-2007-3829,0.1127,0.94787
CVE-2007-3830,0.01132,0.54372
CVE-2007-3831,0.01213,0.6557
CVE-2007-3832,0.15607,0.95873
CVE-2007-3833,0.06523,0.90962
CVE-2007-3834,0.01213,0.6557
CVE-2007-3835,0.01408,0.72072
CVE-2007-3836,0.01136,0.57949
CVE-2007-3837,0.00954,0.34522
CVE-2007-3838,0.01917,0.77071
CVE-2007-3839,0.01136,0.57949
CVE-2007-3840,0.00986,0.35784
CVE-2007-3841,0.01055,0.50287
CVE-2007-3842,0.01055,0.50287
CVE-2007-3843,0.03779,0.84781
CVE-2007-3844,0.40738,0.98115
CVE-2007-3845,0.15272,0.95729
CVE-2007-3846,0.02186,0.8012
CVE-2007-3847,0.10861,0.94473
CVE-2007-3848,0.01547,0.74085
CVE-2007-3849,0.01104,0.52279
CVE-2007-3850,0.01034,0.39824
CVE-2007-3851,0.01547,0.74085
CVE-2007-3852,0.01755,0.75287
CVE-2007-3853,0.02186,0.8012
CVE-2007-3854,0.02186,0.8012
CVE-2007-3855,0.10859,0.94472
CVE-2007-3856,0.01815,0.76117
CVE-2007-3857,0.01815,0.76117
CVE-2007-3858,0.02172,0.79917
CVE-2007-3859,0.01537,0.73595
CVE-2007-3860,0.02686,0.82061
CVE-2007-3861,0.01537,0.73595
CVE-2007-3862,0.02172,0.79917
CVE-2007-3863,0.01537,0.73595
CVE-2007-3864,0.01537,0.73595
CVE-2007-3865,0.02686,0.82061
CVE-2007-3866,0.03779,0.84781
CVE-2007-3867,0.02686,0.82061
CVE-2007-3868,0.01815,0.76117
CVE-2007-3869,0.02172,0.79917
CVE-2007-3870,0.01282,0.67298
CVE-2007-3871,0.01319,0.70416
CVE-2007-3872,0.84047,0.99597
CVE-2007-3873,0.01755,0.75287
CVE-2007-3874,0.01319,0.70416
CVE-2007-3875,0.02172,0.79917
CVE-2007-3876,0.07723,0.92755
CVE-2007-3880,0.01104,0.52279
CVE-2007-3881,0.00986,0.35784
CVE-2007-3882,0.00986,0.35784
CVE-2007-3883,0.0679,0.91793
CVE-2007-3884,0.04386,0.87542
CVE-2007-3885,0.01213,0.6557
CVE-2007-3886,0.01213,0.6557
CVE-2007-3887,0.01319,0.70416
CVE-2007-3888,0.01917,0.77071
CVE-2007-3889,0.028,0.82308
CVE-2007-3890,0.406,0.98111
CVE-2007-3891,0.46718,0.98435
CVE-2007-3892,0.20648,0.96329
CVE-2007-3893,0.46718,0.98435
CVE-2007-3895,0.46718,0.98435
CVE-2007-3896,0.46113,0.98301
CVE-2007-3897,0.23108,0.96524
CVE-2007-3898,0.51478,0.9865
CVE-2007-3899,0.46718,0.98435
CVE-2007-3901,0.64298,0.98959
CVE-2007-3902,0.46718,0.98435
CVE-2007-3903,0.46718,0.98435
CVE-2007-3905,0.01319,0.70416
CVE-2007-3906,0.01108,0.53389
CVE-2007-3907,0.01408,0.72072
CVE-2007-3908,0.01104,0.52279
CVE-2007-3909,0.00986,0.35784
CVE-2007-3910,0.01319,0.70416
CVE-2007-3911,0.08263,0.93269
CVE-2007-3912,0.01104,0.52279
CVE-2007-3913,0.01213,0.6557
CVE-2007-3915,0.00885,0.26162
CVE-2007-3916,0.01104,0.52279
CVE-2007-3917,0.02686,0.82061
CVE-2007-3918,0.01319,0.70416
CVE-2007-3919,0.01547,0.74085
CVE-2007-3920,0.02686,0.82061
CVE-2007-3921,0.01034,0.39824
CVE-2007-3922,0.04358,0.87435
CVE-2007-3923,0.01319,0.70416
CVE-2007-3924,0.09772,0.94058
CVE-2007-3925,0.86339,0.99689
CVE-2007-3926,0.01136,0.57949
CVE-2007-3927,0.40588,0.98099
CVE-2007-3928,0.07525,0.92398
CVE-2007-3929,0.09915,0.94265
CVE-2007-3930,0.46718,0.98435
CVE-2007-3931,0.0095,0.30554
CVE-2007-3932,0.04482,0.88223
CVE-2007-3933,0.00986,0.35784
CVE-2007-3934,0.0679,0.91793
CVE-2007-3935,0.04482,0.88223
CVE-2007-3936,0.01213,0.6557
CVE-2007-3937,0.01055,0.50287
CVE-2007-3938,0.01139,0.58345
CVE-2007-3939,0.00986,0.35784
CVE-2007-3940,0.01213,0.6557
CVE-2007-3941,0.01213,0.6557
CVE-2007-3942,0.01213,0.6557
CVE-2007-3943,0.01213,0.6557
CVE-2007-3944,0.09174,0.9391
CVE-2007-3945,0.01108,0.53389
CVE-2007-3946,0.03779,0.84781
CVE-2007-3947,0.12567,0.95329
CVE-2007-3948,0.03779,0.84781
CVE-2007-3949,0.03779,0.84781
CVE-2007-3950,0.03779,0.84781
CVE-2007-3951,0.12248,0.95092
CVE-2007-3952,0.06292,0.90362
CVE-2007-3953,0.06292,0.90362
CVE-2007-3954,0.09772,0.94058
CVE-2007-3955,0.15607,0.95873
CVE-2007-3956,0.04482,0.88223
CVE-2007-3957,0.04187,0.86773
CVE-2007-3958,0.24729,0.96719
CVE-2007-3959,0.01319,0.70416
CVE-2007-3960,0.01108,0.53389
CVE-2007-3961,0.01974,0.7812
CVE-2007-3962,0.1127,0.94787
CVE-2007-3963,0.01917,0.77071
CVE-2007-3964,0.01213,0.6557
CVE-2007-3965,0.01018,0.38792
CVE-2007-3966,0.01213,0.6557
CVE-2007-3967,0.01136,0.57949
CVE-2007-3968,0.01136,0.57949
CVE-2007-3969,0.07777,0.92953
CVE-2007-3970,0.1127,0.94787
CVE-2007-3971,0.02172,0.79917
CVE-2007-3972,0.02172,0.79917
CVE-2007-3973,0.01955,0.77585
CVE-2007-3974,0.01408,0.72072
CVE-2007-3975,0.01136,0.57949
CVE-2007-3976,0.01213,0.6557
CVE-2007-3977,0.01055,0.50287
CVE-2007-3978,0.01055,0.50287
CVE-2007-3979,0.01139,0.58345
CVE-2007-3980,0.04482,0.88223
CVE-2007-3981,0.01139,0.58345
CVE-2007-3982,0.01319,0.70416
CVE-2007-3983,0.01055,0.50287
CVE-2007-3984,0.06523,0.90962
CVE-2007-3985,0.01408,0.72072
CVE-2007-3986,0.01319,0.70416
CVE-2007-3987,0.01139,0.58345
CVE-2007-3988,0.01319,0.70416
CVE-2007-3989,0.01917,0.77071
CVE-2007-3990,0.01213,0.6557
CVE-2007-3991,0.01917,0.77071
CVE-2007-3992,0.01055,0.50287
CVE-2007-3993,0.01108,0.53389
CVE-2007-3996,0.08228,0.93218
CVE-2007-3997,0.12567,0.95329
CVE-2007-3998,0.04358,0.87435
CVE-2007-3999,0.08228,0.93218
CVE-2007-4000,0.09085,0.93856
CVE-2007-4003,0.05625,0.89579
CVE-2007-4004,0.05625,0.89579
CVE-2007-4005,0.06523,0.90962
CVE-2007-4006,0.71013,0.99137
CVE-2007-4007,0.04482,0.88223
CVE-2007-4008,0.0679,0.91793
CVE-2007-4009,0.0679,0.91793
CVE-2007-4010,0.04187,0.86773
CVE-2007-4011,0.01319,0.70416
CVE-2007-4012,0.01319,0.70416
CVE-2007-4013,0.01183,0.60428
CVE-2007-4014,0.01776,0.75902
CVE-2007-4016,0.03214,0.83353
CVE-2007-4017,0.01408,0.72072
CVE-2007-4018,0.01183,0.60428
CVE-2007-4020,0.01319,0.70416
CVE-2007-4021,0.01213,0.6557
CVE-2007-4022,0.02945,0.82784
CVE-2007-4023,0.01408,0.72072
CVE-2007-4024,0.01917,0.77071
CVE-2007-4025,0.01408,0.72072
CVE-2007-4026,0.01213,0.6557
CVE-2007-4027,0.0095,0.30554
CVE-2007-4028,0.01213,0.6557
CVE-2007-4029,0.02686,0.82061
CVE-2007-4031,0.0679,0.91793
CVE-2007-4032,0.07687,0.92751
CVE-2007-4033,0.27992,0.97142
CVE-2007-4034,0.15142,0.95704
CVE-2007-4035,0.01319,0.70416
CVE-2007-4036,0.01319,0.70416
CVE-2007-4037,0.01108,0.53389
CVE-2007-4038,0.01213,0.6557
CVE-2007-4039,0.01055,0.50287
CVE-2007-4040,0.09772,0.94058
CVE-2007-4041,0.13782,0.95593
CVE-2007-4042,0.09772,0.94058
CVE-2007-4043,0.01055,0.50287
CVE-2007-4045,0.03779,0.84781
CVE-2007-4046,0.00986,0.35784
CVE-2007-4047,0.0679,0.91793
CVE-2007-4048,0.01408,0.72072
CVE-2007-4050,0.01974,0.7812
CVE-2007-4051,0.01034,0.39824
CVE-2007-4052,0.01917,0.77071
CVE-2007-4053,0.01139,0.58345
CVE-2007-4054,0.00986,0.35784
CVE-2007-4055,0.00986,0.35784
CVE-2007-4056,0.00986,0.35784
CVE-2007-4057,0.04187,0.86773
CVE-2007-4058,0.04187,0.86773
CVE-2007-4059,0.12567,0.95329
CVE-2007-4060,0.07687,0.92751
CVE-2007-4061,0.07777,0.92953
CVE-2007-4062,0.01213,0.6557
CVE-2007-4063,0.01319,0.70416
CVE-2007-4064,0.01319,0.70416
CVE-2007-4065,0.02686,0.82061
CVE-2007-4066,0.02686,0.82061
CVE-2007-4067,0.0679,0.91793
CVE-2007-4068,0.00986,0.35784
CVE-2007-4069,0.01139,0.58345
CVE-2007-4070,0.01282,0.67298
CVE-2007-4071,0.01319,0.70416
CVE-2007-4072,0.01213,0.6557
CVE-2007-4073,0.01213,0.6557
CVE-2007-4074,0.01408,0.72072
CVE-2007-4075,0.01917,0.77071
CVE-2007-4076,0.00986,0.35784
CVE-2007-4077,0.01776,0.75902
CVE-2007-4078,0.01213,0.6557
CVE-2007-4079,0.01917,0.77071
CVE-2007-4080,0.01055,0.50287
CVE-2007-4081,0.01917,0.77071
CVE-2007-4082,0.01055,0.50287
CVE-2007-4083,0.01136,0.57949
CVE-2007-4084,0.00986,0.35784
CVE-2007-4085,0.00986,0.35784
CVE-2007-4086,0.01408,0.72072
CVE-2007-4087,0.01319,0.70416
CVE-2007-4088,0.05649,0.89807
CVE-2007-4089,0.07197,0.92068
CVE-2007-4090,0.01213,0.6557
CVE-2007-4091,0.12248,0.95092
CVE-2007-4092,0.04482,0.88223
CVE-2007-4093,0.01213,0.6557
CVE-2007-4094,0.01136,0.57949
CVE-2007-4095,0.00986,0.35784
CVE-2007-4096,0.01213,0.6557
CVE-2007-4097,0.01213,0.6557
CVE-2007-4098,0.01213,0.6557
CVE-2007-4099,0.01213,0.6557
CVE-2007-4100,0.01213,0.6557
CVE-2007-4101,0.0679,0.91793
CVE-2007-4102,0.01213,0.6557
CVE-2007-4103,0.02172,0.79917
CVE-2007-4104,0.03129,0.8316
CVE-2007-4105,0.15607,0.95873
CVE-2007-4106,0.01139,0.58345
CVE-2007-4107,0.01319,0.70416
CVE-2007-4108,0.01319,0.70416
CVE-2007-4109,0.01139,0.58345
CVE-2007-4110,0.01139,0.58345
CVE-2007-4111,0.01139,0.58345
CVE-2007-4112,0.01213,0.6557
CVE-2007-4113,0.01132,0.54372
CVE-2007-4114,0.01319,0.70416
CVE-2007-4115,0.04894,0.88891
CVE-2007-4116,0.01139,0.58345
CVE-2007-4117,0.01213,0.6557
CVE-2007-4118,0.01213,0.6557
CVE-2007-4119,0.01139,0.58345
CVE-2007-4120,0.01213,0.6557
CVE-2007-4121,0.01319,0.70416
CVE-2007-4122,0.01319,0.70416
CVE-2007-4123,0.01018,0.38792
CVE-2007-4124,0.01232,0.66248
CVE-2007-4125,0.01408,0.72072
CVE-2007-4126,0.01104,0.52279
CVE-2007-4127,0.01408,0.72072
CVE-2007-4128,0.01139,0.58345
CVE-2007-4129,0.01034,0.39824
CVE-2007-4130,0.0095,0.30554
CVE-2007-4131,0.03932,0.8519
CVE-2007-4132,0.05302,0.89375
CVE-2007-4133,0.01547,0.74085
CVE-2007-4134,0.03407,0.83908
CVE-2007-4135,0.01282,0.67298
CVE-2007-4136,0.01319,0.70416
CVE-2007-4137,0.02686,0.82061
CVE-2007-4138,0.01547,0.74085
CVE-2007-4139,0.01408,0.72072
CVE-2007-4140,0.07687,0.92751
CVE-2007-4141,0.01136,0.57949
CVE-2007-4142,0.01319,0.70416
CVE-2007-4143,0.04187,0.86773
CVE-2007-4144,0.01213,0.6557
CVE-2007-4145,0.15607,0.95873
CVE-2007-4146,0.01917,0.77071
CVE-2007-4147,0.00954,0.34522
CVE-2007-4148,0.04291,0.87022
CVE-2007-4149,0.04291,0.87022
CVE-2007-4150,0.01136,0.57949
CVE-2007-4151,0.01319,0.70416
CVE-2007-4152,0.01136,0.57949
CVE-2007-4153,0.01315,0.67456
CVE-2007-4154,0.01132,0.54372
CVE-2007-4155,0.12567,0.95329
CVE-2007-4156,0.01139,0.58345
CVE-2007-4157,0.01319,0.70416
CVE-2007-4158,0.02172,0.79917
CVE-2007-4159,0.01213,0.6557
CVE-2007-4160,0.01213,0.6557
CVE-2007-4161,0.01319,0.70416
CVE-2007-4162,0.01213,0.6557
CVE-2007-4163,0.01055,0.50287
CVE-2007-4164,0.01319,0.70416
CVE-2007-4165,0.01213,0.6557
CVE-2007-4166,0.01213,0.6557
CVE-2007-4167,0.01213,0.6557
CVE-2007-4169,0.01213,0.6557
CVE-2007-4170,0.01136,0.57949
CVE-2007-4171,0.01139,0.58345
CVE-2007-4172,0.01213,0.6557
CVE-2007-4173,0.01139,0.58345
CVE-2007-4174,0.10995,0.94626999999999994
CVE-2007-4175,0.01136,0.57949
CVE-2007-4176,0.01018,0.38792
CVE-2007-4177,0.01319,0.70416
CVE-2007-4178,0.01917,0.77071
CVE-2007-4179,0.01034,0.39824
CVE-2007-4180,0.01213,0.6557
CVE-2007-4181,0.01213,0.6557
CVE-2007-4182,0.01213,0.6557
CVE-2007-4183,0.00986,0.35784
CVE-2007-4184,0.01213,0.6557
CVE-2007-4185,0.02172,0.79917
CVE-2007-4186,0.0679,0.91793
CVE-2007-4187,0.01213,0.6557
CVE-2007-4188,0.01213,0.6557
CVE-2007-4189,0.01319,0.70416
CVE-2007-4190,0.01213,0.6557
CVE-2007-4191,0.0322,0.83442
CVE-2007-4192,0.01319,0.70416
CVE-2007-4193,0.01213,0.6557
CVE-2007-4194,0.01213,0.6557
CVE-2007-4195,0.01319,0.70416
CVE-2007-4196,0.01213,0.6557
CVE-2007-4197,0.01213,0.6557
CVE-2007-4198,0.01319,0.70416
CVE-2007-4199,0.01319,0.70416
CVE-2007-4200,0.01319,0.70416
CVE-2007-4201,0.01213,0.6557
CVE-2007-4202,0.01213,0.6557
CVE-2007-4203,0.01213,0.6557
CVE-2007-4204,0.01132,0.54372
CVE-2007-4205,0.01319,0.70416
CVE-2007-4206,0.0095,0.30554
CVE-2007-4207,0.01408,0.72072
CVE-2007-4208,0.028,0.82308
CVE-2007-4209,0.01136,0.57949
CVE-2007-4210,0.028,0.82308
CVE-2007-4211,0.01649,0.75017
CVE-2007-4212,0.01213,0.6557
CVE-2007-4213,0.02172,0.79917
CVE-2007-4216,0.01282,0.67298
CVE-2007-4217,0.01282,0.67298
CVE-2007-4218,0.12248,0.95092
CVE-2007-4219,0.1127,0.94787
CVE-2007-4220,0.0679,0.91793
CVE-2007-4221,0.07544,0.92484
CVE-2007-4222,0.06309,0.90494
CVE-2007-4223,0.072,0.9207
CVE-2007-4224,0.03932,0.8519
CVE-2007-4225,0.03407,0.83908
CVE-2007-4226,0.09659,0.94
CVE-2007-4227,0.11676,0.94929
CVE-2007-4228,0.01034,0.39824
CVE-2007-4229,0.01963,0.77709
CVE-2007-4230,0.01319,0.70416
CVE-2007-4231,0.0679,0.91793
CVE-2007-4232,0.04187,0.86773
CVE-2007-4233,0.00954,0.34522
CVE-2007-4234,0.01213,0.6557
CVE-2007-4235,0.04187,0.86773
CVE-2007-4236,0.0095,0.30554
CVE-2007-4237,0.01034,0.39824
CVE-2007-4238,0.01034,0.39824
CVE-2007-4239,0.01136,0.57949
CVE-2007-4240,0.01213,0.6557
CVE-2007-4241,0.25374,0.96854
CVE-2007-4242,0.01319,0.70416
CVE-2007-4243,0.03779,0.84781
CVE-2007-4244,0.0679,0.91793
CVE-2007-4245,0.01319,0.70416
CVE-2007-4246,0.08263,0.93269
CVE-2007-4247,0.13782,0.95593
CVE-2007-4248,0.01213,0.6557
CVE-2007-4249,0.01213,0.6557
CVE-2007-4250,0.01213,0.6557
CVE-2007-4251,0.01213,0.6557
CVE-2007-4252,0.04187,0.86773
CVE-2007-4253,0.00986,0.35784
CVE-2007-4254,0.18938,0.96155
CVE-2007-4255,0.042659999999999997,0.86883
CVE-2007-4256,0.04187,0.86773
CVE-2007-4257,0.15607,0.95873
CVE-2007-4258,0.00986,0.35784
CVE-2007-4259,0.01408,0.72072
CVE-2007-4260,0.01319,0.70416
CVE-2007-4261,0.01974,0.7812
CVE-2007-4262,0.01232,0.66248
CVE-2007-4263,0.01315,0.67456
CVE-2007-4264,0.01917,0.77071
CVE-2007-4265,0.01408,0.72072
CVE-2007-4267,0.02694,0.82068
CVE-2007-4268,0.02694,0.82068
CVE-2007-4269,0.02694,0.82068
CVE-2007-4270,0.01282,0.67298
CVE-2007-4271,0.01282,0.67298
CVE-2007-4272,0.01282,0.67298
CVE-2007-4273,0.02172,0.79379
CVE-2007-4275,0.01547,0.74085
CVE-2007-4276,0.02172,0.79379
CVE-2007-4277,0.01034,0.39824
CVE-2007-4278,0.05139,0.89128
CVE-2007-4279,0.0679,0.91793
CVE-2007-4280,0.02428,0.80788
CVE-2007-4281,0.01319,0.70416
CVE-2007-4282,0.01408,0.72072
CVE-2007-4283,0.0679,0.91793
CVE-2007-4284,0.01955,0.77585
CVE-2007-4285,0.01319,0.70416
CVE-2007-4286,0.4704,0.98446
CVE-2007-4287,0.04187,0.86773
CVE-2007-4288,0.24729,0.96719
CVE-2007-4289,0.01108,0.53389
CVE-2007-4290,0.01213,0.6557
CVE-2007-4291,0.03779,0.84781
CVE-2007-4292,0.03779,0.84781
CVE-2007-4293,0.01974,0.7812
CVE-2007-4294,0.07777,0.92953
CVE-2007-4295,0.07777,0.92953
CVE-2007-4296,0.01108,0.53389
CVE-2007-4297,0.01319,0.70416
CVE-2007-4301,0.01319,0.70416
CVE-2007-4302,0.01761,0.7555
CVE-2007-4303,0.0089,0.2856
CVE-2007-4304,0.00885,0.26162
CVE-2007-4305,0.01761,0.7555
CVE-2007-4306,0.01136,0.57949
CVE-2007-4307,0.01955,0.77585
CVE-2007-4308,0.01547,0.74085
CVE-2007-4309,0.01061,0.51015
CVE-2007-4310,0.01136,0.57949
CVE-2007-4311,0.01183,0.60428
CVE-2007-4312,0.00986,0.35784
CVE-2007-4313,0.0679,0.91793
CVE-2007-4314,0.04187,0.86773
CVE-2007-4315,0.0095,0.30554
CVE-2007-4316,0.01319,0.70416
CVE-2007-4317,0.01319,0.70416
CVE-2007-4318,0.02945,0.82784
CVE-2007-4319,0.01232,0.66248
CVE-2007-4320,0.0679,0.91793
CVE-2007-4321,0.07197,0.92068
CVE-2007-4322,0.01136,0.57949
CVE-2007-4323,0.01408,0.72072
CVE-2007-4324,0.04358,0.87435
CVE-2007-4325,0.0679,0.91793
CVE-2007-4326,0.02172,0.79917
CVE-2007-4327,0.07197,0.92068
CVE-2007-4328,0.10995,0.94626999999999994
CVE-2007-4329,0.10995,0.94626999999999994
CVE-2007-4330,0.0679,0.91793
CVE-2007-4331,0.01213,0.6557
CVE-2007-4332,0.01213,0.6557
CVE-2007-4333,0.01213,0.6557
CVE-2007-4334,0.02945,0.82784
CVE-2007-4335,0.01974,0.7812
CVE-2007-4336,0.60616,0.98848
CVE-2007-4337,0.09915,0.94265
CVE-2007-4338,0.40588,0.98099
CVE-2007-4339,0.01319,0.70416
CVE-2007-4340,0.01136,0.57949
CVE-2007-4341,0.04482,0.88223
CVE-2007-4342,0.01319,0.70416
CVE-2007-4343,0.07525,0.92398
CVE-2007-4344,0.07525,0.92398
CVE-2007-4345,0.06523,0.90962
CVE-2007-4346,0.01974,0.7812
CVE-2007-4347,0.01974,0.7812
CVE-2007-4348,0.01319,0.70416
CVE-2007-4349,0.02172,0.79917
CVE-2007-4350,0.01408,0.72072
CVE-2007-4351,0.04358,0.87435
CVE-2007-4352,0.12433,0.95131
CVE-2007-4353,0.01104,0.52279
CVE-2007-4354,0.01282,0.67298
CVE-2007-4355,0.01104,0.52279
CVE-2007-4356,0.047,0.88653
CVE-2007-4357,0.01319,0.70416
CVE-2007-4358,0.0679,0.91793
CVE-2007-4359,0.01139,0.58345
CVE-2007-4360,0.01408,0.72072
CVE-2007-4361,0.01974,0.7812
CVE-2007-4362,0.01139,0.58345
CVE-2007-4363,0.01955,0.77585
CVE-2007-4364,0.01232,0.66248
CVE-2007-4365,0.01213,0.6557
CVE-2007-4366,0.04482,0.88223
CVE-2007-4367,0.1127,0.94787
CVE-2007-4368,0.02335,0.80635
CVE-2007-4369,0.0679,0.91793
CVE-2007-4370,0.72015,0.99186
CVE-2007-4371,0.01213,0.6557
CVE-2007-4372,0.00885,0.26162
CVE-2007-4373,0.01136,0.57949
CVE-2007-4374,0.01061,0.51015
CVE-2007-4375,0.10995,0.94626999999999994
CVE-2007-4376,0.01213,0.6557
CVE-2007-4377,0.11379,0.94814
CVE-2007-4378,0.07777,0.92953
CVE-2007-4379,0.01408,0.72072
CVE-2007-4380,0.01104,0.52279
CVE-2007-4381,0.12567,0.95329
CVE-2007-4382,0.04482,0.88223
CVE-2007-4383,0.01136,0.57949
CVE-2007-4384,0.04187,0.86773
CVE-2007-4385,0.07197,0.92068
CVE-2007-4386,0.00986,0.35784
CVE-2007-4387,0.3434,0.9761
CVE-2007-4388,0.00954,0.34522
CVE-2007-4389,0.04482,0.88223
CVE-2007-4390,0.02983,0.82795
CVE-2007-4391,0.10995,0.94626999999999994
CVE-2007-4392,0.01319,0.70416
CVE-2007-4393,0.0089,0.2856
CVE-2007-4394,0.0089,0.2856
CVE-2007-4395,0.01408,0.72072
CVE-2007-4396,0.01408,0.72072
CVE-2007-4397,0.03779,0.84781
CVE-2007-4398,0.02172,0.79917
CVE-2007-4399,0.01408,0.72072
CVE-2007-4400,0.02172,0.79917
CVE-2007-4401,0.01319,0.70416
CVE-2007-4402,0.07777,0.92953
CVE-2007-4403,0.06523,0.90962
CVE-2007-4404,0.01974,0.7812
CVE-2007-4405,0.01213,0.6557
CVE-2007-4406,0.01213,0.6557
CVE-2007-4407,0.01213,0.6557
CVE-2007-4408,0.01213,0.6557
CVE-2007-4409,0.01213,0.6557
CVE-2007-4410,0.01132,0.54372
CVE-2007-4411,0.01213,0.6557
CVE-2007-4412,0.01132,0.54372
CVE-2007-4413,0.01061,0.51015
CVE-2007-4414,0.01034,0.39824
CVE-2007-4415,0.01104,0.52279
CVE-2007-4416,0.01136,0.57949
CVE-2007-4417,0.01649,0.75017
CVE-2007-4418,0.01232,0.66248
CVE-2007-4419,0.12567,0.95329
CVE-2007-4420,0.04482,0.88223
CVE-2007-4421,0.02172,0.79917
CVE-2007-4422,0.01319,0.70416
CVE-2007-4423,0.04229,0.86856
CVE-2007-4424,0.01213,0.6557
CVE-2007-4425,0.05029,0.8901
CVE-2007-4426,0.01408,0.72072
CVE-2007-4427,0.01132,0.54372
CVE-2007-4428,0.07777,0.92953
CVE-2007-4429,0.02172,0.79917
CVE-2007-4430,0.10995,0.94626999999999994
CVE-2007-4431,0.01213,0.6557
CVE-2007-4432,0.01034,0.39824
CVE-2007-4433,0.01213,0.6557
CVE-2007-4434,0.01917,0.77071
CVE-2007-4435,0.01408,0.72072
CVE-2007-4436,0.01213,0.6557
CVE-2007-4437,0.01408,0.72072
CVE-2007-4438,0.01319,0.70416
CVE-2007-4439,0.04187,0.86773
CVE-2007-4440,0.78095,0.99418
CVE-2007-4441,0.01899,0.76481
CVE-2007-4442,0.0679,0.91793
CVE-2007-4443,0.01408,0.72072
CVE-2007-4444,0.40588,0.98099
CVE-2007-4445,0.02172,0.79917
CVE-2007-4446,0.07687,0.92751
CVE-2007-4447,0.05139,0.89128
CVE-2007-4448,0.01319,0.70416
CVE-2007-4449,0.01213,0.6557
CVE-2007-4450,0.01213,0.6557
CVE-2007-4451,0.01213,0.6557
CVE-2007-4452,0.01319,0.70416
CVE-2007-4453,0.01136,0.57949
CVE-2007-4454,0.03214,0.83353
CVE-2007-4455,0.01408,0.72072
CVE-2007-4456,0.01139,0.58345
CVE-2007-4457,0.04187,0.86773
CVE-2007-4458,0.04187,0.86773
CVE-2007-4459,0.10995,0.94626999999999994
CVE-2007-4460,0.01547,0.74085
CVE-2007-4461,0.01213,0.6557
CVE-2007-4462,0.01034,0.39824
CVE-2007-4463,0.0679,0.91793
CVE-2007-4464,0.01319,0.70416
CVE-2007-4465,0.07344,0.92237
CVE-2007-4466,0.733,0.99234
CVE-2007-4467,0.1127,0.94787
CVE-2007-4470,0.07777,0.92953
CVE-2007-4471,0.06523,0.90962
CVE-2007-4472,0.07777,0.92953
CVE-2007-4473,0.05139,0.89128
CVE-2007-4474,0.78095,0.99418
CVE-2007-4475,0.7387,0.99256
CVE-2007-4476,0.15272,0.95729
CVE-2007-4477,0.01319,0.70416
CVE-2007-4478,0.16864,0.95983
CVE-2007-4479,0.02945,0.82784
CVE-2007-4480,0.01213,0.6557
CVE-2007-4481,0.01136,0.57949
CVE-2007-4482,0.01917,0.77071
CVE-2007-4483,0.01213,0.6557
CVE-2007-4484,0.01319,0.70416
CVE-2007-4485,0.01319,0.70416
CVE-2007-4486,0.0679,0.91793
CVE-2007-4487,0.01213,0.6557
CVE-2007-4488,0.01213,0.6557
CVE-2007-4489,0.15607,0.95873
CVE-2007-4490,0.01213,0.6557
CVE-2007-4491,0.00986,0.35784
CVE-2007-4492,0.01034,0.39824
CVE-2007-4493,0.01108,0.53389
CVE-2007-4494,0.01319,0.70416
CVE-2007-4495,0.01034,0.39824
CVE-2007-4496,0.02172,0.79379
CVE-2007-4497,0.01547,0.74085
CVE-2007-4498,0.07197,0.92068
CVE-2007-4499,0.04679,0.88603
CVE-2007-4500,0.01034,0.39824
CVE-2007-4501,0.01034,0.39824
CVE-2007-4502,0.00986,0.35784
CVE-2007-4503,0.01139,0.58345
CVE-2007-4504,0.04187,0.86773
CVE-2007-4505,0.00986,0.35784
CVE-2007-4506,0.01139,0.58345
CVE-2007-4507,0.04099,0.85351
CVE-2007-4508,0.40588,0.98099
CVE-2007-4509,0.00986,0.35784
CVE-2007-4510,0.03932,0.8519
CVE-2007-4511,0.01213,0.6557
CVE-2007-4512,0.01408,0.72072
CVE-2007-4513,0.01547,0.74085
CVE-2007-4514,0.01408,0.72072
CVE-2007-4515,0.76482000000000006,0.99351
CVE-2007-4516,0.01319,0.70416
CVE-2007-4517,0.14866,0.95678
CVE-2007-4521,0.01974,0.7812
CVE-2007-4522,0.00986,0.35784
CVE-2007-4523,0.01633,0.74922
CVE-2007-4524,0.0679,0.91793
CVE-2007-4525,0.01213,0.6557
CVE-2007-4526,0.01034,0.39824
CVE-2007-4527,0.05532,0.89536
CVE-2007-4528,0.04099,0.85351
CVE-2007-4529,0.01232,0.66248
CVE-2007-4530,0.01408,0.72072
CVE-2007-4531,0.0679,0.91793
CVE-2007-4532,0.01213,0.6557
CVE-2007-4533,0.20096,0.96253
CVE-2007-4534,0.15607,0.95873
CVE-2007-4535,0.0679,0.91793
CVE-2007-4536,0.0095,0.30554
CVE-2007-4537,0.15607,0.95873
CVE-2007-4538,0.02172,0.79917
CVE-2007-4539,0.02172,0.79917
CVE-2007-4540,0.01319,0.70416
CVE-2007-4541,0.01955,0.77585
CVE-2007-4542,0.01955,0.77585
CVE-2007-4543,0.01955,0.77585
CVE-2007-4544,0.01213,0.6557
CVE-2007-4545,0.04187,0.86773
CVE-2007-4546,0.01213,0.6557
CVE-2007-4547,0.01018,0.38792
CVE-2007-4548,0.01484,0.72722
CVE-2007-4549,0.06523,0.90962
CVE-2007-4550,0.06309,0.90494
CVE-2007-4551,0.04482,0.88223
CVE-2007-4552,0.01213,0.6557
CVE-2007-4553,0.0679,0.91793
CVE-2007-4554,0.01213,0.6557
CVE-2007-4555,0.01213,0.6557
CVE-2007-4556,0.08228,0.93218
CVE-2007-4557,0.01055,0.50287
CVE-2007-4559,0.01213,0.6557
CVE-2007-4560,0.80403,0.99491
CVE-2007-4561,0.07777,0.92953
CVE-2007-4562,0.01319,0.70416
CVE-2007-4563,0.0095,0.30554
CVE-2007-4564,0.0095,0.30554
CVE-2007-4565,0.02686,0.82061
CVE-2007-4566,0.20096,0.96253
CVE-2007-4567,0.12567,0.95329
CVE-2007-4568,0.04421,0.87629
CVE-2007-4569,0.02528,0.8112
CVE-2007-4570,0.01104,0.52279
CVE-2007-4571,0.0322,0.83442
CVE-2007-4572,0.04358,0.87435
CVE-2007-4573,0.04005,0.85278
CVE-2007-4574,0.01034,0.39824
CVE-2007-4575,0.04358,0.87435
CVE-2007-4577,0.01408,0.72072
CVE-2007-4578,0.07544,0.92484
CVE-2007-4580,0.01592,0.74578
CVE-2007-4581,0.00986,0.35784
CVE-2007-4582,0.07687,0.92751
CVE-2007-4583,0.10995,0.94626999999999994
CVE-2007-4584,0.24062,0.96648
CVE-2007-4585,0.0679,0.91793
CVE-2007-4586,0.042659999999999997,0.86883
CVE-2007-4587,0.01319,0.70416
CVE-2007-4588,0.03932,0.8519
CVE-2007-4589,0.03932,0.8519
CVE-2007-4590,0.01104,0.52279
CVE-2007-4591,0.01034,0.39824
CVE-2007-4592,0.02945,0.82784
CVE-2007-4593,0.00885,0.26162
CVE-2007-4594,0.00954,0.34522
CVE-2007-4595,0.01319,0.70416
CVE-2007-4596,0.04099,0.85351
CVE-2007-4597,0.00986,0.35784
CVE-2007-4598,0.01018,0.38792
CVE-2007-4599,0.09915,0.94265
CVE-2007-4600,0.0095,0.30554
CVE-2007-4601,0.01319,0.70416
CVE-2007-4602,0.00986,0.35784
CVE-2007-4603,0.01139,0.58345
CVE-2007-4604,0.00986,0.35784
CVE-2007-4605,0.04187,0.86773
CVE-2007-4606,0.04187,0.86773
CVE-2007-4608,0.01213,0.6557
CVE-2007-4609,0.01136,0.57949
CVE-2007-4610,0.01213,0.6557
CVE-2007-4611,0.00986,0.35784
CVE-2007-4612,0.01213,0.6557
CVE-2007-4613,0.01136,0.57949
CVE-2007-4614,0.00954,0.34522
CVE-2007-4615,0.01319,0.70416
CVE-2007-4616,0.01319,0.70416
CVE-2007-4617,0.01213,0.6557
CVE-2007-4618,0.01319,0.70416
CVE-2007-4619,0.09915,0.94265
CVE-2007-4620,0.58431,0.98796
CVE-2007-4621,0.01104,0.52279
CVE-2007-4622,0.01104,0.52279
CVE-2007-4623,0.02172,0.79379
CVE-2007-4624,0.01319,0.70416
CVE-2007-4625,0.01018,0.38792
CVE-2007-4626,0.01055,0.50287
CVE-2007-4627,0.00986,0.35784
CVE-2007-4628,0.01139,0.58345
CVE-2007-4629,0.04229,0.86856
CVE-2007-4630,0.02945,0.82784
CVE-2007-4631,0.02172,0.79379
CVE-2007-4632,0.01136,0.57949
CVE-2007-4633,0.01319,0.70416
CVE-2007-4634,0.01139,0.58345
CVE-2007-4635,0.04187,0.86773
CVE-2007-4636,0.07197,0.92068
CVE-2007-4637,0.04187,0.86773
CVE-2007-4638,0.04187,0.86773
CVE-2007-4639,0.05714,0.89838
CVE-2007-4640,0.01213,0.6557
CVE-2007-4641,0.01136,0.57949
CVE-2007-4642,0.35205,0.97726
CVE-2007-4643,0.01974,0.7812
CVE-2007-4644,0.04421,0.87629
CVE-2007-4645,0.01139,0.58345
CVE-2007-4646,0.12822,0.95405
CVE-2007-4647,0.04482,0.88223
CVE-2007-4648,0.01924,0.77129
CVE-2007-4649,0.01761,0.7555
CVE-2007-4650,0.02686,0.82061
CVE-2007-4651,0.01319,0.70416
CVE-2007-4652,0.01547,0.74085
CVE-2007-4653,0.00986,0.35784
CVE-2007-4654,0.01213,0.6557
CVE-2007-4655,0.01319,0.70416
CVE-2007-4656,0.01282,0.67298
CVE-2007-4657,0.04358,0.87435
CVE-2007-4658,0.02686,0.82061
CVE-2007-4659,0.04421,0.87629
CVE-2007-4660,0.02686,0.82061
CVE-2007-4661,0.02686,0.82061
CVE-2007-4662,0.02686,0.82061
CVE-2007-4663,0.01537,0.73595
CVE-2007-4664,0.01537,0.73595
CVE-2007-4665,0.02172,0.79917
CVE-2007-4666,0.02172,0.79917
CVE-2007-4667,0.02172,0.79917
CVE-2007-4668,0.01408,0.72072
CVE-2007-4669,0.01232,0.66248
CVE-2007-4670,0.02686,0.82061
CVE-2007-4671,0.03407,0.83908
CVE-2007-4672,0.09174,0.9391
CVE-2007-4673,0.01213,0.6557
CVE-2007-4674,0.09174,0.9391
CVE-2007-4675,0.44586,0.98246
CVE-2007-4676,0.44586,0.98246
CVE-2007-4677,0.44586,0.98246
CVE-2007-4678,0.01183,0.60428
CVE-2007-4679,0.01183,0.60428
CVE-2007-4680,0.02172,0.79917
CVE-2007-4681,0.0196,0.77594
CVE-2007-4682,0.03009,0.82821
CVE-2007-4683,0.01104,0.52279
CVE-2007-4684,0.07723,0.92755
CVE-2007-4685,0.01104,0.52279
CVE-2007-4686,0.01282,0.67298
CVE-2007-4687,0.01183,0.60428
CVE-2007-4688,0.01408,0.72072
CVE-2007-4689,0.04314,0.87033
CVE-2007-4690,0.05995,0.90114
CVE-2007-4691,0.01183,0.60428
CVE-2007-4692,0.02172,0.79917
CVE-2007-4693,0.01183,0.60428
CVE-2007-4694,0.01408,0.72072
CVE-2007-4695,0.01408,0.72072
CVE-2007-4696,0.01319,0.70416
CVE-2007-4697,0.04169,0.85428
CVE-2007-4698,0.01955,0.77585
CVE-2007-4699,0.01183,0.60428
CVE-2007-4700,0.01408,0.72072
CVE-2007-4701,0.01104,0.52279
CVE-2007-4702,0.01319,0.70416
CVE-2007-4703,0.01319,0.70416
CVE-2007-4704,0.01108,0.53389
CVE-2007-4706,0.0628,0.90355
CVE-2007-4707,0.05903,0.90071
CVE-2007-4708,0.0628,0.90355
CVE-2007-4709,0.01408,0.72072
CVE-2007-4710,0.04169,0.85428
CVE-2007-4711,0.03129,0.8316
CVE-2007-4712,0.0679,0.91793
CVE-2007-4713,0.01319,0.70416
CVE-2007-4714,0.00986,0.35784
CVE-2007-4715,0.10995,0.94626999999999994
CVE-2007-4716,0.01408,0.72072
CVE-2007-4717,0.0272,0.82077
CVE-2007-4718,0.0679,0.91793
CVE-2007-4719,0.01139,0.58345
CVE-2007-4720,0.07777,0.92953
CVE-2007-4722,0.15607,0.95873
CVE-2007-4723,0.01136,0.57949
CVE-2007-4724,0.01484,0.72722
CVE-2007-4725,0.12973,0.95423
CVE-2007-4726,0.04187,0.86773
CVE-2007-4727,0.12248,0.95092
CVE-2007-4730,0.02172,0.79379
CVE-2007-4731,0.07777,0.92953
CVE-2007-4732,0.01282,0.67298
CVE-2007-4733,0.01213,0.6557
CVE-2007-4734,0.15142,0.95704
CVE-2007-4735,0.15607,0.95873
CVE-2007-4736,0.00986,0.35784
CVE-2007-4737,0.01408,0.72072
CVE-2007-4738,0.04358,0.87435
CVE-2007-4739,0.01408,0.72072
CVE-2007-4740,0.0679,0.91793
CVE-2007-4741,0.01055,0.50287
CVE-2007-4742,0.01136,0.57949
CVE-2007-4743,0.03779,0.84781
CVE-2007-4744,0.04482,0.88223
CVE-2007-4745,0.01319,0.70416
CVE-2007-4746,0.01232,0.66248
CVE-2007-4747,0.01319,0.70416
CVE-2007-4748,0.07687,0.92751
CVE-2007-4749,0.01319,0.70416
CVE-2007-4750,0.1127,0.94787
CVE-2007-4751,0.01104,0.52279
CVE-2007-4752,0.02686,0.82061
CVE-2007-4753,0.01319,0.70416
CVE-2007-4754,0.10995,0.94626999999999994
CVE-2007-4755,0.02172,0.79917
CVE-2007-4756,0.04421,0.87629
CVE-2007-4757,0.04482,0.88223
CVE-2007-4758,0.04291,0.87022
CVE-2007-4759,0.01213,0.6557
CVE-2007-4760,0.01213,0.6557
CVE-2007-4761,0.04679,0.88603
CVE-2007-4762,0.01139,0.58345
CVE-2007-4763,0.04482,0.88223
CVE-2007-4764,0.01213,0.6557
CVE-2007-4766,0.04229,0.86856
CVE-2007-4767,0.04229,0.86856
CVE-2007-4768,0.04421,0.87629
CVE-2007-4769,0.02528,0.8112
CVE-2007-4770,0.02686,0.82061
CVE-2007-4771,0.02686,0.82061
CVE-2007-4772,0.01547,0.74085
CVE-2007-4773,0.01018,0.38792
CVE-2007-4774,0.00954,0.34522
CVE-2007-4776,0.87211,0.99727
CVE-2007-4777,0.01408,0.72072
CVE-2007-4778,0.01319,0.70416
CVE-2007-4779,0.01319,0.70416
CVE-2007-4780,0.01319,0.70416
CVE-2007-4781,0.04187,0.86773
CVE-2007-4782,0.04229,0.86856
CVE-2007-4783,0.04229,0.86856
CVE-2007-4784,0.03275,0.83521
CVE-2007-4785,0.02172,0.79917
CVE-2007-4786,0.01282,0.67298
CVE-2007-4787,0.01319,0.70416
CVE-2007-4788,0.01319,0.70416
CVE-2007-4789,0.01319,0.70416
CVE-2007-4790,0.63976,0.98955
CVE-2007-4791,0.01282,0.67298
CVE-2007-4792,0.01034,0.39824
CVE-2007-4793,0.01034,0.39824
CVE-2007-4794,0.01282,0.67298
CVE-2007-4795,0.01034,0.39824
CVE-2007-4796,0.01034,0.39824
CVE-2007-4797,0.01104,0.52279
CVE-2007-4798,0.01104,0.52279
CVE-2007-4799,0.01034,0.39824
CVE-2007-4802,0.20096,0.96253
CVE-2007-4803,0.07687,0.92751
CVE-2007-4804,0.028,0.82308
CVE-2007-4805,0.0679,0.91793
CVE-2007-4806,0.01319,0.70416
CVE-2007-4807,0.01319,0.70416
CVE-2007-4808,0.04386,0.87542
CVE-2007-4809,0.0679,0.91793
CVE-2007-4810,0.01319,0.70416
CVE-2007-4811,0.01319,0.70416
CVE-2007-4812,0.04482,0.88223
CVE-2007-4813,0.01055,0.50287
CVE-2007-4814,0.60616,0.98848
CVE-2007-4815,0.10995,0.94626999999999994
CVE-2007-4816,0.10995,0.94626999999999994
CVE-2007-4817,0.0679,0.91793
CVE-2007-4818,0.01974,0.7812
CVE-2007-4819,0.01213,0.6557
CVE-2007-4820,0.04187,0.86773
CVE-2007-4821,0.07687,0.92751
CVE-2007-4822,0.01408,0.72072
CVE-2007-4823,0.00885,0.26162
CVE-2007-4824,0.00885,0.26162
CVE-2007-4825,0.04421,0.87629
CVE-2007-4826,0.01547,0.74085
CVE-2007-4827,0.1127,0.94787
CVE-2007-4828,0.01408,0.72072
CVE-2007-4829,0.03407,0.83908
CVE-2007-4830,0.01213,0.6557
CVE-2007-4831,0.01213,0.6557
CVE-2007-4832,0.07777,0.92953
CVE-2007-4833,0.01183,0.60428
CVE-2007-4834,0.0679,0.91793
CVE-2007-4835,0.01319,0.70416
CVE-2007-4836,0.01319,0.70416
CVE-2007-4837,0.01319,0.70416
CVE-2007-4838,0.20096,0.96253
CVE-2007-4839,0.00885,0.26162
CVE-2007-4840,0.04229,0.86856
CVE-2007-4841,0.03932,0.8519
CVE-2007-4842,0.03425,0.8393
CVE-2007-4843,0.03429,0.83932
CVE-2007-4844,0.01108,0.53389
CVE-2007-4845,0.00986,0.35784
CVE-2007-4846,0.01139,0.58345
CVE-2007-4847,0.01055,0.50287
CVE-2007-4848,0.09772,0.94058
CVE-2007-4849,0.01282,0.67298
CVE-2007-4850,0.12567,0.95329
CVE-2007-4861,0.02172,0.79917
CVE-2007-4862,0.02945,0.82784
CVE-2007-4863,0.01139,0.58345
CVE-2007-4872,0.02172,0.79917
CVE-2007-4873,0.01319,0.70416
CVE-2007-4874,0.02945,0.82784
CVE-2007-4879,0.02686,0.82061
CVE-2007-4880,0.78095,0.99418
CVE-2007-4881,0.01319,0.70416
CVE-2007-4882,0.01213,0.6557
CVE-2007-4883,0.01055,0.50287
CVE-2007-4884,0.01055,0.50287
CVE-2007-4885,0.01055,0.50287
CVE-2007-4886,0.01136,0.57949
CVE-2007-4887,0.02686,0.82061
CVE-2007-4888,0.01055,0.50287
CVE-2007-4889,0.01213,0.6557
CVE-2007-4890,0.24729,0.96719
CVE-2007-4891,0.26556,0.96997
CVE-2007-4892,0.01139,0.58345
CVE-2007-4893,0.01776,0.75902
CVE-2007-4894,0.01974,0.7812
CVE-2007-4895,0.04187,0.86773
CVE-2007-4896,0.02945,0.82784
CVE-2007-4897,0.12567,0.95329
CVE-2007-4898,0.01132,0.54372
CVE-2007-4899,0.01917,0.77071
CVE-2007-4900,0.01319,0.70416
CVE-2007-4901,0.09915,0.94265
CVE-2007-4902,0.04482,0.88223
CVE-2007-4903,0.07687,0.92751
CVE-2007-4904,0.01213,0.6557
CVE-2007-4905,0.01319,0.70416
CVE-2007-4906,0.04482,0.88223
CVE-2007-4907,0.07197,0.92068
CVE-2007-4908,0.01319,0.70416
CVE-2007-4909,0.07197,0.92068
CVE-2007-4910,0.00954,0.34522
CVE-2007-4911,0.0679,0.91793
CVE-2007-4912,0.01213,0.6557
CVE-2007-4913,0.01055,0.50287
CVE-2007-4914,0.01815,0.76117
CVE-2007-4915,0.78036,0.99396
CVE-2007-4916,0.23224,0.96531
CVE-2007-4917,0.01917,0.77071
CVE-2007-4918,0.028,0.82308
CVE-2007-4919,0.01213,0.6557
CVE-2007-4920,0.01139,0.58345
CVE-2007-4921,0.04482,0.88223
CVE-2007-4922,0.00986,0.35784
CVE-2007-4923,0.0679,0.91793
CVE-2007-4924,0.12567,0.95329
CVE-2007-4925,0.04482,0.88223
CVE-2007-4926,0.01213,0.6557
CVE-2007-4927,0.01232,0.66248
CVE-2007-4928,0.0095,0.30554
CVE-2007-4929,0.01319,0.70416
CVE-2007-4930,0.0679,0.91793
CVE-2007-4931,0.0095,0.30554
CVE-2007-4932,0.01213,0.6557
CVE-2007-4933,0.01136,0.57949
CVE-2007-4934,0.10995,0.94626999999999994
CVE-2007-4935,0.03779,0.84781
CVE-2007-4936,0.00885,0.26162
CVE-2007-4937,0.04482,0.88223
CVE-2007-4938,0.16177,0.95906
CVE-2007-4939,0.35205,0.97726
CVE-2007-4940,0.04291,0.87022
CVE-2007-4941,0.0323,0.83449
CVE-2007-4942,0.01213,0.6557
CVE-2007-4943,0.04679,0.88603
CVE-2007-4944,0.01319,0.70416
CVE-2007-4945,0.01213,0.6557
CVE-2007-4946,0.01213,0.6557
CVE-2007-4947,0.02172,0.79917
CVE-2007-4948,0.01213,0.6557
CVE-2007-4949,0.01055,0.50287
CVE-2007-4950,0.01136,0.57949
CVE-2007-4951,0.01055,0.50287
CVE-2007-4952,0.00986,0.35784
CVE-2007-4953,0.00986,0.35784
CVE-2007-4954,0.04187,0.86773
CVE-2007-4955,0.04187,0.86773
CVE-2007-4956,0.04386,0.87542
CVE-2007-4957,0.0679,0.91793
CVE-2007-4958,0.01213,0.6557
CVE-2007-4959,0.01213,0.6557
CVE-2007-4960,0.01213,0.6557
CVE-2007-4961,0.01055,0.50287
CVE-2007-4962,0.15607,0.95873
CVE-2007-4963,0.01213,0.6557
CVE-2007-4964,0.04482,0.88223
CVE-2007-4965,0.15272,0.95729
CVE-2007-4966,0.01319,0.70416
CVE-2007-4967,0.0095,0.30554
CVE-2007-4968,0.0095,0.30554
CVE-2007-4969,0.0095,0.30554
CVE-2007-4970,0.0095,0.30554
CVE-2007-4971,0.0095,0.30554
CVE-2007-4972,0.0095,0.30554
CVE-2007-4974,0.12248,0.95092
CVE-2007-4975,0.02945,0.82784
CVE-2007-4976,0.09659,0.94
CVE-2007-4977,0.04263,0.86866
CVE-2007-4978,0.04482,0.88223
CVE-2007-4979,0.00986,0.35784
CVE-2007-4980,0.04482,0.88223
CVE-2007-4981,0.01319,0.70416
CVE-2007-4982,0.07197,0.92068
CVE-2007-4983,0.15607,0.95873
CVE-2007-4984,0.00986,0.35784
CVE-2007-4985,0.02686,0.82061
CVE-2007-4986,0.04421,0.87629
CVE-2007-4987,0.02768,0.82197
CVE-2007-4988,0.04421,0.87629
CVE-2007-4990,0.04421,0.87629
CVE-2007-4991,0.13105,0.9547
CVE-2007-4992,0.1127,0.94787
CVE-2007-4993,0.0322,0.83442
CVE-2007-4994,0.01183,0.60428
CVE-2007-4995,0.12248,0.95092
CVE-2007-4996,0.01974,0.7812
CVE-2007-4997,0.04358,0.87435
CVE-2007-4998,0.0089,0.2856
CVE-2007-4999,0.02172,0.79917
CVE-2007-5000,0.33796,0.97584
CVE-2007-5001,0.01282,0.67298
CVE-2007-5003,0.78095,0.99418
CVE-2007-5004,0.21716,0.96394
CVE-2007-5005,0.01408,0.72072
CVE-2007-5006,0.01408,0.72072
CVE-2007-5007,0.04421,0.87629
CVE-2007-5008,0.01315,0.67456
CVE-2007-5009,0.07197,0.92068
CVE-2007-5010,0.01917,0.77071
CVE-2007-5011,0.04187,0.86773
CVE-2007-5012,0.01213,0.6557
CVE-2007-5013,0.01213,0.6557
CVE-2007-5014,0.01136,0.57949
CVE-2007-5015,0.10995,0.94626999999999994
CVE-2007-5016,0.00986,0.35784
CVE-2007-5017,0.0679,0.91793
CVE-2007-5018,0.11379,0.94814
CVE-2007-5019,0.04187,0.86773
CVE-2007-5020,0.07996,0.93017
CVE-2007-5022,0.01408,0.72072
CVE-2007-5023,0.01034,0.39824
CVE-2007-5024,0.00885,0.26162
CVE-2007-5025,0.00885,0.26162
CVE-2007-5026,0.04482,0.88223
CVE-2007-5027,0.01917,0.77071
CVE-2007-5028,0.00885,0.26162
CVE-2007-5029,0.01319,0.70416
CVE-2007-5030,0.01319,0.70416
CVE-2007-5031,0.01319,0.70416
CVE-2007-5032,0.01136,0.57949
CVE-2007-5033,0.01213,0.6557
CVE-2007-5034,0.04358,0.87435
CVE-2007-5035,0.01136,0.57949
CVE-2007-5036,0.0679,0.91793
CVE-2007-5037,0.04421,0.87629
CVE-2007-5038,0.02172,0.79917
CVE-2007-5039,0.0095,0.30554
CVE-2007-5040,0.0095,0.30554
CVE-2007-5041,0.0095,0.30554
CVE-2007-5042,0.0095,0.30554
CVE-2007-5043,0.0095,0.30554
CVE-2007-5044,0.0095,0.30554
CVE-2007-5045,0.01955,0.77585
CVE-2007-5046,0.01213,0.6557
CVE-2007-5047,0.0095,0.30554
CVE-2007-5048,0.07777,0.92953
CVE-2007-5050,0.0679,0.91793
CVE-2007-5051,0.01213,0.6557
CVE-2007-5052,0.01917,0.77071
CVE-2007-5053,0.01055,0.50287
CVE-2007-5054,0.01213,0.6557
CVE-2007-5055,0.01213,0.6557
CVE-2007-5056,0.47944,0.98484
CVE-2007-5057,0.01319,0.70416
CVE-2007-5058,0.01955,0.77585
CVE-2007-5059,0.01319,0.70416
CVE-2007-5060,0.04482,0.88223
CVE-2007-5061,0.01139,0.58345
CVE-2007-5062,0.04187,0.86773
CVE-2007-5063,0.04187,0.86773
CVE-2007-5064,0.07687,0.92751
CVE-2007-5065,0.04187,0.86773
CVE-2007-5066,0.01232,0.66248
CVE-2007-5067,0.74393,0.99275
CVE-2007-5068,0.00986,0.35784
CVE-2007-5069,0.0679,0.91793
CVE-2007-5070,0.07687,0.92751
CVE-2007-5071,0.08263,0.93269
CVE-2007-5072,0.01319,0.70416
CVE-2007-5078,0.01319,0.70416
CVE-2007-5079,0.01061,0.51015
CVE-2007-5080,0.09915,0.94265
CVE-2007-5081,0.09915,0.94265
CVE-2007-5082,0.78095,0.99418
CVE-2007-5083,0.28118,0.97158
CVE-2007-5084,0.01974,0.7812
CVE-2007-5085,0.0221,0.80318
CVE-2007-5086,0.0095,0.30554
CVE-2007-5087,0.01034,0.39824
CVE-2007-5088,0.01213,0.6557
CVE-2007-5089,0.07197,0.92068
CVE-2007-5090,0.0935,0.93959
CVE-2007-5091,0.01213,0.6557
CVE-2007-5092,0.0679,0.91793
CVE-2007-5093,0.01547,0.74085
CVE-2007-5094,0.07687,0.92751
CVE-2007-5095,0.13782,0.95593
CVE-2007-5096,0.01055,0.50287
CVE-2007-5097,0.01055,0.50287
CVE-2007-5098,0.07197,0.92068
CVE-2007-5099,0.04482,0.88223
CVE-2007-5100,0.01319,0.70416
CVE-2007-5101,0.01034,0.39824
CVE-2007-5102,0.01213,0.6557
CVE-2007-5103,0.01136,0.57949
CVE-2007-5104,0.01136,0.57949
CVE-2007-5105,0.02945,0.82784
CVE-2007-5106,0.01213,0.6557
CVE-2007-5107,0.75392,0.99312
CVE-2007-5108,0.00885,0.26162
CVE-2007-5109,0.01213,0.6557
CVE-2007-5110,0.01319,0.70416
CVE-2007-5111,0.01213,0.6557
CVE-2007-5112,0.04894,0.88891
CVE-2007-5113,0.04482,0.88223
CVE-2007-5114,0.01055,0.50287
CVE-2007-5115,0.01055,0.50287
CVE-2007-5116,0.04421,0.87629
CVE-2007-5117,0.04482,0.88223
CVE-2007-5118,0.01282,0.67298
CVE-2007-5119,0.01319,0.70416
CVE-2007-5120,0.02945,0.82784
CVE-2007-5121,0.01319,0.70416
CVE-2007-5122,0.00986,0.35784
CVE-2007-5123,0.00986,0.35784
CVE-2007-5124,0.04679,0.88603
CVE-2007-5126,0.00954,0.34522
CVE-2007-5127,0.02945,0.82784
CVE-2007-5128,0.01213,0.6557
CVE-2007-5129,0.02172,0.79917
CVE-2007-5130,0.01213,0.6557
CVE-2007-5131,0.01139,0.58345
CVE-2007-5132,0.01282,0.67298
CVE-2007-5133,0.29415,0.97223
CVE-2007-5134,0.01408,0.72072
CVE-2007-5135,0.15258,0.9571
CVE-2007-5136,0.01136,0.57949
CVE-2007-5137,0.12248,0.95092
CVE-2007-5138,0.04187,0.86773
CVE-2007-5139,0.04187,0.86773
CVE-2007-5140,0.04482,0.88223
CVE-2007-5141,0.01213,0.6557
CVE-2007-5142,0.01917,0.77071
CVE-2007-5143,0.01034,0.39824
CVE-2007-5144,0.16658,0.95957
CVE-2007-5145,0.11676,0.94929
CVE-2007-5146,0.01319,0.70416
CVE-2007-5147,0.01055,0.50287
CVE-2007-5148,0.01055,0.50287
CVE-2007-5149,0.07197,0.92068
CVE-2007-5150,0.01213,0.6557
CVE-2007-5151,0.01213,0.6557
CVE-2007-5152,0.01408,0.72072
CVE-2007-5153,0.08263,0.93269
CVE-2007-5154,0.01213,0.6557
CVE-2007-5155,0.07777,0.92953
CVE-2007-5156,0.12567,0.95329
CVE-2007-5157,0.04482,0.88223
CVE-2007-5158,0.24729,0.96719
CVE-2007-5159,0.0095,0.30554
CVE-2007-5160,0.01055,0.50287
CVE-2007-5161,0.01776,0.75902
CVE-2007-5162,0.04358,0.87435
CVE-2007-5163,0.01055,0.50287
CVE-2007-5164,0.01055,0.50287
CVE-2007-5165,0.01055,0.50287
CVE-2007-5166,0.01136,0.57949
CVE-2007-5167,0.01055,0.50287
CVE-2007-5168,0.01136,0.57949
CVE-2007-5169,0.07996,0.93017
CVE-2007-5170,0.01408,0.72072
CVE-2007-5171,0.01213,0.6557
CVE-2007-5172,0.01213,0.6557
CVE-2007-5173,0.0679,0.91793
CVE-2007-5174,0.0679,0.91793
CVE-2007-5175,0.04187,0.86773
CVE-2007-5176,0.01319,0.70416
CVE-2007-5177,0.00986,0.35784
CVE-2007-5178,0.07197,0.92068
CVE-2007-5179,0.01055,0.50287
CVE-2007-5180,0.01139,0.58345
CVE-2007-5181,0.01139,0.58345
CVE-2007-5182,0.01319,0.70416
CVE-2007-5183,0.01319,0.70416
CVE-2007-5184,0.40588,0.98099
CVE-2007-5185,0.0679,0.91793
CVE-2007-5186,0.07197,0.92068
CVE-2007-5187,0.00986,0.35784
CVE-2007-5188,0.01319,0.70416
CVE-2007-5189,0.01213,0.6557
CVE-2007-5190,0.03129,0.8316
CVE-2007-5191,0.01547,0.74085
CVE-2007-5193,0.01055,0.50287
CVE-2007-5194,0.0095,0.30554
CVE-2007-5195,0.01136,0.57949
CVE-2007-5196,0.01136,0.57949
CVE-2007-5197,0.04421,0.87629
CVE-2007-5198,0.27992,0.97142
CVE-2007-5199,0.01055,0.50287
CVE-2007-5200,0.01282,0.67298
CVE-2007-5201,0.01104,0.52279
CVE-2007-5207,0.0095,0.30554
CVE-2007-5208,0.81835,0.99526
CVE-2007-5209,0.06523,0.90962
CVE-2007-5210,0.01061,0.51015
CVE-2007-5211,0.01136,0.57949
CVE-2007-5212,0.01319,0.70416
CVE-2007-5213,0.01319,0.70416
CVE-2007-5214,0.01955,0.77585
CVE-2007-5215,0.01136,0.57949
CVE-2007-5216,0.01136,0.57949
CVE-2007-5217,0.75392,0.99312
CVE-2007-5218,0.02945,0.82784
CVE-2007-5219,0.0679,0.91793
CVE-2007-5220,0.01213,0.6557
CVE-2007-5221,0.0679,0.91793
CVE-2007-5222,0.01139,0.58345
CVE-2007-5223,0.01319,0.70416
CVE-2007-5224,0.01408,0.72072
CVE-2007-5225,0.0322,0.83442
CVE-2007-5226,0.01055,0.50287
CVE-2007-5227,0.01213,0.6557
CVE-2007-5228,0.01132,0.54372
CVE-2007-5229,0.07197,0.92068
CVE-2007-5230,0.06523,0.90962
CVE-2007-5231,0.01132,0.54372
CVE-2007-5232,0.04358,0.87435
CVE-2007-5233,0.00986,0.35784
CVE-2007-5234,0.04187,0.86773
CVE-2007-5235,0.01917,0.77071
CVE-2007-5236,0.03932,0.8519
CVE-2007-5237,0.03932,0.8519
CVE-2007-5238,0.04358,0.87435
CVE-2007-5239,0.03932,0.8519
CVE-2007-5240,0.04358,0.87435
CVE-2007-5241,0.01108,0.53389
CVE-2007-5242,0.01319,0.70416
CVE-2007-5243,0.78441,0.99428
CVE-2007-5244,0.78095,0.99418
CVE-2007-5245,0.1127,0.94787
CVE-2007-5246,0.12248,0.95092
CVE-2007-5247,0.04967,0.88981
CVE-2007-5248,0.34394,0.97618
CVE-2007-5249,0.01319,0.70416
CVE-2007-5250,0.01319,0.70416
CVE-2007-5251,0.01213,0.6557
CVE-2007-5252,0.03073,0.82961
CVE-2007-5253,0.10995,0.94626999999999994
CVE-2007-5254,0.0095,0.30554
CVE-2007-5255,0.03129,0.8316
CVE-2007-5256,0.40588,0.98099
CVE-2007-5257,0.15607,0.95873
CVE-2007-5258,0.01213,0.6557
CVE-2007-5259,0.01136,0.57949
CVE-2007-5260,0.01055,0.50287
CVE-2007-5261,0.00986,0.35784
CVE-2007-5262,0.07777,0.92953
CVE-2007-5263,0.0547,0.89492
CVE-2007-5264,0.0679,0.91793
CVE-2007-5265,0.20096,0.96253
CVE-2007-5266,0.03932,0.8519
CVE-2007-5267,0.03932,0.8519
CVE-2007-5268,0.03932,0.8519
CVE-2007-5269,0.09121,0.93864
CVE-2007-5270,0.01213,0.6557
CVE-2007-5271,0.04187,0.86773
CVE-2007-5272,0.00986,0.35784
CVE-2007-5273,0.03932,0.8519
CVE-2007-5274,0.03932,0.8519
CVE-2007-5275,0.04358,0.87435
CVE-2007-5276,0.01055,0.50287
CVE-2007-5277,0.09772,0.94058
CVE-2007-5278,0.01055,0.50287
CVE-2007-5279,0.08263,0.93269
CVE-2007-5280,0.01213,0.6557
CVE-2007-5281,0.01213,0.6557
CVE-2007-5282,0.01213,0.6557
CVE-2007-5283,0.01018,0.38792
CVE-2007-5289,0.25948,0.96918
CVE-2007-5290,0.03129,0.8316
CVE-2007-5291,0.01213,0.6557
CVE-2007-5292,0.01213,0.6557
CVE-2007-5293,0.01776,0.75902
CVE-2007-5294,0.01319,0.70416
CVE-2007-5295,0.01213,0.6557
CVE-2007-5296,0.01213,0.6557
CVE-2007-5297,0.01319,0.70416
CVE-2007-5298,0.07197,0.92068
CVE-2007-5299,0.0679,0.91793
CVE-2007-5300,0.07197,0.92068
CVE-2007-5301,0.40588,0.98099
CVE-2007-5302,0.01776,0.75902
CVE-2007-5303,0.01213,0.6557
CVE-2007-5304,0.01408,0.72072
CVE-2007-5305,0.03779,0.84781
CVE-2007-5306,0.01213,0.6557
CVE-2007-5307,0.01213,0.6557
CVE-2007-5308,0.01139,0.58345
CVE-2007-5309,0.0679,0.91793
CVE-2007-5310,0.04187,0.86773
CVE-2007-5311,0.01319,0.70416
CVE-2007-5312,0.01776,0.75902
CVE-2007-5313,0.04482,0.88223
CVE-2007-5314,0.04482,0.88223
CVE-2007-5315,0.04482,0.88223
CVE-2007-5316,0.01139,0.58345
CVE-2007-5318,0.01213,0.6557
CVE-2007-5319,0.01104,0.52279
CVE-2007-5320,0.10995,0.94626999999999994
CVE-2007-5321,0.0679,0.91793
CVE-2007-5322,0.26556,0.96997
CVE-2007-5323,0.07777,0.92953
CVE-2007-5325,0.20617,0.96295
CVE-2007-5326,0.21716,0.96394
CVE-2007-5327,0.28118,0.97158
CVE-2007-5328,0.12468,0.95138
CVE-2007-5329,0.01183,0.60428
CVE-2007-5330,0.28118,0.97158
CVE-2007-5331,0.28118,0.97158
CVE-2007-5332,0.10995,0.94626999999999994
CVE-2007-5333,0.38228,0.97884
CVE-2007-5334,0.03932,0.8519
CVE-2007-5335,0.01974,0.7812
CVE-2007-5337,0.04358,0.87435
CVE-2007-5338,0.04358,0.87435
CVE-2007-5339,0.08269,0.93273
CVE-2007-5340,0.08269,0.93273
CVE-2007-5341,0.05785,0.89924
CVE-2007-5342,0.05242,0.89216
CVE-2007-5344,0.43683,0.98219
CVE-2007-5347,0.46718,0.98435
CVE-2007-5348,0.46718,0.98435
CVE-2007-5350,0.02087,0.79049
CVE-2007-5351,0.46718,0.98435
CVE-2007-5352,0.02087,0.79049
CVE-2007-5355,0.21544,0.96385
CVE-2007-5358,0.1127,0.94787
CVE-2007-5360,0.12248,0.95092
CVE-2007-5361,0.02172,0.79917
CVE-2007-5362,0.04482,0.88223
CVE-2007-5363,0.04187,0.86773
CVE-2007-5364,0.01213,0.6557
CVE-2007-5365,0.06823,0.91806
CVE-2007-5366,0.01213,0.6557
CVE-2007-5367,0.01104,0.52279
CVE-2007-5368,0.01104,0.52279
CVE-2007-5369,0.01319,0.70416
CVE-2007-5370,0.02945,0.82784
CVE-2007-5371,0.01136,0.57949
CVE-2007-5372,0.02172,0.79917
CVE-2007-5373,0.01034,0.39824
CVE-2007-5374,0.04187,0.86773
CVE-2007-5375,0.01055,0.50287
CVE-2007-5377,0.01104,0.52279
CVE-2007-5378,0.02686,0.82061
CVE-2007-5379,0.03779,0.84781
CVE-2007-5380,0.03779,0.84781
CVE-2007-5381,0.40588,0.98099
CVE-2007-5382,0.01319,0.70416
CVE-2007-5383,0.01974,0.7812
CVE-2007-5384,0.01213,0.6557
CVE-2007-5385,0.01213,0.6557
CVE-2007-5386,0.21871,0.96424
CVE-2007-5387,0.04187,0.86773
CVE-2007-5388,0.04482,0.88223
CVE-2007-5389,0.01213,0.6557
CVE-2007-5390,0.04187,0.86773
CVE-2007-5391,0.01319,0.70416
CVE-2007-5392,0.12433,0.95131
CVE-2007-5393,0.15258,0.9571
CVE-2007-5394,0.07525,0.92398
CVE-2007-5395,0.12248,0.95092
CVE-2007-5396,0.07525,0.92398
CVE-2007-5397,0.06523,0.90962
CVE-2007-5398,0.18601,0.96147
CVE-2007-5399,0.09915,0.94265
CVE-2007-5400,0.09915,0.94265
CVE-2007-5401,0.01132,0.54372
CVE-2007-5402,0.01132,0.54372
CVE-2007-5403,0.01315,0.67456
CVE-2007-5404,0.01213,0.6557
CVE-2007-5405,0.09915,0.94265
CVE-2007-5406,0.03932,0.8519
CVE-2007-5407,0.10995,0.94626999999999994
CVE-2007-5408,0.00986,0.35784
CVE-2007-5409,0.04187,0.86773
CVE-2007-5410,0.0679,0.91793
CVE-2007-5411,0.01917,0.77071
CVE-2007-5412,0.04482,0.88223
CVE-2007-5413,0.01974,0.7812
CVE-2007-5414,0.01136,0.57949
CVE-2007-5415,0.01055,0.50287
CVE-2007-5416,0.04187,0.86773
CVE-2007-5417,0.0679,0.91793
CVE-2007-5418,0.03779,0.84781
CVE-2007-5419,0.01213,0.6557
CVE-2007-5420,0.01213,0.6557
CVE-2007-5422,0.01282,0.67298
CVE-2007-5423,0.84952,0.99634
CVE-2007-5424,0.01018,0.38792
CVE-2007-5425,0.01213,0.6557
CVE-2007-5426,0.02945,0.82784
CVE-2007-5427,0.03129,0.8316
CVE-2007-5428,0.01917,0.77071
CVE-2007-5429,0.02945,0.82784
CVE-2007-5430,0.04386,0.87542
CVE-2007-5431,0.01213,0.6557
CVE-2007-5432,0.01213,0.6557
CVE-2007-5433,0.01319,0.70416
CVE-2007-5434,0.01213,0.6557
CVE-2007-5435,0.01213,0.6557
CVE-2007-5436,0.06309,0.90494
CVE-2007-5437,0.01213,0.6557
CVE-2007-5438,0.01547,0.74085
CVE-2007-5439,0.01213,0.6557
CVE-2007-5440,0.0679,0.91793
CVE-2007-5441,0.01132,0.54372
CVE-2007-5442,0.01055,0.50287
CVE-2007-5443,0.01213,0.6557
CVE-2007-5444,0.01136,0.57949
CVE-2007-5445,0.06523,0.90962
CVE-2007-5446,0.04187,0.86773
CVE-2007-5447,0.04482,0.88223
CVE-2007-5448,0.03779,0.84781
CVE-2007-5449,0.00986,0.35784
CVE-2007-5450,0.01761,0.7555
CVE-2007-5451,0.04187,0.86773
CVE-2007-5452,0.01136,0.57949
CVE-2007-5453,0.05302,0.89375
CVE-2007-5454,0.01213,0.6557
CVE-2007-5455,0.01213,0.6557
CVE-2007-5456,0.13782,0.95593
CVE-2007-5457,0.04482,0.88223
CVE-2007-5458,0.00986,0.35784
CVE-2007-5459,0.01319,0.70416
CVE-2007-5460,0.06118,0.90183
CVE-2007-5461,0.34879,0.97694
CVE-2007-5462,0.02172,0.79917
CVE-2007-5463,0.01319,0.70416
CVE-2007-5464,0.10434,0.94374
CVE-2007-5465,0.04482,0.88223
CVE-2007-5466,0.1127,0.94787
CVE-2007-5467,0.06211,0.90307
CVE-2007-5468,0.01319,0.70416
CVE-2007-5469,0.01319,0.70416
CVE-2007-5470,0.01908,0.76488
CVE-2007-5471,0.01213,0.6557
CVE-2007-5472,0.01408,0.72072
CVE-2007-5473,0.01213,0.6557
CVE-2007-5474,0.03941,0.85207
CVE-2007-5475,0.02561,0.81192
CVE-2007-5476,0.02686,0.82061
CVE-2007-5477,0.01319,0.70416
CVE-2007-5478,0.01917,0.77071
CVE-2007-5479,0.01136,0.57949
CVE-2007-5480,0.02945,0.82784
CVE-2007-5481,0.01213,0.6557
CVE-2007-5482,0.01408,0.72072
CVE-2007-5483,0.01183,0.60428
CVE-2007-5484,0.01108,0.53389
CVE-2007-5485,0.00986,0.35784
CVE-2007-5486,0.01213,0.6557
CVE-2007-5487,0.07687,0.92751
CVE-2007-5488,0.01139,0.58345
CVE-2007-5489,0.01213,0.6557
CVE-2007-5490,0.00986,0.35784
CVE-2007-5491,0.01315,0.67456
CVE-2007-5492,0.01815,0.76117
CVE-2007-5493,0.06118,0.90183
CVE-2007-5494,0.01282,0.67298
CVE-2007-5495,0.01034,0.39824
CVE-2007-5496,0.01034,0.39824
CVE-2007-5497,0.09915,0.94265
CVE-2007-5498,0.01104,0.52279
CVE-2007-5500,0.01547,0.74085
CVE-2007-5501,0.04358,0.87435
CVE-2007-5502,0.01108,0.53389
CVE-2007-5503,0.12248,0.95092
CVE-2007-5504,0.01282,0.67298
CVE-2007-5505,0.01537,0.73595
CVE-2007-5506,0.02172,0.79917
CVE-2007-5507,0.03779,0.84781
CVE-2007-5508,0.04386,0.87542
CVE-2007-5509,0.01282,0.67298
CVE-2007-5510,0.01282,0.67298
CVE-2007-5511,0.58475,0.98797
CVE-2007-5512,0.01537,0.73595
CVE-2007-5513,0.02686,0.82061
CVE-2007-5514,0.03481,0.84053
CVE-2007-5515,0.01282,0.67298
CVE-2007-5516,0.01537,0.73595
CVE-2007-5517,0.01537,0.73595
CVE-2007-5518,0.01537,0.73595
CVE-2007-5519,0.01537,0.73595
CVE-2007-5520,0.01537,0.73595
CVE-2007-5521,0.01537,0.73595
CVE-2007-5522,0.01537,0.73595
CVE-2007-5523,0.01537,0.73595
CVE-2007-5524,0.01537,0.73595
CVE-2007-5525,0.01537,0.73595
CVE-2007-5526,0.01537,0.73595
CVE-2007-5527,0.01537,0.73595
CVE-2007-5528,0.01537,0.73595
CVE-2007-5529,0.01537,0.73595
CVE-2007-5530,0.01537,0.73595
CVE-2007-5531,0.01537,0.73595
CVE-2007-5532,0.01537,0.73595
CVE-2007-5533,0.01282,0.67298
CVE-2007-5534,0.01282,0.67298
CVE-2007-5535,0.01018,0.38792
CVE-2007-5536,0.01104,0.52279
CVE-2007-5537,0.01319,0.70416
CVE-2007-5538,0.05139,0.89128
CVE-2007-5539,0.01232,0.66248
CVE-2007-5540,0.02172,0.79917
CVE-2007-5541,0.02172,0.79917
CVE-2007-5542,0.06309,0.90494
CVE-2007-5543,0.06309,0.90494
CVE-2007-5544,0.0095,0.30554
CVE-2007-5545,0.06523,0.90962
CVE-2007-5546,0.04291,0.87022
CVE-2007-5547,0.01055,0.50287
CVE-2007-5548,0.0089,0.2856
CVE-2007-5549,0.00885,0.26162
CVE-2007-5550,0.01055,0.50287
CVE-2007-5551,0.05623,0.89566
CVE-2007-5552,0.03696,0.84331
CVE-2007-5554,0.01055,0.50287
CVE-2007-5555,0.00885,0.26162
CVE-2007-5556,0.01055,0.50287
CVE-2007-5557,0.01055,0.50287
CVE-2007-5558,0.01055,0.50287
CVE-2007-5559,0.03696,0.84331
CVE-2007-5560,0.03696,0.84331
CVE-2007-5561,0.06523,0.90962
CVE-2007-5562,0.02945,0.82784
CVE-2007-5563,0.01213,0.6557
CVE-2007-5564,0.01213,0.6557
CVE-2007-5565,0.01055,0.50287
CVE-2007-5566,0.01055,0.50287
CVE-2007-5567,0.04187,0.86773
CVE-2007-5568,0.03779,0.84781
CVE-2007-5569,0.01319,0.70416
CVE-2007-5570,0.01319,0.70416
CVE-2007-5571,0.01319,0.70416
CVE-2007-5572,0.01213,0.6557
CVE-2007-5573,0.04187,0.86773
CVE-2007-5574,0.04187,0.86773
CVE-2007-5575,0.01055,0.50287
CVE-2007-5576,0.0095,0.30554
CVE-2007-5577,0.01319,0.70416
CVE-2007-5578,0.01319,0.70416
CVE-2007-5579,0.04187,0.86773
CVE-2007-5580,0.1127,0.94787
CVE-2007-5581,0.01319,0.70416
CVE-2007-5582,0.01955,0.77585
CVE-2007-5583,0.0679,0.91793
CVE-2007-5584,0.01319,0.70416
CVE-2007-5585,0.01018,0.38792
CVE-2007-5587,0.0322,0.83442
CVE-2007-5588,0.01213,0.6557
CVE-2007-5589,0.21871,0.96424
CVE-2007-5590,0.1127,0.94787
CVE-2007-5591,0.01974,0.7812
CVE-2007-5592,0.04187,0.86773
CVE-2007-5593,0.08263,0.93269
CVE-2007-5594,0.01319,0.70416
CVE-2007-5595,0.01319,0.70416
CVE-2007-5596,0.01319,0.70416
CVE-2007-5597,0.01108,0.53389
CVE-2007-5598,0.01213,0.6557
CVE-2007-5599,0.01213,0.6557
CVE-2007-5600,0.01055,0.50287
CVE-2007-5601,0.76482000000000006,0.99351
CVE-2007-5602,0.08263,0.93269
CVE-2007-5603,0.78095,0.99418
CVE-2007-5604,0.51781,0.98657
CVE-2007-5605,0.33866,0.97595
CVE-2007-5606,0.33866,0.97595
CVE-2007-5607,0.51781,0.98657
CVE-2007-5608,0.02172,0.79917
CVE-2007-5610,0.10995,0.94626999999999994
CVE-2007-5612,0.01319,0.70416
CVE-2007-5613,0.01955,0.77585
CVE-2007-5614,0.01974,0.7812
CVE-2007-5615,0.02172,0.79917
CVE-2007-5616,0.01034,0.39824
CVE-2007-5617,0.01537,0.73595
CVE-2007-5618,0.01547,0.74085
CVE-2007-5619,0.00885,0.26162
CVE-2007-5620,0.04482,0.88223
CVE-2007-5621,0.01132,0.54372
CVE-2007-5622,0.02172,0.79917
CVE-2007-5623,0.03779,0.84781
CVE-2007-5624,0.01955,0.77585
CVE-2007-5625,0.02945,0.82784
CVE-2007-5626,0.01282,0.67298
CVE-2007-5627,0.04187,0.86773
CVE-2007-5628,0.04187,0.86773
CVE-2007-5629,0.01319,0.70416
CVE-2007-5630,0.00986,0.35784
CVE-2007-5631,0.12567,0.95329
CVE-2007-5632,0.01282,0.67298
CVE-2007-5633,0.01924,0.77129
CVE-2007-5634,0.0089,0.2856
CVE-2007-5635,0.00954,0.34522
CVE-2007-5636,0.35205,0.97726
CVE-2007-5637,0.10995,0.94626999999999994
CVE-2007-5638,0.01408,0.72072
CVE-2007-5639,0.01319,0.70416
CVE-2007-5640,0.01408,0.72072
CVE-2007-5641,0.04358,0.87435
CVE-2007-5642,0.03779,0.84781
CVE-2007-5643,0.01319,0.70416
CVE-2007-5644,0.01055,0.50287
CVE-2007-5646,0.028,0.82308
CVE-2007-5647,0.01917,0.77071
CVE-2007-5648,0.01917,0.77071
CVE-2007-5649,0.01917,0.77071
CVE-2007-5650,0.04187,0.86773
CVE-2007-5651,0.01319,0.70416
CVE-2007-5652,0.01108,0.53389
CVE-2007-5653,0.04187,0.86773
CVE-2007-5654,0.0679,0.91793
CVE-2007-5655,0.1127,0.94787
CVE-2007-5656,0.07544,0.92484
CVE-2007-5657,0.1127,0.94787
CVE-2007-5658,0.1127,0.94787
CVE-2007-5659,0.91659,0.99881
CVE-2007-5660,0.78095,0.99418
CVE-2007-5661,0.01319,0.70416
CVE-2007-5663,0.09915,0.94265
CVE-2007-5664,0.01034,0.39824
CVE-2007-5665,0.0095,0.30554
CVE-2007-5666,0.05462,0.89459
CVE-2007-5667,0.01104,0.52279
CVE-2007-5671,0.01282,0.67298
CVE-2007-5673,0.01213,0.6557
CVE-2007-5674,0.04187,0.86773
CVE-2007-5675,0.06523,0.90962
CVE-2007-5676,0.04187,0.86773
CVE-2007-5677,0.01917,0.77071
CVE-2007-5678,0.01055,0.50287
CVE-2007-5679,0.01139,0.58345
CVE-2007-5682,0.06523,0.90962
CVE-2007-5683,0.01055,0.50287
CVE-2007-5684,0.04187,0.86773
CVE-2007-5685,0.0679,0.91793
CVE-2007-5686,0.01232,0.66248
CVE-2007-5687,0.12248,0.95092
CVE-2007-5688,0.00986,0.35784
CVE-2007-5689,0.04358,0.87435
CVE-2007-5690,0.02178,0.80027
CVE-2007-5691,0.01108,0.53389
CVE-2007-5692,0.05649,0.89807
CVE-2007-5693,0.09659,0.94
CVE-2007-5694,0.09659,0.94
CVE-2007-5695,0.02172,0.79917
CVE-2007-5696,0.01055,0.50287
CVE-2007-5697,0.04482,0.88223
CVE-2007-5698,0.01136,0.57949
CVE-2007-5699,0.07687,0.92751
CVE-2007-5700,0.01232,0.66248
CVE-2007-5701,0.01108,0.53389
CVE-2007-5702,0.01319,0.70416
CVE-2007-5703,0.01955,0.77585
CVE-2007-5704,0.01319,0.70416
CVE-2007-5705,0.01055,0.50287
CVE-2007-5706,0.04482,0.88223
CVE-2007-5707,0.04358,0.87435
CVE-2007-5708,0.02686,0.82061
CVE-2007-5709,0.07687,0.92751
CVE-2007-5710,0.03129,0.8316
CVE-2007-5711,0.01319,0.70416
CVE-2007-5712,0.02172,0.79917
CVE-2007-5713,0.02791,0.82239
CVE-2007-5714,0.04679,0.88603
CVE-2007-5715,0.01136,0.57949
CVE-2007-5716,0.01537,0.73595
CVE-2007-5717,0.01408,0.72072
CVE-2007-5718,0.01034,0.39824
CVE-2007-5719,0.00986,0.35784
CVE-2007-5720,0.04187,0.86773
CVE-2007-5721,0.04187,0.86773
CVE-2007-5722,0.07687,0.92751
CVE-2007-5723,0.01213,0.6557
CVE-2007-5724,0.02945,0.82784
CVE-2007-5725,0.01917,0.77071
CVE-2007-5726,0.01315,0.67456
CVE-2007-5727,0.01319,0.70416
CVE-2007-5728,0.04894,0.88891
CVE-2007-5729,0.02172,0.79379
CVE-2007-5730,0.02172,0.79379
CVE-2007-5731,0.05855,0.90032
CVE-2007-5732,0.01213,0.6557
CVE-2007-5733,0.04187,0.86773
CVE-2007-5734,0.01213,0.6557
CVE-2007-5735,0.01213,0.6557
CVE-2007-5736,0.01136,0.57949
CVE-2007-5737,0.04187,0.86773
CVE-2007-5738,0.01213,0.6557
CVE-2007-5739,0.04187,0.86773
CVE-2007-5740,0.40588,0.98099
CVE-2007-5741,0.02172,0.79917
CVE-2007-5742,0.03779,0.84781
CVE-2007-5743,0.00885,0.26162
CVE-2007-5745,0.06604,0.91138
CVE-2007-5746,0.06604,0.91138
CVE-2007-5747,0.06604,0.91138
CVE-2007-5751,0.01104,0.52279
CVE-2007-5752,0.04482,0.88223
CVE-2007-5753,0.01108,0.53389
CVE-2007-5754,0.04187,0.86773
CVE-2007-5755,0.07777,0.92953
CVE-2007-5756,0.01034,0.39824
CVE-2007-5757,0.0095,0.30554
CVE-2007-5758,0.01755,0.75287
CVE-2007-5760,0.04421,0.87629
CVE-2007-5761,0.01034,0.39824
CVE-2007-5762,0.0214,0.7918
CVE-2007-5764,0.01282,0.67298
CVE-2007-5766,0.01213,0.6557
CVE-2007-5767,0.09196,0.93925
CVE-2007-5768,0.01055,0.50287
CVE-2007-5769,0.01018,0.38792
CVE-2007-5770,0.04358,0.87435
CVE-2007-5771,0.01213,0.6557
CVE-2007-5772,0.01061,0.51015
CVE-2007-5773,0.01136,0.57949
CVE-2007-5774,0.01136,0.57949
CVE-2007-5775,0.03432,0.83945
CVE-2007-5776,0.04187,0.86773
CVE-2007-5777,0.01136,0.57949
CVE-2007-5778,0.01108,0.53389
CVE-2007-5779,0.75606,0.99321
CVE-2007-5780,0.04482,0.88223
CVE-2007-5781,0.04482,0.88223
CVE-2007-5782,0.04187,0.86773
CVE-2007-5783,0.00986,0.35784
CVE-2007-5784,0.04187,0.86773
CVE-2007-5785,0.00986,0.35784
CVE-2007-5786,0.04187,0.86773
CVE-2007-5787,0.01213,0.6557
CVE-2007-5788,0.01213,0.6557
CVE-2007-5789,0.01213,0.6557
CVE-2007-5790,0.0095,0.30554
CVE-2007-5791,0.01408,0.72072
CVE-2007-5792,0.01136,0.57949
CVE-2007-5793,0.01213,0.6557
CVE-2007-5794,0.02686,0.82061
CVE-2007-5795,0.04669,0.88544
CVE-2007-5796,0.01917,0.77071
CVE-2007-5797,0.0221,0.80318
CVE-2007-5798,0.01319,0.70416
CVE-2007-5799,0.01319,0.70416
CVE-2007-5800,0.10995,0.94626999999999994
CVE-2007-5801,0.01018,0.38792
CVE-2007-5802,0.10995,0.94626999999999994
CVE-2007-5803,0.01408,0.72072
CVE-2007-5804,0.01104,0.52279
CVE-2007-5805,0.01104,0.52279
CVE-2007-5806,0.01408,0.72072
CVE-2007-5807,0.04679,0.88603
CVE-2007-5808,0.01319,0.70416
CVE-2007-5809,0.01213,0.6557
CVE-2007-5810,0.01213,0.6557
CVE-2007-5811,0.01319,0.70416
CVE-2007-5812,0.04187,0.86773
CVE-2007-5813,0.04187,0.86773
CVE-2007-5814,0.08263,0.93269
CVE-2007-5815,0.07197,0.92068
CVE-2007-5816,0.04187,0.86773
CVE-2007-5817,0.01917,0.77071
CVE-2007-5818,0.01213,0.6557
CVE-2007-5819,0.0095,0.30554
CVE-2007-5820,0.04482,0.88223
CVE-2007-5821,0.07197,0.92068
CVE-2007-5822,0.01408,0.72072
CVE-2007-5823,0.01213,0.6557
CVE-2007-5824,0.12567,0.95329
CVE-2007-5825,0.1127,0.94787
CVE-2007-5826,0.0679,0.91793
CVE-2007-5827,0.0095,0.30554
CVE-2007-5828,0.01136,0.57949
CVE-2007-5829,0.01104,0.52279
CVE-2007-5830,0.01213,0.6557
CVE-2007-5831,0.01136,0.57949
CVE-2007-5832,0.01213,0.6557
CVE-2007-5833,0.01055,0.50287
CVE-2007-5834,0.01136,0.57949
CVE-2007-5835,0.01055,0.50287
CVE-2007-5836,0.01055,0.50287
CVE-2007-5837,0.0679,0.91793
CVE-2007-5838,0.01104,0.52279
CVE-2007-5839,0.01282,0.67298
CVE-2007-5840,0.0679,0.91793
CVE-2007-5841,0.04187,0.86773
CVE-2007-5842,0.0679,0.91793
CVE-2007-5843,0.04482,0.88223
CVE-2007-5844,0.01213,0.6557
CVE-2007-5845,0.01213,0.6557
CVE-2007-5846,0.04358,0.87435
CVE-2007-5847,0.01104,0.52279
CVE-2007-5848,0.02694,0.82068
CVE-2007-5849,0.47944,0.98484
CVE-2007-5850,0.0196,0.77594
CVE-2007-5851,0.01408,0.72072
CVE-2007-5853,0.0196,0.77594
CVE-2007-5854,0.01183,0.60428
CVE-2007-5855,0.01408,0.72072
CVE-2007-5856,0.01408,0.72072
CVE-2007-5857,0.01408,0.72072
CVE-2007-5858,0.03407,0.83908
CVE-2007-5859,0.06154,0.90253
CVE-2007-5860,0.0196,0.77594
CVE-2007-5861,0.0196,0.77594
CVE-2007-5862,0.01213,0.6557
CVE-2007-5863,0.81542,0.99518
CVE-2007-5887,0.00986,0.35784
CVE-2007-5888,0.01213,0.6557
CVE-2007-5889,0.01319,0.70416
CVE-2007-5890,0.04187,0.86773
CVE-2007-5891,0.01213,0.6557
CVE-2007-5892,0.06523,0.90962
CVE-2007-5893,0.01213,0.6557
CVE-2007-5894,0.02172,0.79917
CVE-2007-5896,0.01213,0.6557
CVE-2007-5897,0.03941,0.85207
CVE-2007-5898,0.02686,0.82061
CVE-2007-5899,0.04358,0.87435
CVE-2007-5900,0.01282,0.67298
CVE-2007-5901,0.01547,0.74085
CVE-2007-5902,0.03779,0.84781
CVE-2007-5904,0.08228,0.93218
CVE-2007-5905,0.01408,0.72072
CVE-2007-5906,0.01034,0.39824
CVE-2007-5907,0.01282,0.67298
CVE-2007-5909,0.12248,0.95092
CVE-2007-5910,0.1127,0.94787
CVE-2007-5911,0.07687,0.92751
CVE-2007-5912,0.01055,0.50287
CVE-2007-5913,0.01408,0.72072
CVE-2007-5914,0.01319,0.70416
CVE-2007-5915,0.04187,0.86773
CVE-2007-5916,0.01213,0.6557
CVE-2007-5917,0.01213,0.6557
CVE-2007-5918,0.04187,0.86773
CVE-2007-5919,0.01213,0.6557
CVE-2007-5920,0.01213,0.6557
CVE-2007-5921,0.01282,0.67298
CVE-2007-5922,0.01018,0.38792
CVE-2007-5923,0.01917,0.77071
CVE-2007-5924,0.01319,0.70416
CVE-2007-5925,0.11063,0.94638
CVE-2007-5926,0.04187,0.86773
CVE-2007-5927,0.05302,0.89375
CVE-2007-5928,0.01055,0.50287
CVE-2007-5929,0.03941,0.85207
CVE-2007-5930,0.01319,0.70416
CVE-2007-5931,0.01213,0.6557
CVE-2007-5932,0.01319,0.70416
CVE-2007-5933,0.01408,0.72072
CVE-2007-5934,0.02172,0.79917
CVE-2007-5935,0.04421,0.87629
CVE-2007-5936,0.01547,0.74085
CVE-2007-5937,0.04421,0.87629
CVE-2007-5938,0.01974,0.7812
CVE-2007-5939,0.01319,0.70416
CVE-2007-5940,0.01755,0.75287
CVE-2007-5941,0.10336,0.94362
CVE-2007-5942,0.01055,0.50287
CVE-2007-5943,0.01055,0.50287
CVE-2007-5944,0.02945,0.82784
CVE-2007-5945,0.01319,0.70416
CVE-2007-5946,0.01104,0.52279
CVE-2007-5947,0.03932,0.8519
CVE-2007-5948,0.01213,0.6557
CVE-2007-5949,0.01232,0.66248
CVE-2007-5950,0.01319,0.70416
CVE-2007-5951,0.00986,0.35784
CVE-2007-5952,0.01917,0.77071
CVE-2007-5953,0.01018,0.38792
CVE-2007-5954,0.01917,0.77071
CVE-2007-5955,0.01319,0.70416
CVE-2007-5956,0.01034,0.39824
CVE-2007-5957,0.01034,0.39824
CVE-2007-5958,0.04005,0.85278
CVE-2007-5959,0.06604,0.91138
CVE-2007-5960,0.03932,0.8519
CVE-2007-5961,0.01213,0.6557
CVE-2007-5962,0.12567,0.95329
CVE-2007-5963,0.01547,0.74085
CVE-2007-5964,0.01547,0.74085
CVE-2007-5965,0.03779,0.84781
CVE-2007-5966,0.02172,0.79379
CVE-2007-5967,0.00885,0.26162
CVE-2007-5969,0.02528,0.8112
CVE-2007-5970,0.01319,0.70416
CVE-2007-5971,0.01547,0.74085
CVE-2007-5972,0.02186,0.8012
CVE-2007-5973,0.00986,0.35784
CVE-2007-5974,0.01213,0.6557
CVE-2007-5975,0.01232,0.66248
CVE-2007-5976,0.01649,0.75017
CVE-2007-5977,0.01633,0.74922
CVE-2007-5978,0.00986,0.35784
CVE-2007-5979,0.04894,0.88891
CVE-2007-5980,0.01319,0.70416
CVE-2007-5981,0.01136,0.57949
CVE-2007-5982,0.01917,0.77071
CVE-2007-5983,0.02945,0.82784
CVE-2007-5984,0.0679,0.91793
CVE-2007-5985,0.03407,0.83908
CVE-2007-5986,0.01213,0.6557
CVE-2007-5987,0.01319,0.70416
CVE-2007-5988,0.01319,0.70416
CVE-2007-5989,0.08263,0.93269
CVE-2007-5990,0.01319,0.70416
CVE-2007-5991,0.01213,0.6557
CVE-2007-5992,0.00986,0.35784
CVE-2007-5993,0.02945,0.82784
CVE-2007-5994,0.01136,0.57949
CVE-2007-5995,0.04187,0.86773
CVE-2007-5996,0.00986,0.35784
CVE-2007-5997,0.00986,0.35784
CVE-2007-5998,0.00986,0.35784
CVE-2007-5999,0.00986,0.35784
CVE-2007-6000,0.04187,0.86773
CVE-2007-6001,0.01917,0.77071
CVE-2007-6002,0.01776,0.75902
CVE-2007-6003,0.01917,0.77071
CVE-2007-6004,0.00986,0.35784
CVE-2007-6005,0.04187,0.86773
CVE-2007-6006,0.01018,0.38792
CVE-2007-6007,0.07525,0.92398
CVE-2007-6008,0.03696,0.84331
CVE-2007-6009,0.06309,0.90494
CVE-2007-6010,0.01136,0.57949
CVE-2007-6011,0.01055,0.50287
CVE-2007-6012,0.01213,0.6557
CVE-2007-6013,0.02686,0.82061
CVE-2007-6014,0.01319,0.70416
CVE-2007-6015,0.60127,0.98841
CVE-2007-6016,0.78095,0.99418
CVE-2007-6017,0.01955,0.77585
CVE-2007-6018,0.04358,0.87435
CVE-2007-6019,0.67214,0.99042
CVE-2007-6020,0.09915,0.94265
CVE-2007-6021,0.07525,0.92398
CVE-2007-6025,0.01213,0.6557
CVE-2007-6026,0.4581,0.98286
CVE-2007-6027,0.04187,0.86773
CVE-2007-6028,0.06006,0.90134
CVE-2007-6029,0.06523,0.90962
CVE-2007-6030,0.00885,0.26162
CVE-2007-6031,0.01136,0.57949
CVE-2007-6032,0.00986,0.35784
CVE-2007-6033,0.01232,0.66248
CVE-2007-6035,0.03779,0.84781
CVE-2007-6036,0.10995,0.94626999999999994
CVE-2007-6037,0.03129,0.8316
CVE-2007-6038,0.04187,0.86773
CVE-2007-6039,0.03014,0.82824
CVE-2007-6040,0.01213,0.6557
CVE-2007-6041,0.12822,0.95405
CVE-2007-6042,0.01055,0.50287
CVE-2007-6043,0.047,0.88653
CVE-2007-6044,0.01018,0.38792
CVE-2007-6045,0.01108,0.53389
CVE-2007-6046,0.0095,0.30554
CVE-2007-6047,0.01018,0.38792
CVE-2007-6048,0.01108,0.53389
CVE-2007-6049,0.01034,0.39824
CVE-2007-6050,0.0095,0.30554
CVE-2007-6051,0.01018,0.38792
CVE-2007-6052,0.01018,0.38792
CVE-2007-6053,0.01018,0.38792
CVE-2007-6054,0.02945,0.82784
CVE-2007-6055,0.04894,0.88891
CVE-2007-6056,0.04482,0.88223
CVE-2007-6057,0.0679,0.91793
CVE-2007-6058,0.01139,0.58345
CVE-2007-6059,0.01055,0.50287
CVE-2007-6060,0.07544,0.92484
CVE-2007-6061,0.01282,0.67298
CVE-2007-6062,0.01319,0.70416
CVE-2007-6063,0.01547,0.74085
CVE-2007-6067,0.02528,0.8112
CVE-2007-6077,0.02172,0.79917
CVE-2007-6078,0.00986,0.35784
CVE-2007-6079,0.01213,0.6557
CVE-2007-6080,0.01139,0.58345
CVE-2007-6081,0.01213,0.6557
CVE-2007-6082,0.0679,0.91793
CVE-2007-6083,0.04386,0.87542
CVE-2007-6084,0.00986,0.35784
CVE-2007-6085,0.01213,0.6557
CVE-2007-6086,0.01213,0.6557
CVE-2007-6087,0.01213,0.6557
CVE-2007-6088,0.04482,0.88223
CVE-2007-6089,0.0679,0.91793
CVE-2007-6090,0.01055,0.50287
CVE-2007-6091,0.01139,0.58345
CVE-2007-6092,0.01018,0.38792
CVE-2007-6093,0.01213,0.6557
CVE-2007-6094,0.01213,0.6557
CVE-2007-6095,0.01132,0.54372
CVE-2007-6096,0.01018,0.38792
CVE-2007-6097,0.00885,0.26162
CVE-2007-6098,0.00885,0.26162
CVE-2007-6099,0.01055,0.50287
CVE-2007-6100,0.01408,0.72072
CVE-2007-6101,0.01232,0.66248
CVE-2007-6102,0.01319,0.70416
CVE-2007-6103,0.07197,0.92068
CVE-2007-6104,0.01319,0.70416
CVE-2007-6105,0.12567,0.95329
CVE-2007-6106,0.01139,0.58345
CVE-2007-6109,0.02686,0.82061
CVE-2007-6110,0.05649,0.89807
CVE-2007-6111,0.04358,0.87435
CVE-2007-6112,0.08228,0.93218
CVE-2007-6113,0.12567,0.95329
CVE-2007-6114,0.08228,0.93218
CVE-2007-6115,0.08228,0.93218
CVE-2007-6116,0.04358,0.87435
CVE-2007-6117,0.08228,0.93218
CVE-2007-6118,0.04358,0.87435
CVE-2007-6119,0.04358,0.87435
CVE-2007-6120,0.04358,0.87435
CVE-2007-6121,0.04358,0.87435
CVE-2007-6122,0.02172,0.79917
CVE-2007-6123,0.01018,0.38792
CVE-2007-6124,0.01213,0.6557
CVE-2007-6125,0.01213,0.6557
CVE-2007-6126,0.01213,0.6557
CVE-2007-6127,0.01213,0.6557
CVE-2007-6128,0.00986,0.35784
CVE-2007-6129,0.0679,0.91793
CVE-2007-6130,0.01319,0.70416
CVE-2007-6131,0.01034,0.39824
CVE-2007-6133,0.0679,0.91793
CVE-2007-6134,0.00986,0.35784
CVE-2007-6135,0.04894,0.88891
CVE-2007-6136,0.01917,0.77071
CVE-2007-6137,0.01139,0.58345
CVE-2007-6138,0.01139,0.58345
CVE-2007-6139,0.04187,0.86773
CVE-2007-6140,0.01408,0.72072
CVE-2007-6141,0.01917,0.77071
CVE-2007-6142,0.01136,0.57949
CVE-2007-6143,0.01213,0.6557
CVE-2007-6144,0.06337,0.90513
CVE-2007-6145,0.01319,0.70416
CVE-2007-6146,0.01213,0.6557
CVE-2007-6147,0.04187,0.86773
CVE-2007-6148,0.1127,0.94787
CVE-2007-6149,0.1127,0.94787
CVE-2007-6150,0.01034,0.39824
CVE-2007-6151,0.01547,0.74085
CVE-2007-6156,0.01319,0.70416
CVE-2007-6157,0.01917,0.77071
CVE-2007-6158,0.00986,0.35784
CVE-2007-6159,0.00986,0.35784
CVE-2007-6160,0.01917,0.77071
CVE-2007-6161,0.01136,0.57949
CVE-2007-6162,0.01917,0.77071
CVE-2007-6163,0.00986,0.35784
CVE-2007-6164,0.00986,0.35784
CVE-2007-6165,0.29498,0.97299
CVE-2007-6166,0.54112,0.987
CVE-2007-6167,0.01592,0.74578
CVE-2007-6168,0.01213,0.6557
CVE-2007-6169,0.01055,0.50287
CVE-2007-6170,0.02186,0.8012
CVE-2007-6171,0.01408,0.72072
CVE-2007-6172,0.00986,0.35784
CVE-2007-6173,0.04894,0.88891
CVE-2007-6174,0.01132,0.54372
CVE-2007-6175,0.07525,0.92398
CVE-2007-6176,0.04482,0.88223
CVE-2007-6177,0.04482,0.88223
CVE-2007-6178,0.04187,0.86773
CVE-2007-6179,0.0679,0.91793
CVE-2007-6180,0.01537,0.73595
CVE-2007-6181,0.06337,0.90513
CVE-2007-6182,0.01924,0.77129
CVE-2007-6183,0.04421,0.87629
CVE-2007-6184,0.04482,0.88223
CVE-2007-6185,0.0679,0.91793
CVE-2007-6186,0.00885,0.26162
CVE-2007-6187,0.0679,0.91793
CVE-2007-6188,0.02172,0.79917
CVE-2007-6189,0.07525,0.92398
CVE-2007-6190,0.01232,0.66248
CVE-2007-6191,0.04187,0.86773
CVE-2007-6192,0.01213,0.6557
CVE-2007-6193,0.01055,0.50287
CVE-2007-6194,0.01408,0.72072
CVE-2007-6195,0.20778,0.96335
CVE-2007-6196,0.01319,0.70416
CVE-2007-6197,0.01319,0.70416
CVE-2007-6198,0.0679,0.91793
CVE-2007-6199,0.03779,0.84781
CVE-2007-6200,0.03779,0.84781
CVE-2007-6201,0.01108,0.53389
CVE-2007-6202,0.01139,0.58345
CVE-2007-6203,0.7311,0.99224
CVE-2007-6204,0.87164,0.99725
CVE-2007-6205,0.01955,0.77585
CVE-2007-6206,0.01547,0.74085
CVE-2007-6207,0.01104,0.52279
CVE-2007-6208,0.01034,0.39824
CVE-2007-6209,0.01104,0.52279
CVE-2007-6210,0.0322,0.83442
CVE-2007-6211,0.01924,0.77129
CVE-2007-6212,0.04187,0.86773
CVE-2007-6213,0.04187,0.86773
CVE-2007-6214,0.04187,0.86773
CVE-2007-6215,0.04187,0.86773
CVE-2007-6216,0.01282,0.67298
CVE-2007-6217,0.028,0.82308
CVE-2007-6218,0.07197,0.92068
CVE-2007-6219,0.01319,0.70416
CVE-2007-6220,0.01213,0.6557
CVE-2007-6221,0.01055,0.50287
CVE-2007-6222,0.01132,0.54372
CVE-2007-6223,0.00986,0.35784
CVE-2007-6224,0.01213,0.6557
CVE-2007-6225,0.01034,0.39824
CVE-2007-6226,0.01213,0.6557
CVE-2007-6227,0.01761,0.7555
CVE-2007-6228,0.04187,0.86773
CVE-2007-6229,0.01136,0.57949
CVE-2007-6230,0.01136,0.57949
CVE-2007-6231,0.01319,0.70416
CVE-2007-6232,0.01136,0.57949
CVE-2007-6233,0.01061,0.51015
CVE-2007-6234,0.01136,0.57949
CVE-2007-6235,0.01136,0.57949
CVE-2007-6236,0.25598,0.96882
CVE-2007-6237,0.04187,0.86773
CVE-2007-6238,0.05106,0.89045
CVE-2007-6239,0.04358,0.87435
CVE-2007-6240,0.00986,0.35784
CVE-2007-6241,0.00885,0.26162
CVE-2007-6242,0.09915,0.94265
CVE-2007-6243,0.03932,0.8519
CVE-2007-6244,0.43152,0.98204
CVE-2007-6245,0.03407,0.83908
CVE-2007-6246,0.01547,0.74085
CVE-2007-6249,0.01104,0.52279
CVE-2007-6250,0.35008,0.9771
CVE-2007-6252,0.06309,0.90494
CVE-2007-6253,0.07525,0.92398
CVE-2007-6254,0.07525,0.92398
CVE-2007-6255,0.33695,0.97582
CVE-2007-6258,0.40588,0.98099
CVE-2007-6260,0.01319,0.70416
CVE-2007-6261,0.01761,0.7555
CVE-2007-6262,0.28823,0.97188
CVE-2007-6263,0.01319,0.70416
CVE-2007-6265,0.01213,0.6557
CVE-2007-6266,0.00986,0.35784
CVE-2007-6267,0.01034,0.39824
CVE-2007-6268,0.07197,0.92068
CVE-2007-6269,0.028,0.82308
CVE-2007-6270,0.04894,0.88891
CVE-2007-6271,0.04482,0.88223
CVE-2007-6272,0.00986,0.35784
CVE-2007-6273,0.15607,0.95873
CVE-2007-6274,0.01213,0.6557
CVE-2007-6275,0.00986,0.35784
CVE-2007-6276,0.10995,0.94626999999999994
CVE-2007-6277,0.08263,0.93269
CVE-2007-6278,0.01213,0.6557
CVE-2007-6279,0.06523,0.90962
CVE-2007-6281,0.07777,0.92953
CVE-2007-6282,0.02686,0.82061
CVE-2007-6283,0.01034,0.39824
CVE-2007-6284,0.02686,0.82061
CVE-2007-6285,0.01547,0.74085
CVE-2007-6286,0.07344,0.92237
CVE-2007-6287,0.01136,0.57949
CVE-2007-6288,0.01213,0.6557
CVE-2007-6289,0.04187,0.86773
CVE-2007-6290,0.01213,0.6557
CVE-2007-6291,0.01213,0.6557
CVE-2007-6292,0.00986,0.35784
CVE-2007-6293,0.01108,0.53389
CVE-2007-6294,0.01104,0.52279
CVE-2007-6295,0.01319,0.70416
CVE-2007-6296,0.01055,0.50287
CVE-2007-6297,0.01917,0.77071
CVE-2007-6298,0.01213,0.6557
CVE-2007-6299,0.02172,0.79917
CVE-2007-6300,0.01136,0.57949
CVE-2007-6301,0.02945,0.82784
CVE-2007-6302,0.11675,0.94851
CVE-2007-6303,0.02528,0.8112
CVE-2007-6304,0.02686,0.82061
CVE-2007-6305,0.01034,0.39824
CVE-2007-6306,0.03407,0.83908
CVE-2007-6307,0.02945,0.82784
CVE-2007-6308,0.01213,0.6557
CVE-2007-6309,0.02945,0.82784
CVE-2007-6310,0.01408,0.72072
CVE-2007-6311,0.01408,0.72072
CVE-2007-6312,0.01776,0.75902
CVE-2007-6313,0.01132,0.54372
CVE-2007-6314,0.01319,0.70416
CVE-2007-6315,0.01232,0.66248
CVE-2007-6316,0.01213,0.6557
CVE-2007-6317,0.01132,0.54372
CVE-2007-6318,0.04386,0.87542
CVE-2007-6319,0.01319,0.70416
CVE-2007-6320,0.01055,0.50287
CVE-2007-6321,0.02945,0.82784
CVE-2007-6322,0.04482,0.88223
CVE-2007-6323,0.0679,0.91793
CVE-2007-6324,0.04187,0.86773
CVE-2007-6325,0.0679,0.91793
CVE-2007-6326,0.04187,0.86773
CVE-2007-6327,0.07687,0.92751
CVE-2007-6328,0.01034,0.39824
CVE-2007-6329,0.13105,0.9547
CVE-2007-6330,0.01319,0.70416
CVE-2007-6331,0.02172,0.79917
CVE-2007-6332,0.02172,0.79917
CVE-2007-6333,0.02172,0.79917
CVE-2007-6334,0.02172,0.79917
CVE-2007-6335,0.12248,0.95092
CVE-2007-6336,0.12248,0.95092
CVE-2007-6337,0.02686,0.82061
CVE-2007-6338,0.01319,0.70416
CVE-2007-6339,0.07525,0.92398
CVE-2007-6340,0.0095,0.30554
CVE-2007-6341,0.12567,0.95329
CVE-2007-6342,0.01319,0.70416
CVE-2007-6343,0.01319,0.70416
CVE-2007-6344,0.0679,0.91793
CVE-2007-6345,0.01213,0.6557
CVE-2007-6346,0.01319,0.70416
CVE-2007-6347,0.0679,0.91793
CVE-2007-6348,0.07777,0.92953
CVE-2007-6349,0.01319,0.70416
CVE-2007-6350,0.09085,0.93856
CVE-2007-6351,0.02686,0.82061
CVE-2007-6352,0.04421,0.87629
CVE-2007-6353,0.04421,0.87629
CVE-2007-6354,0.01537,0.73595
CVE-2007-6355,0.01537,0.73595
CVE-2007-6356,0.01537,0.73595
CVE-2007-6357,0.34513,0.97636
CVE-2007-6358,0.01282,0.67298
CVE-2007-6359,0.0322,0.83442
CVE-2007-6360,0.02172,0.79917
CVE-2007-6361,0.01213,0.6557
CVE-2007-6362,0.00986,0.35784
CVE-2007-6363,0.01061,0.51015
CVE-2007-6364,0.01136,0.57949
CVE-2007-6365,0.01055,0.50287
CVE-2007-6366,0.01319,0.70416
CVE-2007-6367,0.01319,0.70416
CVE-2007-6368,0.04187,0.86773
CVE-2007-6369,0.04187,0.86773
CVE-2007-6371,0.01136,0.57949
CVE-2007-6372,0.01319,0.70416
CVE-2007-6373,0.01136,0.57949
CVE-2007-6374,0.04894,0.88891
CVE-2007-6375,0.00986,0.35784
CVE-2007-6376,0.04187,0.86773
CVE-2007-6377,0.78095,0.99418
CVE-2007-6378,0.01408,0.72072
CVE-2007-6379,0.01319,0.70416
CVE-2007-6380,0.00986,0.35784
CVE-2007-6381,0.01815,0.76117
CVE-2007-6382,0.01213,0.6557
CVE-2007-6383,0.01132,0.54372
CVE-2007-6384,0.01319,0.70416
CVE-2007-6385,0.01034,0.39824
CVE-2007-6386,0.01315,0.67456
CVE-2007-6387,0.72259,0.99201
CVE-2007-6388,0.33796,0.97584
CVE-2007-6389,0.01547,0.74085
CVE-2007-6390,0.01136,0.57949
CVE-2007-6391,0.00986,0.35784
CVE-2007-6392,0.00986,0.35784
CVE-2007-6393,0.00986,0.35784
CVE-2007-6394,0.00986,0.35784
CVE-2007-6395,0.01213,0.6557
CVE-2007-6396,0.01213,0.6557
CVE-2007-6397,0.01319,0.70416
CVE-2007-6398,0.01213,0.6557
CVE-2007-6399,0.01132,0.54372
CVE-2007-6400,0.04482,0.88223
CVE-2007-6401,0.42271,0.98167
CVE-2007-6402,0.07687,0.92751
CVE-2007-6403,0.07687,0.92751
CVE-2007-6404,0.01319,0.70416
CVE-2007-6405,0.01319,0.70416
CVE-2007-6406,0.01213,0.6557
CVE-2007-6407,0.01213,0.6557
CVE-2007-6408,0.01213,0.6557
CVE-2007-6409,0.01055,0.50287
CVE-2007-6410,0.01055,0.50287
CVE-2007-6411,0.06604,0.91138
CVE-2007-6412,0.01319,0.70416
CVE-2007-6413,0.01408,0.72072
CVE-2007-6414,0.07687,0.92751
CVE-2007-6415,0.08336,0.93297
CVE-2007-6416,0.01034,0.39824
CVE-2007-6417,0.01547,0.74085
CVE-2007-6418,0.0095,0.30554
CVE-2007-6419,0.01408,0.72072
CVE-2007-6420,0.07344,0.92237
CVE-2007-6421,0.04316,0.87043
CVE-2007-6422,0.04316,0.87043
CVE-2007-6423,0.01136,0.57949
CVE-2007-6424,0.01319,0.70416
CVE-2007-6425,0.01319,0.70416
CVE-2007-6426,0.07777,0.92953
CVE-2007-6427,0.05661,0.8981
CVE-2007-6428,0.02686,0.82061
CVE-2007-6429,0.07109,0.91909
CVE-2007-6430,0.03779,0.84781
CVE-2007-6431,0.01974,0.7812
CVE-2007-6432,0.07525,0.92398
CVE-2007-6433,0.01974,0.7812
CVE-2007-6434,0.0095,0.30554
CVE-2007-6435,0.13234,0.95482
CVE-2007-6436,0.06309,0.90494
CVE-2007-6437,0.03779,0.84781
CVE-2007-6438,0.04358,0.87435
CVE-2007-6439,0.04358,0.87435
CVE-2007-6441,0.04358,0.87435
CVE-2007-6450,0.04358,0.87435
CVE-2007-6451,0.04358,0.87435
CVE-2007-6452,0.01108,0.53389
CVE-2007-6453,0.10995,0.94626999999999994
CVE-2007-6454,0.37385,0.97829
CVE-2007-6455,0.01917,0.77071
CVE-2007-6456,0.01018,0.38792
CVE-2007-6457,0.0679,0.91793
CVE-2007-6458,0.00986,0.35784
CVE-2007-6459,0.0679,0.91793
CVE-2007-6460,0.01213,0.6557
CVE-2007-6461,0.01213,0.6557
CVE-2007-6462,0.00986,0.35784
CVE-2007-6463,0.01055,0.50287
CVE-2007-6464,0.04187,0.86773
CVE-2007-6465,0.01319,0.70416
CVE-2007-6466,0.01139,0.58345
CVE-2007-6467,0.00986,0.35784
CVE-2007-6468,0.05139,0.89128
CVE-2007-6469,0.01136,0.57949
CVE-2007-6470,0.04187,0.86773
CVE-2007-6471,0.0679,0.91793
CVE-2007-6472,0.01139,0.58345
CVE-2007-6473,0.042659999999999997,0.86883
CVE-2007-6474,0.01213,0.6557
CVE-2007-6475,0.01136,0.57949
CVE-2007-6476,0.01136,0.57949
CVE-2007-6477,0.01319,0.70416
CVE-2007-6478,0.34394,0.97618
CVE-2007-6479,0.04187,0.86773
CVE-2007-6480,0.08263,0.93269
CVE-2007-6481,0.01408,0.72072
CVE-2007-6482,0.01408,0.72072
CVE-2007-6483,0.10995,0.94626999999999994
CVE-2007-6484,0.01055,0.50287
CVE-2007-6485,0.07197,0.92068
CVE-2007-6486,0.01213,0.6557
CVE-2007-6487,0.01132,0.54372
CVE-2007-6488,0.01213,0.6557
CVE-2007-6489,0.01213,0.6557
CVE-2007-6490,0.01213,0.6557
CVE-2007-6491,0.01213,0.6557
CVE-2007-6492,0.01213,0.6557
CVE-2007-6493,0.07687,0.92751
CVE-2007-6494,0.01319,0.70416
CVE-2007-6495,0.06739,0.91208
CVE-2007-6496,0.01408,0.72072
CVE-2007-6497,0.01319,0.70416
CVE-2007-6498,0.01319,0.70416
CVE-2007-6499,0.01315,0.67456
CVE-2007-6500,0.01649,0.75017
CVE-2007-6501,0.01315,0.67456
CVE-2007-6502,0.01649,0.75017
CVE-2007-6503,0.01232,0.66248
CVE-2007-6504,0.01232,0.66248
CVE-2007-6505,0.0095,0.30554
CVE-2007-6506,0.12567,0.95329
CVE-2007-6507,0.67252,0.99043
CVE-2007-6508,0.0679,0.91793
CVE-2007-6509,0.65919,0.98992
CVE-2007-6510,0.07437,0.92309
CVE-2007-6511,0.01974,0.7812
CVE-2007-6512,0.01213,0.6557
CVE-2007-6513,0.04187,0.86773
CVE-2007-6514,0.05476,0.89511
CVE-2007-6515,0.0679,0.91793
CVE-2007-6516,0.07687,0.92751
CVE-2007-6517,0.01319,0.70416
CVE-2007-6518,0.01319,0.70416
CVE-2007-6519,0.01034,0.39824
CVE-2007-6520,0.01955,0.77585
CVE-2007-6521,0.1127,0.94787
CVE-2007-6522,0.03407,0.83908
CVE-2007-6523,0.01319,0.70416
CVE-2007-6524,0.03779,0.84781
CVE-2007-6525,0.01183,0.60428
CVE-2007-6526,0.01776,0.75902
CVE-2007-6527,0.01213,0.6557
CVE-2007-6528,0.10995,0.94626999999999994
CVE-2007-6529,0.01108,0.53389
CVE-2007-6530,0.87248,0.99731
CVE-2007-6531,0.07777,0.92953
CVE-2007-6532,0.06523,0.90962
CVE-2007-6533,0.20096,0.96253
CVE-2007-6534,0.11676,0.94929
CVE-2007-6535,0.01818,0.76133
CVE-2007-6536,0.01319,0.70416
CVE-2007-6537,0.40588,0.98099
CVE-2007-6538,0.04386,0.87542
CVE-2007-6539,0.03765,0.84407
CVE-2007-6540,0.01136,0.57949
CVE-2007-6541,0.01055,0.50287
CVE-2007-6542,0.04187,0.86773
CVE-2007-6543,0.00986,0.35784
CVE-2007-6544,0.04386,0.87542
CVE-2007-6545,0.01955,0.77585
CVE-2007-6546,0.01319,0.70416
CVE-2007-6547,0.01108,0.53389
CVE-2007-6548,0.02172,0.79917
CVE-2007-6549,0.00954,0.34522
CVE-2007-6550,0.0679,0.91793
CVE-2007-6551,0.01139,0.58345
CVE-2007-6552,0.04187,0.86773
CVE-2007-6553,0.04358,0.87435
CVE-2007-6554,0.01319,0.70416
CVE-2007-6555,0.04187,0.86773
CVE-2007-6556,0.00986,0.35784
CVE-2007-6557,0.01139,0.58345
CVE-2007-6558,0.10995,0.94626999999999994
CVE-2007-6559,0.01139,0.58345
CVE-2007-6560,0.03129,0.8316
CVE-2007-6561,0.11775,0.94948
CVE-2007-6562,0.01974,0.7812
CVE-2007-6563,0.08263,0.93269
CVE-2007-6564,0.02945,0.82784
CVE-2007-6565,0.01139,0.58345
CVE-2007-6566,0.01319,0.70416
CVE-2007-6567,0.01319,0.70416
CVE-2007-6568,0.04187,0.86773
CVE-2007-6569,0.01319,0.70416
CVE-2007-6570,0.01776,0.75902
CVE-2007-6571,0.01213,0.6557
CVE-2007-6572,0.01213,0.6557
CVE-2007-6573,0.01136,0.57949
CVE-2007-6574,0.02945,0.82784
CVE-2007-6575,0.00986,0.35784
CVE-2007-6576,0.01139,0.58345
CVE-2007-6577,0.00986,0.35784
CVE-2007-6578,0.00986,0.35784
CVE-2007-6579,0.028,0.82308
CVE-2007-6580,0.00986,0.35784
CVE-2007-6581,0.10995,0.94626999999999994
CVE-2007-6582,0.04482,0.88223
CVE-2007-6583,0.01055,0.50287
CVE-2007-6584,0.01974,0.7812
CVE-2007-6585,0.0679,0.91793
CVE-2007-6586,0.00986,0.35784
CVE-2007-6587,0.04386,0.87542
CVE-2007-6588,0.01136,0.57949
CVE-2007-6589,0.01776,0.75902
CVE-2007-6591,0.01213,0.6557
CVE-2007-6592,0.01213,0.6557
CVE-2007-6593,0.42881,0.98198
CVE-2007-6594,0.01034,0.39824
CVE-2007-6595,0.01547,0.74085
CVE-2007-6596,0.01319,0.70416
CVE-2007-6597,0.04894,0.88891
CVE-2007-6598,0.04358,0.87435
CVE-2007-6599,0.02172,0.79917
CVE-2007-6600,0.02528,0.8112
CVE-2007-6601,0.02528,0.8112
CVE-2007-6602,0.01139,0.58345
CVE-2007-6603,0.04187,0.86773
CVE-2007-6604,0.0679,0.91793
CVE-2007-6605,0.07687,0.92751
CVE-2007-6606,0.01319,0.70416
CVE-2007-6607,0.01974,0.7812
CVE-2007-6608,0.04894,0.88891
CVE-2007-6609,0.20096,0.96253
CVE-2007-6610,0.01108,0.53389
CVE-2007-6611,0.03407,0.83908
CVE-2007-6612,0.02172,0.79917
CVE-2007-6613,0.23224,0.96531
CVE-2007-6614,0.01319,0.70416
CVE-2007-6615,0.01319,0.70416
CVE-2007-6616,0.01213,0.6557
CVE-2007-6617,0.01319,0.70416
CVE-2007-6618,0.01213,0.6557
CVE-2007-6619,0.01213,0.6557
CVE-2007-6620,0.01213,0.6557
CVE-2007-6621,0.01213,0.6557
CVE-2007-6622,0.01213,0.6557
CVE-2007-6623,0.01213,0.6557
CVE-2007-6624,0.04482,0.88223
CVE-2007-6625,0.01319,0.70416
CVE-2007-6626,0.08263,0.93269
CVE-2007-6627,0.0547,0.89492
CVE-2007-6628,0.01974,0.7812
CVE-2007-6629,0.01408,0.72072
CVE-2007-6630,0.07197,0.92068
CVE-2007-6631,0.40588,0.98099
CVE-2007-6632,0.04482,0.88223
CVE-2007-6633,0.02945,0.82784
CVE-2007-6634,0.01139,0.58345
CVE-2007-6635,0.00885,0.26162
CVE-2007-6636,0.01213,0.6557
CVE-2007-6637,0.03407,0.83908
CVE-2007-6638,0.07197,0.92068
CVE-2007-6639,0.00986,0.35784
CVE-2007-6640,0.01213,0.6557
CVE-2007-6641,0.02945,0.82784
CVE-2007-6642,0.01408,0.72072
CVE-2007-6643,0.01319,0.70416
CVE-2007-6644,0.01232,0.66248
CVE-2007-6645,0.01319,0.70416
CVE-2007-6646,0.05649,0.89807
CVE-2007-6647,0.00986,0.35784
CVE-2007-6648,0.04482,0.88223
CVE-2007-6649,0.04187,0.86773
CVE-2007-6650,0.01319,0.70416
CVE-2007-6651,0.01319,0.70416
CVE-2007-6652,0.07687,0.92751
CVE-2007-6653,0.04187,0.86773
CVE-2007-6654,0.07437,0.92309
CVE-2007-6655,0.04482,0.88223
CVE-2007-6656,0.01139,0.58345
CVE-2007-6657,0.04187,0.86773
CVE-2007-6658,0.01139,0.58345
CVE-2007-6659,0.01213,0.6557
CVE-2007-6660,0.01213,0.6557
CVE-2007-6661,0.01018,0.38792
CVE-2007-6662,0.01213,0.6557
CVE-2007-6663,0.04386,0.87542
CVE-2007-6664,0.00986,0.35784
CVE-2007-6665,0.00986,0.35784
CVE-2007-6666,0.00986,0.35784
CVE-2007-6667,0.01213,0.6557
CVE-2007-6668,0.04187,0.86773
CVE-2007-6669,0.01917,0.77071
CVE-2007-6670,0.00986,0.35784
CVE-2007-6671,0.01139,0.58345
CVE-2007-6672,0.01974,0.7812
CVE-2007-6673,0.01917,0.77071
CVE-2007-6674,0.01136,0.57949
CVE-2007-6675,0.01213,0.6557
CVE-2007-6676,0.01213,0.6557
CVE-2007-6677,0.01055,0.50287
CVE-2007-6679,0.01108,0.53389
CVE-2007-6680,0.01592,0.74578
CVE-2007-6681,0.12248,0.95092
CVE-2007-6682,0.40588,0.98099
CVE-2007-6683,0.02172,0.79917
CVE-2007-6684,0.01213,0.6557
CVE-2007-6685,0.01018,0.38792
CVE-2007-6686,0.01018,0.38792
CVE-2007-6687,0.01319,0.70416
CVE-2007-6688,0.01108,0.53389
CVE-2007-6689,0.0292,0.82516
CVE-2007-6690,0.01018,0.38792
CVE-2007-6691,0.01537,0.73595
CVE-2007-6692,0.01319,0.70416
CVE-2007-6693,0.01018,0.38792
CVE-2007-6694,0.01547,0.74085
CVE-2007-6695,0.01213,0.6557
CVE-2007-6696,0.01917,0.77071
CVE-2007-6697,0.45907,0.98293
CVE-2007-6698,0.02528,0.8112
CVE-2007-6699,0.03013,0.82823
CVE-2007-6700,0.02945,0.82784
CVE-2007-6701,0.09196,0.93925
CVE-2007-6702,0.04187,0.86773
CVE-2007-6703,0.01108,0.53389
CVE-2007-6704,0.12328,0.95117
CVE-2007-6705,0.0089,0.2856
CVE-2007-6706,0.06309,0.90494
CVE-2007-6707,0.01213,0.6557
CVE-2007-6708,0.01319,0.70416
CVE-2007-6709,0.01213,0.6557
CVE-2007-6711,0.01213,0.6557
CVE-2007-6712,0.01547,0.74085
CVE-2007-6713,0.01018,0.38792
CVE-2007-6714,0.03779,0.84781
CVE-2007-6715,0.01213,0.6557
CVE-2007-6716,0.01547,0.74085
CVE-2007-6717,0.01034,0.39824
CVE-2007-6718,0.01055,0.50287
CVE-2007-6719,0.01055,0.50287
CVE-2007-6720,0.01537,0.73595
CVE-2007-6721,0.01108,0.53389
CVE-2007-6722,0.01055,0.50287
CVE-2007-6723,0.01319,0.70416
CVE-2007-6724,0.01055,0.50287
CVE-2007-6725,0.08228,0.93218
CVE-2007-6726,0.05857,0.90036
CVE-2007-6727,0.01055,0.50287
CVE-2007-6728,0.01055,0.50287
CVE-2007-6729,0.01136,0.57949
CVE-2007-6730,0.01136,0.57949
CVE-2007-6731,0.07687,0.92751
CVE-2007-6732,0.06523,0.90962
CVE-2007-6733,0.0089,0.2856
CVE-2007-6734,0.01055,0.50287
CVE-2007-6735,0.01055,0.50287
CVE-2007-6736,0.01132,0.54372
CVE-2007-6737,0.01213,0.6557
CVE-2007-6738,0.01055,0.50287
CVE-2007-6739,0.01213,0.6557
CVE-2007-6740,0.01132,0.54372
CVE-2007-6741,0.01132,0.54372
CVE-2007-6742,0.01055,0.50287
CVE-2007-6743,0.01055,0.50287
CVE-2007-6744,0.00885,0.26162
CVE-2007-6745,0.00954,0.34522
CVE-2007-6746,0.01108,0.53389
CVE-2007-6750,0.03718,0.84354
CVE-2007-6751,0.01213,0.6557
CVE-2007-6752,0.04482,0.88223
CVE-2007-6753,0.04296,0.8703
CVE-2007-6754,0.00885,0.26162
CVE-2007-6755,0.01183,0.60428
CVE-2007-6756,0.01018,0.38792
CVE-2007-6757,0.01108,0.53389
CVE-2007-6758,0.00885,0.26162
CVE-2007-6759,0.01055,0.50287
CVE-2007-6760,0.01055,0.50287
CVE-2007-6761,0.0095,0.30554
CVE-2007-6762,0.01018,0.38792
CVE-2007-6763,0.00885,0.26162
CVE-2006-0001,0.46718,0.98435
CVE-2006-0002,0.46718,0.98435
CVE-2006-0003,0.72259,0.99201
CVE-2006-0004,0.20648,0.96329
CVE-2006-0005,0.62765,0.98913
CVE-2006-0006,0.63976,0.98955
CVE-2006-0007,0.14155,0.95608
CVE-2006-0008,0.0211,0.791
CVE-2006-0009,0.27138,0.97037
CVE-2006-0010,0.39294,0.97941
CVE-2006-0012,0.46718,0.98435
CVE-2006-0013,0.36902,0.97803
CVE-2006-0014,0.46718,0.98435
CVE-2006-0015,0.25076,0.96739
CVE-2006-0019,0.12248,0.95092
CVE-2006-0020,0.13601,0.95552
CVE-2006-0021,0.51478,0.9865
CVE-2006-0022,0.23108,0.96524
CVE-2006-0023,0.0238,0.80705
CVE-2006-0024,0.09915,0.94265
CVE-2006-0025,0.46718,0.98435
CVE-2006-0026,0.46427,0.98305
CVE-2006-0027,0.84254,0.99602
CVE-2006-0028,0.23108,0.96524
CVE-2006-0029,0.23108,0.96524
CVE-2006-0030,0.71563,0.99154
CVE-2006-0031,0.23108,0.96524
CVE-2006-0032,0.25076,0.96739
CVE-2006-0033,0.23108,0.96524
CVE-2006-0034,0.46718,0.98435
CVE-2006-0035,0.01034,0.39824
CVE-2006-0036,0.01319,0.70416
CVE-2006-0037,0.01034,0.39824
CVE-2006-0038,0.01547,0.74085
CVE-2006-0039,0.01547,0.74085
CVE-2006-0040,0.01213,0.6557
CVE-2006-0042,0.03718,0.84354
CVE-2006-0043,0.02172,0.79379
CVE-2006-0044,0.01974,0.7812
CVE-2006-0045,0.01034,0.39824
CVE-2006-0046,0.02172,0.79917
CVE-2006-0047,0.12567,0.95329
CVE-2006-0048,0.01213,0.6557
CVE-2006-0049,0.02686,0.82061
CVE-2006-0050,0.0095,0.30554
CVE-2006-0051,0.04421,0.87629
CVE-2006-0052,0.03779,0.84781
CVE-2006-0053,0.07197,0.92068
CVE-2006-0054,0.01319,0.70416
CVE-2006-0055,0.01034,0.39824
CVE-2006-0056,0.07544,0.92484
CVE-2006-0057,0.13105,0.9547
CVE-2006-0058,0.44712,0.98253
CVE-2006-0059,0.0547,0.89492
CVE-2006-0061,0.00954,0.34522
CVE-2006-0062,0.00885,0.26162
CVE-2006-0063,0.01213,0.6557
CVE-2006-0064,0.04187,0.86773
CVE-2006-0065,0.01319,0.70416
CVE-2006-0066,0.01139,0.58345
CVE-2006-0067,0.01319,0.70416
CVE-2006-0068,0.01319,0.70416
CVE-2006-0069,0.01213,0.6557
CVE-2006-0070,0.01055,0.50287
CVE-2006-0071,0.0095,0.30554
CVE-2006-0072,0.07687,0.92751
CVE-2006-0073,0.01917,0.77071
CVE-2006-0074,0.01139,0.58345
CVE-2006-0075,0.04482,0.88223
CVE-2006-0076,0.0679,0.91793
CVE-2006-0077,0.0095,0.30554
CVE-2006-0078,0.01955,0.77585
CVE-2006-0079,0.01139,0.58345
CVE-2006-0080,0.01776,0.75902
CVE-2006-0081,0.01108,0.53389
CVE-2006-0082,0.04229,0.86856
CVE-2006-0083,0.01755,0.75287
CVE-2006-0084,0.01319,0.70416
CVE-2006-0085,0.01213,0.6557
CVE-2006-0086,0.01213,0.6557
CVE-2006-0087,0.04386,0.87542
CVE-2006-0088,0.01139,0.58345
CVE-2006-0089,0.04291,0.87022
CVE-2006-0090,0.01213,0.6557
CVE-2006-0091,0.01213,0.6557
CVE-2006-0093,0.01213,0.6557
CVE-2006-0094,0.01055,0.50287
CVE-2006-0095,0.01547,0.74085
CVE-2006-0096,0.01282,0.67298
CVE-2006-0097,0.11863,0.94956
CVE-2006-0098,0.01034,0.39824
CVE-2006-0099,0.07687,0.92751
CVE-2006-0100,0.02172,0.79279
CVE-2006-0101,0.01213,0.6557
CVE-2006-0102,0.01319,0.70416
CVE-2006-0103,0.10995,0.94626999999999994
CVE-2006-0104,0.01974,0.7812
CVE-2006-0105,0.01974,0.7812
CVE-2006-0106,0.04421,0.87629
CVE-2006-0107,0.01213,0.6557
CVE-2006-0108,0.01213,0.6557
CVE-2006-0109,0.01319,0.70416
CVE-2006-0110,0.02945,0.82784
CVE-2006-0111,0.01213,0.6557
CVE-2006-0112,0.01213,0.6557
CVE-2006-0113,0.01136,0.57949
CVE-2006-0114,0.01319,0.70416
CVE-2006-0115,0.01139,0.58345
CVE-2006-0116,0.01319,0.70416
CVE-2006-0117,0.01108,0.53389
CVE-2006-0118,0.01108,0.53389
CVE-2006-0119,0.03779,0.84781
CVE-2006-0120,0.02686,0.82061
CVE-2006-0121,0.01108,0.53389
CVE-2006-0122,0.01319,0.70416
CVE-2006-0123,0.028,0.82308
CVE-2006-0124,0.01319,0.70416
CVE-2006-0125,0.04187,0.86773
CVE-2006-0126,0.0095,0.30554
CVE-2006-0127,0.01232,0.66248
CVE-2006-0128,0.01136,0.57949
CVE-2006-0129,0.01213,0.6557
CVE-2006-0130,0.01055,0.50287
CVE-2006-0131,0.01055,0.50287
CVE-2006-0132,0.01213,0.6557
CVE-2006-0133,0.01761,0.7555
CVE-2006-0134,0.01776,0.75902
CVE-2006-0135,0.04386,0.87542
CVE-2006-0136,0.01917,0.77071
CVE-2006-0137,0.01139,0.58345
CVE-2006-0138,0.04187,0.86773
CVE-2006-0139,0.01319,0.70416
CVE-2006-0140,0.01319,0.70416
CVE-2006-0141,0.01319,0.70416
CVE-2006-0142,0.01213,0.6557
CVE-2006-0143,0.45244,0.98268
CVE-2006-0144,0.01319,0.70416
CVE-2006-0145,0.01282,0.67298
CVE-2006-0146,0.04358,0.87435
CVE-2006-0147,0.04358,0.87435
CVE-2006-0148,0.01213,0.6557
CVE-2006-0149,0.01055,0.50287
CVE-2006-0150,0.12248,0.95092
CVE-2006-0151,0.01547,0.74085
CVE-2006-0152,0.01213,0.6557
CVE-2006-0153,0.0679,0.91793
CVE-2006-0154,0.01139,0.58345
CVE-2006-0155,0.01319,0.70416
CVE-2006-0156,0.01319,0.70416
CVE-2006-0157,0.04187,0.86773
CVE-2006-0158,0.01213,0.6557
CVE-2006-0159,0.01213,0.6557
CVE-2006-0160,0.028,0.82308
CVE-2006-0161,0.01034,0.39824
CVE-2006-0162,0.08228,0.93218
CVE-2006-0163,0.02005,0.78468
CVE-2006-0164,0.0679,0.91793
CVE-2006-0165,0.01213,0.6557
CVE-2006-0166,0.01213,0.6557
CVE-2006-0167,0.04386,0.87542
CVE-2006-0168,0.01319,0.70416
CVE-2006-0169,0.01319,0.70416
CVE-2006-0171,0.07687,0.92751
CVE-2006-0172,0.01232,0.66248
CVE-2006-0173,0.05931,0.90093
CVE-2006-0174,0.05931,0.90093
CVE-2006-0175,0.01917,0.77071
CVE-2006-0176,0.01761,0.7555
CVE-2006-0177,0.01761,0.7555
CVE-2006-0178,0.0089,0.2856
CVE-2006-0179,0.10995,0.94626999999999994
CVE-2006-0180,0.01319,0.70416
CVE-2006-0181,0.01282,0.67298
CVE-2006-0182,0.01319,0.70416
CVE-2006-0183,0.01034,0.39824
CVE-2006-0184,0.01319,0.70416
CVE-2006-0185,0.04187,0.86773
CVE-2006-0187,0.40615,0.98112
CVE-2006-0188,0.03932,0.8519
CVE-2006-0189,0.15607,0.95873
CVE-2006-0190,0.01282,0.67298
CVE-2006-0191,0.01282,0.67298
CVE-2006-0192,0.01319,0.70416
CVE-2006-0193,0.01319,0.70416
CVE-2006-0194,0.02945,0.82784
CVE-2006-0195,0.03932,0.8519
CVE-2006-0196,0.0095,0.30554
CVE-2006-0197,0.00885,0.26162
CVE-2006-0198,0.01917,0.77071
CVE-2006-0199,0.028,0.82308
CVE-2006-0200,0.09915,0.94265
CVE-2006-0201,0.01319,0.70416
CVE-2006-0202,0.01034,0.39824
CVE-2006-0203,0.01974,0.7812
CVE-2006-0204,0.01408,0.72072
CVE-2006-0205,0.02172,0.79917
CVE-2006-0206,0.01974,0.7812
CVE-2006-0207,0.04358,0.87435
CVE-2006-0208,0.03932,0.8519
CVE-2006-0209,0.04386,0.87542
CVE-2006-0210,0.02945,0.82784
CVE-2006-0211,0.02945,0.82784
CVE-2006-0212,0.01974,0.7812
CVE-2006-0213,0.0095,0.30554
CVE-2006-0214,0.0679,0.91793
CVE-2006-0215,0.01055,0.50287
CVE-2006-0216,0.01136,0.57949
CVE-2006-0217,0.03129,0.8316
CVE-2006-0218,0.00885,0.26162
CVE-2006-0219,0.01018,0.38792
CVE-2006-0220,0.01136,0.57949
CVE-2006-0221,0.01213,0.6557
CVE-2006-0222,0.01917,0.77071
CVE-2006-0223,0.01108,0.53389
CVE-2006-0224,0.02172,0.79379
CVE-2006-0225,0.01547,0.74085
CVE-2006-0226,0.1127,0.94787
CVE-2006-0227,0.01282,0.67298
CVE-2006-0228,0.0095,0.30554
CVE-2006-0229,0.0095,0.30554
CVE-2006-0230,0.10995,0.94626999999999994
CVE-2006-0231,0.01974,0.7812
CVE-2006-0232,0.02172,0.79917
CVE-2006-0233,0.01213,0.6557
CVE-2006-0234,0.028,0.82308
CVE-2006-0235,0.01139,0.58345
CVE-2006-0236,0.03425,0.8393
CVE-2006-0237,0.01917,0.77071
CVE-2006-0238,0.01408,0.72072
CVE-2006-0239,0.01319,0.70416
CVE-2006-0240,0.01139,0.58345
CVE-2006-0241,0.01213,0.6557
CVE-2006-0242,0.01136,0.57949
CVE-2006-0243,0.01213,0.6557
CVE-2006-0244,0.07197,0.92068
CVE-2006-0245,0.01319,0.70416
CVE-2006-0246,0.01319,0.70416
CVE-2006-0247,0.01319,0.70416
CVE-2006-0248,0.01213,0.6557
CVE-2006-0249,0.028,0.82308
CVE-2006-0250,0.07777,0.92953
CVE-2006-0251,0.02945,0.82784
CVE-2006-0252,0.01408,0.72072
CVE-2006-0253,0.07525,0.92398
CVE-2006-0254,0.17051,0.95999
CVE-2006-0255,0.0095,0.30554
CVE-2006-0256,0.01183,0.60428
CVE-2006-0257,0.01537,0.73595
CVE-2006-0258,0.01537,0.73595
CVE-2006-0259,0.01537,0.73595
CVE-2006-0260,0.01537,0.73595
CVE-2006-0261,0.01537,0.73595
CVE-2006-0262,0.01537,0.73595
CVE-2006-0263,0.02686,0.82061
CVE-2006-0265,0.02686,0.82061
CVE-2006-0266,0.01282,0.67298
CVE-2006-0267,0.01282,0.67298
CVE-2006-0268,0.01282,0.67298
CVE-2006-0269,0.01282,0.67298
CVE-2006-0270,0.01537,0.73595
CVE-2006-0271,0.01537,0.73595
CVE-2006-0272,0.01547,0.74085
CVE-2006-0273,0.01537,0.73595
CVE-2006-0274,0.01537,0.73595
CVE-2006-0275,0.01537,0.73595
CVE-2006-0276,0.01537,0.73595
CVE-2006-0277,0.01537,0.73595
CVE-2006-0278,0.01537,0.73595
CVE-2006-0279,0.01537,0.73595
CVE-2006-0280,0.01537,0.73595
CVE-2006-0281,0.01537,0.73595
CVE-2006-0282,0.01537,0.73595
CVE-2006-0283,0.01537,0.73595
CVE-2006-0284,0.01537,0.73595
CVE-2006-0285,0.01537,0.73595
CVE-2006-0286,0.01537,0.73595
CVE-2006-0287,0.15683,0.95879
CVE-2006-0288,0.01537,0.73595
CVE-2006-0289,0.02686,0.82061
CVE-2006-0290,0.01537,0.73595
CVE-2006-0291,0.01537,0.73595
CVE-2006-0292,0.08228,0.93218
CVE-2006-0293,0.04229,0.86856
CVE-2006-0294,0.1127,0.94787
CVE-2006-0295,0.82413,0.99543
CVE-2006-0296,0.04358,0.87435
CVE-2006-0297,0.09915,0.94265
CVE-2006-0298,0.01955,0.77585
CVE-2006-0299,0.02686,0.82061
CVE-2006-0300,0.04229,0.86856
CVE-2006-0301,0.04229,0.86856
CVE-2006-0302,0.01213,0.6557
CVE-2006-0303,0.00885,0.26162
CVE-2006-0304,0.12822,0.95405
CVE-2006-0305,0.01213,0.6557
CVE-2006-0306,0.10995,0.94626999999999994
CVE-2006-0307,0.01408,0.72072
CVE-2006-0308,0.04187,0.86773
CVE-2006-0309,0.01315,0.67456
CVE-2006-0310,0.03129,0.8316
CVE-2006-0311,0.028,0.82308
CVE-2006-0312,0.0679,0.91793
CVE-2006-0313,0.03779,0.84781
CVE-2006-0314,0.01055,0.50287
CVE-2006-0315,0.03129,0.8316
CVE-2006-0316,0.1127,0.94787
CVE-2006-0317,0.01917,0.77071
CVE-2006-0318,0.01139,0.58345
CVE-2006-0319,0.0679,0.91793
CVE-2006-0320,0.01139,0.58345
CVE-2006-0321,0.03779,0.84781
CVE-2006-0322,0.01108,0.53389
CVE-2006-0323,0.28823,0.97188
CVE-2006-0324,0.04386,0.87542
CVE-2006-0325,0.02172,0.79917
CVE-2006-0327,0.02172,0.79917
CVE-2006-0328,0.10995,0.94626999999999994
CVE-2006-0329,0.01319,0.70416
CVE-2006-0330,0.01955,0.77585
CVE-2006-0331,0.01899,0.76481
CVE-2006-0332,0.01319,0.70416
CVE-2006-0333,0.01136,0.57949
CVE-2006-0334,0.01319,0.70416
CVE-2006-0335,0.01319,0.70416
CVE-2006-0336,0.01108,0.53389
CVE-2006-0337,0.1127,0.94787
CVE-2006-0338,0.02172,0.79917
CVE-2006-0339,0.1127,0.94787
CVE-2006-0340,0.01408,0.72072
CVE-2006-0341,0.02945,0.82784
CVE-2006-0342,0.01319,0.70416
CVE-2006-0343,0.01108,0.53389
CVE-2006-0344,0.01319,0.70416
CVE-2006-0345,0.01139,0.58345
CVE-2006-0346,0.01319,0.70416
CVE-2006-0347,0.01408,0.72072
CVE-2006-0348,0.01408,0.72072
CVE-2006-0349,0.01139,0.58345
CVE-2006-0350,0.02945,0.82784
CVE-2006-0351,0.01537,0.73595
CVE-2006-0352,0.01213,0.6557
CVE-2006-0353,0.01104,0.52279
CVE-2006-0354,0.09659,0.94
CVE-2006-0355,0.04482,0.88223
CVE-2006-0356,0.01136,0.57949
CVE-2006-0357,0.04187,0.86773
CVE-2006-0358,0.01139,0.58345
CVE-2006-0359,0.07197,0.92068
CVE-2006-0360,0.01213,0.6557
CVE-2006-0361,0.03129,0.8316
CVE-2006-0362,0.01319,0.70416
CVE-2006-0363,0.01385,0.71104
CVE-2006-0364,0.01319,0.70416
CVE-2006-0365,0.01213,0.6557
CVE-2006-0366,0.01917,0.77071
CVE-2006-0367,0.01232,0.66248
CVE-2006-0368,0.01974,0.7812
CVE-2006-0369,0.01034,0.39824
CVE-2006-0370,0.01319,0.70416
CVE-2006-0371,0.02172,0.79917
CVE-2006-0372,0.01139,0.58345
CVE-2006-0373,0.01055,0.50287
CVE-2006-0374,0.01213,0.6557
CVE-2006-0375,0.01213,0.6557
CVE-2006-0376,0.16864,0.95983
CVE-2006-0377,0.04358,0.87435
CVE-2006-0378,0.01319,0.70416
CVE-2006-0379,0.01034,0.39824
CVE-2006-0380,0.01034,0.39824
CVE-2006-0381,0.01408,0.72072
CVE-2006-0382,0.01034,0.39824
CVE-2006-0383,0.01408,0.72072
CVE-2006-0384,0.04445,0.87708
CVE-2006-0386,0.01104,0.52279
CVE-2006-0387,0.10439,0.94383
CVE-2006-0388,0.01408,0.72072
CVE-2006-0389,0.01408,0.72072
CVE-2006-0391,0.01282,0.67298
CVE-2006-0392,0.0196,0.77594
CVE-2006-0393,0.01408,0.72072
CVE-2006-0395,0.11458,0.94833
CVE-2006-0396,0.40514,0.9805
CVE-2006-0397,0.01108,0.53389
CVE-2006-0398,0.01108,0.53389
CVE-2006-0399,0.01108,0.53389
CVE-2006-0400,0.01408,0.72072
CVE-2006-0401,0.01108,0.53389
CVE-2006-0402,0.01408,0.72072
CVE-2006-0403,0.02172,0.79917
CVE-2006-0404,0.01408,0.72072
CVE-2006-0405,0.01408,0.72072
CVE-2006-0406,0.01213,0.6557
CVE-2006-0407,0.04894,0.88891
CVE-2006-0408,0.01755,0.75287
CVE-2006-0409,0.02945,0.82784
CVE-2006-0410,0.03779,0.84781
CVE-2006-0411,0.01213,0.6557
CVE-2006-0412,0.01136,0.57949
CVE-2006-0413,0.01139,0.58345
CVE-2006-0414,0.01974,0.7812
CVE-2006-0415,0.01917,0.77071
CVE-2006-0416,0.01055,0.50287
CVE-2006-0417,0.028,0.82308
CVE-2006-0418,0.04404,0.87551
CVE-2006-0419,0.01055,0.50287
CVE-2006-0420,0.01055,0.50287
CVE-2006-0421,0.01034,0.39824
CVE-2006-0422,0.01319,0.70416
CVE-2006-0423,0.01537,0.73595
CVE-2006-0424,0.01232,0.66248
CVE-2006-0425,0.01319,0.70416
CVE-2006-0426,0.01108,0.53389
CVE-2006-0427,0.01034,0.39824
CVE-2006-0428,0.01319,0.70416
CVE-2006-0429,0.01034,0.39824
CVE-2006-0430,0.01319,0.70416
CVE-2006-0431,0.01034,0.39824
CVE-2006-0432,0.01034,0.39824
CVE-2006-0433,0.01408,0.72072
CVE-2006-0434,0.01136,0.57949
CVE-2006-0435,0.02686,0.82061
CVE-2006-0436,0.01282,0.67298
CVE-2006-0437,0.01319,0.70416
CVE-2006-0438,0.01319,0.70416
CVE-2006-0439,0.01319,0.70416
CVE-2006-0440,0.00954,0.34522
CVE-2006-0441,0.40588,0.98099
CVE-2006-0442,0.02945,0.82784
CVE-2006-0443,0.03129,0.8316
CVE-2006-0444,0.028,0.82308
CVE-2006-0445,0.01132,0.54372
CVE-2006-0446,0.01132,0.54372
CVE-2006-0447,0.1127,0.94787
CVE-2006-0448,0.01319,0.70416
CVE-2006-0449,0.01319,0.70416
CVE-2006-0450,0.01213,0.6557
CVE-2006-0451,0.01213,0.6557
CVE-2006-0452,0.01213,0.6557
CVE-2006-0453,0.01213,0.6557
CVE-2006-0454,0.03779,0.84781
CVE-2006-0455,0.04669,0.88544
CVE-2006-0456,0.01547,0.74085
CVE-2006-0457,0.02686,0.82061
CVE-2006-0458,0.01213,0.6557
CVE-2006-0459,0.04421,0.87629
CVE-2006-0460,0.86663,0.99705
CVE-2006-0461,0.02945,0.82784
CVE-2006-0462,0.028,0.82308
CVE-2006-0463,0.01136,0.57949
CVE-2006-0464,0.01055,0.50287
CVE-2006-0465,0.01055,0.50287
CVE-2006-0466,0.01136,0.57949
CVE-2006-0467,0.01319,0.70416
CVE-2006-0468,0.12822,0.95405
CVE-2006-0469,0.02945,0.82784
CVE-2006-0470,0.04894,0.88891
CVE-2006-0471,0.01776,0.75902
CVE-2006-0472,0.01776,0.75902
CVE-2006-0473,0.04894,0.88891
CVE-2006-0474,0.1127,0.94787
CVE-2006-0475,0.01213,0.6557
CVE-2006-0476,0.77907,0.99394
CVE-2006-0477,0.06523,0.90962
CVE-2006-0478,0.0679,0.91793
CVE-2006-0479,0.04894,0.88891
CVE-2006-0480,0.02945,0.82784
CVE-2006-0481,0.02686,0.82061
CVE-2006-0482,0.01104,0.52279
CVE-2006-0483,0.01408,0.72072
CVE-2006-0484,0.01319,0.70416
CVE-2006-0485,0.01104,0.52279
CVE-2006-0486,0.01034,0.39824
CVE-2006-0487,0.01055,0.50287
CVE-2006-0488,0.01378,0.70916
CVE-2006-0489,0.01755,0.75287
CVE-2006-0490,0.01408,0.72072
CVE-2006-0491,0.04386,0.87542
CVE-2006-0492,0.02172,0.79917
CVE-2006-0493,0.01213,0.6557
CVE-2006-0494,0.00885,0.26162
CVE-2006-0495,0.01136,0.57949
CVE-2006-0496,0.04894,0.88891
CVE-2006-0497,0.01319,0.70416
CVE-2006-0498,0.01213,0.6557
CVE-2006-0499,0.01213,0.6557
CVE-2006-0500,0.01055,0.50287
CVE-2006-0501,0.01213,0.6557
CVE-2006-0502,0.10995,0.94626999999999994
CVE-2006-0503,0.01319,0.70416
CVE-2006-0504,0.01136,0.57949
CVE-2006-0505,0.01055,0.50287
CVE-2006-0506,0.01319,0.70416
CVE-2006-0507,0.01319,0.70416
CVE-2006-0508,0.01213,0.6557
CVE-2006-0509,0.02945,0.82784
CVE-2006-0510,0.01139,0.58345
CVE-2006-0511,0.0095,0.30554
CVE-2006-0512,0.0095,0.30554
CVE-2006-0513,0.10995,0.94626999999999994
CVE-2006-0515,0.12567,0.95329
CVE-2006-0516,0.01104,0.52279
CVE-2006-0517,0.03779,0.84781
CVE-2006-0518,0.02945,0.82784
CVE-2006-0519,0.01213,0.6557
CVE-2006-0520,0.00986,0.35784
CVE-2006-0521,0.01319,0.70416
CVE-2006-0522,0.01139,0.58345
CVE-2006-0523,0.01213,0.6557
CVE-2006-0524,0.02945,0.82784
CVE-2006-0525,0.01282,0.67298
CVE-2006-0526,0.0095,0.30554
CVE-2006-0527,0.12778,0.95378
CVE-2006-0528,0.0679,0.91793
CVE-2006-0529,0.01974,0.7812
CVE-2006-0530,0.01408,0.72072
CVE-2006-0531,0.01104,0.52279
CVE-2006-0532,0.02945,0.82784
CVE-2006-0533,0.01213,0.6557
CVE-2006-0534,0.01917,0.77071
CVE-2006-0535,0.01055,0.50287
CVE-2006-0536,0.01213,0.6557
CVE-2006-0537,0.40588,0.98099
CVE-2006-0538,0.01213,0.6557
CVE-2006-0539,0.0322,0.83442
CVE-2006-0540,0.01213,0.6557
CVE-2006-0541,0.01213,0.6557
CVE-2006-0542,0.01319,0.70416
CVE-2006-0543,0.01055,0.50287
CVE-2006-0544,0.20612,0.96292
CVE-2006-0545,0.01139,0.58345
CVE-2006-0546,0.03696,0.84331
CVE-2006-0547,0.01408,0.72072
CVE-2006-0548,0.01319,0.70416
CVE-2006-0549,0.01139,0.58345
CVE-2006-0550,0.05139,0.89128
CVE-2006-0551,0.01319,0.70416
CVE-2006-0552,0.01537,0.73595
CVE-2006-0553,0.01282,0.67298
CVE-2006-0554,0.01547,0.74085
CVE-2006-0555,0.01547,0.74085
CVE-2006-0557,0.01547,0.74085
CVE-2006-0558,0.01282,0.67298
CVE-2006-0559,0.08263,0.93269
CVE-2006-0561,0.01282,0.67298
CVE-2006-0562,0.01408,0.72072
CVE-2006-0563,0.01974,0.7812
CVE-2006-0564,0.73368,0.99237
CVE-2006-0565,0.10995,0.94626999999999994
CVE-2006-0566,0.01974,0.7812
CVE-2006-0567,0.01136,0.57949
CVE-2006-0568,0.01408,0.72072
CVE-2006-0569,0.01213,0.6557
CVE-2006-0570,0.01319,0.70416
CVE-2006-0571,0.01319,0.70416
CVE-2006-0572,0.01213,0.6557
CVE-2006-0573,0.01776,0.75902
CVE-2006-0574,0.01319,0.70416
CVE-2006-0575,0.01319,0.70416
CVE-2006-0576,0.0095,0.30554
CVE-2006-0577,0.0095,0.30554
CVE-2006-0578,0.01319,0.70416
CVE-2006-0579,0.07777,0.92953
CVE-2006-0580,0.01319,0.70416
CVE-2006-0581,0.01232,0.66248
CVE-2006-0582,0.01547,0.74085
CVE-2006-0583,0.01139,0.58345
CVE-2006-0584,0.0089,0.2856
CVE-2006-0585,0.13525,0.9555
CVE-2006-0586,0.04386,0.87542
CVE-2006-0587,0.01815,0.76117
CVE-2006-0588,0.01213,0.6557
CVE-2006-0589,0.01136,0.57949
CVE-2006-0590,0.01136,0.57949
CVE-2006-0591,0.01547,0.74085
CVE-2006-0592,0.06523,0.90962
CVE-2006-0593,0.01408,0.72072
CVE-2006-0597,0.03073,0.82961
CVE-2006-0598,0.03214,0.83353
CVE-2006-0599,0.01319,0.70416
CVE-2006-0600,0.01319,0.70416
CVE-2006-0602,0.01319,0.70416
CVE-2006-0603,0.01319,0.70416
CVE-2006-0604,0.01319,0.70416
CVE-2006-0605,0.01319,0.70416
CVE-2006-0606,0.01213,0.6557
CVE-2006-0607,0.01319,0.70416
CVE-2006-0608,0.01408,0.72072
CVE-2006-0609,0.01319,0.70416
CVE-2006-0610,0.02172,0.79917
CVE-2006-0611,0.01319,0.70416
CVE-2006-0612,0.0095,0.30554
CVE-2006-0613,0.01776,0.75902
CVE-2006-0614,0.02172,0.79917
CVE-2006-0615,0.01955,0.77585
CVE-2006-0616,0.01955,0.77585
CVE-2006-0617,0.01955,0.77585
CVE-2006-0618,0.01755,0.75287
CVE-2006-0619,0.02172,0.79379
CVE-2006-0620,0.0214,0.7918
CVE-2006-0621,0.02172,0.79379
CVE-2006-0622,0.01034,0.39824
CVE-2006-0623,0.0214,0.7918
CVE-2006-0624,0.01139,0.58345
CVE-2006-0625,0.15607,0.95873
CVE-2006-0626,0.01139,0.58345
CVE-2006-0627,0.01319,0.70416
CVE-2006-0628,0.10995,0.94626999999999994
CVE-2006-0629,0.04146,0.85406
CVE-2006-0630,0.01319,0.70416
CVE-2006-0631,0.01319,0.70416
CVE-2006-0632,0.01319,0.70416
CVE-2006-0633,0.01055,0.50287
CVE-2006-0634,0.0095,0.30554
CVE-2006-0635,0.00885,0.26162
CVE-2006-0636,0.01408,0.72072
CVE-2006-0637,0.03696,0.84331
CVE-2006-0638,0.01232,0.66248
CVE-2006-0639,0.01213,0.6557
CVE-2006-0640,0.00885,0.26162
CVE-2006-0641,0.00885,0.26162
CVE-2006-0642,0.01974,0.7812
CVE-2006-0643,0.01319,0.70416
CVE-2006-0644,0.10995,0.94626999999999994
CVE-2006-0645,0.04421,0.87629
CVE-2006-0646,0.01592,0.74578
CVE-2006-0647,0.07197,0.92068
CVE-2006-0648,0.01408,0.72072
CVE-2006-0649,0.01213,0.6557
CVE-2006-0650,0.03129,0.8316
CVE-2006-0651,0.00986,0.35784
CVE-2006-0652,0.01132,0.54372
CVE-2006-0653,0.01213,0.6557
CVE-2006-0654,0.01213,0.6557
CVE-2006-0655,0.01213,0.6557
CVE-2006-0656,0.01319,0.70416
CVE-2006-0657,0.01315,0.67456
CVE-2006-0658,0.04482,0.88223
CVE-2006-0659,0.06309,0.90494
CVE-2006-0660,0.12567,0.95329
CVE-2006-0661,0.01319,0.70416
CVE-2006-0662,0.01408,0.72072
CVE-2006-0663,0.05649,0.89807
CVE-2006-0664,0.01213,0.6557
CVE-2006-0665,0.01018,0.38792
CVE-2006-0666,0.01034,0.39824
CVE-2006-0667,0.0095,0.30554
CVE-2006-0668,0.01136,0.57949
CVE-2006-0669,0.00986,0.35784
CVE-2006-0670,0.03779,0.84781
CVE-2006-0671,0.0679,0.91793
CVE-2006-0672,0.01018,0.38792
CVE-2006-0673,0.04386,0.87542
CVE-2006-0674,0.01034,0.39824
CVE-2006-0675,0.02945,0.82784
CVE-2006-0676,0.02945,0.82784
CVE-2006-0677,0.03779,0.84781
CVE-2006-0678,0.01282,0.67298
CVE-2006-0679,0.01974,0.7812
CVE-2006-0680,0.01213,0.6557
CVE-2006-0681,0.07687,0.92751
CVE-2006-0682,0.01213,0.6557
CVE-2006-0683,0.01319,0.70416
CVE-2006-0684,0.0679,0.91793
CVE-2006-0685,0.0679,0.91793
CVE-2006-0686,0.01319,0.70416
CVE-2006-0687,0.0679,0.91793
CVE-2006-0688,0.01974,0.7812
CVE-2006-0689,0.01319,0.70416
CVE-2006-0690,0.01319,0.70416
CVE-2006-0691,0.0679,0.91793
CVE-2006-0692,0.01319,0.70416
CVE-2006-0693,0.01319,0.70416
CVE-2006-0694,0.01213,0.6557
CVE-2006-0695,0.06523,0.90962
CVE-2006-0696,0.01213,0.6557
CVE-2006-0697,0.01136,0.57949
CVE-2006-0698,0.01213,0.6557
CVE-2006-0699,0.01917,0.77071
CVE-2006-0700,0.04482,0.88223
CVE-2006-0701,0.04482,0.88223
CVE-2006-0702,0.04482,0.88223
CVE-2006-0703,0.03129,0.8316
CVE-2006-0704,0.01213,0.6557
CVE-2006-0705,0.02186,0.8012
CVE-2006-0706,0.0679,0.91793
CVE-2006-0707,0.01213,0.6557
CVE-2006-0708,0.09915,0.94265
CVE-2006-0709,0.08228,0.93218
CVE-2006-0710,0.07687,0.92751
CVE-2006-0711,0.01319,0.70416
CVE-2006-0712,0.01213,0.6557
CVE-2006-0713,0.0679,0.91793
CVE-2006-0714,0.0679,0.91793
CVE-2006-0715,0.01917,0.77071
CVE-2006-0716,0.01213,0.6557
CVE-2006-0717,0.0679,0.91793
CVE-2006-0718,0.01213,0.6557
CVE-2006-0719,0.01139,0.58345
CVE-2006-0720,0.03776,0.84415
CVE-2006-0721,0.028,0.82308
CVE-2006-0722,0.01319,0.70416
CVE-2006-0723,0.01319,0.70416
CVE-2006-0724,0.01213,0.6557
CVE-2006-0725,0.01408,0.72072
CVE-2006-0726,0.01776,0.75902
CVE-2006-0727,0.01408,0.72072
CVE-2006-0728,0.00986,0.35784
CVE-2006-0729,0.01408,0.72072
CVE-2006-0730,0.01213,0.6557
CVE-2006-0731,0.07197,0.92068
CVE-2006-0732,0.02172,0.79917
CVE-2006-0733,0.01917,0.77071
CVE-2006-0734,0.01061,0.51015
CVE-2006-0735,0.05649,0.89807
CVE-2006-0736,0.07732,0.92768
CVE-2006-0737,0.04482,0.88223
CVE-2006-0738,0.04482,0.88223
CVE-2006-0739,0.01213,0.6557
CVE-2006-0741,0.01547,0.74085
CVE-2006-0742,0.01547,0.74085
CVE-2006-0743,0.0221,0.80318
CVE-2006-0744,0.01547,0.74085
CVE-2006-0745,0.06815,0.91795
CVE-2006-0746,0.02686,0.82061
CVE-2006-0747,0.12567,0.95329
CVE-2006-0748,0.09915,0.94265
CVE-2006-0749,0.06604,0.91138
CVE-2006-0750,0.01139,0.58345
CVE-2006-0751,0.01018,0.38792
CVE-2006-0752,0.01319,0.70416
CVE-2006-0753,0.11676,0.94929
CVE-2006-0754,0.01319,0.70416
CVE-2006-0755,0.12567,0.95329
CVE-2006-0756,0.01974,0.7812
CVE-2006-0757,0.0679,0.91793
CVE-2006-0758,0.02945,0.82784
CVE-2006-0759,0.01408,0.72072
CVE-2006-0760,0.01319,0.70416
CVE-2006-0761,0.06309,0.90494
CVE-2006-0762,0.0089,0.2856
CVE-2006-0763,0.01136,0.57949
CVE-2006-0764,0.01974,0.7812
CVE-2006-0765,0.01055,0.50287
CVE-2006-0766,0.01055,0.50287
CVE-2006-0767,0.01319,0.70416
CVE-2006-0768,0.01319,0.70416
CVE-2006-0769,0.01104,0.52279
CVE-2006-0770,0.01213,0.6557
CVE-2006-0771,0.05139,0.89128
CVE-2006-0772,0.01319,0.70416
CVE-2006-0773,0.01213,0.6557
CVE-2006-0774,0.028,0.82308
CVE-2006-0775,0.028,0.82308
CVE-2006-0776,0.01776,0.75902
CVE-2006-0777,0.01408,0.72072
CVE-2006-0778,0.02172,0.79917
CVE-2006-0779,0.01408,0.72072
CVE-2006-0780,0.01319,0.70416
CVE-2006-0781,0.01319,0.70416
CVE-2006-0782,0.07777,0.92953
CVE-2006-0783,0.02945,0.82784
CVE-2006-0784,0.0679,0.91793
CVE-2006-0785,0.01136,0.57949
CVE-2006-0786,0.04187,0.86773
CVE-2006-0787,0.04187,0.86773
CVE-2006-0788,0.01319,0.70416
CVE-2006-0789,0.01319,0.70416
CVE-2006-0790,0.01213,0.6557
CVE-2006-0791,0.12567,0.95329
CVE-2006-0792,0.01917,0.77071
CVE-2006-0793,0.01213,0.6557
CVE-2006-0794,0.01213,0.6557
CVE-2006-0795,0.07777,0.92953
CVE-2006-0796,0.01213,0.6557
CVE-2006-0797,0.0679,0.91793
CVE-2006-0798,0.01315,0.67456
CVE-2006-0799,0.13105,0.9547
CVE-2006-0800,0.02945,0.82784
CVE-2006-0801,0.01139,0.58345
CVE-2006-0802,0.01319,0.70416
CVE-2006-0803,0.00954,0.34522
CVE-2006-0804,0.03214,0.83353
CVE-2006-0805,0.04482,0.88223
CVE-2006-0806,0.21871,0.96424
CVE-2006-0807,0.04421,0.87629
CVE-2006-0808,0.01213,0.6557
CVE-2006-0809,0.02172,0.79917
CVE-2006-0810,0.01232,0.66248
CVE-2006-0811,0.01319,0.70416
CVE-2006-0812,0.01034,0.39824
CVE-2006-0813,0.04421,0.87629
CVE-2006-0814,0.02172,0.79917
CVE-2006-0815,0.01319,0.70416
CVE-2006-0816,0.01974,0.7812
CVE-2006-0817,0.03779,0.84781
CVE-2006-0818,0.01815,0.76117
CVE-2006-0819,0.01974,0.7812
CVE-2006-0820,0.01408,0.72072
CVE-2006-0821,0.00986,0.35784
CVE-2006-0822,0.01213,0.6557
CVE-2006-0823,0.028,0.82308
CVE-2006-0824,0.07777,0.92953
CVE-2006-0825,0.01319,0.70416
CVE-2006-0826,0.01319,0.70416
CVE-2006-0827,0.01213,0.6557
CVE-2006-0828,0.01213,0.6557
CVE-2006-0829,0.01974,0.7812
CVE-2006-0830,0.19996,0.96224
CVE-2006-0831,0.01055,0.50287
CVE-2006-0832,0.00986,0.35784
CVE-2006-0833,0.01213,0.6557
CVE-2006-0834,0.01055,0.50287
CVE-2006-0835,0.01139,0.58345
CVE-2006-0836,0.04482,0.88223
CVE-2006-0837,0.01282,0.67298
CVE-2006-0838,0.01282,0.67298
CVE-2006-0839,0.01213,0.6557
CVE-2006-0840,0.01319,0.70416
CVE-2006-0841,0.04894,0.88891
CVE-2006-0842,0.01213,0.6557
CVE-2006-0843,0.01213,0.6557
CVE-2006-0844,0.01213,0.6557
CVE-2006-0845,0.01132,0.54372
CVE-2006-0846,0.01213,0.6557
CVE-2006-0847,0.01974,0.7812
CVE-2006-0848,0.80681,0.99493
CVE-2006-0850,0.01213,0.6557
CVE-2006-0851,0.01139,0.58345
CVE-2006-0852,0.04482,0.88223
CVE-2006-0853,0.04724,0.88696
CVE-2006-0854,0.01319,0.70416
CVE-2006-0855,0.04421,0.87629
CVE-2006-0856,0.01319,0.70416
CVE-2006-0857,0.01917,0.77071
CVE-2006-0858,0.0089,0.2856
CVE-2006-0859,0.01319,0.70416
CVE-2006-0860,0.01319,0.70416
CVE-2006-0861,0.01319,0.70416
CVE-2006-0862,0.01319,0.70416
CVE-2006-0863,0.01408,0.72072
CVE-2006-0864,0.01319,0.70416
CVE-2006-0865,0.01136,0.57949
CVE-2006-0866,0.01136,0.57949
CVE-2006-0867,0.01055,0.50287
CVE-2006-0868,0.02172,0.79917
CVE-2006-0869,0.10995,0.94626999999999994
CVE-2006-0870,0.04386,0.87542
CVE-2006-0871,0.01319,0.70416
CVE-2006-0872,0.01974,0.7812
CVE-2006-0873,0.01408,0.72072
CVE-2006-0874,0.01018,0.38792
CVE-2006-0875,0.07197,0.92068
CVE-2006-0876,0.01319,0.70416
CVE-2006-0877,0.07197,0.92068
CVE-2006-0878,0.01213,0.6557
CVE-2006-0879,0.01139,0.58345
CVE-2006-0880,0.02945,0.82784
CVE-2006-0881,0.0679,0.91793
CVE-2006-0882,0.0679,0.91793
CVE-2006-0883,0.01408,0.72072
CVE-2006-0884,0.15272,0.95729
CVE-2006-0885,0.02945,0.82784
CVE-2006-0886,0.01213,0.6557
CVE-2006-0887,0.01408,0.72072
CVE-2006-0888,0.04187,0.86773
CVE-2006-0889,0.01213,0.6557
CVE-2006-0890,0.01319,0.70416
CVE-2006-0891,0.10995,0.94626999999999994
CVE-2006-0892,0.07777,0.92953
CVE-2006-0893,0.01319,0.70416
CVE-2006-0894,0.04894,0.88891
CVE-2006-0895,0.01319,0.70416
CVE-2006-0896,0.01955,0.77585
CVE-2006-0897,0.01319,0.70416
CVE-2006-0898,0.02686,0.82061
CVE-2006-0899,0.10995,0.94626999999999994
CVE-2006-0900,0.80322,0.99489
CVE-2006-0901,0.01755,0.75287
CVE-2006-0903,0.03156,0.83166
CVE-2006-0905,0.01319,0.70416
CVE-2006-0906,0.01139,0.58345
CVE-2006-0907,0.01055,0.50287
CVE-2006-0908,0.01136,0.57949
CVE-2006-0909,0.01213,0.6557
CVE-2006-0910,0.01213,0.6557
CVE-2006-0911,0.0679,0.91793
CVE-2006-0912,0.01213,0.6557
CVE-2006-0913,0.01232,0.66248
CVE-2006-0914,0.01132,0.54372
CVE-2006-0915,0.01055,0.50287
CVE-2006-0916,0.01108,0.53389
CVE-2006-0917,0.01034,0.39824
CVE-2006-0918,0.07777,0.92953
CVE-2006-0919,0.01213,0.6557
CVE-2006-0920,0.02525,0.81073
CVE-2006-0921,0.01213,0.6557
CVE-2006-0922,0.10995,0.94626999999999994
CVE-2006-0923,0.03129,0.8316
CVE-2006-0924,0.01213,0.6557
CVE-2006-0925,0.04482,0.88223
CVE-2006-0926,0.01319,0.70416
CVE-2006-0927,0.02945,0.82784
CVE-2006-0928,0.01213,0.6557
CVE-2006-0929,0.01132,0.54372
CVE-2006-0930,0.01132,0.54372
CVE-2006-0931,0.01408,0.72072
CVE-2006-0932,0.01213,0.6557
CVE-2006-0933,0.01917,0.77071
CVE-2006-0934,0.01319,0.70416
CVE-2006-0935,0.09772,0.94058
CVE-2006-0936,0.04187,0.86773
CVE-2006-0937,0.01136,0.57949
CVE-2006-0938,0.01213,0.6557
CVE-2006-0939,0.00986,0.35784
CVE-2006-0940,0.07197,0.92068
CVE-2006-0941,0.01408,0.72072
CVE-2006-0942,0.00986,0.35784
CVE-2006-0943,0.01319,0.70416
CVE-2006-0944,0.0679,0.91793
CVE-2006-0945,0.01132,0.54372
CVE-2006-0946,0.02945,0.82784
CVE-2006-0947,0.04482,0.88223
CVE-2006-0948,0.01282,0.67298
CVE-2006-0949,0.01319,0.70416
CVE-2006-0950,0.01537,0.73595
CVE-2006-0951,0.01592,0.74578
CVE-2006-0956,0.01132,0.54372
CVE-2006-0957,0.01319,0.70416
CVE-2006-0958,0.01319,0.70416
CVE-2006-0959,0.04386,0.87542
CVE-2006-0960,0.01319,0.70416
CVE-2006-0961,0.04386,0.87542
CVE-2006-0962,0.00986,0.35784
CVE-2006-0963,0.01592,0.74578
CVE-2006-0964,0.01592,0.74578
CVE-2006-0965,0.0095,0.30554
CVE-2006-0966,0.0095,0.30554
CVE-2006-0967,0.0095,0.30554
CVE-2006-0968,0.01755,0.75287
CVE-2006-0969,0.01055,0.50287
CVE-2006-0970,0.01213,0.6557
CVE-2006-0971,0.12567,0.95329
CVE-2006-0972,0.00986,0.35784
CVE-2006-0973,0.01139,0.58345
CVE-2006-0974,0.02945,0.82784
CVE-2006-0976,0.0679,0.91793
CVE-2006-0977,0.01213,0.6557
CVE-2006-0978,0.01408,0.72072
CVE-2006-0979,0.01018,0.38792
CVE-2006-0980,0.01213,0.6557
CVE-2006-0981,0.01319,0.70416
CVE-2006-0982,0.01055,0.50287
CVE-2006-0983,0.02945,0.82784
CVE-2006-0984,0.02945,0.82784
CVE-2006-0985,0.01319,0.70416
CVE-2006-0986,0.01319,0.70416
CVE-2006-0987,0.01934,0.77134
CVE-2006-0988,0.11676,0.94929
CVE-2006-0989,0.03481,0.84053
CVE-2006-0990,0.03481,0.84053
CVE-2006-0991,0.08336,0.93297
CVE-2006-0992,0.81066,0.99505
CVE-2006-0993,0.02172,0.79917
CVE-2006-0994,0.1127,0.94787
CVE-2006-0995,0.01319,0.70416
CVE-2006-0996,0.40738,0.98115
CVE-2006-0997,0.01319,0.70416
CVE-2006-0998,0.01974,0.7812
CVE-2006-0999,0.01974,0.7812
CVE-2006-1000,0.04386,0.87542
CVE-2006-1001,0.01139,0.58345
CVE-2006-1002,0.01319,0.70416
CVE-2006-1003,0.01136,0.57949
CVE-2006-1004,0.01213,0.6557
CVE-2006-1005,0.01055,0.50287
CVE-2006-1006,0.01213,0.6557
CVE-2006-1007,0.01139,0.58345
CVE-2006-1008,0.028,0.82308
CVE-2006-1009,0.0095,0.30554
CVE-2006-1010,0.35205,0.97726
CVE-2006-1011,0.0095,0.30554
CVE-2006-1012,0.01213,0.6557
CVE-2006-1013,0.04187,0.86773
CVE-2006-1014,0.02808,0.82317
CVE-2006-1015,0.04482,0.88223
CVE-2006-1016,0.86472,0.99699
CVE-2006-1017,0.02172,0.79917
CVE-2006-1018,0.00986,0.35784
CVE-2006-1019,0.01055,0.50287
CVE-2006-1020,0.01319,0.70416
CVE-2006-1021,0.01917,0.77071
CVE-2006-1022,0.07197,0.92068
CVE-2006-1023,0.01319,0.70416
CVE-2006-1024,0.01213,0.6557
CVE-2006-1025,0.01213,0.6557
CVE-2006-1026,0.01213,0.6557
CVE-2006-1027,0.01213,0.6557
CVE-2006-1028,0.01213,0.6557
CVE-2006-1029,0.01136,0.57949
CVE-2006-1030,0.01213,0.6557
CVE-2006-1031,0.0679,0.91793
CVE-2006-1032,0.07197,0.92068
CVE-2006-1033,0.02945,0.82784
CVE-2006-1034,0.01917,0.77071
CVE-2006-1035,0.01213,0.6557
CVE-2006-1036,0.00954,0.34522
CVE-2006-1037,0.01213,0.6557
CVE-2006-1038,0.01319,0.70416
CVE-2006-1039,0.0679,0.91793
CVE-2006-1040,0.03129,0.8316
CVE-2006-1041,0.01319,0.70416
CVE-2006-1042,0.01408,0.72072
CVE-2006-1043,0.59139,0.98819
CVE-2006-1044,0.1127,0.94787
CVE-2006-1045,0.12567,0.95329
CVE-2006-1046,0.0679,0.91793
CVE-2006-1047,0.00885,0.26162
CVE-2006-1048,0.01018,0.38792
CVE-2006-1049,0.01213,0.6557
CVE-2006-1050,0.0089,0.2856
CVE-2006-1051,0.01213,0.6557
CVE-2006-1052,0.01547,0.74085
CVE-2006-1055,0.01547,0.74085
CVE-2006-1056,0.01547,0.74085
CVE-2006-1057,0.01282,0.67298
CVE-2006-1058,0.01282,0.67298
CVE-2006-1059,0.01282,0.67298
CVE-2006-1060,0.04421,0.87629
CVE-2006-1061,0.03779,0.84781
CVE-2006-1062,0.01537,0.73595
CVE-2006-1063,0.01974,0.7812
CVE-2006-1064,0.01776,0.75902
CVE-2006-1065,0.01136,0.57949
CVE-2006-1066,0.01282,0.67298
CVE-2006-1067,0.01319,0.70416
CVE-2006-1068,0.01319,0.70416
CVE-2006-1069,0.00954,0.34522
CVE-2006-1070,0.02945,0.82784
CVE-2006-1071,0.02945,0.82784
CVE-2006-1072,0.01213,0.6557
CVE-2006-1073,0.0679,0.91793
CVE-2006-1074,0.01319,0.70416
CVE-2006-1075,0.07777,0.92953
CVE-2006-1076,0.00986,0.35784
CVE-2006-1077,0.01213,0.6557
CVE-2006-1078,0.01282,0.67298
CVE-2006-1079,0.01034,0.39824
CVE-2006-1080,0.02945,0.82784
CVE-2006-1081,0.028,0.82308
CVE-2006-1082,0.01213,0.6557
CVE-2006-1083,0.01408,0.72072
CVE-2006-1084,0.01408,0.72072
CVE-2006-1085,0.01408,0.72072
CVE-2006-1087,0.01408,0.72072
CVE-2006-1088,0.01408,0.72072
CVE-2006-1089,0.01319,0.70416
CVE-2006-1090,0.01213,0.6557
CVE-2006-1091,0.01213,0.6557
CVE-2006-1092,0.01282,0.67298
CVE-2006-1093,0.01213,0.6557
CVE-2006-1094,0.00986,0.35784
CVE-2006-1095,0.01872,0.76301
CVE-2006-1096,0.01213,0.6557
CVE-2006-1097,0.01319,0.70416
CVE-2006-1098,0.00986,0.35784
CVE-2006-1099,0.04187,0.86773
CVE-2006-1100,0.1127,0.94787
CVE-2006-1101,0.12567,0.95329
CVE-2006-1102,0.02172,0.79917
CVE-2006-1103,0.01213,0.6557
CVE-2006-1104,0.01319,0.70416
CVE-2006-1105,0.01319,0.70416
CVE-2006-1106,0.01319,0.70416
CVE-2006-1107,0.01408,0.72072
CVE-2006-1108,0.01408,0.72072
CVE-2006-1109,0.01139,0.58345
CVE-2006-1110,0.01319,0.70416
CVE-2006-1111,0.01213,0.6557
CVE-2006-1112,0.01213,0.6557
CVE-2006-1113,0.01139,0.58345
CVE-2006-1114,0.0679,0.91793
CVE-2006-1115,0.01108,0.53389
CVE-2006-1116,0.01319,0.70416
CVE-2006-1117,0.01319,0.70416
CVE-2006-1118,0.01213,0.6557
CVE-2006-1119,0.01055,0.50287
CVE-2006-1120,0.05649,0.89807
CVE-2006-1121,0.02945,0.82784
CVE-2006-1122,0.01319,0.70416
CVE-2006-1123,0.01139,0.58345
CVE-2006-1124,0.40588,0.98099
CVE-2006-1125,0.01034,0.39824
CVE-2006-1126,0.01319,0.70416
CVE-2006-1127,0.01776,0.75902
CVE-2006-1128,0.01974,0.7812
CVE-2006-1129,0.01974,0.7812
CVE-2006-1130,0.01955,0.77585
CVE-2006-1131,0.01917,0.77071
CVE-2006-1132,0.00986,0.35784
CVE-2006-1133,0.02945,0.82784
CVE-2006-1134,0.02172,0.79917
CVE-2006-1135,0.02945,0.82784
CVE-2006-1136,0.01108,0.53389
CVE-2006-1137,0.01974,0.7812
CVE-2006-1138,0.01319,0.70416
CVE-2006-1139,0.01108,0.53389
CVE-2006-1140,0.00986,0.35784
CVE-2006-1141,0.1127,0.94787
CVE-2006-1142,0.01213,0.6557
CVE-2006-1143,0.01136,0.57949
CVE-2006-1144,0.02945,0.82784
CVE-2006-1145,0.06739,0.91208
CVE-2006-1146,0.06739,0.91208
CVE-2006-1147,0.01315,0.67456
CVE-2006-1148,0.78095,0.99418
CVE-2006-1149,0.0679,0.91793
CVE-2006-1150,0.01213,0.6557
CVE-2006-1151,0.10995,0.94626999999999994
CVE-2006-1152,0.01213,0.6557
CVE-2006-1153,0.00986,0.35784
CVE-2006-1154,0.02172,0.79917
CVE-2006-1155,0.01319,0.70416
CVE-2006-1156,0.01319,0.70416
CVE-2006-1157,0.02945,0.82784
CVE-2006-1158,0.01408,0.72072
CVE-2006-1159,0.12822,0.95405
CVE-2006-1160,0.01319,0.70416
CVE-2006-1161,0.03748,0.84388
CVE-2006-1162,0.01319,0.70416
CVE-2006-1163,0.01319,0.70416
CVE-2006-1164,0.01136,0.57949
CVE-2006-1165,0.01213,0.6557
CVE-2006-1166,0.0095,0.30554
CVE-2006-1167,0.0089,0.2856
CVE-2006-1168,0.08228,0.93218
CVE-2006-1172,0.40588,0.98099
CVE-2006-1173,0.04358,0.87435
CVE-2006-1174,0.01547,0.74085
CVE-2006-1175,0.01213,0.6557
CVE-2006-1176,0.07777,0.92953
CVE-2006-1178,0.01319,0.70416
CVE-2006-1182,0.05462,0.89459
CVE-2006-1183,0.02046,0.7858
CVE-2006-1184,0.23038,0.96506
CVE-2006-1185,0.46718,0.98435
CVE-2006-1186,0.46718,0.98435
CVE-2006-1188,0.46718,0.98435
CVE-2006-1189,0.46718,0.98435
CVE-2006-1190,0.46718,0.98435
CVE-2006-1191,0.20648,0.96329
CVE-2006-1192,0.20648,0.96329
CVE-2006-1193,0.25076,0.96739
CVE-2006-1194,0.10995,0.94626999999999994
CVE-2006-1195,0.01974,0.7812
CVE-2006-1196,0.04894,0.88891
CVE-2006-1197,0.0089,0.2856
CVE-2006-1198,0.0095,0.30554
CVE-2006-1199,0.02945,0.82784
CVE-2006-1200,0.01319,0.70416
CVE-2006-1201,0.02172,0.79917
CVE-2006-1202,0.02945,0.82784
CVE-2006-1203,0.01213,0.6557
CVE-2006-1204,0.01776,0.75902
CVE-2006-1205,0.05649,0.89807
CVE-2006-1206,0.04187,0.86773
CVE-2006-1207,0.01213,0.6557
CVE-2006-1208,0.01408,0.72072
CVE-2006-1209,0.0679,0.91793
CVE-2006-1210,0.01136,0.57949
CVE-2006-1211,0.01055,0.50287
CVE-2006-1212,0.0679,0.91793
CVE-2006-1213,0.07197,0.92068
CVE-2006-1214,0.0679,0.91793
CVE-2006-1215,0.01917,0.77071
CVE-2006-1216,0.02945,0.82784
CVE-2006-1217,0.02172,0.79917
CVE-2006-1218,0.01213,0.6557
CVE-2006-1219,0.0679,0.91793
CVE-2006-1220,0.01667,0.75032
CVE-2006-1221,0.01872,0.76301
CVE-2006-1222,0.01776,0.75902
CVE-2006-1223,0.04894,0.88891
CVE-2006-1224,0.12567,0.95329
CVE-2006-1225,0.01974,0.7812
CVE-2006-1226,0.01776,0.75902
CVE-2006-1227,0.01649,0.75017
CVE-2006-1228,0.01776,0.75902
CVE-2006-1229,0.01213,0.6557
CVE-2006-1230,0.04894,0.88891
CVE-2006-1231,0.0095,0.30554
CVE-2006-1232,0.04386,0.87542
CVE-2006-1233,0.04894,0.88891
CVE-2006-1234,0.04386,0.87542
CVE-2006-1235,0.01213,0.6557
CVE-2006-1236,0.40588,0.98099
CVE-2006-1237,0.02172,0.79917
CVE-2006-1238,0.04386,0.87542
CVE-2006-1239,0.01213,0.6557
CVE-2006-1240,0.01761,0.7555
CVE-2006-1241,0.0095,0.30554
CVE-2006-1242,0.04358,0.87435
CVE-2006-1243,0.0679,0.91793
CVE-2006-1244,0.02686,0.82061
CVE-2006-1245,0.72651,0.99213
CVE-2006-1246,0.01282,0.67298
CVE-2006-1247,0.01282,0.67298
CVE-2006-1248,0.01282,0.67298
CVE-2006-1249,0.09174,0.9391
CVE-2006-1250,0.00954,0.34522
CVE-2006-1251,0.01319,0.70416
CVE-2006-1252,0.01136,0.57949
CVE-2006-1253,0.01136,0.57949
CVE-2006-1254,0.01319,0.70416
CVE-2006-1255,0.67074,0.99017
CVE-2006-1256,0.01955,0.77585
CVE-2006-1257,0.14555,0.9564
CVE-2006-1258,0.02945,0.82784
CVE-2006-1259,0.01319,0.70416
CVE-2006-1260,0.12567,0.95329
CVE-2006-1261,0.01408,0.72072
CVE-2006-1262,0.01537,0.73595
CVE-2006-1263,0.01055,0.50287
CVE-2006-1264,0.01213,0.6557
CVE-2006-1265,0.01213,0.6557
CVE-2006-1266,0.01213,0.6557
CVE-2006-1267,0.01055,0.50287
CVE-2006-1268,0.04291,0.87022
CVE-2006-1269,0.0214,0.7918
CVE-2006-1270,0.01132,0.54372
CVE-2006-1271,0.01139,0.58345
CVE-2006-1272,0.01319,0.70416
CVE-2006-1273,0.01213,0.6557
CVE-2006-1274,0.01104,0.52279
CVE-2006-1275,0.0679,0.91793
CVE-2006-1276,0.01408,0.72072
CVE-2006-1277,0.01408,0.72072
CVE-2006-1278,0.04386,0.87542
CVE-2006-1279,0.01108,0.53389
CVE-2006-1280,0.01108,0.53389
CVE-2006-1281,0.01633,0.74922
CVE-2006-1282,0.01319,0.70416
CVE-2006-1283,0.01034,0.39824
CVE-2006-1284,0.0095,0.30554
CVE-2006-1285,0.0095,0.30554
CVE-2006-1286,0.0095,0.30554
CVE-2006-1287,0.01136,0.57949
CVE-2006-1288,0.01213,0.6557
CVE-2006-1289,0.03779,0.84781
CVE-2006-1290,0.01955,0.77585
CVE-2006-1291,0.04482,0.88223
CVE-2006-1292,0.04187,0.86773
CVE-2006-1293,0.01776,0.75902
CVE-2006-1294,0.0679,0.91793
CVE-2006-1295,0.01213,0.6557
CVE-2006-1296,0.01034,0.39824
CVE-2006-1297,0.01183,0.60428
CVE-2006-1298,0.05029,0.8901
CVE-2006-1300,0.28246,0.97159
CVE-2006-1301,0.17748,0.96059
CVE-2006-1302,0.23108,0.96524
CVE-2006-1303,0.46718,0.98435
CVE-2006-1304,0.25337,0.96837
CVE-2006-1305,0.23038,0.96506
CVE-2006-1306,0.25337,0.96837
CVE-2006-1308,0.25337,0.96837
CVE-2006-1309,0.17748,0.96059
CVE-2006-1311,0.46718,0.98435
CVE-2006-1313,0.46718,0.98435
CVE-2006-1314,0.46718,0.98435
CVE-2006-1315,0.20648,0.96329
CVE-2006-1316,0.23108,0.96524
CVE-2006-1318,0.25853,0.96909
CVE-2006-1319,0.0095,0.30554
CVE-2006-1320,0.01018,0.38792
CVE-2006-1321,0.01213,0.6557
CVE-2006-1322,0.01319,0.70416
CVE-2006-1323,0.0679,0.91793
CVE-2006-1324,0.03129,0.8316
CVE-2006-1325,0.01213,0.6557
CVE-2006-1326,0.04894,0.88891
CVE-2006-1327,0.01139,0.58345
CVE-2006-1328,0.01408,0.72072
CVE-2006-1329,0.01408,0.72072
CVE-2006-1330,0.01139,0.58345
CVE-2006-1331,0.01319,0.70416
CVE-2006-1332,0.01213,0.6557
CVE-2006-1333,0.04386,0.87542
CVE-2006-1334,0.04386,0.87542
CVE-2006-1335,0.01018,0.38792
CVE-2006-1336,0.0679,0.91793
CVE-2006-1337,0.1127,0.94787
CVE-2006-1338,0.01319,0.70416
CVE-2006-1339,0.01213,0.6557
CVE-2006-1340,0.01213,0.6557
CVE-2006-1341,0.01319,0.70416
CVE-2006-1342,0.0322,0.83442
CVE-2006-1343,0.01547,0.74085
CVE-2006-1344,0.02945,0.82784
CVE-2006-1345,0.01055,0.50287
CVE-2006-1346,0.01319,0.70416
CVE-2006-1347,0.01319,0.70416
CVE-2006-1348,0.01319,0.70416
CVE-2006-1349,0.02945,0.82784
CVE-2006-1350,0.01408,0.72072
CVE-2006-1351,0.01319,0.70416
CVE-2006-1352,0.01319,0.70416
CVE-2006-1353,0.04386,0.87542
CVE-2006-1354,0.04358,0.87435
CVE-2006-1355,0.01034,0.39824
CVE-2006-1356,0.042659999999999997,0.86883
CVE-2006-1357,0.02945,0.82784
CVE-2006-1358,0.01108,0.53389
CVE-2006-1359,0.90779,0.99861
CVE-2006-1360,0.01213,0.6557
CVE-2006-1361,0.01213,0.6557
CVE-2006-1362,0.01213,0.6557
CVE-2006-1363,0.04187,0.86773
CVE-2006-1364,0.42393,0.98172
CVE-2006-1365,0.01136,0.57949
CVE-2006-1366,0.05139,0.89128
CVE-2006-1367,0.0679,0.91793
CVE-2006-1368,0.03779,0.84781
CVE-2006-1369,0.01213,0.6557
CVE-2006-1370,0.01319,0.70416
CVE-2006-1371,0.09659,0.94
CVE-2006-1372,0.028,0.82308
CVE-2006-1373,0.01213,0.6557
CVE-2006-1374,0.01139,0.58345
CVE-2006-1375,0.01319,0.70416
CVE-2006-1376,0.0089,0.2856
CVE-2006-1377,0.05649,0.89807
CVE-2006-1378,0.0095,0.30554
CVE-2006-1379,0.0089,0.2856
CVE-2006-1380,0.0095,0.30554
CVE-2006-1381,0.01018,0.38792
CVE-2006-1382,0.01408,0.72072
CVE-2006-1383,0.01132,0.54372
CVE-2006-1384,0.02945,0.82784
CVE-2006-1385,0.09915,0.94265
CVE-2006-1386,0.01319,0.70416
CVE-2006-1387,0.01132,0.54372
CVE-2006-1388,0.24173,0.96655
CVE-2006-1389,0.03779,0.84781
CVE-2006-1390,0.02172,0.79379
CVE-2006-1391,0.02172,0.79917
CVE-2006-1392,0.01319,0.70416
CVE-2006-1393,0.01319,0.70416
CVE-2006-1394,0.01213,0.6557
CVE-2006-1395,0.00986,0.35784
CVE-2006-1396,0.01213,0.6557
CVE-2006-1397,0.03407,0.83908
CVE-2006-1398,0.01776,0.75902
CVE-2006-1399,0.01213,0.6557
CVE-2006-1400,0.01319,0.70416
CVE-2006-1401,0.01213,0.6557
CVE-2006-1402,0.05139,0.89128
CVE-2006-1403,0.01319,0.70416
CVE-2006-1404,0.02945,0.82784
CVE-2006-1405,0.01319,0.70416
CVE-2006-1406,0.01319,0.70416
CVE-2006-1407,0.04894,0.88891
CVE-2006-1408,0.01213,0.6557
CVE-2006-1409,0.01213,0.6557
CVE-2006-1410,0.01319,0.70416
CVE-2006-1411,0.01213,0.6557
CVE-2006-1412,0.0679,0.91793
CVE-2006-1413,0.04894,0.88891
CVE-2006-1414,0.02945,0.82784
CVE-2006-1415,0.01319,0.70416
CVE-2006-1416,0.01319,0.70416
CVE-2006-1417,0.02945,0.82784
CVE-2006-1418,0.02945,0.82784
CVE-2006-1419,0.01139,0.58345
CVE-2006-1420,0.00986,0.35784
CVE-2006-1421,0.01319,0.70416
CVE-2006-1422,0.00986,0.35784
CVE-2006-1423,0.01055,0.50287
CVE-2006-1425,0.03129,0.8316
CVE-2006-1426,0.028,0.82308
CVE-2006-1427,0.04894,0.88891
CVE-2006-1428,0.02945,0.82784
CVE-2006-1429,0.02945,0.82784
CVE-2006-1430,0.04894,0.88891
CVE-2006-1431,0.02945,0.82784
CVE-2006-1432,0.01055,0.50287
CVE-2006-1433,0.01213,0.6557
CVE-2006-1434,0.01213,0.6557
CVE-2006-1435,0.01213,0.6557
CVE-2006-1436,0.01213,0.6557
CVE-2006-1437,0.01213,0.6557
CVE-2006-1438,0.01319,0.70416
CVE-2006-1439,0.01108,0.53389
CVE-2006-1440,0.01104,0.52279
CVE-2006-1441,0.06494,0.90631
CVE-2006-1442,0.0291,0.82466
CVE-2006-1443,0.0291,0.82466
CVE-2006-1444,0.01104,0.52279
CVE-2006-1445,0.05995,0.90114
CVE-2006-1446,0.01183,0.60428
CVE-2006-1447,0.01408,0.72072
CVE-2006-1448,0.0291,0.82466
CVE-2006-1449,0.06494,0.90631
CVE-2006-1450,0.06494,0.90631
CVE-2006-1451,0.01104,0.52279
CVE-2006-1452,0.0196,0.77594
CVE-2006-1453,0.09174,0.9391
CVE-2006-1454,0.09174,0.9391
CVE-2006-1455,0.01408,0.72072
CVE-2006-1456,0.06494,0.90631
CVE-2006-1457,0.01776,0.75902
CVE-2006-1458,0.0628,0.90355
CVE-2006-1459,0.06154,0.90253
CVE-2006-1460,0.09174,0.9391
CVE-2006-1461,0.09174,0.9391
CVE-2006-1462,0.09174,0.9391
CVE-2006-1463,0.09174,0.9391
CVE-2006-1464,0.09174,0.9391
CVE-2006-1465,0.09174,0.9391
CVE-2006-1466,0.01319,0.70416
CVE-2006-1467,0.09174,0.9391
CVE-2006-1468,0.01408,0.72072
CVE-2006-1469,0.04445,0.87708
CVE-2006-1470,0.10995,0.94626999999999994
CVE-2006-1471,0.02694,0.82068
CVE-2006-1472,0.01319,0.70416
CVE-2006-1473,0.07035,0.91906
CVE-2006-1474,0.01055,0.50287
CVE-2006-1475,0.01297,0.67316
CVE-2006-1476,0.06894,0.91817
CVE-2006-1477,0.03779,0.84781
CVE-2006-1478,0.01319,0.70416
CVE-2006-1479,0.03407,0.83908
CVE-2006-1480,0.0679,0.91793
CVE-2006-1481,0.00986,0.35784
CVE-2006-1482,0.02945,0.82784
CVE-2006-1483,0.01974,0.7812
CVE-2006-1484,0.0095,0.30554
CVE-2006-1485,0.01132,0.54372
CVE-2006-1486,0.02945,0.82784
CVE-2006-1487,0.02945,0.82784
CVE-2006-1488,0.01319,0.70416
CVE-2006-1489,0.00986,0.35784
CVE-2006-1490,0.12567,0.95329
CVE-2006-1491,0.42881,0.98198
CVE-2006-1492,0.01974,0.7812
CVE-2006-1493,0.01776,0.75902
CVE-2006-1494,0.08895,0.93684
CVE-2006-1495,0.04386,0.87542
CVE-2006-1496,0.02945,0.82784
CVE-2006-1497,0.07197,0.92068
CVE-2006-1498,0.01955,0.77585
CVE-2006-1499,0.01319,0.70416
CVE-2006-1500,0.01319,0.70416
CVE-2006-1501,0.01139,0.58345
CVE-2006-1502,0.03407,0.83908
CVE-2006-1503,0.01319,0.70416
CVE-2006-1504,0.03129,0.8316
CVE-2006-1505,0.01213,0.6557
CVE-2006-1506,0.0089,0.2856
CVE-2006-1507,0.01136,0.57949
CVE-2006-1508,0.04894,0.88891
CVE-2006-1509,0.01282,0.67298
CVE-2006-1510,0.08138,0.93073
CVE-2006-1511,0.25337,0.96837
CVE-2006-1513,0.03214,0.83353
CVE-2006-1514,0.07777,0.92953
CVE-2006-1515,0.07777,0.92953
CVE-2006-1516,0.21347,0.96380999999999994
CVE-2006-1517,0.04358,0.87435
CVE-2006-1518,0.39006,0.97928
CVE-2006-1520,0.06523,0.90962
CVE-2006-1522,0.01547,0.74085
CVE-2006-1523,0.01183,0.60428
CVE-2006-1524,0.01547,0.74085
CVE-2006-1525,0.01547,0.74085
CVE-2006-1526,0.01547,0.74085
CVE-2006-1527,0.03779,0.84781
CVE-2006-1528,0.01547,0.74085
CVE-2006-1529,0.08228,0.93218
CVE-2006-1530,0.08228,0.93218
CVE-2006-1531,0.08228,0.93218
CVE-2006-1532,0.01319,0.70416
CVE-2006-1533,0.01319,0.70416
CVE-2006-1534,0.02172,0.79917
CVE-2006-1535,0.01917,0.77071
CVE-2006-1536,0.00986,0.35784
CVE-2006-1537,0.03779,0.84781
CVE-2006-1538,0.01018,0.38792
CVE-2006-1539,0.01108,0.53389
CVE-2006-1540,0.39185,0.97932
CVE-2006-1541,0.04386,0.87542
CVE-2006-1542,0.01761,0.7555
CVE-2006-1543,0.028,0.82308
CVE-2006-1544,0.01319,0.70416
CVE-2006-1545,0.06337,0.90513
CVE-2006-1546,0.08274,0.93274
CVE-2006-1547,0.07563,0.9253
CVE-2006-1548,0.08274,0.93274
CVE-2006-1549,0.0322,0.83442
CVE-2006-1550,0.02686,0.82061
CVE-2006-1551,0.81532,0.99513
CVE-2006-1552,0.01974,0.7812
CVE-2006-1553,0.01319,0.70416
CVE-2006-1554,0.01319,0.70416
CVE-2006-1555,0.01319,0.70416
CVE-2006-1556,0.01917,0.77071
CVE-2006-1557,0.01139,0.58345
CVE-2006-1558,0.01213,0.6557
CVE-2006-1559,0.01055,0.50287
CVE-2006-1560,0.02172,0.79917
CVE-2006-1561,0.01408,0.72072
CVE-2006-1562,0.01319,0.70416
CVE-2006-1563,0.01108,0.53389
CVE-2006-1564,0.0089,0.2856
CVE-2006-1565,0.0089,0.2856
CVE-2006-1566,0.0089,0.2856
CVE-2006-1567,0.02945,0.82784
CVE-2006-1568,0.03129,0.8316
CVE-2006-1569,0.04386,0.87542
CVE-2006-1570,0.01319,0.70416
CVE-2006-1571,0.01408,0.72072
CVE-2006-1572,0.01139,0.58345
CVE-2006-1573,0.0679,0.91793
CVE-2006-1574,0.01319,0.70416
CVE-2006-1575,0.01319,0.70416
CVE-2006-1576,0.01319,0.70416
CVE-2006-1577,0.01408,0.72072
CVE-2006-1578,0.01055,0.50287
CVE-2006-1579,0.00986,0.35784
CVE-2006-1580,0.02945,0.82784
CVE-2006-1581,0.0679,0.91793
CVE-2006-1582,0.02945,0.82784
CVE-2006-1583,0.01136,0.57949
CVE-2006-1584,0.04187,0.86773
CVE-2006-1585,0.01319,0.70416
CVE-2006-1586,0.01139,0.58345
CVE-2006-1587,0.0095,0.30554
CVE-2006-1588,0.01034,0.39824
CVE-2006-1589,0.0095,0.30554
CVE-2006-1590,0.02945,0.82784
CVE-2006-1591,0.17655,0.96057
CVE-2006-1592,0.1127,0.94787
CVE-2006-1593,0.10995,0.94626999999999994
CVE-2006-1594,0.07777,0.92953
CVE-2006-1595,0.04894,0.88891
CVE-2006-1596,0.01408,0.72072
CVE-2006-1598,0.01408,0.72072
CVE-2006-1599,0.01319,0.70416
CVE-2006-1600,0.01055,0.50287
CVE-2006-1601,0.01034,0.39824
CVE-2006-1602,0.01319,0.70416
CVE-2006-1603,0.01319,0.70416
CVE-2006-1604,0.01018,0.38792
CVE-2006-1605,0.06523,0.90962
CVE-2006-1606,0.01018,0.38792
CVE-2006-1607,0.01108,0.53389
CVE-2006-1608,0.0322,0.83442
CVE-2006-1609,0.01213,0.6557
CVE-2006-1610,0.01319,0.70416
CVE-2006-1611,0.01213,0.6557
CVE-2006-1612,0.01319,0.70416
CVE-2006-1613,0.028,0.82308
CVE-2006-1614,0.06604,0.91138
CVE-2006-1615,0.12248,0.95092
CVE-2006-1616,0.01055,0.50287
CVE-2006-1617,0.01055,0.50287
CVE-2006-1618,0.40588,0.98099
CVE-2006-1619,0.01213,0.6557
CVE-2006-1620,0.01974,0.7812
CVE-2006-1621,0.01061,0.51015
CVE-2006-1622,0.01055,0.50287
CVE-2006-1623,0.01213,0.6557
CVE-2006-1624,0.01136,0.57949
CVE-2006-1625,0.01319,0.70416
CVE-2006-1626,0.51478,0.9865
CVE-2006-1627,0.01408,0.72072
CVE-2006-1628,0.01221,0.65581
CVE-2006-1629,0.03481,0.84053
CVE-2006-1630,0.04358,0.87435
CVE-2006-1631,0.01319,0.70416
CVE-2006-1634,0.01917,0.77071
CVE-2006-1635,0.01055,0.50287
CVE-2006-1636,0.01319,0.70416
CVE-2006-1637,0.01776,0.75902
CVE-2006-1638,0.03932,0.8519
CVE-2006-1639,0.01974,0.7812
CVE-2006-1640,0.01776,0.75902
CVE-2006-1641,0.01955,0.77585
CVE-2006-1642,0.01213,0.6557
CVE-2006-1643,0.01213,0.6557
CVE-2006-1644,0.01213,0.6557
CVE-2006-1645,0.02945,0.82784
CVE-2006-1646,0.01213,0.6557
CVE-2006-1647,0.01319,0.70416
CVE-2006-1648,0.01319,0.70416
CVE-2006-1649,0.01104,0.52279
CVE-2006-1650,0.01136,0.57949
CVE-2006-1651,0.13525,0.9555
CVE-2006-1652,0.63585,0.98931
CVE-2006-1653,0.01213,0.6557
CVE-2006-1654,0.10995,0.94626999999999994
CVE-2006-1655,0.01034,0.39824
CVE-2006-1656,0.0095,0.30554
CVE-2006-1657,0.01408,0.72072
CVE-2006-1658,0.01108,0.53389
CVE-2006-1659,0.04386,0.87542
CVE-2006-1660,0.01055,0.50287
CVE-2006-1661,0.03129,0.8316
CVE-2006-1662,0.0679,0.91793
CVE-2006-1664,0.1127,0.94787
CVE-2006-1665,0.01136,0.57949
CVE-2006-1666,0.01213,0.6557
CVE-2006-1667,0.01408,0.72072
CVE-2006-1668,0.01315,0.67456
CVE-2006-1669,0.00986,0.35784
CVE-2006-1670,0.01319,0.70416
CVE-2006-1671,0.02172,0.79917
CVE-2006-1672,0.07777,0.92953
CVE-2006-1673,0.02945,0.82784
CVE-2006-1674,0.01055,0.50287
CVE-2006-1675,0.01917,0.77071
CVE-2006-1676,0.01139,0.58345
CVE-2006-1677,0.01319,0.70416
CVE-2006-1678,0.01955,0.77585
CVE-2006-1679,0.01917,0.77071
CVE-2006-1680,0.01213,0.6557
CVE-2006-1681,0.01319,0.70416
CVE-2006-1682,0.01917,0.77071
CVE-2006-1683,0.00986,0.35784
CVE-2006-1684,0.01055,0.50287
CVE-2006-1685,0.00986,0.35784
CVE-2006-1686,0.01055,0.50287
CVE-2006-1687,0.01136,0.57949
CVE-2006-1688,0.04358,0.87435
CVE-2006-1689,0.01282,0.67298
CVE-2006-1690,0.01408,0.72072
CVE-2006-1691,0.01408,0.72072
CVE-2006-1692,0.01213,0.6557
CVE-2006-1693,0.01018,0.38792
CVE-2006-1694,0.00986,0.35784
CVE-2006-1695,0.01282,0.67298
CVE-2006-1696,0.01319,0.70416
CVE-2006-1697,0.03129,0.8316
CVE-2006-1698,0.01136,0.57949
CVE-2006-1699,0.01917,0.77071
CVE-2006-1700,0.01136,0.57949
CVE-2006-1701,0.02945,0.82784
CVE-2006-1702,0.04187,0.86773
CVE-2006-1703,0.01213,0.6557
CVE-2006-1704,0.04187,0.86773
CVE-2006-1705,0.01282,0.67298
CVE-2006-1706,0.04386,0.87542
CVE-2006-1707,0.01136,0.57949
CVE-2006-1708,0.01139,0.58345
CVE-2006-1709,0.02945,0.82784
CVE-2006-1710,0.00986,0.35784
CVE-2006-1711,0.07197,0.92068
CVE-2006-1712,0.01408,0.72072
CVE-2006-1713,0.01917,0.77071
CVE-2006-1714,0.04187,0.86773
CVE-2006-1715,0.01018,0.38792
CVE-2006-1716,0.01319,0.70416
CVE-2006-1717,0.01213,0.6557
CVE-2006-1718,0.0679,0.91793
CVE-2006-1719,0.11676,0.94929
CVE-2006-1720,0.01319,0.70416
CVE-2006-1721,0.04358,0.87435
CVE-2006-1722,0.01055,0.50287
CVE-2006-1723,0.08228,0.93218
CVE-2006-1724,0.08228,0.93218
CVE-2006-1725,0.03407,0.83908
CVE-2006-1726,0.09915,0.94265
CVE-2006-1727,0.08269,0.93273
CVE-2006-1728,0.12433,0.95131
CVE-2006-1729,0.03932,0.8519
CVE-2006-1730,0.12433,0.95131
CVE-2006-1731,0.03932,0.8519
CVE-2006-1732,0.03932,0.8519
CVE-2006-1733,0.09915,0.94265
CVE-2006-1734,0.09915,0.94265
CVE-2006-1735,0.09915,0.94265
CVE-2006-1736,0.03932,0.8519
CVE-2006-1737,0.03932,0.8519
CVE-2006-1738,0.04358,0.87435
CVE-2006-1739,0.06604,0.91138
CVE-2006-1740,0.03932,0.8519
CVE-2006-1741,0.03932,0.8519
CVE-2006-1742,0.04358,0.87435
CVE-2006-1743,0.01213,0.6557
CVE-2006-1744,0.01755,0.75287
CVE-2006-1745,0.01917,0.77071
CVE-2006-1746,0.01974,0.7812
CVE-2006-1747,0.07197,0.92068
CVE-2006-1748,0.01213,0.6557
CVE-2006-1749,0.01319,0.70416
CVE-2006-1750,0.01319,0.70416
CVE-2006-1751,0.01213,0.6557
CVE-2006-1752,0.01213,0.6557
CVE-2006-1753,0.0095,0.30554
CVE-2006-1754,0.028,0.82308
CVE-2006-1755,0.01139,0.58345
CVE-2006-1756,0.01319,0.70416
CVE-2006-1757,0.01055,0.50287
CVE-2006-1758,0.00986,0.35784
CVE-2006-1759,0.02945,0.82784
CVE-2006-1760,0.04894,0.88891
CVE-2006-1761,0.01213,0.6557
CVE-2006-1762,0.01319,0.70416
CVE-2006-1763,0.01213,0.6557
CVE-2006-1764,0.01136,0.57949
CVE-2006-1765,0.01917,0.77071
CVE-2006-1766,0.01055,0.50287
CVE-2006-1767,0.12567,0.95329
CVE-2006-1768,0.02945,0.82784
CVE-2006-1769,0.01319,0.70416
CVE-2006-1770,0.0679,0.91793
CVE-2006-1771,0.0679,0.91793
CVE-2006-1772,0.0089,0.2856
CVE-2006-1773,0.00986,0.35784
CVE-2006-1774,0.01213,0.6557
CVE-2006-1775,0.01213,0.6557
CVE-2006-1776,0.01974,0.7812
CVE-2006-1777,0.01974,0.7812
CVE-2006-1778,0.02172,0.79917
CVE-2006-1779,0.01776,0.75902
CVE-2006-1780,0.01282,0.67298
CVE-2006-1781,0.07197,0.92068
CVE-2006-1782,0.01547,0.74085
CVE-2006-1783,0.01917,0.77071
CVE-2006-1784,0.04482,0.88223
CVE-2006-1785,0.01315,0.67456
CVE-2006-1786,0.12244,0.94988
CVE-2006-1787,0.01408,0.72072
CVE-2006-1788,0.01319,0.70416
CVE-2006-1789,0.01408,0.72072
CVE-2006-1790,0.08228,0.93218
CVE-2006-1791,0.01213,0.6557
CVE-2006-1792,0.00954,0.34522
CVE-2006-1793,0.01136,0.57949
CVE-2006-1794,0.01776,0.75902
CVE-2006-1795,0.01136,0.57949
CVE-2006-1796,0.01055,0.50287
CVE-2006-1797,0.01034,0.39824
CVE-2006-1798,0.01408,0.72072
CVE-2006-1799,0.04482,0.88223
CVE-2006-1800,0.04482,0.88223
CVE-2006-1801,0.02945,0.82784
CVE-2006-1802,0.02945,0.82784
CVE-2006-1803,0.03129,0.8316
CVE-2006-1804,0.01319,0.70416
CVE-2006-1805,0.01139,0.58345
CVE-2006-1806,0.01319,0.70416
CVE-2006-1807,0.01319,0.70416
CVE-2006-1808,0.02945,0.82784
CVE-2006-1809,0.01213,0.6557
CVE-2006-1810,0.01055,0.50287
CVE-2006-1811,0.01055,0.50287
CVE-2006-1812,0.01213,0.6557
CVE-2006-1813,0.01319,0.70416
CVE-2006-1814,0.01034,0.39824
CVE-2006-1815,0.01213,0.6557
CVE-2006-1816,0.08263,0.93269
CVE-2006-1817,0.01319,0.70416
CVE-2006-1818,0.01213,0.6557
CVE-2006-1819,0.10995,0.94626999999999994
CVE-2006-1820,0.02945,0.82784
CVE-2006-1821,0.0679,0.91793
CVE-2006-1822,0.03129,0.8316
CVE-2006-1823,0.01213,0.6557
CVE-2006-1824,0.01319,0.70416
CVE-2006-1825,0.01917,0.77071
CVE-2006-1826,0.01213,0.6557
CVE-2006-1827,0.1127,0.94787
CVE-2006-1828,0.10337,0.94363
CVE-2006-1829,0.01232,0.66248
CVE-2006-1830,0.01034,0.39824
CVE-2006-1831,0.01213,0.6557
CVE-2006-1832,0.01213,0.6557
CVE-2006-1833,0.01319,0.70416
CVE-2006-1834,0.39729,0.98024
CVE-2006-1835,0.02945,0.82784
CVE-2006-1836,0.01872,0.76301
CVE-2006-1837,0.01213,0.6557
CVE-2006-1838,0.01213,0.6557
CVE-2006-1839,0.15607,0.95873
CVE-2006-1840,0.01108,0.53389
CVE-2006-1841,0.01213,0.6557
CVE-2006-1842,0.01319,0.70416
CVE-2006-1843,0.01136,0.57949
CVE-2006-1844,0.0089,0.2856
CVE-2006-1846,0.01213,0.6557
CVE-2006-1847,0.01213,0.6557
CVE-2006-1848,0.01319,0.70416
CVE-2006-1849,0.00986,0.35784
CVE-2006-1850,0.01917,0.77071
CVE-2006-1851,0.01136,0.57949
CVE-2006-1852,0.00986,0.35784
CVE-2006-1853,0.00986,0.35784
CVE-2006-1854,0.01055,0.50287
CVE-2006-1855,0.01547,0.74085
CVE-2006-1856,0.02686,0.82061
CVE-2006-1857,0.08228,0.93218
CVE-2006-1858,0.08228,0.93218
CVE-2006-1859,0.01547,0.74085
CVE-2006-1860,0.01547,0.74085
CVE-2006-1861,0.08228,0.93218
CVE-2006-1862,0.01104,0.52279
CVE-2006-1863,0.0322,0.83442
CVE-2006-1864,0.04005,0.85278
CVE-2006-1865,0.01537,0.73595
CVE-2006-1866,0.02686,0.82061
CVE-2006-1867,0.01537,0.73595
CVE-2006-1868,0.04421,0.87629
CVE-2006-1869,0.01537,0.73595
CVE-2006-1870,0.01282,0.67298
CVE-2006-1871,0.02186,0.8012
CVE-2006-1872,0.01537,0.73595
CVE-2006-1873,0.01282,0.67298
CVE-2006-1874,0.01537,0.73595
CVE-2006-1875,0.01537,0.73595
CVE-2006-1876,0.01282,0.67298
CVE-2006-1877,0.01282,0.67298
CVE-2006-1878,0.03129,0.8316
CVE-2006-1879,0.02686,0.82061
CVE-2006-1880,0.01537,0.73595
CVE-2006-1881,0.01537,0.73595
CVE-2006-1882,0.01537,0.73595
CVE-2006-1883,0.01537,0.73595
CVE-2006-1884,0.01537,0.73595
CVE-2006-1885,0.01537,0.73595
CVE-2006-1886,0.01537,0.73595
CVE-2006-1887,0.01537,0.73595
CVE-2006-1888,0.01974,0.7812
CVE-2006-1889,0.01408,0.72072
CVE-2006-1890,0.02172,0.79917
CVE-2006-1891,0.01776,0.75902
CVE-2006-1892,0.01034,0.39824
CVE-2006-1893,0.01917,0.77071
CVE-2006-1894,0.01055,0.50287
CVE-2006-1895,0.01132,0.54372
CVE-2006-1896,0.01315,0.67456
CVE-2006-1897,0.01319,0.70416
CVE-2006-1898,0.01213,0.6557
CVE-2006-1899,0.01319,0.70416
CVE-2006-1900,0.39729,0.98024
CVE-2006-1901,0.01055,0.50287
CVE-2006-1902,0.01282,0.67298
CVE-2006-1903,0.01136,0.57949
CVE-2006-1904,0.01055,0.50287
CVE-2006-1905,0.42881,0.98198
CVE-2006-1906,0.02945,0.82784
CVE-2006-1907,0.01213,0.6557
CVE-2006-1908,0.01213,0.6557
CVE-2006-1909,0.0679,0.91793
CVE-2006-1910,0.01055,0.50287
CVE-2006-1911,0.01213,0.6557
CVE-2006-1912,0.028,0.82308
CVE-2006-1913,0.04894,0.88891
CVE-2006-1914,0.01136,0.57949
CVE-2006-1915,0.01136,0.57949
CVE-2006-1916,0.01917,0.77071
CVE-2006-1917,0.01139,0.58345
CVE-2006-1918,0.01917,0.77071
CVE-2006-1919,0.0679,0.91793
CVE-2006-1920,0.01319,0.70416
CVE-2006-1921,0.0679,0.91793
CVE-2006-1922,0.0679,0.91793
CVE-2006-1923,0.01319,0.70416
CVE-2006-1924,0.01319,0.70416
CVE-2006-1925,0.01917,0.77071
CVE-2006-1926,0.00986,0.35784
CVE-2006-1927,0.01319,0.70416
CVE-2006-1928,0.01319,0.70416
CVE-2006-1929,0.0679,0.91793
CVE-2006-1930,0.01213,0.6557
CVE-2006-1931,0.12567,0.95329
CVE-2006-1932,0.02686,0.82061
CVE-2006-1933,0.04358,0.87435
CVE-2006-1934,0.08228,0.93218
CVE-2006-1935,0.08228,0.93218
CVE-2006-1936,0.12248,0.95092
CVE-2006-1937,0.04358,0.87435
CVE-2006-1938,0.04358,0.87435
CVE-2006-1939,0.04358,0.87435
CVE-2006-1940,0.04358,0.87435
CVE-2006-1941,0.07197,0.92068
CVE-2006-1942,0.03932,0.8519
CVE-2006-1943,0.02945,0.82784
CVE-2006-1944,0.02945,0.82784
CVE-2006-1945,0.01917,0.77071
CVE-2006-1946,0.03129,0.8316
CVE-2006-1947,0.00986,0.35784
CVE-2006-1948,0.01055,0.50287
CVE-2006-1949,0.01136,0.57949
CVE-2006-1950,0.02945,0.82784
CVE-2006-1951,0.01408,0.72072
CVE-2006-1952,0.01319,0.70416
CVE-2006-1953,0.02172,0.79917
CVE-2006-1954,0.028,0.82308
CVE-2006-1955,0.01408,0.72072
CVE-2006-1956,0.01136,0.57949
CVE-2006-1957,0.01213,0.6557
CVE-2006-1958,0.01319,0.70416
CVE-2006-1959,0.40588,0.98099
CVE-2006-1960,0.04894,0.88891
CVE-2006-1961,0.02686,0.82061
CVE-2006-1962,0.01408,0.72072
CVE-2006-1963,0.01315,0.67456
CVE-2006-1964,0.01319,0.70416
CVE-2006-1965,0.04894,0.88891
CVE-2006-1966,0.01136,0.57949
CVE-2006-1967,0.01319,0.70416
CVE-2006-1968,0.01319,0.70416
CVE-2006-1969,0.01319,0.70416
CVE-2006-1970,0.01319,0.70416
CVE-2006-1971,0.03129,0.8316
CVE-2006-1972,0.01319,0.70416
CVE-2006-1973,0.01319,0.70416
CVE-2006-1974,0.00986,0.35784
CVE-2006-1975,0.01136,0.57949
CVE-2006-1976,0.01055,0.50287
CVE-2006-1977,0.01213,0.6557
CVE-2006-1978,0.00986,0.35784
CVE-2006-1979,0.01917,0.77071
CVE-2006-1980,0.02945,0.82784
CVE-2006-1981,0.0089,0.2856
CVE-2006-1982,0.41378,0.98142
CVE-2006-1983,0.07677,0.92624
CVE-2006-1984,0.02172,0.79917
CVE-2006-1985,0.24471,0.96666
CVE-2006-1986,0.0405,0.85313
CVE-2006-1987,0.0405,0.85313
CVE-2006-1988,0.01319,0.70416
CVE-2006-1989,0.04421,0.87629
CVE-2006-1990,0.04421,0.87629
CVE-2006-1991,0.01537,0.73595
CVE-2006-1992,0.67444,0.9905
CVE-2006-1993,0.45907,0.98293
CVE-2006-1994,0.0679,0.91793
CVE-2006-1995,0.10995,0.94626999999999994
CVE-2006-1996,0.01408,0.72072
CVE-2006-1997,0.0095,0.30554
CVE-2006-1998,0.01104,0.52279
CVE-2006-1999,0.01408,0.72072
CVE-2006-2000,0.01319,0.70416
CVE-2006-2001,0.03129,0.8316
CVE-2006-2002,0.0679,0.91793
CVE-2006-2003,0.01136,0.57949
CVE-2006-2004,0.01319,0.70416
CVE-2006-2005,0.0679,0.91793
CVE-2006-2006,0.01213,0.6557
CVE-2006-2007,0.08263,0.93269
CVE-2006-2008,0.0679,0.91793
CVE-2006-2009,0.02172,0.79917
CVE-2006-2010,0.01408,0.72072
CVE-2006-2011,0.01319,0.70416
CVE-2006-2012,0.0679,0.91793
CVE-2006-2013,0.01319,0.70416
CVE-2006-2014,0.01319,0.70416
CVE-2006-2015,0.01319,0.70416
CVE-2006-2016,0.05649,0.89807
CVE-2006-2017,0.01319,0.70416
CVE-2006-2018,0.01055,0.50287
CVE-2006-2019,0.10995,0.94626999999999994
CVE-2006-2020,0.0679,0.91793
CVE-2006-2021,0.01408,0.72072
CVE-2006-2022,0.40588,0.98099
CVE-2006-2023,0.01974,0.7812
CVE-2006-2024,0.11063,0.94638
CVE-2006-2025,0.22718,0.96466
CVE-2006-2026,0.22718,0.96466
CVE-2006-2027,0.06262,0.90346
CVE-2006-2028,0.04894,0.88891
CVE-2006-2029,0.04386,0.87542
CVE-2006-2030,0.01055,0.50287
CVE-2006-2031,0.01213,0.6557
CVE-2006-2032,0.01139,0.58345
CVE-2006-2033,0.01319,0.70416
CVE-2006-2034,0.00986,0.35784
CVE-2006-2035,0.0095,0.30554
CVE-2006-2036,0.01034,0.39824
CVE-2006-2037,0.01917,0.77071
CVE-2006-2038,0.01408,0.72072
CVE-2006-2039,0.01213,0.6557
CVE-2006-2040,0.04386,0.87542
CVE-2006-2041,0.01136,0.57949
CVE-2006-2042,0.01396,0.71116
CVE-2006-2043,0.01924,0.77129
CVE-2006-2044,0.01108,0.53389
CVE-2006-2045,0.01034,0.39824
CVE-2006-2046,0.04386,0.87542
CVE-2006-2047,0.01319,0.70416
CVE-2006-2048,0.03129,0.8316
CVE-2006-2049,0.01319,0.70416
CVE-2006-2050,0.01213,0.6557
CVE-2006-2051,0.01917,0.77071
CVE-2006-2052,0.01917,0.77071
CVE-2006-2053,0.01974,0.7812
CVE-2006-2054,0.01319,0.70416
CVE-2006-2055,0.13782,0.95593
CVE-2006-2056,0.13525,0.9555
CVE-2006-2057,0.13525,0.9555
CVE-2006-2058,0.01213,0.6557
CVE-2006-2059,0.12567,0.95329
CVE-2006-2060,0.01974,0.7812
CVE-2006-2061,0.028,0.82308
CVE-2006-2062,0.01974,0.7812
CVE-2006-2063,0.03932,0.8519
CVE-2006-2064,0.01034,0.39824
CVE-2006-2065,0.028,0.82308
CVE-2006-2066,0.05649,0.89807
CVE-2006-2067,0.00986,0.35784
CVE-2006-2068,0.01213,0.6557
CVE-2006-2069,0.01319,0.70416
CVE-2006-2070,0.03129,0.8316
CVE-2006-2071,0.01547,0.74085
CVE-2006-2072,0.01974,0.7812
CVE-2006-2073,0.04292,0.87029
CVE-2006-2074,0.01537,0.73595
CVE-2006-2075,0.01319,0.70416
CVE-2006-2076,0.02172,0.79917
CVE-2006-2077,0.01108,0.53389
CVE-2006-2078,0.01974,0.7812
CVE-2006-2079,0.02945,0.82784
CVE-2006-2080,0.01776,0.75902
CVE-2006-2081,0.19754,0.96211
CVE-2006-2082,0.01213,0.6557
CVE-2006-2083,0.04421,0.87629
CVE-2006-2084,0.01213,0.6557
CVE-2006-2085,0.09915,0.94265
CVE-2006-2086,0.78095,0.99418
CVE-2006-2087,0.01319,0.70416
CVE-2006-2088,0.01136,0.57949
CVE-2006-2089,0.01917,0.77071
CVE-2006-2090,0.01213,0.6557
CVE-2006-2091,0.01136,0.57949
CVE-2006-2092,0.01319,0.70416
CVE-2006-2093,0.0292,0.82471
CVE-2006-2094,0.44552,0.98243
CVE-2006-2095,0.01213,0.6557
CVE-2006-2096,0.01136,0.57949
CVE-2006-2097,0.01139,0.58345
CVE-2006-2098,0.01055,0.50287
CVE-2006-2099,0.07197,0.92068
CVE-2006-2100,0.07197,0.92068
CVE-2006-2101,0.07197,0.92068
CVE-2006-2102,0.07197,0.92068
CVE-2006-2103,0.01232,0.66248
CVE-2006-2104,0.01408,0.72072
CVE-2006-2105,0.01055,0.50287
CVE-2006-2106,0.01319,0.70416
CVE-2006-2107,0.06211,0.90307
CVE-2006-2108,0.04482,0.88223
CVE-2006-2109,0.02945,0.82784
CVE-2006-2110,0.01104,0.52279
CVE-2006-2111,0.46113,0.98301
CVE-2006-2112,0.01974,0.7812
CVE-2006-2113,0.01408,0.72072
CVE-2006-2114,0.06523,0.90962
CVE-2006-2115,0.06523,0.90962
CVE-2006-2116,0.04187,0.86773
CVE-2006-2117,0.01408,0.72072
CVE-2006-2118,0.01213,0.6557
CVE-2006-2119,0.40588,0.98099
CVE-2006-2120,0.03779,0.84781
CVE-2006-2121,0.07687,0.92751
CVE-2006-2122,0.15607,0.95873
CVE-2006-2123,0.01319,0.70416
CVE-2006-2124,0.02945,0.82784
CVE-2006-2126,0.01139,0.58345
CVE-2006-2127,0.00986,0.35784
CVE-2006-2128,0.02172,0.79917
CVE-2006-2129,0.01232,0.66248
CVE-2006-2130,0.01213,0.6557
CVE-2006-2131,0.01213,0.6557
CVE-2006-2132,0.00986,0.35784
CVE-2006-2133,0.01055,0.50287
CVE-2006-2134,0.04482,0.88223
CVE-2006-2135,0.01213,0.6557
CVE-2006-2136,0.01319,0.70416
CVE-2006-2137,0.0679,0.91793
CVE-2006-2138,0.02945,0.82784
CVE-2006-2139,0.01974,0.7812
CVE-2006-2140,0.02945,0.82784
CVE-2006-2141,0.02945,0.82784
CVE-2006-2142,0.0679,0.91793
CVE-2006-2143,0.02945,0.82784
CVE-2006-2144,0.10995,0.94626999999999994
CVE-2006-2145,0.01319,0.70416
CVE-2006-2146,0.01319,0.70416
CVE-2006-2147,0.01034,0.39824
CVE-2006-2148,0.1127,0.94787
CVE-2006-2149,0.0679,0.91793
CVE-2006-2150,0.01136,0.57949
CVE-2006-2151,0.0679,0.91793
CVE-2006-2152,0.0679,0.91793
CVE-2006-2153,0.01213,0.6557
CVE-2006-2154,0.01592,0.74578
CVE-2006-2155,0.01592,0.74578
CVE-2006-2156,0.07197,0.92068
CVE-2006-2157,0.01055,0.50287
CVE-2006-2158,0.01319,0.70416
CVE-2006-2159,0.01213,0.6557
CVE-2006-2160,0.01213,0.6557
CVE-2006-2161,0.04421,0.87629
CVE-2006-2162,0.12248,0.95092
CVE-2006-2163,0.01917,0.77071
CVE-2006-2164,0.01319,0.70416
CVE-2006-2165,0.01213,0.6557
CVE-2006-2166,0.01232,0.66248
CVE-2006-2167,0.01319,0.70416
CVE-2006-2168,0.01213,0.6557
CVE-2006-2169,0.01055,0.50287
CVE-2006-2170,0.1127,0.94787
CVE-2006-2171,0.07777,0.92953
CVE-2006-2172,0.05139,0.89128
CVE-2006-2173,0.05139,0.89128
CVE-2006-2174,0.02945,0.82784
CVE-2006-2175,0.10995,0.94626999999999994
CVE-2006-2176,0.01917,0.77071
CVE-2006-2177,0.01917,0.77071
CVE-2006-2178,0.028,0.82308
CVE-2006-2179,0.01139,0.58345
CVE-2006-2180,0.35205,0.97726
CVE-2006-2181,0.02945,0.82784
CVE-2006-2182,0.0679,0.91793
CVE-2006-2183,0.01034,0.39824
CVE-2006-2184,0.01213,0.6557
CVE-2006-2185,0.01034,0.39824
CVE-2006-2186,0.01213,0.6557
CVE-2006-2187,0.01917,0.77071
CVE-2006-2188,0.01408,0.72072
CVE-2006-2189,0.01319,0.70416
CVE-2006-2190,0.01319,0.70416
CVE-2006-2191,0.0292,0.82516
CVE-2006-2193,0.04229,0.86856
CVE-2006-2194,0.01282,0.67298
CVE-2006-2195,0.03932,0.8519
CVE-2006-2196,0.01034,0.39824
CVE-2006-2197,0.03481,0.84053
CVE-2006-2198,0.02686,0.82061
CVE-2006-2199,0.02686,0.82061
CVE-2006-2200,0.06604,0.91138
CVE-2006-2201,0.01282,0.67298
CVE-2006-2202,0.01974,0.7812
CVE-2006-2203,0.01018,0.38792
CVE-2006-2204,0.01315,0.67456
CVE-2006-2205,0.0095,0.30554
CVE-2006-2206,0.01136,0.57949
CVE-2006-2208,0.02945,0.82784
CVE-2006-2209,0.01139,0.58345
CVE-2006-2210,0.02945,0.82784
CVE-2006-2211,0.0679,0.91793
CVE-2006-2212,0.07777,0.92953
CVE-2006-2213,0.02172,0.79917
CVE-2006-2214,0.01139,0.58345
CVE-2006-2216,0.01136,0.57949
CVE-2006-2217,0.00986,0.35784
CVE-2006-2218,0.46718,0.98435
CVE-2006-2219,0.01213,0.6557
CVE-2006-2220,0.01213,0.6557
CVE-2006-2221,0.01282,0.67298
CVE-2006-2222,0.0679,0.91793
CVE-2006-2223,0.12567,0.95329
CVE-2006-2224,0.12567,0.95329
CVE-2006-2225,0.20096,0.96253
CVE-2006-2226,0.04187,0.86773
CVE-2006-2227,0.01776,0.75902
CVE-2006-2228,0.01917,0.77071
CVE-2006-2229,0.01213,0.6557
CVE-2006-2230,0.04187,0.86773
CVE-2006-2231,0.01319,0.70416
CVE-2006-2232,0.01213,0.6557
CVE-2006-2233,0.40588,0.98099
CVE-2006-2234,0.01136,0.57949
CVE-2006-2235,0.01136,0.57949
CVE-2006-2236,0.10995,0.94626999999999994
CVE-2006-2237,0.83557,0.99585
CVE-2006-2238,0.10439,0.94383
CVE-2006-2239,0.01319,0.70416
CVE-2006-2240,0.01319,0.70416
CVE-2006-2241,0.10995,0.94626999999999994
CVE-2006-2242,0.0679,0.91793
CVE-2006-2243,0.01213,0.6557
CVE-2006-2244,0.01213,0.6557
CVE-2006-2245,0.0679,0.91793
CVE-2006-2246,0.01319,0.70416
CVE-2006-2247,0.01408,0.72072
CVE-2006-2248,0.01319,0.70416
CVE-2006-2249,0.03129,0.8316
CVE-2006-2250,0.01213,0.6557
CVE-2006-2251,0.01319,0.70416
CVE-2006-2252,0.0679,0.91793
CVE-2006-2253,0.0679,0.91793
CVE-2006-2254,0.0679,0.91793
CVE-2006-2255,0.04386,0.87542
CVE-2006-2256,0.0679,0.91793
CVE-2006-2257,0.01319,0.70416
CVE-2006-2258,0.01319,0.70416
CVE-2006-2259,0.01319,0.70416
CVE-2006-2260,0.01213,0.6557
CVE-2006-2261,0.0679,0.91793
CVE-2006-2262,0.03129,0.8316
CVE-2006-2263,0.01139,0.58345
CVE-2006-2264,0.01139,0.58345
CVE-2006-2265,0.04482,0.88223
CVE-2006-2266,0.01213,0.6557
CVE-2006-2267,0.01974,0.7812
CVE-2006-2268,0.02172,0.79917
CVE-2006-2269,0.01917,0.77071
CVE-2006-2270,0.40588,0.98099
CVE-2006-2271,0.04358,0.87435
CVE-2006-2272,0.04358,0.87435
CVE-2006-2273,0.01776,0.75902
CVE-2006-2274,0.04358,0.87435
CVE-2006-2275,0.02172,0.79917
CVE-2006-2276,0.01547,0.74085
CVE-2006-2277,0.04187,0.86773
CVE-2006-2278,0.01319,0.70416
CVE-2006-2279,0.01408,0.72072
CVE-2006-2280,0.0679,0.91793
CVE-2006-2281,0.01319,0.70416
CVE-2006-2282,0.01319,0.70416
CVE-2006-2283,0.01408,0.72072
CVE-2006-2284,0.01408,0.72072
CVE-2006-2285,0.10995,0.94626999999999994
CVE-2006-2286,0.01213,0.6557
CVE-2006-2287,0.01213,0.6557
CVE-2006-2288,0.01034,0.39824
CVE-2006-2289,0.01755,0.75287
CVE-2006-2290,0.01213,0.6557
CVE-2006-2291,0.01213,0.6557
CVE-2006-2292,0.01319,0.70416
CVE-2006-2293,0.01139,0.58345
CVE-2006-2294,0.02945,0.82784
CVE-2006-2295,0.04482,0.88223
CVE-2006-2296,0.01139,0.58345
CVE-2006-2297,0.59139,0.98819
CVE-2006-2298,0.01408,0.72072
CVE-2006-2300,0.028,0.82308
CVE-2006-2301,0.01408,0.72072
CVE-2006-2302,0.01213,0.6557
CVE-2006-2303,0.01408,0.72072
CVE-2006-2304,0.13234,0.95482
CVE-2006-2305,0.01213,0.6557
CVE-2006-2306,0.01917,0.77071
CVE-2006-2307,0.01319,0.70416
CVE-2006-2308,0.01315,0.67456
CVE-2006-2309,0.01315,0.67456
CVE-2006-2310,0.04187,0.86773
CVE-2006-2311,0.01213,0.6557
CVE-2006-2312,0.01974,0.7812
CVE-2006-2313,0.02686,0.82061
CVE-2006-2314,0.02686,0.82061
CVE-2006-2315,0.10995,0.94626999999999994
CVE-2006-2316,0.02046,0.7858
CVE-2006-2317,0.01974,0.7812
CVE-2006-2318,0.01974,0.7812
CVE-2006-2319,0.01974,0.7812
CVE-2006-2320,0.01408,0.72072
CVE-2006-2321,0.01408,0.72072
CVE-2006-2322,0.01319,0.70416
CVE-2006-2323,0.02172,0.79917
CVE-2006-2324,0.0292,0.82516
CVE-2006-2325,0.01213,0.6557
CVE-2006-2326,0.01213,0.6557
CVE-2006-2327,0.13234,0.95482
CVE-2006-2328,0.01213,0.6557
CVE-2006-2329,0.01213,0.6557
CVE-2006-2330,0.01408,0.72072
CVE-2006-2331,0.02172,0.79917
CVE-2006-2332,0.01213,0.6557
CVE-2006-2333,0.01213,0.6557
CVE-2006-2334,0.02889,0.82436
CVE-2006-2335,0.01132,0.54372
CVE-2006-2336,0.00986,0.35784
CVE-2006-2337,0.01213,0.6557
CVE-2006-2338,0.01136,0.57949
CVE-2006-2339,0.01139,0.58345
CVE-2006-2340,0.01319,0.70416
CVE-2006-2341,0.07197,0.92068
CVE-2006-2342,0.01319,0.70416
CVE-2006-2343,0.01213,0.6557
CVE-2006-2344,0.01213,0.6557
CVE-2006-2345,0.01136,0.57949
CVE-2006-2346,0.01319,0.70416
CVE-2006-2347,0.01319,0.70416
CVE-2006-2348,0.01319,0.70416
CVE-2006-2349,0.09915,0.94265
CVE-2006-2351,0.03129,0.8316
CVE-2006-2352,0.01213,0.6557
CVE-2006-2353,0.01319,0.70416
CVE-2006-2354,0.01136,0.57949
CVE-2006-2355,0.01136,0.57949
CVE-2006-2356,0.01319,0.70416
CVE-2006-2357,0.01213,0.6557
CVE-2006-2358,0.01213,0.6557
CVE-2006-2359,0.00986,0.35784
CVE-2006-2360,0.00986,0.35784
CVE-2006-2361,0.0679,0.91793
CVE-2006-2362,0.23224,0.96531
CVE-2006-2363,0.01139,0.58345
CVE-2006-2364,0.01213,0.6557
CVE-2006-2365,0.01917,0.77071
CVE-2006-2366,0.01213,0.6557
CVE-2006-2367,0.01319,0.70416
CVE-2006-2368,0.01319,0.70416
CVE-2006-2369,0.78891,0.99439
CVE-2006-2370,0.7573,0.99329
CVE-2006-2371,0.24625,0.96695
CVE-2006-2372,0.63976,0.98955
CVE-2006-2373,0.43024,0.98202
CVE-2006-2374,0.0222,0.80429
CVE-2006-2376,0.46718,0.98435
CVE-2006-2378,0.46718,0.98435
CVE-2006-2379,0.63976,0.98955
CVE-2006-2380,0.20648,0.96329
CVE-2006-2382,0.46718,0.98435
CVE-2006-2383,0.63976,0.98955
CVE-2006-2384,0.23038,0.96506
CVE-2006-2385,0.43683,0.98219
CVE-2006-2386,0.46718,0.98435
CVE-2006-2387,0.27138,0.97037
CVE-2006-2388,0.27138,0.97037
CVE-2006-2389,0.59512,0.98824
CVE-2006-2390,0.01917,0.77071
CVE-2006-2391,0.07544,0.92484
CVE-2006-2392,0.0679,0.91793
CVE-2006-2393,0.0679,0.91793
CVE-2006-2394,0.01213,0.6557
CVE-2006-2395,0.10995,0.94626999999999994
CVE-2006-2396,0.02945,0.82784
CVE-2006-2397,0.04894,0.88891
CVE-2006-2398,0.10995,0.94626999999999994
CVE-2006-2399,0.05139,0.89128
CVE-2006-2400,0.01408,0.72072
CVE-2006-2401,0.01319,0.70416
CVE-2006-2402,0.01319,0.70416
CVE-2006-2403,0.01319,0.70416
CVE-2006-2404,0.07197,0.92068
CVE-2006-2405,0.01776,0.75902
CVE-2006-2406,0.01136,0.57949
CVE-2006-2407,0.78441,0.99428
CVE-2006-2408,0.08263,0.93269
CVE-2006-2409,0.01872,0.76301
CVE-2006-2410,0.01319,0.70416
CVE-2006-2411,0.07777,0.92953
CVE-2006-2412,0.01319,0.70416
CVE-2006-2413,0.07197,0.92068
CVE-2006-2414,0.02172,0.79917
CVE-2006-2415,0.01319,0.70416
CVE-2006-2416,0.01319,0.70416
CVE-2006-2417,0.01319,0.70416
CVE-2006-2418,0.01776,0.75902
CVE-2006-2419,0.01136,0.57949
CVE-2006-2420,0.01319,0.70416
CVE-2006-2421,0.06523,0.90962
CVE-2006-2422,0.01213,0.6557
CVE-2006-2423,0.03129,0.8316
CVE-2006-2424,0.0679,0.91793
CVE-2006-2425,0.03129,0.8316
CVE-2006-2426,0.12567,0.95329
CVE-2006-2427,0.01034,0.39824
CVE-2006-2428,0.07777,0.92953
CVE-2006-2429,0.01183,0.60428
CVE-2006-2430,0.01537,0.73595
CVE-2006-2431,0.12328,0.95117
CVE-2006-2432,0.01537,0.73595
CVE-2006-2433,0.01108,0.53389
CVE-2006-2434,0.01108,0.53389
CVE-2006-2435,0.03425,0.8393
CVE-2006-2436,0.01108,0.53389
CVE-2006-2437,0.04482,0.88223
CVE-2006-2438,0.01974,0.7812
CVE-2006-2439,0.19528,0.96205
CVE-2006-2440,0.03425,0.8393
CVE-2006-2441,0.01055,0.50287
CVE-2006-2442,0.0095,0.30554
CVE-2006-2443,0.00885,0.26162
CVE-2006-2444,0.15272,0.95729
CVE-2006-2445,0.01547,0.74085
CVE-2006-2446,0.01955,0.77585
CVE-2006-2447,0.80403,0.99491
CVE-2006-2448,0.01547,0.74085
CVE-2006-2449,0.01547,0.74085
CVE-2006-2450,0.03779,0.84781
CVE-2006-2451,0.0322,0.83442
CVE-2006-2452,0.01547,0.74085
CVE-2006-2453,0.02686,0.82061
CVE-2006-2458,0.39729,0.98024
CVE-2006-2459,0.04386,0.87542
CVE-2006-2460,0.10995,0.94626999999999994
CVE-2006-2461,0.01213,0.6557
CVE-2006-2462,0.01213,0.6557
CVE-2006-2463,0.01055,0.50287
CVE-2006-2464,0.0095,0.30554
CVE-2006-2465,0.09006,0.9374
CVE-2006-2466,0.01213,0.6557
CVE-2006-2467,0.01232,0.66248
CVE-2006-2468,0.01232,0.66248
CVE-2006-2469,0.01018,0.38792
CVE-2006-2470,0.01018,0.38792
CVE-2006-2471,0.01213,0.6557
CVE-2006-2472,0.0095,0.30554
CVE-2006-2473,0.02945,0.82784
CVE-2006-2474,0.01139,0.58345
CVE-2006-2475,0.01108,0.53389
CVE-2006-2476,0.01408,0.72072
CVE-2006-2477,0.01232,0.66248
CVE-2006-2478,0.01408,0.72072
CVE-2006-2479,0.01319,0.70416
CVE-2006-2480,0.27067,0.97028
CVE-2006-2481,0.0679,0.91793
CVE-2006-2482,0.03425,0.8393
CVE-2006-2483,0.0679,0.91793
CVE-2006-2484,0.01213,0.6557
CVE-2006-2485,0.10995,0.94626999999999994
CVE-2006-2486,0.01213,0.6557
CVE-2006-2487,0.10995,0.94626999999999994
CVE-2006-2488,0.01213,0.6557
CVE-2006-2489,0.07544,0.92484
CVE-2006-2490,0.05649,0.89807
CVE-2006-2491,0.04894,0.88891
CVE-2006-2492,0.27138,0.97037
CVE-2006-2494,0.15142,0.95704
CVE-2006-2495,0.01136,0.57949
CVE-2006-2496,0.07544,0.92484
CVE-2006-2497,0.02945,0.82784
CVE-2006-2498,0.01974,0.7812
CVE-2006-2499,0.01139,0.58345
CVE-2006-2500,0.01319,0.70416
CVE-2006-2501,0.01776,0.75902
CVE-2006-2502,0.72015,0.99186
CVE-2006-2503,0.01139,0.58345
CVE-2006-2504,0.01974,0.7812
CVE-2006-2505,0.01034,0.39824
CVE-2006-2506,0.01319,0.70416
CVE-2006-2507,0.10995,0.94626999999999994
CVE-2006-2508,0.01974,0.7812
CVE-2006-2509,0.01055,0.50287
CVE-2006-2510,0.01136,0.57949
CVE-2006-2511,0.01132,0.54372
CVE-2006-2512,0.01232,0.66248
CVE-2006-2513,0.01319,0.70416
CVE-2006-2514,0.01213,0.6557
CVE-2006-2515,0.01319,0.70416
CVE-2006-2516,0.16898,0.95986
CVE-2006-2517,0.01213,0.6557
CVE-2006-2518,0.01319,0.70416
CVE-2006-2519,0.01408,0.72072
CVE-2006-2520,0.01408,0.72072
CVE-2006-2521,0.04187,0.86773
CVE-2006-2522,0.01319,0.70416
CVE-2006-2523,0.04482,0.88223
CVE-2006-2524,0.01319,0.70416
CVE-2006-2525,0.01319,0.70416
CVE-2006-2526,0.01319,0.70416
CVE-2006-2527,0.01319,0.70416
CVE-2006-2528,0.01319,0.70416
CVE-2006-2529,0.01213,0.6557
CVE-2006-2530,0.01319,0.70416
CVE-2006-2531,0.0679,0.91793
CVE-2006-2532,0.01136,0.57949
CVE-2006-2533,0.01319,0.70416
CVE-2006-2534,0.01136,0.57949
CVE-2006-2535,0.01213,0.6557
CVE-2006-2536,0.01319,0.70416
CVE-2006-2537,0.1127,0.94787
CVE-2006-2538,0.01136,0.57949
CVE-2006-2539,0.0095,0.30554
CVE-2006-2540,0.01018,0.38792
CVE-2006-2541,0.04386,0.87542
CVE-2006-2542,0.0095,0.30554
CVE-2006-2543,0.01319,0.70416
CVE-2006-2544,0.01136,0.57949
CVE-2006-2545,0.01319,0.70416
CVE-2006-2546,0.01018,0.38792
CVE-2006-2547,0.01537,0.73595
CVE-2006-2548,0.40588,0.98099
CVE-2006-2549,0.05139,0.89128
CVE-2006-2550,0.07996,0.93017
CVE-2006-2551,0.01282,0.67298
CVE-2006-2552,0.01139,0.58345
CVE-2006-2553,0.01319,0.70416
CVE-2006-2554,0.1127,0.94787
CVE-2006-2555,0.01974,0.7812
CVE-2006-2556,0.01213,0.6557
CVE-2006-2557,0.12567,0.95329
CVE-2006-2558,0.01319,0.70416
CVE-2006-2559,0.01319,0.70416
CVE-2006-2560,0.01213,0.6557
CVE-2006-2561,0.01213,0.6557
CVE-2006-2562,0.01213,0.6557
CVE-2006-2563,0.01547,0.74085
CVE-2006-2564,0.01319,0.70416
CVE-2006-2565,0.01319,0.70416
CVE-2006-2566,0.01213,0.6557
CVE-2006-2567,0.01213,0.6557
CVE-2006-2568,0.0679,0.91793
CVE-2006-2569,0.00986,0.35784
CVE-2006-2570,0.04187,0.86773
CVE-2006-2571,0.01319,0.70416
CVE-2006-2572,0.01408,0.72072
CVE-2006-2573,0.01213,0.6557
CVE-2006-2574,0.01282,0.67298
CVE-2006-2575,0.07197,0.92068
CVE-2006-2576,0.01319,0.70416
CVE-2006-2577,0.01136,0.57949
CVE-2006-2578,0.01213,0.6557
CVE-2006-2579,0.33866,0.97595
CVE-2006-2580,0.01974,0.7812
CVE-2006-2581,0.01136,0.57949
CVE-2006-2582,0.01136,0.57949
CVE-2006-2583,0.12567,0.95329
CVE-2006-2584,0.01213,0.6557
CVE-2006-2585,0.01136,0.57949
CVE-2006-2586,0.01055,0.50287
CVE-2006-2587,0.10995,0.94626999999999994
CVE-2006-2588,0.01213,0.6557
CVE-2006-2589,0.01136,0.57949
CVE-2006-2590,0.01213,0.6557
CVE-2006-2591,0.01018,0.38792
CVE-2006-2592,0.01213,0.6557
CVE-2006-2605,0.01408,0.72072
CVE-2006-2606,0.01319,0.70416
CVE-2006-2607,0.01547,0.74085
CVE-2006-2608,0.0679,0.91793
CVE-2006-2609,0.01055,0.50287
CVE-2006-2610,0.01213,0.6557
CVE-2006-2611,0.01955,0.77585
CVE-2006-2612,0.01108,0.53389
CVE-2006-2613,0.01955,0.77585
CVE-2006-2614,0.01034,0.39824
CVE-2006-2615,0.01319,0.70416
CVE-2006-2616,0.01408,0.72072
CVE-2006-2617,0.01974,0.7812
CVE-2006-2618,0.01213,0.6557
CVE-2006-2629,0.01924,0.77129
CVE-2006-2630,0.78095,0.99418
CVE-2006-2631,0.01232,0.66248
CVE-2006-2632,0.01315,0.67456
CVE-2006-2633,0.01315,0.67456
CVE-2006-2634,0.01319,0.70416
CVE-2006-2635,0.21871,0.96424
CVE-2006-2636,0.01408,0.72072
CVE-2006-2637,0.03407,0.83908
CVE-2006-2638,0.01139,0.58345
CVE-2006-2639,0.01319,0.70416
CVE-2006-2640,0.01213,0.6557
CVE-2006-2641,0.01319,0.70416
CVE-2006-2642,0.01319,0.70416
CVE-2006-2643,0.01136,0.57949
CVE-2006-2644,0.08336,0.93297
CVE-2006-2645,0.07777,0.92953
CVE-2006-2646,0.07687,0.92751
CVE-2006-2647,0.01034,0.39824
CVE-2006-2648,0.03129,0.8316
CVE-2006-2649,0.01955,0.77585
CVE-2006-2650,0.028,0.82308
CVE-2006-2651,0.01319,0.70416
CVE-2006-2652,0.01319,0.70416
CVE-2006-2653,0.03129,0.8316
CVE-2006-2654,0.01108,0.53389
CVE-2006-2655,0.01319,0.70416
CVE-2006-2656,0.24062,0.96648
CVE-2006-2658,0.01319,0.70416
CVE-2006-2659,0.02686,0.82061
CVE-2006-2660,0.01282,0.67298
CVE-2006-2661,0.12567,0.95329
CVE-2006-2662,0.01034,0.39824
CVE-2006-2663,0.01319,0.70416
CVE-2006-2664,0.01319,0.70416
CVE-2006-2665,0.01319,0.70416
CVE-2006-2666,0.01319,0.70416
CVE-2006-2667,0.10995,0.94626999999999994
CVE-2006-2668,0.0679,0.91793
CVE-2006-2669,0.01776,0.75902
CVE-2006-2670,0.01213,0.6557
CVE-2006-2671,0.01213,0.6557
CVE-2006-2672,0.01776,0.75902
CVE-2006-2673,0.01319,0.70416
CVE-2006-2674,0.01408,0.72072
CVE-2006-2675,0.01136,0.57949
CVE-2006-2676,0.01136,0.57949
CVE-2006-2677,0.01136,0.57949
CVE-2006-2678,0.03407,0.83908
CVE-2006-2679,0.01034,0.39824
CVE-2006-2680,0.02945,0.82784
CVE-2006-2681,0.04482,0.88223
CVE-2006-2682,0.04187,0.86773
CVE-2006-2683,0.04187,0.86773
CVE-2006-2684,0.01319,0.70416
CVE-2006-2685,0.76453,0.99346
CVE-2006-2686,0.15272,0.95729
CVE-2006-2687,0.01232,0.66248
CVE-2006-2688,0.01319,0.70416
CVE-2006-2689,0.01917,0.77071
CVE-2006-2690,0.01055,0.50287
CVE-2006-2691,0.01213,0.6557
CVE-2006-2692,0.01213,0.6557
CVE-2006-2693,0.01319,0.70416
CVE-2006-2694,0.01213,0.6557
CVE-2006-2695,0.06309,0.90494
CVE-2006-2696,0.01136,0.57949
CVE-2006-2697,0.01136,0.57949
CVE-2006-2698,0.01408,0.72072
CVE-2006-2699,0.03129,0.8316
CVE-2006-2700,0.01408,0.72072
CVE-2006-2701,0.01213,0.6557
CVE-2006-2702,0.01408,0.72072
CVE-2006-2703,0.01136,0.57949
CVE-2006-2704,0.01408,0.72072
CVE-2006-2705,0.01319,0.70416
CVE-2006-2706,0.01319,0.70416
CVE-2006-2707,0.01319,0.70416
CVE-2006-2708,0.01408,0.72072
CVE-2006-2709,0.08263,0.93269
CVE-2006-2710,0.01319,0.70416
CVE-2006-2711,0.01319,0.70416
CVE-2006-2712,0.01974,0.7812
CVE-2006-2713,0.01319,0.70416
CVE-2006-2714,0.01319,0.70416
CVE-2006-2715,0.01319,0.70416
CVE-2006-2716,0.01319,0.70416
CVE-2006-2717,0.01104,0.52279
CVE-2006-2718,0.01232,0.66248
CVE-2006-2719,0.0095,0.30554
CVE-2006-2720,0.01136,0.57949
CVE-2006-2721,0.01136,0.57949
CVE-2006-2722,0.01055,0.50287
CVE-2006-2723,0.0679,0.91793
CVE-2006-2724,0.01213,0.6557
CVE-2006-2725,0.028,0.82308
CVE-2006-2726,0.12567,0.95329
CVE-2006-2727,0.01213,0.6557
CVE-2006-2728,0.02945,0.82784
CVE-2006-2729,0.01136,0.57949
CVE-2006-2730,0.04482,0.88223
CVE-2006-2731,0.04386,0.87542
CVE-2006-2732,0.04386,0.87542
CVE-2006-2733,0.01213,0.6557
CVE-2006-2734,0.01213,0.6557
CVE-2006-2735,0.12567,0.95329
CVE-2006-2736,0.10995,0.94626999999999994
CVE-2006-2737,0.07197,0.92068
CVE-2006-2738,0.01408,0.72072
CVE-2006-2739,0.01955,0.77585
CVE-2006-2740,0.01776,0.75902
CVE-2006-2741,0.01319,0.70416
CVE-2006-2742,0.01408,0.72072
CVE-2006-2743,0.10995,0.94626999999999994
CVE-2006-2744,0.01974,0.7812
CVE-2006-2745,0.01955,0.77585
CVE-2006-2746,0.01776,0.75902
CVE-2006-2747,0.0679,0.91793
CVE-2006-2748,0.01974,0.7812
CVE-2006-2749,0.01408,0.72072
CVE-2006-2750,0.01776,0.75902
CVE-2006-2751,0.01319,0.70416
CVE-2006-2752,0.00885,0.26162
CVE-2006-2753,0.02686,0.82061
CVE-2006-2754,0.04421,0.87629
CVE-2006-2755,0.01319,0.70416
CVE-2006-2756,0.01319,0.70416
CVE-2006-2757,0.01776,0.75902
CVE-2006-2758,0.01055,0.50287
CVE-2006-2759,0.01055,0.50287
CVE-2006-2760,0.01319,0.70416
CVE-2006-2761,0.01319,0.70416
CVE-2006-2762,0.02172,0.79917
CVE-2006-2763,0.04386,0.87542
CVE-2006-2764,0.01136,0.57949
CVE-2006-2765,0.01213,0.6557
CVE-2006-2766,0.44552,0.98243
CVE-2006-2767,0.07197,0.92068
CVE-2006-2768,0.04482,0.88223
CVE-2006-2769,0.12567,0.95329
CVE-2006-2770,0.07197,0.92068
CVE-2006-2771,0.04482,0.88223
CVE-2006-2772,0.01213,0.6557
CVE-2006-2773,0.01136,0.57949
CVE-2006-2774,0.01319,0.70416
CVE-2006-2775,0.04358,0.87435
CVE-2006-2776,0.12248,0.95092
CVE-2006-2777,0.12248,0.95092
CVE-2006-2778,0.12248,0.95092
CVE-2006-2779,0.06604,0.91138
CVE-2006-2780,0.06604,0.91138
CVE-2006-2781,0.08228,0.93218
CVE-2006-2782,0.03932,0.8519
CVE-2006-2783,0.03932,0.8519
CVE-2006-2784,0.03932,0.8519
CVE-2006-2785,0.03932,0.8519
CVE-2006-2786,0.03932,0.8519
CVE-2006-2787,0.03932,0.8519
CVE-2006-2788,0.08228,0.93218
CVE-2006-2789,0.01213,0.6557
CVE-2006-2790,0.01034,0.39824
CVE-2006-2791,0.01136,0.57949
CVE-2006-2792,0.01213,0.6557
CVE-2006-2793,0.01319,0.70416
CVE-2006-2794,0.01213,0.6557
CVE-2006-2795,0.01136,0.57949
CVE-2006-2796,0.01213,0.6557
CVE-2006-2797,0.01055,0.50287
CVE-2006-2798,0.01319,0.70416
CVE-2006-2799,0.01213,0.6557
CVE-2006-2800,0.01213,0.6557
CVE-2006-2801,0.01213,0.6557
CVE-2006-2802,0.12567,0.95329
CVE-2006-2803,0.02945,0.82784
CVE-2006-2804,0.01213,0.6557
CVE-2006-2805,0.00986,0.35784
CVE-2006-2806,0.01484,0.72722
CVE-2006-2807,0.04187,0.86773
CVE-2006-2808,0.01055,0.50287
CVE-2006-2809,0.01136,0.57949
CVE-2006-2810,0.01319,0.70416
CVE-2006-2811,0.12567,0.95329
CVE-2006-2812,0.01055,0.50287
CVE-2006-2813,0.01319,0.70416
CVE-2006-2814,0.15607,0.95873
CVE-2006-2815,0.01319,0.70416
CVE-2006-2816,0.01213,0.6557
CVE-2006-2817,0.00986,0.35784
CVE-2006-2818,0.04482,0.88223
CVE-2006-2819,0.04187,0.86773
CVE-2006-2820,0.01213,0.6557
CVE-2006-2821,0.01917,0.77071
CVE-2006-2822,0.01319,0.70416
CVE-2006-2823,0.01319,0.70416
CVE-2006-2824,0.01213,0.6557
CVE-2006-2825,0.01018,0.38792
CVE-2006-2826,0.01408,0.72072
CVE-2006-2827,0.01136,0.57949
CVE-2006-2828,0.04482,0.88223
CVE-2006-2829,0.01755,0.75287
CVE-2006-2830,0.05139,0.89128
CVE-2006-2831,0.07777,0.92953
CVE-2006-2832,0.01319,0.70416
CVE-2006-2833,0.01955,0.77585
CVE-2006-2834,0.0679,0.91793
CVE-2006-2835,0.01139,0.58345
CVE-2006-2836,0.01213,0.6557
CVE-2006-2837,0.01213,0.6557
CVE-2006-2838,0.04967,0.88981
CVE-2006-2839,0.01319,0.70416
CVE-2006-2840,0.01213,0.6557
CVE-2006-2841,0.12567,0.95329
CVE-2006-2842,0.12567,0.95329
CVE-2006-2843,0.01408,0.72072
CVE-2006-2844,0.01408,0.72072
CVE-2006-2845,0.01408,0.72072
CVE-2006-2846,0.01055,0.50287
CVE-2006-2847,0.01319,0.70416
CVE-2006-2848,0.01055,0.50287
CVE-2006-2849,0.07197,0.92068
CVE-2006-2850,0.01319,0.70416
CVE-2006-2851,0.01319,0.70416
CVE-2006-2852,0.12567,0.95329
CVE-2006-2853,0.01139,0.58345
CVE-2006-2854,0.00986,0.35784
CVE-2006-2855,0.00986,0.35784
CVE-2006-2856,0.0095,0.30554
CVE-2006-2857,0.01139,0.58345
CVE-2006-2858,0.028,0.82308
CVE-2006-2859,0.01213,0.6557
CVE-2006-2860,0.12567,0.95329
CVE-2006-2861,0.01139,0.58345
CVE-2006-2862,0.01213,0.6557
CVE-2006-2863,0.0679,0.91793
CVE-2006-2864,0.12567,0.95329
CVE-2006-2865,0.04482,0.88223
CVE-2006-2866,0.0679,0.91793
CVE-2006-2867,0.01139,0.58345
CVE-2006-2868,0.0679,0.91793
CVE-2006-2869,0.01018,0.38792
CVE-2006-2870,0.01213,0.6557
CVE-2006-2871,0.0679,0.91793
CVE-2006-2872,0.01213,0.6557
CVE-2006-2873,0.01917,0.77071
CVE-2006-2874,0.01108,0.53389
CVE-2006-2875,0.15607,0.95873
CVE-2006-2876,0.01055,0.50287
CVE-2006-2877,0.12567,0.95329
CVE-2006-2878,0.02172,0.79917
CVE-2006-2879,0.01319,0.70416
CVE-2006-2880,0.01213,0.6557
CVE-2006-2881,0.12567,0.95329
CVE-2006-2882,0.01319,0.70416
CVE-2006-2883,0.02945,0.82784
CVE-2006-2884,0.01139,0.58345
CVE-2006-2885,0.01319,0.70416
CVE-2006-2886,0.01136,0.57949
CVE-2006-2887,0.04386,0.87542
CVE-2006-2888,0.04482,0.88223
CVE-2006-2889,0.01139,0.58345
CVE-2006-2890,0.01213,0.6557
CVE-2006-2891,0.01213,0.6557
CVE-2006-2892,0.02945,0.82784
CVE-2006-2893,0.01319,0.70416
CVE-2006-2894,0.15272,0.95729
CVE-2006-2895,0.01213,0.6557
CVE-2006-2896,0.0679,0.91793
CVE-2006-2897,0.01213,0.6557
CVE-2006-2898,0.08228,0.93218
CVE-2006-2899,0.06262,0.90346
CVE-2006-2900,0.13105,0.9547
CVE-2006-2901,0.12567,0.95329
CVE-2006-2902,0.01055,0.50287
CVE-2006-2903,0.01213,0.6557
CVE-2006-2904,0.01213,0.6557
CVE-2006-2905,0.01213,0.6557
CVE-2006-2906,0.12567,0.95329
CVE-2006-2908,0.12567,0.95329
CVE-2006-2909,0.40588,0.98099
CVE-2006-2910,0.0292,0.82516
CVE-2006-2911,0.01408,0.72072
CVE-2006-2912,0.02172,0.79917
CVE-2006-2913,0.01319,0.70416
CVE-2006-2914,0.39729,0.98024
CVE-2006-2915,0.01955,0.77585
CVE-2006-2916,0.01547,0.74085
CVE-2006-2917,0.01132,0.54372
CVE-2006-2918,0.01408,0.72072
CVE-2006-2919,0.30511,0.97396
CVE-2006-2920,0.01319,0.70416
CVE-2006-2921,0.01213,0.6557
CVE-2006-2922,0.10995,0.94626999999999994
CVE-2006-2923,0.12248,0.95092
CVE-2006-2924,0.01319,0.70416
CVE-2006-2925,0.01319,0.70416
CVE-2006-2926,0.67074,0.99017
CVE-2006-2927,0.01213,0.6557
CVE-2006-2928,0.0679,0.91793
CVE-2006-2929,0.04187,0.86773
CVE-2006-2930,0.0095,0.30554
CVE-2006-2931,0.01319,0.70416
CVE-2006-2932,0.01034,0.39824
CVE-2006-2933,0.01034,0.39824
CVE-2006-2934,0.04358,0.87435
CVE-2006-2935,0.03054,0.82936
CVE-2006-2936,0.02686,0.82061
CVE-2006-2937,0.34498,0.97626
CVE-2006-2940,0.24189,0.96658
CVE-2006-2941,0.04358,0.87435
CVE-2006-2942,0.01408,0.72072
CVE-2006-2943,0.01319,0.70416
CVE-2006-2944,0.01319,0.70416
CVE-2006-2945,0.01132,0.54372
CVE-2006-2946,0.01136,0.57949
CVE-2006-2947,0.01213,0.6557
CVE-2006-2948,0.01319,0.70416
CVE-2006-2949,0.01213,0.6557
CVE-2006-2950,0.01974,0.7812
CVE-2006-2951,0.01955,0.77585
CVE-2006-2952,0.01974,0.7812
CVE-2006-2953,0.01319,0.70416
CVE-2006-2954,0.01319,0.70416
CVE-2006-2955,0.03129,0.8316
CVE-2006-2956,0.01213,0.6557
CVE-2006-2957,0.01055,0.50287
CVE-2006-2958,0.01213,0.6557
CVE-2006-2959,0.01319,0.70416
CVE-2006-2960,0.01213,0.6557
CVE-2006-2961,0.63115,0.98924
CVE-2006-2962,0.04187,0.86773
CVE-2006-2963,0.01319,0.70416
CVE-2006-2964,0.02172,0.79917
CVE-2006-2965,0.01213,0.6557
CVE-2006-2966,0.01213,0.6557
CVE-2006-2967,0.0095,0.30554
CVE-2006-2968,0.01319,0.70416
CVE-2006-2969,0.01319,0.70416
CVE-2006-2970,0.01213,0.6557
CVE-2006-2971,0.0679,0.91793
CVE-2006-2972,0.01319,0.70416
CVE-2006-2973,0.00986,0.35784
CVE-2006-2974,0.01213,0.6557
CVE-2006-2975,0.01213,0.6557
CVE-2006-2976,0.01018,0.38792
CVE-2006-2977,0.01319,0.70416
CVE-2006-2978,0.01213,0.6557
CVE-2006-2979,0.01408,0.72072
CVE-2006-2980,0.01136,0.57949
CVE-2006-2981,0.01055,0.50287
CVE-2006-2982,0.0679,0.91793
CVE-2006-2983,0.01055,0.50287
CVE-2006-2984,0.01319,0.70416
CVE-2006-2985,0.01213,0.6557
CVE-2006-2986,0.02945,0.82784
CVE-2006-2987,0.01136,0.57949
CVE-2006-2988,0.01319,0.70416
CVE-2006-2989,0.01213,0.6557
CVE-2006-2990,0.01319,0.70416
CVE-2006-2991,0.01776,0.75902
CVE-2006-2992,0.01319,0.70416
CVE-2006-2993,0.01319,0.70416
CVE-2006-2994,0.01319,0.70416
CVE-2006-2995,0.0679,0.91793
CVE-2006-2996,0.04482,0.88223
CVE-2006-2997,0.01319,0.70416
CVE-2006-2998,0.04482,0.88223
CVE-2006-2999,0.01213,0.6557
CVE-2006-3000,0.01213,0.6557
CVE-2006-3001,0.01213,0.6557
CVE-2006-3002,0.01319,0.70416
CVE-2006-3003,0.01213,0.6557
CVE-2006-3004,0.01319,0.70416
CVE-2006-3005,0.01018,0.38792
CVE-2006-3006,0.02945,0.82784
CVE-2006-3007,0.01319,0.70416
CVE-2006-3009,0.04894,0.88891
CVE-2006-3010,0.01974,0.7812
CVE-2006-3011,0.01547,0.74085
CVE-2006-3012,0.01408,0.72072
CVE-2006-3013,0.01776,0.75902
CVE-2006-3014,0.48309,0.98493
CVE-2006-3015,0.07197,0.92068
CVE-2006-3016,0.02686,0.82061
CVE-2006-3017,0.02686,0.82061
CVE-2006-3018,0.01537,0.73595
CVE-2006-3019,0.12567,0.95329
CVE-2006-3020,0.01213,0.6557
CVE-2006-3021,0.01213,0.6557
CVE-2006-3022,0.01213,0.6557
CVE-2006-3023,0.01213,0.6557
CVE-2006-3024,0.01319,0.70416
CVE-2006-3025,0.01055,0.50287
CVE-2006-3026,0.01213,0.6557
CVE-2006-3027,0.04386,0.87542
CVE-2006-3028,0.0679,0.91793
CVE-2006-3029,0.01213,0.6557
CVE-2006-3030,0.01319,0.70416
CVE-2006-3031,0.01213,0.6557
CVE-2006-3032,0.01319,0.70416
CVE-2006-3033,0.01213,0.6557
CVE-2006-3034,0.01213,0.6557
CVE-2006-3035,0.01055,0.50287
CVE-2006-3036,0.02945,0.82784
CVE-2006-3037,0.01213,0.6557
CVE-2006-3038,0.01213,0.6557
CVE-2006-3039,0.01213,0.6557
CVE-2006-3040,0.01213,0.6557
CVE-2006-3041,0.01213,0.6557
CVE-2006-3042,0.04482,0.88223
CVE-2006-3043,0.01319,0.70416
CVE-2006-3044,0.01213,0.6557
CVE-2006-3045,0.01136,0.57949
CVE-2006-3046,0.0089,0.2856
CVE-2006-3047,0.01776,0.75902
CVE-2006-3048,0.01408,0.72072
CVE-2006-3049,0.01213,0.6557
CVE-2006-3050,0.0679,0.91793
CVE-2006-3051,0.04894,0.88891
CVE-2006-3052,0.01917,0.77071
CVE-2006-3053,0.04482,0.88223
CVE-2006-3054,0.01213,0.6557
CVE-2006-3055,0.01136,0.57949
CVE-2006-3056,0.01136,0.57949
CVE-2006-3057,0.01319,0.70416
CVE-2006-3059,0.63976,0.98955
CVE-2006-3060,0.01213,0.6557
CVE-2006-3061,0.05649,0.89807
CVE-2006-3062,0.01213,0.6557
CVE-2006-3063,0.01213,0.6557
CVE-2006-3064,0.01213,0.6557
CVE-2006-3065,0.01139,0.58345
CVE-2006-3066,0.01319,0.70416
CVE-2006-3067,0.01974,0.7812
CVE-2006-3068,0.01213,0.6557
CVE-2006-3069,0.0679,0.91793
CVE-2006-3070,0.01319,0.70416
CVE-2006-3071,0.01319,0.70416
CVE-2006-3072,0.01034,0.39824
CVE-2006-3073,0.01776,0.75902
CVE-2006-3074,0.08895,0.93684
CVE-2006-3075,0.01974,0.7812
CVE-2006-3076,0.04187,0.86773
CVE-2006-3077,0.01055,0.50287
CVE-2006-3078,0.01408,0.72072
CVE-2006-3079,0.01213,0.6557
CVE-2006-3080,0.01319,0.70416
CVE-2006-3081,0.10859,0.94472
CVE-2006-3082,0.12567,0.95329
CVE-2006-3083,0.01547,0.74085
CVE-2006-3084,0.01547,0.74085
CVE-2006-3085,0.02686,0.82061
CVE-2006-3086,0.58548,0.98802
CVE-2006-3087,0.01319,0.70416
CVE-2006-3088,0.01136,0.57949
CVE-2006-3089,0.03407,0.83908
CVE-2006-3090,0.03407,0.83908
CVE-2006-3091,0.01408,0.72072
CVE-2006-3092,0.01319,0.70416
CVE-2006-3093,0.01537,0.73595
CVE-2006-3094,0.01319,0.70416
CVE-2006-3095,0.01319,0.70416
CVE-2006-3096,0.01055,0.50287
CVE-2006-3097,0.01282,0.67298
CVE-2006-3100,0.00885,0.26162
CVE-2006-3101,0.04894,0.88891
CVE-2006-3102,0.01955,0.77585
CVE-2006-3103,0.01776,0.75902
CVE-2006-3104,0.01974,0.7812
CVE-2006-3105,0.01319,0.70416
CVE-2006-3106,0.01055,0.50287
CVE-2006-3107,0.01213,0.6557
CVE-2006-3108,0.01055,0.50287
CVE-2006-3109,0.05649,0.89807
CVE-2006-3110,0.01136,0.57949
CVE-2006-3111,0.01319,0.70416
CVE-2006-3112,0.01136,0.57949
CVE-2006-3113,0.08228,0.93218
CVE-2006-3114,0.01104,0.52279
CVE-2006-3115,0.01136,0.57949
CVE-2006-3116,0.12248,0.95092
CVE-2006-3117,0.04421,0.87629
CVE-2006-3118,0.0089,0.2856
CVE-2006-3119,0.01537,0.73595
CVE-2006-3120,0.0547,0.89492
CVE-2006-3121,0.12567,0.95329
CVE-2006-3122,0.04292,0.87029
CVE-2006-3123,0.01104,0.52279
CVE-2006-3124,0.35205,0.97726
CVE-2006-3125,0.1127,0.94787
CVE-2006-3126,0.01974,0.7812
CVE-2006-3127,0.01408,0.72072
CVE-2006-3128,0.01315,0.67456
CVE-2006-3129,0.01319,0.70416
CVE-2006-3130,0.01319,0.70416
CVE-2006-3131,0.01408,0.72072
CVE-2006-3132,0.01319,0.70416
CVE-2006-3134,0.09915,0.94265
CVE-2006-3135,0.02172,0.79917
CVE-2006-3136,0.01319,0.70416
CVE-2006-3137,0.01213,0.6557
CVE-2006-3138,0.01408,0.72072
CVE-2006-3139,0.02172,0.79917
CVE-2006-3140,0.01055,0.50287
CVE-2006-3141,0.01319,0.70416
CVE-2006-3142,0.00986,0.35784
CVE-2006-3143,0.01917,0.77071
CVE-2006-3144,0.10995,0.94626999999999994
CVE-2006-3145,0.05139,0.89128
CVE-2006-3146,0.02172,0.79917
CVE-2006-3147,0.05931,0.90093
CVE-2006-3148,0.01319,0.70416
CVE-2006-3149,0.01319,0.70416
CVE-2006-3150,0.01319,0.70416
CVE-2006-3151,0.02945,0.82784
CVE-2006-3152,0.03779,0.84781
CVE-2006-3153,0.01319,0.70416
CVE-2006-3154,0.01319,0.70416
CVE-2006-3155,0.01136,0.57949
CVE-2006-3156,0.01319,0.70416
CVE-2006-3157,0.01319,0.70416
CVE-2006-3158,0.0679,0.91793
CVE-2006-3159,0.01104,0.52279
CVE-2006-3160,0.01319,0.70416
CVE-2006-3161,0.00986,0.35784
CVE-2006-3162,0.01213,0.6557
CVE-2006-3163,0.01408,0.72072
CVE-2006-3164,0.01319,0.70416
CVE-2006-3165,0.01319,0.70416
CVE-2006-3166,0.01055,0.50287
CVE-2006-3167,0.01055,0.50287
CVE-2006-3168,0.01974,0.7812
CVE-2006-3169,0.01776,0.75902
CVE-2006-3170,0.01408,0.72072
CVE-2006-3171,0.01319,0.70416
CVE-2006-3172,0.12567,0.95329
CVE-2006-3173,0.04187,0.86773
CVE-2006-3174,0.01955,0.77585
CVE-2006-3175,0.07197,0.92068
CVE-2006-3176,0.01139,0.58345
CVE-2006-3177,0.0679,0.91793
CVE-2006-3178,0.01974,0.7812
CVE-2006-3179,0.01319,0.70416
CVE-2006-3180,0.01319,0.70416
CVE-2006-3181,0.01319,0.70416
CVE-2006-3182,0.01319,0.70416
CVE-2006-3183,0.01319,0.70416
CVE-2006-3184,0.01232,0.66248
CVE-2006-3185,0.0679,0.91793
CVE-2006-3186,0.01917,0.77071
CVE-2006-3187,0.01213,0.6557
CVE-2006-3188,0.01055,0.50287
CVE-2006-3189,0.01917,0.77071
CVE-2006-3190,0.01136,0.57949
CVE-2006-3191,0.01917,0.77071
CVE-2006-3192,0.07197,0.92068
CVE-2006-3193,0.12567,0.95329
CVE-2006-3194,0.0679,0.91793
CVE-2006-3195,0.01917,0.77071
CVE-2006-3196,0.01136,0.57949
CVE-2006-3197,0.01319,0.70416
CVE-2006-3198,0.1127,0.94787
CVE-2006-3199,0.10995,0.94626999999999994
CVE-2006-3200,0.13525,0.9555
CVE-2006-3201,0.01282,0.67298
CVE-2006-3202,0.0089,0.2856
CVE-2006-3203,0.01136,0.57949
CVE-2006-3204,0.01136,0.57949
CVE-2006-3205,0.01136,0.57949
CVE-2006-3206,0.01055,0.50287
CVE-2006-3207,0.01055,0.50287
CVE-2006-3208,0.01061,0.51015
CVE-2006-3209,0.01297,0.67316
CVE-2006-3210,0.03407,0.83908
CVE-2006-3211,0.01319,0.70416
CVE-2006-3212,0.01213,0.6557
CVE-2006-3213,0.01139,0.58345
CVE-2006-3214,0.01319,0.70416
CVE-2006-3215,0.01319,0.70416
CVE-2006-3216,0.01408,0.72072
CVE-2006-3217,0.01408,0.72072
CVE-2006-3218,0.01136,0.57949
CVE-2006-3219,0.01136,0.57949
CVE-2006-3220,0.01136,0.57949
CVE-2006-3221,0.01139,0.58345
CVE-2006-3222,0.01319,0.70416
CVE-2006-3223,0.11971,0.94964
CVE-2006-3224,0.01055,0.50287
CVE-2006-3225,0.01319,0.70416
CVE-2006-3226,0.02172,0.79917
CVE-2006-3227,0.20648,0.96329
CVE-2006-3228,0.11409,0.94831
CVE-2006-3229,0.01213,0.6557
CVE-2006-3230,0.01319,0.70416
CVE-2006-3231,0.01974,0.7812
CVE-2006-3232,0.01018,0.38792
CVE-2006-3233,0.01319,0.70416
CVE-2006-3234,0.01319,0.70416
CVE-2006-3235,0.01319,0.70416
CVE-2006-3236,0.01408,0.72072
CVE-2006-3237,0.01319,0.70416
CVE-2006-3238,0.01319,0.70416
CVE-2006-3239,0.01213,0.6557
CVE-2006-3240,0.01319,0.70416
CVE-2006-3241,0.01213,0.6557
CVE-2006-3242,0.08228,0.93218
CVE-2006-3243,0.01319,0.70416
CVE-2006-3244,0.01213,0.6557
CVE-2006-3245,0.01917,0.77071
CVE-2006-3246,0.01319,0.70416
CVE-2006-3247,0.01319,0.70416
CVE-2006-3249,0.01213,0.6557
CVE-2006-3250,0.17655,0.96057
CVE-2006-3251,0.04421,0.87629
CVE-2006-3252,0.75392,0.99312
CVE-2006-3253,0.02945,0.82784
CVE-2006-3254,0.00986,0.35784
CVE-2006-3255,0.00986,0.35784
CVE-2006-3256,0.00986,0.35784
CVE-2006-3257,0.01408,0.72072
CVE-2006-3258,0.01319,0.70416
CVE-2006-3259,0.03129,0.8316
CVE-2006-3260,0.01408,0.72072
CVE-2006-3261,0.01319,0.70416
CVE-2006-3262,0.04386,0.87542
CVE-2006-3263,0.01055,0.50287
CVE-2006-3264,0.01408,0.72072
CVE-2006-3265,0.01319,0.70416
CVE-2006-3266,0.12567,0.95329
CVE-2006-3267,0.01213,0.6557
CVE-2006-3268,0.01537,0.73595
CVE-2006-3269,0.0679,0.91793
CVE-2006-3270,0.01055,0.50287
CVE-2006-3271,0.01139,0.58345
CVE-2006-3272,0.01055,0.50287
CVE-2006-3273,0.01319,0.70416
CVE-2006-3274,0.02172,0.79917
CVE-2006-3275,0.01213,0.6557
CVE-2006-3276,0.1127,0.94787
CVE-2006-3277,0.10995,0.94626999999999994
CVE-2006-3278,0.01319,0.70416
CVE-2006-3279,0.01319,0.70416
CVE-2006-3280,0.46113,0.98301
CVE-2006-3281,0.72259,0.99201
CVE-2006-3282,0.01213,0.6557
CVE-2006-3283,0.01136,0.57949
CVE-2006-3284,0.01213,0.6557
CVE-2006-3285,0.01319,0.70416
CVE-2006-3286,0.01319,0.70416
CVE-2006-3287,0.01319,0.70416
CVE-2006-3288,0.01319,0.70416
CVE-2006-3289,0.01319,0.70416
CVE-2006-3290,0.01319,0.70416
CVE-2006-3291,0.01408,0.72072
CVE-2006-3292,0.028,0.82308
CVE-2006-3293,0.01319,0.70416
CVE-2006-3294,0.0679,0.91793
CVE-2006-3295,0.02945,0.82784
CVE-2006-3296,0.01139,0.58345
CVE-2006-3297,0.01055,0.50287
CVE-2006-3298,0.04187,0.86773
CVE-2006-3299,0.02945,0.82784
CVE-2006-3300,0.0679,0.91793
CVE-2006-3301,0.01213,0.6557
CVE-2006-3302,0.01055,0.50287
CVE-2006-3303,0.01213,0.6557
CVE-2006-3304,0.028,0.82308
CVE-2006-3305,0.01319,0.70416
CVE-2006-3306,0.01213,0.6557
CVE-2006-3307,0.01213,0.6557
CVE-2006-3308,0.01018,0.38792
CVE-2006-3309,0.01139,0.58345
CVE-2006-3311,0.09915,0.94265
CVE-2006-3312,0.03932,0.8519
CVE-2006-3313,0.01319,0.70416
CVE-2006-3314,0.04482,0.88223
CVE-2006-3315,0.04187,0.86773
CVE-2006-3316,0.07525,0.92398
CVE-2006-3317,0.39729,0.98024
CVE-2006-3318,0.01319,0.70416
CVE-2006-3319,0.01319,0.70416
CVE-2006-3320,0.03407,0.83908
CVE-2006-3321,0.01213,0.6557
CVE-2006-3322,0.01319,0.70416
CVE-2006-3323,0.12567,0.95329
CVE-2006-3324,0.02172,0.79917
CVE-2006-3325,0.01537,0.73595
CVE-2006-3326,0.01213,0.6557
CVE-2006-3327,0.01319,0.70416
CVE-2006-3328,0.01319,0.70416
CVE-2006-3329,0.00986,0.35784
CVE-2006-3330,0.01408,0.72072
CVE-2006-3331,0.02172,0.79917
CVE-2006-3332,0.01213,0.6557
CVE-2006-3333,0.01055,0.50287
CVE-2006-3334,0.04229,0.86856
CVE-2006-3335,0.01282,0.67298
CVE-2006-3336,0.06523,0.90962
CVE-2006-3337,0.03129,0.8316
CVE-2006-3338,0.01319,0.70416
CVE-2006-3339,0.01213,0.6557
CVE-2006-3340,0.12567,0.95329
CVE-2006-3341,0.00986,0.35784
CVE-2006-3342,0.01319,0.70416
CVE-2006-3343,0.04187,0.86773
CVE-2006-3344,0.01183,0.60428
CVE-2006-3345,0.01055,0.50287
CVE-2006-3346,0.01319,0.70416
CVE-2006-3347,0.01139,0.58345
CVE-2006-3348,0.01055,0.50287
CVE-2006-3349,0.01055,0.50287
CVE-2006-3350,0.07525,0.92398
CVE-2006-3351,0.16991,0.95995
CVE-2006-3352,0.01408,0.72072
CVE-2006-3353,0.0679,0.91793
CVE-2006-3354,0.25598,0.96882
CVE-2006-3355,0.07687,0.92751
CVE-2006-3356,0.01136,0.57949
CVE-2006-3357,0.36031,0.97768
CVE-2006-3358,0.028,0.82308
CVE-2006-3359,0.00986,0.35784
CVE-2006-3360,0.01408,0.72072
CVE-2006-3361,0.04482,0.88223
CVE-2006-3362,0.12567,0.95329
CVE-2006-3363,0.07303,0.92109
CVE-2006-3364,0.04386,0.87542
CVE-2006-3365,0.01319,0.70416
CVE-2006-3366,0.01917,0.77071
CVE-2006-3367,0.01136,0.57949
CVE-2006-3368,0.01319,0.70416
CVE-2006-3369,0.01319,0.70416
CVE-2006-3370,0.01136,0.57949
CVE-2006-3371,0.01319,0.70416
CVE-2006-3372,0.0679,0.91793
CVE-2006-3373,0.0095,0.30554
CVE-2006-3374,0.04187,0.86773
CVE-2006-3375,0.04482,0.88223
CVE-2006-3376,0.12248,0.95092
CVE-2006-3377,0.01955,0.77585
CVE-2006-3378,0.01034,0.39824
CVE-2006-3379,0.01974,0.7812
CVE-2006-3380,0.01213,0.6557
CVE-2006-3381,0.04187,0.86773
CVE-2006-3382,0.01319,0.70416
CVE-2006-3383,0.01136,0.57949
CVE-2006-3384,0.01319,0.70416
CVE-2006-3385,0.02945,0.82784
CVE-2006-3386,0.01213,0.6557
CVE-2006-3387,0.04187,0.86773
CVE-2006-3388,0.01955,0.77585
CVE-2006-3389,0.02172,0.79917
CVE-2006-3390,0.01408,0.72072
CVE-2006-3391,0.01213,0.6557
CVE-2006-3393,0.01213,0.6557
CVE-2006-3394,0.01139,0.58345
CVE-2006-3395,0.0679,0.91793
CVE-2006-3396,0.10995,0.94626999999999994
CVE-2006-3397,0.01319,0.70416
CVE-2006-3398,0.01136,0.57949
CVE-2006-3399,0.01319,0.70416
CVE-2006-3400,0.04291,0.87022
CVE-2006-3401,0.05139,0.89128
CVE-2006-3402,0.00986,0.35784
CVE-2006-3403,0.04358,0.87435
CVE-2006-3404,0.04229,0.86856
CVE-2006-3405,0.01917,0.77071
CVE-2006-3406,0.01055,0.50287
CVE-2006-3407,0.01319,0.70416
CVE-2006-3408,0.01319,0.70416
CVE-2006-3409,0.07777,0.92953
CVE-2006-3410,0.01319,0.70416
CVE-2006-3411,0.01213,0.6557
CVE-2006-3412,0.01213,0.6557
CVE-2006-3413,0.01018,0.38792
CVE-2006-3414,0.01213,0.6557
CVE-2006-3415,0.01213,0.6557
CVE-2006-3416,0.00954,0.34522
CVE-2006-3417,0.01213,0.6557
CVE-2006-3418,0.01213,0.6557
CVE-2006-3419,0.01018,0.38792
CVE-2006-3420,0.01136,0.57949
CVE-2006-3421,0.10995,0.94626999999999994
CVE-2006-3422,0.04187,0.86773
CVE-2006-3423,0.09915,0.94265
CVE-2006-3424,0.06523,0.90962
CVE-2006-3425,0.01974,0.7812
CVE-2006-3426,0.01974,0.7812
CVE-2006-3427,0.24729,0.96719
CVE-2006-3428,0.01319,0.70416
CVE-2006-3429,0.01213,0.6557
CVE-2006-3430,0.02172,0.79917
CVE-2006-3431,0.42578,0.98181
CVE-2006-3434,0.46718,0.98435
CVE-2006-3435,0.46718,0.98435
CVE-2006-3436,0.28246,0.97159
CVE-2006-3438,0.17655,0.96057
CVE-2006-3439,0.87309,0.99738
CVE-2006-3440,0.46718,0.98435
CVE-2006-3441,0.46718,0.98435
CVE-2006-3442,0.46718,0.98435
CVE-2006-3443,0.03934,0.85191
CVE-2006-3444,0.19102,0.9616
CVE-2006-3445,0.46718,0.98435
CVE-2006-3448,0.46718,0.98435
CVE-2006-3449,0.20648,0.96329
CVE-2006-3450,0.46718,0.98435
CVE-2006-3451,0.46718,0.98435
CVE-2006-3452,0.01221,0.65581
CVE-2006-3453,0.07996,0.93017
CVE-2006-3454,0.02172,0.79379
CVE-2006-3455,0.01872,0.76301
CVE-2006-3456,0.06739,0.91208
CVE-2006-3457,0.01034,0.39824
CVE-2006-3458,0.01282,0.67298
CVE-2006-3459,0.56713,0.98751
CVE-2006-3460,0.04229,0.86856
CVE-2006-3461,0.04421,0.87629
CVE-2006-3462,0.04421,0.87629
CVE-2006-3463,0.02686,0.82061
CVE-2006-3464,0.04421,0.87629
CVE-2006-3465,0.08228,0.93218
CVE-2006-3467,0.08228,0.93218
CVE-2006-3468,0.12567,0.95329
CVE-2006-3469,0.10859,0.94472
CVE-2006-3470,0.01136,0.57949
CVE-2006-3471,0.24729,0.96719
CVE-2006-3472,0.18563,0.96143
CVE-2006-3473,0.01213,0.6557
CVE-2006-3474,0.00986,0.35784
CVE-2006-3475,0.12567,0.95329
CVE-2006-3476,0.02945,0.82784
CVE-2006-3477,0.01213,0.6557
CVE-2006-3478,0.04187,0.86773
CVE-2006-3479,0.01213,0.6557
CVE-2006-3480,0.01776,0.75902
CVE-2006-3481,0.01974,0.7812
CVE-2006-3482,0.01319,0.70416
CVE-2006-3483,0.01213,0.6557
CVE-2006-3484,0.04894,0.88891
CVE-2006-3485,0.01319,0.70416
CVE-2006-3486,0.0095,0.30554
CVE-2006-3487,0.01055,0.50287
CVE-2006-3488,0.01055,0.50287
CVE-2006-3489,0.01408,0.72072
CVE-2006-3490,0.01408,0.72072
CVE-2006-3491,0.20096,0.96253
CVE-2006-3492,0.02172,0.79917
CVE-2006-3493,0.67444,0.9905
CVE-2006-3494,0.03932,0.8519
CVE-2006-3495,0.01282,0.67298
CVE-2006-3496,0.01974,0.7812
CVE-2006-3497,0.01837,0.76209
CVE-2006-3498,0.06494,0.90631
CVE-2006-3499,0.01034,0.39824
CVE-2006-3500,0.01837,0.76209
CVE-2006-3501,0.0196,0.77594
CVE-2006-3502,0.03722,0.84363
CVE-2006-3503,0.0196,0.77594
CVE-2006-3504,0.01108,0.53389
CVE-2006-3505,0.04314,0.87033
CVE-2006-3506,0.01837,0.76209
CVE-2006-3507,0.0307,0.82949
CVE-2006-3508,0.01837,0.76209
CVE-2006-3509,0.01837,0.76209
CVE-2006-3510,0.24729,0.96719
CVE-2006-3511,0.24729,0.96719
CVE-2006-3512,0.25598,0.96882
CVE-2006-3513,0.24729,0.96719
CVE-2006-3514,0.01319,0.70416
CVE-2006-3515,0.01408,0.72072
CVE-2006-3516,0.01055,0.50287
CVE-2006-3517,0.04187,0.86773
CVE-2006-3518,0.01139,0.58345
CVE-2006-3519,0.01319,0.70416
CVE-2006-3520,0.04187,0.86773
CVE-2006-3521,0.01055,0.50287
CVE-2006-3522,0.01955,0.77585
CVE-2006-3523,0.01213,0.6557
CVE-2006-3524,0.78095,0.99418
CVE-2006-3525,0.01055,0.50287
CVE-2006-3526,0.01319,0.70416
CVE-2006-3527,0.02172,0.79917
CVE-2006-3528,0.10995,0.94626999999999994
CVE-2006-3529,0.01974,0.7812
CVE-2006-3530,0.07197,0.92068
CVE-2006-3531,0.01408,0.72072
CVE-2006-3532,0.01319,0.70416
CVE-2006-3533,0.01955,0.77585
CVE-2006-3534,0.01319,0.70416
CVE-2006-3535,0.01319,0.70416
CVE-2006-3536,0.01136,0.57949
CVE-2006-3537,0.01319,0.70416
CVE-2006-3538,0.01213,0.6557
CVE-2006-3539,0.01955,0.77585
CVE-2006-3540,0.0095,0.30554
CVE-2006-3541,0.01232,0.66248
CVE-2006-3542,0.01408,0.72072
CVE-2006-3543,0.00986,0.35784
CVE-2006-3544,0.01319,0.70416
CVE-2006-3545,0.11676,0.94929
CVE-2006-3546,0.04187,0.86773
CVE-2006-3547,0.01018,0.38792
CVE-2006-3548,0.03407,0.83908
CVE-2006-3549,0.03779,0.84781
CVE-2006-3550,0.01408,0.72072
CVE-2006-3551,0.00885,0.26162
CVE-2006-3552,0.01018,0.38792
CVE-2006-3553,0.06523,0.90962
CVE-2006-3554,0.01408,0.72072
CVE-2006-3555,0.01319,0.70416
CVE-2006-3556,0.10995,0.94626999999999994
CVE-2006-3557,0.01055,0.50287
CVE-2006-3558,0.01408,0.72072
CVE-2006-3559,0.01319,0.70416
CVE-2006-3560,0.01139,0.58345
CVE-2006-3561,0.10995,0.94626999999999994
CVE-2006-3562,0.04482,0.88223
CVE-2006-3563,0.01917,0.77071
CVE-2006-3564,0.01955,0.77585
CVE-2006-3565,0.01319,0.70416
CVE-2006-3566,0.01213,0.6557
CVE-2006-3567,0.01408,0.72072
CVE-2006-3568,0.02945,0.82784
CVE-2006-3569,0.01034,0.39824
CVE-2006-3570,0.01213,0.6557
CVE-2006-3571,0.01776,0.75902
CVE-2006-3572,0.01974,0.7812
CVE-2006-3573,0.1127,0.94787
CVE-2006-3574,0.01319,0.70416
CVE-2006-3575,0.0095,0.30554
CVE-2006-3576,0.01055,0.50287
CVE-2006-3577,0.00986,0.35784
CVE-2006-3578,0.01319,0.70416
CVE-2006-3579,0.01319,0.70416
CVE-2006-3580,0.01319,0.70416
CVE-2006-3581,0.39729,0.98024
CVE-2006-3582,0.09915,0.94265
CVE-2006-3583,0.01319,0.70416
CVE-2006-3584,0.01213,0.6557
CVE-2006-3585,0.01776,0.75902
CVE-2006-3586,0.01319,0.70416
CVE-2006-3587,0.03932,0.8519
CVE-2006-3588,0.03932,0.8519
CVE-2006-3589,0.01547,0.74085
CVE-2006-3590,0.11833,0.94952
CVE-2006-3591,0.24729,0.96719
CVE-2006-3593,0.01034,0.39824
CVE-2006-3594,0.07777,0.92953
CVE-2006-3595,0.01974,0.7812
CVE-2006-3596,0.01319,0.70416
CVE-2006-3597,0.0089,0.2856
CVE-2006-3598,0.00986,0.35784
CVE-2006-3599,0.01055,0.50287
CVE-2006-3600,0.06604,0.91138
CVE-2006-3601,0.01136,0.57949
CVE-2006-3602,0.0679,0.91793
CVE-2006-3603,0.02945,0.82784
CVE-2006-3604,0.0679,0.91793
CVE-2006-3605,0.24729,0.96719
CVE-2006-3606,0.01108,0.53389
CVE-2006-3607,0.01917,0.77071
CVE-2006-3608,0.05931,0.90093
CVE-2006-3609,0.01213,0.6557
CVE-2006-3610,0.01055,0.50287
CVE-2006-3611,0.04187,0.86773
CVE-2006-3612,0.01055,0.50287
CVE-2006-3613,0.01136,0.57949
CVE-2006-3614,0.01213,0.6557
CVE-2006-3615,0.01408,0.72072
CVE-2006-3616,0.04894,0.88891
CVE-2006-3617,0.01136,0.57949
CVE-2006-3618,0.01136,0.57949
CVE-2006-3619,0.02686,0.82061
CVE-2006-3620,0.01213,0.6557
CVE-2006-3621,0.00986,0.35784
CVE-2006-3622,0.01055,0.50287
CVE-2006-3623,0.01408,0.72072
CVE-2006-3624,0.01917,0.77071
CVE-2006-3625,0.01055,0.50287
CVE-2006-3626,0.01547,0.74085
CVE-2006-3627,0.04358,0.87435
CVE-2006-3628,0.08228,0.93218
CVE-2006-3629,0.04358,0.87435
CVE-2006-3630,0.02686,0.82061
CVE-2006-3631,0.04358,0.87435
CVE-2006-3632,0.08228,0.93218
CVE-2006-3633,0.01232,0.66248
CVE-2006-3634,0.00885,0.26162
CVE-2006-3635,0.0095,0.30554
CVE-2006-3636,0.21871,0.96424
CVE-2006-3637,0.77151,0.99381
CVE-2006-3638,0.36031,0.97768
CVE-2006-3639,0.43683,0.98219
CVE-2006-3640,0.16864,0.95983
CVE-2006-3643,0.17072,0.96002
CVE-2006-3647,0.46718,0.98435
CVE-2006-3648,0.406,0.98111
CVE-2006-3649,0.27138,0.97037
CVE-2006-3650,0.46718,0.98435
CVE-2006-3651,0.46718,0.98435
CVE-2006-3652,0.16864,0.95983
CVE-2006-3653,0.25598,0.96882
CVE-2006-3654,0.13105,0.9547
CVE-2006-3655,0.59139,0.98819
CVE-2006-3656,0.58919,0.98813
CVE-2006-3657,0.13105,0.9547
CVE-2006-3658,0.13525,0.9555
CVE-2006-3659,0.13105,0.9547
CVE-2006-3660,0.34723,0.97687
CVE-2006-3661,0.01055,0.50287
CVE-2006-3662,0.01139,0.58345
CVE-2006-3663,0.0095,0.30554
CVE-2006-3664,0.01319,0.70416
CVE-2006-3665,0.01213,0.6557
CVE-2006-3666,0.01213,0.6557
CVE-2006-3667,0.01018,0.38792
CVE-2006-3668,0.24062,0.96648
CVE-2006-3669,0.0089,0.2856
CVE-2006-3670,0.40588,0.98099
CVE-2006-3671,0.01136,0.57949
CVE-2006-3672,0.0679,0.91793
CVE-2006-3673,0.01319,0.70416
CVE-2006-3674,0.01319,0.70416
CVE-2006-3675,0.01108,0.53389
CVE-2006-3676,0.01408,0.72072
CVE-2006-3677,0.85789,0.99672
CVE-2006-3678,0.01408,0.72072
CVE-2006-3679,0.01408,0.72072
CVE-2006-3680,0.03129,0.8316
CVE-2006-3681,0.01319,0.70416
CVE-2006-3682,0.0679,0.91793
CVE-2006-3683,0.10995,0.94626999999999994
CVE-2006-3684,0.01319,0.70416
CVE-2006-3685,0.01213,0.6557
CVE-2006-3686,0.01213,0.6557
CVE-2006-3687,0.40588,0.98099
CVE-2006-3688,0.01213,0.6557
CVE-2006-3689,0.0679,0.91793
CVE-2006-3690,0.07197,0.92068
CVE-2006-3691,0.01974,0.7812
CVE-2006-3692,0.0679,0.91793
CVE-2006-3693,0.0322,0.83442
CVE-2006-3694,0.04358,0.87435
CVE-2006-3695,0.01776,0.75902
CVE-2006-3696,0.01924,0.77129
CVE-2006-3697,0.01282,0.67298
CVE-2006-3698,0.04386,0.87542
CVE-2006-3699,0.01282,0.67298
CVE-2006-3700,0.01537,0.73595
CVE-2006-3701,0.01282,0.67298
CVE-2006-3702,0.02686,0.82061
CVE-2006-3703,0.01282,0.67298
CVE-2006-3704,0.01537,0.73595
CVE-2006-3705,0.02686,0.82061
CVE-2006-3706,0.01537,0.73595
CVE-2006-3707,0.01282,0.67298
CVE-2006-3708,0.01537,0.73595
CVE-2006-3709,0.01537,0.73595
CVE-2006-3710,0.01537,0.73595
CVE-2006-3711,0.01537,0.73595
CVE-2006-3712,0.01537,0.73595
CVE-2006-3713,0.01537,0.73595
CVE-2006-3714,0.01537,0.73595
CVE-2006-3715,0.01537,0.73595
CVE-2006-3716,0.01537,0.73595
CVE-2006-3717,0.01537,0.73595
CVE-2006-3718,0.01537,0.73595
CVE-2006-3719,0.01282,0.67298
CVE-2006-3720,0.01282,0.67298
CVE-2006-3721,0.01537,0.73595
CVE-2006-3722,0.01537,0.73595
CVE-2006-3723,0.01537,0.73595
CVE-2006-3724,0.01537,0.73595
CVE-2006-3725,0.0095,0.30554
CVE-2006-3726,0.57772,0.98769
CVE-2006-3727,0.04386,0.87542
CVE-2006-3728,0.01232,0.66248
CVE-2006-3729,0.24729,0.96719
CVE-2006-3730,0.8429,0.99604
CVE-2006-3731,0.01055,0.50287
CVE-2006-3732,0.01108,0.53389
CVE-2006-3733,0.10995,0.94626999999999994
CVE-2006-3734,0.02808,0.82317
CVE-2006-3735,0.10995,0.94626999999999994
CVE-2006-3736,0.04482,0.88223
CVE-2006-3737,0.01213,0.6557
CVE-2006-3738,0.24189,0.96658
CVE-2006-3739,0.03054,0.82936
CVE-2006-3740,0.03054,0.82936
CVE-2006-3741,0.01547,0.74085
CVE-2006-3742,0.00885,0.26162
CVE-2006-3743,0.04421,0.87629
CVE-2006-3744,0.04421,0.87629
CVE-2006-3745,0.01547,0.74085
CVE-2006-3746,0.15272,0.95729
CVE-2006-3748,0.04482,0.88223
CVE-2006-3749,0.10995,0.94626999999999994
CVE-2006-3750,0.0679,0.91793
CVE-2006-3751,0.0679,0.91793
CVE-2006-3752,0.01408,0.72072
CVE-2006-3753,0.01018,0.38792
CVE-2006-3754,0.01213,0.6557
CVE-2006-3755,0.01136,0.57949
CVE-2006-3756,0.01213,0.6557
CVE-2006-3757,0.01055,0.50287
CVE-2006-3758,0.01319,0.70416
CVE-2006-3759,0.01018,0.38792
CVE-2006-3760,0.01213,0.6557
CVE-2006-3761,0.01776,0.75902
CVE-2006-3762,0.01055,0.50287
CVE-2006-3763,0.01139,0.58345
CVE-2006-3764,0.01136,0.57949
CVE-2006-3765,0.01319,0.70416
CVE-2006-3766,0.01018,0.38792
CVE-2006-3767,0.01408,0.72072
CVE-2006-3768,0.1127,0.94787
CVE-2006-3769,0.01955,0.77585
CVE-2006-3770,0.01974,0.7812
CVE-2006-3771,0.12567,0.95329
CVE-2006-3772,0.07197,0.92068
CVE-2006-3773,0.0679,0.91793
CVE-2006-3774,0.0679,0.91793
CVE-2006-3775,0.01319,0.70416
CVE-2006-3776,0.0679,0.91793
CVE-2006-3777,0.0679,0.91793
CVE-2006-3778,0.01213,0.6557
CVE-2006-3779,0.01132,0.54372
CVE-2006-3780,0.01055,0.50287
CVE-2006-3781,0.01108,0.53389
CVE-2006-3782,0.01034,0.39824
CVE-2006-3783,0.01034,0.39824
CVE-2006-3784,0.0095,0.30554
CVE-2006-3785,0.0089,0.2856
CVE-2006-3786,0.0095,0.30554
CVE-2006-3787,0.01924,0.77129
CVE-2006-3788,0.1127,0.94787
CVE-2006-3789,0.07544,0.92484
CVE-2006-3790,0.02172,0.79917
CVE-2006-3791,0.02172,0.79917
CVE-2006-3792,0.02172,0.79917
CVE-2006-3793,0.10995,0.94626999999999994
CVE-2006-3794,0.01319,0.70416
CVE-2006-3795,0.01408,0.72072
CVE-2006-3796,0.01213,0.6557
CVE-2006-3797,0.01213,0.6557
CVE-2006-3798,0.01213,0.6557
CVE-2006-3799,0.01319,0.70416
CVE-2006-3800,0.01319,0.70416
CVE-2006-3801,0.04358,0.87435
CVE-2006-3802,0.03932,0.8519
CVE-2006-3803,0.09915,0.94265
CVE-2006-3804,0.04358,0.87435
CVE-2006-3805,0.15258,0.9571
CVE-2006-3806,0.15258,0.9571
CVE-2006-3807,0.15258,0.9571
CVE-2006-3808,0.04421,0.87629
CVE-2006-3809,0.0563,0.89604
CVE-2006-3810,0.03932,0.8519
CVE-2006-3811,0.10367,0.94368
CVE-2006-3812,0.03932,0.8519
CVE-2006-3813,0.0095,0.30554
CVE-2006-3814,0.24062,0.96648
CVE-2006-3815,0.0322,0.83442
CVE-2006-3816,0.01018,0.38792
CVE-2006-3817,0.01955,0.77585
CVE-2006-3818,0.01319,0.70416
CVE-2006-3819,0.0679,0.91793
CVE-2006-3820,0.01319,0.70416
CVE-2006-3821,0.01319,0.70416
CVE-2006-3822,0.00986,0.35784
CVE-2006-3823,0.04386,0.87542
CVE-2006-3824,0.0322,0.83442
CVE-2006-3825,0.0095,0.30554
CVE-2006-3826,0.01319,0.70416
CVE-2006-3827,0.01232,0.66248
CVE-2006-3828,0.01232,0.66248
CVE-2006-3829,0.01213,0.6557
CVE-2006-3830,0.01055,0.50287
CVE-2006-3831,0.01213,0.6557
CVE-2006-3832,0.04386,0.87542
CVE-2006-3833,0.01213,0.6557
CVE-2006-3834,0.00885,0.26162
CVE-2006-3835,0.33043,0.97543
CVE-2006-3836,0.0679,0.91793
CVE-2006-3837,0.01018,0.38792
CVE-2006-3838,0.78441,0.99428
CVE-2006-3840,0.02172,0.79917
CVE-2006-3841,0.01408,0.72072
CVE-2006-3842,0.01213,0.6557
CVE-2006-3843,0.04187,0.86773
CVE-2006-3844,0.01232,0.66248
CVE-2006-3845,0.11409,0.94831
CVE-2006-3846,0.0679,0.91793
CVE-2006-3847,0.0679,0.91793
CVE-2006-3848,0.01776,0.75902
CVE-2006-3849,0.1127,0.94787
CVE-2006-3850,0.07197,0.92068
CVE-2006-3851,0.00986,0.35784
CVE-2006-3852,0.01408,0.72072
CVE-2006-3853,0.09915,0.94265
CVE-2006-3854,0.06523,0.90962
CVE-2006-3855,0.01649,0.75017
CVE-2006-3856,0.01282,0.67298
CVE-2006-3857,0.09085,0.93856
CVE-2006-3858,0.01282,0.67298
CVE-2006-3859,0.01132,0.54372
CVE-2006-3860,0.02172,0.79917
CVE-2006-3861,0.01649,0.75017
CVE-2006-3862,0.04421,0.87629
CVE-2006-3864,0.46718,0.98435
CVE-2006-3867,0.27138,0.97037
CVE-2006-3868,0.46718,0.98435
CVE-2006-3869,0.29369,0.97207
CVE-2006-3873,0.29369,0.97207
CVE-2006-3875,0.27138,0.97037
CVE-2006-3876,0.27138,0.97037
CVE-2006-3877,0.16969,0.95993
CVE-2006-3878,0.01104,0.52279
CVE-2006-3879,0.0679,0.91793
CVE-2006-3880,0.20999,0.96367
CVE-2006-3881,0.01136,0.57949
CVE-2006-3882,0.01055,0.50287
CVE-2006-3883,0.04894,0.88891
CVE-2006-3884,0.04386,0.87542
CVE-2006-3885,0.01974,0.7812
CVE-2006-3886,0.00986,0.35784
CVE-2006-3887,0.07777,0.92953
CVE-2006-3888,0.1127,0.94787
CVE-2006-3890,0.15142,0.95704
CVE-2006-3892,0.01408,0.72072
CVE-2006-3893,0.07777,0.92953
CVE-2006-3894,0.03779,0.84781
CVE-2006-3896,0.01132,0.54372
CVE-2006-3897,0.24729,0.96719
CVE-2006-3898,0.24729,0.96719
CVE-2006-3899,0.24729,0.96719
CVE-2006-3900,0.01408,0.72072
CVE-2006-3901,0.07777,0.92953
CVE-2006-3902,0.01055,0.50287
CVE-2006-3903,0.01319,0.70416
CVE-2006-3904,0.04386,0.87542
CVE-2006-3905,0.01319,0.70416
CVE-2006-3906,0.02172,0.79917
CVE-2006-3907,0.01408,0.72072
CVE-2006-3908,0.04291,0.87022
CVE-2006-3909,0.02945,0.82784
CVE-2006-3910,0.24729,0.96719
CVE-2006-3911,0.12567,0.95329
CVE-2006-3912,0.02104,0.79086
CVE-2006-3913,0.07544,0.92484
CVE-2006-3914,0.01132,0.54372
CVE-2006-3915,0.24729,0.96719
CVE-2006-3916,0.01319,0.70416
CVE-2006-3917,0.04187,0.86773
CVE-2006-3918,0.77322,0.99385
CVE-2006-3919,0.01213,0.6557
CVE-2006-3920,0.01408,0.72072
CVE-2006-3921,0.01649,0.75017
CVE-2006-3922,0.0679,0.91793
CVE-2006-3923,0.01319,0.70416
CVE-2006-3924,0.01213,0.6557
CVE-2006-3925,0.06523,0.90962
CVE-2006-3926,0.028,0.82308
CVE-2006-3927,0.02945,0.82784
CVE-2006-3928,0.0679,0.91793
CVE-2006-3929,0.04894,0.88891
CVE-2006-3930,0.07197,0.92068
CVE-2006-3931,0.01899,0.76481
CVE-2006-3932,0.01136,0.57949
CVE-2006-3933,0.01232,0.66248
CVE-2006-3934,0.01232,0.66248
CVE-2006-3935,0.01815,0.76117
CVE-2006-3936,0.01232,0.66248
CVE-2006-3937,0.01136,0.57949
CVE-2006-3938,0.04358,0.87435
CVE-2006-3939,0.01136,0.57949
CVE-2006-3940,0.00986,0.35784
CVE-2006-3941,0.04229,0.86856
CVE-2006-3942,0.6667,0.99007
CVE-2006-3943,0.25598,0.96882
CVE-2006-3944,0.24729,0.96719
CVE-2006-3945,0.01213,0.6557
CVE-2006-3946,0.07035,0.91906
CVE-2006-3947,0.07197,0.92068
CVE-2006-3948,0.01917,0.77071
CVE-2006-3949,0.04187,0.86773
CVE-2006-3950,0.01319,0.70416
CVE-2006-3951,0.04187,0.86773
CVE-2006-3953,0.01136,0.57949
CVE-2006-3954,0.01136,0.57949
CVE-2006-3955,0.10995,0.94626999999999994
CVE-2006-3956,0.01319,0.70416
CVE-2006-3957,0.04187,0.86773
CVE-2006-3958,0.01319,0.70416
CVE-2006-3959,0.01139,0.58345
CVE-2006-3960,0.01139,0.58345
CVE-2006-3961,0.76393,0.99344
CVE-2006-3962,0.04187,0.86773
CVE-2006-3963,0.00986,0.35784
CVE-2006-3964,0.04187,0.86773
CVE-2006-3965,0.01055,0.50287
CVE-2006-3966,0.10995,0.94626999999999994
CVE-2006-3967,0.04187,0.86773
CVE-2006-3968,0.01108,0.53389
CVE-2006-3969,0.0679,0.91793
CVE-2006-3970,0.0679,0.91793
CVE-2006-3971,0.01319,0.70416
CVE-2006-3972,0.0679,0.91793
CVE-2006-3973,0.01034,0.39824
CVE-2006-3974,0.02945,0.82784
CVE-2006-3975,0.10995,0.94628
CVE-2006-3976,0.01213,0.6557
CVE-2006-3977,0.01213,0.6557
CVE-2006-3978,0.05212,0.89148
CVE-2006-3979,0.01108,0.53389
CVE-2006-3980,0.07197,0.92068
CVE-2006-3981,0.01055,0.50287
CVE-2006-3982,0.04187,0.86773
CVE-2006-3983,0.04187,0.86773
CVE-2006-3984,0.0679,0.91793
CVE-2006-3985,0.02768,0.82197
CVE-2006-3986,0.0679,0.91793
CVE-2006-3987,0.0679,0.91793
CVE-2006-3988,0.0679,0.91793
CVE-2006-3989,0.07197,0.92068
CVE-2006-3990,0.15272,0.95729
CVE-2006-3991,0.04187,0.86773
CVE-2006-3992,0.06309,0.90494
CVE-2006-3993,0.02172,0.79917
CVE-2006-3994,0.01139,0.58345
CVE-2006-3995,0.12567,0.95329
CVE-2006-3996,0.04386,0.87542
CVE-2006-3997,0.0679,0.91793
CVE-2006-3998,0.04482,0.88223
CVE-2006-3999,0.0089,0.2856
CVE-2006-4000,0.04482,0.88223
CVE-2006-4001,0.01319,0.70416
CVE-2006-4002,0.01319,0.70416
CVE-2006-4003,0.01319,0.70416
CVE-2006-4004,0.0679,0.91793
CVE-2006-4005,0.02172,0.79917
CVE-2006-4006,0.10995,0.94626999999999994
CVE-2006-4007,0.04187,0.86773
CVE-2006-4008,0.04187,0.86773
CVE-2006-4009,0.01917,0.77071
CVE-2006-4010,0.028,0.82308
CVE-2006-4011,0.04187,0.86773
CVE-2006-4012,0.0679,0.91793
CVE-2006-4013,0.01776,0.75902
CVE-2006-4014,0.01213,0.6557
CVE-2006-4015,0.01319,0.70416
CVE-2006-4016,0.01319,0.70416
CVE-2006-4017,0.01319,0.70416
CVE-2006-4018,0.47944,0.98484
CVE-2006-4019,0.12567,0.95329
CVE-2006-4020,0.11299,0.94792
CVE-2006-4021,0.01018,0.38792
CVE-2006-4022,0.01592,0.74578
CVE-2006-4023,0.01213,0.6557
CVE-2006-4024,0.04081,0.85323
CVE-2006-4025,0.01139,0.58345
CVE-2006-4026,0.01408,0.72072
CVE-2006-4028,0.01537,0.73595
CVE-2006-4029,0.40588,0.98099
CVE-2006-4030,0.01319,0.70416
CVE-2006-4031,0.01547,0.74085
CVE-2006-4032,0.01408,0.72072
CVE-2006-4033,0.09915,0.94265
CVE-2006-4034,0.04187,0.86773
CVE-2006-4035,0.01319,0.70416
CVE-2006-4036,0.07197,0.92068
CVE-2006-4037,0.06523,0.90962
CVE-2006-4038,0.01319,0.70416
CVE-2006-4039,0.01319,0.70416
CVE-2006-4040,0.0679,0.91793
CVE-2006-4041,0.01974,0.7812
CVE-2006-4042,0.01408,0.72072
CVE-2006-4043,0.01319,0.70416
CVE-2006-4044,0.0679,0.91793
CVE-2006-4045,0.0679,0.91793
CVE-2006-4046,0.40588,0.98099
CVE-2006-4047,0.01213,0.6557
CVE-2006-4048,0.01213,0.6557
CVE-2006-4049,0.01034,0.39824
CVE-2006-4050,0.0679,0.91793
CVE-2006-4051,0.0679,0.91793
CVE-2006-4052,0.12567,0.95329
CVE-2006-4053,0.07197,0.92068
CVE-2006-4054,0.01213,0.6557
CVE-2006-4055,0.07197,0.92068
CVE-2006-4056,0.01408,0.72072
CVE-2006-4057,0.04291,0.87022
CVE-2006-4058,0.01319,0.70416
CVE-2006-4059,0.12567,0.95329
CVE-2006-4060,0.07197,0.92068
CVE-2006-4061,0.04482,0.88223
CVE-2006-4062,0.01213,0.6557
CVE-2006-4063,0.04187,0.86773
CVE-2006-4064,0.028,0.82308
CVE-2006-4065,0.01213,0.6557
CVE-2006-4066,0.10522,0.94391
CVE-2006-4067,0.01213,0.6557
CVE-2006-4068,0.04187,0.86773
CVE-2006-4069,0.01319,0.70416
CVE-2006-4070,0.0292,0.82516
CVE-2006-4071,0.46739000000000003,0.98437
CVE-2006-4072,0.00986,0.35784
CVE-2006-4073,0.0679,0.91793
CVE-2006-4074,0.0679,0.91793
CVE-2006-4075,0.12567,0.95329
CVE-2006-4076,0.01319,0.70416
CVE-2006-4077,0.0679,0.91793
CVE-2006-4078,0.01319,0.70416
CVE-2006-4079,0.01213,0.6557
CVE-2006-4080,0.01055,0.50287
CVE-2006-4081,0.0679,0.91793
CVE-2006-4082,0.01104,0.52279
CVE-2006-4083,0.01136,0.57949
CVE-2006-4084,0.00885,0.26162
CVE-2006-4085,0.01055,0.50287
CVE-2006-4086,0.01055,0.50287
CVE-2006-4087,0.01136,0.57949
CVE-2006-4088,0.01213,0.6557
CVE-2006-4089,0.12567,0.95329
CVE-2006-4090,0.01319,0.70416
CVE-2006-4091,0.01213,0.6557
CVE-2006-4092,0.01034,0.39824
CVE-2006-4093,0.01547,0.74085
CVE-2006-4095,0.26383,0.96972
CVE-2006-4096,0.26383,0.96972
CVE-2006-4097,0.01408,0.72072
CVE-2006-4098,0.06555,0.90974
CVE-2006-4099,0.01319,0.70416
CVE-2006-4102,0.04187,0.86773
CVE-2006-4103,0.07197,0.92068
CVE-2006-4104,0.01319,0.70416
CVE-2006-4105,0.01213,0.6557
CVE-2006-4106,0.01213,0.6557
CVE-2006-4107,0.01213,0.6557
CVE-2006-4108,0.01213,0.6557
CVE-2006-4109,0.01213,0.6557
CVE-2006-4110,0.21029,0.96369
CVE-2006-4111,0.01974,0.7812
CVE-2006-4112,0.02172,0.79917
CVE-2006-4113,0.0679,0.91793
CVE-2006-4114,0.04386,0.87542
CVE-2006-4115,0.04482,0.88223
CVE-2006-4116,0.04421,0.87629
CVE-2006-4117,0.01213,0.6557
CVE-2006-4118,0.01319,0.70416
CVE-2006-4119,0.01055,0.50287
CVE-2006-4120,0.01319,0.70416
CVE-2006-4121,0.04482,0.88223
CVE-2006-4122,0.0679,0.91793
CVE-2006-4123,0.04187,0.86773
CVE-2006-4124,0.01924,0.77129
CVE-2006-4125,0.40588,0.98099
CVE-2006-4126,0.10995,0.94626999999999994
CVE-2006-4127,0.03481,0.84053
CVE-2006-4128,0.06248,0.90327
CVE-2006-4129,0.0679,0.91793
CVE-2006-4130,0.07197,0.92068
CVE-2006-4131,0.35205,0.97726
CVE-2006-4132,0.01974,0.7812
CVE-2006-4133,0.07544,0.92484
CVE-2006-4134,0.01974,0.7812
CVE-2006-4135,0.01408,0.72072
CVE-2006-4136,0.01108,0.53389
CVE-2006-4137,0.01108,0.53389
CVE-2006-4138,0.40615,0.98112
CVE-2006-4139,0.01108,0.53389
CVE-2006-4140,0.10995,0.94626999999999994
CVE-2006-4141,0.01136,0.57949
CVE-2006-4142,0.01319,0.70416
CVE-2006-4143,0.01213,0.6557
CVE-2006-4144,0.27067,0.97028
CVE-2006-4145,0.01547,0.74085
CVE-2006-4146,0.02768,0.82197
CVE-2006-4154,0.05532,0.89518
CVE-2006-4155,0.01136,0.57949
CVE-2006-4156,0.04187,0.86773
CVE-2006-4157,0.01917,0.77071
CVE-2006-4158,0.0679,0.91793
CVE-2006-4159,0.02172,0.79917
CVE-2006-4160,0.07197,0.92068
CVE-2006-4161,0.0679,0.91793
CVE-2006-4162,0.01136,0.57949
CVE-2006-4163,0.07687,0.92751
CVE-2006-4164,0.04187,0.86773
CVE-2006-4165,0.01213,0.6557
CVE-2006-4166,0.0679,0.91793
CVE-2006-4168,0.08228,0.93218
CVE-2006-4169,0.01649,0.75017
CVE-2006-4172,0.01872,0.76301
CVE-2006-4175,0.01408,0.72072
CVE-2006-4177,0.09196,0.93925
CVE-2006-4178,0.01761,0.7555
CVE-2006-4181,0.07777,0.92953
CVE-2006-4182,0.49148,0.98529
CVE-2006-4183,0.27138,0.97037
CVE-2006-4184,0.01034,0.39824
CVE-2006-4185,0.0095,0.30554
CVE-2006-4186,0.0095,0.30554
CVE-2006-4187,0.01282,0.67298
CVE-2006-4188,0.02172,0.79917
CVE-2006-4189,0.03932,0.8519
CVE-2006-4190,0.01761,0.7555
CVE-2006-4191,0.10995,0.94626999999999994
CVE-2006-4192,0.44712,0.98253
CVE-2006-4193,0.67873000000000006,0.99057
CVE-2006-4194,0.01319,0.70416
CVE-2006-4195,0.0679,0.91793
CVE-2006-4196,0.10995,0.94626999999999994
CVE-2006-4197,0.4228,0.98169
CVE-2006-4198,0.10995,0.94626999999999994
CVE-2006-4199,0.01213,0.6557
CVE-2006-4200,0.01213,0.6557
CVE-2006-4201,0.33866,0.97595
CVE-2006-4202,0.00986,0.35784
CVE-2006-4203,0.04482,0.88223
CVE-2006-4204,0.0679,0.91793
CVE-2006-4205,0.04187,0.86773
CVE-2006-4206,0.02945,0.82784
CVE-2006-4207,0.0679,0.91793
CVE-2006-4208,0.07197,0.92068
CVE-2006-4209,0.0679,0.91793
CVE-2006-4210,0.04187,0.86773
CVE-2006-4211,0.01319,0.70416
CVE-2006-4212,0.01319,0.70416
CVE-2006-4213,0.01136,0.57949
CVE-2006-4214,0.02172,0.79917
CVE-2006-4215,0.0679,0.91793
CVE-2006-4217,0.04187,0.86773
CVE-2006-4218,0.01213,0.6557
CVE-2006-4219,0.36803,0.97787
CVE-2006-4220,0.02945,0.82784
CVE-2006-4221,0.1127,0.94787
CVE-2006-4222,0.00954,0.34522
CVE-2006-4223,0.01183,0.60428
CVE-2006-4224,0.01136,0.57949
CVE-2006-4226,0.02276,0.80597
CVE-2006-4227,0.10859,0.94472
CVE-2006-4228,0.01815,0.76117
CVE-2006-4229,0.01319,0.70416
CVE-2006-4230,0.04187,0.86773
CVE-2006-4231,0.01136,0.57949
CVE-2006-4232,0.0095,0.30554
CVE-2006-4233,0.0095,0.30554
CVE-2006-4234,0.04187,0.86773
CVE-2006-4235,0.08263,0.93269
CVE-2006-4236,0.12567,0.95329
CVE-2006-4237,0.04187,0.86773
CVE-2006-4238,0.00986,0.35784
CVE-2006-4239,0.04482,0.88223
CVE-2006-4240,0.0679,0.91793
CVE-2006-4241,0.04187,0.86773
CVE-2006-4242,0.07197,0.92068
CVE-2006-4243,0.00885,0.26162
CVE-2006-4244,0.01319,0.70416
CVE-2006-4245,0.00885,0.26162
CVE-2006-4246,0.01649,0.75017
CVE-2006-4247,0.00885,0.26162
CVE-2006-4248,0.0095,0.30554
CVE-2006-4249,0.01018,0.38792
CVE-2006-4250,0.05625,0.89579
CVE-2006-4251,0.1127,0.94787
CVE-2006-4252,0.01319,0.70416
CVE-2006-4253,0.45907,0.98293
CVE-2006-4254,0.07742,0.9277
CVE-2006-4255,0.01776,0.75902
CVE-2006-4256,0.01955,0.77585
CVE-2006-4257,0.01649,0.75017
CVE-2006-4258,0.01132,0.54372
CVE-2006-4259,0.01408,0.72072
CVE-2006-4260,0.01319,0.70416
CVE-2006-4262,0.04229,0.86856
CVE-2006-4263,0.02172,0.79917
CVE-2006-4264,0.01213,0.6557
CVE-2006-4265,0.01055,0.50287
CVE-2006-4266,0.0095,0.30554
CVE-2006-4267,0.04386,0.87542
CVE-2006-4268,0.01955,0.77585
CVE-2006-4269,0.01213,0.6557
CVE-2006-4270,0.0679,0.91793
CVE-2006-4271,0.01319,0.70416
CVE-2006-4272,0.01136,0.57949
CVE-2006-4273,0.02945,0.82784
CVE-2006-4275,0.01213,0.6557
CVE-2006-4276,0.01319,0.70416
CVE-2006-4277,0.01319,0.70416
CVE-2006-4278,0.0679,0.91793
CVE-2006-4279,0.028,0.82308
CVE-2006-4280,0.01213,0.6557
CVE-2006-4281,0.01213,0.6557
CVE-2006-4282,0.0679,0.91793
CVE-2006-4283,0.01213,0.6557
CVE-2006-4284,0.028,0.82308
CVE-2006-4285,0.0679,0.91793
CVE-2006-4286,0.01213,0.6557
CVE-2006-4287,0.12567,0.95329
CVE-2006-4288,0.0679,0.91793
CVE-2006-4289,0.07777,0.92953
CVE-2006-4290,0.01319,0.70416
CVE-2006-4291,0.0679,0.91793
CVE-2006-4292,0.01213,0.6557
CVE-2006-4293,0.03129,0.8316
CVE-2006-4294,0.04482,0.88223
CVE-2006-4295,0.01917,0.77071
CVE-2006-4296,0.0679,0.91793
CVE-2006-4297,0.01319,0.70416
CVE-2006-4298,0.01136,0.57949
CVE-2006-4299,0.01319,0.70416
CVE-2006-4300,0.01139,0.58345
CVE-2006-4301,0.40848,0.98127
CVE-2006-4302,0.02172,0.79917
CVE-2006-4303,0.01136,0.57949
CVE-2006-4304,0.07544,0.92484
CVE-2006-4305,0.87452,0.99742
CVE-2006-4306,0.01282,0.67298
CVE-2006-4307,0.01104,0.52279
CVE-2006-4308,0.03129,0.8316
CVE-2006-4309,0.01213,0.6557
CVE-2006-4310,0.10995,0.94626999999999994
CVE-2006-4311,0.0679,0.91793
CVE-2006-4312,0.01282,0.67298
CVE-2006-4313,0.41266,0.98134
CVE-2006-4314,0.01408,0.72072
CVE-2006-4315,0.0095,0.30554
CVE-2006-4316,0.01034,0.39824
CVE-2006-4317,0.01213,0.6557
CVE-2006-4318,0.51751,0.98654
CVE-2006-4319,0.02172,0.79379
CVE-2006-4320,0.01213,0.6557
CVE-2006-4321,0.0679,0.91793
CVE-2006-4322,0.04187,0.86773
CVE-2006-4323,0.01319,0.70416
CVE-2006-4324,0.01319,0.70416
CVE-2006-4325,0.01319,0.70416
CVE-2006-4326,0.07777,0.92953
CVE-2006-4327,0.01319,0.70416
CVE-2006-4328,0.01319,0.70416
CVE-2006-4329,0.0679,0.91793
CVE-2006-4330,0.03932,0.8519
CVE-2006-4331,0.03779,0.84781
CVE-2006-4332,0.03779,0.84781
CVE-2006-4333,0.03932,0.8519
CVE-2006-4334,0.02686,0.82061
CVE-2006-4335,0.04229,0.86856
CVE-2006-4336,0.04421,0.87629
CVE-2006-4337,0.04421,0.87629
CVE-2006-4338,0.02686,0.82061
CVE-2006-4339,0.34498,0.97626
CVE-2006-4340,0.08269,0.93273
CVE-2006-4342,0.01034,0.39824
CVE-2006-4343,0.15272,0.95729
CVE-2006-4344,0.01319,0.70416
CVE-2006-4345,0.1127,0.94787
CVE-2006-4346,0.1127,0.94787
CVE-2006-4347,0.01319,0.70416
CVE-2006-4348,0.0679,0.91793
CVE-2006-4349,0.04482,0.88223
CVE-2006-4350,0.01136,0.57949
CVE-2006-4351,0.01055,0.50287
CVE-2006-4352,0.01055,0.50287
CVE-2006-4353,0.01408,0.72072
CVE-2006-4354,0.0679,0.91793
CVE-2006-4355,0.01213,0.6557
CVE-2006-4356,0.01213,0.6557
CVE-2006-4357,0.04187,0.86773
CVE-2006-4358,0.02945,0.82784
CVE-2006-4359,0.07437,0.92309
CVE-2006-4360,0.01132,0.54372
CVE-2006-4361,0.01319,0.70416
CVE-2006-4362,0.02945,0.82784
CVE-2006-4363,0.04482,0.88223
CVE-2006-4364,0.35205,0.97726
CVE-2006-4365,0.07197,0.92068
CVE-2006-4366,0.04187,0.86773
CVE-2006-4367,0.00986,0.35784
CVE-2006-4368,0.01319,0.70416
CVE-2006-4369,0.01319,0.70416
CVE-2006-4370,0.01408,0.72072
CVE-2006-4371,0.01815,0.76117
CVE-2006-4372,0.04187,0.86773
CVE-2006-4373,0.0679,0.91793
CVE-2006-4374,0.01963,0.77709
CVE-2006-4375,0.01213,0.6557
CVE-2006-4376,0.01136,0.57949
CVE-2006-4377,0.01136,0.57949
CVE-2006-4378,0.01213,0.6557
CVE-2006-4379,0.40588,0.98099
CVE-2006-4380,0.01282,0.67298
CVE-2006-4381,0.09174,0.9391
CVE-2006-4382,0.09174,0.9391
CVE-2006-4384,0.40514,0.9805
CVE-2006-4385,0.09174,0.9391
CVE-2006-4386,0.09174,0.9391
CVE-2006-4387,0.01034,0.39824
CVE-2006-4388,0.09174,0.9391
CVE-2006-4389,0.09174,0.9391
CVE-2006-4390,0.01108,0.53389
CVE-2006-4391,0.09174,0.9391
CVE-2006-4392,0.0322,0.83442
CVE-2006-4393,0.01034,0.39824
CVE-2006-4394,0.01537,0.73595
CVE-2006-4395,0.01537,0.73595
CVE-2006-4396,0.01282,0.67298
CVE-2006-4397,0.01034,0.39824
CVE-2006-4398,0.02694,0.82068
CVE-2006-4399,0.01282,0.67298
CVE-2006-4400,0.03009,0.82821
CVE-2006-4401,0.01776,0.75902
CVE-2006-4402,0.09174,0.9391
CVE-2006-4403,0.01955,0.77585
CVE-2006-4404,0.01183,0.60428
CVE-2006-4406,0.10439,0.94383
CVE-2006-4407,0.01974,0.7812
CVE-2006-4408,0.01408,0.72072
CVE-2006-4409,0.01537,0.73595
CVE-2006-4410,0.01408,0.72072
CVE-2006-4411,0.01104,0.52279
CVE-2006-4412,0.09174,0.9391
CVE-2006-4413,0.0095,0.30554
CVE-2006-4416,0.01282,0.67298
CVE-2006-4417,0.01974,0.7812
CVE-2006-4418,0.0679,0.91793
CVE-2006-4419,0.00986,0.35784
CVE-2006-4420,0.04187,0.86773
CVE-2006-4421,0.01917,0.77071
CVE-2006-4422,0.12567,0.95329
CVE-2006-4423,0.04482,0.88223
CVE-2006-4424,0.01319,0.70416
CVE-2006-4425,0.02172,0.79917
CVE-2006-4426,0.0679,0.91793
CVE-2006-4427,0.0679,0.91793
CVE-2006-4428,0.0679,0.91793
CVE-2006-4429,0.01136,0.57949
CVE-2006-4430,0.01408,0.72072
CVE-2006-4431,0.07544,0.92484
CVE-2006-4432,0.01319,0.70416
CVE-2006-4433,0.01319,0.70416
CVE-2006-4434,0.04358,0.87435
CVE-2006-4435,0.01034,0.39824
CVE-2006-4436,0.01974,0.7812
CVE-2006-4437,0.10995,0.94626999999999994
CVE-2006-4438,0.07687,0.92751
CVE-2006-4439,0.01282,0.67298
CVE-2006-4440,0.01319,0.70416
CVE-2006-4441,0.01213,0.6557
CVE-2006-4442,0.01213,0.6557
CVE-2006-4443,0.04187,0.86773
CVE-2006-4444,0.04386,0.87542
CVE-2006-4445,0.01319,0.70416
CVE-2006-4446,0.58548,0.98802
CVE-2006-4447,0.01547,0.74085
CVE-2006-4448,0.04482,0.88223
CVE-2006-4449,0.02945,0.82784
CVE-2006-4450,0.04482,0.88223
CVE-2006-4451,0.01213,0.6557
CVE-2006-4452,0.0679,0.91793
CVE-2006-4453,0.01213,0.6557
CVE-2006-4454,0.01917,0.77071
CVE-2006-4455,0.07197,0.92068
CVE-2006-4456,0.0679,0.91793
CVE-2006-4457,0.01055,0.50287
CVE-2006-4458,0.04482,0.88223
CVE-2006-4459,0.01018,0.38792
CVE-2006-4460,0.01213,0.6557
CVE-2006-4461,0.00885,0.26162
CVE-2006-4462,0.01136,0.57949
CVE-2006-4463,0.01319,0.70416
CVE-2006-4464,0.04482,0.88223
CVE-2006-4465,0.18294,0.9611
CVE-2006-4466,0.01055,0.50287
CVE-2006-4467,0.01319,0.70416
CVE-2006-4468,0.01018,0.38792
CVE-2006-4469,0.06523,0.90962
CVE-2006-4470,0.01213,0.6557
CVE-2006-4471,0.01132,0.54372
CVE-2006-4472,0.01018,0.38792
CVE-2006-4473,0.01018,0.38792
CVE-2006-4474,0.01213,0.6557
CVE-2006-4475,0.01018,0.38792
CVE-2006-4476,0.01018,0.38792
CVE-2006-4477,0.12567,0.95329
CVE-2006-4478,0.028,0.82308
CVE-2006-4479,0.03129,0.8316
CVE-2006-4480,0.01055,0.50287
CVE-2006-4481,0.01282,0.67298
CVE-2006-4482,0.02686,0.82061
CVE-2006-4483,0.02686,0.82061
CVE-2006-4484,0.04358,0.87435
CVE-2006-4485,0.01537,0.73595
CVE-2006-4486,0.02686,0.82061
CVE-2006-4487,0.01319,0.70416
CVE-2006-4488,0.0679,0.91793
CVE-2006-4489,0.12567,0.95329
CVE-2006-4490,0.09659,0.94
CVE-2006-4491,0.01232,0.66248
CVE-2006-4492,0.01136,0.57949
CVE-2006-4493,0.0095,0.30554
CVE-2006-4494,0.59155,0.9882
CVE-2006-4495,0.56297,0.98739
CVE-2006-4496,0.01136,0.57949
CVE-2006-4497,0.00986,0.35784
CVE-2006-4498,0.04482,0.88223
CVE-2006-4499,0.01055,0.50287
CVE-2006-4500,0.01213,0.6557
CVE-2006-4501,0.01213,0.6557
CVE-2006-4502,0.01213,0.6557
CVE-2006-4503,0.01319,0.70416
CVE-2006-4504,0.01139,0.58345
CVE-2006-4505,0.0679,0.91793
CVE-2006-4506,0.0089,0.2856
CVE-2006-4507,0.01592,0.74578
CVE-2006-4508,0.01319,0.70416
CVE-2006-4509,0.09196,0.93925
CVE-2006-4510,0.09196,0.93925
CVE-2006-4511,0.01408,0.72072
CVE-2006-4513,0.09915,0.94265
CVE-2006-4514,0.04421,0.87629
CVE-2006-4516,0.01761,0.7555
CVE-2006-4517,0.01319,0.70416
CVE-2006-4518,0.01319,0.70416
CVE-2006-4519,0.12248,0.95092
CVE-2006-4520,0.01319,0.70416
CVE-2006-4521,0.01319,0.70416
CVE-2006-4522,0.01755,0.75287
CVE-2006-4523,0.01319,0.70416
CVE-2006-4524,0.01139,0.58345
CVE-2006-4525,0.01917,0.77071
CVE-2006-4526,0.01213,0.6557
CVE-2006-4527,0.01213,0.6557
CVE-2006-4528,0.01319,0.70416
CVE-2006-4529,0.01319,0.70416
CVE-2006-4530,0.01319,0.70416
CVE-2006-4531,0.10995,0.94626999999999994
CVE-2006-4532,0.01319,0.70416
CVE-2006-4533,0.03779,0.84781
CVE-2006-4534,0.46718,0.98435
CVE-2006-4535,0.01547,0.74085
CVE-2006-4536,0.00986,0.35784
CVE-2006-4537,0.01282,0.67298
CVE-2006-4538,0.01547,0.74085
CVE-2006-4539,0.01408,0.72072
CVE-2006-4540,0.02945,0.82784
CVE-2006-4541,0.0322,0.83442
CVE-2006-4542,0.03407,0.83908
CVE-2006-4543,0.01917,0.77071
CVE-2006-4544,0.01213,0.6557
CVE-2006-4545,0.04482,0.88223
CVE-2006-4546,0.01232,0.66248
CVE-2006-4547,0.01132,0.54372
CVE-2006-4548,0.01136,0.57949
CVE-2006-4549,0.01136,0.57949
CVE-2006-4550,0.01136,0.57949
CVE-2006-4551,0.01136,0.57949
CVE-2006-4552,0.01136,0.57949
CVE-2006-4553,0.04482,0.88223
CVE-2006-4554,0.04421,0.87629
CVE-2006-4555,0.07777,0.92953
CVE-2006-4556,0.01136,0.57949
CVE-2006-4557,0.01213,0.6557
CVE-2006-4558,0.0679,0.91793
CVE-2006-4559,0.02172,0.79917
CVE-2006-4560,0.13525,0.9555
CVE-2006-4561,0.01213,0.6557
CVE-2006-4562,0.01213,0.6557
CVE-2006-4563,0.02945,0.82784
CVE-2006-4564,0.01213,0.6557
CVE-2006-4565,0.06604,0.91138
CVE-2006-4566,0.04358,0.87435
CVE-2006-4567,0.03932,0.8519
CVE-2006-4568,0.03932,0.8519
CVE-2006-4569,0.03932,0.8519
CVE-2006-4570,0.03932,0.8519
CVE-2006-4571,0.08228,0.93218
CVE-2006-4572,0.03779,0.84781
CVE-2006-4573,0.02686,0.82061
CVE-2006-4574,0.04358,0.87435
CVE-2006-4575,0.01319,0.70416
CVE-2006-4576,0.01213,0.6557
CVE-2006-4577,0.01408,0.72072
CVE-2006-4578,0.01213,0.6557
CVE-2006-4579,0.01213,0.6557
CVE-2006-4580,0.01213,0.6557
CVE-2006-4581,0.01213,0.6557
CVE-2006-4582,0.01213,0.6557
CVE-2006-4583,0.07197,0.92068
CVE-2006-4584,0.10995,0.94626999999999994
CVE-2006-4585,0.02172,0.79917
CVE-2006-4586,0.01815,0.76117
CVE-2006-4587,0.01319,0.70416
CVE-2006-4588,0.01213,0.6557
CVE-2006-4589,0.0679,0.91793
CVE-2006-4590,0.01213,0.6557
CVE-2006-4591,0.04187,0.86773
CVE-2006-4592,0.01139,0.58345
CVE-2006-4593,0.01917,0.77071
CVE-2006-4594,0.01136,0.57949
CVE-2006-4595,0.01213,0.6557
CVE-2006-4596,0.0679,0.91793
CVE-2006-4597,0.00986,0.35784
CVE-2006-4598,0.01319,0.70416
CVE-2006-4599,0.00986,0.35784
CVE-2006-4600,0.02528,0.8112
CVE-2006-4601,0.01139,0.58345
CVE-2006-4602,0.84291,0.99604
CVE-2006-4603,0.01408,0.72072
CVE-2006-4604,0.04187,0.86773
CVE-2006-4605,0.07197,0.92068
CVE-2006-4606,0.04386,0.87542
CVE-2006-4607,0.01408,0.72072
CVE-2006-4608,0.01408,0.72072
CVE-2006-4609,0.04715,0.88668
CVE-2006-4610,0.10995,0.94626999999999994
CVE-2006-4611,0.40588,0.98099
CVE-2006-4612,0.01139,0.58345
CVE-2006-4613,0.01213,0.6557
CVE-2006-4614,0.0095,0.30554
CVE-2006-4615,0.0089,0.2856
CVE-2006-4616,0.01319,0.70416
CVE-2006-4617,0.01055,0.50287
CVE-2006-4618,0.01213,0.6557
CVE-2006-4619,0.0095,0.30554
CVE-2006-4620,0.01232,0.66248
CVE-2006-4621,0.01055,0.50287
CVE-2006-4622,0.0679,0.91793
CVE-2006-4623,0.04358,0.87435
CVE-2006-4624,0.03932,0.8519
CVE-2006-4625,0.0322,0.83442
CVE-2006-4626,0.06523,0.90962
CVE-2006-4627,0.11676,0.94929
CVE-2006-4628,0.01213,0.6557
CVE-2006-4629,0.0679,0.91793
CVE-2006-4630,0.0679,0.91793
CVE-2006-4631,0.09659,0.94
CVE-2006-4632,0.02172,0.79917
CVE-2006-4633,0.01319,0.70416
CVE-2006-4634,0.01917,0.77071
CVE-2006-4635,0.01132,0.54372
CVE-2006-4636,0.04187,0.86773
CVE-2006-4637,0.0679,0.91793
CVE-2006-4638,0.0679,0.91793
CVE-2006-4639,0.01213,0.6557
CVE-2006-4640,0.03932,0.8519
CVE-2006-4641,0.00986,0.35784
CVE-2006-4642,0.01034,0.39824
CVE-2006-4643,0.00986,0.35784
CVE-2006-4644,0.04482,0.88223
CVE-2006-4645,0.0679,0.91793
CVE-2006-4646,0.01213,0.6557
CVE-2006-4647,0.0679,0.91793
CVE-2006-4648,0.01319,0.70416
CVE-2006-4649,0.01136,0.57949
CVE-2006-4650,0.02172,0.79917
CVE-2006-4651,0.01319,0.70416
CVE-2006-4652,0.01213,0.6557
CVE-2006-4653,0.01319,0.70416
CVE-2006-4654,0.04482,0.88223
CVE-2006-4655,0.0322,0.83442
CVE-2006-4656,0.01974,0.7812
CVE-2006-4657,0.01034,0.39824
CVE-2006-4658,0.01213,0.6557
CVE-2006-4659,0.01213,0.6557
CVE-2006-4660,0.01319,0.70416
CVE-2006-4661,0.01319,0.70416
CVE-2006-4662,0.08263,0.93269
CVE-2006-4663,0.00885,0.26162
CVE-2006-4664,0.07197,0.92068
CVE-2006-4665,0.01213,0.6557
CVE-2006-4666,0.10995,0.94626999999999994
CVE-2006-4667,0.02172,0.79917
CVE-2006-4668,0.03129,0.8316
CVE-2006-4669,0.01213,0.6557
CVE-2006-4670,0.10995,0.94626999999999994
CVE-2006-4671,0.01319,0.70416
CVE-2006-4672,0.0679,0.91793
CVE-2006-4673,0.01139,0.58345
CVE-2006-4674,0.01319,0.70416
CVE-2006-4675,0.01319,0.70416
CVE-2006-4676,0.01761,0.7555
CVE-2006-4677,0.01213,0.6557
CVE-2006-4678,0.04187,0.86773
CVE-2006-4679,0.01319,0.70416
CVE-2006-4680,0.01034,0.39824
CVE-2006-4681,0.0679,0.91793
CVE-2006-4682,0.01319,0.70416
CVE-2006-4683,0.01213,0.6557
CVE-2006-4684,0.01319,0.70416
CVE-2006-4685,0.20648,0.96329
CVE-2006-4686,0.43683,0.98219
CVE-2006-4687,0.46718,0.98435
CVE-2006-4688,0.87309,0.99738
CVE-2006-4689,0.20648,0.96329
CVE-2006-4691,0.87309,0.99738
CVE-2006-4692,0.23038,0.96506
CVE-2006-4693,0.406,0.98111
CVE-2006-4694,0.27138,0.97037
CVE-2006-4695,0.39294,0.97941
CVE-2006-4696,0.51954,0.98659
CVE-2006-4697,0.46718,0.98435
CVE-2006-4702,0.46718,0.98435
CVE-2006-4704,0.46718,0.98435
CVE-2006-4705,0.01319,0.70416
CVE-2006-4706,0.01319,0.70416
CVE-2006-4707,0.01319,0.70416
CVE-2006-4708,0.01917,0.77071
CVE-2006-4709,0.00986,0.35784
CVE-2006-4710,0.01776,0.75902
CVE-2006-4711,0.01136,0.57949
CVE-2006-4712,0.01955,0.77585
CVE-2006-4713,0.0679,0.91793
CVE-2006-4714,0.0679,0.91793
CVE-2006-4715,0.01139,0.58345
CVE-2006-4716,0.04187,0.86773
CVE-2006-4717,0.01213,0.6557
CVE-2006-4718,0.01213,0.6557
CVE-2006-4719,0.0679,0.91793
CVE-2006-4720,0.07197,0.92068
CVE-2006-4721,0.0679,0.91793
CVE-2006-4722,0.04482,0.88223
CVE-2006-4723,0.04482,0.88223
CVE-2006-4724,0.01319,0.70416
CVE-2006-4725,0.01221,0.65581
CVE-2006-4726,0.01319,0.70416
CVE-2006-4727,0.01136,0.57949
CVE-2006-4731,0.12567,0.95329
CVE-2006-4732,0.047,0.88653
CVE-2006-4733,0.0679,0.91793
CVE-2006-4734,0.01319,0.70416
CVE-2006-4735,0.01136,0.57949
CVE-2006-4736,0.01319,0.70416
CVE-2006-4737,0.01213,0.6557
CVE-2006-4738,0.01213,0.6557
CVE-2006-4739,0.01213,0.6557
CVE-2006-4740,0.01213,0.6557
CVE-2006-4741,0.06523,0.90962
CVE-2006-4742,0.01136,0.57949
CVE-2006-4743,0.01213,0.6557
CVE-2006-4744,0.01136,0.57949
CVE-2006-4745,0.0089,0.2856
CVE-2006-4746,0.01136,0.57949
CVE-2006-4747,0.01917,0.77071
CVE-2006-4748,0.02172,0.79917
CVE-2006-4749,0.01055,0.50287
CVE-2006-4750,0.0679,0.91793
CVE-2006-4751,0.02945,0.82784
CVE-2006-4752,0.01319,0.70416
CVE-2006-4753,0.0679,0.91793
CVE-2006-4754,0.02945,0.82784
CVE-2006-4755,0.01055,0.50287
CVE-2006-4756,0.01055,0.50287
CVE-2006-4757,0.01061,0.51015
CVE-2006-4758,0.01633,0.74922
CVE-2006-4759,0.06739,0.91208
CVE-2006-4760,0.01319,0.70416
CVE-2006-4761,0.01213,0.6557
CVE-2006-4762,0.01213,0.6557
CVE-2006-4763,0.01319,0.70416
CVE-2006-4764,0.04482,0.88223
CVE-2006-4765,0.01018,0.38792
CVE-2006-4766,0.04482,0.88223
CVE-2006-4767,0.01213,0.6557
CVE-2006-4768,0.01213,0.6557
CVE-2006-4769,0.04482,0.88223
CVE-2006-4770,0.04187,0.86773
CVE-2006-4771,0.01917,0.77071
CVE-2006-4772,0.01055,0.50287
CVE-2006-4773,0.01213,0.6557
CVE-2006-4774,0.02172,0.79917
CVE-2006-4775,0.02172,0.79917
CVE-2006-4776,0.1127,0.94787
CVE-2006-4778,0.01213,0.6557
CVE-2006-4779,0.04482,0.88223
CVE-2006-4780,0.0679,0.91793
CVE-2006-4781,0.06211,0.90307
CVE-2006-4782,0.0679,0.91793
CVE-2006-4783,0.01213,0.6557
CVE-2006-4784,0.01213,0.6557
CVE-2006-4785,0.02172,0.79917
CVE-2006-4786,0.01213,0.6557
CVE-2006-4787,0.0095,0.30554
CVE-2006-4788,0.01213,0.6557
CVE-2006-4789,0.01899,0.76481
CVE-2006-4790,0.04358,0.87435
CVE-2006-4793,0.01139,0.58345
CVE-2006-4794,0.05649,0.89807
CVE-2006-4795,0.01282,0.67298
CVE-2006-4796,0.04894,0.88891
CVE-2006-4797,0.01213,0.6557
CVE-2006-4798,0.00954,0.34522
CVE-2006-4799,0.03425,0.8393
CVE-2006-4800,0.08228,0.93218
CVE-2006-4801,0.01592,0.74578
CVE-2006-4802,0.01755,0.75287
CVE-2006-4803,0.0095,0.30554
CVE-2006-4805,0.04358,0.87435
CVE-2006-4806,0.06604,0.91138
CVE-2006-4807,0.03407,0.83908
CVE-2006-4808,0.06604,0.91138
CVE-2006-4809,0.06604,0.91138
CVE-2006-4810,0.02172,0.79379
CVE-2006-4811,0.06604,0.91138
CVE-2006-4812,0.47944,0.98484
CVE-2006-4813,0.01547,0.74085
CVE-2006-4814,0.01547,0.74085
CVE-2006-4819,0.09915,0.94265
CVE-2006-4820,0.01282,0.67298
CVE-2006-4821,0.01213,0.6557
CVE-2006-4822,0.01319,0.70416
CVE-2006-4823,0.0679,0.91793
CVE-2006-4824,0.0679,0.91793
CVE-2006-4825,0.01917,0.77071
CVE-2006-4826,0.01319,0.70416
CVE-2006-4827,0.04482,0.88223
CVE-2006-4828,0.04187,0.86773
CVE-2006-4829,0.05649,0.89807
CVE-2006-4830,0.01055,0.50287
CVE-2006-4831,0.01018,0.38792
CVE-2006-4832,0.12822,0.95405
CVE-2006-4833,0.01319,0.70416
CVE-2006-4834,0.0679,0.91793
CVE-2006-4835,0.01136,0.57949
CVE-2006-4836,0.00986,0.35784
CVE-2006-4837,0.04482,0.88223
CVE-2006-4838,0.01917,0.77071
CVE-2006-4839,0.01319,0.70416
CVE-2006-4842,0.02111,0.79105
CVE-2006-4843,0.01319,0.70416
CVE-2006-4844,0.10995,0.94626999999999994
CVE-2006-4845,0.0679,0.91793
CVE-2006-4846,0.01974,0.7812
CVE-2006-4847,0.88388,0.99794
CVE-2006-4848,0.04187,0.86773
CVE-2006-4849,0.0679,0.91793
CVE-2006-4850,0.0679,0.91793
CVE-2006-4851,0.01136,0.57949
CVE-2006-4852,0.028,0.82308
CVE-2006-4853,0.01139,0.58345
CVE-2006-4855,0.0322,0.83442
CVE-2006-4856,0.01408,0.72072
CVE-2006-4857,0.01139,0.58345
CVE-2006-4858,0.0679,0.91793
CVE-2006-4859,0.04187,0.86773
CVE-2006-4860,0.02686,0.82061
CVE-2006-4861,0.01055,0.50287
CVE-2006-4862,0.01055,0.50287
CVE-2006-4863,0.01319,0.70416
CVE-2006-4864,0.01319,0.70416
CVE-2006-4865,0.01055,0.50287
CVE-2006-4866,0.02232,0.80451
CVE-2006-4867,0.00986,0.35784
CVE-2006-4868,0.84549,0.99617
CVE-2006-4869,0.04482,0.88223
CVE-2006-4870,0.0679,0.91793
CVE-2006-4871,0.01139,0.58345
CVE-2006-4872,0.01139,0.58345
CVE-2006-4873,0.01136,0.57949
CVE-2006-4874,0.01917,0.77071
CVE-2006-4875,0.04187,0.86773
CVE-2006-4876,0.00986,0.35784
CVE-2006-4877,0.07197,0.92068
CVE-2006-4878,0.40588,0.98099
CVE-2006-4879,0.01213,0.6557
CVE-2006-4880,0.01319,0.70416
CVE-2006-4881,0.05649,0.89807
CVE-2006-4882,0.01139,0.58345
CVE-2006-4883,0.01319,0.70416
CVE-2006-4884,0.01917,0.77071
CVE-2006-4885,0.01213,0.6557
CVE-2006-4886,0.0089,0.2856
CVE-2006-4887,0.01034,0.39824
CVE-2006-4888,0.11676,0.94929
CVE-2006-4889,0.12567,0.95329
CVE-2006-4890,0.0679,0.91793
CVE-2006-4891,0.01139,0.58345
CVE-2006-4892,0.01139,0.58345
CVE-2006-4893,0.01408,0.72072
CVE-2006-4894,0.01917,0.77071
CVE-2006-4895,0.01213,0.6557
CVE-2006-4897,0.04187,0.86773
CVE-2006-4898,0.04187,0.86773
CVE-2006-4899,0.12567,0.95329
CVE-2006-4900,0.11063,0.94638
CVE-2006-4901,0.12567,0.95329
CVE-2006-4902,0.01408,0.72072
CVE-2006-4904,0.04482,0.88223
CVE-2006-4905,0.01213,0.6557
CVE-2006-4906,0.00986,0.35784
CVE-2006-4907,0.01213,0.6557
CVE-2006-4908,0.01213,0.6557
CVE-2006-4909,0.01319,0.70416
CVE-2006-4910,0.01408,0.72072
CVE-2006-4911,0.01408,0.72072
CVE-2006-4912,0.04187,0.86773
CVE-2006-4913,0.07687,0.92751
CVE-2006-4914,0.01319,0.70416
CVE-2006-4915,0.01917,0.77071
CVE-2006-4916,0.00986,0.35784
CVE-2006-4917,0.02945,0.82784
CVE-2006-4918,0.0679,0.91793
CVE-2006-4919,0.01319,0.70416
CVE-2006-4920,0.01408,0.72072
CVE-2006-4921,0.01213,0.6557
CVE-2006-4922,0.01213,0.6557
CVE-2006-4923,0.02945,0.82784
CVE-2006-4924,0.15272,0.95729
CVE-2006-4925,0.03779,0.84781
CVE-2006-4926,0.05625,0.89579
CVE-2006-4927,0.0322,0.83442
CVE-2006-4935,0.00885,0.26162
CVE-2006-4936,0.00885,0.26162
CVE-2006-4937,0.01055,0.50287
CVE-2006-4938,0.01055,0.50287
CVE-2006-4939,0.00885,0.26162
CVE-2006-4940,0.01055,0.50287
CVE-2006-4941,0.01055,0.50287
CVE-2006-4942,0.01055,0.50287
CVE-2006-4943,0.01055,0.50287
CVE-2006-4944,0.04187,0.86773
CVE-2006-4945,0.04482,0.88223
CVE-2006-4946,0.04482,0.88223
CVE-2006-4947,0.01213,0.6557
CVE-2006-4948,0.63115,0.98924
CVE-2006-4949,0.01213,0.6557
CVE-2006-4950,0.01974,0.7812
CVE-2006-4951,0.01213,0.6557
CVE-2006-4952,0.04482,0.88223
CVE-2006-4953,0.00986,0.35784
CVE-2006-4954,0.04482,0.88223
CVE-2006-4955,0.04482,0.88223
CVE-2006-4956,0.01917,0.77071
CVE-2006-4957,0.00986,0.35784
CVE-2006-4958,0.01955,0.77585
CVE-2006-4959,0.01408,0.72072
CVE-2006-4960,0.01319,0.70416
CVE-2006-4961,0.01213,0.6557
CVE-2006-4962,0.0679,0.91793
CVE-2006-4963,0.0679,0.91793
CVE-2006-4964,0.01319,0.70416
CVE-2006-4965,0.12567,0.95329
CVE-2006-4966,0.0679,0.91793
CVE-2006-4967,0.01319,0.70416
CVE-2006-4968,0.10995,0.94626999999999994
CVE-2006-4969,0.12567,0.95329
CVE-2006-4970,0.04482,0.88223
CVE-2006-4971,0.01136,0.57949
CVE-2006-4972,0.01213,0.6557
CVE-2006-4973,0.02945,0.82784
CVE-2006-4974,0.042659999999999997,0.86883
CVE-2006-4975,0.01136,0.57949
CVE-2006-4976,0.01055,0.50287
CVE-2006-4977,0.01408,0.72072
CVE-2006-4978,0.01408,0.72072
CVE-2006-4979,0.01408,0.72072
CVE-2006-4980,0.04229,0.86856
CVE-2006-4981,0.00885,0.26162
CVE-2006-4982,0.0089,0.2856
CVE-2006-4983,0.00954,0.34522
CVE-2006-4984,0.01213,0.6557
CVE-2006-4985,0.01917,0.77071
CVE-2006-4986,0.01213,0.6557
CVE-2006-4987,0.01213,0.6557
CVE-2006-4988,0.01213,0.6557
CVE-2006-4989,0.01213,0.6557
CVE-2006-4990,0.04358,0.87435
CVE-2006-4991,0.0095,0.30554
CVE-2006-4992,0.0679,0.91793
CVE-2006-4993,0.04482,0.88223
CVE-2006-4994,0.0095,0.30554
CVE-2006-4995,0.01055,0.50287
CVE-2006-4996,0.01136,0.57949
CVE-2006-4997,0.03932,0.8519
CVE-2006-5000,0.02233,0.80452
CVE-2006-5001,0.00885,0.26162
CVE-2006-5002,0.01183,0.60428
CVE-2006-5003,0.01282,0.67298
CVE-2006-5004,0.01104,0.52279
CVE-2006-5005,0.01104,0.52279
CVE-2006-5006,0.02172,0.79379
CVE-2006-5007,0.01104,0.52279
CVE-2006-5008,0.01537,0.73595
CVE-2006-5009,0.01104,0.52279
CVE-2006-5010,0.01034,0.39824
CVE-2006-5011,0.01104,0.52279
CVE-2006-5012,0.01104,0.52279
CVE-2006-5013,0.01408,0.72072
CVE-2006-5014,0.04482,0.88223
CVE-2006-5015,0.01319,0.70416
CVE-2006-5016,0.01319,0.70416
CVE-2006-5017,0.01139,0.58345
CVE-2006-5018,0.01232,0.66248
CVE-2006-5019,0.0679,0.91793
CVE-2006-5020,0.15272,0.95729
CVE-2006-5021,0.04187,0.86773
CVE-2006-5022,0.04187,0.86773
CVE-2006-5023,0.00986,0.35784
CVE-2006-5024,0.00954,0.34522
CVE-2006-5025,0.00885,0.26162
CVE-2006-5026,0.00885,0.26162
CVE-2006-5027,0.01136,0.57949
CVE-2006-5028,0.0679,0.91793
CVE-2006-5029,0.01213,0.6557
CVE-2006-5030,0.00986,0.35784
CVE-2006-5031,0.04482,0.88223
CVE-2006-5032,0.04482,0.88223
CVE-2006-5033,0.07197,0.92068
CVE-2006-5034,0.07197,0.92068
CVE-2006-5035,0.01213,0.6557
CVE-2006-5036,0.01213,0.6557
CVE-2006-5037,0.01213,0.6557
CVE-2006-5038,0.01213,0.6557
CVE-2006-5039,0.00885,0.26162
CVE-2006-5040,0.00885,0.26162
CVE-2006-5041,0.00885,0.26162
CVE-2006-5042,0.00885,0.26162
CVE-2006-5043,0.10995,0.94626999999999994
CVE-2006-5044,0.04187,0.86773
CVE-2006-5045,0.0679,0.91793
CVE-2006-5046,0.00954,0.34522
CVE-2006-5047,0.03477,0.84037
CVE-2006-5048,0.40588,0.98099
CVE-2006-5049,0.00954,0.34522
CVE-2006-5050,0.01213,0.6557
CVE-2006-5051,0.08228,0.93218
CVE-2006-5052,0.04358,0.87435
CVE-2006-5053,0.0679,0.91793
CVE-2006-5054,0.00986,0.35784
CVE-2006-5055,0.0679,0.91793
CVE-2006-5056,0.01917,0.77071
CVE-2006-5057,0.01917,0.77071
CVE-2006-5058,0.07687,0.92751
CVE-2006-5059,0.01213,0.6557
CVE-2006-5060,0.02945,0.82784
CVE-2006-5061,0.0679,0.91793
CVE-2006-5062,0.04482,0.88223
CVE-2006-5063,0.01319,0.70416
CVE-2006-5064,0.01917,0.77071
CVE-2006-5065,0.04187,0.86773
CVE-2006-5066,0.01917,0.77071
CVE-2006-5067,0.01213,0.6557
CVE-2006-5068,0.07197,0.92068
CVE-2006-5069,0.01408,0.72072
CVE-2006-5070,0.0679,0.91793
CVE-2006-5071,0.01319,0.70416
CVE-2006-5072,0.02172,0.79379
CVE-2006-5073,0.01974,0.7812
CVE-2006-5074,0.01917,0.77071
CVE-2006-5075,0.01319,0.70416
CVE-2006-5076,0.0679,0.91793
CVE-2006-5077,0.04482,0.88223
CVE-2006-5078,0.04187,0.86773
CVE-2006-5079,0.04187,0.86773
CVE-2006-5080,0.01319,0.70416
CVE-2006-5081,0.01213,0.6557
CVE-2006-5082,0.0292,0.82516
CVE-2006-5083,0.01213,0.6557
CVE-2006-5084,0.16668,0.95965
CVE-2006-5085,0.01319,0.70416
CVE-2006-5086,0.01213,0.6557
CVE-2006-5087,0.04187,0.86773
CVE-2006-5088,0.01213,0.6557
CVE-2006-5089,0.04187,0.86773
CVE-2006-5090,0.01917,0.77071
CVE-2006-5091,0.01104,0.52279
CVE-2006-5092,0.0679,0.91793
CVE-2006-5093,0.0679,0.91793
CVE-2006-5094,0.0679,0.91793
CVE-2006-5095,0.01213,0.6557
CVE-2006-5096,0.02945,0.82784
CVE-2006-5097,0.02172,0.79917
CVE-2006-5098,0.01213,0.6557
CVE-2006-5099,0.01213,0.6557
CVE-2006-5100,0.07197,0.92068
CVE-2006-5101,0.04358,0.87435
CVE-2006-5102,0.04482,0.88223
CVE-2006-5103,0.04187,0.86773
CVE-2006-5104,0.00986,0.35784
CVE-2006-5105,0.01136,0.57949
CVE-2006-5106,0.01213,0.6557
CVE-2006-5107,0.00986,0.35784
CVE-2006-5108,0.05649,0.89807
CVE-2006-5109,0.01213,0.6557
CVE-2006-5110,0.01213,0.6557
CVE-2006-5111,0.01537,0.73595
CVE-2006-5112,0.75606,0.99321
CVE-2006-5113,0.01213,0.6557
CVE-2006-5114,0.18265,0.96109
CVE-2006-5115,0.04482,0.88223
CVE-2006-5116,0.03779,0.84781
CVE-2006-5117,0.01213,0.6557
CVE-2006-5118,0.04187,0.86773
CVE-2006-5119,0.01776,0.75902
CVE-2006-5120,0.01917,0.77071
CVE-2006-5121,0.01319,0.70416
CVE-2006-5122,0.01232,0.66248
CVE-2006-5123,0.01974,0.7812
CVE-2006-5124,0.01319,0.70416
CVE-2006-5125,0.01319,0.70416
CVE-2006-5126,0.04187,0.86773
CVE-2006-5127,0.01408,0.72072
CVE-2006-5128,0.01408,0.72072
CVE-2006-5129,0.01213,0.6557
CVE-2006-5130,0.01055,0.50287
CVE-2006-5131,0.06523,0.90962
CVE-2006-5132,0.01408,0.72072
CVE-2006-5133,0.06523,0.90962
CVE-2006-5134,0.01132,0.54372
CVE-2006-5135,0.04187,0.86773
CVE-2006-5136,0.01213,0.6557
CVE-2006-5137,0.04187,0.86773
CVE-2006-5138,0.01213,0.6557
CVE-2006-5139,0.01136,0.57949
CVE-2006-5140,0.00986,0.35784
CVE-2006-5141,0.04187,0.86773
CVE-2006-5142,0.28118,0.97158
CVE-2006-5143,0.86896,0.99709
CVE-2006-5144,0.01213,0.6557
CVE-2006-5145,0.00986,0.35784
CVE-2006-5146,0.01917,0.77071
CVE-2006-5147,0.04187,0.86773
CVE-2006-5148,0.04187,0.86773
CVE-2006-5149,0.01319,0.70416
CVE-2006-5150,0.01132,0.54372
CVE-2006-5151,0.02172,0.79917
CVE-2006-5152,0.13782,0.95593
CVE-2006-5153,0.01104,0.52279
CVE-2006-5154,0.0679,0.91793
CVE-2006-5155,0.04482,0.88223
CVE-2006-5156,0.79666,0.99471
CVE-2006-5157,0.09915,0.94265
CVE-2006-5158,0.03779,0.84781
CVE-2006-5159,0.1127,0.94787
CVE-2006-5160,0.01018,0.38792
CVE-2006-5161,0.01136,0.57949
CVE-2006-5162,0.29415,0.97223
CVE-2006-5163,0.01282,0.67298
CVE-2006-5164,0.02945,0.82784
CVE-2006-5165,0.04482,0.88223
CVE-2006-5166,0.04187,0.86773
CVE-2006-5167,0.0679,0.91793
CVE-2006-5168,0.01213,0.6557
CVE-2006-5169,0.01055,0.50287
CVE-2006-5170,0.02686,0.82061
CVE-2006-5171,0.28118,0.97158
CVE-2006-5172,0.28118,0.97158
CVE-2006-5173,0.01282,0.67298
CVE-2006-5174,0.01547,0.74085
CVE-2006-5175,0.01213,0.6557
CVE-2006-5176,0.07777,0.92953
CVE-2006-5177,0.12822,0.95405
CVE-2006-5178,0.01547,0.74085
CVE-2006-5179,0.00954,0.34522
CVE-2006-5180,0.04187,0.86773
CVE-2006-5181,0.01213,0.6557
CVE-2006-5182,0.04482,0.88223
CVE-2006-5183,0.01136,0.57949
CVE-2006-5184,0.01319,0.70416
CVE-2006-5185,0.07777,0.92953
CVE-2006-5186,0.10995,0.94626999999999994
CVE-2006-5187,0.04482,0.88223
CVE-2006-5188,0.01974,0.7812
CVE-2006-5189,0.04187,0.86773
CVE-2006-5190,0.40738,0.98115
CVE-2006-5191,0.0679,0.91793
CVE-2006-5192,0.04187,0.86773
CVE-2006-5193,0.04187,0.86773
CVE-2006-5194,0.01213,0.6557
CVE-2006-5195,0.01055,0.50287
CVE-2006-5196,0.04482,0.88223
CVE-2006-5197,0.01055,0.50287
CVE-2006-5198,0.82413,0.99543
CVE-2006-5199,0.01221,0.65581
CVE-2006-5200,0.01308,0.67354
CVE-2006-5201,0.01955,0.77585
CVE-2006-5202,0.01408,0.72072
CVE-2006-5203,0.00885,0.26162
CVE-2006-5204,0.05125,0.89049
CVE-2006-5205,0.01213,0.6557
CVE-2006-5206,0.01213,0.6557
CVE-2006-5207,0.0679,0.91793
CVE-2006-5208,0.01139,0.58345
CVE-2006-5209,0.04187,0.86773
CVE-2006-5210,0.10995,0.94626999999999994
CVE-2006-5211,0.01408,0.72072
CVE-2006-5212,0.01408,0.72072
CVE-2006-5213,0.01104,0.52279
CVE-2006-5214,0.01547,0.74085
CVE-2006-5215,0.01104,0.52279
CVE-2006-5216,0.75392,0.99312
CVE-2006-5217,0.00986,0.35784
CVE-2006-5218,0.01034,0.39824
CVE-2006-5219,0.04386,0.87542
CVE-2006-5220,0.12567,0.95329
CVE-2006-5221,0.01139,0.58345
CVE-2006-5222,0.04482,0.88223
CVE-2006-5223,0.10995,0.94626999999999994
CVE-2006-5224,0.04482,0.88223
CVE-2006-5225,0.01319,0.70416
CVE-2006-5226,0.04482,0.88223
CVE-2006-5227,0.01319,0.70416
CVE-2006-5228,0.04386,0.87542
CVE-2006-5229,0.01974,0.7812
CVE-2006-5230,0.0679,0.91793
CVE-2006-5231,0.01319,0.70416
CVE-2006-5232,0.04482,0.88223
CVE-2006-5233,0.01213,0.6557
CVE-2006-5234,0.04482,0.88223
CVE-2006-5235,0.01055,0.50287
CVE-2006-5236,0.04386,0.87542
CVE-2006-5237,0.01213,0.6557
CVE-2006-5238,0.00954,0.34522
CVE-2006-5239,0.03129,0.8316
CVE-2006-5240,0.10995,0.94626999999999994
CVE-2006-5241,0.10995,0.94626999999999994
CVE-2006-5242,0.01213,0.6557
CVE-2006-5243,0.01408,0.72072
CVE-2006-5244,0.07197,0.92068
CVE-2006-5245,0.01319,0.70416
CVE-2006-5246,0.01319,0.70416
CVE-2006-5247,0.01319,0.70416
CVE-2006-5248,0.01055,0.50287
CVE-2006-5249,0.0679,0.91793
CVE-2006-5250,0.04482,0.88223
CVE-2006-5251,0.04187,0.86773
CVE-2006-5252,0.01213,0.6557
CVE-2006-5253,0.01136,0.57949
CVE-2006-5254,0.04187,0.86773
CVE-2006-5255,0.01136,0.57949
CVE-2006-5256,0.07197,0.92068
CVE-2006-5257,0.04187,0.86773
CVE-2006-5258,0.02172,0.79917
CVE-2006-5259,0.0679,0.91793
CVE-2006-5260,0.01213,0.6557
CVE-2006-5261,0.04482,0.88223
CVE-2006-5262,0.05931,0.90093
CVE-2006-5263,0.04482,0.88223
CVE-2006-5264,0.01136,0.57949
CVE-2006-5265,0.09772,0.94058
CVE-2006-5266,0.34513,0.97636
CVE-2006-5268,0.07777,0.92953
CVE-2006-5269,0.07777,0.92953
CVE-2006-5270,0.46718,0.98435
CVE-2006-5271,0.07996,0.93017
CVE-2006-5272,0.08263,0.93269
CVE-2006-5273,0.1127,0.94787
CVE-2006-5274,0.05288,0.89317
CVE-2006-5276,0.78441,0.99428
CVE-2006-5277,0.08263,0.93269
CVE-2006-5278,0.08263,0.93269
CVE-2006-5280,0.01319,0.70416
CVE-2006-5281,0.0679,0.91793
CVE-2006-5282,0.0679,0.91793
CVE-2006-5283,0.04482,0.88223
CVE-2006-5284,0.04482,0.88223
CVE-2006-5285,0.01319,0.70416
CVE-2006-5286,0.01108,0.53389
CVE-2006-5287,0.01213,0.6557
CVE-2006-5288,0.01213,0.6557
CVE-2006-5289,0.0679,0.91793
CVE-2006-5290,0.07777,0.92953
CVE-2006-5291,0.02172,0.79917
CVE-2006-5292,0.04187,0.86773
CVE-2006-5293,0.01213,0.6557
CVE-2006-5294,0.04894,0.88891
CVE-2006-5295,0.12567,0.95329
CVE-2006-5296,0.59255,0.98822
CVE-2006-5297,0.01547,0.74085
CVE-2006-5298,0.01104,0.52279
CVE-2006-5299,0.01213,0.6557
CVE-2006-5300,0.01315,0.67456
CVE-2006-5301,0.0679,0.91793
CVE-2006-5302,0.12567,0.95329
CVE-2006-5303,0.0089,0.2856
CVE-2006-5304,0.0679,0.91793
CVE-2006-5305,0.0679,0.91793
CVE-2006-5306,0.07197,0.92068
CVE-2006-5307,0.10995,0.94626999999999994
CVE-2006-5308,0.12567,0.95329
CVE-2006-5309,0.0679,0.91793
CVE-2006-5310,0.0679,0.91793
CVE-2006-5311,0.04187,0.86773
CVE-2006-5312,0.04187,0.86773
CVE-2006-5313,0.01232,0.66248
CVE-2006-5314,0.0679,0.91793
CVE-2006-5315,0.01319,0.70416
CVE-2006-5316,0.01213,0.6557
CVE-2006-5317,0.0679,0.91793
CVE-2006-5318,0.0679,0.91793
CVE-2006-5319,0.07197,0.92068
CVE-2006-5320,0.10995,0.94626999999999994
CVE-2006-5321,0.01136,0.57949
CVE-2006-5322,0.01136,0.57949
CVE-2006-5323,0.01018,0.38792
CVE-2006-5324,0.01018,0.38792
CVE-2006-5325,0.01055,0.50287
CVE-2006-5326,0.01055,0.50287
CVE-2006-5327,0.02694,0.82068
CVE-2006-5328,0.01104,0.52279
CVE-2006-5330,0.04358,0.87435
CVE-2006-5331,0.01404,0.71155
CVE-2006-5332,0.02186,0.8012
CVE-2006-5333,0.01633,0.74922
CVE-2006-5334,0.01633,0.74922
CVE-2006-5335,0.02186,0.8012
CVE-2006-5336,0.02186,0.8012
CVE-2006-5337,0.01815,0.76117
CVE-2006-5338,0.02186,0.8012
CVE-2006-5339,0.01815,0.76117
CVE-2006-5340,0.01968,0.77806
CVE-2006-5341,0.02186,0.8012
CVE-2006-5342,0.01633,0.74922
CVE-2006-5343,0.01815,0.76117
CVE-2006-5344,0.01815,0.76117
CVE-2006-5345,0.01815,0.76117
CVE-2006-5346,0.01537,0.73595
CVE-2006-5347,0.01537,0.73595
CVE-2006-5348,0.01537,0.73595
CVE-2006-5349,0.01537,0.73595
CVE-2006-5350,0.01282,0.67298
CVE-2006-5351,0.01282,0.67298
CVE-2006-5352,0.01537,0.73595
CVE-2006-5353,0.01537,0.73595
CVE-2006-5354,0.01537,0.73595
CVE-2006-5355,0.01537,0.73595
CVE-2006-5356,0.01537,0.73595
CVE-2006-5357,0.01537,0.73595
CVE-2006-5358,0.01537,0.73595
CVE-2006-5359,0.01537,0.73595
CVE-2006-5360,0.01537,0.73595
CVE-2006-5361,0.01537,0.73595
CVE-2006-5362,0.01537,0.73595
CVE-2006-5363,0.01537,0.73595
CVE-2006-5364,0.01649,0.75017
CVE-2006-5365,0.01537,0.73595
CVE-2006-5366,0.01537,0.73595
CVE-2006-5367,0.01649,0.75017
CVE-2006-5368,0.01537,0.73595
CVE-2006-5369,0.01974,0.7812
CVE-2006-5370,0.01974,0.7812
CVE-2006-5371,0.01649,0.75017
CVE-2006-5372,0.01649,0.75017
CVE-2006-5373,0.01649,0.75017
CVE-2006-5374,0.01974,0.7812
CVE-2006-5375,0.01537,0.73595
CVE-2006-5376,0.01649,0.75017
CVE-2006-5377,0.01649,0.75017
CVE-2006-5378,0.01649,0.75017
CVE-2006-5379,0.47944,0.98484
CVE-2006-5380,0.01213,0.6557
CVE-2006-5381,0.01055,0.50287
CVE-2006-5382,0.01319,0.70416
CVE-2006-5383,0.00986,0.35784
CVE-2006-5384,0.04482,0.88223
CVE-2006-5385,0.0679,0.91793
CVE-2006-5386,0.04187,0.86773
CVE-2006-5387,0.0679,0.91793
CVE-2006-5388,0.00986,0.35784
CVE-2006-5389,0.01136,0.57949
CVE-2006-5390,0.0679,0.91793
CVE-2006-5391,0.04187,0.86773
CVE-2006-5392,0.12567,0.95329
CVE-2006-5393,0.0089,0.2856
CVE-2006-5394,0.0089,0.2856
CVE-2006-5395,0.13251,0.95483
CVE-2006-5396,0.01034,0.39824
CVE-2006-5397,0.01104,0.52279
CVE-2006-5398,0.01139,0.58345
CVE-2006-5399,0.07197,0.92068
CVE-2006-5400,0.04187,0.86773
CVE-2006-5401,0.04187,0.86773
CVE-2006-5402,0.07197,0.92068
CVE-2006-5403,0.06604,0.91138
CVE-2006-5404,0.01974,0.7812
CVE-2006-5405,0.02646,0.81377
CVE-2006-5406,0.0095,0.30554
CVE-2006-5407,0.01136,0.57949
CVE-2006-5408,0.01213,0.6557
CVE-2006-5409,0.01319,0.70416
CVE-2006-5410,0.01213,0.6557
CVE-2006-5411,0.04482,0.88223
CVE-2006-5412,0.07437,0.92309
CVE-2006-5413,0.0679,0.91793
CVE-2006-5414,0.01136,0.57949
CVE-2006-5415,0.0679,0.91793
CVE-2006-5416,0.01408,0.72072
CVE-2006-5417,0.01319,0.70416
CVE-2006-5418,0.0679,0.91793
CVE-2006-5419,0.01213,0.6557
CVE-2006-5420,0.01319,0.70416
CVE-2006-5421,0.04482,0.88223
CVE-2006-5422,0.04482,0.88223
CVE-2006-5423,0.04187,0.86773
CVE-2006-5424,0.07525,0.92398
CVE-2006-5425,0.01408,0.72072
CVE-2006-5426,0.04482,0.88223
CVE-2006-5427,0.04482,0.88223
CVE-2006-5428,0.04482,0.88223
CVE-2006-5429,0.04482,0.88223
CVE-2006-5430,0.01213,0.6557
CVE-2006-5431,0.04187,0.86773
CVE-2006-5432,0.0679,0.91793
CVE-2006-5433,0.04187,0.86773
CVE-2006-5434,0.04187,0.86773
CVE-2006-5435,0.01055,0.50287
CVE-2006-5436,0.04187,0.86773
CVE-2006-5437,0.01136,0.57949
CVE-2006-5438,0.01213,0.6557
CVE-2006-5439,0.01213,0.6557
CVE-2006-5440,0.01213,0.6557
CVE-2006-5441,0.01213,0.6557
CVE-2006-5442,0.01408,0.72072
CVE-2006-5443,0.01213,0.6557
CVE-2006-5444,0.47944,0.98484
CVE-2006-5445,0.02172,0.79917
CVE-2006-5446,0.00986,0.35784
CVE-2006-5447,0.01213,0.6557
CVE-2006-5448,0.15544,0.95787
CVE-2006-5449,0.01649,0.75017
CVE-2006-5450,0.01139,0.58345
CVE-2006-5451,0.01955,0.77585
CVE-2006-5452,0.0219,0.80125
CVE-2006-5453,0.02276,0.80597
CVE-2006-5454,0.03779,0.84781
CVE-2006-5455,0.01955,0.77585
CVE-2006-5456,0.04229,0.86856
CVE-2006-5457,0.01055,0.50287
CVE-2006-5458,0.04482,0.88223
CVE-2006-5459,0.01055,0.50287
CVE-2006-5460,0.01055,0.50287
CVE-2006-5461,0.01547,0.74085
CVE-2006-5462,0.04358,0.87435
CVE-2006-5463,0.04358,0.87435
CVE-2006-5464,0.04358,0.87435
CVE-2006-5465,0.12248,0.95092
CVE-2006-5466,0.04421,0.87629
CVE-2006-5467,0.04358,0.87435
CVE-2006-5468,0.04358,0.87435
CVE-2006-5469,0.04358,0.87435
CVE-2006-5471,0.04482,0.88223
CVE-2006-5472,0.0679,0.91793
CVE-2006-5473,0.01213,0.6557
CVE-2006-5474,0.01319,0.70416
CVE-2006-5475,0.01319,0.70416
CVE-2006-5476,0.01319,0.70416
CVE-2006-5477,0.01408,0.72072
CVE-2006-5478,0.83611,0.99586
CVE-2006-5479,0.01055,0.50287
CVE-2006-5480,0.04482,0.88223
CVE-2006-5481,0.01055,0.50287
CVE-2006-5482,0.01761,0.7555
CVE-2006-5483,0.01761,0.7555
CVE-2006-5484,0.01319,0.70416
CVE-2006-5485,0.04482,0.88223
CVE-2006-5486,0.01319,0.70416
CVE-2006-5487,0.01974,0.7812
CVE-2006-5488,0.01213,0.6557
CVE-2006-5489,0.01108,0.53389
CVE-2006-5490,0.01319,0.70416
CVE-2006-5491,0.01213,0.6557
CVE-2006-5492,0.01232,0.66248
CVE-2006-5493,0.0679,0.91793
CVE-2006-5494,0.0679,0.91793
CVE-2006-5495,0.12567,0.95329
CVE-2006-5496,0.01319,0.70416
CVE-2006-5497,0.01319,0.70416
CVE-2006-5498,0.01136,0.57949
CVE-2006-5499,0.01955,0.77585
CVE-2006-5500,0.01055,0.50287
CVE-2006-5501,0.07777,0.92953
CVE-2006-5502,0.07777,0.92953
CVE-2006-5503,0.01917,0.77071
CVE-2006-5504,0.01213,0.6557
CVE-2006-5505,0.04482,0.88223
CVE-2006-5506,0.12567,0.95329
CVE-2006-5507,0.03779,0.84781
CVE-2006-5508,0.01213,0.6557
CVE-2006-5509,0.01319,0.70416
CVE-2006-5510,0.0679,0.91793
CVE-2006-5511,0.04187,0.86773
CVE-2006-5512,0.01917,0.77071
CVE-2006-5513,0.01213,0.6557
CVE-2006-5514,0.00986,0.35784
CVE-2006-5515,0.01776,0.75902
CVE-2006-5516,0.04894,0.88891
CVE-2006-5517,0.12567,0.95329
CVE-2006-5518,0.10995,0.94626999999999994
CVE-2006-5519,0.04482,0.88223
CVE-2006-5520,0.01213,0.6557
CVE-2006-5521,0.0679,0.91793
CVE-2006-5522,0.04187,0.86773
CVE-2006-5523,0.04187,0.86773
CVE-2006-5524,0.02945,0.82784
CVE-2006-5525,0.01139,0.58345
CVE-2006-5526,0.04482,0.88223
CVE-2006-5527,0.07197,0.92068
CVE-2006-5528,0.04187,0.86773
CVE-2006-5529,0.01917,0.77071
CVE-2006-5530,0.01917,0.77071
CVE-2006-5531,0.04482,0.88223
CVE-2006-5532,0.01319,0.70416
CVE-2006-5533,0.01213,0.6557
CVE-2006-5534,0.01213,0.6557
CVE-2006-5535,0.02945,0.82784
CVE-2006-5536,0.0679,0.91793
CVE-2006-5537,0.01213,0.6557
CVE-2006-5538,0.01055,0.50287
CVE-2006-5539,0.0679,0.91793
CVE-2006-5540,0.02528,0.8112
CVE-2006-5541,0.02528,0.8112
CVE-2006-5542,0.02528,0.8112
CVE-2006-5543,0.0679,0.91793
CVE-2006-5544,0.20648,0.96329
CVE-2006-5545,0.01319,0.70416
CVE-2006-5546,0.01319,0.70416
CVE-2006-5547,0.01319,0.70416
CVE-2006-5548,0.01319,0.70416
CVE-2006-5549,0.01213,0.6557
CVE-2006-5550,0.01761,0.7555
CVE-2006-5551,0.07687,0.92751
CVE-2006-5552,0.06211,0.90307
CVE-2006-5553,0.01319,0.70416
CVE-2006-5554,0.04187,0.86773
CVE-2006-5555,0.0679,0.91793
CVE-2006-5556,0.02258,0.80579
CVE-2006-5557,0.0247,0.80855
CVE-2006-5558,0.05609,0.89562
CVE-2006-5559,0.58548,0.98802
CVE-2006-5560,0.01319,0.70416
CVE-2006-5561,0.00986,0.35784
CVE-2006-5562,0.04187,0.86773
CVE-2006-5563,0.01319,0.70416
CVE-2006-5564,0.01917,0.77071
CVE-2006-5565,0.01136,0.57949
CVE-2006-5566,0.04482,0.88223
CVE-2006-5567,0.28823,0.97188
CVE-2006-5568,0.0679,0.91793
CVE-2006-5569,0.01055,0.50287
CVE-2006-5570,0.01974,0.7812
CVE-2006-5571,0.40588,0.98099
CVE-2006-5574,0.46718,0.98435
CVE-2006-5577,0.20648,0.96329
CVE-2006-5578,0.20648,0.96329
CVE-2006-5579,0.46718,0.98435
CVE-2006-5581,0.46718,0.98435
CVE-2006-5583,0.46718,0.98435
CVE-2006-5584,0.20648,0.96329
CVE-2006-5585,0.02087,0.79049
CVE-2006-5586,0.02087,0.79049
CVE-2006-5587,0.04482,0.88223
CVE-2006-5588,0.04482,0.88223
CVE-2006-5589,0.01213,0.6557
CVE-2006-5590,0.0679,0.91793
CVE-2006-5591,0.01319,0.70416
CVE-2006-5592,0.01319,0.70416
CVE-2006-5593,0.06337,0.90513
CVE-2006-5594,0.01136,0.57949
CVE-2006-5595,0.01018,0.38792
CVE-2006-5596,0.01319,0.70416
CVE-2006-5597,0.04482,0.88223
CVE-2006-5598,0.01213,0.6557
CVE-2006-5599,0.01213,0.6557
CVE-2006-5600,0.0095,0.30554
CVE-2006-5601,0.06739,0.91208
CVE-2006-5602,0.01034,0.39824
CVE-2006-5603,0.00986,0.35784
CVE-2006-5604,0.01055,0.50287
CVE-2006-5605,0.01055,0.50287
CVE-2006-5606,0.01319,0.70416
CVE-2006-5607,0.01319,0.70416
CVE-2006-5608,0.01213,0.6557
CVE-2006-5609,0.04187,0.86773
CVE-2006-5610,0.01055,0.50287
CVE-2006-5611,0.00885,0.26162
CVE-2006-5612,0.0679,0.91793
CVE-2006-5613,0.0679,0.91793
CVE-2006-5614,0.83542,0.99584
CVE-2006-5615,0.04187,0.86773
CVE-2006-5616,0.03214,0.83353
CVE-2006-5617,0.01136,0.57949
CVE-2006-5618,0.04482,0.88223
CVE-2006-5619,0.01547,0.74085
CVE-2006-5620,0.07197,0.92068
CVE-2006-5621,0.04482,0.88223
CVE-2006-5622,0.00986,0.35784
CVE-2006-5623,0.04187,0.86773
CVE-2006-5624,0.04482,0.88223
CVE-2006-5625,0.04187,0.86773
CVE-2006-5626,0.02945,0.82784
CVE-2006-5627,0.12567,0.95329
CVE-2006-5628,0.01213,0.6557
CVE-2006-5629,0.04386,0.87542
CVE-2006-5630,0.01319,0.70416
CVE-2006-5631,0.01213,0.6557
CVE-2006-5632,0.01213,0.6557
CVE-2006-5633,0.35205,0.97726
CVE-2006-5634,0.07197,0.92068
CVE-2006-5635,0.00986,0.35784
CVE-2006-5636,0.07197,0.92068
CVE-2006-5637,0.0679,0.91793
CVE-2006-5638,0.00986,0.35784
CVE-2006-5639,0.01018,0.38792
CVE-2006-5640,0.00986,0.35784
CVE-2006-5641,0.00986,0.35784
CVE-2006-5642,0.00954,0.34522
CVE-2006-5643,0.02945,0.82784
CVE-2006-5645,0.07197,0.92068
CVE-2006-5646,0.0679,0.91793
CVE-2006-5647,0.12822,0.95405
CVE-2006-5648,0.01034,0.39824
CVE-2006-5649,0.01282,0.67298
CVE-2006-5650,0.81532,0.99513
CVE-2006-5651,0.01319,0.70416
CVE-2006-5652,0.01917,0.77071
CVE-2006-5653,0.03129,0.8316
CVE-2006-5654,0.01232,0.66248
CVE-2006-5655,0.01213,0.6557
CVE-2006-5656,0.01136,0.57949
CVE-2006-5657,0.00954,0.34522
CVE-2006-5658,0.01319,0.70416
CVE-2006-5659,0.00885,0.26162
CVE-2006-5660,0.01408,0.72072
CVE-2006-5661,0.05649,0.89807
CVE-2006-5662,0.00986,0.35784
CVE-2006-5663,0.0095,0.30554
CVE-2006-5664,0.0095,0.30554
CVE-2006-5665,0.0679,0.91793
CVE-2006-5666,0.00986,0.35784
CVE-2006-5667,0.0679,0.91793
CVE-2006-5668,0.01213,0.6557
CVE-2006-5669,0.04187,0.86773
CVE-2006-5670,0.0679,0.91793
CVE-2006-5671,0.01055,0.50287
CVE-2006-5672,0.04187,0.86773
CVE-2006-5673,0.0679,0.91793
CVE-2006-5674,0.01213,0.6557
CVE-2006-5675,0.00986,0.35784
CVE-2006-5676,0.00986,0.35784
CVE-2006-5677,0.01034,0.39824
CVE-2006-5678,0.01213,0.6557
CVE-2006-5679,0.02172,0.79379
CVE-2006-5680,0.01108,0.53389
CVE-2006-5681,0.01319,0.70416
CVE-2006-5701,0.0322,0.83442
CVE-2006-5702,0.44277,0.98235
CVE-2006-5703,0.01408,0.72072
CVE-2006-5704,0.01034,0.39824
CVE-2006-5705,0.01815,0.76117
CVE-2006-5706,0.00885,0.26162
CVE-2006-5707,0.04386,0.87542
CVE-2006-5708,0.00885,0.26162
CVE-2006-5709,0.00954,0.34522
CVE-2006-5710,0.41378,0.98142
CVE-2006-5711,0.07197,0.92068
CVE-2006-5712,0.01917,0.77071
CVE-2006-5713,0.01136,0.57949
CVE-2006-5714,0.04187,0.86773
CVE-2006-5715,0.04482,0.88223
CVE-2006-5716,0.0679,0.91793
CVE-2006-5717,0.01213,0.6557
CVE-2006-5718,0.01776,0.75902
CVE-2006-5719,0.01213,0.6557
CVE-2006-5720,0.02005,0.78468
CVE-2006-5721,0.02046,0.7858
CVE-2006-5722,0.01055,0.50287
CVE-2006-5723,0.01213,0.6557
CVE-2006-5724,0.0089,0.2856
CVE-2006-5725,0.01213,0.6557
CVE-2006-5726,0.01761,0.7555
CVE-2006-5727,0.07197,0.92068
CVE-2006-5728,0.04187,0.86773
CVE-2006-5729,0.01132,0.54372
CVE-2006-5730,0.0679,0.91793
CVE-2006-5731,0.04482,0.88223
CVE-2006-5732,0.00986,0.35784
CVE-2006-5733,0.0679,0.91793
CVE-2006-5734,0.01213,0.6557
CVE-2006-5735,0.01408,0.72072
CVE-2006-5736,0.01319,0.70416
CVE-2006-5737,0.0095,0.30554
CVE-2006-5738,0.01055,0.50287
CVE-2006-5739,0.01055,0.50287
CVE-2006-5740,0.04358,0.87435
CVE-2006-5741,0.01408,0.72072
CVE-2006-5742,0.01213,0.6557
CVE-2006-5743,0.01213,0.6557
CVE-2006-5744,0.01213,0.6557
CVE-2006-5745,0.8983,0.99831
CVE-2006-5746,0.01319,0.70416
CVE-2006-5747,0.12248,0.95092
CVE-2006-5748,0.10367,0.94368
CVE-2006-5749,0.01547,0.74085
CVE-2006-5750,0.12248,0.95092
CVE-2006-5751,0.02172,0.79379
CVE-2006-5752,0.14862,0.95676
CVE-2006-5753,0.01547,0.74085
CVE-2006-5754,0.01282,0.67298
CVE-2006-5755,0.01547,0.74085
CVE-2006-5757,0.0322,0.83442
CVE-2006-5758,0.02081,0.79023
CVE-2006-5759,0.01213,0.6557
CVE-2006-5760,0.07197,0.92068
CVE-2006-5761,0.03129,0.8316
CVE-2006-5762,0.12567,0.95329
CVE-2006-5763,0.10995,0.94626999999999994
CVE-2006-5764,0.04482,0.88223
CVE-2006-5765,0.01139,0.58345
CVE-2006-5766,0.04187,0.86773
CVE-2006-5767,0.0679,0.91793
CVE-2006-5768,0.12567,0.95329
CVE-2006-5769,0.01213,0.6557
CVE-2006-5770,0.04894,0.88891
CVE-2006-5771,0.01213,0.6557
CVE-2006-5772,0.01213,0.6557
CVE-2006-5773,0.01319,0.70416
CVE-2006-5774,0.01319,0.70416
CVE-2006-5775,0.01213,0.6557
CVE-2006-5776,0.01319,0.70416
CVE-2006-5777,0.04187,0.86773
CVE-2006-5778,0.01034,0.39824
CVE-2006-5779,0.04358,0.87435
CVE-2006-5780,0.78095,0.99418
CVE-2006-5781,0.08263,0.93269
CVE-2006-5782,0.01408,0.72072
CVE-2006-5783,0.01213,0.6557
CVE-2006-5784,0.04587,0.88396
CVE-2006-5785,0.01408,0.72072
CVE-2006-5786,0.04187,0.86773
CVE-2006-5787,0.04482,0.88223
CVE-2006-5788,0.0679,0.91793
CVE-2006-5789,0.05931,0.90093
CVE-2006-5790,0.05139,0.89128
CVE-2006-5791,0.01408,0.72072
CVE-2006-5792,0.73412,0.99237
CVE-2006-5793,0.02686,0.82061
CVE-2006-5794,0.02686,0.82061
CVE-2006-5795,0.01319,0.70416
CVE-2006-5796,0.07197,0.92068
CVE-2006-5797,0.01408,0.72072
CVE-2006-5798,0.01213,0.6557
CVE-2006-5799,0.01319,0.70416
CVE-2006-5800,0.01055,0.50287
CVE-2006-5801,0.01018,0.38792
CVE-2006-5802,0.00986,0.35784
CVE-2006-5803,0.01136,0.57949
CVE-2006-5804,0.01319,0.70416
CVE-2006-5805,0.11676,0.94929
CVE-2006-5806,0.01034,0.39824
CVE-2006-5807,0.01034,0.39824
CVE-2006-5808,0.01104,0.52279
CVE-2006-5809,0.00885,0.26162
CVE-2006-5810,0.01917,0.77071
CVE-2006-5811,0.01319,0.70416
CVE-2006-5812,0.01018,0.38792
CVE-2006-5813,0.00954,0.34522
CVE-2006-5814,0.07732,0.92768
CVE-2006-5815,0.74943,0.99285
CVE-2006-5816,0.01136,0.57949
CVE-2006-5817,0.00885,0.26162
CVE-2006-5818,0.01755,0.75287
CVE-2006-5819,0.01974,0.7812
CVE-2006-5820,0.40588,0.98099
CVE-2006-5821,0.08263,0.93269
CVE-2006-5822,0.1127,0.94787
CVE-2006-5823,0.01547,0.74085
CVE-2006-5824,0.0089,0.2856
CVE-2006-5825,0.01917,0.77071
CVE-2006-5826,0.13676,0.95565
CVE-2006-5827,0.01319,0.70416
CVE-2006-5828,0.00986,0.35784
CVE-2006-5829,0.01139,0.58345
CVE-2006-5830,0.03129,0.8316
CVE-2006-5831,0.04482,0.88223
CVE-2006-5832,0.04482,0.88223
CVE-2006-5833,0.0547,0.89492
CVE-2006-5834,0.04482,0.88223
CVE-2006-5835,0.01319,0.70416
CVE-2006-5836,0.05625,0.89579
CVE-2006-5837,0.04482,0.88223
CVE-2006-5838,0.04187,0.86773
CVE-2006-5839,0.04187,0.86773
CVE-2006-5840,0.02172,0.79917
CVE-2006-5841,0.0679,0.91793
CVE-2006-5842,0.0095,0.30554
CVE-2006-5843,0.01319,0.70416
CVE-2006-5844,0.01213,0.6557
CVE-2006-5845,0.01232,0.66248
CVE-2006-5846,0.07197,0.92068
CVE-2006-5847,0.03129,0.8316
CVE-2006-5849,0.04187,0.86773
CVE-2006-5850,0.40588,0.98099
CVE-2006-5851,0.01761,0.7555
CVE-2006-5852,0.01761,0.7555
CVE-2006-5853,0.01917,0.77071
CVE-2006-5854,0.45067,0.98264
CVE-2006-5855,0.08228,0.93218
CVE-2006-5856,0.09915,0.94265
CVE-2006-5857,0.09915,0.94265
CVE-2006-5858,0.01974,0.7812
CVE-2006-5859,0.01319,0.70416
CVE-2006-5860,0.01408,0.72072
CVE-2006-5861,0.01319,0.70416
CVE-2006-5862,0.0095,0.30554
CVE-2006-5863,0.0679,0.91793
CVE-2006-5864,0.27992,0.97142
CVE-2006-5865,0.0679,0.91793
CVE-2006-5866,0.0679,0.91793
CVE-2006-5867,0.04358,0.87435
CVE-2006-5868,0.01537,0.73595
CVE-2006-5869,0.01108,0.53389
CVE-2006-5870,0.09915,0.94265
CVE-2006-5871,0.01282,0.67298
CVE-2006-5872,0.01408,0.72072
CVE-2006-5873,0.01408,0.72072
CVE-2006-5874,0.01319,0.70416
CVE-2006-5875,0.01408,0.72072
CVE-2006-5876,0.03779,0.84781
CVE-2006-5877,0.01213,0.6557
CVE-2006-5878,0.01974,0.7812
CVE-2006-5879,0.01139,0.58345
CVE-2006-5880,0.00986,0.35784
CVE-2006-5881,0.028,0.82308
CVE-2006-5882,0.29562,0.97308
CVE-2006-5883,0.0272,0.82077
CVE-2006-5884,0.047,0.88653
CVE-2006-5885,0.028,0.82308
CVE-2006-5886,0.01139,0.58345
CVE-2006-5887,0.028,0.82308
CVE-2006-5888,0.00986,0.35784
CVE-2006-5889,0.01139,0.58345
CVE-2006-5890,0.00986,0.35784
CVE-2006-5891,0.01139,0.58345
CVE-2006-5892,0.01139,0.58345
CVE-2006-5893,0.0679,0.91793
CVE-2006-5894,0.0679,0.91793
CVE-2006-5895,0.10995,0.94626999999999994
CVE-2006-5896,0.01319,0.70416
CVE-2006-5897,0.01213,0.6557
CVE-2006-5898,0.01136,0.57949
CVE-2006-5899,0.04187,0.86773
CVE-2006-5900,0.01136,0.57949
CVE-2006-5901,0.01055,0.50287
CVE-2006-5902,0.01055,0.50287
CVE-2006-5903,0.01055,0.50287
CVE-2006-5904,0.01055,0.50287
CVE-2006-5905,0.04482,0.88223
CVE-2006-5906,0.01319,0.70416
CVE-2006-5907,0.01136,0.57949
CVE-2006-5908,0.01213,0.6557
CVE-2006-5909,0.01408,0.72072
CVE-2006-5910,0.04482,0.88223
CVE-2006-5911,0.15272,0.95729
CVE-2006-5912,0.01018,0.38792
CVE-2006-5913,0.09772,0.94058
CVE-2006-5914,0.01139,0.58345
CVE-2006-5915,0.02945,0.82784
CVE-2006-5916,0.01018,0.38792
CVE-2006-5917,0.01408,0.72072
CVE-2006-5918,0.04187,0.86773
CVE-2006-5919,0.0679,0.91793
CVE-2006-5920,0.04187,0.86773
CVE-2006-5921,0.01213,0.6557
CVE-2006-5922,0.01136,0.57949
CVE-2006-5923,0.04187,0.86773
CVE-2006-5924,0.01917,0.77071
CVE-2006-5925,0.47944,0.98484
CVE-2006-5926,0.01319,0.70416
CVE-2006-5927,0.01213,0.6557
CVE-2006-5928,0.12567,0.95329
CVE-2006-5929,0.01055,0.50287
CVE-2006-5930,0.07197,0.92068
CVE-2006-5931,0.01055,0.50287
CVE-2006-5932,0.01319,0.70416
CVE-2006-5933,0.01055,0.50287
CVE-2006-5934,0.01139,0.58345
CVE-2006-5935,0.01319,0.70416
CVE-2006-5936,0.01139,0.58345
CVE-2006-5937,0.06523,0.90962
CVE-2006-5938,0.01018,0.38792
CVE-2006-5939,0.01213,0.6557
CVE-2006-5940,0.01018,0.38792
CVE-2006-5942,0.01213,0.6557
CVE-2006-5943,0.00986,0.35784
CVE-2006-5944,0.02945,0.82784
CVE-2006-5945,0.01139,0.58345
CVE-2006-5946,0.01139,0.58345
CVE-2006-5947,0.01213,0.6557
CVE-2006-5948,0.0679,0.91793
CVE-2006-5949,0.01213,0.6557
CVE-2006-5950,0.01213,0.6557
CVE-2006-5951,0.04187,0.86773
CVE-2006-5952,0.00986,0.35784
CVE-2006-5953,0.01319,0.70416
CVE-2006-5954,0.01319,0.70416
CVE-2006-5955,0.01319,0.70416
CVE-2006-5956,0.0095,0.30554
CVE-2006-5957,0.01139,0.58345
CVE-2006-5958,0.02945,0.82784
CVE-2006-5959,0.01319,0.70416
CVE-2006-5960,0.01319,0.70416
CVE-2006-5961,0.00885,0.26162
CVE-2006-5962,0.01319,0.70416
CVE-2006-5963,0.01319,0.70416
CVE-2006-5964,0.01319,0.70416
CVE-2006-5965,0.01034,0.39824
CVE-2006-5966,0.01319,0.70416
CVE-2006-5967,0.07525,0.92398
CVE-2006-5968,0.01755,0.75287
CVE-2006-5969,0.01034,0.39824
CVE-2006-5970,0.01408,0.72072
CVE-2006-5971,0.01319,0.70416
CVE-2006-5972,0.15607,0.95873
CVE-2006-5973,0.03779,0.84781
CVE-2006-5974,0.03779,0.84781
CVE-2006-5975,0.01319,0.70416
CVE-2006-5976,0.01319,0.70416
CVE-2006-5977,0.01136,0.57949
CVE-2006-5978,0.01018,0.38792
CVE-2006-5979,0.01136,0.57949
CVE-2006-5980,0.01136,0.57949
CVE-2006-5981,0.01213,0.6557
CVE-2006-5982,0.01018,0.38792
CVE-2006-5983,0.01917,0.77071
CVE-2006-5984,0.01408,0.72072
CVE-2006-5985,0.01055,0.50287
CVE-2006-5986,0.01055,0.50287
CVE-2006-5987,0.00986,0.35784
CVE-2006-5988,0.09772,0.94058
CVE-2006-5989,0.03779,0.84781
CVE-2006-5990,0.01183,0.60428
CVE-2006-5991,0.01319,0.70416
CVE-2006-5994,0.46718,0.98435
CVE-2006-6007,0.01055,0.50287
CVE-2006-6008,0.01232,0.66248
CVE-2006-6009,0.01108,0.53389
CVE-2006-6010,0.33474,0.97569
CVE-2006-6011,0.01055,0.50287
CVE-2006-6012,0.01055,0.50287
CVE-2006-6013,0.01547,0.74085
CVE-2006-6014,0.00885,0.26162
CVE-2006-6015,0.04187,0.86773
CVE-2006-6016,0.01061,0.51015
CVE-2006-6017,0.01061,0.51015
CVE-2006-6018,0.01213,0.6557
CVE-2006-6019,0.01213,0.6557
CVE-2006-6020,0.01917,0.77071
CVE-2006-6021,0.01139,0.58345
CVE-2006-6022,0.01917,0.77071
CVE-2006-6023,0.01213,0.6557
CVE-2006-6024,0.00954,0.34522
CVE-2006-6025,0.01136,0.57949
CVE-2006-6026,0.35205,0.97726
CVE-2006-6027,0.72633,0.9921
CVE-2006-6028,0.0679,0.91793
CVE-2006-6029,0.00986,0.35784
CVE-2006-6030,0.01213,0.6557
CVE-2006-6031,0.01213,0.6557
CVE-2006-6032,0.01136,0.57949
CVE-2006-6033,0.01136,0.57949
CVE-2006-6034,0.01213,0.6557
CVE-2006-6035,0.02945,0.82784
CVE-2006-6036,0.01213,0.6557
CVE-2006-6037,0.01408,0.72072
CVE-2006-6038,0.00986,0.35784
CVE-2006-6039,0.00986,0.35784
CVE-2006-6040,0.02945,0.82784
CVE-2006-6041,0.0679,0.91793
CVE-2006-6042,0.01319,0.70416
CVE-2006-6043,0.01213,0.6557
CVE-2006-6044,0.0679,0.91793
CVE-2006-6045,0.0679,0.91793
CVE-2006-6046,0.01213,0.6557
CVE-2006-6047,0.09659,0.94
CVE-2006-6048,0.01408,0.72072
CVE-2006-6049,0.01319,0.70416
CVE-2006-6050,0.00986,0.35784
CVE-2006-6051,0.04187,0.86773
CVE-2006-6052,0.01136,0.57949
CVE-2006-6053,0.01547,0.74085
CVE-2006-6054,0.01547,0.74085
CVE-2006-6055,0.07687,0.92751
CVE-2006-6056,0.01547,0.74085
CVE-2006-6057,0.01034,0.39824
CVE-2006-6058,0.01547,0.74085
CVE-2006-6059,0.15607,0.95873
CVE-2006-6060,0.01104,0.52279
CVE-2006-6061,0.06154,0.90253
CVE-2006-6062,0.12567,0.95329
CVE-2006-6063,0.72015,0.99186
CVE-2006-6064,0.06523,0.90962
CVE-2006-6065,0.0679,0.91793
CVE-2006-6066,0.04386,0.87542
CVE-2006-6067,0.00986,0.35784
CVE-2006-6068,0.01213,0.6557
CVE-2006-6069,0.01055,0.50287
CVE-2006-6070,0.00986,0.35784
CVE-2006-6071,0.01213,0.6557
CVE-2006-6072,0.01136,0.57949
CVE-2006-6073,0.01136,0.57949
CVE-2006-6074,0.01319,0.70416
CVE-2006-6075,0.01055,0.50287
CVE-2006-6076,0.79666,0.99471
CVE-2006-6077,0.04358,0.87435
CVE-2006-6078,0.0679,0.91793
CVE-2006-6079,0.01136,0.57949
CVE-2006-6080,0.00986,0.35784
CVE-2006-6081,0.01213,0.6557
CVE-2006-6082,0.02945,0.82784
CVE-2006-6083,0.01139,0.58345
CVE-2006-6084,0.10995,0.94626999999999994
CVE-2006-6085,0.01108,0.53389
CVE-2006-6086,0.0679,0.91793
CVE-2006-6087,0.02945,0.82784
CVE-2006-6088,0.02945,0.82784
CVE-2006-6089,0.01319,0.70416
CVE-2006-6090,0.01408,0.72072
CVE-2006-6091,0.01213,0.6557
CVE-2006-6092,0.01139,0.58345
CVE-2006-6093,0.04482,0.88223
CVE-2006-6094,0.04386,0.87542
CVE-2006-6095,0.01139,0.58345
CVE-2006-6096,0.01917,0.77071
CVE-2006-6097,0.15272,0.95729
CVE-2006-6101,0.03054,0.82936
CVE-2006-6102,0.04421,0.87629
CVE-2006-6103,0.03054,0.82936
CVE-2006-6104,0.12567,0.95329
CVE-2006-6105,0.02172,0.79379
CVE-2006-6106,0.08228,0.93218
CVE-2006-6107,0.01547,0.74085
CVE-2006-6108,0.01319,0.70416
CVE-2006-6109,0.01139,0.58345
CVE-2006-6110,0.01136,0.57949
CVE-2006-6111,0.04386,0.87542
CVE-2006-6112,0.01319,0.70416
CVE-2006-6113,0.01319,0.70416
CVE-2006-6115,0.00986,0.35784
CVE-2006-6116,0.00986,0.35784
CVE-2006-6117,0.00986,0.35784
CVE-2006-6118,0.01917,0.77071
CVE-2006-6119,0.01213,0.6557
CVE-2006-6120,0.09915,0.94265
CVE-2006-6121,0.12567,0.95329
CVE-2006-6122,0.00885,0.26162
CVE-2006-6123,0.01319,0.70416
CVE-2006-6124,0.01917,0.77071
CVE-2006-6125,0.15607,0.95873
CVE-2006-6126,0.0095,0.30554
CVE-2006-6127,0.01282,0.67298
CVE-2006-6128,0.0095,0.30554
CVE-2006-6129,0.07723,0.92755
CVE-2006-6130,0.0322,0.83442
CVE-2006-6131,0.04587,0.88396
CVE-2006-6132,0.01319,0.70416
CVE-2006-6133,0.72259,0.99201
CVE-2006-6134,0.36031,0.97768
CVE-2006-6135,0.01108,0.53389
CVE-2006-6136,0.01108,0.53389
CVE-2006-6137,0.01055,0.50287
CVE-2006-6138,0.01055,0.50287
CVE-2006-6139,0.01055,0.50287
CVE-2006-6140,0.01055,0.50287
CVE-2006-6141,0.01408,0.72072
CVE-2006-6142,0.03932,0.8519
CVE-2006-6143,0.08228,0.93218
CVE-2006-6144,0.04358,0.87435
CVE-2006-6145,0.0095,0.30554
CVE-2006-6146,0.01018,0.38792
CVE-2006-6147,0.01139,0.58345
CVE-2006-6148,0.01408,0.72072
CVE-2006-6149,0.00986,0.35784
CVE-2006-6150,0.04482,0.88223
CVE-2006-6151,0.04187,0.86773
CVE-2006-6152,0.01139,0.58345
CVE-2006-6153,0.02945,0.82784
CVE-2006-6154,0.0679,0.91793
CVE-2006-6155,0.01055,0.50287
CVE-2006-6156,0.01055,0.50287
CVE-2006-6157,0.04386,0.87542
CVE-2006-6158,0.05649,0.89807
CVE-2006-6159,0.01319,0.70416
CVE-2006-6160,0.00986,0.35784
CVE-2006-6161,0.01213,0.6557
CVE-2006-6162,0.01213,0.6557
CVE-2006-6163,0.01055,0.50287
CVE-2006-6164,0.01282,0.67298
CVE-2006-6165,0.00885,0.26162
CVE-2006-6166,0.01136,0.57949
CVE-2006-6167,0.01319,0.70416
CVE-2006-6168,0.01136,0.57949
CVE-2006-6169,0.04421,0.87629
CVE-2006-6170,0.12248,0.95092
CVE-2006-6171,0.02686,0.82061
CVE-2006-6172,0.08228,0.93218
CVE-2006-6173,0.07723,0.92755
CVE-2006-6174,0.01776,0.75902
CVE-2006-6175,0.01974,0.7812
CVE-2006-6176,0.01319,0.70416
CVE-2006-6177,0.028,0.82308
CVE-2006-6178,0.06523,0.90962
CVE-2006-6179,0.06523,0.90962
CVE-2006-6180,0.01213,0.6557
CVE-2006-6181,0.01139,0.58345
CVE-2006-6182,0.0089,0.2856
CVE-2006-6183,0.67074,0.99017
CVE-2006-6185,0.0679,0.91793
CVE-2006-6186,0.01213,0.6557
CVE-2006-6187,0.01319,0.70416
CVE-2006-6188,0.01319,0.70416
CVE-2006-6189,0.00986,0.35784
CVE-2006-6190,0.01213,0.6557
CVE-2006-6191,0.00986,0.35784
CVE-2006-6192,0.01055,0.50287
CVE-2006-6193,0.00986,0.35784
CVE-2006-6194,0.01213,0.6557
CVE-2006-6195,0.00986,0.35784
CVE-2006-6196,0.01319,0.70416
CVE-2006-6197,0.01917,0.77071
CVE-2006-6198,0.01917,0.77071
CVE-2006-6199,0.78095,0.99418
CVE-2006-6200,0.01408,0.72072
CVE-2006-6201,0.07777,0.92953
CVE-2006-6202,0.01213,0.6557
CVE-2006-6203,0.04482,0.88223
CVE-2006-6204,0.01139,0.58345
CVE-2006-6205,0.02945,0.82784
CVE-2006-6206,0.01319,0.70416
CVE-2006-6207,0.00986,0.35784
CVE-2006-6208,0.01139,0.58345
CVE-2006-6209,0.01139,0.58345
CVE-2006-6210,0.00986,0.35784
CVE-2006-6211,0.01917,0.77071
CVE-2006-6212,0.04187,0.86773
CVE-2006-6213,0.04187,0.86773
CVE-2006-6214,0.00986,0.35784
CVE-2006-6215,0.01055,0.50287
CVE-2006-6216,0.00986,0.35784
CVE-2006-6217,0.01055,0.50287
CVE-2006-6218,0.01213,0.6557
CVE-2006-6219,0.01213,0.6557
CVE-2006-6220,0.00986,0.35784
CVE-2006-6221,0.01408,0.72072
CVE-2006-6222,0.1127,0.94787
CVE-2006-6223,0.01319,0.70416
CVE-2006-6224,0.01213,0.6557
CVE-2006-6225,0.07437,0.92309
CVE-2006-6226,0.04291,0.87022
CVE-2006-6227,0.01213,0.6557
CVE-2006-6228,0.01055,0.50287
CVE-2006-6229,0.00885,0.26162
CVE-2006-6230,0.01213,0.6557
CVE-2006-6231,0.01213,0.6557
CVE-2006-6232,0.0679,0.91793
CVE-2006-6233,0.01136,0.57949
CVE-2006-6234,0.01213,0.6557
CVE-2006-6235,0.04421,0.87629
CVE-2006-6236,0.10949,0.94488
CVE-2006-6237,0.01139,0.58345
CVE-2006-6238,0.01136,0.57949
CVE-2006-6239,0.01213,0.6557
CVE-2006-6240,0.01132,0.54372
CVE-2006-6241,0.01132,0.54372
CVE-2006-6242,0.04482,0.88223
CVE-2006-6243,0.01139,0.58345
CVE-2006-6244,0.01018,0.38792
CVE-2006-6245,0.01213,0.6557
CVE-2006-6246,0.01319,0.70416
CVE-2006-6247,0.01139,0.58345
CVE-2006-6248,0.01213,0.6557
CVE-2006-6249,0.01319,0.70416
CVE-2006-6250,0.04187,0.86773
CVE-2006-6251,0.75392,0.99312
CVE-2006-6252,0.09772,0.94058
CVE-2006-6253,0.01319,0.70416
CVE-2006-6254,0.0679,0.91793
CVE-2006-6255,0.01136,0.57949
CVE-2006-6256,0.01776,0.75902
CVE-2006-6257,0.01319,0.70416
CVE-2006-6258,0.01319,0.70416
CVE-2006-6259,0.02172,0.79917
CVE-2006-6260,0.01213,0.6557
CVE-2006-6261,0.06006,0.90134
CVE-2006-6262,0.01408,0.72072
CVE-2006-6263,0.11676,0.94929
CVE-2006-6264,0.11676,0.94929
CVE-2006-6265,0.13525,0.9555
CVE-2006-6266,0.11676,0.94929
CVE-2006-6267,0.01055,0.50287
CVE-2006-6268,0.01213,0.6557
CVE-2006-6269,0.01055,0.50287
CVE-2006-6270,0.01136,0.57949
CVE-2006-6271,0.01136,0.57949
CVE-2006-6272,0.01917,0.77071
CVE-2006-6273,0.01136,0.57949
CVE-2006-6274,0.01408,0.72072
CVE-2006-6275,0.01034,0.39824
CVE-2006-6276,0.01408,0.72072
CVE-2006-6277,0.0679,0.91793
CVE-2006-6278,0.01319,0.70416
CVE-2006-6279,0.01319,0.70416
CVE-2006-6280,0.00986,0.35784
CVE-2006-6281,0.04187,0.86773
CVE-2006-6282,0.01213,0.6557
CVE-2006-6283,0.01319,0.70416
CVE-2006-6284,0.05931,0.90093
CVE-2006-6285,0.01213,0.6557
CVE-2006-6286,0.0095,0.30554
CVE-2006-6287,0.07687,0.92751
CVE-2006-6288,0.22565,0.96461
CVE-2006-6289,0.04187,0.86773
CVE-2006-6290,0.06248,0.90327
CVE-2006-6291,0.01649,0.75017
CVE-2006-6292,0.02172,0.79917
CVE-2006-6293,0.40588,0.98099
CVE-2006-6294,0.00954,0.34522
CVE-2006-6295,0.04482,0.88223
CVE-2006-6296,0.40848,0.98127
CVE-2006-6297,0.02172,0.79917
CVE-2006-6298,0.00986,0.35784
CVE-2006-6299,0.13234,0.95482
CVE-2006-6300,0.01917,0.77071
CVE-2006-6301,0.01319,0.70416
CVE-2006-6302,0.01319,0.70416
CVE-2006-6303,0.04358,0.87435
CVE-2006-6304,0.01537,0.73595
CVE-2006-6305,0.01108,0.53389
CVE-2006-6306,0.01537,0.73595
CVE-2006-6307,0.01213,0.6557
CVE-2006-6308,0.01034,0.39824
CVE-2006-6309,0.01213,0.6557
CVE-2006-6310,0.20999,0.96367
CVE-2006-6311,0.26556,0.96997
CVE-2006-6318,0.02172,0.79917
CVE-2006-6328,0.01061,0.51015
CVE-2006-6329,0.01061,0.51015
CVE-2006-6330,0.0089,0.2856
CVE-2006-6331,0.01061,0.51015
CVE-2006-6332,0.42881,0.98198
CVE-2006-6333,0.01213,0.6557
CVE-2006-6334,0.24062,0.96648
CVE-2006-6335,0.1127,0.94787
CVE-2006-6336,0.08263,0.93269
CVE-2006-6337,0.01139,0.58345
CVE-2006-6338,0.0679,0.91793
CVE-2006-6339,0.01139,0.58345
CVE-2006-6340,0.04187,0.86773
CVE-2006-6341,0.0679,0.91793
CVE-2006-6342,0.00986,0.35784
CVE-2006-6343,0.01139,0.58345
CVE-2006-6344,0.00954,0.34522
CVE-2006-6345,0.01408,0.72072
CVE-2006-6346,0.01408,0.72072
CVE-2006-6347,0.01061,0.51015
CVE-2006-6348,0.01136,0.57949
CVE-2006-6349,0.028,0.82308
CVE-2006-6350,0.01213,0.6557
CVE-2006-6351,0.01213,0.6557
CVE-2006-6352,0.12567,0.95329
CVE-2006-6353,0.01055,0.50287
CVE-2006-6354,0.01319,0.70416
CVE-2006-6355,0.00986,0.35784
CVE-2006-6356,0.02945,0.82784
CVE-2006-6357,0.01055,0.50287
CVE-2006-6358,0.01319,0.70416
CVE-2006-6359,0.01319,0.70416
CVE-2006-6360,0.0679,0.91793
CVE-2006-6361,0.04291,0.87022
CVE-2006-6363,0.02945,0.82784
CVE-2006-6364,0.02945,0.82784
CVE-2006-6365,0.01139,0.58345
CVE-2006-6366,0.01917,0.77071
CVE-2006-6367,0.01139,0.58345
CVE-2006-6368,0.0679,0.91793
CVE-2006-6369,0.00986,0.35784
CVE-2006-6370,0.01055,0.50287
CVE-2006-6371,0.01213,0.6557
CVE-2006-6372,0.01055,0.50287
CVE-2006-6373,0.01136,0.57949
CVE-2006-6374,0.01136,0.57949
CVE-2006-6375,0.01319,0.70416
CVE-2006-6376,0.05532,0.89536
CVE-2006-6377,0.0679,0.91793
CVE-2006-6378,0.01136,0.57949
CVE-2006-6379,0.20096,0.96253
CVE-2006-6380,0.01213,0.6557
CVE-2006-6381,0.01213,0.6557
CVE-2006-6382,0.0089,0.2856
CVE-2006-6383,0.0322,0.83442
CVE-2006-6384,0.01055,0.50287
CVE-2006-6385,0.02172,0.79379
CVE-2006-6386,0.01213,0.6557
CVE-2006-6387,0.00986,0.35784
CVE-2006-6388,0.01136,0.57949
CVE-2006-6389,0.01917,0.77071
CVE-2006-6390,0.04482,0.88223
CVE-2006-6391,0.04187,0.86773
CVE-2006-6392,0.01213,0.6557
CVE-2006-6393,0.01213,0.6557
CVE-2006-6394,0.01213,0.6557
CVE-2006-6395,0.0095,0.30554
CVE-2006-6396,0.06523,0.90962
CVE-2006-6397,0.0095,0.30554
CVE-2006-6398,0.01055,0.50287
CVE-2006-6399,0.01055,0.50287
CVE-2006-6400,0.07525,0.92398
CVE-2006-6401,0.01213,0.6557
CVE-2006-6402,0.01213,0.6557
CVE-2006-6403,0.01136,0.57949
CVE-2006-6404,0.01136,0.57949
CVE-2006-6405,0.01136,0.57949
CVE-2006-6406,0.03779,0.84781
CVE-2006-6407,0.01136,0.57949
CVE-2006-6408,0.01136,0.57949
CVE-2006-6409,0.01136,0.57949
CVE-2006-6410,0.0214,0.7918
CVE-2006-6411,0.01319,0.70416
CVE-2006-6413,0.01213,0.6557
CVE-2006-6414,0.00986,0.35784
CVE-2006-6415,0.01136,0.57949
CVE-2006-6416,0.04187,0.86773
CVE-2006-6417,0.0679,0.91793
CVE-2006-6418,0.01104,0.52279
CVE-2006-6419,0.01213,0.6557
CVE-2006-6420,0.01213,0.6557
CVE-2006-6421,0.04263,0.86866
CVE-2006-6422,0.01136,0.57949
CVE-2006-6423,0.75392,0.99312
CVE-2006-6424,0.6297,0.98918
CVE-2006-6425,0.62798,0.98915
CVE-2006-6426,0.0679,0.91793
CVE-2006-6427,0.01319,0.70416
CVE-2006-6428,0.01213,0.6557
CVE-2006-6429,0.01018,0.38792
CVE-2006-6430,0.01213,0.6557
CVE-2006-6431,0.00954,0.34522
CVE-2006-6432,0.01213,0.6557
CVE-2006-6433,0.01136,0.57949
CVE-2006-6434,0.01055,0.50287
CVE-2006-6435,0.01055,0.50287
CVE-2006-6436,0.01055,0.50287
CVE-2006-6437,0.00885,0.26162
CVE-2006-6438,0.00885,0.26162
CVE-2006-6439,0.01055,0.50287
CVE-2006-6440,0.01055,0.50287
CVE-2006-6441,0.00885,0.26162
CVE-2006-6442,0.09915,0.94265
CVE-2006-6443,0.01018,0.38792
CVE-2006-6444,0.06309,0.90494
CVE-2006-6445,0.04187,0.86773
CVE-2006-6446,0.00986,0.35784
CVE-2006-6447,0.02945,0.82784
CVE-2006-6448,0.01055,0.50287
CVE-2006-6449,0.01055,0.50287
CVE-2006-6450,0.01213,0.6557
CVE-2006-6451,0.01917,0.77071
CVE-2006-6452,0.01136,0.57949
CVE-2006-6453,0.04482,0.88223
CVE-2006-6454,0.01055,0.50287
CVE-2006-6455,0.01319,0.70416
CVE-2006-6456,0.46718,0.98435
CVE-2006-6457,0.01055,0.50287
CVE-2006-6458,0.01213,0.6557
CVE-2006-6459,0.01213,0.6557
CVE-2006-6460,0.01055,0.50287
CVE-2006-6461,0.01055,0.50287
CVE-2006-6462,0.01319,0.70416
CVE-2006-6463,0.01132,0.54372
CVE-2006-6464,0.01213,0.6557
CVE-2006-6465,0.01061,0.51015
CVE-2006-6466,0.01055,0.50287
CVE-2006-6467,0.01055,0.50287
CVE-2006-6468,0.00885,0.26162
CVE-2006-6469,0.00885,0.26162
CVE-2006-6470,0.00885,0.26162
CVE-2006-6471,0.00885,0.26162
CVE-2006-6472,0.00885,0.26162
CVE-2006-6473,0.00885,0.26162
CVE-2006-6474,0.01755,0.75287
CVE-2006-6475,0.01408,0.72072
CVE-2006-6476,0.01104,0.52279
CVE-2006-6477,0.01104,0.52279
CVE-2006-6478,0.01139,0.58345
CVE-2006-6479,0.02945,0.82784
CVE-2006-6480,0.01213,0.6557
CVE-2006-6481,0.04358,0.87435
CVE-2006-6482,0.01408,0.72072
CVE-2006-6483,0.01408,0.72072
CVE-2006-6484,0.01213,0.6557
CVE-2006-6485,0.01776,0.75902
CVE-2006-6486,0.01136,0.57949
CVE-2006-6487,0.02945,0.82784
CVE-2006-6488,0.15607,0.95873
CVE-2006-6489,0.01319,0.70416
CVE-2006-6490,0.12248,0.95092
CVE-2006-6493,0.07687,0.92751
CVE-2006-6494,0.01872,0.76301
CVE-2006-6495,0.02172,0.79379
CVE-2006-6496,0.01282,0.67298
CVE-2006-6497,0.06604,0.91138
CVE-2006-6498,0.06604,0.91138
CVE-2006-6499,0.03932,0.8519
CVE-2006-6500,0.06604,0.91138
CVE-2006-6501,0.03932,0.8519
CVE-2006-6502,0.03932,0.8519
CVE-2006-6503,0.03932,0.8519
CVE-2006-6504,0.09915,0.94265
CVE-2006-6505,0.09915,0.94265
CVE-2006-6506,0.02686,0.82061
CVE-2006-6507,0.03407,0.83908
CVE-2006-6508,0.01132,0.54372
CVE-2006-6509,0.01034,0.39824
CVE-2006-6510,0.01034,0.39824
CVE-2006-6511,0.01213,0.6557
CVE-2006-6512,0.01315,0.67456
CVE-2006-6513,0.01649,0.75017
CVE-2006-6514,0.01649,0.75017
CVE-2006-6515,0.00885,0.26162
CVE-2006-6516,0.01319,0.70416
CVE-2006-6517,0.01917,0.77071
CVE-2006-6518,0.01917,0.77071
CVE-2006-6519,0.00986,0.35784
CVE-2006-6520,0.02945,0.82784
CVE-2006-6521,0.00986,0.35784
CVE-2006-6522,0.01136,0.57949
CVE-2006-6523,0.02945,0.82784
CVE-2006-6524,0.01213,0.6557
CVE-2006-6525,0.01055,0.50287
CVE-2006-6526,0.04482,0.88223
CVE-2006-6527,0.01055,0.50287
CVE-2006-6528,0.01136,0.57949
CVE-2006-6529,0.01055,0.50287
CVE-2006-6530,0.01213,0.6557
CVE-2006-6531,0.01213,0.6557
CVE-2006-6532,0.01055,0.50287
CVE-2006-6533,0.01213,0.6557
CVE-2006-6534,0.01136,0.57949
CVE-2006-6535,0.01537,0.73595
CVE-2006-6536,0.01917,0.77071
CVE-2006-6537,0.01213,0.6557
CVE-2006-6538,0.0679,0.91793
CVE-2006-6539,0.07544,0.92484
CVE-2006-6540,0.01213,0.6557
CVE-2006-6541,0.01319,0.70416
CVE-2006-6542,0.00986,0.35784
CVE-2006-6543,0.00986,0.35784
CVE-2006-6544,0.01055,0.50287
CVE-2006-6545,0.04187,0.86773
CVE-2006-6546,0.04482,0.88223
CVE-2006-6547,0.05288,0.89317
CVE-2006-6548,0.01132,0.54372
CVE-2006-6549,0.01136,0.57949
CVE-2006-6550,0.04187,0.86773
CVE-2006-6551,0.04187,0.86773
CVE-2006-6552,0.0679,0.91793
CVE-2006-6553,0.04482,0.88223
CVE-2006-6554,0.01213,0.6557
CVE-2006-6555,0.01136,0.57949
CVE-2006-6556,0.07777,0.92953
CVE-2006-6557,0.00954,0.34522
CVE-2006-6558,0.04482,0.88223
CVE-2006-6559,0.00986,0.35784
CVE-2006-6560,0.04187,0.86773
CVE-2006-6561,0.46718,0.98435
CVE-2006-6563,0.05625,0.89579
CVE-2006-6564,0.04187,0.86773
CVE-2006-6565,0.1694,0.95991
CVE-2006-6566,0.0679,0.91793
CVE-2006-6567,0.01213,0.6557
CVE-2006-6568,0.01213,0.6557
CVE-2006-6569,0.04187,0.86773
CVE-2006-6570,0.01213,0.6557
CVE-2006-6571,0.01917,0.77071
CVE-2006-6572,0.01315,0.67456
CVE-2006-6573,0.01315,0.67456
CVE-2006-6574,0.02172,0.79917
CVE-2006-6575,0.04187,0.86773
CVE-2006-6576,0.67074,0.99017
CVE-2006-6577,0.00986,0.35784
CVE-2006-6578,0.03884,0.84938
CVE-2006-6579,0.0126,0.66437
CVE-2006-6580,0.01055,0.50287
CVE-2006-6581,0.04187,0.86773
CVE-2006-6582,0.01213,0.6557
CVE-2006-6583,0.01055,0.50287
CVE-2006-6584,0.04291,0.87022
CVE-2006-6585,0.01018,0.38792
CVE-2006-6586,0.04187,0.86773
CVE-2006-6587,0.01484,0.72722
CVE-2006-6588,0.01055,0.50287
CVE-2006-6589,0.01484,0.72722
CVE-2006-6590,0.04187,0.86773
CVE-2006-6591,0.01136,0.57949
CVE-2006-6592,0.04187,0.86773
CVE-2006-6593,0.04187,0.86773
CVE-2006-6594,0.01213,0.6557
CVE-2006-6595,0.01136,0.57949
CVE-2006-6596,0.01213,0.6557
CVE-2006-6597,0.04482,0.88223
CVE-2006-6598,0.01132,0.54372
CVE-2006-6599,0.04187,0.86773
CVE-2006-6600,0.01055,0.50287
CVE-2006-6601,0.25598,0.96882
CVE-2006-6602,0.25598,0.96882
CVE-2006-6603,0.07525,0.92398
CVE-2006-6604,0.01132,0.54372
CVE-2006-6605,0.08263,0.93269
CVE-2006-6606,0.01213,0.6557
CVE-2006-6607,0.01034,0.39824
CVE-2006-6608,0.01319,0.70416
CVE-2006-6609,0.01319,0.70416
CVE-2006-6610,0.02564,0.81198
CVE-2006-6611,0.04482,0.88223
CVE-2006-6612,0.04482,0.88223
CVE-2006-6613,0.04187,0.86773
CVE-2006-6614,0.0095,0.30554
CVE-2006-6615,0.04187,0.86773
CVE-2006-6616,0.01132,0.54372
CVE-2006-6617,0.20233,0.96263
CVE-2006-6618,0.0095,0.30554
CVE-2006-6619,0.01761,0.7555
CVE-2006-6620,0.0095,0.30554
CVE-2006-6621,0.0095,0.30554
CVE-2006-6622,0.0095,0.30554
CVE-2006-6623,0.0095,0.30554
CVE-2006-6624,0.05931,0.90093
CVE-2006-6625,0.01917,0.77071
CVE-2006-6626,0.01055,0.50287
CVE-2006-6627,0.1127,0.94787
CVE-2006-6628,0.01776,0.75902
CVE-2006-6629,0.00954,0.34522
CVE-2006-6630,0.01055,0.50287
CVE-2006-6631,0.04187,0.86773
CVE-2006-6632,0.04187,0.86773
CVE-2006-6633,0.04187,0.86773
CVE-2006-6634,0.04187,0.86773
CVE-2006-6635,0.04187,0.86773
CVE-2006-6636,0.01537,0.73595
CVE-2006-6637,0.01974,0.7812
CVE-2006-6638,0.01213,0.6557
CVE-2006-6639,0.00885,0.26162
CVE-2006-6640,0.02945,0.82784
CVE-2006-6641,0.01183,0.60428
CVE-2006-6642,0.00986,0.35784
CVE-2006-6643,0.04482,0.88223
CVE-2006-6644,0.04482,0.88223
CVE-2006-6645,0.04187,0.86773
CVE-2006-6646,0.01213,0.6557
CVE-2006-6647,0.01136,0.57949
CVE-2006-6648,0.04482,0.88223
CVE-2006-6649,0.01319,0.70416
CVE-2006-6650,0.04482,0.88223
CVE-2006-6651,0.07687,0.92751
CVE-2006-6652,0.35936,0.97755
CVE-2006-6653,0.00885,0.26162
CVE-2006-6654,0.00885,0.26162
CVE-2006-6655,0.00885,0.26162
CVE-2006-6656,0.00885,0.26162
CVE-2006-6657,0.00885,0.26162
CVE-2006-6658,0.01055,0.50287
CVE-2006-6659,0.20999,0.96367
CVE-2006-6660,0.01963,0.77709
CVE-2006-6661,0.04187,0.86773
CVE-2006-6662,0.00885,0.26162
CVE-2006-6663,0.01319,0.70416
CVE-2006-6664,0.04291,0.87022
CVE-2006-6665,0.70125,0.99114
CVE-2006-6666,0.04187,0.86773
CVE-2006-6667,0.01055,0.50287
CVE-2006-6668,0.01055,0.50287
CVE-2006-6669,0.01319,0.70416
CVE-2006-6670,0.01018,0.38792
CVE-2006-6671,0.00986,0.35784
CVE-2006-6672,0.01055,0.50287
CVE-2006-6673,0.04187,0.86773
CVE-2006-6674,0.0095,0.30554
CVE-2006-6675,0.01213,0.6557
CVE-2006-6676,0.07525,0.92398
CVE-2006-6677,0.01319,0.70416
CVE-2006-6678,0.01108,0.53389
CVE-2006-6679,0.01319,0.70416
CVE-2006-6680,0.00885,0.26162
CVE-2006-6681,0.01213,0.6557
CVE-2006-6682,0.01319,0.70416
CVE-2006-6683,0.01055,0.50287
CVE-2006-6684,0.04291,0.87022
CVE-2006-6685,0.02994,0.8281
CVE-2006-6686,0.04187,0.86773
CVE-2006-6687,0.01055,0.50287
CVE-2006-6688,0.01055,0.50287
CVE-2006-6689,0.01055,0.50287
CVE-2006-6690,0.12567,0.95329
CVE-2006-6691,0.04482,0.88223
CVE-2006-6692,0.04081,0.85323
CVE-2006-6693,0.02791,0.82239
CVE-2006-6694,0.04482,0.88223
CVE-2006-6695,0.01055,0.50287
CVE-2006-6696,0.13109,0.9547
CVE-2006-6697,0.15683,0.95879
CVE-2006-6698,0.0095,0.30554
CVE-2006-6699,0.01055,0.50287
CVE-2006-6700,0.01213,0.6557
CVE-2006-6701,0.01955,0.77585
CVE-2006-6702,0.01136,0.57949
CVE-2006-6703,0.11165,0.94647
CVE-2006-6704,0.01055,0.50287
CVE-2006-6705,0.01136,0.57949
CVE-2006-6706,0.01061,0.51015
CVE-2006-6707,0.64412,0.98965
CVE-2006-6708,0.01917,0.77071
CVE-2006-6709,0.00986,0.35784
CVE-2006-6710,0.04187,0.86773
CVE-2006-6711,0.04187,0.86773
CVE-2006-6712,0.01319,0.70416
CVE-2006-6713,0.06523,0.90962
CVE-2006-6714,0.01213,0.6557
CVE-2006-6715,0.0679,0.91793
CVE-2006-6716,0.00986,0.35784
CVE-2006-6717,0.01213,0.6557
CVE-2006-6718,0.01055,0.50287
CVE-2006-6719,0.04187,0.86773
CVE-2006-6720,0.04482,0.88223
CVE-2006-6721,0.01917,0.77071
CVE-2006-6722,0.04187,0.86773
CVE-2006-6723,0.24729,0.96719
CVE-2006-6724,0.04187,0.86773
CVE-2006-6725,0.01055,0.50287
CVE-2006-6726,0.04187,0.86773
CVE-2006-6727,0.01055,0.50287
CVE-2006-6728,0.01213,0.6557
CVE-2006-6729,0.02945,0.82784
CVE-2006-6730,0.01034,0.39824
CVE-2006-6731,0.02686,0.82061
CVE-2006-6732,0.04482,0.88223
CVE-2006-6733,0.01917,0.77071
CVE-2006-6734,0.02945,0.82784
CVE-2006-6735,0.01213,0.6557
CVE-2006-6736,0.02686,0.82061
CVE-2006-6737,0.02686,0.82061
CVE-2006-6738,0.04187,0.86773
CVE-2006-6739,0.04187,0.86773
CVE-2006-6740,0.12567,0.95329
CVE-2006-6741,0.04187,0.86773
CVE-2006-6742,0.01213,0.6557
CVE-2006-6743,0.0095,0.30554
CVE-2006-6744,0.01055,0.50287
CVE-2006-6745,0.02686,0.82061
CVE-2006-6746,0.02945,0.82784
CVE-2006-6747,0.01139,0.58345
CVE-2006-6748,0.01055,0.50287
CVE-2006-6749,0.01108,0.53389
CVE-2006-6750,0.04187,0.86773
CVE-2006-6751,0.0679,0.91793
CVE-2006-6752,0.04187,0.86773
CVE-2006-6753,0.01908,0.76488
CVE-2006-6754,0.01232,0.66248
CVE-2006-6755,0.01213,0.6557
CVE-2006-6756,0.01213,0.6557
CVE-2006-6757,0.04187,0.86773
CVE-2006-6758,0.04187,0.86773
CVE-2006-6759,0.04187,0.86773
CVE-2006-6760,0.04187,0.86773
CVE-2006-6761,0.62164,0.9889
CVE-2006-6762,0.01232,0.66248
CVE-2006-6763,0.01055,0.50287
CVE-2006-6764,0.01213,0.6557
CVE-2006-6765,0.04187,0.86773
CVE-2006-6766,0.01055,0.50287
CVE-2006-6767,0.07197,0.92068
CVE-2006-6768,0.01917,0.77071
CVE-2006-6769,0.01213,0.6557
CVE-2006-6770,0.04187,0.86773
CVE-2006-6771,0.04187,0.86773
CVE-2006-6772,0.09915,0.94265
CVE-2006-6773,0.04482,0.88223
CVE-2006-6774,0.04187,0.86773
CVE-2006-6775,0.04187,0.86773
CVE-2006-6776,0.00986,0.35784
CVE-2006-6777,0.01917,0.77071
CVE-2006-6778,0.02945,0.82784
CVE-2006-6779,0.15142,0.95704
CVE-2006-6780,0.01319,0.70416
CVE-2006-6781,0.01213,0.6557
CVE-2006-6782,0.01213,0.6557
CVE-2006-6783,0.01319,0.70416
CVE-2006-6784,0.01136,0.57949
CVE-2006-6785,0.06523,0.90962
CVE-2006-6786,0.01055,0.50287
CVE-2006-6787,0.00986,0.35784
CVE-2006-6788,0.04187,0.86773
CVE-2006-6789,0.0679,0.91793
CVE-2006-6790,0.04187,0.86773
CVE-2006-6791,0.00986,0.35784
CVE-2006-6792,0.00986,0.35784
CVE-2006-6793,0.04187,0.86773
CVE-2006-6794,0.00986,0.35784
CVE-2006-6795,0.04187,0.86773
CVE-2006-6796,0.04187,0.86773
CVE-2006-6797,0.0222,0.80429
CVE-2006-6799,0.04386,0.87542
CVE-2006-6800,0.10995,0.94626999999999994
CVE-2006-6801,0.04187,0.86773
CVE-2006-6802,0.00986,0.35784
CVE-2006-6803,0.00986,0.35784
CVE-2006-6804,0.00986,0.35784
CVE-2006-6805,0.00986,0.35784
CVE-2006-6806,0.00986,0.35784
CVE-2006-6807,0.01213,0.6557
CVE-2006-6808,0.04894,0.88891
CVE-2006-6809,0.04187,0.86773
CVE-2006-6810,0.10995,0.94626999999999994
CVE-2006-6811,0.05356,0.89424
CVE-2006-6812,0.04187,0.86773
CVE-2006-6813,0.00986,0.35784
CVE-2006-6814,0.04482,0.88223
CVE-2006-6815,0.01061,0.51015
CVE-2006-6816,0.04386,0.87542
CVE-2006-6817,0.01055,0.50287
CVE-2006-6818,0.01136,0.57949
CVE-2006-6819,0.01055,0.50287
CVE-2006-6820,0.04187,0.86773
CVE-2006-6821,0.04187,0.86773
CVE-2006-6822,0.04187,0.86773
CVE-2006-6823,0.04187,0.86773
CVE-2006-6824,0.05649,0.89807
CVE-2006-6825,0.01055,0.50287
CVE-2006-6826,0.00954,0.34522
CVE-2006-6827,0.04187,0.86773
CVE-2006-6828,0.01055,0.50287
CVE-2006-6829,0.01055,0.50287
CVE-2006-6830,0.04187,0.86773
CVE-2006-6831,0.00986,0.35784
CVE-2006-6832,0.01319,0.70416
CVE-2006-6833,0.01018,0.38792
CVE-2006-6834,0.01108,0.53389
CVE-2006-6835,0.01136,0.57949
CVE-2006-6836,0.01018,0.38792
CVE-2006-6837,0.09915,0.94265
CVE-2006-6838,0.04187,0.86773
CVE-2006-6839,0.01018,0.38792
CVE-2006-6840,0.01018,0.38792
CVE-2006-6841,0.01018,0.38792
CVE-2006-6842,0.00986,0.35784
CVE-2006-6843,0.01055,0.50287
CVE-2006-6844,0.01213,0.6557
CVE-2006-6845,0.01917,0.77071
CVE-2006-6846,0.00986,0.35784
CVE-2006-6847,0.04187,0.86773
CVE-2006-6848,0.00986,0.35784
CVE-2006-6849,0.04187,0.86773
CVE-2006-6850,0.04482,0.88223
CVE-2006-6851,0.01917,0.77071
CVE-2006-6852,0.01132,0.54372
CVE-2006-6853,0.07687,0.92751
CVE-2006-6854,0.0292,0.82516
CVE-2006-6855,0.0679,0.91793
CVE-2006-6856,0.04187,0.86773
CVE-2006-6857,0.01055,0.50287
CVE-2006-6858,0.01136,0.57949
CVE-2006-6859,0.01139,0.58345
CVE-2006-6860,0.07777,0.92953
CVE-2006-6861,0.00986,0.35784
CVE-2006-6862,0.01055,0.50287
CVE-2006-6863,0.0679,0.91793
CVE-2006-6864,0.0679,0.91793
CVE-2006-6865,0.0679,0.91793
CVE-2006-6866,0.04482,0.88223
CVE-2006-6867,0.0679,0.91793
CVE-2006-6868,0.01213,0.6557
CVE-2006-6869,0.04187,0.86773
CVE-2006-6870,0.03779,0.84781
CVE-2006-6871,0.01213,0.6557
CVE-2006-6872,0.01213,0.6557
CVE-2006-6873,0.01213,0.6557
CVE-2006-6874,0.01055,0.50287
CVE-2006-6875,0.06523,0.90962
CVE-2006-6876,0.01213,0.6557
CVE-2006-6877,0.04187,0.86773
CVE-2006-6878,0.01213,0.6557
CVE-2006-6879,0.01132,0.54372
CVE-2006-6880,0.01136,0.57949
CVE-2006-6881,0.03477,0.84037
CVE-2006-6882,0.01136,0.57949
CVE-2006-6883,0.01136,0.57949
CVE-2006-6884,0.05349,0.89417
CVE-2006-6885,0.04187,0.86773
CVE-2006-6886,0.01319,0.70416
CVE-2006-6887,0.04187,0.86773
CVE-2006-6888,0.04187,0.86773
CVE-2006-6889,0.04187,0.86773
CVE-2006-6890,0.04187,0.86773
CVE-2006-6891,0.04187,0.86773
CVE-2006-6892,0.01136,0.57949
CVE-2006-6893,0.01136,0.57949
CVE-2006-6894,0.00885,0.26162
CVE-2006-6895,0.01136,0.57949
CVE-2006-6896,0.01136,0.57949
CVE-2006-6897,0.01136,0.57949
CVE-2006-6898,0.01136,0.57949
CVE-2006-6899,0.12567,0.95329
CVE-2006-6900,0.00954,0.34522
CVE-2006-6901,0.11676,0.94929
CVE-2006-6902,0.11676,0.94929
CVE-2006-6903,0.01136,0.57949
CVE-2006-6904,0.01136,0.57949
CVE-2006-6905,0.01136,0.57949
CVE-2006-6906,0.0089,0.2856
CVE-2006-6907,0.00954,0.34522
CVE-2006-6908,0.16658,0.95957
CVE-2006-6909,0.06523,0.90962
CVE-2006-6910,0.01213,0.6557
CVE-2006-6911,0.01132,0.54372
CVE-2006-6912,0.00986,0.35784
CVE-2006-6913,0.01213,0.6557
CVE-2006-6914,0.01319,0.70416
CVE-2006-6915,0.01232,0.66248
CVE-2006-6916,0.00885,0.26162
CVE-2006-6917,0.40588,0.98099
CVE-2006-6918,0.00885,0.26162
CVE-2006-6919,0.04482,0.88223
CVE-2006-6920,0.01319,0.70416
CVE-2006-6921,0.01282,0.67298
CVE-2006-6922,0.01213,0.6557
CVE-2006-6923,0.00986,0.35784
CVE-2006-6924,0.0679,0.91793
CVE-2006-6925,0.02945,0.82784
CVE-2006-6926,0.00885,0.26162
CVE-2006-6927,0.01139,0.58345
CVE-2006-6928,0.02945,0.82784
CVE-2006-6929,0.02945,0.82784
CVE-2006-6930,0.01139,0.58345
CVE-2006-6931,0.03779,0.84781
CVE-2006-6932,0.00986,0.35784
CVE-2006-6933,0.01055,0.50287
CVE-2006-6934,0.01319,0.70416
CVE-2006-6935,0.01213,0.6557
CVE-2006-6936,0.01917,0.77071
CVE-2006-6937,0.01139,0.58345
CVE-2006-6938,0.04187,0.86773
CVE-2006-6939,0.01547,0.74085
CVE-2006-6940,0.06523,0.90962
CVE-2006-6941,0.01055,0.50287
CVE-2006-6942,0.02945,0.82784
CVE-2006-6943,0.04187,0.86773
CVE-2006-6944,0.01213,0.6557
CVE-2006-6945,0.01319,0.70416
CVE-2006-6946,0.01055,0.50287
CVE-2006-6947,0.01055,0.50287
CVE-2006-6948,0.01055,0.50287
CVE-2006-6949,0.0095,0.30554
CVE-2006-6950,0.01213,0.6557
CVE-2006-6951,0.01917,0.77071
CVE-2006-6952,0.0322,0.83442
CVE-2006-6953,0.0089,0.2856
CVE-2006-6954,0.01213,0.6557
CVE-2006-6955,0.01055,0.50287
CVE-2006-6956,0.09772,0.94058
CVE-2006-6957,0.01136,0.57949
CVE-2006-6958,0.10995,0.94626999999999994
CVE-2006-6959,0.0095,0.30554
CVE-2006-6960,0.01213,0.6557
CVE-2006-6961,0.01213,0.6557
CVE-2006-6962,0.04187,0.86773
CVE-2006-6963,0.01319,0.70416
CVE-2006-6964,0.01061,0.51015
CVE-2006-6965,0.01408,0.72072
CVE-2006-6966,0.04482,0.88223
CVE-2006-6968,0.01136,0.57949
CVE-2006-6969,0.01408,0.72072
CVE-2006-6970,0.01136,0.57949
CVE-2006-6971,0.01055,0.50287
CVE-2006-6972,0.01408,0.72072
CVE-2006-6973,0.01055,0.50287
CVE-2006-6974,0.01055,0.50287
CVE-2006-6975,0.06523,0.90962
CVE-2006-6976,0.07687,0.92751
CVE-2006-6977,0.01136,0.57949
CVE-2006-6978,0.01136,0.57949
CVE-2006-6979,0.01537,0.73595
CVE-2006-6980,0.00954,0.34522
CVE-2006-6981,0.01055,0.50287
CVE-2006-6982,0.00885,0.26162
CVE-2006-6983,0.01055,0.50287
CVE-2006-6984,0.01055,0.50287
CVE-2006-6985,0.01055,0.50287
CVE-2006-6986,0.01055,0.50287
CVE-2006-6987,0.01055,0.50287
CVE-2006-6988,0.01055,0.50287
CVE-2006-6989,0.01055,0.50287
CVE-2006-6990,0.01055,0.50287
CVE-2006-6991,0.01055,0.50287
CVE-2006-6992,0.01055,0.50287
CVE-2006-6993,0.01055,0.50287
CVE-2006-6994,0.01319,0.70416
CVE-2006-6995,0.04187,0.86773
CVE-2006-6996,0.01055,0.50287
CVE-2006-6997,0.01018,0.38792
CVE-2006-6998,0.01055,0.50287
CVE-2006-6999,0.01055,0.50287
CVE-2006-7000,0.01055,0.50287
CVE-2006-7001,0.01055,0.50287
CVE-2006-7002,0.01055,0.50287
CVE-2006-7003,0.01055,0.50287
CVE-2006-7004,0.01917,0.77071
CVE-2006-7005,0.00986,0.35784
CVE-2006-7006,0.01319,0.70416
CVE-2006-7007,0.04187,0.86773
CVE-2006-7008,0.00954,0.34522
CVE-2006-7009,0.01055,0.50287
CVE-2006-7010,0.00954,0.34522
CVE-2006-7011,0.01213,0.6557
CVE-2006-7012,0.04482,0.88223
CVE-2006-7013,0.01136,0.57949
CVE-2006-7014,0.01319,0.70416
CVE-2006-7015,0.06523,0.90962
CVE-2006-7016,0.01213,0.6557
CVE-2006-7017,0.01213,0.6557
CVE-2006-7018,0.06523,0.90962
CVE-2006-7019,0.06523,0.90962
CVE-2006-7020,0.01213,0.6557
CVE-2006-7021,0.04482,0.88223
CVE-2006-7022,0.01213,0.6557
CVE-2006-7023,0.01213,0.6557
CVE-2006-7024,0.04187,0.86773
CVE-2006-7025,0.01319,0.70416
CVE-2006-7026,0.04187,0.86773
CVE-2006-7027,0.13105,0.9547
CVE-2006-7028,0.01213,0.6557
CVE-2006-7029,0.13782,0.95593
CVE-2006-7030,0.13105,0.9547
CVE-2006-7031,0.18563,0.96143
CVE-2006-7032,0.07687,0.92751
CVE-2006-7033,0.01136,0.57949
CVE-2006-7034,0.01136,0.57949
CVE-2006-7035,0.01136,0.57949
CVE-2006-7036,0.06523,0.90962
CVE-2006-7037,0.01034,0.39824
CVE-2006-7038,0.01213,0.6557
CVE-2006-7039,0.01213,0.6557
CVE-2006-7040,0.01213,0.6557
CVE-2006-7041,0.01213,0.6557
CVE-2006-7042,0.01917,0.77071
CVE-2006-7043,0.01132,0.54372
CVE-2006-7044,0.01213,0.6557
CVE-2006-7045,0.01055,0.50287
CVE-2006-7046,0.01055,0.50287
CVE-2006-7047,0.06523,0.90962
CVE-2006-7048,0.01974,0.7812
CVE-2006-7049,0.01319,0.70416
CVE-2006-7050,0.01319,0.70416
CVE-2006-7051,0.01761,0.7555
CVE-2006-7052,0.07687,0.92751
CVE-2006-7053,0.01213,0.6557
CVE-2006-7054,0.01213,0.6557
CVE-2006-7055,0.20096,0.96253
CVE-2006-7056,0.01319,0.70416
CVE-2006-7057,0.01055,0.50287
CVE-2006-7058,0.01136,0.57949
CVE-2006-7059,0.01213,0.6557
CVE-2006-7060,0.01136,0.57949
CVE-2006-7061,0.01136,0.57949
CVE-2006-7062,0.01136,0.57949
CVE-2006-7063,0.04187,0.86773
CVE-2006-7064,0.01213,0.6557
CVE-2006-7065,0.20999,0.96367
CVE-2006-7066,0.29415,0.97223
CVE-2006-7067,0.01132,0.54372
CVE-2006-7068,0.04187,0.86773
CVE-2006-7069,0.04482,0.88223
CVE-2006-7070,0.10995,0.94626999999999994
CVE-2006-7071,0.01139,0.58345
CVE-2006-7072,0.04894,0.88891
CVE-2006-7073,0.01213,0.6557
CVE-2006-7074,0.01213,0.6557
CVE-2006-7075,0.03432,0.83945
CVE-2006-7076,0.01213,0.6557
CVE-2006-7077,0.01213,0.6557
CVE-2006-7078,0.01319,0.70416
CVE-2006-7079,0.06523,0.90962
CVE-2006-7080,0.01136,0.57949
CVE-2006-7081,0.04482,0.88223
CVE-2006-7082,0.01213,0.6557
CVE-2006-7083,0.01213,0.6557
CVE-2006-7085,0.01213,0.6557
CVE-2006-7086,0.0679,0.91793
CVE-2006-7087,0.01974,0.7812
CVE-2006-7088,0.01136,0.57949
CVE-2006-7089,0.01055,0.50287
CVE-2006-7090,0.01213,0.6557
CVE-2006-7091,0.04187,0.86773
CVE-2006-7092,0.01213,0.6557
CVE-2006-7093,0.01213,0.6557
CVE-2006-7094,0.01232,0.66248
CVE-2006-7095,0.04465,0.87733
CVE-2006-7096,0.04465,0.87733
CVE-2006-7097,0.00885,0.26162
CVE-2006-7098,0.01924,0.77129
CVE-2006-7099,0.04187,0.86773
CVE-2006-7100,0.04187,0.86773
CVE-2006-7101,0.00986,0.35784
CVE-2006-7102,0.04187,0.86773
CVE-2006-7103,0.01408,0.72072
CVE-2006-7104,0.04187,0.86773
CVE-2006-7105,0.01213,0.6557
CVE-2006-7106,0.01213,0.6557
CVE-2006-7107,0.04187,0.86773
CVE-2006-7108,0.01282,0.67298
CVE-2006-7109,0.01132,0.54372
CVE-2006-7110,0.01132,0.54372
CVE-2006-7111,0.01213,0.6557
CVE-2006-7112,0.04187,0.86773
CVE-2006-7113,0.01213,0.6557
CVE-2006-7114,0.04187,0.86773
CVE-2006-7115,0.01319,0.70416
CVE-2006-7116,0.01136,0.57949
CVE-2006-7117,0.01213,0.6557
CVE-2006-7118,0.00986,0.35784
CVE-2006-7119,0.04187,0.86773
CVE-2006-7120,0.04187,0.86773
CVE-2006-7121,0.01213,0.6557
CVE-2006-7122,0.01213,0.6557
CVE-2006-7123,0.01213,0.6557
CVE-2006-7124,0.01319,0.70416
CVE-2006-7125,0.01213,0.6557
CVE-2006-7126,0.01319,0.70416
CVE-2006-7127,0.01319,0.70416
CVE-2006-7128,0.01213,0.6557
CVE-2006-7129,0.01924,0.77129
CVE-2006-7130,0.04482,0.88223
CVE-2006-7131,0.04187,0.86773
CVE-2006-7132,0.04187,0.86773
CVE-2006-7133,0.04482,0.88223
CVE-2006-7134,0.04187,0.86773
CVE-2006-7135,0.04187,0.86773
CVE-2006-7136,0.04187,0.86773
CVE-2006-7137,0.01136,0.57949
CVE-2006-7138,0.01232,0.66248
CVE-2006-7139,0.07197,0.92068
CVE-2006-7140,0.01213,0.6557
CVE-2006-7141,0.04104,0.85354
CVE-2006-7142,0.0095,0.30554
CVE-2006-7143,0.01319,0.70416
CVE-2006-7144,0.01319,0.70416
CVE-2006-7145,0.01232,0.66248
CVE-2006-7146,0.04187,0.86773
CVE-2006-7147,0.04187,0.86773
CVE-2006-7148,0.04187,0.86773
CVE-2006-7149,0.01213,0.6557
CVE-2006-7150,0.01213,0.6557
CVE-2006-7151,0.01592,0.74578
CVE-2006-7152,0.04187,0.86773
CVE-2006-7153,0.06523,0.90962
CVE-2006-7154,0.01319,0.70416
CVE-2006-7155,0.01408,0.72072
CVE-2006-7156,0.0679,0.91793
CVE-2006-7157,0.0323,0.83449
CVE-2006-7158,0.01213,0.6557
CVE-2006-7159,0.01213,0.6557
CVE-2006-7160,0.01034,0.39824
CVE-2006-7161,0.01213,0.6557
CVE-2006-7162,0.00885,0.26162
CVE-2006-7163,0.00885,0.26162
CVE-2006-7164,0.01055,0.50287
CVE-2006-7165,0.01213,0.6557
CVE-2006-7166,0.01213,0.6557
CVE-2006-7167,0.04187,0.86773
CVE-2006-7168,0.04187,0.86773
CVE-2006-7169,0.04187,0.86773
CVE-2006-7170,0.00986,0.35784
CVE-2006-7171,0.01055,0.50287
CVE-2006-7172,0.10673,0.94418
CVE-2006-7173,0.04187,0.86773
CVE-2006-7174,0.01136,0.57949
CVE-2006-7175,0.00885,0.26162
CVE-2006-7176,0.01319,0.70416
CVE-2006-7177,0.01974,0.7812
CVE-2006-7178,0.03779,0.84781
CVE-2006-7179,0.03779,0.84781
CVE-2006-7180,0.03779,0.84781
CVE-2006-7181,0.01136,0.57949
CVE-2006-7182,0.01055,0.50287
CVE-2006-7183,0.04187,0.86773
CVE-2006-7184,0.04187,0.86773
CVE-2006-7185,0.04187,0.86773
CVE-2006-7186,0.00885,0.26162
CVE-2006-7187,0.01055,0.50287
CVE-2006-7188,0.01055,0.50287
CVE-2006-7189,0.01055,0.50287
CVE-2006-7190,0.01055,0.50287
CVE-2006-7191,0.01034,0.39824
CVE-2006-7192,0.19474,0.96198
CVE-2006-7193,0.01213,0.6557
CVE-2006-7194,0.04187,0.86773
CVE-2006-7195,0.06394,0.90534
CVE-2006-7196,0.4901,0.98522
CVE-2006-7197,0.03384,0.83655
CVE-2006-7198,0.01108,0.53389
CVE-2006-7199,0.01061,0.51015
CVE-2006-7200,0.00885,0.26162
CVE-2006-7201,0.01055,0.50287
CVE-2006-7202,0.01136,0.57949
CVE-2006-7203,0.01547,0.74085
CVE-2006-7204,0.0095,0.30554
CVE-2006-7205,0.00954,0.34522
CVE-2006-7206,0.25598,0.96882
CVE-2006-7207,0.01055,0.50287
CVE-2006-7208,0.04187,0.86773
CVE-2006-7209,0.01055,0.50287
CVE-2006-7210,0.24729,0.96719
CVE-2006-7211,0.0095,0.30554
CVE-2006-7212,0.01018,0.38792
CVE-2006-7213,0.01132,0.54372
CVE-2006-7214,0.01213,0.6557
CVE-2006-7215,0.01034,0.39824
CVE-2006-7216,0.04679,0.88603
CVE-2006-7217,0.01386,0.71108
CVE-2006-7218,0.01061,0.51015
CVE-2006-7219,0.01061,0.51015
CVE-2006-7220,0.01055,0.50287
CVE-2006-7221,0.00885,0.26162
CVE-2006-7222,0.07687,0.92751
CVE-2006-7223,0.03696,0.84331
CVE-2006-7225,0.01537,0.73595
CVE-2006-7226,0.01537,0.73595
CVE-2006-7227,0.04421,0.87629
CVE-2006-7228,0.04421,0.87629
CVE-2006-7229,0.01213,0.6557
CVE-2006-7230,0.02686,0.82061
CVE-2006-7231,0.00986,0.35784
CVE-2006-7232,0.01815,0.76117
CVE-2006-7233,0.01319,0.70416
CVE-2006-7234,0.05625,0.89579
CVE-2006-7235,0.04187,0.86773
CVE-2006-7236,0.02167,0.79257
CVE-2006-7237,0.01136,0.57949
CVE-2006-7238,0.01055,0.50287
CVE-2006-7239,0.01136,0.57949
CVE-2006-7240,0.00885,0.26162
CVE-2006-7241,0.01055,0.50287
CVE-2006-7242,0.01055,0.50287
CVE-2006-7243,0.02686,0.82061
CVE-2006-7244,0.01018,0.38792
CVE-2006-7245,0.01055,0.50287
CVE-2006-7246,0.01018,0.38792
CVE-2006-7247,0.00986,0.35784
CVE-2006-7250,0.06584,0.90986
CVE-2006-7252,0.00885,0.26162
CVE-2006-7253,0.00954,0.34522
CVE-2006-7254,0.00885,0.26162
CVE-2005-0001,0.02172,0.79379
CVE-2005-0002,0.01136,0.57949
CVE-2005-0003,0.02172,0.79379
CVE-2005-0004,0.01282,0.67298
CVE-2005-0005,0.07777,0.92953
CVE-2005-0006,0.02172,0.79917
CVE-2005-0007,0.02172,0.79917
CVE-2005-0008,0.02172,0.79917
CVE-2005-0009,0.02172,0.79917
CVE-2005-0010,0.02172,0.79917
CVE-2005-0011,0.06523,0.90962
CVE-2005-0012,0.06523,0.90962
CVE-2005-0013,0.01282,0.67298
CVE-2005-0014,0.03214,0.83353
CVE-2005-0015,0.01319,0.70416
CVE-2005-0016,0.01592,0.74578
CVE-2005-0017,0.01034,0.39824
CVE-2005-0018,0.0095,0.30554
CVE-2005-0019,0.0095,0.30554
CVE-2005-0020,0.02172,0.79379
CVE-2005-0021,0.06818,0.91799
CVE-2005-0022,0.01872,0.76301
CVE-2005-0023,0.01924,0.77129
CVE-2005-0033,0.04711,0.88663
CVE-2005-0034,0.04292,0.87029
CVE-2005-0035,0.01319,0.70416
CVE-2005-0036,0.01213,0.6557
CVE-2005-0037,0.01213,0.6557
CVE-2005-0038,0.01213,0.6557
CVE-2005-0039,0.02172,0.79917
CVE-2005-0040,0.01319,0.70416
CVE-2005-0043,0.72674,0.99214
CVE-2005-0044,0.46718,0.98435
CVE-2005-0045,0.63976,0.98955
CVE-2005-0047,0.04382,0.87447
CVE-2005-0048,0.42485,0.98178
CVE-2005-0049,0.13525,0.9555
CVE-2005-0050,0.36031,0.97768
CVE-2005-0051,0.20648,0.96329
CVE-2005-0053,0.63976,0.98955
CVE-2005-0054,0.46718,0.98435
CVE-2005-0055,0.46718,0.98435
CVE-2005-0056,0.46718,0.98435
CVE-2005-0057,0.46718,0.98435
CVE-2005-0058,0.42578,0.98181
CVE-2005-0059,0.86472,0.99699
CVE-2005-0060,0.02428,0.80791
CVE-2005-0061,0.02221,0.80446
CVE-2005-0063,0.63976,0.98955
CVE-2005-0064,0.12248,0.95092
CVE-2005-0065,0.00885,0.26162
CVE-2005-0066,0.00885,0.26162
CVE-2005-0067,0.00885,0.26162
CVE-2005-0068,0.00885,0.26162
CVE-2005-0069,0.01104,0.52279
CVE-2005-0070,0.0095,0.30554
CVE-2005-0071,0.01108,0.53389
CVE-2005-0072,0.01104,0.52279
CVE-2005-0073,0.01592,0.74578
CVE-2005-0074,0.01592,0.74578
CVE-2005-0075,0.01408,0.72072
CVE-2005-0076,0.02172,0.79279
CVE-2005-0077,0.01282,0.67298
CVE-2005-0078,0.01018,0.38792
CVE-2005-0079,0.0095,0.30554
CVE-2005-0080,0.01136,0.57949
CVE-2005-0081,0.01055,0.50287
CVE-2005-0082,0.01055,0.50287
CVE-2005-0083,0.01055,0.50287
CVE-2005-0084,0.1127,0.94787
CVE-2005-0085,0.03407,0.83908
CVE-2005-0086,0.02791,0.82239
CVE-2005-0087,0.02172,0.79279
CVE-2005-0088,0.03718,0.84354
CVE-2005-0089,0.1127,0.94787
CVE-2005-0090,0.0095,0.30554
CVE-2005-0091,0.0095,0.30554
CVE-2005-0092,0.0095,0.30554
CVE-2005-0094,0.02686,0.82061
CVE-2005-0095,0.03779,0.84781
CVE-2005-0096,0.02172,0.79917
CVE-2005-0097,0.02172,0.79917
CVE-2005-0098,0.02172,0.79279
CVE-2005-0099,0.0089,0.2856
CVE-2005-0100,0.04421,0.87629
CVE-2005-0101,0.24062,0.96648
CVE-2005-0102,0.02172,0.79379
CVE-2005-0103,0.01974,0.7812
CVE-2005-0104,0.01955,0.77585
CVE-2005-0105,0.01761,0.7555
CVE-2005-0106,0.0095,0.30554
CVE-2005-0107,0.01055,0.50287
CVE-2005-0108,0.01859,0.7626
CVE-2005-0109,0.01916,0.76514
CVE-2005-0110,0.06956,0.91856
CVE-2005-0111,0.06523,0.90962
CVE-2005-0112,0.01213,0.6557
CVE-2005-0113,0.01034,0.39824
CVE-2005-0114,0.0095,0.30554
CVE-2005-0115,0.03214,0.83353
CVE-2005-0116,0.79593,0.99455
CVE-2005-0117,0.02172,0.79279
CVE-2005-0118,0.00885,0.26162
CVE-2005-0119,0.00885,0.26162
CVE-2005-0120,0.00885,0.26162
CVE-2005-0121,0.01592,0.74578
CVE-2005-0124,0.02172,0.79379
CVE-2005-0125,0.01034,0.39824
CVE-2005-0126,0.02479,0.80861
CVE-2005-0127,0.01213,0.6557
CVE-2005-0129,0.10995,0.94626999999999994
CVE-2005-0130,0.01974,0.7812
CVE-2005-0131,0.01537,0.73595
CVE-2005-0133,0.01213,0.6557
CVE-2005-0134,0.00885,0.26162
CVE-2005-0135,0.01547,0.74085
CVE-2005-0136,0.01282,0.67298
CVE-2005-0137,0.0089,0.2856
CVE-2005-0138,0.01018,0.38792
CVE-2005-0139,0.01018,0.38792
CVE-2005-0140,0.0292,0.82516
CVE-2005-0141,0.01408,0.72072
CVE-2005-0142,0.01282,0.67298
CVE-2005-0143,0.01183,0.60428
CVE-2005-0144,0.01183,0.60428
CVE-2005-0145,0.01213,0.6557
CVE-2005-0146,0.01319,0.70416
CVE-2005-0147,0.01319,0.70416
CVE-2005-0148,0.01018,0.38792
CVE-2005-0149,0.02172,0.79917
CVE-2005-0150,0.06523,0.90962
CVE-2005-0151,0.01202,0.60495
CVE-2005-0152,0.06523,0.90962
CVE-2005-0155,0.0322,0.83442
CVE-2005-0156,0.05625,0.89579
CVE-2005-0157,0.00885,0.26162
CVE-2005-0158,0.03432,0.83945
CVE-2005-0159,0.0095,0.30554
CVE-2005-0160,0.0292,0.82516
CVE-2005-0161,0.01963,0.77709
CVE-2005-0162,0.08336,0.93297
CVE-2005-0173,0.03779,0.84781
CVE-2005-0174,0.03779,0.84781
CVE-2005-0175,0.03779,0.84781
CVE-2005-0176,0.01537,0.73595
CVE-2005-0177,0.01108,0.53389
CVE-2005-0178,0.01034,0.39824
CVE-2005-0179,0.01034,0.39824
CVE-2005-0180,0.01282,0.67298
CVE-2005-0182,0.01213,0.6557
CVE-2005-0183,0.01034,0.39824
CVE-2005-0184,0.01034,0.39824
CVE-2005-0185,0.0679,0.91793
CVE-2005-0186,0.01213,0.6557
CVE-2005-0187,0.06523,0.90962
CVE-2005-0188,0.06523,0.90962
CVE-2005-0189,0.07777,0.92953
CVE-2005-0190,0.01319,0.70416
CVE-2005-0191,0.06309,0.90494
CVE-2005-0192,0.01213,0.6557
CVE-2005-0193,0.0214,0.7918
CVE-2005-0194,0.01408,0.72072
CVE-2005-0195,0.01213,0.6557
CVE-2005-0196,0.01319,0.70416
CVE-2005-0197,0.01408,0.72072
CVE-2005-0198,0.02172,0.79917
CVE-2005-0199,0.16668,0.95965
CVE-2005-0200,0.01136,0.57949
CVE-2005-0201,0.01282,0.67298
CVE-2005-0202,0.02172,0.79917
CVE-2005-0204,0.01034,0.39824
CVE-2005-0205,0.01034,0.39824
CVE-2005-0206,0.02686,0.82061
CVE-2005-0207,0.0095,0.30554
CVE-2005-0208,0.02172,0.79917
CVE-2005-0209,0.01319,0.70416
CVE-2005-0210,0.01547,0.74085
CVE-2005-0211,0.08228,0.93218
CVE-2005-0212,0.01213,0.6557
CVE-2005-0213,0.01213,0.6557
CVE-2005-0214,0.01213,0.6557
CVE-2005-0215,0.01055,0.50287
CVE-2005-0216,0.01213,0.6557
CVE-2005-0217,0.01319,0.70416
CVE-2005-0218,0.01319,0.70416
CVE-2005-0219,0.01319,0.70416
CVE-2005-0220,0.01319,0.70416
CVE-2005-0221,0.01319,0.70416
CVE-2005-0222,0.01213,0.6557
CVE-2005-0223,0.01055,0.50287
CVE-2005-0224,0.01055,0.50287
CVE-2005-0225,0.01104,0.52279
CVE-2005-0226,0.07687,0.92751
CVE-2005-0227,0.02172,0.79379
CVE-2005-0229,0.0679,0.91793
CVE-2005-0230,0.01955,0.77585
CVE-2005-0231,0.01955,0.77585
CVE-2005-0232,0.01955,0.77585
CVE-2005-0233,0.03779,0.84781
CVE-2005-0234,0.01319,0.70416
CVE-2005-0235,0.01319,0.70416
CVE-2005-0236,0.01319,0.70416
CVE-2005-0237,0.02172,0.79917
CVE-2005-0238,0.01319,0.70416
CVE-2005-0239,0.01213,0.6557
CVE-2005-0240,0.01592,0.74578
CVE-2005-0241,0.03779,0.84781
CVE-2005-0242,0.0089,0.2856
CVE-2005-0243,0.01055,0.50287
CVE-2005-0244,0.01282,0.67298
CVE-2005-0245,0.24062,0.96648
CVE-2005-0246,0.01537,0.73595
CVE-2005-0247,0.03481,0.84053
CVE-2005-0248,0.01108,0.53389
CVE-2005-0249,0.06523,0.90962
CVE-2005-0250,0.02172,0.79379
CVE-2005-0251,0.01917,0.77071
CVE-2005-0252,0.00986,0.35784
CVE-2005-0253,0.04187,0.86773
CVE-2005-0254,0.01136,0.57949
CVE-2005-0255,0.07544,0.92484
CVE-2005-0256,0.12567,0.95329
CVE-2005-0258,0.01136,0.57949
CVE-2005-0259,0.01018,0.38792
CVE-2005-0260,0.72015,0.99186
CVE-2005-0261,0.01034,0.39824
CVE-2005-0262,0.0214,0.7918
CVE-2005-0263,0.0214,0.7918
CVE-2005-0264,0.01213,0.6557
CVE-2005-0265,0.01213,0.6557
CVE-2005-0266,0.01136,0.57949
CVE-2005-0267,0.01136,0.57949
CVE-2005-0268,0.01136,0.57949
CVE-2005-0269,0.01213,0.6557
CVE-2005-0270,0.01213,0.6557
CVE-2005-0271,0.01213,0.6557
CVE-2005-0272,0.01213,0.6557
CVE-2005-0273,0.01213,0.6557
CVE-2005-0274,0.01213,0.6557
CVE-2005-0275,0.01055,0.50287
CVE-2005-0276,0.01136,0.57949
CVE-2005-0277,0.59165,0.98821
CVE-2005-0278,0.01136,0.57949
CVE-2005-0279,0.01213,0.6557
CVE-2005-0280,0.06211,0.90307
CVE-2005-0281,0.01213,0.6557
CVE-2005-0282,0.01136,0.57949
CVE-2005-0283,0.04482,0.88223
CVE-2005-0284,0.01055,0.50287
CVE-2005-0285,0.01132,0.54372
CVE-2005-0286,0.01213,0.6557
CVE-2005-0287,0.01213,0.6557
CVE-2005-0288,0.01132,0.54372
CVE-2005-0289,0.01213,0.6557
CVE-2005-0290,0.01319,0.70416
CVE-2005-0291,0.01408,0.72072
CVE-2005-0292,0.01319,0.70416
CVE-2005-0293,0.01319,0.70416
CVE-2005-0294,0.01213,0.6557
CVE-2005-0295,0.0095,0.30554
CVE-2005-0296,0.01319,0.70416
CVE-2005-0297,0.01055,0.50287
CVE-2005-0298,0.01018,0.38792
CVE-2005-0299,0.01213,0.6557
CVE-2005-0300,0.01213,0.6557
CVE-2005-0301,0.01213,0.6557
CVE-2005-0302,0.01136,0.57949
CVE-2005-0303,0.01136,0.57949
CVE-2005-0304,0.01213,0.6557
CVE-2005-0305,0.0679,0.91793
CVE-2005-0306,0.01136,0.57949
CVE-2005-0307,0.01917,0.77071
CVE-2005-0308,0.72015,0.99186
CVE-2005-0309,0.01213,0.6557
CVE-2005-0310,0.01055,0.50287
CVE-2005-0311,0.01319,0.70416
CVE-2005-0312,0.02851,0.82384
CVE-2005-0313,0.0679,0.91793
CVE-2005-0314,0.01213,0.6557
CVE-2005-0315,0.01132,0.54372
CVE-2005-0316,0.0679,0.91793
CVE-2005-0317,0.01213,0.6557
CVE-2005-0318,0.01061,0.51015
CVE-2005-0319,0.01136,0.57949
CVE-2005-0320,0.04187,0.86773
CVE-2005-0321,0.01055,0.50287
CVE-2005-0322,0.00885,0.26162
CVE-2005-0323,0.01319,0.70416
CVE-2005-0324,0.01319,0.70416
CVE-2005-0325,0.0679,0.91793
CVE-2005-0326,0.01055,0.50287
CVE-2005-0327,0.01055,0.50287
CVE-2005-0328,0.01055,0.50287
CVE-2005-0329,0.01319,0.70416
CVE-2005-0330,0.07755,0.92776
CVE-2005-0331,0.01136,0.57949
CVE-2005-0332,0.01408,0.72072
CVE-2005-0333,0.01213,0.6557
CVE-2005-0334,0.01213,0.6557
CVE-2005-0335,0.01213,0.6557
CVE-2005-0336,0.01213,0.6557
CVE-2005-0337,0.01319,0.70416
CVE-2005-0338,0.07687,0.92751
CVE-2005-0339,0.04291,0.87022
CVE-2005-0340,0.04187,0.86773
CVE-2005-0341,0.01213,0.6557
CVE-2005-0342,0.01761,0.7555
CVE-2005-0343,0.00986,0.35784
CVE-2005-0344,0.04482,0.88223
CVE-2005-0345,0.04187,0.86773
CVE-2005-0346,0.0095,0.30554
CVE-2005-0347,0.06309,0.90494
CVE-2005-0348,0.01213,0.6557
CVE-2005-0349,0.01319,0.70416
CVE-2005-0350,0.04679,0.88603
CVE-2005-0351,0.02172,0.79279
CVE-2005-0352,0.0095,0.30554
CVE-2005-0353,0.75392,0.99312
CVE-2005-0356,0.58426,0.98795
CVE-2005-0357,0.01974,0.7812
CVE-2005-0358,0.01974,0.7812
CVE-2005-0359,0.01974,0.7812
CVE-2005-0360,0.06956,0.91856
CVE-2005-0362,0.01055,0.50287
CVE-2005-0363,0.01055,0.50287
CVE-2005-0364,0.01213,0.6557
CVE-2005-0365,0.01282,0.67298
CVE-2005-0366,0.02172,0.79917
CVE-2005-0367,0.01055,0.50287
CVE-2005-0368,0.00986,0.35784
CVE-2005-0369,0.01055,0.50287
CVE-2005-0370,0.01055,0.50287
CVE-2005-0371,0.01055,0.50287
CVE-2005-0372,0.01537,0.73595
CVE-2005-0373,0.06494,0.90631
CVE-2005-0374,0.01213,0.6557
CVE-2005-0375,0.01213,0.6557
CVE-2005-0376,0.01319,0.70416
CVE-2005-0377,0.01319,0.70416
CVE-2005-0378,0.01213,0.6557
CVE-2005-0379,0.01213,0.6557
CVE-2005-0380,0.02172,0.79917
CVE-2005-0381,0.01213,0.6557
CVE-2005-0382,0.04187,0.86773
CVE-2005-0383,0.01213,0.6557
CVE-2005-0384,0.03779,0.84781
CVE-2005-0385,0.0214,0.7918
CVE-2005-0386,0.01055,0.50287
CVE-2005-0387,0.00885,0.26162
CVE-2005-0388,0.01055,0.50287
CVE-2005-0390,0.06523,0.90962
CVE-2005-0391,0.00885,0.26162
CVE-2005-0392,0.00885,0.26162
CVE-2005-0393,0.00885,0.26162
CVE-2005-0396,0.01282,0.67298
CVE-2005-0397,0.07544,0.92484
CVE-2005-0398,0.02172,0.79917
CVE-2005-0399,0.09915,0.94265
CVE-2005-0400,0.01547,0.74085
CVE-2005-0401,0.03407,0.83908
CVE-2005-0402,0.07525,0.92398
CVE-2005-0403,0.0089,0.2856
CVE-2005-0404,0.04187,0.86773
CVE-2005-0406,0.00885,0.26162
CVE-2005-0407,0.01213,0.6557
CVE-2005-0408,0.04187,0.86773
CVE-2005-0409,0.04187,0.86773
CVE-2005-0410,0.00986,0.35784
CVE-2005-0411,0.03765,0.84407
CVE-2005-0412,0.01136,0.57949
CVE-2005-0413,0.028,0.82308
CVE-2005-0414,0.00986,0.35784
CVE-2005-0415,0.01136,0.57949
CVE-2005-0416,0.44626,0.9825
CVE-2005-0417,0.00954,0.34522
CVE-2005-0418,0.00885,0.26162
CVE-2005-0419,0.05532,0.89536
CVE-2005-0420,0.33201,0.97559
CVE-2005-0421,0.01761,0.7555
CVE-2005-0422,0.01761,0.7555
CVE-2005-0423,0.01213,0.6557
CVE-2005-0424,0.01213,0.6557
CVE-2005-0425,0.01136,0.57949
CVE-2005-0426,0.01136,0.57949
CVE-2005-0427,0.01136,0.57949
CVE-2005-0428,0.01213,0.6557
CVE-2005-0429,0.04187,0.86773
CVE-2005-0430,0.04187,0.86773
CVE-2005-0431,0.00954,0.34522
CVE-2005-0432,0.01055,0.50287
CVE-2005-0433,0.01136,0.57949
CVE-2005-0434,0.01136,0.57949
CVE-2005-0435,0.01136,0.57949
CVE-2005-0436,0.01213,0.6557
CVE-2005-0437,0.01055,0.50287
CVE-2005-0438,0.04187,0.86773
CVE-2005-0439,0.07687,0.92751
CVE-2005-0440,0.01136,0.57949
CVE-2005-0441,0.12248,0.95092
CVE-2005-0442,0.0679,0.91793
CVE-2005-0443,0.01917,0.77071
CVE-2005-0444,0.02994,0.8281
CVE-2005-0445,0.01319,0.70416
CVE-2005-0446,0.03779,0.84781
CVE-2005-0447,0.01213,0.6557
CVE-2005-0448,0.01547,0.74085
CVE-2005-0449,0.03779,0.84781
CVE-2005-0450,0.01055,0.50287
CVE-2005-0451,0.01055,0.50287
CVE-2005-0452,0.18881,0.96152
CVE-2005-0453,0.01136,0.57949
CVE-2005-0454,0.01408,0.72072
CVE-2005-0455,0.70125,0.99114
CVE-2005-0456,0.01319,0.70416
CVE-2005-0457,0.00885,0.26162
CVE-2005-0458,0.01055,0.50287
CVE-2005-0459,0.01055,0.50287
CVE-2005-0460,0.01136,0.57949
CVE-2005-0461,0.01136,0.57949
CVE-2005-0462,0.01055,0.50287
CVE-2005-0463,0.01018,0.38792
CVE-2005-0464,0.01761,0.7555
CVE-2005-0465,0.01761,0.7555
CVE-2005-0467,0.04421,0.87629
CVE-2005-0468,0.47944,0.98484
CVE-2005-0469,0.12248,0.95092
CVE-2005-0470,0.01213,0.6557
CVE-2005-0471,0.01213,0.6557
CVE-2005-0472,0.03779,0.84781
CVE-2005-0473,0.03779,0.84781
CVE-2005-0474,0.01319,0.70416
CVE-2005-0475,0.00986,0.35784
CVE-2005-0476,0.01055,0.50287
CVE-2005-0477,0.01917,0.77071
CVE-2005-0478,0.59165,0.98821
CVE-2005-0479,0.04187,0.86773
CVE-2005-0480,0.01136,0.57949
CVE-2005-0481,0.01136,0.57949
CVE-2005-0482,0.01136,0.57949
CVE-2005-0483,0.01136,0.57949
CVE-2005-0484,0.04679,0.88603
CVE-2005-0485,0.01136,0.57949
CVE-2005-0486,0.01055,0.50287
CVE-2005-0487,0.01136,0.57949
CVE-2005-0488,0.12732,0.9536
CVE-2005-0489,0.01282,0.67298
CVE-2005-0490,0.04421,0.87629
CVE-2005-0491,0.72015,0.99186
CVE-2005-0492,0.01213,0.6557
CVE-2005-0493,0.01055,0.50287
CVE-2005-0494,0.04187,0.86773
CVE-2005-0495,0.01136,0.57949
CVE-2005-0496,0.01213,0.6557
CVE-2005-0497,0.01055,0.50287
CVE-2005-0498,0.01055,0.50287
CVE-2005-0499,0.01055,0.50287
CVE-2005-0500,0.13525,0.9555
CVE-2005-0501,0.06523,0.90962
CVE-2005-0502,0.01213,0.6557
CVE-2005-0503,0.0095,0.30554
CVE-2005-0504,0.02172,0.79379
CVE-2005-0505,0.01136,0.57949
CVE-2005-0506,0.04187,0.86773
CVE-2005-0507,0.01213,0.6557
CVE-2005-0508,0.0089,0.2856
CVE-2005-0509,0.11676,0.94929
CVE-2005-0510,0.00885,0.26162
CVE-2005-0511,0.7179,0.99162
CVE-2005-0512,0.01055,0.50287
CVE-2005-0513,0.04187,0.86773
CVE-2005-0514,0.01213,0.6557
CVE-2005-0515,0.0095,0.30554
CVE-2005-0516,0.01213,0.6557
CVE-2005-0517,0.01761,0.7555
CVE-2005-0518,0.01761,0.7555
CVE-2005-0519,0.01213,0.6557
CVE-2005-0520,0.01213,0.6557
CVE-2005-0521,0.01761,0.7555
CVE-2005-0522,0.01761,0.7555
CVE-2005-0523,0.07687,0.92751
CVE-2005-0524,0.03779,0.84781
CVE-2005-0525,0.03779,0.84781
CVE-2005-0526,0.01213,0.6557
CVE-2005-0527,0.09915,0.94265
CVE-2005-0529,0.01104,0.52279
CVE-2005-0530,0.01104,0.52279
CVE-2005-0531,0.01034,0.39824
CVE-2005-0532,0.0095,0.30554
CVE-2005-0533,0.07777,0.92953
CVE-2005-0534,0.01213,0.6557
CVE-2005-0535,0.01213,0.6557
CVE-2005-0536,0.01213,0.6557
CVE-2005-0537,0.01136,0.57949
CVE-2005-0538,0.01055,0.50287
CVE-2005-0539,0.00885,0.26162
CVE-2005-0540,0.01213,0.6557
CVE-2005-0541,0.01213,0.6557
CVE-2005-0542,0.0095,0.30554
CVE-2005-0543,0.02945,0.82784
CVE-2005-0544,0.01136,0.57949
CVE-2005-0545,0.01511,0.72784
CVE-2005-0546,0.04421,0.87629
CVE-2005-0547,0.01132,0.54372
CVE-2005-0548,0.01136,0.57949
CVE-2005-0549,0.01136,0.57949
CVE-2005-0550,0.02221,0.80446
CVE-2005-0551,0.19102,0.9616
CVE-2005-0553,0.77113,0.99379
CVE-2005-0554,0.67873000000000006,0.99057
CVE-2005-0555,0.72651,0.99213
CVE-2005-0558,0.35008,0.9771
CVE-2005-0560,0.60616,0.98848
CVE-2005-0562,0.35008,0.9771
CVE-2005-0563,0.13525,0.9555
CVE-2005-0564,0.35008,0.9771
CVE-2005-0565,0.01213,0.6557
CVE-2005-0566,0.15607,0.95873
CVE-2005-0567,0.01319,0.70416
CVE-2005-0568,0.04482,0.88223
CVE-2005-0569,0.01139,0.58345
CVE-2005-0570,0.01213,0.6557
CVE-2005-0571,0.01213,0.6557
CVE-2005-0572,0.01213,0.6557
CVE-2005-0573,0.01055,0.50287
CVE-2005-0574,0.01055,0.50287
CVE-2005-0575,0.06211,0.90307
CVE-2005-0576,0.0089,0.2856
CVE-2005-0577,0.06309,0.90494
CVE-2005-0578,0.01034,0.39824
CVE-2005-0579,0.00885,0.26162
CVE-2005-0580,0.00885,0.26162
CVE-2005-0581,0.61732,0.98884
CVE-2005-0582,0.10995,0.94628
CVE-2005-0583,0.01136,0.57949
CVE-2005-0584,0.01183,0.60428
CVE-2005-0585,0.01537,0.73595
CVE-2005-0586,0.01183,0.60428
CVE-2005-0587,0.01018,0.38792
CVE-2005-0588,0.01974,0.7812
CVE-2005-0589,0.01319,0.70416
CVE-2005-0590,0.02172,0.79917
CVE-2005-0591,0.03407,0.83908
CVE-2005-0592,0.07544,0.92484
CVE-2005-0593,0.01955,0.77585
CVE-2005-0594,0.01667,0.75032
CVE-2005-0595,0.81089,0.99505
CVE-2005-0596,0.00885,0.26162
CVE-2005-0597,0.01213,0.6557
CVE-2005-0598,0.01213,0.6557
CVE-2005-0599,0.01213,0.6557
CVE-2005-0600,0.01213,0.6557
CVE-2005-0601,0.01213,0.6557
CVE-2005-0602,0.01282,0.67298
CVE-2005-0603,0.01213,0.6557
CVE-2005-0604,0.00885,0.26162
CVE-2005-0605,0.04421,0.87629
CVE-2005-0606,0.02945,0.82784
CVE-2005-0607,0.01213,0.6557
CVE-2005-0608,0.04465,0.87733
CVE-2005-0610,0.01592,0.74578
CVE-2005-0611,0.07525,0.92398
CVE-2005-0612,0.01213,0.6557
CVE-2005-0613,0.01055,0.50287
CVE-2005-0614,0.04187,0.86773
CVE-2005-0615,0.01136,0.57949
CVE-2005-0616,0.01136,0.57949
CVE-2005-0617,0.01136,0.57949
CVE-2005-0618,0.00885,0.26162
CVE-2005-0619,0.01761,0.7555
CVE-2005-0620,0.00885,0.26162
CVE-2005-0621,0.04187,0.86773
CVE-2005-0622,0.01136,0.57949
CVE-2005-0623,0.06523,0.90962
CVE-2005-0624,0.0095,0.30554
CVE-2005-0625,0.01034,0.39824
CVE-2005-0626,0.01108,0.53389
CVE-2005-0627,0.0089,0.2856
CVE-2005-0628,0.01136,0.57949
CVE-2005-0629,0.02945,0.82784
CVE-2005-0630,0.01132,0.54372
CVE-2005-0631,0.01132,0.54372
CVE-2005-0632,0.04482,0.88223
CVE-2005-0633,0.07687,0.92751
CVE-2005-0634,0.07687,0.92751
CVE-2005-0635,0.07687,0.92751
CVE-2005-0636,0.04291,0.87022
CVE-2005-0637,0.01108,0.53389
CVE-2005-0638,0.01537,0.73595
CVE-2005-0639,0.06523,0.90962
CVE-2005-0640,0.00885,0.26162
CVE-2005-0641,0.01055,0.50287
CVE-2005-0642,0.01055,0.50287
CVE-2005-0643,0.07687,0.92751
CVE-2005-0644,0.07777,0.92953
CVE-2005-0645,0.01055,0.50287
CVE-2005-0646,0.01055,0.50287
CVE-2005-0647,0.04187,0.86773
CVE-2005-0648,0.01055,0.50287
CVE-2005-0649,0.01055,0.50287
CVE-2005-0650,0.02945,0.82784
CVE-2005-0651,0.01319,0.70416
CVE-2005-0652,0.0089,0.2856
CVE-2005-0653,0.01055,0.50287
CVE-2005-0654,0.01055,0.50287
CVE-2005-0655,0.01136,0.57949
CVE-2005-0656,0.01213,0.6557
CVE-2005-0657,0.01213,0.6557
CVE-2005-0658,0.01213,0.6557
CVE-2005-0659,0.01213,0.6557
CVE-2005-0660,0.01055,0.50287
CVE-2005-0661,0.01055,0.50287
CVE-2005-0662,0.01055,0.50287
CVE-2005-0663,0.01136,0.57949
CVE-2005-0664,0.06604,0.91138
CVE-2005-0665,0.04522,0.88274
CVE-2005-0666,0.06262,0.90346
CVE-2005-0667,0.07525,0.92398
CVE-2005-0668,0.00885,0.26162
CVE-2005-0669,0.01408,0.72072
CVE-2005-0670,0.03129,0.8316
CVE-2005-0671,0.07687,0.92751
CVE-2005-0672,0.06523,0.90962
CVE-2005-0673,0.01136,0.57949
CVE-2005-0674,0.01213,0.6557
CVE-2005-0675,0.01055,0.50287
CVE-2005-0676,0.01055,0.50287
CVE-2005-0677,0.01055,0.50287
CVE-2005-0678,0.04187,0.86773
CVE-2005-0679,0.01319,0.70416
CVE-2005-0680,0.04187,0.86773
CVE-2005-0681,0.04482,0.88223
CVE-2005-0682,0.01136,0.57949
CVE-2005-0684,0.85028,0.99647
CVE-2005-0685,0.01213,0.6557
CVE-2005-0686,0.04679,0.88603
CVE-2005-0687,0.04291,0.87022
CVE-2005-0688,0.20648,0.96329
CVE-2005-0689,0.04187,0.86773
CVE-2005-0690,0.0095,0.30554
CVE-2005-0691,0.04187,0.86773
CVE-2005-0692,0.01136,0.57949
CVE-2005-0693,0.04465,0.87733
CVE-2005-0694,0.01136,0.57949
CVE-2005-0695,0.01136,0.57949
CVE-2005-0696,0.08263,0.93269
CVE-2005-0697,0.01055,0.50287
CVE-2005-0698,0.05476,0.89501
CVE-2005-0699,0.1127,0.94787
CVE-2005-0700,0.04187,0.86773
CVE-2005-0701,0.06174,0.90263
CVE-2005-0702,0.01055,0.50287
CVE-2005-0703,0.01055,0.50287
CVE-2005-0704,0.05139,0.89128
CVE-2005-0705,0.01319,0.70416
CVE-2005-0706,0.04229,0.86856
CVE-2005-0707,0.05302,0.89375
CVE-2005-0708,0.01055,0.50287
CVE-2005-0709,0.24255,0.96659
CVE-2005-0710,0.06569,0.90975
CVE-2005-0711,0.03156,0.83166
CVE-2005-0712,0.00885,0.26162
CVE-2005-0713,0.01761,0.7555
CVE-2005-0715,0.00885,0.26162
CVE-2005-0716,0.02232,0.80451
CVE-2005-0718,0.02172,0.79917
CVE-2005-0719,0.0095,0.30554
CVE-2005-0720,0.04482,0.88223
CVE-2005-0721,0.01055,0.50287
CVE-2005-0722,0.01055,0.50287
CVE-2005-0723,0.01055,0.50287
CVE-2005-0724,0.01055,0.50287
CVE-2005-0725,0.01055,0.50287
CVE-2005-0726,0.01055,0.50287
CVE-2005-0729,0.06523,0.90962
CVE-2005-0730,0.01213,0.6557
CVE-2005-0731,0.04187,0.86773
CVE-2005-0732,0.01213,0.6557
CVE-2005-0733,0.01213,0.6557
CVE-2005-0734,0.01213,0.6557
CVE-2005-0735,0.04187,0.86773
CVE-2005-0736,0.02046,0.7858
CVE-2005-0737,0.05532,0.89536
CVE-2005-0738,0.03884,0.84938
CVE-2005-0739,0.12567,0.95329
CVE-2005-0740,0.01213,0.6557
CVE-2005-0741,0.01917,0.77071
CVE-2005-0742,0.01136,0.57949
CVE-2005-0743,0.01213,0.6557
CVE-2005-0744,0.01018,0.38792
CVE-2005-0745,0.00885,0.26162
CVE-2005-0746,0.01319,0.70416
CVE-2005-0747,0.01055,0.50287
CVE-2005-0748,0.01213,0.6557
CVE-2005-0749,0.01547,0.74085
CVE-2005-0750,0.0322,0.83442
CVE-2005-0752,0.07777,0.92953
CVE-2005-0753,0.08263,0.93269
CVE-2005-0754,0.06309,0.90494
CVE-2005-0755,0.07996,0.93017
CVE-2005-0756,0.01547,0.74085
CVE-2005-0757,0.01034,0.39824
CVE-2005-0758,0.01547,0.74085
CVE-2005-0759,0.01319,0.70416
CVE-2005-0760,0.01213,0.6557
CVE-2005-0761,0.01213,0.6557
CVE-2005-0762,0.06523,0.90962
CVE-2005-0763,0.02172,0.79279
CVE-2005-0764,0.04679,0.88603
CVE-2005-0765,0.01213,0.6557
CVE-2005-0766,0.01213,0.6557
CVE-2005-0767,0.01592,0.74578
CVE-2005-0768,0.67141,0.99018
CVE-2005-0769,0.02172,0.79917
CVE-2005-0770,0.04291,0.87022
CVE-2005-0771,0.61588,0.98882
CVE-2005-0772,0.01319,0.70416
CVE-2005-0773,0.78095,0.99418
CVE-2005-0774,0.01213,0.6557
CVE-2005-0775,0.01213,0.6557
CVE-2005-0776,0.04187,0.86773
CVE-2005-0777,0.01213,0.6557
CVE-2005-0778,0.01213,0.6557
CVE-2005-0779,0.04187,0.86773
CVE-2005-0780,0.04187,0.86773
CVE-2005-0781,0.00986,0.35784
CVE-2005-0782,0.01917,0.77071
CVE-2005-0783,0.01917,0.77071
CVE-2005-0784,0.01136,0.57949
CVE-2005-0785,0.01213,0.6557
CVE-2005-0786,0.00986,0.35784
CVE-2005-0787,0.01034,0.39824
CVE-2005-0788,0.04187,0.86773
CVE-2005-0789,0.01213,0.6557
CVE-2005-0790,0.01213,0.6557
CVE-2005-0791,0.02945,0.82784
CVE-2005-0792,0.00986,0.35784
CVE-2005-0793,0.01136,0.57949
CVE-2005-0794,0.01213,0.6557
CVE-2005-0795,0.04187,0.86773
CVE-2005-0796,0.04187,0.86773
CVE-2005-0797,0.01213,0.6557
CVE-2005-0798,0.01319,0.70416
CVE-2005-0799,0.01136,0.57949
CVE-2005-0800,0.04482,0.88223
CVE-2005-0801,0.01055,0.50287
CVE-2005-0802,0.02945,0.82784
CVE-2005-0803,0.51478,0.9865
CVE-2005-0804,0.04187,0.86773
CVE-2005-0805,0.00986,0.35784
CVE-2005-0806,0.01213,0.6557
CVE-2005-0807,0.05139,0.89128
CVE-2005-0808,0.01484,0.72722
CVE-2005-0809,0.01136,0.57949
CVE-2005-0810,0.01136,0.57949
CVE-2005-0811,0.01061,0.51015
CVE-2005-0812,0.01136,0.57949
CVE-2005-0813,0.02791,0.82239
CVE-2005-0814,0.01213,0.6557
CVE-2005-0815,0.05356,0.89424
CVE-2005-0816,0.0095,0.30554
CVE-2005-0817,0.01319,0.70416
CVE-2005-0818,0.01917,0.77071
CVE-2005-0819,0.01136,0.57949
CVE-2005-0820,0.01018,0.38792
CVE-2005-0821,0.01018,0.38792
CVE-2005-0822,0.0095,0.30554
CVE-2005-0823,0.01924,0.77129
CVE-2005-0824,0.00885,0.26162
CVE-2005-0825,0.01592,0.74578
CVE-2005-0826,0.01213,0.6557
CVE-2005-0827,0.01213,0.6557
CVE-2005-0828,0.10995,0.94626999999999994
CVE-2005-0829,0.01917,0.77071
CVE-2005-0830,0.06523,0.90962
CVE-2005-0831,0.01055,0.50287
CVE-2005-0832,0.01055,0.50287
CVE-2005-0833,0.01055,0.50287
CVE-2005-0834,0.01055,0.50287
CVE-2005-0835,0.01055,0.50287
CVE-2005-0836,0.01537,0.73595
CVE-2005-0837,0.01213,0.6557
CVE-2005-0838,0.04081,0.85323
CVE-2005-0839,0.0095,0.30554
CVE-2005-0841,0.00986,0.35784
CVE-2005-0842,0.01917,0.77071
CVE-2005-0843,0.04187,0.86773
CVE-2005-0844,0.0095,0.30554
CVE-2005-0845,0.01213,0.6557
CVE-2005-0846,0.01213,0.6557
CVE-2005-0847,0.04187,0.86773
CVE-2005-0848,0.04187,0.86773
CVE-2005-0849,0.01136,0.57949
CVE-2005-0850,0.01055,0.50287
CVE-2005-0851,0.01055,0.50287
CVE-2005-0852,0.01761,0.7555
CVE-2005-0853,0.0679,0.91793
CVE-2005-0854,0.04482,0.88223
CVE-2005-0855,0.01055,0.50287
CVE-2005-0856,0.01055,0.50287
CVE-2005-0857,0.01917,0.77071
CVE-2005-0858,0.00986,0.35784
CVE-2005-0859,0.10995,0.94626999999999994
CVE-2005-0860,0.04187,0.86773
CVE-2005-0861,0.02791,0.82239
CVE-2005-0862,0.10995,0.94626999999999994
CVE-2005-0863,0.01917,0.77071
CVE-2005-0864,0.01136,0.57949
CVE-2005-0865,0.01213,0.6557
CVE-2005-0866,0.00885,0.26162
CVE-2005-0867,0.0095,0.30554
CVE-2005-0868,0.00885,0.26162
CVE-2005-0869,0.01136,0.57949
CVE-2005-0870,0.05649,0.89807
CVE-2005-0871,0.01213,0.6557
CVE-2005-0872,0.01917,0.77071
CVE-2005-0873,0.17202,0.96027
CVE-2005-0874,0.01018,0.38792
CVE-2005-0875,0.00885,0.26162
CVE-2005-0876,0.0292,0.82516
CVE-2005-0877,0.01213,0.6557
CVE-2005-0878,0.01136,0.57949
CVE-2005-0879,0.0679,0.91793
CVE-2005-0880,0.01055,0.50287
CVE-2005-0881,0.01917,0.77071
CVE-2005-0882,0.01319,0.70416
CVE-2005-0883,0.01917,0.77071
CVE-2005-0884,0.01055,0.50287
CVE-2005-0885,0.01136,0.57949
CVE-2005-0886,0.01917,0.77071
CVE-2005-0887,0.04187,0.86773
CVE-2005-0888,0.01213,0.6557
CVE-2005-0889,0.01917,0.77071
CVE-2005-0890,0.00986,0.35784
CVE-2005-0891,0.01408,0.72072
CVE-2005-0892,0.05532,0.89536
CVE-2005-0893,0.02994,0.8281
CVE-2005-0894,0.0089,0.2856
CVE-2005-0895,0.04187,0.86773
CVE-2005-0896,0.01917,0.77071
CVE-2005-0897,0.01055,0.50287
CVE-2005-0898,0.01055,0.50287
CVE-2005-0899,0.01055,0.50287
CVE-2005-0900,0.01136,0.57949
CVE-2005-0901,0.01136,0.57949
CVE-2005-0902,0.01136,0.57949
CVE-2005-0903,0.01963,0.77709
CVE-2005-0904,0.08045,0.93021
CVE-2005-0905,0.04482,0.88223
CVE-2005-0906,0.07687,0.92751
CVE-2005-0907,0.01055,0.50287
CVE-2005-0908,0.01055,0.50287
CVE-2005-0909,0.01136,0.57949
CVE-2005-0910,0.01055,0.50287
CVE-2005-0911,0.01055,0.50287
CVE-2005-0912,0.00885,0.26162
CVE-2005-0913,0.01108,0.53389
CVE-2005-0914,0.01055,0.50287
CVE-2005-0915,0.01055,0.50287
CVE-2005-0916,0.01761,0.7555
CVE-2005-0917,0.01136,0.57949
CVE-2005-0918,0.01213,0.6557
CVE-2005-0919,0.01319,0.70416
CVE-2005-0920,0.01055,0.50287
CVE-2005-0921,0.01503,0.72743
CVE-2005-0922,0.01108,0.53389
CVE-2005-0923,0.01034,0.39824
CVE-2005-0924,0.01319,0.70416
CVE-2005-0925,0.02945,0.82784
CVE-2005-0926,0.03696,0.84331
CVE-2005-0927,0.00954,0.34522
CVE-2005-0928,0.02945,0.82784
CVE-2005-0929,0.01139,0.58345
CVE-2005-0930,0.01213,0.6557
CVE-2005-0931,0.04187,0.86773
CVE-2005-0932,0.01055,0.50287
CVE-2005-0933,0.01055,0.50287
CVE-2005-0934,0.01055,0.50287
CVE-2005-0935,0.01139,0.58345
CVE-2005-0936,0.0679,0.91793
CVE-2005-0937,0.0095,0.30554
CVE-2005-0938,0.01213,0.6557
CVE-2005-0941,0.05288,0.89317
CVE-2005-0942,0.01537,0.73595
CVE-2005-0943,0.01213,0.6557
CVE-2005-0944,0.44626,0.9825
CVE-2005-0945,0.01917,0.77071
CVE-2005-0946,0.01136,0.57949
CVE-2005-0947,0.01213,0.6557
CVE-2005-0948,0.01139,0.58345
CVE-2005-0949,0.01319,0.70416
CVE-2005-0950,0.0679,0.91793
CVE-2005-0952,0.01213,0.6557
CVE-2005-0953,0.01547,0.74085
CVE-2005-0954,0.13525,0.9555
CVE-2005-0955,0.00986,0.35784
CVE-2005-0956,0.01136,0.57949
CVE-2005-0957,0.01136,0.57949
CVE-2005-0958,0.07687,0.92751
CVE-2005-0959,0.04404,0.87551
CVE-2005-0960,0.01213,0.6557
CVE-2005-0961,0.01213,0.6557
CVE-2005-0962,0.00986,0.35784
CVE-2005-0963,0.0095,0.30554
CVE-2005-0964,0.0095,0.30554
CVE-2005-0965,0.01974,0.7812
CVE-2005-0966,0.02172,0.79917
CVE-2005-0967,0.02172,0.79917
CVE-2005-0968,0.01055,0.50287
CVE-2005-0969,0.02994,0.8281
CVE-2005-0970,0.00885,0.26162
CVE-2005-0971,0.00885,0.26162
CVE-2005-0972,0.02172,0.79279
CVE-2005-0973,0.00885,0.26162
CVE-2005-0974,0.0089,0.2856
CVE-2005-0975,0.01282,0.67298
CVE-2005-0976,0.01136,0.57949
CVE-2005-0977,0.01034,0.39824
CVE-2005-0978,0.04482,0.88223
CVE-2005-0979,0.06211,0.90307
CVE-2005-0980,0.04187,0.86773
CVE-2005-0981,0.01917,0.77071
CVE-2005-0982,0.01055,0.50287
CVE-2005-0983,0.01213,0.6557
CVE-2005-0984,0.07687,0.92751
CVE-2005-0985,0.00885,0.26162
CVE-2005-0986,0.04482,0.88223
CVE-2005-0987,0.01055,0.50287
CVE-2005-0988,0.01547,0.74085
CVE-2005-0989,0.12567,0.95329
CVE-2005-0990,0.01034,0.39824
CVE-2005-0991,0.0095,0.30554
CVE-2005-0992,0.02945,0.82784
CVE-2005-0993,0.02567,0.81201
CVE-2005-0994,0.00986,0.35784
CVE-2005-0995,0.01319,0.70416
CVE-2005-0996,0.01055,0.50287
CVE-2005-0997,0.01737,0.75207
CVE-2005-0998,0.01055,0.50287
CVE-2005-0999,0.01737,0.75207
CVE-2005-1000,0.01917,0.77071
CVE-2005-10001,0.00885,0.26162
CVE-2005-1001,0.01055,0.50287
CVE-2005-1002,0.04187,0.86773
CVE-2005-1003,0.01213,0.6557
CVE-2005-1004,0.01917,0.77071
CVE-2005-1005,0.04187,0.86773
CVE-2005-1006,0.04894,0.88891
CVE-2005-1007,0.01213,0.6557
CVE-2005-1008,0.01917,0.77071
CVE-2005-1009,0.90711,0.9986
CVE-2005-1010,0.01213,0.6557
CVE-2005-1011,0.00986,0.35784
CVE-2005-1012,0.01136,0.57949
CVE-2005-1013,0.10995,0.94626999999999994
CVE-2005-1014,0.07777,0.92953
CVE-2005-1015,0.03696,0.84331
CVE-2005-1016,0.01213,0.6557
CVE-2005-1017,0.01213,0.6557
CVE-2005-1018,0.77845,0.99392
CVE-2005-1019,0.01761,0.7555
CVE-2005-1020,0.01408,0.72072
CVE-2005-1021,0.01319,0.70416
CVE-2005-1022,0.01055,0.50287
CVE-2005-1023,0.01917,0.77071
CVE-2005-1024,0.01213,0.6557
CVE-2005-1025,0.01136,0.57949
CVE-2005-1026,0.00986,0.35784
CVE-2005-1027,0.01917,0.77071
CVE-2005-1028,0.01055,0.50287
CVE-2005-1029,0.04386,0.87542
CVE-2005-1030,0.05649,0.89807
CVE-2005-1031,0.01213,0.6557
CVE-2005-1033,0.04187,0.86773
CVE-2005-1034,0.01319,0.70416
CVE-2005-1035,0.00885,0.26162
CVE-2005-1036,0.00885,0.26162
CVE-2005-1037,0.01136,0.57949
CVE-2005-1038,0.01282,0.67298
CVE-2005-1039,0.00885,0.26162
CVE-2005-1040,0.00885,0.26162
CVE-2005-1041,0.01034,0.39824
CVE-2005-1042,0.1127,0.94787
CVE-2005-1043,0.01408,0.72072
CVE-2005-1045,0.01319,0.70416
CVE-2005-1046,0.12248,0.95092
CVE-2005-1047,0.01136,0.57949
CVE-2005-1048,0.01319,0.70416
CVE-2005-1049,0.10995,0.94626999999999994
CVE-2005-1050,0.01213,0.6557
CVE-2005-1051,0.00986,0.35784
CVE-2005-1052,0.09772,0.94058
CVE-2005-1053,0.02945,0.82784
CVE-2005-1054,0.0679,0.91793
CVE-2005-1055,0.01213,0.6557
CVE-2005-1056,0.01319,0.70416
CVE-2005-1057,0.01055,0.50287
CVE-2005-1058,0.01055,0.50287
CVE-2005-1059,0.01963,0.77709
CVE-2005-1060,0.01213,0.6557
CVE-2005-1061,0.04187,0.86773
CVE-2005-1062,0.01213,0.6557
CVE-2005-1063,0.01213,0.6557
CVE-2005-1064,0.01034,0.39824
CVE-2005-1065,0.00885,0.26162
CVE-2005-1066,0.0089,0.2856
CVE-2005-1067,0.0089,0.2856
CVE-2005-1068,0.01213,0.6557
CVE-2005-1069,0.01018,0.38792
CVE-2005-1070,0.00986,0.35784
CVE-2005-1071,0.00986,0.35784
CVE-2005-1072,0.01055,0.50287
CVE-2005-1073,0.0679,0.91793
CVE-2005-1074,0.01139,0.58345
CVE-2005-1075,0.02945,0.82784
CVE-2005-1076,0.01917,0.77071
CVE-2005-1077,0.01917,0.77071
CVE-2005-1078,0.04187,0.86773
CVE-2005-1079,0.00986,0.35784
CVE-2005-1080,0.04358,0.87435
CVE-2005-1081,0.01917,0.77071
CVE-2005-1082,0.01139,0.58345
CVE-2005-1083,0.01055,0.50287
CVE-2005-1084,0.01055,0.50287
CVE-2005-1085,0.01055,0.50287
CVE-2005-1086,0.15607,0.95873
CVE-2005-1087,0.04482,0.88223
CVE-2005-1088,0.01034,0.39824
CVE-2005-1089,0.00954,0.34522
CVE-2005-1090,0.01213,0.6557
CVE-2005-1091,0.01213,0.6557
CVE-2005-1092,0.01761,0.7555
CVE-2005-1093,0.08263,0.93269
CVE-2005-1094,0.01761,0.7555
CVE-2005-1095,0.02945,0.82784
CVE-2005-1096,0.01319,0.70416
CVE-2005-1097,0.01761,0.7555
CVE-2005-1098,0.01761,0.7555
CVE-2005-1099,0.83495,0.99581
CVE-2005-1100,0.15607,0.95873
CVE-2005-1101,0.05139,0.89128
CVE-2005-1102,0.01213,0.6557
CVE-2005-1103,0.00885,0.26162
CVE-2005-1104,0.01055,0.50287
CVE-2005-1105,0.04187,0.86773
CVE-2005-1106,0.01055,0.50287
CVE-2005-1107,0.00885,0.26162
CVE-2005-1108,0.01319,0.70416
CVE-2005-1109,0.05139,0.89128
CVE-2005-1110,0.07687,0.92751
CVE-2005-1111,0.01547,0.74085
CVE-2005-1112,0.0679,0.91793
CVE-2005-1113,0.01136,0.57949
CVE-2005-1114,0.01213,0.6557
CVE-2005-1115,0.01213,0.6557
CVE-2005-1116,0.01055,0.50287
CVE-2005-1117,0.04187,0.86773
CVE-2005-1118,0.02945,0.82784
CVE-2005-1119,0.00885,0.26162
CVE-2005-1120,0.01319,0.70416
CVE-2005-1121,0.0292,0.82516
CVE-2005-1122,0.04291,0.87022
CVE-2005-1123,0.01213,0.6557
CVE-2005-1124,0.0089,0.2856
CVE-2005-1126,0.01104,0.52279
CVE-2005-1127,0.03779,0.84781
CVE-2005-1128,0.01055,0.50287
CVE-2005-1129,0.0095,0.30554
CVE-2005-1130,0.01917,0.77071
CVE-2005-1131,0.01108,0.53389
CVE-2005-1132,0.01213,0.6557
CVE-2005-1133,0.01055,0.50287
CVE-2005-1134,0.028,0.82308
CVE-2005-1135,0.01917,0.77071
CVE-2005-1136,0.01136,0.57949
CVE-2005-1137,0.01055,0.50287
CVE-2005-1138,0.01055,0.50287
CVE-2005-1139,0.01018,0.38792
CVE-2005-1140,0.01055,0.50287
CVE-2005-1141,0.04679,0.88603
CVE-2005-1142,0.04679,0.88603
CVE-2005-1143,0.01213,0.6557
CVE-2005-1144,0.01213,0.6557
CVE-2005-1145,0.01136,0.57949
CVE-2005-1146,0.01136,0.57949
CVE-2005-1147,0.01213,0.6557
CVE-2005-1148,0.01136,0.57949
CVE-2005-1149,0.00986,0.35784
CVE-2005-1150,0.00954,0.34522
CVE-2005-1151,0.01034,0.39824
CVE-2005-1152,0.01034,0.39824
CVE-2005-1153,0.1127,0.94787
CVE-2005-1154,0.03779,0.84781
CVE-2005-1155,0.12248,0.95092
CVE-2005-1156,0.03779,0.84781
CVE-2005-1157,0.03779,0.84781
CVE-2005-1158,0.01319,0.70416
CVE-2005-1159,0.04229,0.86856
CVE-2005-1160,0.03407,0.83908
CVE-2005-1161,0.04386,0.87542
CVE-2005-1162,0.05649,0.89807
CVE-2005-1163,0.40588,0.98099
CVE-2005-1164,0.01319,0.70416
CVE-2005-1165,0.01136,0.57949
CVE-2005-1166,0.0095,0.30554
CVE-2005-1167,0.00885,0.26162
CVE-2005-1168,0.01055,0.50287
CVE-2005-1169,0.01136,0.57949
CVE-2005-1170,0.00986,0.35784
CVE-2005-1171,0.01917,0.77071
CVE-2005-1172,0.01213,0.6557
CVE-2005-1173,0.04379,0.87446
CVE-2005-1174,0.04358,0.87435
CVE-2005-1175,0.08228,0.93218
CVE-2005-1176,0.0089,0.2856
CVE-2005-1177,0.01018,0.38792
CVE-2005-1178,0.01136,0.57949
CVE-2005-1179,0.01213,0.6557
CVE-2005-1180,0.01213,0.6557
CVE-2005-1181,0.04187,0.86773
CVE-2005-1182,0.00954,0.34522
CVE-2005-1183,0.01917,0.77071
CVE-2005-1184,0.24729,0.96719
CVE-2005-1185,0.0095,0.30554
CVE-2005-1186,0.01018,0.38792
CVE-2005-1187,0.0292,0.82516
CVE-2005-1188,0.01917,0.77071
CVE-2005-1189,0.01136,0.57949
CVE-2005-1190,0.01055,0.50287
CVE-2005-1191,0.28557,0.97174
CVE-2005-1192,0.01974,0.7812
CVE-2005-1193,0.12567,0.95329
CVE-2005-1194,0.01592,0.74578
CVE-2005-1195,0.04421,0.87629
CVE-2005-1196,0.00986,0.35784
CVE-2005-1197,0.01213,0.6557
CVE-2005-1198,0.01055,0.50287
CVE-2005-1199,0.00986,0.35784
CVE-2005-1200,0.01213,0.6557
CVE-2005-1201,0.01408,0.72072
CVE-2005-1202,0.02945,0.82784
CVE-2005-1203,0.01139,0.58345
CVE-2005-1204,0.04187,0.86773
CVE-2005-1205,0.20648,0.96329
CVE-2005-1206,0.406,0.98111
CVE-2005-1207,0.28025,0.97144
CVE-2005-1208,0.46718,0.98435
CVE-2005-1211,0.46718,0.98435
CVE-2005-1212,0.35008,0.9771
CVE-2005-1213,0.73368,0.99237
CVE-2005-1214,0.28451,0.9717
CVE-2005-1215,0.13105,0.9547
CVE-2005-1216,0.13782,0.95593
CVE-2005-1218,0.23038,0.96506
CVE-2005-1219,0.63976,0.98955
CVE-2005-1220,0.01213,0.6557
CVE-2005-1221,0.01136,0.57949
CVE-2005-1222,0.04187,0.86773
CVE-2005-1223,0.00986,0.35784
CVE-2005-1224,0.028,0.82308
CVE-2005-1225,0.01213,0.6557
CVE-2005-1226,0.01136,0.57949
CVE-2005-1227,0.01213,0.6557
CVE-2005-1228,0.04358,0.87435
CVE-2005-1229,0.02186,0.8012
CVE-2005-1230,0.01213,0.6557
CVE-2005-1231,0.01136,0.57949
CVE-2005-1232,0.04679,0.88603
CVE-2005-1233,0.03129,0.8316
CVE-2005-1234,0.02172,0.79917
CVE-2005-1235,0.01213,0.6557
CVE-2005-1236,0.00986,0.35784
CVE-2005-1237,0.04386,0.87542
CVE-2005-1238,0.00954,0.34522
CVE-2005-1239,0.01213,0.6557
CVE-2005-1240,0.01136,0.57949
CVE-2005-1241,0.01213,0.6557
CVE-2005-1242,0.01136,0.57949
CVE-2005-1243,0.01136,0.57949
CVE-2005-1244,0.01213,0.6557
CVE-2005-1245,0.01213,0.6557
CVE-2005-1246,0.06211,0.90307
CVE-2005-1247,0.01213,0.6557
CVE-2005-1248,0.10439,0.94383
CVE-2005-1249,0.01213,0.6557
CVE-2005-1250,0.04063,0.85315
CVE-2005-1252,0.01213,0.6557
CVE-2005-1254,0.01213,0.6557
CVE-2005-1255,0.07687,0.92751
CVE-2005-1256,0.06523,0.90962
CVE-2005-1260,0.04358,0.87435
CVE-2005-1261,0.15607,0.95873
CVE-2005-1262,0.01319,0.70416
CVE-2005-1263,0.05625,0.89579
CVE-2005-1264,0.01282,0.67298
CVE-2005-1265,0.01282,0.67298
CVE-2005-1266,0.03384,0.83655
CVE-2005-1267,0.10995,0.94626999999999994
CVE-2005-1268,0.07344,0.92237
CVE-2005-1269,0.02172,0.79917
CVE-2005-1270,0.0095,0.30554
CVE-2005-1272,0.84087,0.99598
CVE-2005-1274,0.03696,0.84331
CVE-2005-1275,0.10995,0.94626999999999994
CVE-2005-1278,0.10995,0.94626999999999994
CVE-2005-1279,0.12567,0.95329
CVE-2005-1280,0.10995,0.94626999999999994
CVE-2005-1281,0.01055,0.50287
CVE-2005-1282,0.01213,0.6557
CVE-2005-1283,0.01213,0.6557
CVE-2005-1284,0.01213,0.6557
CVE-2005-1285,0.01917,0.77071
CVE-2005-1286,0.0089,0.2856
CVE-2005-1287,0.04386,0.87542
CVE-2005-1288,0.01213,0.6557
CVE-2005-1289,0.04187,0.86773
CVE-2005-1290,0.01055,0.50287
CVE-2005-1291,0.01408,0.72072
CVE-2005-1292,0.01776,0.75902
CVE-2005-1293,0.00986,0.35784
CVE-2005-1294,0.0089,0.2856
CVE-2005-1295,0.01055,0.50287
CVE-2005-1296,0.01055,0.50287
CVE-2005-1297,0.01055,0.50287
CVE-2005-1298,0.01055,0.50287
CVE-2005-1299,0.01055,0.50287
CVE-2005-1300,0.01055,0.50287
CVE-2005-1301,0.01018,0.38792
CVE-2005-1302,0.01213,0.6557
CVE-2005-1303,0.01055,0.50287
CVE-2005-1304,0.01055,0.50287
CVE-2005-1305,0.01055,0.50287
CVE-2005-1306,0.05334,0.89381
CVE-2005-1307,0.68054,0.9906
CVE-2005-1308,0.04187,0.86773
CVE-2005-1309,0.01213,0.6557
CVE-2005-1310,0.01136,0.57949
CVE-2005-1311,0.01213,0.6557
CVE-2005-1312,0.04187,0.86773
CVE-2005-1313,0.01136,0.57949
CVE-2005-1314,0.01136,0.57949
CVE-2005-1315,0.01136,0.57949
CVE-2005-1316,0.01136,0.57949
CVE-2005-1317,0.01136,0.57949
CVE-2005-1318,0.01136,0.57949
CVE-2005-1319,0.01136,0.57949
CVE-2005-1320,0.01136,0.57949
CVE-2005-1321,0.01136,0.57949
CVE-2005-1322,0.01136,0.57949
CVE-2005-1323,0.75392,0.99312
CVE-2005-1324,0.01213,0.6557
CVE-2005-1325,0.04187,0.86773
CVE-2005-1326,0.01136,0.57949
CVE-2005-1327,0.01055,0.50287
CVE-2005-1328,0.01319,0.70416
CVE-2005-1329,0.0679,0.91793
CVE-2005-1330,0.00885,0.26162
CVE-2005-1331,0.01319,0.70416
CVE-2005-1332,0.01213,0.6557
CVE-2005-1333,0.04187,0.86773
CVE-2005-1335,0.0089,0.2856
CVE-2005-1336,0.01667,0.75032
CVE-2005-1337,0.01055,0.50287
CVE-2005-1338,0.00885,0.26162
CVE-2005-1339,0.01055,0.50287
CVE-2005-1340,0.01055,0.50287
CVE-2005-1341,0.01537,0.73595
CVE-2005-1342,0.01974,0.7812
CVE-2005-1343,0.01667,0.75032
CVE-2005-1344,0.09006,0.9374
CVE-2005-1345,0.01108,0.53389
CVE-2005-1346,0.01055,0.50287
CVE-2005-1347,0.06995,0.91861
CVE-2005-1348,0.72015,0.99186
CVE-2005-1349,0.07687,0.92751
CVE-2005-1350,0.01055,0.50287
CVE-2005-1351,0.01055,0.50287
CVE-2005-1352,0.01055,0.50287
CVE-2005-1353,0.01055,0.50287
CVE-2005-1354,0.01055,0.50287
CVE-2005-1355,0.01055,0.50287
CVE-2005-1356,0.01055,0.50287
CVE-2005-1357,0.01055,0.50287
CVE-2005-1358,0.01055,0.50287
CVE-2005-1359,0.01055,0.50287
CVE-2005-1360,0.04482,0.88223
CVE-2005-1361,0.01213,0.6557
CVE-2005-1362,0.01055,0.50287
CVE-2005-1363,0.01055,0.50287
CVE-2005-1364,0.01319,0.70416
CVE-2005-1365,0.04187,0.86773
CVE-2005-1366,0.04187,0.86773
CVE-2005-1367,0.00885,0.26162
CVE-2005-1368,0.0089,0.2856
CVE-2005-1369,0.0089,0.2856
CVE-2005-1370,0.07197,0.92068
CVE-2005-1371,0.01924,0.77129
CVE-2005-1372,0.01924,0.77129
CVE-2005-1373,0.01319,0.70416
CVE-2005-1374,0.02945,0.82784
CVE-2005-1375,0.01139,0.58345
CVE-2005-1376,0.01108,0.53389
CVE-2005-1377,0.01319,0.70416
CVE-2005-1378,0.028,0.82308
CVE-2005-1379,0.00885,0.26162
CVE-2005-1380,0.02945,0.82784
CVE-2005-1381,0.16329,0.95922
CVE-2005-1382,0.09885,0.94108
CVE-2005-1383,0.09885,0.94108
CVE-2005-1384,0.01139,0.58345
CVE-2005-1385,0.01213,0.6557
CVE-2005-1386,0.01055,0.50287
CVE-2005-1387,0.0095,0.30554
CVE-2005-1388,0.01136,0.57949
CVE-2005-1391,0.1127,0.94787
CVE-2005-1392,0.0095,0.30554
CVE-2005-1393,0.01592,0.74578
CVE-2005-1394,0.01761,0.7555
CVE-2005-1395,0.0095,0.30554
CVE-2005-1396,0.01761,0.7555
CVE-2005-1397,0.01319,0.70416
CVE-2005-1398,0.0679,0.91793
CVE-2005-1399,0.00885,0.26162
CVE-2005-1400,0.00885,0.26162
CVE-2005-1401,0.05532,0.89536
CVE-2005-1402,0.04187,0.86773
CVE-2005-1403,0.04894,0.88891
CVE-2005-1404,0.01319,0.70416
CVE-2005-1405,0.01034,0.39824
CVE-2005-1406,0.01034,0.39824
CVE-2005-1407,0.00885,0.26162
CVE-2005-1408,0.01213,0.6557
CVE-2005-1409,0.01282,0.67298
CVE-2005-1410,0.01282,0.67298
CVE-2005-1411,0.01924,0.77129
CVE-2005-1412,0.00986,0.35784
CVE-2005-1413,0.04386,0.87542
CVE-2005-1414,0.01761,0.7555
CVE-2005-1415,0.72015,0.99186
CVE-2005-1416,0.01213,0.6557
CVE-2005-1417,0.00986,0.35784
CVE-2005-1418,0.01761,0.7555
CVE-2005-1419,0.01213,0.6557
CVE-2005-1420,0.01055,0.50287
CVE-2005-1421,0.01055,0.50287
CVE-2005-1422,0.01055,0.50287
CVE-2005-1423,0.04187,0.86773
CVE-2005-1424,0.01761,0.7555
CVE-2005-1425,0.04482,0.88223
CVE-2005-1426,0.04187,0.86773
CVE-2005-1427,0.01136,0.57949
CVE-2005-1428,0.01055,0.50287
CVE-2005-1429,0.01136,0.57949
CVE-2005-1430,0.00885,0.26162
CVE-2005-1431,0.01408,0.72072
CVE-2005-1433,0.02602,0.81249
CVE-2005-1434,0.09815,0.94073
CVE-2005-1435,0.01136,0.57949
CVE-2005-1436,0.01319,0.70416
CVE-2005-1437,0.01136,0.57949
CVE-2005-1438,0.01136,0.57949
CVE-2005-1439,0.01136,0.57949
CVE-2005-1440,0.05649,0.89807
CVE-2005-1441,0.01319,0.70416
CVE-2005-1442,0.01592,0.74578
CVE-2005-1443,0.01055,0.50287
CVE-2005-1444,0.01319,0.70416
CVE-2005-1445,0.01213,0.6557
CVE-2005-1446,0.01136,0.57949
CVE-2005-1447,0.01213,0.6557
CVE-2005-1448,0.01213,0.6557
CVE-2005-1449,0.00885,0.26162
CVE-2005-1450,0.00954,0.34522
CVE-2005-1451,0.01136,0.57949
CVE-2005-1452,0.00885,0.26162
CVE-2005-1453,0.01018,0.38792
CVE-2005-1454,0.01974,0.7812
CVE-2005-1455,0.01974,0.7812
CVE-2005-1456,0.01319,0.70416
CVE-2005-1457,0.01319,0.70416
CVE-2005-1458,0.01108,0.53389
CVE-2005-1459,0.01319,0.70416
CVE-2005-1460,0.01319,0.70416
CVE-2005-1461,0.12822,0.95405
CVE-2005-1462,0.07777,0.92953
CVE-2005-1463,0.07777,0.92953
CVE-2005-1464,0.01319,0.70416
CVE-2005-1465,0.01319,0.70416
CVE-2005-1466,0.01319,0.70416
CVE-2005-1467,0.01319,0.70416
CVE-2005-1468,0.01319,0.70416
CVE-2005-1469,0.01319,0.70416
CVE-2005-1470,0.0679,0.91793
CVE-2005-1471,0.08557,0.93616
CVE-2005-1472,0.00885,0.26162
CVE-2005-1473,0.00885,0.26162
CVE-2005-1474,0.01055,0.50287
CVE-2005-1475,0.01136,0.57949
CVE-2005-1476,0.09915,0.94265
CVE-2005-1477,0.04421,0.87629
CVE-2005-1478,0.07777,0.92953
CVE-2005-1479,0.01139,0.58345
CVE-2005-1480,0.0679,0.91793
CVE-2005-1481,0.01319,0.70416
CVE-2005-1482,0.01319,0.70416
CVE-2005-1483,0.01319,0.70416
CVE-2005-1484,0.01213,0.6557
CVE-2005-1485,0.01136,0.57949
CVE-2005-1486,0.10995,0.94626999999999994
CVE-2005-1487,0.028,0.82308
CVE-2005-1488,0.01055,0.50287
CVE-2005-1489,0.01136,0.57949
CVE-2005-1490,0.01061,0.51015
CVE-2005-1491,0.01061,0.51015
CVE-2005-1492,0.03129,0.8316
CVE-2005-1493,0.04482,0.88223
CVE-2005-1494,0.01917,0.77071
CVE-2005-1495,0.0095,0.30554
CVE-2005-1496,0.01132,0.54372
CVE-2005-1497,0.01136,0.57949
CVE-2005-1498,0.01917,0.77071
CVE-2005-1499,0.01213,0.6557
CVE-2005-1500,0.01139,0.58345
CVE-2005-1501,0.01213,0.6557
CVE-2005-1502,0.01776,0.75902
CVE-2005-1503,0.04386,0.87542
CVE-2005-1504,0.01213,0.6557
CVE-2005-1505,0.00885,0.26162
CVE-2005-1506,0.00986,0.35784
CVE-2005-1507,0.06211,0.90307
CVE-2005-1508,0.01776,0.75902
CVE-2005-1509,0.01213,0.6557
CVE-2005-1510,0.01136,0.57949
CVE-2005-1511,0.01213,0.6557
CVE-2005-1512,0.01213,0.6557
CVE-2005-1513,0.08228,0.93218
CVE-2005-1514,0.07544,0.92484
CVE-2005-1515,0.07544,0.92484
CVE-2005-1516,0.01213,0.6557
CVE-2005-1517,0.00885,0.26162
CVE-2005-1518,0.00885,0.26162
CVE-2005-1519,0.01974,0.7812
CVE-2005-1520,0.07687,0.92751
CVE-2005-1521,0.06523,0.90962
CVE-2005-1522,0.01213,0.6557
CVE-2005-1523,0.07687,0.92751
CVE-2005-1524,0.12567,0.95329
CVE-2005-1525,0.02172,0.79917
CVE-2005-1526,0.12567,0.95329
CVE-2005-1527,0.02172,0.79917
CVE-2005-1528,0.01924,0.77129
CVE-2005-1530,0.01213,0.6557
CVE-2005-1531,0.02172,0.79917
CVE-2005-1532,0.12567,0.95329
CVE-2005-1543,0.81066,0.99505
CVE-2005-1544,0.42881,0.98198
CVE-2005-1545,0.04522,0.88274
CVE-2005-1546,0.04522,0.88274
CVE-2005-1547,0.01055,0.50287
CVE-2005-1548,0.00986,0.35784
CVE-2005-1549,0.01213,0.6557
CVE-2005-1550,0.04482,0.88223
CVE-2005-1551,0.01055,0.50287
CVE-2005-1552,0.0679,0.91793
CVE-2005-1553,0.01213,0.6557
CVE-2005-1554,0.01213,0.6557
CVE-2005-1555,0.01136,0.57949
CVE-2005-1556,0.01213,0.6557
CVE-2005-1557,0.01319,0.70416
CVE-2005-1558,0.01213,0.6557
CVE-2005-1559,0.01319,0.70416
CVE-2005-1560,0.01213,0.6557
CVE-2005-1561,0.02945,0.82784
CVE-2005-1562,0.02172,0.79917
CVE-2005-1563,0.01408,0.72072
CVE-2005-1564,0.01319,0.70416
CVE-2005-1565,0.01108,0.53389
CVE-2005-1566,0.01136,0.57949
CVE-2005-1567,0.01055,0.50287
CVE-2005-1568,0.01055,0.50287
CVE-2005-1569,0.01055,0.50287
CVE-2005-1570,0.01055,0.50287
CVE-2005-1571,0.01055,0.50287
CVE-2005-1572,0.01055,0.50287
CVE-2005-1573,0.01055,0.50287
CVE-2005-1574,0.03354,0.83629
CVE-2005-1575,0.01136,0.57949
CVE-2005-1576,0.01136,0.57949
CVE-2005-1577,0.01055,0.50287
CVE-2005-1578,0.00885,0.26162
CVE-2005-1579,0.02172,0.79917
CVE-2005-1580,0.06523,0.90962
CVE-2005-1581,0.01055,0.50287
CVE-2005-1582,0.01055,0.50287
CVE-2005-1583,0.01055,0.50287
CVE-2005-1584,0.01213,0.6557
CVE-2005-1585,0.01136,0.57949
CVE-2005-1586,0.01213,0.6557
CVE-2005-1587,0.01917,0.77071
CVE-2005-1588,0.01055,0.50287
CVE-2005-1589,0.05625,0.89579
CVE-2005-1590,0.01761,0.7555
CVE-2005-1591,0.01055,0.50287
CVE-2005-1592,0.01055,0.50287
CVE-2005-1593,0.01917,0.77071
CVE-2005-1594,0.00986,0.35784
CVE-2005-1595,0.01213,0.6557
CVE-2005-1596,0.07777,0.92953
CVE-2005-1597,0.01776,0.75902
CVE-2005-1598,0.04386,0.87542
CVE-2005-1599,0.01213,0.6557
CVE-2005-1600,0.01108,0.53389
CVE-2005-1601,0.01213,0.6557
CVE-2005-1602,0.01213,0.6557
CVE-2005-1603,0.04482,0.88223
CVE-2005-1604,0.15607,0.95873
CVE-2005-1605,0.01408,0.72072
CVE-2005-1606,0.01924,0.77129
CVE-2005-1607,0.01136,0.57949
CVE-2005-1608,0.01108,0.53389
CVE-2005-1609,0.01408,0.72072
CVE-2005-1610,0.02945,0.82784
CVE-2005-1611,0.01917,0.77071
CVE-2005-1612,0.00986,0.35784
CVE-2005-1613,0.01917,0.77071
CVE-2005-1614,0.01917,0.77071
CVE-2005-1615,0.00986,0.35784
CVE-2005-1616,0.01055,0.50287
CVE-2005-1617,0.00885,0.26162
CVE-2005-1618,0.04187,0.86773
CVE-2005-1619,0.01917,0.77071
CVE-2005-1620,0.01917,0.77071
CVE-2005-1621,0.01213,0.6557
CVE-2005-1622,0.01055,0.50287
CVE-2005-1625,0.06523,0.90962
CVE-2005-1626,0.03432,0.83945
CVE-2005-1627,0.0095,0.30554
CVE-2005-1628,0.0679,0.91793
CVE-2005-1629,0.00986,0.35784
CVE-2005-1630,0.00885,0.26162
CVE-2005-1631,0.01213,0.6557
CVE-2005-1632,0.01592,0.74578
CVE-2005-1633,0.00986,0.35784
CVE-2005-1634,0.01055,0.50287
CVE-2005-1635,0.01055,0.50287
CVE-2005-1636,0.01282,0.67298
CVE-2005-1637,0.00986,0.35784
CVE-2005-1638,0.01136,0.57949
CVE-2005-1639,0.01136,0.57949
CVE-2005-1640,0.01055,0.50287
CVE-2005-1641,0.00885,0.26162
CVE-2005-1642,0.01139,0.58345
CVE-2005-1643,0.01319,0.70416
CVE-2005-1644,0.01213,0.6557
CVE-2005-1645,0.04482,0.88223
CVE-2005-1646,0.01213,0.6557
CVE-2005-1647,0.01136,0.57949
CVE-2005-1648,0.01136,0.57949
CVE-2005-1649,0.11676,0.94929
CVE-2005-1650,0.01055,0.50287
CVE-2005-1651,0.01055,0.50287
CVE-2005-1652,0.01055,0.50287
CVE-2005-1653,0.01055,0.50287
CVE-2005-1654,0.04187,0.86773
CVE-2005-1655,0.04187,0.86773
CVE-2005-1656,0.01055,0.50287
CVE-2005-1657,0.01319,0.70416
CVE-2005-1658,0.01055,0.50287
CVE-2005-1659,0.01055,0.50287
CVE-2005-1660,0.01136,0.57949
CVE-2005-1661,0.01213,0.6557
CVE-2005-1662,0.01319,0.70416
CVE-2005-1663,0.01319,0.70416
CVE-2005-1664,0.19474,0.96198
CVE-2005-1665,0.13846,0.95594
CVE-2005-1666,0.35205,0.97726
CVE-2005-1667,0.04482,0.88223
CVE-2005-1668,0.01136,0.57949
CVE-2005-1669,0.01055,0.50287
CVE-2005-1670,0.01132,0.54372
CVE-2005-1671,0.00885,0.26162
CVE-2005-1672,0.01055,0.50287
CVE-2005-1673,0.01055,0.50287
CVE-2005-1674,0.01055,0.50287
CVE-2005-1675,0.0089,0.2856
CVE-2005-1676,0.01213,0.6557
CVE-2005-1677,0.01136,0.57949
CVE-2005-1678,0.01136,0.57949
CVE-2005-1679,0.042659999999999997,0.86883
CVE-2005-1680,0.01055,0.50287
CVE-2005-1681,0.04187,0.86773
CVE-2005-1682,0.01055,0.50287
CVE-2005-1683,0.16658,0.95957
CVE-2005-1684,0.01055,0.50287
CVE-2005-1685,0.01055,0.50287
CVE-2005-1686,0.07197,0.92068
CVE-2005-1687,0.01136,0.57949
CVE-2005-1688,0.01055,0.50287
CVE-2005-1689,0.12248,0.95092
CVE-2005-1691,0.01055,0.50287
CVE-2005-1692,0.08263,0.93269
CVE-2005-1693,0.01408,0.72072
CVE-2005-1694,0.01055,0.50287
CVE-2005-1695,0.01136,0.57949
CVE-2005-1696,0.01055,0.50287
CVE-2005-1697,0.01055,0.50287
CVE-2005-1698,0.01055,0.50287
CVE-2005-1699,0.00885,0.26162
CVE-2005-1700,0.00885,0.26162
CVE-2005-1701,0.00986,0.35784
CVE-2005-1702,0.15607,0.95873
CVE-2005-1703,0.0679,0.91793
CVE-2005-1704,0.03054,0.82936
CVE-2005-1705,0.01282,0.67298
CVE-2005-1706,0.01055,0.50287
CVE-2005-1707,0.0293,0.8252
CVE-2005-1708,0.04062,0.85315
CVE-2005-1709,0.04482,0.88223
CVE-2005-1710,0.01319,0.70416
CVE-2005-1711,0.00885,0.26162
CVE-2005-1712,0.00954,0.34522
CVE-2005-1713,0.01213,0.6557
CVE-2005-1714,0.01055,0.50287
CVE-2005-1715,0.02945,0.82784
CVE-2005-1716,0.01213,0.6557
CVE-2005-1717,0.01213,0.6557
CVE-2005-1718,0.04187,0.86773
CVE-2005-1719,0.00885,0.26162
CVE-2005-1720,0.00885,0.26162
CVE-2005-1721,0.03432,0.83945
CVE-2005-1722,0.00885,0.26162
CVE-2005-1723,0.00885,0.26162
CVE-2005-1724,0.01055,0.50287
CVE-2005-1725,0.01761,0.7555
CVE-2005-1726,0.01104,0.52279
CVE-2005-1727,0.00885,0.26162
CVE-2005-1728,0.00885,0.26162
CVE-2005-1729,0.01213,0.6557
CVE-2005-1730,0.01213,0.6557
CVE-2005-1732,0.01213,0.6557
CVE-2005-1733,0.01136,0.57949
CVE-2005-1734,0.01136,0.57949
CVE-2005-1735,0.01136,0.57949
CVE-2005-1736,0.00885,0.26162
CVE-2005-1737,0.00954,0.34522
CVE-2005-1738,0.0292,0.82516
CVE-2005-1739,0.03407,0.83908
CVE-2005-1740,0.01547,0.74085
CVE-2005-1741,0.0679,0.91793
CVE-2005-1742,0.01018,0.38792
CVE-2005-1743,0.01018,0.38792
CVE-2005-1744,0.01018,0.38792
CVE-2005-1745,0.0095,0.30554
CVE-2005-1746,0.01213,0.6557
CVE-2005-1747,0.03407,0.83908
CVE-2005-1748,0.01213,0.6557
CVE-2005-1749,0.01213,0.6557
CVE-2005-1750,0.01213,0.6557
CVE-2005-1751,0.01547,0.74085
CVE-2005-1752,0.04187,0.86773
CVE-2005-1753,0.01055,0.50287
CVE-2005-1754,0.04187,0.86773
CVE-2005-1755,0.01213,0.6557
CVE-2005-1756,0.01408,0.72072
CVE-2005-1757,0.03425,0.8393
CVE-2005-1758,0.13234,0.95482
CVE-2005-1759,0.0095,0.30554
CVE-2005-1760,0.01034,0.39824
CVE-2005-1761,0.01547,0.74085
CVE-2005-1762,0.01547,0.74085
CVE-2005-1763,0.01104,0.52279
CVE-2005-1764,0.01034,0.39824
CVE-2005-1765,0.0095,0.30554
CVE-2005-1766,0.07996,0.93017
CVE-2005-1767,0.01547,0.74085
CVE-2005-1768,0.02172,0.79379
CVE-2005-1769,0.01955,0.77585
CVE-2005-1770,0.02172,0.79279
CVE-2005-1771,0.01136,0.57949
CVE-2005-1772,0.01136,0.57949
CVE-2005-1773,0.04291,0.87022
CVE-2005-1774,0.0089,0.2856
CVE-2005-1775,0.01055,0.50287
CVE-2005-1776,0.06523,0.90962
CVE-2005-1777,0.00986,0.35784
CVE-2005-1778,0.01055,0.50287
CVE-2005-1779,0.00986,0.35784
CVE-2005-1780,0.01136,0.57949
CVE-2005-1781,0.01055,0.50287
CVE-2005-1782,0.05649,0.89807
CVE-2005-1783,0.01213,0.6557
CVE-2005-1784,0.04187,0.86773
CVE-2005-1785,0.01213,0.6557
CVE-2005-1786,0.01213,0.6557
CVE-2005-1787,0.04482,0.88223
CVE-2005-1788,0.00986,0.35784
CVE-2005-1789,0.01055,0.50287
CVE-2005-1790,0.9175,0.99885
CVE-2005-1791,0.03884,0.84938
CVE-2005-1792,0.06118,0.90183
CVE-2005-1793,0.09772,0.94058
CVE-2005-1795,0.04679,0.88603
CVE-2005-1796,0.1127,0.94787
CVE-2005-1797,0.01055,0.50287
CVE-2005-1798,0.01055,0.50287
CVE-2005-1799,0.01055,0.50287
CVE-2005-1800,0.01917,0.77071
CVE-2005-1801,0.01963,0.77709
CVE-2005-1802,0.01213,0.6557
CVE-2005-1803,0.01917,0.77071
CVE-2005-1804,0.00986,0.35784
CVE-2005-1805,0.00986,0.35784
CVE-2005-1806,0.15607,0.95873
CVE-2005-1807,0.10995,0.94626999999999994
CVE-2005-1808,0.01136,0.57949
CVE-2005-1809,0.01055,0.50287
CVE-2005-1810,0.01319,0.70416
CVE-2005-1811,0.01213,0.6557
CVE-2005-1812,0.72015,0.99186
CVE-2005-1813,0.01213,0.6557
CVE-2005-1814,0.04291,0.87022
CVE-2005-1815,0.48599,0.98508
CVE-2005-1816,0.0089,0.2856
CVE-2005-1817,0.04187,0.86773
CVE-2005-1818,0.01136,0.57949
CVE-2005-1819,0.01055,0.50287
CVE-2005-1820,0.04187,0.86773
CVE-2005-1821,0.04482,0.88223
CVE-2005-1822,0.00986,0.35784
CVE-2005-1823,0.01917,0.77071
CVE-2005-1824,0.00885,0.26162
CVE-2005-1825,0.25374,0.96854
CVE-2005-1826,0.25374,0.96854
CVE-2005-1827,0.04187,0.86773
CVE-2005-1828,0.01055,0.50287
CVE-2005-1829,0.06956,0.91856
CVE-2005-1830,0.01136,0.57949
CVE-2005-1831,0.0095,0.30554
CVE-2005-1832,0.01136,0.57949
CVE-2005-1833,0.00986,0.35784
CVE-2005-1834,0.01136,0.57949
CVE-2005-1835,0.01136,0.57949
CVE-2005-1836,0.01055,0.50287
CVE-2005-1837,0.00885,0.26162
CVE-2005-1838,0.01055,0.50287
CVE-2005-1839,0.01136,0.57949
CVE-2005-1840,0.01213,0.6557
CVE-2005-1841,0.01122,0.53391
CVE-2005-1842,0.02259,0.8058
CVE-2005-1843,0.14485,0.95632
CVE-2005-1846,0.00885,0.26162
CVE-2005-1847,0.03432,0.83945
CVE-2005-1848,0.01055,0.50287
CVE-2005-1849,0.04358,0.87435
CVE-2005-1850,0.00885,0.26162
CVE-2005-1851,0.00885,0.26162
CVE-2005-1852,0.07544,0.92484
CVE-2005-1853,0.00885,0.26162
CVE-2005-1854,0.01213,0.6557
CVE-2005-1855,0.01034,0.39824
CVE-2005-1856,0.00885,0.26162
CVE-2005-1857,0.03214,0.83353
CVE-2005-1858,0.0322,0.83442
CVE-2005-1859,0.00885,0.26162
CVE-2005-1864,0.01055,0.50287
CVE-2005-1865,0.01974,0.7812
CVE-2005-1866,0.01136,0.57949
CVE-2005-1867,0.01213,0.6557
CVE-2005-1868,0.01136,0.57949
CVE-2005-1869,0.01213,0.6557
CVE-2005-1870,0.0679,0.91793
CVE-2005-1871,0.01213,0.6557
CVE-2005-1872,0.06523,0.90962
CVE-2005-1873,0.07687,0.92751
CVE-2005-1874,0.01213,0.6557
CVE-2005-1875,0.01213,0.6557
CVE-2005-1876,0.01061,0.51015
CVE-2005-1877,0.01136,0.57949
CVE-2005-1878,0.0095,0.30554
CVE-2005-1879,0.01104,0.52279
CVE-2005-1880,0.0095,0.30554
CVE-2005-1881,0.04187,0.86773
CVE-2005-1882,0.04187,0.86773
CVE-2005-1883,0.01213,0.6557
CVE-2005-1884,0.04482,0.88223
CVE-2005-1885,0.01213,0.6557
CVE-2005-1886,0.02945,0.82784
CVE-2005-1887,0.0095,0.30554
CVE-2005-1888,0.01136,0.57949
CVE-2005-1889,0.00885,0.26162
CVE-2005-1890,0.00885,0.26162
CVE-2005-1891,0.01213,0.6557
CVE-2005-1892,0.01213,0.6557
CVE-2005-1893,0.04482,0.88223
CVE-2005-1894,0.04482,0.88223
CVE-2005-1895,0.01917,0.77071
CVE-2005-1896,0.01213,0.6557
CVE-2005-1897,0.00885,0.26162
CVE-2005-1898,0.01136,0.57949
CVE-2005-1899,0.04482,0.88223
CVE-2005-1900,0.01408,0.72072
CVE-2005-1901,0.01319,0.70416
CVE-2005-1902,0.01232,0.66248
CVE-2005-1903,0.08481,0.93609
CVE-2005-1904,0.01213,0.6557
CVE-2005-1905,0.01761,0.7555
CVE-2005-1906,0.01136,0.57949
CVE-2005-1907,0.13782,0.95593
CVE-2005-1908,0.01136,0.57949
CVE-2005-1909,0.01055,0.50287
CVE-2005-1910,0.01136,0.57949
CVE-2005-1911,0.00885,0.26162
CVE-2005-1913,0.0095,0.30554
CVE-2005-1914,0.0089,0.2856
CVE-2005-1915,0.01034,0.39824
CVE-2005-1916,0.0095,0.30554
CVE-2005-1917,0.00885,0.26162
CVE-2005-1918,0.02686,0.82061
CVE-2005-1920,0.02172,0.79917
CVE-2005-1921,0.82804,0.99554
CVE-2005-1922,0.01136,0.57949
CVE-2005-1923,0.01055,0.50287
CVE-2005-1924,0.12567,0.95329
CVE-2005-1925,0.01319,0.70416
CVE-2005-1928,0.01974,0.7812
CVE-2005-1929,0.1127,0.94787
CVE-2005-1930,0.01319,0.70416
CVE-2005-1931,0.04187,0.86773
CVE-2005-1932,0.01649,0.75017
CVE-2005-1933,0.00885,0.26162
CVE-2005-1934,0.02172,0.79917
CVE-2005-1935,0.36839,0.9779
CVE-2005-1936,0.01108,0.53389
CVE-2005-1937,0.03407,0.83908
CVE-2005-1939,0.0679,0.91793
CVE-2005-1941,0.01592,0.74578
CVE-2005-1942,0.01213,0.6557
CVE-2005-1943,0.00986,0.35784
CVE-2005-1944,0.0095,0.30554
CVE-2005-1945,0.01136,0.57949
CVE-2005-1946,0.01136,0.57949
CVE-2005-1947,0.01055,0.50287
CVE-2005-1948,0.00986,0.35784
CVE-2005-1949,0.01213,0.6557
CVE-2005-1950,0.04187,0.86773
CVE-2005-1951,0.04482,0.88223
CVE-2005-1952,0.01136,0.57949
CVE-2005-1953,0.06523,0.90962
CVE-2005-1954,0.01055,0.50287
CVE-2005-1955,0.01917,0.77071
CVE-2005-1956,0.01055,0.50287
CVE-2005-1957,0.01213,0.6557
CVE-2005-1959,0.04187,0.86773
CVE-2005-1960,0.01055,0.50287
CVE-2005-1961,0.00885,0.26162
CVE-2005-1962,0.01213,0.6557
CVE-2005-1963,0.01213,0.6557
CVE-2005-1964,0.01055,0.50287
CVE-2005-1965,0.07777,0.92953
CVE-2005-1966,0.01055,0.50287
CVE-2005-1967,0.00986,0.35784
CVE-2005-1968,0.01055,0.50287
CVE-2005-1969,0.01136,0.57949
CVE-2005-1970,0.01018,0.38792
CVE-2005-1971,0.01055,0.50287
CVE-2005-1972,0.01055,0.50287
CVE-2005-1973,0.01108,0.53389
CVE-2005-1974,0.02686,0.82061
CVE-2005-1975,0.01319,0.70416
CVE-2005-1976,0.01592,0.74578
CVE-2005-1978,0.46718,0.98435
CVE-2005-1979,0.39737,0.98024
CVE-2005-1980,0.12049,0.94965
CVE-2005-1981,0.17072,0.96002
CVE-2005-1982,0.06598,0.9099
CVE-2005-1983,0.72767,0.99215
CVE-2005-1984,0.46718,0.98435
CVE-2005-1985,0.46718,0.98435
CVE-2005-1987,0.46718,0.98435
CVE-2005-1988,0.77113,0.99379
CVE-2005-1989,0.39294,0.97941
CVE-2005-1990,0.29369,0.97207
CVE-2005-1992,0.03779,0.84781
CVE-2005-1993,0.01547,0.74085
CVE-2005-1994,0.01213,0.6557
CVE-2005-1995,0.01213,0.6557
CVE-2005-1996,0.01408,0.72072
CVE-2005-1997,0.01213,0.6557
CVE-2005-1998,0.04482,0.88223
CVE-2005-1999,0.01213,0.6557
CVE-2005-2000,0.00986,0.35784
CVE-2005-2001,0.01213,0.6557
CVE-2005-2002,0.01139,0.58345
CVE-2005-2003,0.01055,0.50287
CVE-2005-2004,0.01055,0.50287
CVE-2005-2005,0.01055,0.50287
CVE-2005-2006,0.12567,0.95329
CVE-2005-2007,0.01213,0.6557
CVE-2005-2008,0.01213,0.6557
CVE-2005-2009,0.00986,0.35784
CVE-2005-2010,0.01917,0.77071
CVE-2005-2011,0.01917,0.77071
CVE-2005-2012,0.00986,0.35784
CVE-2005-2013,0.01055,0.50287
CVE-2005-2014,0.01055,0.50287
CVE-2005-2017,0.00885,0.26162
CVE-2005-2019,0.01055,0.50287
CVE-2005-2020,0.01213,0.6557
CVE-2005-2021,0.01917,0.77071
CVE-2005-2022,0.01055,0.50287
CVE-2005-2023,0.01018,0.38792
CVE-2005-2024,0.01319,0.70416
CVE-2005-2025,0.01136,0.57949
CVE-2005-2026,0.01055,0.50287
CVE-2005-2027,0.00885,0.26162
CVE-2005-2028,0.00986,0.35784
CVE-2005-2029,0.01055,0.50287
CVE-2005-2030,0.04187,0.86773
CVE-2005-2031,0.01055,0.50287
CVE-2005-2032,0.0095,0.30554
CVE-2005-2033,0.04187,0.86773
CVE-2005-2034,0.01055,0.50287
CVE-2005-2035,0.00986,0.35784
CVE-2005-2036,0.01136,0.57949
CVE-2005-2037,0.01136,0.57949
CVE-2005-2038,0.01055,0.50287
CVE-2005-2039,0.01136,0.57949
CVE-2005-2040,0.06523,0.90962
CVE-2005-2041,0.20096,0.96253
CVE-2005-2042,0.01213,0.6557
CVE-2005-2043,0.01136,0.57949
CVE-2005-2044,0.05649,0.89807
CVE-2005-2045,0.01213,0.6557
CVE-2005-2046,0.00986,0.35784
CVE-2005-2047,0.01055,0.50287
CVE-2005-2048,0.00986,0.35784
CVE-2005-2049,0.00986,0.35784
CVE-2005-2050,0.01213,0.6557
CVE-2005-2051,0.06523,0.90962
CVE-2005-2052,0.039,0.84954
CVE-2005-2053,0.01136,0.57949
CVE-2005-2054,0.01055,0.50287
CVE-2005-2055,0.00885,0.26162
CVE-2005-2056,0.01319,0.70416
CVE-2005-2057,0.01136,0.57949
CVE-2005-2058,0.00986,0.35784
CVE-2005-2059,0.01136,0.57949
CVE-2005-2060,0.01136,0.57949
CVE-2005-2061,0.01136,0.57949
CVE-2005-2062,0.01139,0.58345
CVE-2005-2063,0.01055,0.50287
CVE-2005-2064,0.04187,0.86773
CVE-2005-2065,0.04187,0.86773
CVE-2005-2066,0.00986,0.35784
CVE-2005-2067,0.00986,0.35784
CVE-2005-2068,0.01055,0.50287
CVE-2005-2069,0.04358,0.87435
CVE-2005-2070,0.01213,0.6557
CVE-2005-2071,0.0247,0.80855
CVE-2005-2072,0.0322,0.83442
CVE-2005-2073,0.00885,0.26162
CVE-2005-2074,0.01213,0.6557
CVE-2005-2075,0.04187,0.86773
CVE-2005-2076,0.01018,0.38792
CVE-2005-2077,0.01917,0.77071
CVE-2005-2078,0.02851,0.82384
CVE-2005-2079,0.07777,0.92953
CVE-2005-2080,0.01213,0.6557
CVE-2005-2081,0.06523,0.90962
CVE-2005-2082,0.01055,0.50287
CVE-2005-2083,0.04187,0.86773
CVE-2005-2084,0.01055,0.50287
CVE-2005-2085,0.04187,0.86773
CVE-2005-2086,0.04187,0.86773
CVE-2005-2087,0.57276,0.98762
CVE-2005-2088,0.07344,0.92237
CVE-2005-2089,0.13525,0.9555
CVE-2005-2090,0.07344,0.92237
CVE-2005-2091,0.01213,0.6557
CVE-2005-2092,0.01213,0.6557
CVE-2005-2093,0.01213,0.6557
CVE-2005-2094,0.01213,0.6557
CVE-2005-2095,0.05649,0.89807
CVE-2005-2096,0.04358,0.87435
CVE-2005-2097,0.01547,0.74085
CVE-2005-2098,0.01974,0.7812
CVE-2005-2099,0.02172,0.79917
CVE-2005-2100,0.0095,0.30554
CVE-2005-2101,0.01108,0.53389
CVE-2005-2102,0.01319,0.70416
CVE-2005-2103,0.16668,0.95965
CVE-2005-2104,0.01282,0.67298
CVE-2005-2105,0.01213,0.6557
CVE-2005-2106,0.04482,0.88223
CVE-2005-2107,0.01136,0.57949
CVE-2005-2108,0.00986,0.35784
CVE-2005-2109,0.01136,0.57949
CVE-2005-2110,0.01213,0.6557
CVE-2005-2111,0.01213,0.6557
CVE-2005-2112,0.01213,0.6557
CVE-2005-2113,0.00986,0.35784
CVE-2005-2114,0.02172,0.79917
CVE-2005-2115,0.01213,0.6557
CVE-2005-2117,0.39294,0.97941
CVE-2005-2118,0.20648,0.96329
CVE-2005-2119,0.46543,0.98316
CVE-2005-2120,0.23145,0.96526
CVE-2005-2122,0.24173,0.96655
CVE-2005-2123,0.46718,0.98435
CVE-2005-2124,0.72259,0.99201
CVE-2005-2126,0.11431,0.94832
CVE-2005-2127,0.7068,0.9913
CVE-2005-2128,0.28328,0.97165
CVE-2005-2132,0.01132,0.54372
CVE-2005-2134,0.00885,0.26162
CVE-2005-2135,0.01055,0.50287
CVE-2005-2136,0.01592,0.74578
CVE-2005-2137,0.01136,0.57949
CVE-2005-2138,0.01055,0.50287
CVE-2005-2139,0.01213,0.6557
CVE-2005-2140,0.04187,0.86773
CVE-2005-2141,0.04187,0.86773
CVE-2005-2142,0.01055,0.50287
CVE-2005-2143,0.03884,0.84938
CVE-2005-2144,0.00885,0.26162
CVE-2005-2145,0.00885,0.26162
CVE-2005-2146,0.00885,0.26162
CVE-2005-2147,0.01213,0.6557
CVE-2005-2148,0.03779,0.84781
CVE-2005-2149,0.01408,0.72072
CVE-2005-2150,0.20648,0.96329
CVE-2005-2151,0.00885,0.26162
CVE-2005-2152,0.01213,0.6557
CVE-2005-2153,0.01136,0.57949
CVE-2005-2154,0.03765,0.84407
CVE-2005-2155,0.04379,0.87446
CVE-2005-2156,0.01055,0.50287
CVE-2005-2157,0.04187,0.86773
CVE-2005-2158,0.01055,0.50287
CVE-2005-2159,0.01055,0.50287
CVE-2005-2160,0.01055,0.50287
CVE-2005-2161,0.01136,0.57949
CVE-2005-2162,0.04187,0.86773
CVE-2005-2163,0.01917,0.77071
CVE-2005-2164,0.01055,0.50287
CVE-2005-2165,0.01055,0.50287
CVE-2005-2166,0.01055,0.50287
CVE-2005-2167,0.01055,0.50287
CVE-2005-2168,0.01055,0.50287
CVE-2005-2169,0.01136,0.57949
CVE-2005-2170,0.01319,0.70416
CVE-2005-2173,0.00954,0.34522
CVE-2005-2174,0.00954,0.34522
CVE-2005-2175,0.04187,0.86773
CVE-2005-2176,0.07197,0.92068
CVE-2005-2177,0.04358,0.87435
CVE-2005-2178,0.01136,0.57949
CVE-2005-2179,0.01136,0.57949
CVE-2005-2180,0.0089,0.2856
CVE-2005-2181,0.01213,0.6557
CVE-2005-2182,0.01213,0.6557
CVE-2005-2183,0.01055,0.50287
CVE-2005-2184,0.01055,0.50287
CVE-2005-2185,0.01055,0.50287
CVE-2005-2186,0.01132,0.54372
CVE-2005-2187,0.01132,0.54372
CVE-2005-2188,0.01136,0.57949
CVE-2005-2189,0.01055,0.50287
CVE-2005-2190,0.01055,0.50287
CVE-2005-2191,0.01213,0.6557
CVE-2005-2192,0.01055,0.50287
CVE-2005-2193,0.01136,0.57949
CVE-2005-2194,0.01319,0.70416
CVE-2005-2195,0.01213,0.6557
CVE-2005-2196,0.0089,0.2856
CVE-2005-2197,0.01213,0.6557
CVE-2005-2198,0.06523,0.90962
CVE-2005-2199,0.07687,0.92751
CVE-2005-2200,0.00954,0.34522
CVE-2005-2201,0.00954,0.34522
CVE-2005-2202,0.01136,0.57949
CVE-2005-2203,0.01055,0.50287
CVE-2005-2204,0.01408,0.72072
CVE-2005-2205,0.01213,0.6557
CVE-2005-2206,0.01055,0.50287
CVE-2005-2207,0.01055,0.50287
CVE-2005-2208,0.04187,0.86773
CVE-2005-2209,0.00885,0.26162
CVE-2005-2210,0.05532,0.89536
CVE-2005-2211,0.00885,0.26162
CVE-2005-2212,0.00885,0.26162
CVE-2005-2213,0.04679,0.88603
CVE-2005-2214,0.0089,0.2856
CVE-2005-2215,0.01213,0.6557
CVE-2005-2216,0.03696,0.84331
CVE-2005-2217,0.01055,0.50287
CVE-2005-2218,0.01034,0.39824
CVE-2005-2219,0.02851,0.82384
CVE-2005-2220,0.01136,0.57949
CVE-2005-2221,0.01055,0.50287
CVE-2005-2222,0.00885,0.26162
CVE-2005-2223,0.01136,0.57949
CVE-2005-2224,0.11676,0.94929
CVE-2005-2225,0.11676,0.94929
CVE-2005-2226,0.09772,0.94058
CVE-2005-2227,0.0089,0.2856
CVE-2005-2228,0.01055,0.50287
CVE-2005-2229,0.04187,0.86773
CVE-2005-2230,0.0089,0.2856
CVE-2005-2231,0.00885,0.26162
CVE-2005-2232,0.01872,0.76301
CVE-2005-2233,0.01592,0.74578
CVE-2005-2234,0.01592,0.74578
CVE-2005-2235,0.01592,0.74578
CVE-2005-2236,0.01592,0.74578
CVE-2005-2237,0.01592,0.74578
CVE-2005-2238,0.01055,0.50287
CVE-2005-2239,0.04187,0.86773
CVE-2005-2240,0.0095,0.30554
CVE-2005-2241,0.01055,0.50287
CVE-2005-2242,0.04187,0.86773
CVE-2005-2243,0.01055,0.50287
CVE-2005-2244,0.06523,0.90962
CVE-2005-2245,0.01018,0.38792
CVE-2005-2246,0.15607,0.95873
CVE-2005-2247,0.00885,0.26162
CVE-2005-2248,0.01055,0.50287
CVE-2005-2249,0.00885,0.26162
CVE-2005-2250,0.07687,0.92751
CVE-2005-2251,0.07687,0.92751
CVE-2005-2252,0.01055,0.50287
CVE-2005-2253,0.01055,0.50287
CVE-2005-2254,0.01055,0.50287
CVE-2005-2255,0.01055,0.50287
CVE-2005-2256,0.07197,0.92068
CVE-2005-2257,0.01136,0.57949
CVE-2005-2258,0.06523,0.90962
CVE-2005-2259,0.06523,0.90962
CVE-2005-2260,0.04358,0.87435
CVE-2005-2261,0.04358,0.87435
CVE-2005-2262,0.39729,0.98024
CVE-2005-2263,0.03779,0.84781
CVE-2005-2264,0.02172,0.79917
CVE-2005-2265,0.77092,0.99377
CVE-2005-2266,0.04358,0.87435
CVE-2005-2267,0.12248,0.95092
CVE-2005-2268,0.03407,0.83908
CVE-2005-2269,0.12248,0.95092
CVE-2005-2270,0.12248,0.95092
CVE-2005-2271,0.01055,0.50287
CVE-2005-2272,0.01955,0.77585
CVE-2005-2273,0.01136,0.57949
CVE-2005-2274,0.13105,0.9547
CVE-2005-2276,0.03129,0.8316
CVE-2005-2277,0.0679,0.91793
CVE-2005-2278,0.76276,0.99338
CVE-2005-2279,0.01213,0.6557
CVE-2005-2280,0.01055,0.50287
CVE-2005-2281,0.00885,0.26162
CVE-2005-2282,0.01055,0.50287
CVE-2005-2283,0.01055,0.50287
CVE-2005-2284,0.01055,0.50287
CVE-2005-2285,0.01055,0.50287
CVE-2005-2286,0.01055,0.50287
CVE-2005-2287,0.63428,0.98927
CVE-2005-2288,0.01213,0.6557
CVE-2005-2289,0.01136,0.57949
CVE-2005-2290,0.01213,0.6557
CVE-2005-2291,0.00885,0.26162
CVE-2005-2292,0.0095,0.30554
CVE-2005-2293,0.0095,0.30554
CVE-2005-2294,0.0095,0.30554
CVE-2005-2295,0.0679,0.91793
CVE-2005-2296,0.01055,0.50287
CVE-2005-2297,0.81802,0.99524
CVE-2005-2298,0.01055,0.50287
CVE-2005-2299,0.01319,0.70416
CVE-2005-2300,0.0089,0.2856
CVE-2005-2301,0.01213,0.6557
CVE-2005-2302,0.0095,0.30554
CVE-2005-2304,0.09772,0.94058
CVE-2005-2305,0.06211,0.90307
CVE-2005-2306,0.0089,0.2856
CVE-2005-2307,0.02369,0.80691
CVE-2005-2308,0.36803,0.97787
CVE-2005-2309,0.01136,0.57949
CVE-2005-2310,0.11409,0.94831
CVE-2005-2311,0.00885,0.26162
CVE-2005-2312,0.01136,0.57949
CVE-2005-2313,0.00885,0.26162
CVE-2005-2314,0.01319,0.70416
CVE-2005-2315,0.06523,0.90962
CVE-2005-2316,0.01213,0.6557
CVE-2005-2317,0.01974,0.7812
CVE-2005-2318,0.01917,0.77071
CVE-2005-2319,0.01213,0.6557
CVE-2005-2320,0.01055,0.50287
CVE-2005-2321,0.06523,0.90962
CVE-2005-2322,0.01319,0.70416
CVE-2005-2323,0.01139,0.58345
CVE-2005-2324,0.01917,0.77071
CVE-2005-2325,0.01055,0.50287
CVE-2005-2326,0.01917,0.77071
CVE-2005-2327,0.01917,0.77071
CVE-2005-2328,0.01136,0.57949
CVE-2005-2329,0.01061,0.51015
CVE-2005-2330,0.10995,0.94626999999999994
CVE-2005-2331,0.01213,0.6557
CVE-2005-2332,0.01213,0.6557
CVE-2005-2333,0.01213,0.6557
CVE-2005-2334,0.01055,0.50287
CVE-2005-2335,0.04229,0.86856
CVE-2005-2336,0.01213,0.6557
CVE-2005-2337,0.02686,0.82061
CVE-2005-2338,0.01319,0.70416
CVE-2005-2339,0.01055,0.50287
CVE-2005-2340,0.5546,0.98731
CVE-2005-2341,0.01213,0.6557
CVE-2005-2342,0.01319,0.70416
CVE-2005-2343,0.01213,0.6557
CVE-2005-2344,0.01108,0.53389
CVE-2005-2346,0.08754,0.93656
CVE-2005-2349,0.00885,0.26162
CVE-2005-2350,0.01055,0.50287
CVE-2005-2351,0.00885,0.26162
CVE-2005-2352,0.00885,0.26162
CVE-2005-2353,0.01104,0.52279
CVE-2005-2354,0.00954,0.34522
CVE-2005-2357,0.04482,0.88223
CVE-2005-2358,0.01213,0.6557
CVE-2005-2359,0.01213,0.6557
CVE-2005-2360,0.02172,0.79917
CVE-2005-2361,0.02172,0.79917
CVE-2005-2362,0.01408,0.72072
CVE-2005-2363,0.02172,0.79917
CVE-2005-2364,0.02172,0.79917
CVE-2005-2365,0.02172,0.79917
CVE-2005-2366,0.02172,0.79917
CVE-2005-2367,0.12567,0.95329
CVE-2005-2368,0.01018,0.38792
CVE-2005-2369,0.04291,0.87022
CVE-2005-2370,0.01974,0.7812
CVE-2005-2371,0.02172,0.79917
CVE-2005-2372,0.13479,0.95497
CVE-2005-2373,0.73642,0.99245
CVE-2005-2374,0.01136,0.57949
CVE-2005-2375,0.01055,0.50287
CVE-2005-2376,0.01055,0.50287
CVE-2005-2377,0.01136,0.57949
CVE-2005-2378,0.02172,0.79917
CVE-2005-2379,0.01055,0.50287
CVE-2005-2380,0.01055,0.50287
CVE-2005-2381,0.01055,0.50287
CVE-2005-2382,0.0095,0.30554
CVE-2005-2383,0.00986,0.35784
CVE-2005-2384,0.01213,0.6557
CVE-2005-2385,0.06523,0.90962
CVE-2005-2386,0.01917,0.77071
CVE-2005-2387,0.04679,0.88603
CVE-2005-2388,0.03934,0.85193
CVE-2005-2389,0.00885,0.26162
CVE-2005-2390,0.01108,0.53389
CVE-2005-2391,0.01055,0.50287
CVE-2005-2392,0.01408,0.72072
CVE-2005-2393,0.01055,0.50287
CVE-2005-2394,0.01055,0.50287
CVE-2005-2395,0.01108,0.53389
CVE-2005-2396,0.01319,0.70416
CVE-2005-2397,0.01917,0.77071
CVE-2005-2398,0.03779,0.84781
CVE-2005-2399,0.01213,0.6557
CVE-2005-2400,0.01319,0.70416
CVE-2005-2401,0.01136,0.57949
CVE-2005-2402,0.01213,0.6557
CVE-2005-2403,0.01213,0.6557
CVE-2005-2404,0.01213,0.6557
CVE-2005-2405,0.01319,0.70416
CVE-2005-2406,0.01213,0.6557
CVE-2005-2407,0.03214,0.83353
CVE-2005-2409,0.15607,0.95873
CVE-2005-2410,0.06523,0.90962
CVE-2005-2411,0.01319,0.70416
CVE-2005-2412,0.01213,0.6557
CVE-2005-2413,0.01319,0.70416
CVE-2005-2414,0.04482,0.88223
CVE-2005-2415,0.01408,0.72072
CVE-2005-2416,0.01776,0.75902
CVE-2005-2417,0.01319,0.70416
CVE-2005-2419,0.01213,0.6557
CVE-2005-2420,0.0679,0.91793
CVE-2005-2421,0.01213,0.6557
CVE-2005-2422,0.01136,0.57949
CVE-2005-2423,0.01136,0.57949
CVE-2005-2424,0.01319,0.70416
CVE-2005-2425,0.06523,0.90962
CVE-2005-2426,0.03055,0.82938
CVE-2005-2427,0.01213,0.6557
CVE-2005-2429,0.01213,0.6557
CVE-2005-2430,0.01955,0.77585
CVE-2005-2431,0.01055,0.50287
CVE-2005-2432,0.01139,0.58345
CVE-2005-2433,0.03779,0.84781
CVE-2005-2434,0.01213,0.6557
CVE-2005-2435,0.01213,0.6557
CVE-2005-2436,0.01213,0.6557
CVE-2005-2437,0.01213,0.6557
CVE-2005-2438,0.01213,0.6557
CVE-2005-2439,0.01213,0.6557
CVE-2005-2440,0.01213,0.6557
CVE-2005-2441,0.03129,0.8316
CVE-2005-2442,0.01319,0.70416
CVE-2005-2443,0.01136,0.57949
CVE-2005-2444,0.0089,0.2856
CVE-2005-2445,0.01408,0.72072
CVE-2005-2448,0.01974,0.7812
CVE-2005-2449,0.01034,0.39824
CVE-2005-2450,0.03779,0.84781
CVE-2005-2451,0.07544,0.92484
CVE-2005-2452,0.01408,0.72072
CVE-2005-2453,0.02945,0.82784
CVE-2005-2454,0.01282,0.67298
CVE-2005-2455,0.12567,0.95329
CVE-2005-2456,0.02172,0.79379
CVE-2005-2457,0.03779,0.84781
CVE-2005-2458,0.04358,0.87435
CVE-2005-2459,0.03779,0.84781
CVE-2005-2460,0.02945,0.82784
CVE-2005-2461,0.00986,0.35784
CVE-2005-2462,0.01132,0.54372
CVE-2005-2463,0.01213,0.6557
CVE-2005-2464,0.01055,0.50287
CVE-2005-2465,0.01136,0.57949
CVE-2005-2466,0.01139,0.58345
CVE-2005-2467,0.04894,0.88891
CVE-2005-2468,0.04386,0.87542
CVE-2005-2469,0.02172,0.79379
CVE-2005-2470,0.0443,0.87699
CVE-2005-2471,0.02686,0.82061
CVE-2005-2472,0.07197,0.92068
CVE-2005-2473,0.04358,0.87435
CVE-2005-2474,0.03779,0.84781
CVE-2005-2475,0.01547,0.74085
CVE-2005-2476,0.01917,0.77071
CVE-2005-2477,0.01213,0.6557
CVE-2005-2478,0.01319,0.70416
CVE-2005-2479,0.0679,0.91793
CVE-2005-2480,0.01917,0.77071
CVE-2005-2481,0.01055,0.50287
CVE-2005-2482,0.01018,0.38792
CVE-2005-2483,0.0679,0.91793
CVE-2005-2484,0.03214,0.83353
CVE-2005-2485,0.01213,0.6557
CVE-2005-2486,0.00986,0.35784
CVE-2005-2487,0.0095,0.30554
CVE-2005-2488,0.01917,0.77071
CVE-2005-2489,0.01319,0.70416
CVE-2005-2490,0.02172,0.79379
CVE-2005-2491,0.0563,0.89604
CVE-2005-2492,0.01547,0.74085
CVE-2005-2494,0.01547,0.74085
CVE-2005-2495,0.04421,0.87629
CVE-2005-2496,0.01282,0.67298
CVE-2005-2498,0.04358,0.87435
CVE-2005-2499,0.01104,0.52279
CVE-2005-2500,0.05139,0.89128
CVE-2005-2501,0.01667,0.75032
CVE-2005-2502,0.01667,0.75032
CVE-2005-2503,0.00954,0.34522
CVE-2005-2504,0.00885,0.26162
CVE-2005-2505,0.02479,0.80861
CVE-2005-2506,0.00954,0.34522
CVE-2005-2507,0.05106,0.89045
CVE-2005-2508,0.01761,0.7555
CVE-2005-2509,0.0089,0.2856
CVE-2005-2510,0.0089,0.2856
CVE-2005-2511,0.00885,0.26162
CVE-2005-2512,0.00885,0.26162
CVE-2005-2513,0.00954,0.34522
CVE-2005-2514,0.01667,0.75032
CVE-2005-2515,0.0089,0.2856
CVE-2005-2516,0.01213,0.6557
CVE-2005-2517,0.00885,0.26162
CVE-2005-2518,0.05106,0.89045
CVE-2005-2519,0.00885,0.26162
CVE-2005-2520,0.0089,0.2856
CVE-2005-2521,0.01667,0.75032
CVE-2005-2522,0.04935,0.88902
CVE-2005-2523,0.01917,0.77071
CVE-2005-2524,0.01213,0.6557
CVE-2005-2525,0.01136,0.57949
CVE-2005-2526,0.01136,0.57949
CVE-2005-2527,0.01034,0.39824
CVE-2005-2529,0.01108,0.53389
CVE-2005-2530,0.01108,0.53389
CVE-2005-2531,0.01319,0.70416
CVE-2005-2532,0.01319,0.70416
CVE-2005-2533,0.01132,0.54372
CVE-2005-2534,0.01319,0.70416
CVE-2005-2535,0.77392,0.99387
CVE-2005-2536,0.01319,0.70416
CVE-2005-2537,0.01213,0.6557
CVE-2005-2538,0.01213,0.6557
CVE-2005-2539,0.04894,0.88891
CVE-2005-2540,0.01319,0.70416
CVE-2005-2541,0.01055,0.50287
CVE-2005-2542,0.04187,0.86773
CVE-2005-2543,0.04187,0.86773
CVE-2005-2544,0.01213,0.6557
CVE-2005-2545,0.01955,0.77585
CVE-2005-2546,0.01055,0.50287
CVE-2005-2547,0.01408,0.72072
CVE-2005-2548,0.01408,0.72072
CVE-2005-2549,0.07544,0.92484
CVE-2005-2550,0.07544,0.92484
CVE-2005-2551,0.69712,0.99089
CVE-2005-2552,0.01018,0.38792
CVE-2005-2553,0.01547,0.74085
CVE-2005-2554,0.01104,0.52279
CVE-2005-2555,0.01547,0.74085
CVE-2005-2556,0.01213,0.6557
CVE-2005-2557,0.02945,0.82784
CVE-2005-2558,0.09085,0.93856
CVE-2005-2559,0.04679,0.88603
CVE-2005-2560,0.01917,0.77071
CVE-2005-2561,0.01213,0.6557
CVE-2005-2562,0.00986,0.35784
CVE-2005-2563,0.01136,0.57949
CVE-2005-2564,0.04187,0.86773
CVE-2005-2565,0.01055,0.50287
CVE-2005-2566,0.01055,0.50287
CVE-2005-2567,0.01136,0.57949
CVE-2005-2568,0.01136,0.57949
CVE-2005-2569,0.01917,0.77071
CVE-2005-2570,0.01055,0.50287
CVE-2005-2571,0.00954,0.34522
CVE-2005-2572,0.05029,0.8901
CVE-2005-2573,0.01108,0.53389
CVE-2005-2574,0.01136,0.57949
CVE-2005-2575,0.01136,0.57949
CVE-2005-2576,0.01055,0.50287
CVE-2005-2577,0.04187,0.86773
CVE-2005-2579,0.00885,0.26162
CVE-2005-2580,0.00986,0.35784
CVE-2005-2581,0.04187,0.86773
CVE-2005-2582,0.00885,0.26162
CVE-2005-2583,0.00885,0.26162
CVE-2005-2584,0.00885,0.26162
CVE-2005-2585,0.01055,0.50287
CVE-2005-2586,0.0089,0.2856
CVE-2005-2587,0.00986,0.35784
CVE-2005-2588,0.01917,0.77071
CVE-2005-2589,0.01018,0.38792
CVE-2005-2590,0.01213,0.6557
CVE-2005-2591,0.01213,0.6557
CVE-2005-2592,0.01213,0.6557
CVE-2005-2593,0.01018,0.38792
CVE-2005-2594,0.04187,0.86773
CVE-2005-2595,0.01136,0.57949
CVE-2005-2596,0.0095,0.30554
CVE-2005-2597,0.01592,0.74578
CVE-2005-2598,0.01136,0.57949
CVE-2005-2599,0.01018,0.38792
CVE-2005-2600,0.01319,0.70416
CVE-2005-2601,0.01136,0.57949
CVE-2005-2602,0.01136,0.57949
CVE-2005-2603,0.02945,0.82784
CVE-2005-2604,0.01319,0.70416
CVE-2005-2605,0.00954,0.34522
CVE-2005-2606,0.01018,0.38792
CVE-2005-2607,0.01213,0.6557
CVE-2005-2608,0.01055,0.50287
CVE-2005-2609,0.01136,0.57949
CVE-2005-2610,0.01213,0.6557
CVE-2005-2611,0.84831,0.9963
CVE-2005-2612,0.7179,0.99162
CVE-2005-2613,0.01018,0.38792
CVE-2005-2614,0.01213,0.6557
CVE-2005-2615,0.00954,0.34522
CVE-2005-2616,0.15607,0.95873
CVE-2005-2617,0.00885,0.26162
CVE-2005-2618,0.09915,0.94265
CVE-2005-2619,0.02172,0.79917
CVE-2005-2620,0.01537,0.73595
CVE-2005-2621,0.01136,0.57949
CVE-2005-2622,0.01136,0.57949
CVE-2005-2623,0.01136,0.57949
CVE-2005-2624,0.01055,0.50287
CVE-2005-2625,0.01055,0.50287
CVE-2005-2626,0.02172,0.79917
CVE-2005-2627,0.1127,0.94787
CVE-2005-2628,0.09915,0.94265
CVE-2005-2629,0.28823,0.97188
CVE-2005-2630,0.09915,0.94265
CVE-2005-2631,0.01213,0.6557
CVE-2005-2632,0.01213,0.6557
CVE-2005-2633,0.04187,0.86773
CVE-2005-2634,0.05139,0.89128
CVE-2005-2635,0.01213,0.6557
CVE-2005-2636,0.01213,0.6557
CVE-2005-2637,0.00986,0.35784
CVE-2005-2638,0.01917,0.77071
CVE-2005-2639,0.12822,0.95405
CVE-2005-2640,0.04482,0.88223
CVE-2005-2641,0.01537,0.73595
CVE-2005-2642,0.08263,0.93269
CVE-2005-2643,0.01018,0.38792
CVE-2005-2644,0.05282,0.89305
CVE-2005-2645,0.01213,0.6557
CVE-2005-2646,0.01213,0.6557
CVE-2005-2647,0.01213,0.6557
CVE-2005-2648,0.0679,0.91793
CVE-2005-2649,0.01917,0.77071
CVE-2005-2650,0.01213,0.6557
CVE-2005-2651,0.15607,0.95873
CVE-2005-2652,0.01213,0.6557
CVE-2005-2653,0.01319,0.70416
CVE-2005-2654,0.01136,0.57949
CVE-2005-2655,0.00885,0.26162
CVE-2005-2656,0.00885,0.26162
CVE-2005-2657,0.0095,0.30554
CVE-2005-2658,0.0292,0.82516
CVE-2005-2659,0.01108,0.53389
CVE-2005-2660,0.01034,0.39824
CVE-2005-2661,0.24062,0.96648
CVE-2005-2662,0.01408,0.72072
CVE-2005-2663,0.01104,0.52279
CVE-2005-2664,0.0095,0.30554
CVE-2005-2665,0.42881,0.98198
CVE-2005-2666,0.01034,0.39824
CVE-2005-2667,0.01108,0.53389
CVE-2005-2668,0.83495,0.99581
CVE-2005-2669,0.01319,0.70416
CVE-2005-2670,0.01213,0.6557
CVE-2005-2672,0.01547,0.74085
CVE-2005-2673,0.00986,0.35784
CVE-2005-2674,0.01917,0.77071
CVE-2005-2675,0.00986,0.35784
CVE-2005-2676,0.01213,0.6557
CVE-2005-2677,0.01055,0.50287
CVE-2005-2678,0.13525,0.9555
CVE-2005-2679,0.01818,0.76133
CVE-2005-2680,0.01055,0.50287
CVE-2005-2681,0.0095,0.30554
CVE-2005-2682,0.01136,0.57949
CVE-2005-2683,0.00986,0.35784
CVE-2005-2684,0.01055,0.50287
CVE-2005-2685,0.01055,0.50287
CVE-2005-2686,0.01055,0.50287
CVE-2005-2687,0.01136,0.57949
CVE-2005-2688,0.01055,0.50287
CVE-2005-2689,0.01917,0.77071
CVE-2005-2690,0.00986,0.35784
CVE-2005-2691,0.04679,0.88603
CVE-2005-2692,0.01055,0.50287
CVE-2005-2693,0.02172,0.79379
CVE-2005-2694,0.05532,0.89536
CVE-2005-2695,0.01213,0.6557
CVE-2005-2696,0.01055,0.50287
CVE-2005-2697,0.00986,0.35784
CVE-2005-2698,0.01055,0.50287
CVE-2005-2699,0.01055,0.50287
CVE-2005-2700,0.07344,0.92237
CVE-2005-2701,0.12248,0.95092
CVE-2005-2702,0.08228,0.93218
CVE-2005-2703,0.04358,0.87435
CVE-2005-2704,0.04358,0.87435
CVE-2005-2705,0.12248,0.95092
CVE-2005-2706,0.04358,0.87435
CVE-2005-2707,0.04358,0.87435
CVE-2005-2708,0.01282,0.67298
CVE-2005-2709,0.06815,0.91795
CVE-2005-2710,0.33191,0.97551
CVE-2005-2711,0.01104,0.52279
CVE-2005-2712,0.01319,0.70416
CVE-2005-2713,0.0322,0.83442
CVE-2005-2714,0.01282,0.67298
CVE-2005-2715,0.40588,0.98099
CVE-2005-2716,0.01408,0.72072
CVE-2005-2717,0.01408,0.72072
CVE-2005-2718,0.06523,0.90962
CVE-2005-2719,0.0679,0.91793
CVE-2005-2720,0.06523,0.90962
CVE-2005-2721,0.01917,0.77071
CVE-2005-2722,0.01055,0.50287
CVE-2005-2723,0.01213,0.6557
CVE-2005-2724,0.01776,0.75902
CVE-2005-2725,0.01761,0.7555
CVE-2005-2726,0.01213,0.6557
CVE-2005-2727,0.01213,0.6557
CVE-2005-2728,0.07344,0.92237
CVE-2005-2729,0.04187,0.86773
CVE-2005-2730,0.01055,0.50287
CVE-2005-2731,0.01055,0.50287
CVE-2005-2732,0.01055,0.50287
CVE-2005-2733,0.79698,0.99475
CVE-2005-2734,0.01776,0.75902
CVE-2005-2735,0.01319,0.70416
CVE-2005-2736,0.01319,0.70416
CVE-2005-2737,0.01319,0.70416
CVE-2005-2738,0.01183,0.60428
CVE-2005-2739,0.01108,0.53389
CVE-2005-2741,0.0095,0.30554
CVE-2005-2742,0.01018,0.38792
CVE-2005-2743,0.05106,0.89045
CVE-2005-2744,0.0628,0.90355
CVE-2005-2745,0.01213,0.6557
CVE-2005-2746,0.01018,0.38792
CVE-2005-2747,0.06494,0.90631
CVE-2005-2748,0.0095,0.30554
CVE-2005-2749,0.01034,0.39824
CVE-2005-2750,0.01034,0.39824
CVE-2005-2751,0.01034,0.39824
CVE-2005-2752,0.01034,0.39824
CVE-2005-2753,0.0196,0.77594
CVE-2005-2754,0.0196,0.77594
CVE-2005-2755,0.01537,0.73595
CVE-2005-2756,0.03009,0.82821
CVE-2005-2757,0.06105,0.90164
CVE-2005-2758,0.1127,0.94787
CVE-2005-2761,0.01018,0.38792
CVE-2005-2762,0.00885,0.26162
CVE-2005-2763,0.04291,0.87022
CVE-2005-2764,0.02791,0.82239
CVE-2005-2765,0.01345,0.70563
CVE-2005-2766,0.00885,0.26162
CVE-2005-2767,0.15607,0.95873
CVE-2005-2768,0.07777,0.92953
CVE-2005-2769,0.03129,0.8316
CVE-2005-2770,0.01213,0.6557
CVE-2005-2771,0.01213,0.6557
CVE-2005-2772,0.09006,0.9374
CVE-2005-2773,0.78603,0.99431
CVE-2005-2774,0.04291,0.87022
CVE-2005-2775,0.04187,0.86773
CVE-2005-2776,0.01319,0.70416
CVE-2005-2777,0.0679,0.91793
CVE-2005-2778,0.01055,0.50287
CVE-2005-2779,0.01055,0.50287
CVE-2005-2780,0.01055,0.50287
CVE-2005-2781,0.01408,0.72072
CVE-2005-2782,0.04187,0.86773
CVE-2005-2783,0.01917,0.77071
CVE-2005-2784,0.01213,0.6557
CVE-2005-2785,0.0089,0.2856
CVE-2005-2786,0.00885,0.26162
CVE-2005-2787,0.01213,0.6557
CVE-2005-2788,0.00986,0.35784
CVE-2005-2789,0.01213,0.6557
CVE-2005-2790,0.01213,0.6557
CVE-2005-2791,0.04482,0.88223
CVE-2005-2792,0.04482,0.88223
CVE-2005-2793,0.01213,0.6557
CVE-2005-2794,0.02172,0.79917
CVE-2005-2796,0.03779,0.84781
CVE-2005-2797,0.01537,0.73595
CVE-2005-2798,0.02686,0.82061
CVE-2005-2799,0.58596,0.9881
CVE-2005-2800,0.0322,0.83442
CVE-2005-2801,0.02686,0.82061
CVE-2005-2803,0.01213,0.6557
CVE-2005-2804,0.12567,0.95329
CVE-2005-2805,0.01136,0.57949
CVE-2005-2806,0.01213,0.6557
CVE-2005-2807,0.01761,0.7555
CVE-2005-2808,0.01018,0.38792
CVE-2005-2809,0.0095,0.30554
CVE-2005-2810,0.0095,0.30554
CVE-2005-2811,0.00885,0.26162
CVE-2005-2812,0.04187,0.86773
CVE-2005-2813,0.0679,0.91793
CVE-2005-2814,0.01917,0.77071
CVE-2005-2815,0.01136,0.57949
CVE-2005-2816,0.01055,0.50287
CVE-2005-2817,0.01213,0.6557
CVE-2005-2818,0.01213,0.6557
CVE-2005-2819,0.01213,0.6557
CVE-2005-2820,0.01408,0.72072
CVE-2005-2827,0.04097,0.85331
CVE-2005-2829,0.27138,0.97037
CVE-2005-2830,0.24173,0.96655
CVE-2005-2831,0.29369,0.97207
CVE-2005-2836,0.01136,0.57949
CVE-2005-2837,0.01055,0.50287
CVE-2005-2838,0.01319,0.70416
CVE-2005-2839,0.01055,0.50287
CVE-2005-2840,0.00885,0.26162
CVE-2005-2841,0.09768,0.9401
CVE-2005-2842,0.20096,0.96253
CVE-2005-2843,0.01213,0.6557
CVE-2005-2844,0.06211,0.90307
CVE-2005-2845,0.01136,0.57949
CVE-2005-2846,0.04187,0.86773
CVE-2005-2847,0.73206,0.99228
CVE-2005-2848,0.01319,0.70416
CVE-2005-2849,0.01213,0.6557
CVE-2005-2850,0.04187,0.86773
CVE-2005-2851,0.01034,0.39824
CVE-2005-2852,0.64306,0.98961
CVE-2005-2853,0.01213,0.6557
CVE-2005-2854,0.01055,0.50287
CVE-2005-2855,0.02945,0.82784
CVE-2005-2856,0.27992,0.97142
CVE-2005-2857,0.04187,0.86773
CVE-2005-2858,0.01055,0.50287
CVE-2005-2859,0.00885,0.26162
CVE-2005-2860,0.01213,0.6557
CVE-2005-2861,0.01136,0.57949
CVE-2005-2862,0.01055,0.50287
CVE-2005-2863,0.01136,0.57949
CVE-2005-2864,0.00885,0.26162
CVE-2005-2865,0.01055,0.50287
CVE-2005-2866,0.01761,0.7555
CVE-2005-2867,0.01055,0.50287
CVE-2005-2868,0.01761,0.7555
CVE-2005-2869,0.04894,0.88891
CVE-2005-2870,0.03696,0.84331
CVE-2005-2871,0.49148,0.98529
CVE-2005-2872,0.03779,0.84781
CVE-2005-2873,0.01104,0.52279
CVE-2005-2874,0.01319,0.70416
CVE-2005-2875,0.01408,0.72072
CVE-2005-2876,0.01547,0.74085
CVE-2005-2877,0.79698,0.99475
CVE-2005-2878,0.40588,0.98099
CVE-2005-2879,0.00885,0.26162
CVE-2005-2880,0.01213,0.6557
CVE-2005-2881,0.01136,0.57949
CVE-2005-2882,0.01213,0.6557
CVE-2005-2884,0.01213,0.6557
CVE-2005-2885,0.04187,0.86773
CVE-2005-2886,0.01213,0.6557
CVE-2005-2887,0.01213,0.6557
CVE-2005-2888,0.01136,0.57949
CVE-2005-2889,0.01055,0.50287
CVE-2005-2890,0.0095,0.30554
CVE-2005-2891,0.01319,0.70416
CVE-2005-2892,0.04482,0.88223
CVE-2005-2893,0.01213,0.6557
CVE-2005-2894,0.01136,0.57949
CVE-2005-2895,0.01136,0.57949
CVE-2005-2896,0.00986,0.35784
CVE-2005-2897,0.01055,0.50287
CVE-2005-2898,0.01761,0.7555
CVE-2005-2899,0.01055,0.50287
CVE-2005-2900,0.01055,0.50287
CVE-2005-2901,0.01055,0.50287
CVE-2005-2902,0.01213,0.6557
CVE-2005-2903,0.06523,0.90962
CVE-2005-2904,0.04187,0.86773
CVE-2005-2912,0.01055,0.50287
CVE-2005-2914,0.01055,0.50287
CVE-2005-2915,0.00885,0.26162
CVE-2005-2916,0.01055,0.50287
CVE-2005-2917,0.02686,0.82061
CVE-2005-2918,0.01537,0.73595
CVE-2005-2919,0.02172,0.79917
CVE-2005-2920,0.1127,0.94787
CVE-2005-2922,0.02646,0.81377
CVE-2005-2923,0.01132,0.54372
CVE-2005-2925,0.02046,0.7858
CVE-2005-2926,0.01872,0.76301
CVE-2005-2927,0.01755,0.75287
CVE-2005-2929,0.04358,0.87435
CVE-2005-2930,0.03214,0.83353
CVE-2005-2931,0.07777,0.92953
CVE-2005-2932,0.01104,0.52279
CVE-2005-2933,0.12248,0.95092
CVE-2005-2934,0.01924,0.77129
CVE-2005-2935,0.02283,0.80599
CVE-2005-2936,0.01034,0.39824
CVE-2005-2938,0.0095,0.30554
CVE-2005-2939,0.0089,0.2856
CVE-2005-2940,0.02628,0.81261
CVE-2005-2943,0.40588,0.98099
CVE-2005-2944,0.0095,0.30554
CVE-2005-2945,0.01034,0.39824
CVE-2005-2946,0.01136,0.57949
CVE-2005-2947,0.0292,0.82516
CVE-2005-2948,0.00885,0.26162
CVE-2005-2949,0.01213,0.6557
CVE-2005-2950,0.01319,0.70416
CVE-2005-2951,0.0679,0.91793
CVE-2005-2952,0.0679,0.91793
CVE-2005-2953,0.01917,0.77071
CVE-2005-2954,0.028,0.82308
CVE-2005-2955,0.02172,0.79279
CVE-2005-2956,0.04187,0.86773
CVE-2005-2957,0.06523,0.90962
CVE-2005-2958,0.04421,0.87629
CVE-2005-2959,0.01547,0.74085
CVE-2005-2960,0.01547,0.74085
CVE-2005-2961,0.042659999999999997,0.86883
CVE-2005-2962,0.0089,0.2856
CVE-2005-2963,0.01974,0.7812
CVE-2005-2964,0.04421,0.87629
CVE-2005-2966,0.02686,0.82061
CVE-2005-2967,0.24062,0.96648
CVE-2005-2968,0.12567,0.95329
CVE-2005-2969,0.15261,0.95711
CVE-2005-2970,0.07344,0.92237
CVE-2005-2971,0.12248,0.95092
CVE-2005-2972,0.04421,0.87629
CVE-2005-2973,0.04005,0.85278
CVE-2005-2974,0.02686,0.82061
CVE-2005-2975,0.02686,0.82061
CVE-2005-2976,0.04229,0.86856
CVE-2005-2977,0.01282,0.67298
CVE-2005-2978,0.04421,0.87629
CVE-2005-2979,0.00986,0.35784
CVE-2005-2980,0.01917,0.77071
CVE-2005-2981,0.01055,0.50287
CVE-2005-2982,0.01055,0.50287
CVE-2005-2983,0.01136,0.57949
CVE-2005-2984,0.01132,0.54372
CVE-2005-2985,0.00986,0.35784
CVE-2005-2986,0.01213,0.6557
CVE-2005-2987,0.01974,0.7812
CVE-2005-2988,0.01055,0.50287
CVE-2005-2989,0.00986,0.35784
CVE-2005-2990,0.0095,0.30554
CVE-2005-2991,0.0095,0.30554
CVE-2005-2992,0.01034,0.39824
CVE-2005-2993,0.02186,0.8012
CVE-2005-2994,0.01055,0.50287
CVE-2005-2995,0.0095,0.30554
CVE-2005-2996,0.06523,0.90962
CVE-2005-2997,0.01055,0.50287
CVE-2005-2998,0.01055,0.50287
CVE-2005-2999,0.01055,0.50287
CVE-2005-3000,0.01055,0.50287
CVE-2005-3001,0.0089,0.2856
CVE-2005-3002,0.04187,0.86773
CVE-2005-3003,0.01055,0.50287
CVE-2005-3004,0.00986,0.35784
CVE-2005-3005,0.04482,0.88223
CVE-2005-3006,0.02172,0.79917
CVE-2005-3007,0.01955,0.77585
CVE-2005-3008,0.01213,0.6557
CVE-2005-3009,0.01136,0.57949
CVE-2005-3010,0.04187,0.86773
CVE-2005-3011,0.01547,0.74085
CVE-2005-3012,0.0089,0.2856
CVE-2005-3013,0.01592,0.74578
CVE-2005-3014,0.01136,0.57949
CVE-2005-3015,0.01213,0.6557
CVE-2005-3016,0.00885,0.26162
CVE-2005-3017,0.01055,0.50287
CVE-2005-3018,0.04482,0.88223
CVE-2005-3019,0.00986,0.35784
CVE-2005-3020,0.01917,0.77071
CVE-2005-3021,0.01132,0.54372
CVE-2005-3022,0.01055,0.50287
CVE-2005-3023,0.01055,0.50287
CVE-2005-3024,0.01055,0.50287
CVE-2005-3025,0.01055,0.50287
CVE-2005-3026,0.0679,0.91793
CVE-2005-3027,0.01319,0.70416
CVE-2005-3029,0.06523,0.90962
CVE-2005-3030,0.01213,0.6557
CVE-2005-3031,0.06523,0.90962
CVE-2005-3032,0.04291,0.87022
CVE-2005-3033,0.04465,0.87733
CVE-2005-3034,0.01213,0.6557
CVE-2005-3035,0.01213,0.6557
CVE-2005-3036,0.00885,0.26162
CVE-2005-3037,0.01213,0.6557
CVE-2005-3038,0.01136,0.57949
CVE-2005-3039,0.01136,0.57949
CVE-2005-3040,0.01213,0.6557
CVE-2005-3041,0.00954,0.34522
CVE-2005-3042,0.03779,0.84781
CVE-2005-3043,0.01139,0.58345
CVE-2005-3044,0.01547,0.74085
CVE-2005-3045,0.00986,0.35784
CVE-2005-3046,0.01055,0.50287
CVE-2005-3047,0.01055,0.50287
CVE-2005-3048,0.04187,0.86773
CVE-2005-3049,0.01319,0.70416
CVE-2005-3050,0.01055,0.50287
CVE-2005-3051,0.09915,0.94265
CVE-2005-3052,0.00986,0.35784
CVE-2005-3053,0.01547,0.74085
CVE-2005-3054,0.01547,0.74085
CVE-2005-3055,0.01547,0.74085
CVE-2005-3056,0.02509,0.81058
CVE-2005-3057,0.01319,0.70416
CVE-2005-3058,0.0679,0.91793
CVE-2005-3059,0.01018,0.38792
CVE-2005-3060,0.01872,0.76301
CVE-2005-3061,0.06523,0.90962
CVE-2005-3062,0.01213,0.6557
CVE-2005-3063,0.00986,0.35784
CVE-2005-3064,0.04187,0.86773
CVE-2005-3065,0.01136,0.57949
CVE-2005-3066,0.01319,0.70416
CVE-2005-3067,0.01213,0.6557
CVE-2005-3068,0.01108,0.53389
CVE-2005-3069,0.01282,0.67298
CVE-2005-3070,0.0095,0.30554
CVE-2005-3071,0.0095,0.30554
CVE-2005-3072,0.01213,0.6557
CVE-2005-3073,0.01108,0.53389
CVE-2005-3074,0.01055,0.50287
CVE-2005-3075,0.01055,0.50287
CVE-2005-3076,0.01213,0.6557
CVE-2005-3077,0.12649,0.95332
CVE-2005-3078,0.01055,0.50287
CVE-2005-3079,0.01055,0.50287
CVE-2005-3080,0.01055,0.50287
CVE-2005-3081,0.04062,0.85315
CVE-2005-3082,0.01408,0.72072
CVE-2005-3083,0.01917,0.77071
CVE-2005-3084,0.01055,0.50287
CVE-2005-3085,0.01055,0.50287
CVE-2005-3086,0.01136,0.57949
CVE-2005-3087,0.00885,0.26162
CVE-2005-3088,0.01547,0.74085
CVE-2005-3089,0.01537,0.73595
CVE-2005-3090,0.01055,0.50287
CVE-2005-3091,0.01213,0.6557
CVE-2005-3092,0.06523,0.90962
CVE-2005-3093,0.00885,0.26162
CVE-2005-3094,0.07777,0.92953
CVE-2005-3095,0.01319,0.70416
CVE-2005-3096,0.01319,0.70416
CVE-2005-3097,0.01055,0.50287
CVE-2005-3098,0.01761,0.7555
CVE-2005-3099,0.01872,0.76301
CVE-2005-3100,0.01018,0.38792
CVE-2005-3101,0.01136,0.57949
CVE-2005-3102,0.00885,0.26162
CVE-2005-3103,0.01055,0.50287
CVE-2005-3104,0.00885,0.26162
CVE-2005-3105,0.01034,0.39824
CVE-2005-3106,0.01282,0.67298
CVE-2005-3107,0.01547,0.74085
CVE-2005-3108,0.01282,0.67298
CVE-2005-3109,0.01282,0.67298
CVE-2005-3110,0.03407,0.83908
CVE-2005-3111,0.0095,0.30554
CVE-2005-3112,0.0095,0.30554
CVE-2005-3113,0.01213,0.6557
CVE-2005-3114,0.04291,0.87022
CVE-2005-3115,0.0095,0.30554
CVE-2005-3116,0.40588,0.98099
CVE-2005-3118,0.01018,0.38792
CVE-2005-3119,0.01034,0.39824
CVE-2005-3120,0.27992,0.97142
CVE-2005-3121,0.0089,0.2856
CVE-2005-3123,0.02172,0.79917
CVE-2005-3124,0.0095,0.30554
CVE-2005-3126,0.01034,0.39824
CVE-2005-3127,0.01917,0.77071
CVE-2005-3128,0.05649,0.89807
CVE-2005-3129,0.01213,0.6557
CVE-2005-3130,0.00986,0.35784
CVE-2005-3131,0.01917,0.77071
CVE-2005-3132,0.01136,0.57949
CVE-2005-3133,0.04482,0.88223
CVE-2005-3134,0.01319,0.70416
CVE-2005-3135,0.07687,0.92751
CVE-2005-3136,0.01319,0.70416
CVE-2005-3137,0.01547,0.74085
CVE-2005-3138,0.01213,0.6557
CVE-2005-3139,0.01018,0.38792
CVE-2005-3140,0.01136,0.57949
CVE-2005-3141,0.01213,0.6557
CVE-2005-3142,0.1127,0.94787
CVE-2005-3143,0.00954,0.34522
CVE-2005-3144,0.01136,0.57949
CVE-2005-3145,0.01055,0.50287
CVE-2005-3146,0.01034,0.39824
CVE-2005-3147,0.01034,0.39824
CVE-2005-3148,0.01034,0.39824
CVE-2005-3149,0.01282,0.67298
CVE-2005-3150,0.03214,0.83353
CVE-2005-3151,0.01818,0.76133
CVE-2005-3152,0.03129,0.8316
CVE-2005-3153,0.01319,0.70416
CVE-2005-3154,0.04291,0.87022
CVE-2005-3155,0.72015,0.99186
CVE-2005-3156,0.01055,0.50287
CVE-2005-3157,0.00986,0.35784
CVE-2005-3158,0.01055,0.50287
CVE-2005-3159,0.00986,0.35784
CVE-2005-3160,0.01055,0.50287
CVE-2005-3161,0.01408,0.72072
CVE-2005-3163,0.00885,0.26162
CVE-2005-3164,0.05242,0.89216
CVE-2005-3165,0.01136,0.57949
CVE-2005-3166,0.01136,0.57949
CVE-2005-3167,0.01213,0.6557
CVE-2005-3168,0.03884,0.84938
CVE-2005-3169,0.03884,0.84938
CVE-2005-3170,0.03884,0.84938
CVE-2005-3171,0.01378,0.70916
CVE-2005-3172,0.03884,0.84938
CVE-2005-3173,0.01378,0.70916
CVE-2005-3174,0.01378,0.70916
CVE-2005-3175,0.01378,0.70916
CVE-2005-3176,0.03884,0.84938
CVE-2005-3177,0.01385,0.71104
CVE-2005-3178,0.04421,0.87629
CVE-2005-3179,0.01104,0.52279
CVE-2005-3180,0.04358,0.87435
CVE-2005-3181,0.01547,0.74085
CVE-2005-3182,0.08263,0.93269
CVE-2005-3183,0.02686,0.82061
CVE-2005-3184,0.12248,0.95092
CVE-2005-3185,0.04421,0.87629
CVE-2005-3186,0.04421,0.87629
CVE-2005-3187,0.04187,0.86773
CVE-2005-3188,0.07525,0.92398
CVE-2005-3189,0.0679,0.91793
CVE-2005-3190,0.7677,0.99362
CVE-2005-3191,0.10194,0.9432
CVE-2005-3192,0.21858,0.96417
CVE-2005-3193,0.10194,0.9432
CVE-2005-3194,0.07525,0.92398
CVE-2005-3196,0.00954,0.34522
CVE-2005-3197,0.02172,0.79379
CVE-2005-3198,0.01282,0.67298
CVE-2005-3199,0.01319,0.70416
CVE-2005-3200,0.04894,0.88891
CVE-2005-3201,0.028,0.82308
CVE-2005-3202,0.24864,0.96729
CVE-2005-3203,0.01034,0.39824
CVE-2005-3204,0.24864,0.96729
CVE-2005-3205,0.01315,0.67456
CVE-2005-3206,0.15683,0.95879
CVE-2005-3207,0.10457,0.94386
CVE-2005-3208,0.04386,0.87542
CVE-2005-3209,0.0095,0.30554
CVE-2005-3210,0.01055,0.50287
CVE-2005-3211,0.01055,0.50287
CVE-2005-3212,0.01055,0.50287
CVE-2005-3213,0.01055,0.50287
CVE-2005-3214,0.01055,0.50287
CVE-2005-3215,0.01055,0.50287
CVE-2005-3216,0.01055,0.50287
CVE-2005-3217,0.01055,0.50287
CVE-2005-3218,0.01055,0.50287
CVE-2005-3219,0.01055,0.50287
CVE-2005-3220,0.01816,0.76118
CVE-2005-3221,0.01055,0.50287
CVE-2005-3222,0.01055,0.50287
CVE-2005-3223,0.01055,0.50287
CVE-2005-3224,0.01055,0.50287
CVE-2005-3225,0.01055,0.50287
CVE-2005-3226,0.01055,0.50287
CVE-2005-3227,0.01055,0.50287
CVE-2005-3228,0.01055,0.50287
CVE-2005-3229,0.01055,0.50287
CVE-2005-3230,0.01055,0.50287
CVE-2005-3231,0.087,0.93649
CVE-2005-3232,0.01055,0.50287
CVE-2005-3233,0.01055,0.50287
CVE-2005-3234,0.01055,0.50287
CVE-2005-3235,0.01055,0.50287
CVE-2005-3236,0.04386,0.87542
CVE-2005-3237,0.02945,0.82784
CVE-2005-3238,0.0095,0.30554
CVE-2005-3239,0.03779,0.84781
CVE-2005-3240,0.27138,0.97037
CVE-2005-3241,0.04358,0.87435
CVE-2005-3242,0.03779,0.84781
CVE-2005-3243,0.47944,0.98484
CVE-2005-3244,0.03779,0.84781
CVE-2005-3245,0.03779,0.84781
CVE-2005-3246,0.04358,0.87435
CVE-2005-3247,0.03779,0.84781
CVE-2005-3248,0.03779,0.84781
CVE-2005-3249,0.03779,0.84781
CVE-2005-3250,0.0095,0.30554
CVE-2005-3251,0.01213,0.6557
CVE-2005-3252,0.80946,0.99503
CVE-2005-3253,0.01319,0.70416
CVE-2005-3254,0.03477,0.84037
CVE-2005-3255,0.01055,0.50287
CVE-2005-3256,0.01183,0.60428
CVE-2005-3257,0.0322,0.83442
CVE-2005-3258,0.01537,0.73595
CVE-2005-3259,0.04386,0.87542
CVE-2005-3260,0.01319,0.70416
CVE-2005-3261,0.01213,0.6557
CVE-2005-3262,0.07687,0.92751
CVE-2005-3263,0.07777,0.92953
CVE-2005-3264,0.01213,0.6557
CVE-2005-3265,0.07996,0.93017
CVE-2005-3267,0.01974,0.7812
CVE-2005-3268,0.0095,0.30554
CVE-2005-3269,0.03779,0.84781
CVE-2005-3270,0.0095,0.30554
CVE-2005-3271,0.01282,0.67298
CVE-2005-3272,0.02172,0.79917
CVE-2005-3273,0.02686,0.82061
CVE-2005-3274,0.01547,0.74085
CVE-2005-3275,0.03932,0.8519
CVE-2005-3276,0.01547,0.74085
CVE-2005-3277,0.13513,0.955
CVE-2005-3278,0.01872,0.76301
CVE-2005-3279,0.00885,0.26162
CVE-2005-3280,0.01319,0.70416
CVE-2005-3281,0.01055,0.50287
CVE-2005-3282,0.01055,0.50287
CVE-2005-3283,0.01776,0.75902
CVE-2005-3284,0.07777,0.92953
CVE-2005-3285,0.01917,0.77071
CVE-2005-3286,0.01104,0.52279
CVE-2005-3287,0.01055,0.50287
CVE-2005-3288,0.01055,0.50287
CVE-2005-3289,0.0095,0.30554
CVE-2005-3290,0.00986,0.35784
CVE-2005-3291,0.0095,0.30554
CVE-2005-3292,0.01055,0.50287
CVE-2005-3293,0.0679,0.91793
CVE-2005-3294,0.04482,0.88223
CVE-2005-3295,0.01104,0.52279
CVE-2005-3296,0.03779,0.84781
CVE-2005-3297,0.07777,0.92953
CVE-2005-3298,0.07777,0.92953
CVE-2005-3299,0.04482,0.88223
CVE-2005-3300,0.03779,0.84781
CVE-2005-3301,0.05649,0.89807
CVE-2005-3302,0.01963,0.77709
CVE-2005-3303,0.12248,0.95092
CVE-2005-3304,0.01974,0.7812
CVE-2005-3305,0.04386,0.87542
CVE-2005-3306,0.01136,0.57949
CVE-2005-3307,0.04482,0.88223
CVE-2005-3308,0.03129,0.8316
CVE-2005-3309,0.01319,0.70416
CVE-2005-3310,0.01232,0.66248
CVE-2005-3311,0.0095,0.30554
CVE-2005-3312,0.13105,0.9547
CVE-2005-3313,0.03779,0.84781
CVE-2005-3314,0.81066,0.99505
CVE-2005-3315,0.13701,0.95566
CVE-2005-3316,0.01018,0.38792
CVE-2005-3317,0.1127,0.94787
CVE-2005-3318,0.04421,0.87629
CVE-2005-3319,0.01547,0.74085
CVE-2005-3320,0.01917,0.77071
CVE-2005-3321,0.0095,0.30554
CVE-2005-3322,0.01136,0.57949
CVE-2005-3323,0.01974,0.7812
CVE-2005-3324,0.04386,0.87542
CVE-2005-3325,0.04386,0.87542
CVE-2005-3326,0.00986,0.35784
CVE-2005-3327,0.01108,0.53389
CVE-2005-3328,0.06523,0.90962
CVE-2005-3329,0.03129,0.8316
CVE-2005-3330,0.12567,0.95329
CVE-2005-3331,0.0095,0.30554
CVE-2005-3332,0.04187,0.86773
CVE-2005-3333,0.01319,0.70416
CVE-2005-3334,0.03129,0.8316
CVE-2005-3335,0.03779,0.84781
CVE-2005-3336,0.02172,0.79917
CVE-2005-3337,0.01213,0.6557
CVE-2005-3338,0.01108,0.53389
CVE-2005-3339,0.01034,0.39824
CVE-2005-3340,0.01282,0.67298
CVE-2005-3341,0.01034,0.39824
CVE-2005-3342,0.01282,0.67298
CVE-2005-3343,0.01282,0.67298
CVE-2005-3344,0.01213,0.6557
CVE-2005-3345,0.01104,0.52279
CVE-2005-3346,0.0322,0.83442
CVE-2005-3347,0.03407,0.83908
CVE-2005-3348,0.03407,0.83908
CVE-2005-3349,0.01282,0.67298
CVE-2005-3350,0.04421,0.87629
CVE-2005-3351,0.05242,0.89216
CVE-2005-3352,0.14862,0.95676
CVE-2005-3353,0.04358,0.87435
CVE-2005-3354,0.02768,0.82197
CVE-2005-3355,0.01537,0.73595
CVE-2005-3356,0.01547,0.74085
CVE-2005-3357,0.14862,0.95676
CVE-2005-3358,0.0322,0.83442
CVE-2005-3359,0.01547,0.74085
CVE-2005-3360,0.0095,0.30554
CVE-2005-3361,0.01136,0.57949
CVE-2005-3363,0.04386,0.87542
CVE-2005-3364,0.01408,0.72072
CVE-2005-3365,0.04386,0.87542
CVE-2005-3366,0.01776,0.75902
CVE-2005-3367,0.01136,0.57949
CVE-2005-3368,0.01917,0.77071
CVE-2005-3369,0.01139,0.58345
CVE-2005-3370,0.01213,0.6557
CVE-2005-3371,0.01213,0.6557
CVE-2005-3372,0.01213,0.6557
CVE-2005-3373,0.01213,0.6557
CVE-2005-3374,0.01213,0.6557
CVE-2005-3375,0.01213,0.6557
CVE-2005-3376,0.01213,0.6557
CVE-2005-3377,0.01213,0.6557
CVE-2005-3378,0.02085,0.79036
CVE-2005-3379,0.01319,0.70416
CVE-2005-3380,0.01213,0.6557
CVE-2005-3381,0.01213,0.6557
CVE-2005-3382,0.01213,0.6557
CVE-2005-3383,0.01319,0.70416
CVE-2005-3384,0.01319,0.70416
CVE-2005-3385,0.01319,0.70416
CVE-2005-3386,0.01319,0.70416
CVE-2005-3387,0.05302,0.89375
CVE-2005-3388,0.40738,0.98115
CVE-2005-3389,0.04358,0.87435
CVE-2005-3390,0.15272,0.95729
CVE-2005-3391,0.04358,0.87435
CVE-2005-3392,0.04358,0.87435
CVE-2005-3393,0.04421,0.87629
CVE-2005-3394,0.01139,0.58345
CVE-2005-3395,0.01139,0.58345
CVE-2005-3396,0.03425,0.8393
CVE-2005-3397,0.01917,0.77071
CVE-2005-3398,0.40013,0.98031
CVE-2005-3399,0.087,0.93649
CVE-2005-3400,0.01055,0.50287
CVE-2005-3401,0.01213,0.6557
CVE-2005-3402,0.01213,0.6557
CVE-2005-3403,0.01955,0.77585
CVE-2005-3404,0.10995,0.94626999999999994
CVE-2005-3405,0.07197,0.92068
CVE-2005-3406,0.01319,0.70416
CVE-2005-3407,0.01319,0.70416
CVE-2005-3408,0.01139,0.58345
CVE-2005-3409,0.02172,0.79917
CVE-2005-3411,0.01917,0.77071
CVE-2005-3412,0.02945,0.82784
CVE-2005-3413,0.01319,0.70416
CVE-2005-3414,0.01319,0.70416
CVE-2005-3415,0.02172,0.79917
CVE-2005-3416,0.01974,0.7812
CVE-2005-3417,0.01974,0.7812
CVE-2005-3418,0.01955,0.77585
CVE-2005-3419,0.02172,0.79917
CVE-2005-3420,0.02172,0.79917
CVE-2005-3421,0.01213,0.6557
CVE-2005-3422,0.01917,0.77071
CVE-2005-3423,0.04386,0.87542
CVE-2005-3424,0.01408,0.72072
CVE-2005-3425,0.01776,0.75902
CVE-2005-3426,0.01213,0.6557
CVE-2005-3427,0.01282,0.67298
CVE-2005-3428,0.01408,0.72072
CVE-2005-3429,0.01319,0.70416
CVE-2005-3430,0.01319,0.70416
CVE-2005-3431,0.01408,0.72072
CVE-2005-3432,0.04187,0.86773
CVE-2005-3433,0.03477,0.84037
CVE-2005-3434,0.01213,0.6557
CVE-2005-3435,0.00954,0.34522
CVE-2005-3436,0.01319,0.70416
CVE-2005-3437,0.01018,0.38792
CVE-2005-3438,0.01108,0.53389
CVE-2005-3439,0.01018,0.38792
CVE-2005-3440,0.01018,0.38792
CVE-2005-3441,0.01018,0.38792
CVE-2005-3442,0.01018,0.38792
CVE-2005-3443,0.01018,0.38792
CVE-2005-3444,0.01018,0.38792
CVE-2005-3445,0.01108,0.53389
CVE-2005-3446,0.01018,0.38792
CVE-2005-3447,0.01018,0.38792
CVE-2005-3448,0.01018,0.38792
CVE-2005-3449,0.01108,0.53389
CVE-2005-3450,0.01018,0.38792
CVE-2005-3451,0.01108,0.53389
CVE-2005-3452,0.01018,0.38792
CVE-2005-3453,0.01018,0.38792
CVE-2005-3454,0.01018,0.38792
CVE-2005-3455,0.01183,0.60428
CVE-2005-3456,0.01018,0.38792
CVE-2005-3457,0.01018,0.38792
CVE-2005-3458,0.01018,0.38792
CVE-2005-3459,0.01018,0.38792
CVE-2005-3460,0.01108,0.53389
CVE-2005-3461,0.01018,0.38792
CVE-2005-3462,0.01018,0.38792
CVE-2005-3463,0.01018,0.38792
CVE-2005-3464,0.01018,0.38792
CVE-2005-3465,0.01018,0.38792
CVE-2005-3466,0.01018,0.38792
CVE-2005-3467,0.01018,0.38792
CVE-2005-3468,0.01319,0.70416
CVE-2005-3469,0.00986,0.35784
CVE-2005-3470,0.01319,0.70416
CVE-2005-3471,0.01136,0.57949
CVE-2005-3472,0.01319,0.70416
CVE-2005-3473,0.03129,0.8316
CVE-2005-3474,0.0095,0.30554
CVE-2005-3475,0.04482,0.88223
CVE-2005-3476,0.01104,0.52279
CVE-2005-3477,0.01213,0.6557
CVE-2005-3478,0.00986,0.35784
CVE-2005-3479,0.01136,0.57949
CVE-2005-3480,0.01136,0.57949
CVE-2005-3481,0.07525,0.92398
CVE-2005-3482,0.01319,0.70416
CVE-2005-3483,0.15607,0.95873
CVE-2005-3484,0.01213,0.6557
CVE-2005-3485,0.15607,0.95873
CVE-2005-3486,0.07777,0.92953
CVE-2005-3487,0.08263,0.93269
CVE-2005-3488,0.01319,0.70416
CVE-2005-3489,0.15607,0.95873
CVE-2005-3490,0.01213,0.6557
CVE-2005-3491,0.06523,0.90962
CVE-2005-3492,0.01319,0.70416
CVE-2005-3493,0.04482,0.88223
CVE-2005-3494,0.01213,0.6557
CVE-2005-3495,0.01213,0.6557
CVE-2005-3496,0.01319,0.70416
CVE-2005-3497,0.01213,0.6557
CVE-2005-3498,0.01018,0.38792
CVE-2005-3499,0.01974,0.7812
CVE-2005-3500,0.03779,0.84781
CVE-2005-3501,0.03407,0.83908
CVE-2005-3502,0.01213,0.6557
CVE-2005-3503,0.01761,0.7555
CVE-2005-3504,0.06523,0.90962
CVE-2005-3505,0.01776,0.75902
CVE-2005-3506,0.01213,0.6557
CVE-2005-3507,0.15607,0.95873
CVE-2005-3508,0.01139,0.58345
CVE-2005-3509,0.00986,0.35784
CVE-2005-3510,0.07344,0.92237
CVE-2005-3511,0.01055,0.50287
CVE-2005-3512,0.01917,0.77071
CVE-2005-3513,0.01055,0.50287
CVE-2005-3514,0.04894,0.88891
CVE-2005-3515,0.02945,0.82784
CVE-2005-3516,0.02945,0.82784
CVE-2005-3517,0.01213,0.6557
CVE-2005-3518,0.028,0.82308
CVE-2005-3519,0.12567,0.95329
CVE-2005-3520,0.05649,0.89807
CVE-2005-3521,0.01319,0.70416
CVE-2005-3522,0.02945,0.82784
CVE-2005-3523,0.40588,0.98099
CVE-2005-3524,0.40588,0.98099
CVE-2005-3525,0.09915,0.94265
CVE-2005-3526,0.08336,0.93297
CVE-2005-3527,0.01104,0.52279
CVE-2005-3528,0.01213,0.6557
CVE-2005-3529,0.01319,0.70416
CVE-2005-3530,0.01408,0.72072
CVE-2005-3531,0.01034,0.39824
CVE-2005-3532,0.01108,0.53389
CVE-2005-3533,0.01899,0.76481
CVE-2005-3534,0.12248,0.95092
CVE-2005-3535,0.01592,0.74578
CVE-2005-3536,0.01213,0.6557
CVE-2005-3537,0.01136,0.57949
CVE-2005-3538,0.02172,0.79917
CVE-2005-3539,0.12567,0.95329
CVE-2005-3540,0.06523,0.90962
CVE-2005-3543,0.01319,0.70416
CVE-2005-3544,0.02945,0.82784
CVE-2005-3545,0.028,0.82308
CVE-2005-3546,0.01547,0.74085
CVE-2005-3547,0.05649,0.89807
CVE-2005-3548,0.01132,0.54372
CVE-2005-3549,0.05302,0.89375
CVE-2005-3550,0.04187,0.86773
CVE-2005-3551,0.01136,0.57949
CVE-2005-3552,0.03932,0.8519
CVE-2005-3553,0.02172,0.79917
CVE-2005-3554,0.07996,0.93017
CVE-2005-3555,0.01139,0.58345
CVE-2005-3556,0.05649,0.89807
CVE-2005-3557,0.01319,0.70416
CVE-2005-3558,0.15607,0.95873
CVE-2005-3559,0.10995,0.94626999999999994
CVE-2005-3560,0.0679,0.91793
CVE-2005-3564,0.01282,0.67298
CVE-2005-3565,0.02172,0.79917
CVE-2005-3566,0.05625,0.89579
CVE-2005-3567,0.01537,0.73595
CVE-2005-3568,0.0095,0.30554
CVE-2005-3569,0.01018,0.38792
CVE-2005-3570,0.01776,0.75902
CVE-2005-3571,0.0679,0.91793
CVE-2005-3572,0.01213,0.6557
CVE-2005-3573,0.04358,0.87435
CVE-2005-3574,0.01213,0.6557
CVE-2005-3575,0.01139,0.58345
CVE-2005-3576,0.04187,0.86773
CVE-2005-3577,0.01917,0.77071
CVE-2005-3578,0.00986,0.35784
CVE-2005-3579,0.04187,0.86773
CVE-2005-3580,0.0095,0.30554
CVE-2005-3581,0.0095,0.30554
CVE-2005-3582,0.0095,0.30554
CVE-2005-3583,0.01213,0.6557
CVE-2005-3584,0.01917,0.77071
CVE-2005-3585,0.01319,0.70416
CVE-2005-3586,0.01055,0.50287
CVE-2005-3587,0.00954,0.34522
CVE-2005-3588,0.01213,0.6557
CVE-2005-3589,0.66089,0.98996
CVE-2005-3590,0.00954,0.34522
CVE-2005-3591,0.35205,0.97726
CVE-2005-3592,0.01055,0.50287
CVE-2005-3594,0.01055,0.50287
CVE-2005-3595,0.13105,0.9547
CVE-2005-3596,0.01319,0.70416
CVE-2005-3618,0.01319,0.70416
CVE-2005-3619,0.01136,0.57949
CVE-2005-3620,0.01282,0.67298
CVE-2005-3621,0.01319,0.70416
CVE-2005-3622,0.01408,0.72072
CVE-2005-3623,0.02172,0.79917
CVE-2005-3624,0.05732,0.8984
CVE-2005-3625,0.03345,0.83588
CVE-2005-3626,0.03345,0.83588
CVE-2005-3627,0.0563,0.89604
CVE-2005-3628,0.04421,0.87629
CVE-2005-3629,0.01282,0.67298
CVE-2005-3630,0.01213,0.6557
CVE-2005-3631,0.0095,0.30554
CVE-2005-3632,0.02172,0.79379
CVE-2005-3633,0.01974,0.7812
CVE-2005-3634,0.07197,0.92068
CVE-2005-3635,0.27479,0.97061
CVE-2005-3636,0.27479,0.97061
CVE-2005-3638,0.02945,0.82784
CVE-2005-3639,0.04187,0.86773
CVE-2005-3640,0.15607,0.95873
CVE-2005-3641,0.01055,0.50287
CVE-2005-3642,0.01055,0.50287
CVE-2005-3643,0.01055,0.50287
CVE-2005-3644,0.44552,0.98243
CVE-2005-3645,0.03779,0.84781
CVE-2005-3646,0.03779,0.84781
CVE-2005-3647,0.00885,0.26162
CVE-2005-3648,0.01408,0.72072
CVE-2005-3649,0.0679,0.91793
CVE-2005-3650,0.07996,0.93017
CVE-2005-3651,0.12248,0.95092
CVE-2005-3652,0.08263,0.93269
CVE-2005-3653,0.28118,0.97158
CVE-2005-3654,0.05139,0.89128
CVE-2005-3655,0.09761,0.94008
CVE-2005-3656,0.12248,0.95092
CVE-2005-3657,0.01319,0.70416
CVE-2005-3658,0.08228,0.93218
CVE-2005-3659,0.02172,0.79917
CVE-2005-3660,0.01034,0.39824
CVE-2005-3661,0.01319,0.70416
CVE-2005-3662,0.02172,0.79379
CVE-2005-3663,0.0089,0.2856
CVE-2005-3664,0.07777,0.92953
CVE-2005-3665,0.01955,0.77585
CVE-2005-3666,0.01018,0.38792
CVE-2005-3667,0.01018,0.38792
CVE-2005-3668,0.01018,0.38792
CVE-2005-3669,0.03779,0.84781
CVE-2005-3670,0.04358,0.87435
CVE-2005-3671,0.03779,0.84781
CVE-2005-3672,0.01408,0.72072
CVE-2005-3673,0.01974,0.7812
CVE-2005-3674,0.01974,0.7812
CVE-2005-3675,0.01213,0.6557
CVE-2005-3676,0.00986,0.35784
CVE-2005-3677,0.06309,0.90494
CVE-2005-3678,0.01213,0.6557
CVE-2005-3679,0.00986,0.35784
CVE-2005-3680,0.01213,0.6557
CVE-2005-3681,0.00986,0.35784
CVE-2005-3682,0.04386,0.87542
CVE-2005-3683,0.6735,0.99047
CVE-2005-3684,0.05139,0.89128
CVE-2005-3685,0.02945,0.82784
CVE-2005-3686,0.01139,0.58345
CVE-2005-3687,0.01055,0.50287
CVE-2005-3688,0.01319,0.70416
CVE-2005-3689,0.01319,0.70416
CVE-2005-3690,0.1127,0.94787
CVE-2005-3691,0.01319,0.70416
CVE-2005-3692,0.01408,0.72072
CVE-2005-3693,0.06309,0.90494
CVE-2005-3694,0.10995,0.94626999999999994
CVE-2005-3695,0.02945,0.82784
CVE-2005-3696,0.00986,0.35784
CVE-2005-3697,0.01055,0.50287
CVE-2005-3698,0.01055,0.50287
CVE-2005-3699,0.01055,0.50287
CVE-2005-3700,0.01837,0.76209
CVE-2005-3701,0.01034,0.39824
CVE-2005-3702,0.01213,0.6557
CVE-2005-3704,0.01319,0.70416
CVE-2005-3705,0.06494,0.90631
CVE-2005-3706,0.0291,0.82466
CVE-2005-3707,0.10439,0.94383
CVE-2005-3708,0.06105,0.90164
CVE-2005-3709,0.04314,0.87033
CVE-2005-3710,0.10439,0.94383
CVE-2005-3711,0.10439,0.94383
CVE-2005-3712,0.05995,0.90114
CVE-2005-3713,0.11354,0.94806
CVE-2005-3714,0.01319,0.70416
CVE-2005-3715,0.01018,0.38792
CVE-2005-3716,0.01018,0.38792
CVE-2005-3717,0.01213,0.6557
CVE-2005-3718,0.01213,0.6557
CVE-2005-3719,0.00954,0.34522
CVE-2005-3720,0.00954,0.34522
CVE-2005-3721,0.01136,0.57949
CVE-2005-3722,0.01136,0.57949
CVE-2005-3723,0.01136,0.57949
CVE-2005-3724,0.01213,0.6557
CVE-2005-3725,0.01055,0.50287
CVE-2005-3726,0.01213,0.6557
CVE-2005-3727,0.02309,0.80625
CVE-2005-3728,0.04187,0.86773
CVE-2005-3729,0.01213,0.6557
CVE-2005-3730,0.01917,0.77071
CVE-2005-3731,0.01018,0.38792
CVE-2005-3732,0.04358,0.87435
CVE-2005-3733,0.0547,0.89492
CVE-2005-3734,0.01408,0.72072
CVE-2005-3735,0.01319,0.70416
CVE-2005-3736,0.01213,0.6557
CVE-2005-3737,0.39729,0.98024
CVE-2005-3738,0.10995,0.94626999999999994
CVE-2005-3739,0.01319,0.70416
CVE-2005-3740,0.01408,0.72072
CVE-2005-3741,0.00885,0.26162
CVE-2005-3742,0.01917,0.77071
CVE-2005-3743,0.00986,0.35784
CVE-2005-3744,0.01213,0.6557
CVE-2005-3745,0.17051,0.95999
CVE-2005-3746,0.00986,0.35784
CVE-2005-3747,0.01319,0.70416
CVE-2005-3748,0.00986,0.35784
CVE-2005-3749,0.01282,0.67298
CVE-2005-3750,0.1127,0.94787
CVE-2005-3751,0.01408,0.72072
CVE-2005-3752,0.00885,0.26162
CVE-2005-3753,0.00885,0.26162
CVE-2005-3754,0.01319,0.70416
CVE-2005-3755,0.01319,0.70416
CVE-2005-3756,0.01319,0.70416
CVE-2005-3757,0.81532,0.99513
CVE-2005-3758,0.01319,0.70416
CVE-2005-3759,0.01408,0.72072
CVE-2005-3760,0.01018,0.38792
CVE-2005-3761,0.01136,0.57949
CVE-2005-3762,0.01319,0.70416
CVE-2005-3763,0.01136,0.57949
CVE-2005-3764,0.00885,0.26162
CVE-2005-3765,0.06523,0.90962
CVE-2005-3766,0.00954,0.34522
CVE-2005-3767,0.01213,0.6557
CVE-2005-3768,0.05139,0.89128
CVE-2005-3769,0.00986,0.35784
CVE-2005-3770,0.03129,0.8316
CVE-2005-3771,0.01319,0.70416
CVE-2005-3772,0.01408,0.72072
CVE-2005-3773,0.01018,0.38792
CVE-2005-3774,0.12567,0.95329
CVE-2005-3775,0.01213,0.6557
CVE-2005-3776,0.01055,0.50287
CVE-2005-3777,0.01136,0.57949
CVE-2005-3778,0.00885,0.26162
CVE-2005-3779,0.01282,0.67298
CVE-2005-3780,0.03214,0.83353
CVE-2005-3781,0.01108,0.53389
CVE-2005-3782,0.00885,0.26162
CVE-2005-3783,0.01547,0.74085
CVE-2005-3784,0.01547,0.74085
CVE-2005-3785,0.0095,0.30554
CVE-2005-3786,0.0095,0.30554
CVE-2005-3787,0.01213,0.6557
CVE-2005-3788,0.01319,0.70416
CVE-2005-3789,0.04187,0.86773
CVE-2005-3790,0.01917,0.77071
CVE-2005-3791,0.01055,0.50287
CVE-2005-3792,0.43672,0.98217
CVE-2005-3793,0.01319,0.70416
CVE-2005-3794,0.01213,0.6557
CVE-2005-3795,0.01319,0.70416
CVE-2005-3796,0.01108,0.53389
CVE-2005-3797,0.07197,0.92068
CVE-2005-3798,0.01408,0.72072
CVE-2005-3799,0.01136,0.57949
CVE-2005-3800,0.01108,0.53389
CVE-2005-3801,0.0095,0.30554
CVE-2005-3802,0.01408,0.72072
CVE-2005-3803,0.01319,0.70416
CVE-2005-3804,0.01213,0.6557
CVE-2005-3805,0.01282,0.67298
CVE-2005-3806,0.01547,0.74085
CVE-2005-3807,0.0322,0.83442
CVE-2005-3808,0.0322,0.83442
CVE-2005-3809,0.00954,0.34522
CVE-2005-3810,0.00885,0.26162
CVE-2005-3811,0.0679,0.91793
CVE-2005-3812,0.04187,0.86773
CVE-2005-3813,0.09659,0.94
CVE-2005-3814,0.01776,0.75902
CVE-2005-3815,0.00986,0.35784
CVE-2005-3816,0.01139,0.58345
CVE-2005-3817,0.04386,0.87542
CVE-2005-3818,0.05649,0.89807
CVE-2005-3819,0.01139,0.58345
CVE-2005-3820,0.02172,0.79917
CVE-2005-3821,0.01319,0.70416
CVE-2005-3822,0.01319,0.70416
CVE-2005-3823,0.01319,0.70416
CVE-2005-3824,0.01319,0.70416
CVE-2005-3825,0.00986,0.35784
CVE-2005-3826,0.01139,0.58345
CVE-2005-3827,0.01139,0.58345
CVE-2005-3828,0.01213,0.6557
CVE-2005-3829,0.01213,0.6557
CVE-2005-3830,0.01213,0.6557
CVE-2005-3831,0.03425,0.8393
CVE-2005-3832,0.04421,0.87629
CVE-2005-3833,0.00986,0.35784
CVE-2005-3834,0.01917,0.77071
CVE-2005-3835,0.01136,0.57949
CVE-2005-3836,0.01136,0.57949
CVE-2005-3837,0.01213,0.6557
CVE-2005-3838,0.01139,0.58345
CVE-2005-3839,0.01213,0.6557
CVE-2005-3840,0.01213,0.6557
CVE-2005-3841,0.01213,0.6557
CVE-2005-3842,0.01213,0.6557
CVE-2005-3843,0.01319,0.70416
CVE-2005-3844,0.01139,0.58345
CVE-2005-3845,0.00986,0.35784
CVE-2005-3846,0.01139,0.58345
CVE-2005-3847,0.01282,0.67298
CVE-2005-3848,0.04358,0.87435
CVE-2005-3849,0.02945,0.82784
CVE-2005-3850,0.01213,0.6557
CVE-2005-3851,0.01213,0.6557
CVE-2005-3852,0.01213,0.6557
CVE-2005-3853,0.00986,0.35784
CVE-2005-3854,0.01136,0.57949
CVE-2005-3855,0.00986,0.35784
CVE-2005-3856,0.0089,0.2856
CVE-2005-3857,0.0322,0.83442
CVE-2005-3858,0.02686,0.82061
CVE-2005-3859,0.0679,0.91793
CVE-2005-3860,0.0679,0.91793
CVE-2005-3861,0.04482,0.88223
CVE-2005-3862,0.40588,0.98099
CVE-2005-3863,0.12248,0.95092
CVE-2005-3864,0.00986,0.35784
CVE-2005-3865,0.00986,0.35784
CVE-2005-3866,0.01319,0.70416
CVE-2005-3867,0.01319,0.70416
CVE-2005-3868,0.01139,0.58345
CVE-2005-3869,0.01319,0.70416
CVE-2005-3870,0.00986,0.35784
CVE-2005-3871,0.01408,0.72072
CVE-2005-3872,0.01139,0.58345
CVE-2005-3873,0.00986,0.35784
CVE-2005-3874,0.00986,0.35784
CVE-2005-3875,0.01139,0.58345
CVE-2005-3876,0.01213,0.6557
CVE-2005-3877,0.01139,0.58345
CVE-2005-3878,0.04187,0.86773
CVE-2005-3879,0.04386,0.87542
CVE-2005-3880,0.01319,0.70416
CVE-2005-3881,0.01213,0.6557
CVE-2005-3882,0.00986,0.35784
CVE-2005-3883,0.04358,0.87435
CVE-2005-3884,0.01139,0.58345
CVE-2005-3885,0.01034,0.39824
CVE-2005-3886,0.01034,0.39824
CVE-2005-3887,0.01319,0.70416
CVE-2005-3888,0.01319,0.70416
CVE-2005-3889,0.01319,0.70416
CVE-2005-3890,0.01319,0.70416
CVE-2005-3891,0.01319,0.70416
CVE-2005-3892,0.01213,0.6557
CVE-2005-3893,0.04386,0.87542
CVE-2005-3894,0.10849,0.94443
CVE-2005-3895,0.03407,0.83908
CVE-2005-3896,0.01055,0.50287
CVE-2005-3897,0.01055,0.50287
CVE-2005-3899,0.01136,0.57949
CVE-2005-3900,0.01108,0.53389
CVE-2005-3901,0.01018,0.38792
CVE-2005-3902,0.03129,0.8316
CVE-2005-3903,0.02172,0.79379
CVE-2005-3904,0.03779,0.84781
CVE-2005-3905,0.03779,0.84781
CVE-2005-3906,0.03779,0.84781
CVE-2005-3907,0.02172,0.79917
CVE-2005-3908,0.02945,0.82784
CVE-2005-3909,0.01139,0.58345
CVE-2005-3910,0.01055,0.50287
CVE-2005-3911,0.00986,0.35784
CVE-2005-3912,0.08228,0.93218
CVE-2005-3913,0.01018,0.38792
CVE-2005-3914,0.01139,0.58345
CVE-2005-3915,0.04291,0.87022
CVE-2005-3916,0.00986,0.35784
CVE-2005-3917,0.01213,0.6557
CVE-2005-3918,0.00986,0.35784
CVE-2005-3919,0.01917,0.77071
CVE-2005-3920,0.00986,0.35784
CVE-2005-3921,0.01955,0.77585
CVE-2005-3922,0.1127,0.94787
CVE-2005-3923,0.01136,0.57949
CVE-2005-3924,0.01139,0.58345
CVE-2005-3925,0.01139,0.58345
CVE-2005-3926,0.0679,0.91793
CVE-2005-3927,0.07197,0.92068
CVE-2005-3928,0.0214,0.7918
CVE-2005-3929,0.07197,0.92068
CVE-2005-3930,0.01139,0.58345
CVE-2005-3931,0.01139,0.58345
CVE-2005-3932,0.00986,0.35784
CVE-2005-3933,0.00986,0.35784
CVE-2005-3934,0.0679,0.91793
CVE-2005-3935,0.00986,0.35784
CVE-2005-3936,0.01136,0.57949
CVE-2005-3937,0.01139,0.58345
CVE-2005-3938,0.028,0.82308
CVE-2005-3939,0.01139,0.58345
CVE-2005-3940,0.01139,0.58345
CVE-2005-3941,0.01139,0.58345
CVE-2005-3942,0.01139,0.58345
CVE-2005-3943,0.00986,0.35784
CVE-2005-3944,0.00986,0.35784
CVE-2005-3945,0.09772,0.94058
CVE-2005-3946,0.01213,0.6557
CVE-2005-3947,0.04482,0.88223
CVE-2005-3948,0.04187,0.86773
CVE-2005-3949,0.03779,0.84781
CVE-2005-3950,0.0095,0.30554
CVE-2005-3951,0.01213,0.6557
CVE-2005-3952,0.04386,0.87542
CVE-2005-3953,0.01139,0.58345
CVE-2005-3954,0.03129,0.8316
CVE-2005-3955,0.12328,0.95117
CVE-2005-3956,0.00986,0.35784
CVE-2005-3957,0.00954,0.34522
CVE-2005-3958,0.01139,0.58345
CVE-2005-3959,0.04894,0.88891
CVE-2005-3960,0.01319,0.70416
CVE-2005-3961,0.02172,0.79917
CVE-2005-3962,0.04421,0.8763
CVE-2005-3963,0.01139,0.58345
CVE-2005-3964,0.04421,0.87629
CVE-2005-3966,0.01917,0.77071
CVE-2005-3967,0.01213,0.6557
CVE-2005-3968,0.04386,0.87542
CVE-2005-3969,0.01213,0.6557
CVE-2005-3970,0.01213,0.6557
CVE-2005-3971,0.01319,0.70416
CVE-2005-3972,0.01917,0.77071
CVE-2005-3973,0.01408,0.72072
CVE-2005-3974,0.01408,0.72072
CVE-2005-3975,0.01649,0.75017
CVE-2005-3976,0.01213,0.6557
CVE-2005-3977,0.01213,0.6557
CVE-2005-3978,0.01139,0.58345
CVE-2005-3979,0.01136,0.57949
CVE-2005-3980,0.028,0.82308
CVE-2005-3981,0.02258,0.8056
CVE-2005-3982,0.07197,0.92068
CVE-2005-3983,0.01018,0.38792
CVE-2005-3984,0.01213,0.6557
CVE-2005-3985,0.04291,0.87022
CVE-2005-3986,0.01139,0.58345
CVE-2005-3987,0.01055,0.50287
CVE-2005-3988,0.00986,0.35784
CVE-2005-3989,0.01213,0.6557
CVE-2005-3991,0.01917,0.77071
CVE-2005-3992,0.07687,0.92751
CVE-2005-3993,0.01018,0.38792
CVE-2005-3995,0.07437,0.92309
CVE-2005-3996,0.04386,0.87542
CVE-2005-3997,0.03779,0.84781
CVE-2005-3998,0.02945,0.82784
CVE-2005-3999,0.01319,0.70416
CVE-2005-4000,0.02945,0.82784
CVE-2005-4001,0.01139,0.58345
CVE-2005-4002,0.00885,0.26162
CVE-2005-4003,0.00986,0.35784
CVE-2005-4004,0.01213,0.6557
CVE-2005-4005,0.01139,0.58345
CVE-2005-4006,0.01319,0.70416
CVE-2005-4007,0.00885,0.26162
CVE-2005-4008,0.01136,0.57949
CVE-2005-4009,0.01213,0.6557
CVE-2005-4010,0.01319,0.70416
CVE-2005-4011,0.04386,0.87542
CVE-2005-4012,0.01955,0.77585
CVE-2005-4013,0.01408,0.72072
CVE-2005-4014,0.01319,0.70416
CVE-2005-4015,0.01213,0.6557
CVE-2005-4016,0.00986,0.35784
CVE-2005-4017,0.01136,0.57949
CVE-2005-4018,0.00986,0.35784
CVE-2005-4019,0.01139,0.58345
CVE-2005-4020,0.01213,0.6557
CVE-2005-4021,0.01136,0.57949
CVE-2005-4022,0.01213,0.6557
CVE-2005-4023,0.01213,0.6557
CVE-2005-4024,0.01055,0.50287
CVE-2005-4025,0.01055,0.50287
CVE-2005-4026,0.01136,0.57949
CVE-2005-4027,0.01136,0.57949
CVE-2005-4028,0.01136,0.57949
CVE-2005-4029,0.01055,0.50287
CVE-2005-4030,0.01213,0.6557
CVE-2005-4031,0.01213,0.6557
CVE-2005-4032,0.01917,0.77071
CVE-2005-4033,0.01213,0.6557
CVE-2005-4034,0.028,0.82308
CVE-2005-4035,0.01139,0.58345
CVE-2005-4036,0.01213,0.6557
CVE-2005-4037,0.01139,0.58345
CVE-2005-4038,0.01319,0.70416
CVE-2005-4039,0.0679,0.91793
CVE-2005-4040,0.01319,0.70416
CVE-2005-4041,0.01319,0.70416
CVE-2005-4042,0.01213,0.6557
CVE-2005-4043,0.01139,0.58345
CVE-2005-4044,0.01213,0.6557
CVE-2005-4045,0.01319,0.70416
CVE-2005-4046,0.01213,0.6557
CVE-2005-4047,0.01917,0.77071
CVE-2005-4048,0.04358,0.87435
CVE-2005-4049,0.04386,0.87542
CVE-2005-4050,0.08263,0.93269
CVE-2005-4051,0.01213,0.6557
CVE-2005-4052,0.01136,0.57949
CVE-2005-4053,0.03129,0.8316
CVE-2005-4054,0.00986,0.35784
CVE-2005-4055,0.01139,0.58345
CVE-2005-4056,0.01213,0.6557
CVE-2005-4057,0.01213,0.6557
CVE-2005-4058,0.01213,0.6557
CVE-2005-4059,0.01213,0.6557
CVE-2005-4060,0.03129,0.8316
CVE-2005-4061,0.01213,0.6557
CVE-2005-4062,0.01213,0.6557
CVE-2005-4063,0.01917,0.77071
CVE-2005-4064,0.01139,0.58345
CVE-2005-4065,0.04386,0.87542
CVE-2005-4066,0.0095,0.30554
CVE-2005-4068,0.01034,0.39824
CVE-2005-4069,0.01034,0.39824
CVE-2005-4071,0.01139,0.58345
CVE-2005-4072,0.01213,0.6557
CVE-2005-4073,0.00986,0.35784
CVE-2005-4074,0.0679,0.91793
CVE-2005-4075,0.02945,0.82784
CVE-2005-4076,0.01899,0.76481
CVE-2005-4077,0.01547,0.74085
CVE-2005-4078,0.01776,0.75902
CVE-2005-4079,0.03779,0.84781
CVE-2005-4080,0.02945,0.82784
CVE-2005-4081,0.00986,0.35784
CVE-2005-4082,0.0095,0.30554
CVE-2005-4083,0.01055,0.50287
CVE-2005-4084,0.01055,0.50287
CVE-2005-4085,0.77572,0.99389
CVE-2005-4086,0.01319,0.70416
CVE-2005-4087,0.01213,0.6557
CVE-2005-4088,0.01213,0.6557
CVE-2005-4089,0.23038,0.96506
CVE-2005-4090,0.01319,0.70416
CVE-2005-4091,0.01917,0.77071
CVE-2005-4092,0.07677,0.92624
CVE-2005-4093,0.09659,0.94
CVE-2005-4094,0.01408,0.72072
CVE-2005-4095,0.07197,0.92068
CVE-2005-4126,0.02172,0.79279
CVE-2005-4130,0.03184,0.83308
CVE-2005-4131,0.59512,0.98824
CVE-2005-4132,0.01018,0.38792
CVE-2005-4133,0.0095,0.30554
CVE-2005-4134,0.15272,0.95729
CVE-2005-4135,0.04482,0.88223
CVE-2005-4136,0.01917,0.77071
CVE-2005-4137,0.01319,0.70416
CVE-2005-4138,0.01136,0.57949
CVE-2005-4139,0.028,0.82308
CVE-2005-4140,0.04386,0.87542
CVE-2005-4141,0.01139,0.58345
CVE-2005-4142,0.01319,0.70416
CVE-2005-4143,0.01139,0.58345
CVE-2005-4144,0.01319,0.70416
CVE-2005-4145,0.56344,0.98740000000000006
CVE-2005-4146,0.01319,0.70416
CVE-2005-4147,0.01315,0.67456
CVE-2005-4148,0.01319,0.70416
CVE-2005-4149,0.01213,0.6557
CVE-2005-4150,0.01319,0.70416
CVE-2005-4151,0.01104,0.52279
CVE-2005-4152,0.01319,0.70416
CVE-2005-4153,0.03779,0.84781
CVE-2005-4154,0.0292,0.82516
CVE-2005-4155,0.04187,0.86773
CVE-2005-4156,0.01055,0.50287
CVE-2005-4157,0.01319,0.70416
CVE-2005-4158,0.0322,0.83442
CVE-2005-4159,0.01319,0.70416
CVE-2005-4160,0.04482,0.88223
CVE-2005-4161,0.02945,0.82784
CVE-2005-4162,0.01408,0.72072
CVE-2005-4163,0.01055,0.50287
CVE-2005-4164,0.01213,0.6557
CVE-2005-4165,0.01319,0.70416
CVE-2005-4166,0.01917,0.77071
CVE-2005-4167,0.01917,0.77071
CVE-2005-4168,0.028,0.82308
CVE-2005-4169,0.04386,0.87542
CVE-2005-4170,0.04386,0.87542
CVE-2005-4171,0.0679,0.91793
CVE-2005-4172,0.01319,0.70416
CVE-2005-4173,0.01319,0.70416
CVE-2005-4174,0.01319,0.70416
CVE-2005-4175,0.01034,0.39824
CVE-2005-4176,0.02808,0.82317
CVE-2005-4177,0.02945,0.82784
CVE-2005-4178,0.03481,0.84053
CVE-2005-4189,0.01633,0.74922
CVE-2005-4190,0.01968,0.77806
CVE-2005-4191,0.01232,0.66248
CVE-2005-4192,0.01232,0.66248
CVE-2005-4193,0.01213,0.6557
CVE-2005-4194,0.04187,0.86773
CVE-2005-4195,0.04386,0.87542
CVE-2005-4196,0.05649,0.89807
CVE-2005-4197,0.0679,0.91793
CVE-2005-4198,0.01139,0.58345
CVE-2005-4199,0.03779,0.84781
CVE-2005-4200,0.01018,0.38792
CVE-2005-4201,0.01213,0.6557
CVE-2005-4202,0.04482,0.88223
CVE-2005-4203,0.01213,0.6557
CVE-2005-4204,0.01055,0.50287
CVE-2005-4205,0.01917,0.77071
CVE-2005-4206,0.04482,0.88223
CVE-2005-4207,0.00986,0.35784
CVE-2005-4208,0.01136,0.57949
CVE-2005-4209,0.01917,0.77071
CVE-2005-4210,0.01319,0.70416
CVE-2005-4211,0.07197,0.92068
CVE-2005-4212,0.0679,0.91793
CVE-2005-4213,0.04386,0.87542
CVE-2005-4214,0.01408,0.72072
CVE-2005-4215,0.01213,0.6557
CVE-2005-4216,0.0679,0.91793
CVE-2005-4217,0.01537,0.73595
CVE-2005-4218,0.01136,0.57949
CVE-2005-4219,0.01018,0.38792
CVE-2005-4220,0.01213,0.6557
CVE-2005-4221,0.00986,0.35784
CVE-2005-4222,0.01055,0.50287
CVE-2005-4223,0.02172,0.79917
CVE-2005-4224,0.01974,0.7812
CVE-2005-4225,0.03779,0.84781
CVE-2005-4226,0.03779,0.84781
CVE-2005-4227,0.04358,0.87435
CVE-2005-4228,0.01139,0.58345
CVE-2005-4229,0.01917,0.77071
CVE-2005-4230,0.01136,0.57949
CVE-2005-4231,0.01213,0.6557
CVE-2005-4232,0.01139,0.58345
CVE-2005-4233,0.00986,0.35784
CVE-2005-4234,0.00986,0.35784
CVE-2005-4235,0.01213,0.6557
CVE-2005-4236,0.01213,0.6557
CVE-2005-4237,0.01213,0.6557
CVE-2005-4238,0.02945,0.82784
CVE-2005-4239,0.01917,0.77071
CVE-2005-4240,0.00986,0.35784
CVE-2005-4241,0.01917,0.77071
CVE-2005-4242,0.01136,0.57949
CVE-2005-4243,0.04386,0.87542
CVE-2005-4244,0.01139,0.58345
CVE-2005-4245,0.02945,0.82784
CVE-2005-4246,0.00986,0.35784
CVE-2005-4247,0.01917,0.77071
CVE-2005-4248,0.01319,0.70416
CVE-2005-4249,0.01213,0.6557
CVE-2005-4250,0.04187,0.86773
CVE-2005-4251,0.01139,0.58345
CVE-2005-4252,0.01213,0.6557
CVE-2005-4253,0.01213,0.6557
CVE-2005-4254,0.00986,0.35784
CVE-2005-4255,0.01917,0.77071
CVE-2005-4256,0.01917,0.77071
CVE-2005-4257,0.01055,0.50287
CVE-2005-4258,0.01055,0.50287
CVE-2005-4259,0.00986,0.35784
CVE-2005-4260,0.01917,0.77071
CVE-2005-4261,0.01108,0.53389
CVE-2005-4262,0.00986,0.35784
CVE-2005-4263,0.00986,0.35784
CVE-2005-4264,0.01319,0.70416
CVE-2005-4266,0.01055,0.50287
CVE-2005-4267,0.75392,0.99312
CVE-2005-4268,0.02172,0.79379
CVE-2005-4269,0.01378,0.70916
CVE-2005-4270,0.11863,0.94956
CVE-2005-4271,0.01592,0.74578
CVE-2005-4272,0.1127,0.94787
CVE-2005-4273,0.01034,0.39824
CVE-2005-4274,0.01055,0.50287
CVE-2005-4275,0.04187,0.86773
CVE-2005-4276,0.04187,0.86773
CVE-2005-4277,0.01319,0.70416
CVE-2005-4278,0.01034,0.39824
CVE-2005-4279,0.0095,0.30554
CVE-2005-4280,0.0095,0.30554
CVE-2005-4281,0.01213,0.6557
CVE-2005-4282,0.01213,0.6557
CVE-2005-4283,0.01213,0.6557
CVE-2005-4284,0.01319,0.70416
CVE-2005-4285,0.01917,0.77071
CVE-2005-4286,0.01213,0.6557
CVE-2005-4287,0.07687,0.92751
CVE-2005-4288,0.01917,0.77071
CVE-2005-4289,0.01917,0.77071
CVE-2005-4290,0.01917,0.77071
CVE-2005-4291,0.01917,0.77071
CVE-2005-4292,0.01213,0.6557
CVE-2005-4293,0.02945,0.82784
CVE-2005-4294,0.01319,0.70416
CVE-2005-4295,0.01136,0.57949
CVE-2005-4296,0.04187,0.86773
CVE-2005-4297,0.01213,0.6557
CVE-2005-4298,0.01917,0.77071
CVE-2005-4299,0.01917,0.77071
CVE-2005-4300,0.04679,0.88603
CVE-2005-4301,0.01213,0.6557
CVE-2005-4302,0.04482,0.88223
CVE-2005-4303,0.00986,0.35784
CVE-2005-4304,0.01213,0.6557
CVE-2005-4305,0.01408,0.72072
CVE-2005-4306,0.01917,0.77071
CVE-2005-4307,0.02945,0.82784
CVE-2005-4308,0.01136,0.57949
CVE-2005-4309,0.01213,0.6557
CVE-2005-4310,0.01018,0.38792
CVE-2005-4311,0.01917,0.77071
CVE-2005-4312,0.01213,0.6557
CVE-2005-4313,0.01319,0.70416
CVE-2005-4314,0.01917,0.77071
CVE-2005-4315,0.01213,0.6557
CVE-2005-4316,0.10995,0.94626999999999994
CVE-2005-4317,0.39729,0.98024
CVE-2005-4318,0.028,0.82308
CVE-2005-4319,0.07197,0.92068
CVE-2005-4320,0.01408,0.72072
CVE-2005-4321,0.01319,0.70416
CVE-2005-4322,0.01408,0.72072
CVE-2005-4323,0.01319,0.70416
CVE-2005-4324,0.01319,0.70416
CVE-2005-4325,0.01018,0.38792
CVE-2005-4326,0.01136,0.57949
CVE-2005-4327,0.01917,0.77071
CVE-2005-4328,0.01917,0.77071
CVE-2005-4329,0.00986,0.35784
CVE-2005-4330,0.00986,0.35784
CVE-2005-4331,0.00986,0.35784
CVE-2005-4332,0.02172,0.79917
CVE-2005-4333,0.01917,0.77071
CVE-2005-4334,0.00986,0.35784
CVE-2005-4335,0.01136,0.57949
CVE-2005-4336,0.01319,0.70416
CVE-2005-4337,0.01055,0.50287
CVE-2005-4338,0.01055,0.50287
CVE-2005-4339,0.01055,0.50287
CVE-2005-4341,0.01055,0.50287
CVE-2005-4342,0.01319,0.70416
CVE-2005-4343,0.01319,0.70416
CVE-2005-4344,0.0095,0.30554
CVE-2005-4345,0.0095,0.30554
CVE-2005-4346,0.01213,0.6557
CVE-2005-4347,0.00954,0.34522
CVE-2005-4348,0.04358,0.87435
CVE-2005-4349,0.06337,0.90513
CVE-2005-4350,0.01319,0.70416
CVE-2005-4351,0.01034,0.39824
CVE-2005-4352,0.01282,0.67298
CVE-2005-4353,0.01136,0.57949
CVE-2005-4354,0.01055,0.50287
CVE-2005-4355,0.01213,0.6557
CVE-2005-4356,0.01136,0.57949
CVE-2005-4357,0.01955,0.77585
CVE-2005-4358,0.02172,0.79917
CVE-2005-4359,0.01213,0.6557
CVE-2005-4360,0.58548,0.98802
CVE-2005-4361,0.01917,0.77071
CVE-2005-4362,0.01213,0.6557
CVE-2005-4363,0.02945,0.82784
CVE-2005-4364,0.01917,0.77071
CVE-2005-4365,0.02945,0.82784
CVE-2005-4366,0.03779,0.84781
CVE-2005-4367,0.01213,0.6557
CVE-2005-4368,0.01136,0.57949
CVE-2005-4369,0.01213,0.6557
CVE-2005-4370,0.01139,0.58345
CVE-2005-4371,0.04482,0.88223
CVE-2005-4372,0.01213,0.6557
CVE-2005-4373,0.01136,0.57949
CVE-2005-4374,0.02945,0.82784
CVE-2005-4375,0.01917,0.77071
CVE-2005-4376,0.01055,0.50287
CVE-2005-4377,0.01136,0.57949
CVE-2005-4378,0.00986,0.35784
CVE-2005-4379,0.01776,0.75902
CVE-2005-4380,0.04386,0.87542
CVE-2005-4381,0.02945,0.82784
CVE-2005-4382,0.01319,0.70416
CVE-2005-4383,0.01213,0.6557
CVE-2005-4384,0.01213,0.6557
CVE-2005-4385,0.01917,0.77071
CVE-2005-4386,0.01213,0.6557
CVE-2005-4387,0.01213,0.6557
CVE-2005-4388,0.01319,0.70416
CVE-2005-4389,0.01213,0.6557
CVE-2005-4390,0.00986,0.35784
CVE-2005-4391,0.01213,0.6557
CVE-2005-4392,0.01319,0.70416
CVE-2005-4393,0.01319,0.70416
CVE-2005-4394,0.01213,0.6557
CVE-2005-4395,0.01213,0.6557
CVE-2005-4396,0.01055,0.50287
CVE-2005-4397,0.01055,0.50287
CVE-2005-4398,0.01213,0.6557
CVE-2005-4399,0.01917,0.77071
CVE-2005-4400,0.01917,0.77071
CVE-2005-4401,0.01213,0.6557
CVE-2005-4402,0.05302,0.89375
CVE-2005-4403,0.00986,0.35784
CVE-2005-4404,0.01055,0.50287
CVE-2005-4405,0.01136,0.57949
CVE-2005-4406,0.01136,0.57949
CVE-2005-4407,0.01055,0.50287
CVE-2005-4408,0.01139,0.58345
CVE-2005-4409,0.01136,0.57949
CVE-2005-4410,0.01213,0.6557
CVE-2005-4411,0.733,0.99234
CVE-2005-4412,0.00885,0.26162
CVE-2005-4413,0.01136,0.57949
CVE-2005-4414,0.00885,0.26162
CVE-2005-4415,0.01917,0.77071
CVE-2005-4416,0.00986,0.35784
CVE-2005-4417,0.04187,0.86773
CVE-2005-4418,0.0095,0.30554
CVE-2005-4419,0.01139,0.58345
CVE-2005-4420,0.01213,0.6557
CVE-2005-4421,0.01213,0.6557
CVE-2005-4422,0.05302,0.89375
CVE-2005-4423,0.05532,0.89536
CVE-2005-4424,0.01232,0.66248
CVE-2005-4425,0.01213,0.6557
CVE-2005-4426,0.01132,0.54372
CVE-2005-4427,0.04386,0.87542
CVE-2005-4428,0.01319,0.70416
CVE-2005-4429,0.00986,0.35784
CVE-2005-4430,0.00986,0.35784
CVE-2005-4431,0.01136,0.57949
CVE-2005-4432,0.02945,0.82784
CVE-2005-4433,0.01213,0.6557
CVE-2005-4434,0.01213,0.6557
CVE-2005-4435,0.01917,0.77071
CVE-2005-4436,0.01319,0.70416
CVE-2005-4437,0.01974,0.7812
CVE-2005-4438,0.08263,0.93269
CVE-2005-4439,0.07544,0.92484
CVE-2005-4440,0.01136,0.57949
CVE-2005-4441,0.01136,0.57949
CVE-2005-4442,0.0089,0.2856
CVE-2005-4443,0.0089,0.2856
CVE-2005-4444,0.07996,0.93017
CVE-2005-4445,0.07525,0.92398
CVE-2005-4446,0.01055,0.50287
CVE-2005-4447,0.01055,0.50287
CVE-2005-4448,0.01018,0.38792
CVE-2005-4449,0.01132,0.54372
CVE-2005-4450,0.01055,0.50287
CVE-2005-4451,0.01974,0.7812
CVE-2005-4452,0.01055,0.50287
CVE-2005-4453,0.01132,0.54372
CVE-2005-4454,0.02945,0.82784
CVE-2005-4455,0.01055,0.50287
CVE-2005-4456,0.04291,0.87022
CVE-2005-4457,0.04465,0.87733
CVE-2005-4458,0.01282,0.67298
CVE-2005-4459,0.1127,0.94787
CVE-2005-4460,0.02945,0.82784
CVE-2005-4461,0.01139,0.58345
CVE-2005-4462,0.07687,0.92751
CVE-2005-4463,0.01319,0.70416
CVE-2005-4464,0.01213,0.6557
CVE-2005-4465,0.04291,0.87022
CVE-2005-4466,0.16668,0.95965
CVE-2005-4467,0.02172,0.79917
CVE-2005-4468,0.1127,0.94787
CVE-2005-4469,0.02172,0.79917
CVE-2005-4470,0.06604,0.91138
CVE-2005-4471,0.01213,0.6557
CVE-2005-4472,0.0547,0.89492
CVE-2005-4473,0.01213,0.6557
CVE-2005-4474,0.01737,0.75211
CVE-2005-4475,0.01136,0.57949
CVE-2005-4476,0.01917,0.77071
CVE-2005-4477,0.01917,0.77071
CVE-2005-4478,0.01139,0.58345
CVE-2005-4479,0.00986,0.35784
CVE-2005-4480,0.01136,0.57949
CVE-2005-4481,0.01213,0.6557
CVE-2005-4482,0.01917,0.77071
CVE-2005-4483,0.01917,0.77071
CVE-2005-4484,0.01917,0.77071
CVE-2005-4485,0.05649,0.89807
CVE-2005-4486,0.00986,0.35784
CVE-2005-4487,0.01213,0.6557
CVE-2005-4488,0.01917,0.77071
CVE-2005-4489,0.02945,0.82784
CVE-2005-4490,0.01917,0.77071
CVE-2005-4491,0.02945,0.82784
CVE-2005-4492,0.01213,0.6557
CVE-2005-4493,0.01213,0.6557
CVE-2005-4494,0.01319,0.70416
CVE-2005-4495,0.01213,0.6557
CVE-2005-4496,0.01917,0.77071
CVE-2005-4497,0.01917,0.77071
CVE-2005-4498,0.01136,0.57949
CVE-2005-4499,0.01319,0.70416
CVE-2005-4500,0.01139,0.58345
CVE-2005-4501,0.01319,0.70416
CVE-2005-4502,0.04894,0.88891
CVE-2005-4503,0.10995,0.94626999999999994
CVE-2005-4504,0.12567,0.95329
CVE-2005-4505,0.01924,0.77129
CVE-2005-4506,0.0095,0.30554
CVE-2005-4507,0.01213,0.6557
CVE-2005-4508,0.01136,0.57949
CVE-2005-4509,0.01213,0.6557
CVE-2005-4510,0.0679,0.91793
CVE-2005-4511,0.01592,0.74578
CVE-2005-4512,0.01136,0.57949
CVE-2005-4513,0.01213,0.6557
CVE-2005-4514,0.01108,0.53389
CVE-2005-4515,0.01319,0.70416
CVE-2005-4516,0.02945,0.82784
CVE-2005-4517,0.00986,0.35784
CVE-2005-4518,0.02172,0.79917
CVE-2005-4519,0.02172,0.79917
CVE-2005-4520,0.01537,0.73595
CVE-2005-4521,0.02172,0.79917
CVE-2005-4522,0.01955,0.77585
CVE-2005-4523,0.01319,0.70416
CVE-2005-4524,0.01018,0.38792
CVE-2005-4525,0.0095,0.30554
CVE-2005-4526,0.01213,0.6557
CVE-2005-4527,0.00986,0.35784
CVE-2005-4528,0.01213,0.6557
CVE-2005-4529,0.01136,0.57949
CVE-2005-4530,0.03407,0.83908
CVE-2005-4532,0.01872,0.76301
CVE-2005-4533,0.01108,0.53389
CVE-2005-4534,0.01537,0.73595
CVE-2005-4536,0.01034,0.39824
CVE-2005-4545,0.01213,0.6557
CVE-2005-4546,0.01319,0.70416
CVE-2005-4547,0.01213,0.6557
CVE-2005-4548,0.01213,0.6557
CVE-2005-4549,0.01213,0.6557
CVE-2005-4550,0.09885,0.94108
CVE-2005-4551,0.01213,0.6557
CVE-2005-4552,0.01282,0.67298
CVE-2005-4553,0.07687,0.92751
CVE-2005-4554,0.04386,0.87542
CVE-2005-4555,0.02945,0.82784
CVE-2005-4556,0.10995,0.94626999999999994
CVE-2005-4557,0.10995,0.94626999999999994
CVE-2005-4558,0.09659,0.94
CVE-2005-4559,0.10995,0.94626999999999994
CVE-2005-4560,0.90266,0.9985
CVE-2005-4563,0.01139,0.58345
CVE-2005-4564,0.01213,0.6557
CVE-2005-4565,0.01213,0.6557
CVE-2005-4566,0.01213,0.6557
CVE-2005-4567,0.01408,0.72072
CVE-2005-4568,0.06523,0.90962
CVE-2005-4569,0.06523,0.90962
CVE-2005-4570,0.01213,0.6557
CVE-2005-4571,0.01213,0.6557
CVE-2005-4572,0.01213,0.6557
CVE-2005-4573,0.20096,0.96253
CVE-2005-4574,0.01917,0.77071
CVE-2005-4575,0.01213,0.6557
CVE-2005-4576,0.01917,0.77071
CVE-2005-4577,0.01319,0.70416
CVE-2005-4578,0.01213,0.6557
CVE-2005-4579,0.01319,0.70416
CVE-2005-4580,0.01213,0.6557
CVE-2005-4581,0.01755,0.75287
CVE-2005-4582,0.01136,0.57949
CVE-2005-4583,0.07525,0.92398
CVE-2005-4584,0.0679,0.91793
CVE-2005-4585,0.03779,0.84781
CVE-2005-4586,0.01319,0.70416
CVE-2005-4587,0.01213,0.6557
CVE-2005-4588,0.01917,0.77071
CVE-2005-4589,0.01034,0.39824
CVE-2005-4590,0.0095,0.30554
CVE-2005-4591,0.07544,0.92484
CVE-2005-4592,0.05139,0.89128
CVE-2005-4593,0.40588,0.98099
CVE-2005-4594,0.07777,0.92953
CVE-2005-4595,0.01872,0.76301
CVE-2005-4596,0.01917,0.77071
CVE-2005-4597,0.01213,0.6557
CVE-2005-4598,0.01917,0.77071
CVE-2005-4599,0.01776,0.75902
CVE-2005-4600,0.02172,0.79917
CVE-2005-4601,0.04358,0.87435
CVE-2005-4602,0.01319,0.70416
CVE-2005-4603,0.01319,0.70416
CVE-2005-4604,0.01818,0.76133
CVE-2005-4605,0.04669,0.88544
CVE-2005-4606,0.01319,0.70416
CVE-2005-4607,0.01319,0.70416
CVE-2005-4608,0.01319,0.70416
CVE-2005-4609,0.01213,0.6557
CVE-2005-4610,0.06523,0.90962
CVE-2005-4611,0.01136,0.57949
CVE-2005-4612,0.01213,0.6557
CVE-2005-4613,0.01136,0.57949
CVE-2005-4614,0.01319,0.70416
CVE-2005-4615,0.01136,0.57949
CVE-2005-4616,0.01136,0.57949
CVE-2005-4617,0.01136,0.57949
CVE-2005-4618,0.01547,0.74085
CVE-2005-4619,0.01136,0.57949
CVE-2005-4620,0.01899,0.76481
CVE-2005-4621,0.01213,0.6557
CVE-2005-4622,0.07687,0.92751
CVE-2005-4623,0.01213,0.6557
CVE-2005-4624,0.01136,0.57949
CVE-2005-4625,0.01136,0.57949
CVE-2005-4626,0.01055,0.50287
CVE-2005-4627,0.02945,0.82784
CVE-2005-4628,0.01055,0.50287
CVE-2005-4629,0.01055,0.50287
CVE-2005-4630,0.01319,0.70416
CVE-2005-4631,0.01055,0.50287
CVE-2005-4632,0.01055,0.50287
CVE-2005-4634,0.01055,0.50287
CVE-2005-4635,0.01319,0.70416
CVE-2005-4636,0.0089,0.2856
CVE-2005-4637,0.01917,0.77071
CVE-2005-4638,0.01136,0.57949
CVE-2005-4639,0.01872,0.76301
CVE-2005-4640,0.01055,0.50287
CVE-2005-4641,0.01055,0.50287
CVE-2005-4642,0.01955,0.77585
CVE-2005-4643,0.01213,0.6557
CVE-2005-4644,0.01408,0.72072
CVE-2005-4645,0.01136,0.57949
CVE-2005-4646,0.04482,0.88223
CVE-2005-4647,0.00986,0.35784
CVE-2005-4648,0.03432,0.83945
CVE-2005-4649,0.01136,0.57949
CVE-2005-4650,0.01136,0.57949
CVE-2005-4651,0.01055,0.50287
CVE-2005-4652,0.01319,0.70416
CVE-2005-4653,0.01213,0.6557
CVE-2005-4654,0.01136,0.57949
CVE-2005-4655,0.01213,0.6557
CVE-2005-4656,0.01139,0.58345
CVE-2005-4657,0.04187,0.86773
CVE-2005-4658,0.01213,0.6557
CVE-2005-4659,0.0095,0.30554
CVE-2005-4660,0.0089,0.2856
CVE-2005-4661,0.01213,0.6557
CVE-2005-4662,0.01319,0.70416
CVE-2005-4663,0.01136,0.57949
CVE-2005-4664,0.00986,0.35784
CVE-2005-4665,0.01776,0.75902
CVE-2005-4666,0.01319,0.70416
CVE-2005-4667,0.06818,0.91799
CVE-2005-4668,0.0095,0.30554
CVE-2005-4669,0.01055,0.50287
CVE-2005-4670,0.01917,0.77071
CVE-2005-4671,0.01917,0.77071
CVE-2005-4672,0.01213,0.6557
CVE-2005-4673,0.01213,0.6557
CVE-2005-4674,0.00986,0.35784
CVE-2005-4675,0.01917,0.77071
CVE-2005-4676,0.0679,0.91793
CVE-2005-4677,0.01319,0.70416
CVE-2005-4678,0.01055,0.50287
CVE-2005-4679,0.06956,0.91856
CVE-2005-4680,0.01136,0.57949
CVE-2005-4681,0.01755,0.75287
CVE-2005-4682,0.01213,0.6557
CVE-2005-4683,0.0095,0.30554
CVE-2005-4684,0.01136,0.57949
CVE-2005-4685,0.01136,0.57949
CVE-2005-4686,0.01018,0.38792
CVE-2005-4687,0.01213,0.6557
CVE-2005-4688,0.00885,0.26162
CVE-2005-4689,0.01055,0.50287
CVE-2005-4690,0.0089,0.2856
CVE-2005-4691,0.01034,0.39824
CVE-2005-4692,0.00885,0.26162
CVE-2005-4693,0.01136,0.57949
CVE-2005-4694,0.09006,0.9374
CVE-2005-4695,0.01319,0.70416
CVE-2005-4696,0.02778,0.82209
CVE-2005-4697,0.02227,0.80447
CVE-2005-4698,0.02945,0.82784
CVE-2005-4699,0.01319,0.70416
CVE-2005-4700,0.01213,0.6557
CVE-2005-4701,0.0095,0.30554
CVE-2005-4702,0.00986,0.35784
CVE-2005-4703,0.21029,0.96369
CVE-2005-4704,0.01055,0.50287
CVE-2005-4705,0.01055,0.50287
CVE-2005-4706,0.0095,0.30554
CVE-2005-4707,0.01213,0.6557
CVE-2005-4708,0.05462,0.89459
CVE-2005-4709,0.01136,0.57949
CVE-2005-4710,0.01132,0.54372
CVE-2005-4711,0.01136,0.57949
CVE-2005-4712,0.01055,0.50287
CVE-2005-4713,0.01319,0.70416
CVE-2005-4714,0.07687,0.92751
CVE-2005-4715,0.02172,0.79917
CVE-2005-4716,0.01136,0.57949
CVE-2005-4717,0.20999,0.96367
CVE-2005-4718,0.04187,0.86773
CVE-2005-4719,0.01319,0.70416
CVE-2005-4720,0.0679,0.91793
CVE-2005-4721,0.01213,0.6557
CVE-2005-4722,0.01213,0.6557
CVE-2005-4723,0.0679,0.91793
CVE-2005-4724,0.00986,0.35784
CVE-2005-4725,0.01055,0.50287
CVE-2005-4726,0.01136,0.57949
CVE-2005-4727,0.01408,0.72072
CVE-2005-4728,0.00885,0.26162
CVE-2005-4729,0.01319,0.70416
CVE-2005-4730,0.00885,0.26162
CVE-2005-4731,0.01136,0.57949
CVE-2005-4732,0.01136,0.57949
CVE-2005-4733,0.0089,0.2856
CVE-2005-4734,0.69307,0.99082
CVE-2005-4735,0.01132,0.54372
CVE-2005-4736,0.01061,0.51015
CVE-2005-4737,0.01136,0.57949
CVE-2005-4738,0.01061,0.51015
CVE-2005-4739,0.01061,0.51015
CVE-2005-4740,0.01061,0.51015
CVE-2005-4741,0.01108,0.53389
CVE-2005-4742,0.00885,0.26162
CVE-2005-4743,0.01136,0.57949
CVE-2005-4744,0.08228,0.93218
CVE-2005-4745,0.01213,0.6557
CVE-2005-4746,0.01319,0.70416
CVE-2005-4747,0.01136,0.57949
CVE-2005-4748,0.01055,0.50287
CVE-2005-4749,0.01213,0.6557
CVE-2005-4750,0.01136,0.57949
CVE-2005-4751,0.01136,0.57949
CVE-2005-4752,0.0089,0.2856
CVE-2005-4753,0.00954,0.34522
CVE-2005-4754,0.01136,0.57949
CVE-2005-4755,0.0095,0.30554
CVE-2005-4756,0.00954,0.34522
CVE-2005-4757,0.01136,0.57949
CVE-2005-4758,0.01061,0.51015
CVE-2005-4759,0.00954,0.34522
CVE-2005-4760,0.00954,0.34522
CVE-2005-4761,0.0089,0.2856
CVE-2005-4762,0.0089,0.2856
CVE-2005-4763,0.01136,0.57949
CVE-2005-4764,0.01136,0.57949
CVE-2005-4765,0.01136,0.57949
CVE-2005-4766,0.01136,0.57949
CVE-2005-4767,0.01213,0.6557
CVE-2005-4768,0.01136,0.57949
CVE-2005-4769,0.00986,0.35784
CVE-2005-4770,0.00986,0.35784
CVE-2005-4771,0.00885,0.26162
CVE-2005-4772,0.00885,0.26162
CVE-2005-4773,0.00885,0.26162
CVE-2005-4774,0.01917,0.77071
CVE-2005-4775,0.01055,0.50287
CVE-2005-4776,0.0089,0.2856
CVE-2005-4777,0.0095,0.30554
CVE-2005-4778,0.00885,0.26162
CVE-2005-4779,0.0095,0.30554
CVE-2005-4780,0.01917,0.77071
CVE-2005-4781,0.00986,0.35784
CVE-2005-4782,0.0095,0.30554
CVE-2005-4783,0.01034,0.39824
CVE-2005-4784,0.02172,0.79379
CVE-2005-4785,0.01319,0.70416
CVE-2005-4786,0.04421,0.87629
CVE-2005-4787,0.01136,0.57949
CVE-2005-4788,0.00885,0.26162
CVE-2005-4789,0.00885,0.26162
CVE-2005-4790,0.02172,0.79379
CVE-2005-4791,0.01755,0.75287
CVE-2005-4792,0.01055,0.50287
CVE-2005-4793,0.00885,0.26162
CVE-2005-4794,0.02172,0.79917
CVE-2005-4795,0.0095,0.30554
CVE-2005-4796,0.0095,0.30554
CVE-2005-4797,0.66589,0.99006
CVE-2005-4798,0.01537,0.73595
CVE-2005-4799,0.04894,0.88891
CVE-2005-4800,0.01132,0.54372
CVE-2005-4801,0.01213,0.6557
CVE-2005-4802,0.01755,0.75287
CVE-2005-4803,0.01034,0.39824
CVE-2005-4804,0.01319,0.70416
CVE-2005-4805,0.01213,0.6557
CVE-2005-4806,0.01213,0.6557
CVE-2005-4807,0.09006,0.9374
CVE-2005-4808,0.00954,0.34522
CVE-2005-4809,0.0679,0.91793
CVE-2005-4810,0.11676,0.94929
CVE-2005-4811,0.01282,0.67298
CVE-2005-4812,0.01319,0.70416
CVE-2005-4813,0.01408,0.72072
CVE-2005-4814,0.01055,0.50287
CVE-2005-4815,0.06523,0.90962
CVE-2005-4816,0.04291,0.87022
CVE-2005-4817,0.03073,0.82961
CVE-2005-4818,0.01055,0.50287
CVE-2005-4819,0.01319,0.70416
CVE-2005-4820,0.01055,0.50287
CVE-2005-4821,0.00986,0.35784
CVE-2005-4822,0.01319,0.70416
CVE-2005-4823,0.25374,0.96854
CVE-2005-4824,0.01055,0.50287
CVE-2005-4825,0.01136,0.57949
CVE-2005-4826,0.02172,0.79917
CVE-2005-4827,0.13105,0.9547
CVE-2005-4828,0.00954,0.34522
CVE-2005-4829,0.00885,0.26162
CVE-2005-4830,0.01136,0.57949
CVE-2005-4831,0.01213,0.6557
CVE-2005-4832,0.66826,0.9901
CVE-2005-4833,0.01319,0.70416
CVE-2005-4834,0.01319,0.70416
CVE-2005-4835,0.01408,0.72072
CVE-2005-4836,0.01484,0.72722
CVE-2005-4837,0.02172,0.79917
CVE-2005-4838,0.06394,0.90534
CVE-2005-4839,0.00885,0.26162
CVE-2005-4840,0.13105,0.9547
CVE-2005-4841,0.06956,0.91856
CVE-2005-4842,0.06956,0.91856
CVE-2005-4843,0.06956,0.91856
CVE-2005-4844,0.06956,0.91856
CVE-2005-4845,0.01055,0.50287
CVE-2005-4846,0.01737,0.75211
CVE-2005-4847,0.00885,0.26162
CVE-2005-4848,0.06523,0.90962
CVE-2005-4849,0.00954,0.34522
CVE-2005-4850,0.01055,0.50287
CVE-2005-4851,0.01055,0.50287
CVE-2005-4852,0.01055,0.50287
CVE-2005-4853,0.01055,0.50287
CVE-2005-4854,0.01055,0.50287
CVE-2005-4855,0.01055,0.50287
CVE-2005-4856,0.01055,0.50287
CVE-2005-4857,0.01055,0.50287
CVE-2005-4858,0.01055,0.50287
CVE-2005-4859,0.01055,0.50287
CVE-2005-4860,0.0089,0.2856
CVE-2005-4861,0.01213,0.6557
CVE-2005-4862,0.01055,0.50287
CVE-2005-4863,0.01755,0.75287
CVE-2005-4864,0.01755,0.75287
CVE-2005-4865,0.07777,0.92953
CVE-2005-4866,0.01319,0.70416
CVE-2005-4867,0.07525,0.92398
CVE-2005-4868,0.01924,0.77129
CVE-2005-4869,0.01924,0.77129
CVE-2005-4870,0.07525,0.92398
CVE-2005-4871,0.01213,0.6557
CVE-2005-4872,0.02686,0.82061
CVE-2005-4873,0.03432,0.83945
CVE-2005-4874,0.01136,0.57949
CVE-2005-4875,0.01136,0.57949
CVE-2005-4876,0.01055,0.50287
CVE-2005-4877,0.01055,0.50287
CVE-2005-4878,0.01213,0.6557
CVE-2005-4879,0.01917,0.77071
CVE-2005-4880,0.04187,0.86773
CVE-2005-4881,0.01547,0.74085
CVE-2005-4882,0.01213,0.6557
CVE-2005-4883,0.01055,0.50287
CVE-2005-4884,0.01055,0.50287
CVE-2005-4885,0.01055,0.50287
CVE-2005-4886,0.01213,0.6557
CVE-2005-4887,0.00885,0.26162
CVE-2005-4888,0.01055,0.50287
CVE-2005-4889,0.0095,0.30554
CVE-2005-4890,0.01282,0.67298
CVE-2005-4891,0.01564,0.74439
CVE-2005-4895,0.00885,0.26162
CVE-2005-4900,0.01537,0.73595
CVE-2004-0001,0.01034,0.39824
CVE-2004-0002,0.01055,0.50287
CVE-2004-0003,0.01547,0.74085
CVE-2004-0004,0.01319,0.70416
CVE-2004-0005,0.08228,0.93218
CVE-2004-0006,0.08228,0.93218
CVE-2004-0007,0.08228,0.93218
CVE-2004-0008,0.08228,0.93218
CVE-2004-0009,0.01319,0.70416
CVE-2004-0010,0.01547,0.74085
CVE-2004-0011,0.06523,0.90962
CVE-2004-0013,0.01319,0.70416
CVE-2004-0014,0.03214,0.83353
CVE-2004-0015,0.0089,0.2856
CVE-2004-0016,0.01213,0.6557
CVE-2004-0017,0.01213,0.6557
CVE-2004-0028,0.01136,0.57949
CVE-2004-0029,0.01034,0.39824
CVE-2004-0030,0.0679,0.91793
CVE-2004-0031,0.01213,0.6557
CVE-2004-0032,0.01917,0.77071
CVE-2004-0033,0.04482,0.88223
CVE-2004-0034,0.01776,0.75902
CVE-2004-0035,0.01213,0.6557
CVE-2004-0036,0.01213,0.6557
CVE-2004-0037,0.01319,0.70416
CVE-2004-0038,0.01213,0.6557
CVE-2004-0039,0.08263,0.93269
CVE-2004-0040,0.08263,0.93269
CVE-2004-0041,0.01213,0.6557
CVE-2004-0042,0.01055,0.50287
CVE-2004-0043,0.05139,0.89128
CVE-2004-0044,0.01213,0.6557
CVE-2004-0045,0.07777,0.92953
CVE-2004-0046,0.02945,0.82784
CVE-2004-0047,0.01034,0.39824
CVE-2004-0049,0.01132,0.54372
CVE-2004-0050,0.01213,0.6557
CVE-2004-0051,0.01136,0.57949
CVE-2004-0052,0.01136,0.57949
CVE-2004-0053,0.01136,0.57949
CVE-2004-0054,0.05139,0.89128
CVE-2004-0055,0.04358,0.87435
CVE-2004-0056,0.04291,0.87022
CVE-2004-0057,0.04358,0.87435
CVE-2004-0058,0.0095,0.30554
CVE-2004-0059,0.01055,0.50287
CVE-2004-0060,0.01055,0.50287
CVE-2004-0061,0.01055,0.50287
CVE-2004-0062,0.01055,0.50287
CVE-2004-0063,0.01018,0.38792
CVE-2004-0064,0.01761,0.7555
CVE-2004-0065,0.01136,0.57949
CVE-2004-0066,0.01136,0.57949
CVE-2004-0067,0.21871,0.96424
CVE-2004-0068,0.01213,0.6557
CVE-2004-0069,0.07687,0.92751
CVE-2004-0070,0.04482,0.88223
CVE-2004-0071,0.04187,0.86773
CVE-2004-0072,0.0679,0.91793
CVE-2004-0073,0.0679,0.91793
CVE-2004-0074,0.01924,0.77129
CVE-2004-0075,0.01282,0.67298
CVE-2004-0077,0.04005,0.85278
CVE-2004-0078,0.08228,0.93218
CVE-2004-0079,0.07559,0.92528
CVE-2004-0080,0.01537,0.73595
CVE-2004-0081,0.07559,0.92528
CVE-2004-0082,0.01183,0.60428
CVE-2004-0083,0.42868,0.98186
CVE-2004-0084,0.42881,0.98198
CVE-2004-0085,0.00954,0.34522
CVE-2004-0086,0.00885,0.26162
CVE-2004-0087,0.0095,0.30554
CVE-2004-0088,0.0089,0.2856
CVE-2004-0089,0.01034,0.39824
CVE-2004-0090,0.01018,0.38792
CVE-2004-0091,0.01213,0.6557
CVE-2004-0092,0.00885,0.26162
CVE-2004-0093,0.05139,0.89128
CVE-2004-0094,0.05139,0.89128
CVE-2004-0095,0.06211,0.90307
CVE-2004-0096,0.01484,0.72722
CVE-2004-0097,0.07544,0.92484
CVE-2004-0099,0.0095,0.30554
CVE-2004-0103,0.0095,0.30554
CVE-2004-0104,0.40588,0.98099
CVE-2004-0105,0.1127,0.94787
CVE-2004-0106,0.01547,0.74085
CVE-2004-0107,0.01282,0.67298
CVE-2004-0108,0.0095,0.30554
CVE-2004-0109,0.03883,0.84912
CVE-2004-0110,0.42881,0.98198
CVE-2004-0111,0.01537,0.73595
CVE-2004-0112,0.07559,0.92528
CVE-2004-0113,0.07344,0.92237
CVE-2004-0114,0.02046,0.7858
CVE-2004-0115,0.04282,0.86885
CVE-2004-0116,0.20648,0.96329
CVE-2004-0117,0.46718,0.98435
CVE-2004-0118,0.04671,0.88546
CVE-2004-0119,0.36031,0.97768
CVE-2004-0120,0.40848,0.98127
CVE-2004-0121,0.40848,0.98127
CVE-2004-0122,0.13782,0.95593
CVE-2004-0123,0.36031,0.97768
CVE-2004-0124,0.20648,0.96329
CVE-2004-0125,0.0089,0.2856
CVE-2004-0126,0.0095,0.30554
CVE-2004-0127,0.01319,0.70416
CVE-2004-0128,0.0679,0.91793
CVE-2004-0129,0.07197,0.92068
CVE-2004-0130,0.01213,0.6557
CVE-2004-0131,0.01319,0.70416
CVE-2004-0132,0.04187,0.86773
CVE-2004-0133,0.01104,0.52279
CVE-2004-0134,0.0089,0.2856
CVE-2004-0135,0.0095,0.30554
CVE-2004-0136,0.0095,0.30554
CVE-2004-0137,0.0095,0.30554
CVE-2004-0138,0.01547,0.74085
CVE-2004-0139,0.01018,0.38792
CVE-2004-0143,0.01213,0.6557
CVE-2004-0148,0.01547,0.74085
CVE-2004-0149,0.0089,0.2856
CVE-2004-0150,0.07777,0.92953
CVE-2004-0151,0.0095,0.30554
CVE-2004-0152,0.06523,0.90962
CVE-2004-0153,0.06523,0.90962
CVE-2004-0154,0.01108,0.53389
CVE-2004-0155,0.02172,0.79917
CVE-2004-0156,0.04229,0.86856
CVE-2004-0157,0.01755,0.75287
CVE-2004-0158,0.01761,0.7555
CVE-2004-0159,0.06211,0.90307
CVE-2004-0160,0.01592,0.74578
CVE-2004-0161,0.01136,0.57949
CVE-2004-0162,0.01136,0.57949
CVE-2004-0163,0.01136,0.57949
CVE-2004-0164,0.10995,0.94626999999999994
CVE-2004-0165,0.01319,0.70416
CVE-2004-0166,0.01018,0.38792
CVE-2004-0167,0.01108,0.53389
CVE-2004-0168,0.00954,0.34522
CVE-2004-0169,0.01319,0.70416
CVE-2004-0171,0.01319,0.70416
CVE-2004-0172,0.01592,0.74578
CVE-2004-0173,0.16417,0.95927
CVE-2004-0174,0.07344,0.92237
CVE-2004-0175,0.02686,0.82061
CVE-2004-0176,0.49148,0.98529
CVE-2004-0177,0.02686,0.82061
CVE-2004-0178,0.01547,0.74085
CVE-2004-0179,0.27992,0.97142
CVE-2004-0180,0.02686,0.82061
CVE-2004-0181,0.01282,0.67298
CVE-2004-0182,0.01055,0.50287
CVE-2004-0183,0.03779,0.84781
CVE-2004-0184,0.12567,0.95329
CVE-2004-0185,0.05139,0.89128
CVE-2004-0186,0.01924,0.77129
CVE-2004-0188,0.01755,0.75287
CVE-2004-0189,0.12567,0.95329
CVE-2004-0190,0.01018,0.38792
CVE-2004-0191,0.01537,0.73595
CVE-2004-0192,0.01917,0.77071
CVE-2004-0193,0.1127,0.94787
CVE-2004-0194,0.27387,0.97059
CVE-2004-0197,0.35008,0.9771
CVE-2004-0199,0.46718,0.98435
CVE-2004-0200,0.63976,0.98955
CVE-2004-0201,0.20648,0.96329
CVE-2004-0202,0.20648,0.96329
CVE-2004-0203,0.13525,0.9555
CVE-2004-0204,0.42393,0.98172
CVE-2004-0205,0.04671,0.88546
CVE-2004-0206,0.7573,0.99329
CVE-2004-0207,0.02221,0.80446
CVE-2004-0208,0.02428,0.80791
CVE-2004-0209,0.63976,0.98955
CVE-2004-0210,0.04459,0.87712
CVE-2004-0211,0.02221,0.80446
CVE-2004-0212,0.75095,0.99288
CVE-2004-0213,0.08006,0.93019
CVE-2004-0214,0.56056,0.98736
CVE-2004-0215,0.10169,0.94316
CVE-2004-0216,0.39294,0.97941
CVE-2004-0217,0.0089,0.2856
CVE-2004-0218,0.01408,0.72072
CVE-2004-0219,0.01319,0.70416
CVE-2004-0220,0.01319,0.70416
CVE-2004-0221,0.01319,0.70416
CVE-2004-0222,0.01319,0.70416
CVE-2004-0224,0.06523,0.90962
CVE-2004-0226,0.03073,0.82961
CVE-2004-0227,0.06523,0.90962
CVE-2004-0228,0.0322,0.83442
CVE-2004-0229,0.01034,0.39824
CVE-2004-0230,0.17792,0.96062
CVE-2004-0231,0.01034,0.39824
CVE-2004-0232,0.03073,0.82961
CVE-2004-0233,0.0322,0.83442
CVE-2004-0234,0.12248,0.95092
CVE-2004-0235,0.03779,0.84781
CVE-2004-0236,0.01213,0.6557
CVE-2004-0237,0.04482,0.88223
CVE-2004-0238,0.07019,0.91869
CVE-2004-0239,0.01213,0.6557
CVE-2004-0240,0.01055,0.50287
CVE-2004-0241,0.04187,0.86773
CVE-2004-0242,0.04187,0.86773
CVE-2004-0243,0.01136,0.57949
CVE-2004-0244,0.01924,0.77129
CVE-2004-0245,0.04187,0.86773
CVE-2004-0246,0.04187,0.86773
CVE-2004-0247,0.04187,0.86773
CVE-2004-0248,0.01213,0.6557
CVE-2004-0249,0.0679,0.91793
CVE-2004-0250,0.01213,0.6557
CVE-2004-0251,0.01917,0.77071
CVE-2004-0252,0.01213,0.6557
CVE-2004-0253,0.01136,0.57949
CVE-2004-0254,0.01917,0.77071
CVE-2004-0255,0.04187,0.86773
CVE-2004-0256,0.01104,0.52279
CVE-2004-0257,0.01408,0.72072
CVE-2004-0258,0.07996,0.93017
CVE-2004-0259,0.01136,0.57949
CVE-2004-0260,0.01213,0.6557
CVE-2004-0261,0.0679,0.91793
CVE-2004-0262,0.06523,0.90962
CVE-2004-0263,0.01484,0.72722
CVE-2004-0264,0.04187,0.86773
CVE-2004-0265,0.01917,0.77071
CVE-2004-0266,0.01737,0.75207
CVE-2004-0267,0.01104,0.52279
CVE-2004-0268,0.04187,0.86773
CVE-2004-0269,0.01737,0.75207
CVE-2004-0270,0.0679,0.91793
CVE-2004-0271,0.01917,0.77071
CVE-2004-0272,0.01136,0.57949
CVE-2004-0273,0.01213,0.6557
CVE-2004-0274,0.01319,0.70416
CVE-2004-0275,0.00986,0.35784
CVE-2004-0276,0.0679,0.91793
CVE-2004-0277,0.06211,0.90307
CVE-2004-0278,0.01136,0.57949
CVE-2004-0279,0.0089,0.2856
CVE-2004-0280,0.01136,0.57949
CVE-2004-0281,0.04187,0.86773
CVE-2004-0282,0.04482,0.88223
CVE-2004-0283,0.0089,0.2856
CVE-2004-0284,0.11676,0.94929
CVE-2004-0285,0.07197,0.92068
CVE-2004-0286,0.06211,0.90307
CVE-2004-0287,0.04187,0.86773
CVE-2004-0288,0.06523,0.90962
CVE-2004-0289,0.0089,0.2856
CVE-2004-0290,0.042659999999999997,0.86883
CVE-2004-0291,0.00986,0.35784
CVE-2004-0292,0.06211,0.90307
CVE-2004-0293,0.04187,0.86773
CVE-2004-0294,0.01136,0.57949
CVE-2004-0295,0.04187,0.86773
CVE-2004-0296,0.01213,0.6557
CVE-2004-0297,0.64607,0.98968
CVE-2004-0298,0.04187,0.86773
CVE-2004-0299,0.01761,0.7555
CVE-2004-0300,0.04386,0.87542
CVE-2004-0301,0.01917,0.77071
CVE-2004-0302,0.04187,0.86773
CVE-2004-0303,0.04187,0.86773
CVE-2004-0304,0.00986,0.35784
CVE-2004-0305,0.01917,0.77071
CVE-2004-0306,0.01136,0.57949
CVE-2004-0307,0.01213,0.6557
CVE-2004-0308,0.01018,0.38792
CVE-2004-0309,0.07777,0.92953
CVE-2004-0310,0.01136,0.57949
CVE-2004-0311,0.01213,0.6557
CVE-2004-0312,0.04187,0.86773
CVE-2004-0313,0.63115,0.98924
CVE-2004-0314,0.01055,0.50287
CVE-2004-0315,0.04291,0.87022
CVE-2004-0316,0.01213,0.6557
CVE-2004-0317,0.04291,0.87022
CVE-2004-0318,0.04187,0.86773
CVE-2004-0319,0.01917,0.77071
CVE-2004-0320,0.0095,0.30554
CVE-2004-0321,0.01213,0.6557
CVE-2004-0322,0.02945,0.82784
CVE-2004-0323,0.01139,0.58345
CVE-2004-0324,0.06523,0.90962
CVE-2004-0325,0.02851,0.82384
CVE-2004-0326,0.74393,0.99275
CVE-2004-0327,0.04187,0.86773
CVE-2004-0328,0.0089,0.2856
CVE-2004-0329,0.01136,0.57949
CVE-2004-0330,0.72015,0.99186
CVE-2004-0331,0.32265,0.97493
CVE-2004-0332,0.01136,0.57949
CVE-2004-0333,0.40588,0.98099
CVE-2004-0334,0.01213,0.6557
CVE-2004-0335,0.01213,0.6557
CVE-2004-0336,0.01213,0.6557
CVE-2004-0337,0.01917,0.77071
CVE-2004-0338,0.01136,0.57949
CVE-2004-0339,0.01136,0.57949
CVE-2004-0340,0.01899,0.76481
CVE-2004-0341,0.0095,0.30554
CVE-2004-0342,0.0095,0.30554
CVE-2004-0343,0.00986,0.35784
CVE-2004-0344,0.04187,0.86773
CVE-2004-0345,0.042659999999999997,0.86883
CVE-2004-0346,0.0089,0.2856
CVE-2004-0347,0.01232,0.66248
CVE-2004-0348,0.00986,0.35784
CVE-2004-0349,0.04187,0.86773
CVE-2004-0350,0.0095,0.30554
CVE-2004-0351,0.0095,0.30554
CVE-2004-0352,0.01213,0.6557
CVE-2004-0353,0.04482,0.88223
CVE-2004-0354,0.07687,0.92751
CVE-2004-0355,0.01136,0.57949
CVE-2004-0356,0.06523,0.90962
CVE-2004-0357,0.06523,0.90962
CVE-2004-0358,0.01917,0.77071
CVE-2004-0359,0.01213,0.6557
CVE-2004-0360,0.01924,0.77129
CVE-2004-0361,0.04187,0.86773
CVE-2004-0362,0.87658,0.99767
CVE-2004-0363,0.75392,0.99312
CVE-2004-0364,0.01408,0.72072
CVE-2004-0365,0.03779,0.84781
CVE-2004-0366,0.01018,0.38792
CVE-2004-0367,0.03779,0.84781
CVE-2004-0368,0.12248,0.95092
CVE-2004-0369,0.07777,0.92953
CVE-2004-0370,0.0095,0.30554
CVE-2004-0371,0.01319,0.70416
CVE-2004-0372,0.0095,0.30554
CVE-2004-0374,0.0679,0.91793
CVE-2004-0375,0.07197,0.92068
CVE-2004-0376,0.01319,0.70416
CVE-2004-0377,0.01319,0.70416
CVE-2004-0379,0.09772,0.94058
CVE-2004-0380,0.63976,0.98955
CVE-2004-0381,0.01282,0.67298
CVE-2004-0382,0.0089,0.2856
CVE-2004-0383,0.0089,0.2856
CVE-2004-0385,0.1127,0.94787
CVE-2004-0386,0.40588,0.98099
CVE-2004-0387,0.07996,0.93017
CVE-2004-0388,0.01791,0.76026
CVE-2004-0389,0.04187,0.86773
CVE-2004-0390,0.04187,0.86773
CVE-2004-0391,0.01213,0.6557
CVE-2004-0392,0.01213,0.6557
CVE-2004-0393,0.07687,0.92751
CVE-2004-0394,0.01547,0.74085
CVE-2004-0395,0.0089,0.2856
CVE-2004-0396,0.47944,0.98484
CVE-2004-0397,0.78095,0.99418
CVE-2004-0398,0.04421,0.87629
CVE-2004-0399,0.12822,0.95405
CVE-2004-0400,0.04291,0.87022
CVE-2004-0401,0.01108,0.53389
CVE-2004-0402,0.01592,0.74578
CVE-2004-0403,0.03779,0.84781
CVE-2004-0404,0.0095,0.30554
CVE-2004-0405,0.01537,0.73595
CVE-2004-0407,0.01319,0.70416
CVE-2004-0408,0.06523,0.90962
CVE-2004-0409,0.20096,0.96253
CVE-2004-0411,0.12248,0.95092
CVE-2004-0412,0.01974,0.7812
CVE-2004-0413,0.0547,0.89492
CVE-2004-0414,0.04229,0.86856
CVE-2004-0415,0.02046,0.7858
CVE-2004-0416,0.40588,0.98099
CVE-2004-0417,0.02172,0.79917
CVE-2004-0418,0.1127,0.94787
CVE-2004-0419,0.02172,0.79917
CVE-2004-0420,0.46718,0.98435
CVE-2004-0421,0.02686,0.82061
CVE-2004-0422,0.0089,0.2856
CVE-2004-0423,0.00885,0.26162
CVE-2004-0424,0.05625,0.89579
CVE-2004-0425,0.06523,0.90962
CVE-2004-0426,0.04358,0.87435
CVE-2004-0427,0.01547,0.74085
CVE-2004-0428,0.01108,0.53389
CVE-2004-0429,0.01108,0.53389
CVE-2004-0430,0.7081,0.99132
CVE-2004-0431,0.02479,0.80861
CVE-2004-0432,0.01108,0.53389
CVE-2004-0433,0.04291,0.87022
CVE-2004-0434,0.07777,0.92953
CVE-2004-0435,0.0095,0.30554
CVE-2004-0437,0.04187,0.86773
CVE-2004-0444,0.08228,0.93218
CVE-2004-0445,0.12567,0.95329
CVE-2004-0447,0.01547,0.74085
CVE-2004-0448,0.06523,0.90962
CVE-2004-0450,0.07777,0.92953
CVE-2004-0451,0.06523,0.90962
CVE-2004-0452,0.01547,0.74085
CVE-2004-0453,0.01592,0.74578
CVE-2004-0454,0.01592,0.74578
CVE-2004-0455,0.01592,0.74578
CVE-2004-0456,0.0292,0.82516
CVE-2004-0457,0.01034,0.39824
CVE-2004-0458,0.01136,0.57949
CVE-2004-0459,0.01408,0.72072
CVE-2004-0460,0.10159,0.94313
CVE-2004-0461,0.05766,0.89866
CVE-2004-0462,0.00885,0.26162
CVE-2004-0465,0.0679,0.91793
CVE-2004-0466,0.01319,0.70416
CVE-2004-0467,0.01408,0.72072
CVE-2004-0468,0.01213,0.6557
CVE-2004-0469,0.06523,0.90962
CVE-2004-0470,0.01108,0.53389
CVE-2004-0471,0.01034,0.39824
CVE-2004-0473,0.01319,0.70416
CVE-2004-0474,0.29415,0.97223
CVE-2004-0475,0.11676,0.94929
CVE-2004-0476,0.01213,0.6557
CVE-2004-0477,0.01213,0.6557
CVE-2004-0478,0.01136,0.57949
CVE-2004-0479,0.20999,0.96367
CVE-2004-0480,0.06523,0.90962
CVE-2004-0481,0.00885,0.26162
CVE-2004-0482,0.01282,0.67298
CVE-2004-0483,0.01319,0.70416
CVE-2004-0484,0.20999,0.96367
CVE-2004-0485,0.01319,0.70416
CVE-2004-0486,0.24471,0.96666
CVE-2004-0487,0.01974,0.7812
CVE-2004-0488,0.13298,0.95487
CVE-2004-0489,0.04935,0.88902
CVE-2004-0490,0.01924,0.77129
CVE-2004-0491,0.01104,0.52279
CVE-2004-0492,0.24053,0.96613
CVE-2004-0493,0.45589,0.98284
CVE-2004-0494,0.01213,0.6557
CVE-2004-0495,0.01282,0.67298
CVE-2004-0496,0.00885,0.26162
CVE-2004-0497,0.01924,0.77129
CVE-2004-0498,0.01055,0.50287
CVE-2004-0500,0.07544,0.92484
CVE-2004-0501,0.24729,0.96719
CVE-2004-0502,0.26556,0.96997
CVE-2004-0503,0.13782,0.95593
CVE-2004-0504,0.03779,0.84781
CVE-2004-0505,0.03779,0.84781
CVE-2004-0506,0.03779,0.84781
CVE-2004-0507,0.08228,0.93218
CVE-2004-0510,0.01899,0.76481
CVE-2004-0511,0.01963,0.77709
CVE-2004-0512,0.0089,0.2856
CVE-2004-0513,0.01018,0.38792
CVE-2004-0514,0.0095,0.30554
CVE-2004-0515,0.0095,0.30554
CVE-2004-0516,0.0095,0.30554
CVE-2004-0517,0.0095,0.30554
CVE-2004-0518,0.00954,0.34522
CVE-2004-0519,0.21871,0.96424
CVE-2004-0520,0.12328,0.95117
CVE-2004-0521,0.04358,0.87435
CVE-2004-0522,0.01213,0.6557
CVE-2004-0523,0.12248,0.95092
CVE-2004-0524,0.04715,0.88668
CVE-2004-0525,0.01136,0.57949
CVE-2004-0526,0.24729,0.96719
CVE-2004-0527,0.04187,0.86773
CVE-2004-0528,0.04187,0.86773
CVE-2004-0529,0.01034,0.39824
CVE-2004-0530,0.01592,0.74578
CVE-2004-0533,0.01132,0.54372
CVE-2004-0534,0.01213,0.6557
CVE-2004-0535,0.01547,0.74085
CVE-2004-0536,0.01034,0.39824
CVE-2004-0537,0.01183,0.60428
CVE-2004-0538,0.03477,0.84037
CVE-2004-0539,0.04679,0.88603
CVE-2004-0540,0.03884,0.84938
CVE-2004-0541,0.78095,0.99418
CVE-2004-0542,0.06523,0.90962
CVE-2004-0543,0.01974,0.7812
CVE-2004-0544,0.0322,0.83442
CVE-2004-0545,0.01034,0.39824
CVE-2004-0547,0.01136,0.57949
CVE-2004-0548,0.01899,0.76481
CVE-2004-0549,0.62765,0.98913
CVE-2004-0550,0.04679,0.88603
CVE-2004-0551,0.01136,0.57949
CVE-2004-0552,0.04187,0.86773
CVE-2004-0554,0.0322,0.83442
CVE-2004-0555,0.06523,0.90962
CVE-2004-0557,0.42881,0.98198
CVE-2004-0558,0.12567,0.95329
CVE-2004-0559,0.0095,0.30554
CVE-2004-0560,0.04465,0.87733
CVE-2004-0561,0.04465,0.87733
CVE-2004-0563,0.0095,0.30554
CVE-2004-0564,0.01034,0.39824
CVE-2004-0565,0.01547,0.74085
CVE-2004-0566,0.46718,0.98435
CVE-2004-0567,0.55037,0.98714
CVE-2004-0568,0.39294,0.97941
CVE-2004-0569,0.13782,0.95593
CVE-2004-0571,0.39294,0.97941
CVE-2004-0572,0.46718,0.98435
CVE-2004-0573,0.39294,0.97941
CVE-2004-0574,0.63976,0.98955
CVE-2004-0575,0.63976,0.98955
CVE-2004-0576,0.01136,0.57949
CVE-2004-0577,0.01136,0.57949
CVE-2004-0578,0.01136,0.57949
CVE-2004-0579,0.02172,0.79279
CVE-2004-0580,0.0679,0.91793
CVE-2004-0581,0.0089,0.2856
CVE-2004-0582,0.02172,0.79917
CVE-2004-0583,0.02172,0.79917
CVE-2004-0584,0.01213,0.6557
CVE-2004-0586,0.06523,0.90962
CVE-2004-0587,0.01282,0.67298
CVE-2004-0588,0.01213,0.6557
CVE-2004-0589,0.01213,0.6557
CVE-2004-0590,0.01213,0.6557
CVE-2004-0591,0.02945,0.82784
CVE-2004-0592,0.01136,0.57949
CVE-2004-0593,0.01213,0.6557
CVE-2004-0594,0.60994,0.98873
CVE-2004-0595,0.40709,0.98113
CVE-2004-0596,0.0089,0.2856
CVE-2004-0597,0.63976,0.98955
CVE-2004-0598,0.04358,0.87435
CVE-2004-0599,0.04358,0.87435
CVE-2004-0600,0.5514,0.98723
CVE-2004-0601,0.01213,0.6557
CVE-2004-0602,0.0089,0.2856
CVE-2004-0603,0.01213,0.6557
CVE-2004-0604,0.01319,0.70416
CVE-2004-0605,0.04187,0.86773
CVE-2004-0606,0.06309,0.90494
CVE-2004-0607,0.03779,0.84781
CVE-2004-0608,0.79698,0.99475
CVE-2004-0609,0.01136,0.57949
CVE-2004-0610,0.13525,0.9555
CVE-2004-0611,0.01136,0.57949
CVE-2004-0612,0.01213,0.6557
CVE-2004-0613,0.07687,0.92751
CVE-2004-0614,0.01055,0.50287
CVE-2004-0615,0.03129,0.8316
CVE-2004-0616,0.04187,0.86773
CVE-2004-0617,0.01917,0.77071
CVE-2004-0618,0.01761,0.7555
CVE-2004-0619,0.01872,0.76301
CVE-2004-0620,0.01917,0.77071
CVE-2004-0621,0.04187,0.86773
CVE-2004-0622,0.01018,0.38792
CVE-2004-0623,0.06523,0.90962
CVE-2004-0624,0.01055,0.50287
CVE-2004-0625,0.01213,0.6557
CVE-2004-0626,0.01319,0.70416
CVE-2004-0627,0.04187,0.86773
CVE-2004-0628,0.04291,0.87022
CVE-2004-0629,0.06523,0.90962
CVE-2004-0630,0.07777,0.92953
CVE-2004-0631,0.07777,0.92953
CVE-2004-0632,0.06523,0.90962
CVE-2004-0633,0.12567,0.95329
CVE-2004-0634,0.03779,0.84781
CVE-2004-0635,0.03779,0.84781
CVE-2004-0636,0.72015,0.99186
CVE-2004-0637,0.0369,0.84277
CVE-2004-0638,0.06337,0.90513
CVE-2004-0639,0.02945,0.82784
CVE-2004-0640,0.06523,0.90962
CVE-2004-0641,0.01213,0.6557
CVE-2004-0642,0.1127,0.94787
CVE-2004-0643,0.02172,0.79379
CVE-2004-0644,0.03779,0.84781
CVE-2004-0645,0.1127,0.94787
CVE-2004-0646,0.07777,0.92953
CVE-2004-0647,0.0095,0.30554
CVE-2004-0648,0.07197,0.92068
CVE-2004-0649,0.06523,0.90962
CVE-2004-0650,0.01213,0.6557
CVE-2004-0651,0.01319,0.70416
CVE-2004-0652,0.01034,0.39824
CVE-2004-0653,0.01282,0.67298
CVE-2004-0654,0.01034,0.39824
CVE-2004-0655,0.0089,0.2856
CVE-2004-0656,0.01136,0.57949
CVE-2004-0657,0.00954,0.34522
CVE-2004-0658,0.02172,0.79279
CVE-2004-0659,0.07687,0.92751
CVE-2004-0660,0.01917,0.77071
CVE-2004-0661,0.01319,0.70416
CVE-2004-0662,0.01213,0.6557
CVE-2004-0663,0.01136,0.57949
CVE-2004-0664,0.04187,0.86773
CVE-2004-0665,0.04187,0.86773
CVE-2004-0666,0.01213,0.6557
CVE-2004-0667,0.0095,0.30554
CVE-2004-0668,0.04187,0.86773
CVE-2004-0669,0.01136,0.57949
CVE-2004-0670,0.01213,0.6557
CVE-2004-0671,0.04187,0.86773
CVE-2004-0672,0.01917,0.77071
CVE-2004-0673,0.01917,0.77071
CVE-2004-0674,0.01213,0.6557
CVE-2004-0675,0.01917,0.77071
CVE-2004-0676,0.04187,0.86773
CVE-2004-0677,0.01055,0.50287
CVE-2004-0678,0.01917,0.77071
CVE-2004-0679,0.01319,0.70416
CVE-2004-0680,0.01136,0.57949
CVE-2004-0681,0.01917,0.77071
CVE-2004-0682,0.04187,0.86773
CVE-2004-0683,0.04187,0.86773
CVE-2004-0684,0.01136,0.57949
CVE-2004-0685,0.01547,0.74085
CVE-2004-0686,0.02686,0.82061
CVE-2004-0687,0.12248,0.95092
CVE-2004-0688,0.12248,0.95092
CVE-2004-0689,0.01104,0.52279
CVE-2004-0690,0.01282,0.67298
CVE-2004-0691,0.35205,0.97726
CVE-2004-0692,0.01974,0.7812
CVE-2004-0693,0.01408,0.72072
CVE-2004-0694,0.04146,0.85406
CVE-2004-0695,0.74393,0.99275
CVE-2004-0696,0.01213,0.6557
CVE-2004-0697,0.01136,0.57949
CVE-2004-0698,0.0089,0.2856
CVE-2004-0699,0.1127,0.94787
CVE-2004-0700,0.03779,0.84781
CVE-2004-0701,0.0095,0.30554
CVE-2004-0702,0.01136,0.57949
CVE-2004-0703,0.00954,0.34522
CVE-2004-0704,0.01136,0.57949
CVE-2004-0705,0.01213,0.6557
CVE-2004-0706,0.0095,0.30554
CVE-2004-0707,0.01213,0.6557
CVE-2004-0708,0.01319,0.70416
CVE-2004-0709,0.01213,0.6557
CVE-2004-0710,0.01213,0.6557
CVE-2004-0711,0.01213,0.6557
CVE-2004-0712,0.0095,0.30554
CVE-2004-0713,0.01213,0.6557
CVE-2004-0714,0.01319,0.70416
CVE-2004-0715,0.01108,0.53389
CVE-2004-0716,0.25143,0.96828
CVE-2004-0717,0.00954,0.34522
CVE-2004-0718,0.02686,0.82061
CVE-2004-0719,0.06118,0.90183
CVE-2004-0720,0.00954,0.34522
CVE-2004-0721,0.01183,0.60428
CVE-2004-0722,0.40588,0.98099
CVE-2004-0723,0.11676,0.94929
CVE-2004-0724,0.01136,0.57949
CVE-2004-0725,0.01917,0.77071
CVE-2004-0726,0.11676,0.94929
CVE-2004-0727,0.42578,0.98181
CVE-2004-0728,0.18563,0.96143
CVE-2004-0729,0.01213,0.6557
CVE-2004-0730,0.01319,0.70416
CVE-2004-0731,0.01136,0.57949
CVE-2004-0732,0.01136,0.57949
CVE-2004-0733,0.06211,0.90307
CVE-2004-0734,0.04187,0.86773
CVE-2004-0735,0.72015,0.99186
CVE-2004-0736,0.01055,0.50287
CVE-2004-0737,0.01055,0.50287
CVE-2004-0738,0.01055,0.50287
CVE-2004-0739,0.02791,0.82239
CVE-2004-0740,0.04187,0.86773
CVE-2004-0741,0.01055,0.50287
CVE-2004-0742,0.01213,0.6557
CVE-2004-0743,0.00954,0.34522
CVE-2004-0744,0.01213,0.6557
CVE-2004-0745,0.01108,0.53389
CVE-2004-0746,0.01408,0.72072
CVE-2004-0747,0.03052,0.82933
CVE-2004-0748,0.07344,0.92237
CVE-2004-0749,0.01213,0.6557
CVE-2004-0750,0.01018,0.38792
CVE-2004-0751,0.33043,0.97543
CVE-2004-0752,0.01547,0.74085
CVE-2004-0753,0.03779,0.84781
CVE-2004-0754,0.07544,0.92484
CVE-2004-0755,0.01034,0.39824
CVE-2004-0757,0.04421,0.87629
CVE-2004-0758,0.03779,0.84781
CVE-2004-0759,0.01537,0.73595
CVE-2004-0760,0.10995,0.94626999999999994
CVE-2004-0761,0.02172,0.79917
CVE-2004-0762,0.02686,0.82061
CVE-2004-0763,0.12567,0.95329
CVE-2004-0764,0.02686,0.82061
CVE-2004-0765,0.01319,0.70416
CVE-2004-0766,0.00885,0.26162
CVE-2004-0767,0.00885,0.26162
CVE-2004-0768,0.06523,0.90962
CVE-2004-0769,0.1127,0.94787
CVE-2004-0770,0.0095,0.30554
CVE-2004-0771,0.24062,0.96648
CVE-2004-0772,0.1127,0.94787
CVE-2004-0774,0.01055,0.50287
CVE-2004-0775,0.07777,0.92953
CVE-2004-0777,0.07687,0.92751
CVE-2004-0778,0.01319,0.70416
CVE-2004-0779,0.01213,0.6557
CVE-2004-0780,0.02172,0.79379
CVE-2004-0781,0.01136,0.57949
CVE-2004-0782,0.12248,0.95092
CVE-2004-0783,0.12248,0.95092
CVE-2004-0784,0.01319,0.70416
CVE-2004-0785,0.08228,0.93218
CVE-2004-0786,0.07344,0.92237
CVE-2004-0787,0.01213,0.6557
CVE-2004-0788,0.03779,0.84781
CVE-2004-0789,0.01319,0.70416
CVE-2004-0790,0.51478,0.9865
CVE-2004-0791,0.12567,0.95329
CVE-2004-0792,0.01537,0.73595
CVE-2004-0793,0.0089,0.2856
CVE-2004-0794,0.04146,0.85406
CVE-2004-0795,0.01774,0.75669
CVE-2004-0796,0.01408,0.72072
CVE-2004-0797,0.01547,0.74085
CVE-2004-0798,0.72015,0.99186
CVE-2004-0799,0.01136,0.57949
CVE-2004-0800,0.01034,0.39824
CVE-2004-0801,0.02172,0.79917
CVE-2004-0802,0.07996,0.93017
CVE-2004-0803,0.11354,0.94806
CVE-2004-0804,0.03407,0.83908
CVE-2004-0805,0.08263,0.93269
CVE-2004-0806,0.0322,0.83442
CVE-2004-0807,0.02172,0.79917
CVE-2004-0808,0.01974,0.7812
CVE-2004-0809,0.07344,0.92237
CVE-2004-0810,0.01319,0.70416
CVE-2004-0811,0.05242,0.89216
CVE-2004-0812,0.01755,0.75287
CVE-2004-0813,0.01547,0.74085
CVE-2004-0814,0.01815,0.76117
CVE-2004-0815,0.03779,0.84781
CVE-2004-0816,0.04482,0.88223
CVE-2004-0817,0.1127,0.94787
CVE-2004-0819,0.01136,0.57949
CVE-2004-0820,0.01963,0.77709
CVE-2004-0821,0.01034,0.39824
CVE-2004-0822,0.01837,0.76209
CVE-2004-0823,0.02172,0.79917
CVE-2004-0824,0.01924,0.77129
CVE-2004-0825,0.01408,0.72072
CVE-2004-0826,0.25143,0.96828
CVE-2004-0827,0.07544,0.92484
CVE-2004-0828,0.0095,0.30554
CVE-2004-0829,0.01213,0.6557
CVE-2004-0830,0.01213,0.6557
CVE-2004-0831,0.0089,0.2856
CVE-2004-0832,0.01974,0.7812
CVE-2004-0833,0.01213,0.6557
CVE-2004-0834,0.01592,0.74578
CVE-2004-0835,0.17792,0.96062
CVE-2004-0836,0.04229,0.86856
CVE-2004-0837,0.02686,0.82061
CVE-2004-0838,0.0095,0.30554
CVE-2004-0839,0.23038,0.96506
CVE-2004-0840,0.46718,0.98435
CVE-2004-0841,0.64302,0.9896
CVE-2004-0842,0.63483,0.98929
CVE-2004-0843,0.20648,0.96329
CVE-2004-0844,0.20648,0.96329
CVE-2004-0845,0.23038,0.96506
CVE-2004-0846,0.46718,0.98435
CVE-2004-0847,0.42393,0.98172
CVE-2004-0848,0.46718,0.98435
CVE-2004-0849,0.01136,0.57949
CVE-2004-0850,0.0095,0.30554
CVE-2004-0851,0.01034,0.39824
CVE-2004-0852,0.06523,0.90962
CVE-2004-0866,0.13525,0.9555
CVE-2004-0867,0.16864,0.95983
CVE-2004-0869,0.13525,0.9555
CVE-2004-0870,0.01213,0.6557
CVE-2004-0871,0.01213,0.6557
CVE-2004-0872,0.01213,0.6557
CVE-2004-0873,0.01055,0.50287
CVE-2004-0875,0.01136,0.57949
CVE-2004-0880,0.0095,0.30554
CVE-2004-0881,0.0095,0.30554
CVE-2004-0882,0.18601,0.96147
CVE-2004-0883,0.02686,0.82061
CVE-2004-0884,0.02172,0.79379
CVE-2004-0885,0.05242,0.89216
CVE-2004-0886,0.04358,0.87435
CVE-2004-0887,0.0095,0.30554
CVE-2004-0888,0.08228,0.93218
CVE-2004-0889,0.05139,0.89128
CVE-2004-0891,0.07544,0.92484
CVE-2004-0892,0.13105,0.9547
CVE-2004-0893,0.02428,0.80791
CVE-2004-0894,0.02582,0.81232
CVE-2004-0897,0.46718,0.98435
CVE-2004-0899,0.13525,0.9555
CVE-2004-0900,0.34513,0.97636
CVE-2004-0901,0.39294,0.97941
CVE-2004-0902,0.08228,0.93218
CVE-2004-0903,0.1127,0.94787
CVE-2004-0904,0.1127,0.94787
CVE-2004-0905,0.08336,0.93297
CVE-2004-0906,0.02172,0.79379
CVE-2004-0907,0.01592,0.74578
CVE-2004-0908,0.01537,0.73595
CVE-2004-0909,0.01408,0.72072
CVE-2004-0911,0.01213,0.6557
CVE-2004-0913,0.0095,0.30554
CVE-2004-0914,0.08228,0.93218
CVE-2004-0915,0.01055,0.50287
CVE-2004-0916,0.01213,0.6557
CVE-2004-0917,0.01213,0.6557
CVE-2004-0918,0.03779,0.84781
CVE-2004-0919,0.0095,0.30554
CVE-2004-0920,0.00954,0.34522
CVE-2004-0921,0.00885,0.26162
CVE-2004-0922,0.00885,0.26162
CVE-2004-0923,0.01282,0.67298
CVE-2004-0924,0.00885,0.26162
CVE-2004-0925,0.00885,0.26162
CVE-2004-0926,0.05106,0.89045
CVE-2004-0927,0.01055,0.50287
CVE-2004-0928,0.01974,0.7812
CVE-2004-0929,0.06523,0.90962
CVE-2004-0930,0.03779,0.84781
CVE-2004-0931,0.01213,0.6557
CVE-2004-0932,0.01136,0.57949
CVE-2004-0933,0.01213,0.6557
CVE-2004-0934,0.01213,0.6557
CVE-2004-0935,0.01213,0.6557
CVE-2004-0936,0.01213,0.6557
CVE-2004-0937,0.01213,0.6557
CVE-2004-0938,0.01319,0.70416
CVE-2004-0939,0.01319,0.70416
CVE-2004-0940,0.06815,0.91795
CVE-2004-0941,0.12248,0.95092
CVE-2004-0942,0.33043,0.97543
CVE-2004-0944,0.01213,0.6557
CVE-2004-0945,0.01213,0.6557
CVE-2004-0946,0.1127,0.94787
CVE-2004-0947,0.07777,0.92953
CVE-2004-0949,0.02686,0.82061
CVE-2004-0950,0.01213,0.6557
CVE-2004-0951,0.01213,0.6557
CVE-2004-0952,0.01319,0.70416
CVE-2004-0953,0.06211,0.90307
CVE-2004-0956,0.01319,0.70416
CVE-2004-0957,0.01104,0.52279
CVE-2004-0958,0.07197,0.92068
CVE-2004-0959,0.01104,0.52279
CVE-2004-0960,0.01213,0.6557
CVE-2004-0961,0.01213,0.6557
CVE-2004-0962,0.03696,0.84331
CVE-2004-0963,0.30511,0.97396
CVE-2004-0964,0.51585,0.98652
CVE-2004-0965,0.01769,0.75615
CVE-2004-0966,0.01282,0.67298
CVE-2004-0967,0.01547,0.74085
CVE-2004-0968,0.01282,0.67298
CVE-2004-0969,0.01034,0.39824
CVE-2004-0970,0.01034,0.39824
CVE-2004-0971,0.01104,0.52279
CVE-2004-0972,0.01034,0.39824
CVE-2004-0974,0.0089,0.2856
CVE-2004-0975,0.01282,0.67298
CVE-2004-0976,0.01282,0.67298
CVE-2004-0977,0.01282,0.67298
CVE-2004-0978,0.35008,0.9771
CVE-2004-0979,0.02221,0.80446
CVE-2004-0980,0.03214,0.83353
CVE-2004-0981,0.07777,0.92953
CVE-2004-0982,0.1127,0.94787
CVE-2004-0983,0.01319,0.70416
CVE-2004-0984,0.00885,0.26162
CVE-2004-0985,0.34513,0.97636
CVE-2004-0986,0.01408,0.72072
CVE-2004-0987,0.06523,0.90962
CVE-2004-0988,0.01055,0.50287
CVE-2004-0989,0.47944,0.98484
CVE-2004-0990,0.49148,0.98529
CVE-2004-0991,0.07777,0.92953
CVE-2004-0992,0.06523,0.90962
CVE-2004-0993,0.14677,0.95652
CVE-2004-0994,0.06523,0.90962
CVE-2004-0996,0.0322,0.83442
CVE-2004-0997,0.01282,0.67298
CVE-2004-0998,0.06523,0.90962
CVE-2004-0999,0.01136,0.57949
CVE-2004-1000,0.0089,0.2856
CVE-2004-1001,0.0095,0.30554
CVE-2004-1002,0.01136,0.57949
CVE-2004-1003,0.04187,0.86773
CVE-2004-1004,0.01213,0.6557
CVE-2004-1005,0.01213,0.6557
CVE-2004-1006,0.04685,0.8861
CVE-2004-1007,0.01055,0.50287
CVE-2004-1008,0.1127,0.94787
CVE-2004-1009,0.01213,0.6557
CVE-2004-1010,0.12248,0.95092
CVE-2004-1011,0.08263,0.93269
CVE-2004-1012,0.1127,0.94787
CVE-2004-1013,0.1127,0.94787
CVE-2004-1014,0.02172,0.79917
CVE-2004-1015,0.06523,0.90962
CVE-2004-1016,0.0322,0.83442
CVE-2004-1017,0.02686,0.82061
CVE-2004-1018,0.23224,0.96531
CVE-2004-1019,0.08228,0.93218
CVE-2004-1020,0.07197,0.92068
CVE-2004-1021,0.00885,0.26162
CVE-2004-1022,0.00885,0.26162
CVE-2004-1023,0.00885,0.26162
CVE-2004-1025,0.04291,0.87022
CVE-2004-1026,0.05139,0.89128
CVE-2004-1027,0.01408,0.72072
CVE-2004-1028,0.01592,0.74578
CVE-2004-1029,0.38895,0.97926
CVE-2004-1030,0.0095,0.30554
CVE-2004-1031,0.0095,0.30554
CVE-2004-1032,0.0089,0.2856
CVE-2004-1033,0.0095,0.30554
CVE-2004-1034,0.05139,0.89128
CVE-2004-1035,0.01055,0.50287
CVE-2004-1036,0.01776,0.75902
CVE-2004-1037,0.79593,0.99455
CVE-2004-1038,0.05052,0.89013
CVE-2004-1039,0.01213,0.6557
CVE-2004-1043,0.63976,0.98955
CVE-2004-1049,0.46718,0.98435
CVE-2004-1050,0.75095,0.99288
CVE-2004-1051,0.01282,0.67298
CVE-2004-1052,0.03214,0.83353
CVE-2004-1053,0.0292,0.82516
CVE-2004-1054,0.01899,0.76481
CVE-2004-1055,0.01136,0.57949
CVE-2004-1056,0.01815,0.76117
CVE-2004-1057,0.01282,0.67298
CVE-2004-1058,0.01547,0.74085
CVE-2004-1059,0.01213,0.6557
CVE-2004-1060,0.12567,0.95329
CVE-2004-1061,0.01319,0.70416
CVE-2004-1062,0.01213,0.6557
CVE-2004-1063,0.01537,0.73595
CVE-2004-1064,0.01537,0.73595
CVE-2004-1065,0.1127,0.94787
CVE-2004-1066,0.00885,0.26162
CVE-2004-1067,0.06523,0.90962
CVE-2004-1068,0.01547,0.74085
CVE-2004-1069,0.0095,0.30554
CVE-2004-1070,0.02172,0.79379
CVE-2004-1071,0.02172,0.79379
CVE-2004-1072,0.02172,0.79379
CVE-2004-1073,0.0322,0.83442
CVE-2004-1074,0.0322,0.83442
CVE-2004-1075,0.02945,0.82784
CVE-2004-1076,0.01755,0.75287
CVE-2004-1077,0.00954,0.34522
CVE-2004-1078,0.06523,0.90962
CVE-2004-1079,0.01034,0.39824
CVE-2004-1080,0.89134,0.99807
CVE-2004-1081,0.0095,0.30554
CVE-2004-1082,0.01484,0.72722
CVE-2004-1083,0.01319,0.70416
CVE-2004-1084,0.01319,0.70416
CVE-2004-1085,0.0095,0.30554
CVE-2004-1086,0.05106,0.89045
CVE-2004-1087,0.0095,0.30554
CVE-2004-1088,0.01213,0.6557
CVE-2004-1089,0.0095,0.30554
CVE-2004-1090,0.01213,0.6557
CVE-2004-1091,0.01213,0.6557
CVE-2004-1092,0.01213,0.6557
CVE-2004-1093,0.01213,0.6557
CVE-2004-1094,0.12248,0.95092
CVE-2004-1095,0.15607,0.95873
CVE-2004-1096,0.01319,0.70416
CVE-2004-1097,0.04291,0.87022
CVE-2004-1098,0.01213,0.6557
CVE-2004-1099,0.01213,0.6557
CVE-2004-1100,0.01917,0.77071
CVE-2004-1101,0.01917,0.77071
CVE-2004-1102,0.04187,0.86773
CVE-2004-1103,0.01213,0.6557
CVE-2004-1104,0.29415,0.97223
CVE-2004-1105,0.01319,0.70416
CVE-2004-1106,0.01319,0.70416
CVE-2004-1107,0.0095,0.30554
CVE-2004-1108,0.0095,0.30554
CVE-2004-1109,0.04187,0.86773
CVE-2004-1110,0.0095,0.30554
CVE-2004-1111,0.01319,0.70416
CVE-2004-1112,0.01213,0.6557
CVE-2004-1113,0.01213,0.6557
CVE-2004-1114,0.09915,0.94265
CVE-2004-1115,0.00885,0.26162
CVE-2004-1116,0.00885,0.26162
CVE-2004-1117,0.00885,0.26162
CVE-2004-1118,0.07687,0.92751
CVE-2004-1119,0.40588,0.98099
CVE-2004-1120,0.09006,0.9374
CVE-2004-1121,0.04482,0.88223
CVE-2004-1122,0.01213,0.6557
CVE-2004-1123,0.01055,0.50287
CVE-2004-1124,0.01034,0.39824
CVE-2004-1125,0.06604,0.91138
CVE-2004-1127,0.07687,0.92751
CVE-2004-1128,0.06523,0.90962
CVE-2004-1129,0.01213,0.6557
CVE-2004-1130,0.01213,0.6557
CVE-2004-1131,0.01592,0.74578
CVE-2004-1133,0.11676,0.94929
CVE-2004-1134,0.82752,0.99553
CVE-2004-1135,0.63428,0.98927
CVE-2004-1136,0.00885,0.26162
CVE-2004-1137,0.35205,0.97726
CVE-2004-1138,0.01034,0.39824
CVE-2004-1139,0.02172,0.79917
CVE-2004-1140,0.02172,0.79917
CVE-2004-1141,0.02172,0.79917
CVE-2004-1142,0.02172,0.79917
CVE-2004-1143,0.01213,0.6557
CVE-2004-1144,0.0095,0.30554
CVE-2004-1145,0.02172,0.79917
CVE-2004-1146,0.01319,0.70416
CVE-2004-1147,0.04187,0.86773
CVE-2004-1148,0.01136,0.57949
CVE-2004-1149,0.0089,0.2856
CVE-2004-1150,0.03429,0.83932
CVE-2004-1151,0.01034,0.39824
CVE-2004-1152,0.07777,0.92953
CVE-2004-1153,0.07231,0.92087
CVE-2004-1154,0.08228,0.93218
CVE-2004-1155,0.13782,0.95593
CVE-2004-1156,0.01955,0.77585
CVE-2004-1157,0.01213,0.6557
CVE-2004-1158,0.02172,0.79917
CVE-2004-1160,0.01213,0.6557
CVE-2004-1161,0.04187,0.86773
CVE-2004-1162,0.01319,0.70416
CVE-2004-1163,0.01055,0.50287
CVE-2004-1164,0.01136,0.57949
CVE-2004-1165,0.07197,0.92068
CVE-2004-1166,0.44552,0.98243
CVE-2004-1167,0.01136,0.57949
CVE-2004-1168,0.04679,0.88603
CVE-2004-1169,0.01055,0.50287
CVE-2004-1170,0.12567,0.95329
CVE-2004-1171,0.01547,0.74085
CVE-2004-1172,0.78095,0.99418
CVE-2004-1173,0.11676,0.94929
CVE-2004-1174,0.01018,0.38792
CVE-2004-1175,0.01213,0.6557
CVE-2004-1176,0.05139,0.89128
CVE-2004-1177,0.01776,0.75902
CVE-2004-1179,0.0095,0.30554
CVE-2004-1180,0.01213,0.6557
CVE-2004-1181,0.0095,0.30554
CVE-2004-1182,0.01319,0.70416
CVE-2004-1183,0.06604,0.91138
CVE-2004-1184,0.02186,0.8012
CVE-2004-1185,0.03779,0.84781
CVE-2004-1186,0.03779,0.84781
CVE-2004-1187,0.06523,0.90962
CVE-2004-1188,0.01018,0.38792
CVE-2004-1189,0.02172,0.79379
CVE-2004-1190,0.01034,0.39824
CVE-2004-1191,0.00885,0.26162
CVE-2004-1192,0.07687,0.92751
CVE-2004-1193,0.0095,0.30554
CVE-2004-1194,0.01136,0.57949
CVE-2004-1195,0.01136,0.57949
CVE-2004-1196,0.01917,0.77071
CVE-2004-1197,0.01213,0.6557
CVE-2004-1198,0.01213,0.6557
CVE-2004-1199,0.01136,0.57949
CVE-2004-1200,0.01213,0.6557
CVE-2004-1201,0.01213,0.6557
CVE-2004-1202,0.01213,0.6557
CVE-2004-1203,0.01213,0.6557
CVE-2004-1204,0.00885,0.26162
CVE-2004-1205,0.01055,0.50287
CVE-2004-1206,0.04187,0.86773
CVE-2004-1207,0.0679,0.91793
CVE-2004-1208,0.06211,0.90307
CVE-2004-1209,0.01055,0.50287
CVE-2004-1210,0.01917,0.77071
CVE-2004-1211,0.77084,0.99377
CVE-2004-1212,0.04187,0.86773
CVE-2004-1213,0.01917,0.77071
CVE-2004-1214,0.06523,0.90962
CVE-2004-1215,0.01136,0.57949
CVE-2004-1216,0.01136,0.57949
CVE-2004-1217,0.04187,0.86773
CVE-2004-1218,0.01213,0.6557
CVE-2004-1219,0.01213,0.6557
CVE-2004-1220,0.04187,0.86773
CVE-2004-1221,0.04187,0.86773
CVE-2004-1222,0.01136,0.57949
CVE-2004-1223,0.04187,0.86773
CVE-2004-1224,0.00885,0.26162
CVE-2004-1225,0.00986,0.35784
CVE-2004-1226,0.01055,0.50287
CVE-2004-1227,0.04187,0.86773
CVE-2004-1228,0.00885,0.26162
CVE-2004-1229,0.01213,0.6557
CVE-2004-1230,0.01136,0.57949
CVE-2004-1231,0.01136,0.57949
CVE-2004-1232,0.06523,0.90962
CVE-2004-1233,0.01136,0.57949
CVE-2004-1234,0.01547,0.74085
CVE-2004-1235,0.06815,0.91795
CVE-2004-1236,0.07777,0.92953
CVE-2004-1237,0.00885,0.26162
CVE-2004-1244,0.406,0.98111
CVE-2004-1254,0.05532,0.89536
CVE-2004-1255,0.04679,0.88603
CVE-2004-1256,0.07687,0.92751
CVE-2004-1257,0.04679,0.88603
CVE-2004-1258,0.04679,0.88603
CVE-2004-1259,0.05532,0.89536
CVE-2004-1260,0.07687,0.92751
CVE-2004-1261,0.05532,0.89536
CVE-2004-1262,0.04679,0.88603
CVE-2004-1263,0.02172,0.79279
CVE-2004-1264,0.07687,0.92751
CVE-2004-1265,0.04679,0.88603
CVE-2004-1266,0.04679,0.88603
CVE-2004-1267,0.14866,0.95678
CVE-2004-1268,0.01104,0.52279
CVE-2004-1269,0.07197,0.92068
CVE-2004-1270,0.01104,0.52279
CVE-2004-1271,0.04679,0.88603
CVE-2004-1272,0.04679,0.88603
CVE-2004-1273,0.04679,0.88603
CVE-2004-1274,0.04679,0.88603
CVE-2004-1275,0.04679,0.88603
CVE-2004-1276,0.00885,0.26162
CVE-2004-1277,0.00885,0.26162
CVE-2004-1278,0.04679,0.88603
CVE-2004-1279,0.04679,0.88603
CVE-2004-1280,0.00885,0.26162
CVE-2004-1281,0.00885,0.26162
CVE-2004-1282,0.07687,0.92751
CVE-2004-1283,0.04679,0.88603
CVE-2004-1284,0.07687,0.92751
CVE-2004-1285,0.04679,0.88603
CVE-2004-1286,0.05532,0.89536
CVE-2004-1287,0.02167,0.79257
CVE-2004-1288,0.07687,0.92751
CVE-2004-1289,0.05532,0.89536
CVE-2004-1290,0.04679,0.88603
CVE-2004-1291,0.04187,0.86773
CVE-2004-1292,0.07687,0.92751
CVE-2004-1293,0.05532,0.89536
CVE-2004-1294,0.00885,0.26162
CVE-2004-1295,0.00885,0.26162
CVE-2004-1296,0.0095,0.30554
CVE-2004-1297,0.04679,0.88603
CVE-2004-1298,0.05532,0.89536
CVE-2004-1299,0.04723,0.88691
CVE-2004-1300,0.07687,0.92751
CVE-2004-1301,0.05532,0.89536
CVE-2004-1302,0.01319,0.70416
CVE-2004-1303,0.04404,0.87551
CVE-2004-1304,0.042659999999999997,0.86883
CVE-2004-1305,0.44552,0.98243
CVE-2004-1306,0.547,0.98708
CVE-2004-1307,0.06105,0.90164
CVE-2004-1308,0.12248,0.95092
CVE-2004-1309,0.06523,0.90962
CVE-2004-1310,0.06523,0.90962
CVE-2004-1311,0.04291,0.87022
CVE-2004-1312,0.01213,0.6557
CVE-2004-1313,0.0089,0.2856
CVE-2004-1314,0.01213,0.6557
CVE-2004-1315,0.12567,0.95329
CVE-2004-1316,0.03779,0.84781
CVE-2004-1317,0.72015,0.99186
CVE-2004-1318,0.01955,0.77585
CVE-2004-1319,0.23038,0.96506
CVE-2004-1320,0.01136,0.57949
CVE-2004-1321,0.01055,0.50287
CVE-2004-1322,0.01213,0.6557
CVE-2004-1323,0.0095,0.30554
CVE-2004-1324,0.20999,0.96367
CVE-2004-1325,0.20999,0.96367
CVE-2004-1326,0.01899,0.76481
CVE-2004-1327,0.042659999999999997,0.86883
CVE-2004-1328,0.0095,0.30554
CVE-2004-1329,0.0247,0.80855
CVE-2004-1330,0.0214,0.7918
CVE-2004-1331,0.16864,0.95983
CVE-2004-1332,0.33866,0.97595
CVE-2004-1333,0.0322,0.83442
CVE-2004-1334,0.0095,0.30554
CVE-2004-1335,0.0322,0.83442
CVE-2004-1336,0.0095,0.30554
CVE-2004-1337,0.0095,0.30554
CVE-2004-1338,0.0089,0.2856
CVE-2004-1339,0.01061,0.51015
CVE-2004-1340,0.0095,0.30554
CVE-2004-1341,0.01055,0.50287
CVE-2004-1342,0.01055,0.50287
CVE-2004-1343,0.01055,0.50287
CVE-2004-1345,0.01034,0.39824
CVE-2004-1346,0.01034,0.39824
CVE-2004-1347,0.01319,0.70416
CVE-2004-1348,0.01319,0.70416
CVE-2004-1349,0.01034,0.39824
CVE-2004-1350,0.1127,0.94787
CVE-2004-1351,0.07777,0.92953
CVE-2004-1352,0.02172,0.79379
CVE-2004-1353,0.01282,0.67298
CVE-2004-1354,0.02172,0.79917
CVE-2004-1355,0.01034,0.39824
CVE-2004-1356,0.01034,0.39824
CVE-2004-1357,0.01319,0.70416
CVE-2004-1358,0.01108,0.53389
CVE-2004-1359,0.01592,0.74578
CVE-2004-1360,0.01282,0.67298
CVE-2004-1361,0.34513,0.97636
CVE-2004-1362,0.01408,0.72072
CVE-2004-1363,0.06739,0.91208
CVE-2004-1364,0.09477,0.93973
CVE-2004-1365,0.01034,0.39824
CVE-2004-1366,0.01104,0.52279
CVE-2004-1367,0.01034,0.39824
CVE-2004-1368,0.01319,0.70416
CVE-2004-1369,0.01408,0.72072
CVE-2004-1370,0.01408,0.72072
CVE-2004-1371,0.06739,0.91208
CVE-2004-1372,0.01755,0.75287
CVE-2004-1373,0.70217,0.99116
CVE-2004-1374,0.02994,0.8281
CVE-2004-1375,0.0095,0.30554
CVE-2004-1376,0.30124,0.97374
CVE-2004-1377,0.01034,0.39824
CVE-2004-1378,0.02172,0.79917
CVE-2004-1379,0.08263,0.93269
CVE-2004-1380,0.01974,0.7812
CVE-2004-1381,0.01319,0.70416
CVE-2004-1382,0.0095,0.30554
CVE-2004-1383,0.00986,0.35784
CVE-2004-1384,0.01917,0.77071
CVE-2004-1385,0.04187,0.86773
CVE-2004-1386,0.01319,0.70416
CVE-2004-1387,0.01164,0.60046
CVE-2004-1388,0.79698,0.99475
CVE-2004-1389,0.26036,0.96921
CVE-2004-1390,0.06523,0.90962
CVE-2004-1391,0.01755,0.75287
CVE-2004-1392,0.10995,0.94626999999999994
CVE-2004-1393,0.01108,0.53389
CVE-2004-1394,0.01034,0.39824
CVE-2004-1395,0.07197,0.92068
CVE-2004-1396,0.01408,0.72072
CVE-2004-1397,0.01213,0.6557
CVE-2004-1398,0.01755,0.75287
CVE-2004-1399,0.01213,0.6557
CVE-2004-1400,0.04187,0.86773
CVE-2004-1401,0.00986,0.35784
CVE-2004-1402,0.00986,0.35784
CVE-2004-1403,0.01213,0.6557
CVE-2004-1404,0.06523,0.90962
CVE-2004-1405,0.07687,0.92751
CVE-2004-1406,0.00986,0.35784
CVE-2004-1407,0.01213,0.6557
CVE-2004-1408,0.01136,0.57949
CVE-2004-1409,0.01055,0.50287
CVE-2004-1410,0.01917,0.77071
CVE-2004-1411,0.01136,0.57949
CVE-2004-1412,0.01917,0.77071
CVE-2004-1413,0.00986,0.35784
CVE-2004-1414,0.01055,0.50287
CVE-2004-1415,0.00986,0.35784
CVE-2004-1416,0.04315,0.8704
CVE-2004-1417,0.02945,0.82784
CVE-2004-1418,0.01917,0.77071
CVE-2004-1419,0.01974,0.7812
CVE-2004-1420,0.01319,0.70416
CVE-2004-1421,0.01974,0.7812
CVE-2004-1422,0.01319,0.70416
CVE-2004-1423,0.12567,0.95329
CVE-2004-1424,0.01213,0.6557
CVE-2004-1425,0.01213,0.6557
CVE-2004-1426,0.01055,0.50287
CVE-2004-1427,0.01213,0.6557
CVE-2004-1428,0.01408,0.72072
CVE-2004-1429,0.01055,0.50287
CVE-2004-1430,0.01213,0.6557
CVE-2004-1431,0.01213,0.6557
CVE-2004-1432,0.01319,0.70416
CVE-2004-1433,0.01319,0.70416
CVE-2004-1434,0.01213,0.6557
CVE-2004-1435,0.01213,0.6557
CVE-2004-1436,0.01213,0.6557
CVE-2004-1437,0.07687,0.92751
CVE-2004-1438,0.01232,0.66248
CVE-2004-1439,0.15607,0.95873
CVE-2004-1440,0.05139,0.89128
CVE-2004-1441,0.01917,0.77071
CVE-2004-1442,0.04894,0.88891
CVE-2004-1443,0.01213,0.6557
CVE-2004-1444,0.0679,0.91793
CVE-2004-1445,0.0095,0.30554
CVE-2004-1446,0.01213,0.6557
CVE-2004-1447,0.01108,0.53389
CVE-2004-1448,0.06337,0.90513
CVE-2004-1449,0.01055,0.50287
CVE-2004-1450,0.01055,0.50287
CVE-2004-1451,0.01136,0.57949
CVE-2004-1452,0.0095,0.30554
CVE-2004-1453,0.01104,0.52279
CVE-2004-1454,0.01319,0.70416
CVE-2004-1455,0.07525,0.92398
CVE-2004-1456,0.07197,0.92068
CVE-2004-1457,0.01213,0.6557
CVE-2004-1458,0.01319,0.70416
CVE-2004-1459,0.01136,0.57949
CVE-2004-1460,0.01136,0.57949
CVE-2004-1461,0.01136,0.57949
CVE-2004-1462,0.01213,0.6557
CVE-2004-1463,0.01018,0.38792
CVE-2004-1464,0.01319,0.70416
CVE-2004-1465,0.02615,0.81258
CVE-2004-1466,0.07687,0.92751
CVE-2004-1467,0.01917,0.77071
CVE-2004-1468,0.01213,0.6557
CVE-2004-1469,0.01755,0.75287
CVE-2004-1470,0.04482,0.88223
CVE-2004-1471,0.05714,0.89838
CVE-2004-1472,0.01319,0.70416
CVE-2004-1473,0.01319,0.70416
CVE-2004-1474,0.01319,0.70416
CVE-2004-1475,0.09006,0.9374
CVE-2004-1476,0.0292,0.82516
CVE-2004-1477,0.01319,0.70416
CVE-2004-1478,0.01319,0.70416
CVE-2004-1480,0.01213,0.6557
CVE-2004-1481,0.06309,0.90494
CVE-2004-1482,0.01319,0.70416
CVE-2004-1483,0.01108,0.53389
CVE-2004-1484,0.13093,0.95437
CVE-2004-1485,0.0292,0.82516
CVE-2004-1486,0.01213,0.6557
CVE-2004-1487,0.01183,0.60428
CVE-2004-1488,0.24062,0.96648
CVE-2004-1489,0.01136,0.57949
CVE-2004-1490,0.01319,0.70416
CVE-2004-1491,0.15607,0.95873
CVE-2004-1492,0.01213,0.6557
CVE-2004-1493,0.04482,0.88223
CVE-2004-1494,0.04291,0.87022
CVE-2004-1495,0.01213,0.6557
CVE-2004-1496,0.01055,0.50287
CVE-2004-1497,0.00885,0.26162
CVE-2004-1498,0.01213,0.6557
CVE-2004-1499,0.01917,0.77071
CVE-2004-1500,0.04062,0.85315
CVE-2004-1501,0.01055,0.50287
CVE-2004-1502,0.01055,0.50287
CVE-2004-1503,0.01213,0.6557
CVE-2004-1504,0.01136,0.57949
CVE-2004-1505,0.01213,0.6557
CVE-2004-1506,0.01213,0.6557
CVE-2004-1507,0.01213,0.6557
CVE-2004-1508,0.01213,0.6557
CVE-2004-1509,0.01213,0.6557
CVE-2004-1510,0.01213,0.6557
CVE-2004-1511,0.06523,0.90962
CVE-2004-1512,0.01319,0.70416
CVE-2004-1513,0.01319,0.70416
CVE-2004-1514,0.01319,0.70416
CVE-2004-1515,0.00986,0.35784
CVE-2004-1516,0.01319,0.70416
CVE-2004-1517,0.01213,0.6557
CVE-2004-1518,0.01132,0.54372
CVE-2004-1519,0.01319,0.70416
CVE-2004-1520,0.85521,0.99662
CVE-2004-1521,0.04187,0.86773
CVE-2004-1522,0.01213,0.6557
CVE-2004-1523,0.01213,0.6557
CVE-2004-1524,0.01213,0.6557
CVE-2004-1525,0.01213,0.6557
CVE-2004-1526,0.00885,0.26162
CVE-2004-1527,0.01213,0.6557
CVE-2004-1528,0.01213,0.6557
CVE-2004-1529,0.01319,0.70416
CVE-2004-1530,0.01213,0.6557
CVE-2004-1531,0.01139,0.58345
CVE-2004-1532,0.01136,0.57949
CVE-2004-1533,0.04482,0.88223
CVE-2004-1534,0.01018,0.38792
CVE-2004-1535,0.04187,0.86773
CVE-2004-1536,0.00986,0.35784
CVE-2004-1537,0.01917,0.77071
CVE-2004-1538,0.01213,0.6557
CVE-2004-1539,0.04187,0.86773
CVE-2004-1540,0.0679,0.91793
CVE-2004-1541,0.01213,0.6557
CVE-2004-1542,0.04187,0.86773
CVE-2004-1543,0.04482,0.88223
CVE-2004-1544,0.01213,0.6557
CVE-2004-1545,0.07777,0.92953
CVE-2004-1546,0.07197,0.92068
CVE-2004-1547,0.01319,0.70416
CVE-2004-1548,0.01319,0.70416
CVE-2004-1549,0.01319,0.70416
CVE-2004-1550,0.37344,0.97823
CVE-2004-1551,0.01055,0.50287
CVE-2004-1552,0.04386,0.87542
CVE-2004-1553,0.02172,0.79917
CVE-2004-1554,0.04482,0.88223
CVE-2004-1555,0.028,0.82308
CVE-2004-1556,0.01213,0.6557
CVE-2004-1557,0.01213,0.6557
CVE-2004-1558,0.6735,0.99047
CVE-2004-1559,0.01917,0.77071
CVE-2004-1560,0.26556,0.96997
CVE-2004-1562,0.01139,0.58345
CVE-2004-1563,0.02945,0.82784
CVE-2004-1564,0.0679,0.91793
CVE-2004-1565,0.01213,0.6557
CVE-2004-1566,0.01213,0.6557
CVE-2004-1567,0.04482,0.88223
CVE-2004-1568,0.01974,0.7812
CVE-2004-1569,0.12428,0.95128
CVE-2004-1570,0.01213,0.6557
CVE-2004-1571,0.01136,0.57949
CVE-2004-1572,0.01213,0.6557
CVE-2004-1573,0.0095,0.30554
CVE-2004-1574,0.07777,0.92953
CVE-2004-1575,0.01484,0.72722
CVE-2004-1576,0.01136,0.57949
CVE-2004-1577,0.01055,0.50287
CVE-2004-1578,0.01213,0.6557
CVE-2004-1579,0.01055,0.50287
CVE-2004-1580,0.00986,0.35784
CVE-2004-1581,0.01055,0.50287
CVE-2004-1582,0.01213,0.6557
CVE-2004-1583,0.01213,0.6557
CVE-2004-1584,0.0679,0.91793
CVE-2004-1585,0.04482,0.88223
CVE-2004-1586,0.01061,0.51015
CVE-2004-1587,0.10995,0.94626999999999994
CVE-2004-1588,0.01213,0.6557
CVE-2004-1589,0.01213,0.6557
CVE-2004-1590,0.01136,0.57949
CVE-2004-1591,0.01055,0.50287
CVE-2004-1592,0.04482,0.88223
CVE-2004-1593,0.01213,0.6557
CVE-2004-1594,0.01213,0.6557
CVE-2004-1595,0.72015,0.99186
CVE-2004-1596,0.04482,0.88223
CVE-2004-1597,0.01408,0.72072
CVE-2004-1598,0.01213,0.6557
CVE-2004-1599,0.01213,0.6557
CVE-2004-1600,0.01213,0.6557
CVE-2004-1601,0.04482,0.88223
CVE-2004-1602,0.04482,0.88223
CVE-2004-1603,0.01108,0.53389
CVE-2004-1604,0.01055,0.50287
CVE-2004-1605,0.01319,0.70416
CVE-2004-1606,0.01319,0.70416
CVE-2004-1607,0.01319,0.70416
CVE-2004-1608,0.01319,0.70416
CVE-2004-1609,0.01319,0.70416
CVE-2004-1610,0.03696,0.84331
CVE-2004-1611,0.01408,0.72072
CVE-2004-1612,0.0679,0.91793
CVE-2004-1613,0.01408,0.72072
CVE-2004-1614,0.01213,0.6557
CVE-2004-1615,0.01213,0.6557
CVE-2004-1616,0.01319,0.70416
CVE-2004-1617,0.02172,0.79917
CVE-2004-1618,0.01213,0.6557
CVE-2004-1619,0.07687,0.92751
CVE-2004-1620,0.12567,0.95329
CVE-2004-1621,0.03129,0.8316
CVE-2004-1622,0.00986,0.35784
CVE-2004-1623,0.26556,0.96997
CVE-2004-1624,0.0095,0.30554
CVE-2004-1625,0.01136,0.57949
CVE-2004-1626,0.69921,0.99099
CVE-2004-1627,0.15607,0.95873
CVE-2004-1628,0.05302,0.89375
CVE-2004-1629,0.01136,0.57949
CVE-2004-1630,0.01213,0.6557
CVE-2004-1631,0.01213,0.6557
CVE-2004-1632,0.01213,0.6557
CVE-2004-1633,0.01136,0.57949
CVE-2004-1634,0.01213,0.6557
CVE-2004-1635,0.01213,0.6557
CVE-2004-1636,0.07687,0.92751
CVE-2004-1637,0.01136,0.57949
CVE-2004-1638,0.72015,0.99186
CVE-2004-1639,0.01136,0.57949
CVE-2004-1640,0.03129,0.8316
CVE-2004-1641,0.04187,0.86773
CVE-2004-1642,0.04187,0.86773
CVE-2004-1643,0.04187,0.86773
CVE-2004-1644,0.01213,0.6557
CVE-2004-1645,0.01917,0.77071
CVE-2004-1646,0.04482,0.88223
CVE-2004-1647,0.00986,0.35784
CVE-2004-1648,0.01213,0.6557
CVE-2004-1649,0.04282,0.86885
CVE-2004-1650,0.0679,0.91793
CVE-2004-1651,0.01319,0.70416
CVE-2004-1652,0.00885,0.26162
CVE-2004-1653,0.01213,0.6557
CVE-2004-1654,0.01319,0.70416
CVE-2004-1655,0.03129,0.8316
CVE-2004-1656,0.04187,0.86773
CVE-2004-1657,0.01917,0.77071
CVE-2004-1658,0.0095,0.30554
CVE-2004-1659,0.01917,0.77071
CVE-2004-1660,0.01213,0.6557
CVE-2004-1661,0.04187,0.86773
CVE-2004-1662,0.01136,0.57949
CVE-2004-1663,0.01213,0.6557
CVE-2004-1664,0.04187,0.86773
CVE-2004-1665,0.01917,0.77071
CVE-2004-1666,0.09006,0.9374
CVE-2004-1667,0.01319,0.70416
CVE-2004-1668,0.01213,0.6557
CVE-2004-1669,0.01213,0.6557
CVE-2004-1670,0.01213,0.6557
CVE-2004-1671,0.01213,0.6557
CVE-2004-1672,0.01213,0.6557
CVE-2004-1673,0.01213,0.6557
CVE-2004-1674,0.01213,0.6557
CVE-2004-1675,0.04187,0.86773
CVE-2004-1676,0.06523,0.90962
CVE-2004-1677,0.01136,0.57949
CVE-2004-1678,0.04187,0.86773
CVE-2004-1679,0.01213,0.6557
CVE-2004-1680,0.01213,0.6557
CVE-2004-1681,0.01761,0.7555
CVE-2004-1682,0.01213,0.6557
CVE-2004-1683,0.0089,0.2856
CVE-2004-1684,0.01213,0.6557
CVE-2004-1685,0.01213,0.6557
CVE-2004-1686,0.11676,0.94929
CVE-2004-1687,0.04482,0.88223
CVE-2004-1688,0.04482,0.88223
CVE-2004-1689,0.0322,0.83442
CVE-2004-1690,0.01319,0.70416
CVE-2004-1691,0.0679,0.91793
CVE-2004-1692,0.01917,0.77071
CVE-2004-1693,0.04482,0.88223
CVE-2004-1694,0.01213,0.6557
CVE-2004-1695,0.04482,0.88223
CVE-2004-1696,0.04482,0.88223
CVE-2004-1697,0.01213,0.6557
CVE-2004-1698,0.04187,0.86773
CVE-2004-1699,0.04187,0.86773
CVE-2004-1700,0.01136,0.57949
CVE-2004-1701,0.15607,0.95873
CVE-2004-1702,0.01319,0.70416
CVE-2004-1703,0.04187,0.86773
CVE-2004-1704,0.01136,0.57949
CVE-2004-1705,0.0679,0.91793
CVE-2004-1706,0.04291,0.87022
CVE-2004-1707,0.01923,0.77071
CVE-2004-1708,0.01136,0.57949
CVE-2004-1709,0.00885,0.26162
CVE-2004-1710,0.01136,0.57949
CVE-2004-1711,0.01213,0.6557
CVE-2004-1712,0.01055,0.50287
CVE-2004-1713,0.0095,0.30554
CVE-2004-1714,0.01761,0.7555
CVE-2004-1715,0.01319,0.70416
CVE-2004-1716,0.01319,0.70416
CVE-2004-1717,0.07687,0.92751
CVE-2004-1718,0.0095,0.30554
CVE-2004-1719,0.05649,0.89807
CVE-2004-1720,0.0679,0.91793
CVE-2004-1721,0.01319,0.70416
CVE-2004-1722,0.01139,0.58345
CVE-2004-1723,0.01055,0.50287
CVE-2004-1724,0.04187,0.86773
CVE-2004-1725,0.06523,0.90962
CVE-2004-1726,0.06523,0.90962
CVE-2004-1727,0.04482,0.88223
CVE-2004-1728,0.07687,0.92751
CVE-2004-1729,0.01213,0.6557
CVE-2004-1730,0.01319,0.70416
CVE-2004-1731,0.04187,0.86773
CVE-2004-1732,0.01213,0.6557
CVE-2004-1733,0.01018,0.38792
CVE-2004-1734,0.01136,0.57949
CVE-2004-1735,0.01917,0.77071
CVE-2004-1736,0.01213,0.6557
CVE-2004-1737,0.01139,0.58345
CVE-2004-1738,0.01213,0.6557
CVE-2004-1739,0.04482,0.88223
CVE-2004-1740,0.01213,0.6557
CVE-2004-1741,0.04482,0.88223
CVE-2004-1742,0.04482,0.88223
CVE-2004-1743,0.01319,0.70416
CVE-2004-1744,0.0679,0.91793
CVE-2004-1745,0.06211,0.90307
CVE-2004-1746,0.01917,0.77071
CVE-2004-1747,0.01136,0.57949
CVE-2004-1748,0.01761,0.7555
CVE-2004-1749,0.01213,0.6557
CVE-2004-1750,0.01213,0.6557
CVE-2004-1751,0.04482,0.88223
CVE-2004-1752,0.15607,0.95873
CVE-2004-1753,0.01108,0.53389
CVE-2004-1754,0.04187,0.86773
CVE-2004-1755,0.01018,0.38792
CVE-2004-1756,0.01319,0.70416
CVE-2004-1757,0.0095,0.30554
CVE-2004-1758,0.01034,0.39824
CVE-2004-1759,0.01408,0.72072
CVE-2004-1760,0.01408,0.72072
CVE-2004-1761,0.01108,0.53389
CVE-2004-1762,0.01018,0.38792
CVE-2004-1763,0.05139,0.89128
CVE-2004-1764,0.0095,0.30554
CVE-2004-1765,0.07777,0.92953
CVE-2004-1766,0.01408,0.72072
CVE-2004-1767,0.0095,0.30554
CVE-2004-1768,0.01213,0.6557
CVE-2004-1770,0.07687,0.92751
CVE-2004-1771,0.01213,0.6557
CVE-2004-1772,0.01755,0.75287
CVE-2004-1773,0.0292,0.82516
CVE-2004-1774,0.0214,0.7918
CVE-2004-1775,0.01213,0.6557
CVE-2004-1776,0.01136,0.57949
CVE-2004-1777,0.01213,0.6557
CVE-2004-1778,0.0095,0.30554
CVE-2004-1779,0.01319,0.70416
CVE-2004-1780,0.00885,0.26162
CVE-2004-1781,0.01761,0.7555
CVE-2004-1782,0.04187,0.86773
CVE-2004-1783,0.04187,0.86773
CVE-2004-1784,0.15607,0.95873
CVE-2004-1785,0.01319,0.70416
CVE-2004-1786,0.04187,0.86773
CVE-2004-1787,0.01319,0.70416
CVE-2004-1788,0.04187,0.86773
CVE-2004-1789,0.02945,0.82784
CVE-2004-1790,0.02945,0.82784
CVE-2004-1791,0.01136,0.57949
CVE-2004-1792,0.0679,0.91793
CVE-2004-1793,0.15607,0.95873
CVE-2004-1794,0.01213,0.6557
CVE-2004-1795,0.00885,0.26162
CVE-2004-1796,0.07197,0.92068
CVE-2004-1797,0.02945,0.82784
CVE-2004-1798,0.01319,0.70416
CVE-2004-1799,0.01136,0.57949
CVE-2004-1800,0.01213,0.6557
CVE-2004-1801,0.04482,0.88223
CVE-2004-1802,0.01213,0.6557
CVE-2004-1804,0.01136,0.57949
CVE-2004-1805,0.12822,0.95405
CVE-2004-1806,0.01408,0.72072
CVE-2004-1807,0.01408,0.72072
CVE-2004-1808,0.0089,0.2856
CVE-2004-1809,0.01408,0.72072
CVE-2004-1810,0.01136,0.57949
CVE-2004-1811,0.01974,0.7812
CVE-2004-1812,0.20617,0.96295
CVE-2004-1813,0.04187,0.86773
CVE-2004-1814,0.01136,0.57949
CVE-2004-1815,0.01213,0.6557
CVE-2004-1816,0.01319,0.70416
CVE-2004-1817,0.01917,0.77071
CVE-2004-1818,0.01917,0.77071
CVE-2004-1819,0.01213,0.6557
CVE-2004-1820,0.04482,0.88223
CVE-2004-1821,0.00986,0.35784
CVE-2004-1822,0.04894,0.88891
CVE-2004-1823,0.03129,0.8316
CVE-2004-1824,0.04894,0.88891
CVE-2004-1825,0.02945,0.82784
CVE-2004-1826,0.00986,0.35784
CVE-2004-1827,0.02945,0.82784
CVE-2004-1828,0.04187,0.86773
CVE-2004-1829,0.02945,0.82784
CVE-2004-1830,0.04482,0.88223
CVE-2004-1831,0.01213,0.6557
CVE-2004-1832,0.01213,0.6557
CVE-2004-1833,0.01108,0.53389
CVE-2004-1834,0.03052,0.82933
CVE-2004-1835,0.01139,0.58345
CVE-2004-1836,0.00986,0.35784
CVE-2004-1837,0.01213,0.6557
CVE-2004-1838,0.0679,0.91793
CVE-2004-1839,0.01055,0.50287
CVE-2004-1840,0.01136,0.57949
CVE-2004-1841,0.01136,0.57949
CVE-2004-1842,0.04187,0.86773
CVE-2004-1843,0.00986,0.35784
CVE-2004-1844,0.01917,0.77071
CVE-2004-1845,0.03129,0.8316
CVE-2004-1846,0.028,0.82308
CVE-2004-1847,0.04482,0.88223
CVE-2004-1848,0.01319,0.70416
CVE-2004-1849,0.01319,0.70416
CVE-2004-1850,0.01213,0.6557
CVE-2004-1851,0.01319,0.70416
CVE-2004-1852,0.01319,0.70416
CVE-2004-1853,0.01319,0.70416
CVE-2004-1854,0.15607,0.95873
CVE-2004-1855,0.04482,0.88223
CVE-2004-1856,0.04482,0.88223
CVE-2004-1857,0.04068,0.85316
CVE-2004-1858,0.01055,0.50287
CVE-2004-1859,0.0679,0.91793
CVE-2004-1860,0.04291,0.87022
CVE-2004-1861,0.01761,0.7555
CVE-2004-1862,0.01955,0.77585
CVE-2004-1863,0.01408,0.72072
CVE-2004-1864,0.01319,0.70416
CVE-2004-1865,0.01132,0.54372
CVE-2004-1866,0.04482,0.88223
CVE-2004-1867,0.01917,0.77071
CVE-2004-1868,0.15607,0.95873
CVE-2004-1869,0.01213,0.6557
CVE-2004-1870,0.00986,0.35784
CVE-2004-1871,0.01319,0.70416
CVE-2004-1872,0.01917,0.77071
CVE-2004-1873,0.04386,0.87542
CVE-2004-1874,0.01213,0.6557
CVE-2004-1875,0.21871,0.96424
CVE-2004-1876,0.0095,0.30554
CVE-2004-1877,0.01136,0.57949
CVE-2004-1878,0.04482,0.88223
CVE-2004-1879,0.01136,0.57949
CVE-2004-1880,0.01136,0.57949
CVE-2004-1881,0.028,0.82308
CVE-2004-1882,0.02945,0.82784
CVE-2004-1883,0.06262,0.90346
CVE-2004-1884,0.01213,0.6557
CVE-2004-1885,0.02233,0.80452
CVE-2004-1887,0.0679,0.91793
CVE-2004-1888,0.0679,0.91793
CVE-2004-1889,0.01136,0.57949
CVE-2004-1890,0.01136,0.57949
CVE-2004-1891,0.00885,0.26162
CVE-2004-1892,0.07687,0.92751
CVE-2004-1893,0.01319,0.70416
CVE-2004-1894,0.0095,0.30554
CVE-2004-1895,0.01034,0.39824
CVE-2004-1896,0.07525,0.92398
CVE-2004-1897,0.0679,0.91793
CVE-2004-1898,0.20096,0.96253
CVE-2004-1899,0.01408,0.72072
CVE-2004-1900,0.07777,0.92953
CVE-2004-1901,0.0095,0.30554
CVE-2004-1902,0.01034,0.39824
CVE-2004-1903,0.07687,0.92751
CVE-2004-1904,0.07687,0.92751
CVE-2004-1905,0.01213,0.6557
CVE-2004-1906,0.0679,0.91793
CVE-2004-1907,0.0679,0.91793
CVE-2004-1908,0.0679,0.91793
CVE-2004-1909,0.01213,0.6557
CVE-2004-1910,0.04482,0.88223
CVE-2004-1911,0.02945,0.82784
CVE-2004-1912,0.04187,0.86773
CVE-2004-1913,0.01917,0.77071
CVE-2004-1914,0.01737,0.75207
CVE-2004-1915,0.15607,0.95873
CVE-2004-1916,0.07777,0.92953
CVE-2004-1917,0.07777,0.92953
CVE-2004-1918,0.01213,0.6557
CVE-2004-1919,0.04187,0.86773
CVE-2004-1920,0.01213,0.6557
CVE-2004-1921,0.01213,0.6557
CVE-2004-1922,0.06956,0.91856
CVE-2004-1923,0.04482,0.88223
CVE-2004-1924,0.01917,0.77071
CVE-2004-1925,0.00986,0.35784
CVE-2004-1926,0.04187,0.86773
CVE-2004-1927,0.04482,0.88223
CVE-2004-1928,0.04482,0.88223
CVE-2004-1929,0.01737,0.75207
CVE-2004-1930,0.01917,0.77071
CVE-2004-1932,0.01737,0.75207
CVE-2004-1933,0.0089,0.2856
CVE-2004-1934,0.0679,0.91793
CVE-2004-1935,0.01917,0.77071
CVE-2004-1936,0.01213,0.6557
CVE-2004-1937,0.0679,0.91793
CVE-2004-1938,0.00986,0.35784
CVE-2004-1939,0.01917,0.77071
CVE-2004-1940,0.04482,0.88223
CVE-2004-1941,0.01319,0.70416
CVE-2004-1942,0.01018,0.38792
CVE-2004-1943,0.04187,0.86773
CVE-2004-1944,0.04482,0.88223
CVE-2004-1945,0.15607,0.95873
CVE-2004-1946,0.01592,0.74578
CVE-2004-1947,0.20096,0.96253
CVE-2004-1948,0.0095,0.30554
CVE-2004-1949,0.02172,0.79917
CVE-2004-1950,0.01213,0.6557
CVE-2004-1951,0.10995,0.94626999999999994
CVE-2004-1952,0.00986,0.35784
CVE-2004-1953,0.0679,0.91793
CVE-2004-1954,0.02945,0.82784
CVE-2004-1955,0.01139,0.58345
CVE-2004-1956,0.01213,0.6557
CVE-2004-1957,0.01917,0.77071
CVE-2004-1958,0.04187,0.86773
CVE-2004-1959,0.01213,0.6557
CVE-2004-1960,0.01917,0.77071
CVE-2004-1961,0.01213,0.6557
CVE-2004-1962,0.00986,0.35784
CVE-2004-1963,0.01213,0.6557
CVE-2004-1964,0.01213,0.6557
CVE-2004-1965,0.01917,0.77071
CVE-2004-1966,0.00986,0.35784
CVE-2004-1967,0.06523,0.90962
CVE-2004-1968,0.04482,0.88223
CVE-2004-1969,0.01213,0.6557
CVE-2004-1970,0.01136,0.57949
CVE-2004-1971,0.01055,0.50287
CVE-2004-1972,0.01737,0.75207
CVE-2004-1973,0.07197,0.92068
CVE-2004-1974,0.01055,0.50287
CVE-2004-1975,0.01213,0.6557
CVE-2004-1976,0.01213,0.6557
CVE-2004-1977,0.01319,0.70416
CVE-2004-1978,0.02945,0.82784
CVE-2004-1979,0.01213,0.6557
CVE-2004-1980,0.01136,0.57949
CVE-2004-1981,0.01136,0.57949
CVE-2004-1982,0.01213,0.6557
CVE-2004-1983,0.01924,0.77129
CVE-2004-1984,0.02172,0.79917
CVE-2004-1985,0.02945,0.82784
CVE-2004-1986,0.0679,0.91793
CVE-2004-1987,0.01319,0.70416
CVE-2004-1988,0.0679,0.91793
CVE-2004-1989,0.0679,0.91793
CVE-2004-1990,0.01319,0.70416
CVE-2004-1991,0.01319,0.70416
CVE-2004-1992,0.07197,0.92068
CVE-2004-1993,0.01213,0.6557
CVE-2004-1994,0.01213,0.6557
CVE-2004-1995,0.0679,0.91793
CVE-2004-1996,0.01917,0.77071
CVE-2004-1997,0.01104,0.52279
CVE-2004-1998,0.01055,0.50287
CVE-2004-1999,0.01213,0.6557
CVE-2004-2000,0.028,0.82308
CVE-2004-2001,0.00885,0.26162
CVE-2004-2002,0.01136,0.57949
CVE-2004-2003,0.07687,0.92751
CVE-2004-2004,0.01136,0.57949
CVE-2004-2005,0.15607,0.95873
CVE-2004-2006,0.0095,0.30554
CVE-2004-2007,0.01917,0.77071
CVE-2004-2008,0.00986,0.35784
CVE-2004-2009,0.01136,0.57949
CVE-2004-2010,0.01213,0.6557
CVE-2004-2011,0.09772,0.94058
CVE-2004-2012,0.01761,0.7555
CVE-2004-2013,0.01592,0.74578
CVE-2004-2014,0.0322,0.83442
CVE-2004-2015,0.01213,0.6557
CVE-2004-2016,0.06523,0.90962
CVE-2004-2017,0.05649,0.89807
CVE-2004-2018,0.0679,0.91793
CVE-2004-2019,0.01213,0.6557
CVE-2004-2020,0.01319,0.70416
CVE-2004-2021,0.07197,0.92068
CVE-2004-2022,0.06818,0.91799
CVE-2004-2023,0.02172,0.79917
CVE-2004-2024,0.00885,0.26162
CVE-2004-2025,0.01055,0.50287
CVE-2004-2026,0.20096,0.96253
CVE-2004-2027,0.01319,0.70416
CVE-2004-2028,0.01917,0.77071
CVE-2004-2029,0.07197,0.92068
CVE-2004-2030,0.03129,0.8316
CVE-2004-2031,0.01213,0.6557
CVE-2004-2032,0.04482,0.88223
CVE-2004-2033,0.0679,0.91793
CVE-2004-2034,0.07777,0.92953
CVE-2004-2035,0.07197,0.92068
CVE-2004-2036,0.01139,0.58345
CVE-2004-2037,0.16668,0.95965
CVE-2004-2038,0.04894,0.88891
CVE-2004-2039,0.01319,0.70416
CVE-2004-2040,0.05649,0.89807
CVE-2004-2041,0.01319,0.70416
CVE-2004-2042,0.01974,0.7812
CVE-2004-2043,0.12567,0.95329
CVE-2004-2044,0.12567,0.95329
CVE-2004-2045,0.04482,0.88223
CVE-2004-2046,0.01319,0.70416
CVE-2004-2047,0.0679,0.91793
CVE-2004-2048,0.01319,0.70416
CVE-2004-2049,0.01034,0.39824
CVE-2004-2050,0.01034,0.39824
CVE-2004-2051,0.01108,0.53389
CVE-2004-2052,0.00885,0.26162
CVE-2004-2053,0.04482,0.88223
CVE-2004-2054,0.01213,0.6557
CVE-2004-2055,0.01213,0.6557
CVE-2004-2056,0.01136,0.57949
CVE-2004-2057,0.01408,0.72072
CVE-2004-2058,0.01408,0.72072
CVE-2004-2059,0.12567,0.95329
CVE-2004-2060,0.07197,0.92068
CVE-2004-2061,0.0679,0.91793
CVE-2004-2062,0.00986,0.35784
CVE-2004-2063,0.01917,0.77071
CVE-2004-2064,0.02945,0.82784
CVE-2004-2065,0.01319,0.70416
CVE-2004-2066,0.01213,0.6557
CVE-2004-2067,0.01139,0.58345
CVE-2004-2068,0.01213,0.6557
CVE-2004-2069,0.04358,0.87435
CVE-2004-2070,0.00885,0.26162
CVE-2004-2071,0.0679,0.91793
CVE-2004-2072,0.01917,0.77071
CVE-2004-2073,0.02796,0.82242
CVE-2004-2074,0.4259,0.98182
CVE-2004-2075,0.01319,0.70416
CVE-2004-2076,0.01917,0.77071
CVE-2004-2077,0.0679,0.91793
CVE-2004-2078,0.10995,0.94626999999999994
CVE-2004-2079,0.01408,0.72072
CVE-2004-2080,0.01183,0.60428
CVE-2004-2081,0.03765,0.84407
CVE-2004-2082,0.04187,0.86773
CVE-2004-2083,0.01319,0.70416
CVE-2004-2084,0.01319,0.70416
CVE-2004-2085,0.03407,0.83908
CVE-2004-2086,0.60717,0.98852
CVE-2004-2087,0.01319,0.70416
CVE-2004-2088,0.01213,0.6557
CVE-2004-2089,0.01055,0.50287
CVE-2004-2090,0.25598,0.96882
CVE-2004-2091,0.03884,0.84938
CVE-2004-2092,0.01034,0.39824
CVE-2004-2093,0.02567,0.81201
CVE-2004-2094,0.01917,0.77071
CVE-2004-2095,0.01408,0.72072
CVE-2004-2096,0.01917,0.77071
CVE-2004-2097,0.0095,0.30554
CVE-2004-2098,0.01136,0.57949
CVE-2004-2099,0.07437,0.92309
CVE-2004-2100,0.01055,0.50287
CVE-2004-2101,0.01136,0.57949
CVE-2004-2102,0.01917,0.77071
CVE-2004-2103,0.01213,0.6557
CVE-2004-2104,0.10995,0.94626999999999994
CVE-2004-2105,0.01055,0.50287
CVE-2004-2106,0.01213,0.6557
CVE-2004-2107,0.0679,0.91793
CVE-2004-2108,0.03779,0.84781
CVE-2004-2109,0.01319,0.70416
CVE-2004-2110,0.01055,0.50287
CVE-2004-2111,0.55205,0.98724
CVE-2004-2112,0.0679,0.91793
CVE-2004-2113,0.02945,0.82784
CVE-2004-2114,0.07687,0.92751
CVE-2004-2115,0.11165,0.94647
CVE-2004-2116,0.07197,0.92068
CVE-2004-2117,0.0679,0.91793
CVE-2004-2118,0.01213,0.6557
CVE-2004-2119,0.02945,0.82784
CVE-2004-2120,0.04482,0.88223
CVE-2004-2121,0.04187,0.86773
CVE-2004-2122,0.01136,0.57949
CVE-2004-2123,0.01055,0.50287
CVE-2004-2124,0.0679,0.91793
CVE-2004-2125,0.01034,0.39824
CVE-2004-2126,0.02172,0.79279
CVE-2004-2127,0.0679,0.91793
CVE-2004-2128,0.02945,0.82784
CVE-2004-2129,0.04187,0.86773
CVE-2004-2130,0.01917,0.77071
CVE-2004-2131,0.0214,0.7918
CVE-2004-2132,0.0679,0.91793
CVE-2004-2133,0.01592,0.74578
CVE-2004-2134,0.01725,0.7519
CVE-2004-2135,0.01963,0.77709
CVE-2004-2136,0.0089,0.2856
CVE-2004-2137,0.16864,0.95983
CVE-2004-2138,0.01213,0.6557
CVE-2004-2139,0.0292,0.82516
CVE-2004-2140,0.01055,0.50287
CVE-2004-2142,0.00954,0.34522
CVE-2004-2143,0.028,0.82308
CVE-2004-2144,0.01136,0.57949
CVE-2004-2145,0.01136,0.57949
CVE-2004-2146,0.01018,0.38792
CVE-2004-2147,0.00885,0.26162
CVE-2004-2148,0.0095,0.30554
CVE-2004-2149,0.01319,0.70416
CVE-2004-2150,0.01213,0.6557
CVE-2004-2151,0.0679,0.91793
CVE-2004-2152,0.01213,0.6557
CVE-2004-2153,0.01018,0.38792
CVE-2004-2154,0.01108,0.53389
CVE-2004-2155,0.01213,0.6557
CVE-2004-2156,0.01108,0.53389
CVE-2004-2157,0.01213,0.6557
CVE-2004-2158,0.01139,0.58345
CVE-2004-2159,0.01018,0.38792
CVE-2004-2160,0.03432,0.83945
CVE-2004-2161,0.04386,0.87542
CVE-2004-2162,0.02945,0.82784
CVE-2004-2163,0.01319,0.70416
CVE-2004-2164,0.01319,0.70416
CVE-2004-2165,0.01319,0.70416
CVE-2004-2166,0.01213,0.6557
CVE-2004-2168,0.01213,0.6557
CVE-2004-2169,0.01061,0.51015
CVE-2004-2170,0.0679,0.91793
CVE-2004-2171,0.01917,0.77071
CVE-2004-2172,0.10995,0.94626999999999994
CVE-2004-2173,0.02172,0.79917
CVE-2004-2174,0.01776,0.75902
CVE-2004-2175,0.00986,0.35784
CVE-2004-2176,0.02258,0.8056
CVE-2004-2177,0.01136,0.57949
CVE-2004-2178,0.01136,0.57949
CVE-2004-2179,0.11676,0.94929
CVE-2004-2180,0.01055,0.50287
CVE-2004-2181,0.00986,0.35784
CVE-2004-2182,0.01055,0.50287
CVE-2004-2183,0.01055,0.50287
CVE-2004-2184,0.07197,0.92068
CVE-2004-2185,0.04522,0.88274
CVE-2004-2186,0.01055,0.50287
CVE-2004-2187,0.00885,0.26162
CVE-2004-2188,0.01136,0.57949
CVE-2004-2189,0.01055,0.50287
CVE-2004-2190,0.01018,0.38792
CVE-2004-2191,0.01319,0.70416
CVE-2004-2192,0.01319,0.70416
CVE-2004-2193,0.01319,0.70416
CVE-2004-2194,0.01136,0.57949
CVE-2004-2195,0.01319,0.70416
CVE-2004-2196,0.02172,0.79917
CVE-2004-2197,0.01034,0.39824
CVE-2004-2198,0.04187,0.86773
CVE-2004-2199,0.01136,0.57949
CVE-2004-2200,0.01213,0.6557
CVE-2004-2201,0.01139,0.58345
CVE-2004-2202,0.00986,0.35784
CVE-2004-2203,0.01213,0.6557
CVE-2004-2204,0.01034,0.39824
CVE-2004-2205,0.01034,0.39824
CVE-2004-2206,0.01319,0.70416
CVE-2004-2207,0.01136,0.57949
CVE-2004-2208,0.01136,0.57949
CVE-2004-2209,0.01136,0.57949
CVE-2004-2210,0.01136,0.57949
CVE-2004-2211,0.01319,0.70416
CVE-2004-2212,0.01319,0.70416
CVE-2004-2213,0.01213,0.6557
CVE-2004-2214,0.01213,0.6557
CVE-2004-2215,0.0095,0.30554
CVE-2004-2216,0.01319,0.70416
CVE-2004-2217,0.01213,0.6557
CVE-2004-2218,0.00986,0.35784
CVE-2004-2219,0.13782,0.95593
CVE-2004-2220,0.01319,0.70416
CVE-2004-2221,0.72015,0.99186
CVE-2004-2222,0.01319,0.70416
CVE-2004-2223,0.01213,0.6557
CVE-2004-2224,0.01213,0.6557
CVE-2004-2225,0.01319,0.70416
CVE-2004-2226,0.01213,0.6557
CVE-2004-2227,0.01319,0.70416
CVE-2004-2228,0.01034,0.39824
CVE-2004-2229,0.01132,0.54372
CVE-2004-2230,0.01034,0.39824
CVE-2004-2231,0.01034,0.39824
CVE-2004-2232,0.01319,0.70416
CVE-2004-2233,0.01018,0.38792
CVE-2004-2234,0.00885,0.26162
CVE-2004-2235,0.00885,0.26162
CVE-2004-2236,0.00885,0.26162
CVE-2004-2237,0.00954,0.34522
CVE-2004-2238,0.01108,0.53389
CVE-2004-2239,0.03073,0.82961
CVE-2004-2240,0.01408,0.72072
CVE-2004-2241,0.01213,0.6557
CVE-2004-2242,0.01917,0.77071
CVE-2004-2243,0.01136,0.57949
CVE-2004-2244,0.01213,0.6557
CVE-2004-2245,0.02945,0.82784
CVE-2004-2246,0.01917,0.77071
CVE-2004-2247,0.00885,0.26162
CVE-2004-2248,0.01018,0.38792
CVE-2004-2249,0.01018,0.38792
CVE-2004-2250,0.01018,0.38792
CVE-2004-2251,0.01213,0.6557
CVE-2004-2252,0.01213,0.6557
CVE-2004-2253,0.04187,0.86773
CVE-2004-2254,0.0679,0.91793
CVE-2004-2255,0.01319,0.70416
CVE-2004-2256,0.01319,0.70416
CVE-2004-2257,0.01319,0.70416
CVE-2004-2258,0.0095,0.30554
CVE-2004-2259,0.01537,0.73595
CVE-2004-2260,0.01213,0.6557
CVE-2004-2261,0.01213,0.6557
CVE-2004-2262,0.15607,0.95873
CVE-2004-2263,0.01139,0.58345
CVE-2004-2264,0.02791,0.82239
CVE-2004-2265,0.0089,0.2856
CVE-2004-2266,0.01319,0.70416
CVE-2004-2267,0.01319,0.70416
CVE-2004-2268,0.01213,0.6557
CVE-2004-2269,0.01592,0.74578
CVE-2004-2270,0.01104,0.52279
CVE-2004-2272,0.01213,0.6557
CVE-2004-2273,0.01055,0.50287
CVE-2004-2274,0.01108,0.53389
CVE-2004-2275,0.0679,0.91793
CVE-2004-2276,0.0095,0.30554
CVE-2004-2277,0.08633,0.93644
CVE-2004-2278,0.01108,0.53389
CVE-2004-2279,0.01055,0.50287
CVE-2004-2280,0.04187,0.86773
CVE-2004-2281,0.01018,0.38792
CVE-2004-2282,0.01055,0.50287
CVE-2004-2283,0.01055,0.50287
CVE-2004-2284,0.01319,0.70416
CVE-2004-2286,0.06211,0.90307
CVE-2004-2287,0.04187,0.86773
CVE-2004-2288,0.01917,0.77071
CVE-2004-2289,0.34752,0.97688
CVE-2004-2290,0.03214,0.83353
CVE-2004-2291,0.21424,0.96383
CVE-2004-2292,0.01136,0.57949
CVE-2004-2293,0.02945,0.82784
CVE-2004-2294,0.01917,0.77071
CVE-2004-2295,0.01139,0.58345
CVE-2004-2296,0.01213,0.6557
CVE-2004-2297,0.0679,0.91793
CVE-2004-2298,0.01136,0.57949
CVE-2004-2299,0.07687,0.92751
CVE-2004-2300,0.01592,0.74578
CVE-2004-2301,0.01136,0.57949
CVE-2004-2302,0.01282,0.67298
CVE-2004-2303,0.01761,0.7555
CVE-2004-2304,0.05139,0.89128
CVE-2004-2305,0.01136,0.57949
CVE-2004-2306,0.0095,0.30554
CVE-2004-2307,0.11676,0.94929
CVE-2004-2308,0.01917,0.77071
CVE-2004-2309,0.01761,0.7555
CVE-2004-2310,0.01917,0.77071
CVE-2004-2311,0.02525,0.81073
CVE-2004-2312,0.01924,0.77129
CVE-2004-2313,0.01136,0.57949
CVE-2004-2314,0.01136,0.57949
CVE-2004-2315,0.01136,0.57949
CVE-2004-2316,0.01136,0.57949
CVE-2004-2317,0.01055,0.50287
CVE-2004-2318,0.01319,0.70416
CVE-2004-2319,0.01282,0.67298
CVE-2004-2320,0.01319,0.70416
CVE-2004-2321,0.0095,0.30554
CVE-2004-2322,0.01319,0.70416
CVE-2004-2323,0.01213,0.6557
CVE-2004-2324,0.01213,0.6557
CVE-2004-2325,0.01213,0.6557
CVE-2004-2326,0.00986,0.35784
CVE-2004-2327,0.01136,0.57949
CVE-2004-2328,0.01213,0.6557
CVE-2004-2329,0.01755,0.75287
CVE-2004-2330,0.01213,0.6557
CVE-2004-2331,0.0095,0.30554
CVE-2004-2332,0.01213,0.6557
CVE-2004-2333,0.01213,0.6557
CVE-2004-2334,0.04894,0.88891
CVE-2004-2335,0.0095,0.30554
CVE-2004-2336,0.01213,0.6557
CVE-2004-2337,0.0095,0.30554
CVE-2004-2338,0.01136,0.57949
CVE-2004-2339,0.03934,0.85193
CVE-2004-2340,0.01213,0.6557
CVE-2004-2341,0.04679,0.88603
CVE-2004-2342,0.01319,0.70416
CVE-2004-2343,0.01164,0.60046
CVE-2004-2344,0.04187,0.86773
CVE-2004-2345,0.0089,0.2856
CVE-2004-2346,0.01055,0.50287
CVE-2004-2347,0.0679,0.91793
CVE-2004-2348,0.01213,0.6557
CVE-2004-2349,0.01213,0.6557
CVE-2004-2350,0.00986,0.35784
CVE-2004-2351,0.01213,0.6557
CVE-2004-2352,0.01213,0.6557
CVE-2004-2353,0.01213,0.6557
CVE-2004-2354,0.01055,0.50287
CVE-2004-2355,0.02945,0.82784
CVE-2004-2356,0.01213,0.6557
CVE-2004-2357,0.01136,0.57949
CVE-2004-2358,0.01136,0.57949
CVE-2004-2359,0.03765,0.84407
CVE-2004-2360,0.04187,0.86773
CVE-2004-2361,0.01319,0.70416
CVE-2004-2362,0.01319,0.70416
CVE-2004-2363,0.01917,0.77071
CVE-2004-2364,0.10995,0.94626999999999994
CVE-2004-2365,0.01378,0.70916
CVE-2004-2366,0.04482,0.88223
CVE-2004-2367,0.04482,0.88223
CVE-2004-2368,0.04187,0.86773
CVE-2004-2369,0.01018,0.38792
CVE-2004-2370,0.07777,0.92953
CVE-2004-2371,0.04482,0.88223
CVE-2004-2372,0.01592,0.74578
CVE-2004-2373,0.04187,0.86773
CVE-2004-2374,0.04187,0.86773
CVE-2004-2375,0.12822,0.95405
CVE-2004-2376,0.04291,0.87022
CVE-2004-2377,0.01319,0.70416
CVE-2004-2378,0.01319,0.70416
CVE-2004-2379,0.01319,0.70416
CVE-2004-2380,0.01136,0.57949
CVE-2004-2381,0.01319,0.70416
CVE-2004-2382,0.01213,0.6557
CVE-2004-2383,0.20999,0.96367
CVE-2004-2384,0.01213,0.6557
CVE-2004-2385,0.04482,0.88223
CVE-2004-2386,0.08263,0.93269
CVE-2004-2387,0.07777,0.92953
CVE-2004-2388,0.01108,0.53389
CVE-2004-2389,0.01319,0.70416
CVE-2004-2390,0.01018,0.38792
CVE-2004-2391,0.01213,0.6557
CVE-2004-2392,0.01108,0.53389
CVE-2004-2393,0.01408,0.72072
CVE-2004-2394,0.0095,0.30554
CVE-2004-2395,0.0095,0.30554
CVE-2004-2396,0.0095,0.30554
CVE-2004-2397,0.01018,0.38792
CVE-2004-2398,0.0089,0.2856
CVE-2004-2399,0.01055,0.50287
CVE-2004-2400,0.0095,0.30554
CVE-2004-2401,0.06523,0.90962
CVE-2004-2402,0.01213,0.6557
CVE-2004-2403,0.01213,0.6557
CVE-2004-2405,0.01136,0.57949
CVE-2004-2406,0.00885,0.26162
CVE-2004-2407,0.00885,0.26162
CVE-2004-2408,0.01034,0.39824
CVE-2004-2409,0.01592,0.74578
CVE-2004-2410,0.00885,0.26162
CVE-2004-2411,0.03129,0.8316
CVE-2004-2412,0.01213,0.6557
CVE-2004-2413,0.00986,0.35784
CVE-2004-2414,0.0095,0.30554
CVE-2004-2415,0.01108,0.53389
CVE-2004-2416,0.733,0.99234
CVE-2004-2417,0.06523,0.90962
CVE-2004-2418,0.0214,0.7918
CVE-2004-2419,0.0095,0.30554
CVE-2004-2420,0.01319,0.70416
CVE-2004-2421,0.01018,0.38792
CVE-2004-2422,0.01408,0.72072
CVE-2004-2423,0.01319,0.70416
CVE-2004-2424,0.01319,0.70416
CVE-2004-2425,0.0679,0.91793
CVE-2004-2426,0.01319,0.70416
CVE-2004-2427,0.01974,0.7812
CVE-2004-2428,0.01136,0.57949
CVE-2004-2429,0.1127,0.94787
CVE-2004-2430,0.01034,0.39824
CVE-2004-2431,0.01213,0.6557
CVE-2004-2432,0.01319,0.70416
CVE-2004-2433,0.07777,0.92953
CVE-2004-2434,0.29415,0.97223
CVE-2004-2435,0.01213,0.6557
CVE-2004-2436,0.0095,0.30554
CVE-2004-2437,0.01213,0.6557
CVE-2004-2438,0.01213,0.6557
CVE-2004-2439,0.01213,0.6557
CVE-2004-2440,0.0095,0.30554
CVE-2004-2441,0.01018,0.38792
CVE-2004-2442,0.01319,0.70416
CVE-2004-2443,0.04482,0.88223
CVE-2004-2444,0.01917,0.77071
CVE-2004-2445,0.04482,0.88223
CVE-2004-2446,0.01319,0.70416
CVE-2004-2447,0.04894,0.88891
CVE-2004-2448,0.01213,0.6557
CVE-2004-2449,0.0679,0.91793
CVE-2004-2450,0.01213,0.6557
CVE-2004-2451,0.04187,0.86773
CVE-2004-2452,0.01319,0.70416
CVE-2004-2453,0.01018,0.38792
CVE-2004-2454,0.0095,0.30554
CVE-2004-2455,0.01319,0.70416
CVE-2004-2456,0.01139,0.58345
CVE-2004-2457,0.01136,0.57949
CVE-2004-2458,0.01213,0.6557
CVE-2004-2459,0.00885,0.26162
CVE-2004-2460,0.01213,0.6557
CVE-2004-2461,0.02791,0.82239
CVE-2004-2462,0.0095,0.30554
CVE-2004-2463,0.05139,0.89128
CVE-2004-2464,0.0679,0.91793
CVE-2004-2465,0.01055,0.50287
CVE-2004-2466,0.65762,0.98987
CVE-2004-2467,0.01319,0.70416
CVE-2004-2468,0.01213,0.6557
CVE-2004-2469,0.01018,0.38792
CVE-2004-2470,0.01018,0.38792
CVE-2004-2471,0.01213,0.6557
CVE-2004-2472,0.01319,0.70416
CVE-2004-2473,0.01282,0.67298
CVE-2004-2474,0.01213,0.6557
CVE-2004-2475,0.02945,0.82784
CVE-2004-2476,0.13525,0.9555
CVE-2004-2477,0.01034,0.39824
CVE-2004-2478,0.02172,0.79917
CVE-2004-2479,0.02172,0.79917
CVE-2004-2480,0.04187,0.86773
CVE-2004-2481,0.01132,0.54372
CVE-2004-2482,0.33695,0.97582
CVE-2004-2483,0.01319,0.70416
CVE-2004-2484,0.01408,0.72072
CVE-2004-2485,0.01319,0.70416
CVE-2004-2486,0.01974,0.7812
CVE-2004-2487,0.05931,0.90093
CVE-2004-2488,0.01232,0.66248
CVE-2004-2489,0.01755,0.75287
CVE-2004-2490,0.01755,0.75287
CVE-2004-2491,0.0679,0.91793
CVE-2004-2492,0.01213,0.6557
CVE-2004-2493,0.01132,0.54372
CVE-2004-2494,0.02945,0.82784
CVE-2004-2495,0.01319,0.70416
CVE-2004-2496,0.0679,0.91793
CVE-2004-2497,0.01213,0.6557
CVE-2004-2498,0.01213,0.6557
CVE-2004-2499,0.01213,0.6557
CVE-2004-2500,0.01018,0.38792
CVE-2004-2501,0.40588,0.98099
CVE-2004-2502,0.01924,0.77129
CVE-2004-2503,0.01319,0.70416
CVE-2004-2504,0.01183,0.60428
CVE-2004-2505,0.04187,0.86773
CVE-2004-2506,0.01213,0.6557
CVE-2004-2507,0.0679,0.91793
CVE-2004-2508,0.01917,0.77071
CVE-2004-2509,0.03129,0.8316
CVE-2004-2510,0.02945,0.82784
CVE-2004-2511,0.05649,0.89807
CVE-2004-2512,0.0679,0.91793
CVE-2004-2513,0.06523,0.90962
CVE-2004-2514,0.02945,0.82784
CVE-2004-2515,0.01592,0.74578
CVE-2004-2516,0.0679,0.91793
CVE-2004-2517,0.0679,0.91793
CVE-2004-2518,0.10995,0.94626999999999994
CVE-2004-2519,0.0679,0.91793
CVE-2004-2520,0.05931,0.90093
CVE-2004-2521,0.01319,0.70416
CVE-2004-2522,0.02945,0.82784
CVE-2004-2523,0.14866,0.95678
CVE-2004-2524,0.01319,0.70416
CVE-2004-2525,0.01319,0.70416
CVE-2004-2526,0.10995,0.94626999999999994
CVE-2004-2527,0.01213,0.6557
CVE-2004-2528,0.02945,0.82784
CVE-2004-2529,0.01319,0.70416
CVE-2004-2530,0.04482,0.88223
CVE-2004-2531,0.01319,0.70416
CVE-2004-2532,0.03765,0.84407
CVE-2004-2533,0.01213,0.6557
CVE-2004-2534,0.0679,0.91793
CVE-2004-2535,0.01213,0.6557
CVE-2004-2536,0.01108,0.53389
CVE-2004-2537,0.01018,0.38792
CVE-2004-2538,0.06337,0.90513
CVE-2004-2539,0.01213,0.6557
CVE-2004-2540,0.01213,0.6557
CVE-2004-2541,0.09085,0.93856
CVE-2004-2542,0.01213,0.6557
CVE-2004-2543,0.01408,0.72072
CVE-2004-2544,0.0089,0.2856
CVE-2004-2545,0.01136,0.57949
CVE-2004-2546,0.00954,0.34522
CVE-2004-2547,0.0679,0.91793
CVE-2004-2548,0.02945,0.82784
CVE-2004-2549,0.0679,0.91793
CVE-2004-2550,0.01213,0.6557
CVE-2004-2551,0.04386,0.87542
CVE-2004-2552,0.01592,0.74578
CVE-2004-2553,0.01232,0.66248
CVE-2004-2554,0.01755,0.75287
CVE-2004-2555,0.01761,0.7555
CVE-2004-2556,0.01974,0.7812
CVE-2004-2557,0.01974,0.7812
CVE-2004-2558,0.01213,0.6557
CVE-2004-2559,0.01213,0.6557
CVE-2004-2560,0.06523,0.90962
CVE-2004-2561,0.00986,0.35784
CVE-2004-2562,0.01139,0.58345
CVE-2004-2563,0.03129,0.8316
CVE-2004-2564,0.02945,0.82784
CVE-2004-2565,0.0679,0.91793
CVE-2004-2566,0.01917,0.77071
CVE-2004-2567,0.01213,0.6557
CVE-2004-2568,0.01213,0.6557
CVE-2004-2569,0.01104,0.52279
CVE-2004-2570,0.01408,0.72072
CVE-2004-2571,0.06523,0.90962
CVE-2004-2572,0.01319,0.70416
CVE-2004-2573,0.04187,0.86773
CVE-2004-2574,0.01917,0.77071
CVE-2004-2575,0.01213,0.6557
CVE-2004-2576,0.01136,0.57949
CVE-2004-2577,0.01136,0.57949
CVE-2004-2578,0.01213,0.6557
CVE-2004-2579,0.01108,0.53389
CVE-2004-2580,0.01213,0.6557
CVE-2004-2581,0.01108,0.53389
CVE-2004-2582,0.01319,0.70416
CVE-2004-2583,0.01213,0.6557
CVE-2004-2584,0.01061,0.51015
CVE-2004-2585,0.01319,0.70416
CVE-2004-2586,0.01213,0.6557
CVE-2004-2587,0.01213,0.6557
CVE-2004-2588,0.01319,0.70416
CVE-2004-2589,0.01108,0.53389
CVE-2004-2590,0.01108,0.53389
CVE-2004-2591,0.01034,0.39824
CVE-2004-2592,0.07197,0.92068
CVE-2004-2593,0.0547,0.89492
CVE-2004-2594,0.01408,0.72072
CVE-2004-2595,0.01408,0.72072
CVE-2004-2596,0.01319,0.70416
CVE-2004-2597,0.01408,0.72072
CVE-2004-2598,0.01213,0.6557
CVE-2004-2599,0.01034,0.39824
CVE-2004-2600,0.01319,0.70416
CVE-2004-2601,0.01213,0.6557
CVE-2004-2602,0.01319,0.70416
CVE-2004-2603,0.01319,0.70416
CVE-2004-2604,0.01213,0.6557
CVE-2004-2605,0.01034,0.39824
CVE-2004-2606,0.03779,0.84781
CVE-2004-2607,0.01104,0.52279
CVE-2004-2608,0.01213,0.6557
CVE-2004-2609,0.0095,0.30554
CVE-2004-2610,0.0095,0.30554
CVE-2004-2611,0.0095,0.30554
CVE-2004-2612,0.01213,0.6557
CVE-2004-2613,0.00954,0.34522
CVE-2004-2614,0.12822,0.95405
CVE-2004-2615,0.0095,0.30554
CVE-2004-2616,0.01132,0.54372
CVE-2004-2617,0.07197,0.92068
CVE-2004-2618,0.03129,0.8316
CVE-2004-2619,0.01213,0.6557
CVE-2004-2620,0.00885,0.26162
CVE-2004-2621,0.01319,0.70416
CVE-2004-2622,0.01537,0.73595
CVE-2004-2623,0.01108,0.53389
CVE-2004-2624,0.01213,0.6557
CVE-2004-2625,0.03129,0.8316
CVE-2004-2626,0.02808,0.82317
CVE-2004-2627,0.07777,0.92953
CVE-2004-2628,0.0679,0.91793
CVE-2004-2629,0.01213,0.6557
CVE-2004-2630,0.02172,0.79917
CVE-2004-2631,0.12567,0.95329
CVE-2004-2632,0.02172,0.79917
CVE-2004-2633,0.01108,0.53389
CVE-2004-2634,0.01282,0.67298
CVE-2004-2635,0.01319,0.70416
CVE-2004-2636,0.04482,0.88223
CVE-2004-2637,0.01319,0.70416
CVE-2004-2638,0.01213,0.6557
CVE-2004-2639,0.01213,0.6557
CVE-2004-2640,0.0679,0.91793
CVE-2004-2641,0.01319,0.70416
CVE-2004-2642,0.01319,0.70416
CVE-2004-2643,0.17072,0.96002
CVE-2004-2644,0.01108,0.53389
CVE-2004-2645,0.01108,0.53389
CVE-2004-2646,0.0679,0.91793
CVE-2004-2647,0.0679,0.91793
CVE-2004-2648,0.0095,0.30554
CVE-2004-2649,0.0679,0.91793
CVE-2004-2650,0.0089,0.2856
CVE-2004-2651,0.01408,0.72072
CVE-2004-2652,0.10995,0.94626999999999994
CVE-2004-2653,0.00885,0.26162
CVE-2004-2654,0.01319,0.70416
CVE-2004-2655,0.02686,0.82061
CVE-2004-2656,0.01319,0.70416
CVE-2004-2657,0.0095,0.30554
CVE-2004-2658,0.00885,0.26162
CVE-2004-2659,0.01055,0.50287
CVE-2004-2660,0.01282,0.67298
CVE-2004-2661,0.01055,0.50287
CVE-2004-2662,0.01055,0.50287
CVE-2004-2663,0.01408,0.72072
CVE-2004-2664,0.01055,0.50287
CVE-2004-2665,0.0095,0.30554
CVE-2004-2666,0.01136,0.57949
CVE-2004-2667,0.01136,0.57949
CVE-2004-2668,0.01055,0.50287
CVE-2004-2669,0.02172,0.79917
CVE-2004-2670,0.02945,0.82784
CVE-2004-2671,0.01319,0.70416
CVE-2004-2672,0.00885,0.26162
CVE-2004-2673,0.04724,0.88696
CVE-2004-2674,0.01232,0.66248
CVE-2004-2675,0.05931,0.90093
CVE-2004-2676,0.0095,0.30554
CVE-2004-2677,0.20096,0.96253
CVE-2004-2678,0.01213,0.6557
CVE-2004-2679,0.01213,0.6557
CVE-2004-2680,0.05242,0.89216
CVE-2004-2681,0.01055,0.50287
CVE-2004-2682,0.00885,0.26162
CVE-2004-2683,0.00885,0.26162
CVE-2004-2684,0.00885,0.26162
CVE-2004-2685,0.07687,0.92751
CVE-2004-2686,0.01924,0.77129
CVE-2004-2688,0.01213,0.6557
CVE-2004-2689,0.01213,0.6557
CVE-2004-2690,0.05302,0.89375
CVE-2004-2691,0.58081,0.98772
CVE-2004-2692,0.07197,0.92068
CVE-2004-2693,0.0095,0.30554
CVE-2004-2694,0.11676,0.94929
CVE-2004-2695,0.01319,0.70416
CVE-2004-2696,0.01034,0.39824
CVE-2004-2697,0.01924,0.77129
CVE-2004-2698,0.02046,0.7858
CVE-2004-2699,0.0679,0.91793
CVE-2004-2700,0.01061,0.51015
CVE-2004-2701,0.01917,0.77071
CVE-2004-2702,0.03129,0.8316
CVE-2004-2703,0.01213,0.6557
CVE-2004-2704,0.10522,0.94391
CVE-2004-2705,0.01319,0.70416
CVE-2004-2706,0.01055,0.50287
CVE-2004-2707,0.01018,0.38792
CVE-2004-2708,0.00885,0.26162
CVE-2004-2709,0.04465,0.87733
CVE-2004-2710,0.04291,0.87022
CVE-2004-2711,0.04465,0.87733
CVE-2004-2712,0.01055,0.50287
CVE-2004-2713,0.01034,0.39824
CVE-2004-2714,0.01034,0.39824
CVE-2004-2715,0.0679,0.91793
CVE-2004-2716,0.01139,0.58345
CVE-2004-2717,0.04482,0.88223
CVE-2004-2718,0.04187,0.86773
CVE-2004-2719,0.07437,0.92309
CVE-2004-2720,0.04894,0.88891
CVE-2004-2721,0.01213,0.6557
CVE-2004-2722,0.0095,0.30554
CVE-2004-2723,0.0095,0.30554
CVE-2004-2724,0.01319,0.70416
CVE-2004-2725,0.02945,0.82784
CVE-2004-2726,0.01136,0.57949
CVE-2004-2727,0.10995,0.94626999999999994
CVE-2004-2728,0.01232,0.66248
CVE-2004-2729,0.01755,0.75287
CVE-2004-2730,0.04342,0.87049
CVE-2004-2731,0.02172,0.79379
CVE-2004-2732,0.04482,0.88223
CVE-2004-2733,0.01408,0.72072
CVE-2004-2734,0.01319,0.70416
CVE-2004-2735,0.01319,0.70416
CVE-2004-2736,0.04482,0.88223
CVE-2004-2737,0.00986,0.35784
CVE-2004-2738,0.01319,0.70416
CVE-2004-2739,0.01408,0.72072
CVE-2004-2740,0.01319,0.70416
CVE-2004-2741,0.01319,0.70416
CVE-2004-2742,0.01319,0.70416
CVE-2004-2743,0.01319,0.70416
CVE-2004-2744,0.01018,0.38792
CVE-2004-2745,0.04187,0.86773
CVE-2004-2746,0.04386,0.87542
CVE-2004-2747,0.01132,0.54372
CVE-2004-2748,0.0679,0.91793
CVE-2004-2749,0.02945,0.82784
CVE-2004-2750,0.04187,0.86773
CVE-2004-2751,0.01408,0.72072
CVE-2004-2752,0.01136,0.57949
CVE-2004-2753,0.01034,0.39824
CVE-2004-2754,0.01139,0.58345
CVE-2004-2755,0.01319,0.70416
CVE-2004-2756,0.01917,0.77071
CVE-2004-2757,0.01213,0.6557
CVE-2004-2758,0.02172,0.79917
CVE-2004-2759,0.0095,0.30554
CVE-2004-2760,0.01136,0.57949
CVE-2004-2761,0.12567,0.95329
CVE-2004-2762,0.01408,0.72072
CVE-2004-2763,0.01136,0.57949
CVE-2004-2764,0.01537,0.73595
CVE-2004-2765,0.01055,0.50287
CVE-2004-2766,0.01055,0.50287
CVE-2004-2767,0.01055,0.50287
CVE-2004-2768,0.0095,0.30554
CVE-2004-2769,0.01132,0.54372
CVE-2004-2771,0.01408,0.72072
CVE-2004-2776,0.01136,0.57949
CVE-2004-2777,0.01018,0.38792
CVE-2004-2778,0.01034,0.39824
CVE-2004-2779,0.00954,0.34522
CVE-2003-0001,0.44552,0.98243
CVE-2003-0002,0.14086,0.95604
CVE-2003-0003,0.09529,0.93975
CVE-2003-0004,0.04852,0.88815
CVE-2003-0007,0.047,0.88653
CVE-2003-0009,0.14791,0.95665
CVE-2003-0010,0.39294,0.97941
CVE-2003-0011,0.09772,0.94058
CVE-2003-0012,0.0095,0.30554
CVE-2003-0013,0.01213,0.6557
CVE-2003-0014,0.01034,0.39824
CVE-2003-0015,0.4228,0.98169
CVE-2003-0016,0.08969,0.93727
CVE-2003-0017,0.06394,0.90534
CVE-2003-0018,0.01034,0.39824
CVE-2003-0019,0.01761,0.7555
CVE-2003-0020,0.05242,0.89216
CVE-2003-0021,0.01108,0.53389
CVE-2003-0022,0.01108,0.53389
CVE-2003-0023,0.01108,0.53389
CVE-2003-0024,0.01018,0.38792
CVE-2003-0025,0.01408,0.72072
CVE-2003-0026,0.16207,0.95911
CVE-2003-0027,0.51602,0.98653
CVE-2003-0028,0.36009,0.97758
CVE-2003-0030,0.03214,0.83353
CVE-2003-0031,0.01108,0.53389
CVE-2003-0032,0.01108,0.53389
CVE-2003-0033,0.1127,0.94787
CVE-2003-0034,0.01899,0.76481
CVE-2003-0035,0.01755,0.75287
CVE-2003-0036,0.0095,0.30554
CVE-2003-0037,0.04291,0.87022
CVE-2003-0038,0.02945,0.82784
CVE-2003-0039,0.04292,0.87029
CVE-2003-0040,0.01136,0.57949
CVE-2003-0041,0.0292,0.82516
CVE-2003-0042,0.33043,0.97543
CVE-2003-0043,0.02072,0.79023
CVE-2003-0044,0.03718,0.84354
CVE-2003-0045,0.01055,0.50287
CVE-2003-0046,0.01034,0.39824
CVE-2003-0047,0.01104,0.52279
CVE-2003-0048,0.0095,0.30554
CVE-2003-0049,0.01018,0.38792
CVE-2003-0050,0.77314,0.99384
CVE-2003-0051,0.01213,0.6557
CVE-2003-0052,0.01213,0.6557
CVE-2003-0053,0.01213,0.6557
CVE-2003-0054,0.01213,0.6557
CVE-2003-0055,0.05106,0.89045
CVE-2003-0056,0.05625,0.89579
CVE-2003-0057,0.0547,0.89492
CVE-2003-0058,0.02172,0.79917
CVE-2003-0059,0.01537,0.73595
CVE-2003-0060,0.05139,0.89128
CVE-2003-0061,0.00885,0.26162
CVE-2003-0062,0.01592,0.74578
CVE-2003-0063,0.01537,0.73595
CVE-2003-0064,0.01018,0.38792
CVE-2003-0065,0.01018,0.38792
CVE-2003-0066,0.01183,0.60428
CVE-2003-0067,0.00954,0.34522
CVE-2003-0068,0.01108,0.53389
CVE-2003-0069,0.01018,0.38792
CVE-2003-0070,0.01018,0.38792
CVE-2003-0071,0.01282,0.67298
CVE-2003-0072,0.01319,0.70416
CVE-2003-0073,0.01537,0.73595
CVE-2003-0074,0.05302,0.89375
CVE-2003-0075,0.06523,0.90962
CVE-2003-0076,0.01136,0.57949
CVE-2003-0077,0.01108,0.53389
CVE-2003-0078,0.12567,0.95329
CVE-2003-0079,0.01034,0.39824
CVE-2003-0080,0.01018,0.38792
CVE-2003-0081,0.1127,0.94787
CVE-2003-0082,0.02172,0.79917
CVE-2003-0083,0.05242,0.89216
CVE-2003-0084,0.01108,0.53389
CVE-2003-0085,0.7033,0.99119
CVE-2003-0086,0.01547,0.74085
CVE-2003-0087,0.0322,0.83442
CVE-2003-0088,0.0095,0.30554
CVE-2003-0089,0.0214,0.7918
CVE-2003-0091,0.01104,0.52279
CVE-2003-0092,0.0095,0.30554
CVE-2003-0093,0.01319,0.70416
CVE-2003-0094,0.00954,0.34522
CVE-2003-0095,0.1127,0.94787
CVE-2003-0096,0.09085,0.93856
CVE-2003-0097,0.01108,0.53389
CVE-2003-0098,0.02172,0.79917
CVE-2003-0099,0.02172,0.79379
CVE-2003-0100,0.04187,0.86773
CVE-2003-0101,0.12567,0.95329
CVE-2003-0102,0.06818,0.91799
CVE-2003-0103,0.01136,0.57949
CVE-2003-0104,0.01136,0.57949
CVE-2003-0105,0.01136,0.57949
CVE-2003-0106,0.01018,0.38792
CVE-2003-0107,0.27067,0.97028
CVE-2003-0108,0.12567,0.95329
CVE-2003-0109,0.87625,0.99766
CVE-2003-0110,0.13525,0.9555
CVE-2003-0111,0.45154,0.98267
CVE-2003-0112,0.02428,0.80791
CVE-2003-0113,0.42271,0.98167
CVE-2003-0114,0.11676,0.94929
CVE-2003-0115,0.09772,0.94058
CVE-2003-0116,0.28009,0.97143
CVE-2003-0117,0.13251,0.95483
CVE-2003-0118,0.04105,0.85356
CVE-2003-0119,0.01319,0.70416
CVE-2003-0120,0.0089,0.2856
CVE-2003-0121,0.04187,0.86773
CVE-2003-0122,0.1127,0.94787
CVE-2003-0123,0.01183,0.60428
CVE-2003-0124,0.02615,0.81258
CVE-2003-0125,0.06211,0.90307
CVE-2003-0126,0.00885,0.26162
CVE-2003-0127,0.0322,0.83442
CVE-2003-0128,0.35205,0.97726
CVE-2003-0129,0.10995,0.94626999999999994
CVE-2003-0130,0.10995,0.94626999999999994
CVE-2003-0131,0.07559,0.92528
CVE-2003-0132,0.33043,0.97543
CVE-2003-0133,0.01213,0.6557
CVE-2003-0134,0.05242,0.89216
CVE-2003-0135,0.00954,0.34522
CVE-2003-0136,0.0095,0.30554
CVE-2003-0137,0.01055,0.50287
CVE-2003-0138,0.01537,0.73595
CVE-2003-0139,0.01537,0.73595
CVE-2003-0140,0.04229,0.86856
CVE-2003-0141,0.01213,0.6557
CVE-2003-0142,0.01046,0.41635
CVE-2003-0143,0.11863,0.94956
CVE-2003-0144,0.0322,0.83442
CVE-2003-0145,0.01319,0.70416
CVE-2003-0146,0.05139,0.89128
CVE-2003-0147,0.07559,0.92528
CVE-2003-0148,0.02172,0.79279
CVE-2003-0149,0.04679,0.88603
CVE-2003-0150,0.10859,0.94472
CVE-2003-0151,0.07777,0.92953
CVE-2003-0152,0.01055,0.50287
CVE-2003-0153,0.04482,0.88223
CVE-2003-0154,0.03129,0.8316
CVE-2003-0155,0.01055,0.50287
CVE-2003-0156,0.01136,0.57949
CVE-2003-0159,0.05139,0.89128
CVE-2003-0160,0.01136,0.57949
CVE-2003-0161,0.27067,0.97028
CVE-2003-0162,0.01213,0.6557
CVE-2003-0163,0.01136,0.57949
CVE-2003-0165,0.03014,0.82824
CVE-2003-0166,0.12822,0.95405
CVE-2003-0167,0.02791,0.82239
CVE-2003-0168,0.10439,0.94383
CVE-2003-0169,0.04187,0.86773
CVE-2003-0170,0.01213,0.6557
CVE-2003-0171,0.01761,0.7555
CVE-2003-0172,0.15607,0.95873
CVE-2003-0173,0.0095,0.30554
CVE-2003-0174,0.01018,0.38792
CVE-2003-0175,0.0095,0.30554
CVE-2003-0176,0.01055,0.50287
CVE-2003-0177,0.00885,0.26162
CVE-2003-0178,0.08228,0.93218
CVE-2003-0179,0.1127,0.94787
CVE-2003-0180,0.01408,0.72072
CVE-2003-0181,0.01319,0.70416
CVE-2003-0187,0.01055,0.50287
CVE-2003-0188,0.0095,0.30554
CVE-2003-0189,0.07344,0.92237
CVE-2003-0190,0.10995,0.94626999999999994
CVE-2003-0192,0.05242,0.89216
CVE-2003-0193,0.01034,0.39824
CVE-2003-0194,0.00885,0.26162
CVE-2003-0195,0.10995,0.94626999999999994
CVE-2003-0196,0.14831,0.95668
CVE-2003-0197,0.0089,0.2856
CVE-2003-0198,0.00885,0.26162
CVE-2003-0202,0.0089,0.2856
CVE-2003-0203,0.09006,0.9374
CVE-2003-0204,0.02686,0.82061
CVE-2003-0205,0.01055,0.50287
CVE-2003-0206,0.01055,0.50287
CVE-2003-0207,0.00885,0.26162
CVE-2003-0208,0.01213,0.6557
CVE-2003-0209,0.40588,0.98099
CVE-2003-0210,0.04291,0.87022
CVE-2003-0211,0.0679,0.91793
CVE-2003-0212,0.04465,0.87733
CVE-2003-0213,0.69404,0.99084
CVE-2003-0214,0.00885,0.26162
CVE-2003-0215,0.00986,0.35784
CVE-2003-0216,0.00885,0.26162
CVE-2003-0217,0.01055,0.50287
CVE-2003-0218,0.06523,0.90962
CVE-2003-0219,0.01213,0.6557
CVE-2003-0220,0.72015,0.99186
CVE-2003-0221,0.0095,0.30554
CVE-2003-0222,0.0282,0.82341
CVE-2003-0223,0.09772,0.94058
CVE-2003-0224,0.12988,0.95424
CVE-2003-0225,0.14286,0.95614
CVE-2003-0226,0.26556,0.96997
CVE-2003-0227,0.39059,0.97931
CVE-2003-0228,0.60616,0.98848
CVE-2003-0230,0.01511,0.72784
CVE-2003-0231,0.25598,0.96882
CVE-2003-0232,0.04852,0.88815
CVE-2003-0233,0.34513,0.97636
CVE-2003-0235,0.0292,0.82516
CVE-2003-0236,0.07777,0.92953
CVE-2003-0237,0.01213,0.6557
CVE-2003-0238,0.01213,0.6557
CVE-2003-0239,0.01213,0.6557
CVE-2003-0240,0.07197,0.92068
CVE-2003-0241,0.04679,0.88603
CVE-2003-0242,0.01108,0.53389
CVE-2003-0243,0.04187,0.86773
CVE-2003-0244,0.04358,0.87435
CVE-2003-0245,0.49148,0.98529
CVE-2003-0246,0.01547,0.74085
CVE-2003-0247,0.01537,0.73595
CVE-2003-0248,0.01537,0.73595
CVE-2003-0249,0.00885,0.26162
CVE-2003-0251,0.02172,0.79917
CVE-2003-0252,0.08228,0.93218
CVE-2003-0253,0.05242,0.89216
CVE-2003-0254,0.05242,0.89216
CVE-2003-0255,0.02686,0.82061
CVE-2003-0256,0.01136,0.57949
CVE-2003-0257,0.0095,0.30554
CVE-2003-0258,0.01136,0.57949
CVE-2003-0259,0.01136,0.57949
CVE-2003-0260,0.01136,0.57949
CVE-2003-0261,0.00885,0.26162
CVE-2003-0262,0.01761,0.7555
CVE-2003-0263,0.07687,0.92751
CVE-2003-0265,0.01761,0.7555
CVE-2003-0266,0.04291,0.87022
CVE-2003-0267,0.01136,0.57949
CVE-2003-0268,0.01136,0.57949
CVE-2003-0269,0.01761,0.7555
CVE-2003-0270,0.36038,0.97769
CVE-2003-0271,0.06523,0.90962
CVE-2003-0272,0.01055,0.50287
CVE-2003-0273,0.01055,0.50287
CVE-2003-0274,0.04379,0.87446
CVE-2003-0275,0.01055,0.50287
CVE-2003-0276,0.06211,0.90307
CVE-2003-0277,0.04187,0.86773
CVE-2003-0278,0.01917,0.77071
CVE-2003-0279,0.01213,0.6557
CVE-2003-0280,0.07687,0.92751
CVE-2003-0281,0.01755,0.75287
CVE-2003-0283,0.01917,0.77071
CVE-2003-0284,0.01055,0.50287
CVE-2003-0285,0.01018,0.38792
CVE-2003-0286,0.01408,0.72072
CVE-2003-0287,0.01213,0.6557
CVE-2003-0288,0.06523,0.90962
CVE-2003-0289,0.02046,0.7858
CVE-2003-0290,0.04482,0.88223
CVE-2003-0291,0.01213,0.6557
CVE-2003-0292,0.01055,0.50287
CVE-2003-0293,0.04187,0.86773
CVE-2003-0294,0.01055,0.50287
CVE-2003-0295,0.01917,0.77071
CVE-2003-0296,0.03477,0.84037
CVE-2003-0297,0.02791,0.82239
CVE-2003-0298,0.03477,0.84037
CVE-2003-0299,0.03477,0.84037
CVE-2003-0300,0.03354,0.83629
CVE-2003-0301,0.03354,0.83629
CVE-2003-0302,0.05301,0.8932
CVE-2003-0303,0.00986,0.35784
CVE-2003-0304,0.04187,0.86773
CVE-2003-0305,0.01055,0.50287
CVE-2003-0306,0.04852,0.88815
CVE-2003-0307,0.01055,0.50287
CVE-2003-0308,0.0095,0.30554
CVE-2003-0309,0.40848,0.98127
CVE-2003-0310,0.01917,0.77071
CVE-2003-0312,0.04187,0.86773
CVE-2003-0313,0.01055,0.50287
CVE-2003-0314,0.04187,0.86773
CVE-2003-0315,0.04379,0.87446
CVE-2003-0316,0.00885,0.26162
CVE-2003-0317,0.04187,0.86773
CVE-2003-0318,0.01055,0.50287
CVE-2003-0319,0.04679,0.88603
CVE-2003-0320,0.04187,0.86773
CVE-2003-0321,0.04229,0.86856
CVE-2003-0322,0.00885,0.26162
CVE-2003-0323,0.02791,0.82239
CVE-2003-0324,0.02791,0.82239
CVE-2003-0325,0.01899,0.76481
CVE-2003-0326,0.02172,0.79279
CVE-2003-0327,0.01136,0.57949
CVE-2003-0328,0.04081,0.85323
CVE-2003-0329,0.00885,0.26162
CVE-2003-0330,0.02172,0.79279
CVE-2003-0331,0.01055,0.50287
CVE-2003-0332,0.04187,0.86773
CVE-2003-0333,0.01034,0.39824
CVE-2003-0334,0.0095,0.30554
CVE-2003-0335,0.00885,0.26162
CVE-2003-0336,0.01055,0.50287
CVE-2003-0337,0.00885,0.26162
CVE-2003-0338,0.04187,0.86773
CVE-2003-0339,0.07687,0.92751
CVE-2003-0340,0.00885,0.26162
CVE-2003-0341,0.01055,0.50287
CVE-2003-0342,0.00885,0.26162
CVE-2003-0343,0.01055,0.50287
CVE-2003-0344,0.86366,0.99691
CVE-2003-0345,0.36031,0.97768
CVE-2003-0346,0.46718,0.98435
CVE-2003-0347,0.44626,0.9825
CVE-2003-0348,0.13525,0.9555
CVE-2003-0349,0.85532,0.99663
CVE-2003-0350,0.04671,0.88546
CVE-2003-0352,0.87309,0.99738
CVE-2003-0353,0.46718,0.98435
CVE-2003-0354,0.01018,0.38792
CVE-2003-0355,0.01055,0.50287
CVE-2003-0356,0.05139,0.89128
CVE-2003-0357,0.07544,0.92484
CVE-2003-0358,0.01924,0.77129
CVE-2003-0359,0.00885,0.26162
CVE-2003-0360,0.03432,0.83945
CVE-2003-0361,0.01055,0.50287
CVE-2003-0362,0.00885,0.26162
CVE-2003-0363,0.01055,0.50287
CVE-2003-0364,0.02172,0.79917
CVE-2003-0365,0.00885,0.26162
CVE-2003-0366,0.00885,0.26162
CVE-2003-0367,0.0095,0.30554
CVE-2003-0368,0.01213,0.6557
CVE-2003-0370,0.01408,0.72072
CVE-2003-0371,0.04099,0.85351
CVE-2003-0372,0.01899,0.76481
CVE-2003-0373,0.01592,0.74578
CVE-2003-0374,0.00885,0.26162
CVE-2003-0375,0.01917,0.77071
CVE-2003-0376,0.13013,0.95428
CVE-2003-0377,0.06643,0.91148
CVE-2003-0378,0.00885,0.26162
CVE-2003-0379,0.01055,0.50287
CVE-2003-0380,0.06211,0.90307
CVE-2003-0381,0.00885,0.26162
CVE-2003-0382,0.0089,0.2856
CVE-2003-0385,0.01761,0.7555
CVE-2003-0386,0.03779,0.84781
CVE-2003-0388,0.01761,0.7555
CVE-2003-0389,0.01055,0.50287
CVE-2003-0390,0.01899,0.76481
CVE-2003-0391,0.05282,0.89305
CVE-2003-0392,0.01055,0.50287
CVE-2003-0393,0.01055,0.50287
CVE-2003-0394,0.04187,0.86773
CVE-2003-0395,0.04187,0.86773
CVE-2003-0396,0.01924,0.77129
CVE-2003-0397,0.06523,0.90962
CVE-2003-0398,0.06523,0.90962
CVE-2003-0399,0.01213,0.6557
CVE-2003-0400,0.04187,0.86773
CVE-2003-0401,0.01213,0.6557
CVE-2003-0402,0.01213,0.6557
CVE-2003-0403,0.01213,0.6557
CVE-2003-0404,0.01917,0.77071
CVE-2003-0405,0.01213,0.6557
CVE-2003-0406,0.0089,0.2856
CVE-2003-0407,0.07687,0.92751
CVE-2003-0408,0.01761,0.7555
CVE-2003-0409,0.06211,0.90307
CVE-2003-0410,0.06523,0.90962
CVE-2003-0411,0.0679,0.91793
CVE-2003-0412,0.01319,0.70416
CVE-2003-0413,0.04894,0.88891
CVE-2003-0414,0.01034,0.39824
CVE-2003-0415,0.01136,0.57949
CVE-2003-0416,0.01917,0.77071
CVE-2003-0417,0.01136,0.57949
CVE-2003-0418,0.00954,0.34522
CVE-2003-0419,0.01055,0.50287
CVE-2003-0420,0.0095,0.30554
CVE-2003-0421,0.01055,0.50287
CVE-2003-0422,0.01055,0.50287
CVE-2003-0423,0.01055,0.50287
CVE-2003-0424,0.01055,0.50287
CVE-2003-0425,0.01055,0.50287
CVE-2003-0426,0.01055,0.50287
CVE-2003-0427,0.06523,0.90962
CVE-2003-0428,0.01408,0.72072
CVE-2003-0429,0.05139,0.89128
CVE-2003-0430,0.01319,0.70416
CVE-2003-0431,0.01108,0.53389
CVE-2003-0432,0.01108,0.53389
CVE-2003-0433,0.03477,0.84037
CVE-2003-0434,0.25092,0.96779
CVE-2003-0435,0.04679,0.88603
CVE-2003-0436,0.05532,0.89536
CVE-2003-0437,0.05532,0.89536
CVE-2003-0438,0.00885,0.26162
CVE-2003-0440,0.0095,0.30554
CVE-2003-0441,0.0089,0.2856
CVE-2003-0442,0.12328,0.95117
CVE-2003-0444,0.06523,0.90962
CVE-2003-0445,0.03696,0.84331
CVE-2003-0446,0.22338,0.96444
CVE-2003-0447,0.25598,0.96882
CVE-2003-0448,0.00885,0.26162
CVE-2003-0449,0.01761,0.7555
CVE-2003-0450,0.04291,0.87022
CVE-2003-0451,0.00885,0.26162
CVE-2003-0452,0.02994,0.8281
CVE-2003-0453,0.03432,0.83945
CVE-2003-0454,0.01761,0.7555
CVE-2003-0455,0.0089,0.2856
CVE-2003-0456,0.01213,0.6557
CVE-2003-0458,0.00885,0.26162
CVE-2003-0459,0.01537,0.73595
CVE-2003-0460,0.03384,0.83655
CVE-2003-0461,0.01104,0.52279
CVE-2003-0462,0.01924,0.77129
CVE-2003-0464,0.0089,0.2856
CVE-2003-0465,0.01018,0.38792
CVE-2003-0466,0.34216,0.97602
CVE-2003-0467,0.01055,0.50287
CVE-2003-0468,0.01974,0.7812
CVE-2003-0469,0.42485,0.98178
CVE-2003-0470,0.15607,0.95873
CVE-2003-0471,0.74393,0.99275
CVE-2003-0472,0.01213,0.6557
CVE-2003-0473,0.01018,0.38792
CVE-2003-0474,0.01055,0.50287
CVE-2003-0475,0.01055,0.50287
CVE-2003-0476,0.01282,0.67298
CVE-2003-0477,0.01055,0.50287
CVE-2003-0478,0.06211,0.90307
CVE-2003-0479,0.01055,0.50287
CVE-2003-0480,0.00885,0.26162
CVE-2003-0481,0.01917,0.77071
CVE-2003-0482,0.04379,0.87446
CVE-2003-0483,0.01917,0.77071
CVE-2003-0484,0.01055,0.50287
CVE-2003-0485,0.02172,0.79279
CVE-2003-0486,0.00986,0.35784
CVE-2003-0487,0.06211,0.90307
CVE-2003-0488,0.01917,0.77071
CVE-2003-0489,0.00885,0.26162
CVE-2003-0490,0.00885,0.26162
CVE-2003-0491,0.04679,0.88603
CVE-2003-0492,0.01917,0.77071
CVE-2003-0493,0.00885,0.26162
CVE-2003-0494,0.01136,0.57949
CVE-2003-0495,0.01917,0.77071
CVE-2003-0496,0.02815,0.82338
CVE-2003-0497,0.01761,0.7555
CVE-2003-0498,0.02172,0.79279
CVE-2003-0499,0.00885,0.26162
CVE-2003-0500,0.019,0.76482000000000006
CVE-2003-0501,0.02046,0.7858
CVE-2003-0502,0.01055,0.50287
CVE-2003-0503,0.08669,0.93647
CVE-2003-0504,0.01213,0.6557
CVE-2003-0505,0.09772,0.94058
CVE-2003-0506,0.06956,0.91856
CVE-2003-0507,0.24611,0.96685
CVE-2003-0508,0.09251,0.93929
CVE-2003-0509,0.04386,0.87542
CVE-2003-0510,0.05532,0.89536
CVE-2003-0511,0.04187,0.86773
CVE-2003-0512,0.01213,0.6557
CVE-2003-0513,0.09772,0.94058
CVE-2003-0514,0.04187,0.86773
CVE-2003-0515,0.00885,0.26162
CVE-2003-0516,0.01055,0.50287
CVE-2003-0517,0.00885,0.26162
CVE-2003-0518,0.00954,0.34522
CVE-2003-0519,0.06956,0.91856
CVE-2003-0520,0.01055,0.50287
CVE-2003-0521,0.01917,0.77071
CVE-2003-0522,0.01055,0.50287
CVE-2003-0523,0.01917,0.77071
CVE-2003-0524,0.00885,0.26162
CVE-2003-0525,0.06118,0.90183
CVE-2003-0526,0.22338,0.96444
CVE-2003-0528,0.46718,0.98435
CVE-2003-0530,0.406,0.98111
CVE-2003-0531,0.33536,0.97572
CVE-2003-0532,0.27281,0.97048
CVE-2003-0533,0.9186,0.99891
CVE-2003-0535,0.00885,0.26162
CVE-2003-0536,0.01963,0.77709
CVE-2003-0537,0.00885,0.26162
CVE-2003-0538,0.01055,0.50287
CVE-2003-0539,0.0089,0.2856
CVE-2003-0540,0.12567,0.95329
CVE-2003-0541,0.01213,0.6557
CVE-2003-0542,0.05533,0.89537
CVE-2003-0543,0.12567,0.95329
CVE-2003-0544,0.06584,0.90986
CVE-2003-0545,0.07544,0.92484
CVE-2003-0546,0.01055,0.50287
CVE-2003-0547,0.0095,0.30554
CVE-2003-0548,0.01018,0.38792
CVE-2003-0549,0.01018,0.38792
CVE-2003-0550,0.01018,0.38792
CVE-2003-0551,0.01108,0.53389
CVE-2003-0552,0.01319,0.70416
CVE-2003-0553,0.04679,0.88603
CVE-2003-0554,0.01055,0.50287
CVE-2003-0555,0.03477,0.84037
CVE-2003-0556,0.01055,0.50287
CVE-2003-0557,0.00986,0.35784
CVE-2003-0558,0.573,0.98763
CVE-2003-0559,0.01055,0.50287
CVE-2003-0560,0.00986,0.35784
CVE-2003-0561,0.04404,0.87551
CVE-2003-0562,0.0679,0.91793
CVE-2003-0564,0.07544,0.92484
CVE-2003-0565,0.04465,0.87733
CVE-2003-0567,0.0679,0.91793
CVE-2003-0572,0.00954,0.34522
CVE-2003-0573,0.00885,0.26162
CVE-2003-0574,0.00885,0.26162
CVE-2003-0575,0.01183,0.60428
CVE-2003-0576,0.01055,0.50287
CVE-2003-0577,0.05139,0.89128
CVE-2003-0578,0.00885,0.26162
CVE-2003-0579,0.01761,0.7555
CVE-2003-0580,0.02172,0.79279
CVE-2003-0581,0.04465,0.87733
CVE-2003-0583,0.03742,0.84386
CVE-2003-0584,0.05792,0.8994
CVE-2003-0585,0.01055,0.50287
CVE-2003-0586,0.08382,0.93597
CVE-2003-0587,0.01055,0.50287
CVE-2003-0588,0.01055,0.50287
CVE-2003-0589,0.01055,0.50287
CVE-2003-0590,0.02173,0.80027
CVE-2003-0592,0.01319,0.70416
CVE-2003-0593,0.01055,0.50287
CVE-2003-0594,0.01319,0.70416
CVE-2003-0595,0.04379,0.87446
CVE-2003-0596,0.00885,0.26162
CVE-2003-0597,0.00885,0.26162
CVE-2003-0599,0.00954,0.34522
CVE-2003-0601,0.01136,0.57949
CVE-2003-0602,0.01213,0.6557
CVE-2003-0603,0.0089,0.2856
CVE-2003-0604,0.13782,0.95593
CVE-2003-0605,0.36964,0.97804
CVE-2003-0606,0.00885,0.26162
CVE-2003-0607,0.0089,0.2856
CVE-2003-0609,0.01924,0.77129
CVE-2003-0610,0.01055,0.50287
CVE-2003-0611,0.01761,0.7555
CVE-2003-0612,0.01282,0.67298
CVE-2003-0613,0.02994,0.8281
CVE-2003-0614,0.01917,0.77071
CVE-2003-0615,0.03407,0.83908
CVE-2003-0616,0.04679,0.88603
CVE-2003-0617,0.00885,0.26162
CVE-2003-0618,0.0095,0.30554
CVE-2003-0619,0.04482,0.88223
CVE-2003-0620,0.01761,0.7555
CVE-2003-0621,0.04187,0.86773
CVE-2003-0622,0.01213,0.6557
CVE-2003-0623,0.01213,0.6557
CVE-2003-0624,0.01917,0.77071
CVE-2003-0625,0.04187,0.86773
CVE-2003-0626,0.01319,0.70416
CVE-2003-0627,0.01213,0.6557
CVE-2003-0628,0.01055,0.50287
CVE-2003-0629,0.01055,0.50287
CVE-2003-0630,0.00885,0.26162
CVE-2003-0631,0.00885,0.26162
CVE-2003-0632,0.03093,0.82991
CVE-2003-0633,0.01136,0.57949
CVE-2003-0634,0.03425,0.8393
CVE-2003-0635,0.00885,0.26162
CVE-2003-0636,0.00885,0.26162
CVE-2003-0637,0.01055,0.50287
CVE-2003-0638,0.02791,0.82239
CVE-2003-0639,0.00885,0.26162
CVE-2003-0640,0.00885,0.26162
CVE-2003-0641,0.0095,0.30554
CVE-2003-0642,0.0095,0.30554
CVE-2003-0643,0.01034,0.39824
CVE-2003-0644,0.0089,0.2856
CVE-2003-0645,0.01761,0.7555
CVE-2003-0646,0.04679,0.88603
CVE-2003-0647,0.05532,0.89536
CVE-2003-0648,0.03425,0.8393
CVE-2003-0649,0.02567,0.81201
CVE-2003-0650,0.06523,0.90962
CVE-2003-0651,0.05532,0.89536
CVE-2003-0652,0.00885,0.26162
CVE-2003-0653,0.01055,0.50287
CVE-2003-0654,0.03696,0.84331
CVE-2003-0655,0.01761,0.7555
CVE-2003-0656,0.0089,0.2856
CVE-2003-0657,0.01055,0.50287
CVE-2003-0658,0.01213,0.6557
CVE-2003-0659,0.04459,0.87712
CVE-2003-0660,0.406,0.98111
CVE-2003-0661,0.11676,0.94929
CVE-2003-0662,0.46718,0.98435
CVE-2003-0663,0.16864,0.95983
CVE-2003-0664,0.03884,0.84938
CVE-2003-0665,0.45154,0.98267
CVE-2003-0666,0.45154,0.98267
CVE-2003-0669,0.00885,0.26162
CVE-2003-0670,0.00885,0.26162
CVE-2003-0671,0.02172,0.79279
CVE-2003-0672,0.03696,0.84331
CVE-2003-0676,0.01055,0.50287
CVE-2003-0677,0.01136,0.57949
CVE-2003-0679,0.00885,0.26162
CVE-2003-0680,0.00885,0.26162
CVE-2003-0681,0.12567,0.95329
CVE-2003-0682,0.01537,0.73595
CVE-2003-0683,0.01018,0.38792
CVE-2003-0685,0.03432,0.83945
CVE-2003-0686,0.40588,0.98099
CVE-2003-0688,0.01974,0.7812
CVE-2003-0689,0.03432,0.83945
CVE-2003-0690,0.02686,0.82061
CVE-2003-0692,0.01537,0.73595
CVE-2003-0693,0.12248,0.95092
CVE-2003-0694,0.82604,0.99546
CVE-2003-0695,0.04229,0.86856
CVE-2003-0696,0.00954,0.34522
CVE-2003-0697,0.0095,0.30554
CVE-2003-0699,0.01018,0.38792
CVE-2003-0700,0.00954,0.34522
CVE-2003-0701,0.45154,0.98267
CVE-2003-0702,0.04291,0.87022
CVE-2003-0703,0.0095,0.30554
CVE-2003-0704,0.0095,0.30554
CVE-2003-0705,0.04379,0.87446
CVE-2003-0706,0.04187,0.86773
CVE-2003-0707,0.03696,0.84331
CVE-2003-0708,0.03477,0.84037
CVE-2003-0709,0.03696,0.84331
CVE-2003-0711,0.46718,0.98435
CVE-2003-0712,0.13105,0.9547
CVE-2003-0714,0.7003,0.99104
CVE-2003-0715,0.46718,0.98435
CVE-2003-0717,0.60616,0.98848
CVE-2003-0718,0.29415,0.97223
CVE-2003-0719,0.87309,0.99738
CVE-2003-0720,0.40588,0.98099
CVE-2003-0721,0.1127,0.94787
CVE-2003-0722,0.67427,0.99049
CVE-2003-0723,0.04379,0.87446
CVE-2003-0724,0.01055,0.50287
CVE-2003-0725,0.07687,0.92751
CVE-2003-0726,0.0323,0.83449
CVE-2003-0728,0.00885,0.26162
CVE-2003-0729,0.07687,0.92751
CVE-2003-0730,0.08228,0.93218
CVE-2003-0731,0.00885,0.26162
CVE-2003-0732,0.00885,0.26162
CVE-2003-0733,0.01055,0.50287
CVE-2003-0734,0.00885,0.26162
CVE-2003-0735,0.00986,0.35784
CVE-2003-0736,0.01917,0.77071
CVE-2003-0737,0.01055,0.50287
CVE-2003-0738,0.01055,0.50287
CVE-2003-0739,0.00885,0.26162
CVE-2003-0740,0.01761,0.7555
CVE-2003-0742,0.00885,0.26162
CVE-2003-0743,0.1127,0.94787
CVE-2003-0744,0.01319,0.70416
CVE-2003-0745,0.01055,0.50287
CVE-2003-0746,0.01213,0.6557
CVE-2003-0747,0.04187,0.86773
CVE-2003-0748,0.04187,0.86773
CVE-2003-0749,0.12581,0.95329
CVE-2003-0750,0.01055,0.50287
CVE-2003-0751,0.01055,0.50287
CVE-2003-0752,0.00986,0.35784
CVE-2003-0753,0.01055,0.50287
CVE-2003-0754,0.01055,0.50287
CVE-2003-0755,0.04379,0.87446
CVE-2003-0756,0.01055,0.50287
CVE-2003-0757,0.04187,0.86773
CVE-2003-0758,0.01924,0.77129
CVE-2003-0759,0.01924,0.77129
CVE-2003-0760,0.04187,0.86773
CVE-2003-0761,0.03696,0.84331
CVE-2003-0762,0.04379,0.87446
CVE-2003-0763,0.01917,0.77071
CVE-2003-0764,0.01055,0.50287
CVE-2003-0765,0.04379,0.87446
CVE-2003-0766,0.04099,0.85351
CVE-2003-0767,0.04379,0.87446
CVE-2003-0768,0.06956,0.91856
CVE-2003-0769,0.01917,0.77071
CVE-2003-0770,0.07687,0.92751
CVE-2003-0771,0.02994,0.8281
CVE-2003-0772,0.12822,0.95405
CVE-2003-0773,0.01408,0.72072
CVE-2003-0774,0.01319,0.70416
CVE-2003-0775,0.01408,0.72072
CVE-2003-0776,0.01108,0.53389
CVE-2003-0777,0.01183,0.60428
CVE-2003-0778,0.01183,0.60428
CVE-2003-0779,0.01055,0.50287
CVE-2003-0780,0.19329,0.9619
CVE-2003-0781,0.00885,0.26162
CVE-2003-0782,0.03432,0.83945
CVE-2003-0783,0.02046,0.7858
CVE-2003-0784,0.01055,0.50287
CVE-2003-0785,0.01055,0.50287
CVE-2003-0786,0.01319,0.70416
CVE-2003-0787,0.01108,0.53389
CVE-2003-0788,0.01974,0.7812
CVE-2003-0789,0.05242,0.89216
CVE-2003-0791,0.01108,0.53389
CVE-2003-0792,0.01408,0.72072
CVE-2003-0793,0.0095,0.30554
CVE-2003-0794,0.0095,0.30554
CVE-2003-0795,0.04482,0.88223
CVE-2003-0796,0.01213,0.6557
CVE-2003-0797,0.01213,0.6557
CVE-2003-0801,0.01917,0.77071
CVE-2003-0802,0.04187,0.86773
CVE-2003-0803,0.04187,0.86773
CVE-2003-0804,0.01136,0.57949
CVE-2003-0805,0.042659999999999997,0.86883
CVE-2003-0806,0.46718,0.98435
CVE-2003-0807,0.20648,0.96329
CVE-2003-0809,0.41003,0.98131
CVE-2003-0812,0.9186,0.99891
CVE-2003-0813,0.23038,0.96506
CVE-2003-0814,0.23038,0.96506
CVE-2003-0815,0.24173,0.96655
CVE-2003-0816,0.46113,0.98301
CVE-2003-0817,0.20648,0.96329
CVE-2003-0818,0.93133,0.99926
CVE-2003-0819,0.46718,0.98435
CVE-2003-0820,0.46718,0.98435
CVE-2003-0821,0.35008,0.9771
CVE-2003-0822,0.9186,0.99891
CVE-2003-0823,0.23038,0.96506
CVE-2003-0824,0.20648,0.96329
CVE-2003-0825,0.26231,0.96957
CVE-2003-0826,0.15607,0.95873
CVE-2003-0827,0.01055,0.50287
CVE-2003-0828,0.0089,0.2856
CVE-2003-0830,0.01761,0.7555
CVE-2003-0831,0.32173,0.97492
CVE-2003-0832,0.01055,0.50287
CVE-2003-0833,0.04099,0.85351
CVE-2003-0834,0.0247,0.80855
CVE-2003-0835,0.07687,0.92751
CVE-2003-0836,0.03432,0.83945
CVE-2003-0837,0.0292,0.82516
CVE-2003-0838,0.44552,0.98243
CVE-2003-0839,0.09772,0.94058
CVE-2003-0840,0.01761,0.7555
CVE-2003-0841,0.01055,0.50287
CVE-2003-0842,0.04379,0.87446
CVE-2003-0843,0.03696,0.84331
CVE-2003-0844,0.00885,0.26162
CVE-2003-0845,0.15607,0.95873
CVE-2003-0846,0.00885,0.26162
CVE-2003-0847,0.01761,0.7555
CVE-2003-0848,0.0322,0.83442
CVE-2003-0849,0.07687,0.92751
CVE-2003-0850,0.06523,0.90962
CVE-2003-0851,0.06584,0.90986
CVE-2003-0852,0.01018,0.38792
CVE-2003-0853,0.19771,0.96212
CVE-2003-0854,0.0322,0.83442
CVE-2003-0855,0.01213,0.6557
CVE-2003-0856,0.01034,0.39824
CVE-2003-0857,0.00885,0.26162
CVE-2003-0858,0.01034,0.39824
CVE-2003-0859,0.0089,0.2856
CVE-2003-0860,0.00885,0.26162
CVE-2003-0861,0.00885,0.26162
CVE-2003-0863,0.04187,0.86773
CVE-2003-0864,0.0679,0.91793
CVE-2003-0865,0.15607,0.95873
CVE-2003-0866,0.33043,0.97543
CVE-2003-0870,0.07687,0.92751
CVE-2003-0871,0.00885,0.26162
CVE-2003-0872,0.00885,0.26162
CVE-2003-0874,0.01213,0.6557
CVE-2003-0875,0.00885,0.26162
CVE-2003-0876,0.0095,0.30554
CVE-2003-0877,0.0095,0.30554
CVE-2003-0878,0.00885,0.26162
CVE-2003-0880,0.00885,0.26162
CVE-2003-0881,0.01055,0.50287
CVE-2003-0882,0.01055,0.50287
CVE-2003-0883,0.00885,0.26162
CVE-2003-0885,0.00885,0.26162
CVE-2003-0886,0.07687,0.92751
CVE-2003-0887,0.00885,0.26162
CVE-2003-0894,0.01755,0.75287
CVE-2003-0895,0.03375,0.83648
CVE-2003-0896,0.20096,0.96253
CVE-2003-0897,0.02488,0.80865
CVE-2003-0898,0.01761,0.7555
CVE-2003-0899,0.20096,0.96253
CVE-2003-0900,0.00885,0.26162
CVE-2003-0901,0.07777,0.92953
CVE-2003-0902,0.01055,0.50287
CVE-2003-0903,0.46718,0.98435
CVE-2003-0904,0.05612,0.89562
CVE-2003-0905,0.13105,0.9547
CVE-2003-0906,0.406,0.98111
CVE-2003-0907,0.46718,0.98435
CVE-2003-0908,0.04459,0.87712
CVE-2003-0909,0.02428,0.80791
CVE-2003-0910,0.04459,0.87712
CVE-2003-0913,0.0095,0.30554
CVE-2003-0914,0.12778,0.95378
CVE-2003-0924,0.01282,0.67298
CVE-2003-0925,0.07544,0.92484
CVE-2003-0926,0.02172,0.79917
CVE-2003-0927,0.07544,0.92484
CVE-2003-0928,0.01055,0.50287
CVE-2003-0929,0.01055,0.50287
CVE-2003-0930,0.01055,0.50287
CVE-2003-0931,0.01136,0.57949
CVE-2003-0932,0.02994,0.8281
CVE-2003-0933,0.02994,0.8281
CVE-2003-0934,0.0089,0.2856
CVE-2003-0935,0.01108,0.53389
CVE-2003-0936,0.0089,0.2856
CVE-2003-0937,0.0089,0.2856
CVE-2003-0938,0.00885,0.26162
CVE-2003-0939,0.04679,0.88603
CVE-2003-0940,0.01055,0.50287
CVE-2003-0941,0.01055,0.50287
CVE-2003-0942,0.03696,0.84331
CVE-2003-0943,0.01055,0.50287
CVE-2003-0944,0.03696,0.84331
CVE-2003-0945,0.01055,0.50287
CVE-2003-0946,0.04465,0.87733
CVE-2003-0947,0.03533,0.84105
CVE-2003-0948,0.02172,0.79279
CVE-2003-0949,0.0089,0.2856
CVE-2003-0950,0.01136,0.57949
CVE-2003-0951,0.00885,0.26162
CVE-2003-0954,0.01034,0.39824
CVE-2003-0955,0.0214,0.7918
CVE-2003-0956,0.00885,0.26162
CVE-2003-0959,0.00885,0.26162
CVE-2003-0960,0.00885,0.26162
CVE-2003-0961,0.0322,0.83442
CVE-2003-0962,0.12248,0.95092
CVE-2003-0963,0.24062,0.96648
CVE-2003-0965,0.01955,0.77585
CVE-2003-0966,0.06523,0.90962
CVE-2003-0967,0.04482,0.88223
CVE-2003-0968,0.03696,0.84331
CVE-2003-0969,0.06523,0.90962
CVE-2003-0970,0.01055,0.50287
CVE-2003-0971,0.02686,0.82061
CVE-2003-0972,0.03214,0.83353
CVE-2003-0973,0.03384,0.83655
CVE-2003-0974,0.04482,0.88223
CVE-2003-0975,0.01213,0.6557
CVE-2003-0976,0.00885,0.26162
CVE-2003-0977,0.02686,0.82061
CVE-2003-0978,0.04291,0.87022
CVE-2003-0979,0.01055,0.50287
CVE-2003-0980,0.01055,0.50287
CVE-2003-0981,0.01055,0.50287
CVE-2003-0982,0.06523,0.90962
CVE-2003-0983,0.01055,0.50287
CVE-2003-0984,0.01547,0.74085
CVE-2003-0985,0.04005,0.85278
CVE-2003-0986,0.0095,0.30554
CVE-2003-0987,0.05242,0.89216
CVE-2003-0988,0.04421,0.87629
CVE-2003-0989,0.04358,0.87435
CVE-2003-0990,0.73206,0.99228
CVE-2003-0991,0.01408,0.72072
CVE-2003-0992,0.01213,0.6557
CVE-2003-0993,0.07344,0.92237
CVE-2003-0994,0.0095,0.30554
CVE-2003-0995,0.09772,0.94058
CVE-2003-0996,0.00885,0.26162
CVE-2003-0997,0.00885,0.26162
CVE-2003-0998,0.00885,0.26162
CVE-2003-0999,0.02172,0.79279
CVE-2003-1000,0.01055,0.50287
CVE-2003-1001,0.01055,0.50287
CVE-2003-1002,0.01055,0.50287
CVE-2003-1003,0.01055,0.50287
CVE-2003-1004,0.01055,0.50287
CVE-2003-1005,0.01213,0.6557
CVE-2003-1006,0.02515,0.81067
CVE-2003-1007,0.01018,0.38792
CVE-2003-1008,0.00885,0.26162
CVE-2003-1009,0.01213,0.6557
CVE-2003-1010,0.0089,0.2856
CVE-2003-1011,0.0095,0.30554
CVE-2003-1012,0.03779,0.84781
CVE-2003-1013,0.03779,0.84781
CVE-2003-1014,0.01136,0.57949
CVE-2003-1015,0.01136,0.57949
CVE-2003-1016,0.01136,0.57949
CVE-2003-1017,0.04187,0.86773
CVE-2003-1018,0.01034,0.39824
CVE-2003-1020,0.00954,0.34522
CVE-2003-1021,0.0095,0.30554
CVE-2003-1022,0.01213,0.6557
CVE-2003-1023,0.12248,0.95092
CVE-2003-1024,0.01034,0.39824
CVE-2003-1025,0.44552,0.98243
CVE-2003-1026,0.44552,0.98243
CVE-2003-1027,0.23038,0.96506
CVE-2003-1028,0.13782,0.95593
CVE-2003-1029,0.12567,0.95329
CVE-2003-1030,0.15607,0.95873
CVE-2003-1031,0.01917,0.77071
CVE-2003-1032,0.04187,0.86773
CVE-2003-1033,0.0095,0.30554
CVE-2003-1034,0.0089,0.2856
CVE-2003-1035,0.01213,0.6557
CVE-2003-1036,0.04679,0.88603
CVE-2003-1037,0.06523,0.90962
CVE-2003-1038,0.01055,0.50287
CVE-2003-1039,0.04679,0.88603
CVE-2003-1040,0.01282,0.67298
CVE-2003-1041,0.40848,0.98127
CVE-2003-1042,0.01213,0.6557
CVE-2003-1043,0.01213,0.6557
CVE-2003-1044,0.01018,0.38792
CVE-2003-1045,0.01213,0.6557
CVE-2003-1046,0.01213,0.6557
CVE-2003-1048,0.24173,0.96655
CVE-2003-1049,0.0095,0.30554
CVE-2003-1050,0.01899,0.76481
CVE-2003-1051,0.01899,0.76481
CVE-2003-1052,0.01963,0.77709
CVE-2003-1053,0.01755,0.75287
CVE-2003-1054,0.04482,0.88223
CVE-2003-1055,0.01924,0.77129
CVE-2003-1056,0.01034,0.39824
CVE-2003-1057,0.01755,0.75287
CVE-2003-1058,0.01034,0.39824
CVE-2003-1059,0.01034,0.39824
CVE-2003-1060,0.01136,0.57949
CVE-2003-1061,0.0089,0.2856
CVE-2003-1062,0.0095,0.30554
CVE-2003-1063,0.01213,0.6557
CVE-2003-1064,0.01213,0.6557
CVE-2003-1065,0.0095,0.30554
CVE-2003-1066,0.04291,0.87022
CVE-2003-1067,0.01034,0.39824
CVE-2003-1068,0.0095,0.30554
CVE-2003-1069,0.01213,0.6557
CVE-2003-1070,0.01213,0.6557
CVE-2003-1071,0.02046,0.7858
CVE-2003-1072,0.0095,0.30554
CVE-2003-1073,0.0322,0.83442
CVE-2003-1074,0.01034,0.39824
CVE-2003-1075,0.01213,0.6557
CVE-2003-1076,0.01034,0.39824
CVE-2003-1077,0.0095,0.30554
CVE-2003-1078,0.01018,0.38792
CVE-2003-1079,0.01213,0.6557
CVE-2003-1080,0.0095,0.30554
CVE-2003-1081,0.01108,0.53389
CVE-2003-1082,0.01034,0.39824
CVE-2003-1083,0.15607,0.95873
CVE-2003-1084,0.01319,0.70416
CVE-2003-1085,0.10995,0.94626999999999994
CVE-2003-1086,0.04187,0.86773
CVE-2003-1087,0.01213,0.6557
CVE-2003-1088,0.01917,0.77071
CVE-2003-1089,0.04187,0.86773
CVE-2003-1090,0.07687,0.92751
CVE-2003-1091,0.06211,0.90307
CVE-2003-1092,0.04187,0.86773
CVE-2003-1093,0.0095,0.30554
CVE-2003-1094,0.05302,0.89375
CVE-2003-1095,0.0095,0.30554
CVE-2003-1096,0.07197,0.92068
CVE-2003-1097,0.01924,0.77129
CVE-2003-1098,0.01034,0.39824
CVE-2003-1099,0.01755,0.75287
CVE-2003-1100,0.01213,0.6557
CVE-2003-1101,0.01213,0.6557
CVE-2003-1102,0.01213,0.6557
CVE-2003-1103,0.01213,0.6557
CVE-2003-1104,0.06523,0.90962
CVE-2003-1105,0.11676,0.94929
CVE-2003-1106,0.01136,0.57949
CVE-2003-1107,0.047,0.88653
CVE-2003-1108,0.05139,0.89128
CVE-2003-1109,0.07544,0.92484
CVE-2003-1110,0.05139,0.89128
CVE-2003-1111,0.05139,0.89128
CVE-2003-1112,0.04291,0.87022
CVE-2003-1113,0.05139,0.89128
CVE-2003-1114,0.04291,0.87022
CVE-2003-1115,0.04291,0.87022
CVE-2003-1116,0.01319,0.70416
CVE-2003-1117,0.04291,0.87022
CVE-2003-1118,0.06211,0.90307
CVE-2003-1119,0.01055,0.50287
CVE-2003-1120,0.01034,0.39824
CVE-2003-1121,0.01408,0.72072
CVE-2003-1122,0.01592,0.74578
CVE-2003-1123,0.0679,0.91793
CVE-2003-1124,0.0095,0.30554
CVE-2003-1125,0.00885,0.26162
CVE-2003-1126,0.01136,0.57949
CVE-2003-1127,0.01213,0.6557
CVE-2003-1128,0.01213,0.6557
CVE-2003-1129,0.0929,0.93944
CVE-2003-1131,0.0679,0.91793
CVE-2003-1132,0.01055,0.50287
CVE-2003-1133,0.0095,0.30554
CVE-2003-1134,0.01761,0.7555
CVE-2003-1135,0.01963,0.77709
CVE-2003-1136,0.03129,0.8316
CVE-2003-1137,0.04187,0.86773
CVE-2003-1138,0.04187,0.86773
CVE-2003-1139,0.04715,0.88668
CVE-2003-1140,0.07461,0.92321
CVE-2003-1141,0.733,0.99234
CVE-2003-1142,0.03765,0.84407
CVE-2003-1143,0.04187,0.86773
CVE-2003-1144,0.07777,0.92953
CVE-2003-1145,0.01917,0.77071
CVE-2003-1146,0.01917,0.77071
CVE-2003-1148,0.07197,0.92068
CVE-2003-1149,0.02945,0.82784
CVE-2003-1150,0.04291,0.87022
CVE-2003-1151,0.02945,0.82784
CVE-2003-1152,0.01319,0.70416
CVE-2003-1153,0.01213,0.6557
CVE-2003-1154,0.01213,0.6557
CVE-2003-1155,0.01034,0.39824
CVE-2003-1156,0.0089,0.2856
CVE-2003-1157,0.02945,0.82784
CVE-2003-1158,0.04187,0.86773
CVE-2003-1159,0.01213,0.6557
CVE-2003-1160,0.0679,0.91793
CVE-2003-1161,0.0095,0.30554
CVE-2003-1162,0.04482,0.88223
CVE-2003-1163,0.01319,0.70416
CVE-2003-1164,0.01917,0.77071
CVE-2003-1165,0.06211,0.90307
CVE-2003-1166,0.04482,0.88223
CVE-2003-1167,0.01761,0.7555
CVE-2003-1168,0.01055,0.50287
CVE-2003-1169,0.01761,0.7555
CVE-2003-1170,0.01592,0.74578
CVE-2003-1171,0.07777,0.92953
CVE-2003-1172,0.16417,0.95927
CVE-2003-1173,0.0679,0.91793
CVE-2003-1174,0.01924,0.77129
CVE-2003-1175,0.01917,0.77071
CVE-2003-1176,0.0679,0.91793
CVE-2003-1177,0.16668,0.95965
CVE-2003-1178,0.01408,0.72072
CVE-2003-1179,0.10995,0.94626999999999994
CVE-2003-1180,0.01213,0.6557
CVE-2003-1181,0.0679,0.91793
CVE-2003-1182,0.01917,0.77071
CVE-2003-1183,0.0095,0.30554
CVE-2003-1184,0.01955,0.77585
CVE-2003-1185,0.01408,0.72072
CVE-2003-1186,0.06523,0.90962
CVE-2003-1187,0.01917,0.77071
CVE-2003-1188,0.01213,0.6557
CVE-2003-1189,0.01213,0.6557
CVE-2003-1190,0.01213,0.6557
CVE-2003-1191,0.0679,0.91793
CVE-2003-1192,0.77572,0.99389
CVE-2003-1193,0.01213,0.6557
CVE-2003-1194,0.01213,0.6557
CVE-2003-1195,0.01136,0.57949
CVE-2003-1196,0.00986,0.35784
CVE-2003-1197,0.01917,0.77071
CVE-2003-1198,0.01213,0.6557
CVE-2003-1199,0.02945,0.82784
CVE-2003-1200,0.75392,0.99312
CVE-2003-1201,0.01408,0.72072
CVE-2003-1202,0.01213,0.6557
CVE-2003-1203,0.01917,0.77071
CVE-2003-1204,0.03407,0.83908
CVE-2003-1205,0.01213,0.6557
CVE-2003-1206,0.01213,0.6557
CVE-2003-1207,0.04482,0.88223
CVE-2003-1208,0.04421,0.87629
CVE-2003-1209,0.01136,0.57949
CVE-2003-1210,0.01737,0.75207
CVE-2003-1211,0.01213,0.6557
CVE-2003-1212,0.01213,0.6557
CVE-2003-1213,0.04187,0.86773
CVE-2003-1214,0.01136,0.57949
CVE-2003-1215,0.0095,0.30554
CVE-2003-1216,0.01139,0.58345
CVE-2003-1219,0.01917,0.77071
CVE-2003-1220,0.01055,0.50287
CVE-2003-1221,0.00885,0.26162
CVE-2003-1222,0.00885,0.26162
CVE-2003-1223,0.01055,0.50287
CVE-2003-1224,0.00885,0.26162
CVE-2003-1225,0.00885,0.26162
CVE-2003-1226,0.0089,0.2856
CVE-2003-1227,0.04482,0.88223
CVE-2003-1228,0.12822,0.95405
CVE-2003-1229,0.02172,0.79917
CVE-2003-1230,0.01213,0.6557
CVE-2003-1231,0.01213,0.6557
CVE-2003-1232,0.0679,0.91793
CVE-2003-1233,0.01034,0.39824
CVE-2003-1234,0.02172,0.79379
CVE-2003-1235,0.01136,0.57949
CVE-2003-1236,0.20096,0.96253
CVE-2003-1237,0.01136,0.57949
CVE-2003-1238,0.01213,0.6557
CVE-2003-1239,0.04187,0.86773
CVE-2003-1240,0.04187,0.86773
CVE-2003-1241,0.01136,0.57949
CVE-2003-1242,0.04187,0.86773
CVE-2003-1243,0.01917,0.77071
CVE-2003-1244,0.00986,0.35784
CVE-2003-1245,0.04187,0.86773
CVE-2003-1246,0.0095,0.30554
CVE-2003-1247,0.40588,0.98099
CVE-2003-1248,0.01319,0.70416
CVE-2003-1249,0.01319,0.70416
CVE-2003-1250,0.01319,0.70416
CVE-2003-1251,0.04187,0.86773
CVE-2003-1252,0.0679,0.91793
CVE-2003-1253,0.01055,0.50287
CVE-2003-1254,0.01136,0.57949
CVE-2003-1255,0.01136,0.57949
CVE-2003-1256,0.04187,0.86773
CVE-2003-1257,0.01136,0.57949
CVE-2003-1258,0.01055,0.50287
CVE-2003-1259,0.04291,0.87022
CVE-2003-1260,0.19528,0.96205
CVE-2003-1261,0.0095,0.30554
CVE-2003-1262,0.05139,0.89128
CVE-2003-1263,0.04187,0.86773
CVE-2003-1264,0.01213,0.6557
CVE-2003-1265,0.0095,0.30554
CVE-2003-1266,0.0679,0.91793
CVE-2003-1267,0.01136,0.57949
CVE-2003-1268,0.01974,0.7812
CVE-2003-1269,0.01136,0.57949
CVE-2003-1270,0.01055,0.50287
CVE-2003-1271,0.01917,0.77071
CVE-2003-1272,0.04146,0.85406
CVE-2003-1273,0.01061,0.51015
CVE-2003-1274,0.01055,0.50287
CVE-2003-1275,0.20999,0.96367
CVE-2003-1276,0.00885,0.26162
CVE-2003-1277,0.01213,0.6557
CVE-2003-1278,0.01917,0.77071
CVE-2003-1279,0.0095,0.30554
CVE-2003-1280,0.01136,0.57949
CVE-2003-1281,0.0089,0.2856
CVE-2003-1282,0.01136,0.57949
CVE-2003-1283,0.06523,0.90962
CVE-2003-1284,0.01213,0.6557
CVE-2003-1285,0.01955,0.77585
CVE-2003-1286,0.0679,0.91793
CVE-2003-1287,0.02003,0.78466
CVE-2003-1288,0.0095,0.30554
CVE-2003-1289,0.01034,0.39824
CVE-2003-1290,0.01319,0.70416
CVE-2003-1291,0.0089,0.2856
CVE-2003-1292,0.10995,0.94626999999999994
CVE-2003-1293,0.01055,0.50287
CVE-2003-1294,0.01547,0.74085
CVE-2003-1295,0.00885,0.26162
CVE-2003-1296,0.01055,0.50287
CVE-2003-1297,0.01136,0.57949
CVE-2003-1298,0.01319,0.70416
CVE-2003-1299,0.01132,0.54372
CVE-2003-1300,0.01136,0.57949
CVE-2003-1301,0.01213,0.6557
CVE-2003-1302,0.01055,0.50287
CVE-2003-1303,0.04291,0.87022
CVE-2003-1304,0.0679,0.91793
CVE-2003-1305,0.01055,0.50287
CVE-2003-1306,0.01136,0.57949
CVE-2003-1307,0.05025,0.89005
CVE-2003-1308,0.01761,0.7555
CVE-2003-1309,0.01537,0.73595
CVE-2003-1310,0.01761,0.7555
CVE-2003-1311,0.01055,0.50287
CVE-2003-1312,0.01055,0.50287
CVE-2003-1313,0.04187,0.86773
CVE-2003-1314,0.04482,0.88223
CVE-2003-1315,0.01319,0.70416
CVE-2003-1316,0.01213,0.6557
CVE-2003-1317,0.01917,0.77071
CVE-2003-1318,0.04187,0.86773
CVE-2003-1319,0.07996,0.93017
CVE-2003-1320,0.04465,0.87733
CVE-2003-1321,0.06211,0.90307
CVE-2003-1322,0.06523,0.90962
CVE-2003-1323,0.00885,0.26162
CVE-2003-1324,0.00885,0.26162
CVE-2003-1325,0.01055,0.50287
CVE-2003-1326,0.16864,0.95983
CVE-2003-1327,0.02003,0.78466
CVE-2003-1328,0.48155,0.98487
CVE-2003-1329,0.01055,0.50287
CVE-2003-1330,0.01136,0.57949
CVE-2003-1331,0.01818,0.76133
CVE-2003-1332,0.10254,0.94362
CVE-2003-1333,0.01055,0.50287
CVE-2003-1334,0.01055,0.50287
CVE-2003-1335,0.01055,0.50287
CVE-2003-1336,0.71462,0.99148
CVE-2003-1337,0.06523,0.90962
CVE-2003-1338,0.01055,0.50287
CVE-2003-1339,0.06211,0.90307
CVE-2003-1340,0.01061,0.51015
CVE-2003-1341,0.0679,0.91793
CVE-2003-1342,0.0679,0.91793
CVE-2003-1343,0.04482,0.88223
CVE-2003-1344,0.04187,0.86773
CVE-2003-1345,0.01136,0.57949
CVE-2003-1346,0.01213,0.6557
CVE-2003-1347,0.03129,0.8316
CVE-2003-1348,0.01917,0.77071
CVE-2003-1349,0.01213,0.6557
CVE-2003-1350,0.04187,0.86773
CVE-2003-1351,0.01213,0.6557
CVE-2003-1352,0.01136,0.57949
CVE-2003-1353,0.01136,0.57949
CVE-2003-1354,0.04482,0.88223
CVE-2003-1355,0.06211,0.90307
CVE-2003-1356,0.0095,0.30554
CVE-2003-1357,0.01213,0.6557
CVE-2003-1358,0.01761,0.7555
CVE-2003-1359,0.01924,0.77129
CVE-2003-1360,0.0191,0.76506
CVE-2003-1361,0.01213,0.6557
CVE-2003-1362,0.01136,0.57949
CVE-2003-1363,0.01136,0.57949
CVE-2003-1364,0.04187,0.86773
CVE-2003-1365,0.01319,0.70416
CVE-2003-1366,0.01924,0.77129
CVE-2003-1367,0.01213,0.6557
CVE-2003-1368,0.06211,0.90307
CVE-2003-1369,0.06006,0.90134
CVE-2003-1370,0.01213,0.6557
CVE-2003-1371,0.04187,0.86773
CVE-2003-1372,0.01917,0.77071
CVE-2003-1373,0.01136,0.57949
CVE-2003-1374,0.0191,0.76506
CVE-2003-1375,0.0214,0.7918
CVE-2003-1376,0.0095,0.30554
CVE-2003-1377,0.06309,0.90494
CVE-2003-1378,0.25598,0.96882
CVE-2003-1379,0.01136,0.57949
CVE-2003-1380,0.01136,0.57949
CVE-2003-1381,0.04187,0.86773
CVE-2003-1382,0.06523,0.90962
CVE-2003-1383,0.01213,0.6557
CVE-2003-1384,0.01319,0.70416
CVE-2003-1385,0.04482,0.88223
CVE-2003-1386,0.04482,0.88223
CVE-2003-1387,0.07687,0.92751
CVE-2003-1388,0.01055,0.50287
CVE-2003-1389,0.00954,0.34522
CVE-2003-1390,0.00885,0.26162
CVE-2003-1391,0.00954,0.34522
CVE-2003-1392,0.01297,0.67316
CVE-2003-1393,0.04724,0.88696
CVE-2003-1394,0.01213,0.6557
CVE-2003-1395,0.04291,0.87022
CVE-2003-1396,0.06006,0.90134
CVE-2003-1397,0.01963,0.77709
CVE-2003-1398,0.01213,0.6557
CVE-2003-1399,0.0089,0.2856
CVE-2003-1400,0.01917,0.77071
CVE-2003-1401,0.04187,0.86773
CVE-2003-1402,0.01213,0.6557
CVE-2003-1403,0.01213,0.6557
CVE-2003-1404,0.01213,0.6557
CVE-2003-1405,0.0679,0.91793
CVE-2003-1406,0.04187,0.86773
CVE-2003-1407,0.04185,0.85434
CVE-2003-1408,0.01213,0.6557
CVE-2003-1409,0.04187,0.86773
CVE-2003-1410,0.04482,0.88223
CVE-2003-1411,0.04482,0.88223
CVE-2003-1412,0.0679,0.91793
CVE-2003-1413,0.01213,0.6557
CVE-2003-1414,0.04187,0.86773
CVE-2003-1415,0.01213,0.6557
CVE-2003-1416,0.01136,0.57949
CVE-2003-1417,0.0095,0.30554
CVE-2003-1418,0.01484,0.72722
CVE-2003-1419,0.04187,0.86773
CVE-2003-1420,0.01136,0.57949
CVE-2003-1421,0.01055,0.50287
CVE-2003-1422,0.01018,0.38792
CVE-2003-1423,0.01055,0.50287
CVE-2003-1424,0.01055,0.50287
CVE-2003-1425,0.04187,0.86773
CVE-2003-1426,0.01592,0.74578
CVE-2003-1427,0.04187,0.86773
CVE-2003-1428,0.0089,0.2856
CVE-2003-1429,0.04679,0.88603
CVE-2003-1430,0.04187,0.86773
CVE-2003-1431,0.02104,0.79086
CVE-2003-1432,0.0547,0.89492
CVE-2003-1433,0.01213,0.6557
CVE-2003-1434,0.01136,0.57949
CVE-2003-1435,0.01737,0.75207
CVE-2003-1436,0.04187,0.86773
CVE-2003-1437,0.0089,0.2856
CVE-2003-1438,0.01018,0.38792
CVE-2003-1439,0.01018,0.38792
CVE-2003-1440,0.01213,0.6557
CVE-2003-1441,0.01213,0.6557
CVE-2003-1442,0.04187,0.86773
CVE-2003-1443,0.00885,0.26162
CVE-2003-1444,0.00885,0.26162
CVE-2003-1445,0.01899,0.76481
CVE-2003-1446,0.01592,0.74578
CVE-2003-1447,0.0095,0.30554
CVE-2003-1448,0.11676,0.94929
CVE-2003-1449,0.01136,0.57949
CVE-2003-1450,0.0679,0.91793
CVE-2003-1451,0.06523,0.90962
CVE-2003-1452,0.01899,0.76481
CVE-2003-1453,0.01917,0.77071
CVE-2003-1454,0.01213,0.6557
CVE-2003-1455,0.01592,0.74578
CVE-2003-1456,0.04482,0.88223
CVE-2003-1457,0.01132,0.54372
CVE-2003-1458,0.01213,0.6557
CVE-2003-1459,0.04187,0.86773
CVE-2003-1460,0.00885,0.26162
CVE-2003-1461,0.0214,0.7918
CVE-2003-1462,0.01213,0.6557
CVE-2003-1463,0.05931,0.90093
CVE-2003-1464,0.01213,0.6557
CVE-2003-1465,0.01213,0.6557
CVE-2003-1466,0.01213,0.6557
CVE-2003-1467,0.01776,0.75902
CVE-2003-1468,0.04187,0.86773
CVE-2003-1469,0.04482,0.88223
CVE-2003-1470,0.03941,0.85207
CVE-2003-1471,0.01132,0.54372
CVE-2003-1472,0.04081,0.85323
CVE-2003-1473,0.01899,0.76481
CVE-2003-1474,0.01592,0.74578
CVE-2003-1475,0.01213,0.6557
CVE-2003-1476,0.00885,0.26162
CVE-2003-1477,0.01136,0.57949
CVE-2003-1478,0.02812,0.82333
CVE-2003-1479,0.01213,0.6557
CVE-2003-1480,0.06174,0.90263
CVE-2003-1481,0.04187,0.86773
CVE-2003-1482,0.01297,0.67316
CVE-2003-1483,0.01018,0.38792
CVE-2003-1484,0.13525,0.9555
CVE-2003-1485,0.01055,0.50287
CVE-2003-1486,0.01213,0.6557
CVE-2003-1487,0.01319,0.70416
CVE-2003-1488,0.04187,0.86773
CVE-2003-1489,0.01055,0.50287
CVE-2003-1490,0.01213,0.6557
CVE-2003-1491,0.01213,0.6557
CVE-2003-1492,0.01136,0.57949
CVE-2003-1493,0.01136,0.57949
CVE-2003-1494,0.01136,0.57949
CVE-2003-1495,0.01136,0.57949
CVE-2003-1496,0.01018,0.38792
CVE-2003-1497,0.01132,0.54372
CVE-2003-1498,0.01917,0.77071
CVE-2003-1499,0.04482,0.88223
CVE-2003-1500,0.07777,0.92953
CVE-2003-1501,0.01136,0.57949
CVE-2003-1502,0.00885,0.26162
CVE-2003-1503,0.06523,0.90962
CVE-2003-1504,0.00986,0.35784
CVE-2003-1505,0.25598,0.96882
CVE-2003-1506,0.02945,0.82784
CVE-2003-1507,0.01213,0.6557
CVE-2003-1508,0.01213,0.6557
CVE-2003-1509,0.01136,0.57949
CVE-2003-1510,0.01136,0.57949
CVE-2003-1511,0.01917,0.77071
CVE-2003-1512,0.04187,0.86773
CVE-2003-1513,0.01917,0.77071
CVE-2003-1514,0.01213,0.6557
CVE-2003-1515,0.01213,0.6557
CVE-2003-1516,0.04187,0.86773
CVE-2003-1517,0.04187,0.86773
CVE-2003-1518,0.04187,0.86773
CVE-2003-1519,0.01917,0.77071
CVE-2003-1520,0.00986,0.35784
CVE-2003-1521,0.04187,0.86773
CVE-2003-1522,0.01917,0.77071
CVE-2003-1523,0.01213,0.6557
CVE-2003-1524,0.0089,0.2856
CVE-2003-1525,0.00954,0.34522
CVE-2003-1526,0.01055,0.50287
CVE-2003-1527,0.01136,0.57949
CVE-2003-1528,0.0095,0.30554
CVE-2003-1529,0.01319,0.70416
CVE-2003-1530,0.00986,0.35784
CVE-2003-1531,0.01319,0.70416
CVE-2003-1532,0.00986,0.35784
CVE-2003-1533,0.00986,0.35784
CVE-2003-1534,0.01213,0.6557
CVE-2003-1535,0.04482,0.88223
CVE-2003-1536,0.02945,0.82784
CVE-2003-1537,0.01055,0.50287
CVE-2003-1538,0.01136,0.57949
CVE-2003-1539,0.01213,0.6557
CVE-2003-1540,0.0679,0.91793
CVE-2003-1541,0.0679,0.91793
CVE-2003-1542,0.01136,0.57949
CVE-2003-1543,0.01319,0.70416
CVE-2003-1544,0.17072,0.96002
CVE-2003-1545,0.10995,0.94626999999999994
CVE-2003-1546,0.01213,0.6557
CVE-2003-1547,0.01319,0.70416
CVE-2003-1548,0.0679,0.91793
CVE-2003-1549,0.01408,0.72072
CVE-2003-1550,0.16898,0.95986
CVE-2003-1551,0.01018,0.38792
CVE-2003-1552,0.06309,0.90494
CVE-2003-1553,0.04187,0.86773
CVE-2003-1554,0.01319,0.70416
CVE-2003-1555,0.0679,0.91793
CVE-2003-1556,0.01136,0.57949
CVE-2003-1557,0.07525,0.92398
CVE-2003-1558,0.04291,0.87022
CVE-2003-1559,0.13105,0.9547
CVE-2003-1560,0.01055,0.50287
CVE-2003-1561,0.01055,0.50287
CVE-2003-1562,0.01213,0.6557
CVE-2003-1563,0.0095,0.30554
CVE-2003-1564,0.01108,0.53389
CVE-2003-1566,0.24729,0.96719
CVE-2003-1567,0.13525,0.9555
CVE-2003-1568,0.01055,0.50287
CVE-2003-1569,0.01055,0.50287
CVE-2003-1570,0.01232,0.66248
CVE-2003-1571,0.04187,0.86773
CVE-2003-1572,0.01018,0.38792
CVE-2003-1573,0.02172,0.79917
CVE-2003-1574,0.01136,0.57949
CVE-2003-1575,0.00885,0.26162
CVE-2003-1576,0.04679,0.88603
CVE-2003-1577,0.01136,0.57949
CVE-2003-1578,0.01213,0.6557
CVE-2003-1579,0.01055,0.50287
CVE-2003-1580,0.01055,0.50287
CVE-2003-1581,0.01055,0.50287
CVE-2003-1582,0.1001,0.94275
CVE-2003-1583,0.01055,0.50287
CVE-2003-1584,0.01055,0.50287
CVE-2003-1585,0.01055,0.50287
CVE-2003-1586,0.01055,0.50287
CVE-2003-1587,0.01055,0.50287
CVE-2003-1588,0.00885,0.26162
CVE-2003-1589,0.00885,0.26162
CVE-2003-1590,0.01055,0.50287
CVE-2003-1591,0.01055,0.50287
CVE-2003-1592,0.01055,0.50287
CVE-2003-1593,0.01055,0.50287
CVE-2003-1594,0.01055,0.50287
CVE-2003-1595,0.00885,0.26162
CVE-2003-1596,0.01055,0.50287
CVE-2003-1598,0.01319,0.70416
CVE-2003-1599,0.01213,0.6557
CVE-2003-1603,0.01018,0.38792
CVE-2003-1604,0.01213,0.6557
CVE-2003-1605,0.00885,0.26162
CVE-2003-5001,0.00954,0.34522
CVE-2003-5002,0.00885,0.26162
CVE-2003-5003,0.00885,0.26162
CVE-2002-0001,0.02172,0.79917
CVE-2002-0002,0.11863,0.94956
CVE-2002-0003,0.01213,0.6557
CVE-2002-0004,0.05625,0.89579
CVE-2002-0005,0.15607,0.95873
CVE-2002-0006,0.0679,0.91793
CVE-2002-0007,0.01319,0.70416
CVE-2002-0008,0.01974,0.7812
CVE-2002-0009,0.01108,0.53389
CVE-2002-0010,0.04358,0.87435
CVE-2002-0011,0.01319,0.70416
CVE-2002-0012,0.03779,0.84781
CVE-2002-0013,0.12567,0.95329
CVE-2002-0014,0.01319,0.70416
CVE-2002-0017,0.06523,0.90962
CVE-2002-0018,0.13105,0.9547
CVE-2002-0020,0.34513,0.97636
CVE-2002-0021,0.11676,0.94929
CVE-2002-0022,0.33536,0.97572
CVE-2002-0023,0.40848,0.98127
CVE-2002-0024,0.03884,0.84938
CVE-2002-0025,0.13525,0.9555
CVE-2002-0026,0.13105,0.9547
CVE-2002-0027,0.13105,0.9547
CVE-2002-0028,0.07777,0.92953
CVE-2002-0029,0.11097,0.94641
CVE-2002-0030,0.04744,0.88699
CVE-2002-0031,0.06262,0.90346
CVE-2002-0032,0.01213,0.6557
CVE-2002-0033,0.20096,0.96253
CVE-2002-0034,0.01503,0.72743
CVE-2002-0036,0.02172,0.79917
CVE-2002-0037,0.01018,0.38792
CVE-2002-0038,0.01213,0.6557
CVE-2002-0039,0.01055,0.50287
CVE-2002-0040,0.0095,0.30554
CVE-2002-0041,0.01213,0.6557
CVE-2002-0042,0.0089,0.2856
CVE-2002-0043,0.0322,0.83442
CVE-2002-0044,0.01034,0.39824
CVE-2002-0045,0.01537,0.73595
CVE-2002-0046,0.01213,0.6557
CVE-2002-0047,0.01136,0.57949
CVE-2002-0048,0.37385,0.97829
CVE-2002-0049,0.13105,0.9547
CVE-2002-0050,0.16197,0.95907
CVE-2002-0051,0.02221,0.80446
CVE-2002-0052,0.13525,0.9555
CVE-2002-0053,0.36031,0.97768
CVE-2002-0054,0.11676,0.94929
CVE-2002-0055,0.13105,0.9547
CVE-2002-0056,0.35008,0.9771
CVE-2002-0057,0.13782,0.95593
CVE-2002-0058,0.047,0.88653
CVE-2002-0059,0.12248,0.95092
CVE-2002-0060,0.01974,0.7812
CVE-2002-0061,0.29782,0.97316
CVE-2002-0062,0.0095,0.30554
CVE-2002-0063,0.04421,0.87629
CVE-2002-0064,0.0089,0.2856
CVE-2002-0065,0.0089,0.2856
CVE-2002-0066,0.01136,0.57949
CVE-2002-0067,0.02172,0.79917
CVE-2002-0068,0.37385,0.97829
CVE-2002-0069,0.01955,0.77585
CVE-2002-0070,0.46718,0.98435
CVE-2002-0071,0.23774,0.96569
CVE-2002-0072,0.21709,0.96393
CVE-2002-0073,0.10169,0.94316
CVE-2002-0074,0.20648,0.96329
CVE-2002-0075,0.20648,0.96329
CVE-2002-0076,0.13105,0.9547
CVE-2002-0077,0.09772,0.94058
CVE-2002-0078,0.35008,0.9771
CVE-2002-0079,0.56056,0.98736
CVE-2002-0080,0.0095,0.30554
CVE-2002-0081,0.12248,0.95092
CVE-2002-0082,0.47944,0.98484
CVE-2002-0083,0.08895,0.93684
CVE-2002-0084,0.01034,0.39824
CVE-2002-0085,0.01319,0.70416
CVE-2002-0086,0.01104,0.52279
CVE-2002-0087,0.0095,0.30554
CVE-2002-0088,0.0089,0.2856
CVE-2002-0089,0.01034,0.39824
CVE-2002-0090,0.02172,0.79379
CVE-2002-0091,0.01213,0.6557
CVE-2002-0092,0.01319,0.70416
CVE-2002-0093,0.01592,0.74578
CVE-2002-0094,0.01213,0.6557
CVE-2002-0095,0.04187,0.86773
CVE-2002-0096,0.0095,0.30554
CVE-2002-0097,0.01213,0.6557
CVE-2002-0098,0.03748,0.84388
CVE-2002-0099,0.01213,0.6557
CVE-2002-0100,0.01213,0.6557
CVE-2002-0101,0.01511,0.72784
CVE-2002-0102,0.01213,0.6557
CVE-2002-0103,0.01034,0.39824
CVE-2002-0104,0.01136,0.57949
CVE-2002-0105,0.0089,0.2856
CVE-2002-0106,0.04187,0.86773
CVE-2002-0107,0.04187,0.86773
CVE-2002-0108,0.01213,0.6557
CVE-2002-0109,0.01213,0.6557
CVE-2002-0110,0.0095,0.30554
CVE-2002-0111,0.01136,0.57949
CVE-2002-0112,0.0679,0.91793
CVE-2002-0113,0.0089,0.2856
CVE-2002-0114,0.0089,0.2856
CVE-2002-0115,0.04482,0.88223
CVE-2002-0116,0.01213,0.6557
CVE-2002-0117,0.04482,0.88223
CVE-2002-0118,0.04187,0.86773
CVE-2002-0119,0.01136,0.57949
CVE-2002-0120,0.0089,0.2856
CVE-2002-0121,0.0089,0.2856
CVE-2002-0122,0.01136,0.57949
CVE-2002-0123,0.01136,0.57949
CVE-2002-0124,0.01136,0.57949
CVE-2002-0125,0.01592,0.74578
CVE-2002-0126,0.06523,0.90962
CVE-2002-0127,0.01055,0.50287
CVE-2002-0128,0.06211,0.90307
CVE-2002-0129,0.0095,0.30554
CVE-2002-0130,0.01592,0.74578
CVE-2002-0131,0.01213,0.6557
CVE-2002-0132,0.01899,0.76481
CVE-2002-0133,0.0547,0.89492
CVE-2002-0134,0.01213,0.6557
CVE-2002-0135,0.04187,0.86773
CVE-2002-0136,0.047,0.88653
CVE-2002-0137,0.01761,0.7555
CVE-2002-0138,0.00885,0.26162
CVE-2002-0139,0.01213,0.6557
CVE-2002-0140,0.04081,0.85323
CVE-2002-0141,0.0089,0.2856
CVE-2002-0142,0.0679,0.91793
CVE-2002-0143,0.01899,0.76481
CVE-2002-0144,0.01136,0.57949
CVE-2002-0145,0.01136,0.57949
CVE-2002-0146,0.01108,0.53389
CVE-2002-0147,0.36031,0.97768
CVE-2002-0148,0.40848,0.98127
CVE-2002-0149,0.36031,0.97768
CVE-2002-0150,0.36031,0.97768
CVE-2002-0151,0.05487,0.89516
CVE-2002-0152,0.24611,0.96685
CVE-2002-0153,0.26556,0.96997
CVE-2002-0154,0.25707,0.96887
CVE-2002-0155,0.35008,0.9771
CVE-2002-0157,0.0095,0.30554
CVE-2002-0158,0.01924,0.77129
CVE-2002-0159,0.04291,0.87022
CVE-2002-0160,0.01136,0.57949
CVE-2002-0162,0.0214,0.7918
CVE-2002-0163,0.35205,0.97726
CVE-2002-0164,0.01282,0.67298
CVE-2002-0165,0.0095,0.30554
CVE-2002-0166,0.01319,0.70416
CVE-2002-0167,0.03073,0.82961
CVE-2002-0168,0.03073,0.82961
CVE-2002-0169,0.0095,0.30554
CVE-2002-0170,0.01108,0.53389
CVE-2002-0171,0.01018,0.38792
CVE-2002-0172,0.0095,0.30554
CVE-2002-0173,0.0095,0.30554
CVE-2002-0174,0.0089,0.2856
CVE-2002-0175,0.0095,0.30554
CVE-2002-0176,0.0095,0.30554
CVE-2002-0177,0.15607,0.95873
CVE-2002-0178,0.01282,0.67298
CVE-2002-0179,0.06523,0.90962
CVE-2002-0180,0.06523,0.90962
CVE-2002-0181,0.01408,0.72072
CVE-2002-0184,0.0322,0.83442
CVE-2002-0185,0.02072,0.79023
CVE-2002-0186,0.63976,0.98955
CVE-2002-0187,0.14716,0.95662
CVE-2002-0188,0.34513,0.97636
CVE-2002-0189,0.18563,0.96143
CVE-2002-0190,0.27281,0.97048
CVE-2002-0191,0.23548,0.96557
CVE-2002-0193,0.33695,0.97582
CVE-2002-0196,0.01213,0.6557
CVE-2002-0197,0.01213,0.6557
CVE-2002-0198,0.06523,0.90962
CVE-2002-0199,0.04465,0.87733
CVE-2002-0200,0.01136,0.57949
CVE-2002-0201,0.06211,0.90307
CVE-2002-0202,0.0089,0.2856
CVE-2002-0203,0.01055,0.50287
CVE-2002-0204,0.06523,0.90962
CVE-2002-0205,0.01213,0.6557
CVE-2002-0206,0.04187,0.86773
CVE-2002-0207,0.15607,0.95873
CVE-2002-0208,0.01136,0.57949
CVE-2002-0209,0.04187,0.86773
CVE-2002-0210,0.01761,0.7555
CVE-2002-0211,0.01761,0.7555
CVE-2002-0212,0.01213,0.6557
CVE-2002-0213,0.0095,0.30554
CVE-2002-0214,0.0089,0.2856
CVE-2002-0215,0.04187,0.86773
CVE-2002-0216,0.01136,0.57949
CVE-2002-0217,0.01213,0.6557
CVE-2002-0218,0.01755,0.75287
CVE-2002-0219,0.01755,0.75287
CVE-2002-0220,0.01136,0.57949
CVE-2002-0221,0.01136,0.57949
CVE-2002-0222,0.01136,0.57949
CVE-2002-0223,0.01136,0.57949
CVE-2002-0224,0.13525,0.9555
CVE-2002-0225,0.0089,0.2856
CVE-2002-0226,0.01319,0.70416
CVE-2002-0227,0.04187,0.86773
CVE-2002-0228,0.11676,0.94929
CVE-2002-0229,0.01108,0.53389
CVE-2002-0230,0.04187,0.86773
CVE-2002-0231,0.042659999999999997,0.86883
CVE-2002-0232,0.01136,0.57949
CVE-2002-0233,0.01136,0.57949
CVE-2002-0234,0.0095,0.30554
CVE-2002-0235,0.00954,0.34522
CVE-2002-0236,0.04187,0.86773
CVE-2002-0237,0.05139,0.89128
CVE-2002-0238,0.01136,0.57949
CVE-2002-0239,0.0214,0.7918
CVE-2002-0240,0.01136,0.57949
CVE-2002-0241,0.00954,0.34522
CVE-2002-0242,0.06956,0.91856
CVE-2002-0243,0.01055,0.50287
CVE-2002-0244,0.04187,0.86773
CVE-2002-0245,0.01213,0.6557
CVE-2002-0246,0.01761,0.7555
CVE-2002-0247,0.0089,0.2856
CVE-2002-0248,0.0089,0.2856
CVE-2002-0249,0.01136,0.57949
CVE-2002-0250,0.04482,0.88223
CVE-2002-0251,0.04291,0.87022
CVE-2002-0252,0.03687,0.84277
CVE-2002-0253,0.01136,0.57949
CVE-2002-0254,0.01055,0.50287
CVE-2002-0255,0.01136,0.57949
CVE-2002-0256,0.04187,0.86773
CVE-2002-0257,0.01484,0.72722
CVE-2002-0258,0.01055,0.50287
CVE-2002-0259,0.0095,0.30554
CVE-2002-0260,0.06523,0.90962
CVE-2002-0261,0.01213,0.6557
CVE-2002-0262,0.01136,0.57949
CVE-2002-0263,0.07687,0.92751
CVE-2002-0264,0.00954,0.34522
CVE-2002-0265,0.01761,0.7555
CVE-2002-0266,0.04187,0.86773
CVE-2002-0267,0.01213,0.6557
CVE-2002-0268,0.00954,0.34522
CVE-2002-0269,0.06956,0.91856
CVE-2002-0270,0.01055,0.50287
CVE-2002-0271,0.00885,0.26162
CVE-2002-0272,0.06523,0.90962
CVE-2002-0273,0.05302,0.89375
CVE-2002-0274,0.0095,0.30554
CVE-2002-0275,0.01213,0.6557
CVE-2002-0276,0.07687,0.92751
CVE-2002-0277,0.01213,0.6557
CVE-2002-0278,0.01136,0.57949
CVE-2002-0279,0.0095,0.30554
CVE-2002-0280,0.05532,0.89536
CVE-2002-0281,0.01213,0.6557
CVE-2002-0282,0.01319,0.70416
CVE-2002-0283,0.06956,0.91856
CVE-2002-0284,0.00885,0.26162
CVE-2002-0285,0.11676,0.94929
CVE-2002-0286,0.01136,0.57949
CVE-2002-0287,0.01213,0.6557
CVE-2002-0289,0.06211,0.90307
CVE-2002-0290,0.06523,0.90962
CVE-2002-0291,0.04291,0.87022
CVE-2002-0292,0.01136,0.57949
CVE-2002-0293,0.00885,0.26162
CVE-2002-0294,0.00885,0.26162
CVE-2002-0295,0.00885,0.26162
CVE-2002-0296,0.01761,0.7555
CVE-2002-0297,0.04465,0.87733
CVE-2002-0298,0.01055,0.50287
CVE-2002-0299,0.0292,0.82516
CVE-2002-0300,0.04482,0.88223
CVE-2002-0301,0.01055,0.50287
CVE-2002-0302,0.01018,0.38792
CVE-2002-0303,0.00885,0.26162
CVE-2002-0304,0.01213,0.6557
CVE-2002-0305,0.00954,0.34522
CVE-2002-0306,0.01055,0.50287
CVE-2002-0307,0.01055,0.50287
CVE-2002-0308,0.01136,0.57949
CVE-2002-0309,0.01213,0.6557
CVE-2002-0310,0.01136,0.57949
CVE-2002-0311,0.04187,0.86773
CVE-2002-0312,0.01213,0.6557
CVE-2002-0313,0.04291,0.87022
CVE-2002-0314,0.01136,0.57949
CVE-2002-0315,0.01136,0.57949
CVE-2002-0316,0.04187,0.86773
CVE-2002-0317,0.01018,0.38792
CVE-2002-0318,0.01055,0.50287
CVE-2002-0319,0.04187,0.86773
CVE-2002-0320,0.0547,0.89492
CVE-2002-0321,0.01213,0.6557
CVE-2002-0322,0.01136,0.57949
CVE-2002-0323,0.01055,0.50287
CVE-2002-0324,0.01213,0.6557
CVE-2002-0325,0.04187,0.86773
CVE-2002-0326,0.01136,0.57949
CVE-2002-0327,0.01761,0.7555
CVE-2002-0328,0.04187,0.86773
CVE-2002-0329,0.0679,0.91793
CVE-2002-0330,0.04482,0.88223
CVE-2002-0331,0.04187,0.86773
CVE-2002-0332,0.07687,0.92751
CVE-2002-0333,0.03765,0.84407
CVE-2002-0334,0.0095,0.30554
CVE-2002-0335,0.06211,0.90307
CVE-2002-0336,0.06211,0.90307
CVE-2002-0337,0.01136,0.57949
CVE-2002-0338,0.04187,0.86773
CVE-2002-0339,0.01018,0.38792
CVE-2002-0340,0.03354,0.83629
CVE-2002-0341,0.01055,0.50287
CVE-2002-0342,0.01136,0.57949
CVE-2002-0343,0.0089,0.2856
CVE-2002-0344,0.01213,0.6557
CVE-2002-0345,0.01018,0.38792
CVE-2002-0346,0.01136,0.57949
CVE-2002-0347,0.01136,0.57949
CVE-2002-0348,0.04291,0.87022
CVE-2002-0349,0.00954,0.34522
CVE-2002-0350,0.01136,0.57949
CVE-2002-0351,0.04291,0.87022
CVE-2002-0352,0.01136,0.57949
CVE-2002-0353,0.01319,0.70416
CVE-2002-0354,0.01055,0.50287
CVE-2002-0355,0.0089,0.2856
CVE-2002-0356,0.0089,0.2856
CVE-2002-0357,0.01034,0.39824
CVE-2002-0358,0.0089,0.2856
CVE-2002-0359,0.01213,0.6557
CVE-2002-0360,0.06523,0.90962
CVE-2002-0362,0.06523,0.90962
CVE-2002-0363,0.01183,0.60428
CVE-2002-0364,0.20262,0.96265
CVE-2002-0366,0.04671,0.88546
CVE-2002-0367,0.02582,0.81232
CVE-2002-0368,0.11676,0.94929
CVE-2002-0369,0.16658,0.95957
CVE-2002-0370,0.36031,0.97768
CVE-2002-0371,0.63976,0.98955
CVE-2002-0372,0.13525,0.9555
CVE-2002-0373,0.01511,0.72784
CVE-2002-0374,0.04421,0.87629
CVE-2002-0375,0.04187,0.86773
CVE-2002-0376,0.05106,0.89045
CVE-2002-0377,0.0095,0.30554
CVE-2002-0378,0.01018,0.38792
CVE-2002-0379,0.40588,0.98099
CVE-2002-0380,0.07544,0.92484
CVE-2002-0381,0.01408,0.72072
CVE-2002-0382,0.01319,0.70416
CVE-2002-0384,0.1127,0.94787
CVE-2002-0385,0.01136,0.57949
CVE-2002-0386,0.06174,0.90263
CVE-2002-0387,0.06523,0.90962
CVE-2002-0388,0.04187,0.86773
CVE-2002-0389,0.0095,0.30554
CVE-2002-0391,0.12248,0.95092
CVE-2002-0392,0.81167,0.99509
CVE-2002-0393,0.04291,0.87022
CVE-2002-0394,0.00885,0.26162
CVE-2002-0395,0.01055,0.50287
CVE-2002-0396,0.00954,0.34522
CVE-2002-0397,0.00885,0.26162
CVE-2002-0398,0.02791,0.82239
CVE-2002-0399,0.02686,0.82061
CVE-2002-0400,0.23599,0.96561
CVE-2002-0401,0.07544,0.92484
CVE-2002-0402,0.07544,0.92484
CVE-2002-0403,0.02172,0.79917
CVE-2002-0404,0.02172,0.79917
CVE-2002-0405,0.04291,0.87022
CVE-2002-0406,0.04187,0.86773
CVE-2002-0407,0.01213,0.6557
CVE-2002-0408,0.01136,0.57949
CVE-2002-0409,0.06956,0.91856
CVE-2002-0410,0.01213,0.6557
CVE-2002-0411,0.01213,0.6557
CVE-2002-0412,0.1127,0.94787
CVE-2002-0413,0.04187,0.86773
CVE-2002-0414,0.01108,0.53389
CVE-2002-0415,0.0089,0.2856
CVE-2002-0416,0.04291,0.87022
CVE-2002-0417,0.01213,0.6557
CVE-2002-0418,0.01136,0.57949
CVE-2002-0419,0.20999,0.96367
CVE-2002-0420,0.01136,0.57949
CVE-2002-0421,0.06894,0.91817
CVE-2002-0422,0.37183,0.97815
CVE-2002-0423,0.04291,0.87022
CVE-2002-0424,0.0095,0.30554
CVE-2002-0425,0.01213,0.6557
CVE-2002-0426,0.01018,0.38792
CVE-2002-0427,0.01018,0.38792
CVE-2002-0428,0.00954,0.34522
CVE-2002-0429,0.01282,0.67298
CVE-2002-0430,0.01761,0.7555
CVE-2002-0431,0.04187,0.86773
CVE-2002-0432,0.04291,0.87022
CVE-2002-0433,0.01136,0.57949
CVE-2002-0434,0.01136,0.57949
CVE-2002-0435,0.01104,0.52279
CVE-2002-0436,0.04187,0.86773
CVE-2002-0437,0.01213,0.6557
CVE-2002-0438,0.01213,0.6557
CVE-2002-0439,0.01136,0.57949
CVE-2002-0440,0.04187,0.86773
CVE-2002-0441,0.01213,0.6557
CVE-2002-0442,0.0089,0.2856
CVE-2002-0443,0.01511,0.72784
CVE-2002-0444,0.11676,0.94929
CVE-2002-0445,0.01213,0.6557
CVE-2002-0446,0.01136,0.57949
CVE-2002-0447,0.01213,0.6557
CVE-2002-0448,0.04187,0.86773
CVE-2002-0449,0.06523,0.90962
CVE-2002-0450,0.06523,0.90962
CVE-2002-0451,0.04187,0.86773
CVE-2002-0452,0.00954,0.34522
CVE-2002-0453,0.01136,0.57949
CVE-2002-0454,0.04482,0.88223
CVE-2002-0455,0.00954,0.34522
CVE-2002-0456,0.01018,0.38792
CVE-2002-0457,0.01136,0.57949
CVE-2002-0458,0.01213,0.6557
CVE-2002-0459,0.01213,0.6557
CVE-2002-0460,0.01213,0.6557
CVE-2002-0461,0.20999,0.96367
CVE-2002-0462,0.01319,0.70416
CVE-2002-0463,0.01213,0.6557
CVE-2002-0464,0.01136,0.57949
CVE-2002-0465,0.01213,0.6557
CVE-2002-0466,0.01213,0.6557
CVE-2002-0467,0.07777,0.92953
CVE-2002-0468,0.02046,0.7858
CVE-2002-0469,0.0095,0.30554
CVE-2002-0470,0.0089,0.2856
CVE-2002-0471,0.06523,0.90962
CVE-2002-0472,0.13525,0.9555
CVE-2002-0473,0.08263,0.93269
CVE-2002-0474,0.01136,0.57949
CVE-2002-0475,0.01136,0.57949
CVE-2002-0476,0.01213,0.6557
CVE-2002-0477,0.01319,0.70416
CVE-2002-0478,0.01136,0.57949
CVE-2002-0479,0.0089,0.2856
CVE-2002-0480,0.01213,0.6557
CVE-2002-0481,0.11676,0.94929
CVE-2002-0482,0.01136,0.57949
CVE-2002-0483,0.04187,0.86773
CVE-2002-0484,0.0679,0.91793
CVE-2002-0485,0.01055,0.50287
CVE-2002-0486,0.01761,0.7555
CVE-2002-0487,0.0089,0.2856
CVE-2002-0488,0.06523,0.90962
CVE-2002-0489,0.06523,0.90962
CVE-2002-0490,0.01213,0.6557
CVE-2002-0491,0.01136,0.57949
CVE-2002-0492,0.04187,0.86773
CVE-2002-0493,0.01742,0.75235
CVE-2002-0494,0.01213,0.6557
CVE-2002-0495,0.04187,0.86773
CVE-2002-0496,0.01136,0.57949
CVE-2002-0497,0.0095,0.30554
CVE-2002-0498,0.0089,0.2856
CVE-2002-0499,0.01761,0.7555
CVE-2002-0500,0.11676,0.94929
CVE-2002-0501,0.05302,0.89375
CVE-2002-0502,0.04187,0.86773
CVE-2002-0503,0.01136,0.57949
CVE-2002-0504,0.04187,0.86773
CVE-2002-0505,0.01136,0.57949
CVE-2002-0506,0.01592,0.74578
CVE-2002-0507,0.01511,0.72784
CVE-2002-0508,0.01319,0.70416
CVE-2002-0509,0.01136,0.57949
CVE-2002-0510,0.01136,0.57949
CVE-2002-0511,0.01136,0.57949
CVE-2002-0512,0.0089,0.2856
CVE-2002-0513,0.01213,0.6557
CVE-2002-0514,0.01136,0.57949
CVE-2002-0515,0.01136,0.57949
CVE-2002-0516,0.04187,0.86773
CVE-2002-0517,0.01034,0.39824
CVE-2002-0518,0.01213,0.6557
CVE-2002-0520,0.01213,0.6557
CVE-2002-0521,0.01319,0.70416
CVE-2002-0522,0.01213,0.6557
CVE-2002-0523,0.01213,0.6557
CVE-2002-0524,0.01213,0.6557
CVE-2002-0525,0.03765,0.84407
CVE-2002-0526,0.00885,0.26162
CVE-2002-0527,0.01213,0.6557
CVE-2002-0528,0.01213,0.6557
CVE-2002-0529,0.0089,0.2856
CVE-2002-0530,0.01055,0.50287
CVE-2002-0531,0.01213,0.6557
CVE-2002-0532,0.0095,0.30554
CVE-2002-0533,0.01319,0.70416
CVE-2002-0534,0.01136,0.57949
CVE-2002-0535,0.04482,0.88223
CVE-2002-0536,0.00986,0.35784
CVE-2002-0537,0.01136,0.57949
CVE-2002-0538,0.01213,0.6557
CVE-2002-0539,0.00986,0.35784
CVE-2002-0540,0.04482,0.88223
CVE-2002-0541,0.07544,0.92484
CVE-2002-0542,0.01924,0.77129
CVE-2002-0543,0.01213,0.6557
CVE-2002-0544,0.00885,0.26162
CVE-2002-0545,0.01136,0.57949
CVE-2002-0546,0.01213,0.6557
CVE-2002-0547,0.04291,0.87022
CVE-2002-0548,0.01136,0.57949
CVE-2002-0549,0.01136,0.57949
CVE-2002-0550,0.06523,0.90962
CVE-2002-0551,0.06523,0.90962
CVE-2002-0552,0.0247,0.80855
CVE-2002-0553,0.04187,0.86773
CVE-2002-0554,0.02023,0.78481
CVE-2002-0555,0.01136,0.57949
CVE-2002-0556,0.01136,0.57949
CVE-2002-0557,0.00954,0.34522
CVE-2002-0558,0.01136,0.57949
CVE-2002-0559,0.08228,0.93218
CVE-2002-0560,0.01319,0.70416
CVE-2002-0561,0.01319,0.70416
CVE-2002-0562,0.01213,0.6557
CVE-2002-0563,0.01537,0.73595
CVE-2002-0564,0.01213,0.6557
CVE-2002-0565,0.01319,0.70416
CVE-2002-0566,0.01319,0.70416
CVE-2002-0567,0.01319,0.70416
CVE-2002-0568,0.0095,0.30554
CVE-2002-0569,0.01319,0.70416
CVE-2002-0570,0.0089,0.2856
CVE-2002-0571,0.01034,0.39824
CVE-2002-0572,0.0322,0.83442
CVE-2002-0573,0.1127,0.94787
CVE-2002-0574,0.01213,0.6557
CVE-2002-0575,0.0465,0.88537
CVE-2002-0576,0.01319,0.70416
CVE-2002-0577,0.01034,0.39824
CVE-2002-0578,0.04465,0.87733
CVE-2002-0579,0.01136,0.57949
CVE-2002-0580,0.01136,0.57949
CVE-2002-0581,0.01136,0.57949
CVE-2002-0582,0.01136,0.57949
CVE-2002-0583,0.01136,0.57949
CVE-2002-0584,0.01136,0.57949
CVE-2002-0585,0.01018,0.38792
CVE-2002-0586,0.06523,0.90962
CVE-2002-0587,0.04291,0.87022
CVE-2002-0588,0.04187,0.86773
CVE-2002-0589,0.04187,0.86773
CVE-2002-0590,0.04187,0.86773
CVE-2002-0591,0.04187,0.86773
CVE-2002-0592,0.01136,0.57949
CVE-2002-0593,0.04291,0.87022
CVE-2002-0594,0.01319,0.70416
CVE-2002-0595,0.07687,0.92751
CVE-2002-0596,0.01213,0.6557
CVE-2002-0597,0.29415,0.97223
CVE-2002-0598,0.07777,0.92953
CVE-2002-0599,0.04482,0.88223
CVE-2002-0600,0.0292,0.82516
CVE-2002-0601,0.01213,0.6557
CVE-2002-0602,0.01319,0.70416
CVE-2002-0603,0.01213,0.6557
CVE-2002-0604,0.01213,0.6557
CVE-2002-0605,0.08263,0.93269
CVE-2002-0606,0.06211,0.90307
CVE-2002-0607,0.06729,0.91199
CVE-2002-0608,0.042659999999999997,0.86883
CVE-2002-0609,0.00954,0.34522
CVE-2002-0610,0.01018,0.38792
CVE-2002-0611,0.04187,0.86773
CVE-2002-0612,0.04187,0.86773
CVE-2002-0613,0.04187,0.86773
CVE-2002-0614,0.01136,0.57949
CVE-2002-0615,0.047,0.88653
CVE-2002-0616,0.23731,0.96566
CVE-2002-0617,0.34513,0.97636
CVE-2002-0618,0.33695,0.97582
CVE-2002-0619,0.13525,0.9555
CVE-2002-0620,0.09772,0.94058
CVE-2002-0621,0.13105,0.9547
CVE-2002-0622,0.27281,0.97048
CVE-2002-0623,0.34513,0.97636
CVE-2002-0624,0.31132,0.97462
CVE-2002-0626,0.01018,0.38792
CVE-2002-0627,0.01213,0.6557
CVE-2002-0628,0.01319,0.70416
CVE-2002-0629,0.01213,0.6557
CVE-2002-0630,0.01213,0.6557
CVE-2002-0631,0.0089,0.2856
CVE-2002-0632,0.01018,0.38792
CVE-2002-0637,0.04187,0.86773
CVE-2002-0638,0.01547,0.74085
CVE-2002-0639,0.12248,0.95092
CVE-2002-0640,0.42881,0.98198
CVE-2002-0641,0.1583,0.95882
CVE-2002-0642,0.02221,0.80446
CVE-2002-0643,0.02221,0.80446
CVE-2002-0644,0.09767,0.9401
CVE-2002-0645,0.03354,0.83629
CVE-2002-0647,0.31132,0.97462
CVE-2002-0648,0.40848,0.98127
CVE-2002-0649,0.9268,0.99913
CVE-2002-0650,0.13782,0.95593
CVE-2002-0651,0.05766,0.89866
CVE-2002-0652,0.07687,0.92751
CVE-2002-0653,0.05625,0.89579
CVE-2002-0654,0.33043,0.97543
CVE-2002-0655,0.04445,0.87708
CVE-2002-0656,0.5546,0.98731
CVE-2002-0657,0.04421,0.87629
CVE-2002-0658,0.04669,0.88544
CVE-2002-0659,0.17792,0.96062
CVE-2002-0660,0.02791,0.82239
CVE-2002-0661,0.33043,0.97543
CVE-2002-0662,0.01034,0.39824
CVE-2002-0663,0.05139,0.89128
CVE-2002-0664,0.01018,0.38792
CVE-2002-0665,0.04482,0.88223
CVE-2002-0666,0.01319,0.70416
CVE-2002-0667,0.01213,0.6557
CVE-2002-0668,0.01018,0.38792
CVE-2002-0669,0.00885,0.26162
CVE-2002-0670,0.01136,0.57949
CVE-2002-0671,0.01213,0.6557
CVE-2002-0672,0.00954,0.34522
CVE-2002-0673,0.00954,0.34522
CVE-2002-0674,0.01018,0.38792
CVE-2002-0675,0.0095,0.30554
CVE-2002-0676,0.06741,0.91209
CVE-2002-0677,0.01408,0.72072
CVE-2002-0678,0.01547,0.74085
CVE-2002-0679,0.33866,0.97595
CVE-2002-0680,0.04482,0.88223
CVE-2002-0681,0.0679,0.91793
CVE-2002-0682,0.21029,0.96369
CVE-2002-0683,0.01319,0.70416
CVE-2002-0684,0.03214,0.83353
CVE-2002-0685,0.01319,0.70416
CVE-2002-0686,0.06523,0.90962
CVE-2002-0687,0.01018,0.38792
CVE-2002-0688,0.01018,0.38792
CVE-2002-0690,0.07777,0.92953
CVE-2002-0691,0.11676,0.94929
CVE-2002-0692,0.13782,0.95593
CVE-2002-0693,0.48155,0.98487
CVE-2002-0694,0.23731,0.96566
CVE-2002-0695,0.34513,0.97636
CVE-2002-0696,0.13525,0.9555
CVE-2002-0697,0.11676,0.94929
CVE-2002-0698,0.33695,0.97582
CVE-2002-0699,0.09772,0.94058
CVE-2002-0700,0.12761,0.95374
CVE-2002-0701,0.0095,0.30554
CVE-2002-0702,0.24062,0.96648
CVE-2002-0703,0.01018,0.38792
CVE-2002-0704,0.01108,0.53389
CVE-2002-0705,0.01213,0.6557
CVE-2002-0706,0.01213,0.6557
CVE-2002-0707,0.01136,0.57949
CVE-2002-0708,0.04187,0.86773
CVE-2002-0709,0.00986,0.35784
CVE-2002-0710,0.01319,0.70416
CVE-2002-0711,0.01213,0.6557
CVE-2002-0712,0.0095,0.30554
CVE-2002-0713,0.08228,0.93218
CVE-2002-0714,0.02172,0.79917
CVE-2002-0715,0.01537,0.73595
CVE-2002-0716,0.0095,0.30554
CVE-2002-0717,0.04291,0.87022
CVE-2002-0718,0.09043,0.93841
CVE-2002-0719,0.11676,0.94929
CVE-2002-0720,0.02221,0.80446
CVE-2002-0721,0.40848,0.98127
CVE-2002-0722,0.13105,0.9547
CVE-2002-0723,0.20999,0.96367
CVE-2002-0724,0.21756,0.96395
CVE-2002-0725,0.01511,0.72784
CVE-2002-0726,0.34513,0.97636
CVE-2002-0727,0.13105,0.9547
CVE-2002-0728,0.01018,0.38792
CVE-2002-0729,0.09772,0.94058
CVE-2002-0730,0.04187,0.86773
CVE-2002-0731,0.04187,0.86773
CVE-2002-0732,0.04187,0.86773
CVE-2002-0733,0.0679,0.91793
CVE-2002-0734,0.04187,0.86773
CVE-2002-0735,0.04291,0.87022
CVE-2002-0736,0.14286,0.95614
CVE-2002-0737,0.0679,0.91793
CVE-2002-0738,0.01213,0.6557
CVE-2002-0739,0.01136,0.57949
CVE-2002-0741,0.04482,0.88223
CVE-2002-0742,0.00885,0.26162
CVE-2002-0743,0.00885,0.26162
CVE-2002-0744,0.00885,0.26162
CVE-2002-0745,0.00885,0.26162
CVE-2002-0746,0.00885,0.26162
CVE-2002-0747,0.04187,0.86773
CVE-2002-0748,0.04482,0.88223
CVE-2002-0749,0.04187,0.86773
CVE-2002-0750,0.01055,0.50287
CVE-2002-0751,0.01136,0.57949
CVE-2002-0752,0.01055,0.50287
CVE-2002-0753,0.06523,0.90962
CVE-2002-0754,0.0089,0.2856
CVE-2002-0755,0.0095,0.30554
CVE-2002-0756,0.01136,0.57949
CVE-2002-0757,0.01213,0.6557
CVE-2002-0758,0.01136,0.57949
CVE-2002-0759,0.01018,0.38792
CVE-2002-0760,0.0095,0.30554
CVE-2002-0761,0.0095,0.30554
CVE-2002-0762,0.0089,0.2856
CVE-2002-0763,0.00954,0.34522
CVE-2002-0764,0.04482,0.88223
CVE-2002-0765,0.01018,0.38792
CVE-2002-0766,0.01104,0.52279
CVE-2002-0767,0.01963,0.77709
CVE-2002-0768,0.03432,0.83945
CVE-2002-0769,0.0679,0.91793
CVE-2002-0770,0.0679,0.91793
CVE-2002-0771,0.04187,0.86773
CVE-2002-0772,0.04187,0.86773
CVE-2002-0773,0.04187,0.86773
CVE-2002-0774,0.01136,0.57949
CVE-2002-0775,0.04187,0.86773
CVE-2002-0776,0.01213,0.6557
CVE-2002-0777,0.06523,0.90962
CVE-2002-0778,0.01136,0.57949
CVE-2002-0779,0.01213,0.6557
CVE-2002-0780,0.01213,0.6557
CVE-2002-0781,0.01213,0.6557
CVE-2002-0782,0.01136,0.57949
CVE-2002-0783,0.04187,0.86773
CVE-2002-0784,0.01213,0.6557
CVE-2002-0785,0.01213,0.6557
CVE-2002-0786,0.04187,0.86773
CVE-2002-0787,0.04187,0.86773
CVE-2002-0788,0.0095,0.30554
CVE-2002-0789,0.06523,0.90962
CVE-2002-0790,0.00885,0.26162
CVE-2002-0791,0.01213,0.6557
CVE-2002-0792,0.01319,0.70416
CVE-2002-0793,0.0322,0.83442
CVE-2002-0794,0.01213,0.6557
CVE-2002-0795,0.0095,0.30554
CVE-2002-0796,0.01319,0.70416
CVE-2002-0797,0.01319,0.70416
CVE-2002-0798,0.0095,0.30554
CVE-2002-0799,0.07687,0.92751
CVE-2002-0800,0.01136,0.57949
CVE-2002-0801,0.08263,0.93269
CVE-2002-0802,0.00954,0.34522
CVE-2002-0803,0.01319,0.70416
CVE-2002-0804,0.01319,0.70416
CVE-2002-0805,0.01755,0.75287
CVE-2002-0806,0.01034,0.39824
CVE-2002-0807,0.01213,0.6557
CVE-2002-0808,0.01018,0.38792
CVE-2002-0809,0.01018,0.38792
CVE-2002-0810,0.01108,0.53389
CVE-2002-0811,0.01213,0.6557
CVE-2002-0812,0.04187,0.86773
CVE-2002-0813,0.0679,0.91793
CVE-2002-0814,0.15607,0.95873
CVE-2002-0815,0.03884,0.84938
CVE-2002-0816,0.0095,0.30554
CVE-2002-0817,0.01761,0.7555
CVE-2002-0818,0.05139,0.89128
CVE-2002-0819,0.0089,0.2856
CVE-2002-0820,0.0095,0.30554
CVE-2002-0821,0.04291,0.87022
CVE-2002-0822,0.01213,0.6557
CVE-2002-0823,0.44626,0.9825
CVE-2002-0824,0.01761,0.7555
CVE-2002-0825,0.03696,0.84331
CVE-2002-0826,0.06523,0.90962
CVE-2002-0827,0.0089,0.2856
CVE-2002-0829,0.0095,0.30554
CVE-2002-0830,0.01319,0.70416
CVE-2002-0831,0.0095,0.30554
CVE-2002-0832,0.06956,0.91856
CVE-2002-0833,0.07687,0.92751
CVE-2002-0834,0.04465,0.87733
CVE-2002-0835,0.14831,0.95668
CVE-2002-0836,0.02172,0.79917
CVE-2002-0837,0.07777,0.92953
CVE-2002-0838,0.06818,0.91799
CVE-2002-0839,0.03052,0.82933
CVE-2002-0840,0.79467,0.99449
CVE-2002-0842,0.1127,0.94787
CVE-2002-0843,0.05294,0.89319
CVE-2002-0844,0.01755,0.75287
CVE-2002-0845,0.06523,0.90962
CVE-2002-0846,0.07777,0.92953
CVE-2002-0847,0.06523,0.90962
CVE-2002-0848,0.01136,0.57949
CVE-2002-0849,0.0095,0.30554
CVE-2002-0850,0.06523,0.90962
CVE-2002-0851,0.01761,0.7555
CVE-2002-0852,0.01055,0.50287
CVE-2002-0853,0.01213,0.6557
CVE-2002-0854,0.00885,0.26162
CVE-2002-0855,0.10995,0.94626999999999994
CVE-2002-0856,0.01213,0.6557
CVE-2002-0857,0.07777,0.92953
CVE-2002-0858,0.00954,0.34522
CVE-2002-0859,0.42271,0.98167
CVE-2002-0860,0.13105,0.9547
CVE-2002-0861,0.13525,0.9555
CVE-2002-0862,0.20648,0.96329
CVE-2002-0863,0.20648,0.96329
CVE-2002-0864,0.13105,0.9547
CVE-2002-0865,0.13525,0.9555
CVE-2002-0866,0.42271,0.98167
CVE-2002-0867,0.13525,0.9555
CVE-2002-0869,0.20648,0.96329
CVE-2002-0870,0.01055,0.50287
CVE-2002-0871,0.01034,0.39824
CVE-2002-0872,0.01213,0.6557
CVE-2002-0873,0.01136,0.57949
CVE-2002-0874,0.04187,0.86773
CVE-2002-0875,0.02808,0.82317
CVE-2002-0876,0.04187,0.86773
CVE-2002-0877,0.01136,0.57949
CVE-2002-0878,0.01136,0.57949
CVE-2002-0879,0.04187,0.86773
CVE-2002-0880,0.01055,0.50287
CVE-2002-0881,0.01018,0.38792
CVE-2002-0882,0.01319,0.70416
CVE-2002-0883,0.0089,0.2856
CVE-2002-0884,0.06523,0.90962
CVE-2002-0885,0.06523,0.90962
CVE-2002-0886,0.0679,0.91793
CVE-2002-0887,0.01761,0.7555
CVE-2002-0888,0.01213,0.6557
CVE-2002-0889,0.01592,0.74578
CVE-2002-0891,0.01213,0.6557
CVE-2002-0892,0.04482,0.88223
CVE-2002-0893,0.04187,0.86773
CVE-2002-0894,0.04187,0.86773
CVE-2002-0895,0.06211,0.90307
CVE-2002-0896,0.00954,0.34522
CVE-2002-0897,0.04187,0.86773
CVE-2002-0898,0.04482,0.88223
CVE-2002-0899,0.01213,0.6557
CVE-2002-0900,0.06211,0.90307
CVE-2002-0901,0.06523,0.90962
CVE-2002-0902,0.04187,0.86773
CVE-2002-0903,0.01136,0.57949
CVE-2002-0904,0.01213,0.6557
CVE-2002-0905,0.01761,0.7555
CVE-2002-0906,0.04291,0.87022
CVE-2002-0907,0.07687,0.92751
CVE-2002-0908,0.04187,0.86773
CVE-2002-0909,0.01755,0.75287
CVE-2002-0910,0.0292,0.82516
CVE-2002-0911,0.0089,0.2856
CVE-2002-0912,0.01136,0.57949
CVE-2002-0913,0.042659999999999997,0.86883
CVE-2002-0914,0.01213,0.6557
CVE-2002-0915,0.0089,0.2856
CVE-2002-0916,0.06523,0.90962
CVE-2002-0917,0.01136,0.57949
CVE-2002-0918,0.01136,0.57949
CVE-2002-0919,0.04187,0.86773
CVE-2002-0920,0.01136,0.57949
CVE-2002-0921,0.01055,0.50287
CVE-2002-0922,0.04482,0.88223
CVE-2002-0923,0.04187,0.86773
CVE-2002-0924,0.01055,0.50287
CVE-2002-0925,0.08263,0.93269
CVE-2002-0926,0.04482,0.88223
CVE-2002-0928,0.06211,0.90307
CVE-2002-0929,0.01213,0.6557
CVE-2002-0930,0.01213,0.6557
CVE-2002-0931,0.04482,0.88223
CVE-2002-0932,0.00986,0.35784
CVE-2002-0933,0.01136,0.57949
CVE-2002-0934,0.01136,0.57949
CVE-2002-0935,0.0221,0.80318
CVE-2002-0936,0.16417,0.95927
CVE-2002-0937,0.04187,0.86773
CVE-2002-0938,0.04187,0.86773
CVE-2002-0939,0.0089,0.2856
CVE-2002-0940,0.0089,0.2856
CVE-2002-0941,0.0089,0.2856
CVE-2002-0942,0.09006,0.9374
CVE-2002-0943,0.01136,0.57949
CVE-2002-0944,0.01213,0.6557
CVE-2002-0945,0.04291,0.87022
CVE-2002-0946,0.04482,0.88223
CVE-2002-0947,0.07777,0.92953
CVE-2002-0948,0.0679,0.91793
CVE-2002-0949,0.04187,0.86773
CVE-2002-0950,0.06523,0.90962
CVE-2002-0951,0.00986,0.35784
CVE-2002-0952,0.01136,0.57949
CVE-2002-0953,0.04187,0.86773
CVE-2002-0954,0.00885,0.26162
CVE-2002-0955,0.04187,0.86773
CVE-2002-0956,0.01213,0.6557
CVE-2002-0957,0.01055,0.50287
CVE-2002-0958,0.01213,0.6557
CVE-2002-0959,0.04187,0.86773
CVE-2002-0960,0.01136,0.57949
CVE-2002-0961,0.00986,0.35784
CVE-2002-0962,0.0679,0.91793
CVE-2002-0963,0.01213,0.6557
CVE-2002-0964,0.04187,0.86773
CVE-2002-0965,0.75782,0.9933
CVE-2002-0966,0.04291,0.87022
CVE-2002-0967,0.04291,0.87022
CVE-2002-0968,0.12822,0.95405
CVE-2002-0969,0.01755,0.75287
CVE-2002-0970,0.02172,0.79917
CVE-2002-0971,0.01592,0.74578
CVE-2002-0972,0.01592,0.74578
CVE-2002-0973,0.0089,0.2856
CVE-2002-0974,0.26556,0.96997
CVE-2002-0975,0.11676,0.94929
CVE-2002-0976,0.20999,0.96367
CVE-2002-0977,0.08618,0.93637
CVE-2002-0978,0.06956,0.91856
CVE-2002-0979,0.09043,0.93841
CVE-2002-0980,0.4334,0.98207
CVE-2002-0981,0.01592,0.74578
CVE-2002-0982,0.09767,0.9401
CVE-2002-0983,0.01213,0.6557
CVE-2002-0984,0.06523,0.90962
CVE-2002-0985,0.02686,0.82061
CVE-2002-0986,0.03779,0.84781
CVE-2002-0987,0.01761,0.7555
CVE-2002-0988,0.00954,0.34522
CVE-2002-0989,0.03779,0.84781
CVE-2002-0990,0.01213,0.6557
CVE-2002-0992,0.0089,0.2856
CVE-2002-0993,0.0089,0.2856
CVE-2002-0994,0.04187,0.86773
CVE-2002-0995,0.04187,0.86773
CVE-2002-0996,0.04291,0.87022
CVE-2002-0997,0.01213,0.6557
CVE-2002-0998,0.01213,0.6557
CVE-2002-0999,0.01213,0.6557
CVE-2002-1000,0.04291,0.87022
CVE-2002-1001,0.12822,0.95405
CVE-2002-1002,0.01213,0.6557
CVE-2002-1003,0.06523,0.90962
CVE-2002-1004,0.04187,0.86773
CVE-2002-1005,0.00954,0.34522
CVE-2002-1006,0.01917,0.77071
CVE-2002-1007,0.04187,0.86773
CVE-2002-1008,0.04187,0.86773
CVE-2002-1009,0.04187,0.86773
CVE-2002-1010,0.01055,0.50287
CVE-2002-1011,0.04291,0.87022
CVE-2002-1012,0.04291,0.87022
CVE-2002-1013,0.01761,0.7555
CVE-2002-1014,0.07687,0.92751
CVE-2002-1015,0.01213,0.6557
CVE-2002-1016,0.02516,0.81068
CVE-2002-1017,0.01052,0.41643
CVE-2002-1018,0.01136,0.57949
CVE-2002-1019,0.01136,0.57949
CVE-2002-1020,0.01136,0.57949
CVE-2002-1021,0.04187,0.86773
CVE-2002-1022,0.01136,0.57949
CVE-2002-1023,0.04187,0.86773
CVE-2002-1024,0.01213,0.6557
CVE-2002-1025,0.01319,0.70416
CVE-2002-1026,0.01213,0.6557
CVE-2002-1027,0.04187,0.86773
CVE-2002-1028,0.04187,0.86773
CVE-2002-1029,0.04187,0.86773
CVE-2002-1030,0.01213,0.6557
CVE-2002-1031,0.04482,0.88223
CVE-2002-1032,0.03696,0.84331
CVE-2002-1033,0.01136,0.57949
CVE-2002-1034,0.01136,0.57949
CVE-2002-1035,0.01213,0.6557
CVE-2002-1036,0.04482,0.88223
CVE-2002-1037,0.01213,0.6557
CVE-2002-1038,0.01213,0.6557
CVE-2002-1039,0.01213,0.6557
CVE-2002-1040,0.00885,0.26162
CVE-2002-1041,0.00885,0.26162
CVE-2002-1042,0.04187,0.86773
CVE-2002-1043,0.04187,0.86773
CVE-2002-1044,0.04291,0.87022
CVE-2002-1045,0.01136,0.57949
CVE-2002-1046,0.01136,0.57949
CVE-2002-1047,0.01055,0.50287
CVE-2002-1048,0.04187,0.86773
CVE-2002-1049,0.01408,0.72072
CVE-2002-1050,0.05139,0.89128
CVE-2002-1051,0.01755,0.75287
CVE-2002-1052,0.01408,0.72072
CVE-2002-1053,0.01213,0.6557
CVE-2002-1054,0.01319,0.70416
CVE-2002-1055,0.01136,0.57949
CVE-2002-1056,0.406,0.98111
CVE-2002-1057,0.07687,0.92751
CVE-2002-1058,0.03765,0.84407
CVE-2002-1059,0.59879,0.98832
CVE-2002-1060,0.02945,0.82784
CVE-2002-1061,0.07544,0.92484
CVE-2002-1062,0.06523,0.90962
CVE-2002-1063,0.01136,0.57949
CVE-2002-1064,0.01136,0.57949
CVE-2002-1065,0.01055,0.50287
CVE-2002-1066,0.04291,0.87022
CVE-2002-1067,0.01136,0.57949
CVE-2002-1068,0.01213,0.6557
CVE-2002-1069,0.01319,0.70416
CVE-2002-1070,0.04187,0.86773
CVE-2002-1071,0.04482,0.88223
CVE-2002-1072,0.04187,0.86773
CVE-2002-1073,0.07687,0.92751
CVE-2002-1075,0.06211,0.90307
CVE-2002-1076,0.15607,0.95873
CVE-2002-1077,0.04187,0.86773
CVE-2002-1078,0.01213,0.6557
CVE-2002-1079,0.0679,0.91793
CVE-2002-1080,0.01213,0.6557
CVE-2002-1081,0.01213,0.6557
CVE-2002-1082,0.01136,0.57949
CVE-2002-1083,0.01136,0.57949
CVE-2002-1084,0.06523,0.90962
CVE-2002-1085,0.01136,0.57949
CVE-2002-1086,0.01136,0.57949
CVE-2002-1087,0.01055,0.50287
CVE-2002-1088,0.07732,0.92768
CVE-2002-1089,0.06174,0.90263
CVE-2002-1090,0.03477,0.84037
CVE-2002-1091,0.08263,0.93269
CVE-2002-1092,0.00954,0.34522
CVE-2002-1093,0.01136,0.57949
CVE-2002-1094,0.01213,0.6557
CVE-2002-1095,0.01136,0.57949
CVE-2002-1096,0.00954,0.34522
CVE-2002-1097,0.00954,0.34522
CVE-2002-1098,0.00954,0.34522
CVE-2002-1099,0.01136,0.57949
CVE-2002-1100,0.01136,0.57949
CVE-2002-1101,0.04187,0.86773
CVE-2002-1102,0.01136,0.57949
CVE-2002-1103,0.01055,0.50287
CVE-2002-1104,0.01136,0.57949
CVE-2002-1105,0.0089,0.2856
CVE-2002-1106,0.01136,0.57949
CVE-2002-1107,0.00954,0.34522
CVE-2002-1108,0.00954,0.34522
CVE-2002-1109,0.0089,0.2856
CVE-2002-1110,0.01213,0.6557
CVE-2002-1111,0.01213,0.6557
CVE-2002-1112,0.01213,0.6557
CVE-2002-1113,0.0679,0.91793
CVE-2002-1114,0.06523,0.90962
CVE-2002-1115,0.01213,0.6557
CVE-2002-1116,0.01018,0.38792
CVE-2002-1117,0.01108,0.53389
CVE-2002-1118,0.01213,0.6557
CVE-2002-1119,0.02172,0.79379
CVE-2002-1120,0.74393,0.99275
CVE-2002-1121,0.01974,0.7812
CVE-2002-1122,0.06523,0.90962
CVE-2002-1123,0.85532,0.99663
CVE-2002-1124,0.0089,0.2856
CVE-2002-1125,0.0322,0.83442
CVE-2002-1126,0.01108,0.53389
CVE-2002-1127,0.01592,0.74578
CVE-2002-1128,0.01592,0.74578
CVE-2002-1129,0.01899,0.76481
CVE-2002-1131,0.0679,0.91793
CVE-2002-1132,0.01213,0.6557
CVE-2002-1133,0.01213,0.6557
CVE-2002-1134,0.01018,0.38792
CVE-2002-1135,0.04482,0.88223
CVE-2002-1137,0.1583,0.95882
CVE-2002-1138,0.047,0.88653
CVE-2002-1139,0.047,0.88653
CVE-2002-1140,0.11676,0.94929
CVE-2002-1141,0.11676,0.94929
CVE-2002-1142,0.87309,0.99738
CVE-2002-1143,0.40848,0.98127
CVE-2002-1145,0.0935,0.93959
CVE-2002-1146,0.02172,0.79917
CVE-2002-1147,0.04482,0.88223
CVE-2002-1148,0.29782,0.97316
CVE-2002-1149,0.01018,0.38792
CVE-2002-1150,0.11676,0.94929
CVE-2002-1151,0.02172,0.79917
CVE-2002-1152,0.01213,0.6557
CVE-2002-1153,0.04291,0.87022
CVE-2002-1154,0.01213,0.6557
CVE-2002-1155,0.01899,0.76481
CVE-2002-1156,0.06394,0.90534
CVE-2002-1157,0.03779,0.84781
CVE-2002-1158,0.02172,0.79379
CVE-2002-1159,0.01408,0.72072
CVE-2002-1160,0.01282,0.67298
CVE-2002-1165,0.04669,0.88544
CVE-2002-1166,0.06523,0.90962
CVE-2002-1167,0.01917,0.77071
CVE-2002-1168,0.01917,0.77071
CVE-2002-1169,0.0679,0.91793
CVE-2002-1170,0.01319,0.70416
CVE-2002-1174,0.07544,0.92484
CVE-2002-1175,0.01974,0.7812
CVE-2002-1176,0.03696,0.84331
CVE-2002-1177,0.04679,0.88603
CVE-2002-1178,0.0679,0.91793
CVE-2002-1179,0.44626,0.9825
CVE-2002-1180,0.06118,0.90183
CVE-2002-1181,0.21709,0.96393
CVE-2002-1182,0.20648,0.96329
CVE-2002-1183,0.35008,0.9771
CVE-2002-1184,0.02864,0.82386
CVE-2002-1185,0.20648,0.96329
CVE-2002-1186,0.20648,0.96329
CVE-2002-1187,0.14791,0.95665
CVE-2002-1188,0.16864,0.95983
CVE-2002-1189,0.0089,0.2856
CVE-2002-1190,0.01136,0.57949
CVE-2002-1191,0.01319,0.70416
CVE-2002-1192,0.01924,0.77129
CVE-2002-1193,0.0089,0.2856
CVE-2002-1194,0.06523,0.90962
CVE-2002-1195,0.01018,0.38792
CVE-2002-1196,0.01018,0.38792
CVE-2002-1197,0.06523,0.90962
CVE-2002-1198,0.01213,0.6557
CVE-2002-1199,0.01408,0.72072
CVE-2002-1200,0.07544,0.92484
CVE-2002-1201,0.01213,0.6557
CVE-2002-1202,0.01136,0.57949
CVE-2002-1203,0.01136,0.57949
CVE-2002-1204,0.01018,0.38792
CVE-2002-1209,0.04187,0.86773
CVE-2002-1210,0.01055,0.50287
CVE-2002-1211,0.04482,0.88223
CVE-2002-1212,0.01136,0.57949
CVE-2002-1213,0.01136,0.57949
CVE-2002-1214,0.69798,0.99091
CVE-2002-1215,0.07777,0.92953
CVE-2002-1216,0.01213,0.6557
CVE-2002-1217,0.62765,0.98913
CVE-2002-1219,0.16207,0.95911
CVE-2002-1220,0.12567,0.95329
CVE-2002-1221,0.26383,0.96972
CVE-2002-1222,0.04187,0.86773
CVE-2002-1223,0.03073,0.82961
CVE-2002-1224,0.0679,0.91793
CVE-2002-1225,0.01213,0.6557
CVE-2002-1226,0.00954,0.34522
CVE-2002-1227,0.01136,0.57949
CVE-2002-1228,0.01018,0.38792
CVE-2002-1229,0.01213,0.6557
CVE-2002-1230,0.04459,0.87712
CVE-2002-1231,0.0089,0.2856
CVE-2002-1232,0.02172,0.79917
CVE-2002-1233,0.01736,0.75201
CVE-2002-1235,0.12248,0.95092
CVE-2002-1236,0.04482,0.88223
CVE-2002-1238,0.04482,0.88223
CVE-2002-1239,0.01761,0.7555
CVE-2002-1242,0.02005,0.78468
CVE-2002-1244,0.05139,0.89128
CVE-2002-1245,0.01034,0.39824
CVE-2002-1247,0.01282,0.67298
CVE-2002-1248,0.04187,0.86773
CVE-2002-1250,0.01761,0.7555
CVE-2002-1251,0.06523,0.90962
CVE-2002-1252,0.01136,0.57949
CVE-2002-1253,0.0089,0.2856
CVE-2002-1254,0.63976,0.98955
CVE-2002-1255,0.11676,0.94929
CVE-2002-1256,0.06118,0.90183
CVE-2002-1257,0.15501,0.95786
CVE-2002-1258,0.09772,0.94058
CVE-2002-1260,0.13525,0.9555
CVE-2002-1262,0.13105,0.9547
CVE-2002-1264,0.07777,0.92953
CVE-2002-1265,0.01408,0.72072
CVE-2002-1266,0.0089,0.2856
CVE-2002-1267,0.01136,0.57949
CVE-2002-1268,0.0089,0.2856
CVE-2002-1269,0.00885,0.26162
CVE-2002-1270,0.0089,0.2856
CVE-2002-1271,0.01319,0.70416
CVE-2002-1272,0.01213,0.6557
CVE-2002-1275,0.07687,0.92751
CVE-2002-1276,0.01108,0.53389
CVE-2002-1277,0.07777,0.92953
CVE-2002-1278,0.01213,0.6557
CVE-2002-1279,0.0095,0.30554
CVE-2002-1280,0.00885,0.26162
CVE-2002-1281,0.1127,0.94787
CVE-2002-1282,0.1127,0.94787
CVE-2002-1283,0.01213,0.6557
CVE-2002-1284,0.0095,0.30554
CVE-2002-1285,0.0089,0.2856
CVE-2002-1286,0.13105,0.9547
CVE-2002-1287,0.13525,0.9555
CVE-2002-1288,0.11676,0.94929
CVE-2002-1289,0.25293,0.96834
CVE-2002-1290,0.13525,0.9555
CVE-2002-1291,0.13525,0.9555
CVE-2002-1292,0.13782,0.95593
CVE-2002-1293,0.13525,0.9555
CVE-2002-1294,0.13525,0.9555
CVE-2002-1295,0.13105,0.9547
CVE-2002-1296,0.01755,0.75287
CVE-2002-1306,0.1127,0.94787
CVE-2002-1307,0.01917,0.77071
CVE-2002-1308,0.07777,0.92953
CVE-2002-1309,0.01213,0.6557
CVE-2002-1310,0.01319,0.70416
CVE-2002-1311,0.0095,0.30554
CVE-2002-1312,0.01319,0.70416
CVE-2002-1313,0.0089,0.2856
CVE-2002-1315,0.01319,0.70416
CVE-2002-1316,0.01319,0.70416
CVE-2002-1317,0.40508,0.98046
CVE-2002-1318,0.69869,0.99098
CVE-2002-1319,0.01104,0.52279
CVE-2002-1320,0.10995,0.94626999999999994
CVE-2002-1321,0.06523,0.90962
CVE-2002-1322,0.04187,0.86773
CVE-2002-1323,0.01547,0.74085
CVE-2002-1325,0.09772,0.94058
CVE-2002-1327,0.35008,0.9771
CVE-2002-1334,0.01917,0.77071
CVE-2002-1335,0.03407,0.83908
CVE-2002-1336,0.01974,0.7812
CVE-2002-1337,0.59146,0.9882
CVE-2002-1338,0.13105,0.9547
CVE-2002-1339,0.09772,0.94058
CVE-2002-1340,0.09772,0.94058
CVE-2002-1341,0.01776,0.75902
CVE-2002-1342,0.01136,0.57949
CVE-2002-1344,0.02686,0.82061
CVE-2002-1345,0.01108,0.53389
CVE-2002-1347,0.07544,0.92484
CVE-2002-1348,0.01974,0.7812
CVE-2002-1349,0.0214,0.7918
CVE-2002-1350,0.02172,0.79917
CVE-2002-1351,0.06211,0.90307
CVE-2002-1352,0.01055,0.50287
CVE-2002-1353,0.01213,0.6557
CVE-2002-1354,0.00954,0.34522
CVE-2002-1355,0.01136,0.57949
CVE-2002-1356,0.04291,0.87022
CVE-2002-1357,0.0547,0.89492
CVE-2002-1358,0.04291,0.87022
CVE-2002-1359,0.84644,0.99625
CVE-2002-1360,0.04291,0.87022
CVE-2002-1361,0.15607,0.95873
CVE-2002-1362,0.01213,0.6557
CVE-2002-1363,0.08228,0.93218
CVE-2002-1364,0.01899,0.76481
CVE-2002-1365,0.12248,0.95092
CVE-2002-1366,0.01282,0.67298
CVE-2002-1367,0.02172,0.79917
CVE-2002-1368,0.45404,0.98272
CVE-2002-1369,0.10439,0.94383
CVE-2002-1371,0.10439,0.94383
CVE-2002-1372,0.02172,0.79917
CVE-2002-1373,0.03779,0.84781
CVE-2002-1374,0.17792,0.96062
CVE-2002-1375,0.42881,0.98198
CVE-2002-1376,0.08228,0.93218
CVE-2002-1377,0.01282,0.67298
CVE-2002-1378,0.09001,0.9373
CVE-2002-1379,0.0292,0.82516
CVE-2002-1380,0.02046,0.7858
CVE-2002-1381,0.02615,0.81258
CVE-2002-1382,0.06523,0.90962
CVE-2002-1383,0.11354,0.94806
CVE-2002-1384,0.02172,0.79379
CVE-2002-1385,0.01592,0.74578
CVE-2002-1386,0.01592,0.74578
CVE-2002-1387,0.00885,0.26162
CVE-2002-1388,0.01213,0.6557
CVE-2002-1389,0.0089,0.2856
CVE-2002-1390,0.01213,0.6557
CVE-2002-1391,0.05139,0.89128
CVE-2002-1392,0.01034,0.39824
CVE-2002-1393,0.04358,0.87435
CVE-2002-1394,0.03718,0.84354
CVE-2002-1395,0.01034,0.39824
CVE-2002-1396,0.04229,0.86856
CVE-2002-1397,0.01755,0.75287
CVE-2002-1398,0.02172,0.79379
CVE-2002-1399,0.00954,0.34522
CVE-2002-1400,0.04421,0.87629
CVE-2002-1401,0.0282,0.82341
CVE-2002-1402,0.02172,0.79379
CVE-2002-1403,0.01755,0.75287
CVE-2002-1405,0.10995,0.94626999999999994
CVE-2002-1406,0.0089,0.2856
CVE-2002-1407,0.01213,0.6557
CVE-2002-1408,0.00954,0.34522
CVE-2002-1409,0.0095,0.30554
CVE-2002-1410,0.04187,0.86773
CVE-2002-1411,0.01136,0.57949
CVE-2002-1412,0.07687,0.92751
CVE-2002-1413,0.01213,0.6557
CVE-2002-1414,0.01761,0.7555
CVE-2002-1415,0.04291,0.87022
CVE-2002-1416,0.01136,0.57949
CVE-2002-1417,0.01213,0.6557
CVE-2002-1418,0.01213,0.6557
CVE-2002-1419,0.00954,0.34522
CVE-2002-1420,0.0095,0.30554
CVE-2002-1421,0.01213,0.6557
CVE-2002-1422,0.04187,0.86773
CVE-2002-1423,0.04187,0.86773
CVE-2002-1424,0.04291,0.87022
CVE-2002-1425,0.01136,0.57949
CVE-2002-1426,0.04187,0.86773
CVE-2002-1427,0.04187,0.86773
CVE-2002-1428,0.04187,0.86773
CVE-2002-1429,0.04187,0.86773
CVE-2002-1430,0.01213,0.6557
CVE-2002-1431,0.01136,0.57949
CVE-2002-1432,0.04187,0.86773
CVE-2002-1433,0.01136,0.57949
CVE-2002-1434,0.01917,0.77071
CVE-2002-1435,0.04187,0.86773
CVE-2002-1436,0.04187,0.86773
CVE-2002-1437,0.01213,0.6557
CVE-2002-1438,0.01213,0.6557
CVE-2002-1439,0.0089,0.2856
CVE-2002-1440,0.00954,0.34522
CVE-2002-1441,0.1127,0.94787
CVE-2002-1442,0.0292,0.82516
CVE-2002-1443,0.01108,0.53389
CVE-2002-1444,0.25598,0.96882
CVE-2002-1445,0.01917,0.77071
CVE-2002-1446,0.01213,0.6557
CVE-2002-1447,0.01761,0.7555
CVE-2002-1448,0.01213,0.6557
CVE-2002-1449,0.01136,0.57949
CVE-2002-1450,0.00885,0.26162
CVE-2002-1451,0.04187,0.86773
CVE-2002-1452,0.07687,0.92751
CVE-2002-1453,0.01917,0.77071
CVE-2002-1454,0.01213,0.6557
CVE-2002-1455,0.01917,0.77071
CVE-2002-1456,0.15607,0.95873
CVE-2002-1457,0.00986,0.35784
CVE-2002-1458,0.01213,0.6557
CVE-2002-1459,0.01213,0.6557
CVE-2002-1460,0.01213,0.6557
CVE-2002-1461,0.01213,0.6557
CVE-2002-1462,0.01136,0.57949
CVE-2002-1463,0.01213,0.6557
CVE-2002-1464,0.01213,0.6557
CVE-2002-1465,0.01213,0.6557
CVE-2002-1466,0.01055,0.50287
CVE-2002-1467,0.01213,0.6557
CVE-2002-1468,0.04404,0.87551
CVE-2002-1469,0.04187,0.86773
CVE-2002-1470,0.0089,0.2856
CVE-2002-1471,0.01136,0.57949
CVE-2002-1472,0.01034,0.39824
CVE-2002-1473,0.12358,0.9512
CVE-2002-1474,0.01055,0.50287
CVE-2002-1475,0.01055,0.50287
CVE-2002-1476,0.01592,0.74578
CVE-2002-1477,0.01213,0.6557
CVE-2002-1478,0.01018,0.38792
CVE-2002-1479,0.0095,0.30554
CVE-2002-1480,0.01917,0.77071
CVE-2002-1481,0.04187,0.86773
CVE-2002-1482,0.00986,0.35784
CVE-2002-1483,0.04482,0.88223
CVE-2002-1484,0.04187,0.86773
CVE-2002-1485,0.01055,0.50287
CVE-2002-1486,0.23224,0.96531
CVE-2002-1487,0.04187,0.86773
CVE-2002-1488,0.04187,0.86773
CVE-2002-1489,0.07687,0.92751
CVE-2002-1490,0.0095,0.30554
CVE-2002-1491,0.0095,0.30554
CVE-2002-1492,0.01761,0.7555
CVE-2002-1493,0.01917,0.77071
CVE-2002-1494,0.01917,0.77071
CVE-2002-1495,0.01917,0.77071
CVE-2002-1496,0.07687,0.92751
CVE-2002-1497,0.01917,0.77071
CVE-2002-1498,0.01136,0.57949
CVE-2002-1499,0.00986,0.35784
CVE-2002-1500,0.0089,0.2856
CVE-2002-1501,0.04187,0.86773
CVE-2002-1502,0.0095,0.30554
CVE-2002-1503,0.01761,0.7555
CVE-2002-1504,0.01055,0.50287
CVE-2002-1505,0.00986,0.35784
CVE-2002-1506,0.01899,0.76481
CVE-2002-1507,0.01055,0.50287
CVE-2002-1508,0.0095,0.30554
CVE-2002-1509,0.0095,0.30554
CVE-2002-1510,0.01108,0.53389
CVE-2002-1511,0.01537,0.73595
CVE-2002-1512,0.01761,0.7555
CVE-2002-1513,0.01761,0.7555
CVE-2002-1514,0.01761,0.7555
CVE-2002-1515,0.01213,0.6557
CVE-2002-1516,0.0095,0.30554
CVE-2002-1517,0.01104,0.52279
CVE-2002-1518,0.0095,0.30554
CVE-2002-1519,0.04291,0.87022
CVE-2002-1520,0.01213,0.6557
CVE-2002-1521,0.0089,0.2856
CVE-2002-1522,0.06211,0.90307
CVE-2002-1523,0.01136,0.57949
CVE-2002-1524,0.06523,0.90962
CVE-2002-1525,0.04187,0.86773
CVE-2002-1526,0.01917,0.77071
CVE-2002-1527,0.04187,0.86773
CVE-2002-1528,0.01136,0.57949
CVE-2002-1529,0.01917,0.77071
CVE-2002-1530,0.04187,0.86773
CVE-2002-1531,0.01136,0.57949
CVE-2002-1532,0.01136,0.57949
CVE-2002-1533,0.01917,0.77071
CVE-2002-1534,0.01136,0.57949
CVE-2002-1535,0.01213,0.6557
CVE-2002-1536,0.01213,0.6557
CVE-2002-1537,0.01018,0.38792
CVE-2002-1538,0.01136,0.57949
CVE-2002-1539,0.04187,0.86773
CVE-2002-1540,0.0095,0.30554
CVE-2002-1541,0.01136,0.57949
CVE-2002-1542,0.04187,0.86773
CVE-2002-1543,0.0095,0.30554
CVE-2002-1544,0.01055,0.50287
CVE-2002-1545,0.01055,0.50287
CVE-2002-1546,0.01213,0.6557
CVE-2002-1547,0.01408,0.72072
CVE-2002-1548,0.00885,0.26162
CVE-2002-1549,0.07687,0.92751
CVE-2002-1550,0.00885,0.26162
CVE-2002-1551,0.02994,0.8281
CVE-2002-1552,0.01018,0.38792
CVE-2002-1553,0.01136,0.57949
CVE-2002-1554,0.0089,0.2856
CVE-2002-1555,0.01136,0.57949
CVE-2002-1556,0.00954,0.34522
CVE-2002-1557,0.00954,0.34522
CVE-2002-1558,0.01136,0.57949
CVE-2002-1559,0.04187,0.86773
CVE-2002-1560,0.04187,0.86773
CVE-2002-1561,0.24729,0.96719
CVE-2002-1562,0.01213,0.6557
CVE-2002-1563,0.01104,0.52279
CVE-2002-1564,0.06956,0.91856
CVE-2002-1565,0.04229,0.86856
CVE-2002-1566,0.04187,0.86773
CVE-2002-1567,0.02525,0.81074
CVE-2002-1568,0.01136,0.57949
CVE-2002-1569,0.01213,0.6557
CVE-2002-1570,0.07687,0.92751
CVE-2002-1571,0.0095,0.30554
CVE-2002-1572,0.00954,0.34522
CVE-2002-1573,0.00954,0.34522
CVE-2002-1574,0.01034,0.39824
CVE-2002-1575,0.01213,0.6557
CVE-2002-1576,0.01761,0.7555
CVE-2002-1577,0.01055,0.50287
CVE-2002-1578,0.01136,0.57949
CVE-2002-1579,0.01136,0.57949
CVE-2002-1580,0.20096,0.96253
CVE-2002-1581,0.0679,0.91793
CVE-2002-1582,0.01213,0.6557
CVE-2002-1583,0.01592,0.74578
CVE-2002-1584,0.01319,0.70416
CVE-2002-1585,0.01136,0.57949
CVE-2002-1586,0.0095,0.30554
CVE-2002-1587,0.0089,0.2856
CVE-2002-1588,0.01136,0.57949
CVE-2002-1589,0.0089,0.2856
CVE-2002-1590,0.0095,0.30554
CVE-2002-1591,0.00954,0.34522
CVE-2002-1592,0.06394,0.90534
CVE-2002-1593,0.06394,0.90534
CVE-2002-1594,0.01034,0.39824
CVE-2002-1595,0.01018,0.38792
CVE-2002-1596,0.01213,0.6557
CVE-2002-1597,0.01213,0.6557
CVE-2002-1598,0.05214,0.89148
CVE-2002-1599,0.01213,0.6557
CVE-2002-1600,0.01213,0.6557
CVE-2002-1601,0.01213,0.6557
CVE-2002-1602,0.01899,0.76481
CVE-2002-1603,0.12567,0.95329
CVE-2002-1604,0.36009,0.97758
CVE-2002-1605,0.26142,0.96955
CVE-2002-1606,0.01104,0.52279
CVE-2002-1607,0.0191,0.76506
CVE-2002-1608,0.0191,0.76506
CVE-2002-1609,0.0095,0.30554
CVE-2002-1610,0.0095,0.30554
CVE-2002-1611,0.0095,0.30554
CVE-2002-1612,0.0095,0.30554
CVE-2002-1613,0.0095,0.30554
CVE-2002-1615,0.0191,0.76506
CVE-2002-1616,0.0322,0.83442
CVE-2002-1617,0.0219,0.80125
CVE-2002-1618,0.0095,0.30554
CVE-2002-1619,0.01136,0.57949
CVE-2002-1620,0.01213,0.6557
CVE-2002-1621,0.06523,0.90962
CVE-2002-1622,0.0292,0.82516
CVE-2002-1623,0.02172,0.79917
CVE-2002-1624,0.04291,0.87022
CVE-2002-1625,0.01213,0.6557
CVE-2002-1626,0.01213,0.6557
CVE-2002-1627,0.01213,0.6557
CVE-2002-1628,0.01136,0.57949
CVE-2002-1629,0.01213,0.6557
CVE-2002-1630,0.01319,0.70416
CVE-2002-1631,0.06523,0.90962
CVE-2002-1632,0.01319,0.70416
CVE-2002-1633,0.01592,0.74578
CVE-2002-1634,0.12567,0.95329
CVE-2002-1635,0.01136,0.57949
CVE-2002-1636,0.01055,0.50287
CVE-2002-1637,0.01034,0.39824
CVE-2002-1639,0.01213,0.6557
CVE-2002-1640,0.01319,0.70416
CVE-2002-1641,0.06523,0.90962
CVE-2002-1642,0.0095,0.30554
CVE-2002-1643,0.86663,0.99705
CVE-2002-1644,0.0095,0.30554
CVE-2002-1645,0.06523,0.90962
CVE-2002-1646,0.01319,0.70416
CVE-2002-1647,0.01018,0.38792
CVE-2002-1648,0.01213,0.6557
CVE-2002-1649,0.01213,0.6557
CVE-2002-1650,0.01136,0.57949
CVE-2002-1651,0.01136,0.57949
CVE-2002-1652,0.06211,0.90307
CVE-2002-1653,0.01136,0.57949
CVE-2002-1654,0.01408,0.72072
CVE-2002-1655,0.01319,0.70416
CVE-2002-1656,0.04482,0.88223
CVE-2002-1657,0.01213,0.6557
CVE-2002-1658,0.01592,0.74578
CVE-2002-1659,0.00954,0.34522
CVE-2002-1660,0.04187,0.86773
CVE-2002-1661,0.02172,0.79917
CVE-2002-1662,0.01213,0.6557
CVE-2002-1663,0.0679,0.91793
CVE-2002-1664,0.01136,0.57949
CVE-2002-1665,0.04291,0.87022
CVE-2002-1666,0.01136,0.57949
CVE-2002-1667,0.00885,0.26162
CVE-2002-1668,0.0089,0.2856
CVE-2002-1669,0.0089,0.2856
CVE-2002-1670,0.01385,0.71104
CVE-2002-1671,0.13525,0.9555
CVE-2002-1672,0.0095,0.30554
CVE-2002-1673,0.02525,0.81073
CVE-2002-1674,0.0089,0.2856
CVE-2002-1675,0.04291,0.87022
CVE-2002-1676,0.0095,0.30554
CVE-2002-1677,0.01213,0.6557
CVE-2002-1678,0.01213,0.6557
CVE-2002-1679,0.01213,0.6557
CVE-2002-1680,0.01213,0.6557
CVE-2002-1681,0.01213,0.6557
CVE-2002-1682,0.0089,0.2856
CVE-2002-1683,0.01917,0.77071
CVE-2002-1684,0.01136,0.57949
CVE-2002-1685,0.01917,0.77071
CVE-2002-1686,0.00885,0.26162
CVE-2002-1687,0.00885,0.26162
CVE-2002-1688,0.20999,0.96367
CVE-2002-1689,0.01055,0.50287
CVE-2002-1690,0.00885,0.26162
CVE-2002-1691,0.01136,0.57949
CVE-2002-1692,0.01674,0.75051
CVE-2002-1694,0.11676,0.94929
CVE-2002-1695,0.11676,0.94929
CVE-2002-1696,0.01385,0.71104
CVE-2002-1697,0.01136,0.57949
CVE-2002-1698,0.11676,0.94929
CVE-2002-1699,0.01213,0.6557
CVE-2002-1700,0.13334,0.95491
CVE-2002-1702,0.01917,0.77071
CVE-2002-1703,0.01917,0.77071
CVE-2002-1704,0.04187,0.86773
CVE-2002-1705,0.25598,0.96882
CVE-2002-1706,0.01136,0.57949
CVE-2002-1707,0.01136,0.57949
CVE-2002-1708,0.01917,0.77071
CVE-2002-1709,0.01213,0.6557
CVE-2002-1710,0.0095,0.30554
CVE-2002-1711,0.0095,0.30554
CVE-2002-1712,0.25598,0.96882
CVE-2002-1713,0.0095,0.30554
CVE-2002-1714,0.20999,0.96367
CVE-2002-1715,0.01761,0.7555
CVE-2002-1716,0.13525,0.9555
CVE-2002-1717,0.13525,0.9555
CVE-2002-1718,0.11676,0.94929
CVE-2002-1719,0.01136,0.57949
CVE-2002-1720,0.00986,0.35784
CVE-2002-1721,0.01136,0.57949
CVE-2002-1722,0.00954,0.34522
CVE-2002-1723,0.01136,0.57949
CVE-2002-1724,0.01213,0.6557
CVE-2002-1725,0.01213,0.6557
CVE-2002-1726,0.01213,0.6557
CVE-2002-1727,0.01917,0.77071
CVE-2002-1728,0.01213,0.6557
CVE-2002-1729,0.01213,0.6557
CVE-2002-1730,0.01213,0.6557
CVE-2002-1731,0.01761,0.7555
CVE-2002-1732,0.01408,0.72072
CVE-2002-1733,0.01136,0.57949
CVE-2002-1734,0.01136,0.57949
CVE-2002-1735,0.0089,0.2856
CVE-2002-1736,0.01055,0.50287
CVE-2002-1737,0.0095,0.30554
CVE-2002-1738,0.01136,0.57949
CVE-2002-1739,0.0089,0.2856
CVE-2002-1740,0.01899,0.76481
CVE-2002-1741,0.01761,0.7555
CVE-2002-1742,0.01408,0.72072
CVE-2002-1743,0.01136,0.57949
CVE-2002-1744,0.34231,0.97604
CVE-2002-1745,0.11676,0.94929
CVE-2002-1746,0.01055,0.50287
CVE-2002-1747,0.01055,0.50287
CVE-2002-1748,0.01061,0.51015
CVE-2002-1749,0.01318,0.67457
CVE-2002-1750,0.01136,0.57949
CVE-2002-1751,0.01136,0.57949
CVE-2002-1752,0.01136,0.57949
CVE-2002-1753,0.01136,0.57949
CVE-2002-1754,0.0089,0.2856
CVE-2002-1755,0.01055,0.50287
CVE-2002-1756,0.01136,0.57949
CVE-2002-1757,0.04187,0.86773
CVE-2002-1758,0.01136,0.57949
CVE-2002-1759,0.01136,0.57949
CVE-2002-1760,0.01136,0.57949
CVE-2002-1761,0.01055,0.50287
CVE-2002-1762,0.11676,0.94929
CVE-2002-1763,0.0095,0.30554
CVE-2002-1764,0.01052,0.41643
CVE-2002-1765,0.01213,0.6557
CVE-2002-1766,0.01899,0.76481
CVE-2002-1767,0.01899,0.76481
CVE-2002-1768,0.01213,0.6557
CVE-2002-1769,0.13105,0.9547
CVE-2002-1770,0.06523,0.90962
CVE-2002-1771,0.01213,0.6557
CVE-2002-1772,0.0089,0.2856
CVE-2002-1773,0.06211,0.90307
CVE-2002-1774,0.01213,0.6557
CVE-2002-1775,0.01213,0.6557
CVE-2002-1776,0.01213,0.6557
CVE-2002-1777,0.01213,0.6557
CVE-2002-1778,0.01213,0.6557
CVE-2002-1779,0.00954,0.34522
CVE-2002-1780,0.01136,0.57949
CVE-2002-1781,0.06523,0.90962
CVE-2002-1782,0.0095,0.30554
CVE-2002-1783,0.01213,0.6557
CVE-2002-1784,0.01136,0.57949
CVE-2002-1785,0.01917,0.77071
CVE-2002-1786,0.0089,0.2856
CVE-2002-1787,0.01592,0.74578
CVE-2002-1788,0.0292,0.82516
CVE-2002-1789,0.01592,0.74578
CVE-2002-1790,0.20999,0.96367
CVE-2002-1791,0.0095,0.30554
CVE-2002-1792,0.07687,0.92751
CVE-2002-1793,0.00954,0.34522
CVE-2002-1794,0.01213,0.6557
CVE-2002-1795,0.19134,0.96161
CVE-2002-1796,0.0095,0.30554
CVE-2002-1797,0.0095,0.30554
CVE-2002-1798,0.04187,0.86773
CVE-2002-1799,0.01917,0.77071
CVE-2002-1800,0.01136,0.57949
CVE-2002-1801,0.01136,0.57949
CVE-2002-1802,0.01917,0.77071
CVE-2002-1803,0.01917,0.77071
CVE-2002-1804,0.01917,0.77071
CVE-2002-1805,0.01917,0.77071
CVE-2002-1806,0.01917,0.77071
CVE-2002-1807,0.01136,0.57949
CVE-2002-1808,0.01136,0.57949
CVE-2002-1809,0.06174,0.90263
CVE-2002-1810,0.01136,0.57949
CVE-2002-1811,0.04187,0.86773
CVE-2002-1812,0.01899,0.76481
CVE-2002-1813,0.04187,0.86773
CVE-2002-1814,0.01899,0.76481
CVE-2002-1815,0.01136,0.57949
CVE-2002-1816,0.07687,0.92751
CVE-2002-1817,0.01018,0.38792
CVE-2002-1818,0.04187,0.86773
CVE-2002-1819,0.01136,0.57949
CVE-2002-1820,0.01136,0.57949
CVE-2002-1821,0.01055,0.50287
CVE-2002-1822,0.01136,0.57949
CVE-2002-1823,0.07687,0.92751
CVE-2002-1824,0.047,0.88653
CVE-2002-1825,0.01319,0.70416
CVE-2002-1826,0.01761,0.7555
CVE-2002-1827,0.01761,0.7555
CVE-2002-1828,0.04187,0.86773
CVE-2002-1829,0.01136,0.57949
CVE-2002-1830,0.04187,0.86773
CVE-2002-1831,0.20999,0.96367
CVE-2002-1832,0.01136,0.57949
CVE-2002-1833,0.01319,0.70416
CVE-2002-1834,0.01213,0.6557
CVE-2002-1835,0.01213,0.6557
CVE-2002-1836,0.01213,0.6557
CVE-2002-1837,0.04187,0.86773
CVE-2002-1838,0.00885,0.26162
CVE-2002-1839,0.01136,0.57949
CVE-2002-1840,0.01213,0.6557
CVE-2002-1841,0.01213,0.6557
CVE-2002-1842,0.01213,0.6557
CVE-2002-1843,0.01213,0.6557
CVE-2002-1844,0.01385,0.71104
CVE-2002-1845,0.01917,0.77071
CVE-2002-1846,0.01055,0.50287
CVE-2002-1847,0.20999,0.96367
CVE-2002-1848,0.00885,0.26162
CVE-2002-1849,0.01136,0.57949
CVE-2002-1850,0.22367,0.96445
CVE-2002-1851,0.06523,0.90962
CVE-2002-1852,0.01917,0.77071
CVE-2002-1853,0.01213,0.6557
CVE-2002-1854,0.01136,0.57949
CVE-2002-1855,0.01213,0.6557
CVE-2002-1856,0.01213,0.6557
CVE-2002-1857,0.01213,0.6557
CVE-2002-1858,0.01213,0.6557
CVE-2002-1859,0.01213,0.6557
CVE-2002-1860,0.01213,0.6557
CVE-2002-1861,0.01213,0.6557
CVE-2002-1862,0.04187,0.86773
CVE-2002-1863,0.00885,0.26162
CVE-2002-1864,0.33474,0.97569
CVE-2002-1865,0.04187,0.86773
CVE-2002-1866,0.01136,0.57949
CVE-2002-1867,0.01136,0.57949
CVE-2002-1868,0.04187,0.86773
CVE-2002-1869,0.0095,0.30554
CVE-2002-1870,0.04291,0.87022
CVE-2002-1871,0.0089,0.2856
CVE-2002-1872,0.13525,0.9555
CVE-2002-1873,0.11676,0.94929
CVE-2002-1874,0.01213,0.6557
CVE-2002-1875,0.0089,0.2856
CVE-2002-1876,0.08627,0.93643
CVE-2002-1877,0.01136,0.57949
CVE-2002-1878,0.04482,0.88223
CVE-2002-1879,0.01213,0.6557
CVE-2002-1880,0.01055,0.50287
CVE-2002-1881,0.01136,0.57949
CVE-2002-1882,0.01136,0.57949
CVE-2002-1883,0.01213,0.6557
CVE-2002-1884,0.04187,0.86773
CVE-2002-1885,0.01136,0.57949
CVE-2002-1886,0.04187,0.86773
CVE-2002-1887,0.04187,0.86773
CVE-2002-1888,0.0089,0.2856
CVE-2002-1889,0.01213,0.6557
CVE-2002-1890,0.0089,0.2856
CVE-2002-1891,0.07687,0.92751
CVE-2002-1892,0.0095,0.30554
CVE-2002-1893,0.01136,0.57949
CVE-2002-1894,0.01213,0.6557
CVE-2002-1895,0.02072,0.79023
CVE-2002-1896,0.01899,0.76481
CVE-2002-1897,0.04187,0.86773
CVE-2002-1898,0.01963,0.77709
CVE-2002-1899,0.01213,0.6557
CVE-2002-1900,0.01055,0.50287
CVE-2002-1901,0.01055,0.50287
CVE-2002-1902,0.01136,0.57949
CVE-2002-1903,0.01136,0.57949
CVE-2002-1904,0.06523,0.90962
CVE-2002-1905,0.04187,0.86773
CVE-2002-1906,0.04187,0.86773
CVE-2002-1907,0.04187,0.86773
CVE-2002-1908,0.11676,0.94929
CVE-2002-1909,0.01136,0.57949
CVE-2002-1910,0.04187,0.86773
CVE-2002-1911,0.04187,0.86773
CVE-2002-1912,0.01213,0.6557
CVE-2002-1913,0.01136,0.57949
CVE-2002-1914,0.01755,0.75287
CVE-2002-1915,0.01592,0.74578
CVE-2002-1916,0.01055,0.50287
CVE-2002-1917,0.01136,0.57949
CVE-2002-1918,0.11676,0.94929
CVE-2002-1919,0.01136,0.57949
CVE-2002-1920,0.01136,0.57949
CVE-2002-1921,0.01136,0.57949
CVE-2002-1922,0.01917,0.77071
CVE-2002-1923,0.01136,0.57949
CVE-2002-1924,0.01213,0.6557
CVE-2002-1925,0.01136,0.57949
CVE-2002-1926,0.01136,0.57949
CVE-2002-1927,0.00885,0.26162
CVE-2002-1928,0.01055,0.50287
CVE-2002-1929,0.02945,0.82784
CVE-2002-1930,0.07687,0.92751
CVE-2002-1931,0.01213,0.6557
CVE-2002-1932,0.13525,0.9555
CVE-2002-1933,0.01385,0.71104
CVE-2002-1934,0.01018,0.38792
CVE-2002-1935,0.01213,0.6557
CVE-2002-1936,0.01136,0.57949
CVE-2002-1937,0.01136,0.57949
CVE-2002-1938,0.01136,0.57949
CVE-2002-1939,0.0089,0.2856
CVE-2002-1940,0.00954,0.34522
CVE-2002-1941,0.01136,0.57949
CVE-2002-1942,0.01213,0.6557
CVE-2002-1943,0.04187,0.86773
CVE-2002-1944,0.01055,0.50287
CVE-2002-1945,0.04187,0.86773
CVE-2002-1946,0.00885,0.26162
CVE-2002-1947,0.01213,0.6557
CVE-2002-1948,0.00885,0.26162
CVE-2002-1949,0.01136,0.57949
CVE-2002-1950,0.01136,0.57949
CVE-2002-1951,0.07687,0.92751
CVE-2002-1952,0.01136,0.57949
CVE-2002-1953,0.01136,0.57949
CVE-2002-1954,0.01917,0.77071
CVE-2002-1955,0.01136,0.57949
CVE-2002-1956,0.00885,0.26162
CVE-2002-1957,0.01136,0.57949
CVE-2002-1958,0.01917,0.77071
CVE-2002-1959,0.01136,0.57949
CVE-2002-1960,0.01136,0.57949
CVE-2002-1961,0.01213,0.6557
CVE-2002-1962,0.01213,0.6557
CVE-2002-1963,0.0095,0.30554
CVE-2002-1964,0.01055,0.50287
CVE-2002-1965,0.01917,0.77071
CVE-2002-1966,0.04187,0.86773
CVE-2002-1967,0.01136,0.57949
CVE-2002-1968,0.0089,0.2856
CVE-2002-1969,0.01055,0.50287
CVE-2002-1970,0.0089,0.2856
CVE-2002-1971,0.01213,0.6557
CVE-2002-1972,0.0089,0.2856
CVE-2002-1973,0.55037,0.98714
CVE-2002-1974,0.01213,0.6557
CVE-2002-1975,0.0089,0.2856
CVE-2002-1976,0.0095,0.30554
CVE-2002-1977,0.0095,0.30554
CVE-2002-1978,0.01213,0.6557
CVE-2002-1979,0.01055,0.50287
CVE-2002-1980,0.01592,0.74578
CVE-2002-1981,0.06118,0.90183
CVE-2002-1982,0.04187,0.86773
CVE-2002-1983,0.01899,0.76481
CVE-2002-1984,0.09772,0.94058
CVE-2002-1985,0.01213,0.6557
CVE-2002-1986,0.04187,0.86773
CVE-2002-1987,0.01136,0.57949
CVE-2002-1988,0.01136,0.57949
CVE-2002-1989,0.01055,0.50287
CVE-2002-1990,0.01136,0.57949
CVE-2002-1991,0.01018,0.38792
CVE-2002-1992,0.01136,0.57949
CVE-2002-1993,0.04187,0.86773
CVE-2002-1994,0.01213,0.6557
CVE-2002-1995,0.01917,0.77071
CVE-2002-1996,0.01213,0.6557
CVE-2002-1997,0.06523,0.90962
CVE-2002-1998,0.01213,0.6557
CVE-2002-1999,0.01213,0.6557
CVE-2002-2000,0.0089,0.2856
CVE-2002-2001,0.0089,0.2856
CVE-2002-2002,0.03214,0.83353
CVE-2002-2003,0.01055,0.50287
CVE-2002-2004,0.01055,0.50287
CVE-2002-2005,0.01018,0.38792
CVE-2002-2006,0.33043,0.97543
CVE-2002-2007,0.29782,0.97316
CVE-2002-2008,0.02072,0.79023
CVE-2002-2009,0.0221,0.80318
CVE-2002-2010,0.01136,0.57949
CVE-2002-2011,0.01917,0.77071
CVE-2002-2012,0.01136,0.57949
CVE-2002-2013,0.01213,0.6557
CVE-2002-2014,0.01213,0.6557
CVE-2002-2015,0.07687,0.92751
CVE-2002-2016,0.01899,0.76481
CVE-2002-2017,0.0292,0.82516
CVE-2002-2018,0.0095,0.30554
CVE-2002-2019,0.01213,0.6557
CVE-2002-2020,0.01136,0.57949
CVE-2002-2021,0.01917,0.77071
CVE-2002-2022,0.01592,0.74578
CVE-2002-2023,0.00885,0.26162
CVE-2002-2024,0.01136,0.57949
CVE-2002-2025,0.01319,0.70416
CVE-2002-2026,0.042659999999999997,0.86883
CVE-2002-2027,0.01055,0.50287
CVE-2002-2028,0.06118,0.90183
CVE-2002-2029,0.05476,0.89511
CVE-2002-2030,0.04291,0.87022
CVE-2002-2031,0.31132,0.97462
CVE-2002-2032,0.04187,0.86773
CVE-2002-2033,0.01136,0.57949
CVE-2002-2034,0.06523,0.90962
CVE-2002-2035,0.01055,0.50287
CVE-2002-2036,0.01136,0.57949
CVE-2002-2037,0.00954,0.34522
CVE-2002-2038,0.00885,0.26162
CVE-2002-2039,0.01761,0.7555
CVE-2002-2040,0.01761,0.7555
CVE-2002-2041,0.01899,0.76481
CVE-2002-2042,0.01899,0.76481
CVE-2002-2043,0.01136,0.57949
CVE-2002-2044,0.01213,0.6557
CVE-2002-2045,0.01319,0.70416
CVE-2002-2046,0.01055,0.50287
CVE-2002-2047,0.01213,0.6557
CVE-2002-2048,0.04679,0.88603
CVE-2002-2049,0.01213,0.6557
CVE-2002-2050,0.0089,0.2856
CVE-2002-2051,0.0089,0.2856
CVE-2002-2052,0.01213,0.6557
CVE-2002-2053,0.01213,0.6557
CVE-2002-2054,0.01213,0.6557
CVE-2002-2055,0.01917,0.77071
CVE-2002-2056,0.01055,0.50287
CVE-2002-2057,0.01213,0.6557
CVE-2002-2058,0.01136,0.57949
CVE-2002-2059,0.01104,0.52279
CVE-2002-2060,0.06523,0.90962
CVE-2002-2061,0.06523,0.90962
CVE-2002-2062,0.13334,0.95491
CVE-2002-2063,0.01136,0.57949
CVE-2002-2064,0.01136,0.57949
CVE-2002-2065,0.01136,0.57949
CVE-2002-2066,0.01108,0.53389
CVE-2002-2067,0.01108,0.53389
CVE-2002-2068,0.01018,0.38792
CVE-2002-2069,0.01018,0.38792
CVE-2002-2070,0.01018,0.38792
CVE-2002-2071,0.04187,0.86773
CVE-2002-2072,0.04187,0.86773
CVE-2002-2073,0.10624,0.94405
CVE-2002-2074,0.01213,0.6557
CVE-2002-2075,0.01055,0.50287
CVE-2002-2076,0.01136,0.57949
CVE-2002-2077,0.13525,0.9555
CVE-2002-2078,0.04291,0.87022
CVE-2002-2079,0.01136,0.57949
CVE-2002-2080,0.01213,0.6557
CVE-2002-2081,0.11676,0.94929
CVE-2002-2082,0.01136,0.57949
CVE-2002-2083,0.00885,0.26162
CVE-2002-2084,0.04187,0.86773
CVE-2002-2085,0.01055,0.50287
CVE-2002-2086,0.01319,0.70416
CVE-2002-2087,0.01899,0.76481
CVE-2002-2088,0.01136,0.57949
CVE-2002-2089,0.01592,0.74578
CVE-2002-2090,0.01055,0.50287
CVE-2002-2091,0.06523,0.90962
CVE-2002-2092,0.0095,0.30554
CVE-2002-2093,0.0089,0.2856
CVE-2002-2094,0.01136,0.57949
CVE-2002-2095,0.00954,0.34522
CVE-2002-2096,0.07732,0.92768
CVE-2002-2097,0.01136,0.57949
CVE-2002-2098,0.06523,0.90962
CVE-2002-2099,0.02172,0.79279
CVE-2002-2100,0.11676,0.94929
CVE-2002-2101,0.11676,0.94929
CVE-2002-2102,0.01136,0.57949
CVE-2002-2103,0.01136,0.57949
CVE-2002-2104,0.01136,0.57949
CVE-2002-2105,0.02583,0.81239
CVE-2002-2106,0.04187,0.86773
CVE-2002-2107,0.01136,0.57949
CVE-2002-2108,0.01213,0.6557
CVE-2002-2109,0.01213,0.6557
CVE-2002-2110,0.01136,0.57949
CVE-2002-2111,0.01136,0.57949
CVE-2002-2112,0.01213,0.6557
CVE-2002-2113,0.04187,0.86773
CVE-2002-2114,0.06523,0.90962
CVE-2002-2115,0.01136,0.57949
CVE-2002-2116,0.01213,0.6557
CVE-2002-2117,0.09772,0.94058
CVE-2002-2118,0.01213,0.6557
CVE-2002-2119,0.01136,0.57949
CVE-2002-2120,0.01755,0.75287
CVE-2002-2121,0.01136,0.57949
CVE-2002-2122,0.0089,0.2856
CVE-2002-2123,0.01136,0.57949
CVE-2002-2124,0.01213,0.6557
CVE-2002-2125,0.11676,0.94929
CVE-2002-2126,0.0095,0.30554
CVE-2002-2127,0.0089,0.2856
CVE-2002-2128,0.0095,0.30554
CVE-2002-2129,0.01917,0.77071
CVE-2002-2130,0.01213,0.6557
CVE-2002-2131,0.01136,0.57949
CVE-2002-2132,0.01385,0.71104
CVE-2002-2133,0.01213,0.6557
CVE-2002-2134,0.04482,0.88223
CVE-2002-2137,0.01136,0.57949
CVE-2002-2138,0.01213,0.6557
CVE-2002-2139,0.01018,0.38792
CVE-2002-2140,0.01213,0.6557
CVE-2002-2141,0.01136,0.57949
CVE-2002-2142,0.00954,0.34522
CVE-2002-2143,0.04187,0.86773
CVE-2002-2144,0.01136,0.57949
CVE-2002-2145,0.04187,0.86773
CVE-2002-2146,0.01136,0.57949
CVE-2002-2148,0.01136,0.57949
CVE-2002-2149,0.04187,0.86773
CVE-2002-2150,0.01136,0.57949
CVE-2002-2152,0.01136,0.57949
CVE-2002-2153,0.06523,0.90962
CVE-2002-2154,0.04187,0.86773
CVE-2002-2155,0.0292,0.82516
CVE-2002-2156,0.03432,0.83945
CVE-2002-2158,0.01136,0.57949
CVE-2002-2159,0.01136,0.57949
CVE-2002-2161,0.01136,0.57949
CVE-2002-2162,0.01761,0.7555
CVE-2002-2163,0.01055,0.50287
CVE-2002-2164,0.25598,0.96882
CVE-2002-2165,0.02525,0.81073
CVE-2002-2166,0.01055,0.50287
CVE-2002-2167,0.01136,0.57949
CVE-2002-2168,0.01213,0.6557
CVE-2002-2169,0.04187,0.86773
CVE-2002-2170,0.07687,0.92751
CVE-2002-2171,0.01917,0.77071
CVE-2002-2172,0.0095,0.30554
CVE-2002-2173,0.06523,0.90962
CVE-2002-2174,0.04187,0.86773
CVE-2002-2175,0.01132,0.54372
CVE-2002-2176,0.00986,0.35784
CVE-2002-2177,0.01136,0.57949
CVE-2002-2178,0.01917,0.77071
CVE-2002-2179,0.01213,0.6557
CVE-2002-2180,0.0095,0.30554
CVE-2002-2181,0.00954,0.34522
CVE-2002-2182,0.06523,0.90962
CVE-2002-2183,0.01055,0.50287
CVE-2002-2184,0.00885,0.26162
CVE-2002-2185,0.02934,0.82528
CVE-2002-2186,0.01136,0.57949
CVE-2002-2187,0.00954,0.34522
CVE-2002-2188,0.0095,0.30554
CVE-2002-2189,0.09772,0.94058
CVE-2002-2190,0.04187,0.86773
CVE-2002-2191,0.04187,0.86773
CVE-2002-2192,0.01917,0.77071
CVE-2002-2193,0.01917,0.77071
CVE-2002-2195,0.07687,0.92751
CVE-2002-2196,0.10254,0.94362
CVE-2002-2197,0.0089,0.2856
CVE-2002-2198,0.06523,0.90962
CVE-2002-2199,0.0089,0.2856
CVE-2002-2200,0.04187,0.86773
CVE-2002-2201,0.01136,0.57949
CVE-2002-2202,0.01378,0.70916
CVE-2002-2203,0.0089,0.2856
CVE-2002-2204,0.01136,0.57949
CVE-2002-2205,0.06523,0.90962
CVE-2002-2206,0.0095,0.30554
CVE-2002-2207,0.06523,0.90962
CVE-2002-2208,0.02172,0.79917
CVE-2002-2209,0.00885,0.26162
CVE-2002-2210,0.0089,0.2856
CVE-2002-2211,0.04711,0.88663
CVE-2002-2212,0.01934,0.77134
CVE-2002-2213,0.01934,0.77134
CVE-2002-2214,0.01213,0.6557
CVE-2002-2215,0.01055,0.50287
CVE-2002-2216,0.01055,0.50287
CVE-2002-2217,0.01408,0.72072
CVE-2002-2218,0.00885,0.26162
CVE-2002-2219,0.04482,0.88223
CVE-2002-2220,0.00885,0.26162
CVE-2002-2221,0.0089,0.2856
CVE-2002-2222,0.01213,0.6557
CVE-2002-2223,0.04146,0.85406
CVE-2002-2224,0.04146,0.85406
CVE-2002-2225,0.04146,0.85406
CVE-2002-2226,0.75392,0.99312
CVE-2002-2227,0.01213,0.6557
CVE-2002-2228,0.01055,0.50287
CVE-2002-2229,0.01136,0.57949
CVE-2002-2230,0.01055,0.50287
CVE-2002-2231,0.01213,0.6557
CVE-2002-2232,0.06262,0.90346
CVE-2002-2233,0.01136,0.57949
CVE-2002-2234,0.01319,0.70416
CVE-2002-2235,0.01917,0.77071
CVE-2002-2236,0.06523,0.90962
CVE-2002-2237,0.01136,0.57949
CVE-2002-2238,0.01136,0.57949
CVE-2002-2239,0.01136,0.57949
CVE-2002-2240,0.01136,0.57949
CVE-2002-2241,0.01136,0.57949
CVE-2002-2242,0.00954,0.34522
CVE-2002-2243,0.01213,0.6557
CVE-2002-2244,0.0095,0.30554
CVE-2002-2245,0.00885,0.26162
CVE-2002-2246,0.01917,0.77071
CVE-2002-2247,0.04187,0.86773
CVE-2002-2248,0.06523,0.90962
CVE-2002-2249,0.04187,0.86773
CVE-2002-2250,0.1127,0.94787
CVE-2002-2251,0.07687,0.92751
CVE-2002-2252,0.01136,0.57949
CVE-2002-2253,0.07777,0.92953
CVE-2002-2254,0.0089,0.2856
CVE-2002-2255,0.01917,0.77071
CVE-2002-2256,0.01136,0.57949
CVE-2002-2257,0.06523,0.90962
CVE-2002-2258,0.04187,0.86773
CVE-2002-2259,0.01592,0.74578
CVE-2002-2260,0.01213,0.6557
CVE-2002-2261,0.01974,0.7812
CVE-2002-2262,0.01213,0.6557
CVE-2002-2263,0.0089,0.2856
CVE-2002-2264,0.01055,0.50287
CVE-2002-2265,0.01136,0.57949
CVE-2002-2266,0.01136,0.57949
CVE-2002-2267,0.0089,0.2856
CVE-2002-2268,0.71328,0.99144
CVE-2002-2269,0.01213,0.6557
CVE-2002-2270,0.0095,0.30554
CVE-2002-2271,0.01055,0.50287
CVE-2002-2272,0.05476,0.89511
CVE-2002-2273,0.01213,0.6557
CVE-2002-2274,0.0095,0.30554
CVE-2002-2275,0.0095,0.30554
CVE-2002-2276,0.01136,0.57949
CVE-2002-2277,0.01136,0.57949
CVE-2002-2278,0.01055,0.50287
CVE-2002-2279,0.01136,0.57949
CVE-2002-2280,0.0089,0.2856
CVE-2002-2281,0.04187,0.86773
CVE-2002-2282,0.0089,0.2856
CVE-2002-2283,0.01297,0.67316
CVE-2002-2284,0.01213,0.6557
CVE-2002-2285,0.01136,0.57949
CVE-2002-2286,0.01136,0.57949
CVE-2002-2287,0.04187,0.86773
CVE-2002-2288,0.04187,0.86773
CVE-2002-2289,0.01213,0.6557
CVE-2002-2290,0.01055,0.50287
CVE-2002-2291,0.01213,0.6557
CVE-2002-2292,0.01136,0.57949
CVE-2002-2293,0.0089,0.2856
CVE-2002-2294,0.01136,0.57949
CVE-2002-2295,0.35205,0.97726
CVE-2002-2296,0.01917,0.77071
CVE-2002-2297,0.01136,0.57949
CVE-2002-2298,0.01136,0.57949
CVE-2002-2299,0.01136,0.57949
CVE-2002-2300,0.07197,0.92068
CVE-2002-2301,0.0089,0.2856
CVE-2002-2302,0.01213,0.6557
CVE-2002-2303,0.01213,0.6557
CVE-2002-2304,0.00986,0.35784
CVE-2002-2305,0.01055,0.50287
CVE-2002-2306,0.04187,0.86773
CVE-2002-2307,0.01136,0.57949
CVE-2002-2308,0.01055,0.50287
CVE-2002-2309,0.04187,0.86773
CVE-2002-2310,0.01136,0.57949
CVE-2002-2311,0.13525,0.9555
CVE-2002-2312,0.04187,0.86773
CVE-2002-2313,0.01055,0.50287
CVE-2002-2314,0.0679,0.91793
CVE-2002-2315,0.04187,0.86773
CVE-2002-2316,0.01213,0.6557
CVE-2002-2317,0.01136,0.57949
CVE-2002-2318,0.01917,0.77071
CVE-2002-2319,0.04187,0.86773
CVE-2002-2320,0.01055,0.50287
CVE-2002-2321,0.01917,0.77071
CVE-2002-2322,0.01136,0.57949
CVE-2002-2323,0.01136,0.57949
CVE-2002-2324,0.01297,0.67316
CVE-2002-2325,0.04187,0.86773
CVE-2002-2326,0.01213,0.6557
CVE-2002-2327,0.0089,0.2856
CVE-2002-2328,0.11676,0.94929
CVE-2002-2329,0.01136,0.57949
CVE-2002-2330,0.01136,0.57949
CVE-2002-2331,0.06309,0.90494
CVE-2002-2332,0.01136,0.57949
CVE-2002-2333,0.01213,0.6557
CVE-2002-2334,0.0089,0.2856
CVE-2002-2335,0.04187,0.86773
CVE-2002-2336,0.01963,0.77709
CVE-2002-2337,0.01136,0.57949
CVE-2002-2338,0.0679,0.91793
CVE-2002-2339,0.01917,0.77071
CVE-2002-2340,0.01213,0.6557
CVE-2002-2341,0.01917,0.77071
CVE-2002-2342,0.00954,0.34522
CVE-2002-2343,0.01917,0.77071
CVE-2002-2344,0.01136,0.57949
CVE-2002-2345,0.01136,0.57949
CVE-2002-2346,0.01136,0.57949
CVE-2002-2347,0.01136,0.57949
CVE-2002-2348,0.01917,0.77071
CVE-2002-2349,0.04187,0.86773
CVE-2002-2350,0.01055,0.50287
CVE-2002-2351,0.07687,0.92751
CVE-2002-2352,0.01213,0.6557
CVE-2002-2353,0.04482,0.88223
CVE-2002-2354,0.01136,0.57949
CVE-2002-2355,0.00954,0.34522
CVE-2002-2356,0.01136,0.57949
CVE-2002-2357,0.04187,0.86773
CVE-2002-2358,0.01917,0.77071
CVE-2002-2359,0.01917,0.77071
CVE-2002-2360,0.04187,0.86773
CVE-2002-2361,0.01136,0.57949
CVE-2002-2362,0.01917,0.77071
CVE-2002-2363,0.0089,0.2856
CVE-2002-2364,0.01055,0.50287
CVE-2002-2365,0.01136,0.57949
CVE-2002-2366,0.04291,0.87022
CVE-2002-2367,0.04291,0.87022
CVE-2002-2368,0.04291,0.87022
CVE-2002-2369,0.01213,0.6557
CVE-2002-2370,0.04187,0.86773
CVE-2002-2371,0.01213,0.6557
CVE-2002-2372,0.01136,0.57949
CVE-2002-2373,0.01136,0.57949
CVE-2002-2374,0.00885,0.26162
CVE-2002-2375,0.01055,0.50287
CVE-2002-2376,0.01917,0.77071
CVE-2002-2377,0.01213,0.6557
CVE-2002-2378,0.01136,0.57949
CVE-2002-2379,0.0679,0.91793
CVE-2002-2380,0.11676,0.94929
CVE-2002-2381,0.05139,0.89128
CVE-2002-2382,0.0089,0.2856
CVE-2002-2383,0.01055,0.50287
CVE-2002-2384,0.0089,0.2856
CVE-2002-2385,0.06211,0.90307
CVE-2002-2386,0.01136,0.57949
CVE-2002-2387,0.01136,0.57949
CVE-2002-2388,0.01055,0.50287
CVE-2002-2389,0.01213,0.6557
CVE-2002-2390,0.04291,0.87022
CVE-2002-2391,0.01213,0.6557
CVE-2002-2392,0.06523,0.90962
CVE-2002-2393,0.01136,0.57949
CVE-2002-2394,0.06523,0.90962
CVE-2002-2395,0.06523,0.90962
CVE-2002-2396,0.01592,0.74578
CVE-2002-2397,0.01213,0.6557
CVE-2002-2398,0.01213,0.6557
CVE-2002-2399,0.04187,0.86773
CVE-2002-2400,0.06211,0.90307
CVE-2002-2401,0.0369,0.84278
CVE-2002-2402,0.01136,0.57949
CVE-2002-2403,0.0679,0.91793
CVE-2002-2404,0.04187,0.86773
CVE-2002-2405,0.01061,0.51015
CVE-2002-2406,0.01136,0.57949
CVE-2002-2407,0.0089,0.2856
CVE-2002-2408,0.01213,0.6557
CVE-2002-2409,0.0089,0.2856
CVE-2002-2410,0.01136,0.57949
CVE-2002-2411,0.06523,0.90962
CVE-2002-2412,0.0089,0.2856
CVE-2002-2413,0.01136,0.57949
CVE-2002-2414,0.01136,0.57949
CVE-2002-2415,0.01061,0.51015
CVE-2002-2416,0.04187,0.86773
CVE-2002-2417,0.04482,0.88223
CVE-2002-2418,0.01213,0.6557
CVE-2002-2419,0.01136,0.57949
CVE-2002-2421,0.01055,0.50287
CVE-2002-2422,0.01917,0.77071
CVE-2002-2423,0.01136,0.57949
CVE-2002-2424,0.01917,0.77071
CVE-2002-2425,0.04187,0.86773
CVE-2002-2426,0.01319,0.70416
CVE-2002-2427,0.01055,0.50287
CVE-2002-2428,0.01055,0.50287
CVE-2002-2429,0.01055,0.50287
CVE-2002-2430,0.01055,0.50287
CVE-2002-2431,0.01055,0.50287
CVE-2002-2432,0.01055,0.50287
CVE-2002-2433,0.01055,0.50287
CVE-2002-2434,0.01055,0.50287
CVE-2002-2435,0.29797,0.97364
CVE-2002-2436,0.01213,0.6557
CVE-2002-2437,0.01213,0.6557
CVE-2002-2438,0.02686,0.82061
CVE-2002-2439,0.0095,0.30554
CVE-2002-2443,0.02172,0.79917
CVE-2002-2444,0.00954,0.34522
CVE-2002-2445,0.01018,0.38792
CVE-2002-2446,0.01018,0.38792
CVE-2001-0001,0.00885,0.26162
CVE-2001-0002,0.16864,0.95983
CVE-2001-0003,0.047,0.88653
CVE-2001-0004,0.13525,0.9555
CVE-2001-0005,0.01511,0.72784
CVE-2001-0006,0.02461,0.80846
CVE-2001-0007,0.04187,0.86773
CVE-2001-0008,0.04187,0.86773
CVE-2001-0009,0.04482,0.88223
CVE-2001-0010,0.10995,0.94626999999999994
CVE-2001-0011,0.04292,0.87029
CVE-2001-0012,0.04711,0.88663
CVE-2001-0013,0.04292,0.87029
CVE-2001-0014,0.11676,0.94929
CVE-2001-0015,0.01979,0.78448
CVE-2001-0016,0.02221,0.80446
CVE-2001-0017,0.11676,0.94929
CVE-2001-0018,0.13525,0.9555
CVE-2001-0019,0.00885,0.26162
CVE-2001-0020,0.0095,0.30554
CVE-2001-0021,0.04187,0.86773
CVE-2001-0022,0.04187,0.86773
CVE-2001-0023,0.04187,0.86773
CVE-2001-0024,0.04187,0.86773
CVE-2001-0025,0.04187,0.86773
CVE-2001-0026,0.0679,0.91793
CVE-2001-0027,0.00885,0.26162
CVE-2001-0028,0.04187,0.86773
CVE-2001-0029,0.04187,0.86773
CVE-2001-0030,0.02172,0.79279
CVE-2001-0031,0.01055,0.50287
CVE-2001-0032,0.04187,0.86773
CVE-2001-0033,0.0089,0.2856
CVE-2001-0034,0.01761,0.7555
CVE-2001-0035,0.01132,0.54372
CVE-2001-0036,0.0095,0.30554
CVE-2001-0037,0.04187,0.86773
CVE-2001-0038,0.04187,0.86773
CVE-2001-0039,0.01213,0.6557
CVE-2001-0040,0.01761,0.7555
CVE-2001-0041,0.04187,0.86773
CVE-2001-0042,0.05476,0.89511
CVE-2001-0043,0.01213,0.6557
CVE-2001-0044,0.0089,0.2856
CVE-2001-0045,0.072,0.9207
CVE-2001-0046,0.13594,0.95551
CVE-2001-0047,0.072,0.9207
CVE-2001-0048,0.03884,0.84938
CVE-2001-0049,0.04187,0.86773
CVE-2001-0050,0.07197,0.92068
CVE-2001-0051,0.04187,0.86773
CVE-2001-0052,0.01963,0.77709
CVE-2001-0053,0.04482,0.88223
CVE-2001-0054,0.04482,0.88223
CVE-2001-0055,0.01055,0.50287
CVE-2001-0056,0.01055,0.50287
CVE-2001-0057,0.01055,0.50287
CVE-2001-0058,0.01136,0.57949
CVE-2001-0059,0.01761,0.7555
CVE-2001-0060,0.01183,0.60428
CVE-2001-0061,0.0095,0.30554
CVE-2001-0062,0.0095,0.30554
CVE-2001-0063,0.0095,0.30554
CVE-2001-0064,0.01055,0.50287
CVE-2001-0065,0.01055,0.50287
CVE-2001-0066,0.0322,0.83442
CVE-2001-0067,0.0089,0.2856
CVE-2001-0068,0.01055,0.50287
CVE-2001-0069,0.0089,0.2856
CVE-2001-0070,0.01136,0.57949
CVE-2001-0071,0.01104,0.52279
CVE-2001-0072,0.01183,0.60428
CVE-2001-0073,0.00885,0.26162
CVE-2001-0074,0.04187,0.86773
CVE-2001-0075,0.04187,0.86773
CVE-2001-0076,0.01136,0.57949
CVE-2001-0077,0.01055,0.50287
CVE-2001-0078,0.0089,0.2856
CVE-2001-0079,0.00885,0.26162
CVE-2001-0080,0.04187,0.86773
CVE-2001-0081,0.01018,0.38792
CVE-2001-0082,0.04187,0.86773
CVE-2001-0083,0.11676,0.94929
CVE-2001-0084,0.01761,0.7555
CVE-2001-0085,0.0089,0.2856
CVE-2001-0086,0.01136,0.57949
CVE-2001-0087,0.01761,0.7555
CVE-2001-0088,0.01136,0.57949
CVE-2001-0089,0.18563,0.96143
CVE-2001-0090,0.047,0.88653
CVE-2001-0091,0.047,0.88653
CVE-2001-0092,0.11676,0.94929
CVE-2001-0093,0.01761,0.7555
CVE-2001-0094,0.0089,0.2856
CVE-2001-0095,0.01761,0.7555
CVE-2001-0096,0.09772,0.94058
CVE-2001-0097,0.04187,0.86773
CVE-2001-0098,0.04187,0.86773
CVE-2001-0099,0.04187,0.86773
CVE-2001-0100,0.04187,0.86773
CVE-2001-0101,0.00954,0.34522
CVE-2001-0102,0.00885,0.26162
CVE-2001-0103,0.00885,0.26162
CVE-2001-0104,0.0089,0.2856
CVE-2001-0105,0.00885,0.26162
CVE-2001-0106,0.00885,0.26162
CVE-2001-0107,0.01055,0.50287
CVE-2001-0108,0.01319,0.70416
CVE-2001-0109,0.01761,0.7555
CVE-2001-0110,0.01761,0.7555
CVE-2001-0111,0.01761,0.7555
CVE-2001-0112,0.01761,0.7555
CVE-2001-0113,0.01055,0.50287
CVE-2001-0114,0.01055,0.50287
CVE-2001-0115,0.01761,0.7555
CVE-2001-0116,0.0095,0.30554
CVE-2001-0117,0.01034,0.39824
CVE-2001-0118,0.0095,0.30554
CVE-2001-0119,0.0095,0.30554
CVE-2001-0120,0.0095,0.30554
CVE-2001-0121,0.01136,0.57949
CVE-2001-0122,0.04482,0.88223
CVE-2001-0123,0.04482,0.88223
CVE-2001-0124,0.0095,0.30554
CVE-2001-0125,0.01034,0.39824
CVE-2001-0126,0.01136,0.57949
CVE-2001-0127,0.04146,0.85406
CVE-2001-0128,0.01034,0.39824
CVE-2001-0129,0.04482,0.88223
CVE-2001-0130,0.01055,0.50287
CVE-2001-0131,0.01164,0.60046
CVE-2001-0132,0.00885,0.26162
CVE-2001-0133,0.01055,0.50287
CVE-2001-0134,0.01136,0.57949
CVE-2001-0135,0.00885,0.26162
CVE-2001-0136,0.07197,0.92068
CVE-2001-0137,0.25598,0.96882
CVE-2001-0138,0.0095,0.30554
CVE-2001-0139,0.0095,0.30554
CVE-2001-0140,0.0095,0.30554
CVE-2001-0141,0.01034,0.39824
CVE-2001-0142,0.01034,0.39824
CVE-2001-0143,0.0095,0.30554
CVE-2001-0144,0.07197,0.92068
CVE-2001-0145,0.03884,0.84938
CVE-2001-0146,0.13782,0.95593
CVE-2001-0147,0.03354,0.83629
CVE-2001-0148,0.20999,0.96367
CVE-2001-0149,0.24729,0.96719
CVE-2001-0150,0.24729,0.96719
CVE-2001-0151,0.20999,0.96367
CVE-2001-0152,0.01896,0.76449
CVE-2001-0153,0.09772,0.94058
CVE-2001-0154,0.10169,0.94316
CVE-2001-0155,0.01055,0.50287
CVE-2001-0156,0.0095,0.30554
CVE-2001-0157,0.00885,0.26162
CVE-2001-0160,0.01055,0.50287
CVE-2001-0161,0.01055,0.50287
CVE-2001-0162,0.06956,0.91856
CVE-2001-0163,0.01055,0.50287
CVE-2001-0164,0.01055,0.50287
CVE-2001-0165,0.01761,0.7555
CVE-2001-0166,0.01055,0.50287
CVE-2001-0167,0.71013,0.99137
CVE-2001-0168,0.71013,0.99137
CVE-2001-0169,0.0322,0.83442
CVE-2001-0170,0.01761,0.7555
CVE-2001-0171,0.04187,0.86773
CVE-2001-0172,0.01761,0.7555
CVE-2001-0173,0.04187,0.86773
CVE-2001-0174,0.01136,0.57949
CVE-2001-0175,0.01213,0.6557
CVE-2001-0176,0.0089,0.2856
CVE-2001-0177,0.04187,0.86773
CVE-2001-0178,0.0095,0.30554
CVE-2001-0179,0.01055,0.50287
CVE-2001-0180,0.01055,0.50287
CVE-2001-0181,0.01136,0.57949
CVE-2001-0182,0.01213,0.6557
CVE-2001-0183,0.0679,0.91793
CVE-2001-0184,0.04187,0.86773
CVE-2001-0185,0.00954,0.34522
CVE-2001-0186,0.01055,0.50287
CVE-2001-0187,0.04482,0.88223
CVE-2001-0188,0.01136,0.57949
CVE-2001-0189,0.04187,0.86773
CVE-2001-0190,0.0095,0.30554
CVE-2001-0191,0.01213,0.6557
CVE-2001-0192,0.04187,0.86773
CVE-2001-0193,0.01761,0.7555
CVE-2001-0194,0.01136,0.57949
CVE-2001-0195,0.00885,0.26162
CVE-2001-0196,0.01213,0.6557
CVE-2001-0197,0.04482,0.88223
CVE-2001-0198,0.04187,0.86773
CVE-2001-0199,0.04482,0.88223
CVE-2001-0200,0.04187,0.86773
CVE-2001-0201,0.01136,0.57949
CVE-2001-0202,0.04187,0.86773
CVE-2001-0203,0.00954,0.34522
CVE-2001-0204,0.01136,0.57949
CVE-2001-0205,0.04187,0.86773
CVE-2001-0206,0.04187,0.86773
CVE-2001-0207,0.01136,0.57949
CVE-2001-0208,0.01761,0.7555
CVE-2001-0209,0.01055,0.50287
CVE-2001-0210,0.04187,0.86773
CVE-2001-0211,0.04187,0.86773
CVE-2001-0212,0.04187,0.86773
CVE-2001-0213,0.01055,0.50287
CVE-2001-0214,0.04187,0.86773
CVE-2001-0215,0.04187,0.86773
CVE-2001-0216,0.04187,0.86773
CVE-2001-0217,0.04187,0.86773
CVE-2001-0218,0.01136,0.57949
CVE-2001-0219,0.01034,0.39824
CVE-2001-0220,0.01761,0.7555
CVE-2001-0221,0.01761,0.7555
CVE-2001-0222,0.0089,0.2856
CVE-2001-0223,0.01055,0.50287
CVE-2001-0224,0.04187,0.86773
CVE-2001-0225,0.01055,0.50287
CVE-2001-0226,0.01055,0.50287
CVE-2001-0227,0.01055,0.50287
CVE-2001-0228,0.04187,0.86773
CVE-2001-0229,0.00885,0.26162
CVE-2001-0230,0.0089,0.2856
CVE-2001-0231,0.01213,0.6557
CVE-2001-0232,0.01055,0.50287
CVE-2001-0233,0.0679,0.91793
CVE-2001-0234,0.01136,0.57949
CVE-2001-0235,0.0095,0.30554
CVE-2001-0236,0.0679,0.91793
CVE-2001-0237,0.13105,0.9547
CVE-2001-0238,0.11676,0.94929
CVE-2001-0239,0.29415,0.97223
CVE-2001-0240,0.01511,0.72784
CVE-2001-0241,0.61454,0.9888
CVE-2001-0242,0.16864,0.95983
CVE-2001-0243,0.11676,0.94929
CVE-2001-0244,0.11676,0.94929
CVE-2001-0245,0.09772,0.94058
CVE-2001-0246,0.03354,0.83629
CVE-2001-0247,0.0679,0.91793
CVE-2001-0248,0.01213,0.6557
CVE-2001-0249,0.01213,0.6557
CVE-2001-0250,0.04187,0.86773
CVE-2001-0251,0.01136,0.57949
CVE-2001-0252,0.01213,0.6557
CVE-2001-0253,0.04187,0.86773
CVE-2001-0254,0.01055,0.50287
CVE-2001-0255,0.04187,0.86773
CVE-2001-0256,0.01136,0.57949
CVE-2001-0257,0.01136,0.57949
CVE-2001-0258,0.01055,0.50287
CVE-2001-0259,0.01761,0.7555
CVE-2001-0260,0.06523,0.90962
CVE-2001-0261,0.02221,0.80446
CVE-2001-0262,0.04187,0.86773
CVE-2001-0263,0.04187,0.86773
CVE-2001-0264,0.04187,0.86773
CVE-2001-0265,0.01963,0.77709
CVE-2001-0266,0.00885,0.26162
CVE-2001-0267,0.0089,0.2856
CVE-2001-0268,0.01104,0.52279
CVE-2001-0269,0.01213,0.6557
CVE-2001-0270,0.04187,0.86773
CVE-2001-0271,0.01055,0.50287
CVE-2001-0272,0.04187,0.86773
CVE-2001-0273,0.01018,0.38792
CVE-2001-0274,0.04187,0.86773
CVE-2001-0275,0.01055,0.50287
CVE-2001-0276,0.04187,0.86773
CVE-2001-0277,0.04187,0.86773
CVE-2001-0278,0.00885,0.26162
CVE-2001-0279,0.02046,0.7858
CVE-2001-0280,0.04187,0.86773
CVE-2001-0281,0.01468,0.72678
CVE-2001-0282,0.01055,0.50287
CVE-2001-0283,0.04187,0.86773
CVE-2001-0284,0.01055,0.50287
CVE-2001-0285,0.01055,0.50287
CVE-2001-0286,0.04187,0.86773
CVE-2001-0287,0.0089,0.2856
CVE-2001-0288,0.01055,0.50287
CVE-2001-0289,0.01761,0.7555
CVE-2001-0290,0.00885,0.26162
CVE-2001-0291,0.01055,0.50287
CVE-2001-0292,0.01055,0.50287
CVE-2001-0293,0.04187,0.86773
CVE-2001-0294,0.01055,0.50287
CVE-2001-0295,0.04187,0.86773
CVE-2001-0296,0.04187,0.86773
CVE-2001-0297,0.01055,0.50287
CVE-2001-0298,0.04187,0.86773
CVE-2001-0299,0.01018,0.38792
CVE-2001-0300,0.0089,0.2856
CVE-2001-0301,0.01319,0.70416
CVE-2001-0302,0.04187,0.86773
CVE-2001-0303,0.01055,0.50287
CVE-2001-0304,0.04187,0.86773
CVE-2001-0305,0.04187,0.86773
CVE-2001-0306,0.04187,0.86773
CVE-2001-0307,0.04187,0.86773
CVE-2001-0308,0.04187,0.86773
CVE-2001-0309,0.01055,0.50287
CVE-2001-0310,0.0089,0.2856
CVE-2001-0311,0.20237,0.96265
CVE-2001-0312,0.01055,0.50287
CVE-2001-0313,0.01055,0.50287
CVE-2001-0314,0.01055,0.50287
CVE-2001-0315,0.00885,0.26162
CVE-2001-0316,0.01924,0.77129
CVE-2001-0317,0.01761,0.7555
CVE-2001-0318,0.01108,0.53389
CVE-2001-0319,0.04187,0.86773
CVE-2001-0320,0.01055,0.50287
CVE-2001-0321,0.01055,0.50287
CVE-2001-0322,0.20999,0.96367
CVE-2001-0323,0.01213,0.6557
CVE-2001-0324,0.18563,0.96143
CVE-2001-0325,0.01055,0.50287
CVE-2001-0326,0.01136,0.57949
CVE-2001-0327,0.01213,0.6557
CVE-2001-0328,0.01408,0.72072
CVE-2001-0329,0.04187,0.86773
CVE-2001-0330,0.01136,0.57949
CVE-2001-0331,0.01319,0.70416
CVE-2001-0332,0.03884,0.84938
CVE-2001-0333,0.72614,0.99209
CVE-2001-0334,0.09772,0.94058
CVE-2001-0335,0.11676,0.94929
CVE-2001-0336,0.14716,0.95662
CVE-2001-0337,0.03354,0.83629
CVE-2001-0338,0.13525,0.9555
CVE-2001-0339,0.13782,0.95593
CVE-2001-0340,0.047,0.88653
CVE-2001-0341,0.24729,0.96719
CVE-2001-0344,0.02221,0.80446
CVE-2001-0345,0.047,0.88653
CVE-2001-0346,0.03884,0.84938
CVE-2001-0347,0.13105,0.9547
CVE-2001-0348,0.21756,0.96395
CVE-2001-0349,0.02221,0.80446
CVE-2001-0350,0.01503,0.72743
CVE-2001-0351,0.02221,0.80446
CVE-2001-0352,0.01055,0.50287
CVE-2001-0353,0.01213,0.6557
CVE-2001-0354,0.01055,0.50287
CVE-2001-0355,0.01055,0.50287
CVE-2001-0357,0.01055,0.50287
CVE-2001-0358,0.06523,0.90962
CVE-2001-0359,0.04679,0.88603
CVE-2001-0360,0.04187,0.86773
CVE-2001-0361,0.02172,0.79917
CVE-2001-0364,0.01136,0.57949
CVE-2001-0365,0.07687,0.92751
CVE-2001-0366,0.0095,0.30554
CVE-2001-0367,0.01055,0.50287
CVE-2001-0368,0.01213,0.6557
CVE-2001-0369,0.01761,0.7555
CVE-2001-0370,0.00885,0.26162
CVE-2001-0371,0.0089,0.2856
CVE-2001-0372,0.01213,0.6557
CVE-2001-0373,0.02221,0.80446
CVE-2001-0374,0.01136,0.57949
CVE-2001-0375,0.04187,0.86773
CVE-2001-0376,0.01055,0.50287
CVE-2001-0377,0.01136,0.57949
CVE-2001-0378,0.0089,0.2856
CVE-2001-0379,0.0095,0.30554
CVE-2001-0380,0.04187,0.86773
CVE-2001-0381,0.01104,0.52279
CVE-2001-0382,0.01055,0.50287
CVE-2001-0383,0.04187,0.86773
CVE-2001-0384,0.01761,0.7555
CVE-2001-0385,0.0679,0.91793
CVE-2001-0386,0.04187,0.86773
CVE-2001-0387,0.01104,0.52279
CVE-2001-0388,0.01213,0.6557
CVE-2001-0389,0.01055,0.50287
CVE-2001-0390,0.04187,0.86773
CVE-2001-0391,0.01055,0.50287
CVE-2001-0392,0.01055,0.50287
CVE-2001-0393,0.01055,0.50287
CVE-2001-0394,0.01136,0.57949
CVE-2001-0395,0.01055,0.50287
CVE-2001-0396,0.01055,0.50287
CVE-2001-0397,0.01055,0.50287
CVE-2001-0398,0.01055,0.50287
CVE-2001-0399,0.04187,0.86773
CVE-2001-0400,0.04187,0.86773
CVE-2001-0401,0.01761,0.7555
CVE-2001-0402,0.04187,0.86773
CVE-2001-0403,0.01761,0.7555
CVE-2001-0404,0.01055,0.50287
CVE-2001-0405,0.0679,0.91793
CVE-2001-0406,0.0322,0.83442
CVE-2001-0407,0.01725,0.7519
CVE-2001-0408,0.01108,0.53389
CVE-2001-0409,0.01761,0.7555
CVE-2001-0410,0.01055,0.50287
CVE-2001-0411,0.01055,0.50287
CVE-2001-0412,0.0095,0.30554
CVE-2001-0413,0.01213,0.6557
CVE-2001-0414,0.71349,0.99145
CVE-2001-0415,0.0089,0.2856
CVE-2001-0416,0.01282,0.67298
CVE-2001-0417,0.00885,0.26162
CVE-2001-0418,0.04187,0.86773
CVE-2001-0419,0.06174,0.90263
CVE-2001-0420,0.01055,0.50287
CVE-2001-0421,0.04187,0.86773
CVE-2001-0422,0.01924,0.77129
CVE-2001-0423,0.01899,0.76481
CVE-2001-0424,0.00885,0.26162
CVE-2001-0425,0.04187,0.86773
CVE-2001-0426,0.01761,0.7555
CVE-2001-0427,0.01136,0.57949
CVE-2001-0428,0.01213,0.6557
CVE-2001-0429,0.01018,0.38792
CVE-2001-0430,0.0089,0.2856
CVE-2001-0431,0.00885,0.26162
CVE-2001-0432,0.04187,0.86773
CVE-2001-0433,0.01055,0.50287
CVE-2001-0434,0.01055,0.50287
CVE-2001-0435,0.00885,0.26162
CVE-2001-0436,0.01213,0.6557
CVE-2001-0437,0.01213,0.6557
CVE-2001-0438,0.00885,0.26162
CVE-2001-0439,0.01319,0.70416
CVE-2001-0440,0.0679,0.91793
CVE-2001-0441,0.01408,0.72072
CVE-2001-0442,0.06211,0.90307
CVE-2001-0443,0.01055,0.50287
CVE-2001-0444,0.0095,0.30554
CVE-2001-0446,0.01055,0.50287
CVE-2001-0447,0.01055,0.50287
CVE-2001-0448,0.01055,0.50287
CVE-2001-0449,0.00885,0.26162
CVE-2001-0450,0.01018,0.38792
CVE-2001-0451,0.01055,0.50287
CVE-2001-0452,0.04187,0.86773
CVE-2001-0453,0.01136,0.57949
CVE-2001-0454,0.04187,0.86773
CVE-2001-0455,0.01136,0.57949
CVE-2001-0456,0.00885,0.26162
CVE-2001-0457,0.01136,0.57949
CVE-2001-0458,0.01213,0.6557
CVE-2001-0459,0.01761,0.7555
CVE-2001-0460,0.04187,0.86773
CVE-2001-0461,0.04187,0.86773
CVE-2001-0462,0.04187,0.86773
CVE-2001-0463,0.04187,0.86773
CVE-2001-0464,0.04187,0.86773
CVE-2001-0465,0.0089,0.2856
CVE-2001-0466,0.04187,0.86773
CVE-2001-0467,0.04187,0.86773
CVE-2001-0468,0.01761,0.7555
CVE-2001-0469,0.01136,0.57949
CVE-2001-0470,0.0089,0.2856
CVE-2001-0471,0.04187,0.86773
CVE-2001-0472,0.01055,0.50287
CVE-2001-0473,0.01108,0.53389
CVE-2001-0474,0.00885,0.26162
CVE-2001-0475,0.01213,0.6557
CVE-2001-0476,0.04187,0.86773
CVE-2001-0477,0.04679,0.88603
CVE-2001-0478,0.04679,0.88603
CVE-2001-0479,0.06523,0.90962
CVE-2001-0480,0.01055,0.50287
CVE-2001-0481,0.0089,0.2856
CVE-2001-0482,0.00885,0.26162
CVE-2001-0483,0.01136,0.57949
CVE-2001-0484,0.04187,0.86773
CVE-2001-0485,0.01924,0.77129
CVE-2001-0486,0.0679,0.91793
CVE-2001-0487,0.01136,0.57949
CVE-2001-0488,0.0095,0.30554
CVE-2001-0489,0.01108,0.53389
CVE-2001-0490,0.04099,0.85351
CVE-2001-0491,0.04187,0.86773
CVE-2001-0492,0.01136,0.57949
CVE-2001-0493,0.01213,0.6557
CVE-2001-0494,0.06523,0.90962
CVE-2001-0495,0.04187,0.86773
CVE-2001-0496,0.0089,0.2856
CVE-2001-0497,0.0089,0.2856
CVE-2001-0498,0.01055,0.50287
CVE-2001-0499,0.72454,0.99207
CVE-2001-0500,0.77286,0.99383
CVE-2001-0501,0.02221,0.80446
CVE-2001-0502,0.02221,0.80446
CVE-2001-0503,0.11676,0.94929
CVE-2001-0504,0.13105,0.9547
CVE-2001-0505,0.20648,0.96329
CVE-2001-0506,0.08006,0.93019
CVE-2001-0507,0.02582,0.81232
CVE-2001-0508,0.13782,0.95593
CVE-2001-0509,0.09772,0.94058
CVE-2001-0513,0.01213,0.6557
CVE-2001-0514,0.01136,0.57949
CVE-2001-0515,0.01055,0.50287
CVE-2001-0516,0.01055,0.50287
CVE-2001-0517,0.01213,0.6557
CVE-2001-0518,0.00954,0.34522
CVE-2001-0519,0.04187,0.86773
CVE-2001-0520,0.04187,0.86773
CVE-2001-0521,0.04187,0.86773
CVE-2001-0522,0.12567,0.95329
CVE-2001-0523,0.01213,0.6557
CVE-2001-0524,0.01136,0.57949
CVE-2001-0525,0.0095,0.30554
CVE-2001-0526,0.01761,0.7555
CVE-2001-0527,0.04482,0.88223
CVE-2001-0528,0.0095,0.30554
CVE-2001-0529,0.01282,0.67298
CVE-2001-0530,0.01213,0.6557
CVE-2001-0533,0.0095,0.30554
CVE-2001-0534,0.01136,0.57949
CVE-2001-0535,0.01055,0.50287
CVE-2001-0537,0.81542,0.99518
CVE-2001-0538,0.29415,0.97223
CVE-2001-0540,0.11676,0.94929
CVE-2001-0541,0.13525,0.9555
CVE-2001-0542,0.33612,0.97573
CVE-2001-0543,0.13525,0.9555
CVE-2001-0544,0.02221,0.80446
CVE-2001-0545,0.13525,0.9555
CVE-2001-0546,0.11676,0.94929
CVE-2001-0547,0.01511,0.72784
CVE-2001-0548,0.01761,0.7555
CVE-2001-0549,0.0089,0.2856
CVE-2001-0550,0.12567,0.95329
CVE-2001-0551,0.0191,0.76506
CVE-2001-0552,0.04482,0.88223
CVE-2001-0553,0.01924,0.77129
CVE-2001-0554,0.12567,0.95329
CVE-2001-0555,0.0679,0.91793
CVE-2001-0556,0.01034,0.39824
CVE-2001-0557,0.04187,0.86773
CVE-2001-0558,0.04187,0.86773
CVE-2001-0559,0.01924,0.77129
CVE-2001-0560,0.01104,0.52279
CVE-2001-0561,0.04187,0.86773
CVE-2001-0562,0.01136,0.57949
CVE-2001-0563,0.04187,0.86773
CVE-2001-0564,0.04187,0.86773
CVE-2001-0565,0.01924,0.77129
CVE-2001-0566,0.04187,0.86773
CVE-2001-0567,0.01034,0.39824
CVE-2001-0568,0.0095,0.30554
CVE-2001-0569,0.0095,0.30554
CVE-2001-0570,0.0095,0.30554
CVE-2001-0571,0.04482,0.88223
CVE-2001-0572,0.01213,0.6557
CVE-2001-0573,0.0095,0.30554
CVE-2001-0574,0.04482,0.88223
CVE-2001-0575,0.01761,0.7555
CVE-2001-0576,0.01761,0.7555
CVE-2001-0577,0.01761,0.7555
CVE-2001-0578,0.01761,0.7555
CVE-2001-0579,0.01761,0.7555
CVE-2001-0580,0.04187,0.86773
CVE-2001-0581,0.04187,0.86773
CVE-2001-0582,0.0089,0.2856
CVE-2001-0583,0.01136,0.57949
CVE-2001-0584,0.01761,0.7555
CVE-2001-0585,0.01136,0.57949
CVE-2001-0586,0.0089,0.2856
CVE-2001-0587,0.0095,0.30554
CVE-2001-0588,0.00885,0.26162
CVE-2001-0589,0.0095,0.30554
CVE-2001-0590,0.05476,0.89511
CVE-2001-0591,0.01213,0.6557
CVE-2001-0592,0.01055,0.50287
CVE-2001-0593,0.04187,0.86773
CVE-2001-0594,0.01924,0.77129
CVE-2001-0595,0.01761,0.7555
CVE-2001-0596,0.07197,0.92068
CVE-2001-0597,0.01761,0.7555
CVE-2001-0598,0.01136,0.57949
CVE-2001-0599,0.01136,0.57949
CVE-2001-0600,0.01055,0.50287
CVE-2001-0601,0.01055,0.50287
CVE-2001-0602,0.01055,0.50287
CVE-2001-0603,0.01055,0.50287
CVE-2001-0604,0.01055,0.50287
CVE-2001-0605,0.01055,0.50287
CVE-2001-0606,0.01055,0.50287
CVE-2001-0607,0.00885,0.26162
CVE-2001-0608,0.00954,0.34522
CVE-2001-0609,0.04187,0.86773
CVE-2001-0610,0.01761,0.7555
CVE-2001-0611,0.01136,0.57949
CVE-2001-0612,0.01213,0.6557
CVE-2001-0613,0.01136,0.57949
CVE-2001-0614,0.04187,0.86773
CVE-2001-0615,0.04187,0.86773
CVE-2001-0616,0.04187,0.86773
CVE-2001-0617,0.01055,0.50287
CVE-2001-0618,0.01055,0.50287
CVE-2001-0619,0.01055,0.50287
CVE-2001-0620,0.00885,0.26162
CVE-2001-0621,0.01018,0.38792
CVE-2001-0622,0.01213,0.6557
CVE-2001-0623,0.01761,0.7555
CVE-2001-0624,0.00885,0.26162
CVE-2001-0625,0.0095,0.30554
CVE-2001-0626,0.04187,0.86773
CVE-2001-0627,0.0095,0.30554
CVE-2001-0628,0.01511,0.72784
CVE-2001-0629,0.01213,0.6557
CVE-2001-0630,0.04187,0.86773
CVE-2001-0631,0.01213,0.6557
CVE-2001-0632,0.01055,0.50287
CVE-2001-0633,0.01055,0.50287
CVE-2001-0634,0.0095,0.30554
CVE-2001-0635,0.0089,0.2856
CVE-2001-0636,0.01055,0.50287
CVE-2001-0641,0.0214,0.7918
CVE-2001-0642,0.00885,0.26162
CVE-2001-0643,0.28557,0.97174
CVE-2001-0644,0.00954,0.34522
CVE-2001-0645,0.01213,0.6557
CVE-2001-0646,0.04187,0.86773
CVE-2001-0647,0.04187,0.86773
CVE-2001-0648,0.01136,0.57949
CVE-2001-0649,0.04187,0.86773
CVE-2001-0650,0.01319,0.70416
CVE-2001-0652,0.01924,0.77129
CVE-2001-0653,0.0322,0.83442
CVE-2001-0658,0.11676,0.94929
CVE-2001-0659,0.06118,0.90183
CVE-2001-0660,0.13525,0.9555
CVE-2001-0662,0.13525,0.9555
CVE-2001-0663,0.20999,0.96367
CVE-2001-0664,0.26556,0.96997
CVE-2001-0665,0.13525,0.9555
CVE-2001-0666,0.01511,0.72784
CVE-2001-0667,0.13525,0.9555
CVE-2001-0668,0.01319,0.70416
CVE-2001-0669,0.04482,0.88223
CVE-2001-0670,0.1127,0.94787
CVE-2001-0671,0.01319,0.70416
CVE-2001-0674,0.01136,0.57949
CVE-2001-0675,0.04482,0.88223
CVE-2001-0676,0.01055,0.50287
CVE-2001-0677,0.01213,0.6557
CVE-2001-0678,0.02172,0.79279
CVE-2001-0679,0.06523,0.90962
CVE-2001-0681,0.01055,0.50287
CVE-2001-0682,0.00885,0.26162
CVE-2001-0683,0.01055,0.50287
CVE-2001-0684,0.01055,0.50287
CVE-2001-0685,0.01761,0.7555
CVE-2001-0686,0.0095,0.30554
CVE-2001-0687,0.01136,0.57949
CVE-2001-0688,0.04187,0.86773
CVE-2001-0689,0.01055,0.50287
CVE-2001-0690,0.15607,0.95873
CVE-2001-0691,0.01592,0.74578
CVE-2001-0692,0.01213,0.6557
CVE-2001-0693,0.04187,0.86773
CVE-2001-0694,0.01055,0.50287
CVE-2001-0695,0.01055,0.50287
CVE-2001-0696,0.01213,0.6557
CVE-2001-0697,0.04482,0.88223
CVE-2001-0698,0.01213,0.6557
CVE-2001-0699,0.01592,0.74578
CVE-2001-0700,0.15607,0.95873
CVE-2001-0701,0.01761,0.7555
CVE-2001-0702,0.06211,0.90307
CVE-2001-0703,0.04187,0.86773
CVE-2001-0704,0.04187,0.86773
CVE-2001-0705,0.04187,0.86773
CVE-2001-0706,0.01963,0.77709
CVE-2001-0707,0.01055,0.50287
CVE-2001-0708,0.01055,0.50287
CVE-2001-0709,0.11676,0.94929
CVE-2001-0710,0.01213,0.6557
CVE-2001-0711,0.04187,0.86773
CVE-2001-0712,0.047,0.88653
CVE-2001-0713,0.0089,0.2856
CVE-2001-0714,0.00885,0.26162
CVE-2001-0715,0.00885,0.26162
CVE-2001-0716,0.01136,0.57949
CVE-2001-0717,0.02172,0.79917
CVE-2001-0718,0.06118,0.90183
CVE-2001-0719,0.35008,0.9771
CVE-2001-0720,0.01213,0.6557
CVE-2001-0721,0.11676,0.94929
CVE-2001-0722,0.29415,0.97223
CVE-2001-0723,0.09772,0.94058
CVE-2001-0724,0.11676,0.94929
CVE-2001-0726,0.13525,0.9555
CVE-2001-0727,0.46718,0.98435
CVE-2001-0728,0.0095,0.30554
CVE-2001-0729,0.03384,0.83655
CVE-2001-0730,0.03718,0.84354
CVE-2001-0731,0.33043,0.97543
CVE-2001-0733,0.06523,0.90962
CVE-2001-0734,0.0089,0.2856
CVE-2001-0735,0.01899,0.76481
CVE-2001-0736,0.01761,0.7555
CVE-2001-0737,0.01213,0.6557
CVE-2001-0738,0.01018,0.38792
CVE-2001-0739,0.0089,0.2856
CVE-2001-0740,0.04482,0.88223
CVE-2001-0741,0.01761,0.7555
CVE-2001-0742,0.01055,0.50287
CVE-2001-0743,0.04187,0.86773
CVE-2001-0744,0.0089,0.2856
CVE-2001-0745,0.01136,0.57949
CVE-2001-0746,0.06211,0.90307
CVE-2001-0747,0.04465,0.87733
CVE-2001-0748,0.04482,0.88223
CVE-2001-0749,0.01136,0.57949
CVE-2001-0750,0.01213,0.6557
CVE-2001-0751,0.01055,0.50287
CVE-2001-0752,0.01136,0.57949
CVE-2001-0753,0.00885,0.26162
CVE-2001-0754,0.01055,0.50287
CVE-2001-0755,0.03477,0.84037
CVE-2001-0756,0.04679,0.88603
CVE-2001-0757,0.01319,0.70416
CVE-2001-0759,0.02567,0.81201
CVE-2001-0760,0.04187,0.86773
CVE-2001-0761,0.04679,0.88603
CVE-2001-0762,0.03533,0.84105
CVE-2001-0763,0.40588,0.98099
CVE-2001-0764,0.0214,0.7918
CVE-2001-0765,0.0095,0.30554
CVE-2001-0766,0.05476,0.89511
CVE-2001-0767,0.00954,0.34522
CVE-2001-0768,0.0089,0.2856
CVE-2001-0769,0.01055,0.50287
CVE-2001-0770,0.06523,0.90962
CVE-2001-0771,0.01136,0.57949
CVE-2001-0772,0.0089,0.2856
CVE-2001-0773,0.01213,0.6557
CVE-2001-0774,0.01034,0.39824
CVE-2001-0775,0.20096,0.96253
CVE-2001-0776,0.01136,0.57949
CVE-2001-0777,0.01136,0.57949
CVE-2001-0778,0.04187,0.86773
CVE-2001-0779,0.10995,0.94626999999999994
CVE-2001-0780,0.04187,0.86773
CVE-2001-0781,0.04679,0.88603
CVE-2001-0782,0.01761,0.7555
CVE-2001-0783,0.01213,0.6557
CVE-2001-0784,0.0679,0.91793
CVE-2001-0785,0.01055,0.50287
CVE-2001-0786,0.00885,0.26162
CVE-2001-0787,0.01761,0.7555
CVE-2001-0788,0.04187,0.86773
CVE-2001-0789,0.03696,0.84331
CVE-2001-0790,0.01055,0.50287
CVE-2001-0791,0.04187,0.86773
CVE-2001-0792,0.04679,0.88603
CVE-2001-0794,0.01055,0.50287
CVE-2001-0795,0.01055,0.50287
CVE-2001-0796,0.01213,0.6557
CVE-2001-0797,0.89923,0.99833
CVE-2001-0799,0.01213,0.6557
CVE-2001-0800,0.84835,0.99631
CVE-2001-0801,0.0089,0.2856
CVE-2001-0803,0.77392,0.99387
CVE-2001-0804,0.04482,0.88223
CVE-2001-0805,0.04187,0.86773
CVE-2001-0806,0.01034,0.39824
CVE-2001-0807,0.09772,0.94058
CVE-2001-0808,0.01136,0.57949
CVE-2001-0809,0.00885,0.26162
CVE-2001-0815,0.07687,0.92751
CVE-2001-0816,0.01319,0.70416
CVE-2001-0817,0.01319,0.70416
CVE-2001-0818,0.04187,0.86773
CVE-2001-0819,0.1127,0.94787
CVE-2001-0820,0.07687,0.92751
CVE-2001-0821,0.04187,0.86773
CVE-2001-0822,0.01213,0.6557
CVE-2001-0823,0.01761,0.7555
CVE-2001-0824,0.01055,0.50287
CVE-2001-0825,0.01319,0.70416
CVE-2001-0826,0.01136,0.57949
CVE-2001-0827,0.01055,0.50287
CVE-2001-0828,0.01108,0.53389
CVE-2001-0829,0.00954,0.34522
CVE-2001-0830,0.04187,0.86773
CVE-2001-0831,0.0095,0.30554
CVE-2001-0832,0.00885,0.26162
CVE-2001-0833,0.0247,0.80855
CVE-2001-0834,0.02172,0.79917
CVE-2001-0835,0.01974,0.7812
CVE-2001-0836,0.15607,0.95873
CVE-2001-0837,0.0089,0.2856
CVE-2001-0838,0.04379,0.87446
CVE-2001-0839,0.04187,0.86773
CVE-2001-0840,0.06523,0.90962
CVE-2001-0841,0.01136,0.57949
CVE-2001-0842,0.01136,0.57949
CVE-2001-0843,0.01408,0.72072
CVE-2001-0844,0.06523,0.90962
CVE-2001-0845,0.0089,0.2856
CVE-2001-0846,0.06523,0.90962
CVE-2001-0847,0.01136,0.57949
CVE-2001-0848,0.0089,0.2856
CVE-2001-0849,0.06523,0.90962
CVE-2001-0850,0.01055,0.50287
CVE-2001-0851,0.01319,0.70416
CVE-2001-0852,0.0679,0.91793
CVE-2001-0853,0.01213,0.6557
CVE-2001-0854,0.01136,0.57949
CVE-2001-0855,0.01761,0.7555
CVE-2001-0856,0.01018,0.38792
CVE-2001-0857,0.0679,0.91793
CVE-2001-0858,0.0089,0.2856
CVE-2001-0859,0.01018,0.38792
CVE-2001-0860,0.047,0.88653
CVE-2001-0861,0.01213,0.6557
CVE-2001-0862,0.01213,0.6557
CVE-2001-0863,0.01213,0.6557
CVE-2001-0864,0.01018,0.38792
CVE-2001-0865,0.01018,0.38792
CVE-2001-0866,0.01213,0.6557
CVE-2001-0867,0.01213,0.6557
CVE-2001-0868,0.01213,0.6557
CVE-2001-0869,0.02172,0.79917
CVE-2001-0870,0.01136,0.57949
CVE-2001-0871,0.01213,0.6557
CVE-2001-0872,0.01547,0.74085
CVE-2001-0873,0.0322,0.83442
CVE-2001-0874,0.13525,0.9555
CVE-2001-0875,0.24729,0.96719
CVE-2001-0876,0.60616,0.98848
CVE-2001-0877,0.20648,0.96329
CVE-2001-0879,0.06118,0.90183
CVE-2001-0884,0.01108,0.53389
CVE-2001-0886,0.02172,0.79379
CVE-2001-0887,0.0095,0.30554
CVE-2001-0888,0.01136,0.57949
CVE-2001-0889,0.01319,0.70416
CVE-2001-0890,0.0089,0.2856
CVE-2001-0891,0.0095,0.30554
CVE-2001-0892,0.01055,0.50287
CVE-2001-0893,0.01136,0.57949
CVE-2001-0894,0.01319,0.70416
CVE-2001-0895,0.01213,0.6557
CVE-2001-0896,0.01213,0.6557
CVE-2001-0897,0.01055,0.50287
CVE-2001-0898,0.04187,0.86773
CVE-2001-0899,0.04187,0.86773
CVE-2001-0900,0.04482,0.88223
CVE-2001-0901,0.01136,0.57949
CVE-2001-0902,0.13525,0.9555
CVE-2001-0903,0.01213,0.6557
CVE-2001-0904,0.047,0.88653
CVE-2001-0905,0.01034,0.39824
CVE-2001-0906,0.01924,0.77129
CVE-2001-0907,0.0322,0.83442
CVE-2001-0908,0.00954,0.34522
CVE-2001-0909,0.31132,0.97462
CVE-2001-0910,0.01136,0.57949
CVE-2001-0911,0.01136,0.57949
CVE-2001-0912,0.00885,0.26162
CVE-2001-0913,0.04679,0.88603
CVE-2001-0914,0.0095,0.30554
CVE-2001-0915,0.01761,0.7555
CVE-2001-0916,0.01761,0.7555
CVE-2001-0917,0.02072,0.79023
CVE-2001-0918,0.01136,0.57949
CVE-2001-0919,0.03354,0.83629
CVE-2001-0920,0.01592,0.74578
CVE-2001-0921,0.0095,0.30554
CVE-2001-0922,0.01136,0.57949
CVE-2001-0923,0.01592,0.74578
CVE-2001-0924,0.04187,0.86773
CVE-2001-0925,0.33043,0.97543
CVE-2001-0926,0.01213,0.6557
CVE-2001-0927,0.06523,0.90962
CVE-2001-0928,0.06523,0.90962
CVE-2001-0929,0.01213,0.6557
CVE-2001-0930,0.01055,0.50287
CVE-2001-0931,0.00954,0.34522
CVE-2001-0932,0.06211,0.90307
CVE-2001-0933,0.01055,0.50287
CVE-2001-0934,0.01055,0.50287
CVE-2001-0935,0.00885,0.26162
CVE-2001-0936,0.01018,0.38792
CVE-2001-0937,0.01055,0.50287
CVE-2001-0938,0.01213,0.6557
CVE-2001-0939,0.01213,0.6557
CVE-2001-0940,0.08263,0.93269
CVE-2001-0941,0.01899,0.76481
CVE-2001-0942,0.0095,0.30554
CVE-2001-0943,0.01592,0.74578
CVE-2001-0944,0.00885,0.26162
CVE-2001-0945,0.11676,0.94929
CVE-2001-0946,0.0095,0.30554
CVE-2001-0947,0.01213,0.6557
CVE-2001-0948,0.06523,0.90962
CVE-2001-0949,0.12248,0.95092
CVE-2001-0950,0.01319,0.70416
CVE-2001-0951,0.25598,0.96882
CVE-2001-0952,0.04187,0.86773
CVE-2001-0953,0.01136,0.57949
CVE-2001-0954,0.01213,0.6557
CVE-2001-0955,0.01282,0.67298
CVE-2001-0956,0.01963,0.77709
CVE-2001-0958,0.06523,0.90962
CVE-2001-0959,0.01213,0.6557
CVE-2001-0960,0.01213,0.6557
CVE-2001-0961,0.06523,0.90962
CVE-2001-0962,0.01213,0.6557
CVE-2001-0963,0.01213,0.6557
CVE-2001-0964,0.03432,0.83945
CVE-2001-0965,0.04187,0.86773
CVE-2001-0966,0.01055,0.50287
CVE-2001-0967,0.00885,0.26162
CVE-2001-0968,0.01055,0.50287
CVE-2001-0969,0.01018,0.38792
CVE-2001-0970,0.01213,0.6557
CVE-2001-0971,0.01136,0.57949
CVE-2001-0972,0.01136,0.57949
CVE-2001-0973,0.01213,0.6557
CVE-2001-0974,0.06523,0.90962
CVE-2001-0975,0.07777,0.92953
CVE-2001-0976,0.00885,0.26162
CVE-2001-0977,0.01974,0.7812
CVE-2001-0978,0.01018,0.38792
CVE-2001-0979,0.01761,0.7555
CVE-2001-0980,0.01136,0.57949
CVE-2001-0981,0.00885,0.26162
CVE-2001-0982,0.01319,0.70416
CVE-2001-0983,0.01761,0.7555
CVE-2001-0984,0.0089,0.2856
CVE-2001-0985,0.04187,0.86773
CVE-2001-0986,0.20999,0.96367
CVE-2001-0987,0.04482,0.88223
CVE-2001-0988,0.0089,0.2856
CVE-2001-0989,0.01761,0.7555
CVE-2001-0990,0.0095,0.30554
CVE-2001-0991,0.04187,0.86773
CVE-2001-0992,0.01055,0.50287
CVE-2001-0993,0.0095,0.30554
CVE-2001-0994,0.01136,0.57949
CVE-2001-0995,0.01213,0.6557
CVE-2001-0996,0.01136,0.57949
CVE-2001-0997,0.01055,0.50287
CVE-2001-0998,0.01319,0.70416
CVE-2001-0999,0.13525,0.9555
CVE-2001-1000,0.01761,0.7555
CVE-2001-1002,0.04187,0.86773
CVE-2001-1003,0.02525,0.81073
CVE-2001-1004,0.01055,0.50287
CVE-2001-1005,0.00885,0.26162
CVE-2001-1006,0.00885,0.26162
CVE-2001-1007,0.00885,0.26162
CVE-2001-1008,0.01136,0.57949
CVE-2001-1009,0.10995,0.94626999999999994
CVE-2001-1010,0.04187,0.86773
CVE-2001-1011,0.01213,0.6557
CVE-2001-1012,0.00885,0.26162
CVE-2001-1013,0.72014,0.9917
CVE-2001-1014,0.01136,0.57949
CVE-2001-1015,0.01761,0.7555
CVE-2001-1016,0.01018,0.38792
CVE-2001-1017,0.0095,0.30554
CVE-2001-1018,0.01136,0.57949
CVE-2001-1019,0.01136,0.57949
CVE-2001-1020,0.01213,0.6557
CVE-2001-1021,0.07687,0.92751
CVE-2001-1022,0.07197,0.92068
CVE-2001-1023,0.01136,0.57949
CVE-2001-1024,0.01055,0.50287
CVE-2001-1025,0.01055,0.50287
CVE-2001-1026,0.01183,0.60428
CVE-2001-1027,0.07777,0.92953
CVE-2001-1028,0.00885,0.26162
CVE-2001-1029,0.01761,0.7555
CVE-2001-1030,0.01108,0.53389
CVE-2001-1031,0.01213,0.6557
CVE-2001-1032,0.01213,0.6557
CVE-2001-1033,0.01136,0.57949
CVE-2001-1034,0.01592,0.74578
CVE-2001-1035,0.01136,0.57949
CVE-2001-1036,0.01761,0.7555
CVE-2001-1037,0.0095,0.30554
CVE-2001-1038,0.01213,0.6557
CVE-2001-1039,0.01055,0.50287
CVE-2001-1040,0.01055,0.50287
CVE-2001-1041,0.0095,0.30554
CVE-2001-1042,0.01136,0.57949
CVE-2001-1043,0.01213,0.6557
CVE-2001-1044,0.04187,0.86773
CVE-2001-1045,0.04187,0.86773
CVE-2001-1046,0.01213,0.6557
CVE-2001-1047,0.0095,0.30554
CVE-2001-1048,0.01213,0.6557
CVE-2001-1049,0.01213,0.6557
CVE-2001-1050,0.01136,0.57949
CVE-2001-1051,0.01213,0.6557
CVE-2001-1052,0.01136,0.57949
CVE-2001-1053,0.01213,0.6557
CVE-2001-1054,0.01213,0.6557
CVE-2001-1055,0.20999,0.96367
CVE-2001-1056,0.01213,0.6557
CVE-2001-1057,0.01136,0.57949
CVE-2001-1058,0.01136,0.57949
CVE-2001-1059,0.0095,0.30554
CVE-2001-1060,0.01136,0.57949
CVE-2001-1061,0.00885,0.26162
CVE-2001-1062,0.02172,0.79279
CVE-2001-1063,0.0089,0.2856
CVE-2001-1064,0.04187,0.86773
CVE-2001-1065,0.00885,0.26162
CVE-2001-1066,0.0095,0.30554
CVE-2001-1067,0.06211,0.90307
CVE-2001-1068,0.01136,0.57949
CVE-2001-1069,0.01122,0.53391
CVE-2001-1070,0.01061,0.51015
CVE-2001-1071,0.01319,0.70416
CVE-2001-1072,0.01484,0.72722
CVE-2001-1073,0.01136,0.57949
CVE-2001-1074,0.0095,0.30554
CVE-2001-1075,0.04187,0.86773
CVE-2001-1076,0.01899,0.76481
CVE-2001-1077,0.01924,0.77129
CVE-2001-1078,0.04482,0.88223
CVE-2001-1079,0.0089,0.2856
CVE-2001-1080,0.03765,0.84407
CVE-2001-1081,0.04291,0.87022
CVE-2001-1082,0.00885,0.26162
CVE-2001-1083,0.10995,0.94626999999999994
CVE-2001-1084,0.01108,0.53389
CVE-2001-1085,0.01761,0.7555
CVE-2001-1086,0.04187,0.86773
CVE-2001-1087,0.01136,0.57949
CVE-2001-1088,0.25598,0.96882
CVE-2001-1089,0.01136,0.57949
CVE-2001-1090,0.01136,0.57949
CVE-2001-1091,0.00885,0.26162
CVE-2001-1092,0.01761,0.7555
CVE-2001-1093,0.01899,0.76481
CVE-2001-1094,0.0089,0.2856
CVE-2001-1095,0.01592,0.74578
CVE-2001-1096,0.02172,0.79279
CVE-2001-1097,0.04187,0.86773
CVE-2001-1098,0.0095,0.30554
CVE-2001-1099,0.01213,0.6557
CVE-2001-1100,0.01213,0.6557
CVE-2001-1101,0.01136,0.57949
CVE-2001-1102,0.0089,0.2856
CVE-2001-1103,0.01055,0.50287
CVE-2001-1104,0.01055,0.50287
CVE-2001-1105,0.01213,0.6557
CVE-2001-1106,0.03765,0.84407
CVE-2001-1107,0.04187,0.86773
CVE-2001-1108,0.04482,0.88223
CVE-2001-1109,0.0679,0.91793
CVE-2001-1110,0.01055,0.50287
CVE-2001-1111,0.0089,0.2856
CVE-2001-1112,0.07687,0.92751
CVE-2001-1113,0.0292,0.82516
CVE-2001-1114,0.01136,0.57949
CVE-2001-1115,0.04187,0.86773
CVE-2001-1116,0.01018,0.38792
CVE-2001-1117,0.01319,0.70416
CVE-2001-1118,0.01213,0.6557
CVE-2001-1119,0.0095,0.30554
CVE-2001-1120,0.01213,0.6557
CVE-2001-1122,0.02461,0.80846
CVE-2001-1123,0.0191,0.76506
CVE-2001-1124,0.01213,0.6557
CVE-2001-1125,0.06523,0.90962
CVE-2001-1126,0.01213,0.6557
CVE-2001-1127,0.01899,0.76481
CVE-2001-1128,0.01592,0.74578
CVE-2001-1129,0.01592,0.74578
CVE-2001-1130,0.04187,0.86773
CVE-2001-1131,0.00885,0.26162
CVE-2001-1132,0.01136,0.57949
CVE-2001-1133,0.01761,0.7555
CVE-2001-1134,0.01213,0.6557
CVE-2001-1135,0.01108,0.53389
CVE-2001-1136,0.0095,0.30554
CVE-2001-1137,0.04187,0.86773
CVE-2001-1138,0.07687,0.92751
CVE-2001-1139,0.01213,0.6557
CVE-2001-1140,0.01136,0.57949
CVE-2001-1141,0.01537,0.73595
CVE-2001-1142,0.04187,0.86773
CVE-2001-1143,0.01213,0.6557
CVE-2001-1144,0.01319,0.70416
CVE-2001-1145,0.01034,0.39824
CVE-2001-1146,0.0089,0.2856
CVE-2001-1147,0.01034,0.39824
CVE-2001-1148,0.0089,0.2856
CVE-2001-1149,0.00885,0.26162
CVE-2001-1150,0.01213,0.6557
CVE-2001-1151,0.01136,0.57949
CVE-2001-1152,0.01136,0.57949
CVE-2001-1153,0.01592,0.74578
CVE-2001-1154,0.01136,0.57949
CVE-2001-1155,0.01055,0.50287
CVE-2001-1156,0.01213,0.6557
CVE-2001-1157,0.01136,0.57949
CVE-2001-1158,0.01974,0.7812
CVE-2001-1159,0.06523,0.90962
CVE-2001-1160,0.04187,0.86773
CVE-2001-1161,0.01319,0.70416
CVE-2001-1162,0.12567,0.95329
CVE-2001-1163,0.04379,0.87446
CVE-2001-1164,0.02994,0.8281
CVE-2001-1165,0.01761,0.7555
CVE-2001-1166,0.01018,0.38792
CVE-2001-1168,0.01055,0.50287
CVE-2001-1169,0.00885,0.26162
CVE-2001-1170,0.04187,0.86773
CVE-2001-1171,0.00885,0.26162
CVE-2001-1172,0.0095,0.30554
CVE-2001-1173,0.00885,0.26162
CVE-2001-1174,0.06523,0.90962
CVE-2001-1175,0.0095,0.30554
CVE-2001-1176,0.06523,0.90962
CVE-2001-1177,0.01761,0.7555
CVE-2001-1178,0.01761,0.7555
CVE-2001-1179,0.00885,0.26162
CVE-2001-1180,0.01034,0.39824
CVE-2001-1181,0.0095,0.30554
CVE-2001-1182,0.00885,0.26162
CVE-2001-1183,0.01213,0.6557
CVE-2001-1184,0.04482,0.88223
CVE-2001-1185,0.01761,0.7555
CVE-2001-1186,0.24729,0.96719
CVE-2001-1187,0.01136,0.57949
CVE-2001-1188,0.04187,0.86773
CVE-2001-1189,0.0089,0.2856
CVE-2001-1190,0.0089,0.2856
CVE-2001-1191,0.01055,0.50287
CVE-2001-1192,0.0292,0.82516
CVE-2001-1193,0.01108,0.53389
CVE-2001-1194,0.04187,0.86773
CVE-2001-1195,0.04187,0.86773
CVE-2001-1196,0.04187,0.86773
CVE-2001-1197,0.0095,0.30554
CVE-2001-1198,0.0095,0.30554
CVE-2001-1199,0.04482,0.88223
CVE-2001-1200,0.01511,0.72784
CVE-2001-1201,0.01592,0.74578
CVE-2001-1202,0.04187,0.86773
CVE-2001-1203,0.0089,0.2856
CVE-2001-1204,0.01136,0.57949
CVE-2001-1205,0.01055,0.50287
CVE-2001-1206,0.01055,0.50287
CVE-2001-1207,0.06523,0.90962
CVE-2001-1208,0.03696,0.84331
CVE-2001-1209,0.04482,0.88223
CVE-2001-1210,0.01213,0.6557
CVE-2001-1211,0.01018,0.38792
CVE-2001-1212,0.04187,0.86773
CVE-2001-1213,0.01136,0.57949
CVE-2001-1214,0.06523,0.90962
CVE-2001-1215,0.06523,0.90962
CVE-2001-1216,0.06523,0.90962
CVE-2001-1217,0.01213,0.6557
CVE-2001-1218,0.01503,0.72743
CVE-2001-1219,0.03884,0.84938
CVE-2001-1220,0.01136,0.57949
CVE-2001-1221,0.01055,0.50287
CVE-2001-1222,0.01136,0.57949
CVE-2001-1223,0.01136,0.57949
CVE-2001-1224,0.01136,0.57949
CVE-2001-1225,0.0089,0.2856
CVE-2001-1226,0.01136,0.57949
CVE-2001-1227,0.01018,0.38792
CVE-2001-1228,0.04421,0.87629
CVE-2001-1229,0.04291,0.87022
CVE-2001-1230,0.04291,0.87022
CVE-2001-1231,0.01213,0.6557
CVE-2001-1232,0.01136,0.57949
CVE-2001-1233,0.01055,0.50287
CVE-2001-1234,0.06523,0.90962
CVE-2001-1235,0.06523,0.90962
CVE-2001-1236,0.06523,0.90962
CVE-2001-1237,0.06523,0.90962
CVE-2001-1238,0.01511,0.72784
CVE-2001-1239,0.01055,0.50287
CVE-2001-1240,0.00885,0.26162
CVE-2001-1241,0.07777,0.92953
CVE-2001-1242,0.06523,0.90962
CVE-2001-1243,0.20999,0.96367
CVE-2001-1244,0.20999,0.96367
CVE-2001-1245,0.01136,0.57949
CVE-2001-1246,0.04715,0.88668
CVE-2001-1247,0.01213,0.6557
CVE-2001-1248,0.01136,0.57949
CVE-2001-1249,0.01055,0.50287
CVE-2001-1250,0.01136,0.57949
CVE-2001-1251,0.01136,0.57949
CVE-2001-1252,0.01319,0.70416
CVE-2001-1253,0.00885,0.26162
CVE-2001-1254,0.01055,0.50287
CVE-2001-1255,0.0089,0.2856
CVE-2001-1256,0.01104,0.52279
CVE-2001-1257,0.01319,0.70416
CVE-2001-1258,0.01034,0.39824
CVE-2001-1259,0.04187,0.86773
CVE-2001-1260,0.01055,0.50287
CVE-2001-1261,0.01055,0.50287
CVE-2001-1262,0.01055,0.50287
CVE-2001-1263,0.04187,0.86773
CVE-2001-1264,0.01018,0.38792
CVE-2001-1265,0.01136,0.57949
CVE-2001-1266,0.01055,0.50287
CVE-2001-1267,0.01282,0.67298
CVE-2001-1268,0.0095,0.30554
CVE-2001-1269,0.0095,0.30554
CVE-2001-1270,0.00885,0.26162
CVE-2001-1271,0.00885,0.26162
CVE-2001-1272,0.0089,0.2856
CVE-2001-1273,0.00885,0.26162
CVE-2001-1274,0.15683,0.95879
CVE-2001-1275,0.0095,0.30554
CVE-2001-1276,0.0095,0.30554
CVE-2001-1277,0.0089,0.2856
CVE-2001-1278,0.00954,0.34522
CVE-2001-1279,0.0547,0.89492
CVE-2001-1280,0.01136,0.57949
CVE-2001-1281,0.01136,0.57949
CVE-2001-1282,0.01136,0.57949
CVE-2001-1283,0.04291,0.87022
CVE-2001-1284,0.01136,0.57949
CVE-2001-1285,0.01136,0.57949
CVE-2001-1286,0.01213,0.6557
CVE-2001-1287,0.07687,0.92751
CVE-2001-1288,0.02221,0.80446
CVE-2001-1289,0.04187,0.86773
CVE-2001-1290,0.04187,0.86773
CVE-2001-1291,0.04187,0.86773
CVE-2001-1292,0.04465,0.87733
CVE-2001-1293,0.01136,0.57949
CVE-2001-1294,0.01213,0.6557
CVE-2001-1295,0.01136,0.57949
CVE-2001-1296,0.01213,0.6557
CVE-2001-1297,0.01213,0.6557
CVE-2001-1298,0.01136,0.57949
CVE-2001-1299,0.01319,0.70416
CVE-2001-1300,0.01055,0.50287
CVE-2001-1301,0.0089,0.2856
CVE-2001-1302,0.01511,0.72784
CVE-2001-1303,0.04187,0.86773
CVE-2001-1304,0.01055,0.50287
CVE-2001-1305,0.01136,0.57949
CVE-2001-1306,0.04291,0.87022
CVE-2001-1307,0.05139,0.89128
CVE-2001-1308,0.0547,0.89492
CVE-2001-1309,0.05139,0.89128
CVE-2001-1310,0.05139,0.89128
CVE-2001-1311,0.0547,0.89492
CVE-2001-1312,0.05139,0.89128
CVE-2001-1313,0.04291,0.87022
CVE-2001-1314,0.05139,0.89128
CVE-2001-1315,0.05139,0.89128
CVE-2001-1316,0.05139,0.89128
CVE-2001-1317,0.04291,0.87022
CVE-2001-1318,0.05139,0.89128
CVE-2001-1319,0.16864,0.95983
CVE-2001-1320,0.67074,0.99017
CVE-2001-1321,0.04291,0.87022
CVE-2001-1322,0.01282,0.67298
CVE-2001-1323,0.04291,0.87022
CVE-2001-1324,0.0089,0.2856
CVE-2001-1325,0.20999,0.96367
CVE-2001-1326,0.05532,0.89536
CVE-2001-1327,0.00885,0.26162
CVE-2001-1328,0.06523,0.90962
CVE-2001-1329,0.00885,0.26162
CVE-2001-1330,0.00885,0.26162
CVE-2001-1331,0.0089,0.2856
CVE-2001-1332,0.06523,0.90962
CVE-2001-1333,0.0095,0.30554
CVE-2001-1334,0.04187,0.86773
CVE-2001-1335,0.04187,0.86773
CVE-2001-1336,0.00954,0.34522
CVE-2001-1337,0.01136,0.57949
CVE-2001-1338,0.01213,0.6557
CVE-2001-1339,0.04482,0.88223
CVE-2001-1340,0.01213,0.6557
CVE-2001-1341,0.01213,0.6557
CVE-2001-1342,0.03718,0.84354
CVE-2001-1343,0.07687,0.92751
CVE-2001-1344,0.04187,0.86773
CVE-2001-1345,0.0095,0.30554
CVE-2001-1346,0.01761,0.7555
CVE-2001-1347,0.02461,0.80846
CVE-2001-1348,0.01213,0.6557
CVE-2001-1349,0.01034,0.39824
CVE-2001-1350,0.01055,0.50287
CVE-2001-1351,0.01136,0.57949
CVE-2001-1352,0.01213,0.6557
CVE-2001-1353,0.0095,0.30554
CVE-2001-1354,0.01761,0.7555
CVE-2001-1355,0.0292,0.82516
CVE-2001-1356,0.01136,0.57949
CVE-2001-1357,0.00885,0.26162
CVE-2001-1358,0.01055,0.50287
CVE-2001-1359,0.01136,0.57949
CVE-2001-1360,0.00885,0.26162
CVE-2001-1361,0.00885,0.26162
CVE-2001-1362,0.00885,0.26162
CVE-2001-1363,0.00885,0.26162
CVE-2001-1364,0.00885,0.26162
CVE-2001-1365,0.00885,0.26162
CVE-2001-1366,0.01055,0.50287
CVE-2001-1367,0.01136,0.57949
CVE-2001-1368,0.00885,0.26162
CVE-2001-1369,0.01136,0.57949
CVE-2001-1370,0.20096,0.96253
CVE-2001-1371,0.01108,0.53389
CVE-2001-1372,0.01408,0.72072
CVE-2001-1373,0.01213,0.6557
CVE-2001-1374,0.01034,0.39824
CVE-2001-1375,0.01755,0.75287
CVE-2001-1376,0.07544,0.92484
CVE-2001-1377,0.01974,0.7812
CVE-2001-1378,0.00885,0.26162
CVE-2001-1379,0.01974,0.7812
CVE-2001-1380,0.03779,0.84781
CVE-2001-1382,0.01055,0.50287
CVE-2001-1383,0.0089,0.2856
CVE-2001-1384,0.0322,0.83442
CVE-2001-1385,0.01108,0.53389
CVE-2001-1386,0.01136,0.57949
CVE-2001-1387,0.00885,0.26162
CVE-2001-1388,0.00885,0.26162
CVE-2001-1389,0.05139,0.89128
CVE-2001-1390,0.01282,0.67298
CVE-2001-1391,0.01282,0.67298
CVE-2001-1392,0.01282,0.67298
CVE-2001-1393,0.01282,0.67298
CVE-2001-1394,0.01282,0.67298
CVE-2001-1395,0.01282,0.67298
CVE-2001-1396,0.01282,0.67298
CVE-2001-1397,0.01282,0.67298
CVE-2001-1398,0.01537,0.73595
CVE-2001-1399,0.01282,0.67298
CVE-2001-1400,0.01282,0.67298
CVE-2001-1401,0.01537,0.73595
CVE-2001-1402,0.01408,0.72072
CVE-2001-1403,0.00954,0.34522
CVE-2001-1404,0.00954,0.34522
CVE-2001-1405,0.0089,0.2856
CVE-2001-1406,0.0095,0.30554
CVE-2001-1407,0.01018,0.38792
CVE-2001-1408,0.04187,0.86773
CVE-2001-1409,0.0095,0.30554
CVE-2001-1410,0.40848,0.98127
CVE-2001-1411,0.0095,0.30554
CVE-2001-1412,0.01924,0.77129
CVE-2001-1413,0.06523,0.90962
CVE-2001-1414,0.01136,0.57949
CVE-2001-1415,0.0089,0.2856
CVE-2001-1416,0.01136,0.57949
CVE-2001-1417,0.01319,0.70416
CVE-2001-1418,0.01213,0.6557
CVE-2001-1419,0.01319,0.70416
CVE-2001-1420,0.01213,0.6557
CVE-2001-1421,0.01319,0.70416
CVE-2001-1422,0.01213,0.6557
CVE-2001-1423,0.01136,0.57949
CVE-2001-1424,0.01319,0.70416
CVE-2001-1425,0.01319,0.70416
CVE-2001-1426,0.01213,0.6557
CVE-2001-1427,0.01213,0.6557
CVE-2001-1428,0.01319,0.70416
CVE-2001-1429,0.02172,0.79279
CVE-2001-1430,0.01213,0.6557
CVE-2001-1431,0.01055,0.50287
CVE-2001-1432,0.01213,0.6557
CVE-2001-1433,0.01213,0.6557
CVE-2001-1434,0.01136,0.57949
CVE-2001-1435,0.01018,0.38792
CVE-2001-1436,0.00954,0.34522
CVE-2001-1437,0.01213,0.6557
CVE-2001-1438,0.01136,0.57949
CVE-2001-1439,0.0095,0.30554
CVE-2001-1440,0.01213,0.6557
CVE-2001-1441,0.01136,0.57949
CVE-2001-1443,0.01136,0.57949
CVE-2001-1444,0.01136,0.57949
CVE-2001-1445,0.01136,0.57949
CVE-2001-1446,0.01213,0.6557
CVE-2001-1447,0.01034,0.39824
CVE-2001-1448,0.01592,0.74578
CVE-2001-1449,0.01136,0.57949
CVE-2001-1450,0.047,0.88653
CVE-2001-1451,0.13525,0.9555
CVE-2001-1452,0.13525,0.9555
CVE-2001-1453,0.06523,0.90962
CVE-2001-1454,0.06523,0.90962
CVE-2001-1455,0.01136,0.57949
CVE-2001-1456,0.06523,0.90962
CVE-2001-1457,0.06523,0.90962
CVE-2001-1458,0.01319,0.70416
CVE-2001-1459,0.01018,0.38792
CVE-2001-1460,0.00986,0.35784
CVE-2001-1461,0.00954,0.34522
CVE-2001-1462,0.00954,0.34522
CVE-2001-1463,0.01136,0.57949
CVE-2001-1464,0.01055,0.50287
CVE-2001-1465,0.00885,0.26162
CVE-2001-1466,0.06523,0.90962
CVE-2001-1467,0.01108,0.53389
CVE-2001-1468,0.01213,0.6557
CVE-2001-1469,0.01055,0.50287
CVE-2001-1470,0.01055,0.50287
CVE-2001-1471,0.03055,0.82938
CVE-2001-1472,0.00986,0.35784
CVE-2001-1473,0.00885,0.26162
CVE-2001-1474,0.01055,0.50287
CVE-2001-1475,0.01055,0.50287
CVE-2001-1476,0.01055,0.50287
CVE-2001-1477,0.00885,0.26162
CVE-2001-1478,0.01592,0.74578
CVE-2001-1479,0.0089,0.2856
CVE-2001-1480,0.01018,0.38792
CVE-2001-1481,0.01213,0.6557
CVE-2001-1482,0.01136,0.57949
CVE-2001-1483,0.01136,0.57949
CVE-2001-1484,0.01136,0.57949
CVE-2001-1487,0.01761,0.7555
CVE-2001-1488,0.01136,0.57949
CVE-2001-1489,0.11676,0.94929
CVE-2001-1490,0.01136,0.57949
CVE-2001-1491,0.01136,0.57949
CVE-2001-1494,0.01282,0.67298
CVE-2001-1495,0.01136,0.57949
CVE-2001-1496,0.04291,0.87022
CVE-2001-1497,0.02037,0.78531
CVE-2001-1498,0.0089,0.2856
CVE-2001-1499,0.01213,0.6557
CVE-2001-1500,0.01213,0.6557
CVE-2001-1501,0.04187,0.86773
CVE-2001-1502,0.04187,0.86773
CVE-2001-1503,0.01132,0.54372
CVE-2001-1504,0.01213,0.6557
CVE-2001-1505,0.01136,0.57949
CVE-2001-1506,0.0089,0.2856
CVE-2001-1507,0.01213,0.6557
CVE-2001-1508,0.01592,0.74578
CVE-2001-1509,0.0095,0.30554
CVE-2001-1510,0.01319,0.70416
CVE-2001-1511,0.01055,0.50287
CVE-2001-1512,0.01136,0.57949
CVE-2001-1513,0.01136,0.57949
CVE-2001-1514,0.00885,0.26162
CVE-2001-1515,0.03884,0.84938
CVE-2001-1516,0.01055,0.50287
CVE-2001-1517,0.04734,0.88698
CVE-2001-1518,0.05959,0.90104
CVE-2001-1519,0.02583,0.81239
CVE-2001-1520,0.0089,0.2856
CVE-2001-1521,0.01213,0.6557
CVE-2001-1522,0.01055,0.50287
CVE-2001-1523,0.01055,0.50287
CVE-2001-1524,0.02945,0.82784
CVE-2001-1525,0.04187,0.86773
CVE-2001-1526,0.01055,0.50287
CVE-2001-1527,0.00885,0.26162
CVE-2001-1528,0.04187,0.86773
CVE-2001-1529,0.00885,0.26162
CVE-2001-1530,0.00885,0.26162
CVE-2001-1531,0.03375,0.83648
CVE-2001-1532,0.01055,0.50287
CVE-2001-1533,0.13525,0.9555
CVE-2001-1534,0.0089,0.2856
CVE-2001-1535,0.0089,0.2856
CVE-2001-1536,0.01136,0.57949
CVE-2001-1537,0.00954,0.34522
CVE-2001-1538,0.01136,0.57949
CVE-2001-1539,0.11676,0.94929
CVE-2001-1540,0.01055,0.50287
CVE-2001-1541,0.01592,0.74578
CVE-2001-1542,0.06523,0.90962
CVE-2001-1543,0.01213,0.6557
CVE-2001-1544,0.01136,0.57949
CVE-2001-1545,0.01136,0.57949
CVE-2001-1546,0.01761,0.7555
CVE-2001-1547,0.23731,0.96566
CVE-2001-1548,0.0095,0.30554
CVE-2001-1549,0.01761,0.7555
CVE-2001-1550,0.0095,0.30554
CVE-2001-1551,0.02994,0.8281
CVE-2001-1552,0.11676,0.94929
CVE-2001-1553,0.02994,0.8281
CVE-2001-1554,0.01055,0.50287
CVE-2001-1555,0.0095,0.30554
CVE-2001-1556,0.01136,0.57949
CVE-2001-1557,0.00885,0.26162
CVE-2001-1558,0.00885,0.26162
CVE-2001-1559,0.01761,0.7555
CVE-2001-1560,0.02258,0.8056
CVE-2001-1561,0.01899,0.76481
CVE-2001-1562,0.0095,0.30554
CVE-2001-1563,0.00885,0.26162
CVE-2001-1564,0.0095,0.30554
CVE-2001-1565,0.0089,0.2856
CVE-2001-1566,0.06523,0.90962
CVE-2001-1567,0.01319,0.70416
CVE-2001-1568,0.01055,0.50287
CVE-2001-1569,0.01055,0.50287
CVE-2001-1570,0.01385,0.71104
CVE-2001-1571,0.11676,0.94929
CVE-2001-1572,0.01136,0.57949
CVE-2001-1573,0.03696,0.84331
CVE-2001-1574,0.03696,0.84331
CVE-2001-1575,0.01136,0.57949
CVE-2001-1576,0.02994,0.8281
CVE-2001-1577,0.00954,0.34522
CVE-2001-1578,0.00885,0.26162
CVE-2001-1579,0.01055,0.50287
CVE-2001-1580,0.01213,0.6557
CVE-2001-1581,0.01055,0.50287
CVE-2001-1582,0.01899,0.76481
CVE-2001-1583,0.74049,0.9926
CVE-2001-1584,0.01136,0.57949
CVE-2001-1585,0.01213,0.6557
CVE-2001-1586,0.04482,0.88223
CVE-2001-1587,0.01055,0.50287
CVE-2001-1593,0.01034,0.39824
CVE-2001-1594,0.01018,0.38792
CVE-2000-0001,0.01963,0.77709
CVE-2000-0002,0.0679,0.91793
CVE-2000-0003,0.00885,0.26162
CVE-2000-0004,0.01136,0.57949
CVE-2000-0005,0.0095,0.30554
CVE-2000-0006,0.00885,0.26162
CVE-2000-0007,0.01136,0.57949
CVE-2000-0008,0.00885,0.26162
CVE-2000-0009,0.01761,0.7555
CVE-2000-0010,0.04187,0.86773
CVE-2000-0011,0.04482,0.88223
CVE-2000-0012,0.04187,0.86773
CVE-2000-0013,0.01761,0.7555
CVE-2000-0014,0.04187,0.86773
CVE-2000-0015,0.01761,0.7555
CVE-2000-0016,0.04187,0.86773
CVE-2000-0017,0.04187,0.86773
CVE-2000-0018,0.01761,0.7555
CVE-2000-0019,0.00885,0.26162
CVE-2000-0020,0.01213,0.6557
CVE-2000-0021,0.01136,0.57949
CVE-2000-0022,0.00954,0.34522
CVE-2000-0023,0.01213,0.6557
CVE-2000-0024,0.13782,0.95593
CVE-2000-0025,0.11676,0.94929
CVE-2000-0026,0.04187,0.86773
CVE-2000-0027,0.01761,0.7555
CVE-2000-0028,0.20999,0.96367
CVE-2000-0029,0.0089,0.2856
CVE-2000-0030,0.00954,0.34522
CVE-2000-0031,0.0089,0.2856
CVE-2000-0032,0.03765,0.84407
CVE-2000-0033,0.00954,0.34522
CVE-2000-0034,0.00954,0.34522
CVE-2000-0035,0.01761,0.7555
CVE-2000-0036,0.03884,0.84938
CVE-2000-0037,0.01761,0.7555
CVE-2000-0038,0.04187,0.86773
CVE-2000-0039,0.0679,0.91793
CVE-2000-0040,0.00885,0.26162
CVE-2000-0041,0.00885,0.26162
CVE-2000-0042,0.01136,0.57949
CVE-2000-0043,0.04187,0.86773
CVE-2000-0044,0.01136,0.57949
CVE-2000-0045,0.05563,0.89554
CVE-2000-0046,0.04187,0.86773
CVE-2000-0047,0.01136,0.57949
CVE-2000-0048,0.01761,0.7555
CVE-2000-0049,0.02104,0.79086
CVE-2000-0050,0.0089,0.2856
CVE-2000-0051,0.01136,0.57949
CVE-2000-0052,0.01761,0.7555
CVE-2000-0053,0.13525,0.9555
CVE-2000-0054,0.04187,0.86773
CVE-2000-0055,0.00885,0.26162
CVE-2000-0056,0.04187,0.86773
CVE-2000-0057,0.04187,0.86773
CVE-2000-0058,0.01055,0.50287
CVE-2000-0059,0.04187,0.86773
CVE-2000-0060,0.01213,0.6557
CVE-2000-0061,0.09772,0.94058
CVE-2000-0062,0.01136,0.57949
CVE-2000-0063,0.01136,0.57949
CVE-2000-0064,0.01213,0.6557
CVE-2000-0065,0.04187,0.86773
CVE-2000-0066,0.01055,0.50287
CVE-2000-0067,0.00885,0.26162
CVE-2000-0068,0.01055,0.50287
CVE-2000-0069,0.00885,0.26162
CVE-2000-0070,0.02221,0.80446
CVE-2000-0071,0.09772,0.94058
CVE-2000-0072,0.0089,0.2856
CVE-2000-0073,0.14716,0.95662
CVE-2000-0074,0.04187,0.86773
CVE-2000-0075,0.04187,0.86773
CVE-2000-0076,0.0095,0.30554
CVE-2000-0077,0.01761,0.7555
CVE-2000-0078,0.0089,0.2856
CVE-2000-0079,0.01055,0.50287
CVE-2000-0080,0.0089,0.2856
CVE-2000-0081,0.09772,0.94058
CVE-2000-0082,0.11676,0.94929
CVE-2000-0083,0.00885,0.26162
CVE-2000-0084,0.00885,0.26162
CVE-2000-0085,0.23731,0.96566
CVE-2000-0086,0.01055,0.50287
CVE-2000-0087,0.01055,0.50287
CVE-2000-0088,0.01511,0.72784
CVE-2000-0089,0.02221,0.80446
CVE-2000-0090,0.0095,0.30554
CVE-2000-0091,0.04482,0.88223
CVE-2000-0092,0.0089,0.2856
CVE-2000-0093,0.00954,0.34522
CVE-2000-0094,0.01924,0.77129
CVE-2000-0095,0.01055,0.50287
CVE-2000-0096,0.01761,0.7555
CVE-2000-0097,0.24729,0.96719
CVE-2000-0098,0.06956,0.91856
CVE-2000-0099,0.00885,0.26162
CVE-2000-0100,0.02461,0.80846
CVE-2000-0101,0.01055,0.50287
CVE-2000-0102,0.01055,0.50287
CVE-2000-0103,0.01055,0.50287
CVE-2000-0104,0.01055,0.50287
CVE-2000-0105,0.09772,0.94058
CVE-2000-0106,0.01055,0.50287
CVE-2000-0107,0.01761,0.7555
CVE-2000-0108,0.01055,0.50287
CVE-2000-0109,0.04187,0.86773
CVE-2000-0110,0.01055,0.50287
CVE-2000-0111,0.01136,0.57949
CVE-2000-0112,0.0089,0.2856
CVE-2000-0113,0.01213,0.6557
CVE-2000-0114,0.09772,0.94058
CVE-2000-0115,0.01503,0.72743
CVE-2000-0116,0.04482,0.88223
CVE-2000-0117,0.0095,0.30554
CVE-2000-0118,0.01761,0.7555
CVE-2000-0119,0.01963,0.77709
CVE-2000-0120,0.00954,0.34522
CVE-2000-0121,0.02815,0.82338
CVE-2000-0122,0.13525,0.9555
CVE-2000-0123,0.01055,0.50287
CVE-2000-0124,0.00885,0.26162
CVE-2000-0125,0.04187,0.86773
CVE-2000-0126,0.20999,0.96367
CVE-2000-0127,0.01213,0.6557
CVE-2000-0128,0.04187,0.86773
CVE-2000-0129,0.03357,0.8363
CVE-2000-0130,0.01061,0.51015
CVE-2000-0131,0.04187,0.86773
CVE-2000-0132,0.18563,0.96143
CVE-2000-0133,0.04187,0.86773
CVE-2000-0134,0.01055,0.50287
CVE-2000-0135,0.01055,0.50287
CVE-2000-0136,0.04187,0.86773
CVE-2000-0137,0.01055,0.50287
CVE-2000-0138,0.02686,0.82061
CVE-2000-0139,0.01761,0.7555
CVE-2000-0140,0.01136,0.57949
CVE-2000-0141,0.01213,0.6557
CVE-2000-0142,0.04187,0.86773
CVE-2000-0143,0.0089,0.2856
CVE-2000-0144,0.00885,0.26162
CVE-2000-0145,0.00885,0.26162
CVE-2000-0146,0.04187,0.86773
CVE-2000-0147,0.0089,0.2856
CVE-2000-0148,0.01136,0.57949
CVE-2000-0149,0.04482,0.88223
CVE-2000-0150,0.01319,0.70416
CVE-2000-0151,0.00885,0.26162
CVE-2000-0152,0.04187,0.86773
CVE-2000-0153,0.09772,0.94058
CVE-2000-0154,0.0089,0.2856
CVE-2000-0155,0.02461,0.80846
CVE-2000-0156,0.047,0.88653
CVE-2000-0157,0.0089,0.2856
CVE-2000-0158,0.01213,0.6557
CVE-2000-0159,0.00885,0.26162
CVE-2000-0160,0.09772,0.94058
CVE-2000-0161,0.09772,0.94058
CVE-2000-0162,0.06956,0.91856
CVE-2000-0163,0.01761,0.7555
CVE-2000-0164,0.0095,0.30554
CVE-2000-0165,0.04187,0.86773
CVE-2000-0166,0.04187,0.86773
CVE-2000-0167,0.02404,0.80737
CVE-2000-0168,0.19963,0.96223
CVE-2000-0169,0.06174,0.90263
CVE-2000-0171,0.01761,0.7555
CVE-2000-0172,0.01761,0.7555
CVE-2000-0173,0.01055,0.50287
CVE-2000-0174,0.04187,0.86773
CVE-2000-0175,0.01136,0.57949
CVE-2000-0176,0.01055,0.50287
CVE-2000-0177,0.04187,0.86773
CVE-2000-0178,0.01136,0.57949
CVE-2000-0179,0.04187,0.86773
CVE-2000-0180,0.04187,0.86773
CVE-2000-0181,0.01136,0.57949
CVE-2000-0182,0.01055,0.50287
CVE-2000-0183,0.04187,0.86773
CVE-2000-0184,0.00885,0.26162
CVE-2000-0185,0.04187,0.86773
CVE-2000-0186,0.0095,0.30554
CVE-2000-0187,0.04187,0.86773
CVE-2000-0188,0.01055,0.50287
CVE-2000-0189,0.01136,0.57949
CVE-2000-0190,0.01055,0.50287
CVE-2000-0191,0.04187,0.86773
CVE-2000-0192,0.04187,0.86773
CVE-2000-0193,0.01761,0.7555
CVE-2000-0194,0.01761,0.7555
CVE-2000-0195,0.01761,0.7555
CVE-2000-0196,0.01136,0.57949
CVE-2000-0197,0.01503,0.72743
CVE-2000-0198,0.04187,0.86773
CVE-2000-0199,0.01503,0.72743
CVE-2000-0200,0.18563,0.96143
CVE-2000-0201,0.09772,0.94058
CVE-2000-0202,0.09772,0.94058
CVE-2000-0203,0.01213,0.6557
CVE-2000-0204,0.04187,0.86773
CVE-2000-0205,0.01213,0.6557
CVE-2000-0206,0.01725,0.7519
CVE-2000-0207,0.04187,0.86773
CVE-2000-0208,0.04482,0.88223
CVE-2000-0209,0.01136,0.57949
CVE-2000-0210,0.01761,0.7555
CVE-2000-0211,0.20999,0.96367
CVE-2000-0212,0.04187,0.86773
CVE-2000-0213,0.04187,0.86773
CVE-2000-0214,0.01963,0.77709
CVE-2000-0215,0.00885,0.26162
CVE-2000-0216,0.03354,0.83629
CVE-2000-0217,0.01055,0.50287
CVE-2000-0218,0.01761,0.7555
CVE-2000-0219,0.01761,0.7555
CVE-2000-0220,0.00885,0.26162
CVE-2000-0221,0.04187,0.86773
CVE-2000-0222,0.09772,0.94058
CVE-2000-0223,0.01761,0.7555
CVE-2000-0224,0.0089,0.2856
CVE-2000-0225,0.01213,0.6557
CVE-2000-0226,0.047,0.88653
CVE-2000-0227,0.01761,0.7555
CVE-2000-0228,0.11676,0.94929
CVE-2000-0229,0.01924,0.77129
CVE-2000-0230,0.01761,0.7555
CVE-2000-0231,0.01761,0.7555
CVE-2000-0232,0.03134,0.83162
CVE-2000-0233,0.01055,0.50287
CVE-2000-0234,0.04187,0.86773
CVE-2000-0235,0.0095,0.30554
CVE-2000-0236,0.04187,0.86773
CVE-2000-0237,0.01136,0.57949
CVE-2000-0238,0.01136,0.57949
CVE-2000-0239,0.04187,0.86773
CVE-2000-0240,0.04482,0.88223
CVE-2000-0241,0.00954,0.34522
CVE-2000-0242,0.04187,0.86773
CVE-2000-0243,0.04482,0.88223
CVE-2000-0244,0.04187,0.86773
CVE-2000-0245,0.0679,0.91793
CVE-2000-0246,0.34231,0.97604
CVE-2000-0247,0.0095,0.30554
CVE-2000-0248,0.04187,0.86773
CVE-2000-0249,0.0095,0.30554
CVE-2000-0250,0.01761,0.7555
CVE-2000-0251,0.00954,0.34522
CVE-2000-0252,0.01136,0.57949
CVE-2000-0253,0.01136,0.57949
CVE-2000-0254,0.04187,0.86773
CVE-2000-0255,0.01136,0.57949
CVE-2000-0256,0.19963,0.96223
CVE-2000-0257,0.04187,0.86773
CVE-2000-0258,0.09772,0.94058
CVE-2000-0259,0.01503,0.72743
CVE-2000-0260,0.14716,0.95662
CVE-2000-0261,0.01213,0.6557
CVE-2000-0262,0.04187,0.86773
CVE-2000-0263,0.0089,0.2856
CVE-2000-0264,0.01963,0.77709
CVE-2000-0265,0.0095,0.30554
CVE-2000-0266,0.09772,0.94058
CVE-2000-0267,0.0095,0.30554
CVE-2000-0268,0.01213,0.6557
CVE-2000-0269,0.00885,0.26162
CVE-2000-0270,0.00885,0.26162
CVE-2000-0271,0.00885,0.26162
CVE-2000-0272,0.04187,0.86773
CVE-2000-0273,0.01136,0.57949
CVE-2000-0274,0.01963,0.77709
CVE-2000-0275,0.01963,0.77709
CVE-2000-0276,0.01761,0.7555
CVE-2000-0277,0.01511,0.72784
CVE-2000-0278,0.04187,0.86773
CVE-2000-0279,0.04187,0.86773
CVE-2000-0280,0.01963,0.77709
CVE-2000-0281,0.01055,0.50287
CVE-2000-0282,0.04187,0.86773
CVE-2000-0283,0.01136,0.57949
CVE-2000-0284,0.71013,0.99137
CVE-2000-0285,0.0089,0.2856
CVE-2000-0286,0.00885,0.26162
CVE-2000-0287,0.04187,0.86773
CVE-2000-0288,0.01055,0.50287
CVE-2000-0289,0.01213,0.6557
CVE-2000-0290,0.01136,0.57949
CVE-2000-0291,0.00885,0.26162
CVE-2000-0292,0.01136,0.57949
CVE-2000-0293,0.01761,0.7555
CVE-2000-0294,0.0095,0.30554
CVE-2000-0295,0.04482,0.88223
CVE-2000-0296,0.0089,0.2856
CVE-2000-0297,0.01213,0.6557
CVE-2000-0298,0.01511,0.72784
CVE-2000-0299,0.04187,0.86773
CVE-2000-0300,0.04187,0.86773
CVE-2000-0301,0.01213,0.6557
CVE-2000-0302,0.33201,0.97559
CVE-2000-0303,0.01018,0.38792
CVE-2000-0304,0.13525,0.9555
CVE-2000-0305,0.25598,0.96882
CVE-2000-0306,0.04187,0.86773
CVE-2000-0307,0.00885,0.26162
CVE-2000-0308,0.00885,0.26162
CVE-2000-0309,0.00885,0.26162
CVE-2000-0310,0.01055,0.50287
CVE-2000-0311,0.01511,0.72784
CVE-2000-0312,0.00885,0.26162
CVE-2000-0313,0.00885,0.26162
CVE-2000-0314,0.00954,0.34522
CVE-2000-0315,0.00954,0.34522
CVE-2000-0316,0.01761,0.7555
CVE-2000-0317,0.01761,0.7555
CVE-2000-0318,0.0089,0.2856
CVE-2000-0319,0.01136,0.57949
CVE-2000-0320,0.01136,0.57949
CVE-2000-0321,0.01055,0.50287
CVE-2000-0322,0.01018,0.38792
CVE-2000-0323,0.06916,0.91837
CVE-2000-0324,0.0679,0.91793
CVE-2000-0325,0.02741,0.82129
CVE-2000-0326,0.01055,0.50287
CVE-2000-0327,0.11676,0.94929
CVE-2000-0328,0.13105,0.9547
CVE-2000-0329,0.18563,0.96143
CVE-2000-0330,0.18563,0.96143
CVE-2000-0331,0.02221,0.80446
CVE-2000-0332,0.04482,0.88223
CVE-2000-0333,0.04187,0.86773
CVE-2000-0334,0.0089,0.2856
CVE-2000-0335,0.00954,0.34522
CVE-2000-0336,0.01761,0.7555
CVE-2000-0337,0.01761,0.7555
CVE-2000-0338,0.01761,0.7555
CVE-2000-0339,0.04187,0.86773
CVE-2000-0340,0.01761,0.7555
CVE-2000-0341,0.04187,0.86773
CVE-2000-0342,0.04187,0.86773
CVE-2000-0343,0.04187,0.86773
CVE-2000-0344,0.01136,0.57949
CVE-2000-0345,0.00885,0.26162
CVE-2000-0346,0.01213,0.6557
CVE-2000-0347,0.20999,0.96367
CVE-2000-0348,0.00885,0.26162
CVE-2000-0349,0.00885,0.26162
CVE-2000-0350,0.0679,0.91793
CVE-2000-0351,0.00885,0.26162
CVE-2000-0352,0.01213,0.6557
CVE-2000-0353,0.01213,0.6557
CVE-2000-0354,0.01213,0.6557
CVE-2000-0355,0.00954,0.34522
CVE-2000-0356,0.0089,0.2856
CVE-2000-0357,0.00885,0.26162
CVE-2000-0358,0.01055,0.50287
CVE-2000-0359,0.01213,0.6557
CVE-2000-0360,0.01934,0.77134
CVE-2000-0361,0.00885,0.26162
CVE-2000-0362,0.01761,0.7555
CVE-2000-0363,0.0089,0.2856
CVE-2000-0364,0.0095,0.30554
CVE-2000-0365,0.0095,0.30554
CVE-2000-0366,0.0089,0.2856
CVE-2000-0367,0.00885,0.26162
CVE-2000-0368,0.00885,0.26162
CVE-2000-0369,0.01136,0.57949
CVE-2000-0370,0.01136,0.57949
CVE-2000-0371,0.0089,0.2856
CVE-2000-0372,0.0089,0.2856
CVE-2000-0373,0.0089,0.2856
CVE-2000-0374,0.01213,0.6557
CVE-2000-0375,0.00885,0.26162
CVE-2000-0376,0.01136,0.57949
CVE-2000-0377,0.18254,0.96107
CVE-2000-0378,0.01963,0.77709
CVE-2000-0379,0.02851,0.82384
CVE-2000-0380,0.78829,0.99437
CVE-2000-0381,0.04187,0.86773
CVE-2000-0382,0.00954,0.34522
CVE-2000-0383,0.00954,0.34522
CVE-2000-0384,0.0679,0.91793
CVE-2000-0385,0.01213,0.6557
CVE-2000-0386,0.01136,0.57949
CVE-2000-0387,0.0089,0.2856
CVE-2000-0388,0.00954,0.34522
CVE-2000-0389,0.0679,0.91793
CVE-2000-0390,0.01319,0.70416
CVE-2000-0391,0.01319,0.70416
CVE-2000-0392,0.01034,0.39824
CVE-2000-0393,0.01963,0.77709
CVE-2000-0394,0.04187,0.86773
CVE-2000-0395,0.04187,0.86773
CVE-2000-0396,0.04187,0.86773
CVE-2000-0397,0.04187,0.86773
CVE-2000-0398,0.01136,0.57949
CVE-2000-0399,0.01136,0.57949
CVE-2000-0400,0.14716,0.95662
CVE-2000-0401,0.01213,0.6557
CVE-2000-0402,0.05148,0.89129
CVE-2000-0403,0.13525,0.9555
CVE-2000-0404,0.13525,0.9555
CVE-2000-0405,0.04187,0.86773
CVE-2000-0406,0.01213,0.6557
CVE-2000-0407,0.01761,0.7555
CVE-2000-0408,0.24729,0.96719
CVE-2000-0409,0.01761,0.7555
CVE-2000-0410,0.01136,0.57949
CVE-2000-0411,0.04187,0.86773
CVE-2000-0412,0.04482,0.88223
CVE-2000-0413,0.20999,0.96367
CVE-2000-0414,0.0089,0.2856
CVE-2000-0415,0.03884,0.84938
CVE-2000-0416,0.06118,0.90183
CVE-2000-0417,0.04187,0.86773
CVE-2000-0418,0.01136,0.57949
CVE-2000-0419,0.13105,0.9547
CVE-2000-0420,0.01503,0.72743
CVE-2000-0421,0.01136,0.57949
CVE-2000-0422,0.01136,0.57949
CVE-2000-0423,0.04187,0.86773
CVE-2000-0424,0.04187,0.86773
CVE-2000-0425,0.04187,0.86773
CVE-2000-0426,0.04187,0.86773
CVE-2000-0427,0.04187,0.86773
CVE-2000-0428,0.01136,0.57949
CVE-2000-0429,0.04187,0.86773
CVE-2000-0430,0.04187,0.86773
CVE-2000-0431,0.01108,0.53389
CVE-2000-0432,0.04187,0.86773
CVE-2000-0433,0.00885,0.26162
CVE-2000-0434,0.01055,0.50287
CVE-2000-0435,0.01213,0.6557
CVE-2000-0436,0.04187,0.86773
CVE-2000-0437,0.0679,0.91793
CVE-2000-0438,0.01761,0.7555
CVE-2000-0439,0.06916,0.91837
CVE-2000-0440,0.04482,0.88223
CVE-2000-0441,0.00954,0.34522
CVE-2000-0442,0.03765,0.84407
CVE-2000-0443,0.04187,0.86773
CVE-2000-0444,0.04187,0.86773
CVE-2000-0445,0.0095,0.30554
CVE-2000-0446,0.04187,0.86773
CVE-2000-0447,0.01213,0.6557
CVE-2000-0448,0.01213,0.6557
CVE-2000-0449,0.04187,0.86773
CVE-2000-0450,0.00885,0.26162
CVE-2000-0451,0.04187,0.86773
CVE-2000-0452,0.01213,0.6557
CVE-2000-0453,0.04187,0.86773
CVE-2000-0454,0.01761,0.7555
CVE-2000-0455,0.0095,0.30554
CVE-2000-0456,0.0095,0.30554
CVE-2000-0457,0.25598,0.96882
CVE-2000-0458,0.0089,0.2856
CVE-2000-0459,0.0089,0.2856
CVE-2000-0460,0.01963,0.77709
CVE-2000-0461,0.0095,0.30554
CVE-2000-0462,0.0095,0.30554
CVE-2000-0463,0.04187,0.86773
CVE-2000-0464,0.13525,0.9555
CVE-2000-0465,0.24729,0.96719
CVE-2000-0466,0.0089,0.2856
CVE-2000-0467,0.01761,0.7555
CVE-2000-0468,0.01761,0.7555
CVE-2000-0469,0.01213,0.6557
CVE-2000-0470,0.04187,0.86773
CVE-2000-0471,0.01924,0.77129
CVE-2000-0472,0.0323,0.83449
CVE-2000-0473,0.04187,0.86773
CVE-2000-0474,0.04187,0.86773
CVE-2000-0475,0.01511,0.72784
CVE-2000-0476,0.04187,0.86773
CVE-2000-0477,0.01136,0.57949
CVE-2000-0478,0.01018,0.38792
CVE-2000-0479,0.01055,0.50287
CVE-2000-0480,0.04187,0.86773
CVE-2000-0481,0.01136,0.57949
CVE-2000-0482,0.04482,0.88223
CVE-2000-0483,0.01408,0.72072
CVE-2000-0484,0.04482,0.88223
CVE-2000-0485,0.02221,0.80446
CVE-2000-0486,0.01213,0.6557
CVE-2000-0487,0.01503,0.72743
CVE-2000-0488,0.01136,0.57949
CVE-2000-0489,0.01963,0.77709
CVE-2000-0490,0.04187,0.86773
CVE-2000-0491,0.0679,0.91793
CVE-2000-0492,0.04187,0.86773
CVE-2000-0493,0.04187,0.86773
CVE-2000-0494,0.01761,0.7555
CVE-2000-0495,0.20999,0.96367
CVE-2000-0497,0.01213,0.6557
CVE-2000-0498,0.01136,0.57949
CVE-2000-0499,0.01213,0.6557
CVE-2000-0500,0.04187,0.86773
CVE-2000-0501,0.01761,0.7555
CVE-2000-0502,0.0095,0.30554
CVE-2000-0503,0.09772,0.94058
CVE-2000-0504,0.04187,0.86773
CVE-2000-0505,0.29782,0.97316
CVE-2000-0506,0.05005,0.89004
CVE-2000-0507,0.04187,0.86773
CVE-2000-0508,0.04187,0.86773
CVE-2000-0509,0.01055,0.50287
CVE-2000-0510,0.01213,0.6557
CVE-2000-0511,0.01213,0.6557
CVE-2000-0512,0.01213,0.6557
CVE-2000-0513,0.01213,0.6557
CVE-2000-0514,0.01213,0.6557
CVE-2000-0515,0.03765,0.84407
CVE-2000-0516,0.01761,0.7555
CVE-2000-0517,0.01136,0.57949
CVE-2000-0518,0.06916,0.91837
CVE-2000-0519,0.06916,0.91837
CVE-2000-0520,0.01761,0.7555
CVE-2000-0521,0.04187,0.86773
CVE-2000-0522,0.01213,0.6557
CVE-2000-0523,0.04187,0.86773
CVE-2000-0524,0.09772,0.94058
CVE-2000-0525,0.01018,0.38792
CVE-2000-0526,0.04187,0.86773
CVE-2000-0527,0.04187,0.86773
CVE-2000-0528,0.01213,0.6557
CVE-2000-0529,0.01213,0.6557
CVE-2000-0530,0.01761,0.7555
CVE-2000-0531,0.01761,0.7555
CVE-2000-0532,0.01213,0.6557
CVE-2000-0533,0.0089,0.2856
CVE-2000-0534,0.0095,0.30554
CVE-2000-0535,0.00885,0.26162
CVE-2000-0536,0.01018,0.38792
CVE-2000-0537,0.01761,0.7555
CVE-2000-0538,0.04482,0.88223
CVE-2000-0539,0.01213,0.6557
CVE-2000-0540,0.01213,0.6557
CVE-2000-0541,0.0089,0.2856
CVE-2000-0542,0.00954,0.34522
CVE-2000-0543,0.01136,0.57949
CVE-2000-0544,0.09772,0.94058
CVE-2000-0545,0.01761,0.7555
CVE-2000-0546,0.01213,0.6557
CVE-2000-0547,0.01213,0.6557
CVE-2000-0548,0.01319,0.70416
CVE-2000-0549,0.01213,0.6557
CVE-2000-0550,0.01319,0.70416
CVE-2000-0551,0.01136,0.57949
CVE-2000-0552,0.02525,0.81073
CVE-2000-0553,0.01213,0.6557
CVE-2000-0554,0.01055,0.50287
CVE-2000-0555,0.01136,0.57949
CVE-2000-0556,0.01213,0.6557
CVE-2000-0557,0.01136,0.57949
CVE-2000-0558,0.01055,0.50287
CVE-2000-0559,0.01761,0.7555
CVE-2000-0561,0.01213,0.6557
CVE-2000-0562,0.00885,0.26162
CVE-2000-0563,0.00954,0.34522
CVE-2000-0564,0.01055,0.50287
CVE-2000-0565,0.0095,0.30554
CVE-2000-0566,0.01104,0.52279
CVE-2000-0567,0.24729,0.96719
CVE-2000-0568,0.01136,0.57949
CVE-2000-0569,0.04187,0.86773
CVE-2000-0570,0.04187,0.86773
CVE-2000-0571,0.04187,0.86773
CVE-2000-0572,0.01761,0.7555
CVE-2000-0573,0.84026,0.99597
CVE-2000-0574,0.0679,0.91793
CVE-2000-0575,0.01061,0.51015
CVE-2000-0576,0.01055,0.50287
CVE-2000-0577,0.04187,0.86773
CVE-2000-0578,0.00885,0.26162
CVE-2000-0579,0.0089,0.2856
CVE-2000-0580,0.20999,0.96367
CVE-2000-0581,0.20999,0.96367
CVE-2000-0582,0.04482,0.88223
CVE-2000-0583,0.01213,0.6557
CVE-2000-0584,0.04482,0.88223
CVE-2000-0585,0.04292,0.87029
CVE-2000-0586,0.04187,0.86773
CVE-2000-0587,0.01213,0.6557
CVE-2000-0588,0.04187,0.86773
CVE-2000-0589,0.04187,0.86773
CVE-2000-0590,0.04187,0.86773
CVE-2000-0591,0.01136,0.57949
CVE-2000-0592,0.04187,0.86773
CVE-2000-0593,0.01136,0.57949
CVE-2000-0594,0.10995,0.94626999999999994
CVE-2000-0595,0.0095,0.30554
CVE-2000-0596,0.13782,0.95593
CVE-2000-0597,0.13525,0.9555
CVE-2000-0598,0.01213,0.6557
CVE-2000-0599,0.01213,0.6557
CVE-2000-0600,0.01136,0.57949
CVE-2000-0601,0.04187,0.86773
CVE-2000-0602,0.0089,0.2856
CVE-2000-0603,0.01511,0.72784
CVE-2000-0604,0.0089,0.2856
CVE-2000-0605,0.00885,0.26162
CVE-2000-0606,0.0089,0.2856
CVE-2000-0607,0.01761,0.7555
CVE-2000-0608,0.01136,0.57949
CVE-2000-0609,0.01136,0.57949
CVE-2000-0610,0.01136,0.57949
CVE-2000-0611,0.00954,0.34522
CVE-2000-0612,0.11676,0.94929
CVE-2000-0613,0.04482,0.88223
CVE-2000-0614,0.01055,0.50287
CVE-2000-0615,0.0089,0.2856
CVE-2000-0616,0.0089,0.2856
CVE-2000-0617,0.01761,0.7555
CVE-2000-0618,0.00885,0.26162
CVE-2000-0619,0.01213,0.6557
CVE-2000-0620,0.01136,0.57949
CVE-2000-0621,0.13525,0.9555
CVE-2000-0622,0.04187,0.86773
CVE-2000-0623,0.01055,0.50287
CVE-2000-0624,0.04187,0.86773
CVE-2000-0625,0.00885,0.26162
CVE-2000-0626,0.04187,0.86773
CVE-2000-0627,0.0095,0.30554
CVE-2000-0628,0.01213,0.6557
CVE-2000-0629,0.01136,0.57949
CVE-2000-0630,0.20999,0.96367
CVE-2000-0631,0.13525,0.9555
CVE-2000-0632,0.01213,0.6557
CVE-2000-0633,0.0095,0.30554
CVE-2000-0634,0.04187,0.86773
CVE-2000-0635,0.01213,0.6557
CVE-2000-0636,0.04187,0.86773
CVE-2000-0637,0.02221,0.80446
CVE-2000-0638,0.04482,0.88223
CVE-2000-0639,0.04187,0.86773
CVE-2000-0640,0.04187,0.86773
CVE-2000-0641,0.04187,0.86773
CVE-2000-0642,0.01136,0.57949
CVE-2000-0644,0.04187,0.86773
CVE-2000-0645,0.04187,0.86773
CVE-2000-0646,0.01055,0.50287
CVE-2000-0647,0.04187,0.86773
CVE-2000-0648,0.01761,0.7555
CVE-2000-0650,0.0095,0.30554
CVE-2000-0651,0.01136,0.57949
CVE-2000-0652,0.04187,0.86773
CVE-2000-0653,0.09772,0.94058
CVE-2000-0654,0.01511,0.72784
CVE-2000-0655,0.10995,0.94626999999999994
CVE-2000-0656,0.04187,0.86773
CVE-2000-0657,0.01136,0.57949
CVE-2000-0658,0.01136,0.57949
CVE-2000-0659,0.01055,0.50287
CVE-2000-0660,0.04482,0.88223
CVE-2000-0661,0.01136,0.57949
CVE-2000-0662,0.11676,0.94929
CVE-2000-0663,0.02221,0.80446
CVE-2000-0664,0.04482,0.88223
CVE-2000-0665,0.65919,0.98992
CVE-2000-0666,0.10995,0.94626999999999994
CVE-2000-0667,0.00885,0.26162
CVE-2000-0668,0.04482,0.88223
CVE-2000-0669,0.04187,0.86773
CVE-2000-0670,0.04007,0.85279
CVE-2000-0671,0.04187,0.86773
CVE-2000-0672,0.01136,0.57949
CVE-2000-0673,0.24729,0.96719
CVE-2000-0674,0.01136,0.57949
CVE-2000-0675,0.04187,0.86773
CVE-2000-0676,0.12567,0.95329
CVE-2000-0677,0.01055,0.50287
CVE-2000-0678,0.00954,0.34522
CVE-2000-0679,0.01963,0.77709
CVE-2000-0680,0.01963,0.77709
CVE-2000-0681,0.01136,0.57949
CVE-2000-0682,0.01213,0.6557
CVE-2000-0683,0.01213,0.6557
CVE-2000-0684,0.01213,0.6557
CVE-2000-0685,0.04187,0.86773
CVE-2000-0686,0.01055,0.50287
CVE-2000-0687,0.01055,0.50287
CVE-2000-0688,0.04187,0.86773
CVE-2000-0689,0.04482,0.88223
CVE-2000-0690,0.04187,0.86773
CVE-2000-0691,0.01761,0.7555
CVE-2000-0692,0.01136,0.57949
CVE-2000-0693,0.0089,0.2856
CVE-2000-0694,0.00885,0.26162
CVE-2000-0695,0.00885,0.26162
CVE-2000-0696,0.04482,0.88223
CVE-2000-0697,0.04482,0.88223
CVE-2000-0698,0.03765,0.84407
CVE-2000-0699,0.04187,0.86773
CVE-2000-0700,0.01213,0.6557
CVE-2000-0701,0.01034,0.39824
CVE-2000-0702,0.01761,0.7555
CVE-2000-0703,0.0322,0.83442
CVE-2000-0704,0.04187,0.86773
CVE-2000-0705,0.04482,0.88223
CVE-2000-0706,0.04482,0.88223
CVE-2000-0707,0.01213,0.6557
CVE-2000-0708,0.01213,0.6557
CVE-2000-0709,0.11676,0.94929
CVE-2000-0710,0.11676,0.94929
CVE-2000-0711,0.25598,0.96882
CVE-2000-0712,0.0095,0.30554
CVE-2000-0713,0.01126,0.53553
CVE-2000-0714,0.00885,0.26162
CVE-2000-0715,0.0095,0.30554
CVE-2000-0716,0.00954,0.34522
CVE-2000-0717,0.01136,0.57949
CVE-2000-0718,0.00885,0.26162
CVE-2000-0719,0.00885,0.26162
CVE-2000-0720,0.04187,0.86773
CVE-2000-0721,0.01761,0.7555
CVE-2000-0722,0.0095,0.30554
CVE-2000-0723,0.0089,0.2856
CVE-2000-0724,0.0089,0.2856
CVE-2000-0725,0.01034,0.39824
CVE-2000-0726,0.01136,0.57949
CVE-2000-0727,0.01108,0.53389
CVE-2000-0728,0.01034,0.39824
CVE-2000-0729,0.0095,0.30554
CVE-2000-0730,0.00885,0.26162
CVE-2000-0731,0.01213,0.6557
CVE-2000-0732,0.01136,0.57949
CVE-2000-0733,0.04187,0.86773
CVE-2000-0734,0.04187,0.86773
CVE-2000-0735,0.01136,0.57949
CVE-2000-0736,0.01136,0.57949
CVE-2000-0737,0.03265,0.83511
CVE-2000-0738,0.01136,0.57949
CVE-2000-0739,0.04482,0.88223
CVE-2000-0740,0.04482,0.88223
CVE-2000-0741,0.07687,0.92751
CVE-2000-0742,0.13525,0.9555
CVE-2000-0743,0.04187,0.86773
CVE-2000-0745,0.04187,0.86773
CVE-2000-0746,0.06118,0.90183
CVE-2000-0747,0.00885,0.26162
CVE-2000-0748,0.00885,0.26162
CVE-2000-0749,0.0095,0.30554
CVE-2000-0750,0.01319,0.70416
CVE-2000-0751,0.0679,0.91793
CVE-2000-0752,0.00885,0.26162
CVE-2000-0753,0.06118,0.90183
CVE-2000-0754,0.00885,0.26162
CVE-2000-0755,0.00885,0.26162
CVE-2000-0756,0.03884,0.84938
CVE-2000-0757,0.04187,0.86773
CVE-2000-0758,0.0089,0.2856
CVE-2000-0759,0.05476,0.89511
CVE-2000-0760,0.05476,0.89511
CVE-2000-0761,0.01136,0.57949
CVE-2000-0762,0.01213,0.6557
CVE-2000-0763,0.01924,0.77129
CVE-2000-0764,0.01136,0.57949
CVE-2000-0765,0.03884,0.84938
CVE-2000-0766,0.04187,0.86773
CVE-2000-0767,0.03884,0.84938
CVE-2000-0768,0.09772,0.94058
CVE-2000-0769,0.01055,0.50287
CVE-2000-0770,0.09772,0.94058
CVE-2000-0771,0.01503,0.72743
CVE-2000-0772,0.01018,0.38792
CVE-2000-0773,0.01136,0.57949
CVE-2000-0774,0.00885,0.26162
CVE-2000-0775,0.04187,0.86773
CVE-2000-0776,0.04187,0.86773
CVE-2000-0777,0.03884,0.84938
CVE-2000-0778,0.33201,0.97559
CVE-2000-0779,0.01136,0.57949
CVE-2000-0780,0.04187,0.86773
CVE-2000-0781,0.0089,0.2856
CVE-2000-0782,0.04187,0.86773
CVE-2000-0783,0.01136,0.57949
CVE-2000-0784,0.01055,0.50287
CVE-2000-0785,0.00885,0.26162
CVE-2000-0786,0.0095,0.30554
CVE-2000-0787,0.04482,0.88223
CVE-2000-0788,0.06118,0.90183
CVE-2000-0789,0.00885,0.26162
CVE-2000-0790,0.01511,0.72784
CVE-2000-0791,0.00885,0.26162
CVE-2000-0792,0.00954,0.34522
CVE-2000-0793,0.00885,0.26162
CVE-2000-0794,0.01761,0.7555
CVE-2000-0795,0.01761,0.7555
CVE-2000-0796,0.01761,0.7555
CVE-2000-0797,0.01761,0.7555
CVE-2000-0798,0.03765,0.84407
CVE-2000-0799,0.01761,0.7555
CVE-2000-0800,0.01055,0.50287
CVE-2000-0801,0.00885,0.26162
CVE-2000-0802,0.00885,0.26162
CVE-2000-0803,0.00885,0.26162
CVE-2000-0804,0.01136,0.57949
CVE-2000-0805,0.00954,0.34522
CVE-2000-0806,0.01136,0.57949
CVE-2000-0807,0.01136,0.57949
CVE-2000-0808,0.01136,0.57949
CVE-2000-0809,0.01136,0.57949
CVE-2000-0810,0.01213,0.6557
CVE-2000-0811,0.01213,0.6557
CVE-2000-0812,0.01213,0.6557
CVE-2000-0813,0.01136,0.57949
CVE-2000-0816,0.01761,0.7555
CVE-2000-0817,0.11676,0.94929
CVE-2000-0818,0.00954,0.34522
CVE-2000-0824,0.0322,0.83442
CVE-2000-0825,0.01213,0.6557
CVE-2000-0826,0.01136,0.57949
CVE-2000-0827,0.01136,0.57949
CVE-2000-0828,0.04187,0.86773
CVE-2000-0829,0.01761,0.7555
CVE-2000-0830,0.25598,0.96882
CVE-2000-0831,0.01055,0.50287
CVE-2000-0832,0.01055,0.50287
CVE-2000-0833,0.04187,0.86773
CVE-2000-0834,0.25598,0.96882
CVE-2000-0835,0.04187,0.86773
CVE-2000-0836,0.04187,0.86773
CVE-2000-0837,0.01136,0.57949
CVE-2000-0838,0.01055,0.50287
CVE-2000-0839,0.01136,0.57949
CVE-2000-0840,0.01136,0.57949
CVE-2000-0841,0.01136,0.57949
CVE-2000-0842,0.01055,0.50287
CVE-2000-0843,0.01319,0.70416
CVE-2000-0844,0.08895,0.93684
CVE-2000-0845,0.01055,0.50287
CVE-2000-0846,0.04187,0.86773
CVE-2000-0847,0.01319,0.70416
CVE-2000-0848,0.04187,0.86773
CVE-2000-0849,0.11676,0.94929
CVE-2000-0850,0.01136,0.57949
CVE-2000-0851,0.03496,0.8406
CVE-2000-0852,0.0095,0.30554
CVE-2000-0853,0.04187,0.86773
CVE-2000-0854,0.21123,0.96373
CVE-2000-0855,0.01055,0.50287
CVE-2000-0856,0.01055,0.50287
CVE-2000-0857,0.01213,0.6557
CVE-2000-0858,0.13525,0.9555
CVE-2000-0859,0.01136,0.57949
CVE-2000-0860,0.01319,0.70416
CVE-2000-0861,0.0095,0.30554
CVE-2000-0862,0.01055,0.50287
CVE-2000-0863,0.00885,0.26162
CVE-2000-0864,0.0322,0.83442
CVE-2000-0865,0.01761,0.7555
CVE-2000-0866,0.0089,0.2856
CVE-2000-0867,0.01282,0.67298
CVE-2000-0868,0.01484,0.72722
CVE-2000-0869,0.05476,0.89511
CVE-2000-0870,0.01213,0.6557
CVE-2000-0871,0.01213,0.6557
CVE-2000-0872,0.04187,0.86773
CVE-2000-0873,0.01761,0.7555
CVE-2000-0874,0.01018,0.38792
CVE-2000-0875,0.01136,0.57949
CVE-2000-0876,0.01136,0.57949
CVE-2000-0877,0.01136,0.57949
CVE-2000-0878,0.01136,0.57949
CVE-2000-0879,0.0089,0.2856
CVE-2000-0880,0.01761,0.7555
CVE-2000-0881,0.01761,0.7555
CVE-2000-0882,0.01055,0.50287
CVE-2000-0883,0.04187,0.86773
CVE-2000-0884,0.26556,0.96997
CVE-2000-0885,0.11676,0.94929
CVE-2000-0886,0.24729,0.96719
CVE-2000-0887,0.12567,0.95329
CVE-2000-0888,0.04292,0.87029
CVE-2000-0889,0.00885,0.26162
CVE-2000-0890,0.0095,0.30554
CVE-2000-0891,0.01136,0.57949
CVE-2000-0892,0.00885,0.26162
CVE-2000-0893,0.01055,0.50287
CVE-2000-0894,0.01018,0.38792
CVE-2000-0895,0.04291,0.87022
CVE-2000-0896,0.01213,0.6557
CVE-2000-0897,0.04187,0.86773
CVE-2000-0898,0.01055,0.50287
CVE-2000-0899,0.01055,0.50287
CVE-2000-0900,0.01213,0.6557
CVE-2000-0901,0.0322,0.83442
CVE-2000-0902,0.01055,0.50287
CVE-2000-0903,0.04187,0.86773
CVE-2000-0904,0.04187,0.86773
CVE-2000-0905,0.01055,0.50287
CVE-2000-0906,0.04187,0.86773
CVE-2000-0907,0.01055,0.50287
CVE-2000-0908,0.04482,0.88223
CVE-2000-0909,0.0679,0.91793
CVE-2000-0910,0.0095,0.30554
CVE-2000-0911,0.00954,0.34522
CVE-2000-0912,0.04187,0.86773
CVE-2000-0913,0.06394,0.90534
CVE-2000-0914,0.04187,0.86773
CVE-2000-0915,0.01213,0.6557
CVE-2000-0916,0.01055,0.50287
CVE-2000-0917,0.79593,0.99455
CVE-2000-0918,0.00885,0.26162
CVE-2000-0919,0.04187,0.86773
CVE-2000-0920,0.04482,0.88223
CVE-2000-0921,0.04187,0.86773
CVE-2000-0922,0.04187,0.86773
CVE-2000-0923,0.01136,0.57949
CVE-2000-0924,0.04187,0.86773
CVE-2000-0925,0.04187,0.86773
CVE-2000-0926,0.04187,0.86773
CVE-2000-0927,0.0095,0.30554
CVE-2000-0928,0.0089,0.2856
CVE-2000-0929,0.19963,0.96223
CVE-2000-0930,0.04187,0.86773
CVE-2000-0931,0.01055,0.50287
CVE-2000-0932,0.01055,0.50287
CVE-2000-0933,0.01511,0.72784
CVE-2000-0934,0.0089,0.2856
CVE-2000-0935,0.02525,0.81073
CVE-2000-0936,0.02525,0.81073
CVE-2000-0937,0.04187,0.86773
CVE-2000-0938,0.01055,0.50287
CVE-2000-0939,0.01055,0.50287
CVE-2000-0940,0.01136,0.57949
CVE-2000-0941,0.04482,0.88223
CVE-2000-0942,0.25598,0.96882
CVE-2000-0943,0.01136,0.57949
CVE-2000-0944,0.04187,0.86773
CVE-2000-0945,0.82502,0.99545
CVE-2000-0946,0.0095,0.30554
CVE-2000-0947,0.01018,0.38792
CVE-2000-0948,0.01034,0.39824
CVE-2000-0949,0.0322,0.83442
CVE-2000-0950,0.00885,0.26162
CVE-2000-0951,0.25598,0.96882
CVE-2000-0952,0.01213,0.6557
CVE-2000-0953,0.04187,0.86773
CVE-2000-0954,0.00954,0.34522
CVE-2000-0955,0.04187,0.86773
CVE-2000-0956,0.0089,0.2856
CVE-2000-0957,0.00885,0.26162
CVE-2000-0958,0.04187,0.86773
CVE-2000-0959,0.0089,0.2856
CVE-2000-0960,0.01136,0.57949
CVE-2000-0961,0.00954,0.34522
CVE-2000-0962,0.01213,0.6557
CVE-2000-0963,0.0095,0.30554
CVE-2000-0964,0.01136,0.57949
CVE-2000-0965,0.00885,0.26162
CVE-2000-0966,0.0089,0.2856
CVE-2000-0967,0.12567,0.95329
CVE-2000-0968,0.01213,0.6557
CVE-2000-0969,0.01213,0.6557
CVE-2000-0970,0.14286,0.95614
CVE-2000-0971,0.04187,0.86773
CVE-2000-0972,0.01761,0.7555
CVE-2000-0973,0.04482,0.88223
CVE-2000-0974,0.01537,0.73595
CVE-2000-0975,0.04187,0.86773
CVE-2000-0976,0.01761,0.7555
CVE-2000-0977,0.04187,0.86773
CVE-2000-0978,0.01136,0.57949
CVE-2000-0980,0.11676,0.94929
CVE-2000-0981,0.01061,0.51015
CVE-2000-0982,0.13525,0.9555
CVE-2000-0983,0.24729,0.96719
CVE-2000-0984,0.01761,0.7555
CVE-2000-0985,0.04187,0.86773
CVE-2000-0986,0.00885,0.26162
CVE-2000-0987,0.01725,0.7519
CVE-2000-0988,0.01132,0.54372
CVE-2000-0989,0.04187,0.86773
CVE-2000-0990,0.01213,0.6557
CVE-2000-0991,0.04187,0.86773
CVE-2000-0992,0.04482,0.88223
CVE-2000-0993,0.01924,0.77129
CVE-2000-0994,0.01761,0.7555
CVE-2000-0995,0.0095,0.30554
CVE-2000-0996,0.0095,0.30554
CVE-2000-0997,0.0095,0.30554
CVE-2000-0998,0.01761,0.7555
CVE-2000-0999,0.00885,0.26162
CVE-2000-1000,0.01136,0.57949
CVE-2000-1001,0.01136,0.57949
CVE-2000-1002,0.01136,0.57949
CVE-2000-1003,0.11676,0.94929
CVE-2000-1004,0.0089,0.2856
CVE-2000-1005,0.04187,0.86773
CVE-2000-1006,0.11676,0.94929
CVE-2000-1007,0.00885,0.26162
CVE-2000-1008,0.04187,0.86773
CVE-2000-1009,0.01761,0.7555
CVE-2000-1010,0.01136,0.57949
CVE-2000-1011,0.0089,0.2856
CVE-2000-1012,0.00885,0.26162
CVE-2000-1013,0.00885,0.26162
CVE-2000-1014,0.04187,0.86773
CVE-2000-1015,0.01136,0.57949
CVE-2000-1016,0.04187,0.86773
CVE-2000-1017,0.01136,0.57949
CVE-2000-1018,0.0095,0.30554
CVE-2000-1019,0.01136,0.57949
CVE-2000-1020,0.01136,0.57949
CVE-2000-1021,0.04187,0.86773
CVE-2000-1022,0.04482,0.88223
CVE-2000-1023,0.04187,0.86773
CVE-2000-1024,0.01136,0.57949
CVE-2000-1025,0.04187,0.86773
CVE-2000-1026,0.04482,0.88223
CVE-2000-1027,0.04187,0.86773
CVE-2000-1028,0.01761,0.7555
CVE-2000-1029,0.04187,0.86773
CVE-2000-1030,0.01136,0.57949
CVE-2000-1031,0.0219,0.80125
CVE-2000-1032,0.01213,0.6557
CVE-2000-1033,0.04187,0.86773
CVE-2000-1034,0.13525,0.9555
CVE-2000-1035,0.04187,0.86773
CVE-2000-1036,0.04187,0.86773
CVE-2000-1037,0.04187,0.86773
CVE-2000-1038,0.01136,0.57949
CVE-2000-1039,0.13105,0.9547
CVE-2000-1040,0.01537,0.73595
CVE-2000-1041,0.01018,0.38792
CVE-2000-1042,0.00885,0.26162
CVE-2000-1043,0.00885,0.26162
CVE-2000-1044,0.00954,0.34522
CVE-2000-1045,0.01213,0.6557
CVE-2000-1046,0.03696,0.84331
CVE-2000-1047,0.01213,0.6557
CVE-2000-1048,0.01055,0.50287
CVE-2000-1049,0.01136,0.57949
CVE-2000-1050,0.04187,0.86773
CVE-2000-1051,0.01136,0.57949
CVE-2000-1052,0.01055,0.50287
CVE-2000-1053,0.04187,0.86773
CVE-2000-1054,0.04187,0.86773
CVE-2000-1055,0.01213,0.6557
CVE-2000-1056,0.01136,0.57949
CVE-2000-1057,0.0089,0.2856
CVE-2000-1058,0.04187,0.86773
CVE-2000-1059,0.0095,0.30554
CVE-2000-1060,0.0095,0.30554
CVE-2000-1061,0.18563,0.96143
CVE-2000-1062,0.01136,0.57949
CVE-2000-1063,0.01136,0.57949
CVE-2000-1064,0.01136,0.57949
CVE-2000-1065,0.01136,0.57949
CVE-2000-1066,0.01136,0.57949
CVE-2000-1068,0.01136,0.57949
CVE-2000-1069,0.04187,0.86773
CVE-2000-1070,0.01055,0.50287
CVE-2000-1071,0.01213,0.6557
CVE-2000-1072,0.01761,0.7555
CVE-2000-1073,0.0095,0.30554
CVE-2000-1074,0.04187,0.86773
CVE-2000-1075,0.0679,0.91793
CVE-2000-1076,0.01055,0.50287
CVE-2000-1077,0.01055,0.50287
CVE-2000-1078,0.04187,0.86773
CVE-2000-1079,0.13105,0.9547
CVE-2000-1080,0.01213,0.6557
CVE-2000-1081,0.03134,0.83162
CVE-2000-1082,0.01511,0.72784
CVE-2000-1083,0.02741,0.82129
CVE-2000-1084,0.01511,0.72784
CVE-2000-1085,0.02741,0.82129
CVE-2000-1086,0.01511,0.72784
CVE-2000-1087,0.01511,0.72784
CVE-2000-1088,0.01511,0.72784
CVE-2000-1089,0.68318,0.99067
CVE-2000-1090,0.11676,0.94929
CVE-2000-1092,0.04187,0.86773
CVE-2000-1093,0.04187,0.86773
CVE-2000-1094,0.04482,0.88223
CVE-2000-1095,0.02046,0.7858
CVE-2000-1096,0.01761,0.7555
CVE-2000-1097,0.01213,0.6557
CVE-2000-1098,0.01055,0.50287
CVE-2000-1099,0.01018,0.38792
CVE-2000-1100,0.04187,0.86773
CVE-2000-1101,0.00954,0.34522
CVE-2000-1102,0.01055,0.50287
CVE-2000-1103,0.01761,0.7555
CVE-2000-1104,0.03354,0.83629
CVE-2000-1105,0.07164,0.91918
CVE-2000-1106,0.0095,0.30554
CVE-2000-1107,0.01136,0.57949
CVE-2000-1108,0.0095,0.30554
CVE-2000-1109,0.0095,0.30554
CVE-2000-1110,0.04187,0.86773
CVE-2000-1111,0.11676,0.94929
CVE-2000-1112,0.2067,0.96331
CVE-2000-1113,0.25598,0.96882
CVE-2000-1114,0.04187,0.86773
CVE-2000-1115,0.01213,0.6557
CVE-2000-1116,0.04187,0.86773
CVE-2000-1117,0.03432,0.83945
CVE-2000-1118,0.01055,0.50287
CVE-2000-1119,0.01924,0.77129
CVE-2000-1120,0.01761,0.7555
CVE-2000-1121,0.01761,0.7555
CVE-2000-1122,0.0095,0.30554
CVE-2000-1123,0.0095,0.30554
CVE-2000-1124,0.01761,0.7555
CVE-2000-1125,0.01761,0.7555
CVE-2000-1126,0.01136,0.57949
CVE-2000-1127,0.01761,0.7555
CVE-2000-1128,0.00885,0.26162
CVE-2000-1129,0.04187,0.86773
CVE-2000-1130,0.01055,0.50287
CVE-2000-1131,0.01136,0.57949
CVE-2000-1132,0.04482,0.88223
CVE-2000-1133,0.01136,0.57949
CVE-2000-1134,0.0322,0.83442
CVE-2000-1135,0.0089,0.2856
CVE-2000-1136,0.0089,0.2856
CVE-2000-1137,0.01034,0.39824
CVE-2000-1138,0.00885,0.26162
CVE-2000-1139,0.047,0.88653
CVE-2000-1140,0.01963,0.77709
CVE-2000-1141,0.0095,0.30554
CVE-2000-1142,0.0095,0.30554
CVE-2000-1143,0.0095,0.30554
CVE-2000-1144,0.02104,0.79086
CVE-2000-1145,0.0095,0.30554
CVE-2000-1146,0.0095,0.30554
CVE-2000-1147,0.02741,0.82129
CVE-2000-1148,0.0095,0.30554
CVE-2000-1149,0.13525,0.9555
CVE-2000-1150,0.01055,0.50287
CVE-2000-1151,0.01055,0.50287
CVE-2000-1152,0.01055,0.50287
CVE-2000-1153,0.01055,0.50287
CVE-2000-1154,0.04187,0.86773
CVE-2000-1155,0.01055,0.50287
CVE-2000-1156,0.0089,0.2856
CVE-2000-1157,0.01055,0.50287
CVE-2000-1158,0.00885,0.26162
CVE-2000-1159,0.01055,0.50287
CVE-2000-1160,0.01055,0.50287
CVE-2000-1161,0.01055,0.50287
CVE-2000-1162,0.01034,0.39824
CVE-2000-1163,0.01034,0.39824
CVE-2000-1164,0.0089,0.2856
CVE-2000-1165,0.01213,0.6557
CVE-2000-1166,0.01213,0.6557
CVE-2000-1167,0.01213,0.6557
CVE-2000-1168,0.01055,0.50287
CVE-2000-1169,0.01537,0.73595
CVE-2000-1170,0.01213,0.6557
CVE-2000-1171,0.04187,0.86773
CVE-2000-1172,0.01055,0.50287
CVE-2000-1173,0.04187,0.86773
CVE-2000-1174,0.0679,0.91793
CVE-2000-1175,0.01761,0.7555
CVE-2000-1176,0.04187,0.86773
CVE-2000-1177,0.04187,0.86773
CVE-2000-1178,0.01282,0.67298
CVE-2000-1179,0.01136,0.57949
CVE-2000-1180,0.01725,0.7519
CVE-2000-1181,0.04187,0.86773
CVE-2000-1182,0.01213,0.6557
CVE-2000-1183,0.00885,0.26162
CVE-2000-1184,0.01136,0.57949
CVE-2000-1185,0.01055,0.50287
CVE-2000-1186,0.04187,0.86773
CVE-2000-1187,0.01319,0.70416
CVE-2000-1188,0.01055,0.50287
CVE-2000-1189,0.0095,0.30554
CVE-2000-1190,0.0089,0.2856
CVE-2000-1191,0.01213,0.6557
CVE-2000-1192,0.01213,0.6557
CVE-2000-1193,0.04187,0.86773
CVE-2000-1194,0.01055,0.50287
CVE-2000-1195,0.01055,0.50287
CVE-2000-1196,0.04187,0.86773
CVE-2000-1197,0.0089,0.2856
CVE-2000-1198,0.01761,0.7555
CVE-2000-1199,0.01963,0.77709
CVE-2000-1200,0.11676,0.94929
CVE-2000-1201,0.01055,0.50287
CVE-2000-1202,0.01592,0.74578
CVE-2000-1203,0.01213,0.6557
CVE-2000-1204,0.02072,0.79023
CVE-2000-1205,0.03718,0.84354
CVE-2000-1206,0.02072,0.79023
CVE-2000-1207,0.0095,0.30554
CVE-2000-1208,0.01034,0.39824
CVE-2000-1209,0.23038,0.96506
CVE-2000-1210,0.01055,0.50287
CVE-2000-1211,0.01108,0.53389
CVE-2000-1212,0.01108,0.53389
CVE-2000-1213,0.00954,0.34522
CVE-2000-1214,0.01034,0.39824
CVE-2000-1215,0.01213,0.6557
CVE-2000-1216,0.0089,0.2856
CVE-2000-1217,0.05148,0.89129
CVE-2000-1218,0.09772,0.94058
CVE-2000-1219,0.00885,0.26162
CVE-2000-1220,0.07742,0.9277
CVE-2000-1221,0.07197,0.92068
CVE-2000-1222,0.00885,0.26162
CVE-2000-1223,0.01055,0.50287
CVE-2000-1224,0.04187,0.86773
CVE-2000-1225,0.01055,0.50287
CVE-2000-1226,0.01055,0.50287
CVE-2000-1227,0.09772,0.94058
CVE-2000-1228,0.04187,0.86773
CVE-2000-1229,0.00954,0.34522
CVE-2000-1230,0.04187,0.86773
CVE-2000-1231,0.01136,0.57949
CVE-2000-1232,0.01136,0.57949
CVE-2000-1233,0.01136,0.57949
CVE-2000-1234,0.04187,0.86773
CVE-2000-1235,0.01319,0.70416
CVE-2000-1236,0.01319,0.70416
CVE-2000-1237,0.01055,0.50287
CVE-2000-1238,0.01136,0.57949
CVE-2000-1239,0.01061,0.51015
CVE-2000-1240,0.01055,0.50287
CVE-2000-1241,0.00885,0.26162
CVE-2000-1242,0.01055,0.50287
CVE-2000-1243,0.01018,0.38792
CVE-2000-1244,0.04187,0.86773
CVE-2000-1245,0.01055,0.50287
CVE-2000-1246,0.01055,0.50287
CVE-2000-1247,0.01164,0.60046
CVE-2000-1254,0.01319,0.70416
CVE-1999-0001,0.01213,0.6557
CVE-1999-0002,0.04482,0.88223
CVE-1999-0003,0.0679,0.91793
CVE-1999-0004,0.01018,0.38792
CVE-1999-0005,0.042659999999999997,0.86883
CVE-1999-0006,0.04482,0.88223
CVE-1999-0007,0.047,0.88653
CVE-1999-0008,0.01018,0.38792
CVE-1999-0009,0.0679,0.91793
CVE-1999-0010,0.01626,0.74899
CVE-1999-0011,0.01626,0.74899
CVE-1999-0012,0.11676,0.94929
CVE-1999-0013,0.0095,0.30554
CVE-1999-0014,0.01963,0.77709
CVE-1999-0015,0.14716,0.95662
CVE-1999-0017,0.01018,0.38792
CVE-1999-0018,0.04187,0.86773
CVE-1999-0019,0.00954,0.34522
CVE-1999-0021,0.042659999999999997,0.86883
CVE-1999-0022,0.0095,0.30554
CVE-1999-0023,0.01761,0.7555
CVE-1999-0024,0.01626,0.74899
CVE-1999-0025,0.02808,0.82317
CVE-1999-0026,0.01963,0.77709
CVE-1999-0027,0.01963,0.77709
CVE-1999-0028,0.0095,0.30554
CVE-1999-0029,0.01963,0.77709
CVE-1999-0030,0.0095,0.30554
CVE-1999-0031,0.09772,0.94058
CVE-1999-0032,0.02172,0.79379
CVE-1999-0033,0.01592,0.74578
CVE-1999-0034,0.01963,0.77709
CVE-1999-0035,0.01018,0.38792
CVE-1999-0036,0.02808,0.82317
CVE-1999-0037,0.0292,0.82516
CVE-1999-0038,0.0089,0.2856
CVE-1999-0039,0.07197,0.92068
CVE-1999-0040,0.01761,0.7555
CVE-1999-0041,0.04187,0.86773
CVE-1999-0042,0.04187,0.86773
CVE-1999-0043,0.0292,0.82516
CVE-1999-0044,0.01761,0.7555
CVE-1999-0045,0.05476,0.89511
CVE-1999-0046,0.04187,0.86773
CVE-1999-0047,0.00954,0.34522
CVE-1999-0048,0.01108,0.53389
CVE-1999-0049,0.0089,0.2856
CVE-1999-0050,0.01963,0.77709
CVE-1999-0051,0.01899,0.76481
CVE-1999-0052,0.01136,0.57949
CVE-1999-0053,0.00885,0.26162
CVE-1999-0054,0.00885,0.26162
CVE-1999-0055,0.0095,0.30554
CVE-1999-0056,0.00885,0.26162
CVE-1999-0057,0.25143,0.96828
CVE-1999-0058,0.00954,0.34522
CVE-1999-0059,0.01018,0.38792
CVE-1999-0060,0.04187,0.86773
CVE-1999-0061,0.06309,0.90494
CVE-1999-0062,0.0089,0.2856
CVE-1999-0063,0.04187,0.86773
CVE-1999-0064,0.01761,0.7555
CVE-1999-0065,0.01055,0.50287
CVE-1999-0066,0.07687,0.92751
CVE-1999-0067,0.07777,0.92953
CVE-1999-0068,0.04187,0.86773
CVE-1999-0069,0.01963,0.77709
CVE-1999-0070,0.05476,0.89511
CVE-1999-0071,0.00954,0.34522
CVE-1999-0072,0.0089,0.2856
CVE-1999-0073,0.00954,0.34522
CVE-1999-0074,0.03884,0.84938
CVE-1999-0075,0.00954,0.34522
CVE-1999-0076,0.00885,0.26162
CVE-1999-0077,0.03354,0.83629
CVE-1999-0078,0.0089,0.2856
CVE-1999-0079,0.01136,0.57949
CVE-1999-0080,0.01213,0.6557
CVE-1999-0081,0.00885,0.26162
CVE-1999-0082,0.00885,0.26162
CVE-1999-0083,0.00885,0.26162
CVE-1999-0084,0.00885,0.26162
CVE-1999-0085,0.06523,0.90962
CVE-1999-0086,0.01136,0.57949
CVE-1999-0087,0.00954,0.34522
CVE-1999-0088,0.01055,0.50287
CVE-1999-0089,0.0089,0.2856
CVE-1999-0090,0.0089,0.2856
CVE-1999-0091,0.0089,0.2856
CVE-1999-0092,0.01761,0.7555
CVE-1999-0093,0.0089,0.2856
CVE-1999-0094,0.0089,0.2856
CVE-1999-0095,0.07197,0.92068
CVE-1999-0096,0.01108,0.53389
CVE-1999-0097,0.00954,0.34522
CVE-1999-0098,0.01055,0.50287
CVE-1999-0099,0.01136,0.57949
CVE-1999-0100,0.00954,0.34522
CVE-1999-0101,0.0679,0.91793
CVE-1999-0102,0.00885,0.26162
CVE-1999-0103,0.29721,0.97312
CVE-1999-0104,0.06118,0.90183
CVE-1999-0105,0.00885,0.26162
CVE-1999-0106,0.00885,0.26162
CVE-1999-0107,0.05476,0.89511
CVE-1999-0108,0.01761,0.7555
CVE-1999-0109,0.01963,0.77709
CVE-1999-0111,0.00885,0.26162
CVE-1999-0112,0.01963,0.77709
CVE-1999-0113,0.04482,0.88223
CVE-1999-0114,0.0095,0.30554
CVE-1999-0115,0.01761,0.7555
CVE-1999-0116,0.04187,0.86773
CVE-1999-0117,0.0089,0.2856
CVE-1999-0118,0.01761,0.7555
CVE-1999-0119,0.03354,0.83629
CVE-1999-0120,0.0089,0.2856
CVE-1999-0121,0.0089,0.2856
CVE-1999-0122,0.01963,0.77709
CVE-1999-0123,0.0089,0.2856
CVE-1999-0124,0.00954,0.34522
CVE-1999-0125,0.01963,0.77709
CVE-1999-0126,0.01963,0.77709
CVE-1999-0127,0.0095,0.30554
CVE-1999-0128,0.00954,0.34522
CVE-1999-0129,0.00885,0.26162
CVE-1999-0130,0.01761,0.7555
CVE-1999-0131,0.0089,0.2856
CVE-1999-0132,0.0089,0.2856
CVE-1999-0133,0.01052,0.41643
CVE-1999-0134,0.0095,0.30554
CVE-1999-0135,0.0095,0.30554
CVE-1999-0136,0.0095,0.30554
CVE-1999-0137,0.01761,0.7555
CVE-1999-0138,0.0089,0.2856
CVE-1999-0139,0.0089,0.2856
CVE-1999-0140,0.11254,0.94654
CVE-1999-0141,0.0089,0.2856
CVE-1999-0142,0.00954,0.34522
CVE-1999-0143,0.0089,0.2856
CVE-1999-0144,0.02808,0.82317
CVE-1999-0145,0.01034,0.39824
CVE-1999-0146,0.04187,0.86773
CVE-1999-0147,0.07687,0.92751
CVE-1999-0148,0.042659999999999997,0.86883
CVE-1999-0149,0.04482,0.88223
CVE-1999-0150,0.04679,0.88603
CVE-1999-0151,0.00954,0.34522
CVE-1999-0152,0.06523,0.90962
CVE-1999-0153,0.1289,0.95412
CVE-1999-0154,0.35359,0.97731
CVE-1999-0155,0.01136,0.57949
CVE-1999-0156,0.00885,0.26162
CVE-1999-0157,0.00954,0.34522
CVE-1999-0158,0.00954,0.34522
CVE-1999-0159,0.00954,0.34522
CVE-1999-0160,0.01018,0.38792
CVE-1999-0161,0.00954,0.34522
CVE-1999-0162,0.00954,0.34522
CVE-1999-0163,0.00885,0.26162
CVE-1999-0164,0.0095,0.30554
CVE-1999-0165,0.00885,0.26162
CVE-1999-0166,0.00885,0.26162
CVE-1999-0167,0.0089,0.2856
CVE-1999-0168,0.00885,0.26162
CVE-1999-0169,0.00885,0.26162
CVE-1999-0170,0.34105,0.976
CVE-1999-0171,0.00885,0.26162
CVE-1999-0172,0.06523,0.90962
CVE-1999-0173,0.04187,0.86773
CVE-1999-0174,0.04187,0.86773
CVE-1999-0175,0.04187,0.86773
CVE-1999-0176,0.04187,0.86773
CVE-1999-0177,0.01213,0.6557
CVE-1999-0178,0.07687,0.92751
CVE-1999-0179,0.06118,0.90183
CVE-1999-0180,0.00885,0.26162
CVE-1999-0181,0.00885,0.26162
CVE-1999-0182,0.04187,0.86773
CVE-1999-0183,0.00885,0.26162
CVE-1999-0184,0.00885,0.26162
CVE-1999-0185,0.04679,0.88603
CVE-1999-0186,0.01136,0.57949
CVE-1999-0188,0.00885,0.26162
CVE-1999-0189,0.00954,0.34522
CVE-1999-0190,0.00885,0.26162
CVE-1999-0191,0.18563,0.96143
CVE-1999-0192,0.04187,0.86773
CVE-1999-0193,0.04187,0.86773
CVE-1999-0194,0.00885,0.26162
CVE-1999-0195,0.00885,0.26162
CVE-1999-0196,0.07687,0.92751
CVE-1999-0197,0.00885,0.26162
CVE-1999-0198,0.00885,0.26162
CVE-1999-0199,0.00954,0.34522
CVE-1999-0200,0.00885,0.26162
CVE-1999-0201,0.00885,0.26162
CVE-1999-0202,0.00885,0.26162
CVE-1999-0203,0.01018,0.38792
CVE-1999-0204,0.04187,0.86773
CVE-1999-0205,0.00885,0.26162
CVE-1999-0206,0.00954,0.34522
CVE-1999-0207,0.04187,0.86773
CVE-1999-0208,0.04187,0.86773
CVE-1999-0209,0.6965,0.99087
CVE-1999-0210,0.04482,0.88223
CVE-1999-0211,0.00885,0.26162
CVE-1999-0212,0.01136,0.57949
CVE-1999-0213,0.00954,0.34522
CVE-1999-0214,0.00885,0.26162
CVE-1999-0215,0.04187,0.86773
CVE-1999-0216,0.01018,0.38792
CVE-1999-0217,0.00885,0.26162
CVE-1999-0218,0.00885,0.26162
CVE-1999-0219,0.04482,0.88223
CVE-1999-0220,0.00885,0.26162
CVE-1999-0221,0.00885,0.26162
CVE-1999-0222,0.00885,0.26162
CVE-1999-0223,0.0095,0.30554
CVE-1999-0224,0.1289,0.95412
CVE-1999-0225,0.11676,0.94929
CVE-1999-0226,0.03354,0.83629
CVE-1999-0227,0.03884,0.84938
CVE-1999-0228,0.03884,0.84938
CVE-1999-0229,0.03884,0.84938
CVE-1999-0230,0.00885,0.26162
CVE-1999-0231,0.00885,0.26162
CVE-1999-0232,0.00885,0.26162
CVE-1999-0233,0.14716,0.95662
CVE-1999-0234,0.0089,0.2856
CVE-1999-0235,0.00954,0.34522
CVE-1999-0236,0.05476,0.89511
CVE-1999-0237,0.06523,0.90962
CVE-1999-0238,0.04187,0.86773
CVE-1999-0239,0.04187,0.86773
CVE-1999-0240,0.00885,0.26162
CVE-1999-0241,0.01055,0.50287
CVE-1999-0242,0.01136,0.57949
CVE-1999-0243,0.00885,0.26162
CVE-1999-0244,0.06523,0.90962
CVE-1999-0245,0.0089,0.2856
CVE-1999-0246,0.01055,0.50287
CVE-1999-0247,0.01136,0.57949
CVE-1999-0248,0.00885,0.26162
CVE-1999-0249,0.07016,0.91868
CVE-1999-0250,0.01018,0.38792
CVE-1999-0251,0.01055,0.50287
CVE-1999-0252,0.03432,0.83945
CVE-1999-0253,0.047,0.88653
CVE-1999-0254,0.01136,0.57949
CVE-1999-0255,0.03477,0.84037
CVE-1999-0256,0.81804,0.99525
CVE-1999-0257,0.00885,0.26162
CVE-1999-0258,0.03354,0.83629
CVE-1999-0259,0.00954,0.34522
CVE-1999-0260,0.0292,0.82516
CVE-1999-0261,0.00885,0.26162
CVE-1999-0262,0.04187,0.86773
CVE-1999-0263,0.00885,0.26162
CVE-1999-0264,0.04187,0.86773
CVE-1999-0265,0.00954,0.34522
CVE-1999-0266,0.07687,0.92751
CVE-1999-0267,0.06523,0.90962
CVE-1999-0268,0.04482,0.88223
CVE-1999-0269,0.04187,0.86773
CVE-1999-0270,0.01319,0.70416
CVE-1999-0271,0.00954,0.34522
CVE-1999-0272,0.00885,0.26162
CVE-1999-0273,0.00885,0.26162
CVE-1999-0274,0.047,0.88653
CVE-1999-0275,0.06118,0.90183
CVE-1999-0276,0.06523,0.90962
CVE-1999-0277,0.0089,0.2856
CVE-1999-0278,0.20999,0.96367
CVE-1999-0279,0.06523,0.90962
CVE-1999-0280,0.34513,0.97636
CVE-1999-0281,0.1289,0.95412
CVE-1999-0283,0.04187,0.86773
CVE-1999-0284,0.1289,0.95412
CVE-1999-0285,0.03354,0.83629
CVE-1999-0286,0.00885,0.26162
CVE-1999-0287,0.00885,0.26162
CVE-1999-0288,0.26556,0.96997
CVE-1999-0289,0.00885,0.26162
CVE-1999-0290,0.01213,0.6557
CVE-1999-0291,0.01055,0.50287
CVE-1999-0292,0.03884,0.84938
CVE-1999-0293,0.00954,0.34522
CVE-1999-0294,0.1289,0.95412
CVE-1999-0295,0.00885,0.26162
CVE-1999-0296,0.00885,0.26162
CVE-1999-0297,0.0095,0.30554
CVE-1999-0298,0.01055,0.50287
CVE-1999-0299,0.00885,0.26162
CVE-1999-0300,0.00885,0.26162
CVE-1999-0301,0.01963,0.77709
CVE-1999-0302,0.00885,0.26162
CVE-1999-0303,0.0089,0.2856
CVE-1999-0304,0.0089,0.2856
CVE-1999-0305,0.01213,0.6557
CVE-1999-0306,0.00885,0.26162
CVE-1999-0307,0.0089,0.2856
CVE-1999-0308,0.0089,0.2856
CVE-1999-0309,0.0089,0.2856
CVE-1999-0310,0.00885,0.26162
CVE-1999-0311,0.00885,0.26162
CVE-1999-0312,0.00954,0.34522
CVE-1999-0313,0.0095,0.30554
CVE-1999-0314,0.01761,0.7555
CVE-1999-0315,0.00885,0.26162
CVE-1999-0316,0.0089,0.2856
CVE-1999-0317,0.0089,0.2856
CVE-1999-0318,0.0095,0.30554
CVE-1999-0319,0.00885,0.26162
CVE-1999-0320,0.00885,0.26162
CVE-1999-0321,0.01761,0.7555
CVE-1999-0322,0.0089,0.2856
CVE-1999-0323,0.00954,0.34522
CVE-1999-0324,0.0089,0.2856
CVE-1999-0325,0.00885,0.26162
CVE-1999-0326,0.00885,0.26162
CVE-1999-0327,0.00885,0.26162
CVE-1999-0328,0.01761,0.7555
CVE-1999-0329,0.00885,0.26162
CVE-1999-0330,0.0089,0.2856
CVE-1999-0331,0.03884,0.84938
CVE-1999-0332,0.15544,0.95787
CVE-1999-0333,0.25143,0.96828
CVE-1999-0334,0.00954,0.34522
CVE-1999-0336,0.0089,0.2856
CVE-1999-0337,0.01136,0.57949
CVE-1999-0338,0.0089,0.2856
CVE-1999-0339,0.0089,0.2856
CVE-1999-0340,0.0089,0.2856
CVE-1999-0341,0.0089,0.2856
CVE-1999-0342,0.0089,0.2856
CVE-1999-0343,0.00954,0.34522
CVE-1999-0344,0.01511,0.72784
CVE-1999-0345,0.00885,0.26162
CVE-1999-0346,0.01018,0.38792
CVE-1999-0347,0.04187,0.86773
CVE-1999-0348,0.047,0.88653
CVE-1999-0349,0.13105,0.9547
CVE-1999-0350,0.01761,0.7555
CVE-1999-0351,0.00954,0.34522
CVE-1999-0352,0.0089,0.2856
CVE-1999-0353,0.00954,0.34522
CVE-1999-0354,0.09401,0.9396
CVE-1999-0355,0.01136,0.57949
CVE-1999-0356,0.00954,0.34522
CVE-1999-0357,0.11676,0.94929
CVE-1999-0358,0.0095,0.30554
CVE-1999-0359,0.00954,0.34522
CVE-1999-0360,0.03914,0.84961
CVE-1999-0361,0.00885,0.26162
CVE-1999-0362,0.01136,0.57949
CVE-1999-0363,0.01963,0.77709
CVE-1999-0364,0.03354,0.83629
CVE-1999-0365,0.06523,0.90962
CVE-1999-0366,0.047,0.88653
CVE-1999-0367,0.00885,0.26162
CVE-1999-0368,0.04187,0.86773
CVE-1999-0369,0.01963,0.77709
CVE-1999-0370,0.00885,0.26162
CVE-1999-0371,0.0095,0.30554
CVE-1999-0372,0.02741,0.82129
CVE-1999-0373,0.0095,0.30554
CVE-1999-0374,0.0095,0.30554
CVE-1999-0375,0.01213,0.6557
CVE-1999-0376,0.02815,0.82338
CVE-1999-0377,0.01055,0.50287
CVE-1999-0378,0.01018,0.38792
CVE-1999-0379,0.06118,0.90183
CVE-1999-0380,0.0095,0.30554
CVE-1999-0381,0.01761,0.7555
CVE-1999-0382,0.03634,0.84258
CVE-1999-0383,0.01018,0.38792
CVE-1999-0384,0.01503,0.72743
CVE-1999-0385,0.13525,0.9555
CVE-1999-0386,0.20999,0.96367
CVE-1999-0387,0.06118,0.90183
CVE-1999-0388,0.01761,0.7555
CVE-1999-0389,0.0089,0.2856
CVE-1999-0390,0.0089,0.2856
CVE-1999-0391,0.03884,0.84938
CVE-1999-0392,0.00954,0.34522
CVE-1999-0393,0.04187,0.86773
CVE-1999-0394,0.00885,0.26162
CVE-1999-0395,0.00885,0.26162
CVE-1999-0396,0.01213,0.6557
CVE-1999-0397,0.00954,0.34522
CVE-1999-0398,0.0095,0.30554
CVE-1999-0399,0.01136,0.57949
CVE-1999-0400,0.01963,0.77709
CVE-1999-0401,0.0089,0.2856
CVE-1999-0402,0.01018,0.38792
CVE-1999-0403,0.00885,0.26162
CVE-1999-0404,0.07687,0.92751
CVE-1999-0405,0.01761,0.7555
CVE-1999-0406,0.0089,0.2856
CVE-1999-0407,0.047,0.88653
CVE-1999-0408,0.00954,0.34522
CVE-1999-0409,0.01761,0.7555
CVE-1999-0410,0.01761,0.7555
CVE-1999-0411,0.0089,0.2856
CVE-1999-0412,0.14716,0.95662
CVE-1999-0413,0.00885,0.26162
CVE-1999-0414,0.01136,0.57949
CVE-1999-0415,0.01213,0.6557
CVE-1999-0416,0.04187,0.86773
CVE-1999-0417,0.01761,0.7555
CVE-1999-0418,0.01055,0.50287
CVE-1999-0419,0.00954,0.34522
CVE-1999-0420,0.00885,0.26162
CVE-1999-0421,0.01132,0.54372
CVE-1999-0422,0.00885,0.26162
CVE-1999-0423,0.00885,0.26162
CVE-1999-0424,0.0089,0.2856
CVE-1999-0425,0.0089,0.2856
CVE-1999-0426,0.00885,0.26162
CVE-1999-0427,0.01136,0.57949
CVE-1999-0428,0.01136,0.57949
CVE-1999-0429,0.01018,0.38792
CVE-1999-0430,0.01213,0.6557
CVE-1999-0431,0.04187,0.86773
CVE-1999-0432,0.00885,0.26162
CVE-1999-0433,0.01761,0.7555
CVE-1999-0434,0.00885,0.26162
CVE-1999-0435,0.00885,0.26162
CVE-1999-0436,0.00885,0.26162
CVE-1999-0437,0.01136,0.57949
CVE-1999-0438,0.01136,0.57949
CVE-1999-0439,0.01018,0.38792
CVE-1999-0440,0.06523,0.90962
CVE-1999-0441,0.04187,0.86773
CVE-1999-0442,0.01761,0.7555
CVE-1999-0443,0.01055,0.50287
CVE-1999-0444,0.11676,0.94929
CVE-1999-0445,0.00954,0.34522
CVE-1999-0446,0.0089,0.2856
CVE-1999-0447,0.00885,0.26162
CVE-1999-0448,0.20999,0.96367
CVE-1999-0449,0.21709,0.96393
CVE-1999-0450,0.1289,0.95412
CVE-1999-0451,0.01761,0.7555
CVE-1999-0452,0.00885,0.26162
CVE-1999-0453,0.00885,0.26162
CVE-1999-0454,0.01055,0.50287
CVE-1999-0455,0.01136,0.57949
CVE-1999-0457,0.0095,0.30554
CVE-1999-0458,0.0089,0.2856
CVE-1999-0459,0.00885,0.26162
CVE-1999-0460,0.01761,0.7555
CVE-1999-0461,0.01055,0.50287
CVE-1999-0462,0.00885,0.26162
CVE-1999-0463,0.01055,0.50287
CVE-1999-0464,0.0089,0.2856
CVE-1999-0465,0.01055,0.50287
CVE-1999-0466,0.00885,0.26162
CVE-1999-0467,0.01136,0.57949
CVE-1999-0468,0.047,0.88653
CVE-1999-0469,0.11676,0.94929
CVE-1999-0470,0.04187,0.86773
CVE-1999-0471,0.01136,0.57949
CVE-1999-0472,0.00954,0.34522
CVE-1999-0473,0.0095,0.30554
CVE-1999-0474,0.01136,0.57949
CVE-1999-0475,0.0089,0.2856
CVE-1999-0476,0.0089,0.2856
CVE-1999-0477,0.01136,0.57949
CVE-1999-0478,0.00885,0.26162
CVE-1999-0479,0.00885,0.26162
CVE-1999-0480,0.00885,0.26162
CVE-1999-0481,0.00885,0.26162
CVE-1999-0482,0.00885,0.26162
CVE-1999-0483,0.00885,0.26162
CVE-1999-0484,0.00885,0.26162
CVE-1999-0485,0.01136,0.57949
CVE-1999-0486,0.01055,0.50287
CVE-1999-0487,0.18563,0.96143
CVE-1999-0488,0.06956,0.91856
CVE-1999-0489,0.06956,0.91856
CVE-1999-0490,0.06956,0.91856
CVE-1999-0491,0.01761,0.7555
CVE-1999-0492,0.04187,0.86773
CVE-1999-0493,0.04482,0.88223
CVE-1999-0494,0.00885,0.26162
CVE-1999-0495,0.01055,0.50287
CVE-1999-0496,0.01511,0.72784
CVE-1999-0497,0.00885,0.26162
CVE-1999-0498,0.01055,0.50287
CVE-1999-0499,0.03354,0.83629
CVE-1999-0501,0.00885,0.26162
CVE-1999-0502,0.76615,0.99356
CVE-1999-0503,0.01468,0.72678
CVE-1999-0504,0.41114,0.98132
CVE-1999-0505,0.01468,0.72678
CVE-1999-0506,0.12496,0.95161
CVE-1999-0507,0.00885,0.26162
CVE-1999-0508,0.08627,0.93642
CVE-1999-0509,0.01055,0.50287
CVE-1999-0510,0.00885,0.26162
CVE-1999-0511,0.03354,0.83629
CVE-1999-0512,0.00885,0.26162
CVE-1999-0513,0.04187,0.86773
CVE-1999-0514,0.00885,0.26162
CVE-1999-0515,0.00885,0.26162
CVE-1999-0516,0.00885,0.26162
CVE-1999-0517,0.00885,0.26162
CVE-1999-0518,0.03354,0.83629
CVE-1999-0519,0.03354,0.83629
CVE-1999-0520,0.00885,0.26162
CVE-1999-0521,0.00885,0.26162
CVE-1999-0522,0.00885,0.26162
CVE-1999-0523,0.00885,0.26162
CVE-1999-0524,0.32003,0.97487
CVE-1999-0525,0.00885,0.26162
CVE-1999-0526,0.30251,0.97391
CVE-1999-0527,0.00885,0.26162
CVE-1999-0528,0.00885,0.26162
CVE-1999-0529,0.00885,0.26162
CVE-1999-0530,0.00885,0.26162
CVE-1999-0533,0.00885,0.26162
CVE-1999-0534,0.01468,0.72678
CVE-1999-0535,0.03354,0.83629
CVE-1999-0537,0.07451,0.92312
CVE-1999-0539,0.00885,0.26162
CVE-1999-0541,0.00885,0.26162
CVE-1999-0546,0.01468,0.72678
CVE-1999-0547,0.00885,0.26162
CVE-1999-0548,0.00885,0.26162
CVE-1999-0549,0.01468,0.72678
CVE-1999-0550,0.00885,0.26162
CVE-1999-0551,0.00885,0.26162
CVE-1999-0554,0.00885,0.26162
CVE-1999-0555,0.00885,0.26162
CVE-1999-0556,0.00885,0.26162
CVE-1999-0559,0.00885,0.26162
CVE-1999-0560,0.03354,0.83629
CVE-1999-0561,0.00885,0.26162
CVE-1999-0562,0.11254,0.94654
CVE-1999-0564,0.00885,0.26162
CVE-1999-0565,0.00885,0.26162
CVE-1999-0566,0.00954,0.34522
CVE-1999-0568,0.00885,0.26162
CVE-1999-0569,0.00885,0.26162
CVE-1999-0570,0.03354,0.83629
CVE-1999-0571,0.00885,0.26162
CVE-1999-0572,0.03354,0.83629
CVE-1999-0575,0.03354,0.83629
CVE-1999-0576,0.03354,0.83629
CVE-1999-0577,0.03354,0.83629
CVE-1999-0578,0.01468,0.72678
CVE-1999-0579,0.03354,0.83629
CVE-1999-0580,0.00885,0.26162
CVE-1999-0581,0.03354,0.83629
CVE-1999-0582,0.03354,0.83629
CVE-1999-0583,0.00885,0.26162
CVE-1999-0584,0.00885,0.26162
CVE-1999-0585,0.01468,0.72678
CVE-1999-0586,0.00885,0.26162
CVE-1999-0587,0.00885,0.26162
CVE-1999-0588,0.00885,0.26162
CVE-1999-0589,0.00885,0.26162
CVE-1999-0590,0.03354,0.83629
CVE-1999-0591,0.00885,0.26162
CVE-1999-0592,0.00885,0.26162
CVE-1999-0593,0.06118,0.90183
CVE-1999-0594,0.00885,0.26162
CVE-1999-0595,0.01503,0.72743
CVE-1999-0596,0.00885,0.26162
CVE-1999-0597,0.01055,0.50287
CVE-1999-0598,0.00885,0.26162
CVE-1999-0599,0.00885,0.26162
CVE-1999-0600,0.00885,0.26162
CVE-1999-0601,0.00885,0.26162
CVE-1999-0602,0.00885,0.26162
CVE-1999-0603,0.00885,0.26162
CVE-1999-0604,0.00885,0.26162
CVE-1999-0605,0.00885,0.26162
CVE-1999-0606,0.00885,0.26162
CVE-1999-0607,0.01055,0.50287
CVE-1999-0608,0.00954,0.34522
CVE-1999-0609,0.00885,0.26162
CVE-1999-0610,0.00885,0.26162
CVE-1999-0611,0.00885,0.26162
CVE-1999-0612,0.38551,0.97894
CVE-1999-0613,0.00885,0.26162
CVE-1999-0618,0.00885,0.26162
CVE-1999-0624,0.00954,0.34522
CVE-1999-0625,0.00885,0.26162
CVE-1999-0626,0.00954,0.34522
CVE-1999-0627,0.00885,0.26162
CVE-1999-0628,0.00885,0.26162
CVE-1999-0629,0.00885,0.26162
CVE-1999-0630,0.00885,0.26162
CVE-1999-0632,0.00885,0.26162
CVE-1999-0635,0.00885,0.26162
CVE-1999-0636,0.00885,0.26162
CVE-1999-0637,0.00885,0.26162
CVE-1999-0638,0.00885,0.26162
CVE-1999-0639,0.00885,0.26162
CVE-1999-0640,0.00885,0.26162
CVE-1999-0641,0.00885,0.26162
CVE-1999-0650,0.01055,0.50287
CVE-1999-0651,0.00885,0.26162
CVE-1999-0653,0.00885,0.26162
CVE-1999-0654,0.00885,0.26162
CVE-1999-0656,0.01055,0.50287
CVE-1999-0657,0.00885,0.26162
CVE-1999-0661,0.10995,0.94626999999999994
CVE-1999-0662,0.00885,0.26162
CVE-1999-0663,0.00885,0.26162
CVE-1999-0664,0.00885,0.26162
CVE-1999-0665,0.00885,0.26162
CVE-1999-0667,0.26612,0.97009
CVE-1999-0668,0.26556,0.96997
CVE-1999-0669,0.25598,0.96882
CVE-1999-0670,0.09772,0.94058
CVE-1999-0671,0.04187,0.86773
CVE-1999-0672,0.04187,0.86773
CVE-1999-0673,0.04187,0.86773
CVE-1999-0674,0.01924,0.77129
CVE-1999-0675,0.01018,0.38792
CVE-1999-0676,0.0089,0.2856
CVE-1999-0677,0.00885,0.26162
CVE-1999-0678,0.05476,0.89511
CVE-1999-0679,0.04187,0.86773
CVE-1999-0680,0.06118,0.90183
CVE-1999-0681,0.20999,0.96367
CVE-1999-0682,0.13105,0.9547
CVE-1999-0683,0.04187,0.86773
CVE-1999-0684,0.00885,0.26162
CVE-1999-0685,0.04187,0.86773
CVE-1999-0686,0.01018,0.38792
CVE-1999-0687,0.01408,0.72072
CVE-1999-0688,0.0089,0.2856
CVE-1999-0689,0.01924,0.77129
CVE-1999-0690,0.0089,0.2856
CVE-1999-0691,0.02046,0.7858
CVE-1999-0692,0.01213,0.6557
CVE-1999-0693,0.01924,0.77129
CVE-1999-0694,0.0089,0.2856
CVE-1999-0695,0.01018,0.38792
CVE-1999-0696,0.10995,0.94626999999999994
CVE-1999-0697,0.0089,0.2856
CVE-1999-0698,0.00885,0.26162
CVE-1999-0699,0.00885,0.26162
CVE-1999-0700,0.02741,0.82129
CVE-1999-0701,0.02221,0.80446
CVE-1999-0702,0.24729,0.96719
CVE-1999-0703,0.0095,0.30554
CVE-1999-0704,0.0679,0.91793
CVE-1999-0705,0.0679,0.91793
CVE-1999-0706,0.00954,0.34522
CVE-1999-0707,0.01018,0.38792
CVE-1999-0708,0.01761,0.7555
CVE-1999-0710,0.10995,0.94626999999999994
CVE-1999-0711,0.01725,0.7519
CVE-1999-0712,0.0089,0.2856
CVE-1999-0713,0.0095,0.30554
CVE-1999-0714,0.0089,0.2856
CVE-1999-0715,0.03134,0.83162
CVE-1999-0716,0.02741,0.82129
CVE-1999-0717,0.11676,0.94929
CVE-1999-0718,0.01761,0.7555
CVE-1999-0719,0.01592,0.74578
CVE-1999-0720,0.01761,0.7555
CVE-1999-0721,0.06118,0.90183
CVE-1999-0722,0.01136,0.57949
CVE-1999-0723,0.06916,0.91837
CVE-1999-0724,0.0089,0.2856
CVE-1999-0725,0.25598,0.96882
CVE-1999-0726,0.06118,0.90183
CVE-1999-0727,0.00954,0.34522
CVE-1999-0728,0.047,0.88653
CVE-1999-0729,0.01018,0.38792
CVE-1999-0730,0.03765,0.84407
CVE-1999-0731,0.0095,0.30554
CVE-1999-0732,0.0089,0.2856
CVE-1999-0733,0.02104,0.79086
CVE-1999-0734,0.01055,0.50287
CVE-1999-0735,0.01761,0.7555
CVE-1999-0736,0.33201,0.97559
CVE-1999-0737,0.09772,0.94058
CVE-1999-0738,0.11676,0.94929
CVE-1999-0739,0.11676,0.94929
CVE-1999-0740,0.01213,0.6557
CVE-1999-0741,0.00954,0.34522
CVE-1999-0742,0.00885,0.26162
CVE-1999-0743,0.0095,0.30554
CVE-1999-0744,0.04187,0.86773
CVE-1999-0745,0.04187,0.86773
CVE-1999-0746,0.04187,0.86773
CVE-1999-0747,0.0089,0.2856
CVE-1999-0748,0.00885,0.26162
CVE-1999-0749,0.24921,0.96734
CVE-1999-0750,0.18563,0.96143
CVE-1999-0751,0.04187,0.86773
CVE-1999-0752,0.04187,0.86773
CVE-1999-0753,0.04187,0.86773
CVE-1999-0754,0.01769,0.75614
CVE-1999-0755,0.14716,0.95662
CVE-1999-0756,0.01055,0.50287
CVE-1999-0757,0.01963,0.77709
CVE-1999-0758,0.01136,0.57949
CVE-1999-0759,0.04187,0.86773
CVE-1999-0760,0.00954,0.34522
CVE-1999-0761,0.0095,0.30554
CVE-1999-0762,0.01136,0.57949
CVE-1999-0763,0.00954,0.34522
CVE-1999-0764,0.00954,0.34522
CVE-1999-0765,0.03765,0.84407
CVE-1999-0766,0.06916,0.91837
CVE-1999-0767,0.01963,0.77709
CVE-1999-0768,0.04187,0.86773
CVE-1999-0769,0.01761,0.7555
CVE-1999-0770,0.01963,0.77709
CVE-1999-0771,0.04187,0.86773
CVE-1999-0772,0.01018,0.38792
CVE-1999-0773,0.01761,0.7555
CVE-1999-0774,0.01963,0.77709
CVE-1999-0775,0.01136,0.57949
CVE-1999-0776,0.01055,0.50287
CVE-1999-0777,0.13105,0.9547
CVE-1999-0778,0.01761,0.7555
CVE-1999-0779,0.00885,0.26162
CVE-1999-0780,0.00885,0.26162
CVE-1999-0781,0.00885,0.26162
CVE-1999-0782,0.00885,0.26162
CVE-1999-0783,0.0095,0.30554
CVE-1999-0784,0.00954,0.34522
CVE-1999-0785,0.01519,0.72802
CVE-1999-0786,0.01761,0.7555
CVE-1999-0787,0.01963,0.77709
CVE-1999-0788,0.01136,0.57949
CVE-1999-0789,0.04482,0.88223
CVE-1999-0790,0.01055,0.50287
CVE-1999-0791,0.04187,0.86773
CVE-1999-0792,0.01055,0.50287
CVE-1999-0793,0.18563,0.96143
CVE-1999-0794,0.02221,0.80446
CVE-1999-0795,0.01055,0.50287
CVE-1999-0796,0.00954,0.34522
CVE-1999-0797,0.00954,0.34522
CVE-1999-0798,0.00885,0.26162
CVE-1999-0799,0.00954,0.34522
CVE-1999-0800,0.04187,0.86773
CVE-1999-0801,0.01055,0.50287
CVE-1999-0802,0.13525,0.9555
CVE-1999-0803,0.01761,0.7555
CVE-1999-0804,0.0679,0.91793
CVE-1999-0805,0.01055,0.50287
CVE-1999-0806,0.01963,0.77709
CVE-1999-0807,0.00885,0.26162
CVE-1999-0808,0.01136,0.57949
CVE-1999-0809,0.00885,0.26162
CVE-1999-0810,0.01108,0.53389
CVE-1999-0811,0.0679,0.91793
CVE-1999-0812,0.01108,0.53389
CVE-1999-0813,0.01592,0.74578
CVE-1999-0814,0.01055,0.50287
CVE-1999-0815,0.11676,0.94929
CVE-1999-0816,0.01055,0.50287
CVE-1999-0817,0.01055,0.50287
CVE-1999-0818,0.01963,0.77709
CVE-1999-0819,0.14716,0.95662
CVE-1999-0820,0.01963,0.77709
CVE-1999-0821,0.01761,0.7555
CVE-1999-0822,0.04187,0.86773
CVE-1999-0823,0.01761,0.7555
CVE-1999-0824,0.01511,0.72784
CVE-1999-0825,0.01761,0.7555
CVE-1999-0826,0.01761,0.7555
CVE-1999-0827,0.03884,0.84938
CVE-1999-0828,0.01761,0.7555
CVE-1999-0829,0.00885,0.26162
CVE-1999-0830,0.01963,0.77709
CVE-1999-0831,0.01108,0.53389
CVE-1999-0832,0.01183,0.60428
CVE-1999-0833,0.01769,0.75614
CVE-1999-0834,0.04482,0.88223
CVE-1999-0835,0.01108,0.53389
CVE-1999-0836,0.01761,0.7555
CVE-1999-0837,0.02596,0.81247
CVE-1999-0838,0.04187,0.86773
CVE-1999-0839,0.02221,0.80446
CVE-1999-0840,0.0095,0.30554
CVE-1999-0841,0.01761,0.7555
CVE-1999-0842,0.04482,0.88223
CVE-1999-0843,0.00954,0.34522
CVE-1999-0844,0.04187,0.86773
CVE-1999-0845,0.01761,0.7555
CVE-1999-0846,0.00954,0.34522
CVE-1999-0847,0.00954,0.34522
CVE-1999-0848,0.07197,0.92068
CVE-1999-0849,0.02596,0.81247
CVE-1999-0850,0.00885,0.26162
CVE-1999-0851,0.01104,0.52279
CVE-1999-0852,0.00885,0.26162
CVE-1999-0853,0.01136,0.57949
CVE-1999-0854,0.01213,0.6557
CVE-1999-0855,0.01963,0.77709
CVE-1999-0856,0.01136,0.57949
CVE-1999-0857,0.01761,0.7555
CVE-1999-0858,0.21178,0.96374
CVE-1999-0859,0.01761,0.7555
CVE-1999-0860,0.01761,0.7555
CVE-1999-0861,0.047,0.88653
CVE-1999-0862,0.00885,0.26162
CVE-1999-0863,0.0095,0.30554
CVE-1999-0864,0.01924,0.77129
CVE-1999-0865,0.01018,0.38792
CVE-1999-0866,0.01924,0.77129
CVE-1999-0867,0.21123,0.96373
CVE-1999-0868,0.01136,0.57949
CVE-1999-0869,0.20999,0.96367
CVE-1999-0870,0.11676,0.94929
CVE-1999-0871,0.11676,0.94929
CVE-1999-0872,0.0089,0.2856
CVE-1999-0873,0.04187,0.86773
CVE-1999-0874,0.74522,0.99277
CVE-1999-0875,0.25598,0.96882
CVE-1999-0876,0.03884,0.84938
CVE-1999-0877,0.20999,0.96367
CVE-1999-0878,0.01319,0.70416
CVE-1999-0879,0.04187,0.86773
CVE-1999-0880,0.00954,0.34522
CVE-1999-0881,0.01213,0.6557
CVE-1999-0882,0.01136,0.57949
CVE-1999-0883,0.01213,0.6557
CVE-1999-0884,0.01018,0.38792
CVE-1999-0885,0.02812,0.82333
CVE-1999-0886,0.06596,0.90989
CVE-1999-0887,0.04187,0.86773
CVE-1999-0888,0.01725,0.7519
CVE-1999-0889,0.01136,0.57949
CVE-1999-0890,0.01213,0.6557
CVE-1999-0891,0.29415,0.97223
CVE-1999-0892,0.00885,0.26162
CVE-1999-0893,0.01761,0.7555
CVE-1999-0894,0.00885,0.26162
CVE-1999-0895,0.01018,0.38792
CVE-1999-0896,0.04187,0.86773
CVE-1999-0897,0.01055,0.50287
CVE-1999-0898,0.13594,0.95551
CVE-1999-0899,0.02815,0.82338
CVE-1999-0900,0.0095,0.30554
CVE-1999-0901,0.0095,0.30554
CVE-1999-0902,0.0095,0.30554
CVE-1999-0903,0.01018,0.38792
CVE-1999-0904,0.04187,0.86773
CVE-1999-0905,0.04187,0.86773
CVE-1999-0906,0.01761,0.7555
CVE-1999-0907,0.0089,0.2856
CVE-1999-0908,0.04187,0.86773
CVE-1999-0909,0.13105,0.9547
CVE-1999-0910,0.03884,0.84938
CVE-1999-0911,0.04482,0.88223
CVE-1999-0912,0.01761,0.7555
CVE-1999-0913,0.04187,0.86773
CVE-1999-0914,0.01963,0.77709
CVE-1999-0915,0.04187,0.86773
CVE-1999-0916,0.00885,0.26162
CVE-1999-0917,0.11676,0.94929
CVE-1999-0918,0.21123,0.96373
CVE-1999-0919,0.01055,0.50287
CVE-1999-0920,0.04187,0.86773
CVE-1999-0921,0.01136,0.57949
CVE-1999-0922,0.01055,0.50287
CVE-1999-0923,0.01055,0.50287
CVE-1999-0924,0.01136,0.57949
CVE-1999-0925,0.01055,0.50287
CVE-1999-0926,0.01055,0.50287
CVE-1999-0927,0.04187,0.86773
CVE-1999-0928,0.04187,0.86773
CVE-1999-0929,0.01055,0.50287
CVE-1999-0930,0.01213,0.6557
CVE-1999-0931,0.04187,0.86773
CVE-1999-0932,0.01061,0.51015
CVE-1999-0933,0.04187,0.86773
CVE-1999-0934,0.04187,0.86773
CVE-1999-0935,0.04187,0.86773
CVE-1999-0936,0.01055,0.50287
CVE-1999-0937,0.01055,0.50287
CVE-1999-0938,0.01136,0.57949
CVE-1999-0939,0.00954,0.34522
CVE-1999-0940,0.01136,0.57949
CVE-1999-0941,0.01055,0.50287
CVE-1999-0942,0.0089,0.2856
CVE-1999-0943,0.04187,0.86773
CVE-1999-0944,0.04187,0.86773
CVE-1999-0945,0.13525,0.9555
CVE-1999-0946,0.04187,0.86773
CVE-1999-0947,0.04187,0.86773
CVE-1999-0948,0.01761,0.7555
CVE-1999-0949,0.01761,0.7555
CVE-1999-0950,0.04187,0.86773
CVE-1999-0951,0.04187,0.86773
CVE-1999-0952,0.00885,0.26162
CVE-1999-0953,0.04187,0.86773
CVE-1999-0954,0.00885,0.26162
CVE-1999-0955,0.01213,0.6557
CVE-1999-0956,0.0089,0.2856
CVE-1999-0957,0.0089,0.2856
CVE-1999-0958,0.00885,0.26162
CVE-1999-0959,0.01924,0.77129
CVE-1999-0960,0.01761,0.7555
CVE-1999-0961,0.0089,0.2856
CVE-1999-0962,0.0095,0.30554
CVE-1999-0963,0.0095,0.30554
CVE-1999-0964,0.01592,0.74578
CVE-1999-0965,0.0089,0.2856
CVE-1999-0966,0.00885,0.26162
CVE-1999-0967,0.03884,0.84938
CVE-1999-0968,0.04187,0.86773
CVE-1999-0969,0.13105,0.9547
CVE-1999-0970,0.04187,0.86773
CVE-1999-0971,0.01761,0.7555
CVE-1999-0972,0.04187,0.86773
CVE-1999-0973,0.04187,0.86773
CVE-1999-0974,0.01213,0.6557
CVE-1999-0975,0.02461,0.80846
CVE-1999-0976,0.0095,0.30554
CVE-1999-0977,0.10995,0.94626999999999994
CVE-1999-0978,0.01055,0.50287
CVE-1999-0979,0.01761,0.7555
CVE-1999-0980,0.18563,0.96143
CVE-1999-0981,0.18563,0.96143
CVE-1999-0982,0.00885,0.26162
CVE-1999-0983,0.01055,0.50287
CVE-1999-0984,0.01055,0.50287
CVE-1999-0985,0.04187,0.86773
CVE-1999-0986,0.01761,0.7555
CVE-1999-0987,0.03884,0.84938
CVE-1999-0988,0.0095,0.30554
CVE-1999-0989,0.20999,0.96367
CVE-1999-0990,0.00885,0.26162
CVE-1999-0991,0.04187,0.86773
CVE-1999-0992,0.00885,0.26162
CVE-1999-0993,0.03884,0.84938
CVE-1999-0994,0.06118,0.90183
CVE-1999-0995,0.13525,0.9555
CVE-1999-0996,0.04482,0.88223
CVE-1999-0997,0.04187,0.86773
CVE-1999-0998,0.01018,0.38792
CVE-1999-0999,0.10856,0.94463
CVE-1999-1000,0.01213,0.6557
CVE-1999-1001,0.01136,0.57949
CVE-1999-1002,0.00954,0.34522
CVE-1999-1003,0.01136,0.57949
CVE-1999-1004,0.01018,0.38792
CVE-1999-1005,0.04187,0.86773
CVE-1999-1006,0.01055,0.50287
CVE-1999-1007,0.04187,0.86773
CVE-1999-1008,0.01761,0.7555
CVE-1999-1009,0.01055,0.50287
CVE-1999-1010,0.00885,0.26162
CVE-1999-1011,0.80343,0.9949
CVE-1999-1012,0.01055,0.50287
CVE-1999-1013,0.00885,0.26162
CVE-1999-1014,0.01761,0.7555
CVE-1999-1015,0.04187,0.86773
CVE-1999-1016,0.1289,0.95412
CVE-1999-1017,0.00885,0.26162
CVE-1999-1018,0.04187,0.86773
CVE-1999-1019,0.0089,0.2856
CVE-1999-1020,0.04187,0.86773
CVE-1999-1021,0.0095,0.30554
CVE-1999-1022,0.01761,0.7555
CVE-1999-1023,0.00885,0.26162
CVE-1999-1024,0.04187,0.86773
CVE-1999-1025,0.00954,0.34522
CVE-1999-1026,0.01761,0.7555
CVE-1999-1027,0.0095,0.30554
CVE-1999-1028,0.04187,0.86773
CVE-1999-1029,0.01136,0.57949
CVE-1999-1030,0.04187,0.86773
CVE-1999-1031,0.01136,0.57949
CVE-1999-1032,0.01018,0.38792
CVE-1999-1033,0.14716,0.95662
CVE-1999-1034,0.0095,0.30554
CVE-1999-1035,0.11676,0.94929
CVE-1999-1036,0.00885,0.26162
CVE-1999-1037,0.0095,0.30554
CVE-1999-1038,0.00885,0.26162
CVE-1999-1039,0.00885,0.26162
CVE-1999-1040,0.0089,0.2856
CVE-1999-1041,0.0095,0.30554
CVE-1999-1042,0.00885,0.26162
CVE-1999-1043,0.06956,0.91856
CVE-1999-1044,0.0089,0.2856
CVE-1999-1045,0.01319,0.70416
CVE-1999-1046,0.04187,0.86773
CVE-1999-1047,0.01136,0.57949
CVE-1999-1048,0.0095,0.30554
CVE-1999-1049,0.01055,0.50287
CVE-1999-1050,0.04482,0.88223
CVE-1999-1051,0.01055,0.50287
CVE-1999-1052,0.06956,0.91856
CVE-1999-1053,0.7179,0.99162
CVE-1999-1054,0.01055,0.50287
CVE-1999-1055,0.047,0.88653
CVE-1999-1057,0.0095,0.30554
CVE-1999-1058,0.01213,0.6557
CVE-1999-1059,0.01136,0.57949
CVE-1999-1060,0.01055,0.50287
CVE-1999-1061,0.01055,0.50287
CVE-1999-1062,0.01055,0.50287
CVE-1999-1063,0.04187,0.86773
CVE-1999-1064,0.00954,0.34522
CVE-1999-1065,0.01055,0.50287
CVE-1999-1066,0.01055,0.50287
CVE-1999-1067,0.01055,0.50287
CVE-1999-1068,0.01055,0.50287
CVE-1999-1069,0.04187,0.86773
CVE-1999-1070,0.01055,0.50287
CVE-1999-1071,0.00885,0.26162
CVE-1999-1072,0.00885,0.26162
CVE-1999-1073,0.00885,0.26162
CVE-1999-1074,0.01136,0.57949
CVE-1999-1075,0.01055,0.50287
CVE-1999-1076,0.00885,0.26162
CVE-1999-1077,0.00885,0.26162
CVE-1999-1078,0.01055,0.50287
CVE-1999-1079,0.0095,0.30554
CVE-1999-1080,0.01018,0.38792
CVE-1999-1081,0.04187,0.86773
CVE-1999-1082,0.01055,0.50287
CVE-1999-1083,0.01055,0.50287
CVE-1999-1084,0.02815,0.82338
CVE-1999-1085,0.01213,0.6557
CVE-1999-1086,0.01055,0.50287
CVE-1999-1087,0.06118,0.90183
CVE-1999-1088,0.0089,0.2856
CVE-1999-1089,0.01034,0.39824
CVE-1999-1090,0.01055,0.50287
CVE-1999-1091,0.01018,0.38792
CVE-1999-1092,0.00885,0.26162
CVE-1999-1093,0.11676,0.94929
CVE-1999-1094,0.11676,0.94929
CVE-1999-1095,0.0095,0.30554
CVE-1999-1096,0.0089,0.2856
CVE-1999-1097,0.03884,0.84938
CVE-1999-1098,0.01213,0.6557
CVE-1999-1099,0.01055,0.50287
CVE-1999-1100,0.00954,0.34522
CVE-1999-1101,0.00885,0.26162
CVE-1999-1102,0.0089,0.2856
CVE-1999-1103,0.0095,0.30554
CVE-1999-1104,0.02221,0.80446
CVE-1999-1105,0.11676,0.94929
CVE-1999-1106,0.0089,0.2856
CVE-1999-1107,0.00885,0.26162
CVE-1999-1109,0.04187,0.86773
CVE-1999-1110,0.1289,0.95412
CVE-1999-1111,0.01136,0.57949
CVE-1999-1112,0.04187,0.86773
CVE-1999-1113,0.04187,0.86773
CVE-1999-1114,0.01761,0.7555
CVE-1999-1115,0.0095,0.30554
CVE-1999-1116,0.0095,0.30554
CVE-1999-1117,0.01924,0.77129
CVE-1999-1118,0.0089,0.2856
CVE-1999-1119,0.01136,0.57949
CVE-1999-1120,0.01924,0.77129
CVE-1999-1121,0.0095,0.30554
CVE-1999-1122,0.0095,0.30554
CVE-1999-1123,0.01761,0.7555
CVE-1999-1124,0.01055,0.50287
CVE-1999-1125,0.01055,0.50287
CVE-1999-1126,0.0089,0.2856
CVE-1999-1127,0.11676,0.94929
CVE-1999-1128,0.03884,0.84938
CVE-1999-1129,0.01213,0.6557
CVE-1999-1130,0.04187,0.86773
CVE-1999-1131,0.01018,0.38792
CVE-1999-1132,0.13525,0.9555
CVE-1999-1133,0.00885,0.26162
CVE-1999-1134,0.0089,0.2856
CVE-1999-1135,0.00885,0.26162
CVE-1999-1136,0.0095,0.30554
CVE-1999-1137,0.0095,0.30554
CVE-1999-1138,0.00885,0.26162
CVE-1999-1139,0.0095,0.30554
CVE-1999-1140,0.0089,0.2856
CVE-1999-1141,0.01055,0.50287
CVE-1999-1142,0.0089,0.2856
CVE-1999-1143,0.0089,0.2856
CVE-1999-1144,0.00885,0.26162
CVE-1999-1145,0.0089,0.2856
CVE-1999-1146,0.00885,0.26162
CVE-1999-1147,0.01213,0.6557
CVE-1999-1148,0.11676,0.94929
CVE-1999-1149,0.01055,0.50287
CVE-1999-1150,0.01055,0.50287
CVE-1999-1151,0.01055,0.50287
CVE-1999-1152,0.01055,0.50287
CVE-1999-1153,0.01055,0.50287
CVE-1999-1154,0.01136,0.57949
CVE-1999-1155,0.01136,0.57949
CVE-1999-1156,0.01055,0.50287
CVE-1999-1157,0.09772,0.94058
CVE-1999-1158,0.01761,0.7555
CVE-1999-1159,0.00885,0.26162
CVE-1999-1160,0.01136,0.57949
CVE-1999-1161,0.01034,0.39824
CVE-1999-1162,0.00885,0.26162
CVE-1999-1163,0.01055,0.50287
CVE-1999-1164,0.06956,0.91856
CVE-1999-1165,0.0089,0.2856
CVE-1999-1166,0.01761,0.7555
CVE-1999-1167,0.01136,0.57949
CVE-1999-1168,0.00885,0.26162
CVE-1999-1169,0.01055,0.50287
CVE-1999-1170,0.00885,0.26162
CVE-1999-1171,0.00885,0.26162
CVE-1999-1172,0.00885,0.26162
CVE-1999-1173,0.00885,0.26162
CVE-1999-1174,0.00885,0.26162
CVE-1999-1175,0.01136,0.57949
CVE-1999-1176,0.0089,0.2856
CVE-1999-1177,0.01136,0.57949
CVE-1999-1178,0.01055,0.50287
CVE-1999-1179,0.01055,0.50287
CVE-1999-1180,0.01055,0.50287
CVE-1999-1181,0.0089,0.2856
CVE-1999-1182,0.0089,0.2856
CVE-1999-1183,0.01213,0.6557
CVE-1999-1184,0.01761,0.7555
CVE-1999-1185,0.0095,0.30554
CVE-1999-1186,0.00885,0.26162
CVE-1999-1187,0.00885,0.26162
CVE-1999-1188,0.00885,0.26162
CVE-1999-1189,0.01213,0.6557
CVE-1999-1190,0.04187,0.86773
CVE-1999-1191,0.01761,0.7555
CVE-1999-1192,0.0089,0.2856
CVE-1999-1193,0.00954,0.34522
CVE-1999-1194,0.01761,0.7555
CVE-1999-1195,0.00954,0.34522
CVE-1999-1196,0.01055,0.50287
CVE-1999-1197,0.0089,0.2856
CVE-1999-1198,0.0095,0.30554
CVE-1999-1199,0.03384,0.83655
CVE-1999-1200,0.01055,0.50287
CVE-1999-1201,0.11676,0.94929
CVE-1999-1202,0.01055,0.50287
CVE-1999-1203,0.01136,0.57949
CVE-1999-1204,0.01018,0.38792
CVE-1999-1205,0.0095,0.30554
CVE-1999-1206,0.01136,0.57949
CVE-1999-1207,0.01055,0.50287
CVE-1999-1208,0.01761,0.7555
CVE-1999-1209,0.0089,0.2856
CVE-1999-1210,0.00885,0.26162
CVE-1999-1211,0.00885,0.26162
CVE-1999-1212,0.00885,0.26162
CVE-1999-1213,0.00885,0.26162
CVE-1999-1214,0.0095,0.30554
CVE-1999-1215,0.0089,0.2856
CVE-1999-1216,0.01136,0.57949
CVE-1999-1217,0.01511,0.72784
CVE-1999-1218,0.00885,0.26162
CVE-1999-1219,0.01761,0.7555
CVE-1999-1220,0.01055,0.50287
CVE-1999-1221,0.00885,0.26162
CVE-1999-1222,0.03884,0.84938
CVE-1999-1223,0.09772,0.94058
CVE-1999-1224,0.00885,0.26162
CVE-1999-1225,0.01055,0.50287
CVE-1999-1226,0.01055,0.50287
CVE-1999-1227,0.0089,0.2856
CVE-1999-1228,0.01136,0.57949
CVE-1999-1229,0.00885,0.26162
CVE-1999-1230,0.01055,0.50287
CVE-1999-1231,0.01055,0.50287
CVE-1999-1232,0.0089,0.2856
CVE-1999-1233,0.06118,0.90183
CVE-1999-1234,0.09772,0.94058
CVE-1999-1235,0.02461,0.80846
CVE-1999-1236,0.0089,0.2856
CVE-1999-1237,0.01055,0.50287
CVE-1999-1238,0.00885,0.26162
CVE-1999-1239,0.00885,0.26162
CVE-1999-1240,0.01055,0.50287
CVE-1999-1241,0.09772,0.94058
CVE-1999-1242,0.00885,0.26162
CVE-1999-1243,0.01761,0.7555
CVE-1999-1244,0.00885,0.26162
CVE-1999-1245,0.01055,0.50287
CVE-1999-1246,0.09772,0.94058
CVE-1999-1247,0.00885,0.26162
CVE-1999-1248,0.00885,0.26162
CVE-1999-1249,0.0089,0.2856
CVE-1999-1250,0.01055,0.50287
CVE-1999-1251,0.00885,0.26162
CVE-1999-1252,0.0089,0.2856
CVE-1999-1253,0.0089,0.2856
CVE-1999-1254,0.09772,0.94058
CVE-1999-1255,0.01055,0.50287
CVE-1999-1256,0.0089,0.2856
CVE-1999-1257,0.01136,0.57949
CVE-1999-1258,0.01055,0.50287
CVE-1999-1259,0.01503,0.72743
CVE-1999-1260,0.01055,0.50287
CVE-1999-1261,0.01055,0.50287
CVE-1999-1262,0.01055,0.50287
CVE-1999-1263,0.01055,0.50287
CVE-1999-1264,0.00954,0.34522
CVE-1999-1265,0.01213,0.6557
CVE-1999-1266,0.01055,0.50287
CVE-1999-1267,0.01055,0.50287
CVE-1999-1268,0.00885,0.26162
CVE-1999-1269,0.00885,0.26162
CVE-1999-1270,0.00885,0.26162
CVE-1999-1271,0.00885,0.26162
CVE-1999-1272,0.00885,0.26162
CVE-1999-1273,0.00885,0.26162
CVE-1999-1274,0.00885,0.26162
CVE-1999-1275,0.00885,0.26162
CVE-1999-1276,0.00885,0.26162
CVE-1999-1277,0.00885,0.26162
CVE-1999-1278,0.01213,0.6557
CVE-1999-1279,0.03884,0.84938
CVE-1999-1280,0.00885,0.26162
CVE-1999-1281,0.01055,0.50287
CVE-1999-1282,0.00885,0.26162
CVE-1999-1283,0.01055,0.50287
CVE-1999-1284,0.01213,0.6557
CVE-1999-1285,0.00885,0.26162
CVE-1999-1286,0.0095,0.30554
CVE-1999-1287,0.01055,0.50287
CVE-1999-1288,0.0089,0.2856
CVE-1999-1289,0.01055,0.50287
CVE-1999-1290,0.00954,0.34522
CVE-1999-1291,0.09772,0.94058
CVE-1999-1292,0.01055,0.50287
CVE-1999-1293,0.01055,0.50287
CVE-1999-1294,0.01503,0.72743
CVE-1999-1295,0.00885,0.26162
CVE-1999-1296,0.00885,0.26162
CVE-1999-1297,0.00885,0.26162
CVE-1999-1298,0.00954,0.34522
CVE-1999-1299,0.00885,0.26162
CVE-1999-1300,0.00885,0.26162
CVE-1999-1301,0.00954,0.34522
CVE-1999-1302,0.0095,0.30554
CVE-1999-1303,0.00885,0.26162
CVE-1999-1304,0.00885,0.26162
CVE-1999-1305,0.00885,0.26162
CVE-1999-1306,0.00885,0.26162
CVE-1999-1307,0.00885,0.26162
CVE-1999-1308,0.0095,0.30554
CVE-1999-1309,0.01034,0.39824
CVE-1999-1311,0.00885,0.26162
CVE-1999-1312,0.00885,0.26162
CVE-1999-1313,0.0089,0.2856
CVE-1999-1314,0.0089,0.2856
CVE-1999-1315,0.00885,0.26162
CVE-1999-1316,0.03884,0.84938
CVE-1999-1317,0.02221,0.80446
CVE-1999-1318,0.00885,0.26162
CVE-1999-1319,0.01055,0.50287
CVE-1999-1320,0.00885,0.26162
CVE-1999-1321,0.01055,0.50287
CVE-1999-1322,0.02221,0.80446
CVE-1999-1323,0.00885,0.26162
CVE-1999-1324,0.00885,0.26162
CVE-1999-1325,0.00885,0.26162
CVE-1999-1326,0.01136,0.57949
CVE-1999-1327,0.0095,0.30554
CVE-1999-1328,0.0095,0.30554
CVE-1999-1329,0.00885,0.26162
CVE-1999-1330,0.0095,0.30554
CVE-1999-1331,0.00885,0.26162
CVE-1999-1332,0.01034,0.39824
CVE-1999-1333,0.01213,0.6557
CVE-1999-1334,0.00885,0.26162
CVE-1999-1335,0.01055,0.50287
CVE-1999-1336,0.01136,0.57949
CVE-1999-1337,0.0089,0.2856
CVE-1999-1338,0.00885,0.26162
CVE-1999-1339,0.01213,0.6557
CVE-1999-1340,0.01761,0.7555
CVE-1999-1341,0.00885,0.26162
CVE-1999-1342,0.01055,0.50287
CVE-1999-1343,0.01055,0.50287
CVE-1999-1344,0.00885,0.26162
CVE-1999-1345,0.00885,0.26162
CVE-1999-1346,0.00885,0.26162
CVE-1999-1347,0.02994,0.8281
CVE-1999-1348,0.00885,0.26162
CVE-1999-1349,0.01055,0.50287
CVE-1999-1350,0.00885,0.26162
CVE-1999-1351,0.01055,0.50287
CVE-1999-1352,0.00885,0.26162
CVE-1999-1353,0.00885,0.26162
CVE-1999-1354,0.00885,0.26162
CVE-1999-1355,0.01108,0.53389
CVE-1999-1356,0.0095,0.30554
CVE-1999-1357,0.01055,0.50287
CVE-1999-1358,0.01503,0.72743
CVE-1999-1359,0.03884,0.84938
CVE-1999-1360,0.01503,0.72743
CVE-1999-1361,0.06956,0.91856
CVE-1999-1362,0.01503,0.72743
CVE-1999-1363,0.01503,0.72743
CVE-1999-1364,0.01503,0.72743
CVE-1999-1365,0.02221,0.80446
CVE-1999-1366,0.00885,0.26162
CVE-1999-1367,0.01468,0.72678
CVE-1999-1368,0.00885,0.26162
CVE-1999-1369,0.00885,0.26162
CVE-1999-1370,0.06453,0.90609
CVE-1999-1371,0.01761,0.7555
CVE-1999-1372,0.00885,0.26162
CVE-1999-1373,0.01055,0.50287
CVE-1999-1374,0.01055,0.50287
CVE-1999-1375,0.18563,0.96143
CVE-1999-1376,0.09772,0.94058
CVE-1999-1377,0.01055,0.50287
CVE-1999-1378,0.01055,0.50287
CVE-1999-1379,0.01213,0.6557
CVE-1999-1380,0.01213,0.6557
CVE-1999-1381,0.01055,0.50287
CVE-1999-1382,0.0095,0.30554
CVE-1999-1383,0.00885,0.26162
CVE-1999-1384,0.01761,0.7555
CVE-1999-1385,0.0095,0.30554
CVE-1999-1386,0.0089,0.2856
CVE-1999-1387,0.11676,0.94929
CVE-1999-1388,0.0089,0.2856
CVE-1999-1389,0.00885,0.26162
CVE-1999-1390,0.01761,0.7555
CVE-1999-1391,0.0095,0.30554
CVE-1999-1392,0.0095,0.30554
CVE-1999-1393,0.00885,0.26162
CVE-1999-1394,0.01963,0.77709
CVE-1999-1395,0.0095,0.30554
CVE-1999-1396,0.0089,0.2856
CVE-1999-1397,0.13525,0.9555
CVE-1999-1398,0.01761,0.7555
CVE-1999-1399,0.01761,0.7555
CVE-1999-1400,0.01018,0.38792
CVE-1999-1401,0.0095,0.30554
CVE-1999-1402,0.01761,0.7555
CVE-1999-1403,0.00885,0.26162
CVE-1999-1404,0.01055,0.50287
CVE-1999-1405,0.03765,0.84407
CVE-1999-1406,0.0089,0.2856
CVE-1999-1407,0.0095,0.30554
CVE-1999-1408,0.01761,0.7555
CVE-1999-1409,0.01761,0.7555
CVE-1999-1410,0.0089,0.2856
CVE-1999-1411,0.01108,0.53389
CVE-1999-1412,0.05476,0.89511
CVE-1999-1413,0.01761,0.7555
CVE-1999-1414,0.01761,0.7555
CVE-1999-1415,0.00885,0.26162
CVE-1999-1416,0.01055,0.50287
CVE-1999-1417,0.01055,0.50287
CVE-1999-1418,0.01055,0.50287
CVE-1999-1419,0.0089,0.2856
CVE-1999-1420,0.01136,0.57949
CVE-1999-1421,0.01136,0.57949
CVE-1999-1422,0.00885,0.26162
CVE-1999-1423,0.01924,0.77129
CVE-1999-1424,0.00885,0.26162
CVE-1999-1425,0.00885,0.26162
CVE-1999-1426,0.00885,0.26162
CVE-1999-1427,0.00885,0.26162
CVE-1999-1428,0.00885,0.26162
CVE-1999-1429,0.00885,0.26162
CVE-1999-1430,0.00885,0.26162
CVE-1999-1431,0.02741,0.82129
CVE-1999-1432,0.04187,0.86773
CVE-1999-1433,0.01761,0.7555
CVE-1999-1434,0.01761,0.7555
CVE-1999-1435,0.00885,0.26162
CVE-1999-1436,0.04187,0.86773
CVE-1999-1437,0.04187,0.86773
CVE-1999-1438,0.0089,0.2856
CVE-1999-1439,0.0095,0.30554
CVE-1999-1440,0.00885,0.26162
CVE-1999-1441,0.01761,0.7555
CVE-1999-1442,0.01761,0.7555
CVE-1999-1443,0.00954,0.34522
CVE-1999-1444,0.00885,0.26162
CVE-1999-1445,0.01055,0.50287
CVE-1999-1446,0.01503,0.72743
CVE-1999-1447,0.09772,0.94058
CVE-1999-1448,0.01055,0.50287
CVE-1999-1449,0.00885,0.26162
CVE-1999-1450,0.01213,0.6557
CVE-1999-1451,0.11676,0.94929
CVE-1999-1452,0.06118,0.90183
CVE-1999-1453,0.18563,0.96143
CVE-1999-1454,0.00885,0.26162
CVE-1999-1455,0.03884,0.84938
CVE-1999-1456,0.01136,0.57949
CVE-1999-1457,0.01055,0.50287
CVE-1999-1458,0.0089,0.2856
CVE-1999-1459,0.0089,0.2856
CVE-1999-1460,0.01761,0.7555
CVE-1999-1461,0.01761,0.7555
CVE-1999-1462,0.01213,0.6557
CVE-1999-1463,0.09772,0.94058
CVE-1999-1464,0.01136,0.57949
CVE-1999-1465,0.01136,0.57949
CVE-1999-1466,0.01055,0.50287
CVE-1999-1467,0.01136,0.57949
CVE-1999-1468,0.0095,0.30554
CVE-1999-1469,0.01055,0.50287
CVE-1999-1470,0.0089,0.2856
CVE-1999-1471,0.0089,0.2856
CVE-1999-1472,0.16864,0.95983
CVE-1999-1473,0.047,0.88653
CVE-1999-1474,0.09772,0.94058
CVE-1999-1475,0.00885,0.26162
CVE-1999-1476,0.00885,0.26162
CVE-1999-1477,0.01761,0.7555
CVE-1999-1478,0.13525,0.9555
CVE-1999-1479,0.04187,0.86773
CVE-1999-1480,0.00885,0.26162
CVE-1999-1481,0.04482,0.88223
CVE-1999-1482,0.00885,0.26162
CVE-1999-1483,0.03533,0.84105
CVE-1999-1484,0.20999,0.96367
CVE-1999-1485,0.04482,0.88223
CVE-1999-1486,0.01034,0.39824
CVE-1999-1487,0.0089,0.2856
CVE-1999-1488,0.04187,0.86773
CVE-1999-1489,0.01761,0.7555
CVE-1999-1490,0.01761,0.7555
CVE-1999-1491,0.01761,0.7555
CVE-1999-1492,0.0095,0.30554
CVE-1999-1493,0.01136,0.57949
CVE-1999-1494,0.01761,0.7555
CVE-1999-1495,0.0089,0.2856
CVE-1999-1496,0.0089,0.2856
CVE-1999-1497,0.01761,0.7555
CVE-1999-1498,0.01761,0.7555
CVE-1999-1499,0.01761,0.7555
CVE-1999-1500,0.01055,0.50287
CVE-1999-1501,0.0089,0.2856
CVE-1999-1502,0.00954,0.34522
CVE-1999-1503,0.01055,0.50287
CVE-1999-1504,0.04187,0.86773
CVE-1999-1505,0.01055,0.50287
CVE-1999-1506,0.01055,0.50287
CVE-1999-1507,0.0089,0.2856
CVE-1999-1508,0.04187,0.86773
CVE-1999-1509,0.04187,0.86773
CVE-1999-1510,0.67194,0.9904
CVE-1999-1511,0.00954,0.34522
CVE-1999-1512,0.01213,0.6557
CVE-1999-1513,0.00885,0.26162
CVE-1999-1514,0.01213,0.6557
CVE-1999-1515,0.04187,0.86773
CVE-1999-1516,0.03477,0.84037
CVE-1999-1517,0.00885,0.26162
CVE-1999-1518,0.04187,0.86773
CVE-1999-1519,0.04187,0.86773
CVE-1999-1520,0.14716,0.95662
CVE-1999-1521,0.07687,0.92751
CVE-1999-1522,0.00885,0.26162
CVE-1999-1523,0.01136,0.57949
CVE-1999-1524,0.01055,0.50287
CVE-1999-1525,0.01018,0.38792
CVE-1999-1526,0.00885,0.26162
CVE-1999-1527,0.01055,0.50287
CVE-1999-1528,0.00885,0.26162
CVE-1999-1529,0.03425,0.8393
CVE-1999-1530,0.0095,0.30554
CVE-1999-1531,0.042659999999999997,0.86883
CVE-1999-1532,0.04187,0.86773
CVE-1999-1533,0.04187,0.86773
CVE-1999-1534,0.01761,0.7555
CVE-1999-1535,0.01213,0.6557
CVE-1999-1536,0.0089,0.2856
CVE-1999-1537,0.11676,0.94929
CVE-1999-1538,0.02741,0.82129
CVE-1999-1539,0.04187,0.86773
CVE-1999-1540,0.0089,0.2856
CVE-1999-1541,0.0089,0.2856
CVE-1999-1542,0.01136,0.57949
CVE-1999-1543,0.01963,0.77709
CVE-1999-1544,0.06956,0.91856
CVE-1999-1545,0.00885,0.26162
CVE-1999-1546,0.00885,0.26162
CVE-1999-1547,0.01136,0.57949
CVE-1999-1548,0.00885,0.26162
CVE-1999-1549,0.00885,0.26162
CVE-1999-1550,0.01213,0.6557
CVE-1999-1551,0.04187,0.86773
CVE-1999-1552,0.00885,0.26162
CVE-1999-1553,0.04187,0.86773
CVE-1999-1554,0.0089,0.2856
CVE-1999-1555,0.01761,0.7555
CVE-1999-1556,0.01511,0.72784
CVE-1999-1557,0.05282,0.89305
CVE-1999-1558,0.01018,0.38792
CVE-1999-1559,0.01055,0.50287
CVE-1999-1560,0.00885,0.26162
CVE-1999-1561,0.00885,0.26162
CVE-1999-1562,0.0089,0.2856
CVE-1999-1563,0.01055,0.50287
CVE-1999-1564,0.00885,0.26162
CVE-1999-1565,0.00885,0.26162
CVE-1999-1566,0.04187,0.86773
CVE-1999-1567,0.01136,0.57949
CVE-1999-1568,0.01136,0.57949
CVE-1999-1569,0.04482,0.88223
CVE-1999-1570,0.0095,0.30554
CVE-1999-1571,0.01282,0.67298
CVE-1999-1572,0.01547,0.74085
CVE-1999-1573,0.01108,0.53389
CVE-1999-1574,0.0292,0.82516
CVE-1999-1575,0.40848,0.98127
CVE-1999-1576,0.12659,0.95334
CVE-1999-1577,0.13525,0.9555
CVE-1999-1578,0.13525,0.9555
CVE-1999-1579,0.13525,0.9555
CVE-1999-1580,0.0095,0.30554
CVE-1999-1581,0.11676,0.94929
CVE-1999-1582,0.00954,0.34522
CVE-1999-1583,0.01592,0.74578
CVE-1999-1584,0.00885,0.26162
CVE-1999-1585,0.00885,0.26162
CVE-1999-1586,0.0089,0.2856
CVE-1999-1587,0.0322,0.83442
CVE-1999-1588,0.07687,0.92751
CVE-1999-1589,0.0089,0.2856
CVE-1999-1590,0.01055,0.50287
CVE-1999-1591,0.11676,0.94929
CVE-1999-1592,0.00885,0.26162
CVE-1999-1593,0.20648,0.96329
